Time,CH1
0.0,0.13807821
1.5020879E-5,0.13807821
3.0041758E-5,0.184309
4.5062636E-5,0.184309
6.0083516E-5,0.184309
7.510439E-5,0.184309
9.012527E-5,0.184309
1.0514615E-4,0.23054075
1.2016703E-4,0.23054075
1.351879E-4,0.23054075
1.5020878E-4,0.23054075
1.6522966E-4,0.23054075
1.8025054E-4,0.27677202
1.9527142E-4,0.27677202
2.102923E-4,0.27677202
2.2531318E-4,0.27677202
2.4033406E-4,0.27677202
2.5535494E-4,0.3230033
2.703758E-4,0.3230033
2.853967E-4,0.3230033
3.0041757E-4,0.3230033
3.1543846E-4,0.36923456
3.3045933E-4,0.36923456
3.4548022E-4,0.36923456
3.605011E-4,0.36923456
3.7552198E-4,0.36923456
3.9054285E-4,0.4154663
4.0556374E-4,0.4154663
4.205846E-4,0.4154663
4.356055E-4,0.4154663
4.5062636E-4,0.46169758
4.6564726E-4,0.46169758
4.8066812E-4,0.46169758
4.95689E-4,0.46169758
5.107099E-4,0.46169758
5.257308E-4,0.50792885
5.407516E-4,0.50792885
5.557725E-4,0.50792885
5.707934E-4,0.50792885
5.858143E-4,0.50792885
6.0083513E-4,0.5541601
6.15856E-4,0.5541601
6.308769E-4,0.5541601
6.458978E-4,0.5541601
6.6091865E-4,0.5541601
6.7593955E-4,0.60039186
6.9096044E-4,0.60039186
7.0598134E-4,0.60039186
7.210022E-4,0.60039186
7.3602307E-4,0.60039186
7.5104396E-4,0.64662313
7.660648E-4,0.64662313
7.810857E-4,0.64662313
7.961066E-4,0.64662313
8.111275E-4,0.6928544
8.261483E-4,0.6928544
8.411692E-4,0.6928544
8.561901E-4,0.6928544
8.71211E-4,0.6928544
8.8623184E-4,0.7390857
9.0125273E-4,0.7390857
9.162736E-4,0.7390857
9.312945E-4,0.7390857
9.4631535E-4,0.7390857
9.6133625E-4,0.7853174
9.7635714E-4,0.7853174
9.91378E-4,0.7853174
0.0010063989,0.7853174
0.0010214198,0.7853174
0.0010364406,0.8315482
0.0010514616,0.8315482
0.0010664824,0.8315482
0.0010815032,0.8315482
0.0010965242,0.8315482
0.001111545,0.87777996
0.001126566,0.87777996
0.0011415868,0.87777996
0.0011566076,0.87777996
0.0011716286,0.87777996
0.0011866494,0.92401123
0.0012016703,0.92401123
0.0012166912,0.92401123
0.001231712,0.92401123
0.0012467329,0.970243
0.0012617538,0.970243
0.0012767747,0.970243
0.0012917956,0.970243
0.0013068165,0.970243
0.0013218373,1.0164738
0.0013368583,1.0164738
0.0013518791,1.0164738
0.0013668999,1.0164738
0.0013819209,1.0164738
0.0013969417,1.0627055
0.0014119627,1.0627055
0.0014269835,1.0627055
0.0014420043,1.0627055
0.0014570253,1.0627055
0.0014720461,1.1089368
0.001487067,1.1089368
0.0015020879,1.1089368
0.0015171088,1.1089368
0.0015321296,1.1089368
0.0015471505,1.1551685
0.0015621714,1.1551685
0.0015771923,1.1551685
0.0015922132,1.1551685
0.001607234,1.1551685
0.001622255,1.2013993
0.0016372758,1.2013993
0.0016522966,1.2013993
0.0016673176,1.2013993
0.0016823384,1.2013993
0.0016973593,1.2476311
0.0017123802,1.2476311
0.001727401,1.2476311
0.001742422,1.2476311
0.0017574428,1.2476311
0.0017724637,1.2938623
0.0017874846,1.2938623
0.0018025055,1.2938623
0.0018175263,1.2938623
0.0018325472,1.2938623
0.0018475681,1.3400936
0.001862589,1.3400936
0.0018776099,1.3400936
0.0018926307,1.3400936
0.0019076517,1.3400936
0.0019226725,1.3863249
0.0019376933,1.3863249
0.0019527143,1.3863249
0.0019677351,1.3863249
0.001982756,1.3863249
0.0019977768,1.4325566
0.0020127979,1.4325566
0.0020278187,1.4325566
0.0020428395,1.4325566
0.0020578604,1.4325566
0.0020728812,1.4787879
0.0020879023,1.4787879
0.002102923,1.4787879
0.002117944,1.4787879
0.0021329648,1.4787879
0.0021479856,1.4787879
0.0021630065,1.4787879
0.0021780275,1.5250192
0.0021930484,1.5250192
0.0022080692,1.5250192
0.00222309,1.5250192
0.0022381109,1.5250192
0.002253132,1.5250192
0.0022681528,1.5712504
0.0022831736,1.5712504
0.0022981944,1.5712504
0.0023132153,1.5712504
0.0023282361,1.5712504
0.0023432572,1.6174817
0.002358278,1.6174817
0.0023732989,1.6174817
0.0023883197,1.6174817
0.0024033405,1.6174817
0.0024183616,1.6637135
0.0024333824,1.6637135
0.0024484033,1.6637135
0.002463424,1.6637135
0.002478445,1.6637135
0.0024934658,1.7099442
0.0025084869,1.7099442
0.0025235077,1.7099442
0.0025385285,1.7099442
0.0025535494,1.7099442
0.0025685702,1.756176
0.0025835913,1.756176
0.002598612,1.756176
0.002613633,1.756176
0.0026286538,1.756176
0.0026436746,1.756176
0.0026586954,1.756176
0.0026737165,1.7099442
0.0026887374,1.7099442
0.0027037582,1.7099442
0.002718779,1.7099442
0.0027337999,1.6637135
0.002748821,1.6637135
0.0027638418,1.6637135
0.0027788626,1.6637135
0.0027938834,1.6637135
0.0028089043,1.6174817
0.0028239253,1.6174817
0.0028389462,1.6174817
0.002853967,1.6174817
0.0028689879,1.5712504
0.0028840087,1.5712504
0.0028990295,1.5712504
0.0029140506,1.5712504
0.0029290714,1.5250192
0.0029440923,1.5250192
0.002959113,1.5250192
0.002974134,1.5250192
0.002989155,1.5250192
0.0030041758,1.4787879
0.0030191967,1.4787879
0.0030342175,1.4787879
0.0030492384,1.4787879
0.0030642592,1.4787879
0.0030792803,1.4787879
0.003094301,1.4325566
0.003109322,1.4325566
0.0031243428,1.4325566
0.0031393636,1.4325566
0.0031543847,1.4325566
0.0031694055,1.3863249
0.0031844263,1.3863249
0.0031994472,1.3863249
0.003214468,1.3863249
0.0032294889,1.3400936
0.00324451,1.3400936
0.0032595308,1.3400936
0.0032745516,1.3400936
0.0032895724,1.2938623
0.0033045933,1.2938623
0.0033196143,1.2938623
0.0033346352,1.2938623
0.003349656,1.2938623
0.0033646768,1.2476311
0.0033796977,1.2476311
0.0033947185,1.2476311
0.0034097396,1.2476311
0.0034247604,1.2013993
0.0034397813,1.2013993
0.003454802,1.2013993
0.003469823,1.2013993
0.003484844,1.2013993
0.0034998648,1.1551685
0.0035148857,1.1551685
0.0035299065,1.1551685
0.0035449273,1.1551685
0.0035599484,1.1089368
0.0035749692,1.1089368
0.00358999,1.1089368
0.003605011,1.1089368
0.0036200318,1.1089368
0.0036350526,1.0627055
0.0036500737,1.0627055
0.0036650945,1.0627055
0.0036801153,1.0627055
0.0036951362,1.0164738
0.003710157,1.0164738
0.003725178,1.0164738
0.003740199,1.0164738
0.0037552197,0.970243
0.0037702406,0.970243
0.0037852614,0.970243
0.0038002823,0.970243
0.0038153033,0.970243
0.0038303242,0.92401123
0.003845345,0.92401123
0.0038603658,0.92401123
0.0038753867,0.92401123
0.0038904077,0.87777996
0.0039054286,0.87777996
0.0039204494,0.87777996
0.0039354702,0.87777996
0.003950491,0.8315482
0.003965512,0.8315482
0.0039805328,0.8315482
0.0039955536,0.8315482
0.004010575,0.8315482
0.0040255957,0.7853174
0.0040406166,0.7853174
0.0040556374,0.7853174
0.0040706582,0.7853174
0.004085679,0.7390857
0.0041007,0.7390857
0.0041157207,0.7390857
0.0041307416,0.7390857
0.0041457624,0.7390857
0.0041607833,0.6928544
0.0041758046,0.6928544
0.0041908254,0.6928544
0.004205846,0.6928544
0.004220867,0.64662313
0.004235888,0.64662313
0.0042509087,0.64662313
0.0042659296,0.64662313
0.0042809504,0.64662313
0.0042959712,0.60039186
0.004310992,0.60039186
0.004326013,0.60039186
0.004341034,0.60039186
0.004356055,0.5541601
0.004371076,0.5541601
0.0043860967,0.5541601
0.0044011176,0.5541601
0.0044161384,0.5541601
0.0044311592,0.50792885
0.00444618,0.50792885
0.004461201,0.50792885
0.0044762217,0.50792885
0.0044912426,0.46169758
0.004506264,0.46169758
0.0045212847,0.46169758
0.0045363056,0.46169758
0.0045513264,0.4154663
0.004566347,0.4154663
0.004581368,0.4154663
0.004596389,0.4154663
0.0046114097,0.4154663
0.0046264306,0.36923456
0.0046414514,0.36923456
0.0046564722,0.36923456
0.0046714935,0.36923456
0.0046865144,0.3230033
0.004701535,0.3230033
0.004716556,0.3230033
0.004731577,0.3230033
0.0047465977,0.3230033
0.0047616186,0.27677202
0.0047766394,0.27677202
0.0047916602,0.27677202
0.004806681,0.27677202
0.004821702,0.23054075
0.004836723,0.23054075
0.004851744,0.23054075
0.004866765,0.23054075
0.0048817857,0.23054075
0.0048968066,0.184309
0.0049118274,0.184309
0.004926848,0.184309
0.004941869,0.184309
0.00495689,0.13807821
0.0049719107,0.13807821
0.0049869316,0.13807821
0.005001953,0.13807821
0.0050169737,0.091846466
0.0050319945,0.091846466
0.0050470154,0.091846466
0.005062036,0.091846466
0.005077057,0.091846466
0.005092078,0.045615196
0.0051070987,0.045615196
0.0051221196,0.045615196
0.0051371404,0.045615196
0.0051521612,-6.160736E-4
0.0051671825,-6.160736E-4
0.0051822034,-6.160736E-4
0.005197224,-6.160736E-4
0.005212245,-0.046847343
0.005227266,-0.046847343
0.0052422867,-0.046847343
0.0052573076,-0.046847343
0.0052723284,-0.046847343
0.005287349,-0.09307861
0.00530237,-0.09307861
0.005317391,-0.09307861
0.005332412,-0.09307861
0.005347433,-0.13931036
0.005362454,-0.13931036
0.0053774747,-0.13931036
0.0053924955,-0.13931036
0.0054075164,-0.13931036
0.005422537,-0.18554163
0.005437558,-0.18554163
0.005452579,-0.18554163
0.0054675997,-0.18554163
0.005482621,-0.2317729
0.005497642,-0.2317729
0.0055126627,-0.2317729
0.0055276835,-0.2317729
0.0055427044,-0.2317729
0.005557725,-0.27800417
0.005572746,-0.27800417
0.005587767,-0.27800417
0.0056027877,-0.27800417
0.0056178086,-0.27800417
0.0056328294,-0.32423592
0.0056478507,-0.32423592
0.0056628715,-0.32423592
0.0056778924,-0.32423592
0.005692913,-0.3704667
0.005707934,-0.3704667
0.005722955,-0.3704667
0.0057379757,-0.3704667
0.0057529965,-0.3704667
0.0057680174,-0.41669846
0.005783038,-0.41669846
0.005798059,-0.41669846
0.0058130804,-0.41669846
0.005828101,-0.46292973
0.005843122,-0.46292973
0.005858143,-0.46292973
0.0058731637,-0.46292973
0.0058881845,-0.46292973
0.0059032054,-0.5091615
0.005918226,-0.5091615
0.005933247,-0.5091615
0.005948268,-0.5091615
0.0059632887,-0.55539227
0.00597831,-0.55539227
0.005993331,-0.55539227
0.0060083517,-0.55539227
0.0060233725,-0.55539227
0.0060383934,-0.601624
0.006053414,-0.601624
0.006068435,-0.601624
0.006083456,-0.601624
0.0060984767,-0.6478553
0.0061134975,-0.6478553
0.0061285184,-0.6478553
0.0061435397,-0.6478553
0.0061585605,-0.6478553
0.0061735814,-0.694087
0.006188602,-0.694087
0.006203623,-0.694087
0.006218644,-0.694087
0.0062336647,-0.694087
0.0062486855,-0.7403178
0.0062637064,-0.7403178
0.006278727,-0.7403178
0.006293748,-0.7403178
0.0063087693,-0.78654957
0.00632379,-0.78654957
0.006338811,-0.78654957
0.006353832,-0.78654957
0.0063688527,-0.78654957
0.0063838735,-0.83278084
0.0063988944,-0.83278084
0.006413915,-0.83278084
0.006428936,-0.83278084
0.006443957,-0.83278084
0.0064589777,-0.8790121
0.006473999,-0.8790121
0.00648902,-0.8790121
0.0065040407,-0.8790121
0.0065190615,-0.8790121
0.0065340823,-0.9252434
0.006549103,-0.9252434
0.006564124,-0.9252434
0.006579145,-0.9252434
0.0065941657,-0.9714751
0.0066091865,-0.9714751
0.0066242074,-0.9714751
0.0066392287,-0.9714751
0.0066542495,-0.9714751
0.0066692703,-1.0177064
0.006684291,-1.0177064
0.006699312,-1.0177064
0.006714333,-1.0177064
0.0067293537,-1.0177064
0.0067443745,-1.0639377
0.0067593954,-1.0639377
0.006774416,-1.0639377
0.006789437,-1.0639377
0.0068044583,-1.1101689
0.006819479,-1.1101689
0.0068345,-1.1101689
0.006849521,-1.1101689
0.0068645417,-1.1101689
0.0068795625,-1.1564007
0.0068945833,-1.1564007
0.006909604,-1.1564007
0.006924625,-1.1564007
0.006939646,-1.1564007
0.006954667,-1.202632
0.006969688,-1.202632
0.006984709,-1.202632
0.0069997297,-1.202632
0.0070147505,-1.202632
0.0070297713,-1.2488632
0.007044792,-1.2488632
0.007059813,-1.2488632
0.007074834,-1.2488632
0.0070898547,-1.2488632
0.0071048755,-1.2950945
0.007119897,-1.2950945
0.0071349177,-1.2950945
0.0071499385,-1.2950945
0.0071649593,-1.3413262
0.00717998,-1.3413262
0.007195001,-1.3413262
0.007210022,-1.3413262
0.0072250427,-1.3413262
0.0072400635,-1.387557
0.0072550843,-1.387557
0.007270105,-1.387557
0.0072851265,-1.387557
0.0073001473,-1.387557
0.007315168,-1.4337888
0.007330189,-1.4337888
0.00734521,-1.4337888
0.0073602307,-1.4337888
0.0073752515,-1.4337888
0.0073902723,-1.48002
0.007405293,-1.48002
0.007420314,-1.48002
0.007435335,-1.48002
0.007450356,-1.48002
0.007465377,-1.48002
0.007480398,-1.48002
0.0074954187,-1.48002
0.0075104395,-1.5262513
0.0075254603,-1.5262513
0.007540481,-1.5262513
0.007555502,-1.5262513
0.007570523,-1.5262513
0.0075855437,-1.5724826
0.0076005645,-1.5724826
0.007615586,-1.5724826
0.0076306066,-1.5724826
0.0076456275,-1.5724826
0.0076606483,-1.6187139
0.007675669,-1.6187139
0.00769069,-1.6187139
0.007705711,-1.6187139
0.0077207317,-1.6187139
0.0077357525,-1.6187139
0.0077507733,-1.6187139
0.007765794,-1.6187139
0.0077808155,-1.5724826
0.0077958363,-1.5724826
0.007810857,-1.5724826
0.0078258775,-1.5724826
0.007840899,-1.5724826
0.00785592,-1.5262513
0.0078709405,-1.5262513
0.007885962,-1.5262513
0.007900982,-1.5262513
0.007916003,-1.48002
0.007931024,-1.48002
0.007946045,-1.48002
0.0079610655,-1.48002
0.007976087,-1.48002
0.007991107,-1.48002
0.0080061285,-1.48002
0.00802115,-1.4337888
0.00803617,-1.4337888
0.008051191,-1.4337888
0.008066212,-1.4337888
0.008081233,-1.4337888
0.0080962535,-1.387557
0.008111275,-1.387557
0.008126295,-1.387557
0.0081413165,-1.387557
0.008156337,-1.387557
0.008171358,-1.3413262
0.008186379,-1.3413262
0.0082014,-1.3413262
0.008216421,-1.3413262
0.0082314415,-1.2950945
0.008246463,-1.2950945
0.008261483,-1.2950945
0.008276504,-1.2950945
0.008291525,-1.2950945
0.008306546,-1.2488632
0.0083215665,-1.2488632
0.008336588,-1.2488632
0.008351609,-1.2488632
0.0083666295,-1.2488632
0.008381651,-1.202632
0.008396671,-1.202632
0.008411692,-1.202632
0.008426713,-1.202632
0.008441734,-1.1564007
0.0084567545,-1.1564007
0.008471776,-1.1564007
0.008486796,-1.1564007
0.0085018175,-1.1564007
0.008516839,-1.1101689
0.008531859,-1.1101689
0.00854688,-1.1101689
0.008561901,-1.1101689
0.008576922,-1.0639377
0.0085919425,-1.0639377
0.008606964,-1.0639377
0.008621984,-1.0639377
0.008637005,-1.0639377
0.008652026,-1.0177064
0.008667047,-1.0177064
0.008682068,-1.0177064
0.008697089,-1.0177064
0.00871211,-1.0177064
0.0087271305,-0.9714751
0.008742152,-0.9714751
0.008757172,-0.9714751
0.008772193,-0.9714751
0.008787214,-0.9252434
0.008802235,-0.9252434
0.0088172555,-0.9252434
0.008832277,-0.9252434
0.008847298,-0.9252434
0.0088623185,-0.8790121
0.00887734,-0.8790121
0.00889236,-0.8790121
0.008907381,-0.8790121
0.008922402,-0.8790121
0.008937423,-0.83278084
0.0089524435,-0.83278084
0.008967465,-0.83278084
0.008982485,-0.83278084
0.008997506,-0.78654957
0.009012528,-0.78654957
0.009027548,-0.78654957
0.009042569,-0.78654957
0.00905759,-0.78654957
0.009072611,-0.7403178
0.0090876315,-0.7403178
0.009102653,-0.7403178
0.009117673,-0.7403178
0.009132694,-0.7403178
0.009147715,-0.694087
0.009162736,-0.694087
0.009177757,-0.694087
0.009192778,-0.694087
0.009207799,-0.6478553
0.0092228195,-0.6478553
0.009237841,-0.6478553
0.009252861,-0.6478553
0.009267882,-0.6478553
0.009282903,-0.601624
0.009297924,-0.601624
0.0093129445,-0.601624
0.009327966,-0.601624
0.009342987,-0.601624
0.009358007,-0.55539227
0.009373029,-0.55539227
0.009388049,-0.55539227
0.00940307,-0.55539227
0.009418091,-0.5091615
0.009433112,-0.5091615
0.0094481325,-0.5091615
0.009463154,-0.5091615
0.009478174,-0.5091615
0.009493195,-0.46292973
0.009508217,-0.46292973
0.009523237,-0.46292973
0.009538258,-0.46292973
0.009553279,-0.46292973
0.0095683,-0.41669846
0.0095833205,-0.41669846
0.009598342,-0.41669846
0.009613362,-0.41669846
0.009628383,-0.3704667
0.009643404,-0.3704667
0.009658425,-0.3704667
0.009673446,-0.3704667
0.009688467,-0.3704667
0.009703488,-0.32423592
0.009718508,-0.32423592
0.00973353,-0.32423592
0.00974855,-0.32423592
0.009763571,-0.32423592
0.009778592,-0.27800417
0.009793613,-0.27800417
0.0098086335,-0.27800417
0.009823655,-0.27800417
0.009838676,-0.2317729
0.009853696,-0.2317729
0.009868718,-0.2317729
0.009883738,-0.2317729
0.009898759,-0.2317729
0.00991378,-0.18554163
0.009928801,-0.18554163
0.0099438215,-0.18554163
0.009958843,-0.18554163
0.009973863,-0.13931036
0.009988884,-0.13931036
0.010003906,-0.13931036
0.010018926,-0.13931036
0.010033947,-0.13931036
0.010048968,-0.09307861
0.010063989,-0.09307861
0.010079009,-0.09307861
0.010094031,-0.09307861
0.010109051,-0.09307861
0.010124072,-0.046847343
0.010139093,-0.046847343
0.010154114,-0.046847343
0.010169135,-0.046847343
0.010184156,-0.046847343
0.010199177,-6.160736E-4
0.010214197,-6.160736E-4
0.010229219,-6.160736E-4
0.010244239,-6.160736E-4
0.01025926,0.045615196
0.010274281,0.045615196
0.010289302,0.045615196
0.0103043225,0.045615196
0.010319344,0.045615196
0.010334365,0.091846466
0.010349385,0.091846466
0.010364407,0.091846466
0.010379427,0.091846466
0.010394448,0.13807821
0.010409469,0.13807821
0.01042449,0.13807821
0.01043951,0.13807821
0.010454532,0.13807821
0.010469552,0.184309
0.010484573,0.184309
0.010499595,0.184309
0.010514615,0.184309
0.010529636,0.184309
0.010544657,0.23054075
0.010559678,0.23054075
0.010574698,0.23054075
0.01058972,0.23054075
0.01060474,0.23054075
0.010619761,0.27677202
0.010634782,0.27677202
0.010649803,0.27677202
0.010664824,0.27677202
0.010679845,0.3230033
0.010694866,0.3230033
0.010709886,0.3230033
0.010724908,0.3230033
0.010739928,0.3230033
0.010754949,0.36923456
0.01076997,0.36923456
0.010784991,0.36923456
0.010800012,0.36923456
0.010815033,0.4154663
0.010830054,0.4154663
0.010845074,0.4154663
0.010860096,0.4154663
0.010875116,0.4154663
0.010890137,0.46169758
0.010905158,0.46169758
0.010920179,0.46169758
0.010935199,0.46169758
0.010950221,0.46169758
0.010965242,0.50792885
0.010980262,0.50792885
0.010995284,0.50792885
0.011010304,0.50792885
0.011025325,0.50792885
0.011040346,0.5541601
0.011055367,0.5541601
0.011070387,0.5541601
0.011085409,0.5541601
0.011100429,0.60039186
0.01111545,0.60039186
0.011130472,0.60039186
0.011145492,0.60039186
0.011160513,0.60039186
0.011175534,0.64662313
0.011190555,0.64662313
0.011205575,0.64662313
0.011220597,0.64662313
0.011235617,0.64662313
0.011250638,0.6928544
0.011265659,0.6928544
0.01128068,0.6928544
0.011295701,0.6928544
0.011310722,0.6928544
0.011325743,0.7390857
0.011340763,0.7390857
0.011355785,0.7390857
0.011370805,0.7390857
0.011385826,0.7390857
0.011400847,0.7853174
0.011415868,0.7853174
0.011430888,0.7853174
0.01144591,0.7853174
0.011460931,0.7853174
0.011475951,0.8315482
0.011490973,0.8315482
0.011505993,0.8315482
0.011521014,0.8315482
0.011536035,0.8315482
0.011551056,0.87777996
0.011566076,0.87777996
0.011581098,0.87777996
0.011596118,0.87777996
0.011611139,0.92401123
0.011626161,0.92401123
0.011641181,0.92401123
0.011656202,0.92401123
0.011671223,0.92401123
0.011686244,0.970243
0.011701264,0.970243
0.011716286,0.970243
0.011731306,0.970243
0.011746327,0.970243
0.011761348,1.0164738
0.011776369,1.0164738
0.01179139,1.0164738
0.011806411,1.0164738
0.011821432,1.0164738
0.011836452,1.0627055
0.011851474,1.0627055
0.011866494,1.0627055
0.011881515,1.0627055
0.011896536,1.0627055
0.011911557,1.1089368
0.011926577,1.1089368
0.011941599,1.1089368
0.01195662,1.1089368
0.01197164,1.1089368
0.011986662,1.1551685
0.012001682,1.1551685
0.012016703,1.1551685
0.012031724,1.1551685
0.012046745,1.1551685
0.012061765,1.2013993
0.012076787,1.2013993
0.012091807,1.2013993
0.012106828,1.2013993
0.01212185,1.2476311
0.01213687,1.2476311
0.012151891,1.2476311
0.012166912,1.2476311
0.012181933,1.2476311
0.012196953,1.2938623
0.012211975,1.2938623
0.012226995,1.2938623
0.012242016,1.2938623
0.012257037,1.2938623
0.012272058,1.2938623
0.012287079,1.3400936
0.0123021,1.3400936
0.012317121,1.3400936
0.012332141,1.3400936
0.012347163,1.3863249
0.012362183,1.3863249
0.012377204,1.3863249
0.012392225,1.3863249
0.012407246,1.3863249
0.012422266,1.4325566
0.012437288,1.4325566
0.012452309,1.4325566
0.012467329,1.4325566
0.012482351,1.4325566
0.012497371,1.4325566
0.012512392,1.4787879
0.012527413,1.4787879
0.012542434,1.4787879
0.012557454,1.4787879
0.012572476,1.4787879
0.012587496,1.4787879
0.012602517,1.4787879
0.012617539,1.5250192
0.012632559,1.5250192
0.01264758,1.5250192
0.012662601,1.5250192
0.012677622,1.5250192
0.012692642,1.5712504
0.012707664,1.5712504
0.012722684,1.5712504
0.012737705,1.5712504
0.012752726,1.5712504
0.012767747,1.6174817
0.012782768,1.6174817
0.012797789,1.6174817
0.01281281,1.6174817
0.01282783,1.6174817
0.012842852,1.6174817
0.012857872,1.6637135
0.012872893,1.6637135
0.012887914,1.6637135
0.012902935,1.6637135
0.012917955,1.6637135
0.012932977,1.7099442
0.012947998,1.7099442
0.012963018,1.7099442
0.01297804,1.7099442
0.01299306,1.7099442
0.013008081,1.756176
0.013023102,1.756176
0.013038123,1.756176
0.013053143,1.756176
0.013068165,1.756176
0.013083185,1.756176
0.013098206,1.7099442
0.013113228,1.7099442
0.013128248,1.7099442
0.013143269,1.7099442
0.01315829,1.7099442
0.013173311,1.6637135
0.013188331,1.6637135
0.013203353,1.6637135
0.013218373,1.6637135
0.013233394,1.6174817
0.013248415,1.6174817
0.013263436,1.6174817
0.013278457,1.6174817
0.013293478,1.5712504
0.013308499,1.5712504
0.013323519,1.5712504
0.013338541,1.5712504
0.013353561,1.5712504
0.013368582,1.5250192
0.013383603,1.5250192
0.013398624,1.5250192
0.013413644,1.5250192
0.013428666,1.4787879
0.013443687,1.4787879
0.013458707,1.4787879
0.013473729,1.4787879
0.013488749,1.4787879
0.01350377,1.4787879
0.013518791,1.4787879
0.013533812,1.4325566
0.013548832,1.4325566
0.013563854,1.4325566
0.013578874,1.4325566
0.013593895,1.3863249
0.013608917,1.3863249
0.013623937,1.3863249
0.013638958,1.3863249
0.013653979,1.3863249
0.013669,1.3400936
0.01368402,1.3400936
0.013699042,1.3400936
0.013714062,1.3400936
0.013729083,1.2938623
0.013744104,1.2938623
0.013759125,1.2938623
0.013774146,1.2938623
0.013789167,1.2938623
0.013804188,1.2476311
0.013819208,1.2476311
0.01383423,1.2476311
0.01384925,1.2476311
0.013864271,1.2013993
0.013879292,1.2013993
0.013894313,1.2013993
0.013909334,1.2013993
0.013924355,1.1551685
0.013939376,1.1551685
0.013954396,1.1551685
0.013969418,1.1551685
0.013984438,1.1551685
0.013999459,1.1089368
0.01401448,1.1089368
0.014029501,1.1089368
0.014044521,1.1089368
0.014059543,1.0627055
0.014074564,1.0627055
0.014089584,1.0627055
0.014104606,1.0627055
0.014119626,1.0164738
0.014134647,1.0164738
0.014149668,1.0164738
0.014164689,1.0164738
0.014179709,1.0164738
0.014194731,0.970243
0.014209751,0.970243
0.014224772,0.970243
0.014239794,0.970243
0.014254814,0.92401123
0.014269835,0.92401123
0.014284856,0.92401123
0.014299877,0.92401123
0.014314897,0.92401123
0.014329919,0.87777996
0.014344939,0.87777996
0.01435996,0.87777996
0.014374981,0.87777996
0.014390002,0.8315482
0.014405023,0.8315482
0.014420044,0.8315482
0.014435065,0.8315482
0.014450085,0.8315482
0.014465107,0.7853174
0.014480127,0.7853174
0.014495148,0.7853174
0.014510169,0.7853174
0.01452519,0.7390857
0.01454021,0.7390857
0.014555232,0.7390857
0.014570253,0.7390857
0.014585273,0.7390857
0.014600295,0.6928544
0.014615315,0.6928544
0.014630336,0.6928544
0.014645357,0.6928544
0.014660378,0.64662313
0.014675398,0.64662313
0.01469042,0.64662313
0.01470544,0.64662313
0.014720461,0.60039186
0.014735483,0.60039186
0.014750503,0.60039186
0.014765524,0.60039186
0.014780545,0.60039186
0.014795566,0.5541601
0.014810586,0.5541601
0.014825608,0.5541601
0.014840628,0.5541601
0.014855649,0.50792885
0.01487067,0.50792885
0.014885691,0.50792885
0.014900712,0.50792885
0.014915733,0.46169758
0.014930754,0.46169758
0.014945774,0.46169758
0.014960796,0.46169758
0.014975816,0.46169758
0.014990837,0.4154663
0.015005858,0.4154663
0.015020879,0.4154663
0.015035899,0.4154663
0.015050921,0.36923456
0.015065942,0.36923456
0.015080962,0.36923456
0.015095984,0.36923456
0.015111004,0.36923456
0.015126025,0.3230033
0.015141046,0.3230033
0.015156067,0.3230033
0.015171087,0.3230033
0.015186109,0.27677202
0.015201129,0.27677202
0.01521615,0.27677202
0.015231172,0.27677202
0.015246192,0.27677202
0.015261213,0.23054075
0.015276234,0.23054075
0.015291255,0.23054075
0.015306275,0.23054075
0.015321297,0.184309
0.015336317,0.184309
0.015351338,0.184309
0.015366359,0.184309
0.01538138,0.184309
0.015396401,0.13807821
0.015411422,0.13807821
0.015426443,0.13807821
0.015441463,0.13807821
0.015456485,0.091846466
0.015471505,0.091846466
0.015486526,0.091846466
0.015501547,0.091846466
0.015516568,0.091846466
0.015531588,0.045615196
0.01554661,0.045615196
0.015561631,0.045615196
0.015576651,0.045615196
0.015591673,-6.160736E-4
0.015606693,-6.160736E-4
0.015621714,-6.160736E-4
0.015636735,-6.160736E-4
0.015651755,-0.046847343
0.015666777,-0.046847343
0.015681798,-0.046847343
0.015696818,-0.046847343
0.01571184,-0.09307861
0.01572686,-0.09307861
0.015741881,-0.09307861
0.015756901,-0.09307861
0.015771924,-0.09307861
0.015786944,-0.13931036
0.015801964,-0.13931036
0.015816985,-0.13931036
0.015832007,-0.13931036
0.015847027,-0.18554163
0.015862048,-0.18554163
0.01587707,-0.18554163
0.01589209,-0.18554163
0.01590711,-0.18554163
0.015922131,-0.2317729
0.015937153,-0.2317729
0.015952174,-0.2317729
0.015967194,-0.2317729
0.015982214,-0.2317729
0.015997237,-0.27800417
0.016012257,-0.27800417
0.016027277,-0.27800417
0.0160423,-0.27800417
0.01605732,-0.32423592
0.01607234,-0.32423592
0.01608736,-0.32423592
0.016102383,-0.32423592
0.016117403,-0.32423592
0.016132424,-0.3704667
0.016147444,-0.3704667
0.016162466,-0.3704667
0.016177487,-0.3704667
0.016192507,-0.41669846
0.01620753,-0.41669846
0.01622255,-0.41669846
0.01623757,-0.41669846
0.01625259,-0.41669846
0.016267613,-0.46292973
0.016282633,-0.46292973
0.016297653,-0.46292973
0.016312674,-0.46292973
0.016327696,-0.5091615
0.016342716,-0.5091615
0.016357737,-0.5091615
0.016372759,-0.5091615
0.01638778,-0.5091615
0.0164028,-0.55539227
0.01641782,-0.55539227
0.016432842,-0.55539227
0.016447863,-0.55539227
0.016462883,-0.55539227
0.016477903,-0.601624
0.016492926,-0.601624
0.016507946,-0.601624
0.016522966,-0.601624
0.016537989,-0.6478553
0.016553009,-0.6478553
0.01656803,-0.6478553
0.01658305,-0.6478553
0.016598072,-0.6478553
0.016613092,-0.694087
0.016628113,-0.694087
0.016643133,-0.694087
0.016658155,-0.694087
0.016673176,-0.7403178
0.016688196,-0.7403178
0.016703218,-0.7403178
0.016718239,-0.7403178
0.016733259,-0.7403178
0.01674828,-0.78654957
0.016763302,-0.78654957
0.016778322,-0.78654957
0.016793342,-0.78654957
0.016808363,-0.78654957
0.016823385,-0.83278084
0.016838405,-0.83278084
0.016853426,-0.83278084
0.016868448,-0.83278084
0.016883468,-0.8790121
0.016898489,-0.8790121
0.016913509,-0.8790121
0.016928531,-0.8790121
0.016943552,-0.8790121
0.016958572,-0.9252434
0.016973592,-0.9252434
0.016988615,-0.9252434
0.017003635,-0.9252434
0.017018655,-0.9252434
0.017033678,-0.9714751
0.017048698,-0.9714751
0.017063718,-0.9714751
0.017078739,-0.9714751
0.01709376,-0.9714751
0.017108781,-1.0177064
0.017123802,-1.0177064
0.017138822,-1.0177064
0.017153844,-1.0177064
0.017168865,-1.0639377
0.017183885,-1.0639377
0.017198907,-1.0639377
0.017213928,-1.0639377
0.017228948,-1.0639377
0.017243968,-1.1101689
0.01725899,-1.1101689
0.01727401,-1.1101689
0.017289031,-1.1101689
0.017304052,-1.1101689
0.017319074,-1.1564007
0.017334094,-1.1564007
0.017349115,-1.1564007
0.017364137,-1.1564007
0.017379157,-1.1564007
0.017394178,-1.202632
0.017409198,-1.202632
0.01742422,-1.202632
0.01743924,-1.202632
0.017454261,-1.2488632
0.017469281,-1.2488632
0.017484304,-1.2488632
0.017499324,-1.2488632
0.017514344,-1.2488632
0.017529367,-1.2950945
0.017544387,-1.2950945
0.017559407,-1.2950945
0.017574428,-1.2950945
0.01758945,-1.2950945
0.01760447,-1.3413262
0.01761949,-1.3413262
0.017634511,-1.3413262
0.017649533,-1.3413262
0.017664554,-1.3413262
0.017679574,-1.387557
0.017694596,-1.387557
0.017709617,-1.387557
0.017724637,-1.387557
0.017739657,-1.387557
0.01775468,-1.4337888
0.0177697,-1.4337888
0.01778472,-1.4337888
0.01779974,-1.4337888
0.017814763,-1.4337888
0.017829783,-1.48002
0.017844804,-1.48002
0.017859826,-1.48002
0.017874846,-1.48002
0.017889867,-1.48002
0.017904887,-1.48002
0.01791991,-1.48002
0.01793493,-1.5262513
0.01794995,-1.5262513
0.01796497,-1.5262513
0.017979993,-1.5262513
0.017995013,-1.5262513
0.018010033,-1.5262513
0.018025056,-1.5724826
0.018040076,-1.5724826
0.018055096,-1.5724826
0.018070117,-1.5724826
0.018085139,-1.6187139
0.01810016,-1.6187139
0.01811518,-1.6187139
0.0181302,-1.6187139
0.018145222,-1.6187139
0.018160243,-1.6187139
0.018175263,-1.6187139
0.018190285,-1.6187139
0.018205306,-1.6187139
0.018220326,-1.5724826
0.018235346,-1.5724826
0.018250369,-1.5724826
0.018265389,-1.5724826
0.01828041,-1.5262513
0.01829543,-1.5262513
0.018310452,-1.5262513
0.018325472,-1.5262513
0.018340493,-1.5262513
0.018355515,-1.48002
0.018370535,-1.48002
0.018385556,-1.48002
0.018400576,-1.48002
0.018415598,-1.48002
0.018430619,-1.48002
0.018445639,-1.48002
0.01846066,-1.4337888
0.018475682,-1.4337888
0.018490702,-1.4337888
0.018505722,-1.4337888
0.018520745,-1.4337888
0.018535765,-1.387557
0.018550785,-1.387557
0.018565806,-1.387557
0.018580828,-1.387557
0.018595848,-1.3413262
0.018610869,-1.3413262
0.018625889,-1.3413262
0.018640911,-1.3413262
0.018655932,-1.3413262
0.018670952,-1.2950945
0.018685974,-1.2950945
0.018700995,-1.2950945
0.018716015,-1.2950945
0.018731035,-1.2950945
0.018746058,-1.2488632
0.018761078,-1.2488632
0.018776098,-1.2488632
0.018791119,-1.2488632
0.01880614,-1.202632
0.018821161,-1.202632
0.018836182,-1.202632
0.018851204,-1.202632
0.018866224,-1.202632
0.018881245,-1.1564007
0.018896265,-1.1564007
0.018911287,-1.1564007
0.018926308,-1.1564007
0.018941328,-1.1101689
0.018956348,-1.1101689
0.01897137,-1.1101689
0.01898639,-1.1101689
0.019001411,-1.1101689
0.019016434,-1.0639377
0.019031454,-1.0639377
0.019046474,-1.0639377
0.019061495,-1.0639377
0.019076517,-1.0639377
0.019091537,-1.0177064
0.019106558,-1.0177064
0.019121578,-1.0177064
0.0191366,-1.0177064
0.01915162,-0.9714751
0.019166641,-0.9714751
0.019181663,-0.9714751
0.019196684,-0.9714751
0.019211704,-0.9714751
0.019226724,-0.9252434
0.019241747,-0.9252434
0.019256767,-0.9252434
0.019271787,-0.9252434
0.019286808,-0.9252434
0.01930183,-0.8790121
0.01931685,-0.8790121
0.01933187,-0.8790121
0.019346893,-0.8790121
0.019361913,-0.83278084
0.019376934,-0.83278084
0.019391954,-0.83278084
0.019406976,-0.83278084
0.019421997,-0.83278084
0.019437017,-0.78654957
0.019452037,-0.78654957
0.01946706,-0.78654957
0.01948208,-0.78654957
0.0194971,-0.7403178
0.019512122,-0.7403178
0.019527143,-0.7403178
0.019542163,-0.7403178
0.019557184,-0.7403178
0.019572206,-0.694087
0.019587226,-0.694087
0.019602247,-0.694087
0.019617267,-0.694087
0.01963229,-0.694087
0.01964731,-0.6478553
0.01966233,-0.6478553
0.019677352,-0.6478553
0.019692373,-0.6478553
0.019707393,-0.6478553
0.019722413,-0.601624
0.019737436,-0.601624
0.019752456,-0.601624
0.019767476,-0.601624
0.019782497,-0.55539227
0.019797519,-0.55539227
0.01981254,-0.55539227
0.01982756,-0.55539227
0.019842582,-0.55539227
0.019857602,-0.5091615
0.019872623,-0.5091615
0.019887643,-0.5091615
0.019902665,-0.5091615
0.019917686,-0.5091615
0.019932706,-0.46292973
0.019947726,-0.46292973
0.019962749,-0.46292973
0.019977769,-0.46292973
0.01999279,-0.41669846
0.020007811,-0.41669846
0.020022832,-0.41669846
0.020037852,-0.41669846
0.020052873,-0.41669846
0.020067895,-0.3704667
0.020082915,-0.3704667
0.020097936,-0.3704667
0.020112956,-0.3704667
0.020127978,-0.3704667
0.020142999,-0.32423592
0.020158019,-0.32423592
0.020173041,-0.32423592
0.020188062,-0.32423592
0.020203082,-0.27800417
0.020218102,-0.27800417
0.020233124,-0.27800417
0.020248145,-0.27800417
0.020263165,-0.27800417
0.020278186,-0.2317729
0.020293208,-0.2317729
0.020308228,-0.2317729
0.020323249,-0.2317729
0.02033827,-0.2317729
0.020353291,-0.18554163
0.020368312,-0.18554163
0.020383332,-0.18554163
0.020398354,-0.18554163
0.020413375,-0.13931036
0.020428395,-0.13931036
0.020443415,-0.13931036
0.020458438,-0.13931036
0.020473458,-0.13931036
0.020488478,-0.09307861
0.0205035,-0.09307861
0.02051852,-0.09307861
0.020533541,-0.09307861
0.020548562,-0.09307861
0.020563584,-0.046847343
0.020578604,-0.046847343
0.020593625,-0.046847343
0.020608645,-0.046847343
0.020623667,-6.160736E-4
0.020638688,-6.160736E-4
0.020653708,-6.160736E-4
0.02066873,-6.160736E-4
0.02068375,-6.160736E-4
0.02069877,0.045615196
0.020713791,0.045615196
0.020728813,0.045615196
0.020743834,0.045615196
0.020758854,0.091846466
0.020773875,0.091846466
0.020788897,0.091846466
0.020803917,0.091846466
0.020818938,0.091846466
0.02083396,0.13807821
0.02084898,0.13807821
0.020864,0.13807821
0.02087902,0.13807821
0.020894043,0.184309
0.020909064,0.184309
0.020924084,0.184309
0.020939104,0.184309
0.020954126,0.184309
0.020969147,0.23054075
0.020984167,0.23054075
0.02099919,0.23054075
0.02101421,0.23054075
0.02102923,0.23054075
0.02104425,0.27677202
0.021059273,0.27677202
0.021074293,0.27677202
0.021089314,0.27677202
0.021104334,0.27677202
0.021119356,0.3230033
0.021134377,0.3230033
0.021149397,0.3230033
0.02116442,0.3230033
0.02117944,0.36923456
0.02119446,0.36923456
0.02120948,0.36923456
0.021224502,0.36923456
0.021239523,0.36923456
0.021254543,0.4154663
0.021269564,0.4154663
0.021284586,0.4154663
0.021299606,0.4154663
0.021314627,0.4154663
0.021329649,0.46169758
0.02134467,0.46169758
0.02135969,0.46169758
0.02137471,0.46169758
0.021389732,0.50792885
0.021404753,0.50792885
0.021419773,0.50792885
0.021434793,0.50792885
0.021449815,0.50792885
0.021464836,0.50792885
0.021479856,0.5541601
0.021494878,0.5541601
0.021509899,0.5541601
0.02152492,0.5541601
0.02153994,0.60039186
0.021554962,0.60039186
0.021569982,0.60039186
0.021585003,0.60039186
0.021600025,0.60039186
0.021615045,0.64662313
0.021630066,0.64662313
0.021645086,0.64662313
0.021660108,0.64662313
0.021675128,0.64662313
0.021690149,0.6928544
0.02170517,0.6928544
0.021720191,0.6928544
0.021735212,0.6928544
0.021750232,0.6928544
0.021765254,0.7390857
0.021780275,0.7390857
0.021795295,0.7390857
0.021810316,0.7390857
0.021825338,0.7853174
0.021840358,0.7853174
0.021855379,0.7853174
0.021870399,0.7853174
0.021885421,0.7853174
0.021900441,0.8315482
0.021915462,0.8315482
0.021930484,0.8315482
0.021945504,0.8315482
0.021960525,0.8315482
0.021975545,0.87777996
0.021990567,0.87777996
0.022005588,0.87777996
0.022020608,0.87777996
0.022035629,0.87777996
0.02205065,0.92401123
0.022065671,0.92401123
0.022080692,0.92401123
0.022095714,0.92401123
0.022110734,0.970243
0.022125755,0.970243
0.022140775,0.970243
0.022155797,0.970243
0.022170817,0.970243
0.022185838,0.970243
0.022200858,1.0164738
0.02221588,1.0164738
0.0222309,1.0164738
0.022245921,1.0164738
0.022260943,1.0627055
0.022275964,1.0627055
0.022290984,1.0627055
0.022306005,1.0627055
0.022321027,1.0627055
0.022336047,1.0627055
0.022351068,1.1089368
0.022366088,1.1089368
0.02238111,1.1089368
0.02239613,1.1089368
0.02241115,1.1551685
0.022426173,1.1551685
0.022441193,1.1551685
0.022456214,1.1551685
0.022471234,1.1551685
0.022486256,1.2013993
0.022501277,1.2013993
0.022516297,1.2013993
0.022531318,1.2013993
0.02254634,1.2013993
0.02256136,1.2476311
0.02257638,1.2476311
0.022591403,1.2476311
0.022606423,1.2476311
0.022621443,1.2476311
0.022636464,1.2938623
0.022651486,1.2938623
0.022666506,1.2938623
0.022681527,1.2938623
0.022696547,1.2938623
0.02271157,1.3400936
0.02272659,1.3400936
0.02274161,1.3400936
0.022756632,1.3400936
0.022771653,1.3400936
0.022786673,1.3863249
0.022801694,1.3863249
0.022816716,1.3863249
0.022831736,1.3863249
0.022846757,1.3863249
0.022861777,1.4325566
0.0228768,1.4325566
0.02289182,1.4325566
0.02290684,1.4325566
0.022921862,1.4325566
0.022936882,1.4787879
0.022951903,1.4787879
0.022966923,1.4787879
0.022981945,1.4787879
0.022996966,1.4787879
0.023011986,1.4787879
0.023027007,1.4787879
0.023042029,1.4787879
0.02305705,1.5250192
0.02307207,1.5250192
0.023087092,1.5250192
0.023102112,1.5250192
0.023117132,1.5250192
0.023132153,1.5712504
0.023147175,1.5712504
0.023162195,1.5712504
0.023177216,1.5712504
0.023192236,1.5712504
0.023207258,1.6174817
0.023222279,1.6174817
0.0232373,1.6174817
0.023252321,1.6174817
0.023267342,1.6174817
0.023282362,1.6637135
0.023297383,1.6637135
0.023312405,1.6637135
0.023327425,1.6637135
0.023342445,1.6637135
0.023357466,1.7099442
0.023372488,1.7099442
0.023387508,1.7099442
0.023402529,1.7099442
0.023417551,1.7099442
0.023432571,1.756176
0.023447592,1.756176
0.023462612,1.756176
0.023477634,1.756176
0.023492655,1.756176
0.023507675,1.756176
0.023522696,1.756176
0.023537718,1.7099442
0.023552738,1.7099442
0.023567759,1.7099442
0.02358278,1.7099442
0.023597801,1.6637135
0.023612821,1.6637135
0.023627842,1.6637135
0.023642864,1.6637135
0.023657884,1.6174817
0.023672905,1.6174817
0.023687925,1.6174817
0.023702947,1.6174817
0.023717968,1.6174817
0.023732988,1.5712504
0.02374801,1.5712504
0.02376303,1.5712504
0.023778051,1.5712504
0.023793072,1.5250192
0.023808094,1.5250192
0.023823114,1.5250192
0.023838134,1.5250192
0.023853155,1.5250192
0.023868177,1.4787879
0.023883197,1.4787879
0.023898218,1.4787879
0.02391324,1.4787879
0.02392826,1.4787879
0.02394328,1.4787879
0.023958301,1.4325566
0.023973323,1.4325566
0.023988344,1.4325566
0.024003364,1.4325566
0.024018385,1.4325566
0.024033407,1.3863249
0.024048427,1.3863249
0.024063447,1.3863249
0.02407847,1.3863249
0.02409349,1.3400936
0.02410851,1.3400936
0.02412353,1.3400936
0.024138553,1.3400936
0.024153573,1.3400936
0.024168594,1.2938623
0.024183614,1.2938623
0.024198636,1.2938623
0.024213657,1.2938623
0.024228677,1.2476311
0.0242437,1.2476311
0.02425872,1.2476311
0.02427374,1.2476311
0.02428876,1.2476311
0.024303783,1.2013993
0.024318803,1.2013993
0.024333823,1.2013993
0.024348844,1.2013993
0.024363866,1.1551685
0.024378886,1.1551685
0.024393907,1.1551685
0.024408929,1.1551685
0.02442395,1.1089368
0.02443897,1.1089368
0.02445399,1.1089368
0.024469012,1.1089368
0.024484033,1.1089368
0.024499053,1.0627055
0.024514074,1.0627055
0.024529096,1.0627055
0.024544116,1.0627055
0.024559136,1.0164738
0.024574159,1.0164738
0.02458918,1.0164738
0.0246042,1.0164738
0.02461922,1.0164738
0.024634242,0.970243
0.024649262,0.970243
0.024664283,0.970243
0.024679303,0.970243
0.024694325,0.92401123
0.024709346,0.92401123
0.024724366,0.92401123
0.024739388,0.92401123
0.024754409,0.87777996
0.02476943,0.87777996
0.02478445,0.87777996
0.024799472,0.87777996
0.024814492,0.87777996
0.024829512,0.8315482
0.024844533,0.8315482
0.024859555,0.8315482
0.024874575,0.8315482
0.024889596,0.7853174
0.024904618,0.7853174
0.024919638,0.7853174
0.024934659,0.7853174
0.02494968,0.7390857
0.024964701,0.7390857
0.024979722,0.7390857
0.024994742,0.7390857
0.025009762,0.7390857
0.025024785,0.6928544
0.025039805,0.6928544
0.025054825,0.6928544
0.025069848,0.6928544
0.025084868,0.64662313
0.025099888,0.64662313
0.025114909,0.64662313
0.025129931,0.64662313
0.025144951,0.64662313
0.025159972,0.60039186
0.025174992,0.60039186
0.025190014,0.60039186
0.025205035,0.60039186
0.025220055,0.5541601
0.025235077,0.5541601
0.025250098,0.5541601
0.025265118,0.5541601
0.025280138,0.5541601
0.02529516,0.50792885
0.025310181,0.50792885
0.025325201,0.50792885
0.025340222,0.50792885
0.025355244,0.46169758
0.025370264,0.46169758
0.025385285,0.46169758
0.025400307,0.46169758
0.025415327,0.46169758
0.025430348,0.4154663
0.025445368,0.4154663
0.02546039,0.4154663
0.02547541,0.4154663
0.025490431,0.36923456
0.025505451,0.36923456
0.025520474,0.36923456
0.025535494,0.36923456
0.025550514,0.3230033
0.025565537,0.3230033
0.025580557,0.3230033
0.025595577,0.3230033
0.025610598,0.3230033
0.02562562,0.27677202
0.02564064,0.27677202
0.02565566,0.27677202
0.025670681,0.27677202
0.025685703,0.23054075
0.025700724,0.23054075
0.025715744,0.23054075
0.025730766,0.23054075
0.025745787,0.23054075
0.025760807,0.184309
0.025775827,0.184309
0.02579085,0.184309
0.02580587,0.184309
0.02582089,0.13807821
0.02583591,0.13807821
0.025850933,0.13807821
0.025865953,0.13807821
0.025880974,0.13807821
0.025895996,0.091846466
0.025911016,0.091846466
0.025926037,0.091846466
0.025941057,0.091846466
0.02595608,0.045615196
0.0259711,0.045615196
0.02598612,0.045615196
0.02600114,0.045615196
0.026016163,0.045615196
0.026031183,-6.160736E-4
0.026046203,-6.160736E-4
0.026061226,-6.160736E-4
0.026076246,-6.160736E-4
0.026091266,-0.046847343
0.026106287,-0.046847343
0.026121309,-0.046847343
0.02613633,-0.046847343
0.02615135,-0.09307861
0.02616637,-0.09307861
0.026181392,-0.09307861
0.026196413,-0.09307861
0.026211433,-0.09307861
0.026226455,-0.13931036
0.026241476,-0.13931036
0.026256496,-0.13931036
0.026271516,-0.13931036
0.026286539,-0.18554163
0.026301559,-0.18554163
0.02631658,-0.18554163
0.0263316,-0.18554163
0.026346622,-0.18554163
0.026361642,-0.2317729
0.026376663,-0.2317729
0.026391685,-0.2317729
0.026406705,-0.2317729
0.026421726,-0.27800417
0.026436746,-0.27800417
0.026451768,-0.27800417
0.026466789,-0.27800417
0.02648181,-0.27800417
0.02649683,-0.32423592
0.026511852,-0.32423592
0.026526872,-0.32423592
0.026541892,-0.32423592
0.026556915,-0.3704667
0.026571935,-0.3704667
0.026586955,-0.3704667
0.026601976,-0.3704667
0.026616998,-0.3704667
0.026632018,-0.41669846
0.026647039,-0.41669846
0.02666206,-0.41669846
0.026677081,-0.41669846
0.026692102,-0.46292973
0.026707122,-0.46292973
0.026722144,-0.46292973
0.026737165,-0.46292973
0.026752185,-0.46292973
0.026767205,-0.5091615
0.026782228,-0.5091615
0.026797248,-0.5091615
0.026812268,-0.5091615
0.026827289,-0.5091615
0.026842311,-0.55539227
0.026857331,-0.55539227
0.026872352,-0.55539227
0.026887374,-0.55539227
0.026902394,-0.601624
0.026917415,-0.601624
0.026932435,-0.601624
0.026947457,-0.601624
0.026962478,-0.601624
0.026977498,-0.6478553
0.026992518,-0.6478553
0.02700754,-0.6478553
0.027022561,-0.6478553
0.027037581,-0.694087
0.027052604,-0.694087
0.027067624,-0.694087
0.027082644,-0.694087
0.027097665,-0.694087
0.027112687,-0.7403178
0.027127707,-0.7403178
0.027142728,-0.7403178
0.027157748,-0.7403178
0.02717277,-0.7403178
0.02718779,-0.78654957
0.027202811,-0.78654957
0.027217833,-0.78654957
0.027232854,-0.78654957
0.027247874,-0.83278084
0.027262894,-0.83278084
0.027277917,-0.83278084
0.027292937,-0.83278084
0.027307957,-0.83278084
0.027322978,-0.8790121
0.027338,-0.8790121
0.02735302,-0.8790121
0.02736804,-0.8790121
0.027383063,-0.8790121
0.027398083,-0.9252434
0.027413104,-0.9252434
0.027428124,-0.9252434
0.027443146,-0.9252434
0.027458167,-0.9252434
0.027473187,-0.9714751
0.027488207,-0.9714751
0.02750323,-0.9714751
0.02751825,-0.9714751
0.02753327,-1.0177064
0.027548293,-1.0177064
0.027563313,-1.0177064
0.027578333,-1.0177064
0.027593354,-1.0177064
0.027608376,-1.0639377
0.027623396,-1.0639377
0.027638417,-1.0639377
0.027653437,-1.0639377
0.02766846,-1.0639377
0.02768348,-1.1101689
0.0276985,-1.1101689
0.027713522,-1.1101689
0.027728543,-1.1101689
0.027743563,-1.1564007
0.027758583,-1.1564007
0.027773606,-1.1564007
0.027788626,-1.1564007
0.027803646,-1.1564007
0.027818669,-1.202632
0.027833689,-1.202632
0.02784871,-1.202632
0.02786373,-1.202632
0.027878752,-1.202632
0.027893772,-1.2488632
0.027908793,-1.2488632
0.027923813,-1.2488632
0.027938835,-1.2488632
0.027953856,-1.2488632
0.027968876,-1.2950945
0.027983898,-1.2950945
0.027998919,-1.2950945
0.028013939,-1.2950945
0.02802896,-1.2950945
0.028043982,-1.3413262
0.028059002,-1.3413262
0.028074022,-1.3413262
0.028089043,-1.3413262
0.028104065,-1.387557
0.028119085,-1.387557
0.028134106,-1.387557
0.028149128,-1.387557
0.028164148,-1.387557
0.028179169,-1.387557
0.02819419,-1.4337888
0.028209211,-1.4337888
0.028224232,-1.4337888
0.028239252,-1.4337888
0.028254272,-1.48002
0.028269295,-1.48002
0.028284315,-1.48002
0.028299335,-1.48002
0.028314358,-1.48002
0.028329378,-1.48002
0.028344398,-1.48002
0.028359419,-1.48002
0.028374441,-1.5262513
0.028389461,-1.5262513
0.028404482,-1.5262513
0.028419502,-1.5262513
0.028434524,-1.5262513
0.028449545,-1.5724826
0.028464565,-1.5724826
0.028479587,-1.5724826
0.028494608,-1.5724826
0.028509628,-1.5724826
0.028524648,-1.6187139
0.02853967,-1.6187139
0.028554691,-1.6187139
0.028569711,-1.6187139
0.028584732,-1.6187139
0.028599754,-1.6187139
0.028614774,-1.6187139
0.028629795,-1.6187139
0.028644817,-1.5724826
0.028659837,-1.5724826
0.028674858,-1.5724826
0.028689878,-1.5724826
0.0287049,-1.5724826
0.02871992,-1.5262513
0.028734941,-1.5262513
0.028749961,-1.5262513
0.028764984,-1.5262513
0.028780004,-1.5262513
0.028795024,-1.48002
0.028810047,-1.48002
0.028825067,-1.48002
0.028840087,-1.48002
0.028855108,-1.48002
0.02887013,-1.48002
0.02888515,-1.48002
0.02890017,-1.4337888
0.028915191,-1.4337888
0.028930213,-1.4337888
0.028945234,-1.4337888
0.028960254,-1.387557
0.028975276,-1.387557
0.028990297,-1.387557
0.029005317,-1.387557
0.029020337,-1.387557
0.02903536,-1.3413262
0.02905038,-1.3413262
0.0290654,-1.3413262
0.02908042,-1.3413262
0.029095443,-1.2950945
0.029110463,-1.2950945
0.029125484,-1.2950945
0.029140506,-1.2950945
0.029155526,-1.2950945
0.029170547,-1.2488632
0.029185567,-1.2488632
0.02920059,-1.2488632
0.02921561,-1.2488632
0.02923063,-1.2488632
0.02924565,-1.202632
0.029260673,-1.202632
0.029275693,-1.202632
0.029290713,-1.202632
0.029305736,-1.1564007
0.029320756,-1.1564007
0.029335776,-1.1564007
0.029350797,-1.1564007
0.029365819,-1.1564007
0.02938084,-1.1101689
0.02939586,-1.1101689
0.02941088,-1.1101689
0.029425902,-1.1101689
0.029440923,-1.1101689
0.029455943,-1.0639377
0.029470965,-1.0639377
0.029485986,-1.0639377
0.029501006,-1.0639377
0.029516026,-1.0177064
0.029531049,-1.0177064
0.029546069,-1.0177064
0.02956109,-1.0177064
0.02957611,-1.0177064
0.029591132,-0.9714751
0.029606152,-0.9714751
0.029621173,-0.9714751
0.029636195,-0.9714751
0.029651215,-0.9714751
0.029666236,-0.9252434
0.029681256,-0.9252434
0.029696278,-0.9252434
0.029711299,-0.9252434
0.029726319,-0.8790121
0.02974134,-0.8790121
0.029756362,-0.8790121
0.029771382,-0.8790121
0.029786402,-0.8790121
0.029801425,-0.83278084
0.029816445,-0.83278084
0.029831465,-0.83278084
0.029846486,-0.83278084
0.029861508,-0.83278084
0.029876528,-0.78654957
0.029891549,-0.78654957
0.029906569,-0.78654957
0.029921591,-0.78654957
0.029936612,-0.7403178
0.029951632,-0.7403178
0.029966654,-0.7403178
0.029981675,-0.7403178
0.029996695,-0.7403178
0.030011715,-0.694087
0.030026738,-0.694087
0.030041758,-0.694087
0.030056778,-0.694087
0.030071799,-0.694087
0.030086821,-0.6478553
0.030101841,-0.6478553
0.030116862,-0.6478553
0.030131884,-0.6478553
0.030146904,-0.601624
0.030161925,-0.601624
0.030176945,-0.601624
0.030191967,-0.601624
0.030206988,-0.601624
0.030222008,-0.55539227
0.030237028,-0.55539227
0.03025205,-0.55539227
0.030267071,-0.55539227
0.030282091,-0.55539227
0.030297114,-0.5091615
0.030312134,-0.5091615
0.030327154,-0.5091615
0.030342175,-0.5091615
0.030357197,-0.46292973
0.030372217,-0.46292973
0.030387238,-0.46292973
0.030402258,-0.46292973
0.03041728,-0.46292973
0.0304323,-0.41669846
0.030447321,-0.41669846
0.030462343,-0.41669846
0.030477364,-0.41669846
0.030492384,-0.41669846
0.030507404,-0.3704667
0.030522427,-0.3704667
0.030537447,-0.3704667
0.030552467,-0.3704667
0.030567488,-0.32423592
0.03058251,-0.32423592
0.03059753,-0.32423592
0.03061255,-0.32423592
0.030627573,-0.32423592
0.030642593,-0.27800417
0.030657614,-0.27800417
0.030672634,-0.27800417
0.030687656,-0.27800417
0.030702677,-0.2317729
0.030717697,-0.2317729
0.030732717,-0.2317729
0.03074774,-0.2317729
0.03076276,-0.2317729
0.03077778,-0.18554163
0.030792803,-0.18554163
0.030807823,-0.18554163
0.030822843,-0.18554163
0.030837864,-0.18554163
0.030852886,-0.13931036
0.030867906,-0.13931036
0.030882927,-0.13931036
0.030897947,-0.13931036
0.03091297,-0.13931036
0.03092799,-0.09307861
0.03094301,-0.09307861
0.030958032,-0.09307861
0.030973053,-0.09307861
0.030988073,-0.046847343
0.031003093,-0.046847343
0.031018116,-0.046847343
0.031033136,-0.046847343
0.031048156,-0.046847343
0.031063177,-6.160736E-4
0.031078199,-6.160736E-4
0.03109322,-6.160736E-4
0.03110824,-6.160736E-4
0.031123262,0.045615196
0.031138282,0.045615196
0.031153303,0.045615196
0.031168323,0.045615196
0.031183345,0.045615196
0.031198366,0.091846466
0.031213386,0.091846466
0.031228406,0.091846466
0.031243429,0.091846466
0.03125845,0.091846466
0.03127347,0.13807821
0.03128849,0.13807821
0.03130351,0.13807821
0.031318534,0.13807821
0.031333555,0.184309
0.031348575,0.184309
0.031363595,0.184309
0.031378616,0.184309
0.031393636,0.184309
0.031408656,0.23054075
0.03142368,0.23054075
0.0314387,0.23054075
0.03145372,0.23054075
0.03146874,0.23054075
0.031483762,0.27677202
0.031498782,0.27677202
0.031513803,0.27677202
0.031528823,0.27677202
0.031543847,0.3230033
0.031558868,0.3230033
0.031573888,0.3230033
0.03158891,0.3230033
0.03160393,0.3230033
0.03161895,0.36923456
0.03163397,0.36923456
0.031648993,0.36923456
0.031664014,0.36923456
0.031679034,0.36923456
0.031694055,0.4154663
0.031709075,0.4154663
0.031724095,0.4154663
0.031739116,0.4154663
0.03175414,0.46169758
0.03176916,0.46169758
0.03178418,0.46169758
0.0317992,0.46169758
0.03181422,0.46169758
0.03182924,0.50792885
0.031844262,0.50792885
0.031859282,0.50792885
0.031874306,0.50792885
0.031889327,0.50792885
0.031904347,0.5541601
0.031919368,0.5541601
0.031934388,0.5541601
0.03194941,0.5541601
0.03196443,0.5541601
0.031979453,0.60039186
0.031994473,0.60039186
0.032009494,0.60039186
0.032024514,0.60039186
0.032039534,0.64662313
0.032054555,0.64662313
0.032069575,0.64662313
0.0320846,0.64662313
0.03209962,0.64662313
0.03211464,0.6928544
0.03212966,0.6928544
0.03214468,0.6928544
0.0321597,0.6928544
0.03217472,0.6928544
0.03218974,0.7390857
0.032204766,0.7390857
0.032219786,0.7390857
0.032234807,0.7390857
0.032249827,0.7390857
0.032264847,0.7853174
0.032279868,0.7853174
0.032294888,0.7853174
0.032309912,0.7853174
0.032324933,0.7853174
0.032339953,0.8315482
0.032354973,0.8315482
0.032369994,0.8315482
0.032385014,0.8315482
0.032400034,0.8315482
0.03241506,0.87777996
0.03243008,0.87777996
0.0324451,0.87777996
0.03246012,0.87777996
0.03247514,0.92401123
0.03249016,0.92401123
0.03250518,0.92401123
0.0325202,0.92401123
0.032535225,0.92401123
0.032550246,0.970243
0.032565266,0.970243
0.032580286,0.970243
0.032595307,0.970243
0.032610327,0.970243
0.032625347,1.0164738
0.03264037,1.0164738
0.03265539,1.0164738
0.032670412,1.0164738
0.032685433,1.0164738
0.032700453,1.0627055
0.032715473,1.0627055
0.032730494,1.0627055
0.032745518,1.0627055
0.03276054,1.0627055
0.03277556,1.1089368
0.03279058,1.1089368
0.0328056,1.1089368
0.03282062,1.1089368
0.03283564,1.1089368
0.03285066,1.1551685
0.032865684,1.1551685
0.032880705,1.1551685
0.032895725,1.1551685
0.032910746,1.1551685
0.032925766,1.2013993
0.032940786,1.2013993
0.032955807,1.2013993
0.03297083,1.2013993
0.03298585,1.2013993
0.03300087,1.2476311
0.033015892,1.2476311
0.033030912,1.2476311
0.033045933,1.2476311
0.033060953,1.2938623
0.033075977,1.2938623
0.033090997,1.2938623
0.033106018,1.2938623
0.03312104,1.2938623
0.03313606,1.2938623
0.03315108,1.3400936
0.0331661,1.3400936
0.03318112,1.3400936
0.033196144,1.3400936
0.033211164,1.3863249
0.033226185,1.3863249
0.033241205,1.3863249
0.033256225,1.3863249
0.033271246,1.3863249
0.033286266,1.4325566
0.03330129,1.4325566
0.03331631,1.4325566
0.03333133,1.4325566
0.03334635,1.4325566
0.03336137,1.4787879
0.033376392,1.4787879
0.033391412,1.4787879
0.033406436,1.4787879
0.033421457,1.4787879
0.033436477,1.4787879
0.033451498,1.4787879
0.033466518,1.4787879
0.03348154,1.5250192
0.03349656,1.5250192
0.03351158,1.5250192
0.033526603,1.5250192
0.033541624,1.5250192
0.033556644,1.5712504
0.033571664,1.5712504
0.033586685,1.5712504
0.033601705,1.5712504
0.033616725,1.5712504
0.03363175,1.5712504
0.03364677,1.6174817
0.03366179,1.6174817
0.03367681,1.6174817
0.03369183,1.6174817
0.03370685,1.6174817
0.03372187,1.6637135
0.033736896,1.6637135
0.033751916,1.6637135
0.033766937,1.6637135
0.033781957,1.6637135
0.033796977,1.7099442
0.033811998,1.7099442
0.033827018,1.7099442
0.03384204,1.7099442
0.033857062,1.7099442
0.033872083,1.756176
0.033887103,1.756176
0.033902124,1.756176
0.033917144,1.756176
0.033932164,1.756176
0.033947185,1.756176
0.03396221,1.756176
0.03397723,1.7099442
0.03399225,1.7099442
0.03400727,1.7099442
0.03402229,1.7099442
0.03403731,1.6637135
0.03405233,1.6637135
0.034067355,1.6637135
0.034082375,1.6637135
0.034097396,1.6637135
0.034112416,1.6174817
0.034127437,1.6174817
0.034142457,1.6174817
0.034157477,1.6174817
0.034172498,1.5712504
0.03418752,1.5712504
0.034202542,1.5712504
0.034217563,1.5712504
0.034232583,1.5250192
0.034247603,1.5250192
0.034262624,1.5250192
0.034277644,1.5250192
0.034292668,1.5250192
0.03430769,1.4787879
0.03432271,1.4787879
0.03433773,1.4787879
0.03435275,1.4787879
0.03436777,1.4787879
0.03438279,1.4787879
0.034397814,1.4325566
0.034412835,1.4325566
0.034427855,1.4325566
0.034442876,1.4325566
0.034457896,1.4325566
0.034472916,1.3863249
0.034487937,1.3863249
0.034502957,1.3863249
0.03451798,1.3863249
0.034533,1.3400936
0.03454802,1.3400936
0.034563042,1.3400936
0.034578063,1.3400936
0.034593083,1.2938623
0.034608103,1.2938623
0.034623127,1.2938623
0.034638148,1.2938623
0.03465317,1.2938623
0.03466819,1.2476311
0.03468321,1.2476311
0.03469823,1.2476311
0.03471325,1.2476311
0.034728274,1.2013993
0.034743294,1.2013993
0.034758314,1.2013993
0.034773335,1.2013993
0.034788355,1.2013993
0.034803376,1.1551685
0.034818396,1.1551685
0.034833416,1.1551685
0.03484844,1.1551685
0.03486346,1.1089368
0.03487848,1.1089368
0.0348935,1.1089368
0.034908522,1.1089368
0.034923542,1.0627055
0.034938563,1.0627055
0.034953587,1.0627055
0.034968607,1.0627055
0.034983627,1.0627055
0.034998648,1.0164738
0.03501367,1.0164738
0.03502869,1.0164738
0.03504371,1.0164738
0.035058733,0.970243
0.035073753,0.970243
0.035088774,0.970243
0.035103794,0.970243
0.035118815,0.92401123
0.035133835,0.92401123
0.035148855,0.92401123
0.035163876,0.92401123
0.0351789,0.92401123
0.03519392,0.87777996
0.03520894,0.87777996
0.03522396,0.87777996
0.03523898,0.87777996
0.035254,0.8315482
0.035269022,0.8315482
0.035284046,0.8315482
0.035299066,0.8315482
0.035314087,0.8315482
0.035329107,0.7853174
0.035344128,0.7853174
0.035359148,0.7853174
0.03537417,0.7853174
0.035389192,0.7390857
0.035404213,0.7390857
0.035419233,0.7390857
0.035434254,0.7390857
0.035449274,0.7390857
0.035464294,0.6928544
0.035479315,0.6928544
0.035494335,0.6928544
0.03550936,0.6928544
0.03552438,0.64662313
0.0355394,0.64662313
0.03555442,0.64662313
0.03556944,0.64662313
0.03558446,0.64662313
0.03559948,0.60039186
0.035614505,0.60039186
0.035629526,0.60039186
0.035644546,0.60039186
0.035659567,0.5541601
0.035674587,0.5541601
0.035689607,0.5541601
0.035704628,0.5541601
0.03571965,0.50792885
0.035734672,0.50792885
0.035749692,0.50792885
0.035764713,0.50792885
0.035779733,0.50792885
0.035794754,0.46169758
0.035809774,0.46169758
0.035824794,0.46169758
0.03583982,0.46169758
0.03585484,0.4154663
0.03586986,0.4154663
0.03588488,0.4154663
0.0358999,0.4154663
0.03591492,0.4154663
0.03592994,0.36923456
0.035944965,0.36923456
0.035959985,0.36923456
0.035975005,0.36923456
0.035990026,0.3230033
0.036005046,0.3230033
0.036020067,0.3230033
0.036035087,0.3230033
0.03605011,0.3230033
0.03606513,0.27677202
0.03608015,0.27677202
0.036095172,0.27677202
0.036110193,0.27677202
0.036125213,0.23054075
0.036140233,0.23054075
0.036155254,0.23054075
0.036170278,0.23054075
0.036185298,0.23054075
0.03620032,0.184309
0.03621534,0.184309
0.03623036,0.184309
0.03624538,0.184309
0.0362604,0.13807821
0.036275424,0.13807821
0.036290444,0.13807821
0.036305465,0.13807821
0.036320485,0.091846466
0.036335506,0.091846466
0.036350526,0.091846466
0.036365546,0.091846466
0.03638057,0.091846466
0.03639559,0.045615196
0.03641061,0.045615196
0.03642563,0.045615196
0.036440652,0.045615196
0.036455672,-6.160736E-4
0.036470693,-6.160736E-4
0.036485713,-6.160736E-4
0.036500737,-6.160736E-4
0.036515757,-0.046847343
0.036530778,-0.046847343
0.0365458,-0.046847343
0.03656082,-0.046847343
0.03657584,-0.046847343
0.03659086,-0.09307861
0.036605883,-0.09307861
0.036620904,-0.09307861
0.036635924,-0.09307861
0.036650945,-0.13931036
0.036665965,-0.13931036
0.036680985,-0.13931036
0.036696006,-0.13931036
0.03671103,-0.13931036
0.03672605,-0.18554163
0.03674107,-0.18554163
0.03675609,-0.18554163
0.03677111,-0.18554163
0.03678613,-0.2317729
0.036801152,-0.2317729
0.036816172,-0.2317729
0.036831196,-0.2317729
0.036846217,-0.2317729
0.036861237,-0.27800417
0.036876258,-0.27800417
0.036891278,-0.27800417
0.0369063,-0.27800417
0.03692132,-0.32423592
0.036936343,-0.32423592
0.036951363,-0.32423592
0.036966383,-0.32423592
0.036981404,-0.32423592
0.036996424,-0.3704667
0.037011445,-0.3704667
0.037026465,-0.3704667
0.03704149,-0.3704667
0.03705651,-0.41669846
0.03707153,-0.41669846
0.03708655,-0.41669846
0.03710157,-0.41669846
0.03711659,-0.41669846
0.03713161,-0.46292973
0.037146635,-0.46292973
0.037161656,-0.46292973
0.037176676,-0.46292973
0.037191696,-0.46292973
0.037206717,-0.5091615
0.037221737,-0.5091615
0.037236758,-0.5091615
0.037251778,-0.5091615
0.037266802,-0.55539227
0.037281822,-0.55539227
0.037296843,-0.55539227
0.037311863,-0.55539227
0.037326884,-0.55539227
0.037341904,-0.601624
0.037356924,-0.601624
0.03737195,-0.601624
0.03738697,-0.601624
0.03740199,-0.6478553
0.03741701,-0.6478553
0.03743203,-0.6478553
0.03744705,-0.6478553
0.03746207,-0.6478553
0.037477095,-0.694087
0.037492115,-0.694087
0.037507135,-0.694087
0.037522156,-0.694087
0.037537176,-0.694087
0.037552197,-0.7403178
0.037567217,-0.7403178
0.037582237,-0.7403178
0.03759726,-0.7403178
0.03761228,-0.78654957
0.037627302,-0.78654957
0.037642322,-0.78654957
0.037657343,-0.78654957
0.037672363,-0.78654957
0.037687384,-0.83278084
0.037702408,-0.83278084
0.037717428,-0.83278084
0.03773245,-0.83278084
0.03774747,-0.83278084
0.03776249,-0.8790121
0.03777751,-0.8790121
0.03779253,-0.8790121
0.037807554,-0.8790121
0.037822574,-0.8790121
0.037837595,-0.9252434
0.037852615,-0.9252434
0.037867635,-0.9252434
0.037882656,-0.9252434
0.037897676,-0.9714751
0.037912697,-0.9714751
0.03792772,-0.9714751
0.03794274,-0.9714751
0.03795776,-0.9714751
0.03797278,-1.0177064
0.037987802,-1.0177064
0.038002823,-1.0177064
0.038017843,-1.0177064
0.038032867,-1.0177064
0.038047887,-1.0639377
0.038062908,-1.0639377
0.038077928,-1.0639377
0.03809295,-1.0639377
0.03810797,-1.1101689
0.03812299,-1.1101689
0.038138013,-1.1101689
0.038153034,-1.1101689
0.038168054,-1.1101689
0.038183074,-1.1564007
0.038198095,-1.1564007
0.038213115,-1.1564007
0.038228136,-1.1564007
0.038243156,-1.1564007
0.03825818,-1.202632
0.0382732,-1.202632
0.03828822,-1.202632
0.03830324,-1.202632
0.03831826,-1.202632
0.038333282,-1.2488632
0.038348302,-1.2488632
0.038363326,-1.2488632
0.038378347,-1.2488632
0.038393367,-1.2488632
0.038408387,-1.2950945
0.038423408,-1.2950945
0.03843843,-1.2950945
0.03845345,-1.2950945
0.038468473,-1.3413262
0.038483493,-1.3413262
0.038498513,-1.3413262
0.038513534,-1.3413262
0.038528554,-1.3413262
0.038543575,-1.387557
0.038558595,-1.387557
0.038573615,-1.387557
0.03858864,-1.387557
0.03860366,-1.387557
0.03861868,-1.4337888
0.0386337,-1.4337888
0.03864872,-1.4337888
0.03866374,-1.4337888
0.03867876,-1.4337888
0.038693786,-1.48002
0.038708806,-1.48002
0.038723826,-1.48002
0.038738847,-1.48002
0.038753867,-1.48002
0.038768888,-1.48002
0.038783908,-1.48002
0.038798932,-1.48002
0.038813952,-1.5262513
0.038828973,-1.5262513
0.038843993,-1.5262513
0.038859013,-1.5262513
0.038874034,-1.5262513
0.038889054,-1.5724826
0.038904075,-1.5724826
0.0389191,-1.5724826
0.03893412,-1.5724826
0.03894914,-1.6187139
0.03896416,-1.6187139
0.03897918,-1.6187139
0.0389942,-1.6187139
0.03900922,-1.6187139
0.039024245,-1.6187139
0.039039265,-1.6187139
0.039054286,-1.6187139
0.039069306,-1.6187139
0.039084326,-1.5724826
0.039099347,-1.5724826
0.039114367,-1.5724826
0.03912939,-1.5724826
0.03914441,-1.5262513
0.039159432,-1.5262513
0.039174452,-1.5262513
0.039189473,-1.5262513
0.039204493,-1.5262513
0.039219514,-1.48002
0.039234534,-1.48002
0.039249558,-1.48002
0.03926458,-1.48002
0.0392796,-1.48002
0.03929462,-1.48002
0.03930964,-1.48002
0.03932466,-1.4337888
0.03933968,-1.4337888
0.039354704,-1.4337888
0.039369725,-1.4337888
0.039384745,-1.4337888
0.039399765,-1.387557
0.039414786,-1.387557
0.039429806,-1.387557
0.039444827,-1.387557
0.03945985,-1.3413262
0.03947487,-1.3413262
0.03948989,-1.3413262
0.03950491,-1.3413262
0.039519932,-1.3413262
0.039534952,-1.2950945
0.039549973,-1.2950945
0.039564993,-1.2950945
0.039580017,-1.2950945
0.039595038,-1.2950945
0.039610058,-1.2488632
0.03962508,-1.2488632
0.0396401,-1.2488632
0.03965512,-1.2488632
0.03967014,-1.202632
0.039685164,-1.202632
0.039700184,-1.202632
0.039715204,-1.202632
0.039730225,-1.202632
0.039745245,-1.1564007
0.039760265,-1.1564007
0.039775286,-1.1564007
0.03979031,-1.1564007
0.03980533,-1.1564007
0.03982035,-1.1101689
0.03983537,-1.1101689
0.03985039,-1.1101689
0.03986541,-1.1101689
0.039880432,-1.0639377
0.039895453,-1.0639377
0.039910477,-1.0639377
0.039925497,-1.0639377
0.039940517,-1.0639377
0.039955538,-1.0177064
0.039970558,-1.0177064
0.03998558,-1.0177064
0.0400006,-1.0177064
0.040015623,-1.0177064
0.040030643,-0.9714751
0.040045664,-0.9714751
0.040060684,-0.9714751
0.040075704,-0.9714751
0.040090725,-0.9252434
0.040105745,-0.9252434
0.04012077,-0.9252434
0.04013579,-0.9252434
0.04015081,-0.9252434
0.04016583,-0.8790121
0.04018085,-0.8790121
0.04019587,-0.8790121
0.04021089,-0.8790121
0.040225912,-0.8790121
0.040240936,-0.83278084
0.040255956,-0.83278084
0.040270977,-0.83278084
0.040285997,-0.83278084
0.040301017,-0.78654957
0.040316038,-0.78654957
0.04033106,-0.78654957
0.040346082,-0.78654957
0.040361103,-0.78654957
0.040376123,-0.7403178
0.040391143,-0.7403178
0.040406164,-0.7403178
0.040421184,-0.7403178
0.040436205,-0.7403178
0.04045123,-0.694087
0.04046625,-0.694087
0.04048127,-0.694087
0.04049629,-0.694087
0.04051131,-0.6478553
0.04052633,-0.6478553
0.04054135,-0.6478553
0.04055637,-0.6478553
0.040571395,-0.6478553
0.040586416,-0.601624
0.040601436,-0.601624
0.040616456,-0.601624
0.040631477,-0.601624
0.040646497,-0.601624
0.040661518,-0.55539227
0.04067654,-0.55539227
0.040691562,-0.55539227
0.040706582,-0.55539227
0.040721603,-0.5091615
0.040736623,-0.5091615
0.040751643,-0.5091615
0.040766664,-0.5091615
0.040781688,-0.5091615
0.04079671,-0.46292973
0.04081173,-0.46292973
0.04082675,-0.46292973
0.04084177,-0.46292973
0.04085679,-0.46292973
0.04087181,-0.41669846
0.04088683,-0.41669846
0.040901855,-0.41669846
0.040916875,-0.41669846
0.040931895,-0.3704667
0.040946916,-0.3704667
0.040961936,-0.3704667
0.040976956,-0.3704667
0.040991977,-0.3704667
0.041007,-0.32423592
0.04102202,-0.32423592
0.04103704,-0.32423592
0.041052062,-0.32423592
0.041067082,-0.27800417
0.041082103,-0.27800417
0.041097123,-0.27800417
0.041112147,-0.27800417
0.041127168,-0.27800417
0.041142188,-0.2317729
0.04115721,-0.2317729
0.04117223,-0.2317729
0.04118725,-0.2317729
0.04120227,-0.2317729
0.04121729,-0.18554163
0.041232314,-0.18554163
0.041247334,-0.18554163
0.041262355,-0.18554163
0.041277375,-0.13931036
0.041292395,-0.13931036
0.041307416,-0.13931036
0.041322436,-0.13931036
0.04133746,-0.13931036
0.04135248,-0.09307861
0.0413675,-0.09307861
0.04138252,-0.09307861
0.04139754,-0.09307861
0.041412562,-0.09307861
0.041427583,-0.046847343
0.041442607,-0.046847343
0.041457627,-0.046847343
0.041472647,-0.046847343
0.041487668,-0.046847343
0.041502688,-6.160736E-4
0.04151771,-6.160736E-4
0.04153273,-6.160736E-4
0.04154775,-6.160736E-4
0.041562773,0.045615196
0.041577794,0.045615196
0.041592814,0.045615196
0.041607834,0.045615196
0.041622855,0.091846466
0.041637875,0.091846466
0.041652896,0.091846466
0.04166792,0.091846466
0.04168294,0.091846466
0.04169796,0.13807821
0.04171298,0.13807821
0.041728,0.13807821
0.04174302,0.13807821
0.04175804,0.13807821
0.041773066,0.184309
0.041788086,0.184309
0.041803107,0.184309
0.041818127,0.184309
0.041833147,0.184309
0.041848168,0.23054075
0.04186319,0.23054075
0.04187821,0.23054075
0.041893233,0.23054075
0.041908253,0.27677202
0.041923273,0.27677202
0.041938294,0.27677202
0.041953314,0.27677202
0.041968334,0.27677202
0.041983355,0.3230033
0.04199838,0.3230033
0.0420134,0.3230033
0.04202842,0.3230033
0.04204344,0.3230033
0.04205846,0.36923456
0.04207348,0.36923456
0.0420885,0.36923456
0.042103525,0.36923456
0.042118546,0.4154663
0.042133566,0.4154663
0.042148586,0.4154663
0.042163607,0.4154663
0.042178627,0.4154663
0.042193647,0.46169758
0.042208668,0.46169758
0.042223692,0.46169758
0.042238712,0.46169758
0.042253733,0.46169758
0.042268753,0.50792885
0.042283773,0.50792885
0.042298794,0.50792885
0.042313814,0.50792885
0.04232884,0.50792885
0.04234386,0.5541601
0.04235888,0.5541601
0.0423739,0.5541601
0.04238892,0.5541601
0.04240394,0.60039186
0.04241896,0.60039186
0.042433985,0.60039186
0.042449005,0.60039186
0.042464025,0.60039186
0.042479046,0.64662313
0.042494066,0.64662313
0.042509086,0.64662313
0.042524107,0.64662313
0.042539127,0.64662313
0.04255415,0.6928544
0.04256917,0.6928544
0.042584192,0.6928544
0.042599212,0.6928544
0.042614233,0.6928544
0.042629253,0.7390857
0.042644273,0.7390857
0.042659298,0.7390857
0.042674318,0.7390857
0.04268934,0.7390857
0.04270436,0.7853174
0.04271938,0.7853174
0.0427344,0.7853174
0.04274942,0.7853174
0.042764444,0.7853174
0.042779464,0.8315482
0.042794485,0.8315482
0.042809505,0.8315482
0.042824525,0.8315482
0.042839546,0.87777996
0.042854566,0.87777996
0.042869586,0.87777996
0.04288461,0.87777996
0.04289963,0.87777996
0.04291465,0.92401123
0.04292967,0.92401123
0.042944692,0.92401123
0.042959712,0.92401123
0.042974733,0.92401123
0.042989757,0.970243
0.043004777,0.970243
0.043019798,0.970243
0.043034818,0.970243
0.04304984,0.970243
0.04306486,1.0164738
0.04307988,1.0164738
0.043094903,1.0164738
0.043109924,1.0164738
0.043124944,1.0164738
0.043139964,1.0627055
0.043154985,1.0627055
0.043170005,1.0627055
0.043185025,1.0627055
0.04320005,1.0627055
0.04321507,1.1089368
0.04323009,1.1089368
0.04324511,1.1089368
0.04326013,1.1089368
0.04327515,1.1089368
0.04329017,1.1551685
0.043305192,1.1551685
0.043320216,1.1551685
0.043335237,1.1551685
0.043350257,1.2013993
0.043365277,1.2013993
0.043380298,1.2013993
0.043395318,1.2013993
0.04341034,1.2013993
0.043425363,1.2476311
0.043440383,1.2476311
0.043455403,1.2476311
0.043470424,1.2476311
0.043485444,1.2476311
0.043500464,1.2938623
0.043515485,1.2938623
0.04353051,1.2938623
0.04354553,1.2938623
0.04356055,1.2938623
0.04357557,1.3400936
0.04359059,1.3400936
0.04360561,1.3400936
0.04362063,1.3400936
0.04363565,1.3400936
0.043650676,1.3863249
0.043665696,1.3863249
0.043680716,1.3863249
0.043695737,1.3863249
0.043710757,1.3863249
0.043725777,1.4325566
0.043740798,1.4325566
0.043755822,1.4325566
0.043770842,1.4325566
0.043785863,1.4325566
0.043800883,1.4787879
0.043815903,1.4787879
0.043830924,1.4787879
0.043845944,1.4787879
0.04386097,1.4787879
0.04387599,1.4787879
0.04389101,1.4787879
0.04390603,1.4787879
0.04392105,1.5250192
0.04393607,1.5250192
0.04395109,1.5250192
0.04396611,1.5250192
0.043981135,1.5250192
0.043996155,1.5712504
0.044011176,1.5712504
0.044026196,1.5712504
0.044041216,1.5712504
0.044056237,1.5712504
0.044071257,1.6174817
0.04408628,1.6174817
0.0441013,1.6174817
0.044116322,1.6174817
0.044131342,1.6174817
0.044146363,1.6637135
0.044161383,1.6637135
0.044176403,1.6637135
0.044191428,1.6637135
0.044206448,1.6637135
0.04422147,1.7099442
0.04423649,1.7099442
0.04425151,1.7099442
0.04426653,1.7099442
0.04428155,1.7099442
0.04429657,1.7099442
0.044311594,1.756176
0.044326615,1.756176
0.044341635,1.756176
0.044356655,1.756176
0.044371676,1.756176
0.044386696,1.756176
0.044401716,1.7099442
0.04441674,1.7099442
0.04443176,1.7099442
0.04444678,1.7099442
0.0444618,1.7099442
0.044476822,1.6637135
0.044491842,1.6637135
0.044506863,1.6637135
0.044521887,1.6637135
0.044536907,1.6174817
0.044551928,1.6174817
0.044566948,1.6174817
0.04458197,1.6174817
0.04459699,1.5712504
0.04461201,1.5712504
0.04462703,1.5712504
0.044642054,1.5712504
0.044657074,1.5712504
0.044672094,1.5250192
0.044687115,1.5250192
0.044702135,1.5250192
0.044717155,1.5250192
0.044732176,1.4787879
0.0447472,1.4787879
0.04476222,1.4787879
0.04477724,1.4787879
0.04479226,1.4787879
0.04480728,1.4787879
0.0448223,1.4787879
0.044837322,1.4325566
0.044852346,1.4325566
0.044867367,1.4325566
0.044882387,1.4325566
0.044897407,1.3863249
0.044912428,1.3863249
0.044927448,1.3863249
0.04494247,1.3863249
0.04495749,1.3863249
0.044972513,1.3400936
0.044987533,1.3400936
0.045002554,1.3400936
0.045017574,1.3400936
0.045032594,1.2938623
0.045047615,1.2938623
0.045062635,1.2938623
0.04507766,1.2938623
0.04509268,1.2476311
0.0451077,1.2476311
0.04512272,1.2476311
0.04513774,1.2476311
0.04515276,1.2476311
0.04516778,1.2013993
0.045182806,1.2013993
0.045197826,1.2013993
0.045212846,1.2013993
0.045227867,1.1551685
0.045242887,1.1551685
0.045257907,1.1551685
0.045272928,1.1551685
0.045287948,1.1551685
0.045302972,1.1089368
0.045317993,1.1089368
0.045333013,1.1089368
0.045348033,1.1089368
0.045363054,1.0627055
0.045378074,1.0627055
0.045393094,1.0627055
0.04540812,1.0627055
0.04542314,1.0164738
0.04543816,1.0164738
0.04545318,1.0164738
0.0454682,1.0164738
0.04548322,1.0164738
0.04549824,0.970243
0.045513265,0.970243
0.045528285,0.970243
0.045543306,0.970243
0.045558326,0.92401123
0.045573346,0.92401123
0.045588367,0.92401123
0.045603387,0.92401123
0.045618407,0.92401123
0.04563343,0.87777996
0.045648452,0.87777996
0.045663472,0.87777996
0.045678493,0.87777996
0.045693513,0.8315482
0.045708533,0.8315482
0.045723554,0.8315482
0.045738578,0.8315482
0.0457536,0.7853174
0.04576862,0.7853174
0.04578364,0.7853174
0.04579866,0.7853174
0.04581368,0.7853174
0.0458287,0.7390857
0.045843724,0.7390857
0.045858745,0.7390857
0.045873765,0.7390857
0.045888785,0.6928544
0.045903806,0.6928544
0.045918826,0.6928544
0.045933846,0.6928544
0.045948867,0.6928544
0.04596389,0.64662313
0.04597891,0.64662313
0.04599393,0.64662313
0.046008952,0.64662313
0.046023972,0.60039186
0.046038993,0.60039186
0.046054013,0.60039186
0.046069037,0.60039186
0.046084058,0.60039186
0.046099078,0.5541601
0.0461141,0.5541601
0.04612912,0.5541601
0.04614414,0.5541601
0.04615916,0.50792885
0.046174183,0.50792885
0.046189204,0.50792885
0.046204224,0.50792885
0.046219245,0.46169758
0.046234265,0.46169758
0.046249285,0.46169758
0.046264306,0.46169758
0.046279326,0.46169758
0.04629435,0.4154663
0.04630937,0.4154663
0.04632439,0.4154663
0.04633941,0.4154663
0.04635443,0.36923456
0.046369452,0.36923456
0.046384472,0.36923456
0.046399496,0.36923456
0.046414517,0.36923456
0.046429537,0.3230033
0.046444558,0.3230033
0.046459578,0.3230033
0.0464746,0.3230033
0.04648962,0.27677202
0.046504643,0.27677202
0.046519663,0.27677202
0.046534684,0.27677202
0.046549704,0.27677202
0.046564724,0.23054075
0.046579745,0.23054075
0.046594765,0.23054075
0.046609785,0.23054075
0.04662481,0.184309
0.04663983,0.184309
0.04665485,0.184309
0.04666987,0.184309
0.04668489,0.13807821
0.04669991,0.13807821
0.04671493,0.13807821
0.046729956,0.13807821
0.046744976,0.13807821
0.046759997,0.091846466
0.046775017,0.091846466
0.046790037,0.091846466
0.046805058,0.091846466
0.046820078,0.045615196
0.046835102,0.045615196
0.046850123,0.045615196
0.046865143,0.045615196
0.046880163,0.045615196
0.046895184,-6.160736E-4
0.046910204,-6.160736E-4
0.046925224,-6.160736E-4
0.046940245,-6.160736E-4
0.04695527,-0.046847343
0.04697029,-0.046847343
0.04698531,-0.046847343
0.04700033,-0.046847343
0.04701535,-0.09307861
0.04703037,-0.09307861
0.04704539,-0.09307861
0.047060415,-0.09307861
0.047075436,-0.09307861
0.047090456,-0.13931036
0.047105476,-0.13931036
0.047120497,-0.13931036
0.047135517,-0.13931036
0.047150537,-0.18554163
0.04716556,-0.18554163
0.04718058,-0.18554163
0.047195602,-0.18554163
0.047210623,-0.18554163
0.047225643,-0.2317729
0.047240663,-0.2317729
0.047255684,-0.2317729
0.047270704,-0.2317729
0.04728573,-0.27800417
0.04730075,-0.27800417
0.04731577,-0.27800417
0.04733079,-0.27800417
0.04734581,-0.27800417
0.04736083,-0.32423592
0.04737585,-0.32423592
0.047390874,-0.32423592
0.047405895,-0.32423592
0.047420915,-0.32423592
0.047435936,-0.3704667
0.047450956,-0.3704667
0.047465976,-0.3704667
0.047480997,-0.3704667
0.04749602,-0.41669846
0.04751104,-0.41669846
0.04752606,-0.41669846
0.047541082,-0.41669846
0.047556102,-0.41669846
0.047571123,-0.46292973
0.047586143,-0.46292973
0.047601163,-0.46292973
0.047616187,-0.46292973
0.047631208,-0.5091615
0.04764623,-0.5091615
0.04766125,-0.5091615
0.04767627,-0.5091615
0.04769129,-0.5091615
0.04770631,-0.55539227
0.047721334,-0.55539227
0.047736354,-0.55539227
0.047751375,-0.55539227
0.047766395,-0.601624
0.047781415,-0.601624
0.047796436,-0.601624
0.047811456,-0.601624
0.04782648,-0.601624
0.0478415,-0.6478553
0.04785652,-0.6478553
0.04787154,-0.6478553
0.04788656,-0.6478553
0.047901582,-0.6478553
0.047916602,-0.694087
0.047931623,-0.694087
0.047946647,-0.694087
0.047961667,-0.694087
0.047976688,-0.7403178
0.047991708,-0.7403178
0.04800673,-0.7403178
0.04802175,-0.7403178
0.04803677,-0.7403178
0.048051793,-0.78654957
0.048066813,-0.78654957
0.048081834,-0.78654957
0.048096854,-0.78654957
0.048111875,-0.78654957
0.048126895,-0.83278084
0.048141915,-0.83278084
0.04815694,-0.83278084
0.04817196,-0.83278084
0.04818698,-0.8790121
0.048202,-0.8790121
0.04821702,-0.8790121
0.04823204,-0.8790121
0.04824706,-0.8790121
0.048262082,-0.9252434
0.048277106,-0.9252434
0.048292127,-0.9252434
0.048307147,-0.9252434
0.048322167,-0.9252434
0.048337188,-0.9714751
0.048352208,-0.9714751
0.04836723,-0.9714751
0.048382252,-0.9714751
0.048397273,-1.0177064
0.048412293,-1.0177064
0.048427314,-1.0177064
0.048442334,-1.0177064
0.048457354,-1.0177064
0.048472375,-1.0639377
0.0484874,-1.0639377
0.04850242,-1.0639377
0.04851744,-1.0639377
0.04853246,-1.0639377
0.04854748,-1.1101689
0.0485625,-1.1101689
0.04857752,-1.1101689
0.04859254,-1.1101689
0.048607565,-1.1101689
0.048622586,-1.1564007
0.048637606,-1.1564007
0.048652627,-1.1564007
0.048667647,-1.1564007
0.048682667,-1.1564007
0.048697688,-1.202632
0.04871271,-1.202632
0.048727732,-1.202632
0.048742753,-1.202632
0.048757773,-1.2488632
0.048772793,-1.2488632
0.048787814,-1.2488632
0.048802834,-1.2488632
0.048817858,-1.2488632
0.04883288,-1.2950945
0.0488479,-1.2950945
0.04886292,-1.2950945
0.04887794,-1.2950945
0.04889296,-1.2950945
0.04890798,-1.3413262
0.048923,-1.3413262
0.048938025,-1.3413262
0.048953045,-1.3413262
0.048968066,-1.3413262
0.048983086,-1.387557
0.048998106,-1.387557
0.049013127,-1.387557
0.049028147,-1.387557
0.04904317,-1.387557
0.04905819,-1.4337888
0.04907321,-1.4337888
0.049088232,-1.4337888
0.049103253,-1.4337888
0.049118273,-1.4337888
0.049133293,-1.48002
0.049148317,-1.48002
0.049163338,-1.48002
0.04917836,-1.48002
0.04919338,-1.48002
0.0492084,-1.48002
0.04922342,-1.48002
0.04923844,-1.5262513
0.049253464,-1.5262513
0.049268484,-1.5262513
0.049283504,-1.5262513
0.049298525,-1.5262513
0.049313545,-1.5724826
0.049328566,-1.5724826
0.049343586,-1.5724826
0.049358606,-1.5724826
0.04937363,-1.5724826
0.04938865,-1.6187139
0.04940367,-1.6187139
0.04941869,-1.6187139
0.049433712,-1.6187139
0.049448732,-1.6187139
0.049463753,-1.6187139
0.049478777,-1.6187139
0.049493797,-1.6187139
0.049508817,-1.5724826
0.049523838,-1.5724826
0.04953886,-1.5724826
0.04955388,-1.5724826
0.0495689,-1.5724826
0.049583923,-1.5262513
0.049598943,-1.5262513
0.049613964,-1.5262513
0.049628984,-1.5262513
0.049644005,-1.5262513
0.049659025,-1.48002
0.049674045,-1.48002
0.049689066,-1.48002
0.04970409,-1.48002
0.04971911,-1.48002
0.04973413,-1.48002
0.04974915,-1.48002
0.04976417,-1.4337888
0.04977919,-1.4337888
0.049794212,-1.4337888
0.049809236,-1.4337888
0.049824256,-1.387557
0.049839277,-1.387557
0.049854297,-1.387557
0.049869318,-1.387557
0.049884338,-1.387557
0.04989936,-1.3413262
0.049914382,-1.3413262
0.049929403,-1.3413262
0.049944423,-1.3413262
0.049959444,-1.3413262
0.049974464,-1.2950945
0.049989484,-1.2950945
0.050004505,-1.2950945
0.050019525,-1.2950945
0.05003455,-1.2488632
0.05004957,-1.2488632
0.05006459,-1.2488632
0.05007961,-1.2488632
0.05009463,-1.2488632
0.05010965,-1.202632
0.05012467,-1.202632
0.050139695,-1.202632
0.050154716,-1.202632
0.050169736,-1.202632
0.050184757,-1.1564007
0.050199777,-1.1564007
0.050214797,-1.1564007
0.050229818,-1.1564007
0.05024484,-1.1101689
0.050259862,-1.1101689
0.050274882,-1.1101689
0.050289903,-1.1101689
0.050304923,-1.1101689
0.050319944,-1.0639377
0.050334964,-1.0639377
0.050349984,-1.0639377
0.05036501,-1.0639377
0.05038003,-1.0639377
0.05039505,-1.0177064
0.05041007,-1.0177064
0.05042509,-1.0177064
0.05044011,-1.0177064
0.05045513,-0.9714751
0.050470155,-0.9714751
0.050485175,-0.9714751
0.050500195,-0.9714751
0.050515216,-0.9714751
0.050530236,-0.9252434
0.050545257,-0.9252434
0.050560277,-0.9252434
0.0505753,-0.9252434
0.05059032,-0.8790121
0.05060534,-0.8790121
0.050620362,-0.8790121
0.050635383,-0.8790121
0.050650403,-0.8790121
0.050665423,-0.83278084
0.050680444,-0.83278084
0.050695468,-0.83278084
0.050710488,-0.83278084
0.05072551,-0.83278084
0.05074053,-0.78654957
0.05075555,-0.78654957
0.05077057,-0.78654957
0.05078559,-0.78654957
0.050800614,-0.7403178
0.050815634,-0.7403178
0.050830655,-0.7403178
0.050845675,-0.7403178
0.050860696,-0.7403178
0.050875716,-0.694087
0.050890736,-0.694087
0.05090576,-0.694087
0.05092078,-0.694087
0.0509358,-0.694087
0.05095082,-0.6478553
0.05096584,-0.6478553
0.050980862,-0.6478553
0.050995883,-0.6478553
0.051010903,-0.6478553
0.051025927,-0.601624
0.051040947,-0.601624
0.051055968,-0.601624
0.05107099,-0.601624
0.05108601,-0.55539227
0.05110103,-0.55539227
0.05111605,-0.55539227
0.051131073,-0.55539227
0.051146094,-0.55539227
0.051161114,-0.5091615
0.051176134,-0.5091615
0.051191155,-0.5091615
0.051206175,-0.5091615
0.051221196,-0.46292973
0.05123622,-0.46292973
0.05125124,-0.46292973
0.05126626,-0.46292973
0.05128128,-0.46292973
0.0512963,-0.41669846
0.05131132,-0.41669846
0.051326342,-0.41669846
0.051341362,-0.41669846
0.051356386,-0.41669846
0.051371407,-0.3704667
0.051386427,-0.3704667
0.051401448,-0.3704667
0.051416468,-0.3704667
0.05143149,-0.32423592
0.05144651,-0.32423592
0.051461533,-0.32423592
0.051476553,-0.32423592
0.051491573,-0.32423592
0.051506594,-0.27800417
0.051521614,-0.27800417
0.051536635,-0.27800417
0.051551655,-0.27800417
0.05156668,-0.27800417
0.0515817,-0.2317729
0.05159672,-0.2317729
0.05161174,-0.2317729
0.05162676,-0.2317729
0.05164178,-0.18554163
0.0516568,-0.18554163
0.05167182,-0.18554163
0.051686846,-0.18554163
0.051701866,-0.18554163
0.051716886,-0.13931036
0.051731907,-0.13931036
0.051746927,-0.13931036
0.051761948,-0.13931036
0.051776968,-0.13931036
0.051791992,-0.09307861
0.051807012,-0.09307861
0.051822033,-0.09307861
0.051837053,-0.09307861
0.051852074,-0.09307861
0.051867094,-0.046847343
0.051882114,-0.046847343
0.05189714,-0.046847343
0.05191216,-0.046847343
0.05192718,-6.160736E-4
0.0519422,-6.160736E-4
0.05195722,-6.160736E-4
0.05197224,-6.160736E-4
0.05198726,0.045615196
0.05200228,0.045615196
0.052017305,0.045615196
0.052032325,0.045615196
0.052047346,0.045615196
0.052062366,0.091846466
0.052077387,0.091846466
0.052092407,0.091846466
0.052107427,0.091846466
0.05212245,0.091846466
0.05213747,0.13807821
0.052152492,0.13807821
0.052167512,0.13807821
0.052182533,0.13807821
0.052197553,0.184309
0.052212574,0.184309
0.052227598,0.184309
0.052242618,0.184309
0.05225764,0.184309
0.05227266,0.23054075
0.05228768,0.23054075
0.0523027,0.23054075
0.05231772,0.23054075
0.05233274,0.23054075
0.052347764,0.27677202
0.052362785,0.27677202
0.052377805,0.27677202
0.052392825,0.27677202
0.052407846,0.27677202
0.052422866,0.3230033
0.052437887,0.3230033
0.05245291,0.3230033
0.05246793,0.3230033
0.05248295,0.36923456
0.05249797,0.36923456
0.052512992,0.36923456
0.052528013,0.36923456
0.052543033,0.36923456
0.052558057,0.4154663
0.052573077,0.4154663
0.052588098,0.4154663
0.052603118,0.4154663
0.05261814,0.4154663
0.05263316,0.46169758
0.05264818,0.46169758
0.0526632,0.46169758
0.052678224,0.46169758
0.052693244,0.50792885
0.052708264,0.50792885
0.052723285,0.50792885
0.052738305,0.50792885
0.052753326,0.50792885
0.052768346,0.5541601
0.05278337,0.5541601
0.05279839,0.5541601
0.05281341,0.5541601
0.05282843,0.5541601
0.05284345,0.60039186
0.052858472,0.60039186
0.052873492,0.60039186
0.052888516,0.60039186
0.052903537,0.60039186
0.052918557,0.64662313
0.052933577,0.64662313
0.052948598,0.64662313
0.05296362,0.64662313
0.05297864,0.6928544
0.05299366,0.6928544
0.053008683,0.6928544
0.053023703,0.6928544
0.053038724,0.6928544
0.053053744,0.7390857
0.053068765,0.7390857
0.053083785,0.7390857
0.053098805,0.7390857
0.05311383,0.7390857
0.05312885,0.7853174
0.05314387,0.7853174
0.05315889,0.7853174
0.05317391,0.7853174
0.05318893,0.7853174
0.05320395,0.8315482
0.053218976,0.8315482
0.053233996,0.8315482
0.053249016,0.8315482
0.053264037,0.8315482
0.053279057,0.87777996
0.053294078,0.87777996
0.053309098,0.87777996
0.05332412,0.87777996
0.053339142,0.87777996
0.053354163,0.92401123
0.053369183,0.92401123
0.053384203,0.92401123
0.053399224,0.92401123
0.053414244,0.92401123
0.053429265,0.970243
0.05344429,0.970243
0.05345931,0.970243
0.05347433,0.970243
0.05348935,0.970243
0.05350437,1.0164738
0.05351939,1.0164738
0.05353441,1.0164738
0.053549435,1.0164738
0.053564455,1.0627055
0.053579476,1.0627055
0.053594496,1.0627055
0.053609516,1.0627055
0.053624537,1.0627055
0.053639557,1.1089368
0.053654578,1.1089368
0.0536696,1.1089368
0.053684622,1.1089368
0.053699642,1.1089368
0.053714663,1.1551685
0.053729683,1.1551685
0.053744704,1.1551685
0.053759724,1.1551685
0.053774748,1.1551685
0.05378977,1.2013993
0.05380479,1.2013993
0.05381981,1.2013993
0.05383483,1.2013993
0.05384985,1.2013993
0.05386487,1.2476311
0.053879894,1.2476311
0.053894915,1.2476311
0.053909935,1.2476311
0.053924955,1.2476311
0.053939976,1.2938623
0.053954996,1.2938623
0.053970017,1.2938623
0.053985037,1.2938623
0.05400006,1.2938623
0.05401508,1.3400936
0.0540301,1.3400936
0.054045122,1.3400936
0.054060142,1.3400936
0.054075163,1.3400936
0.054090183,1.3863249
0.054105207,1.3863249
0.054120228,1.3863249
0.054135248,1.3863249
0.05415027,1.3863249
0.05416529,1.4325566
0.05418031,1.4325566
0.05419533,1.4325566
0.054210354,1.4325566
0.054225374,1.4325566
0.054240394,1.4787879
0.054255415,1.4787879
0.054270435,1.4787879
0.054285455,1.4787879
0.054300476,1.4787879
0.054315496,1.4787879
0.05433052,1.4787879
0.05434554,1.5250192
0.05436056,1.5250192
0.05437558,1.5250192
0.0543906,1.5250192
0.054405622,1.5250192
0.054420643,1.5250192
0.054435667,1.5712504
0.054450687,1.5712504
0.054465707,1.5712504
0.054480728,1.5712504
0.054495748,1.5712504
0.05451077,1.6174817
0.05452579,1.6174817
0.054540813,1.6174817
0.054555833,1.6174817
0.054570854,1.6174817
0.054585874,1.6637135
0.054600894,1.6637135
0.054615915,1.6637135
0.054630935,1.6637135
0.054645956,1.6637135
0.05466098,1.7099442
0.054676,1.7099442
0.05469102,1.7099442
0.05470604,1.7099442
0.05472106,1.7099442
0.05473608,1.756176
0.054751102,1.756176
0.054766126,1.756176
0.054781146,1.756176
0.054796167,1.756176
0.054811187,1.756176
0.054826207,1.756176
0.054841228,1.7099442
0.05485625,1.7099442
0.054871272,1.7099442
0.054886293,1.7099442
0.054901313,1.6637135
0.054916333,1.6637135
0.054931354,1.6637135
0.054946374,1.6637135
0.054961395,1.6174817
0.054976415,1.6174817
0.05499144,1.6174817
0.05500646,1.6174817
0.05502148,1.6174817
0.0550365,1.5712504
0.05505152,1.5712504
0.05506654,1.5712504
0.05508156,1.5712504
0.055096585,1.5250192
0.055111606,1.5250192
0.055126626,1.5250192
0.055141646,1.5250192
0.055156667,1.5250192
0.055171687,1.4787879
0.055186708,1.4787879
0.05520173,1.4787879
0.055216752,1.4787879
0.055231772,1.4787879
0.055246793,1.4787879
0.055261813,1.4787879
0.055276833,1.4325566
0.055291854,1.4325566
0.055306874,1.4325566
0.0553219,1.4325566
0.05533692,1.3863249
0.05535194,1.3863249
0.05536696,1.3863249
0.05538198,1.3863249
0.055397,1.3400936
0.05541202,1.3400936
0.055427045,1.3400936
0.055442065,1.3400936
0.055457085,1.3400936
0.055472106,1.2938623
0.055487126,1.2938623
0.055502146,1.2938623
0.055517167,1.2938623
0.05553219,1.2476311
0.05554721,1.2476311
0.05556223,1.2476311
0.055577252,1.2476311
0.055592272,1.2476311
0.055607293,1.2013993
0.055622313,1.2013993
0.055637337,1.2013993
0.055652358,1.2013993
0.055667378,1.1551685
0.0556824,1.1551685
0.05569742,1.1551685
0.05571244,1.1551685
0.05572746,1.1089368
0.05574248,1.1089368
0.055757504,1.1089368
0.055772524,1.1089368
0.055787545,1.1089368
0.055802565,1.0627055
0.055817585,1.0627055
0.055832606,1.0627055
0.055847626,1.0627055
0.05586265,1.0164738
0.05587767,1.0164738
0.05589269,1.0164738
0.05590771,1.0164738
0.05592273,1.0164738
0.055937752,0.970243
0.055952772,0.970243
0.055967797,0.970243
0.055982817,0.970243
0.055997837,0.92401123
0.056012858,0.92401123
0.056027878,0.92401123
0.0560429,0.92401123
0.05605792,0.87777996
0.05607294,0.87777996
0.056087963,0.87777996
0.056102984,0.87777996
0.056118004,0.87777996
0.056133024,0.8315482
0.056148045,0.8315482
0.056163065,0.8315482
0.056178086,0.8315482
0.05619311,0.7853174
0.05620813,0.7853174
0.05622315,0.7853174
0.05623817,0.7853174
0.05625319,0.7853174
0.05626821,0.7390857
0.05628323,0.7390857
0.056298256,0.7390857
0.056313276,0.7390857
0.056328297,0.6928544
0.056343317,0.6928544
0.056358337,0.6928544
0.056373358,0.6928544
0.05638838,0.64662313
0.0564034,0.64662313
0.056418423,0.64662313
0.056433443,0.64662313
0.056448463,0.64662313
0.056463484,0.60039186
0.056478504,0.60039186
0.056493524,0.60039186
0.056508545,0.60039186
0.05652357,0.5541601
0.05653859,0.5541601
0.05655361,0.5541601
0.05656863,0.5541601
0.05658365,0.5541601
0.05659867,0.50792885
0.05661369,0.50792885
0.056628715,0.50792885
0.056643736,0.50792885
0.056658756,0.46169758
0.056673776,0.46169758
0.056688797,0.46169758
0.056703817,0.46169758
0.056718837,0.46169758
0.056733858,0.4154663
0.056748882,0.4154663
0.056763902,0.4154663
0.056778923,0.4154663
0.056793943,0.36923456
0.056808963,0.36923456
0.056823984,0.36923456
0.056839004,0.36923456
0.05685403,0.3230033
0.05686905,0.3230033
0.05688407,0.3230033
0.05689909,0.3230033
0.05691411,0.3230033
0.05692913,0.27677202
0.05694415,0.27677202
0.056959175,0.27677202
0.056974195,0.27677202
0.056989215,0.23054075
0.057004236,0.23054075
0.057019256,0.23054075
0.057034276,0.23054075
0.057049297,0.184309
0.057064317,0.184309
0.05707934,0.184309
0.05709436,0.184309
0.057109382,0.184309
0.057124402,0.13807821
0.057139423,0.13807821
0.057154443,0.13807821
0.057169463,0.13807821
0.057184488,0.091846466
0.057199508,0.091846466
0.05721453,0.091846466
0.05722955,0.091846466
0.05724457,0.091846466
0.05725959,0.045615196
0.05727461,0.045615196
0.057289634,0.045615196
0.057304654,0.045615196
0.057319675,-6.160736E-4
0.057334695,-6.160736E-4
0.057349715,-6.160736E-4
0.057364736,-6.160736E-4
0.057379756,-0.046847343
0.057394776,-0.046847343
0.0574098,-0.046847343
0.05742482,-0.046847343
0.05743984,-0.046847343
0.05745486,-0.09307861
0.057469882,-0.09307861
0.057484902,-0.09307861
0.057499923,-0.09307861
0.057514947,-0.09307861
0.057529967,-0.13931036
0.057544988,-0.13931036
0.057560008,-0.13931036
0.05757503,-0.13931036
0.05759005,-0.18554163
0.05760507,-0.18554163
0.057620093,-0.18554163
0.057635114,-0.18554163
0.057650134,-0.18554163
0.057665154,-0.2317729
0.057680175,-0.2317729
0.057695195,-0.2317729
0.057710215,-0.2317729
0.057725236,-0.27800417
0.05774026,-0.27800417
0.05775528,-0.27800417
0.0577703,-0.27800417
0.05778532,-0.27800417
0.05780034,-0.32423592
0.05781536,-0.32423592
0.057830382,-0.32423592
0.057845406,-0.32423592
0.057860427,-0.3704667
0.057875447,-0.3704667
0.057890467,-0.3704667
0.057905488,-0.3704667
0.057920508,-0.3704667
0.05793553,-0.41669846
0.057950553,-0.41669846
0.057965573,-0.41669846
0.057980593,-0.41669846
0.057995614,-0.46292973
0.058010634,-0.46292973
0.058025654,-0.46292973
0.058040675,-0.46292973
0.058055695,-0.46292973
0.05807072,-0.5091615
0.05808574,-0.5091615
0.05810076,-0.5091615
0.05811578,-0.5091615
0.0581308,-0.55539227
0.05814582,-0.55539227
0.05816084,-0.55539227
0.058175866,-0.55539227
0.058190886,-0.55539227
0.058205906,-0.601624
0.058220927,-0.601624
0.058235947,-0.601624
0.058250967,-0.601624
0.058265988,-0.601624
0.058281012,-0.6478553
0.058296032,-0.6478553
0.058311053,-0.6478553
0.058326073,-0.6478553
0.058341093,-0.694087
0.058356114,-0.694087
0.058371134,-0.694087
0.058386154,-0.694087
0.05840118,-0.694087
0.0584162,-0.7403178
0.05843122,-0.7403178
0.05844624,-0.7403178
0.05846126,-0.7403178
0.05847628,-0.7403178
0.0584913,-0.78654957
0.058506325,-0.78654957
0.058521345,-0.78654957
0.058536366,-0.78654957
0.058551386,-0.83278084
0.058566406,-0.83278084
0.058581427,-0.83278084
0.058596447,-0.83278084
0.05861147,-0.83278084
0.05862649,-0.8790121
0.058641512,-0.8790121
0.058656532,-0.8790121
0.058671553,-0.8790121
0.058686573,-0.8790121
0.058701593,-0.9252434
0.058716614,-0.9252434
0.058731638,-0.9252434
0.05874666,-0.9252434
0.05876168,-0.9714751
0.0587767,-0.9714751
0.05879172,-0.9714751
0.05880674,-0.9714751
0.05882176,-0.9714751
0.058836784,-1.0177064
0.058851805,-1.0177064
0.058866825,-1.0177064
0.058881845,-1.0177064
0.058896866,-1.0177064
0.058911886,-1.0639377
0.058926906,-1.0639377
0.05894193,-1.0639377
0.05895695,-1.0639377
0.05897197,-1.0639377
0.05898699,-1.1101689
0.059002012,-1.1101689
0.059017032,-1.1101689
0.059032053,-1.1101689
0.059047073,-1.1564007
0.059062097,-1.1564007
0.059077118,-1.1564007
0.059092138,-1.1564007
0.05910716,-1.1564007
0.05912218,-1.202632
0.0591372,-1.202632
0.05915222,-1.202632
0.059167244,-1.202632
0.059182264,-1.202632
0.059197284,-1.2488632
0.059212305,-1.2488632
0.059227325,-1.2488632
0.059242345,-1.2488632
0.059257366,-1.2488632
0.05927239,-1.2950945
0.05928741,-1.2950945
0.05930243,-1.2950945
0.05931745,-1.2950945
0.05933247,-1.3413262
0.05934749,-1.3413262
0.059362512,-1.3413262
0.059377532,-1.3413262
0.059392557,-1.3413262
0.059407577,-1.387557
0.059422597,-1.387557
0.059437618,-1.387557
0.059452638,-1.387557
0.05946766,-1.387557
0.05948268,-1.4337888
0.059497703,-1.4337888
0.059512723,-1.4337888
0.059527744,-1.4337888
0.059542764,-1.4337888
0.059557784,-1.48002
0.059572805,-1.48002
0.059587825,-1.48002
0.05960285,-1.48002
0.05961787,-1.48002
0.05963289,-1.48002
0.05964791,-1.48002
0.05966293,-1.48002
0.05967795,-1.5262513
0.05969297,-1.5262513
0.05970799,-1.5262513
0.059723016,-1.5262513
0.059738036,-1.5262513
0.059753057,-1.5724826
0.059768077,-1.5724826
0.059783097,-1.5724826
0.059798118,-1.5724826
0.059813138,-1.5724826
0.059828162,-1.6187139
0.059843183,-1.6187139
0.059858203,-1.6187139
0.059873223,-1.6187139
0.059888244,-1.6187139
0.059903264,-1.6187139
0.059918284,-1.6187139
0.05993331,-1.6187139
0.05994833,-1.5724826
0.05996335,-1.5724826
0.05997837,-1.5724826
0.05999339,-1.5724826
0.06000841,-1.5724826
0.06002343,-1.5262513
0.06003845,-1.5262513
0.060053475,-1.5262513
0.060068496,-1.5262513
0.060083516,-1.48002
0.060098536,-1.48002
0.060113557,-1.48002
0.060128577,-1.48002
0.060143597,-1.48002
0.06015862,-1.48002
0.060173642,-1.48002
0.060188662,-1.4337888
0.060203683,-1.4337888
0.060218703,-1.4337888
0.060233723,-1.4337888
0.060248744,-1.4337888
0.060263768,-1.387557
0.06027879,-1.387557
0.06029381,-1.387557
0.06030883,-1.387557
0.06032385,-1.387557
0.06033887,-1.3413262
0.06035389,-1.3413262
0.06036891,-1.3413262
0.060383935,-1.3413262
0.060398955,-1.3413262
0.060413975,-1.2950945
0.060428996,-1.2950945
0.060444016,-1.2950945
0.060459036,-1.2950945
0.060474057,-1.2488632
0.06048908,-1.2488632
0.0605041,-1.2488632
0.06051912,-1.2488632
0.060534142,-1.2488632
0.060549162,-1.202632
0.060564183,-1.202632
0.060579203,-1.202632
0.060594227,-1.202632
0.060609248,-1.1564007
0.060624268,-1.1564007
0.06063929,-1.1564007
0.06065431,-1.1564007
0.06066933,-1.1564007
0.06068435,-1.1101689
0.06069937,-1.1101689
0.060714394,-1.1101689
0.060729414,-1.1101689
0.060744435,-1.0639377
0.060759455,-1.0639377
0.060774475,-1.0639377
0.060789496,-1.0639377
0.060804516,-1.0639377
0.06081954,-1.0177064
0.06083456,-1.0177064
0.06084958,-1.0177064
0.0608646,-1.0177064
0.06087962,-1.0177064
0.060894642,-0.9714751
0.060909662,-0.9714751
0.060924686,-0.9714751
0.060939707,-0.9714751
0.060954727,-0.9252434
0.060969748,-0.9252434
0.060984768,-0.9252434
0.06099979,-0.9252434
0.06101481,-0.9252434
0.06102983,-0.8790121
0.061044853,-0.8790121
0.061059874,-0.8790121
0.061074894,-0.8790121
0.061089914,-0.8790121
0.061104935,-0.83278084
0.061119955,-0.83278084
0.061134975,-0.83278084
0.06115,-0.83278084
0.06116502,-0.78654957
0.06118004,-0.78654957
0.06119506,-0.78654957
0.06121008,-0.78654957
0.0612251,-0.78654957
0.06124012,-0.7403178
0.061255146,-0.7403178
0.061270166,-0.7403178
0.061285187,-0.7403178
0.061300207,-0.7403178
0.061315227,-0.694087
0.061330248,-0.694087
0.061345268,-0.694087
0.06136029,-0.694087
0.061375313,-0.694087
0.061390333,-0.6478553
0.061405353,-0.6478553
0.061420374,-0.6478553
0.061435394,-0.6478553
0.061450414,-0.601624
0.061465435,-0.601624
0.06148046,-0.601624
0.06149548,-0.601624
0.0615105,-0.601624
0.06152552,-0.55539227
0.06154054,-0.55539227
0.06155556,-0.55539227
0.06157058,-0.55539227
0.061585605,-0.5091615
0.061600626,-0.5091615
0.061615646,-0.5091615
0.061630666,-0.5091615
0.061645687,-0.5091615
0.061660707,-0.46292973
0.061675727,-0.46292973
0.06169075,-0.46292973
0.06170577,-0.46292973
0.061720792,-0.46292973
0.061735813,-0.41669846
0.061750833,-0.41669846
0.061765853,-0.41669846
0.061780874,-0.41669846
0.061795894,-0.41669846
0.06181092,-0.3704667
0.06182594,-0.3704667
0.06184096,-0.3704667
0.06185598,-0.3704667
0.061871,-0.32423592
0.06188602,-0.32423592
0.06190104,-0.32423592
0.061916064,-0.32423592
0.061931085,-0.32423592
0.061946105,-0.27800417
0.061961126,-0.27800417
0.061976146,-0.27800417
0.061991166,-0.27800417
0.062006187,-0.2317729
0.06202121,-0.2317729
0.06203623,-0.2317729
0.06205125,-0.2317729
0.062066272,-0.2317729
0.062081292,-0.18554163
0.062096313,-0.18554163
0.062111333,-0.18554163
0.062126353,-0.18554163
0.062141377,-0.18554163
0.062156398,-0.13931036
0.06217142,-0.13931036
0.06218644,-0.13931036
0.06220146,-0.13931036
0.06221648,-0.09307861
0.0622315,-0.09307861
0.062246524,-0.09307861
0.062261544,-0.09307861
0.062276565,-0.09307861
0.062291585,-0.046847343
0.062306605,-0.046847343
0.062321626,-0.046847343
0.062336646,-0.046847343
0.06235167,-0.046847343
0.06236669,-6.160736E-4
0.06238171,-6.160736E-4
0.06239673,-6.160736E-4
0.06241175,-6.160736E-4
0.062426772,0.045615196
0.062441792,0.045615196
0.062456813,0.045615196
0.062471837,0.045615196
0.062486857,0.045615196
0.06250188,0.091846466
0.0625169,0.091846466
0.06253192,0.091846466
0.06254694,0.091846466
0.06256196,0.13807821
0.06257698,0.13807821
0.062592,0.13807821
0.06260702,0.13807821
0.06262204,0.13807821
0.06263707,0.184309
0.06265209,0.184309
0.06266711,0.184309
0.06268213,0.184309
0.06269715,0.184309
0.06271217,0.23054075
0.06272719,0.23054075
0.06274221,0.23054075
0.06275723,0.23054075
0.06277225,0.23054075
0.06278727,0.27677202
0.06280229,0.27677202
0.06281731,0.27677202
0.06283233,0.27677202
0.06284736,0.3230033
0.06286238,0.3230033
0.0628774,0.3230033
0.06289242,0.3230033
0.06290744,0.3230033
0.06292246,0.36923456
0.06293748,0.36923456
0.0629525,0.36923456
0.062967524,0.36923456
0.062982544,0.4154663
0.062997565,0.4154663
0.063012585,0.4154663
0.063027605,0.4154663
0.063042626,0.4154663
0.063057646,0.46169758
0.063072674,0.46169758
0.063087694,0.46169758
0.063102715,0.46169758
0.063117735,0.46169758
0.063132755,0.50792885
0.063147776,0.50792885
0.063162796,0.50792885
0.06317782,0.50792885
0.06319284,0.50792885
0.06320786,0.5541601
0.06322288,0.5541601
0.0632379,0.5541601
0.06325292,0.5541601
0.06326794,0.5541601
0.06328296,0.60039186
0.06329799,0.60039186
0.06331301,0.60039186
0.06332803,0.60039186
0.06334305,0.64662313
0.06335807,0.64662313
0.06337309,0.64662313
0.06338811,0.64662313
0.06340313,0.64662313
0.06341815,0.6928544
0.06343317,0.6928544
0.06344819,0.6928544
0.06346321,0.6928544
0.06347823,0.6928544
0.06349325,0.7390857
0.06350828,0.7390857
0.0635233,0.7390857
0.06353832,0.7390857
0.06355334,0.7390857
0.06356836,0.7853174
0.06358338,0.7853174
0.0635984,0.7853174
0.06361342,0.7853174
0.06362844,0.7853174
0.06364346,0.8315482
0.06365848,0.8315482
0.0636735,0.8315482
0.063688524,0.8315482
0.063703544,0.87777996
0.063718565,0.87777996
0.06373359,0.87777996
0.06374861,0.87777996
0.06376363,0.87777996
0.063778654,0.92401123
0.063793674,0.92401123
0.063808694,0.92401123
0.063823715,0.92401123
0.063838735,0.92401123
0.063853756,0.970243
0.063868776,0.970243
0.0638838,0.970243
0.06389882,0.970243
0.06391384,0.970243
0.06392886,1.0164738
0.06394388,1.0164738
0.063958906,1.0164738
0.063973926,1.0164738
0.06398895,1.0164738
0.06400397,1.0627055
0.06401899,1.0627055
0.06403401,1.0627055
0.06404903,1.0627055
0.06406405,1.0627055
0.06407907,1.1089368
0.06409409,1.1089368
0.06410911,1.1089368
0.06412413,1.1089368
0.06413915,1.1089368
0.06415417,1.1551685
0.0641692,1.1551685
0.06418422,1.1551685
0.06419924,1.1551685
0.06421426,1.1551685
0.06422928,1.2013993
0.0642443,1.2013993
0.06425932,1.2013993
0.06427434,1.2013993
0.06428936,1.2013993
0.06430438,1.2476311
0.0643194,1.2476311
0.06433442,1.2476311
0.06434944,1.2476311
0.06436446,1.2938623
0.06437948,1.2938623
0.06439451,1.2938623
0.06440953,1.2938623
0.06442455,1.2938623
0.06443957,1.3400936
0.06445459,1.3400936
0.06446961,1.3400936
0.06448463,1.3400936
0.064499654,1.3400936
0.064514674,1.3400936
0.064529695,1.3863249
0.064544715,1.3863249
0.064559735,1.3863249
0.064574756,1.3863249
0.064589776,1.4325566
0.0646048,1.4325566
0.064619824,1.4325566
0.064634845,1.4325566
0.064649865,1.4325566
0.064664885,1.4325566
0.064679906,1.4787879
0.064694926,1.4787879
0.06470995,1.4787879
0.06472497,1.4787879
0.06473999,1.4787879
0.06475501,1.4787879
0.06477003,1.4787879
0.06478505,1.5250192
0.06480007,1.5250192
0.06481509,1.5250192
0.06483012,1.5250192
0.06484514,1.5250192
0.06486016,1.5712504
0.06487518,1.5712504
0.0648902,1.5712504
0.06490522,1.5712504
0.06492024,1.5712504
0.06493526,1.6174817
0.06495028,1.6174817
0.0649653,1.6174817
0.06498032,1.6174817
0.06499534,1.6174817
0.06501036,1.6174817
0.06502538,1.6637135
0.0650404,1.6637135
0.06505543,1.6637135
0.06507045,1.6637135
0.06508547,1.6637135
0.06510049,1.7099442
0.06511551,1.7099442
0.06513053,1.7099442
0.06514555,1.7099442
0.06516057,1.7099442
0.06517559,1.756176
0.06519061,1.756176
0.06520563,1.756176
0.065220654,1.756176
0.065235674,1.756176
0.065250695,1.756176
0.065265715,1.7099442
0.06528074,1.7099442
0.06529576,1.7099442
0.06531078,1.7099442
0.065325804,1.7099442
0.065340824,1.6637135
0.065355845,1.6637135
0.065370865,1.6637135
0.065385886,1.6637135
0.065400906,1.6174817
0.06541593,1.6174817
0.06543095,1.6174817
0.06544597,1.6174817
0.06546099,1.5712504
0.06547601,1.5712504
0.065491036,1.5712504
0.065506056,1.5712504
0.06552108,1.5712504
0.0655361,1.5250192
0.06555112,1.5250192
0.06556614,1.5250192
0.06558116,1.5250192
0.06559618,1.4787879
0.0656112,1.4787879
0.06562622,1.4787879
0.06564124,1.4787879
0.06565626,1.4787879
0.06567128,1.4787879
0.0656863,1.4787879
0.06570132,1.4325566
0.06571635,1.4325566
0.06573137,1.4325566
0.06574639,1.4325566
0.06576141,1.3863249
0.06577643,1.3863249
0.06579145,1.3863249
0.06580647,1.3863249
0.06582149,1.3863249
0.06583651,1.3400936
0.06585153,1.3400936
0.06586655,1.3400936
0.06588157,1.3400936
0.06589659,1.2938623
0.06591161,1.2938623
0.065926634,1.2938623
0.06594166,1.2938623
0.06595668,1.2938623
0.0659717,1.2476311
0.06598672,1.2476311
0.06600174,1.2476311
0.06601676,1.2476311
0.066031784,1.2013993
0.066046804,1.2013993
0.066061825,1.2013993
0.066076845,1.2013993
0.066091865,1.2013993
0.066106886,1.1551685
0.066121906,1.1551685
0.06613693,1.1551685
0.066151954,1.1551685
0.066166975,1.1089368
0.066181995,1.1089368
0.066197015,1.1089368
0.066212036,1.1089368
0.066227056,1.0627055
0.06624208,1.0627055
0.0662571,1.0627055
0.06627212,1.0627055
0.06628714,1.0627055
0.06630216,1.0164738
0.06631718,1.0164738
0.0663322,1.0164738
0.06634722,1.0164738
0.06636224,0.970243
0.06637727,0.970243
0.06639229,0.970243
0.06640731,0.970243
0.06642233,0.92401123
0.06643735,0.92401123
0.06645237,0.92401123
0.06646739,0.92401123
0.06648241,0.92401123
0.06649743,0.87777996
0.06651245,0.87777996
0.06652747,0.87777996
0.06654249,0.87777996
0.06655751,0.8315482
0.06657253,0.8315482
0.06658755,0.8315482
0.06660258,0.8315482
0.0666176,0.7853174
0.06663262,0.7853174
0.06664764,0.7853174
0.06666266,0.7853174
0.06667768,0.7853174
0.0666927,0.7390857
0.06670772,0.7390857
0.06672274,0.7390857
0.06673776,0.7390857
0.066752784,0.7390857
0.066767804,0.6928544
0.066782825,0.6928544
0.066797845,0.6928544
0.06681287,0.6928544
0.06682789,0.64662313
0.06684291,0.64662313
0.066857934,0.64662313
0.066872954,0.64662313
0.066887975,0.60039186
0.066902995,0.60039186
0.066918015,0.60039186
0.066933036,0.60039186
0.066948056,0.60039186
0.06696308,0.5541601
0.0669781,0.5541601
0.06699312,0.5541601
0.06700814,0.5541601
0.06702316,0.50792885
0.067038186,0.50792885
0.067053206,0.50792885
0.06706823,0.50792885
0.06708325,0.50792885
0.06709827,0.46169758
0.06711329,0.46169758
0.06712831,0.46169758
0.06714333,0.46169758
0.06715835,0.4154663
0.06717337,0.4154663
0.06718839,0.4154663
0.06720341,0.4154663
0.06721843,0.4154663
0.06723345,0.36923456
0.06724847,0.36923456
0.0672635,0.36923456
0.06727852,0.36923456
0.06729354,0.3230033
0.06730856,0.3230033
0.06732358,0.3230033
0.0673386,0.3230033
0.06735362,0.27677202
0.06736864,0.27677202
0.06738366,0.27677202
0.06739868,0.27677202
0.0674137,0.27677202
0.06742872,0.23054075
0.06744374,0.23054075
0.06745876,0.23054075
0.06747379,0.23054075
0.06748881,0.184309
0.06750383,0.184309
0.06751885,0.184309
0.06753387,0.184309
0.06754889,0.184309
0.067563914,0.13807821
0.067578934,0.13807821
0.067593955,0.13807821
0.067608975,0.13807821
0.067623995,0.091846466
0.067639016,0.091846466
0.067654036,0.091846466
0.06766906,0.091846466
0.06768408,0.091846466
0.067699105,0.045615196
0.067714125,0.045615196
0.067729145,0.045615196
0.067744166,0.045615196
0.067759186,-6.160736E-4
0.06777421,-6.160736E-4
0.06778923,-6.160736E-4
0.06780425,-6.160736E-4
0.06781927,-0.046847343
0.06783429,-0.046847343
0.06784931,-0.046847343
0.06786433,-0.046847343
0.06787935,-0.09307861
0.06789437,-0.09307861
0.0679094,-0.09307861
0.06792442,-0.09307861
0.06793944,-0.09307861
0.06795446,-0.13931036
0.06796948,-0.13931036
0.0679845,-0.13931036
0.06799952,-0.13931036
0.06801454,-0.13931036
0.06802956,-0.18554163
0.06804458,-0.18554163
0.0680596,-0.18554163
0.06807462,-0.18554163
0.06808964,-0.2317729
0.06810466,-0.2317729
0.06811968,-0.2317729
0.06813471,-0.2317729
0.06814973,-0.2317729
0.06816475,-0.27800417
0.06817977,-0.27800417
0.06819479,-0.27800417
0.06820981,-0.27800417
0.06822483,-0.32423592
0.06823985,-0.32423592
0.06825487,-0.32423592
0.06826989,-0.32423592
0.068284914,-0.32423592
0.068299934,-0.3704667
0.068314955,-0.3704667
0.068329975,-0.3704667
0.068344995,-0.3704667
0.06836002,-0.41669846
0.06837504,-0.41669846
0.068390064,-0.41669846
0.068405084,-0.41669846
0.068420105,-0.46292973
0.068435125,-0.46292973
0.068450145,-0.46292973
0.068465166,-0.46292973
0.068480186,-0.46292973
0.06849521,-0.5091615
0.06851023,-0.5091615
0.06852525,-0.5091615
0.06854027,-0.5091615
0.06855529,-0.5091615
0.068570316,-0.55539227
0.068585336,-0.55539227
0.06860036,-0.55539227
0.06861538,-0.55539227
0.0686304,-0.55539227
0.06864542,-0.601624
0.06866044,-0.601624
0.06867546,-0.601624
0.06869048,-0.601624
0.0687055,-0.6478553
0.06872052,-0.6478553
0.06873554,-0.6478553
0.06875056,-0.6478553
0.06876558,-0.6478553
0.0687806,-0.694087
0.06879563,-0.694087
0.06881065,-0.694087
0.06882567,-0.694087
0.06884069,-0.694087
0.06885571,-0.7403178
0.06887073,-0.7403178
0.06888575,-0.7403178
0.06890077,-0.7403178
0.06891579,-0.78654957
0.06893081,-0.78654957
0.06894583,-0.78654957
0.06896085,-0.78654957
0.06897587,-0.78654957
0.06899089,-0.83278084
0.069005914,-0.83278084
0.06902094,-0.83278084
0.06903596,-0.83278084
0.06905098,-0.83278084
0.069066,-0.8790121
0.06908102,-0.8790121
0.06909604,-0.8790121
0.069111064,-0.8790121
0.069126084,-0.9252434
0.069141105,-0.9252434
0.069156125,-0.9252434
0.069171146,-0.9252434
0.069186166,-0.9252434
0.06920119,-0.9714751
0.06921621,-0.9714751
0.069231234,-0.9714751
0.069246255,-0.9714751
0.069261275,-0.9714751
0.069276296,-1.0177064
0.069291316,-1.0177064
0.06930634,-1.0177064
0.06932136,-1.0177064
0.06933638,-1.0639377
0.0693514,-1.0639377
0.06936642,-1.0639377
0.06938144,-1.0639377
0.06939646,-1.0639377
0.06941148,-1.1101689
0.0694265,-1.1101689
0.06944152,-1.1101689
0.06945655,-1.1101689
0.06947157,-1.1101689
0.06948659,-1.1564007
0.06950161,-1.1564007
0.06951663,-1.1564007
0.06953165,-1.1564007
0.06954667,-1.1564007
0.06956169,-1.202632
0.06957671,-1.202632
0.06959173,-1.202632
0.06960675,-1.202632
0.06962177,-1.202632
0.06963679,-1.2488632
0.06965181,-1.2488632
0.06966683,-1.2488632
0.06968186,-1.2488632
0.06969688,-1.2950945
0.0697119,-1.2950945
0.06972692,-1.2950945
0.06974194,-1.2950945
0.06975696,-1.2950945
0.06977198,-1.3413262
0.069787,-1.3413262
0.06980202,-1.3413262
0.069817044,-1.3413262
0.069832064,-1.3413262
0.069847085,-1.387557
0.069862105,-1.387557
0.069877125,-1.387557
0.06989215,-1.387557
0.06990717,-1.387557
0.069922194,-1.4337888
0.069937214,-1.4337888
0.069952235,-1.4337888
0.069967255,-1.4337888
0.069982275,-1.4337888
0.069997296,-1.48002
0.070012316,-1.48002
0.07002734,-1.48002
0.07004236,-1.48002
0.07005738,-1.48002
0.0700724,-1.48002
0.07008742,-1.48002
0.07010244,-1.5262513
0.070117466,-1.5262513
0.07013249,-1.5262513
0.07014751,-1.5262513
0.07016253,-1.5262513
0.07017755,-1.5724826
0.07019257,-1.5724826
0.07020759,-1.5724826
0.07022261,-1.5724826
0.07023763,-1.5724826
0.07025265,-1.6187139
0.07026767,-1.6187139
0.07028269,-1.6187139
0.07029771,-1.6187139
0.07031273,-1.6187139
0.07032775,-1.6187139
0.07034278,-1.6187139
0.0703578,-1.6187139
0.07037282,-1.6187139
0.07038784,-1.5724826
0.07040286,-1.5724826
0.07041788,-1.5724826
0.0704329,-1.5724826
0.07044792,-1.5262513
0.07046294,-1.5262513
0.07047796,-1.5262513
0.07049298,-1.5262513
0.070508,-1.5262513
0.07052302,-1.48002
0.070538044,-1.48002
0.07055307,-1.48002
0.07056809,-1.48002
0.07058311,-1.48002
0.07059813,-1.48002
0.07061315,-1.48002
0.07062817,-1.4337888
0.070643194,-1.4337888
0.070658214,-1.4337888
0.070673235,-1.4337888
0.070688255,-1.4337888
0.070703276,-1.387557
0.070718296,-1.387557
0.070733316,-1.387557
0.07074834,-1.387557
0.07076336,-1.3413262
0.070778385,-1.3413262
0.070793405,-1.3413262
0.070808426,-1.3413262
0.070823446,-1.3413262
0.07083847,-1.2950945
0.07085349,-1.2950945
0.07086851,-1.2950945
0.07088353,-1.2950945
0.07089855,-1.2488632
0.07091357,-1.2488632
0.07092859,-1.2488632
0.07094361,-1.2488632
0.07095863,-1.2488632
0.07097365,-1.202632
0.07098867,-1.202632
0.0710037,-1.202632
0.07101872,-1.202632
0.07103374,-1.202632
0.07104876,-1.1564007
0.07106378,-1.1564007
0.0710788,-1.1564007
0.07109382,-1.1564007
0.07110884,-1.1564007
0.07112386,-1.1101689
0.07113888,-1.1101689
0.0711539,-1.1101689
0.07116892,-1.1101689
0.07118394,-1.0639377
0.07119896,-1.0639377
0.07121399,-1.0639377
0.07122901,-1.0639377
0.07124403,-1.0639377
0.07125905,-1.0177064
0.07127407,-1.0177064
0.07128909,-1.0177064
0.07130411,-1.0177064
0.07131913,-0.9714751
0.07133415,-0.9714751
0.071349174,-0.9714751
0.071364194,-0.9714751
0.071379215,-0.9714751
0.071394235,-0.9252434
0.071409255,-0.9252434
0.071424276,-0.9252434
0.0714393,-0.9252434
0.071454324,-0.9252434
0.071469344,-0.8790121
0.071484365,-0.8790121
0.071499385,-0.8790121
0.071514405,-0.8790121
0.071529426,-0.83278084
0.071544446,-0.83278084
0.07155947,-0.83278084
0.07157449,-0.83278084
0.07158951,-0.83278084
0.07160453,-0.78654957
0.07161955,-0.78654957
0.07163457,-0.78654957
0.07164959,-0.78654957
0.07166462,-0.78654957
0.07167964,-0.7403178
0.07169466,-0.7403178
0.07170968,-0.7403178
0.0717247,-0.7403178
0.07173972,-0.694087
0.07175474,-0.694087
0.07176976,-0.694087
0.07178478,-0.694087
0.0717998,-0.694087
0.07181482,-0.6478553
0.07182984,-0.6478553
0.07184486,-0.6478553
0.07185988,-0.6478553
0.07187491,-0.6478553
0.07188993,-0.601624
0.07190495,-0.601624
0.07191997,-0.601624
0.07193499,-0.601624
0.07195001,-0.55539227
0.07196503,-0.55539227
0.07198005,-0.55539227
0.07199507,-0.55539227
0.07201009,-0.55539227
0.07202511,-0.5091615
0.07204013,-0.5091615
0.07205515,-0.5091615
0.072070174,-0.5091615
0.072085194,-0.5091615
0.07210022,-0.46292973
0.07211524,-0.46292973
0.07213026,-0.46292973
0.07214528,-0.46292973
0.0721603,-0.41669846
0.072175324,-0.41669846
0.072190344,-0.41669846
0.072205365,-0.41669846
0.072220385,-0.41669846
0.072235405,-0.3704667
0.072250426,-0.3704667
0.072265446,-0.3704667
0.07228047,-0.3704667
0.07229549,-0.32423592
0.07231051,-0.32423592
0.072325535,-0.32423592
0.072340555,-0.32423592
0.072355576,-0.32423592
0.072370596,-0.27800417
0.07238562,-0.27800417
0.07240064,-0.27800417
0.07241566,-0.27800417
0.07243068,-0.27800417
0.0724457,-0.2317729
0.07246072,-0.2317729
0.07247574,-0.2317729
0.07249076,-0.2317729
0.07250578,-0.2317729
0.0725208,-0.18554163
0.07253583,-0.18554163
0.07255085,-0.18554163
0.07256587,-0.18554163
0.07258089,-0.13931036
0.07259591,-0.13931036
0.07261093,-0.13931036
0.07262595,-0.13931036
0.07264097,-0.13931036
0.07265599,-0.09307861
0.07267101,-0.09307861
0.07268603,-0.09307861
0.07270105,-0.09307861
0.07271607,-0.09307861
0.07273109,-0.046847343
0.07274611,-0.046847343
0.07276114,-0.046847343
0.07277616,-0.046847343
0.07279118,-6.160736E-4
0.0728062,-6.160736E-4
0.07282122,-6.160736E-4
0.07283624,-6.160736E-4
0.07285126,0.045615196
0.07286628,0.045615196
0.072881304,0.045615196
0.072896324,0.045615196
0.072911344,0.045615196
0.072926365,0.091846466
0.072941385,0.091846466
0.072956406,0.091846466
0.072971426,0.091846466
0.072986454,0.091846466
0.073001474,0.13807821
0.073016495,0.13807821
0.073031515,0.13807821
0.073046535,0.13807821
0.073061556,0.13807821
0.073076576,0.184309
0.0730916,0.184309
0.07310662,0.184309
0.07312164,0.184309
0.07313666,0.23054075
0.07315168,0.23054075
0.0731667,0.23054075
0.07318172,0.23054075
0.07319675,0.23054075
0.07321177,0.27677202
0.07322679,0.27677202
0.07324181,0.27677202
0.07325683,0.27677202
0.07327185,0.27677202
0.07328687,0.3230033
0.07330189,0.3230033
0.07331691,0.3230033
0.07333193,0.3230033
0.07334695,0.36923456
0.07336197,0.36923456
0.07337699,0.36923456
0.07339201,0.36923456
0.07340703,0.36923456
0.07342206,0.4154663
0.07343708,0.4154663
0.0734521,0.4154663
0.07346712,0.4154663
0.07348214,0.4154663
0.07349716,0.46169758
0.07351218,0.46169758
0.0735272,0.46169758
0.07354222,0.46169758
0.07355724,0.46169758
0.07357226,0.50792885
0.07358728,0.50792885
0.073602304,0.50792885
0.073617324,0.50792885
0.073632345,0.5541601
0.07364737,0.5541601
0.07366239,0.5541601
0.07367741,0.5541601
0.07369243,0.5541601
0.073707454,0.60039186
0.073722474,0.60039186
0.073737495,0.60039186
0.073752515,0.60039186
0.073767535,0.60039186
0.073782556,0.64662313
0.073797576,0.64662313
0.0738126,0.64662313
0.07382762,0.64662313
0.07384264,0.64662313
0.073857665,0.6928544
0.073872685,0.6928544
0.073887706,0.6928544
0.073902726,0.6928544
0.07391775,0.6928544
0.07393277,0.7390857
0.07394779,0.7390857
0.07396281,0.7390857
0.07397783,0.7390857
0.07399285,0.7853174
0.07400787,0.7853174
0.07402289,0.7853174
0.07403791,0.7853174
0.07405293,0.7853174
0.07406795,0.8315482
0.07408298,0.8315482
0.074098,0.8315482
0.07411302,0.8315482
0.07412804,0.8315482
0.07414306,0.87777996
0.07415808,0.87777996
0.0741731,0.87777996
0.07418812,0.87777996
0.07420314,0.87777996
0.07421816,0.92401123
0.07423318,0.92401123
0.0742482,0.92401123
0.07426322,0.92401123
0.07427824,0.92401123
0.07429327,0.970243
0.07430829,0.970243
0.07432331,0.970243
0.07433833,0.970243
0.07435335,0.970243
0.07436837,1.0164738
0.07438339,1.0164738
0.07439841,1.0164738
0.07441343,1.0164738
0.074428454,1.0627055
0.074443474,1.0627055
0.074458495,1.0627055
0.074473515,1.0627055
0.074488536,1.0627055
0.074503556,1.0627055
0.07451858,1.1089368
0.074533604,1.1089368
0.074548624,1.1089368
0.074563645,1.1089368
0.074578665,1.1551685
0.074593686,1.1551685
0.074608706,1.1551685
0.07462373,1.1551685
0.07463875,1.1551685
0.07465377,1.2013993
0.07466879,1.2013993
0.07468381,1.2013993
0.07469883,1.2013993
0.07471385,1.2013993
0.07472887,1.2476311
0.0747439,1.2476311
0.07475892,1.2476311
0.07477394,1.2476311
0.07478896,1.2476311
0.07480398,1.2938623
0.074819,1.2938623
0.07483402,1.2938623
0.07484904,1.2938623
0.07486406,1.2938623
0.07487908,1.3400936
0.0748941,1.3400936
0.07490912,1.3400936
0.07492414,1.3400936
0.07493916,1.3400936
0.07495419,1.3863249
0.07496921,1.3863249
0.07498423,1.3863249
0.07499925,1.3863249
0.07501427,1.3863249
0.07502929,1.4325566
0.07504431,1.4325566
0.07505933,1.4325566
0.07507435,1.4325566
0.07508937,1.4325566
0.07510439,1.4787879
0.07511941,1.4787879
0.075134434,1.4787879
0.075149454,1.4787879
0.075164475,1.4787879
0.0751795,1.4787879
0.07519452,1.4787879
0.07520954,1.4787879
0.07522456,1.5250192
0.075239584,1.5250192
0.075254604,1.5250192
0.075269625,1.5250192
0.075284645,1.5250192
0.075299665,1.5712504
0.075314686,1.5712504
0.075329706,1.5712504
0.07534473,1.5712504
0.07535975,1.5712504
0.07537477,1.6174817
0.07538979,1.6174817
0.075404815,1.6174817
0.075419836,1.6174817
0.075434856,1.6174817
0.07544988,1.6637135
0.0754649,1.6637135
0.07547992,1.6637135
0.07549494,1.6637135
0.07550996,1.6637135
0.07552498,1.7099442
0.07554,1.7099442
0.07555502,1.7099442
0.07557004,1.7099442
0.07558506,1.7099442
0.07560008,1.756176
0.07561511,1.756176
0.07563013,1.756176
0.07564515,1.756176
0.07566017,1.756176
0.07567519,1.756176
0.07569021,1.756176
0.07570523,1.7099442
0.07572025,1.7099442
0.07573527,1.7099442
0.07575029,1.7099442
0.07576531,1.7099442
0.07578033,1.6637135
0.07579535,1.6637135
0.07581037,1.6637135
0.07582539,1.6637135
0.07584042,1.6174817
0.07585544,1.6174817
0.07587046,1.6174817
0.07588548,1.6174817
0.0759005,1.5712504
0.07591552,1.5712504
0.07593054,1.5712504
0.07594556,1.5712504
0.075960584,1.5712504
0.075975604,1.5250192
0.075990625,1.5250192
0.076005645,1.5250192
0.076020665,1.5250192
0.076035686,1.4787879
0.076050706,1.4787879
0.076065734,1.4787879
0.076080754,1.4787879
0.076095775,1.4787879
0.076110795,1.4787879
0.076125816,1.4325566
0.076140836,1.4325566
0.076155856,1.4325566
0.07617088,1.4325566
0.0761859,1.4325566
0.07620092,1.3863249
0.07621594,1.3863249
0.07623096,1.3863249
0.07624598,1.3863249
0.076261,1.3400936
0.07627603,1.3400936
0.07629105,1.3400936
0.07630607,1.3400936
0.07632109,1.3400936
0.07633611,1.2938623
0.07635113,1.2938623
0.07636615,1.2938623
0.07638117,1.2938623
0.07639619,1.2476311
0.07641121,1.2476311
0.07642623,1.2476311
0.07644125,1.2476311
0.07645627,1.2476311
0.07647129,1.2013993
0.07648631,1.2013993
0.07650134,1.2013993
0.07651636,1.2013993
0.07653138,1.1551685
0.0765464,1.1551685
0.07656142,1.1551685
0.07657644,1.1551685
0.07659146,1.1089368
0.07660648,1.1089368
0.0766215,1.1089368
0.07663652,1.1089368
0.07665154,1.1089368
0.076666564,1.0627055
0.076681584,1.0627055
0.076696604,1.0627055
0.076711625,1.0627055
0.07672665,1.0164738
0.07674167,1.0164738
0.07675669,1.0164738
0.076771714,1.0164738
0.076786734,1.0164738
0.076801755,0.970243
0.076816775,0.970243
0.076831795,0.970243
0.076846816,0.970243
0.076861836,0.92401123
0.07687686,0.92401123
0.07689188,0.92401123
0.0769069,0.92401123
0.07692192,0.87777996
0.076936945,0.87777996
0.076951966,0.87777996
0.076966986,0.87777996
0.07698201,0.87777996
0.07699703,0.8315482
0.07701205,0.8315482
0.07702707,0.8315482
0.07704209,0.8315482
0.07705711,0.7853174
0.07707213,0.7853174
0.07708715,0.7853174
0.07710217,0.7853174
0.07711719,0.7853174
0.07713221,0.7390857
0.07714723,0.7390857
0.07716226,0.7390857
0.07717728,0.7390857
0.0771923,0.6928544
0.07720732,0.6928544
0.07722234,0.6928544
0.07723736,0.6928544
0.07725238,0.6928544
0.0772674,0.64662313
0.07728242,0.64662313
0.07729744,0.64662313
0.07731246,0.64662313
0.07732748,0.60039186
0.0773425,0.60039186
0.07735752,0.60039186
0.07737254,0.60039186
0.07738757,0.5541601
0.07740259,0.5541601
0.07741761,0.5541601
0.07743263,0.5541601
0.07744765,0.5541601
0.07746267,0.50792885
0.07747769,0.50792885
0.077492714,0.50792885
0.077507734,0.50792885
0.077522755,0.46169758
0.077537775,0.46169758
0.077552795,0.46169758
0.077567816,0.46169758
0.077582836,0.4154663
0.077597864,0.4154663
0.077612884,0.4154663
0.077627905,0.4154663
0.077642925,0.4154663
0.077657945,0.36923456
0.077672966,0.36923456
0.077687986,0.36923456
0.07770301,0.36923456
0.07771803,0.3230033
0.07773305,0.3230033
0.07774807,0.3230033
0.07776309,0.3230033
0.07777811,0.3230033
0.07779313,0.27677202
0.07780815,0.27677202
0.07782318,0.27677202
0.0778382,0.27677202
0.07785322,0.23054075
0.07786824,0.23054075
0.07788326,0.23054075
0.07789828,0.23054075
0.0779133,0.23054075
0.07792832,0.184309
0.07794334,0.184309
0.07795836,0.184309
0.07797338,0.184309
0.0779884,0.13807821
0.07800342,0.13807821
0.07801844,0.13807821
0.07803346,0.13807821
0.07804849,0.13807821
0.07806351,0.091846466
0.07807853,0.091846466
0.07809355,0.091846466
0.07810857,0.091846466
0.07812359,0.045615196
0.07813861,0.045615196
0.07815363,0.045615196
0.07816865,0.045615196
0.07818367,0.045615196
0.07819869,-6.160736E-4
0.078213714,-6.160736E-4
0.078228734,-6.160736E-4
0.078243755,-6.160736E-4
0.07825878,-0.046847343
0.0782738,-0.046847343
0.07828882,-0.046847343
0.078303844,-0.046847343
0.078318864,-0.09307861
0.078333884,-0.09307861
0.078348905,-0.09307861
0.078363925,-0.09307861
0.078378946,-0.09307861
0.078393966,-0.13931036
0.07840899,-0.13931036
0.07842401,-0.13931036
0.07843903,-0.13931036
0.07845405,-0.18554163
0.07846907,-0.18554163
0.078484096,-0.18554163
0.078499116,-0.18554163
0.07851414,-0.18554163
0.07852916,-0.2317729
0.07854418,-0.2317729
0.0785592,-0.2317729
0.07857422,-0.2317729
0.07858924,-0.27800417
0.07860426,-0.27800417
0.07861928,-0.27800417
0.0786343,-0.27800417
0.07864932,-0.27800417
0.07866434,-0.32423592
0.07867936,-0.32423592
0.07869438,-0.32423592
0.07870941,-0.32423592
0.07872443,-0.3704667
0.07873945,-0.3704667
0.07875447,-0.3704667
0.07876949,-0.3704667
0.07878451,-0.3704667
0.07879953,-0.41669846
0.07881455,-0.41669846
0.07882957,-0.41669846
0.07884459,-0.41669846
0.07885961,-0.46292973
0.07887463,-0.46292973
0.07888965,-0.46292973
0.07890467,-0.46292973
0.0789197,-0.46292973
0.07893472,-0.5091615
0.07894974,-0.5091615
0.07896476,-0.5091615
0.07897978,-0.5091615
0.0789948,-0.5091615
0.07900982,-0.55539227
0.079024844,-0.55539227
0.079039864,-0.55539227
0.079054885,-0.55539227
0.079069905,-0.601624
0.079084925,-0.601624
0.079099946,-0.601624
0.079114966,-0.601624
0.07912999,-0.601624
0.079145014,-0.6478553
0.079160035,-0.6478553
0.079175055,-0.6478553
0.079190075,-0.6478553
0.079205096,-0.694087
0.079220116,-0.694087
0.07923514,-0.694087
0.07925016,-0.694087
0.07926518,-0.694087
0.0792802,-0.7403178
0.07929522,-0.7403178
0.07931024,-0.7403178
0.07932526,-0.7403178
0.07934028,-0.7403178
0.0793553,-0.78654957
0.07937033,-0.78654957
0.07938535,-0.78654957
0.07940037,-0.78654957
0.07941539,-0.83278084
0.07943041,-0.83278084
0.07944543,-0.83278084
0.07946045,-0.83278084
0.07947547,-0.83278084
0.07949049,-0.8790121
0.07950551,-0.8790121
0.07952053,-0.8790121
0.07953555,-0.8790121
0.07955057,-0.8790121
0.07956559,-0.9252434
0.07958062,-0.9252434
0.07959564,-0.9252434
0.07961066,-0.9252434
0.07962568,-0.9714751
0.0796407,-0.9714751
0.07965572,-0.9714751
0.07967074,-0.9714751
0.07968576,-0.9714751
0.07970078,-1.0177064
0.0797158,-1.0177064
0.07973082,-1.0177064
0.079745844,-1.0177064
0.079760864,-1.0177064
0.079775885,-1.0639377
0.079790905,-1.0639377
0.07980593,-1.0639377
0.07982095,-1.0639377
0.07983597,-1.0639377
0.079850994,-1.1101689
0.079866014,-1.1101689
0.079881035,-1.1101689
0.079896055,-1.1101689
0.079911076,-1.1101689
0.079926096,-1.1564007
0.079941116,-1.1564007
0.07995614,-1.1564007
0.07997116,-1.1564007
0.07998618,-1.202632
0.0800012,-1.202632
0.080016226,-1.202632
0.080031246,-1.202632
0.08004627,-1.202632
0.08006129,-1.2488632
0.08007631,-1.2488632
0.08009133,-1.2488632
0.08010635,-1.2488632
0.08012137,-1.2488632
0.08013639,-1.2950945
0.08015141,-1.2950945
0.08016643,-1.2950945
0.08018145,-1.2950945
0.08019647,-1.2950945
0.08021149,-1.3413262
0.08022651,-1.3413262
0.08024154,-1.3413262
0.08025656,-1.3413262
0.08027158,-1.3413262
0.0802866,-1.387557
0.08030162,-1.387557
0.08031664,-1.387557
0.08033166,-1.387557
0.08034668,-1.4337888
0.0803617,-1.4337888
0.08037672,-1.4337888
0.08039174,-1.4337888
0.08040676,-1.4337888
0.08042178,-1.48002
0.0804368,-1.48002
0.080451824,-1.48002
0.08046685,-1.48002
0.08048187,-1.48002
0.08049689,-1.48002
0.08051191,-1.48002
0.08052693,-1.48002
0.08054195,-1.5262513
0.080556974,-1.5262513
0.080571994,-1.5262513
0.080587015,-1.5262513
0.080602035,-1.5262513
0.080617055,-1.5724826
0.080632076,-1.5724826
0.080647096,-1.5724826
0.08066212,-1.5724826
0.080677144,-1.5724826
0.080692165,-1.6187139
0.080707185,-1.6187139
0.080722205,-1.6187139
0.080737226,-1.6187139
0.080752246,-1.6187139
0.08076727,-1.6187139
0.08078229,-1.6187139
0.08079731,-1.6187139
0.08081233,-1.5724826
0.08082735,-1.5724826
0.08084237,-1.5724826
0.08085739,-1.5724826
0.08087241,-1.5724826
0.08088743,-1.5262513
0.08090246,-1.5262513
0.08091748,-1.5262513
0.0809325,-1.5262513
0.08094752,-1.48002
0.08096254,-1.48002
0.08097756,-1.48002
0.08099258,-1.48002
0.0810076,-1.48002
0.08102262,-1.48002
0.08103764,-1.48002
0.08105266,-1.48002
0.08106768,-1.4337888
0.0810827,-1.4337888
0.08109772,-1.4337888
0.08111274,-1.4337888
0.08112777,-1.387557
0.08114279,-1.387557
0.08115781,-1.387557
0.08117283,-1.387557
0.08118785,-1.387557
0.08120287,-1.3413262
0.08121789,-1.3413262
0.08123291,-1.3413262
0.08124793,-1.3413262
0.08126295,-1.3413262
0.081277974,-1.2950945
0.081292994,-1.2950945
0.081308015,-1.2950945
0.081323035,-1.2950945
0.08133806,-1.2488632
0.08135308,-1.2488632
0.0813681,-1.2488632
0.081383124,-1.2488632
0.081398144,-1.2488632
0.081413165,-1.202632
0.081428185,-1.202632
0.081443205,-1.202632
0.081458226,-1.202632
0.081473246,-1.1564007
0.08148827,-1.1564007
0.08150329,-1.1564007
0.08151831,-1.1564007
0.08153333,-1.1564007
0.08154835,-1.1101689
0.081563376,-1.1101689
0.081578396,-1.1101689
0.08159342,-1.1101689
0.08160844,-1.1101689
0.08162346,-1.0639377
0.08163848,-1.0639377
0.0816535,-1.0639377
0.08166852,-1.0639377
0.08168354,-1.0177064
0.08169856,-1.0177064
0.08171358,-1.0177064
0.0817286,-1.0177064
0.08174362,-1.0177064
0.08175864,-0.9714751
0.08177366,-0.9714751
0.08178869,-0.9714751
0.08180371,-0.9714751
0.08181873,-0.9252434
0.08183375,-0.9252434
0.08184877,-0.9252434
0.08186379,-0.9252434
0.08187881,-0.9252434
0.08189383,-0.8790121
0.08190885,-0.8790121
0.08192387,-0.8790121
0.08193889,-0.8790121
0.08195391,-0.8790121
0.08196893,-0.83278084
0.08198395,-0.83278084
0.08199898,-0.83278084
0.082014,-0.83278084
0.08202902,-0.78654957
0.08204404,-0.78654957
0.08205906,-0.78654957
0.08207408,-0.78654957
0.082089104,-0.78654957
0.082104124,-0.7403178
0.082119144,-0.7403178
0.082134165,-0.7403178
0.082149185,-0.7403178
0.082164206,-0.7403178
0.082179226,-0.694087
0.08219425,-0.694087
0.08220927,-0.694087
0.082224295,-0.694087
0.082239315,-0.694087
0.082254335,-0.6478553
0.082269356,-0.6478553
0.082284376,-0.6478553
0.0822994,-0.6478553
0.08231442,-0.601624
0.08232944,-0.601624
0.08234446,-0.601624
0.08235948,-0.601624
0.0823745,-0.601624
0.08238952,-0.55539227
0.08240454,-0.55539227
0.08241956,-0.55539227
0.08243458,-0.55539227
0.08244961,-0.5091615
0.08246463,-0.5091615
0.08247965,-0.5091615
0.08249467,-0.5091615
0.08250969,-0.5091615
0.08252471,-0.46292973
0.08253973,-0.46292973
0.08255475,-0.46292973
0.08256977,-0.46292973
0.08258479,-0.46292973
0.08259981,-0.41669846
0.08261483,-0.41669846
0.08262985,-0.41669846
0.08264487,-0.41669846
0.0826599,-0.41669846
0.08267492,-0.3704667
0.08268994,-0.3704667
0.08270496,-0.3704667
0.08271998,-0.3704667
0.082735,-0.32423592
0.08275002,-0.32423592
0.08276504,-0.32423592
0.08278006,-0.32423592
0.08279508,-0.32423592
0.082810104,-0.27800417
0.082825124,-0.27800417
0.082840145,-0.27800417
0.082855165,-0.27800417
0.082870185,-0.2317729
0.08288521,-0.2317729
0.08290023,-0.2317729
0.082915254,-0.2317729
0.082930274,-0.2317729
0.082945295,-0.18554163
0.082960315,-0.18554163
0.082975335,-0.18554163
0.082990356,-0.18554163
0.083005376,-0.18554163
0.0830204,-0.13931036
0.08303542,-0.13931036
0.08305044,-0.13931036
0.08306546,-0.13931036
0.08308048,-0.13931036
0.0830955,-0.09307861
0.083110526,-0.09307861
0.08312555,-0.09307861
0.08314057,-0.09307861
0.08315559,-0.046847343
0.08317061,-0.046847343
0.08318563,-0.046847343
0.08320065,-0.046847343
0.08321567,-0.046847343
0.08323069,-6.160736E-4
0.08324571,-6.160736E-4
0.08326073,-6.160736E-4
0.08327575,-6.160736E-4
0.08329077,0.045615196
0.08330579,0.045615196
0.08332082,0.045615196
0.08333584,0.045615196
0.08335086,0.045615196
0.08336588,0.091846466
0.0833809,0.091846466
0.08339592,0.091846466
0.08341094,0.091846466
0.08342596,0.13807821
0.08344098,0.13807821
0.083456,0.13807821
0.08347102,0.13807821
0.08348604,0.13807821
0.08350106,0.184309
0.08351608,0.184309
0.083531104,0.184309
0.08354613,0.184309
0.08356115,0.184309
0.08357617,0.23054075
0.08359119,0.23054075
0.08360621,0.23054075
0.08362123,0.23054075
0.083636254,0.23054075
0.083651274,0.27677202
0.083666295,0.27677202
0.083681315,0.27677202
0.083696336,0.27677202
0.083711356,0.3230033
0.08372638,0.3230033
0.0837414,0.3230033
0.08375642,0.3230033
0.083771445,0.3230033
0.083786465,0.36923456
0.083801486,0.36923456
0.083816506,0.36923456
0.08383153,0.36923456
0.08384655,0.36923456
0.08386157,0.4154663
0.08387659,0.4154663
0.08389161,0.4154663
0.08390663,0.4154663
0.08392165,0.46169758
0.08393667,0.46169758
0.08395169,0.46169758
0.08396671,0.46169758
0.08398174,0.46169758
0.08399676,0.50792885
0.08401178,0.50792885
0.0840268,0.50792885
0.08404182,0.50792885
0.08405684,0.50792885
0.08407186,0.5541601
0.08408688,0.5541601
0.0841019,0.5541601
0.08411692,0.5541601
0.08413194,0.5541601
0.08414696,0.60039186
0.08416198,0.60039186
0.084177,0.60039186
0.08419202,0.60039186
0.08420705,0.60039186
0.08422207,0.64662313
0.08423709,0.64662313
0.08425211,0.64662313
0.08426713,0.64662313
0.08428215,0.6928544
0.08429717,0.6928544
0.08431219,0.6928544
0.08432721,0.6928544
0.084342234,0.6928544
0.084357254,0.7390857
0.084372275,0.7390857
0.084387295,0.7390857
0.084402315,0.7390857
0.084417336,0.7390857
0.08443236,0.7853174
0.084447384,0.7853174
0.084462404,0.7853174
0.084477425,0.7853174
0.084492445,0.7853174
0.084507465,0.8315482
0.084522486,0.8315482
0.084537506,0.8315482
0.08455253,0.8315482
0.08456755,0.8315482
0.08458257,0.87777996
0.08459759,0.87777996
0.08461261,0.87777996
0.08462763,0.87777996
0.084642656,0.87777996
0.08465768,0.92401123
0.0846727,0.92401123
0.08468772,0.92401123
0.08470274,0.92401123
0.08471776,0.970243
0.08473278,0.970243
0.0847478,0.970243
0.08476282,0.970243
0.08477784,0.970243
0.08479286,1.0164738
0.08480788,1.0164738
0.0848229,1.0164738
0.08483792,1.0164738
0.08485294,1.0164738
0.08486797,1.0627055
0.08488299,1.0627055
0.08489801,1.0627055
0.08491303,1.0627055
0.08492805,1.0627055
0.08494307,1.1089368
0.08495809,1.1089368
0.08497311,1.1089368
0.08498813,1.1089368
0.08500315,1.1089368
0.08501817,1.1551685
0.08503319,1.1551685
0.08504821,1.1551685
0.085063234,1.1551685
0.085078254,1.1551685
0.08509328,1.2013993
0.0851083,1.2013993
0.08512332,1.2013993
0.08513834,1.2013993
0.08515336,1.2013993
0.085168384,1.2476311
0.085183404,1.2476311
0.085198425,1.2476311
0.085213445,1.2476311
0.085228465,1.2476311
0.085243486,1.2938623
0.085258506,1.2938623
0.08527353,1.2938623
0.08528855,1.2938623
0.085303575,1.2938623
0.085318595,1.3400936
0.085333616,1.3400936
0.085348636,1.3400936
0.08536366,1.3400936
0.08537868,1.3400936
0.0853937,1.3863249
0.08540872,1.3863249
0.08542374,1.3863249
0.08543876,1.3863249
0.08545378,1.4325566
0.0854688,1.4325566
0.08548382,1.4325566
0.08549884,1.4325566
0.08551386,1.4325566
0.08552889,1.4325566
0.08554391,1.4787879
0.08555893,1.4787879
0.08557395,1.4787879
0.08558897,1.4787879
0.08560399,1.4787879
0.08561901,1.4787879
0.08563403,1.4787879
0.08564905,1.5250192
0.08566407,1.5250192
0.08567909,1.5250192
0.08569411,1.5250192
0.08570913,1.5250192
0.08572415,1.5712504
0.08573917,1.5712504
0.0857542,1.5712504
0.08576922,1.5712504
0.08578424,1.5712504
0.08579926,1.5712504
0.08581428,1.6174817
0.0858293,1.6174817
0.08584432,1.6174817
0.08585934,1.6174817
0.085874364,1.6174817
0.085889384,1.6637135
0.085904405,1.6637135
0.085919425,1.6637135
0.085934445,1.6637135
0.085949466,1.6637135
0.08596449,1.7099442
0.085979514,1.7099442
0.085994534,1.7099442
0.086009555,1.7099442
0.086024575,1.7099442
0.086039595,1.756176
0.086054616,1.756176
0.086069636,1.756176
0.08608466,1.756176
0.08609968,1.756176
0.0861147,1.756176
0.08612972,1.756176
0.08614474,1.7099442
0.08615976,1.7099442
0.08617478,1.7099442
0.08618981,1.7099442
0.08620483,1.6637135
0.08621985,1.6637135
0.08623487,1.6637135
0.08624989,1.6637135
0.08626491,1.6174817
0.08627993,1.6174817
0.08629495,1.6174817
0.08630997,1.6174817
0.08632499,1.6174817
0.08634001,1.5712504
0.08635503,1.5712504
0.08637005,1.5712504
0.08638507,1.5712504
0.0864001,1.5250192
0.08641512,1.5250192
0.08643014,1.5250192
0.08644516,1.5250192
0.08646018,1.4787879
0.0864752,1.4787879
0.08649022,1.4787879
0.08650524,1.4787879
0.08652026,1.4787879
0.08653528,1.4787879
0.0865503,1.4787879
0.08656532,1.4325566
0.08658034,1.4325566
0.086595364,1.4325566
0.086610384,1.4325566
0.08662541,1.4325566
0.08664043,1.3863249
0.08665545,1.3863249
0.08667047,1.3863249
0.08668549,1.3863249
0.086700514,1.3400936
0.086715534,1.3400936
0.086730555,1.3400936
0.086745575,1.3400936
0.086760595,1.2938623
0.086775616,1.2938623
0.086790636,1.2938623
0.08680566,1.2938623
0.08682068,1.2938623
0.0868357,1.2476311
0.086850725,1.2476311
0.086865745,1.2476311
0.086880766,1.2476311
0.086895786,1.2013993
0.08691081,1.2013993
0.08692583,1.2013993
0.08694085,1.2013993
0.08695587,1.2013993
0.08697089,1.1551685
0.08698591,1.1551685
0.08700093,1.1551685
0.08701595,1.1551685
0.08703097,1.1089368
0.08704599,1.1089368
0.08706102,1.1089368
0.08707604,1.1089368
0.08709106,1.0627055
0.08710608,1.0627055
0.0871211,1.0627055
0.08713612,1.0627055
0.08715114,1.0627055
0.08716616,1.0164738
0.08718118,1.0164738
0.0871962,1.0164738
0.08721122,1.0164738
0.08722624,0.970243
0.08724126,0.970243
0.08725628,0.970243
0.0872713,0.970243
0.08728633,0.970243
0.08730135,0.92401123
0.08731637,0.92401123
0.08733139,0.92401123
0.08734641,0.92401123
0.08736143,0.87777996
0.08737645,0.87777996
0.08739147,0.87777996
0.08740649,0.87777996
0.087421514,0.87777996
0.087436534,0.8315482
0.087451555,0.8315482
0.087466575,0.8315482
0.087481596,0.8315482
0.087496616,0.7853174
0.087511644,0.7853174
0.087526664,0.7853174
0.087541685,0.7853174
0.087556705,0.7390857
0.087571725,0.7390857
0.087586746,0.7390857
0.087601766,0.7390857
0.08761679,0.7390857
0.08763181,0.6928544
0.08764683,0.6928544
0.08766185,0.6928544
0.08767687,0.6928544
0.08769189,0.64662313
0.08770691,0.64662313
0.08772194,0.64662313
0.08773696,0.64662313
0.08775198,0.60039186
0.087767,0.60039186
0.08778202,0.60039186
0.08779704,0.60039186
0.08781206,0.60039186
0.08782708,0.5541601
0.0878421,0.5541601
0.08785712,0.5541601
0.08787214,0.5541601
0.08788716,0.50792885
0.08790218,0.50792885
0.0879172,0.50792885
0.08793222,0.50792885
0.08794725,0.50792885
0.08796227,0.46169758
0.08797729,0.46169758
0.08799231,0.46169758
0.08800733,0.46169758
0.08802235,0.4154663
0.08803737,0.4154663
0.08805239,0.4154663
0.08806741,0.4154663
0.08808243,0.4154663
0.08809745,0.36923456
0.08811247,0.36923456
0.088127494,0.36923456
0.088142514,0.36923456
0.088157535,0.3230033
0.08817256,0.3230033
0.08818758,0.3230033
0.0882026,0.3230033
0.08821762,0.3230033
0.088232644,0.27677202
0.088247664,0.27677202
0.088262685,0.27677202
0.088277705,0.27677202
0.088292725,0.23054075
0.088307746,0.23054075
0.088322766,0.23054075
0.08833779,0.23054075
0.08835281,0.184309
0.08836783,0.184309
0.088382855,0.184309
0.088397875,0.184309
0.088412896,0.184309
0.088427916,0.13807821
0.08844294,0.13807821
0.08845796,0.13807821
0.08847298,0.13807821
0.088488,0.091846466
0.08850302,0.091846466
0.08851804,0.091846466
0.08853306,0.091846466
0.08854808,0.091846466
0.0885631,0.045615196
0.08857812,0.045615196
0.08859314,0.045615196
0.08860817,0.045615196
0.08862319,0.045615196
0.08863821,-6.160736E-4
0.08865323,-6.160736E-4
0.08866825,-6.160736E-4
0.08868327,-0.046847343
0.08869829,-0.046847343
0.08871331,-0.046847343
0.08872833,-0.046847343
0.08874335,-0.046847343
0.08875837,-0.09307861
0.08877339,-0.09307861
0.08878841,-0.09307861
0.08880343,-0.09307861
0.08881845,-0.13931036
0.08883348,-0.13931036
0.0888485,-0.13931036
0.08886352,-0.13931036
0.08887854,-0.13931036
0.08889356,-0.18554163
0.08890858,-0.18554163
0.0889236,-0.18554163
0.08893862,-0.18554163
0.088953644,-0.2317729
0.088968664,-0.2317729
0.088983685,-0.2317729
0.088998705,-0.2317729
0.089013726,-0.2317729
0.089028746,-0.27800417
0.08904377,-0.27800417
0.089058794,-0.27800417
0.089073814,-0.27800417
0.089088835,-0.27800417
0.089103855,-0.32423592
0.089118876,-0.32423592
0.089133896,-0.32423592
0.08914892,-0.32423592
0.08916394,-0.3704667
0.08917896,-0.3704667
0.08919398,-0.3704667
0.089209,-0.3704667
0.08922402,-0.3704667
0.08923904,-0.41669846
0.08925406,-0.41669846
0.08926909,-0.41669846
0.08928411,-0.41669846
0.08929913,-0.46292973
0.08931415,-0.46292973
0.08932917,-0.46292973
0.08934419,-0.46292973
0.08935921,-0.46292973
0.08937423,-0.5091615
0.08938925,-0.5091615
0.08940427,-0.5091615
0.08941929,-0.5091615
0.08943431,-0.55539227
0.08944933,-0.55539227
0.08946435,-0.55539227
0.08947937,-0.55539227
0.0894944,-0.55539227
0.08950942,-0.601624
0.08952444,-0.601624
0.08953946,-0.601624
0.08955448,-0.601624
0.0895695,-0.6478553
0.08958452,-0.6478553
0.08959954,-0.6478553
0.08961456,-0.6478553
0.08962958,-0.6478553
0.0896446,-0.694087
0.089659624,-0.694087
0.089674644,-0.694087
0.089689665,-0.694087
0.08970469,-0.694087
0.08971971,-0.7403178
0.08973473,-0.7403178
0.08974975,-0.7403178
0.089764774,-0.7403178
0.089779794,-0.7403178
0.089794815,-0.78654957
0.089809835,-0.78654957
0.089824855,-0.78654957
0.089839876,-0.78654957
0.089854896,-0.83278084
0.08986992,-0.83278084
0.08988494,-0.83278084
0.08989996,-0.83278084
0.08991498,-0.83278084
0.089930005,-0.8790121
0.089945026,-0.8790121
0.089960046,-0.8790121
0.08997507,-0.8790121
0.08999009,-0.8790121
0.09000511,-0.9252434
0.09002013,-0.9252434
0.09003515,-0.9252434
0.09005017,-0.9252434
0.09006519,-0.9714751
0.09008021,-0.9714751
0.09009523,-0.9714751
0.09011025,-0.9714751
0.09012527,-0.9714751
0.09014029,-1.0177064
0.09015532,-1.0177064
0.09017034,-1.0177064
0.09018536,-1.0177064
0.09020038,-1.0177064
0.0902154,-1.0639377
0.09023042,-1.0639377
0.09024544,-1.0639377
0.09026046,-1.0639377
0.09027548,-1.1101689
0.0902905,-1.1101689
0.09030552,-1.1101689
0.09032054,-1.1101689
0.09033556,-1.1101689
0.09035058,-1.1564007
0.09036561,-1.1564007
0.09038063,-1.1564007
0.09039565,-1.1564007
0.09041067,-1.1564007
0.09042569,-1.202632
0.09044071,-1.202632
0.09045573,-1.202632
0.09047075,-1.202632
0.090485774,-1.202632
0.090500794,-1.2488632
0.090515815,-1.2488632
0.090530835,-1.2488632
0.090545855,-1.2488632
0.090560876,-1.2950945
0.090575896,-1.2950945
0.090590924,-1.2950945
0.090605944,-1.2950945
0.090620965,-1.2950945
0.090635985,-1.3413262
0.090651006,-1.3413262
0.090666026,-1.3413262
0.090681046,-1.3413262
0.09069607,-1.3413262
0.09071109,-1.387557
0.09072611,-1.387557
0.09074113,-1.387557
0.09075615,-1.387557
0.09077117,-1.387557
0.09078619,-1.4337888
0.09080121,-1.4337888
0.09081624,-1.4337888
0.09083126,-1.4337888
0.09084628,-1.4337888
0.0908613,-1.48002
0.09087632,-1.48002
0.09089134,-1.48002
0.09090636,-1.48002
0.09092138,-1.48002
0.0909364,-1.48002
0.09095142,-1.48002
0.09096644,-1.48002
0.09098146,-1.5262513
0.09099648,-1.5262513
0.0910115,-1.5262513
0.09102653,-1.5262513
0.09104155,-1.5262513
0.09105657,-1.5724826
0.09107159,-1.5724826
0.09108661,-1.5724826
0.09110163,-1.5724826
0.09111665,-1.5724826
0.09113167,-1.6187139
0.09114669,-1.6187139
0.09116171,-1.6187139
0.09117673,-1.6187139
0.091191754,-1.6187139
0.091206774,-1.6187139
0.091221794,-1.6187139
0.091236815,-1.6187139
0.09125184,-1.5724826
0.09126686,-1.5724826
0.09128188,-1.5724826
0.091296904,-1.5724826
0.091311924,-1.5724826
0.091326945,-1.5262513
0.091341965,-1.5262513
0.091356985,-1.5262513
0.091372006,-1.5262513
0.091387026,-1.48002
0.09140205,-1.48002
0.09141707,-1.48002
0.09143209,-1.48002
0.09144711,-1.48002
0.09146213,-1.48002
0.091477156,-1.48002
0.091492176,-1.4337888
0.0915072,-1.4337888
0.09152222,-1.4337888
0.09153724,-1.4337888
0.09155226,-1.4337888
0.09156728,-1.387557
0.0915823,-1.387557
0.09159732,-1.387557
0.09161234,-1.387557
0.09162736,-1.3413262
0.09164238,-1.3413262
0.0916574,-1.3413262
0.09167242,-1.3413262
0.09168745,-1.3413262
0.09170247,-1.2950945
0.09171749,-1.2950945
0.09173251,-1.2950945
0.09174753,-1.2950945
0.09176255,-1.2950945
0.09177757,-1.2488632
0.09179259,-1.2488632
0.09180761,-1.2488632
0.09182263,-1.2488632
0.09183765,-1.202632
0.09185267,-1.202632
0.09186769,-1.202632
0.09188271,-1.202632
0.09189773,-1.202632
0.09191276,-1.1564007
0.09192778,-1.1564007
0.0919428,-1.1564007
0.09195782,-1.1564007
0.09197284,-1.1564007
0.09198786,-1.1101689
0.09200288,-1.1101689
0.092017904,-1.1101689
0.092032924,-1.1101689
0.092047945,-1.0639377
0.092062965,-1.0639377
0.092077985,-1.0639377
0.092093006,-1.0639377
0.092108026,-1.0639377
0.09212305,-1.0177064
0.092138074,-1.0177064
0.092153095,-1.0177064
0.092168115,-1.0177064
0.092183135,-1.0177064
0.092198156,-0.9714751
0.092213176,-0.9714751
0.0922282,-0.9714751
0.09224322,-0.9714751
0.09225824,-0.9252434
0.09227326,-0.9252434
0.09228828,-0.9252434
0.0923033,-0.9252434
0.09231832,-0.9252434
0.09233334,-0.8790121
0.09234837,-0.8790121
0.09236339,-0.8790121
0.09237841,-0.8790121
0.09239343,-0.83278084
0.09240845,-0.83278084
0.09242347,-0.83278084
0.09243849,-0.83278084
0.09245351,-0.83278084
0.09246853,-0.78654957
0.09248355,-0.78654957
0.09249857,-0.78654957
0.09251359,-0.78654957
0.09252861,-0.78654957
0.09254363,-0.7403178
0.09255865,-0.7403178
0.09257368,-0.7403178
0.0925887,-0.7403178
0.09260372,-0.7403178
0.09261874,-0.694087
0.09263376,-0.694087
0.09264878,-0.694087
0.0926638,-0.694087
0.09267882,-0.6478553
0.09269384,-0.6478553
0.09270886,-0.6478553
0.09272388,-0.6478553
0.092738904,-0.6478553
0.092753924,-0.601624
0.092768945,-0.601624
0.09278397,-0.601624
0.09279899,-0.601624
0.09281401,-0.601624
0.092829034,-0.55539227
0.092844054,-0.55539227
0.092859074,-0.55539227
0.092874095,-0.55539227
0.092889115,-0.5091615
0.092904136,-0.5091615
0.092919156,-0.5091615
0.09293418,-0.5091615
0.0929492,-0.5091615
0.09296422,-0.46292973
0.09297924,-0.46292973
0.09299426,-0.46292973
0.093009286,-0.46292973
0.093024306,-0.46292973
0.09303933,-0.41669846
0.09305435,-0.41669846
0.09306937,-0.41669846
0.09308439,-0.41669846
0.09309941,-0.3704667
0.09311443,-0.3704667
0.09312945,-0.3704667
0.09314447,-0.3704667
0.09315949,-0.3704667
0.09317451,-0.32423592
0.09318953,-0.32423592
0.09320455,-0.32423592
0.09321957,-0.32423592
0.0932346,-0.32423592
0.09324962,-0.27800417
0.09326464,-0.27800417
0.09327966,-0.27800417
0.09329468,-0.27800417
0.0933097,-0.2317729
0.09332472,-0.2317729
0.09333974,-0.2317729
0.09335476,-0.2317729
0.09336978,-0.2317729
0.0933848,-0.18554163
0.09339982,-0.18554163
0.09341484,-0.18554163
0.09342986,-0.18554163
0.09344489,-0.18554163
0.09345991,-0.13931036
0.09347493,-0.13931036
0.09348995,-0.13931036
0.09350497,-0.13931036
0.09351999,-0.09307861
0.09353501,-0.09307861
0.093550034,-0.09307861
0.093565054,-0.09307861
0.093580075,-0.09307861
0.093595095,-0.046847343
0.093610115,-0.046847343
0.093625136,-0.046847343
0.093640156,-0.046847343
0.09365518,-0.046847343
0.093670204,-6.160736E-4
0.093685225,-6.160736E-4
0.093700245,-6.160736E-4
0.093715265,-6.160736E-4
0.093730286,0.045615196
0.093745306,0.045615196
0.09376033,0.045615196
0.09377535,0.045615196
0.09379037,0.091846466
0.09380539,0.091846466
0.09382041,0.091846466
0.09383543,0.091846466
0.09385045,0.091846466
0.09386547,0.13807821
0.09388049,0.13807821
0.09389552,0.13807821
0.09391054,0.13807821
0.09392556,0.13807821
0.09394058,0.184309
0.0939556,0.184309
0.09397062,0.184309
0.09398564,0.184309
0.09400066,0.184309
0.09401568,0.23054075
0.0940307,0.23054075
0.09404572,0.23054075
0.09406074,0.23054075
0.09407576,0.27677202
0.09409078,0.27677202
0.09410581,0.27677202
0.09412083,0.27677202
0.09413585,0.27677202
0.09415087,0.3230033
0.09416589,0.3230033
0.09418091,0.3230033
0.09419593,0.3230033
0.09421095,0.3230033
0.09422597,0.36923456
0.09424099,0.36923456
0.09425601,0.36923456
0.094271034,0.36923456
0.094286054,0.4154663
0.094301075,0.4154663
0.094316095,0.4154663
0.09433112,0.4154663
0.09434614,0.4154663
0.09436116,0.46169758
0.094376184,0.46169758
0.094391204,0.46169758
0.094406225,0.46169758
0.094421245,0.46169758
0.094436266,0.50792885
0.094451286,0.50792885
0.094466306,0.50792885
0.09448133,0.50792885
0.09449635,0.50792885
0.09451137,0.5541601
0.09452639,0.5541601
0.09454141,0.5541601
0.094556436,0.5541601
0.09457146,0.60039186
0.09458648,0.60039186
0.0946015,0.60039186
0.09461652,0.60039186
0.09463154,0.60039186
0.09464656,0.64662313
0.09466158,0.64662313
0.0946766,0.64662313
0.09469162,0.64662313
0.09470664,0.64662313
0.09472166,0.6928544
0.09473668,0.6928544
0.0947517,0.6928544
0.09476673,0.6928544
0.09478175,0.6928544
0.09479677,0.7390857
0.09481179,0.7390857
0.09482681,0.7390857
0.09484183,0.7390857
0.09485685,0.7853174
0.09487187,0.7853174
0.09488689,0.7853174
0.09490191,0.7853174
0.09491693,0.7853174
0.09493195,0.7853174
0.09494697,0.8315482
0.09496199,0.8315482
0.094977014,0.8315482
0.09499204,0.8315482
0.09500706,0.87777996
0.09502208,0.87777996
0.0950371,0.87777996
0.09505212,0.87777996
0.09506714,0.87777996
0.095082164,0.92401123
0.095097184,0.92401123
0.095112205,0.92401123
0.095127225,0.92401123
0.095142245,0.92401123
0.095157266,0.970243
0.095172286,0.970243
0.09518731,0.970243
0.09520233,0.970243
0.095217355,0.970243
0.095232375,1.0164738
0.095247395,1.0164738
0.095262416,1.0164738
0.095277436,1.0164738
0.09529246,1.0164738
0.09530748,1.0627055
0.0953225,1.0627055
0.09533752,1.0627055
0.09535254,1.0627055
0.09536756,1.0627055
0.09538258,1.1089368
0.0953976,1.1089368
0.09541262,1.1089368
0.09542765,1.1089368
0.09544267,1.1551685
0.09545769,1.1551685
0.09547271,1.1551685
0.09548773,1.1551685
0.09550275,1.1551685
0.09551777,1.2013993
0.09553279,1.2013993
0.09554781,1.2013993
0.09556283,1.2013993
0.09557785,1.2013993
0.09559287,1.2476311
0.09560789,1.2476311
0.09562291,1.2476311
0.09563793,1.2476311
0.09565296,1.2476311
0.09566798,1.2938623
0.095683,1.2938623
0.09569802,1.2938623
0.09571304,1.2938623
0.09572806,1.2938623
0.09574308,1.3400936
0.0957581,1.3400936
0.09577312,1.3400936
0.09578814,1.3400936
0.095803164,1.3400936
0.095818184,1.3863249
0.095833205,1.3863249
0.095848225,1.3863249
0.095863245,1.3863249
0.09587827,1.3863249
0.09589329,1.4325566
0.095908314,1.4325566
0.095923334,1.4325566
0.095938355,1.4325566
0.095953375,1.4325566
0.095968395,1.4787879
0.095983416,1.4787879
0.095998436,1.4787879
0.09601346,1.4787879
0.09602848,1.4787879
0.0960435,1.4787879
0.09605852,1.4787879
0.09607354,1.4787879
0.096088566,1.5250192
0.096103586,1.5250192
0.09611861,1.5250192
0.09613363,1.5250192
0.09614865,1.5250192
0.09616367,1.5712504
0.09617869,1.5712504
0.09619371,1.5712504
0.09620873,1.5712504
0.09622375,1.5712504
0.09623877,1.6174817
0.09625379,1.6174817
0.09626881,1.6174817
0.09628383,1.6174817
0.09629885,1.6174817
0.09631388,1.6637135
0.0963289,1.6637135
0.09634392,1.6637135
0.09635894,1.6637135
0.09637396,1.6637135
0.09638898,1.7099442
0.096404,1.7099442
0.09641902,1.7099442
0.09643404,1.7099442
0.09644906,1.7099442
0.09646408,1.756176
0.0964791,1.756176
0.09649412,1.756176
0.09650914,1.756176
0.096524164,1.756176
0.09653919,1.756176
0.09655421,1.756176
0.09656923,1.7099442
0.09658425,1.7099442
0.09659927,1.7099442
0.096614294,1.7099442
0.096629314,1.7099442
0.096644334,1.6637135
0.096659355,1.6637135
0.096674375,1.6637135
0.096689396,1.6637135
0.096704416,1.6174817
0.09671944,1.6174817
0.09673446,1.6174817
0.096749485,1.6174817
0.096764505,1.5712504
0.096779525,1.5712504
0.096794546,1.5712504
0.096809566,1.5712504
0.09682459,1.5712504
0.09683961,1.5250192
0.09685463,1.5250192
0.09686965,1.5250192
0.09688467,1.5250192
0.09689969,1.4787879
0.09691471,1.4787879
0.09692973,1.4787879
0.09694475,1.4787879
0.09695977,1.4787879
0.0969748,1.4787879
0.09698982,1.4787879
0.09700484,1.4325566
0.09701986,1.4325566
0.09703488,1.4325566
0.0970499,1.4325566
0.09706492,1.3863249
0.09707994,1.3863249
0.09709496,1.3863249
0.09710998,1.3863249
0.097125,1.3863249
0.09714002,1.3400936
0.09715504,1.3400936
0.09717006,1.3400936
0.09718508,1.3400936
0.09720011,1.2938623
0.09721513,1.2938623
0.09723015,1.2938623
0.09724517,1.2938623
0.09726019,1.2938623
0.09727521,1.2476311
0.09729023,1.2476311
0.09730525,1.2476311
0.09732027,1.2476311
0.097335294,1.2013993
0.097350314,1.2013993
0.097365335,1.2013993
0.097380355,1.2013993
0.097395375,1.1551685
0.0974104,1.1551685
0.09742542,1.1551685
0.097440444,1.1551685
0.097455464,1.1551685
0.097470485,1.1089368
0.097485505,1.1089368
0.097500525,1.1089368
0.097515546,1.1089368
0.097530566,1.0627055
0.09754559,1.0627055
0.09756061,1.0627055
0.09757563,1.0627055
0.09759065,1.0164738
0.09760567,1.0164738
0.09762069,1.0164738
0.097635716,1.0164738
0.09765074,1.0164738
0.09766576,0.970243
0.09768078,0.970243
0.0976958,0.970243
0.09771082,0.970243
0.09772584,0.92401123
0.09774086,0.92401123
0.09775588,0.92401123
0.0977709,0.92401123
0.09778592,0.92401123
0.09780094,0.87777996
0.09781596,0.87777996
0.09783098,0.87777996
0.097846,0.87777996
0.09786103,0.8315482
0.09787605,0.8315482
0.09789107,0.8315482
0.09790609,0.8315482
0.09792111,0.8315482
0.09793613,0.7853174
0.09795115,0.7853174
0.09796617,0.7853174
0.09798119,0.7853174
0.09799621,0.7390857
0.09801123,0.7390857
0.09802625,0.7390857
0.09804127,0.7390857
0.098056294,0.6928544
0.09807132,0.6928544
0.09808634,0.6928544
0.09810136,0.6928544
0.09811638,0.6928544
0.0981314,0.64662313
0.09814642,0.64662313
0.098161444,0.64662313
0.098176464,0.64662313
0.098191485,0.60039186
0.098206505,0.60039186
0.098221526,0.60039186
0.098236546,0.60039186
0.09825157,0.60039186
0.09826659,0.5541601
0.09828161,0.5541601
0.098296635,0.5541601
0.098311655,0.5541601
0.098326676,0.50792885
0.098341696,0.50792885
0.09835672,0.50792885
0.09837174,0.50792885
0.09838676,0.50792885
0.09840178,0.46169758
0.0984168,0.46169758
0.09843182,0.46169758
0.09844684,0.46169758
0.09846186,0.4154663
0.09847688,0.4154663
0.0984919,0.4154663
0.09850693,0.4154663
0.09852195,0.36923456
0.09853697,0.36923456
0.09855199,0.36923456
0.09856701,0.36923456
0.09858203,0.36923456
0.09859705,0.3230033
0.09861207,0.3230033
0.09862709,0.3230033
0.09864211,0.3230033
0.09865713,0.27677202
0.09867215,0.27677202
0.09868717,0.27677202
0.09870219,0.27677202
0.09871721,0.23054075
0.09873224,0.23054075
0.09874726,0.23054075
0.09876228,0.23054075
0.0987773,0.23054075
0.09879232,0.184309
0.09880734,0.184309
0.09882236,0.184309
0.09883738,0.184309
0.0988524,0.184309
0.098867424,0.13807821
0.098882444,0.13807821
0.098897465,0.13807821
0.098912485,0.13807821
0.098927505,0.091846466
0.098942526,0.091846466
0.09895755,0.091846466
0.098972574,0.091846466
0.098987594,0.091846466
0.099002615,0.045615196
0.099017635,0.045615196
0.099032655,0.045615196
0.099047676,0.045615196
0.099062696,-6.160736E-4
0.09907772,-6.160736E-4
0.09909274,-6.160736E-4
0.09910776,-6.160736E-4
0.09912278,-0.046847343
0.0991378,-0.046847343
0.09915282,-0.046847343
0.099167846,-0.046847343
0.09918287,-0.046847343
0.09919789,-0.09307861
0.09921291,-0.09307861
0.09922793,-0.09307861
0.09924295,-0.09307861
0.09925797,-0.13931036
0.09927299,-0.13931036
0.09928801,-0.13931036
0.09930303,-0.13931036
0.09931805,-0.18554163
0.09933307,-0.18554163
0.09934809,-0.18554163
0.09936311,-0.18554163
0.09937813,-0.18554163
0.09939316,-0.2317729
0.09940818,-0.2317729
0.0994232,-0.2317729
0.09943822,-0.2317729
0.09945324,-0.2317729
0.09946826,-0.27800417
0.09948328,-0.27800417
0.0994983,-0.27800417
0.09951332,-0.27800417
0.09952834,-0.32423592
0.09954336,-0.32423592
0.09955838,-0.32423592
0.0995734,-0.32423592
0.099588424,-0.3704667
0.099603444,-0.3704667
0.09961847,-0.3704667
0.09963349,-0.3704667
0.09964851,-0.3704667
0.09966353,-0.41669846
0.09967855,-0.41669846
0.099693574,-0.41669846
0.099708594,-0.41669846
0.099723615,-0.41669846
0.099738635,-0.46292973
0.099753655,-0.46292973
0.099768676,-0.46292973
0.099783696,-0.46292973
0.09979872,-0.5091615
0.09981374,-0.5091615
0.099828765,-0.5091615
0.099843785,-0.5091615
0.099858806,-0.5091615
0.099873826,-0.55539227
0.09988885,-0.55539227
0.09990387,-0.55539227
0.09991889,-0.55539227
0.09993391,-0.55539227
0.09994893,-0.601624
0.09996395,-0.601624
0.09997897,-0.601624
0.09999399,-0.601624
0.10000901,-0.6478553
0.10002403,-0.6478553
0.10003905,-0.6478553
0.10005408,-0.6478553
0.1000691,-0.6478553
0.10008412,-0.694087
0.10009914,-0.694087
0.10011416,-0.694087
0.10012918,-0.694087
0.1001442,-0.694087
0.10015922,-0.7403178
0.10017424,-0.7403178
0.10018926,-0.7403178
0.10020428,-0.7403178
0.1002193,-0.78654957
0.10023432,-0.78654957
0.10024934,-0.78654957
0.10026436,-0.78654957
0.10027939,-0.78654957
0.10029441,-0.83278084
0.10030943,-0.83278084
0.10032445,-0.83278084
0.10033947,-0.83278084
0.10035449,-0.83278084
0.10036951,-0.8790121
0.10038453,-0.8790121
0.100399554,-0.8790121
0.100414574,-0.8790121
0.100429595,-0.9252434
0.100444615,-0.9252434
0.100459635,-0.9252434
0.100474656,-0.9252434
0.10048968,-0.9252434
0.100504704,-0.9714751
0.100519724,-0.9714751
0.100534745,-0.9714751
0.100549765,-0.9714751
0.100564785,-0.9714751
0.100579806,-1.0177064
0.100594826,-1.0177064
0.10060985,-1.0177064
0.10062487,-1.0177064
0.10063989,-1.0177064
0.10065491,-1.0639377
0.10066993,-1.0639377
0.10068495,-1.0639377
0.10069997,-1.0639377
0.100715,-1.1101689
0.10073002,-1.1101689
0.10074504,-1.1101689
0.10076006,-1.1101689
0.10077508,-1.1101689
0.1007901,-1.1564007
0.10080512,-1.1564007
0.10082014,-1.1564007
0.10083516,-1.1564007
0.10085018,-1.1564007
0.1008652,-1.202632
0.10088022,-1.202632
0.10089524,-1.202632
0.10091026,-1.202632
0.10092528,-1.202632
0.10094031,-1.2488632
0.10095533,-1.2488632
0.10097035,-1.2488632
0.10098537,-1.2488632
0.10100039,-1.2950945
0.10101541,-1.2950945
0.10103043,-1.2950945
0.10104545,-1.2950945
0.10106047,-1.2950945
0.10107549,-1.3413262
0.10109051,-1.3413262
0.10110553,-1.3413262
0.101120554,-1.3413262
0.101135574,-1.3413262
0.1011506,-1.387557
0.10116562,-1.387557
0.10118064,-1.387557
0.10119566,-1.387557
0.10121068,-1.387557
0.101225704,-1.4337888
0.101240724,-1.4337888
0.101255745,-1.4337888
0.101270765,-1.4337888
0.101285785,-1.4337888
0.101300806,-1.48002
0.101315826,-1.48002
0.10133085,-1.48002
0.10134587,-1.48002
0.10136089,-1.48002
0.101375915,-1.48002
0.101390935,-1.48002
0.101405956,-1.5262513
0.101420976,-1.5262513
0.101436,-1.5262513
0.10145102,-1.5262513
0.10146604,-1.5262513
0.10148106,-1.5724826
0.10149608,-1.5724826
0.1015111,-1.5724826
0.10152612,-1.5724826
0.10154114,-1.5724826
0.10155616,-1.6187139
0.10157118,-1.6187139
0.1015862,-1.6187139
0.10160123,-1.6187139
0.10161625,-1.6187139
0.10163127,-1.6187139
0.10164629,-1.6187139
0.10166131,-1.6187139
0.10167633,-1.5724826
0.10169135,-1.5724826
0.10170637,-1.5724826
0.10172139,-1.5724826
0.10173641,-1.5724826
0.10175143,-1.5262513
0.10176645,-1.5262513
0.10178147,-1.5262513
0.10179649,-1.5262513
0.10181152,-1.5262513
0.10182654,-1.48002
0.10184156,-1.48002
0.10185658,-1.48002
0.1018716,-1.48002
0.10188662,-1.48002
0.10190164,-1.48002
0.10191666,-1.48002
0.10193168,-1.4337888
0.101946704,-1.4337888
0.101961724,-1.4337888
0.101976745,-1.4337888
0.101991765,-1.387557
0.102006786,-1.387557
0.102021806,-1.387557
0.102036834,-1.387557
0.102051854,-1.387557
0.102066875,-1.3413262
0.102081895,-1.3413262
0.102096915,-1.3413262
0.102111936,-1.3413262
0.102126956,-1.3413262
0.10214198,-1.2950945
0.102157,-1.2950945
0.10217202,-1.2950945
0.10218704,-1.2950945
0.10220206,-1.2488632
0.10221708,-1.2488632
0.1022321,-1.2488632
0.10224712,-1.2488632
0.10226215,-1.2488632
0.10227717,-1.202632
0.10229219,-1.202632
0.10230721,-1.202632
0.10232223,-1.202632
0.10233725,-1.202632
0.10235227,-1.1564007
0.10236729,-1.1564007
0.10238231,-1.1564007
0.10239733,-1.1564007
0.10241235,-1.1101689
0.10242737,-1.1101689
0.10244239,-1.1101689
0.10245741,-1.1101689
0.10247244,-1.1101689
0.10248746,-1.0639377
0.10250248,-1.0639377
0.1025175,-1.0639377
0.10253252,-1.0639377
0.10254754,-1.0639377
0.10256256,-1.0177064
0.10257758,-1.0177064
0.1025926,-1.0177064
0.10260762,-1.0177064
0.10262264,-0.9714751
0.10263766,-0.9714751
0.102652684,-0.9714751
0.102667704,-0.9714751
0.102682725,-0.9714751
0.10269775,-0.9252434
0.10271277,-0.9252434
0.10272779,-0.9252434
0.10274281,-0.9252434
0.102757834,-0.8790121
0.102772854,-0.8790121
0.102787875,-0.8790121
0.102802895,-0.8790121
0.102817915,-0.8790121
0.102832936,-0.83278084
0.102847956,-0.83278084
0.10286298,-0.83278084
0.102878,-0.83278084
0.10289302,-0.83278084
0.10290804,-0.78654957
0.102923065,-0.78654957
0.102938086,-0.78654957
0.102953106,-0.78654957
0.10296813,-0.78654957
0.10298315,-0.7403178
0.10299817,-0.7403178
0.10301319,-0.7403178
0.10302821,-0.7403178
0.10304323,-0.694087
0.10305825,-0.694087
0.10307327,-0.694087
0.10308829,-0.694087
0.10310331,-0.694087
0.10311833,-0.6478553
0.10313336,-0.6478553
0.10314838,-0.6478553
0.1031634,-0.6478553
0.10317842,-0.6478553
0.10319344,-0.601624
0.10320846,-0.601624
0.10322348,-0.601624
0.1032385,-0.601624
0.10325352,-0.55539227
0.10326854,-0.55539227
0.10328356,-0.55539227
0.10329858,-0.55539227
0.1033136,-0.55539227
0.10332862,-0.5091615
0.10334364,-0.5091615
0.10335867,-0.5091615
0.10337369,-0.5091615
0.10338871,-0.46292973
0.10340373,-0.46292973
0.10341875,-0.46292973
0.10343377,-0.46292973
0.10344879,-0.46292973
0.10346381,-0.41669846
0.103478834,-0.41669846
0.103493854,-0.41669846
0.103508875,-0.41669846
0.103523895,-0.41669846
0.103538916,-0.3704667
0.103553936,-0.3704667
0.103568956,-0.3704667
0.103583984,-0.3704667
0.103599004,-0.32423592
0.103614025,-0.32423592
0.103629045,-0.32423592
0.103644066,-0.32423592
0.103659086,-0.32423592
0.10367411,-0.27800417
0.10368913,-0.27800417
0.10370415,-0.27800417
0.10371917,-0.27800417
0.10373419,-0.27800417
0.10374921,-0.2317729
0.10376423,-0.2317729
0.10377925,-0.2317729
0.10379428,-0.2317729
0.1038093,-0.18554163
0.10382432,-0.18554163
0.10383934,-0.18554163
0.10385436,-0.18554163
0.10386938,-0.18554163
0.1038844,-0.13931036
0.10389942,-0.13931036
0.10391444,-0.13931036
0.10392946,-0.13931036
0.10394448,-0.13931036
0.1039595,-0.09307861
0.10397452,-0.09307861
0.10398954,-0.09307861
0.10400456,-0.09307861
0.10401959,-0.09307861
0.10403461,-0.046847343
0.10404963,-0.046847343
0.10406465,-0.046847343
0.10407967,-0.046847343
0.10409469,-6.160736E-4
0.10410971,-6.160736E-4
0.10412473,-6.160736E-4
0.10413975,-6.160736E-4
0.10415477,0.045615196
0.10416979,0.045615196
0.104184814,0.045615196
0.104199834,0.045615196
0.104214855,0.045615196
0.104229875,0.091846466
0.1042449,0.091846466
0.10425992,0.091846466
0.10427494,0.091846466
0.104289964,0.091846466
0.104304984,0.13807821
0.104320005,0.13807821
0.104335025,0.13807821
0.104350045,0.13807821
0.104365066,0.184309
0.104380086,0.184309
0.10439511,0.184309
0.10441013,0.184309
0.10442515,0.184309
0.10444017,0.23054075
0.104455195,0.23054075
0.104470216,0.23054075
0.104485236,0.23054075
0.10450026,0.23054075
0.10451528,0.27677202
0.1045303,0.27677202
0.10454532,0.27677202
0.10456034,0.27677202
0.10457536,0.3230033
0.10459038,0.3230033
0.1046054,0.3230033
0.10462042,0.3230033
0.10463544,0.3230033
0.10465046,0.36923456
0.10466548,0.36923456
0.10468051,0.36923456
0.10469553,0.36923456
0.10471055,0.36923456
0.10472557,0.4154663
0.10474059,0.4154663
0.10475561,0.4154663
0.10477063,0.4154663
0.10478565,0.4154663
0.10480067,0.46169758
0.10481569,0.46169758
0.10483071,0.46169758
0.10484573,0.46169758
0.10486075,0.50792885
0.10487577,0.50792885
0.1048908,0.50792885
0.10490582,0.50792885
0.10492084,0.50792885
0.10493586,0.5541601
0.10495088,0.5541601
0.1049659,0.5541601
0.10498092,0.5541601
0.10499594,0.5541601
0.105010964,0.60039186
0.105025984,0.60039186
0.105041005,0.60039186
0.105056025,0.60039186
0.105071045,0.60039186
0.105086066,0.64662313
0.105101086,0.64662313
0.105116114,0.64662313
0.105131134,0.64662313
0.105146155,0.64662313
0.105161175,0.6928544
0.105176196,0.6928544
0.105191216,0.6928544
0.105206236,0.6928544
0.10522126,0.7390857
0.10523628,0.7390857
0.1052513,0.7390857
0.10526632,0.7390857
0.10528134,0.7390857
0.10529636,0.7853174
0.10531138,0.7853174
0.1053264,0.7853174
0.10534143,0.7853174
0.10535645,0.7853174
0.10537147,0.8315482
0.10538649,0.8315482
0.10540151,0.8315482
0.10541653,0.8315482
0.10543155,0.8315482
0.10544657,0.87777996
0.10546159,0.87777996
0.10547661,0.87777996
0.10549163,0.87777996
0.10550665,0.87777996
0.10552167,0.92401123
0.10553669,0.92401123
0.10555172,0.92401123
0.10556674,0.92401123
0.10558176,0.92401123
0.10559678,0.970243
0.1056118,0.970243
0.10562682,0.970243
0.10564184,0.970243
0.10565686,1.0164738
0.10567188,1.0164738
0.1056869,1.0164738
0.10570192,1.0164738
0.105716944,1.0164738
0.105731964,1.0164738
0.105746984,1.0627055
0.105762005,1.0627055
0.10577703,1.0627055
0.10579205,1.0627055
0.10580707,1.1089368
0.105822094,1.1089368
0.105837114,1.1089368
0.105852135,1.1089368
0.105867155,1.1089368
0.105882175,1.1551685
0.105897196,1.1551685
0.105912216,1.1551685
0.10592724,1.1551685
0.10594226,1.1551685
0.10595728,1.2013993
0.1059723,1.2013993
0.10598732,1.2013993
0.106002346,1.2013993
0.106017366,1.2013993
0.10603239,1.2476311
0.10604741,1.2476311
0.10606243,1.2476311
0.10607745,1.2476311
0.10609247,1.2476311
0.10610749,1.2938623
0.10612251,1.2938623
0.10613753,1.2938623
0.10615255,1.2938623
0.10616757,1.2938623
0.10618259,1.3400936
0.10619761,1.3400936
0.10621264,1.3400936
0.10622766,1.3400936
0.10624268,1.3400936
0.1062577,1.3863249
0.10627272,1.3863249
0.10628774,1.3863249
0.10630276,1.3863249
0.10631778,1.3863249
0.1063328,1.4325566
0.10634782,1.4325566
0.10636284,1.4325566
0.10637786,1.4325566
0.10639288,1.4325566
0.1064079,1.4787879
0.10642292,1.4787879
0.10643795,1.4787879
0.10645297,1.4787879
0.10646799,1.4787879
0.10648301,1.4787879
0.10649803,1.4787879
0.10651305,1.4787879
0.10652807,1.5250192
0.106543094,1.5250192
0.106558114,1.5250192
0.106573135,1.5250192
0.106588155,1.5250192
0.106603175,1.5712504
0.106618196,1.5712504
0.106633216,1.5712504
0.10664824,1.5712504
0.106663264,1.5712504
0.106678285,1.6174817
0.106693305,1.6174817
0.106708325,1.6174817
0.106723346,1.6174817
0.106738366,1.6174817
0.10675339,1.6637135
0.10676841,1.6637135
0.10678343,1.6637135
0.10679845,1.6637135
0.10681347,1.6637135
0.10682849,1.7099442
0.10684351,1.7099442
0.10685853,1.7099442
0.10687356,1.7099442
0.10688858,1.7099442
0.1069036,1.756176
0.10691862,1.756176
0.10693364,1.756176
0.10694866,1.756176
0.10696368,1.756176
0.1069787,1.756176
0.10699372,1.756176
0.10700874,1.7099442
0.10702376,1.7099442
0.10703878,1.7099442
0.1070538,1.7099442
0.10706882,1.6637135
0.10708384,1.6637135
0.10709887,1.6637135
0.10711389,1.6637135
0.10712891,1.6637135
0.10714393,1.6174817
0.10715895,1.6174817
0.10717397,1.6174817
0.10718899,1.6174817
0.10720401,1.5712504
0.10721903,1.5712504
0.10723405,1.5712504
0.10724907,1.5712504
0.107264094,1.5250192
0.107279114,1.5250192
0.107294135,1.5250192
0.107309155,1.5250192
0.10732418,1.5250192
0.1073392,1.4787879
0.107354224,1.4787879
0.107369244,1.4787879
0.107384264,1.4787879
0.107399285,1.4787879
0.107414305,1.4787879
0.107429326,1.4787879
0.107444346,1.4325566
0.10745937,1.4325566
0.10747439,1.4325566
0.10748941,1.4325566
0.10750443,1.3863249
0.10751945,1.3863249
0.107534476,1.3863249
0.107549496,1.3863249
0.10756452,1.3400936
0.10757954,1.3400936
0.10759456,1.3400936
0.10760958,1.3400936
0.1076246,1.3400936
0.10763962,1.2938623
0.10765464,1.2938623
0.10766966,1.2938623
0.10768468,1.2938623
0.1076997,1.2476311
0.10771472,1.2476311
0.10772974,1.2476311
0.10774476,1.2476311
0.10775979,1.2476311
0.10777481,1.2013993
0.10778983,1.2013993
0.10780485,1.2013993
0.10781987,1.2013993
0.10783489,1.1551685
0.10784991,1.1551685
0.10786493,1.1551685
0.10787995,1.1551685
0.10789497,1.1089368
0.10790999,1.1089368
0.10792501,1.1089368
0.10794003,1.1089368
0.10795505,1.1089368
0.107970074,1.0627055
0.1079851,1.0627055
0.10800012,1.0627055
0.10801514,1.0627055
0.10803016,1.0164738
0.10804518,1.0164738
0.1080602,1.0164738
0.108075224,1.0164738
0.108090244,0.970243
0.108105265,0.970243
0.108120285,0.970243
0.108135305,0.970243
0.108150326,0.970243
0.108165346,0.92401123
0.10818037,0.92401123
0.108195394,0.92401123
0.108210415,0.92401123
0.108225435,0.87777996
0.108240455,0.87777996
0.108255476,0.87777996
0.108270496,0.87777996
0.10828552,0.87777996
0.10830054,0.8315482
0.10831556,0.8315482
0.10833058,0.8315482
0.1083456,0.8315482
0.10836062,0.7853174
0.10837564,0.7853174
0.10839066,0.7853174
0.10840568,0.7853174
0.10842071,0.7390857
0.10843573,0.7390857
0.10845075,0.7390857
0.10846577,0.7390857
0.10848079,0.7390857
0.10849581,0.6928544
0.10851083,0.6928544
0.10852585,0.6928544
0.10854087,0.6928544
0.10855589,0.6928544
0.10857091,0.64662313
0.10858593,0.64662313
0.10860095,0.64662313
0.10861597,0.64662313
0.10863099,0.60039186
0.10864602,0.60039186
0.10866104,0.60039186
0.10867606,0.60039186
0.10869108,0.5541601
0.1087061,0.5541601
0.10872112,0.5541601
0.10873614,0.5541601
0.10875116,0.5541601
0.10876618,0.50792885
0.1087812,0.50792885
0.108796224,0.50792885
0.108811244,0.50792885
0.108826265,0.46169758
0.108841285,0.46169758
0.10885631,0.46169758
0.10887133,0.46169758
0.10888635,0.46169758
0.108901374,0.4154663
0.108916394,0.4154663
0.108931415,0.4154663
0.108946435,0.4154663
0.108961456,0.36923456
0.108976476,0.36923456
0.108991496,0.36923456
0.10900652,0.36923456
0.10902154,0.3230033
0.10903656,0.3230033
0.10905158,0.3230033
0.1090666,0.3230033
0.109081626,0.3230033
0.10909665,0.27677202
0.10911167,0.27677202
0.10912669,0.27677202
0.10914171,0.27677202
0.10915673,0.23054075
0.10917175,0.23054075
0.10918677,0.23054075
0.10920179,0.23054075
0.10921681,0.23054075
0.10923183,0.184309
0.10924685,0.184309
0.10926187,0.184309
0.10927689,0.184309
0.10929191,0.13807821
0.10930694,0.13807821
0.10932196,0.13807821
0.10933698,0.13807821
0.109352,0.13807821
0.10936702,0.091846466
0.10938204,0.091846466
0.10939706,0.091846466
0.10941208,0.091846466
0.1094271,0.045615196
0.10944212,0.045615196
0.10945714,0.045615196
0.10947216,0.045615196
0.10948718,0.045615196
0.109502204,-6.160736E-4
0.10951723,-6.160736E-4
0.10953225,-6.160736E-4
0.10954727,-6.160736E-4
0.10956229,-0.046847343
0.10957731,-0.046847343
0.10959233,-0.046847343
0.109607354,-0.046847343
0.109622374,-0.09307861
0.109637395,-0.09307861
0.109652415,-0.09307861
0.109667435,-0.09307861
0.109682456,-0.09307861
0.109697476,-0.13931036
0.1097125,-0.13931036
0.10972752,-0.13931036
0.109742545,-0.13931036
0.109757565,-0.18554163
0.109772585,-0.18554163
0.109787606,-0.18554163
0.109802626,-0.18554163
0.10981765,-0.18554163
0.10983267,-0.2317729
0.10984769,-0.2317729
0.10986271,-0.2317729
0.10987773,-0.2317729
0.10989275,-0.27800417
0.10990777,-0.27800417
0.10992279,-0.27800417
0.10993781,-0.27800417
0.10995283,-0.27800417
0.10996786,-0.32423592
0.10998288,-0.32423592
0.1099979,-0.32423592
0.11001292,-0.32423592
0.11002794,-0.3704667
0.11004296,-0.3704667
0.11005798,-0.3704667
0.110073,-0.3704667
0.11008802,-0.3704667
0.11010304,-0.41669846
0.11011806,-0.41669846
0.11013308,-0.41669846
0.1101481,-0.41669846
0.11016312,-0.46292973
0.11017815,-0.46292973
0.11019317,-0.46292973
0.11020819,-0.46292973
0.11022321,-0.46292973
0.11023823,-0.5091615
0.11025325,-0.5091615
0.11026827,-0.5091615
0.11028329,-0.5091615
0.11029831,-0.55539227
0.11031333,-0.55539227
0.110328354,-0.55539227
0.110343374,-0.55539227
0.110358395,-0.55539227
0.110373415,-0.601624
0.110388435,-0.601624
0.11040346,-0.601624
0.11041848,-0.601624
0.110433504,-0.601624
0.110448524,-0.6478553
0.110463545,-0.6478553
0.110478565,-0.6478553
0.110493585,-0.6478553
0.110508606,-0.694087
0.110523626,-0.694087
0.11053865,-0.694087
0.11055367,-0.694087
0.11056869,-0.694087
0.11058371,-0.7403178
0.11059873,-0.7403178
0.11061375,-0.7403178
0.110628776,-0.7403178
0.1106438,-0.7403178
0.11065882,-0.78654957
0.11067384,-0.78654957
0.11068886,-0.78654957
0.11070388,-0.78654957
0.1107189,-0.78654957
0.11073392,-0.83278084
0.11074894,-0.83278084
0.11076396,-0.83278084
0.11077898,-0.83278084
0.110794,-0.8790121
0.11080902,-0.8790121
0.11082404,-0.8790121
0.11083907,-0.8790121
0.11085409,-0.8790121
0.11086911,-0.9252434
0.11088413,-0.9252434
0.11089915,-0.9252434
0.11091417,-0.9252434
0.11092919,-0.9252434
0.11094421,-0.9714751
0.11095923,-0.9714751
0.11097425,-0.9714751
0.11098927,-0.9714751
0.11100429,-1.0177064
0.11101931,-1.0177064
0.11103433,-1.0177064
0.111049354,-1.0177064
0.11106438,-1.0177064
0.1110794,-1.0639377
0.11109442,-1.0639377
0.11110944,-1.0639377
0.11112446,-1.0639377
0.111139484,-1.0639377
0.111154504,-1.1101689
0.111169524,-1.1101689
0.111184545,-1.1101689
0.111199565,-1.1101689
0.111214586,-1.1564007
0.111229606,-1.1564007
0.11124463,-1.1564007
0.11125965,-1.1564007
0.111274675,-1.1564007
0.111289695,-1.202632
0.111304715,-1.202632
0.111319736,-1.202632
0.111334756,-1.202632
0.11134978,-1.202632
0.1113648,-1.2488632
0.11137982,-1.2488632
0.11139484,-1.2488632
0.11140986,-1.2488632
0.11142488,-1.2488632
0.1114399,-1.2950945
0.11145492,-1.2950945
0.11146994,-1.2950945
0.11148496,-1.2950945
0.11149999,-1.2950945
0.11151501,-1.3413262
0.11153003,-1.3413262
0.11154505,-1.3413262
0.11156007,-1.3413262
0.11157509,-1.3413262
0.11159011,-1.387557
0.11160513,-1.387557
0.11162015,-1.387557
0.11163517,-1.387557
0.11165019,-1.4337888
0.11166521,-1.4337888
0.11168023,-1.4337888
0.11169525,-1.4337888
0.11171027,-1.4337888
0.1117253,-1.48002
0.11174032,-1.48002
0.11175534,-1.48002
0.11177036,-1.48002
0.11178538,-1.48002
0.1118004,-1.48002
0.11181542,-1.48002
0.11183044,-1.48002
0.11184546,-1.5262513
0.111860484,-1.5262513
0.111875504,-1.5262513
0.111890525,-1.5262513
0.111905545,-1.5262513
0.111920565,-1.5724826
0.11193559,-1.5724826
0.11195061,-1.5724826
0.111965634,-1.5724826
0.111980654,-1.5724826
0.111995675,-1.6187139
0.112010695,-1.6187139
0.112025715,-1.6187139
0.112040736,-1.6187139
0.112055756,-1.6187139
0.11207078,-1.6187139
0.1120858,-1.6187139
0.11210082,-1.6187139
0.11211584,-1.5724826
0.11213086,-1.5724826
0.11214588,-1.5724826
0.112160906,-1.5724826
0.11217593,-1.5724826
0.11219095,-1.5262513
0.11220597,-1.5262513
0.11222099,-1.5262513
0.11223601,-1.5262513
0.11225103,-1.48002
0.11226605,-1.48002
0.11228107,-1.48002
0.11229609,-1.48002
0.11231111,-1.48002
0.11232613,-1.48002
0.11234115,-1.48002
0.11235617,-1.4337888
0.11237119,-1.4337888
0.11238622,-1.4337888
0.11240124,-1.4337888
0.11241626,-1.4337888
0.11243128,-1.387557
0.1124463,-1.387557
0.11246132,-1.387557
0.11247634,-1.387557
0.11249136,-1.387557
0.11250638,-1.3413262
0.1125214,-1.3413262
0.11253642,-1.3413262
0.11255144,-1.3413262
0.11256646,-1.2950945
0.112581484,-1.2950945
0.11259651,-1.2950945
0.11261153,-1.2950945
0.11262655,-1.2950945
0.11264157,-1.2488632
0.11265659,-1.2488632
0.11267161,-1.2488632
0.112686634,-1.2488632
0.112701654,-1.2488632
0.112716675,-1.202632
0.112731695,-1.202632
0.112746716,-1.202632
0.112761736,-1.202632
0.11277676,-1.1564007
0.11279178,-1.1564007
0.1128068,-1.1564007
0.112821825,-1.1564007
0.112836845,-1.1564007
0.112851866,-1.1101689
0.112866886,-1.1101689
0.11288191,-1.1101689
0.11289693,-1.1101689
0.11291195,-1.0639377
0.11292697,-1.0639377
0.11294199,-1.0639377
0.11295701,-1.0639377
0.11297203,-1.0639377
0.11298705,-1.0177064
0.11300207,-1.0177064
0.11301709,-1.0177064
0.11303211,-1.0177064
0.11304714,-1.0177064
0.11306216,-0.9714751
0.11307718,-0.9714751
0.1130922,-0.9714751
0.11310722,-0.9714751
0.11312224,-0.9714751
0.11313726,-0.9252434
0.11315228,-0.9252434
0.1131673,-0.9252434
0.11318232,-0.9252434
0.11319734,-0.8790121
0.11321236,-0.8790121
0.11322738,-0.8790121
0.1132424,-0.8790121
0.11325743,-0.8790121
0.11327245,-0.83278084
0.11328747,-0.83278084
0.11330249,-0.83278084
0.11331751,-0.83278084
0.11333253,-0.78654957
0.11334755,-0.78654957
0.11336257,-0.78654957
0.11337759,-0.78654957
0.113392614,-0.78654957
0.113407634,-0.7403178
0.113422655,-0.7403178
0.113437675,-0.7403178
0.113452695,-0.7403178
0.113467716,-0.7403178
0.11348274,-0.694087
0.113497764,-0.694087
0.113512784,-0.694087
0.113527805,-0.694087
0.113542825,-0.694087
0.113557845,-0.6478553
0.113572866,-0.6478553
0.113587886,-0.6478553
0.11360291,-0.6478553
0.11361793,-0.601624
0.11363295,-0.601624
0.11364797,-0.601624
0.11366299,-0.601624
0.11367801,-0.601624
0.11369303,-0.55539227
0.11370806,-0.55539227
0.11372308,-0.55539227
0.1137381,-0.55539227
0.11375312,-0.5091615
0.11376814,-0.5091615
0.11378316,-0.5091615
0.11379818,-0.5091615
0.1138132,-0.5091615
0.11382822,-0.46292973
0.11384324,-0.46292973
0.11385826,-0.46292973
0.11387328,-0.46292973
0.1138883,-0.46292973
0.11390332,-0.41669846
0.11391835,-0.41669846
0.11393337,-0.41669846
0.11394839,-0.41669846
0.11396341,-0.41669846
0.11397843,-0.3704667
0.11399345,-0.3704667
0.11400847,-0.3704667
0.11402349,-0.3704667
0.11403851,-0.32423592
0.11405353,-0.32423592
0.11406855,-0.32423592
0.11408357,-0.32423592
0.11409859,-0.32423592
0.114113614,-0.27800417
0.114128634,-0.27800417
0.11414366,-0.27800417
0.11415868,-0.27800417
0.1141737,-0.2317729
0.11418872,-0.2317729
0.11420374,-0.2317729
0.114218764,-0.2317729
0.114233784,-0.2317729
0.114248805,-0.18554163
0.114263825,-0.18554163
0.114278845,-0.18554163
0.114293866,-0.18554163
0.114308886,-0.18554163
0.11432391,-0.13931036
0.11433893,-0.13931036
0.11435395,-0.13931036
0.114368975,-0.13931036
0.114383996,-0.13931036
0.114399016,-0.09307861
0.114414036,-0.09307861
0.11442906,-0.09307861
0.11444408,-0.09307861
0.1144591,-0.046847343
0.11447412,-0.046847343
0.11448914,-0.046847343
0.11450416,-0.046847343
0.11451918,-0.046847343
0.1145342,-6.160736E-4
0.11454922,-6.160736E-4
0.11456424,-6.160736E-4
0.11457927,-6.160736E-4
0.11459429,0.045615196
0.11460931,0.045615196
0.11462433,0.045615196
0.11463935,0.045615196
0.11465437,0.045615196
0.11466939,0.091846466
0.11468441,0.091846466
0.11469943,0.091846466
0.11471445,0.091846466
0.11472947,0.13807821
0.11474449,0.13807821
0.11475951,0.13807821
0.11477453,0.13807821
0.11478955,0.13807821
0.11480458,0.184309
0.1148196,0.184309
0.11483462,0.184309
0.11484964,0.184309
0.11486466,0.184309
0.11487968,0.23054075
0.1148947,0.23054075
0.11490972,0.23054075
0.114924744,0.23054075
0.114939764,0.27677202
0.114954785,0.27677202
0.114969805,0.27677202
0.114984825,0.27677202
0.114999846,0.27677202
0.115014866,0.3230033
0.115029894,0.3230033
0.115044914,0.3230033
0.115059935,0.3230033
0.115074955,0.3230033
0.115089975,0.36923456
0.115104996,0.36923456
0.115120016,0.36923456
0.11513504,0.36923456
0.11515006,0.36923456
0.11516508,0.4154663
0.1151801,0.4154663
0.11519512,0.4154663
0.11521014,0.4154663
0.11522516,0.46169758
0.11524019,0.46169758
0.11525521,0.46169758
0.11527023,0.46169758
0.11528525,0.46169758
0.11530027,0.50792885
0.11531529,0.50792885
0.11533031,0.50792885
0.11534533,0.50792885
0.11536035,0.50792885
0.11537537,0.5541601
0.11539039,0.5541601
0.11540541,0.5541601
0.11542043,0.5541601
0.11543545,0.5541601
0.11545047,0.60039186
0.1154655,0.60039186
0.11548052,0.60039186
0.11549554,0.60039186
0.11551056,0.64662313
0.11552558,0.64662313
0.1155406,0.64662313
0.11555562,0.64662313
0.11557064,0.64662313
0.11558566,0.6928544
0.11560068,0.6928544
0.1156157,0.6928544
0.11563072,0.6928544
0.115645744,0.6928544
0.115660764,0.7390857
0.115675785,0.7390857
0.11569081,0.7390857
0.11570583,0.7390857
0.11572085,0.7390857
0.11573587,0.7853174
0.115750894,0.7853174
0.115765914,0.7853174
0.115780935,0.7853174
0.115795955,0.7853174
0.115810975,0.8315482
0.115825996,0.8315482
0.115841016,0.8315482
0.11585604,0.8315482
0.11587106,0.8315482
0.11588608,0.87777996
0.115901105,0.87777996
0.115916125,0.87777996
0.115931146,0.87777996
0.115946166,0.87777996
0.11596119,0.92401123
0.11597621,0.92401123
0.11599123,0.92401123
0.11600625,0.92401123
0.11602127,0.970243
0.11603629,0.970243
0.11605131,0.970243
0.11606633,0.970243
0.11608135,0.970243
0.11609637,1.0164738
0.11611139,1.0164738
0.11612642,1.0164738
0.11614144,1.0164738
0.11615646,1.0164738
0.11617148,1.0627055
0.1161865,1.0627055
0.11620152,1.0627055
0.11621654,1.0627055
0.11623156,1.0627055
0.11624658,1.1089368
0.1162616,1.1089368
0.11627662,1.1089368
0.11629164,1.1089368
0.11630666,1.1551685
0.11632168,1.1551685
0.1163367,1.1551685
0.11635173,1.1551685
0.11636675,1.1551685
0.11638177,1.1551685
0.11639679,1.2013993
0.11641181,1.2013993
0.11642683,1.2013993
0.11644185,1.2013993
0.11645687,1.2013993
0.116471894,1.2476311
0.116486914,1.2476311
0.116501935,1.2476311
0.116516955,1.2476311
0.116531976,1.2938623
0.116546996,1.2938623
0.116562024,1.2938623
0.116577044,1.2938623
0.116592064,1.2938623
0.116607085,1.3400936
0.116622105,1.3400936
0.116637126,1.3400936
0.116652146,1.3400936
0.11666717,1.3400936
0.11668219,1.3863249
0.11669721,1.3863249
0.11671223,1.3863249
0.11672725,1.3863249
0.11674227,1.3863249
0.11675729,1.4325566
0.11677231,1.4325566
0.11678734,1.4325566
0.11680236,1.4325566
0.11681738,1.4325566
0.1168324,1.4325566
0.11684742,1.4787879
0.11686244,1.4787879
0.11687746,1.4787879
0.11689248,1.4787879
0.1169075,1.4787879
0.11692252,1.4787879
0.11693754,1.4787879
0.11695256,1.5250192
0.11696758,1.5250192
0.1169826,1.5250192
0.11699763,1.5250192
0.11701265,1.5250192
0.11702767,1.5712504
0.11704269,1.5712504
0.11705771,1.5712504
0.11707273,1.5712504
0.11708775,1.5712504
0.11710277,1.6174817
0.11711779,1.6174817
0.11713281,1.6174817
0.11714783,1.6174817
0.11716285,1.6174817
0.117177874,1.6174817
0.117192894,1.6637135
0.117207915,1.6637135
0.11722294,1.6637135
0.11723796,1.6637135
0.11725298,1.6637135
0.117268,1.7099442
0.117283024,1.7099442
0.117298044,1.7099442
0.117313065,1.7099442
0.117328085,1.7099442
0.117343105,1.756176
0.117358126,1.756176
0.117373146,1.756176
0.11738817,1.756176
0.11740319,1.756176
0.11741821,1.756176
0.11743323,1.756176
0.117448255,1.7099442
0.117463276,1.7099442
0.117478296,1.7099442
0.11749332,1.7099442
0.11750834,1.6637135
0.11752336,1.6637135
0.11753838,1.6637135
0.1175534,1.6637135
0.11756842,1.6637135
0.11758344,1.6174817
0.11759846,1.6174817
0.11761348,1.6174817
0.1176285,1.6174817
0.11764352,1.5712504
0.11765855,1.5712504
0.11767357,1.5712504
0.11768859,1.5712504
0.11770361,1.5250192
0.11771863,1.5250192
0.11773365,1.5250192
0.11774867,1.5250192
0.11776369,1.4787879
0.11777871,1.4787879
0.11779373,1.4787879
0.11780875,1.4787879
0.11782377,1.4787879
0.11783879,1.4787879
0.11785381,1.4787879
0.11786883,1.4325566
0.11788386,1.4325566
0.11789888,1.4325566
0.1179139,1.4325566
0.11792892,1.4325566
0.11794394,1.3863249
0.11795896,1.3863249
0.11797398,1.3863249
0.117989,1.3863249
0.118004024,1.3400936
0.118019044,1.3400936
0.118034065,1.3400936
0.118049085,1.3400936
0.118064106,1.2938623
0.118079126,1.2938623
0.118094146,1.2938623
0.118109174,1.2938623
0.118124194,1.2938623
0.118139215,1.2476311
0.118154235,1.2476311
0.118169256,1.2476311
0.118184276,1.2476311
0.1181993,1.2013993
0.11821432,1.2013993
0.11822934,1.2013993
0.11824436,1.2013993
0.11825938,1.2013993
0.1182744,1.1551685
0.11828942,1.1551685
0.11830444,1.1551685
0.11831947,1.1551685
0.11833449,1.1089368
0.11834951,1.1089368
0.11836453,1.1089368
0.11837955,1.1089368
0.11839457,1.0627055
0.11840959,1.0627055
0.11842461,1.0627055
0.11843963,1.0627055
0.11845465,1.0627055
0.11846967,1.0164738
0.11848469,1.0164738
0.11849971,1.0164738
0.11851473,1.0164738
0.11852975,0.970243
0.11854478,0.970243
0.1185598,0.970243
0.11857482,0.970243
0.11858984,0.92401123
0.11860486,0.92401123
0.11861988,0.92401123
0.1186349,0.92401123
0.11864992,0.92401123
0.11866494,0.87777996
0.11867996,0.87777996
0.11869498,0.87777996
0.118710004,0.87777996
0.118725024,0.8315482
0.118740045,0.8315482
0.118755065,0.8315482
0.11877009,0.8315482
0.11878511,0.8315482
0.11880013,0.7853174
0.118815154,0.7853174
0.118830174,0.7853174
0.118845195,0.7853174
0.118860215,0.7390857
0.118875235,0.7390857
0.118890256,0.7390857
0.118905276,0.7390857
0.1189203,0.7390857
0.11893532,0.6928544
0.11895034,0.6928544
0.11896536,0.6928544
0.118980385,0.6928544
0.118995406,0.64662313
0.119010426,0.64662313
0.11902545,0.64662313
0.11904047,0.64662313
0.11905549,0.64662313
0.11907051,0.60039186
0.11908553,0.60039186
0.11910055,0.60039186
0.11911557,0.60039186
0.11913059,0.5541601
0.11914561,0.5541601
0.11916063,0.5541601
0.11917565,0.5541601
0.11919067,0.50792885
0.1192057,0.50792885
0.11922072,0.50792885
0.11923574,0.50792885
0.11925076,0.50792885
0.11926578,0.46169758
0.1192808,0.46169758
0.11929582,0.46169758
0.11931084,0.46169758
0.11932586,0.4154663
0.11934088,0.4154663
0.1193559,0.4154663
0.11937092,0.4154663
0.11938594,0.4154663
0.11940096,0.36923456
0.11941598,0.36923456
0.11943101,0.36923456
0.11944603,0.36923456
0.11946105,0.3230033
0.11947607,0.3230033
0.11949109,0.3230033
0.11950611,0.3230033
0.11952113,0.3230033
0.119536154,0.27677202
0.119551174,0.27677202
0.119566195,0.27677202
0.119581215,0.27677202
0.119596235,0.23054075
0.119611256,0.23054075
0.119626276,0.23054075
0.119641304,0.23054075
0.119656324,0.184309
0.119671345,0.184309
0.119686365,0.184309
0.119701385,0.184309
0.119716406,0.184309
0.119731426,0.13807821
0.11974645,0.13807821
0.11976147,0.13807821
0.11977649,0.13807821
0.11979151,0.091846466
0.11980653,0.091846466
0.11982155,0.091846466
0.11983657,0.091846466
0.11985159,0.091846466
0.11986662,0.045615196
0.11988164,0.045615196
0.11989666,0.045615196
0.11991168,0.045615196
0.1199267,0.045615196
0.11994172,-6.160736E-4
0.11995674,-6.160736E-4
0.11997176,-6.160736E-4
0.11998678,-0.046847343
0.1200018,-0.046847343
0.12001682,-0.046847343
0.12003184,-0.046847343
0.12004686,-0.046847343
0.12006188,-0.09307861
0.1200769,-0.09307861
0.12009193,-0.09307861
0.12010695,-0.09307861
0.12012197,-0.13931036
0.12013699,-0.13931036
0.12015201,-0.13931036
0.12016703,-0.13931036
0.12018205,-0.13931036
0.12019707,-0.18554163
0.12021209,-0.18554163
0.12022711,-0.18554163
0.120242134,-0.18554163
0.120257154,-0.2317729
0.120272174,-0.2317729
0.120287195,-0.2317729
0.12030222,-0.2317729
0.12031724,-0.2317729
0.12033226,-0.27800417
0.120347284,-0.27800417
0.120362304,-0.27800417
0.120377325,-0.27800417
0.120392345,-0.32423592
0.120407365,-0.32423592
0.120422386,-0.32423592
0.120437406,-0.32423592
0.12045243,-0.32423592
0.12046745,-0.3704667
0.12048247,-0.3704667
0.12049749,-0.3704667
0.12051251,-0.3704667
0.120527536,-0.41669846
0.120542556,-0.41669846
0.12055758,-0.41669846
0.1205726,-0.41669846
0.12058762,-0.41669846
0.12060264,-0.46292973
0.12061766,-0.46292973
0.12063268,-0.46292973
0.1206477,-0.46292973
0.12066272,-0.46292973
0.12067774,-0.5091615
0.12069276,-0.5091615
0.12070778,-0.5091615
0.1207228,-0.5091615
0.12073782,-0.55539227
0.12075285,-0.55539227
0.12076787,-0.55539227
0.12078289,-0.55539227
0.12079791,-0.55539227
0.12081293,-0.601624
0.12082795,-0.601624
0.12084297,-0.601624
0.12085799,-0.601624
0.12087301,-0.6478553
0.12088803,-0.6478553
0.12090305,-0.6478553
0.12091807,-0.6478553
0.12093309,-0.6478553
0.12094811,-0.694087
0.12096314,-0.694087
0.12097816,-0.694087
0.12099318,-0.694087
0.1210082,-0.694087
0.12102322,-0.7403178
0.12103824,-0.7403178
0.12105326,-0.7403178
0.121068284,-0.7403178
0.121083304,-0.7403178
0.121098325,-0.78654957
0.121113345,-0.78654957
0.121128365,-0.78654957
0.121143386,-0.78654957
0.121158406,-0.83278084
0.12117343,-0.83278084
0.121188454,-0.83278084
0.121203475,-0.83278084
0.121218495,-0.83278084
0.121233515,-0.8790121
0.121248536,-0.8790121
0.121263556,-0.8790121
0.12127858,-0.8790121
0.1212936,-0.8790121
0.12130862,-0.9252434
0.12132364,-0.9252434
0.12133866,-0.9252434
0.12135368,-0.9252434
0.1213687,-0.9714751
0.12138372,-0.9714751
0.12139874,-0.9714751
0.12141377,-0.9714751
0.12142879,-0.9714751
0.12144381,-1.0177064
0.12145883,-1.0177064
0.12147385,-1.0177064
0.12148887,-1.0177064
0.12150389,-1.0177064
0.12151891,-1.0639377
0.12153393,-1.0639377
0.12154895,-1.0639377
0.12156397,-1.0639377
0.12157899,-1.1101689
0.12159401,-1.1101689
0.12160903,-1.1101689
0.12162406,-1.1101689
0.12163908,-1.1101689
0.1216541,-1.1564007
0.12166912,-1.1564007
0.12168414,-1.1564007
0.12169916,-1.1564007
0.12171418,-1.1564007
0.1217292,-1.202632
0.12174422,-1.202632
0.12175924,-1.202632
0.12177426,-1.202632
0.121789284,-1.202632
0.121804304,-1.2488632
0.121819325,-1.2488632
0.121834345,-1.2488632
0.12184937,-1.2488632
0.12186439,-1.2950945
0.12187941,-1.2950945
0.121894434,-1.2950945
0.121909454,-1.2950945
0.121924475,-1.2950945
0.121939495,-1.3413262
0.121954516,-1.3413262
0.121969536,-1.3413262
0.12198456,-1.3413262
0.12199958,-1.3413262
0.1220146,-1.387557
0.12202962,-1.387557
0.12204464,-1.387557
0.12205966,-1.387557
0.122074686,-1.387557
0.12208971,-1.4337888
0.12210473,-1.4337888
0.12211975,-1.4337888
0.12213477,-1.4337888
0.12214979,-1.4337888
0.12216481,-1.48002
0.12217983,-1.48002
0.12219485,-1.48002
0.12220987,-1.48002
0.12222489,-1.48002
0.12223991,-1.48002
0.12225493,-1.48002
0.12226995,-1.48002
0.12228498,-1.5262513
0.1223,-1.5262513
0.12231502,-1.5262513
0.12233004,-1.5262513
0.12234506,-1.5724826
0.12236008,-1.5724826
0.1223751,-1.5724826
0.12239012,-1.5724826
0.12240514,-1.5724826
0.12242016,-1.6187139
0.12243518,-1.6187139
0.1224502,-1.6187139
0.12246522,-1.6187139
0.12248024,-1.6187139
0.122495264,-1.6187139
0.12251029,-1.6187139
0.12252531,-1.6187139
0.12254033,-1.6187139
0.12255535,-1.5724826
0.12257037,-1.5724826
0.12258539,-1.5724826
0.122600414,-1.5724826
0.122615434,-1.5262513
0.122630455,-1.5262513
0.122645475,-1.5262513
0.122660495,-1.5262513
0.122675516,-1.5262513
0.122690536,-1.48002
0.12270556,-1.48002
0.12272058,-1.48002
0.122735605,-1.48002
0.122750625,-1.48002
0.122765645,-1.48002
0.122780666,-1.48002
0.122795686,-1.4337888
0.12281071,-1.4337888
0.12282573,-1.4337888
0.12284075,-1.4337888
0.12285577,-1.4337888
0.12287079,-1.387557
0.12288581,-1.387557
0.12290083,-1.387557
0.12291585,-1.387557
0.12293087,-1.387557
0.1229459,-1.3413262
0.12296092,-1.3413262
0.12297594,-1.3413262
0.12299096,-1.3413262
0.12300598,-1.2950945
0.123021,-1.2950945
0.12303602,-1.2950945
0.12305104,-1.2950945
0.12306606,-1.2950945
0.12308108,-1.2488632
0.1230961,-1.2488632
0.12311112,-1.2488632
0.12312614,-1.2488632
0.12314116,-1.202632
0.12315618,-1.202632
0.12317121,-1.202632
0.12318623,-1.202632
0.12320125,-1.202632
0.12321627,-1.1564007
0.12323129,-1.1564007
0.12324631,-1.1564007
0.12326133,-1.1564007
0.12327635,-1.1564007
0.12329137,-1.1101689
0.12330639,-1.1101689
0.123321414,-1.1101689
0.123336434,-1.1101689
0.123351455,-1.0639377
0.123366475,-1.0639377
0.1233815,-1.0639377
0.12339652,-1.0639377
0.12341154,-1.0639377
0.123426564,-1.0177064
0.123441584,-1.0177064
0.123456605,-1.0177064
0.123471625,-1.0177064
0.123486646,-1.0177064
0.123501666,-0.9714751
0.123516686,-0.9714751
0.12353171,-0.9714751
0.12354673,-0.9714751
0.12356175,-0.9252434
0.12357677,-0.9252434
0.12359179,-0.9252434
0.123606816,-0.9252434
0.12362184,-0.9252434
0.12363686,-0.8790121
0.12365188,-0.8790121
0.1236669,-0.8790121
0.12368192,-0.8790121
0.12369694,-0.8790121
0.12371196,-0.83278084
0.12372698,-0.83278084
0.123742,-0.83278084
0.12375702,-0.83278084
0.12377204,-0.78654957
0.12378706,-0.78654957
0.12380208,-0.78654957
0.1238171,-0.78654957
0.12383213,-0.78654957
0.12384715,-0.7403178
0.12386217,-0.7403178
0.12387719,-0.7403178
0.12389221,-0.7403178
0.12390723,-0.694087
0.12392225,-0.694087
0.12393727,-0.694087
0.12395229,-0.694087
0.12396731,-0.694087
0.12398233,-0.6478553
0.12399735,-0.6478553
0.12401237,-0.6478553
0.124027394,-0.6478553
0.12404242,-0.6478553
0.12405744,-0.601624
0.12407246,-0.601624
0.12408748,-0.601624
0.1241025,-0.601624
0.12411752,-0.601624
0.124132544,-0.55539227
0.124147564,-0.55539227
0.124162585,-0.55539227
0.124177605,-0.55539227
0.124192625,-0.5091615
0.124207646,-0.5091615
0.124222666,-0.5091615
0.12423769,-0.5091615
0.12425271,-0.5091615
0.124267735,-0.46292973
0.124282755,-0.46292973
0.124297775,-0.46292973
0.124312796,-0.46292973
0.124327816,-0.41669846
0.12434284,-0.41669846
0.12435786,-0.41669846
0.12437288,-0.41669846
0.1243879,-0.41669846
0.12440292,-0.3704667
0.12441794,-0.3704667
0.12443296,-0.3704667
0.12444798,-0.3704667
0.124463,-0.3704667
0.12447802,-0.32423592
0.12449305,-0.32423592
0.12450807,-0.32423592
0.12452309,-0.32423592
0.12453811,-0.27800417
0.12455313,-0.27800417
0.12456815,-0.27800417
0.12458317,-0.27800417
0.12459819,-0.27800417
0.12461321,-0.2317729
0.12462823,-0.2317729
0.12464325,-0.2317729
0.12465827,-0.2317729
0.12467329,-0.2317729
0.12468831,-0.18554163
0.12470334,-0.18554163
0.12471836,-0.18554163
0.12473338,-0.18554163
0.1247484,-0.18554163
0.12476342,-0.13931036
0.12477844,-0.13931036
0.12479346,-0.13931036
0.12480848,-0.13931036
0.1248235,-0.09307861
0.12483852,-0.09307861
0.124853544,-0.09307861
0.124868564,-0.09307861
0.124883585,-0.09307861
0.124898605,-0.046847343
0.124913625,-0.046847343
0.12492865,-0.046847343
0.12494367,-0.046847343
0.124958694,-6.160736E-4
0.124973714,-6.160736E-4
0.124988735,-6.160736E-4
0.12500376,-6.160736E-4
0.12501878,-6.160736E-4
0.1250338,0.045615196
0.12504882,0.045615196
0.12506384,0.045615196
0.12507886,0.045615196
0.12509388,0.045615196
0.1251089,0.091846466
0.12512392,0.091846466
0.12513894,0.091846466
0.12515396,0.091846466
0.12516898,0.13807821
0.125184,0.13807821
0.12519902,0.13807821
0.12521404,0.13807821
0.12522906,0.13807821
0.12524408,0.184309
0.12525912,0.184309
0.12527414,0.184309
0.12528916,0.184309
0.12530418,0.23054075
0.1253192,0.23054075
0.12533422,0.23054075
0.12534924,0.23054075
0.12536426,0.23054075
0.12537928,0.27677202
0.1253943,0.27677202
0.12540932,0.27677202
0.12542434,0.27677202
0.12543936,0.27677202
0.12545438,0.3230033
0.1254694,0.3230033
0.12548442,0.3230033
0.12549944,0.3230033
0.12551446,0.36923456
0.12552948,0.36923456
0.1255445,0.36923456
0.12555952,0.36923456
0.12557454,0.36923456
0.12558956,0.4154663
0.12560458,0.4154663
0.1256196,0.4154663
0.12563463,0.4154663
0.12564965,0.4154663
0.12566467,0.46169758
0.12567969,0.46169758
0.12569472,0.46169758
0.12570974,0.46169758
0.12572476,0.46169758
0.12573978,0.50792885
0.1257548,0.50792885
0.12576982,0.50792885
0.12578484,0.50792885
0.12579986,0.50792885
0.12581488,0.5541601
0.1258299,0.5541601
0.12584493,0.5541601
0.12585995,0.5541601
0.12587497,0.60039186
0.12588999,0.60039186
0.125905,0.60039186
0.12592003,0.60039186
0.12593505,0.60039186
0.12595007,0.64662313
0.12596509,0.64662313
0.12598011,0.64662313
0.12599513,0.64662313
0.12601015,0.64662313
0.12602517,0.6928544
0.12604019,0.6928544
0.12605521,0.6928544
0.12607023,0.6928544
0.12608525,0.6928544
0.12610027,0.7390857
0.12611529,0.7390857
0.12613031,0.7390857
0.12614535,0.7390857
0.12616037,0.7853174
0.12617539,0.7853174
0.12619041,0.7853174
0.12620543,0.7853174
0.12622045,0.7853174
0.12623547,0.7853174
0.12625049,0.8315482
0.12626551,0.8315482
0.12628053,0.8315482
0.12629555,0.8315482
0.12631057,0.87777996
0.12632559,0.87777996
0.12634061,0.87777996
0.12635563,0.87777996
0.12637065,0.87777996
0.12638567,0.92401123
0.1264007,0.92401123
0.12641571,0.92401123
0.12643073,0.92401123
0.12644576,0.92401123
0.12646078,0.970243
0.1264758,0.970243
0.12649082,0.970243
0.12650584,0.970243
0.12652086,0.970243
0.12653588,1.0164738
0.1265509,1.0164738
0.12656592,1.0164738
0.12658095,1.0164738
0.12659597,1.0164738
0.126611,1.0627055
0.12662601,1.0627055
0.12664104,1.0627055
0.12665606,1.0627055
0.12667108,1.0627055
0.1266861,1.1089368
0.12670112,1.1089368
0.12671614,1.1089368
0.12673116,1.1089368
0.12674618,1.1551685
0.1267612,1.1551685
0.12677622,1.1551685
0.12679124,1.1551685
0.12680626,1.1551685
0.12682128,1.2013993
0.1268363,1.2013993
0.12685132,1.2013993
0.12686634,1.2013993
0.12688136,1.2013993
0.12689638,1.2476311
0.1269114,1.2476311
0.12692642,1.2476311
0.12694144,1.2476311
0.12695646,1.2476311
0.12697148,1.2938623
0.1269865,1.2938623
0.12700152,1.2938623
0.12701656,1.2938623
0.12703158,1.2938623
0.1270466,1.3400936
0.12706162,1.3400936
0.12707664,1.3400936
0.12709166,1.3400936
0.12710668,1.3400936
0.1271217,1.3863249
0.12713672,1.3863249
0.12715174,1.3863249
0.12716676,1.3863249
0.12718178,1.3863249
0.1271968,1.4325566
0.12721182,1.4325566
0.12722684,1.4325566
0.12724186,1.4325566
0.12725689,1.4325566
0.1272719,1.4787879
0.12728693,1.4787879
0.12730195,1.4787879
0.12731697,1.4787879
0.12733199,1.4787879
0.127347,1.4787879
0.12736203,1.4787879
0.12737705,1.4787879
0.12739207,1.5250192
0.12740709,1.5250192
0.12742211,1.5250192
0.12743713,1.5250192
0.12745215,1.5250192
0.12746719,1.5712504
0.1274822,1.5712504
0.12749723,1.5712504
0.12751225,1.5712504
0.12752727,1.5712504
0.12754229,1.6174817
0.12755731,1.6174817
0.12757233,1.6174817
0.12758735,1.6174817
0.12760237,1.6174817
0.12761739,1.6637135
0.12763241,1.6637135
0.12764743,1.6637135
0.12766245,1.6637135
0.12767747,1.6637135
0.12769249,1.7099442
0.12770751,1.7099442
0.12772253,1.7099442
0.12773755,1.7099442
0.12775257,1.7099442
0.1277676,1.756176
0.12778261,1.756176
0.12779763,1.756176
0.12781265,1.756176
0.12782767,1.756176
0.1278427,1.756176
0.12785771,1.756176
0.12787274,1.7099442
0.12788776,1.7099442
0.12790279,1.7099442
0.12791781,1.7099442
0.12793283,1.7099442
0.12794785,1.6637135
0.12796287,1.6637135
0.1279779,1.6637135
0.12799291,1.6637135
0.12800793,1.6174817
0.12802295,1.6174817
0.12803797,1.6174817
0.128053,1.6174817
0.12806801,1.5712504
0.12808304,1.5712504
0.12809806,1.5712504
0.12811308,1.5712504
0.1281281,1.5712504
0.12814312,1.5250192
0.12815814,1.5250192
0.12817316,1.5250192
0.12818818,1.5250192
0.1282032,1.4787879
0.12821822,1.4787879
0.12823324,1.4787879
0.12824826,1.4787879
0.12826328,1.4787879
0.1282783,1.4787879
0.12829332,1.4787879
0.12830834,1.4325566
0.12832336,1.4325566
0.1283384,1.4325566
0.12835342,1.4325566
0.12836844,1.3863249
0.12838346,1.3863249
0.12839848,1.3863249
0.1284135,1.3863249
0.12842852,1.3863249
0.12844354,1.3400936
0.12845856,1.3400936
0.12847358,1.3400936
0.1284886,1.3400936
0.12850362,1.2938623
0.12851864,1.2938623
0.12853366,1.2938623
0.12854868,1.2938623
0.1285637,1.2476311
0.12857872,1.2476311
0.12859374,1.2476311
0.12860876,1.2476311
0.12862378,1.2476311
0.1286388,1.2013993
0.12865382,1.2013993
0.12866884,1.2013993
0.12868387,1.2013993
0.12869889,1.1551685
0.1287139,1.1551685
0.12872893,1.1551685
0.12874395,1.1551685
0.12875897,1.1551685
0.12877399,1.1089368
0.12878902,1.1089368
0.12880404,1.1089368
0.12881906,1.1089368
0.12883408,1.0627055
0.1288491,1.0627055
0.12886412,1.0627055
0.12887914,1.0627055
0.12889417,1.0627055
0.12890919,1.0164738
0.1289242,1.0164738
0.12893923,1.0164738
0.12895425,1.0164738
0.12896927,0.970243
0.12898429,0.970243
0.12899931,0.970243
0.12901433,0.970243
0.12902935,0.92401123
0.12904437,0.92401123
0.12905939,0.92401123
0.12907441,0.92401123
0.12908943,0.92401123
0.12910445,0.87777996
0.12911947,0.87777996
0.12913449,0.87777996
0.12914951,0.87777996
0.12916453,0.8315482
0.12917955,0.8315482
0.12919457,0.8315482
0.1292096,0.8315482
0.12922463,0.7853174
0.12923965,0.7853174
0.12925467,0.7853174
0.12926969,0.7853174
0.12928471,0.7853174
0.12929973,0.7390857
0.12931475,0.7390857
0.12932977,0.7390857
0.12934479,0.7390857
0.12935981,0.6928544
0.12937483,0.6928544
0.12938985,0.6928544
0.12940487,0.6928544
0.1294199,0.6928544
0.12943491,0.64662313
0.12944993,0.64662313
0.12946495,0.64662313
0.12947997,0.64662313
0.129495,0.60039186
0.12951002,0.60039186
0.12952504,0.60039186
0.12954006,0.60039186
0.12955508,0.60039186
0.1295701,0.5541601
0.12958512,0.5541601
0.12960014,0.5541601
0.12961516,0.5541601
0.12963018,0.50792885
0.1296452,0.50792885
0.12966023,0.50792885
0.12967525,0.50792885
0.12969027,0.50792885
0.1297053,0.46169758
0.12972032,0.46169758
0.12973534,0.46169758
0.12975036,0.46169758
0.12976538,0.4154663
0.1297804,0.4154663
0.12979542,0.4154663
0.12981044,0.4154663
0.12982546,0.36923456
0.12984048,0.36923456
0.1298555,0.36923456
0.12987052,0.36923456
0.12988554,0.36923456
0.12990056,0.3230033
0.12991558,0.3230033
0.1299306,0.3230033
0.12994562,0.3230033
0.12996064,0.27677202
0.12997566,0.27677202
0.12999068,0.27677202
0.1300057,0.27677202
0.13002072,0.23054075
0.13003574,0.23054075
0.13005076,0.23054075
0.13006578,0.23054075
0.1300808,0.23054075
0.13009584,0.184309
0.13011086,0.184309
0.13012588,0.184309
0.1301409,0.184309
0.13015592,0.184309
0.13017094,0.13807821
0.13018596,0.13807821
0.13020098,0.13807821
0.130216,0.13807821
0.13023102,0.091846466
0.13024604,0.091846466
0.13026106,0.091846466
0.13027608,0.091846466
0.1302911,0.045615196
0.13030612,0.045615196
0.13032115,0.045615196
0.13033617,0.045615196
0.13035119,0.045615196
0.1303662,-6.160736E-4
0.13038123,-6.160736E-4
0.13039625,-6.160736E-4
0.13041127,-6.160736E-4
0.13042629,-0.046847343
0.13044131,-0.046847343
0.13045633,-0.046847343
0.13047135,-0.046847343
0.13048637,-0.09307861
0.13050139,-0.09307861
0.13051641,-0.09307861
0.13053143,-0.09307861
0.13054647,-0.09307861
0.13056149,-0.13931036
0.1305765,-0.13931036
0.13059153,-0.13931036
0.13060655,-0.13931036
0.13062157,-0.18554163
0.13063659,-0.18554163
0.13065161,-0.18554163
0.13066663,-0.18554163
0.13068165,-0.18554163
0.13069667,-0.2317729
0.13071169,-0.2317729
0.13072671,-0.2317729
0.13074173,-0.2317729
0.13075675,-0.27800417
0.13077177,-0.27800417
0.13078679,-0.27800417
0.13080181,-0.27800417
0.13081683,-0.27800417
0.13083185,-0.32423592
0.13084687,-0.32423592
0.1308619,-0.32423592
0.13087691,-0.32423592
0.13089193,-0.3704667
0.13090695,-0.3704667
0.13092197,-0.3704667
0.130937,-0.3704667
0.13095202,-0.3704667
0.13096704,-0.41669846
0.13098207,-0.41669846
0.13099709,-0.41669846
0.13101211,-0.41669846
0.13102713,-0.46292973
0.13104215,-0.46292973
0.13105717,-0.46292973
0.1310722,-0.46292973
0.13108721,-0.46292973
0.13110223,-0.5091615
0.13111725,-0.5091615
0.13113227,-0.5091615
0.1311473,-0.5091615
0.13116232,-0.5091615
0.13117734,-0.55539227
0.13119236,-0.55539227
0.13120738,-0.55539227
0.1312224,-0.55539227
0.13123742,-0.601624
0.13125244,-0.601624
0.13126746,-0.601624
0.13128248,-0.601624
0.1312975,-0.601624
0.13131252,-0.6478553
0.13132754,-0.6478553
0.13134256,-0.6478553
0.13135758,-0.6478553
0.1313726,-0.6478553
0.13138762,-0.694087
0.13140264,-0.694087
0.13141768,-0.694087
0.1314327,-0.694087
0.13144772,-0.7403178
0.13146274,-0.7403178
0.13147776,-0.7403178
0.13149278,-0.7403178
0.1315078,-0.7403178
0.13152282,-0.78654957
0.13153784,-0.78654957
0.13155286,-0.78654957
0.13156788,-0.78654957
0.1315829,-0.78654957
0.13159792,-0.83278084
0.13161294,-0.83278084
0.13162796,-0.83278084
0.13164298,-0.83278084
0.131658,-0.8790121
0.13167302,-0.8790121
0.13168804,-0.8790121
0.13170306,-0.8790121
0.13171808,-0.8790121
0.1317331,-0.9252434
0.13174812,-0.9252434
0.13176315,-0.9252434
0.13177817,-0.9252434
0.13179319,-0.9252434
0.1318082,-0.9714751
0.13182323,-0.9714751
0.13183825,-0.9714751
0.13185327,-0.9714751
0.1318683,-1.0177064
0.13188332,-1.0177064
0.13189834,-1.0177064
0.13191336,-1.0177064
0.13192838,-1.0177064
0.1319434,-1.0639377
0.13195843,-1.0639377
0.13197345,-1.0639377
0.13198847,-1.0639377
0.13200349,-1.0639377
0.1320185,-1.1101689
0.13203353,-1.1101689
0.13204855,-1.1101689
0.13206357,-1.1101689
0.13207859,-1.1101689
0.13209361,-1.1564007
0.13210863,-1.1564007
0.13212365,-1.1564007
0.13213867,-1.1564007
0.13215369,-1.202632
0.13216871,-1.202632
0.13218373,-1.202632
0.13219875,-1.202632
0.13221377,-1.202632
0.13222879,-1.2488632
0.13224381,-1.2488632
0.13225883,-1.2488632
0.13227385,-1.2488632
0.13228887,-1.2488632
0.13230391,-1.2950945
0.13231893,-1.2950945
0.13233395,-1.2950945
0.13234897,-1.2950945
0.13236399,-1.2950945
0.13237901,-1.3413262
0.13239403,-1.3413262
0.13240905,-1.3413262
0.13242407,-1.3413262
0.13243909,-1.3413262
0.13245411,-1.387557
0.13246913,-1.387557
0.13248415,-1.387557
0.13249917,-1.387557
0.1325142,-1.387557
0.13252921,-1.4337888
0.13254423,-1.4337888
0.13255925,-1.4337888
0.13257428,-1.4337888
0.1325893,-1.4337888
0.13260432,-1.48002
0.13261934,-1.48002
0.13263436,-1.48002
0.13264938,-1.48002
0.1326644,-1.48002
0.13267942,-1.48002
0.13269444,-1.48002
0.13270946,-1.5262513
0.13272448,-1.5262513
0.13273951,-1.5262513
0.13275453,-1.5262513
0.13276955,-1.5262513
0.13278458,-1.5724826
0.1327996,-1.5724826
0.13281462,-1.5724826
0.13282964,-1.5724826
0.13284466,-1.5724826
0.13285968,-1.6187139
0.1328747,-1.6187139
0.13288972,-1.6187139
0.13290474,-1.6187139
0.13291976,-1.6187139
0.13293478,-1.6187139
0.1329498,-1.6187139
0.13296482,-1.6187139
0.13297984,-1.5724826
0.13299486,-1.5724826
0.13300988,-1.5724826
0.1330249,-1.5724826
0.13303992,-1.5724826
0.13305494,-1.5262513
0.13306996,-1.5262513
0.13308498,-1.5262513
0.1331,-1.5262513
0.13311502,-1.5262513
0.13313004,-1.48002
0.13314506,-1.48002
0.13316008,-1.48002
0.1331751,-1.48002
0.13319014,-1.48002
0.13320516,-1.48002
0.13322018,-1.48002
0.1332352,-1.4337888
0.13325022,-1.4337888
0.13326524,-1.4337888
0.13328026,-1.4337888
0.13329528,-1.387557
0.1333103,-1.387557
0.13332532,-1.387557
0.13334034,-1.387557
0.13335536,-1.387557
0.13337038,-1.3413262
0.1333854,-1.3413262
0.13340043,-1.3413262
0.13341545,-1.3413262
0.13343047,-1.3413262
0.13344549,-1.2950945
0.1334605,-1.2950945
0.13347553,-1.2950945
0.13349055,-1.2950945
0.13350557,-1.2488632
0.13352059,-1.2488632
0.13353561,-1.2488632
0.13355063,-1.2488632
0.13356565,-1.2488632
0.13358067,-1.202632
0.13359569,-1.202632
0.13361071,-1.202632
0.13362575,-1.202632
0.13364077,-1.1564007
0.13365579,-1.1564007
0.1336708,-1.1564007
0.13368583,-1.1564007
0.13370085,-1.1564007
0.13371587,-1.1101689
0.13373089,-1.1101689
0.13374591,-1.1101689
0.13376093,-1.1101689
0.13377595,-1.1101689
0.13379097,-1.0639377
0.13380599,-1.0639377
0.13382101,-1.0639377
0.13383603,-1.0639377
0.13385105,-1.0177064
0.13386607,-1.0177064
0.13388109,-1.0177064
0.13389611,-1.0177064
0.13391113,-1.0177064
0.13392615,-0.9714751
0.13394117,-0.9714751
0.1339562,-0.9714751
0.13397121,-0.9714751
0.13398623,-0.9714751
0.13400126,-0.9252434
0.13401628,-0.9252434
0.1340313,-0.9252434
0.13404632,-0.9252434
0.13406135,-0.8790121
0.13407637,-0.8790121
0.13409139,-0.8790121
0.13410641,-0.8790121
0.13412143,-0.8790121
0.13413645,-0.83278084
0.13415147,-0.83278084
0.1341665,-0.83278084
0.13418151,-0.83278084
0.13419653,-0.83278084
0.13421156,-0.78654957
0.13422658,-0.78654957
0.1342416,-0.78654957
0.13425662,-0.78654957
0.13427164,-0.7403178
0.13428666,-0.7403178
0.13430168,-0.7403178
0.1343167,-0.7403178
0.13433172,-0.7403178
0.13434674,-0.694087
0.13436176,-0.694087
0.13437678,-0.694087
0.1343918,-0.694087
0.13440682,-0.694087
0.13442184,-0.6478553
0.13443686,-0.6478553
0.13445188,-0.6478553
0.1344669,-0.6478553
0.13448192,-0.6478553
0.13449694,-0.601624
0.13451198,-0.601624
0.134527,-0.601624
0.13454202,-0.601624
0.13455704,-0.55539227
0.13457206,-0.55539227
0.13458708,-0.55539227
0.1346021,-0.55539227
0.13461712,-0.55539227
0.13463214,-0.5091615
0.13464716,-0.5091615
0.13466218,-0.5091615
0.1346772,-0.5091615
0.13469222,-0.46292973
0.13470724,-0.46292973
0.13472226,-0.46292973
0.13473728,-0.46292973
0.1347523,-0.46292973
0.13476732,-0.41669846
0.13478234,-0.41669846
0.13479736,-0.41669846
0.13481238,-0.41669846
0.1348274,-0.41669846
0.13484243,-0.3704667
0.13485745,-0.3704667
0.13487247,-0.3704667
0.13488749,-0.3704667
0.1349025,-0.32423592
0.13491753,-0.32423592
0.13493255,-0.32423592
0.13494758,-0.32423592
0.1349626,-0.32423592
0.13497762,-0.27800417
0.13499264,-0.27800417
0.13500766,-0.27800417
0.13502268,-0.27800417
0.1350377,-0.27800417
0.13505273,-0.2317729
0.13506775,-0.2317729
0.13508277,-0.2317729
0.13509779,-0.2317729
0.1351128,-0.18554163
0.13512783,-0.18554163
0.13514285,-0.18554163
0.13515787,-0.18554163
0.13517289,-0.18554163
0.13518791,-0.13931036
0.13520293,-0.13931036
0.13521795,-0.13931036
0.13523297,-0.13931036
0.13524799,-0.13931036
0.13526301,-0.09307861
0.13527803,-0.09307861
0.13529305,-0.09307861
0.13530807,-0.09307861
0.13532309,-0.046847343
0.13533811,-0.046847343
0.13535313,-0.046847343
0.13536815,-0.046847343
0.13538319,-0.046847343
0.13539821,-6.160736E-4
0.13541323,-6.160736E-4
0.13542825,-6.160736E-4
0.13544327,-6.160736E-4
0.13545829,0.045615196
0.13547331,0.045615196
0.13548833,0.045615196
0.13550335,0.045615196
0.13551837,0.045615196
0.13553339,0.091846466
0.13554841,0.091846466
0.13556343,0.091846466
0.13557845,0.091846466
0.13559347,0.091846466
0.1356085,0.13807821
0.13562351,0.13807821
0.13563854,0.13807821
0.13565356,0.13807821
0.13566858,0.184309
0.1356836,0.184309
0.13569862,0.184309
0.13571364,0.184309
0.13572866,0.184309
0.13574368,0.23054075
0.1357587,0.23054075
0.13577372,0.23054075
0.13578874,0.23054075
0.13580376,0.23054075
0.1358188,0.27677202
0.13583381,0.27677202
0.13584884,0.27677202
0.13586386,0.27677202
0.13587888,0.3230033
0.1358939,0.3230033
0.13590892,0.3230033
0.13592394,0.3230033
0.13593896,0.3230033
0.13595398,0.36923456
0.135969,0.36923456
0.13598402,0.36923456
0.13599904,0.36923456
0.13601406,0.36923456
0.13602908,0.4154663
0.1360441,0.4154663
0.13605912,0.4154663
0.13607414,0.4154663
0.13608916,0.4154663
0.13610418,0.46169758
0.1361192,0.46169758
0.13613422,0.46169758
0.13614924,0.46169758
0.13616426,0.50792885
0.13617928,0.50792885
0.1361943,0.50792885
0.13620932,0.50792885
0.13622434,0.50792885
0.13623936,0.5541601
0.13625439,0.5541601
0.13626942,0.5541601
0.13628444,0.5541601
0.13629946,0.5541601
0.13631448,0.60039186
0.1363295,0.60039186
0.13634452,0.60039186
0.13635954,0.60039186
0.13637456,0.60039186
0.13638958,0.64662313
0.1364046,0.64662313
0.13641962,0.64662313
0.13643464,0.64662313
0.13644966,0.6928544
0.13646469,0.6928544
0.1364797,0.6928544
0.13649473,0.6928544
0.13650975,0.6928544
0.13652477,0.7390857
0.13653979,0.7390857
0.1365548,0.7390857
0.13656983,0.7390857
0.13658485,0.7390857
0.13659987,0.7853174
0.13661489,0.7853174
0.13662991,0.7853174
0.13664493,0.7853174
0.13665995,0.7853174
0.13667497,0.8315482
0.13668999,0.8315482
0.13670503,0.8315482
0.13672005,0.8315482
0.13673507,0.8315482
0.13675009,0.87777996
0.13676511,0.87777996
0.13678013,0.87777996
0.13679515,0.87777996
0.13681017,0.87777996
0.13682519,0.92401123
0.13684021,0.92401123
0.13685523,0.92401123
0.13687025,0.92401123
0.13688527,0.970243
0.13690029,0.970243
0.13691531,0.970243
0.13693033,0.970243
0.13694535,0.970243
0.13696037,1.0164738
0.1369754,1.0164738
0.13699041,1.0164738
0.13700543,1.0164738
0.13702045,1.0164738
0.13703547,1.0627055
0.1370505,1.0627055
0.13706551,1.0627055
0.13708054,1.0627055
0.13709556,1.0627055
0.13711058,1.1089368
0.1371256,1.1089368
0.13714063,1.1089368
0.13715565,1.1089368
0.13717067,1.1089368
0.1371857,1.1551685
0.13720071,1.1551685
0.13721573,1.1551685
0.13723075,1.1551685
0.13724577,1.2013993
0.1372608,1.2013993
0.13727582,1.2013993
0.13729084,1.2013993
0.13730586,1.2013993
0.13732088,1.2476311
0.1373359,1.2476311
0.13735092,1.2476311
0.13736594,1.2476311
0.13738096,1.2476311
0.13739598,1.2476311
0.137411,1.2938623
0.13742602,1.2938623
0.13744104,1.2938623
0.13745606,1.2938623
0.13747108,1.2938623
0.1374861,1.3400936
0.13750112,1.3400936
0.13751614,1.3400936
0.13753116,1.3400936
0.13754618,1.3400936
0.1375612,1.3863249
0.13757622,1.3863249
0.13759126,1.3863249
0.13760628,1.3863249
0.1376213,1.3863249
0.13763632,1.4325566
0.13765134,1.4325566
0.13766636,1.4325566
0.13768138,1.4325566
0.1376964,1.4325566
0.13771142,1.4787879
0.13772644,1.4787879
0.13774146,1.4787879
0.13775648,1.4787879
0.1377715,1.4787879
0.13778652,1.4787879
0.13780154,1.4787879
0.13781656,1.5250192
0.13783158,1.5250192
0.1378466,1.5250192
0.13786162,1.5250192
0.13787664,1.5250192
0.13789167,1.5250192
0.13790669,1.5712504
0.1379217,1.5712504
0.13793673,1.5712504
0.13795175,1.5712504
0.13796677,1.5712504
0.13798179,1.6174817
0.13799681,1.6174817
0.13801183,1.6174817
0.13802686,1.6174817
0.13804188,1.6174817
0.1380569,1.6637135
0.13807192,1.6637135
0.13808694,1.6637135
0.13810197,1.6637135
0.13811699,1.6637135
0.138132,1.7099442
0.13814703,1.7099442
0.13816205,1.7099442
0.13817707,1.7099442
0.13819209,1.7099442
0.13820711,1.756176
0.13822213,1.756176
0.13823715,1.756176
0.13825217,1.756176
0.13826719,1.756176
0.13828221,1.756176
0.13829723,1.756176
0.13831225,1.7099442
0.13832727,1.7099442
0.13834229,1.7099442
0.13835731,1.7099442
0.13837233,1.6637135
0.13838735,1.6637135
0.13840237,1.6637135
0.1384174,1.6637135
0.13843241,1.6637135
0.13844743,1.6174817
0.13846247,1.6174817
0.13847749,1.6174817
0.13849251,1.6174817
0.13850753,1.5712504
0.13852255,1.5712504
0.13853757,1.5712504
0.13855259,1.5712504
0.13856761,1.5250192
0.13858263,1.5250192
0.13859765,1.5250192
0.13861267,1.5250192
0.1386277,1.5250192
0.13864271,1.4787879
0.13865773,1.4787879
0.13867275,1.4787879
0.13868777,1.4787879
0.1387028,1.4787879
0.13871782,1.4787879
0.13873284,1.4325566
0.13874786,1.4325566
0.13876288,1.4325566
0.1387779,1.4325566
0.13879292,1.4325566
0.13880794,1.3863249
0.13882296,1.3863249
0.13883798,1.3863249
0.138853,1.3863249
0.13886802,1.3400936
0.13888304,1.3400936
0.13889806,1.3400936
0.1389131,1.3400936
0.13892812,1.3400936
0.13894314,1.2938623
0.13895816,1.2938623
0.13897318,1.2938623
0.1389882,1.2938623
0.13900322,1.2476311
0.13901824,1.2476311
0.13903326,1.2476311
0.13904828,1.2476311
0.1390633,1.2476311
0.13907832,1.2013993
0.13909334,1.2013993
0.13910836,1.2013993
0.13912338,1.2013993
0.1391384,1.1551685
0.13915342,1.1551685
0.13916844,1.1551685
0.13918346,1.1551685
0.13919848,1.1089368
0.1392135,1.1089368
0.13922852,1.1089368
0.13924354,1.1089368
0.13925856,1.1089368
0.13927358,1.0627055
0.1392886,1.0627055
0.13930362,1.0627055
0.13931865,1.0627055
0.13933367,1.0164738
0.1393487,1.0164738
0.13936372,1.0164738
0.13937874,1.0164738
0.13939376,0.970243
0.13940878,0.970243
0.1394238,0.970243
0.13943882,0.970243
0.13945384,0.970243
0.13946886,0.92401123
0.13948388,0.92401123
0.1394989,0.92401123
0.13951392,0.92401123
0.13952895,0.87777996
0.13954397,0.87777996
0.13955899,0.87777996
0.139574,0.87777996
0.13958903,0.8315482
0.13960405,0.8315482
0.13961907,0.8315482
0.13963409,0.8315482
0.13964911,0.8315482
0.13966413,0.7853174
0.13967915,0.7853174
0.13969417,0.7853174
0.13970919,0.7853174
0.13972421,0.7390857
0.13973923,0.7390857
0.13975425,0.7390857
0.13976927,0.7390857
0.1397843,0.7390857
0.13979933,0.6928544
0.13981435,0.6928544
0.13982937,0.6928544
0.13984439,0.6928544
0.13985941,0.64662313
0.13987443,0.64662313
0.13988945,0.64662313
0.13990447,0.64662313
0.13991949,0.64662313
0.13993451,0.60039186
0.13994953,0.60039186
0.13996455,0.60039186
0.13997957,0.60039186
0.13999459,0.5541601
0.14000961,0.5541601
0.14002463,0.5541601
0.14003965,0.5541601
0.14005467,0.5541601
0.1400697,0.50792885
0.14008471,0.50792885
0.14009973,0.50792885
0.14011475,0.50792885
0.14012977,0.46169758
0.1401448,0.46169758
0.14015982,0.46169758
0.14017484,0.46169758
0.14018986,0.4154663
0.14020488,0.4154663
0.1402199,0.4154663
0.14023493,0.4154663
0.14024995,0.4154663
0.14026497,0.36923456
0.14028,0.36923456
0.14029501,0.36923456
0.14031003,0.36923456
0.14032505,0.3230033
0.14034007,0.3230033
0.1403551,0.3230033
0.14037012,0.3230033
0.14038514,0.3230033
0.14040016,0.27677202
0.14041518,0.27677202
0.1404302,0.27677202
0.14044522,0.27677202
0.14046024,0.23054075
0.14047526,0.23054075
0.14049028,0.23054075
0.1405053,0.23054075
0.14052032,0.23054075
0.14053534,0.184309
0.14055036,0.184309
0.14056538,0.184309
0.1405804,0.184309
0.14059542,0.13807821
0.14061044,0.13807821
0.14062546,0.13807821
0.14064048,0.13807821
0.1406555,0.13807821
0.14067054,0.091846466
0.14068556,0.091846466
0.14070058,0.091846466
0.1407156,0.091846466
0.14073062,0.045615196
0.14074564,0.045615196
0.14076066,0.045615196
0.14077568,0.045615196
0.1407907,0.045615196
0.14080572,-6.160736E-4
0.14082074,-6.160736E-4
0.14083576,-6.160736E-4
0.14085078,-6.160736E-4
0.1408658,-0.046847343
0.14088082,-0.046847343
0.14089584,-0.046847343
0.14091086,-0.046847343
0.14092588,-0.09307861
0.1409409,-0.09307861
0.14095592,-0.09307861
0.14097095,-0.09307861
0.14098597,-0.13931036
0.14100099,-0.13931036
0.141016,-0.13931036
0.14103103,-0.13931036
0.14104605,-0.13931036
0.14106107,-0.18554163
0.14107609,-0.18554163
0.14109111,-0.18554163
0.14110614,-0.18554163
0.14112116,-0.2317729
0.14113618,-0.2317729
0.1411512,-0.2317729
0.14116623,-0.2317729
0.14118125,-0.2317729
0.14119627,-0.27800417
0.14121129,-0.27800417
0.1412263,-0.27800417
0.14124133,-0.27800417
0.14125635,-0.27800417
0.14127137,-0.32423592
0.14128639,-0.32423592
0.14130141,-0.32423592
0.14131643,-0.32423592
0.14133145,-0.3704667
0.14134647,-0.3704667
0.14136149,-0.3704667
0.14137651,-0.3704667
0.14139153,-0.41669846
0.14140655,-0.41669846
0.14142157,-0.41669846
0.14143659,-0.41669846
0.14145161,-0.41669846
0.14146663,-0.46292973
0.14148165,-0.46292973
0.14149667,-0.46292973
0.1415117,-0.46292973
0.14152671,-0.46292973
0.14154175,-0.5091615
0.14155677,-0.5091615
0.14157179,-0.5091615
0.14158681,-0.5091615
0.14160183,-0.55539227
0.14161685,-0.55539227
0.14163187,-0.55539227
0.14164689,-0.55539227
0.14166191,-0.55539227
0.14167693,-0.601624
0.14169195,-0.601624
0.14170697,-0.601624
0.141722,-0.601624
0.14173701,-0.6478553
0.14175203,-0.6478553
0.14176705,-0.6478553
0.14178208,-0.6478553
0.1417971,-0.6478553
0.14181212,-0.694087
0.14182714,-0.694087
0.14184216,-0.694087
0.14185718,-0.694087
0.1418722,-0.694087
0.14188722,-0.7403178
0.14190224,-0.7403178
0.14191726,-0.7403178
0.14193228,-0.7403178
0.1419473,-0.7403178
0.14196232,-0.78654957
0.14197734,-0.78654957
0.14199238,-0.78654957
0.1420074,-0.78654957
0.14202242,-0.83278084
0.14203744,-0.83278084
0.14205246,-0.83278084
0.14206748,-0.83278084
0.1420825,-0.83278084
0.14209752,-0.8790121
0.14211254,-0.8790121
0.14212756,-0.8790121
0.14214258,-0.8790121
0.1421576,-0.8790121
0.14217262,-0.9252434
0.14218764,-0.9252434
0.14220266,-0.9252434
0.14221768,-0.9252434
0.1422327,-0.9252434
0.14224772,-0.9714751
0.14226274,-0.9714751
0.14227776,-0.9714751
0.14229278,-0.9714751
0.1423078,-1.0177064
0.14232282,-1.0177064
0.14233784,-1.0177064
0.14235286,-1.0177064
0.14236788,-1.0177064
0.1423829,-1.0639377
0.14239793,-1.0639377
0.14241295,-1.0639377
0.14242798,-1.0639377
0.142443,-1.0639377
0.14245802,-1.1101689
0.14247304,-1.1101689
0.14248806,-1.1101689
0.14250308,-1.1101689
0.1425181,-1.1564007
0.14253312,-1.1564007
0.14254814,-1.1564007
0.14256316,-1.1564007
0.14257818,-1.1564007
0.1425932,-1.202632
0.14260823,-1.202632
0.14262325,-1.202632
0.14263827,-1.202632
0.14265329,-1.202632
0.1426683,-1.2488632
0.14268333,-1.2488632
0.14269835,-1.2488632
0.14271337,-1.2488632
0.14272839,-1.2488632
0.14274341,-1.2950945
0.14275843,-1.2950945
0.14277345,-1.2950945
0.14278847,-1.2950945
0.14280349,-1.2950945
0.14281851,-1.3413262
0.14283353,-1.3413262
0.14284855,-1.3413262
0.14286359,-1.3413262
0.1428786,-1.387557
0.14289363,-1.387557
0.14290865,-1.387557
0.14292367,-1.387557
0.14293869,-1.387557
0.14295371,-1.4337888
0.14296873,-1.4337888
0.14298375,-1.4337888
0.14299877,-1.4337888
0.14301379,-1.4337888
0.14302881,-1.48002
0.14304383,-1.48002
0.14305885,-1.48002
0.14307387,-1.48002
0.14308889,-1.48002
0.14310391,-1.48002
0.14311893,-1.48002
0.14313395,-1.48002
0.14314897,-1.5262513
0.143164,-1.5262513
0.14317901,-1.5262513
0.14319403,-1.5262513
0.14320906,-1.5262513
0.14322408,-1.5724826
0.1432391,-1.5724826
0.14325412,-1.5724826
0.14326914,-1.5724826
0.14328416,-1.5724826
0.14329918,-1.6187139
0.14331421,-1.6187139
0.14332923,-1.6187139
0.14334425,-1.6187139
0.14335927,-1.6187139
0.1433743,-1.6187139
0.14338931,-1.6187139
0.14340433,-1.6187139
0.14341936,-1.5724826
0.14343438,-1.5724826
0.1434494,-1.5724826
0.14346442,-1.5724826
0.14347944,-1.5724826
0.14349446,-1.5262513
0.14350948,-1.5262513
0.1435245,-1.5262513
0.14353952,-1.5262513
0.14355454,-1.48002
0.14356956,-1.48002
0.14358458,-1.48002
0.1435996,-1.48002
0.14361462,-1.48002
0.14362964,-1.48002
0.14364466,-1.48002
0.14365968,-1.4337888
0.1436747,-1.4337888
0.14368972,-1.4337888
0.14370474,-1.4337888
0.14371976,-1.4337888
0.14373478,-1.387557
0.14374982,-1.387557
0.14376484,-1.387557
0.14377986,-1.387557
0.14379488,-1.387557
0.1438099,-1.3413262
0.14382492,-1.3413262
0.14383994,-1.3413262
0.14385496,-1.3413262
0.14386998,-1.2950945
0.143885,-1.2950945
0.14390002,-1.2950945
0.14391504,-1.2950945
0.14393006,-1.2950945
0.14394508,-1.2488632
0.1439601,-1.2488632
0.14397512,-1.2488632
0.14399014,-1.2488632
0.14400516,-1.202632
0.14402018,-1.202632
0.1440352,-1.202632
0.14405023,-1.202632
0.14406525,-1.202632
0.14408027,-1.1564007
0.14409529,-1.1564007
0.1441103,-1.1564007
0.14412533,-1.1564007
0.14414035,-1.1564007
0.14415537,-1.1101689
0.14417039,-1.1101689
0.14418542,-1.1101689
0.14420044,-1.1101689
0.14421546,-1.0639377
0.14423048,-1.0639377
0.1442455,-1.0639377
0.14426053,-1.0639377
0.14427555,-1.0639377
0.14429057,-1.0177064
0.14430559,-1.0177064
0.1443206,-1.0177064
0.14433563,-1.0177064
0.14435065,-1.0177064
0.14436567,-0.9714751
0.14438069,-0.9714751
0.14439571,-0.9714751
0.14441073,-0.9714751
0.14442575,-0.9252434
0.14444077,-0.9252434
0.14445579,-0.9252434
0.14447081,-0.9252434
0.14448583,-0.9252434
0.14450085,-0.8790121
0.14451587,-0.8790121
0.14453089,-0.8790121
0.14454591,-0.8790121
0.14456093,-0.8790121
0.14457595,-0.83278084
0.14459097,-0.83278084
0.144606,-0.83278084
0.14462101,-0.83278084
0.14463605,-0.78654957
0.14465107,-0.78654957
0.14466609,-0.78654957
0.14468111,-0.78654957
0.14469613,-0.78654957
0.14471115,-0.7403178
0.14472617,-0.7403178
0.14474119,-0.7403178
0.14475621,-0.7403178
0.14477123,-0.7403178
0.14478625,-0.694087
0.14480127,-0.694087
0.1448163,-0.694087
0.14483131,-0.694087
0.14484634,-0.6478553
0.14486136,-0.6478553
0.14487638,-0.6478553
0.1448914,-0.6478553
0.14490642,-0.6478553
0.14492144,-0.601624
0.14493646,-0.601624
0.14495148,-0.601624
0.1449665,-0.601624
0.14498152,-0.601624
0.14499654,-0.55539227
0.14501156,-0.55539227
0.14502658,-0.55539227
0.1450416,-0.55539227
0.14505662,-0.5091615
0.14507166,-0.5091615
0.14508668,-0.5091615
0.1451017,-0.5091615
0.14511672,-0.5091615
0.14513174,-0.46292973
0.14514676,-0.46292973
0.14516178,-0.46292973
0.1451768,-0.46292973
0.14519182,-0.46292973
0.14520684,-0.41669846
0.14522186,-0.41669846
0.14523688,-0.41669846
0.1452519,-0.41669846
0.14526692,-0.3704667
0.14528194,-0.3704667
0.14529696,-0.3704667
0.14531198,-0.3704667
0.145327,-0.3704667
0.14534202,-0.32423592
0.14535704,-0.32423592
0.14537206,-0.32423592
0.14538708,-0.32423592
0.1454021,-0.27800417
0.14541712,-0.27800417
0.14543214,-0.27800417
0.14544716,-0.27800417
0.14546219,-0.27800417
0.1454772,-0.2317729
0.14549223,-0.2317729
0.14550726,-0.2317729
0.14552228,-0.2317729
0.1455373,-0.2317729
0.14555232,-0.18554163
0.14556734,-0.18554163
0.14558236,-0.18554163
0.14559738,-0.18554163
0.1456124,-0.18554163
0.14562742,-0.13931036
0.14564244,-0.13931036
0.14565746,-0.13931036
0.14567249,-0.13931036
0.1456875,-0.09307861
0.14570253,-0.09307861
0.14571755,-0.09307861
0.14573257,-0.09307861
0.14574759,-0.09307861
0.14576261,-0.046847343
0.14577763,-0.046847343
0.14579265,-0.046847343
0.14580767,-0.046847343
0.14582269,-6.160736E-4
0.14583771,-6.160736E-4
0.14585273,-6.160736E-4
0.14586775,-6.160736E-4
0.14588277,-6.160736E-4
0.14589779,0.045615196
0.14591281,0.045615196
0.14592783,0.045615196
0.14594285,0.045615196
0.14595789,0.045615196
0.14597291,0.091846466
0.14598793,0.091846466
0.14600295,0.091846466
0.14601797,0.091846466
0.14603299,0.13807821
0.14604801,0.13807821
0.14606303,0.13807821
0.14607805,0.13807821
0.14609307,0.13807821
0.14610809,0.184309
0.14612311,0.184309
0.14613813,0.184309
0.14615315,0.184309
0.14616817,0.184309
0.1461832,0.23054075
0.14619821,0.23054075
0.14621323,0.23054075
0.14622825,0.23054075
0.14624327,0.27677202
0.1462583,0.27677202
0.14627331,0.27677202
0.14628834,0.27677202
0.14630336,0.27677202
0.14631838,0.3230033
0.1463334,0.3230033
0.14634842,0.3230033
0.14636344,0.3230033
0.14637846,0.3230033
0.1463935,0.36923456
0.14640851,0.36923456
0.14642353,0.36923456
0.14643855,0.36923456
0.14645357,0.4154663
0.1464686,0.4154663
0.14648362,0.4154663
0.14649864,0.4154663
0.14651366,0.4154663
0.14652868,0.46169758
0.1465437,0.46169758
0.14655872,0.46169758
0.14657374,0.46169758
0.14658876,0.46169758
0.14660378,0.50792885
0.1466188,0.50792885
0.14663382,0.50792885
0.14664884,0.50792885
0.14666386,0.50792885
0.14667888,0.5541601
0.1466939,0.5541601
0.14670892,0.5541601
0.14672394,0.5541601
0.14673896,0.60039186
0.14675398,0.60039186
0.146769,0.60039186
0.14678402,0.60039186
0.14679904,0.60039186
0.14681406,0.60039186
0.1468291,0.64662313
0.14684412,0.64662313
0.14685914,0.64662313
0.14687416,0.64662313
0.14688918,0.6928544
0.1469042,0.6928544
0.14691922,0.6928544
0.14693424,0.6928544
0.14694926,0.6928544
0.14696428,0.7390857
0.1469793,0.7390857
0.14699432,0.7390857
0.14700934,0.7390857
0.14702436,0.7390857
0.14703938,0.7853174
0.1470544,0.7853174
0.14706942,0.7853174
0.14708444,0.7853174
0.14709947,0.7853174
0.14711449,0.8315482
0.1471295,0.8315482
0.14714453,0.8315482
0.14715955,0.8315482
0.14717457,0.8315482
0.14718959,0.87777996
0.14720461,0.87777996
0.14721963,0.87777996
0.14723465,0.87777996
0.14724967,0.92401123
0.14726469,0.92401123
0.14727972,0.92401123
0.14729474,0.92401123
0.14730977,0.92401123
0.14732479,0.970243
0.1473398,0.970243
0.14735483,0.970243
0.14736985,0.970243
0.14738487,0.970243
0.14739989,1.0164738
0.14741491,1.0164738
0.14742993,1.0164738
0.14744495,1.0164738
0.14745997,1.0164738
0.14747499,1.0627055
0.14749001,1.0627055
0.14750503,1.0627055
0.14752005,1.0627055
0.14753507,1.0627055
0.14755009,1.1089368
0.14756511,1.1089368
0.14758013,1.1089368
0.14759515,1.1089368
0.14761017,1.1551685
0.1476252,1.1551685
0.14764021,1.1551685
0.14765523,1.1551685
0.14767025,1.1551685
0.14768527,1.1551685
0.1477003,1.2013993
0.14771533,1.2013993
0.14773035,1.2013993
0.14774537,1.2013993
0.14776039,1.2476311
0.14777541,1.2476311
0.14779043,1.2476311
0.14780545,1.2476311
0.14782047,1.2476311
0.1478355,1.2938623
0.14785051,1.2938623
0.14786553,1.2938623
0.14788055,1.2938623
0.14789557,1.2938623
0.1479106,1.3400936
0.14792562,1.3400936
0.14794064,1.3400936
0.14795566,1.3400936
0.14797068,1.3400936
0.1479857,1.3863249
0.14800072,1.3863249
0.14801574,1.3863249
0.14803076,1.3863249
0.14804578,1.3863249
0.1480608,1.4325566
0.14807582,1.4325566
0.14809084,1.4325566
0.14810586,1.4325566
0.14812088,1.4325566
0.1481359,1.4787879
0.14815094,1.4787879
0.14816596,1.4787879
0.14818098,1.4787879
0.148196,1.4787879
0.14821102,1.4787879
0.14822604,1.4787879
0.14824106,1.4787879
0.14825608,1.5250192
0.1482711,1.5250192
0.14828612,1.5250192
0.14830114,1.5250192
0.14831616,1.5250192
0.14833118,1.5712504
0.1483462,1.5712504
0.14836122,1.5712504
0.14837624,1.5712504
0.14839126,1.5712504
0.14840628,1.6174817
0.1484213,1.6174817
0.14843632,1.6174817
0.14845134,1.6174817
0.14846636,1.6174817
0.14848138,1.6637135
0.1484964,1.6637135
0.14851142,1.6637135
0.14852645,1.6637135
0.14854147,1.6637135
0.14855649,1.7099442
0.1485715,1.7099442
0.14858654,1.7099442
0.14860156,1.7099442
0.14861658,1.7099442
0.1486316,1.756176
0.14864662,1.756176
0.14866164,1.756176
0.14867666,1.756176
0.14869168,1.756176
0.1487067,1.756176
0.14872172,1.756176
0.14873675,1.756176
0.14875177,1.7099442
0.14876679,1.7099442
0.1487818,1.7099442
0.14879683,1.7099442
0.14881185,1.6637135
0.14882687,1.6637135
0.14884189,1.6637135
0.14885691,1.6637135
0.14887193,1.6174817
0.14888695,1.6174817
0.14890197,1.6174817
0.14891699,1.6174817
0.14893201,1.5712504
0.14894703,1.5712504
0.14896205,1.5712504
0.14897707,1.5712504
0.14899209,1.5712504
0.14900711,1.5250192
0.14902213,1.5250192
0.14903717,1.5250192
0.14905219,1.5250192
0.14906721,1.4787879
0.14908223,1.4787879
0.14909725,1.4787879
0.14911227,1.4787879
0.14912729,1.4787879
0.14914231,1.4787879
0.14915733,1.4787879
0.14917235,1.4325566
0.14918737,1.4325566
0.14920239,1.4325566
0.14921741,1.4325566
0.14923243,1.3863249
0.14924745,1.3863249
0.14926247,1.3863249
0.1492775,1.3863249
0.14929251,1.3863249
0.14930753,1.3400936
0.14932255,1.3400936
0.14933757,1.3400936
0.1493526,1.3400936
0.14936762,1.2938623
0.14938264,1.2938623
0.14939766,1.2938623
0.14941268,1.2938623
0.1494277,1.2938623
0.14944272,1.2476311
0.14945774,1.2476311
0.14947277,1.2476311
0.1494878,1.2476311
0.14950281,1.2013993
0.14951783,1.2013993
0.14953285,1.2013993
0.14954787,1.2013993
0.1495629,1.1551685
0.14957792,1.1551685
0.14959294,1.1551685
0.14960796,1.1551685
0.14962298,1.1551685
0.149638,1.1089368
0.14965302,1.1089368
0.14966804,1.1089368
0.14968306,1.1089368
0.14969808,1.0627055
0.1497131,1.0627055
0.14972812,1.0627055
0.14974314,1.0627055
0.14975816,1.0164738
0.14977318,1.0164738
0.1497882,1.0164738
0.14980322,1.0164738
0.14981824,1.0164738
0.14983326,0.970243
0.14984828,0.970243
0.1498633,0.970243
0.14987832,0.970243
0.14989334,0.92401123
0.14990838,0.92401123
0.1499234,0.92401123
0.14993842,0.92401123
0.14995344,0.92401123
0.14996846,0.87777996
0.14998348,0.87777996
0.1499985,0.87777996
0.15001352,0.87777996
0.15002854,0.8315482
0.15004356,0.8315482
0.15005858,0.8315482
0.1500736,0.8315482
0.15008862,0.7853174
0.15010364,0.7853174
0.15011866,0.7853174
0.15013368,0.7853174
0.1501487,0.7853174
0.15016373,0.7390857
0.15017875,0.7390857
0.15019377,0.7390857
0.15020879,0.7390857
0.1502238,0.6928544
0.15023883,0.6928544
0.15025385,0.6928544
0.15026887,0.6928544
0.15028389,0.6928544
0.15029891,0.64662313
0.15031393,0.64662313
0.15032895,0.64662313
0.15034397,0.64662313
0.150359,0.60039186
0.15037403,0.60039186
0.15038905,0.60039186
0.15040407,0.60039186
0.15041909,0.60039186
0.1504341,0.5541601
0.15044913,0.5541601
0.15046415,0.5541601
0.15047917,0.5541601
0.15049419,0.50792885
0.15050921,0.50792885
0.15052423,0.50792885
0.15053925,0.50792885
0.15055427,0.50792885
0.15056929,0.46169758
0.15058431,0.46169758
0.15059933,0.46169758
0.15061435,0.46169758
0.15062937,0.4154663
0.15064439,0.4154663
0.15065941,0.4154663
0.15067443,0.4154663
0.15068945,0.36923456
0.15070447,0.36923456
0.1507195,0.36923456
0.15073451,0.36923456
0.15074953,0.36923456
0.15076455,0.3230033
0.15077958,0.3230033
0.15079461,0.3230033
0.15080963,0.3230033
0.15082465,0.27677202
0.15083967,0.27677202
0.15085469,0.27677202
0.15086971,0.27677202
0.15088473,0.27677202
0.15089975,0.23054075
0.15091477,0.23054075
0.1509298,0.23054075
0.15094481,0.23054075
0.15095983,0.184309
0.15097485,0.184309
0.15098988,0.184309
0.1510049,0.184309
0.15101992,0.184309
0.15103494,0.13807821
0.15104996,0.13807821
0.15106498,0.13807821
0.15108,0.13807821
0.15109502,0.091846466
0.15111004,0.091846466
0.15112506,0.091846466
0.15114008,0.091846466
0.1511551,0.091846466
0.15117012,0.045615196
0.15118514,0.045615196
0.15120016,0.045615196
0.15121518,0.045615196
0.15123022,-6.160736E-4
0.15124524,-6.160736E-4
0.15126026,-6.160736E-4
0.15127528,-6.160736E-4
0.1512903,-0.046847343
0.15130532,-0.046847343
0.15132034,-0.046847343
0.15133536,-0.046847343
0.15135038,-0.09307861
0.1513654,-0.09307861
0.15138042,-0.09307861
0.15139544,-0.09307861
0.15141046,-0.09307861
0.15142548,-0.13931036
0.1514405,-0.13931036
0.15145552,-0.13931036
0.15147054,-0.13931036
0.15148556,-0.18554163
0.15150058,-0.18554163
0.1515156,-0.18554163
0.15153062,-0.18554163
0.15154564,-0.18554163
0.15156066,-0.2317729
0.15157568,-0.2317729
0.1515907,-0.2317729
0.15160573,-0.2317729
0.15162075,-0.27800417
0.15163577,-0.27800417
0.15165079,-0.27800417
0.1516658,-0.27800417
0.15168084,-0.27800417
0.15169586,-0.32423592
0.15171088,-0.32423592
0.1517259,-0.32423592
0.15174092,-0.32423592
0.15175594,-0.32423592
0.15177096,-0.3704667
0.15178598,-0.3704667
0.151801,-0.3704667
0.15181603,-0.3704667
0.15183105,-0.41669846
0.15184607,-0.41669846
0.15186109,-0.41669846
0.1518761,-0.41669846
0.15189113,-0.41669846
0.15190615,-0.46292973
0.15192117,-0.46292973
0.15193619,-0.46292973
0.15195121,-0.46292973
0.15196623,-0.5091615
0.15198125,-0.5091615
0.15199627,-0.5091615
0.15201129,-0.5091615
0.15202631,-0.5091615
0.15204133,-0.55539227
0.15205635,-0.55539227
0.15207137,-0.55539227
0.15208639,-0.55539227
0.15210141,-0.601624
0.15211645,-0.601624
0.15213147,-0.601624
0.15214649,-0.601624
0.15216151,-0.601624
0.15217653,-0.6478553
0.15219155,-0.6478553
0.15220657,-0.6478553
0.15222159,-0.6478553
0.15223661,-0.6478553
0.15225163,-0.694087
0.15226665,-0.694087
0.15228167,-0.694087
0.15229669,-0.694087
0.15231171,-0.694087
0.15232673,-0.7403178
0.15234175,-0.7403178
0.15235677,-0.7403178
0.1523718,-0.7403178
0.15238681,-0.78654957
0.15240183,-0.78654957
0.15241686,-0.78654957
0.15243188,-0.78654957
0.1524469,-0.78654957
0.15246192,-0.83278084
0.15247694,-0.83278084
0.15249196,-0.83278084
0.15250698,-0.83278084
0.152522,-0.8790121
0.15253702,-0.8790121
0.15255205,-0.8790121
0.15256707,-0.8790121
0.1525821,-0.8790121
0.15259711,-0.9252434
0.15261213,-0.9252434
0.15262716,-0.9252434
0.15264218,-0.9252434
0.1526572,-0.9252434
0.15267222,-0.9714751
0.15268724,-0.9714751
0.15270226,-0.9714751
0.15271728,-0.9714751
0.1527323,-0.9714751
0.15274732,-1.0177064
0.15276234,-1.0177064
0.15277736,-1.0177064
0.15279238,-1.0177064
0.1528074,-1.0639377
0.15282242,-1.0639377
0.15283744,-1.0639377
0.15285246,-1.0639377
0.15286748,-1.0639377
0.1528825,-1.1101689
0.15289752,-1.1101689
0.15291254,-1.1101689
0.15292756,-1.1101689
0.15294258,-1.1101689
0.1529576,-1.1564007
0.15297262,-1.1564007
0.15298764,-1.1564007
0.15300268,-1.1564007
0.1530177,-1.1564007
0.15303272,-1.202632
0.15304774,-1.202632
0.15306276,-1.202632
0.15307778,-1.202632
0.1530928,-1.2488632
0.15310782,-1.2488632
0.15312284,-1.2488632
0.15313786,-1.2488632
0.15315288,-1.2488632
0.1531679,-1.2950945
0.15318292,-1.2950945
0.15319794,-1.2950945
0.15321296,-1.2950945
0.15322798,-1.2950945
0.153243,-1.3413262
0.15325803,-1.3413262
0.15327305,-1.3413262
0.15328807,-1.3413262
0.15330309,-1.3413262
0.1533181,-1.387557
0.15333313,-1.387557
0.15334815,-1.387557
0.15336317,-1.387557
0.15337819,-1.387557
0.15339321,-1.4337888
0.15340823,-1.4337888
0.15342325,-1.4337888
0.15343828,-1.4337888
0.1534533,-1.4337888
0.15346833,-1.48002
0.15348335,-1.48002
0.15349837,-1.48002
0.15351339,-1.48002
0.1535284,-1.48002
0.15354343,-1.48002
0.15355845,-1.48002
0.15357347,-1.5262513
0.15358849,-1.5262513
0.15360351,-1.5262513
0.15361853,-1.5262513
0.15363355,-1.5262513
0.15364857,-1.5724826
0.15366359,-1.5724826
0.15367861,-1.5724826
0.15369363,-1.5724826
0.15370865,-1.5724826
0.15372367,-1.6187139
0.15373869,-1.6187139
0.15375371,-1.6187139
0.15376873,-1.6187139
0.15378375,-1.6187139
0.15379877,-1.6187139
0.1538138,-1.6187139
0.15382881,-1.6187139
0.15384383,-1.6187139
0.15385886,-1.5724826
0.15387389,-1.5724826
0.15388891,-1.5724826
0.15390393,-1.5724826
0.15391895,-1.5262513
0.15393397,-1.5262513
0.15394899,-1.5262513
0.15396401,-1.5262513
0.15397903,-1.5262513
0.15399405,-1.48002
0.15400907,-1.48002
0.1540241,-1.48002
0.15403911,-1.48002
0.15405414,-1.48002
0.15406916,-1.48002
0.15408418,-1.48002
0.1540992,-1.4337888
0.15411422,-1.4337888
0.15412924,-1.4337888
0.15414426,-1.4337888
0.15415928,-1.4337888
0.1541743,-1.387557
0.15418932,-1.387557
0.15420434,-1.387557
0.15421936,-1.387557
0.15423438,-1.3413262
0.1542494,-1.3413262
0.15426442,-1.3413262
0.15427944,-1.3413262
0.15429446,-1.3413262
0.1543095,-1.2950945
0.15432452,-1.2950945
0.15433954,-1.2950945
0.15435456,-1.2950945
0.15436958,-1.2488632
0.1543846,-1.2488632
0.15439962,-1.2488632
0.15441464,-1.2488632
0.15442966,-1.2488632
0.15444468,-1.202632
0.1544597,-1.202632
0.15447472,-1.202632
0.15448974,-1.202632
0.15450476,-1.202632
0.15451978,-1.1564007
0.1545348,-1.1564007
0.15454982,-1.1564007
0.15456484,-1.1564007
0.15457986,-1.1101689
0.15459488,-1.1101689
0.1546099,-1.1101689
0.15462492,-1.1101689
0.15463994,-1.1101689
0.15465496,-1.0639377
0.15466999,-1.0639377
0.154685,-1.0639377
0.15470003,-1.0639377
0.15471505,-1.0639377
0.15473007,-1.0177064
0.15474509,-1.0177064
0.15476012,-1.0177064
0.15477514,-1.0177064
0.15479016,-0.9714751
0.15480518,-0.9714751
0.1548202,-0.9714751
0.15483522,-0.9714751
0.15485024,-0.9714751
0.15486526,-0.9252434
0.15488029,-0.9252434
0.1548953,-0.9252434
0.15491033,-0.9252434
0.15492535,-0.9252434
0.15494037,-0.8790121
0.15495539,-0.8790121
0.15497041,-0.8790121
0.15498543,-0.8790121
0.15500045,-0.83278084
0.15501547,-0.83278084
0.15503049,-0.83278084
0.15504551,-0.83278084
0.15506053,-0.83278084
0.15507555,-0.78654957
0.15509057,-0.78654957
0.15510559,-0.78654957
0.15512061,-0.78654957
0.15513563,-0.7403178
0.15515065,-0.7403178
0.15516567,-0.7403178
0.1551807,-0.7403178
0.15519573,-0.7403178
0.15521075,-0.694087
0.15522577,-0.694087
0.15524079,-0.694087
0.15525581,-0.694087
0.15527083,-0.694087
0.15528585,-0.6478553
0.15530087,-0.6478553
0.15531589,-0.6478553
0.15533091,-0.6478553
0.15534593,-0.601624
0.15536095,-0.601624
0.15537597,-0.601624
0.155391,-0.601624
0.15540601,-0.601624
0.15542103,-0.55539227
0.15543605,-0.55539227
0.15545107,-0.55539227
0.1554661,-0.55539227
0.15548111,-0.55539227
0.15549614,-0.5091615
0.15551116,-0.5091615
0.15552618,-0.5091615
0.1555412,-0.5091615
0.15555622,-0.5091615
0.15557124,-0.46292973
0.15558626,-0.46292973
0.15560128,-0.46292973
0.1556163,-0.46292973
0.15563133,-0.41669846
0.15564635,-0.41669846
0.15566137,-0.41669846
0.1556764,-0.41669846
0.15569142,-0.41669846
0.15570644,-0.3704667
0.15572146,-0.3704667
0.15573648,-0.3704667
0.1557515,-0.3704667
0.15576652,-0.32423592
0.15578154,-0.32423592
0.15579656,-0.32423592
0.15581158,-0.32423592
0.1558266,-0.32423592
0.15584162,-0.27800417
0.15585664,-0.27800417
0.15587166,-0.27800417
0.15588668,-0.27800417
0.1559017,-0.27800417
0.15591672,-0.2317729
0.15593174,-0.2317729
0.15594676,-0.2317729
0.15596178,-0.2317729
0.1559768,-0.18554163
0.15599182,-0.18554163
0.15600684,-0.18554163
0.15602186,-0.18554163
0.15603688,-0.18554163
0.1560519,-0.13931036
0.15606692,-0.13931036
0.15608196,-0.13931036
0.15609698,-0.13931036
0.156112,-0.13931036
0.15612702,-0.09307861
0.15614204,-0.09307861
0.15615706,-0.09307861
0.15617208,-0.09307861
0.1561871,-0.046847343
0.15620212,-0.046847343
0.15621714,-0.046847343
0.15623216,-0.046847343
0.15624718,-0.046847343
0.1562622,-6.160736E-4
0.15627722,-6.160736E-4
0.15629224,-6.160736E-4
0.15630727,-6.160736E-4
0.15632229,0.045615196
0.1563373,0.045615196
0.15635233,0.045615196
0.15636735,0.045615196
0.15638237,0.045615196
0.15639739,0.091846466
0.15641241,0.091846466
0.15642743,0.091846466
0.15644245,0.091846466
0.15645747,0.091846466
0.15647249,0.13807821
0.15648751,0.13807821
0.15650253,0.13807821
0.15651757,0.13807821
0.15653259,0.13807821
0.1565476,0.184309
0.15656263,0.184309
0.15657765,0.184309
0.15659267,0.184309
0.15660769,0.23054075
0.15662271,0.23054075
0.15663773,0.23054075
0.15665275,0.23054075
0.15666777,0.23054075
0.15668279,0.27677202
0.15669781,0.27677202
0.15671283,0.27677202
0.15672785,0.27677202
0.15674287,0.27677202
0.15675789,0.3230033
0.15677291,0.3230033
0.15678793,0.3230033
0.15680295,0.3230033
0.15681797,0.36923456
0.156833,0.36923456
0.15684801,0.36923456
0.15686303,0.36923456
0.15687805,0.36923456
0.15689307,0.4154663
0.1569081,0.4154663
0.15692312,0.4154663
0.15693814,0.4154663
0.15695317,0.4154663
0.15696819,0.46169758
0.15698321,0.46169758
0.15699823,0.46169758
0.15701325,0.46169758
0.15702827,0.50792885
0.1570433,0.50792885
0.15705831,0.50792885
0.15707333,0.50792885
0.15708835,0.50792885
0.15710337,0.5541601
0.1571184,0.5541601
0.15713342,0.5541601
0.15714844,0.5541601
0.15716346,0.5541601
0.15717848,0.60039186
0.1571935,0.60039186
0.15720852,0.60039186
0.15722354,0.60039186
0.15723856,0.60039186
0.15725358,0.64662313
0.1572686,0.64662313
0.15728362,0.64662313
0.15729864,0.64662313
0.15731366,0.6928544
0.15732868,0.6928544
0.1573437,0.6928544
0.15735872,0.6928544
0.15737374,0.6928544
0.15738876,0.7390857
0.1574038,0.7390857
0.15741882,0.7390857
0.15743384,0.7390857
0.15744886,0.7390857
0.15746388,0.7853174
0.1574789,0.7853174
0.15749392,0.7853174
0.15750894,0.7853174
0.15752396,0.7853174
0.15753898,0.8315482
0.157554,0.8315482
0.15756902,0.8315482
0.15758404,0.8315482
0.15759906,0.87777996
0.15761408,0.87777996
0.1576291,0.87777996
0.15764412,0.87777996
0.15765914,0.87777996
0.15767416,0.92401123
0.15768918,0.92401123
0.1577042,0.92401123
0.15771922,0.92401123
0.15773425,0.92401123
0.15774927,0.970243
0.15776429,0.970243
0.1577793,0.970243
0.15779433,0.970243
0.15780935,0.970243
0.15782437,1.0164738
0.1578394,1.0164738
0.15785442,1.0164738
0.15786944,1.0164738
0.15788446,1.0164738
0.15789948,1.0627055
0.1579145,1.0627055
0.15792952,1.0627055
0.15794455,1.0627055
0.15795957,1.0627055
0.15797459,1.1089368
0.1579896,1.1089368
0.15800463,1.1089368
0.15801965,1.1089368
0.15803467,1.1089368
0.15804969,1.1551685
0.15806471,1.1551685
0.15807973,1.1551685
0.15809475,1.1551685
0.15810977,1.1551685
0.15812479,1.2013993
0.15813981,1.2013993
0.15815483,1.2013993
0.15816985,1.2013993
0.15818487,1.2013993
0.15819989,1.2476311
0.15821491,1.2476311
0.15822993,1.2476311
0.15824495,1.2476311
0.15825997,1.2476311
0.15827501,1.2938623
0.15829003,1.2938623
0.15830505,1.2938623
0.15832007,1.2938623
0.15833509,1.2938623
0.15835011,1.3400936
0.15836513,1.3400936
0.15838015,1.3400936
0.15839517,1.3400936
0.15841019,1.3400936
0.15842521,1.3863249
0.15844023,1.3863249
0.15845525,1.3863249
0.15847027,1.3863249
0.1584853,1.3863249
0.15850031,1.4325566
0.15851533,1.4325566
0.15853035,1.4325566
0.15854537,1.4325566
0.1585604,1.4325566
0.15857542,1.4787879
0.15859044,1.4787879
0.15860546,1.4787879
0.15862048,1.4787879
0.1586355,1.4787879
0.15865052,1.4787879
0.15866554,1.4787879
0.15868056,1.5250192
0.15869558,1.5250192
0.1587106,1.5250192
0.15872563,1.5250192
0.15874065,1.5250192
0.15875567,1.5250192
0.1587707,1.5712504
0.15878572,1.5712504
0.15880074,1.5712504
0.15881576,1.5712504
0.15883078,1.5712504
0.1588458,1.6174817
0.15886082,1.6174817
0.15887584,1.6174817
0.15889086,1.6174817
0.15890588,1.6174817
0.1589209,1.6637135
0.15893592,1.6637135
0.15895094,1.6637135
0.15896596,1.6637135
0.15898098,1.6637135
0.158996,1.7099442
0.15901102,1.7099442
0.15902604,1.7099442
0.15904106,1.7099442
0.15905608,1.7099442
0.1590711,1.756176
0.15908612,1.756176
0.15910114,1.756176
0.15911616,1.756176
0.15913118,1.756176
0.1591462,1.756176
0.15916124,1.756176
0.15917626,1.7099442
0.15919128,1.7099442
0.1592063,1.7099442
0.15922132,1.7099442
0.15923634,1.6637135
0.15925136,1.6637135
0.15926638,1.6637135
0.1592814,1.6637135
0.15929642,1.6637135
0.15931144,1.6174817
0.15932646,1.6174817
0.15934148,1.6174817
0.1593565,1.6174817
0.15937153,1.5712504
0.15938655,1.5712504
0.15940157,1.5712504
0.15941659,1.5712504
0.1594316,1.5250192
0.15944663,1.5250192
0.15946165,1.5250192
0.15947667,1.5250192
0.15949169,1.5250192
0.15950671,1.4787879
0.15952173,1.4787879
0.15953675,1.4787879
0.15955177,1.4787879
0.15956679,1.4787879
0.15958181,1.4787879
0.15959685,1.4325566
0.15961187,1.4325566
0.15962689,1.4325566
0.1596419,1.4325566
0.15965693,1.4325566
0.15967195,1.3863249
0.15968697,1.3863249
0.15970199,1.3863249
0.15971701,1.3863249
0.15973203,1.3400936
0.15974705,1.3400936
0.15976207,1.3400936
0.15977709,1.3400936
0.15979211,1.3400936
0.15980713,1.2938623
0.15982215,1.2938623
0.15983717,1.2938623
0.15985219,1.2938623
0.15986721,1.2476311
0.15988223,1.2476311
0.15989725,1.2476311
0.15991227,1.2476311
0.1599273,1.2476311
0.15994231,1.2013993
0.15995733,1.2013993
0.15997235,1.2013993
0.15998738,1.2013993
0.1600024,1.1551685
0.16001742,1.1551685
0.16003245,1.1551685
0.16004747,1.1551685
0.16006249,1.1089368
0.16007751,1.1089368
0.16009253,1.1089368
0.16010755,1.1089368
0.16012257,1.1089368
0.1601376,1.0627055
0.16015261,1.0627055
0.16016763,1.0627055
0.16018265,1.0627055
0.16019768,1.0164738
0.1602127,1.0164738
0.16022772,1.0164738
0.16024274,1.0164738
0.16025776,0.970243
0.16027278,0.970243
0.1602878,0.970243
0.16030282,0.970243
0.16031784,0.970243
0.16033286,0.92401123
0.16034788,0.92401123
0.1603629,0.92401123
0.16037792,0.92401123
0.16039294,0.87777996
0.16040796,0.87777996
0.16042298,0.87777996
0.160438,0.87777996
0.16045302,0.87777996
0.16046804,0.8315482
0.16048308,0.8315482
0.1604981,0.8315482
0.16051312,0.8315482
0.16052814,0.7853174
0.16054316,0.7853174
0.16055818,0.7853174
0.1605732,0.7853174
0.16058822,0.7853174
0.16060324,0.7390857
0.16061826,0.7390857
0.16063328,0.7390857
0.1606483,0.7390857
0.16066332,0.6928544
0.16067834,0.6928544
0.16069336,0.6928544
0.16070838,0.6928544
0.1607234,0.64662313
0.16073842,0.64662313
0.16075344,0.64662313
0.16076846,0.64662313
0.16078348,0.64662313
0.1607985,0.60039186
0.16081353,0.60039186
0.16082855,0.60039186
0.16084357,0.60039186
0.16085859,0.5541601
0.1608736,0.5541601
0.16088863,0.5541601
0.16090365,0.5541601
0.16091868,0.5541601
0.1609337,0.50792885
0.16094872,0.50792885
0.16096374,0.50792885
0.16097876,0.50792885
0.16099378,0.46169758
0.1610088,0.46169758
0.16102383,0.46169758
0.16103885,0.46169758
0.16105387,0.46169758
0.16106889,0.4154663
0.1610839,0.4154663
0.16109893,0.4154663
0.16111395,0.4154663
0.16112897,0.36923456
0.16114399,0.36923456
0.16115901,0.36923456
0.16117403,0.36923456
0.16118905,0.3230033
0.16120407,0.3230033
0.16121909,0.3230033
0.16123411,0.3230033
0.16124913,0.3230033
0.16126415,0.27677202
0.16127917,0.27677202
0.16129419,0.27677202
0.16130921,0.27677202
0.16132423,0.23054075
0.16133925,0.23054075
0.16135429,0.23054075
0.16136931,0.23054075
0.16138433,0.23054075
0.16139935,0.184309
0.16141437,0.184309
0.16142939,0.184309
0.16144441,0.184309
0.16145943,0.13807821
0.16147445,0.13807821
0.16148947,0.13807821
0.16150449,0.13807821
0.16151951,0.13807821
0.16153453,0.091846466
0.16154955,0.091846466
0.16156457,0.091846466
0.1615796,0.091846466
0.16159461,0.045615196
0.16160963,0.045615196
0.16162466,0.045615196
0.16163968,0.045615196
0.1616547,0.045615196
0.16166972,-6.160736E-4
0.16168474,-6.160736E-4
0.16169976,-6.160736E-4
0.16171478,-6.160736E-4
0.1617298,-0.046847343
0.16174482,-0.046847343
0.16175984,-0.046847343
0.16177486,-0.046847343
0.16178988,-0.09307861
0.16180491,-0.09307861
0.16181993,-0.09307861
0.16183496,-0.09307861
0.16184998,-0.09307861
0.161865,-0.13931036
0.16188002,-0.13931036
0.16189504,-0.13931036
0.16191006,-0.13931036
0.16192508,-0.18554163
0.1619401,-0.18554163
0.16195512,-0.18554163
0.16197014,-0.18554163
0.16198516,-0.2317729
0.16200018,-0.2317729
0.1620152,-0.2317729
0.16203022,-0.2317729
0.16204524,-0.2317729
0.16206026,-0.27800417
0.16207528,-0.27800417
0.1620903,-0.27800417
0.16210532,-0.27800417
0.16212034,-0.27800417
0.16213536,-0.32423592
0.16215038,-0.32423592
0.1621654,-0.32423592
0.16218042,-0.32423592
0.16219544,-0.3704667
0.16221046,-0.3704667
0.16222548,-0.3704667
0.16224052,-0.3704667
0.16225554,-0.3704667
0.16227056,-0.41669846
0.16228558,-0.41669846
0.1623006,-0.41669846
0.16231562,-0.41669846
0.16233064,-0.46292973
0.16234566,-0.46292973
0.16236068,-0.46292973
0.1623757,-0.46292973
0.16239072,-0.46292973
0.16240574,-0.5091615
0.16242076,-0.5091615
0.16243578,-0.5091615
0.1624508,-0.5091615
0.16246583,-0.55539227
0.16248085,-0.55539227
0.16249587,-0.55539227
0.16251089,-0.55539227
0.1625259,-0.55539227
0.16254093,-0.601624
0.16255595,-0.601624
0.16257097,-0.601624
0.16258599,-0.601624
0.16260101,-0.601624
0.16261603,-0.6478553
0.16263105,-0.6478553
0.16264607,-0.6478553
0.16266109,-0.6478553
0.16267613,-0.694087
0.16269115,-0.694087
0.16270617,-0.694087
0.16272119,-0.694087
0.1627362,-0.694087
0.16275123,-0.7403178
0.16276625,-0.7403178
0.16278127,-0.7403178
0.16279629,-0.7403178
0.16281131,-0.7403178
0.16282633,-0.78654957
0.16284135,-0.78654957
0.16285637,-0.78654957
0.16287139,-0.78654957
0.16288641,-0.83278084
0.16290143,-0.83278084
0.16291645,-0.83278084
0.16293147,-0.83278084
0.16294649,-0.83278084
0.16296151,-0.8790121
0.16297653,-0.8790121
0.16299155,-0.8790121
0.16300657,-0.8790121
0.1630216,-0.8790121
0.16303661,-0.9252434
0.16305164,-0.9252434
0.16306666,-0.9252434
0.16308168,-0.9252434
0.1630967,-0.9252434
0.16311172,-0.9714751
0.16312675,-0.9714751
0.16314177,-0.9714751
0.16315679,-0.9714751
0.16317181,-1.0177064
0.16318683,-1.0177064
0.16320185,-1.0177064
0.16321687,-1.0177064
0.1632319,-1.0177064
0.16324691,-1.0639377
0.16326194,-1.0639377
0.16327696,-1.0639377
0.16329198,-1.0639377
0.163307,-1.0639377
0.16332202,-1.1101689
0.16333704,-1.1101689
0.16335206,-1.1101689
0.16336708,-1.1101689
0.1633821,-1.1564007
0.16339712,-1.1564007
0.16341214,-1.1564007
0.16342716,-1.1564007
0.16344218,-1.1564007
0.1634572,-1.202632
0.16347222,-1.202632
0.16348724,-1.202632
0.16350226,-1.202632
0.16351728,-1.202632
0.1635323,-1.2488632
0.16354732,-1.2488632
0.16356236,-1.2488632
0.16357738,-1.2488632
0.1635924,-1.2488632
0.16360742,-1.2950945
0.16362244,-1.2950945
0.16363746,-1.2950945
0.16365248,-1.2950945
0.1636675,-1.2950945
0.16368252,-1.3413262
0.16369754,-1.3413262
0.16371256,-1.3413262
0.16372758,-1.3413262
0.1637426,-1.3413262
0.16375762,-1.387557
0.16377264,-1.387557
0.16378766,-1.387557
0.16380268,-1.387557
0.1638177,-1.387557
0.16383272,-1.4337888
0.16384774,-1.4337888
0.16386276,-1.4337888
0.16387779,-1.4337888
0.1638928,-1.48002
0.16390783,-1.48002
0.16392285,-1.48002
0.16393787,-1.48002
0.16395289,-1.48002
0.1639679,-1.48002
0.16398293,-1.48002
0.16399796,-1.48002
0.16401298,-1.5262513
0.164028,-1.5262513
0.16404302,-1.5262513
0.16405804,-1.5262513
0.16407306,-1.5262513
0.16408809,-1.5724826
0.1641031,-1.5724826
0.16411813,-1.5724826
0.16413315,-1.5724826
0.16414817,-1.5724826
0.16416319,-1.6187139
0.16417821,-1.6187139
0.16419323,-1.6187139
0.16420825,-1.6187139
0.16422327,-1.6187139
0.16423829,-1.6187139
0.16425331,-1.6187139
0.16426833,-1.6187139
0.16428335,-1.5724826
0.16429837,-1.5724826
0.16431339,-1.5724826
0.16432841,-1.5724826
0.16434343,-1.5724826
0.16435845,-1.5262513
0.16437347,-1.5262513
0.1643885,-1.5262513
0.16440351,-1.5262513
0.16441853,-1.48002
0.16443355,-1.48002
0.16444859,-1.48002
0.16446361,-1.48002
0.16447863,-1.48002
0.16449365,-1.48002
0.16450867,-1.48002
0.16452369,-1.48002
0.16453871,-1.4337888
0.16455373,-1.4337888
0.16456875,-1.4337888
0.16458377,-1.4337888
0.1645988,-1.387557
0.16461381,-1.387557
0.16462883,-1.387557
0.16464385,-1.387557
0.16465887,-1.387557
0.1646739,-1.3413262
0.16468892,-1.3413262
0.16470394,-1.3413262
0.16471896,-1.3413262
0.16473398,-1.2950945
0.164749,-1.2950945
0.16476402,-1.2950945
0.16477904,-1.2950945
0.16479406,-1.2950945
0.16480908,-1.2488632
0.1648241,-1.2488632
0.16483912,-1.2488632
0.16485414,-1.2488632
0.16486916,-1.2488632
0.1648842,-1.202632
0.16489922,-1.202632
0.16491424,-1.202632
0.16492926,-1.202632
0.16494428,-1.1564007
0.1649593,-1.1564007
0.16497432,-1.1564007
0.16498934,-1.1564007
0.16500436,-1.1564007
0.16501938,-1.1101689
0.1650344,-1.1101689
0.16504942,-1.1101689
0.16506444,-1.1101689
0.16507946,-1.1101689
0.16509448,-1.0639377
0.1651095,-1.0639377
0.16512452,-1.0639377
0.16513954,-1.0639377
0.16515456,-1.0177064
0.16516958,-1.0177064
0.1651846,-1.0177064
0.16519962,-1.0177064
0.16521464,-1.0177064
0.16522966,-0.9714751
0.16524468,-0.9714751
0.1652597,-0.9714751
0.16527472,-0.9714751
0.16528974,-0.9252434
0.16530477,-0.9252434
0.1653198,-0.9252434
0.16533482,-0.9252434
0.16534984,-0.9252434
0.16536486,-0.8790121
0.16537988,-0.8790121
0.1653949,-0.8790121
0.16540992,-0.8790121
0.16542494,-0.8790121
0.16543996,-0.83278084
0.16545498,-0.83278084
0.16547,-0.83278084
0.16548502,-0.83278084
0.16550004,-0.83278084
0.16551507,-0.78654957
0.16553009,-0.78654957
0.1655451,-0.78654957
0.16556013,-0.78654957
0.16557515,-0.7403178
0.16559017,-0.7403178
0.16560519,-0.7403178
0.16562021,-0.7403178
0.16563523,-0.7403178
0.16565025,-0.694087
0.16566527,-0.694087
0.16568029,-0.694087
0.16569531,-0.694087
0.16571033,-0.6478553
0.16572535,-0.6478553
0.16574037,-0.6478553
0.16575539,-0.6478553
0.16577043,-0.6478553
0.16578545,-0.601624
0.16580047,-0.601624
0.16581549,-0.601624
0.16583051,-0.601624
0.16584553,-0.601624
0.16586055,-0.55539227
0.16587557,-0.55539227
0.16589059,-0.55539227
0.16590561,-0.55539227
0.16592063,-0.55539227
0.16593565,-0.5091615
0.16595067,-0.5091615
0.16596569,-0.5091615
0.16598071,-0.5091615
0.16599573,-0.46292973
0.16601075,-0.46292973
0.16602577,-0.46292973
0.1660408,-0.46292973
0.16605581,-0.46292973
0.16607083,-0.41669846
0.16608585,-0.41669846
0.16610087,-0.41669846
0.1661159,-0.41669846
0.16613092,-0.3704667
0.16614594,-0.3704667
0.16616096,-0.3704667
0.16617598,-0.3704667
0.166191,-0.3704667
0.16620603,-0.32423592
0.16622105,-0.32423592
0.16623607,-0.32423592
0.1662511,-0.32423592
0.16626611,-0.32423592
0.16628113,-0.27800417
0.16629615,-0.27800417
0.16631117,-0.27800417
0.1663262,-0.27800417
0.16634122,-0.27800417
0.16635624,-0.2317729
0.16637126,-0.2317729
0.16638628,-0.2317729
0.1664013,-0.2317729
0.16641632,-0.18554163
0.16643134,-0.18554163
0.16644636,-0.18554163
0.16646138,-0.18554163
0.1664764,-0.18554163
0.16649142,-0.13931036
0.16650644,-0.13931036
0.16652146,-0.13931036
0.16653648,-0.13931036
0.1665515,-0.13931036
0.16656652,-0.09307861
0.16658154,-0.09307861
0.16659656,-0.09307861
0.16661158,-0.09307861
0.1666266,-0.046847343
0.16664164,-0.046847343
0.16665666,-0.046847343
0.16667168,-0.046847343
0.1666867,-0.046847343
0.16670172,-6.160736E-4
0.16671674,-6.160736E-4
0.16673176,-6.160736E-4
0.16674678,-6.160736E-4
0.1667618,0.045615196
0.16677682,0.045615196
0.16679184,0.045615196
0.16680686,0.045615196
0.16682188,0.045615196
0.1668369,0.091846466
0.16685192,0.091846466
0.16686694,0.091846466
0.16688196,0.091846466
0.16689698,0.13807821
0.166912,0.13807821
0.16692702,0.13807821
0.16694205,0.13807821
0.16695707,0.13807821
0.16697209,0.184309
0.1669871,0.184309
0.16700213,0.184309
0.16701715,0.184309
0.16703217,0.184309
0.16704719,0.23054075
0.16706221,0.23054075
0.16707724,0.23054075
0.16709226,0.23054075
0.16710728,0.27677202
0.1671223,0.27677202
0.16713732,0.27677202
0.16715235,0.27677202
0.16716737,0.27677202
0.16718239,0.3230033
0.1671974,0.3230033
0.16721243,0.3230033
0.16722745,0.3230033
0.16724247,0.3230033
0.16725749,0.36923456
0.16727251,0.36923456
0.16728753,0.36923456
0.16730255,0.36923456
0.16731757,0.36923456
0.16733259,0.4154663
0.16734761,0.4154663
0.16736263,0.4154663
0.16737765,0.4154663
0.16739267,0.46169758
0.16740769,0.46169758
0.16742271,0.46169758
0.16743773,0.46169758
0.16745275,0.46169758
0.16746777,0.50792885
0.1674828,0.50792885
0.16749781,0.50792885
0.16751283,0.50792885
0.16752787,0.50792885
0.16754289,0.5541601
0.16755791,0.5541601
0.16757293,0.5541601
0.16758795,0.5541601
0.16760297,0.5541601
0.16761799,0.60039186
0.16763301,0.60039186
0.16764803,0.60039186
0.16766305,0.60039186
0.16767807,0.64662313
0.1676931,0.64662313
0.16770811,0.64662313
0.16772313,0.64662313
0.16773815,0.64662313
0.16775317,0.6928544
0.1677682,0.6928544
0.16778322,0.6928544
0.16779824,0.6928544
0.16781326,0.6928544
0.16782828,0.7390857
0.1678433,0.7390857
0.16785832,0.7390857
0.16787334,0.7390857
0.16788836,0.7390857
0.16790338,0.7853174
0.1679184,0.7853174
0.16793342,0.7853174
0.16794844,0.7853174
0.16796347,0.7853174
0.1679785,0.8315482
0.16799352,0.8315482
0.16800854,0.8315482
0.16802356,0.8315482
0.16803858,0.8315482
0.1680536,0.87777996
0.16806862,0.87777996
0.16808364,0.87777996
0.16809866,0.87777996
0.16811368,0.92401123
0.1681287,0.92401123
0.16814372,0.92401123
0.16815874,0.92401123
0.16817376,0.92401123
0.16818878,0.970243
0.1682038,0.970243
0.16821882,0.970243
0.16823384,0.970243
0.16824886,0.970243
0.16826388,1.0164738
0.1682789,1.0164738
0.16829392,1.0164738
0.16830894,1.0164738
0.16832396,1.0164738
0.16833898,1.0627055
0.168354,1.0627055
0.16836902,1.0627055
0.16838405,1.0627055
0.16839908,1.0627055
0.1684141,1.1089368
0.16842912,1.1089368
0.16844414,1.1089368
0.16845916,1.1089368
0.16847418,1.1089368
0.1684892,1.1551685
0.16850422,1.1551685
0.16851924,1.1551685
0.16853426,1.1551685
0.16854928,1.1551685
0.1685643,1.2013993
0.16857933,1.2013993
0.16859435,1.2013993
0.16860937,1.2013993
0.16862439,1.2476311
0.1686394,1.2476311
0.16865443,1.2476311
0.16866945,1.2476311
0.16868447,1.2476311
0.16869949,1.2476311
0.16871451,1.2938623
0.16872953,1.2938623
0.16874455,1.2938623
0.16875957,1.2938623
0.16877459,1.3400936
0.16878961,1.3400936
0.16880463,1.3400936
0.16881965,1.3400936
0.16883467,1.3400936
0.1688497,1.3400936
0.16886473,1.3863249
0.16887975,1.3863249
0.16889477,1.3863249
0.16890979,1.3863249
0.16892481,1.3863249
0.16893983,1.4325566
0.16895485,1.4325566
0.16896987,1.4325566
0.16898489,1.4325566
0.16899991,1.4325566
0.16901493,1.4787879
0.16902995,1.4787879
0.16904497,1.4787879
0.16905999,1.4787879
0.16907501,1.4787879
0.16909003,1.4787879
0.16910505,1.4787879
0.16912007,1.5250192
0.1691351,1.5250192
0.16915011,1.5250192
0.16916513,1.5250192
0.16918015,1.5250192
0.16919518,1.5712504
0.1692102,1.5712504
0.16922522,1.5712504
0.16924024,1.5712504
0.16925526,1.5712504
0.16927028,1.6174817
0.16928531,1.6174817
0.16930033,1.6174817
0.16931535,1.6174817
0.16933037,1.6174817
0.1693454,1.6174817
0.16936041,1.6637135
0.16937543,1.6637135
0.16939045,1.6637135
0.16940548,1.6637135
0.1694205,1.6637135
0.16943552,1.7099442
0.16945054,1.7099442
0.16946556,1.7099442
0.16948058,1.7099442
0.1694956,1.7099442
0.16951062,1.756176
0.16952564,1.756176
0.16954066,1.756176
0.16955568,1.756176
0.1695707,1.756176
0.16958572,1.756176
0.16960074,1.756176
0.16961576,1.7099442
0.16963078,1.7099442
0.1696458,1.7099442
0.16966082,1.7099442
0.16967584,1.6637135
0.16969086,1.6637135
0.16970588,1.6637135
0.16972092,1.6637135
0.16973594,1.6174817
0.16975096,1.6174817
0.16976598,1.6174817
0.169781,1.6174817
0.16979602,1.6174817
0.16981104,1.5712504
0.16982606,1.5712504
0.16984108,1.5712504
0.1698561,1.5712504
0.16987112,1.5250192
0.16988614,1.5250192
0.16990116,1.5250192
0.16991618,1.5250192
0.1699312,1.4787879
0.16994622,1.4787879
0.16996124,1.4787879
0.16997626,1.4787879
0.16999128,1.4787879
0.1700063,1.4787879
0.17002133,1.4787879
0.17003635,1.4325566
0.17005137,1.4325566
0.17006639,1.4325566
0.1700814,1.4325566
0.17009643,1.3863249
0.17011145,1.3863249
0.17012647,1.3863249
0.17014149,1.3863249
0.17015651,1.3863249
0.17017154,1.3400936
0.17018656,1.3400936
0.17020158,1.3400936
0.1702166,1.3400936
0.17023163,1.2938623
0.17024665,1.2938623
0.17026167,1.2938623
0.17027669,1.2938623
0.1702917,1.2938623
0.17030673,1.2476311
0.17032175,1.2476311
0.17033677,1.2476311
0.17035179,1.2476311
0.17036681,1.2013993
0.17038183,1.2013993
0.17039685,1.2013993
0.17041187,1.2013993
0.17042689,1.2013993
0.17044191,1.1551685
0.17045693,1.1551685
0.17047195,1.1551685
0.17048697,1.1551685
0.17050199,1.1089368
0.17051701,1.1089368
0.17053203,1.1089368
0.17054705,1.1089368
0.17056207,1.0627055
0.1705771,1.0627055
0.17059211,1.0627055
0.17060715,1.0627055
0.17062217,1.0627055
0.17063719,1.0164738
0.17065221,1.0164738
0.17066723,1.0164738
0.17068225,1.0164738
0.17069727,0.970243
0.17071229,0.970243
0.17072731,0.970243
0.17074233,0.970243
0.17075735,0.970243
0.17077237,0.92401123
0.1707874,0.92401123
0.17080241,0.92401123
0.17081743,0.92401123
0.17083246,0.87777996
0.17084748,0.87777996
0.1708625,0.87777996
0.17087752,0.87777996
0.17089254,0.8315482
0.17090756,0.8315482
0.17092258,0.8315482
0.1709376,0.8315482
0.17095262,0.8315482
0.17096764,0.7853174
0.17098266,0.7853174
0.17099768,0.7853174
0.1710127,0.7853174
0.17102772,0.7390857
0.17104276,0.7390857
0.17105778,0.7390857
0.1710728,0.7390857
0.17108782,0.7390857
0.17110284,0.6928544
0.17111786,0.6928544
0.17113288,0.6928544
0.1711479,0.6928544
0.17116292,0.64662313
0.17117794,0.64662313
0.17119296,0.64662313
0.17120798,0.64662313
0.171223,0.64662313
0.17123802,0.60039186
0.17125304,0.60039186
0.17126806,0.60039186
0.17128308,0.60039186
0.1712981,0.5541601
0.17131312,0.5541601
0.17132814,0.5541601
0.17134316,0.5541601
0.17135818,0.5541601
0.1713732,0.50792885
0.17138822,0.50792885
0.17140324,0.50792885
0.17141826,0.50792885
0.17143328,0.46169758
0.1714483,0.46169758
0.17146333,0.46169758
0.17147835,0.46169758
0.17149338,0.4154663
0.1715084,0.4154663
0.17152342,0.4154663
0.17153844,0.4154663
0.17155346,0.4154663
0.17156848,0.36923456
0.1715835,0.36923456
0.17159852,0.36923456
0.17161354,0.36923456
0.17162856,0.3230033
0.17164358,0.3230033
0.1716586,0.3230033
0.17167363,0.3230033
0.17168865,0.3230033
0.17170367,0.27677202
0.17171869,0.27677202
0.1717337,0.27677202
0.17174873,0.27677202
0.17176375,0.23054075
0.17177877,0.23054075
0.17179379,0.23054075
0.17180881,0.23054075
0.17182383,0.23054075
0.17183885,0.184309
0.17185387,0.184309
0.17186889,0.184309
0.17188391,0.184309
0.17189893,0.13807821
0.17191395,0.13807821
0.17192899,0.13807821
0.171944,0.13807821
0.17195903,0.091846466
0.17197405,0.091846466
0.17198907,0.091846466
0.17200409,0.091846466
0.17201911,0.091846466
0.17203413,0.045615196
0.17204915,0.045615196
0.17206417,0.045615196
0.17207919,0.045615196
0.17209421,-6.160736E-4
0.17210923,-6.160736E-4
0.17212425,-6.160736E-4
0.17213927,-6.160736E-4
0.17215429,-0.046847343
0.17216931,-0.046847343
0.17218433,-0.046847343
0.17219935,-0.046847343
0.17221437,-0.046847343
0.1722294,-0.09307861
0.17224441,-0.09307861
0.17225944,-0.09307861
0.17227446,-0.09307861
0.17228948,-0.13931036
0.1723045,-0.13931036
0.17231952,-0.13931036
0.17233454,-0.13931036
0.17234956,-0.13931036
0.1723646,-0.18554163
0.17237961,-0.18554163
0.17239463,-0.18554163
0.17240965,-0.18554163
0.17242467,-0.2317729
0.1724397,-0.2317729
0.17245471,-0.2317729
0.17246974,-0.2317729
0.17248476,-0.2317729
0.17249978,-0.27800417
0.1725148,-0.27800417
0.17252982,-0.27800417
0.17254484,-0.27800417
0.17255986,-0.27800417
0.17257488,-0.32423592
0.1725899,-0.32423592
0.17260492,-0.32423592
0.17261994,-0.32423592
0.17263496,-0.3704667
0.17264998,-0.3704667
0.172665,-0.3704667
0.17268002,-0.3704667
0.17269504,-0.41669846
0.17271006,-0.41669846
0.17272508,-0.41669846
0.1727401,-0.41669846
0.17275512,-0.41669846
0.17277014,-0.46292973
0.17278516,-0.46292973
0.1728002,-0.46292973
0.17281522,-0.46292973
0.17283024,-0.46292973
0.17284526,-0.5091615
0.17286028,-0.5091615
0.1728753,-0.5091615
0.17289032,-0.5091615
0.17290534,-0.55539227
0.17292036,-0.55539227
0.17293538,-0.55539227
0.1729504,-0.55539227
0.17296542,-0.55539227
0.17298044,-0.601624
0.17299546,-0.601624
0.17301048,-0.601624
0.1730255,-0.601624
0.17304052,-0.6478553
0.17305554,-0.6478553
0.17307056,-0.6478553
0.17308559,-0.6478553
0.1731006,-0.6478553
0.17311563,-0.694087
0.17313065,-0.694087
0.17314567,-0.694087
0.17316069,-0.694087
0.17317571,-0.694087
0.17319073,-0.7403178
0.17320575,-0.7403178
0.17322077,-0.7403178
0.17323579,-0.7403178
0.17325082,-0.78654957
0.17326584,-0.78654957
0.17328086,-0.78654957
0.17329589,-0.78654957
0.1733109,-0.78654957
0.17332593,-0.83278084
0.17334095,-0.83278084
0.17335597,-0.83278084
0.17337099,-0.83278084
0.17338601,-0.83278084
0.17340103,-0.8790121
0.17341605,-0.8790121
0.17343107,-0.8790121
0.17344609,-0.8790121
0.17346111,-0.9252434
0.17347613,-0.9252434
0.17349115,-0.9252434
0.17350617,-0.9252434
0.17352119,-0.9252434
0.17353621,-0.9714751
0.17355123,-0.9714751
0.17356625,-0.9714751
0.17358127,-0.9714751
0.1735963,-0.9714751
0.17361131,-1.0177064
0.17362633,-1.0177064
0.17364135,-1.0177064
0.17365637,-1.0177064
0.1736714,-1.0177064
0.17368643,-1.0639377
0.17370145,-1.0639377
0.17371647,-1.0639377
0.17373149,-1.0639377
0.17374651,-1.0639377
0.17376153,-1.1101689
0.17377655,-1.1101689
0.17379157,-1.1101689
0.1738066,-1.1101689
0.17382161,-1.1564007
0.17383663,-1.1564007
0.17385165,-1.1564007
0.17386667,-1.1564007
0.1738817,-1.1564007
0.17389672,-1.202632
0.17391174,-1.202632
0.17392676,-1.202632
0.17394178,-1.202632
0.1739568,-1.202632
0.17397182,-1.2488632
0.17398684,-1.2488632
0.17400186,-1.2488632
0.17401688,-1.2488632
0.1740319,-1.2950945
0.17404692,-1.2950945
0.17406194,-1.2950945
0.17407696,-1.2950945
0.17409198,-1.2950945
0.174107,-1.3413262
0.17412204,-1.3413262
0.17413706,-1.3413262
0.17415208,-1.3413262
0.1741671,-1.3413262
0.17418212,-1.387557
0.17419714,-1.387557
0.17421216,-1.387557
0.17422718,-1.387557
0.1742422,-1.387557
0.17425722,-1.4337888
0.17427224,-1.4337888
0.17428726,-1.4337888
0.17430228,-1.4337888
0.1743173,-1.4337888
0.17433232,-1.48002
0.17434734,-1.48002
0.17436236,-1.48002
0.17437738,-1.48002
0.1743924,-1.48002
0.17440742,-1.48002
0.17442244,-1.48002
0.17443746,-1.48002
0.17445248,-1.5262513
0.1744675,-1.5262513
0.17448252,-1.5262513
0.17449754,-1.5262513
0.17451257,-1.5724826
0.17452759,-1.5724826
0.1745426,-1.5724826
0.17455763,-1.5724826
0.17457266,-1.5724826
0.17458768,-1.5724826
0.1746027,-1.6187139
0.17461772,-1.6187139
0.17463274,-1.6187139
0.17464776,-1.6187139
0.17466278,-1.6187139
0.1746778,-1.6187139
0.17469282,-1.6187139
0.17470784,-1.6187139
0.17472287,-1.5724826
0.17473789,-1.5724826
0.1747529,-1.5724826
0.17476793,-1.5724826
0.17478295,-1.5262513
0.17479797,-1.5262513
0.17481299,-1.5262513
0.17482801,-1.5262513
0.17484303,-1.5262513
0.17485805,-1.48002
0.17487307,-1.48002
0.17488809,-1.48002
0.17490311,-1.48002
0.17491813,-1.48002
0.17493315,-1.48002
0.17494817,-1.48002
0.17496319,-1.4337888
0.17497821,-1.4337888
0.17499323,-1.4337888
0.17500827,-1.4337888
0.17502329,-1.4337888
0.17503831,-1.387557
0.17505333,-1.387557
0.17506835,-1.387557
0.17508337,-1.387557
0.17509839,-1.3413262
0.17511341,-1.3413262
0.17512843,-1.3413262
0.17514345,-1.3413262
0.17515847,-1.3413262
0.17517349,-1.2950945
0.17518851,-1.2950945
0.17520353,-1.2950945
0.17521855,-1.2950945
0.17523357,-1.2950945
0.1752486,-1.2488632
0.17526361,-1.2488632
0.17527863,-1.2488632
0.17529365,-1.2488632
0.17530867,-1.202632
0.1753237,-1.202632
0.17533872,-1.202632
0.17535374,-1.202632
0.17536876,-1.202632
0.17538378,-1.1564007
0.1753988,-1.1564007
0.17541382,-1.1564007
0.17542884,-1.1564007
0.17544387,-1.1564007
0.1754589,-1.1101689
0.17547391,-1.1101689
0.17548893,-1.1101689
0.17550395,-1.1101689
0.17551897,-1.0639377
0.175534,-1.0639377
0.17554902,-1.0639377
0.17556404,-1.0639377
0.17557906,-1.0639377
0.17559408,-1.0177064
0.1756091,-1.0177064
0.17562412,-1.0177064
0.17563914,-1.0177064
0.17565416,-1.0177064
0.17566918,-0.9714751
0.1756842,-0.9714751
0.17569922,-0.9714751
0.17571424,-0.9714751
0.17572926,-0.9252434
0.17574428,-0.9252434
0.1757593,-0.9252434
0.17577432,-0.9252434
0.17578934,-0.9252434
0.17580436,-0.8790121
0.17581938,-0.8790121
0.1758344,-0.8790121
0.17584942,-0.8790121
0.17586444,-0.83278084
0.17587946,-0.83278084
0.1758945,-0.83278084
0.17590952,-0.83278084
0.17592454,-0.83278084
0.17593956,-0.78654957
0.17595458,-0.78654957
0.1759696,-0.78654957
0.17598462,-0.78654957
0.17599964,-0.78654957
0.17601466,-0.7403178
0.17602968,-0.7403178
0.1760447,-0.7403178
0.17605972,-0.7403178
0.17607474,-0.7403178
0.17608976,-0.694087
0.17610478,-0.694087
0.1761198,-0.694087
0.17613482,-0.694087
0.17614985,-0.6478553
0.17616487,-0.6478553
0.17617989,-0.6478553
0.1761949,-0.6478553
0.17620993,-0.6478553
0.17622495,-0.601624
0.17623997,-0.601624
0.17625499,-0.601624
0.17627001,-0.601624
0.17628503,-0.601624
0.17630005,-0.55539227
0.17631507,-0.55539227
0.1763301,-0.55539227
0.17634512,-0.55539227
0.17636015,-0.5091615
0.17637517,-0.5091615
0.17639019,-0.5091615
0.1764052,-0.5091615
0.17642023,-0.5091615
0.17643525,-0.46292973
0.17645027,-0.46292973
0.17646529,-0.46292973
0.17648031,-0.46292973
0.17649533,-0.46292973
0.17651035,-0.41669846
0.17652537,-0.41669846
0.17654039,-0.41669846
0.17655541,-0.41669846
0.17657043,-0.3704667
0.17658545,-0.3704667
0.17660047,-0.3704667
0.17661549,-0.3704667
0.17663051,-0.3704667
0.17664553,-0.32423592
0.17666055,-0.32423592
0.17667557,-0.32423592
0.1766906,-0.32423592
0.17670561,-0.27800417
0.17672063,-0.27800417
0.17673565,-0.27800417
0.17675067,-0.27800417
0.17676571,-0.27800417
0.17678073,-0.2317729
0.17679575,-0.2317729
0.17681077,-0.2317729
0.17682579,-0.2317729
0.17684081,-0.2317729
0.17685583,-0.18554163
0.17687085,-0.18554163
0.17688587,-0.18554163
0.1769009,-0.18554163
0.17691591,-0.13931036
0.17693093,-0.13931036
0.17694595,-0.13931036
0.17696097,-0.13931036
0.176976,-0.13931036
0.17699102,-0.09307861
0.17700604,-0.09307861
0.17702106,-0.09307861
0.17703608,-0.09307861
0.1770511,-0.09307861
0.17706612,-0.046847343
0.17708114,-0.046847343
0.17709616,-0.046847343
0.17711118,-0.046847343
0.1771262,-6.160736E-4
0.17714122,-6.160736E-4
0.17715624,-6.160736E-4
0.17717126,-6.160736E-4
0.17718628,-6.160736E-4
0.1772013,0.045615196
0.17721634,0.045615196
0.17723136,0.045615196
0.17724638,0.045615196
0.1772614,0.091846466
0.17727642,0.091846466
0.17729144,0.091846466
0.17730646,0.091846466
0.17732148,0.091846466
0.1773365,0.13807821
0.17735152,0.13807821
0.17736654,0.13807821
0.17738156,0.13807821
0.17739658,0.13807821
0.1774116,0.184309
0.17742662,0.184309
0.17744164,0.184309
0.17745666,0.184309
0.17747168,0.23054075
0.1774867,0.23054075
0.17750172,0.23054075
0.17751674,0.23054075
0.17753176,0.23054075
0.17754678,0.27677202
0.1775618,0.27677202
0.17757683,0.27677202
0.17759185,0.27677202
0.17760687,0.27677202
0.17762189,0.3230033
0.1776369,0.3230033
0.17765194,0.3230033
0.17766696,0.3230033
0.17768198,0.3230033
0.177697,0.36923456
0.17771202,0.36923456
0.17772704,0.36923456
0.17774206,0.36923456
0.17775708,0.4154663
0.1777721,0.4154663
0.17778713,0.4154663
0.17780215,0.4154663
0.17781717,0.4154663
0.17783219,0.46169758
0.1778472,0.46169758
0.17786223,0.46169758
0.17787725,0.46169758
0.17789227,0.46169758
0.17790729,0.50792885
0.17792231,0.50792885
0.17793733,0.50792885
0.17795235,0.50792885
0.17796737,0.5541601
0.17798239,0.5541601
0.17799741,0.5541601
0.17801243,0.5541601
0.17802745,0.5541601
0.17804247,0.60039186
0.17805749,0.60039186
0.17807251,0.60039186
0.17808755,0.60039186
0.17810257,0.60039186
0.17811759,0.64662313
0.17813261,0.64662313
0.17814763,0.64662313
0.17816265,0.64662313
0.17817767,0.64662313
0.17819269,0.6928544
0.17820771,0.6928544
0.17822273,0.6928544
0.17823775,0.6928544
0.17825277,0.6928544
0.17826779,0.7390857
0.17828281,0.7390857
0.17829783,0.7390857
0.17831285,0.7390857
0.17832787,0.7390857
0.1783429,0.7853174
0.17835791,0.7853174
0.17837293,0.7853174
0.17838795,0.7853174
0.17840298,0.8315482
0.178418,0.8315482
0.17843302,0.8315482
0.17844804,0.8315482
0.17846306,0.8315482
0.17847808,0.87777996
0.1784931,0.87777996
0.17850812,0.87777996
0.17852315,0.87777996
0.17853817,0.87777996
0.1785532,0.92401123
0.17856821,0.92401123
0.17858323,0.92401123
0.17859825,0.92401123
0.17861328,0.92401123
0.1786283,0.970243
0.17864332,0.970243
0.17865834,0.970243
0.17867336,0.970243
0.17868838,0.970243
0.1787034,1.0164738
0.17871842,1.0164738
0.17873344,1.0164738
0.17874846,1.0164738
0.17876348,1.0164738
0.1787785,1.0627055
0.17879352,1.0627055
0.17880854,1.0627055
0.17882356,1.0627055
0.17883858,1.1089368
0.1788536,1.1089368
0.17886862,1.1089368
0.17888364,1.1089368
0.17889866,1.1089368
0.17891368,1.1551685
0.1789287,1.1551685
0.17894372,1.1551685
0.17895874,1.1551685
0.17897378,1.1551685
0.1789888,1.2013993
0.17900382,1.2013993
0.17901884,1.2013993
0.17903386,1.2013993
0.17904888,1.2013993
0.1790639,1.2476311
0.17907892,1.2476311
0.17909394,1.2476311
0.17910896,1.2476311
0.17912398,1.2476311
0.179139,1.2938623
0.17915402,1.2938623
0.17916904,1.2938623
0.17918406,1.2938623
0.17919908,1.2938623
0.1792141,1.3400936
0.17922913,1.3400936
0.17924415,1.3400936
0.17925917,1.3400936
0.17927419,1.3400936
0.1792892,1.3863249
0.17930423,1.3863249
0.17931925,1.3863249
0.17933427,1.3863249
0.17934929,1.3863249
0.17936431,1.4325566
0.17937933,1.4325566
0.17939435,1.4325566
0.17940938,1.4325566
0.1794244,1.4325566
0.17943943,1.4787879
0.17945445,1.4787879
0.17946947,1.4787879
0.17948449,1.4787879
0.1794995,1.4787879
0.17951453,1.4787879
0.17952955,1.4787879
0.17954457,1.4787879
0.17955959,1.5250192
0.17957461,1.5250192
0.17958963,1.5250192
0.17960465,1.5250192
0.17961967,1.5250192
0.17963469,1.5712504
0.17964971,1.5712504
0.17966473,1.5712504
0.17967975,1.5712504
0.17969477,1.5712504
0.17970979,1.6174817
0.17972481,1.6174817
0.17973983,1.6174817
0.17975485,1.6174817
0.17976987,1.6174817
0.1797849,1.6637135
0.17979991,1.6637135
0.17981493,1.6637135
0.17982996,1.6637135
0.17984499,1.6637135
0.17986001,1.7099442
0.17987503,1.7099442
0.17989005,1.7099442
0.17990507,1.7099442
0.17992009,1.7099442
0.17993511,1.7099442
0.17995013,1.756176
0.17996515,1.756176
0.17998017,1.756176
0.1799952,1.756176
0.18001021,1.756176
0.18002523,1.756176
0.18004026,1.7099442
0.18005528,1.7099442
0.1800703,1.7099442
0.18008532,1.7099442
0.18010034,1.7099442
0.18011536,1.6637135
0.18013038,1.6637135
0.1801454,1.6637135
0.18016042,1.6637135
0.18017544,1.6174817
0.18019046,1.6174817
0.18020548,1.6174817
0.1802205,1.6174817
0.18023552,1.5712504
0.18025054,1.5712504
0.18026556,1.5712504
0.18028058,1.5712504
0.18029562,1.5250192
0.18031064,1.5250192
0.18032566,1.5250192
0.18034068,1.5250192
0.1803557,1.5250192
0.18037072,1.4787879
0.18038574,1.4787879
0.18040076,1.4787879
0.18041578,1.4787879
0.1804308,1.4787879
0.18044582,1.4787879
0.18046084,1.4787879
0.18047586,1.4325566
0.18049088,1.4325566
0.1805059,1.4325566
0.18052092,1.4325566
0.18053594,1.3863249
0.18055096,1.3863249
0.18056598,1.3863249
0.180581,1.3863249
0.18059602,1.3863249
0.18061104,1.3400936
0.18062606,1.3400936
0.18064108,1.3400936
0.1806561,1.3400936
0.18067113,1.2938623
0.18068615,1.2938623
0.18070117,1.2938623
0.18071619,1.2938623
0.18073122,1.2938623
0.18074624,1.2476311
0.18076126,1.2476311
0.18077628,1.2476311
0.1807913,1.2476311
0.18080632,1.2013993
0.18082134,1.2013993
0.18083636,1.2013993
0.18085138,1.2013993
0.1808664,1.1551685
0.18088143,1.1551685
0.18089645,1.1551685
0.18091147,1.1551685
0.18092649,1.1551685
0.1809415,1.1089368
0.18095653,1.1089368
0.18097155,1.1089368
0.18098657,1.1089368
0.18100159,1.0627055
0.18101661,1.0627055
0.18103163,1.0627055
0.18104665,1.0627055
0.18106167,1.0164738
0.18107669,1.0164738
0.18109171,1.0164738
0.18110673,1.0164738
0.18112175,1.0164738
0.18113677,0.970243
0.18115179,0.970243
0.18116683,0.970243
0.18118185,0.970243
0.18119687,0.92401123
0.18121189,0.92401123
0.18122691,0.92401123
0.18124193,0.92401123
0.18125695,0.87777996
0.18127197,0.87777996
0.18128699,0.87777996
0.18130201,0.87777996
0.18131703,0.87777996
0.18133205,0.8315482
0.18134707,0.8315482
0.18136209,0.8315482
0.18137711,0.8315482
0.18139213,0.7853174
0.18140715,0.7853174
0.18142217,0.7853174
0.1814372,0.7853174
0.18145221,0.7853174
0.18146724,0.7390857
0.18148226,0.7390857
0.18149728,0.7390857
0.1815123,0.7390857
0.18152732,0.6928544
0.18154234,0.6928544
0.18155736,0.6928544
0.18157238,0.6928544
0.1815874,0.6928544
0.18160242,0.64662313
0.18161745,0.64662313
0.18163247,0.64662313
0.1816475,0.64662313
0.18166251,0.60039186
0.18167754,0.60039186
0.18169256,0.60039186
0.18170758,0.60039186
0.1817226,0.60039186
0.18173762,0.5541601
0.18175264,0.5541601
0.18176766,0.5541601
0.18178268,0.5541601
0.1817977,0.50792885
0.18181272,0.50792885
0.18182774,0.50792885
0.18184276,0.50792885
0.18185778,0.46169758
0.1818728,0.46169758
0.18188782,0.46169758
0.18190284,0.46169758
0.18191786,0.46169758
0.18193288,0.4154663
0.1819479,0.4154663
0.18196292,0.4154663
0.18197794,0.4154663
0.18199296,0.36923456
0.18200798,0.36923456
0.182023,0.36923456
0.18203802,0.36923456
0.18205306,0.36923456
0.18206808,0.3230033
0.1820831,0.3230033
0.18209812,0.3230033
0.18211314,0.3230033
0.18212816,0.27677202
0.18214318,0.27677202
0.1821582,0.27677202
0.18217322,0.27677202
0.18218824,0.27677202
0.18220326,0.23054075
0.18221828,0.23054075
0.1822333,0.23054075
0.18224832,0.23054075
0.18226334,0.184309
0.18227836,0.184309
0.18229339,0.184309
0.1823084,0.184309
0.18232343,0.184309
0.18233845,0.13807821
0.18235347,0.13807821
0.18236849,0.13807821
0.18238351,0.13807821
0.18239853,0.091846466
0.18241355,0.091846466
0.18242857,0.091846466
0.18244359,0.091846466
0.18245861,0.045615196
0.18247363,0.045615196
0.18248866,0.045615196
0.18250369,0.045615196
0.1825187,0.045615196
0.18253373,-6.160736E-4
0.18254875,-6.160736E-4
0.18256377,-6.160736E-4
0.18257879,-6.160736E-4
0.18259381,-0.046847343
0.18260883,-0.046847343
0.18262385,-0.046847343
0.18263887,-0.046847343
0.18265389,-0.09307861
0.18266891,-0.09307861
0.18268393,-0.09307861
0.18269895,-0.09307861
0.18271397,-0.09307861
0.18272899,-0.13931036
0.18274401,-0.13931036
0.18275903,-0.13931036
0.18277405,-0.13931036
0.18278907,-0.18554163
0.1828041,-0.18554163
0.18281911,-0.18554163
0.18283413,-0.18554163
0.18284915,-0.18554163
0.18286417,-0.2317729
0.1828792,-0.2317729
0.18289421,-0.2317729
0.18290924,-0.2317729
0.18292426,-0.27800417
0.18293929,-0.27800417
0.18295431,-0.27800417
0.18296933,-0.27800417
0.18298435,-0.27800417
0.18299937,-0.32423592
0.1830144,-0.32423592
0.18302941,-0.32423592
0.18304443,-0.32423592
0.18305945,-0.3704667
0.18307447,-0.3704667
0.1830895,-0.3704667
0.18310452,-0.3704667
0.18311954,-0.3704667
0.18313456,-0.41669846
0.18314958,-0.41669846
0.1831646,-0.41669846
0.18317962,-0.41669846
0.18319464,-0.41669846
0.18320966,-0.46292973
0.18322468,-0.46292973
0.1832397,-0.46292973
0.18325472,-0.46292973
0.18326974,-0.5091615
0.18328476,-0.5091615
0.18329978,-0.5091615
0.1833148,-0.5091615
0.18332982,-0.5091615
0.18334484,-0.55539227
0.18335986,-0.55539227
0.1833749,-0.55539227
0.18338992,-0.55539227
0.18340494,-0.601624
0.18341996,-0.601624
0.18343498,-0.601624
0.18345,-0.601624
0.18346502,-0.601624
0.18348004,-0.6478553
0.18349506,-0.6478553
0.18351008,-0.6478553
0.1835251,-0.6478553
0.18354012,-0.6478553
0.18355514,-0.694087
0.18357016,-0.694087
0.18358518,-0.694087
0.1836002,-0.694087
0.18361522,-0.7403178
0.18363024,-0.7403178
0.18364526,-0.7403178
0.18366028,-0.7403178
0.1836753,-0.7403178
0.18369032,-0.78654957
0.18370534,-0.78654957
0.18372037,-0.78654957
0.18373539,-0.78654957
0.1837504,-0.78654957
0.18376543,-0.83278084
0.18378045,-0.83278084
0.18379547,-0.83278084
0.1838105,-0.83278084
0.18382552,-0.8790121
0.18384054,-0.8790121
0.18385556,-0.8790121
0.18387058,-0.8790121
0.1838856,-0.8790121
0.18390062,-0.9252434
0.18391564,-0.9252434
0.18393067,-0.9252434
0.18394569,-0.9252434
0.1839607,-0.9252434
0.18397573,-0.9714751
0.18399075,-0.9714751
0.18400577,-0.9714751
0.18402079,-0.9714751
0.18403581,-0.9714751
0.18405083,-1.0177064
0.18406585,-1.0177064
0.18408087,-1.0177064
0.18409589,-1.0177064
0.18411091,-1.0639377
0.18412593,-1.0639377
0.18414095,-1.0639377
0.18415597,-1.0639377
0.18417099,-1.0639377
0.18418601,-1.1101689
0.18420103,-1.1101689
0.18421605,-1.1101689
0.18423107,-1.1101689
0.1842461,-1.1564007
0.18426113,-1.1564007
0.18427615,-1.1564007
0.18429117,-1.1564007
0.18430619,-1.1564007
0.18432121,-1.202632
0.18433623,-1.202632
0.18435125,-1.202632
0.18436627,-1.202632
0.18438129,-1.202632
0.18439631,-1.2488632
0.18441133,-1.2488632
0.18442635,-1.2488632
0.18444137,-1.2488632
0.1844564,-1.2488632
0.18447141,-1.2950945
0.18448643,-1.2950945
0.18450145,-1.2950945
0.18451647,-1.2950945
0.1845315,-1.2950945
0.18454652,-1.3413262
0.18456154,-1.3413262
0.18457656,-1.3413262
0.18459158,-1.3413262
0.1846066,-1.3413262
0.18462162,-1.387557
0.18463664,-1.387557
0.18465166,-1.387557
0.18466668,-1.387557
0.1846817,-1.387557
0.18469673,-1.4337888
0.18471175,-1.4337888
0.18472677,-1.4337888
0.1847418,-1.4337888
0.18475682,-1.4337888
0.18477184,-1.48002
0.18478686,-1.48002
0.18480188,-1.48002
0.1848169,-1.48002
0.18483192,-1.48002
0.18484694,-1.48002
0.18486196,-1.48002
0.18487698,-1.5262513
0.184892,-1.5262513
0.18490702,-1.5262513
0.18492204,-1.5262513
0.18493706,-1.5262513
0.18495208,-1.5724826
0.1849671,-1.5724826
0.18498212,-1.5724826
0.18499714,-1.5724826
0.18501216,-1.5724826
0.18502718,-1.6187139
0.1850422,-1.6187139
0.18505722,-1.6187139
0.18507224,-1.6187139
0.18508726,-1.6187139
0.18510228,-1.6187139
0.1851173,-1.6187139
0.18513234,-1.6187139
0.18514736,-1.6187139
0.18516238,-1.5724826
0.1851774,-1.5724826
0.18519242,-1.5724826
0.18520744,-1.5724826
0.18522246,-1.5262513
0.18523748,-1.5262513
0.1852525,-1.5262513
0.18526752,-1.5262513
0.18528254,-1.5262513
0.18529756,-1.48002
0.18531258,-1.48002
0.1853276,-1.48002
0.18534262,-1.48002
0.18535765,-1.48002
0.18537267,-1.48002
0.18538769,-1.48002
0.1854027,-1.4337888
0.18541773,-1.4337888
0.18543275,-1.4337888
0.18544777,-1.4337888
0.18546279,-1.4337888
0.18547781,-1.387557
0.18549283,-1.387557
0.18550785,-1.387557
0.18552287,-1.387557
0.18553789,-1.3413262
0.18555291,-1.3413262
0.18556795,-1.3413262
0.18558297,-1.3413262
0.18559799,-1.3413262
0.185613,-1.2950945
0.18562803,-1.2950945
0.18564305,-1.2950945
0.18565807,-1.2950945
0.18567309,-1.2488632
0.18568811,-1.2488632
0.18570313,-1.2488632
0.18571815,-1.2488632
0.18573317,-1.2488632
0.18574819,-1.202632
0.18576321,-1.202632
0.18577823,-1.202632
0.18579325,-1.202632
0.18580827,-1.202632
0.18582329,-1.1564007
0.18583831,-1.1564007
0.18585333,-1.1564007
0.18586835,-1.1564007
0.18588337,-1.1101689
0.1858984,-1.1101689
0.18591341,-1.1101689
0.18592843,-1.1101689
0.18594345,-1.1101689
0.18595847,-1.0639377
0.1859735,-1.0639377
0.18598852,-1.0639377
0.18600354,-1.0639377
0.18601857,-1.0177064
0.18603359,-1.0177064
0.18604861,-1.0177064
0.18606363,-1.0177064
0.18607865,-1.0177064
0.18609367,-0.9714751
0.1861087,-0.9714751
0.18612371,-0.9714751
0.18613873,-0.9714751
0.18615375,-0.9714751
0.18616877,-0.9252434
0.1861838,-0.9252434
0.18619882,-0.9252434
0.18621384,-0.9252434
0.18622886,-0.8790121
0.18624388,-0.8790121
0.1862589,-0.8790121
0.18627392,-0.8790121
0.18628894,-0.8790121
0.18630396,-0.83278084
0.18631898,-0.83278084
0.186334,-0.83278084
0.18634902,-0.83278084
0.18636404,-0.83278084
0.18637906,-0.78654957
0.18639408,-0.78654957
0.1864091,-0.78654957
0.18642412,-0.78654957
0.18643914,-0.7403178
0.18645418,-0.7403178
0.1864692,-0.7403178
0.18648422,-0.7403178
0.18649924,-0.7403178
0.18651426,-0.694087
0.18652928,-0.694087
0.1865443,-0.694087
0.18655932,-0.694087
0.18657434,-0.694087
0.18658936,-0.6478553
0.18660438,-0.6478553
0.1866194,-0.6478553
0.18663442,-0.6478553
0.18664944,-0.6478553
0.18666446,-0.601624
0.18667948,-0.601624
0.1866945,-0.601624
0.18670952,-0.601624
0.18672454,-0.55539227
0.18673956,-0.55539227
0.18675458,-0.55539227
0.1867696,-0.55539227
0.18678463,-0.55539227
0.18679965,-0.5091615
0.18681467,-0.5091615
0.18682969,-0.5091615
0.1868447,-0.5091615
0.18685973,-0.5091615
0.18687475,-0.46292973
0.18688978,-0.46292973
0.1869048,-0.46292973
0.18691982,-0.46292973
0.18693484,-0.41669846
0.18694986,-0.41669846
0.18696488,-0.41669846
0.1869799,-0.41669846
0.18699493,-0.41669846
0.18700995,-0.3704667
0.18702497,-0.3704667
0.18703999,-0.3704667
0.187055,-0.3704667
0.18707003,-0.32423592
0.18708505,-0.32423592
0.18710007,-0.32423592
0.18711509,-0.32423592
0.18713011,-0.32423592
0.18714513,-0.27800417
0.18716015,-0.27800417
0.18717517,-0.27800417
0.18719019,-0.27800417
0.18720521,-0.27800417
0.18722023,-0.2317729
0.18723525,-0.2317729
0.18725027,-0.2317729
0.18726529,-0.2317729
0.18728031,-0.18554163
0.18729533,-0.18554163
0.18731035,-0.18554163
0.18732537,-0.18554163
0.18734041,-0.18554163
0.18735543,-0.13931036
0.18737045,-0.13931036
0.18738547,-0.13931036
0.18740049,-0.13931036
0.18741551,-0.13931036
0.18743053,-0.09307861
0.18744555,-0.09307861
0.18746057,-0.09307861
0.18747559,-0.09307861
0.18749061,-0.09307861
0.18750563,-0.046847343
0.18752065,-0.046847343
0.18753567,-0.046847343
0.1875507,-0.046847343
0.18756571,-6.160736E-4
0.18758073,-6.160736E-4
0.18759575,-6.160736E-4
0.18761078,-6.160736E-4
0.1876258,0.045615196
0.18764082,0.045615196
0.18765584,0.045615196
0.18767086,0.045615196
0.18768588,0.045615196
0.1877009,0.091846466
0.18771592,0.091846466
0.18773094,0.091846466
0.18774596,0.091846466
0.18776098,0.091846466
0.18777601,0.13807821
0.18779103,0.13807821
0.18780605,0.13807821
0.18782108,0.13807821
0.1878361,0.184309
0.18785112,0.184309
0.18786614,0.184309
0.18788116,0.184309
0.18789618,0.184309
0.1879112,0.23054075
0.18792622,0.23054075
0.18794124,0.23054075
0.18795626,0.23054075
0.18797128,0.23054075
0.1879863,0.27677202
0.18800132,0.27677202
0.18801634,0.27677202
0.18803136,0.27677202
0.18804638,0.3230033
0.1880614,0.3230033
0.18807642,0.3230033
0.18809144,0.3230033
0.18810646,0.3230033
0.18812148,0.36923456
0.1881365,0.36923456
0.18815152,0.36923456
0.18816654,0.36923456
0.18818156,0.36923456
0.18819658,0.4154663
0.18821162,0.4154663
0.18822664,0.4154663
0.18824166,0.4154663
0.18825668,0.4154663
0.1882717,0.46169758
0.18828672,0.46169758
0.18830174,0.46169758
0.18831676,0.46169758
0.18833178,0.50792885
0.1883468,0.50792885
0.18836182,0.50792885
0.18837684,0.50792885
0.18839186,0.50792885
0.18840688,0.5541601
0.1884219,0.5541601
0.18843693,0.5541601
0.18845195,0.5541601
0.18846697,0.5541601
0.18848199,0.60039186
0.188497,0.60039186
0.18851203,0.60039186
0.18852705,0.60039186
0.18854207,0.60039186
0.18855709,0.64662313
0.18857211,0.64662313
0.18858713,0.64662313
0.18860215,0.64662313
0.18861717,0.64662313
0.18863219,0.6928544
0.18864721,0.6928544
0.18866225,0.6928544
0.18867727,0.6928544
0.18869229,0.7390857
0.1887073,0.7390857
0.18872233,0.7390857
0.18873735,0.7390857
0.18875237,0.7390857
0.18876739,0.7853174
0.18878241,0.7853174
0.18879743,0.7853174
0.18881245,0.7853174
0.18882747,0.7853174
0.18884249,0.8315482
0.18885751,0.8315482
0.18887253,0.8315482
0.18888755,0.8315482
0.18890257,0.8315482
0.18891759,0.87777996
0.18893261,0.87777996
0.18894763,0.87777996
0.18896265,0.87777996
0.18897767,0.87777996
0.1889927,0.92401123
0.18900771,0.92401123
0.18902273,0.92401123
0.18903776,0.92401123
0.18905278,0.970243
0.1890678,0.970243
0.18908282,0.970243
0.18909785,0.970243
0.18911287,0.970243
0.18912789,0.970243
0.18914291,1.0164738
0.18915793,1.0164738
0.18917295,1.0164738
0.18918797,1.0164738
0.189203,1.0627055
0.18921801,1.0627055
0.18923303,1.0627055
0.18924806,1.0627055
0.18926308,1.0627055
0.1892781,1.1089368
0.18929312,1.1089368
0.18930814,1.1089368
0.18932316,1.1089368
0.18933818,1.1089368
0.1893532,1.1551685
0.18936822,1.1551685
0.18938324,1.1551685
0.18939826,1.1551685
0.18941328,1.1551685
0.1894283,1.2013993
0.18944332,1.2013993
0.18945834,1.2013993
0.18947336,1.2013993
0.18948838,1.2013993
0.1895034,1.2476311
0.18951842,1.2476311
0.18953346,1.2476311
0.18954848,1.2476311
0.1895635,1.2476311
0.18957852,1.2938623
0.18959354,1.2938623
0.18960856,1.2938623
0.18962358,1.2938623
0.1896386,1.2938623
0.18965362,1.3400936
0.18966864,1.3400936
0.18968366,1.3400936
0.18969868,1.3400936
0.1897137,1.3400936
0.18972872,1.3863249
0.18974374,1.3863249
0.18975876,1.3863249
0.18977378,1.3863249
0.1897888,1.3863249
0.18980382,1.4325566
0.18981884,1.4325566
0.18983386,1.4325566
0.18984888,1.4325566
0.1898639,1.4325566
0.18987893,1.4787879
0.18989395,1.4787879
0.18990897,1.4787879
0.18992399,1.4787879
0.189939,1.4787879
0.18995403,1.4787879
0.18996905,1.4787879
0.18998408,1.4787879
0.1899991,1.5250192
0.19001412,1.5250192
0.19002914,1.5250192
0.19004416,1.5250192
0.19005919,1.5250192
0.1900742,1.5712504
0.19008923,1.5712504
0.19010425,1.5712504
0.19011927,1.5712504
0.19013429,1.5712504
0.1901493,1.6174817
0.19016433,1.6174817
0.19017935,1.6174817
0.19019437,1.6174817
0.19020939,1.6174817
0.19022441,1.6637135
0.19023943,1.6637135
0.19025445,1.6637135
0.19026947,1.6637135
0.19028449,1.6637135
0.19029951,1.7099442
0.19031453,1.7099442
0.19032955,1.7099442
0.19034457,1.7099442
0.19035959,1.7099442
0.19037461,1.756176
0.19038963,1.756176
0.19040465,1.756176
0.19041969,1.756176
0.19043471,1.756176
0.19044973,1.756176
0.19046475,1.756176
0.19047977,1.7099442
0.19049479,1.7099442
0.19050981,1.7099442
0.19052483,1.7099442
0.19053985,1.6637135
0.19055487,1.6637135
0.19056989,1.6637135
0.19058491,1.6637135
0.19059993,1.6637135
0.19061495,1.6174817
0.19062997,1.6174817
0.190645,1.6174817
0.19066001,1.6174817
0.19067504,1.5712504
0.19069006,1.5712504
0.19070508,1.5712504
0.1907201,1.5712504
0.19073512,1.5250192
0.19075014,1.5250192
0.19076516,1.5250192
0.19078018,1.5250192
0.1907952,1.5250192
0.19081022,1.4787879
0.19082524,1.4787879
0.19084026,1.4787879
0.1908553,1.4787879
0.19087031,1.4787879
0.19088534,1.4787879
0.19090036,1.4787879
0.19091538,1.4325566
0.1909304,1.4325566
0.19094542,1.4325566
0.19096044,1.4325566
0.19097546,1.3863249
0.19099048,1.3863249
0.1910055,1.3863249
0.19102052,1.3863249
0.19103554,1.3400936
0.19105056,1.3400936
0.19106558,1.3400936
0.1910806,1.3400936
0.19109562,1.3400936
0.19111064,1.2938623
0.19112566,1.2938623
0.19114068,1.2938623
0.1911557,1.2938623
0.19117072,1.2476311
0.19118574,1.2476311
0.19120076,1.2476311
0.19121578,1.2476311
0.1912308,1.2013993
0.19124582,1.2013993
0.19126084,1.2013993
0.19127586,1.2013993
0.1912909,1.2013993
0.19130592,1.1551685
0.19132094,1.1551685
0.19133596,1.1551685
0.19135098,1.1551685
0.191366,1.1089368
0.19138102,1.1089368
0.19139604,1.1089368
0.19141106,1.1089368
0.19142608,1.1089368
0.1914411,1.0627055
0.19145612,1.0627055
0.19147114,1.0627055
0.19148616,1.0627055
0.19150119,1.0164738
0.1915162,1.0164738
0.19153123,1.0164738
0.19154625,1.0164738
0.19156127,0.970243
0.19157629,0.970243
0.19159131,0.970243
0.19160633,0.970243
0.19162135,0.970243
0.19163637,0.92401123
0.19165139,0.92401123
0.19166641,0.92401123
0.19168143,0.92401123
0.19169645,0.87777996
0.19171147,0.87777996
0.19172649,0.87777996
0.19174153,0.87777996
0.19175655,0.8315482
0.19177157,0.8315482
0.19178659,0.8315482
0.19180161,0.8315482
0.19181663,0.8315482
0.19183165,0.7853174
0.19184667,0.7853174
0.19186169,0.7853174
0.19187671,0.7853174
0.19189173,0.7853174
0.19190675,0.7390857
0.19192177,0.7390857
0.19193679,0.7390857
0.19195181,0.7390857
0.19196683,0.6928544
0.19198185,0.6928544
0.19199687,0.6928544
0.1920119,0.6928544
0.19202691,0.64662313
0.19204193,0.64662313
0.19205695,0.64662313
0.19207197,0.64662313
0.192087,0.64662313
0.19210202,0.60039186
0.19211704,0.60039186
0.19213206,0.60039186
0.19214708,0.60039186
0.1921621,0.5541601
0.19217713,0.5541601
0.19219215,0.5541601
0.19220717,0.5541601
0.1922222,0.50792885
0.19223721,0.50792885
0.19225223,0.50792885
0.19226725,0.50792885
0.19228227,0.50792885
0.1922973,0.46169758
0.19231232,0.46169758
0.19232734,0.46169758
0.19234236,0.46169758
0.19235738,0.4154663
0.1923724,0.4154663
0.19238742,0.4154663
0.19240244,0.4154663
0.19241746,0.4154663
0.19243248,0.36923456
0.1924475,0.36923456
0.19246252,0.36923456
0.19247754,0.36923456
0.19249256,0.3230033
0.19250758,0.3230033
0.1925226,0.3230033
0.19253762,0.3230033
0.19255264,0.3230033
0.19256766,0.27677202
0.19258268,0.27677202
0.1925977,0.27677202
0.19261274,0.27677202
0.19262776,0.23054075
0.19264278,0.23054075
0.1926578,0.23054075
0.19267282,0.23054075
0.19268784,0.23054075
0.19270286,0.184309
0.19271788,0.184309
0.1927329,0.184309
0.19274792,0.184309
0.19276294,0.13807821
0.19277796,0.13807821
0.19279298,0.13807821
0.192808,0.13807821
0.19282302,0.091846466
0.19283804,0.091846466
0.19285306,0.091846466
0.19286808,0.091846466
0.1928831,0.091846466
0.19289812,0.045615196
0.19291314,0.045615196
0.19292817,0.045615196
0.19294319,0.045615196
0.1929582,0.045615196
0.19297323,-6.160736E-4
0.19298825,-6.160736E-4
0.19300327,-6.160736E-4
0.19301829,-0.046847343
0.19303331,-0.046847343
0.19304833,-0.046847343
0.19306336,-0.046847343
0.19307838,-0.046847343
0.1930934,-0.09307861
0.19310842,-0.09307861
0.19312344,-0.09307861
0.19313847,-0.09307861
0.19315349,-0.13931036
0.1931685,-0.13931036
0.19318353,-0.13931036
0.19319855,-0.13931036
0.19321357,-0.13931036
0.19322859,-0.18554163
0.19324361,-0.18554163
0.19325863,-0.18554163
0.19327365,-0.18554163
0.19328867,-0.18554163
0.19330369,-0.2317729
0.19331871,-0.2317729
0.19333373,-0.2317729
0.19334875,-0.2317729
0.19336377,-0.27800417
0.19337879,-0.27800417
0.19339381,-0.27800417
0.19340883,-0.27800417
0.19342385,-0.27800417
0.19343887,-0.32423592
0.1934539,-0.32423592
0.19346891,-0.32423592
0.19348393,-0.32423592
0.19349897,-0.3704667
0.19351399,-0.3704667
0.19352901,-0.3704667
0.19354403,-0.3704667
0.19355905,-0.3704667
0.19357407,-0.41669846
0.19358909,-0.41669846
0.19360411,-0.41669846
0.19361913,-0.41669846
0.19363415,-0.46292973
0.19364917,-0.46292973
0.1936642,-0.46292973
0.19367921,-0.46292973
0.19369423,-0.46292973
0.19370925,-0.5091615
0.19372427,-0.5091615
0.1937393,-0.5091615
0.19375432,-0.5091615
0.19376934,-0.55539227
0.19378436,-0.55539227
0.19379938,-0.55539227
0.1938144,-0.55539227
0.19382942,-0.55539227
0.19384444,-0.601624
0.19385946,-0.601624
0.19387448,-0.601624
0.1938895,-0.601624
0.19390452,-0.601624
0.19391954,-0.6478553
0.19393457,-0.6478553
0.1939496,-0.6478553
0.19396462,-0.6478553
0.19397964,-0.694087
0.19399466,-0.694087
0.19400968,-0.694087
0.1940247,-0.694087
0.19403972,-0.694087
0.19405474,-0.7403178
0.19406976,-0.7403178
0.19408478,-0.7403178
0.1940998,-0.7403178
0.19411482,-0.7403178
0.19412984,-0.78654957
0.19414486,-0.78654957
0.19415988,-0.78654957
0.1941749,-0.78654957
0.19418992,-0.83278084
0.19420494,-0.83278084
0.19421996,-0.83278084
0.19423498,-0.83278084
0.19425,-0.83278084
0.19426502,-0.8790121
0.19428004,-0.8790121
0.19429506,-0.8790121
0.19431008,-0.8790121
0.1943251,-0.8790121
0.19434012,-0.9252434
0.19435515,-0.9252434
0.19437017,-0.9252434
0.1943852,-0.9252434
0.19440022,-0.9252434
0.19441524,-0.9714751
0.19443026,-0.9714751
0.19444528,-0.9714751
0.1944603,-0.9714751
0.19447532,-1.0177064
0.19449034,-1.0177064
0.19450536,-1.0177064
0.19452038,-1.0177064
0.1945354,-1.0177064
0.19455042,-1.0639377
0.19456545,-1.0639377
0.19458047,-1.0639377
0.19459549,-1.0639377
0.1946105,-1.0639377
0.19462553,-1.1101689
0.19464055,-1.1101689
0.19465557,-1.1101689
0.19467059,-1.1101689
0.19468561,-1.1564007
0.19470063,-1.1564007
0.19471565,-1.1564007
0.19473067,-1.1564007
0.19474569,-1.1564007
0.19476071,-1.202632
0.19477573,-1.202632
0.19479075,-1.202632
0.19480577,-1.202632
0.1948208,-1.202632
0.19483583,-1.2488632
0.19485085,-1.2488632
0.19486587,-1.2488632
0.19488089,-1.2488632
0.19489591,-1.2488632
0.19491093,-1.2950945
0.19492595,-1.2950945
0.19494097,-1.2950945
0.19495599,-1.2950945
0.19497101,-1.2950945
0.19498603,-1.3413262
0.19500105,-1.3413262
0.19501607,-1.3413262
0.19503109,-1.3413262
0.19504611,-1.387557
0.19506113,-1.387557
0.19507615,-1.387557
0.19509117,-1.387557
0.1951062,-1.387557
0.19512121,-1.4337888
0.19513623,-1.4337888
0.19515125,-1.4337888
0.19516627,-1.4337888
0.1951813,-1.4337888
0.19519632,-1.48002
0.19521134,-1.48002
0.19522636,-1.48002
0.19524138,-1.48002
0.19525641,-1.48002
0.19527143,-1.48002
0.19528645,-1.48002
0.19530147,-1.48002
0.1953165,-1.5262513
0.19533151,-1.5262513
0.19534653,-1.5262513
0.19536155,-1.5262513
0.19537657,-1.5262513
0.1953916,-1.5724826
0.19540662,-1.5724826
0.19542164,-1.5724826
0.19543666,-1.5724826
0.19545168,-1.5724826
0.1954667,-1.6187139
0.19548172,-1.6187139
0.19549674,-1.6187139
0.19551176,-1.6187139
0.19552678,-1.6187139
0.1955418,-1.6187139
0.19555682,-1.6187139
0.19557184,-1.6187139
0.19558686,-1.5724826
0.19560188,-1.5724826
0.1956169,-1.5724826
0.19563192,-1.5724826
0.19564694,-1.5724826
0.19566196,-1.5262513
0.19567698,-1.5262513
0.195692,-1.5262513
0.19570704,-1.5262513
0.19572206,-1.48002
0.19573708,-1.48002
0.1957521,-1.48002
0.19576712,-1.48002
0.19578214,-1.48002
0.19579716,-1.48002
0.19581218,-1.48002
0.1958272,-1.4337888
0.19584222,-1.4337888
0.19585724,-1.4337888
0.19587226,-1.4337888
0.19588728,-1.4337888
0.1959023,-1.387557
0.19591732,-1.387557
0.19593234,-1.387557
0.19594736,-1.387557
0.19596238,-1.387557
0.1959774,-1.3413262
0.19599243,-1.3413262
0.19600745,-1.3413262
0.19602247,-1.3413262
0.19603749,-1.2950945
0.1960525,-1.2950945
0.19606753,-1.2950945
0.19608255,-1.2950945
0.19609757,-1.2950945
0.19611259,-1.2488632
0.19612761,-1.2488632
0.19614264,-1.2488632
0.19615766,-1.2488632
0.19617268,-1.2488632
0.1961877,-1.202632
0.19620273,-1.202632
0.19621775,-1.202632
0.19623277,-1.202632
0.19624779,-1.1564007
0.1962628,-1.1564007
0.19627783,-1.1564007
0.19629285,-1.1564007
0.19630787,-1.1564007
0.19632289,-1.1101689
0.19633791,-1.1101689
0.19635293,-1.1101689
0.19636795,-1.1101689
0.19638297,-1.1101689
0.19639799,-1.0639377
0.19641301,-1.0639377
0.19642803,-1.0639377
0.19644305,-1.0639377
0.19645807,-1.0177064
0.19647309,-1.0177064
0.19648811,-1.0177064
0.19650313,-1.0177064
0.19651815,-1.0177064
0.19653317,-0.9714751
0.1965482,-0.9714751
0.19656321,-0.9714751
0.19657825,-0.9714751
0.19659327,-0.9252434
0.19660829,-0.9252434
0.19662331,-0.9252434
0.19663833,-0.9252434
0.19665335,-0.9252434
0.19666837,-0.8790121
0.19668339,-0.8790121
0.19669841,-0.8790121
0.19671343,-0.8790121
0.19672845,-0.83278084
0.19674347,-0.83278084
0.1967585,-0.83278084
0.19677351,-0.83278084
0.19678853,-0.83278084
0.19680355,-0.78654957
0.19681858,-0.78654957
0.1968336,-0.78654957
0.19684862,-0.78654957
0.19686364,-0.78654957
0.19687866,-0.7403178
0.19689368,-0.7403178
0.1969087,-0.7403178
0.19692372,-0.7403178
0.19693874,-0.7403178
0.19695376,-0.694087
0.19696878,-0.694087
0.1969838,-0.694087
0.19699882,-0.694087
0.19701385,-0.6478553
0.19702888,-0.6478553
0.1970439,-0.6478553
0.19705892,-0.6478553
0.19707394,-0.6478553
0.19708896,-0.601624
0.19710398,-0.601624
0.197119,-0.601624
0.19713402,-0.601624
0.19714904,-0.601624
0.19716406,-0.55539227
0.19717908,-0.55539227
0.1971941,-0.55539227
0.19720912,-0.55539227
0.19722414,-0.5091615
0.19723916,-0.5091615
0.19725418,-0.5091615
0.1972692,-0.5091615
0.19728422,-0.5091615
0.19729924,-0.46292973
0.19731426,-0.46292973
0.19732928,-0.46292973
0.1973443,-0.46292973
0.19735932,-0.46292973
0.19737434,-0.41669846
0.19738936,-0.41669846
0.19740438,-0.41669846
0.1974194,-0.41669846
0.19743443,-0.3704667
0.19744945,-0.3704667
0.19746448,-0.3704667
0.1974795,-0.3704667
0.19749452,-0.3704667
0.19750954,-0.32423592
0.19752456,-0.32423592
0.19753958,-0.32423592
0.1975546,-0.32423592
0.19756962,-0.32423592
0.19758464,-0.27800417
0.19759966,-0.27800417
0.19761468,-0.27800417
0.1976297,-0.27800417
0.19764473,-0.2317729
0.19765975,-0.2317729
0.19767477,-0.2317729
0.19768979,-0.2317729
0.1977048,-0.2317729
0.19771983,-0.18554163
0.19773485,-0.18554163
0.19774987,-0.18554163
0.19776489,-0.18554163
0.19777991,-0.18554163
0.19779493,-0.13931036
0.19780995,-0.13931036
0.19782497,-0.13931036
0.19783999,-0.13931036
0.19785501,-0.09307861
0.19787003,-0.09307861
0.19788505,-0.09307861
0.19790009,-0.09307861
0.1979151,-0.09307861
0.19793013,-0.046847343
0.19794515,-0.046847343
0.19796017,-0.046847343
0.19797519,-0.046847343
0.19799021,-0.046847343
0.19800523,-6.160736E-4
0.19802025,-6.160736E-4
0.19803527,-6.160736E-4
0.19805029,-6.160736E-4
0.19806531,0.045615196
0.19808033,0.045615196
0.19809535,0.045615196
0.19811037,0.045615196
0.19812539,0.045615196
0.19814041,0.091846466
0.19815543,0.091846466
0.19817045,0.091846466
0.19818547,0.091846466
0.1982005,0.13807821
0.19821551,0.13807821
0.19823053,0.13807821
0.19824556,0.13807821
0.19826058,0.13807821
0.1982756,0.184309
0.19829062,0.184309
0.19830564,0.184309
0.19832066,0.184309
0.19833569,0.184309
0.19835071,0.23054075
0.19836573,0.23054075
0.19838075,0.23054075
0.19839577,0.23054075
0.1984108,0.27677202
0.19842581,0.27677202
0.19844083,0.27677202
0.19845586,0.27677202
0.19847088,0.27677202
0.1984859,0.3230033
0.19850092,0.3230033
0.19851594,0.3230033
0.19853096,0.3230033
0.19854598,0.3230033
0.198561,0.36923456
0.19857602,0.36923456
0.19859104,0.36923456
0.19860606,0.36923456
0.19862108,0.36923456
0.1986361,0.4154663
0.19865112,0.4154663
0.19866614,0.4154663
0.19868116,0.4154663
0.19869618,0.46169758
0.1987112,0.46169758
0.19872622,0.46169758
0.19874124,0.46169758
0.19875626,0.46169758
0.19877128,0.50792885
0.19878632,0.50792885
0.19880134,0.50792885
0.19881636,0.50792885
0.19883138,0.50792885
0.1988464,0.5541601
0.19886142,0.5541601
0.19887644,0.5541601
0.19889146,0.5541601
0.19890648,0.5541601
0.1989215,0.60039186
0.19893652,0.60039186
0.19895154,0.60039186
0.19896656,0.60039186
0.19898158,0.64662313
0.1989966,0.64662313
0.19901162,0.64662313
0.19902664,0.64662313
0.19904166,0.64662313
0.19905668,0.6928544
0.1990717,0.6928544
0.19908673,0.6928544
0.19910175,0.6928544
0.19911677,0.6928544
0.19913179,0.7390857
0.1991468,0.7390857
0.19916183,0.7390857
0.19917685,0.7390857
0.19919187,0.7390857
0.19920689,0.7853174
0.19922192,0.7853174
0.19923694,0.7853174
0.19925196,0.7853174
0.19926699,0.7853174
0.199282,0.8315482
0.19929703,0.8315482
0.19931205,0.8315482
0.19932707,0.8315482
0.19934209,0.8315482
0.1993571,0.87777996
0.19937213,0.87777996
0.19938715,0.87777996
0.19940217,0.87777996
0.19941719,0.87777996
0.19943221,0.92401123
0.19944723,0.92401123
0.19946225,0.92401123
0.19947727,0.92401123
0.19949229,0.970243
0.19950731,0.970243
0.19952233,0.970243
0.19953735,0.970243
0.19955237,0.970243
0.19956739,1.0164738
0.19958241,1.0164738
0.19959743,1.0164738
0.19961245,1.0164738
0.19962747,1.0164738
0.1996425,1.0627055
0.19965753,1.0627055
0.19967255,1.0627055
0.19968757,1.0627055
0.19970259,1.0627055
0.19971761,1.1089368
0.19973263,1.1089368
0.19974765,1.1089368
0.19976267,1.1089368
0.1997777,1.1089368
0.19979271,1.1551685
0.19980773,1.1551685
0.19982275,1.1551685
0.19983777,1.1551685
0.1998528,1.1551685
0.19986781,1.2013993
0.19988284,1.2013993
0.19989786,1.2013993
0.19991288,1.2013993
0.1999279,1.2013993
0.19994292,1.2476311
0.19995794,1.2476311
0.19997296,1.2476311
0.19998798,1.2476311
0.200003,1.2476311
0.20001802,1.2938623
0.20003304,1.2938623
0.20004806,1.2938623
0.20006308,1.2938623
0.2000781,1.2938623
0.20009312,1.3400936
0.20010816,1.3400936
0.20012318,1.3400936
0.2001382,1.3400936
0.20015322,1.3400936
0.20016824,1.3863249
0.20018326,1.3863249
0.20019828,1.3863249
0.2002133,1.3863249
0.20022832,1.3863249
0.20024334,1.4325566
0.20025836,1.4325566
0.20027338,1.4325566
0.2002884,1.4325566
0.20030342,1.4325566
0.20031844,1.4787879
0.20033346,1.4787879
0.20034848,1.4787879
0.2003635,1.4787879
0.20037852,1.4787879
0.20039354,1.4787879
0.20040856,1.4787879
0.20042358,1.5250192
0.2004386,1.5250192
0.20045362,1.5250192
0.20046864,1.5250192
0.20048366,1.5250192
0.20049869,1.5712504
0.2005137,1.5712504
0.20052873,1.5712504
0.20054376,1.5712504
0.20055878,1.5712504
0.2005738,1.6174817
0.20058882,1.6174817
0.20060384,1.6174817
0.20061886,1.6174817
0.20063388,1.6174817
0.2006489,1.6637135
0.20066392,1.6637135
0.20067894,1.6637135
0.20069396,1.6637135
0.20070899,1.6637135
0.200724,1.6637135
0.20073903,1.7099442
0.20075405,1.7099442
0.20076907,1.7099442
0.20078409,1.7099442
0.20079911,1.7099442
0.20081413,1.756176
0.20082915,1.756176
0.20084417,1.756176
0.20085919,1.756176
0.20087421,1.756176
0.20088923,1.756176
0.20090425,1.7099442
0.20091927,1.7099442
0.20093429,1.7099442
0.20094931,1.7099442
0.20096433,1.7099442
0.20097937,1.6637135
0.20099439,1.6637135
0.20100941,1.6637135
0.20102443,1.6637135
0.20103945,1.6174817
0.20105447,1.6174817
0.20106949,1.6174817
0.20108451,1.6174817
0.20109953,1.6174817
0.20111455,1.5712504
0.20112957,1.5712504
0.20114459,1.5712504
0.20115961,1.5712504
0.20117463,1.5250192
0.20118965,1.5250192
0.20120467,1.5250192
0.2012197,1.5250192
0.20123471,1.4787879
0.20124973,1.4787879
0.20126475,1.4787879
0.20127977,1.4787879
0.2012948,1.4787879
0.20130982,1.4787879
0.20132484,1.4787879
0.20133986,1.4325566
0.20135488,1.4325566
0.2013699,1.4325566
0.20138492,1.4325566
0.20139994,1.3863249
0.20141496,1.3863249
0.20143,1.3863249
0.20144501,1.3863249
0.20146003,1.3863249
0.20147505,1.3400936
0.20149007,1.3400936
0.2015051,1.3400936
0.20152012,1.3400936
0.20153514,1.2938623
0.20155016,1.2938623
0.20156518,1.2938623
0.2015802,1.2938623
0.20159522,1.2938623
0.20161024,1.2476311
0.20162526,1.2476311
0.20164028,1.2476311
0.2016553,1.2476311
0.20167032,1.2013993
0.20168534,1.2013993
0.20170036,1.2013993
0.20171538,1.2013993
0.2017304,1.1551685
0.20174542,1.1551685
0.20176044,1.1551685
0.20177546,1.1551685
0.20179048,1.1551685
0.2018055,1.1089368
0.20182052,1.1089368
0.20183554,1.1089368
0.20185056,1.1089368
0.2018656,1.0627055
0.20188062,1.0627055
0.20189564,1.0627055
0.20191066,1.0627055
0.20192568,1.0627055
0.2019407,1.0164738
0.20195572,1.0164738
0.20197074,1.0164738
0.20198576,1.0164738
0.20200078,0.970243
0.2020158,0.970243
0.20203082,0.970243
0.20204584,0.970243
0.20206086,0.92401123
0.20207588,0.92401123
0.2020909,0.92401123
0.20210592,0.92401123
0.20212094,0.92401123
0.20213597,0.87777996
0.20215099,0.87777996
0.202166,0.87777996
0.20218103,0.87777996
0.20219605,0.8315482
0.20221107,0.8315482
0.20222609,0.8315482
0.20224111,0.8315482
0.20225613,0.8315482
0.20227115,0.7853174
0.20228617,0.7853174
0.2023012,0.7853174
0.20231622,0.7853174
0.20233124,0.7390857
0.20234627,0.7390857
0.20236129,0.7390857
0.2023763,0.7390857
0.20239133,0.7390857
0.20240635,0.6928544
0.20242137,0.6928544
0.20243639,0.6928544
0.20245141,0.6928544
0.20246643,0.64662313
0.20248145,0.64662313
0.20249647,0.64662313
0.20251149,0.64662313
0.20252651,0.60039186
0.20254153,0.60039186
0.20255655,0.60039186
0.20257157,0.60039186
0.20258659,0.60039186
0.20260161,0.5541601
0.20261663,0.5541601
0.20263165,0.5541601
0.20264667,0.5541601
0.2026617,0.50792885
0.20267671,0.50792885
0.20269173,0.50792885
0.20270675,0.50792885
0.20272177,0.50792885
0.2027368,0.46169758
0.20275183,0.46169758
0.20276685,0.46169758
0.20278187,0.46169758
0.20279689,0.4154663
0.20281191,0.4154663
0.20282693,0.4154663
0.20284195,0.4154663
0.20285697,0.4154663
0.202872,0.36923456
0.20288701,0.36923456
0.20290203,0.36923456
0.20291705,0.36923456
0.20293207,0.3230033
0.2029471,0.3230033
0.20296212,0.3230033
0.20297714,0.3230033
0.20299216,0.27677202
0.20300718,0.27677202
0.2030222,0.27677202
0.20303722,0.27677202
0.20305224,0.27677202
0.20306726,0.23054075
0.20308228,0.23054075
0.2030973,0.23054075
0.20311232,0.23054075
0.20312734,0.184309
0.20314236,0.184309
0.20315738,0.184309
0.2031724,0.184309
0.20318744,0.184309
0.20320246,0.13807821
0.20321748,0.13807821
0.2032325,0.13807821
0.20324752,0.13807821
0.20326254,0.091846466
0.20327756,0.091846466
0.20329258,0.091846466
0.2033076,0.091846466
0.20332262,0.045615196
0.20333764,0.045615196
0.20335266,0.045615196
0.20336768,0.045615196
0.2033827,0.045615196
0.20339772,-6.160736E-4
0.20341274,-6.160736E-4
0.20342776,-6.160736E-4
0.20344278,-6.160736E-4
0.2034578,-0.046847343
0.20347282,-0.046847343
0.20348784,-0.046847343
0.20350286,-0.046847343
0.20351788,-0.046847343
0.2035329,-0.09307861
0.20354792,-0.09307861
0.20356295,-0.09307861
0.20357797,-0.09307861
0.20359299,-0.13931036
0.203608,-0.13931036
0.20362304,-0.13931036
0.20363806,-0.13931036
0.20365308,-0.13931036
0.2036681,-0.18554163
0.20368312,-0.18554163
0.20369814,-0.18554163
0.20371316,-0.18554163
0.20372818,-0.2317729
0.2037432,-0.2317729
0.20375822,-0.2317729
0.20377325,-0.2317729
0.20378827,-0.2317729
0.20380329,-0.27800417
0.2038183,-0.27800417
0.20383333,-0.27800417
0.20384835,-0.27800417
0.20386337,-0.32423592
0.20387839,-0.32423592
0.20389341,-0.32423592
0.20390843,-0.32423592
0.20392345,-0.32423592
0.20393847,-0.3704667
0.20395349,-0.3704667
0.20396851,-0.3704667
0.20398353,-0.3704667
0.20399855,-0.41669846
0.20401357,-0.41669846
0.20402859,-0.41669846
0.20404361,-0.41669846
0.20405865,-0.41669846
0.20407367,-0.46292973
0.20408869,-0.46292973
0.20410371,-0.46292973
0.20411873,-0.46292973
0.20413375,-0.5091615
0.20414877,-0.5091615
0.20416379,-0.5091615
0.20417881,-0.5091615
0.20419383,-0.5091615
0.20420885,-0.55539227
0.20422387,-0.55539227
0.20423889,-0.55539227
0.20425391,-0.55539227
0.20426893,-0.601624
0.20428395,-0.601624
0.20429897,-0.601624
0.204314,-0.601624
0.20432901,-0.601624
0.20434403,-0.6478553
0.20435905,-0.6478553
0.20437407,-0.6478553
0.2043891,-0.6478553
0.20440412,-0.6478553
0.20441914,-0.694087
0.20443416,-0.694087
0.20444918,-0.694087
0.2044642,-0.694087
0.20447922,-0.7403178
0.20449424,-0.7403178
0.20450927,-0.7403178
0.2045243,-0.7403178
0.20453931,-0.7403178
0.20455433,-0.78654957
0.20456935,-0.78654957
0.20458438,-0.78654957
0.2045994,-0.78654957
0.20461442,-0.78654957
0.20462944,-0.83278084
0.20464446,-0.83278084
0.20465948,-0.83278084
0.2046745,-0.83278084
0.20468952,-0.83278084
0.20470454,-0.8790121
0.20471956,-0.8790121
0.20473458,-0.8790121
0.2047496,-0.8790121
0.20476462,-0.9252434
0.20477964,-0.9252434
0.20479466,-0.9252434
0.20480968,-0.9252434
0.2048247,-0.9252434
0.20483972,-0.9714751
0.20485474,-0.9714751
0.20486976,-0.9714751
0.20488478,-0.9714751
0.2048998,-0.9714751
0.20491482,-1.0177064
0.20492984,-1.0177064
0.20494488,-1.0177064
0.2049599,-1.0177064
0.20497492,-1.0177064
0.20498994,-1.0639377
0.20500496,-1.0639377
0.20501998,-1.0639377
0.205035,-1.0639377
0.20505002,-1.1101689
0.20506504,-1.1101689
0.20508006,-1.1101689
0.20509508,-1.1101689
0.2051101,-1.1101689
0.20512512,-1.1564007
0.20514014,-1.1564007
0.20515516,-1.1564007
0.20517018,-1.1564007
0.2051852,-1.1564007
0.20520023,-1.202632
0.20521525,-1.202632
0.20523027,-1.202632
0.20524529,-1.202632
0.2052603,-1.202632
0.20527533,-1.2488632
0.20529035,-1.2488632
0.20530537,-1.2488632
0.20532039,-1.2488632
0.20533541,-1.2950945
0.20535043,-1.2950945
0.20536545,-1.2950945
0.20538048,-1.2950945
0.2053955,-1.2950945
0.20541053,-1.3413262
0.20542555,-1.3413262
0.20544057,-1.3413262
0.20545559,-1.3413262
0.2054706,-1.3413262
0.20548563,-1.387557
0.20550065,-1.387557
0.20551567,-1.387557
0.20553069,-1.387557
0.20554571,-1.387557
0.20556073,-1.4337888
0.20557575,-1.4337888
0.20559077,-1.4337888
0.20560579,-1.4337888
0.20562081,-1.4337888
0.20563583,-1.48002
0.20565085,-1.48002
0.20566587,-1.48002
0.20568089,-1.48002
0.20569591,-1.48002
0.20571093,-1.48002
0.20572595,-1.48002
0.20574097,-1.5262513
0.205756,-1.5262513
0.20577101,-1.5262513
0.20578603,-1.5262513
0.20580105,-1.5262513
0.20581608,-1.5724826
0.20583111,-1.5724826
0.20584613,-1.5724826
0.20586115,-1.5724826
0.20587617,-1.5724826
0.20589119,-1.6187139
0.20590621,-1.6187139
0.20592123,-1.6187139
0.20593625,-1.6187139
0.20595127,-1.6187139
0.2059663,-1.6187139
0.20598131,-1.6187139
0.20599633,-1.6187139
0.20601135,-1.6187139
0.20602638,-1.5724826
0.2060414,-1.5724826
0.20605642,-1.5724826
0.20607144,-1.5724826
0.20608646,-1.5262513
0.20610148,-1.5262513
0.2061165,-1.5262513
0.20613152,-1.5262513
0.20614654,-1.5262513
0.20616156,-1.48002
0.20617658,-1.48002
0.2061916,-1.48002
0.20620662,-1.48002
0.20622164,-1.48002
0.20623666,-1.48002
0.20625168,-1.48002
0.20626672,-1.4337888
0.20628174,-1.4337888
0.20629676,-1.4337888
0.20631178,-1.4337888
0.2063268,-1.4337888
0.20634182,-1.387557
0.20635684,-1.387557
0.20637186,-1.387557
0.20638688,-1.387557
0.2064019,-1.3413262
0.20641692,-1.3413262
0.20643194,-1.3413262
0.20644696,-1.3413262
0.20646198,-1.3413262
0.206477,-1.2950945
0.20649202,-1.2950945
0.20650704,-1.2950945
0.20652206,-1.2950945
0.20653708,-1.2950945
0.2065521,-1.2488632
0.20656712,-1.2488632
0.20658214,-1.2488632
0.20659716,-1.2488632
0.20661218,-1.202632
0.2066272,-1.202632
0.20664223,-1.202632
0.20665725,-1.202632
0.20667227,-1.202632
0.20668729,-1.1564007
0.20670232,-1.1564007
0.20671734,-1.1564007
0.20673236,-1.1564007
0.20674738,-1.1564007
0.2067624,-1.1101689
0.20677742,-1.1101689
0.20679244,-1.1101689
0.20680746,-1.1101689
0.20682248,-1.0639377
0.2068375,-1.0639377
0.20685253,-1.0639377
0.20686755,-1.0639377
0.20688257,-1.0639377
0.20689759,-1.0177064
0.2069126,-1.0177064
0.20692763,-1.0177064
0.20694265,-1.0177064
0.20695767,-0.9714751
0.20697269,-0.9714751
0.20698771,-0.9714751
0.20700273,-0.9714751
0.20701775,-0.9714751
0.20703277,-0.9252434
0.20704779,-0.9252434
0.20706281,-0.9252434
0.20707783,-0.9252434
0.20709285,-0.9252434
0.20710787,-0.8790121
0.20712289,-0.8790121
0.20713791,-0.8790121
0.20715295,-0.8790121
0.20716797,-0.83278084
0.20718299,-0.83278084
0.20719801,-0.83278084
0.20721303,-0.83278084
0.20722805,-0.83278084
0.20724307,-0.78654957
0.20725809,-0.78654957
0.20727311,-0.78654957
0.20728813,-0.78654957
0.20730315,-0.78654957
0.20731817,-0.7403178
0.20733319,-0.7403178
0.20734821,-0.7403178
0.20736323,-0.7403178
0.20737825,-0.694087
0.20739327,-0.694087
0.2074083,-0.694087
0.20742331,-0.694087
0.20743833,-0.694087
0.20745336,-0.6478553
0.20746838,-0.6478553
0.2074834,-0.6478553
0.20749842,-0.6478553
0.20751344,-0.6478553
0.20752846,-0.601624
0.20754348,-0.601624
0.2075585,-0.601624
0.20757352,-0.601624
0.20758855,-0.601624
0.20760357,-0.55539227
0.2076186,-0.55539227
0.20763361,-0.55539227
0.20764863,-0.55539227
0.20766366,-0.5091615
0.20767868,-0.5091615
0.2076937,-0.5091615
0.20770872,-0.5091615
0.20772374,-0.5091615
0.20773876,-0.46292973
0.20775378,-0.46292973
0.2077688,-0.46292973
0.20778382,-0.46292973
0.20779884,-0.41669846
0.20781386,-0.41669846
0.20782888,-0.41669846
0.2078439,-0.41669846
0.20785892,-0.41669846
0.20787394,-0.3704667
0.20788896,-0.3704667
0.20790398,-0.3704667
0.207919,-0.3704667
0.20793402,-0.3704667
0.20794904,-0.32423592
0.20796406,-0.32423592
0.20797908,-0.32423592
0.2079941,-0.32423592
0.20800912,-0.32423592
0.20802416,-0.27800417
0.20803918,-0.27800417
0.2080542,-0.27800417
0.20806922,-0.27800417
0.20808424,-0.2317729
0.20809926,-0.2317729
0.20811428,-0.2317729
0.2081293,-0.2317729
0.20814432,-0.2317729
0.20815934,-0.18554163
0.20817436,-0.18554163
0.20818938,-0.18554163
0.2082044,-0.18554163
0.20821942,-0.13931036
0.20823444,-0.13931036
0.20824946,-0.13931036
0.20826449,-0.13931036
0.2082795,-0.13931036
0.20829453,-0.09307861
0.20830955,-0.09307861
0.20832457,-0.09307861
0.20833959,-0.09307861
0.2083546,-0.09307861
0.20836963,-0.046847343
0.20838465,-0.046847343
0.20839967,-0.046847343
0.20841469,-0.046847343
0.20842971,-6.160736E-4
0.20844473,-6.160736E-4
0.20845975,-6.160736E-4
0.20847479,-6.160736E-4
0.2084898,-6.160736E-4
0.20850483,0.045615196
0.20851985,0.045615196
0.20853487,0.045615196
0.20854989,0.045615196
0.2085649,0.091846466
0.20857993,0.091846466
0.20859495,0.091846466
0.20860997,0.091846466
0.20862499,0.091846466
0.20864001,0.13807821
0.20865503,0.13807821
0.20867005,0.13807821
0.20868507,0.13807821
0.20870009,0.13807821
0.20871511,0.184309
0.20873013,0.184309
0.20874515,0.184309
0.20876017,0.184309
0.20877519,0.23054075
0.20879021,0.23054075
0.20880523,0.23054075
0.20882025,0.23054075
0.20883527,0.23054075
0.2088503,0.27677202
0.20886531,0.27677202
0.20888034,0.27677202
0.20889536,0.27677202
0.20891039,0.27677202
0.20892541,0.3230033
0.20894043,0.3230033
0.20895545,0.3230033
0.20897047,0.3230033
0.2089855,0.3230033
0.20900051,0.36923456
0.20901553,0.36923456
0.20903055,0.36923456
0.20904557,0.36923456
0.2090606,0.4154663
0.20907561,0.4154663
0.20909064,0.4154663
0.20910566,0.4154663
0.20912068,0.4154663
0.2091357,0.46169758
0.20915072,0.46169758
0.20916574,0.46169758
0.20918076,0.46169758
0.20919578,0.46169758
0.2092108,0.50792885
0.20922582,0.50792885
0.20924084,0.50792885
0.20925586,0.50792885
0.20927088,0.5541601
0.2092859,0.5541601
0.20930092,0.5541601
0.20931594,0.5541601
0.20933096,0.5541601
0.209346,0.60039186
0.20936102,0.60039186
0.20937604,0.60039186
0.20939106,0.60039186
0.20940608,0.60039186
0.2094211,0.64662313
0.20943612,0.64662313
0.20945114,0.64662313
0.20946616,0.64662313
0.20948118,0.64662313
0.2094962,0.6928544
0.20951122,0.6928544
0.20952624,0.6928544
0.20954126,0.6928544
0.20955628,0.6928544
0.2095713,0.7390857
0.20958632,0.7390857
0.20960134,0.7390857
0.20961636,0.7390857
0.20963138,0.7853174
0.2096464,0.7853174
0.20966142,0.7853174
0.20967644,0.7853174
0.20969146,0.7853174
0.20970649,0.8315482
0.2097215,0.8315482
0.20973653,0.8315482
0.20975155,0.8315482
0.20976657,0.8315482
0.2097816,0.87777996
0.20979662,0.87777996
0.20981164,0.87777996
0.20982666,0.87777996
0.20984168,0.87777996
0.2098567,0.92401123
0.20987172,0.92401123
0.20988674,0.92401123
0.20990176,0.92401123
0.20991679,0.92401123
0.2099318,0.970243
0.20994683,0.970243
0.20996185,0.970243
0.20997687,0.970243
0.20999189,0.970243
0.21000691,1.0164738
0.21002193,1.0164738
0.21003695,1.0164738
0.21005197,1.0164738
0.21006699,1.0164738
0.21008201,1.0627055
0.21009703,1.0627055
0.21011205,1.0627055
0.21012707,1.0627055
0.21014209,1.1089368
0.21015711,1.1089368
0.21017213,1.1089368
0.21018715,1.1089368
0.21020217,1.1089368
0.2102172,1.1551685
0.21023223,1.1551685
0.21024725,1.1551685
0.21026227,1.1551685
0.21027729,1.1551685
0.21029231,1.2013993
0.21030733,1.2013993
0.21032235,1.2013993
0.21033737,1.2013993
0.21035239,1.2013993
0.21036741,1.2476311
0.21038243,1.2476311
0.21039745,1.2476311
0.21041247,1.2476311
0.2104275,1.2476311
0.21044251,1.2938623
0.21045753,1.2938623
0.21047255,1.2938623
0.21048757,1.2938623
0.2105026,1.2938623
0.21051762,1.3400936
0.21053264,1.3400936
0.21054766,1.3400936
0.21056268,1.3400936
0.2105777,1.3400936
0.21059272,1.3863249
0.21060774,1.3863249
0.21062276,1.3863249
0.21063778,1.3863249
0.2106528,1.3863249
0.21066783,1.4325566
0.21068285,1.4325566
0.21069787,1.4325566
0.2107129,1.4325566
0.21072792,1.4325566
0.21074294,1.4787879
0.21075796,1.4787879
0.21077298,1.4787879
0.210788,1.4787879
0.21080302,1.4787879
0.21081804,1.4787879
0.21083306,1.4787879
0.21084808,1.4787879
0.2108631,1.5250192
0.21087812,1.5250192
0.21089314,1.5250192
0.21090816,1.5250192
0.21092318,1.5250192
0.2109382,1.5712504
0.21095322,1.5712504
0.21096824,1.5712504
0.21098326,1.5712504
0.21099828,1.5712504
0.2110133,1.6174817
0.21102832,1.6174817
0.21104334,1.6174817
0.21105836,1.6174817
0.21107338,1.6174817
0.2110884,1.6637135
0.21110344,1.6637135
0.21111846,1.6637135
0.21113348,1.6637135
0.2111485,1.6637135
0.21116352,1.7099442
0.21117854,1.7099442
0.21119356,1.7099442
0.21120858,1.7099442
0.2112236,1.7099442
0.21123862,1.756176
0.21125364,1.756176
0.21126866,1.756176
0.21128368,1.756176
0.2112987,1.756176
0.21131372,1.756176
0.21132874,1.756176
0.21134377,1.7099442
0.21135879,1.7099442
0.2113738,1.7099442
0.21138883,1.7099442
0.21140385,1.7099442
0.21141887,1.6637135
0.21143389,1.6637135
0.21144891,1.6637135
0.21146393,1.6637135
0.21147895,1.6174817
0.21149397,1.6174817
0.21150899,1.6174817
0.21152401,1.6174817
0.21153903,1.5712504
0.21155407,1.5712504
0.21156909,1.5712504
0.2115841,1.5712504
0.21159913,1.5712504
0.21161415,1.5250192
0.21162917,1.5250192
0.21164419,1.5250192
0.21165921,1.5250192
0.21167423,1.4787879
0.21168925,1.4787879
0.21170427,1.4787879
0.21171929,1.4787879
0.21173431,1.4787879
0.21174933,1.4787879
0.21176435,1.4787879
0.21177937,1.4325566
0.21179439,1.4325566
0.21180941,1.4325566
0.21182443,1.4325566
0.21183945,1.3863249
0.21185447,1.3863249
0.2118695,1.3863249
0.21188451,1.3863249
0.21189953,1.3863249
0.21191455,1.3400936
0.21192957,1.3400936
0.2119446,1.3400936
0.21195962,1.3400936
0.21197464,1.2938623
0.21198967,1.2938623
0.21200469,1.2938623
0.21201971,1.2938623
0.21203473,1.2476311
0.21204975,1.2476311
0.21206477,1.2476311
0.2120798,1.2476311
0.21209481,1.2476311
0.21210983,1.2013993
0.21212485,1.2013993
0.21213987,1.2013993
0.2121549,1.2013993
0.21216992,1.1551685
0.21218494,1.1551685
0.21219996,1.1551685
0.21221498,1.1551685
0.21223,1.1551685
0.21224502,1.1089368
0.21226004,1.1089368
0.21227506,1.1089368
0.21229008,1.1089368
0.2123051,1.0627055
0.21232012,1.0627055
0.21233514,1.0627055
0.21235016,1.0627055
0.21236518,1.0164738
0.2123802,1.0164738
0.21239522,1.0164738
0.21241024,1.0164738
0.21242528,1.0164738
0.2124403,0.970243
0.21245532,0.970243
0.21247034,0.970243
0.21248536,0.970243
0.21250038,0.92401123
0.2125154,0.92401123
0.21253042,0.92401123
0.21254544,0.92401123
0.21256046,0.92401123
0.21257548,0.87777996
0.2125905,0.87777996
0.21260552,0.87777996
0.21262054,0.87777996
0.21263556,0.8315482
0.21265058,0.8315482
0.2126656,0.8315482
0.21268062,0.8315482
0.21269564,0.7853174
0.21271066,0.7853174
0.21272568,0.7853174
0.2127407,0.7853174
0.21275572,0.7853174
0.21277075,0.7390857
0.21278577,0.7390857
0.21280079,0.7390857
0.2128158,0.7390857
0.21283083,0.6928544
0.21284585,0.6928544
0.21286087,0.6928544
0.2128759,0.6928544
0.21289092,0.6928544
0.21290594,0.64662313
0.21292096,0.64662313
0.21293598,0.64662313
0.212951,0.64662313
0.21296602,0.60039186
0.21298105,0.60039186
0.21299607,0.60039186
0.21301109,0.60039186
0.2130261,0.60039186
0.21304113,0.5541601
0.21305615,0.5541601
0.21307117,0.5541601
0.21308619,0.5541601
0.21310121,0.50792885
0.21311623,0.50792885
0.21313125,0.50792885
0.21314627,0.50792885
0.21316129,0.46169758
0.21317631,0.46169758
0.21319133,0.46169758
0.21320635,0.46169758
0.21322137,0.46169758
0.21323639,0.4154663
0.21325141,0.4154663
0.21326643,0.4154663
0.21328145,0.4154663
0.21329647,0.36923456
0.21331151,0.36923456
0.21332653,0.36923456
0.21334155,0.36923456
0.21335657,0.3230033
0.21337159,0.3230033
0.21338661,0.3230033
0.21340163,0.3230033
0.21341665,0.3230033
0.21343167,0.27677202
0.21344669,0.27677202
0.21346171,0.27677202
0.21347673,0.27677202
0.21349175,0.23054075
0.21350677,0.23054075
0.2135218,0.23054075
0.21353681,0.23054075
0.21355183,0.23054075
0.21356685,0.184309
0.21358187,0.184309
0.2135969,0.184309
0.21361192,0.184309
0.21362694,0.13807821
0.21364196,0.13807821
0.21365698,0.13807821
0.213672,0.13807821
0.21368702,0.13807821
0.21370204,0.091846466
0.21371706,0.091846466
0.21373208,0.091846466
0.21374711,0.091846466
0.21376213,0.045615196
0.21377715,0.045615196
0.21379218,0.045615196
0.2138072,0.045615196
0.21382222,0.045615196
0.21383724,-6.160736E-4
0.21385226,-6.160736E-4
0.21386728,-6.160736E-4
0.2138823,-6.160736E-4
0.21389732,-0.046847343
0.21391234,-0.046847343
0.21392736,-0.046847343
0.21394238,-0.046847343
0.2139574,-0.09307861
0.21397242,-0.09307861
0.21398744,-0.09307861
0.21400246,-0.09307861
0.21401748,-0.09307861
0.2140325,-0.13931036
0.21404752,-0.13931036
0.21406254,-0.13931036
0.21407756,-0.13931036
0.21409258,-0.18554163
0.2141076,-0.18554163
0.21412262,-0.18554163
0.21413764,-0.18554163
0.21415266,-0.18554163
0.21416768,-0.2317729
0.2141827,-0.2317729
0.21419774,-0.2317729
0.21421276,-0.2317729
0.21422778,-0.27800417
0.2142428,-0.27800417
0.21425782,-0.27800417
0.21427284,-0.27800417
0.21428786,-0.27800417
0.21430288,-0.32423592
0.2143179,-0.32423592
0.21433292,-0.32423592
0.21434794,-0.32423592
0.21436296,-0.32423592
0.21437798,-0.3704667
0.214393,-0.3704667
0.21440803,-0.3704667
0.21442305,-0.3704667
0.21443807,-0.41669846
0.21445309,-0.41669846
0.2144681,-0.41669846
0.21448313,-0.41669846
0.21449815,-0.46292973
0.21451317,-0.46292973
0.21452819,-0.46292973
0.21454321,-0.46292973
0.21455823,-0.46292973
0.21457325,-0.5091615
0.21458827,-0.5091615
0.21460329,-0.5091615
0.21461831,-0.5091615
0.21463335,-0.5091615
0.21464837,-0.55539227
0.21466339,-0.55539227
0.2146784,-0.55539227
0.21469343,-0.55539227
0.21470845,-0.601624
0.21472347,-0.601624
0.21473849,-0.601624
0.21475351,-0.601624
0.21476853,-0.601624
0.21478355,-0.6478553
0.21479857,-0.6478553
0.21481359,-0.6478553
0.21482861,-0.6478553
0.21484363,-0.694087
0.21485865,-0.694087
0.21487367,-0.694087
0.21488869,-0.694087
0.21490371,-0.694087
0.21491873,-0.7403178
0.21493375,-0.7403178
0.21494877,-0.7403178
0.2149638,-0.7403178
0.21497881,-0.7403178
0.21499383,-0.78654957
0.21500885,-0.78654957
0.21502388,-0.78654957
0.2150389,-0.78654957
0.21505392,-0.78654957
0.21506895,-0.83278084
0.21508397,-0.83278084
0.21509899,-0.83278084
0.21511401,-0.83278084
0.21512903,-0.8790121
0.21514405,-0.8790121
0.21515907,-0.8790121
0.2151741,-0.8790121
0.21518911,-0.8790121
0.21520413,-0.9252434
0.21521915,-0.9252434
0.21523418,-0.9252434
0.2152492,-0.9252434
0.21526422,-0.9252434
0.21527924,-0.9714751
0.21529426,-0.9714751
0.21530928,-0.9714751
0.2153243,-0.9714751
0.21533932,-0.9714751
0.21535434,-1.0177064
0.21536936,-1.0177064
0.21538438,-1.0177064
0.2153994,-1.0177064
0.21541442,-1.0639377
0.21542944,-1.0639377
0.21544446,-1.0639377
0.21545948,-1.0639377
0.2154745,-1.0639377
0.21548952,-1.1101689
0.21550456,-1.1101689
0.21551958,-1.1101689
0.2155346,-1.1101689
0.21554962,-1.1101689
0.21556464,-1.1564007
0.21557966,-1.1564007
0.21559468,-1.1564007
0.2156097,-1.1564007
0.21562472,-1.202632
0.21563974,-1.202632
0.21565476,-1.202632
0.21566978,-1.202632
0.2156848,-1.202632
0.21569982,-1.2488632
0.21571484,-1.2488632
0.21572986,-1.2488632
0.21574488,-1.2488632
0.2157599,-1.2488632
0.21577492,-1.2950945
0.21578994,-1.2950945
0.21580496,-1.2950945
0.21581998,-1.2950945
0.215835,-1.2950945
0.21585003,-1.3413262
0.21586505,-1.3413262
0.21588007,-1.3413262
0.21589509,-1.3413262
0.2159101,-1.3413262
0.21592513,-1.387557
0.21594015,-1.387557
0.21595518,-1.387557
0.2159702,-1.387557
0.21598522,-1.387557
0.21600024,-1.4337888
0.21601526,-1.4337888
0.21603028,-1.4337888
0.2160453,-1.4337888
0.21606033,-1.4337888
0.21607535,-1.48002
0.21609037,-1.48002
0.21610539,-1.48002
0.2161204,-1.48002
0.21613543,-1.48002
0.21615045,-1.48002
0.21616547,-1.48002
0.21618049,-1.5262513
0.21619551,-1.5262513
0.21621053,-1.5262513
0.21622555,-1.5262513
0.21624057,-1.5262513
0.21625559,-1.5724826
0.21627061,-1.5724826
0.21628563,-1.5724826
0.21630065,-1.5724826
0.21631567,-1.5724826
0.21633069,-1.6187139
0.21634571,-1.6187139
0.21636073,-1.6187139
0.21637575,-1.6187139
0.21639079,-1.6187139
0.21640581,-1.6187139
0.21642083,-1.6187139
0.21643585,-1.6187139
0.21645087,-1.6187139
0.21646589,-1.5724826
0.21648091,-1.5724826
0.21649593,-1.5724826
0.21651095,-1.5724826
0.21652597,-1.5262513
0.21654099,-1.5262513
0.21655601,-1.5262513
0.21657103,-1.5262513
0.21658605,-1.5262513
0.21660107,-1.48002
0.2166161,-1.48002
0.21663111,-1.48002
0.21664613,-1.48002
0.21666116,-1.48002
0.21667618,-1.48002
0.2166912,-1.48002
0.21670622,-1.4337888
0.21672124,-1.4337888
0.21673626,-1.4337888
0.21675128,-1.4337888
0.2167663,-1.387557
0.21678132,-1.387557
0.21679634,-1.387557
0.21681136,-1.387557
0.2168264,-1.387557
0.21684141,-1.3413262
0.21685643,-1.3413262
0.21687146,-1.3413262
0.21688648,-1.3413262
0.2169015,-1.3413262
0.21691652,-1.2950945
0.21693154,-1.2950945
0.21694656,-1.2950945
0.21696158,-1.2950945
0.2169766,-1.2488632
0.21699162,-1.2488632
0.21700664,-1.2488632
0.21702166,-1.2488632
0.21703668,-1.2488632
0.2170517,-1.202632
0.21706672,-1.202632
0.21708174,-1.202632
0.21709676,-1.202632
0.21711178,-1.202632
0.2171268,-1.1564007
0.21714182,-1.1564007
0.21715684,-1.1564007
0.21717186,-1.1564007
0.21718688,-1.1101689
0.2172019,-1.1101689
0.21721692,-1.1101689
0.21723194,-1.1101689
0.21724696,-1.1101689
0.21726198,-1.0639377
0.21727702,-1.0639377
0.21729204,-1.0639377
0.21730706,-1.0639377
0.21732208,-1.0639377
0.2173371,-1.0177064
0.21735212,-1.0177064
0.21736714,-1.0177064
0.21738216,-1.0177064
0.21739718,-0.9714751
0.2174122,-0.9714751
0.21742722,-0.9714751
0.21744224,-0.9714751
0.21745726,-0.9714751
0.21747229,-0.9252434
0.2174873,-0.9252434
0.21750233,-0.9252434
0.21751735,-0.9252434
0.21753237,-0.9252434
0.21754739,-0.8790121
0.2175624,-0.8790121
0.21757743,-0.8790121
0.21759245,-0.8790121
0.21760747,-0.83278084
0.21762249,-0.83278084
0.21763751,-0.83278084
0.21765253,-0.83278084
0.21766755,-0.83278084
0.21768257,-0.78654957
0.21769759,-0.78654957
0.21771263,-0.78654957
0.21772765,-0.78654957
0.21774267,-0.7403178
0.21775769,-0.7403178
0.2177727,-0.7403178
0.21778773,-0.7403178
0.21780275,-0.7403178
0.21781777,-0.694087
0.21783279,-0.694087
0.21784781,-0.694087
0.21786283,-0.694087
0.21787785,-0.694087
0.21789287,-0.6478553
0.21790789,-0.6478553
0.21792291,-0.6478553
0.21793793,-0.6478553
0.21795295,-0.601624
0.21796797,-0.601624
0.21798299,-0.601624
0.21799801,-0.601624
0.21801303,-0.601624
0.21802805,-0.55539227
0.21804307,-0.55539227
0.2180581,-0.55539227
0.21807311,-0.55539227
0.21808814,-0.55539227
0.21810316,-0.5091615
0.21811818,-0.5091615
0.2181332,-0.5091615
0.21814823,-0.5091615
0.21816325,-0.46292973
0.21817827,-0.46292973
0.2181933,-0.46292973
0.21820831,-0.46292973
0.21822333,-0.46292973
0.21823835,-0.41669846
0.21825337,-0.41669846
0.2182684,-0.41669846
0.21828341,-0.41669846
0.21829844,-0.41669846
0.21831346,-0.3704667
0.21832848,-0.3704667
0.2183435,-0.3704667
0.21835852,-0.3704667
0.21837354,-0.32423592
0.21838856,-0.32423592
0.21840358,-0.32423592
0.2184186,-0.32423592
0.21843362,-0.32423592
0.21844864,-0.27800417
0.21846366,-0.27800417
0.21847868,-0.27800417
0.2184937,-0.27800417
0.21850872,-0.27800417
0.21852374,-0.2317729
0.21853876,-0.2317729
0.21855378,-0.2317729
0.2185688,-0.2317729
0.21858382,-0.18554163
0.21859886,-0.18554163
0.21861388,-0.18554163
0.2186289,-0.18554163
0.21864392,-0.18554163
0.21865894,-0.13931036
0.21867396,-0.13931036
0.21868898,-0.13931036
0.218704,-0.13931036
0.21871902,-0.13931036
0.21873404,-0.09307861
0.21874906,-0.09307861
0.21876408,-0.09307861
0.2187791,-0.09307861
0.21879412,-0.046847343
0.21880914,-0.046847343
0.21882416,-0.046847343
0.21883918,-0.046847343
0.2188542,-0.046847343
0.21886922,-6.160736E-4
0.21888424,-6.160736E-4
0.21889926,-6.160736E-4
0.21891429,-6.160736E-4
0.2189293,0.045615196
0.21894433,0.045615196
0.21895935,0.045615196
0.21897437,0.045615196
0.21898939,0.045615196
0.21900441,0.091846466
0.21901943,0.091846466
0.21903446,0.091846466
0.21904948,0.091846466
0.2190645,0.091846466
0.21907952,0.13807821
0.21909454,0.13807821
0.21910957,0.13807821
0.21912459,0.13807821
0.2191396,0.184309
0.21915463,0.184309
0.21916965,0.184309
0.21918467,0.184309
0.21919969,0.184309
0.21921471,0.23054075
0.21922973,0.23054075
0.21924475,0.23054075
0.21925977,0.23054075
0.21927479,0.23054075
0.21928981,0.27677202
0.21930483,0.27677202
0.21931985,0.27677202
0.21933487,0.27677202
0.21934989,0.3230033
0.21936491,0.3230033
0.21937993,0.3230033
0.21939495,0.3230033
0.21940997,0.3230033
0.219425,0.36923456
0.21944001,0.36923456
0.21945503,0.36923456
0.21947007,0.36923456
0.21948509,0.36923456
0.21950011,0.4154663
0.21951513,0.4154663
0.21953015,0.4154663
0.21954517,0.4154663
0.21956019,0.4154663
0.21957521,0.46169758
0.21959023,0.46169758
0.21960525,0.46169758
0.21962027,0.46169758
0.2196353,0.50792885
0.21965031,0.50792885
0.21966533,0.50792885
0.21968035,0.50792885
0.21969537,0.50792885
0.2197104,0.5541601
0.21972542,0.5541601
0.21974044,0.5541601
0.21975546,0.5541601
0.21977048,0.5541601
0.2197855,0.60039186
0.21980052,0.60039186
0.21981554,0.60039186
0.21983056,0.60039186
0.21984558,0.60039186
0.2198606,0.64662313
0.21987562,0.64662313
0.21989064,0.64662313
0.21990566,0.64662313
0.2199207,0.64662313
0.21993572,0.6928544
0.21995074,0.6928544
0.21996576,0.6928544
0.21998078,0.6928544
0.2199958,0.7390857
0.22001082,0.7390857
0.22002584,0.7390857
0.22004086,0.7390857
0.22005588,0.7390857
0.2200709,0.7853174
0.22008592,0.7853174
0.22010094,0.7853174
0.22011596,0.7853174
0.22013098,0.7853174
0.220146,0.8315482
0.22016102,0.8315482
0.22017604,0.8315482
0.22019106,0.8315482
0.22020608,0.8315482
0.2202211,0.87777996
0.22023612,0.87777996
0.22025114,0.87777996
0.22026616,0.87777996
0.22028118,0.92401123
0.2202962,0.92401123
0.22031122,0.92401123
0.22032624,0.92401123
0.22034127,0.92401123
0.2203563,0.92401123
0.22037132,0.970243
0.22038634,0.970243
0.22040136,0.970243
0.22041638,0.970243
0.2204314,1.0164738
0.22044642,1.0164738
0.22046144,1.0164738
0.22047646,1.0164738
0.22049148,1.0164738
0.2205065,1.0627055
0.22052152,1.0627055
0.22053654,1.0627055
0.22055157,1.0627055
0.22056659,1.0627055
0.2205816,1.1089368
0.22059663,1.1089368
0.22061165,1.1089368
0.22062667,1.1089368
0.22064169,1.1089368
0.22065671,1.1551685
0.22067173,1.1551685
0.22068675,1.1551685
0.22070177,1.1551685
0.22071679,1.1551685
0.22073181,1.2013993
0.22074683,1.2013993
0.22076185,1.2013993
0.22077687,1.2013993
0.2207919,1.2013993
0.22080693,1.2476311
0.22082195,1.2476311
0.22083697,1.2476311
0.22085199,1.2476311
0.22086701,1.2476311
0.22088203,1.2938623
0.22089705,1.2938623
0.22091207,1.2938623
0.22092709,1.2938623
0.22094211,1.2938623
0.22095713,1.3400936
0.22097215,1.3400936
0.22098717,1.3400936
0.22100219,1.3400936
0.22101721,1.3400936
0.22103223,1.3863249
0.22104725,1.3863249
0.22106227,1.3863249
0.2210773,1.3863249
0.22109231,1.3863249
0.22110733,1.4325566
0.22112235,1.4325566
0.22113737,1.4325566
0.2211524,1.4325566
0.22116742,1.4325566
0.22118244,1.4787879
0.22119746,1.4787879
0.22121248,1.4787879
0.2212275,1.4787879
0.22124253,1.4787879
0.22125755,1.4787879
0.22127257,1.4787879
0.2212876,1.5250192
0.22130261,1.5250192
0.22131763,1.5250192
0.22133265,1.5250192
0.22134767,1.5250192
0.2213627,1.5250192
0.22137772,1.5712504
0.22139274,1.5712504
0.22140776,1.5712504
0.22142278,1.5712504
0.2214378,1.5712504
0.22145282,1.6174817
0.22146784,1.6174817
0.22148286,1.6174817
0.22149788,1.6174817
0.2215129,1.6174817
0.22152792,1.6637135
0.22154294,1.6637135
0.22155796,1.6637135
0.22157298,1.6637135
0.221588,1.6637135
0.22160302,1.7099442
0.22161804,1.7099442
0.22163306,1.7099442
0.22164808,1.7099442
0.2216631,1.7099442
0.22167814,1.756176
0.22169316,1.756176
0.22170818,1.756176
0.2217232,1.756176
0.22173822,1.756176
0.22175324,1.756176
0.22176826,1.756176
0.22178328,1.7099442
0.2217983,1.7099442
0.22181332,1.7099442
0.22182834,1.7099442
0.22184336,1.6637135
0.22185838,1.6637135
0.2218734,1.6637135
0.22188842,1.6637135
0.22190344,1.6637135
0.22191846,1.6174817
0.22193348,1.6174817
0.2219485,1.6174817
0.22196352,1.6174817
0.22197855,1.5712504
0.22199357,1.5712504
0.22200859,1.5712504
0.2220236,1.5712504
0.22203863,1.5250192
0.22205365,1.5250192
0.22206867,1.5250192
0.22208369,1.5250192
0.22209871,1.5250192
0.22211374,1.4787879
0.22212876,1.4787879
0.22214378,1.4787879
0.2221588,1.4787879
0.22217382,1.4787879
0.22218885,1.4787879
0.22220387,1.4325566
0.22221889,1.4325566
0.2222339,1.4325566
0.22224893,1.4325566
0.22226395,1.4325566
0.22227897,1.3863249
0.22229399,1.3863249
0.22230901,1.3863249
0.22232403,1.3863249
0.22233905,1.3400936
0.22235407,1.3400936
0.22236909,1.3400936
0.22238411,1.3400936
0.22239913,1.3400936
0.22241415,1.2938623
0.22242917,1.2938623
0.22244419,1.2938623
0.22245921,1.2938623
0.22247423,1.2476311
0.22248925,1.2476311
0.22250427,1.2476311
0.2225193,1.2476311
0.22253431,1.2013993
0.22254935,1.2013993
0.22256437,1.2013993
0.22257939,1.2013993
0.22259441,1.2013993
0.22260943,1.1551685
0.22262445,1.1551685
0.22263947,1.1551685
0.22265449,1.1551685
0.22266951,1.1089368
0.22268453,1.1089368
0.22269955,1.1089368
0.22271457,1.1089368
0.2227296,1.1089368
0.22274461,1.0627055
0.22275963,1.0627055
0.22277465,1.0627055
0.22278967,1.0627055
0.2228047,1.0164738
0.22281972,1.0164738
0.22283474,1.0164738
0.22284976,1.0164738
0.22286478,0.970243
0.2228798,0.970243
0.22289482,0.970243
0.22290984,0.970243
0.22292486,0.970243
0.22293988,0.92401123
0.2229549,0.92401123
0.22296992,0.92401123
0.22298494,0.92401123
0.22299998,0.87777996
0.223015,0.87777996
0.22303002,0.87777996
0.22304504,0.87777996
0.22306006,0.8315482
0.22307508,0.8315482
0.2230901,0.8315482
0.22310512,0.8315482
0.22312014,0.8315482
0.22313516,0.7853174
0.22315018,0.7853174
0.2231652,0.7853174
0.22318022,0.7853174
0.22319524,0.7390857
0.22321026,0.7390857
0.22322528,0.7390857
0.2232403,0.7390857
0.22325532,0.7390857
0.22327034,0.6928544
0.22328536,0.6928544
0.22330038,0.6928544
0.2233154,0.6928544
0.22333042,0.64662313
0.22334544,0.64662313
0.22336046,0.64662313
0.22337548,0.64662313
0.2233905,0.64662313
0.22340553,0.60039186
0.22342055,0.60039186
0.22343558,0.60039186
0.2234506,0.60039186
0.22346562,0.5541601
0.22348064,0.5541601
0.22349566,0.5541601
0.22351068,0.5541601
0.2235257,0.50792885
0.22354072,0.50792885
0.22355574,0.50792885
0.22357076,0.50792885
0.22358578,0.50792885
0.2236008,0.46169758
0.22361583,0.46169758
0.22363085,0.46169758
0.22364587,0.46169758
0.22366089,0.4154663
0.2236759,0.4154663
0.22369093,0.4154663
0.22370595,0.4154663
0.22372097,0.4154663
0.22373599,0.36923456
0.22375101,0.36923456
0.22376603,0.36923456
0.22378105,0.36923456
0.22379607,0.3230033
0.22381109,0.3230033
0.22382611,0.3230033
0.22384113,0.3230033
0.22385615,0.3230033
0.22387119,0.27677202
0.2238862,0.27677202
0.22390123,0.27677202
0.22391625,0.27677202
0.22393127,0.23054075
0.22394629,0.23054075
0.22396131,0.23054075
0.22397633,0.23054075
0.22399135,0.23054075
0.22400637,0.184309
0.22402139,0.184309
0.22403641,0.184309
0.22405143,0.184309
0.22406645,0.13807821
0.22408147,0.13807821
0.22409649,0.13807821
0.22411151,0.13807821
0.22412653,0.091846466
0.22414155,0.091846466
0.22415657,0.091846466
0.2241716,0.091846466
0.22418661,0.091846466
0.22420163,0.045615196
0.22421665,0.045615196
0.22423168,0.045615196
0.2242467,0.045615196
0.22426172,0.045615196
0.22427674,-6.160736E-4
0.22429176,-6.160736E-4
0.22430678,-6.160736E-4
0.22432181,-0.046847343
0.22433683,-0.046847343
0.22435185,-0.046847343
0.22436687,-0.046847343
0.2243819,-0.046847343
0.22439691,-0.09307861
0.22441193,-0.09307861
0.22442695,-0.09307861
0.22444198,-0.09307861
0.224457,-0.13931036
0.22447202,-0.13931036
0.22448704,-0.13931036
0.22450206,-0.13931036
0.22451708,-0.13931036
0.2245321,-0.18554163
0.22454712,-0.18554163
0.22456214,-0.18554163
0.22457716,-0.18554163
0.22459218,-0.18554163
0.2246072,-0.2317729
0.22462222,-0.2317729
0.22463724,-0.2317729
0.22465226,-0.2317729
0.22466728,-0.27800417
0.2246823,-0.27800417
0.22469732,-0.27800417
0.22471234,-0.27800417
0.22472736,-0.27800417
0.22474238,-0.32423592
0.22475742,-0.32423592
0.22477244,-0.32423592
0.22478746,-0.32423592
0.22480248,-0.3704667
0.2248175,-0.3704667
0.22483252,-0.3704667
0.22484754,-0.3704667
0.22486256,-0.3704667
0.22487758,-0.41669846
0.2248926,-0.41669846
0.22490762,-0.41669846
0.22492264,-0.41669846
0.22493766,-0.46292973
0.22495268,-0.46292973
0.2249677,-0.46292973
0.22498272,-0.46292973
0.22499774,-0.46292973
0.22501276,-0.5091615
0.22502778,-0.5091615
0.2250428,-0.5091615
0.22505783,-0.5091615
0.22507285,-0.5091615
0.22508787,-0.55539227
0.22510289,-0.55539227
0.2251179,-0.55539227
0.22513293,-0.55539227
0.22514795,-0.601624
0.22516297,-0.601624
0.22517799,-0.601624
0.22519302,-0.601624
0.22520804,-0.601624
0.22522306,-0.6478553
0.22523808,-0.6478553
0.2252531,-0.6478553
0.22526813,-0.6478553
0.22528315,-0.694087
0.22529817,-0.694087
0.22531319,-0.694087
0.2253282,-0.694087
0.22534323,-0.694087
0.22535825,-0.7403178
0.22537327,-0.7403178
0.22538829,-0.7403178
0.22540331,-0.7403178
0.22541833,-0.7403178
0.22543335,-0.78654957
0.22544837,-0.78654957
0.22546339,-0.78654957
0.22547841,-0.78654957
0.22549343,-0.83278084
0.22550845,-0.83278084
0.22552347,-0.83278084
0.22553849,-0.83278084
0.22555351,-0.83278084
0.22556853,-0.8790121
0.22558355,-0.8790121
0.22559857,-0.8790121
0.2256136,-0.8790121
0.22562861,-0.8790121
0.22564365,-0.9252434
0.22565867,-0.9252434
0.22567369,-0.9252434
0.22568871,-0.9252434
0.22570373,-0.9714751
0.22571875,-0.9714751
0.22573377,-0.9714751
0.22574879,-0.9714751
0.22576381,-0.9714751
0.22577883,-1.0177064
0.22579385,-1.0177064
0.22580887,-1.0177064
0.2258239,-1.0177064
0.22583891,-1.0177064
0.22585393,-1.0639377
0.22586896,-1.0639377
0.22588398,-1.0639377
0.225899,-1.0639377
0.22591402,-1.0639377
0.22592904,-1.1101689
0.22594406,-1.1101689
0.22595908,-1.1101689
0.2259741,-1.1101689
0.22598912,-1.1564007
0.22600414,-1.1564007
0.22601916,-1.1564007
0.22603418,-1.1564007
0.2260492,-1.1564007
0.22606422,-1.202632
0.22607926,-1.202632
0.22609428,-1.202632
0.2261093,-1.202632
0.22612432,-1.202632
0.22613934,-1.2488632
0.22615436,-1.2488632
0.22616938,-1.2488632
0.2261844,-1.2488632
0.22619942,-1.2488632
0.22621444,-1.2950945
0.22622946,-1.2950945
0.22624448,-1.2950945
0.2262595,-1.2950945
0.22627452,-1.2950945
0.22628954,-1.3413262
0.22630456,-1.3413262
0.22631958,-1.3413262
0.2263346,-1.3413262
0.22634962,-1.387557
0.22636464,-1.387557
0.22637966,-1.387557
0.22639468,-1.387557
0.2264097,-1.387557
0.22642472,-1.4337888
0.22643974,-1.4337888
0.22645476,-1.4337888
0.22646978,-1.4337888
0.2264848,-1.4337888
0.22649983,-1.48002
0.22651486,-1.48002
0.22652988,-1.48002
0.2265449,-1.48002
0.22655992,-1.48002
0.22657494,-1.48002
0.22658996,-1.48002
0.22660498,-1.48002
0.22662,-1.5262513
0.22663502,-1.5262513
0.22665004,-1.5262513
0.22666506,-1.5262513
0.22668009,-1.5262513
0.2266951,-1.5724826
0.22671013,-1.5724826
0.22672515,-1.5724826
0.22674017,-1.5724826
0.22675519,-1.5724826
0.2267702,-1.6187139
0.22678523,-1.6187139
0.22680025,-1.6187139
0.22681527,-1.6187139
0.22683029,-1.6187139
0.22684531,-1.6187139
0.22686033,-1.6187139
0.22687535,-1.6187139
0.22689037,-1.5724826
0.22690539,-1.5724826
0.22692041,-1.5724826
0.22693543,-1.5724826
0.22695045,-1.5724826
0.22696549,-1.5262513
0.2269805,-1.5262513
0.22699553,-1.5262513
0.22701055,-1.5262513
0.22702557,-1.48002
0.22704059,-1.48002
0.22705561,-1.48002
0.22707063,-1.48002
0.22708565,-1.48002
0.22710067,-1.48002
0.22711569,-1.48002
0.22713071,-1.4337888
0.22714573,-1.4337888
0.22716075,-1.4337888
0.22717577,-1.4337888
0.2271908,-1.4337888
0.22720581,-1.387557
0.22722083,-1.387557
0.22723585,-1.387557
0.22725087,-1.387557
0.2272659,-1.387557
0.22728091,-1.3413262
0.22729594,-1.3413262
0.22731096,-1.3413262
0.22732598,-1.3413262
0.227341,-1.2950945
0.22735602,-1.2950945
0.22737104,-1.2950945
0.22738606,-1.2950945
0.2274011,-1.2950945
0.22741611,-1.2488632
0.22743113,-1.2488632
0.22744615,-1.2488632
0.22746117,-1.2488632
0.2274762,-1.2488632
0.22749121,-1.202632
0.22750624,-1.202632
0.22752126,-1.202632
0.22753628,-1.202632
0.2275513,-1.1564007
0.22756632,-1.1564007
0.22758134,-1.1564007
0.22759636,-1.1564007
0.22761138,-1.1564007
0.2276264,-1.1101689
0.22764142,-1.1101689
0.22765644,-1.1101689
0.22767146,-1.1101689
0.22768648,-1.1101689
0.2277015,-1.0639377
0.22771652,-1.0639377
0.22773154,-1.0639377
0.22774656,-1.0639377
0.22776158,-1.0177064
0.2277766,-1.0177064
0.22779162,-1.0177064
0.22780664,-1.0177064
0.22782166,-1.0177064
0.2278367,-0.9714751
0.22785172,-0.9714751
0.22786674,-0.9714751
0.22788176,-0.9714751
0.22789678,-0.9252434
0.2279118,-0.9252434
0.22792682,-0.9252434
0.22794184,-0.9252434
0.22795686,-0.9252434
0.22797188,-0.8790121
0.2279869,-0.8790121
0.22800192,-0.8790121
0.22801694,-0.8790121
0.22803196,-0.8790121
0.22804698,-0.83278084
0.228062,-0.83278084
0.22807702,-0.83278084
0.22809204,-0.83278084
0.22810706,-0.78654957
0.22812209,-0.78654957
0.2281371,-0.78654957
0.22815213,-0.78654957
0.22816715,-0.78654957
0.22818217,-0.7403178
0.22819719,-0.7403178
0.22821221,-0.7403178
0.22822723,-0.7403178
0.22824225,-0.7403178
0.22825727,-0.694087
0.2282723,-0.694087
0.22828732,-0.694087
0.22830234,-0.694087
0.22831737,-0.6478553
0.22833239,-0.6478553
0.2283474,-0.6478553
0.22836243,-0.6478553
0.22837745,-0.6478553
0.22839247,-0.601624
0.22840749,-0.601624
0.22842251,-0.601624
0.22843753,-0.601624
0.22845255,-0.601624
0.22846757,-0.55539227
0.22848259,-0.55539227
0.22849761,-0.55539227
0.22851263,-0.55539227
0.22852765,-0.5091615
0.22854267,-0.5091615
0.22855769,-0.5091615
0.22857271,-0.5091615
0.22858773,-0.5091615
0.22860275,-0.46292973
0.22861777,-0.46292973
0.2286328,-0.46292973
0.22864781,-0.46292973
0.22866283,-0.46292973
0.22867785,-0.41669846
0.22869287,-0.41669846
0.2287079,-0.41669846
0.22872293,-0.41669846
0.22873795,-0.3704667
0.22875297,-0.3704667
0.22876799,-0.3704667
0.22878301,-0.3704667
0.22879803,-0.3704667
0.22881305,-0.32423592
0.22882807,-0.32423592
0.2288431,-0.32423592
0.22885811,-0.32423592
0.22887313,-0.32423592
0.22888815,-0.27800417
0.22890317,-0.27800417
0.2289182,-0.27800417
0.22893322,-0.27800417
0.22894824,-0.2317729
0.22896326,-0.2317729
0.22897828,-0.2317729
0.2289933,-0.2317729
0.22900832,-0.2317729
0.22902334,-0.18554163
0.22903836,-0.18554163
0.22905338,-0.18554163
0.2290684,-0.18554163
0.22908342,-0.18554163
0.22909844,-0.13931036
0.22911346,-0.13931036
0.22912848,-0.13931036
0.2291435,-0.13931036
0.22915854,-0.09307861
0.22917356,-0.09307861
0.22918858,-0.09307861
0.2292036,-0.09307861
0.22921862,-0.09307861
0.22923364,-0.046847343
0.22924866,-0.046847343
0.22926368,-0.046847343
0.2292787,-0.046847343
0.22929372,-0.046847343
0.22930874,-6.160736E-4
0.22932376,-6.160736E-4
0.22933878,-6.160736E-4
0.2293538,-6.160736E-4
0.22936882,0.045615196
0.22938384,0.045615196
0.22939886,0.045615196
0.22941388,0.045615196
0.2294289,0.045615196
0.22944392,0.091846466
0.22945894,0.091846466
0.22947396,0.091846466
0.22948898,0.091846466
0.229504,0.091846466
0.22951902,0.13807821
0.22953404,0.13807821
0.22954907,0.13807821
0.22956409,0.13807821
0.2295791,0.184309
0.22959414,0.184309
0.22960916,0.184309
0.22962418,0.184309
0.2296392,0.184309
0.22965422,0.23054075
0.22966924,0.23054075
0.22968426,0.23054075
0.22969928,0.23054075
0.2297143,0.27677202
0.22972932,0.27677202
0.22974434,0.27677202
0.22975937,0.27677202
0.22977439,0.27677202
0.2297894,0.3230033
0.22980443,0.3230033
0.22981945,0.3230033
0.22983447,0.3230033
0.22984949,0.3230033
0.22986451,0.36923456
0.22987953,0.36923456
0.22989455,0.36923456
0.22990957,0.36923456
0.22992459,0.36923456
0.22993961,0.4154663
0.22995463,0.4154663
0.22996965,0.4154663
0.22998467,0.4154663
0.22999969,0.46169758
0.23001471,0.46169758
0.23002973,0.46169758
0.23004477,0.46169758
0.23005979,0.46169758
0.23007481,0.50792885
0.23008983,0.50792885
0.23010485,0.50792885
0.23011987,0.50792885
0.23013489,0.50792885
0.23014991,0.5541601
0.23016493,0.5541601
0.23017995,0.5541601
0.23019497,0.5541601
0.23020999,0.5541601
0.23022501,0.60039186
0.23024003,0.60039186
0.23025505,0.60039186
0.23027007,0.60039186
0.2302851,0.64662313
0.23030011,0.64662313
0.23031513,0.64662313
0.23033015,0.64662313
0.23034517,0.64662313
0.2303602,0.6928544
0.23037522,0.6928544
0.23039024,0.6928544
0.23040526,0.6928544
0.23042028,0.6928544
0.2304353,0.7390857
0.23045032,0.7390857
0.23046534,0.7390857
0.23048037,0.7390857
0.2304954,0.7390857
0.23051041,0.7853174
0.23052543,0.7853174
0.23054045,0.7853174
0.23055547,0.7853174
0.2305705,0.7853174
0.23058552,0.8315482
0.23060054,0.8315482
0.23061556,0.8315482
0.23063058,0.8315482
0.2306456,0.8315482
0.23066062,0.87777996
0.23067564,0.87777996
0.23069066,0.87777996
0.23070568,0.87777996
0.2307207,0.92401123
0.23073572,0.92401123
0.23075074,0.92401123
0.23076576,0.92401123
0.23078078,0.92401123
0.2307958,0.970243
0.23081082,0.970243
0.23082584,0.970243
0.23084086,0.970243
0.23085588,0.970243
0.2308709,1.0164738
0.23088592,1.0164738
0.23090094,1.0164738
0.23091598,1.0164738
0.230931,1.0164738
0.23094602,1.0627055
0.23096104,1.0627055
0.23097606,1.0627055
0.23099108,1.0627055
0.2310061,1.0627055
0.23102112,1.1089368
0.23103614,1.1089368
0.23105116,1.1089368
0.23106618,1.1089368
0.2310812,1.1089368
0.23109622,1.1551685
0.23111124,1.1551685
0.23112626,1.1551685
0.23114128,1.1551685
0.2311563,1.2013993
0.23117132,1.2013993
0.23118635,1.2013993
0.23120137,1.2013993
0.23121639,1.2013993
0.2312314,1.2013993
0.23124643,1.2476311
0.23126145,1.2476311
0.23127647,1.2476311
0.23129149,1.2476311
0.23130651,1.2476311
0.23132153,1.2938623
0.23133655,1.2938623
0.23135157,1.2938623
0.2313666,1.2938623
0.23138162,1.2938623
0.23139665,1.3400936
0.23141167,1.3400936
0.23142669,1.3400936
0.2314417,1.3400936
0.23145673,1.3863249
0.23147175,1.3863249
0.23148677,1.3863249
0.23150179,1.3863249
0.23151681,1.3863249
0.23153183,1.4325566
0.23154685,1.4325566
0.23156187,1.4325566
0.23157689,1.4325566
0.23159191,1.4325566
0.23160693,1.4325566
0.23162195,1.4787879
0.23163697,1.4787879
0.23165199,1.4787879
0.23166701,1.4787879
0.23168203,1.4787879
0.23169705,1.4787879
0.23171207,1.4787879
0.2317271,1.5250192
0.23174211,1.5250192
0.23175713,1.5250192
0.23177215,1.5250192
0.23178717,1.5250192
0.23180221,1.5712504
0.23181723,1.5712504
0.23183225,1.5712504
0.23184727,1.5712504
0.23186229,1.5712504
0.23187731,1.6174817
0.23189233,1.6174817
0.23190735,1.6174817
0.23192237,1.6174817
0.2319374,1.6174817
0.23195241,1.6174817
0.23196743,1.6637135
0.23198245,1.6637135
0.23199748,1.6637135
0.2320125,1.6637135
0.23202752,1.6637135
0.23204254,1.7099442
0.23205756,1.7099442
0.23207258,1.7099442
0.2320876,1.7099442
0.23210262,1.7099442
0.23211764,1.756176
0.23213266,1.756176
0.23214768,1.756176
0.2321627,1.756176
0.23217772,1.756176
0.23219274,1.756176
0.23220776,1.7099442
0.23222278,1.7099442
0.23223782,1.7099442
0.23225284,1.7099442
0.23226786,1.7099442
0.23228288,1.6637135
0.2322979,1.6637135
0.23231292,1.6637135
0.23232794,1.6637135
0.23234296,1.6174817
0.23235798,1.6174817
0.232373,1.6174817
0.23238802,1.6174817
0.23240304,1.5712504
0.23241806,1.5712504
0.23243308,1.5712504
0.2324481,1.5712504
0.23246312,1.5250192
0.23247814,1.5250192
0.23249316,1.5250192
0.23250818,1.5250192
0.2325232,1.5250192
0.23253822,1.4787879
0.23255324,1.4787879
0.23256826,1.4787879
0.23258328,1.4787879
0.2325983,1.4787879
0.23261333,1.4787879
0.23262835,1.4787879
0.23264337,1.4325566
0.23265839,1.4325566
0.2326734,1.4325566
0.23268844,1.4325566
0.23270346,1.3863249
0.23271848,1.3863249
0.2327335,1.3863249
0.23274852,1.3863249
0.23276354,1.3863249
0.23277856,1.3400936
0.23279358,1.3400936
0.2328086,1.3400936
0.23282363,1.3400936
0.23283865,1.2938623
0.23285367,1.2938623
0.23286869,1.2938623
0.2328837,1.2938623
0.23289873,1.2938623
0.23291375,1.2476311
0.23292877,1.2476311
0.23294379,1.2476311
0.23295881,1.2476311
0.23297383,1.2013993
0.23298885,1.2013993
0.23300387,1.2013993
0.23301889,1.2013993
0.23303391,1.1551685
0.23304893,1.1551685
0.23306395,1.1551685
0.23307897,1.1551685
0.23309399,1.1551685
0.23310901,1.1089368
0.23312405,1.1089368
0.23313907,1.1089368
0.23315409,1.1089368
0.23316911,1.0627055
0.23318413,1.0627055
0.23319915,1.0627055
0.23321417,1.0627055
0.23322919,1.0627055
0.23324421,1.0164738
0.23325923,1.0164738
0.23327425,1.0164738
0.23328927,1.0164738
0.23330429,0.970243
0.23331931,0.970243
0.23333433,0.970243
0.23334935,0.970243
0.23336437,0.92401123
0.2333794,0.92401123
0.23339441,0.92401123
0.23340943,0.92401123
0.23342445,0.92401123
0.23343948,0.87777996
0.2334545,0.87777996
0.23346952,0.87777996
0.23348454,0.87777996
0.23349956,0.8315482
0.23351458,0.8315482
0.2335296,0.8315482
0.23354462,0.8315482
0.23355965,0.8315482
0.23357467,0.7853174
0.2335897,0.7853174
0.23360471,0.7853174
0.23361973,0.7853174
0.23363476,0.7390857
0.23364978,0.7390857
0.2336648,0.7390857
0.23367982,0.7390857
0.23369484,0.7390857
0.23370986,0.6928544
0.23372488,0.6928544
0.2337399,0.6928544
0.23375492,0.6928544
0.23376994,0.64662313
0.23378496,0.64662313
0.23379998,0.64662313
0.233815,0.64662313
0.23383002,0.60039186
0.23384504,0.60039186
0.23386006,0.60039186
0.23387508,0.60039186
0.2338901,0.60039186
0.23390512,0.5541601
0.23392014,0.5541601
0.23393516,0.5541601
0.23395018,0.5541601
0.2339652,0.50792885
0.23398022,0.50792885
0.23399526,0.50792885
0.23401028,0.50792885
0.2340253,0.50792885
0.23404032,0.46169758
0.23405534,0.46169758
0.23407036,0.46169758
0.23408538,0.46169758
0.2341004,0.4154663
0.23411542,0.4154663
0.23413044,0.4154663
0.23414546,0.4154663
0.23416048,0.4154663
0.2341755,0.36923456
0.23419052,0.36923456
0.23420554,0.36923456
0.23422056,0.36923456
0.23423558,0.3230033
0.2342506,0.3230033
0.23426563,0.3230033
0.23428065,0.3230033
0.23429567,0.27677202
0.23431069,0.27677202
0.2343257,0.27677202
0.23434073,0.27677202
0.23435575,0.27677202
0.23437077,0.23054075
0.23438579,0.23054075
0.23440081,0.23054075
0.23441583,0.23054075
0.23443085,0.184309
0.23444588,0.184309
0.2344609,0.184309
0.23447593,0.184309
0.23449095,0.184309
0.23450597,0.13807821
0.23452099,0.13807821
0.234536,0.13807821
0.23455103,0.13807821
0.23456605,0.091846466
0.23458107,0.091846466
0.23459609,0.091846466
0.23461111,0.091846466
0.23462613,0.091846466
0.23464115,0.045615196
0.23465617,0.045615196
0.23467119,0.045615196
0.23468621,0.045615196
0.23470123,-6.160736E-4
0.23471625,-6.160736E-4
0.23473127,-6.160736E-4
0.23474629,-6.160736E-4
0.23476131,-0.046847343
0.23477633,-0.046847343
0.23479135,-0.046847343
0.23480637,-0.046847343
0.2348214,-0.09307861
0.23483641,-0.09307861
0.23485143,-0.09307861
0.23486646,-0.09307861
0.23488149,-0.09307861
0.23489651,-0.13931036
0.23491153,-0.13931036
0.23492655,-0.13931036
0.23494157,-0.13931036
0.23495659,-0.13931036
0.23497161,-0.18554163
0.23498663,-0.18554163
0.23500165,-0.18554163
0.23501667,-0.18554163
0.2350317,-0.2317729
0.23504671,-0.2317729
0.23506173,-0.2317729
0.23507676,-0.2317729
0.23509178,-0.2317729
0.2351068,-0.27800417
0.23512182,-0.27800417
0.23513684,-0.27800417
0.23515186,-0.27800417
0.23516688,-0.32423592
0.2351819,-0.32423592
0.23519692,-0.32423592
0.23521194,-0.32423592
0.23522696,-0.32423592
0.23524198,-0.3704667
0.235257,-0.3704667
0.23527202,-0.3704667
0.23528704,-0.3704667
0.23530206,-0.41669846
0.2353171,-0.41669846
0.23533212,-0.41669846
0.23534714,-0.41669846
0.23536216,-0.41669846
0.23537718,-0.46292973
0.2353922,-0.46292973
0.23540722,-0.46292973
0.23542224,-0.46292973
0.23543726,-0.5091615
0.23545228,-0.5091615
0.2354673,-0.5091615
0.23548232,-0.5091615
0.23549734,-0.5091615
0.23551236,-0.55539227
0.23552738,-0.55539227
0.2355424,-0.55539227
0.23555742,-0.55539227
0.23557244,-0.601624
0.23558746,-0.601624
0.23560248,-0.601624
0.2356175,-0.601624
0.23563252,-0.601624
0.23564754,-0.6478553
0.23566256,-0.6478553
0.23567759,-0.6478553
0.2356926,-0.6478553
0.23570763,-0.6478553
0.23572265,-0.694087
0.23573767,-0.694087
0.23575269,-0.694087
0.23576772,-0.694087
0.23578274,-0.694087
0.23579776,-0.7403178
0.23581278,-0.7403178
0.2358278,-0.7403178
0.23584282,-0.7403178
0.23585784,-0.78654957
0.23587286,-0.78654957
0.23588789,-0.78654957
0.2359029,-0.78654957
0.23591793,-0.78654957
0.23593295,-0.83278084
0.23594797,-0.83278084
0.23596299,-0.83278084
0.235978,-0.83278084
0.23599303,-0.8790121
0.23600805,-0.8790121
0.23602307,-0.8790121
0.23603809,-0.8790121
0.23605311,-0.8790121
0.23606813,-0.9252434
0.23608315,-0.9252434
0.23609817,-0.9252434
0.23611319,-0.9252434
0.23612821,-0.9252434
0.23614323,-0.9714751
0.23615825,-0.9714751
0.23617327,-0.9714751
0.23618829,-0.9714751
0.23620333,-0.9714751
0.23621835,-1.0177064
0.23623337,-1.0177064
0.23624839,-1.0177064
0.23626341,-1.0177064
0.23627843,-1.0639377
0.23629345,-1.0639377
0.23630847,-1.0639377
0.23632349,-1.0639377
0.23633851,-1.0639377
0.23635353,-1.1101689
0.23636855,-1.1101689
0.23638357,-1.1101689
0.2363986,-1.1101689
0.23641361,-1.1101689
0.23642863,-1.1564007
0.23644365,-1.1564007
0.23645867,-1.1564007
0.2364737,-1.1564007
0.23648871,-1.202632
0.23650374,-1.202632
0.23651876,-1.202632
0.23653378,-1.202632
0.2365488,-1.202632
0.23656382,-1.202632
0.23657884,-1.2488632
0.23659386,-1.2488632
0.23660888,-1.2488632
0.2366239,-1.2488632
0.23663893,-1.2950945
0.23665395,-1.2950945
0.23666897,-1.2950945
0.236684,-1.2950945
0.23669901,-1.2950945
0.23671404,-1.3413262
0.23672906,-1.3413262
0.23674408,-1.3413262
0.2367591,-1.3413262
0.23677412,-1.3413262
0.23678914,-1.387557
0.23680416,-1.387557
0.23681918,-1.387557
0.2368342,-1.387557
0.23684922,-1.387557
0.23686424,-1.4337888
0.23687926,-1.4337888
0.23689428,-1.4337888
0.2369093,-1.4337888
0.23692432,-1.4337888
0.23693934,-1.48002
0.23695436,-1.48002
0.23696938,-1.48002
0.2369844,-1.48002
0.23699942,-1.48002
0.23701444,-1.48002
0.23702946,-1.48002
0.23704448,-1.5262513
0.2370595,-1.5262513
0.23707452,-1.5262513
0.23708956,-1.5262513
0.23710458,-1.5262513
0.2371196,-1.5724826
0.23713462,-1.5724826
0.23714964,-1.5724826
0.23716466,-1.5724826
0.23717968,-1.5724826
0.2371947,-1.6187139
0.23720972,-1.6187139
0.23722474,-1.6187139
0.23723976,-1.6187139
0.23725478,-1.6187139
0.2372698,-1.6187139
0.23728482,-1.6187139
0.23729984,-1.6187139
0.23731486,-1.6187139
0.23732989,-1.5724826
0.2373449,-1.5724826
0.23735993,-1.5724826
0.23737495,-1.5724826
0.23738997,-1.5262513
0.23740499,-1.5262513
0.23742001,-1.5262513
0.23743503,-1.5262513
0.23745005,-1.5262513
0.23746507,-1.48002
0.23748009,-1.48002
0.23749511,-1.48002
0.23751013,-1.48002
0.23752517,-1.48002
0.23754019,-1.48002
0.2375552,-1.48002
0.23757023,-1.4337888
0.23758525,-1.4337888
0.23760027,-1.4337888
0.23761529,-1.4337888
0.23763031,-1.4337888
0.23764533,-1.387557
0.23766035,-1.387557
0.23767537,-1.387557
0.23769039,-1.387557
0.23770541,-1.3413262
0.23772043,-1.3413262
0.23773545,-1.3413262
0.23775047,-1.3413262
0.23776549,-1.3413262
0.23778051,-1.2950945
0.23779553,-1.2950945
0.23781055,-1.2950945
0.23782557,-1.2950945
0.2378406,-1.2950945
0.23785561,-1.2488632
0.23787063,-1.2488632
0.23788565,-1.2488632
0.23790067,-1.2488632
0.2379157,-1.202632
0.23793072,-1.202632
0.23794574,-1.202632
0.23796077,-1.202632
0.23797579,-1.202632
0.23799081,-1.1564007
0.23800583,-1.1564007
0.23802085,-1.1564007
0.23803587,-1.1564007
0.2380509,-1.1101689
0.23806591,-1.1101689
0.23808093,-1.1101689
0.23809595,-1.1101689
0.23811097,-1.1101689
0.238126,-1.0639377
0.23814102,-1.0639377
0.23815604,-1.0639377
0.23817106,-1.0639377
0.23818608,-1.0639377
0.2382011,-1.0177064
0.23821612,-1.0177064
0.23823114,-1.0177064
0.23824616,-1.0177064
0.23826118,-0.9714751
0.2382762,-0.9714751
0.23829122,-0.9714751
0.23830624,-0.9714751
0.23832126,-0.9714751
0.23833628,-0.9252434
0.2383513,-0.9252434
0.23836632,-0.9252434
0.23838134,-0.9252434
0.23839636,-0.9252434
0.2384114,-0.8790121
0.23842642,-0.8790121
0.23844144,-0.8790121
0.23845646,-0.8790121
0.23847148,-0.83278084
0.2384865,-0.83278084
0.23850152,-0.83278084
0.23851654,-0.83278084
0.23853156,-0.83278084
0.23854658,-0.78654957
0.2385616,-0.78654957
0.23857662,-0.78654957
0.23859164,-0.78654957
0.23860666,-0.7403178
0.23862168,-0.7403178
0.2386367,-0.7403178
0.23865172,-0.7403178
0.23866674,-0.7403178
0.23868176,-0.694087
0.23869678,-0.694087
0.2387118,-0.694087
0.23872682,-0.694087
0.23874184,-0.694087
0.23875687,-0.6478553
0.23877189,-0.6478553
0.2387869,-0.6478553
0.23880193,-0.6478553
0.23881695,-0.6478553
0.23883197,-0.601624
0.238847,-0.601624
0.23886202,-0.601624
0.23887704,-0.601624
0.23889206,-0.601624
0.23890708,-0.55539227
0.2389221,-0.55539227
0.23893712,-0.55539227
0.23895214,-0.55539227
0.23896717,-0.5091615
0.23898219,-0.5091615
0.2389972,-0.5091615
0.23901223,-0.5091615
0.23902725,-0.5091615
0.23904227,-0.46292973
0.23905729,-0.46292973
0.23907231,-0.46292973
0.23908733,-0.46292973
0.23910235,-0.41669846
0.23911737,-0.41669846
0.23913239,-0.41669846
0.23914741,-0.41669846
0.23916243,-0.41669846
0.23917745,-0.3704667
0.23919247,-0.3704667
0.23920749,-0.3704667
0.23922251,-0.3704667
0.23923753,-0.3704667
0.23925255,-0.32423592
0.23926757,-0.32423592
0.23928261,-0.32423592
0.23929763,-0.32423592
0.23931265,-0.27800417
0.23932767,-0.27800417
0.23934269,-0.27800417
0.23935771,-0.27800417
0.23937273,-0.27800417
0.23938775,-0.2317729
0.23940277,-0.2317729
0.23941779,-0.2317729
0.23943281,-0.2317729
0.23944783,-0.2317729
0.23946285,-0.18554163
0.23947787,-0.18554163
0.2394929,-0.18554163
0.23950791,-0.18554163
0.23952293,-0.13931036
0.23953795,-0.13931036
0.23955297,-0.13931036
0.239568,-0.13931036
0.23958302,-0.13931036
0.23959804,-0.09307861
0.23961306,-0.09307861
0.23962808,-0.09307861
0.2396431,-0.09307861
0.23965812,-0.09307861
0.23967314,-0.046847343
0.23968816,-0.046847343
0.23970318,-0.046847343
0.2397182,-0.046847343
0.23973323,-6.160736E-4
0.23974825,-6.160736E-4
0.23976327,-6.160736E-4
0.2397783,-6.160736E-4
0.23979332,-6.160736E-4
0.23980834,0.045615196
0.23982336,0.045615196
0.23983838,0.045615196
0.2398534,0.045615196
0.23986842,0.091846466
0.23988344,0.091846466
0.23989846,0.091846466
0.23991348,0.091846466
0.2399285,0.091846466
0.23994352,0.13807821
0.23995854,0.13807821
0.23997356,0.13807821
0.23998858,0.13807821
0.2400036,0.184309
0.24001862,0.184309
0.24003364,0.184309
0.24004866,0.184309
0.24006368,0.184309
0.2400787,0.23054075
0.24009372,0.23054075
0.24010874,0.23054075
0.24012376,0.23054075
0.24013878,0.23054075
0.2401538,0.27677202
0.24016884,0.27677202
0.24018386,0.27677202
0.24019888,0.27677202
0.2402139,0.27677202
0.24022892,0.3230033
0.24024394,0.3230033
0.24025896,0.3230033
0.24027398,0.3230033
0.240289,0.36923456
0.24030402,0.36923456
0.24031904,0.36923456
0.24033406,0.36923456
0.24034908,0.36923456
0.2403641,0.4154663
0.24037912,0.4154663
0.24039415,0.4154663
0.24040917,0.4154663
0.24042419,0.4154663
0.2404392,0.46169758
0.24045423,0.46169758
0.24046925,0.46169758
0.24048427,0.46169758
0.24049929,0.50792885
0.24051431,0.50792885
0.24052933,0.50792885
0.24054435,0.50792885
0.24055937,0.50792885
0.24057439,0.5541601
0.24058941,0.5541601
0.24060445,0.5541601
0.24061947,0.5541601
0.24063449,0.5541601
0.2406495,0.60039186
0.24066453,0.60039186
0.24067955,0.60039186
0.24069457,0.60039186
0.24070959,0.60039186
0.24072461,0.64662313
0.24073963,0.64662313
0.24075465,0.64662313
0.24076967,0.64662313
0.24078469,0.64662313
0.24079971,0.6928544
0.24081473,0.6928544
0.24082975,0.6928544
0.24084477,0.6928544
0.24085979,0.7390857
0.24087481,0.7390857
0.24088983,0.7390857
0.24090485,0.7390857
0.24091987,0.7390857
0.2409349,0.7853174
0.24094991,0.7853174
0.24096493,0.7853174
0.24097995,0.7853174
0.24099497,0.7853174
0.24101,0.8315482
0.24102502,0.8315482
0.24104005,0.8315482
0.24105507,0.8315482
0.24107009,0.8315482
0.24108511,0.87777996
0.24110013,0.87777996
0.24111515,0.87777996
0.24113017,0.87777996
0.2411452,0.87777996
0.24116021,0.92401123
0.24117523,0.92401123
0.24119025,0.92401123
0.24120528,0.92401123
0.2412203,0.92401123
0.24123532,0.970243
0.24125034,0.970243
0.24126536,0.970243
0.24128038,0.970243
0.2412954,1.0164738
0.24131042,1.0164738
0.24132544,1.0164738
0.24134046,1.0164738
0.24135548,1.0164738
0.2413705,1.0627055
0.24138552,1.0627055
0.24140054,1.0627055
0.24141556,1.0627055
0.24143058,1.0627055
0.2414456,1.1089368
0.24146062,1.1089368
0.24147564,1.1089368
0.24149068,1.1089368
0.2415057,1.1089368
0.24152072,1.1551685
0.24153574,1.1551685
0.24155076,1.1551685
0.24156578,1.1551685
0.2415808,1.1551685
0.24159582,1.2013993
0.24161084,1.2013993
0.24162586,1.2013993
0.24164088,1.2013993
0.2416559,1.2013993
0.24167092,1.2476311
0.24168594,1.2476311
0.24170096,1.2476311
0.24171598,1.2476311
0.241731,1.2476311
0.24174602,1.2938623
0.24176104,1.2938623
0.24177606,1.2938623
0.24179108,1.2938623
0.2418061,1.2938623
0.24182113,1.3400936
0.24183615,1.3400936
0.24185117,1.3400936
0.24186619,1.3400936
0.2418812,1.3400936
0.24189623,1.3863249
0.24191125,1.3863249
0.24192628,1.3863249
0.2419413,1.3863249
0.24195632,1.3863249
0.24197134,1.4325566
0.24198636,1.4325566
0.24200138,1.4325566
0.2420164,1.4325566
0.24203143,1.4325566
0.24204645,1.4787879
0.24206147,1.4787879
0.24207649,1.4787879
0.2420915,1.4787879
0.24210653,1.4787879
0.24212155,1.4787879
0.24213657,1.4787879
0.24215159,1.4787879
0.24216661,1.5250192
0.24218163,1.5250192
0.24219665,1.5250192
0.24221167,1.5250192
0.24222669,1.5250192
0.24224171,1.5712504
0.24225673,1.5712504
0.24227175,1.5712504
0.24228677,1.5712504
0.24230179,1.5712504
0.24231681,1.6174817
0.24233183,1.6174817
0.24234685,1.6174817
0.24236189,1.6174817
0.24237691,1.6174817
0.24239193,1.6637135
0.24240695,1.6637135
0.24242197,1.6637135
0.24243699,1.6637135
0.24245201,1.6637135
0.24246703,1.7099442
0.24248205,1.7099442
0.24249707,1.7099442
0.24251209,1.7099442
0.24252711,1.7099442
0.24254213,1.756176
0.24255715,1.756176
0.24257217,1.756176
0.2425872,1.756176
0.24260221,1.756176
0.24261723,1.756176
0.24263225,1.756176
0.24264728,1.7099442
0.2426623,1.7099442
0.24267732,1.7099442
0.24269234,1.7099442
0.24270736,1.7099442
0.24272238,1.6637135
0.2427374,1.6637135
0.24275242,1.6637135
0.24276744,1.6637135
0.24278246,1.6174817
0.24279748,1.6174817
0.24281251,1.6174817
0.24282753,1.6174817
0.24284256,1.5712504
0.24285758,1.5712504
0.2428726,1.5712504
0.24288762,1.5712504
0.24290264,1.5712504
0.24291766,1.5250192
0.24293268,1.5250192
0.2429477,1.5250192
0.24296272,1.5250192
0.24297774,1.4787879
0.24299276,1.4787879
0.24300778,1.4787879
0.2430228,1.4787879
0.24303782,1.4787879
0.24305284,1.4787879
0.24306786,1.4787879
0.24308288,1.4325566
0.2430979,1.4325566
0.24311292,1.4325566
0.24312794,1.4325566
0.24314296,1.3863249
0.24315798,1.3863249
0.243173,1.3863249
0.24318802,1.3863249
0.24320304,1.3400936
0.24321806,1.3400936
0.24323308,1.3400936
0.24324812,1.3400936
0.24326314,1.3400936
0.24327816,1.2938623
0.24329318,1.2938623
0.2433082,1.2938623
0.24332322,1.2938623
0.24333824,1.2476311
0.24335326,1.2476311
0.24336828,1.2476311
0.2433833,1.2476311
0.24339832,1.2476311
0.24341334,1.2013993
0.24342836,1.2013993
0.24344338,1.2013993
0.2434584,1.2013993
0.24347343,1.1551685
0.24348845,1.1551685
0.24350347,1.1551685
0.24351849,1.1551685
0.2435335,1.1551685
0.24354853,1.1089368
0.24356355,1.1089368
0.24357857,1.1089368
0.24359359,1.1089368
0.24360861,1.0627055
0.24362363,1.0627055
0.24363865,1.0627055
0.24365367,1.0627055
0.24366869,1.0164738
0.24368373,1.0164738
0.24369875,1.0164738
0.24371377,1.0164738
0.24372879,1.0164738
0.2437438,0.970243
0.24375883,0.970243
0.24377385,0.970243
0.24378887,0.970243
0.24380389,0.92401123
0.24381891,0.92401123
0.24383393,0.92401123
0.24384895,0.92401123
0.24386397,0.87777996
0.24387899,0.87777996
0.24389401,0.87777996
0.24390903,0.87777996
0.24392405,0.87777996
0.24393907,0.8315482
0.24395409,0.8315482
0.24396911,0.8315482
0.24398413,0.8315482
0.24399915,0.7853174
0.24401417,0.7853174
0.2440292,0.7853174
0.24404421,0.7853174
0.24405923,0.7853174
0.24407426,0.7390857
0.24408928,0.7390857
0.2441043,0.7390857
0.24411932,0.7390857
0.24413435,0.6928544
0.24414937,0.6928544
0.24416439,0.6928544
0.24417941,0.6928544
0.24419443,0.6928544
0.24420945,0.64662313
0.24422447,0.64662313
0.2442395,0.64662313
0.24425451,0.64662313
0.24426953,0.60039186
0.24428456,0.60039186
0.24429958,0.60039186
0.2443146,0.60039186
0.24432962,0.5541601
0.24434464,0.5541601
0.24435966,0.5541601
0.24437468,0.5541601
0.2443897,0.5541601
0.24440472,0.50792885
0.24441974,0.50792885
0.24443476,0.50792885
0.24444978,0.50792885
0.2444648,0.46169758
0.24447982,0.46169758
0.24449484,0.46169758
0.24450986,0.46169758
0.24452488,0.46169758
0.2445399,0.4154663
0.24455492,0.4154663
0.24456996,0.4154663
0.24458498,0.4154663
0.2446,0.36923456
0.24461502,0.36923456
0.24463004,0.36923456
0.24464506,0.36923456
0.24466008,0.3230033
0.2446751,0.3230033
0.24469012,0.3230033
0.24470514,0.3230033
0.24472016,0.3230033
0.24473518,0.27677202
0.2447502,0.27677202
0.24476522,0.27677202
0.24478024,0.27677202
0.24479526,0.23054075
0.24481028,0.23054075
0.2448253,0.23054075
0.24484032,0.23054075
0.24485534,0.23054075
0.24487036,0.184309
0.24488539,0.184309
0.2449004,0.184309
0.24491543,0.184309
0.24493045,0.13807821
0.24494547,0.13807821
0.24496049,0.13807821
0.2449755,0.13807821
0.24499053,0.13807821
0.24500556,0.091846466
0.24502058,0.091846466
0.2450356,0.091846466
0.24505062,0.091846466
0.24506564,0.045615196
0.24508066,0.045615196
0.24509569,0.045615196
0.2451107,0.045615196
0.24512573,0.045615196
0.24514075,-6.160736E-4
0.24515577,-6.160736E-4
0.24517079,-6.160736E-4
0.2451858,-6.160736E-4
0.24520083,-0.046847343
0.24521585,-0.046847343
0.24523087,-0.046847343
0.24524589,-0.046847343
0.24526091,-0.09307861
0.24527593,-0.09307861
0.24529095,-0.09307861
0.24530597,-0.09307861
0.24532099,-0.09307861
0.24533601,-0.13931036
0.24535103,-0.13931036
0.24536605,-0.13931036
0.24538107,-0.13931036
0.24539609,-0.18554163
0.24541111,-0.18554163
0.24542613,-0.18554163
0.24544115,-0.18554163
0.24545619,-0.18554163
0.24547121,-0.2317729
0.24548623,-0.2317729
0.24550125,-0.2317729
0.24551627,-0.2317729
0.24553129,-0.27800417
0.24554631,-0.27800417
0.24556133,-0.27800417
0.24557635,-0.27800417
0.24559137,-0.27800417
0.2456064,-0.32423592
0.24562141,-0.32423592
0.24563643,-0.32423592
0.24565145,-0.32423592
0.24566647,-0.32423592
0.2456815,-0.3704667
0.24569651,-0.3704667
0.24571154,-0.3704667
0.24572656,-0.3704667
0.24574158,-0.41669846
0.2457566,-0.41669846
0.24577162,-0.41669846
0.24578664,-0.41669846
0.24580166,-0.46292973
0.24581668,-0.46292973
0.2458317,-0.46292973
0.24584672,-0.46292973
0.24586174,-0.46292973
0.24587676,-0.5091615
0.2458918,-0.5091615
0.24590681,-0.5091615
0.24592184,-0.5091615
0.24593686,-0.5091615
0.24595188,-0.55539227
0.2459669,-0.55539227
0.24598192,-0.55539227
0.24599694,-0.55539227
0.24601196,-0.601624
0.24602698,-0.601624
0.246042,-0.601624
0.24605702,-0.601624
0.24607204,-0.601624
0.24608706,-0.6478553
0.24610208,-0.6478553
0.2461171,-0.6478553
0.24613212,-0.6478553
0.24614714,-0.694087
0.24616216,-0.694087
0.24617718,-0.694087
0.2461922,-0.694087
0.24620722,-0.694087
0.24622224,-0.7403178
0.24623726,-0.7403178
0.24625228,-0.7403178
0.2462673,-0.7403178
0.24628232,-0.7403178
0.24629734,-0.78654957
0.24631236,-0.78654957
0.2463274,-0.78654957
0.24634242,-0.78654957
0.24635744,-0.78654957
0.24637246,-0.83278084
0.24638748,-0.83278084
0.2464025,-0.83278084
0.24641752,-0.83278084
0.24643254,-0.8790121
0.24644756,-0.8790121
0.24646258,-0.8790121
0.2464776,-0.8790121
0.24649262,-0.8790121
0.24650764,-0.9252434
0.24652267,-0.9252434
0.24653769,-0.9252434
0.2465527,-0.9252434
0.24656773,-0.9252434
0.24658275,-0.9714751
0.24659777,-0.9714751
0.24661279,-0.9714751
0.24662781,-0.9714751
0.24664283,-1.0177064
0.24665785,-1.0177064
0.24667287,-1.0177064
0.24668789,-1.0177064
0.24670291,-1.0177064
0.24671793,-1.0639377
0.24673295,-1.0639377
0.24674797,-1.0639377
0.246763,-1.0639377
0.24677803,-1.0639377
0.24679305,-1.1101689
0.24680807,-1.1101689
0.24682309,-1.1101689
0.24683811,-1.1101689
0.24685313,-1.1101689
0.24686815,-1.1564007
0.24688317,-1.1564007
0.24689819,-1.1564007
0.24691321,-1.1564007
0.24692823,-1.202632
0.24694325,-1.202632
0.24695827,-1.202632
0.24697329,-1.202632
0.24698831,-1.202632
0.24700333,-1.2488632
0.24701835,-1.2488632
0.24703337,-1.2488632
0.2470484,-1.2488632
0.24706341,-1.2488632
0.24707843,-1.2950945
0.24709345,-1.2950945
0.24710847,-1.2950945
0.2471235,-1.2950945
0.24713852,-1.2950945
0.24715354,-1.3413262
0.24716856,-1.3413262
0.24718358,-1.3413262
0.2471986,-1.3413262
0.24721363,-1.3413262
0.24722865,-1.387557
0.24724367,-1.387557
0.2472587,-1.387557
0.24727371,-1.387557
0.24728873,-1.4337888
0.24730375,-1.4337888
0.24731877,-1.4337888
0.2473338,-1.4337888
0.24734882,-1.4337888
0.24736384,-1.4337888
0.24737886,-1.48002
0.24739388,-1.48002
0.2474089,-1.48002
0.24742392,-1.48002
0.24743894,-1.48002
0.24745396,-1.48002
0.24746898,-1.48002
0.247484,-1.5262513
0.24749902,-1.5262513
0.24751404,-1.5262513
0.24752906,-1.5262513
0.24754408,-1.5262513
0.2475591,-1.5724826
0.24757412,-1.5724826
0.24758914,-1.5724826
0.24760416,-1.5724826
0.24761918,-1.5724826
0.2476342,-1.6187139
0.24764924,-1.6187139
0.24766426,-1.6187139
0.24767928,-1.6187139
0.2476943,-1.6187139
0.24770932,-1.6187139
0.24772434,-1.6187139
0.24773936,-1.6187139
0.24775438,-1.5724826
0.2477694,-1.5724826
0.24778442,-1.5724826
0.24779944,-1.5724826
0.24781446,-1.5724826
0.24782948,-1.5262513
0.2478445,-1.5262513
0.24785952,-1.5262513
0.24787454,-1.5262513
0.24788956,-1.48002
0.24790458,-1.48002
0.2479196,-1.48002
0.24793462,-1.48002
0.24794964,-1.48002
0.24796467,-1.48002
0.24797969,-1.48002
0.2479947,-1.48002
0.24800973,-1.4337888
0.24802475,-1.4337888
0.24803977,-1.4337888
0.24805479,-1.4337888
0.24806981,-1.387557
0.24808484,-1.387557
0.24809986,-1.387557
0.24811488,-1.387557
0.2481299,-1.387557
0.24814492,-1.3413262
0.24815995,-1.3413262
0.24817497,-1.3413262
0.24818999,-1.3413262
0.248205,-1.2950945
0.24822003,-1.2950945
0.24823505,-1.2950945
0.24825007,-1.2950945
0.24826509,-1.2950945
0.24828011,-1.2488632
0.24829513,-1.2488632
0.24831015,-1.2488632
0.24832517,-1.2488632
0.24834019,-1.2488632
0.24835521,-1.202632
0.24837023,-1.202632
0.24838525,-1.202632
0.24840027,-1.202632
0.24841529,-1.1564007
0.24843031,-1.1564007
0.24844533,-1.1564007
0.24846035,-1.1564007
0.24847537,-1.1564007
0.2484904,-1.1101689
0.24850541,-1.1101689
0.24852043,-1.1101689
0.24853547,-1.1101689
0.24855049,-1.1101689
0.24856551,-1.0639377
0.24858053,-1.0639377
0.24859555,-1.0639377
0.24861057,-1.0639377
0.24862559,-1.0177064
0.24864061,-1.0177064
0.24865563,-1.0177064
0.24867065,-1.0177064
0.24868567,-1.0177064
0.2487007,-0.9714751
0.24871571,-0.9714751
0.24873073,-0.9714751
0.24874575,-0.9714751
0.24876077,-0.9714751
0.2487758,-0.9252434
0.24879082,-0.9252434
0.24880584,-0.9252434
0.24882086,-0.9252434
0.24883588,-0.8790121
0.2488509,-0.8790121
0.24886592,-0.8790121
0.24888094,-0.8790121
0.24889596,-0.8790121
0.24891098,-0.83278084
0.248926,-0.83278084
0.24894102,-0.83278084
0.24895604,-0.83278084
0.24897107,-0.78654957
0.2489861,-0.78654957
0.24900112,-0.78654957
0.24901614,-0.78654957
0.24903116,-0.78654957
0.24904618,-0.7403178
0.2490612,-0.7403178
0.24907622,-0.7403178
0.24909124,-0.7403178
0.24910626,-0.7403178
0.24912128,-0.694087
0.2491363,-0.694087
0.24915132,-0.694087
0.24916634,-0.694087
0.24918136,-0.694087
0.24919638,-0.6478553
0.2492114,-0.6478553
0.24922642,-0.6478553
0.24924144,-0.6478553
0.24925646,-0.601624
0.24927148,-0.601624
0.2492865,-0.601624
0.24930152,-0.601624
0.24931654,-0.601624
0.24933156,-0.55539227
0.24934658,-0.55539227
0.2493616,-0.55539227
0.24937662,-0.55539227
0.24939165,-0.55539227
0.24940668,-0.5091615
0.2494217,-0.5091615
0.24943672,-0.5091615
0.24945174,-0.5091615
0.24946676,-0.46292973
0.24948178,-0.46292973
0.2494968,-0.46292973
0.24951182,-0.46292973
0.24952684,-0.46292973
0.24954186,-0.41669846
0.24955688,-0.41669846
0.2495719,-0.41669846
0.24958692,-0.41669846
0.24960195,-0.41669846
0.24961697,-0.3704667
0.24963199,-0.3704667
0.249647,-0.3704667
0.24966203,-0.3704667
0.24967705,-0.32423592
0.24969207,-0.32423592
0.24970709,-0.32423592
0.24972211,-0.32423592
0.24973713,-0.32423592
0.24975215,-0.27800417
0.24976717,-0.27800417
0.24978219,-0.27800417
0.24979721,-0.27800417
0.24981223,-0.27800417
0.24982725,-0.2317729
0.24984227,-0.2317729
0.2498573,-0.2317729
0.24987233,-0.2317729
0.24988735,-0.18554163
0.24990237,-0.18554163
0.24991739,-0.18554163
0.24993241,-0.18554163
0.24994743,-0.18554163
0.24996245,-0.13931036
0.24997747,-0.13931036
0.24999249,-0.13931036
0.2500075,-0.13931036
0.25002253,-0.13931036
0.25003755,-0.09307861
0.25005257,-0.09307861
0.2500676,-0.09307861
0.2500826,-0.09307861
0.25009763,-0.046847343
0.25011265,-0.046847343
0.25012767,-0.046847343
0.2501427,-0.046847343
0.2501577,-0.046847343
0.25017273,-6.160736E-4
0.25018775,-6.160736E-4
0.25020278,-6.160736E-4
0.2502178,-6.160736E-4
0.25023282,0.045615196
0.25024784,0.045615196
0.25026286,0.045615196
0.25027788,0.045615196
0.2502929,0.045615196
0.25030792,0.091846466
0.25032294,0.091846466
0.25033796,0.091846466
0.25035298,0.091846466
0.250368,0.13807821
0.25038302,0.13807821
0.25039804,0.13807821
0.25041306,0.13807821
0.25042808,0.13807821
0.2504431,0.184309
0.25045812,0.184309
0.25047314,0.184309
0.25048816,0.184309
0.25050318,0.184309
0.25051823,0.23054075
0.25053325,0.23054075
0.25054827,0.23054075
0.2505633,0.23054075
0.2505783,0.23054075
0.25059333,0.27677202
0.25060835,0.27677202
0.25062338,0.27677202
0.2506384,0.27677202
0.25065342,0.3230033
0.25066844,0.3230033
0.25068346,0.3230033
0.25069848,0.3230033
0.2507135,0.3230033
0.25072852,0.36923456
0.25074354,0.36923456
0.25075856,0.36923456
0.25077358,0.36923456
0.2507886,0.4154663
0.25080362,0.4154663
0.25081864,0.4154663
0.25083366,0.4154663
0.25084868,0.4154663
0.2508637,0.4154663
0.25087872,0.46169758
0.25089374,0.46169758
0.25090876,0.46169758
0.25092378,0.46169758
0.2509388,0.50792885
0.25095382,0.50792885
0.25096884,0.50792885
0.25098386,0.50792885
0.25099888,0.50792885
0.2510139,0.5541601
0.25102893,0.5541601
0.25104395,0.5541601
0.25105897,0.5541601
0.251074,0.5541601
0.251089,0.60039186
0.25110403,0.60039186
0.25111905,0.60039186
0.25113407,0.60039186
0.2511491,0.64662313
0.2511641,0.64662313
0.25117913,0.64662313
0.25119415,0.64662313
0.25120917,0.64662313
0.2512242,0.6928544
0.2512392,0.6928544
0.25125423,0.6928544
0.25126925,0.6928544
0.25128427,0.6928544
0.2512993,0.7390857
0.2513143,0.7390857
0.25132933,0.7390857
0.25134435,0.7390857
0.25135937,0.7390857
0.2513744,0.7853174
0.25138944,0.7853174
0.25140446,0.7853174
0.25141948,0.7853174
0.2514345,0.7853174
0.25144953,0.8315482
0.25146455,0.8315482
0.25147957,0.8315482
0.2514946,0.8315482
0.2515096,0.8315482
0.25152463,0.87777996
0.25153965,0.87777996
0.25155467,0.87777996
0.2515697,0.87777996
0.2515847,0.92401123
0.25159973,0.92401123
0.25161475,0.92401123
0.25162977,0.92401123
0.2516448,0.92401123
0.2516598,0.970243
0.25167483,0.970243
0.25168985,0.970243
0.25170487,0.970243
0.2517199,0.970243
0.2517349,1.0164738
0.25174993,1.0164738
0.25176495,1.0164738
0.25177997,1.0164738
0.251795,1.0164738
0.25181,1.0627055
0.25182503,1.0627055
0.25184005,1.0627055
0.25185508,1.0627055
0.2518701,1.0627055
0.25188512,1.1089368
0.25190014,1.1089368
0.25191516,1.1089368
0.25193018,1.1089368
0.2519452,1.1089368
0.25196022,1.1551685
0.25197524,1.1551685
0.25199026,1.1551685
0.25200528,1.1551685
0.2520203,1.1551685
0.25203532,1.2013993
0.25205034,1.2013993
0.25206536,1.2013993
0.25208038,1.2013993
0.2520954,1.2013993
0.25211042,1.2476311
0.25212544,1.2476311
0.25214046,1.2476311
0.25215548,1.2476311
0.2521705,1.2476311
0.25218552,1.2938623
0.25220054,1.2938623
0.25221556,1.2938623
0.25223058,1.2938623
0.2522456,1.2938623
0.25226063,1.3400936
0.25227568,1.3400936
0.2522907,1.3400936
0.25230572,1.3400936
0.25232074,1.3863249
0.25233576,1.3863249
0.25235078,1.3863249
0.2523658,1.3863249
0.25238082,1.3863249
0.25239584,1.3863249
0.25241086,1.4325566
0.25242588,1.4325566
0.2524409,1.4325566
0.25245592,1.4325566
0.25247094,1.4325566
0.25248596,1.4787879
0.25250098,1.4787879
0.252516,1.4787879
0.25253102,1.4787879
0.25254604,1.4787879
0.25256106,1.4787879
0.25257608,1.4787879
0.2525911,1.5250192
0.25260612,1.5250192
0.25262114,1.5250192
0.25263616,1.5250192
0.25265118,1.5250192
0.2526662,1.5250192
0.25268123,1.5712504
0.25269625,1.5712504
0.25271127,1.5712504
0.2527263,1.5712504
0.2527413,1.5712504
0.25275633,1.6174817
0.25277135,1.6174817
0.25278637,1.6174817
0.2528014,1.6174817
0.2528164,1.6174817
0.25283143,1.6637135
0.25284645,1.6637135
0.25286147,1.6637135
0.2528765,1.6637135
0.2528915,1.6637135
0.25290653,1.7099442
0.25292155,1.7099442
0.25293657,1.7099442
0.2529516,1.7099442
0.2529666,1.7099442
0.25298163,1.756176
0.25299665,1.756176
0.25301167,1.756176
0.2530267,1.756176
0.2530417,1.756176
0.25305673,1.756176
0.25307176,1.756176
0.25308678,1.7099442
0.2531018,1.7099442
0.25311682,1.7099442
0.25313184,1.7099442
0.2531469,1.6637135
0.2531619,1.6637135
0.25317693,1.6637135
0.25319195,1.6637135
0.25320697,1.6174817
0.253222,1.6174817
0.253237,1.6174817
0.25325203,1.6174817
0.25326705,1.6174817
0.25328207,1.5712504
0.2532971,1.5712504
0.2533121,1.5712504
0.25332713,1.5712504
0.25334215,1.5250192
0.25335717,1.5250192
0.2533722,1.5250192
0.2533872,1.5250192
0.25340223,1.5250192
0.25341725,1.4787879
0.25343227,1.4787879
0.2534473,1.4787879
0.2534623,1.4787879
0.25347733,1.4787879
0.25349236,1.4787879
0.25350738,1.4325566
0.2535224,1.4325566
0.25353742,1.4325566
0.25355244,1.4325566
0.25356746,1.3863249
0.25358248,1.3863249
0.2535975,1.3863249
0.25361252,1.3863249
0.25362754,1.3863249
0.25364256,1.3400936
0.25365758,1.3400936
0.2536726,1.3400936
0.25368762,1.3400936
0.25370264,1.2938623
0.25371766,1.2938623
0.25373268,1.2938623
0.2537477,1.2938623
0.25376272,1.2938623
0.25377774,1.2476311
0.25379276,1.2476311
0.25380778,1.2476311
0.2538228,1.2476311
0.25383782,1.2013993
0.25385284,1.2013993
0.25386786,1.2013993
0.25388288,1.2013993
0.2538979,1.1551685
0.25391293,1.1551685
0.25392795,1.1551685
0.25394297,1.1551685
0.253958,1.1551685
0.253973,1.1089368
0.25398803,1.1089368
0.25400305,1.1089368
0.25401807,1.1089368
0.25403312,1.0627055
0.25404814,1.0627055
0.25406316,1.0627055
0.25407818,1.0627055
0.2540932,1.0627055
0.25410822,1.0164738
0.25412324,1.0164738
0.25413826,1.0164738
0.25415328,1.0164738
0.2541683,0.970243
0.25418332,0.970243
0.25419834,0.970243
0.25421336,0.970243
0.25422838,0.970243
0.2542434,0.92401123
0.25425842,0.92401123
0.25427344,0.92401123
0.25428846,0.92401123
0.2543035,0.87777996
0.2543185,0.87777996
0.25433353,0.87777996
0.25434855,0.87777996
0.25436357,0.8315482
0.2543786,0.8315482
0.2543936,0.8315482
0.25440863,0.8315482
0.25442365,0.8315482
0.25443867,0.7853174
0.2544537,0.7853174
0.2544687,0.7853174
0.25448373,0.7853174
0.25449875,0.7390857
0.25451377,0.7390857
0.2545288,0.7390857
0.2545438,0.7390857
0.25455883,0.7390857
0.25457385,0.6928544
0.25458887,0.6928544
0.2546039,0.6928544
0.2546189,0.6928544
0.25463393,0.64662313
0.25464895,0.64662313
0.25466397,0.64662313
0.254679,0.64662313
0.254694,0.60039186
0.25470904,0.60039186
0.25472406,0.60039186
0.25473908,0.60039186
0.2547541,0.60039186
0.25476912,0.5541601
0.25478414,0.5541601
0.25479916,0.5541601
0.25481418,0.5541601
0.2548292,0.50792885
0.25484422,0.50792885
0.25485924,0.50792885
0.25487426,0.50792885
0.25488928,0.50792885
0.2549043,0.46169758
0.25491935,0.46169758
0.25493437,0.46169758
0.2549494,0.46169758
0.2549644,0.4154663
0.25497943,0.4154663
0.25499445,0.4154663
0.25500947,0.4154663
0.2550245,0.36923456
0.2550395,0.36923456
0.25505453,0.36923456
0.25506955,0.36923456
0.25508457,0.36923456
0.2550996,0.3230033
0.25511461,0.3230033
0.25512964,0.3230033
0.25514466,0.3230033
0.25515968,0.27677202
0.2551747,0.27677202
0.25518972,0.27677202
0.25520474,0.27677202
0.25521976,0.27677202
0.25523478,0.23054075
0.2552498,0.23054075
0.25526482,0.23054075
0.25527984,0.23054075
0.25529486,0.184309
0.25530988,0.184309
0.2553249,0.184309
0.25533992,0.184309
0.25535494,0.184309
0.25536996,0.13807821
0.25538498,0.13807821
0.2554,0.13807821
0.25541502,0.13807821
0.25543004,0.091846466
0.25544506,0.091846466
0.25546008,0.091846466
0.2554751,0.091846466
0.25549012,0.091846466
0.25550514,0.045615196
0.25552016,0.045615196
0.2555352,0.045615196
0.2555502,0.045615196
0.25556523,-6.160736E-4
0.25558025,-6.160736E-4
0.25559527,-6.160736E-4
0.2556103,-6.160736E-4
0.2556253,-0.046847343
0.25564033,-0.046847343
0.25565535,-0.046847343
0.25567037,-0.046847343
0.2556854,-0.046847343
0.2557004,-0.09307861
0.25571543,-0.09307861
0.25573045,-0.09307861
0.25574547,-0.09307861
0.2557605,-0.13931036
0.2557755,-0.13931036
0.25579056,-0.13931036
0.25580558,-0.13931036
0.2558206,-0.13931036
0.25583562,-0.18554163
0.25585064,-0.18554163
0.25586566,-0.18554163
0.25588068,-0.18554163
0.2558957,-0.2317729
0.25591072,-0.2317729
0.25592574,-0.2317729
0.25594077,-0.2317729
0.2559558,-0.2317729
0.2559708,-0.27800417
0.25598583,-0.27800417
0.25600085,-0.27800417
0.25601587,-0.27800417
0.2560309,-0.32423592
0.2560459,-0.32423592
0.25606093,-0.32423592
0.25607595,-0.32423592
0.25609097,-0.32423592
0.256106,-0.3704667
0.256121,-0.3704667
0.25613603,-0.3704667
0.25615105,-0.3704667
0.25616607,-0.41669846
0.2561811,-0.41669846
0.2561961,-0.41669846
0.25621113,-0.41669846
0.25622615,-0.41669846
0.25624117,-0.46292973
0.2562562,-0.46292973
0.2562712,-0.46292973
0.25628623,-0.46292973
0.25630125,-0.46292973
0.25631627,-0.5091615
0.2563313,-0.5091615
0.25634632,-0.5091615
0.25636134,-0.5091615
0.25637636,-0.55539227
0.25639138,-0.55539227
0.2564064,-0.55539227
0.25642142,-0.55539227
0.25643644,-0.55539227
0.25645146,-0.601624
0.25646648,-0.601624
0.2564815,-0.601624
0.25649652,-0.601624
0.25651154,-0.6478553
0.25652656,-0.6478553
0.25654158,-0.6478553
0.2565566,-0.6478553
0.25657162,-0.6478553
0.25658664,-0.694087
0.25660166,-0.694087
0.25661668,-0.694087
0.2566317,-0.694087
0.25664672,-0.694087
0.25666174,-0.7403178
0.2566768,-0.7403178
0.2566918,-0.7403178
0.25670683,-0.7403178
0.25672185,-0.78654957
0.25673687,-0.78654957
0.2567519,-0.78654957
0.25676692,-0.78654957
0.25678194,-0.78654957
0.25679696,-0.83278084
0.25681198,-0.83278084
0.256827,-0.83278084
0.25684202,-0.83278084
0.25685704,-0.83278084
0.25687206,-0.8790121
0.25688708,-0.8790121
0.2569021,-0.8790121
0.25691712,-0.8790121
0.25693214,-0.8790121
0.25694716,-0.9252434
0.25696218,-0.9252434
0.2569772,-0.9252434
0.25699222,-0.9252434
0.25700724,-0.9714751
0.25702226,-0.9714751
0.25703728,-0.9714751
0.2570523,-0.9714751
0.25706732,-0.9714751
0.25708234,-1.0177064
0.25709736,-1.0177064
0.25711238,-1.0177064
0.2571274,-1.0177064
0.25714242,-1.0177064
0.25715744,-1.0639377
0.25717247,-1.0639377
0.2571875,-1.0639377
0.2572025,-1.0639377
0.25721753,-1.1101689
0.25723255,-1.1101689
0.25724757,-1.1101689
0.2572626,-1.1101689
0.2572776,-1.1101689
0.25729263,-1.1564007
0.25730765,-1.1564007
0.25732267,-1.1564007
0.2573377,-1.1564007
0.2573527,-1.1564007
0.25736773,-1.202632
0.25738275,-1.202632
0.25739777,-1.202632
0.2574128,-1.202632
0.2574278,-1.202632
0.25744283,-1.2488632
0.25745785,-1.2488632
0.25747287,-1.2488632
0.2574879,-1.2488632
0.2575029,-1.2488632
0.25751793,-1.2950945
0.25753295,-1.2950945
0.25754797,-1.2950945
0.25756302,-1.2950945
0.25757805,-1.3413262
0.25759307,-1.3413262
0.2576081,-1.3413262
0.2576231,-1.3413262
0.25763813,-1.3413262
0.25765315,-1.387557
0.25766817,-1.387557
0.2576832,-1.387557
0.2576982,-1.387557
0.25771323,-1.387557
0.25772825,-1.4337888
0.25774327,-1.4337888
0.2577583,-1.4337888
0.2577733,-1.4337888
0.25778833,-1.4337888
0.25780335,-1.48002
0.25781837,-1.48002
0.2578334,-1.48002
0.2578484,-1.48002
0.25786343,-1.48002
0.25787845,-1.48002
0.25789347,-1.48002
0.2579085,-1.48002
0.2579235,-1.5262513
0.25793853,-1.5262513
0.25795355,-1.5262513
0.25796857,-1.5262513
0.2579836,-1.5262513
0.25799862,-1.5724826
0.25801364,-1.5724826
0.25802866,-1.5724826
0.25804368,-1.5724826
0.2580587,-1.6187139
0.25807372,-1.6187139
0.25808874,-1.6187139
0.25810376,-1.6187139
0.25811878,-1.6187139
0.2581338,-1.6187139
0.25814882,-1.6187139
0.25816384,-1.6187139
0.25817886,-1.6187139
0.25819388,-1.5724826
0.2582089,-1.5724826
0.25822392,-1.5724826
0.25823894,-1.5724826
0.25825396,-1.5262513
0.25826898,-1.5262513
0.258284,-1.5262513
0.25829902,-1.5262513
0.25831404,-1.5262513
0.25832906,-1.48002
0.25834408,-1.48002
0.2583591,-1.48002
0.25837412,-1.48002
0.25838915,-1.48002
0.25840417,-1.48002
0.2584192,-1.48002
0.25843424,-1.4337888
0.25844926,-1.4337888
0.25846428,-1.4337888
0.2584793,-1.4337888
0.25849432,-1.4337888
0.25850934,-1.387557
0.25852436,-1.387557
0.25853938,-1.387557
0.2585544,-1.387557
0.25856942,-1.3413262
0.25858444,-1.3413262
0.25859946,-1.3413262
0.25861448,-1.3413262
0.2586295,-1.3413262
0.25864452,-1.2950945
0.25865954,-1.2950945
0.25867456,-1.2950945
0.25868958,-1.2950945
0.2587046,-1.2950945
0.25871962,-1.2488632
0.25873464,-1.2488632
0.25874966,-1.2488632
0.25876468,-1.2488632
0.2587797,-1.2488632
0.25879472,-1.202632
0.25880975,-1.202632
0.25882477,-1.202632
0.2588398,-1.202632
0.2588548,-1.1564007
0.25886983,-1.1564007
0.25888485,-1.1564007
0.25889987,-1.1564007
0.2589149,-1.1564007
0.2589299,-1.1101689
0.25894493,-1.1101689
0.25895995,-1.1101689
0.25897497,-1.1101689
0.25899,-1.0639377
0.259005,-1.0639377
0.25902003,-1.0639377
0.25903505,-1.0639377
0.25905007,-1.0639377
0.2590651,-1.0177064
0.2590801,-1.0177064
0.25909513,-1.0177064
0.25911015,-1.0177064
0.25912517,-1.0177064
0.2591402,-0.9714751
0.2591552,-0.9714751
0.25917023,-0.9714751
0.25918525,-0.9714751
0.25920027,-0.9252434
0.2592153,-0.9252434
0.25923032,-0.9252434
0.25924534,-0.9252434
0.25926036,-0.9252434
0.25927538,-0.8790121
0.2592904,-0.8790121
0.25930542,-0.8790121
0.25932047,-0.8790121
0.2593355,-0.83278084
0.2593505,-0.83278084
0.25936553,-0.83278084
0.25938055,-0.83278084
0.25939557,-0.83278084
0.2594106,-0.78654957
0.2594256,-0.78654957
0.25944063,-0.78654957
0.25945565,-0.78654957
0.25947067,-0.78654957
0.2594857,-0.7403178
0.2595007,-0.7403178
0.25951573,-0.7403178
0.25953075,-0.7403178
0.25954577,-0.7403178
0.2595608,-0.694087
0.2595758,-0.694087
0.25959083,-0.694087
0.25960585,-0.694087
0.25962088,-0.6478553
0.2596359,-0.6478553
0.25965092,-0.6478553
0.25966594,-0.6478553
0.25968096,-0.6478553
0.25969598,-0.601624
0.259711,-0.601624
0.25972602,-0.601624
0.25974104,-0.601624
0.25975606,-0.601624
0.25977108,-0.55539227
0.2597861,-0.55539227
0.25980112,-0.55539227
0.25981614,-0.55539227
0.25983116,-0.5091615
0.25984618,-0.5091615
0.2598612,-0.5091615
0.25987622,-0.5091615
0.25989124,-0.5091615
0.25990626,-0.46292973
0.25992128,-0.46292973
0.2599363,-0.46292973
0.25995132,-0.46292973
0.25996634,-0.41669846
0.25998136,-0.41669846
0.25999638,-0.41669846
0.2600114,-0.41669846
0.26002643,-0.41669846
0.26004145,-0.3704667
0.26005647,-0.3704667
0.2600715,-0.3704667
0.2600865,-0.3704667
0.26010153,-0.3704667
0.26011655,-0.32423592
0.26013157,-0.32423592
0.2601466,-0.32423592
0.2601616,-0.32423592
0.26017663,-0.27800417
0.26019168,-0.27800417
0.2602067,-0.27800417
0.26022172,-0.27800417
0.26023674,-0.27800417
0.26025176,-0.2317729
0.26026678,-0.2317729
0.2602818,-0.2317729
0.26029682,-0.2317729
0.26031184,-0.2317729
0.26032686,-0.18554163
0.26034188,-0.18554163
0.2603569,-0.18554163
0.26037192,-0.18554163
0.26038694,-0.13931036
0.26040196,-0.13931036
0.26041698,-0.13931036
0.260432,-0.13931036
0.26044703,-0.13931036
0.26046205,-0.09307861
0.26047707,-0.09307861
0.2604921,-0.09307861
0.2605071,-0.09307861
0.26052213,-0.09307861
0.26053715,-0.046847343
0.26055217,-0.046847343
0.2605672,-0.046847343
0.2605822,-0.046847343
0.26059723,-6.160736E-4
0.26061225,-6.160736E-4
0.26062727,-6.160736E-4
0.2606423,-6.160736E-4
0.2606573,0.045615196
0.26067233,0.045615196
0.26068735,0.045615196
0.26070237,0.045615196
0.2607174,0.045615196
0.2607324,0.091846466
0.26074743,0.091846466
0.26076245,0.091846466
0.26077747,0.091846466
0.2607925,0.091846466
0.2608075,0.13807821
0.26082253,0.13807821
0.26083755,0.13807821
0.26085258,0.13807821
0.2608676,0.13807821
0.26088262,0.184309
0.26089764,0.184309
0.26091266,0.184309
0.26092768,0.184309
0.2609427,0.23054075
0.26095772,0.23054075
0.26097274,0.23054075
0.26098776,0.23054075
0.26100278,0.23054075
0.2610178,0.27677202
0.26103282,0.27677202
0.26104784,0.27677202
0.26106286,0.27677202
0.2610779,0.27677202
0.26109293,0.3230033
0.26110795,0.3230033
0.26112297,0.3230033
0.261138,0.3230033
0.261153,0.36923456
0.26116803,0.36923456
0.26118305,0.36923456
0.26119807,0.36923456
0.2612131,0.36923456
0.2612281,0.4154663
0.26124313,0.4154663
0.26125816,0.4154663
0.26127318,0.4154663
0.2612882,0.4154663
0.26130322,0.46169758
0.26131824,0.46169758
0.26133326,0.46169758
0.26134828,0.46169758
0.2613633,0.46169758
0.26137832,0.50792885
0.26139334,0.50792885
0.26140836,0.50792885
0.26142338,0.50792885
0.2614384,0.5541601
0.26145342,0.5541601
0.26146844,0.5541601
0.26148346,0.5541601
0.26149848,0.5541601
0.2615135,0.60039186
0.26152852,0.60039186
0.26154354,0.60039186
0.26155856,0.60039186
0.26157358,0.60039186
0.2615886,0.60039186
0.26160362,0.64662313
0.26161864,0.64662313
0.26163366,0.64662313
0.26164868,0.64662313
0.2616637,0.6928544
0.26167873,0.6928544
0.26169375,0.6928544
0.26170877,0.6928544
0.2617238,0.7390857
0.2617388,0.7390857
0.26175383,0.7390857
0.26176885,0.7390857
0.26178387,0.7390857
0.2617989,0.7390857
0.2618139,0.7853174
0.26182893,0.7853174
0.26184395,0.7853174
0.26185897,0.7853174
0.261874,0.7853174
0.261889,0.8315482
0.26190403,0.8315482
0.26191905,0.8315482
0.26193407,0.8315482
0.2619491,0.87777996
0.26196414,0.87777996
0.26197916,0.87777996
0.26199418,0.87777996
0.2620092,0.87777996
0.26202422,0.92401123
0.26203924,0.92401123
0.26205426,0.92401123
0.26206928,0.92401123
0.2620843,0.92401123
0.26209933,0.970243
0.26211435,0.970243
0.26212937,0.970243
0.2621444,0.970243
0.2621594,0.970243
0.26217443,1.0164738
0.26218945,1.0164738
0.26220447,1.0164738
0.2622195,1.0164738
0.2622345,1.0164738
0.26224953,1.0627055
0.26226455,1.0627055
0.26227957,1.0627055
0.2622946,1.0627055
0.2623096,1.0627055
0.26232463,1.1089368
0.26233965,1.1089368
0.26235467,1.1089368
0.2623697,1.1089368
0.2623847,1.1551685
0.26239973,1.1551685
0.26241475,1.1551685
0.26242977,1.1551685
0.2624448,1.1551685
0.2624598,1.2013993
0.26247483,1.2013993
0.26248986,1.2013993
0.26250488,1.2013993
0.2625199,1.2013993
0.26253492,1.2476311
0.26254994,1.2476311
0.26256496,1.2476311
0.26257998,1.2476311
0.262595,1.2476311
0.26261002,1.2938623
0.26262504,1.2938623
0.26264006,1.2938623
0.26265508,1.2938623
0.2626701,1.2938623
0.26268512,1.3400936
0.26270014,1.3400936
0.26271516,1.3400936
0.26273018,1.3400936
0.2627452,1.3400936
0.26276022,1.3863249
0.26277524,1.3863249
0.26279026,1.3863249
0.26280528,1.3863249
0.2628203,1.3863249
0.26283535,1.4325566
0.26285037,1.4325566
0.2628654,1.4325566
0.2628804,1.4325566
0.26289544,1.4325566
0.26291046,1.4325566
0.26292548,1.4787879
0.2629405,1.4787879
0.26295552,1.4787879
0.26297054,1.4787879
0.26298556,1.4787879
0.26300058,1.4787879
0.2630156,1.4787879
0.26303062,1.5250192
0.26304564,1.5250192
0.26306066,1.5250192
0.26307568,1.5250192
0.2630907,1.5250192
0.26310572,1.5712504
0.26312074,1.5712504
0.26313576,1.5712504
0.26315078,1.5712504
0.2631658,1.5712504
0.26318082,1.6174817
0.26319584,1.6174817
0.26321086,1.6174817
0.26322588,1.6174817
0.2632409,1.6174817
0.26325592,1.6637135
0.26327094,1.6637135
0.26328596,1.6637135
0.26330099,1.6637135
0.263316,1.6637135
0.26333103,1.7099442
0.26334605,1.7099442
0.26336107,1.7099442
0.2633761,1.7099442
0.2633911,1.7099442
0.26340613,1.756176
0.26342115,1.756176
0.26343617,1.756176
0.2634512,1.756176
0.2634662,1.756176
0.26348123,1.756176
0.26349625,1.756176
0.26351127,1.7099442
0.2635263,1.7099442
0.2635413,1.7099442
0.26355633,1.7099442
0.26357135,1.7099442
0.26358637,1.6637135
0.2636014,1.6637135
0.2636164,1.6637135
0.26363143,1.6637135
0.26364645,1.6174817
0.26366147,1.6174817
0.2636765,1.6174817
0.2636915,1.6174817
0.26370654,1.5712504
0.2637216,1.5712504
0.2637366,1.5712504
0.26375163,1.5712504
0.26376665,1.5712504
0.26378167,1.5250192
0.2637967,1.5250192
0.2638117,1.5250192
0.26382673,1.5250192
0.26384175,1.4787879
0.26385677,1.4787879
0.2638718,1.4787879
0.2638868,1.4787879
0.26390183,1.4787879
0.26391685,1.4787879
0.26393187,1.4787879
0.2639469,1.4325566
0.2639619,1.4325566
0.26397693,1.4325566
0.26399195,1.4325566
0.26400697,1.3863249
0.264022,1.3863249
0.264037,1.3863249
0.26405203,1.3863249
0.26406705,1.3863249
0.26408207,1.3400936
0.2640971,1.3400936
0.26411211,1.3400936
0.26412714,1.3400936
0.26414216,1.2938623
0.26415718,1.2938623
0.2641722,1.2938623
0.26418722,1.2938623
0.26420224,1.2476311
0.26421726,1.2476311
0.26423228,1.2476311
0.2642473,1.2476311
0.26426232,1.2476311
0.26427734,1.2013993
0.26429236,1.2013993
0.26430738,1.2013993
0.2643224,1.2013993
0.26433742,1.1551685
0.26435244,1.1551685
0.26436746,1.1551685
0.26438248,1.1551685
0.2643975,1.1551685
0.26441252,1.1089368
0.26442754,1.1089368
0.26444256,1.1089368
0.26445758,1.1089368
0.2644726,1.0627055
0.26448762,1.0627055
0.26450264,1.0627055
0.26451766,1.0627055
0.2645327,1.0627055
0.2645477,1.0164738
0.26456273,1.0164738
0.26457775,1.0164738
0.2645928,1.0164738
0.26460782,0.970243
0.26462284,0.970243
0.26463786,0.970243
0.26465288,0.970243
0.2646679,0.92401123
0.26468292,0.92401123
0.26469794,0.92401123
0.26471296,0.92401123
0.26472798,0.92401123
0.264743,0.87777996
0.26475802,0.87777996
0.26477304,0.87777996
0.26478806,0.87777996
0.26480308,0.8315482
0.2648181,0.8315482
0.26483312,0.8315482
0.26484814,0.8315482
0.26486316,0.7853174
0.26487818,0.7853174
0.2648932,0.7853174
0.26490822,0.7853174
0.26492324,0.7853174
0.26493827,0.7390857
0.2649533,0.7390857
0.2649683,0.7390857
0.26498333,0.7390857
0.26499835,0.6928544
0.26501337,0.6928544
0.2650284,0.6928544
0.2650434,0.6928544
0.26505843,0.6928544
0.26507345,0.64662313
0.26508847,0.64662313
0.2651035,0.64662313
0.2651185,0.64662313
0.26513353,0.60039186
0.26514855,0.60039186
0.26516357,0.60039186
0.2651786,0.60039186
0.2651936,0.60039186
0.26520863,0.5541601
0.26522365,0.5541601
0.26523867,0.5541601
0.2652537,0.5541601
0.2652687,0.50792885
0.26528373,0.50792885
0.26529875,0.50792885
0.26531377,0.50792885
0.2653288,0.46169758
0.26534382,0.46169758
0.26535884,0.46169758
0.26537386,0.46169758
0.26538888,0.46169758
0.2654039,0.4154663
0.26541892,0.4154663
0.26543394,0.4154663
0.26544896,0.4154663
0.26546398,0.36923456
0.26547903,0.36923456
0.26549405,0.36923456
0.26550907,0.36923456
0.2655241,0.36923456
0.2655391,0.3230033
0.26555413,0.3230033
0.26556915,0.3230033
0.26558417,0.3230033
0.2655992,0.27677202
0.2656142,0.27677202
0.26562923,0.27677202
0.26564425,0.27677202
0.26565927,0.27677202
0.2656743,0.23054075
0.2656893,0.23054075
0.26570433,0.23054075
0.26571935,0.23054075
0.26573437,0.184309
0.2657494,0.184309
0.26576442,0.184309
0.26577944,0.184309
0.26579446,0.13807821
0.26580948,0.13807821
0.2658245,0.13807821
0.26583952,0.13807821
0.26585454,0.13807821
0.26586956,0.091846466
0.26588458,0.091846466
0.2658996,0.091846466
0.26591462,0.091846466
0.26592964,0.045615196
0.26594466,0.045615196
0.26595968,0.045615196
0.2659747,0.045615196
0.26598972,0.045615196
0.26600474,-6.160736E-4
0.26601976,-6.160736E-4
0.26603478,-6.160736E-4
0.2660498,-6.160736E-4
0.26606482,-0.046847343
0.26607984,-0.046847343
0.26609486,-0.046847343
0.26610988,-0.046847343
0.2661249,-0.09307861
0.26613992,-0.09307861
0.26615494,-0.09307861
0.26616997,-0.09307861
0.266185,-0.09307861
0.2662,-0.13931036
0.26621503,-0.13931036
0.26623005,-0.13931036
0.26624507,-0.13931036
0.2662601,-0.18554163
0.2662751,-0.18554163
0.26629013,-0.18554163
0.26630515,-0.18554163
0.26632017,-0.18554163
0.2663352,-0.2317729
0.2663502,-0.2317729
0.26636526,-0.2317729
0.26638028,-0.2317729
0.2663953,-0.27800417
0.26641032,-0.27800417
0.26642534,-0.27800417
0.26644036,-0.27800417
0.26645538,-0.27800417
0.2664704,-0.32423592
0.26648542,-0.32423592
0.26650044,-0.32423592
0.26651546,-0.32423592
0.26653048,-0.32423592
0.2665455,-0.3704667
0.26656052,-0.3704667
0.26657555,-0.3704667
0.26659057,-0.3704667
0.2666056,-0.41669846
0.2666206,-0.41669846
0.26663563,-0.41669846
0.26665065,-0.41669846
0.26666567,-0.41669846
0.2666807,-0.46292973
0.2666957,-0.46292973
0.26671073,-0.46292973
0.26672575,-0.46292973
0.26674077,-0.5091615
0.2667558,-0.5091615
0.2667708,-0.5091615
0.26678583,-0.5091615
0.26680085,-0.5091615
0.26681587,-0.55539227
0.2668309,-0.55539227
0.2668459,-0.55539227
0.26686093,-0.55539227
0.26687595,-0.601624
0.26689097,-0.601624
0.266906,-0.601624
0.266921,-0.601624
0.26693603,-0.601624
0.26695105,-0.6478553
0.26696607,-0.6478553
0.2669811,-0.6478553
0.26699612,-0.6478553
0.26701114,-0.6478553
0.26702616,-0.694087
0.26704118,-0.694087
0.2670562,-0.694087
0.26707122,-0.694087
0.26708624,-0.7403178
0.26710126,-0.7403178
0.26711628,-0.7403178
0.2671313,-0.7403178
0.26714632,-0.7403178
0.26716134,-0.78654957
0.26717636,-0.78654957
0.26719138,-0.78654957
0.2672064,-0.78654957
0.26722142,-0.78654957
0.26723647,-0.83278084
0.2672515,-0.83278084
0.2672665,-0.83278084
0.26728153,-0.83278084
0.26729655,-0.8790121
0.26731157,-0.8790121
0.2673266,-0.8790121
0.2673416,-0.8790121
0.26735663,-0.8790121
0.26737165,-0.9252434
0.26738667,-0.9252434
0.2674017,-0.9252434
0.26741672,-0.9252434
0.26743174,-0.9252434
0.26744676,-0.9714751
0.26746178,-0.9714751
0.2674768,-0.9714751
0.26749182,-0.9714751
0.26750684,-0.9714751
0.26752186,-1.0177064
0.26753688,-1.0177064
0.2675519,-1.0177064
0.26756692,-1.0177064
0.26758194,-1.0639377
0.26759696,-1.0639377
0.26761198,-1.0639377
0.267627,-1.0639377
0.26764202,-1.0639377
0.26765704,-1.1101689
0.26767206,-1.1101689
0.26768708,-1.1101689
0.2677021,-1.1101689
0.26771712,-1.1101689
0.26773214,-1.1564007
0.26774716,-1.1564007
0.26776218,-1.1564007
0.2677772,-1.1564007
0.26779222,-1.1564007
0.26780725,-1.202632
0.26782227,-1.202632
0.2678373,-1.202632
0.2678523,-1.202632
0.26786733,-1.2488632
0.26788235,-1.2488632
0.26789737,-1.2488632
0.2679124,-1.2488632
0.2679274,-1.2488632
0.26794243,-1.2950945
0.26795745,-1.2950945
0.26797247,-1.2950945
0.2679875,-1.2950945
0.2680025,-1.2950945
0.26801753,-1.3413262
0.26803255,-1.3413262
0.26804757,-1.3413262
0.2680626,-1.3413262
0.2680776,-1.3413262
0.26809263,-1.387557
0.26810765,-1.387557
0.2681227,-1.387557
0.26813772,-1.387557
0.26815274,-1.387557
0.26816776,-1.4337888
0.26818278,-1.4337888
0.2681978,-1.4337888
0.26821283,-1.4337888
0.26822785,-1.4337888
0.26824287,-1.48002
0.2682579,-1.48002
0.2682729,-1.48002
0.26828793,-1.48002
0.26830295,-1.48002
0.26831797,-1.48002
0.268333,-1.48002
0.268348,-1.5262513
0.26836303,-1.5262513
0.26837805,-1.5262513
0.26839307,-1.5262513
0.2684081,-1.5262513
0.2684231,-1.5724826
0.26843813,-1.5724826
0.26845315,-1.5724826
0.26846817,-1.5724826
0.2684832,-1.5724826
0.2684982,-1.6187139
0.26851323,-1.6187139
0.26852825,-1.6187139
0.26854327,-1.6187139
0.2685583,-1.6187139
0.2685733,-1.6187139
0.26858833,-1.6187139
0.26860335,-1.6187139
0.26861838,-1.6187139
0.2686334,-1.5724826
0.26864842,-1.5724826
0.26866344,-1.5724826
0.26867846,-1.5724826
0.26869348,-1.5262513
0.2687085,-1.5262513
0.26872352,-1.5262513
0.26873854,-1.5262513
0.26875356,-1.5262513
0.26876858,-1.48002
0.2687836,-1.48002
0.26879862,-1.48002
0.26881364,-1.48002
0.26882866,-1.48002
0.26884368,-1.48002
0.2688587,-1.48002
0.26887372,-1.4337888
0.26888874,-1.4337888
0.26890376,-1.4337888
0.26891878,-1.4337888
0.2689338,-1.387557
0.26894882,-1.387557
0.26896384,-1.387557
0.26897886,-1.387557
0.26899388,-1.387557
0.26900893,-1.3413262
0.26902395,-1.3413262
0.26903898,-1.3413262
0.269054,-1.3413262
0.26906902,-1.3413262
0.26908404,-1.2950945
0.26909906,-1.2950945
0.26911408,-1.2950945
0.2691291,-1.2950945
0.26914412,-1.2488632
0.26915914,-1.2488632
0.26917416,-1.2488632
0.26918918,-1.2488632
0.2692042,-1.2488632
0.26921922,-1.202632
0.26923424,-1.202632
0.26924926,-1.202632
0.26926428,-1.202632
0.2692793,-1.202632
0.26929432,-1.1564007
0.26930934,-1.1564007
0.26932436,-1.1564007
0.26933938,-1.1564007
0.2693544,-1.1101689
0.26936942,-1.1101689
0.26938444,-1.1101689
0.26939946,-1.1101689
0.26941448,-1.1101689
0.2694295,-1.0639377
0.26944453,-1.0639377
0.26945955,-1.0639377
0.26947457,-1.0639377
0.2694896,-1.0177064
0.2695046,-1.0177064
0.26951963,-1.0177064
0.26953465,-1.0177064
0.26954967,-1.0177064
0.2695647,-0.9714751
0.2695797,-0.9714751
0.26959473,-0.9714751
0.26960975,-0.9714751
0.26962477,-0.9714751
0.2696398,-0.9252434
0.2696548,-0.9252434
0.26966983,-0.9252434
0.26968485,-0.9252434
0.26969987,-0.8790121
0.2697149,-0.8790121
0.2697299,-0.8790121
0.26974493,-0.8790121
0.26975995,-0.8790121
0.26977497,-0.83278084
0.26979,-0.83278084
0.269805,-0.83278084
0.26982003,-0.83278084
0.26983505,-0.83278084
0.26985008,-0.78654957
0.2698651,-0.78654957
0.26988015,-0.78654957
0.26989517,-0.78654957
0.2699102,-0.7403178
0.2699252,-0.7403178
0.26994023,-0.7403178
0.26995525,-0.7403178
0.26997027,-0.7403178
0.2699853,-0.694087
0.2700003,-0.694087
0.27001533,-0.694087
0.27003035,-0.694087
0.27004537,-0.694087
0.2700604,-0.6478553
0.2700754,-0.6478553
0.27009043,-0.6478553
0.27010545,-0.6478553
0.27012047,-0.6478553
0.2701355,-0.601624
0.2701505,-0.601624
0.27016553,-0.601624
0.27018055,-0.601624
0.27019557,-0.55539227
0.2702106,-0.55539227
0.2702256,-0.55539227
0.27024063,-0.55539227
0.27025566,-0.55539227
0.27027068,-0.5091615
0.2702857,-0.5091615
0.27030072,-0.5091615
0.27031574,-0.5091615
0.27033076,-0.46292973
0.27034578,-0.46292973
0.2703608,-0.46292973
0.27037582,-0.46292973
0.27039084,-0.46292973
0.27040586,-0.41669846
0.27042088,-0.41669846
0.2704359,-0.41669846
0.27045092,-0.41669846
0.27046594,-0.41669846
0.27048096,-0.3704667
0.27049598,-0.3704667
0.270511,-0.3704667
0.27052602,-0.3704667
0.27054104,-0.32423592
0.27055606,-0.32423592
0.27057108,-0.32423592
0.2705861,-0.32423592
0.27060112,-0.32423592
0.27061614,-0.27800417
0.27063116,-0.27800417
0.27064618,-0.27800417
0.2706612,-0.27800417
0.27067623,-0.27800417
0.27069125,-0.2317729
0.27070627,-0.2317729
0.2707213,-0.2317729
0.2707363,-0.2317729
0.27075133,-0.18554163
0.27076638,-0.18554163
0.2707814,-0.18554163
0.27079642,-0.18554163
0.27081144,-0.18554163
0.27082646,-0.13931036
0.27084148,-0.13931036
0.2708565,-0.13931036
0.27087152,-0.13931036
0.27088654,-0.13931036
0.27090156,-0.09307861
0.27091658,-0.09307861
0.2709316,-0.09307861
0.27094662,-0.09307861
0.27096164,-0.09307861
0.27097666,-0.046847343
0.27099168,-0.046847343
0.2710067,-0.046847343
0.27102172,-0.046847343
0.27103674,-6.160736E-4
0.27105176,-6.160736E-4
0.27106678,-6.160736E-4
0.2710818,-6.160736E-4
0.27109683,0.045615196
0.27111185,0.045615196
0.27112687,0.045615196
0.2711419,0.045615196
0.2711569,0.045615196
0.27117193,0.091846466
0.27118695,0.091846466
0.27120197,0.091846466
0.271217,0.091846466
0.271232,0.091846466
0.27124703,0.13807821
0.27126205,0.13807821
0.27127707,0.13807821
0.2712921,0.13807821
0.2713071,0.184309
0.27132213,0.184309
0.27133715,0.184309
0.27135217,0.184309
0.2713672,0.184309
0.2713822,0.23054075
0.27139723,0.23054075
0.27141225,0.23054075
0.27142727,0.23054075
0.2714423,0.23054075
0.2714573,0.27677202
0.27147233,0.27677202
0.27148736,0.27677202
0.27150238,0.27677202
0.2715174,0.27677202
0.27153242,0.3230033
0.27154744,0.3230033
0.27156246,0.3230033
0.27157748,0.3230033
0.2715925,0.36923456
0.27160752,0.36923456
0.27162254,0.36923456
0.2716376,0.36923456
0.2716526,0.36923456
0.27166763,0.4154663
0.27168265,0.4154663
0.27169767,0.4154663
0.2717127,0.4154663
0.2717277,0.4154663
0.27174273,0.46169758
0.27175775,0.46169758
0.27177277,0.46169758
0.2717878,0.46169758
0.2718028,0.50792885
0.27181783,0.50792885
0.27183285,0.50792885
0.27184787,0.50792885
0.2718629,0.50792885
0.2718779,0.5541601
0.27189294,0.5541601
0.27190796,0.5541601
0.27192298,0.5541601
0.271938,0.5541601
0.27195302,0.60039186
0.27196804,0.60039186
0.27198306,0.60039186
0.27199808,0.60039186
0.2720131,0.60039186
0.27202812,0.64662313
0.27204314,0.64662313
0.27205816,0.64662313
0.27207318,0.64662313
0.2720882,0.64662313
0.27210322,0.6928544
0.27211824,0.6928544
0.27213326,0.6928544
0.27214828,0.6928544
0.2721633,0.7390857
0.27217832,0.7390857
0.27219334,0.7390857
0.27220836,0.7390857
0.27222338,0.7390857
0.2722384,0.7853174
0.27225342,0.7853174
0.27226844,0.7853174
0.27228346,0.7853174
0.27229849,0.7853174
0.2723135,0.8315482
0.27232853,0.8315482
0.27234355,0.8315482
0.27235857,0.8315482
0.2723736,0.8315482
0.2723886,0.87777996
0.27240363,0.87777996
0.27241865,0.87777996
0.27243367,0.87777996
0.2724487,0.87777996
0.2724637,0.92401123
0.27247873,0.92401123
0.27249375,0.92401123
0.27250877,0.92401123
0.27252382,0.92401123
0.27253884,0.970243
0.27255386,0.970243
0.27256888,0.970243
0.2725839,0.970243
0.27259892,1.0164738
0.27261394,1.0164738
0.27262896,1.0164738
0.27264398,1.0164738
0.272659,1.0164738
0.27267402,1.0627055
0.27268904,1.0627055
0.27270406,1.0627055
0.2727191,1.0627055
0.2727341,1.0627055
0.27274913,1.1089368
0.27276415,1.1089368
0.27277917,1.1089368
0.2727942,1.1089368
0.2728092,1.1089368
0.27282423,1.1551685
0.27283925,1.1551685
0.27285427,1.1551685
0.2728693,1.1551685
0.2728843,1.1551685
0.27289933,1.2013993
0.27291435,1.2013993
0.27292937,1.2013993
0.2729444,1.2013993
0.2729594,1.2013993
0.27297443,1.2476311
0.27298945,1.2476311
0.27300447,1.2476311
0.2730195,1.2476311
0.2730345,1.2476311
0.27304953,1.2938623
0.27306455,1.2938623
0.27307957,1.2938623
0.2730946,1.2938623
0.2731096,1.2938623
0.27312464,1.3400936
0.27313966,1.3400936
0.27315468,1.3400936
0.2731697,1.3400936
0.27318472,1.3400936
0.27319974,1.3863249
0.27321476,1.3863249
0.27322978,1.3863249
0.2732448,1.3863249
0.27325982,1.3863249
0.27327484,1.4325566
0.27328986,1.4325566
0.27330488,1.4325566
0.2733199,1.4325566
0.27333492,1.4325566
0.27334994,1.4787879
0.27336496,1.4787879
0.27337998,1.4787879
0.273395,1.4787879
0.27341005,1.4787879
0.27342507,1.4787879
0.2734401,1.4787879
0.2734551,1.4787879
0.27347013,1.5250192
0.27348515,1.5250192
0.27350017,1.5250192
0.2735152,1.5250192
0.27353022,1.5712504
0.27354524,1.5712504
0.27356026,1.5712504
0.27357528,1.5712504
0.2735903,1.5712504
0.27360532,1.5712504
0.27362034,1.6174817
0.27363536,1.6174817
0.27365038,1.6174817
0.2736654,1.6174817
0.27368042,1.6174817
0.27369544,1.6637135
0.27371046,1.6637135
0.27372548,1.6637135
0.2737405,1.6637135
0.27375552,1.6637135
0.27377054,1.7099442
0.27378556,1.7099442
0.27380058,1.7099442
0.2738156,1.7099442
0.27383062,1.7099442
0.27384564,1.756176
0.27386066,1.756176
0.27387568,1.756176
0.2738907,1.756176
0.27390572,1.756176
0.27392074,1.756176
0.27393577,1.756176
0.2739508,1.7099442
0.2739658,1.7099442
0.27398083,1.7099442
0.27399585,1.7099442
0.27401087,1.6637135
0.2740259,1.6637135
0.2740409,1.6637135
0.27405593,1.6637135
0.27407095,1.6637135
0.27408597,1.6174817
0.274101,1.6174817
0.274116,1.6174817
0.27413103,1.6174817
0.27414605,1.5712504
0.27416107,1.5712504
0.2741761,1.5712504
0.2741911,1.5712504
0.27420613,1.5250192
0.27422115,1.5250192
0.27423617,1.5250192
0.2742512,1.5250192
0.2742662,1.5250192
0.27428126,1.4787879
0.27429628,1.4787879
0.2743113,1.4787879
0.27432632,1.4787879
0.27434134,1.4787879
0.27435637,1.4787879
0.2743714,1.4325566
0.2743864,1.4325566
0.27440143,1.4325566
0.27441645,1.4325566
0.27443147,1.4325566
0.2744465,1.3863249
0.2744615,1.3863249
0.27447653,1.3863249
0.27449155,1.3863249
0.27450657,1.3400936
0.2745216,1.3400936
0.2745366,1.3400936
0.27455163,1.3400936
0.27456665,1.3400936
0.27458167,1.2938623
0.2745967,1.2938623
0.2746117,1.2938623
0.27462673,1.2938623
0.27464175,1.2476311
0.27465677,1.2476311
0.2746718,1.2476311
0.2746868,1.2476311
0.27470183,1.2476311
0.27471685,1.2013993
0.27473187,1.2013993
0.2747469,1.2013993
0.27476192,1.2013993
0.27477694,1.1551685
0.27479196,1.1551685
0.27480698,1.1551685
0.274822,1.1551685
0.27483702,1.1089368
0.27485204,1.1089368
0.27486706,1.1089368
0.27488208,1.1089368
0.2748971,1.1089368
0.27491212,1.0627055
0.27492714,1.0627055
0.27494216,1.0627055
0.27495718,1.0627055
0.2749722,1.0164738
0.27498722,1.0164738
0.27500224,1.0164738
0.27501726,1.0164738
0.27503228,1.0164738
0.2750473,0.970243
0.27506232,0.970243
0.27507734,0.970243
0.27509236,0.970243
0.27510738,0.92401123
0.2751224,0.92401123
0.27513742,0.92401123
0.27515244,0.92401123
0.2751675,0.87777996
0.27518252,0.87777996
0.27519754,0.87777996
0.27521256,0.87777996
0.27522758,0.87777996
0.2752426,0.8315482
0.27525762,0.8315482
0.27527264,0.8315482
0.27528766,0.8315482
0.27530268,0.7853174
0.2753177,0.7853174
0.27533272,0.7853174
0.27534774,0.7853174
0.27536276,0.7390857
0.27537778,0.7390857
0.2753928,0.7390857
0.27540782,0.7390857
0.27542284,0.7390857
0.27543786,0.6928544
0.27545288,0.6928544
0.2754679,0.6928544
0.27548292,0.6928544
0.27549794,0.64662313
0.27551296,0.64662313
0.27552798,0.64662313
0.275543,0.64662313
0.27555802,0.64662313
0.27557305,0.60039186
0.27558807,0.60039186
0.2756031,0.60039186
0.2756181,0.60039186
0.27563313,0.5541601
0.27564815,0.5541601
0.27566317,0.5541601
0.2756782,0.5541601
0.2756932,0.5541601
0.27570823,0.50792885
0.27572325,0.50792885
0.27573827,0.50792885
0.2757533,0.50792885
0.2757683,0.46169758
0.27578333,0.46169758
0.27579835,0.46169758
0.27581337,0.46169758
0.2758284,0.46169758
0.2758434,0.4154663
0.27585843,0.4154663
0.27587345,0.4154663
0.27588847,0.4154663
0.2759035,0.36923456
0.2759185,0.36923456
0.27593353,0.36923456
0.27594855,0.36923456
0.27596357,0.3230033
0.2759786,0.3230033
0.27599362,0.3230033
0.27600864,0.3230033
0.27602366,0.3230033
0.27603868,0.27677202
0.27605373,0.27677202
0.27606875,0.27677202
0.27608377,0.27677202
0.2760988,0.23054075
0.2761138,0.23054075
0.27612883,0.23054075
0.27614385,0.23054075
0.27615887,0.23054075
0.2761739,0.184309
0.2761889,0.184309
0.27620393,0.184309
0.27621895,0.184309
0.27623397,0.13807821
0.276249,0.13807821
0.276264,0.13807821
0.27627903,0.13807821
0.27629405,0.091846466
0.27630907,0.091846466
0.2763241,0.091846466
0.2763391,0.091846466
0.27635413,0.091846466
0.27636915,0.045615196
0.27638417,0.045615196
0.2763992,0.045615196
0.27641422,0.045615196
0.27642924,-6.160736E-4
0.27644426,-6.160736E-4
0.27645928,-6.160736E-4
0.2764743,-6.160736E-4
0.27648932,-0.046847343
0.27650434,-0.046847343
0.27651936,-0.046847343
0.27653438,-0.046847343
0.2765494,-0.046847343
0.27656442,-0.09307861
0.27657944,-0.09307861
0.27659446,-0.09307861
0.27660948,-0.09307861
0.2766245,-0.09307861
0.27663952,-0.13931036
0.27665454,-0.13931036
0.27666956,-0.13931036
0.27668458,-0.13931036
0.2766996,-0.18554163
0.27671462,-0.18554163
0.27672964,-0.18554163
0.27674466,-0.18554163
0.27675968,-0.2317729
0.2767747,-0.2317729
0.27678972,-0.2317729
0.27680475,-0.2317729
0.27681977,-0.2317729
0.2768348,-0.27800417
0.2768498,-0.27800417
0.27686483,-0.27800417
0.27687985,-0.27800417
0.27689487,-0.27800417
0.2769099,-0.32423592
0.27692494,-0.32423592
0.27693996,-0.32423592
0.27695498,-0.32423592
0.27697,-0.3704667
0.27698502,-0.3704667
0.27700004,-0.3704667
0.27701506,-0.3704667
0.27703008,-0.3704667
0.2770451,-0.41669846
0.27706012,-0.41669846
0.27707514,-0.41669846
0.27709016,-0.41669846
0.27710518,-0.46292973
0.2771202,-0.46292973
0.27713522,-0.46292973
0.27715024,-0.46292973
0.27716526,-0.46292973
0.27718028,-0.5091615
0.2771953,-0.5091615
0.27721033,-0.5091615
0.27722535,-0.5091615
0.27724037,-0.55539227
0.2772554,-0.55539227
0.2772704,-0.55539227
0.27728543,-0.55539227
0.27730045,-0.55539227
0.27731547,-0.601624
0.2773305,-0.601624
0.2773455,-0.601624
0.27736053,-0.601624
0.27737555,-0.601624
0.27739057,-0.6478553
0.2774056,-0.6478553
0.2774206,-0.6478553
0.27743563,-0.6478553
0.27745065,-0.694087
0.27746567,-0.694087
0.2774807,-0.694087
0.2774957,-0.694087
0.27751073,-0.694087
0.27752575,-0.7403178
0.27754077,-0.7403178
0.2775558,-0.7403178
0.2775708,-0.7403178
0.27758583,-0.7403178
0.27760085,-0.78654957
0.27761588,-0.78654957
0.2776309,-0.78654957
0.27764592,-0.78654957
0.27766094,-0.83278084
0.27767596,-0.83278084
0.27769098,-0.83278084
0.277706,-0.83278084
0.27772102,-0.83278084
0.27773604,-0.8790121
0.27775106,-0.8790121
0.27776608,-0.8790121
0.2777811,-0.8790121
0.27779612,-0.8790121
0.27781117,-0.9252434
0.2778262,-0.9252434
0.2778412,-0.9252434
0.27785623,-0.9252434
0.27787125,-0.9714751
0.27788627,-0.9714751
0.2779013,-0.9714751
0.2779163,-0.9714751
0.27793133,-0.9714751
0.27794635,-1.0177064
0.27796137,-1.0177064
0.2779764,-1.0177064
0.2779914,-1.0177064
0.27800643,-1.0177064
0.27802145,-1.0639377
0.27803648,-1.0639377
0.2780515,-1.0639377
0.27806652,-1.0639377
0.27808154,-1.0639377
0.27809656,-1.1101689
0.27811158,-1.1101689
0.2781266,-1.1101689
0.27814162,-1.1101689
0.27815664,-1.1564007
0.27817166,-1.1564007
0.27818668,-1.1564007
0.2782017,-1.1564007
0.27821672,-1.1564007
0.27823174,-1.202632
0.27824676,-1.202632
0.27826178,-1.202632
0.2782768,-1.202632
0.27829182,-1.202632
0.27830684,-1.2488632
0.27832186,-1.2488632
0.27833688,-1.2488632
0.2783519,-1.2488632
0.27836692,-1.2488632
0.27838194,-1.2950945
0.27839696,-1.2950945
0.27841198,-1.2950945
0.278427,-1.2950945
0.27844203,-1.2950945
0.27845705,-1.3413262
0.27847207,-1.3413262
0.2784871,-1.3413262
0.2785021,-1.3413262
0.27851713,-1.387557
0.27853215,-1.387557
0.27854717,-1.387557
0.2785622,-1.387557
0.2785772,-1.387557
0.27859223,-1.4337888
0.27860725,-1.4337888
0.27862227,-1.4337888
0.2786373,-1.4337888
0.2786523,-1.4337888
0.27866733,-1.48002
0.27868238,-1.48002
0.2786974,-1.48002
0.27871242,-1.48002
0.27872744,-1.48002
0.27874246,-1.48002
0.27875748,-1.48002
0.2787725,-1.48002
0.27878752,-1.5262513
0.27880254,-1.5262513
0.27881756,-1.5262513
0.27883258,-1.5262513
0.2788476,-1.5262513
0.27886263,-1.5724826
0.27887765,-1.5724826
0.27889267,-1.5724826
0.2789077,-1.5724826
0.2789227,-1.5724826
0.27893773,-1.6187139
0.27895275,-1.6187139
0.27896777,-1.6187139
0.2789828,-1.6187139
0.2789978,-1.6187139
0.27901283,-1.6187139
0.27902785,-1.6187139
0.27904287,-1.6187139
0.2790579,-1.5724826
0.2790729,-1.5724826
0.27908793,-1.5724826
0.27910295,-1.5724826
0.27911797,-1.5724826
0.279133,-1.5262513
0.279148,-1.5262513
0.27916303,-1.5262513
0.27917805,-1.5262513
0.27919307,-1.48002
0.2792081,-1.48002
0.2792231,-1.48002
0.27923813,-1.48002
0.27925315,-1.48002
0.27926818,-1.48002
0.2792832,-1.48002
0.27929822,-1.4337888
0.27931324,-1.4337888
0.27932826,-1.4337888
0.27934328,-1.4337888
0.2793583,-1.4337888
0.27937332,-1.387557
0.27938834,-1.387557
0.27940336,-1.387557
0.27941838,-1.387557
0.2794334,-1.387557
0.27944842,-1.3413262
0.27946344,-1.3413262
0.27947846,-1.3413262
0.27949348,-1.3413262
0.2795085,-1.2950945
0.27952352,-1.2950945
0.27953854,-1.2950945
0.27955356,-1.2950945
0.2795686,-1.2950945
0.27958363,-1.2488632
0.27959865,-1.2488632
0.27961367,-1.2488632
0.2796287,-1.2488632
0.2796437,-1.2488632
0.27965873,-1.202632
0.27967376,-1.202632
0.27968878,-1.202632
0.2797038,-1.202632
0.27971882,-1.1564007
0.27973384,-1.1564007
0.27974886,-1.1564007
0.27976388,-1.1564007
0.2797789,-1.1564007
0.27979392,-1.1101689
0.27980894,-1.1101689
0.27982396,-1.1101689
0.27983898,-1.1101689
0.279854,-1.0639377
0.27986902,-1.0639377
0.27988404,-1.0639377
0.27989906,-1.0639377
0.27991408,-1.0639377
0.2799291,-1.0177064
0.27994412,-1.0177064
0.27995914,-1.0177064
0.27997416,-1.0177064
0.27998918,-1.0177064
0.2800042,-0.9714751
0.28001922,-0.9714751
0.28003424,-0.9714751
0.28004926,-0.9714751
0.28006428,-0.9252434
0.2800793,-0.9252434
0.28009433,-0.9252434
0.28010935,-0.9252434
0.28012437,-0.9252434
0.2801394,-0.8790121
0.2801544,-0.8790121
0.28016943,-0.8790121
0.28018445,-0.8790121
0.28019947,-0.8790121
0.2802145,-0.83278084
0.2802295,-0.83278084
0.28024453,-0.83278084
0.28025955,-0.83278084
0.28027457,-0.78654957
0.2802896,-0.78654957
0.2803046,-0.78654957
0.28031963,-0.78654957
0.28033465,-0.78654957
0.28034967,-0.7403178
0.2803647,-0.7403178
0.2803797,-0.7403178
0.28039473,-0.7403178
0.28040975,-0.7403178
0.28042477,-0.694087
0.2804398,-0.694087
0.28045484,-0.694087
0.28046986,-0.694087
0.28048488,-0.6478553
0.2804999,-0.6478553
0.28051493,-0.6478553
0.28052995,-0.6478553
0.28054497,-0.6478553
0.28056,-0.601624
0.280575,-0.601624
0.28059003,-0.601624
0.28060505,-0.601624
0.28062007,-0.601624
0.2806351,-0.55539227
0.2806501,-0.55539227
0.28066513,-0.55539227
0.28068015,-0.55539227
0.28069517,-0.5091615
0.2807102,-0.5091615
0.2807252,-0.5091615
0.28074023,-0.5091615
0.28075525,-0.5091615
0.28077027,-0.46292973
0.2807853,-0.46292973
0.2808003,-0.46292973
0.28081533,-0.46292973
0.28083035,-0.46292973
0.28084537,-0.41669846
0.2808604,-0.41669846
0.2808754,-0.41669846
0.28089043,-0.41669846
0.28090546,-0.3704667
0.28092048,-0.3704667
0.2809355,-0.3704667
0.28095052,-0.3704667
0.28096554,-0.3704667
0.28098056,-0.32423592
0.28099558,-0.32423592
0.2810106,-0.32423592
0.28102562,-0.32423592
0.28104064,-0.32423592
0.28105566,-0.27800417
0.28107068,-0.27800417
0.2810857,-0.27800417
0.28110072,-0.27800417
0.28111574,-0.2317729
0.28113076,-0.2317729
0.28114578,-0.2317729
0.2811608,-0.2317729
0.28117582,-0.2317729
0.28119084,-0.18554163
0.28120586,-0.18554163
0.28122088,-0.18554163
0.2812359,-0.18554163
0.28125092,-0.18554163
0.28126594,-0.13931036
0.28128096,-0.13931036
0.28129598,-0.13931036
0.281311,-0.13931036
0.28132606,-0.09307861
0.28134108,-0.09307861
0.2813561,-0.09307861
0.28137112,-0.09307861
0.28138614,-0.09307861
0.28140116,-0.046847343
0.28141618,-0.046847343
0.2814312,-0.046847343
0.28144622,-0.046847343
0.28146124,-0.046847343
0.28147626,-6.160736E-4
0.28149128,-6.160736E-4
0.2815063,-6.160736E-4
0.28152132,-6.160736E-4
0.28153634,0.045615196
0.28155136,0.045615196
0.28156638,0.045615196
0.2815814,0.045615196
0.28159642,0.045615196
0.28161144,0.091846466
0.28162646,0.091846466
0.28164148,0.091846466
0.2816565,0.091846466
0.28167152,0.13807821
0.28168654,0.13807821
0.28170156,0.13807821
0.2817166,0.13807821
0.2817316,0.13807821
0.28174663,0.184309
0.28176165,0.184309
0.28177667,0.184309
0.2817917,0.184309
0.2818067,0.184309
0.28182173,0.23054075
0.28183675,0.23054075
0.28185177,0.23054075
0.2818668,0.23054075
0.2818818,0.27677202
0.28189683,0.27677202
0.28191185,0.27677202
0.28192687,0.27677202
0.2819419,0.27677202
0.2819569,0.3230033
0.28197193,0.3230033
0.28198695,0.3230033
0.28200197,0.3230033
0.282017,0.3230033
0.282032,0.36923456
0.28204703,0.36923456
0.28206205,0.36923456
0.28207707,0.36923456
0.2820921,0.36923456
0.2821071,0.4154663
0.28212214,0.4154663
0.28213716,0.4154663
0.28215218,0.4154663
0.2821672,0.46169758
0.28218222,0.46169758
0.28219724,0.46169758
0.2822123,0.46169758
0.2822273,0.46169758
0.28224233,0.50792885
0.28225735,0.50792885
0.28227237,0.50792885
0.2822874,0.50792885
0.2823024,0.50792885
0.28231743,0.5541601
0.28233245,0.5541601
0.28234747,0.5541601
0.2823625,0.5541601
0.2823775,0.5541601
0.28239253,0.60039186
0.28240755,0.60039186
0.28242257,0.60039186
0.2824376,0.60039186
0.2824526,0.64662313
0.28246763,0.64662313
0.28248265,0.64662313
0.28249767,0.64662313
0.2825127,0.64662313
0.28252771,0.6928544
0.28254274,0.6928544
0.28255776,0.6928544
0.28257278,0.6928544
0.2825878,0.6928544
0.28260282,0.7390857
0.28261784,0.7390857
0.28263286,0.7390857
0.28264788,0.7390857
0.2826629,0.7390857
0.28267792,0.7853174
0.28269294,0.7853174
0.28270796,0.7853174
0.28272298,0.7853174
0.282738,0.7853174
0.28275302,0.8315482
0.28276804,0.8315482
0.28278306,0.8315482
0.28279808,0.8315482
0.2828131,0.87777996
0.28282812,0.87777996
0.28284314,0.87777996
0.28285816,0.87777996
0.28287318,0.87777996
0.2828882,0.92401123
0.28290322,0.92401123
0.28291824,0.92401123
0.28293326,0.92401123
0.2829483,0.92401123
0.2829633,0.970243
0.28297833,0.970243
0.28299335,0.970243
0.28300837,0.970243
0.2830234,0.970243
0.2830384,1.0164738
0.28305343,1.0164738
0.28306845,1.0164738
0.2830835,1.0164738
0.28309852,1.0164738
0.28311354,1.0627055
0.28312856,1.0627055
0.28314358,1.0627055
0.2831586,1.0627055
0.28317362,1.0627055
0.28318864,1.1089368
0.28320366,1.1089368
0.28321868,1.1089368
0.2832337,1.1089368
0.28324872,1.1089368
0.28326374,1.1551685
0.28327876,1.1551685
0.28329378,1.1551685
0.2833088,1.1551685
0.28332382,1.2013993
0.28333884,1.2013993
0.28335387,1.2013993
0.2833689,1.2013993
0.2833839,1.2013993
0.28339893,1.2476311
0.28341395,1.2476311
0.28342897,1.2476311
0.283444,1.2476311
0.283459,1.2476311
0.28347403,1.2476311
0.28348905,1.2938623
0.28350407,1.2938623
0.2835191,1.2938623
0.2835341,1.2938623
0.28354913,1.3400936
0.28356415,1.3400936
0.28357917,1.3400936
0.2835942,1.3400936
0.2836092,1.3400936
0.28362423,1.3863249
0.28363925,1.3863249
0.28365427,1.3863249
0.2836693,1.3863249
0.2836843,1.3863249
0.28369933,1.4325566
0.28371435,1.4325566
0.28372937,1.4325566
0.2837444,1.4325566
0.28375942,1.4325566
0.28377444,1.4787879
0.28378946,1.4787879
0.28380448,1.4787879
0.2838195,1.4787879
0.28383452,1.4787879
0.28384954,1.4787879
0.28386456,1.4787879
0.28387958,1.4787879
0.2838946,1.5250192
0.28390962,1.5250192
0.28392464,1.5250192
0.28393966,1.5250192
0.28395468,1.5250192
0.28396973,1.5712504
0.28398475,1.5712504
0.28399977,1.5712504
0.2840148,1.5712504
0.2840298,1.5712504
0.28404483,1.6174817
0.28405985,1.6174817
0.28407487,1.6174817
0.2840899,1.6174817
0.2841049,1.6174817
0.28411993,1.6174817
0.28413495,1.6637135
0.28414997,1.6637135
0.284165,1.6637135
0.28418002,1.6637135
0.28419504,1.7099442
0.28421006,1.7099442
0.28422508,1.7099442
0.2842401,1.7099442
0.28425512,1.7099442
0.28427014,1.7099442
0.28428516,1.756176
0.28430018,1.756176
0.2843152,1.756176
0.28433022,1.756176
0.28434524,1.756176
0.28436026,1.756176
0.28437528,1.756176
0.2843903,1.7099442
0.28440532,1.7099442
0.28442034,1.7099442
0.28443536,1.7099442
0.28445038,1.6637135
0.2844654,1.6637135
0.28448042,1.6637135
0.28449544,1.6637135
0.28451046,1.6174817
0.28452548,1.6174817
0.2845405,1.6174817
0.28455552,1.6174817
0.28457054,1.6174817
0.28458557,1.5712504
0.2846006,1.5712504
0.2846156,1.5712504
0.28463063,1.5712504
0.28464565,1.5250192
0.28466067,1.5250192
0.2846757,1.5250192
0.2846907,1.5250192
0.28470573,1.4787879
0.28472075,1.4787879
0.28473577,1.4787879
0.2847508,1.4787879
0.2847658,1.4787879
0.28478083,1.4787879
0.28479585,1.4787879
0.28481087,1.4325566
0.2848259,1.4325566
0.2848409,1.4325566
0.28485596,1.4325566
0.28487098,1.3863249
0.284886,1.3863249
0.28490102,1.3863249
0.28491604,1.3863249
0.28493106,1.3863249
0.28494608,1.3400936
0.2849611,1.3400936
0.28497612,1.3400936
0.28499115,1.3400936
0.28500617,1.2938623
0.2850212,1.2938623
0.2850362,1.2938623
0.28505123,1.2938623
0.28506625,1.2938623
0.28508127,1.2476311
0.2850963,1.2476311
0.2851113,1.2476311
0.28512633,1.2476311
0.28514135,1.2013993
0.28515637,1.2013993
0.2851714,1.2013993
0.2851864,1.2013993
0.28520143,1.1551685
0.28521645,1.1551685
0.28523147,1.1551685
0.2852465,1.1551685
0.2852615,1.1551685
0.28527653,1.1089368
0.28529155,1.1089368
0.28530657,1.1089368
0.2853216,1.1089368
0.2853366,1.0627055
0.28535163,1.0627055
0.28536665,1.0627055
0.28538167,1.0627055
0.2853967,1.0627055
0.28541172,1.0164738
0.28542674,1.0164738
0.28544176,1.0164738
0.28545678,1.0164738
0.2854718,0.970243
0.28548682,0.970243
0.28550184,0.970243
0.28551686,0.970243
0.28553188,0.970243
0.2855469,0.92401123
0.28556192,0.92401123
0.28557694,0.92401123
0.28559196,0.92401123
0.28560698,0.87777996
0.285622,0.87777996
0.28563702,0.87777996
0.28565204,0.87777996
0.28566706,0.8315482
0.28568208,0.8315482
0.2856971,0.8315482
0.28571212,0.8315482
0.28572717,0.8315482
0.2857422,0.7853174
0.2857572,0.7853174
0.28577223,0.7853174
0.28578725,0.7853174
0.28580227,0.7390857
0.2858173,0.7390857
0.28583232,0.7390857
0.28584734,0.7390857
0.28586236,0.7390857
0.28587738,0.6928544
0.2858924,0.6928544
0.28590742,0.6928544
0.28592244,0.6928544
0.28593746,0.64662313
0.28595248,0.64662313
0.2859675,0.64662313
0.28598252,0.64662313
0.28599754,0.60039186
0.28601256,0.60039186
0.28602758,0.60039186
0.2860426,0.60039186
0.28605762,0.60039186
0.28607264,0.5541601
0.28608766,0.5541601
0.28610268,0.5541601
0.2861177,0.5541601
0.28613272,0.50792885
0.28614774,0.50792885
0.28616276,0.50792885
0.28617778,0.50792885
0.2861928,0.50792885
0.28620782,0.46169758
0.28622285,0.46169758
0.28623787,0.46169758
0.2862529,0.46169758
0.2862679,0.4154663
0.28628293,0.4154663
0.28629795,0.4154663
0.28631297,0.4154663
0.286328,0.4154663
0.286343,0.36923456
0.28635803,0.36923456
0.28637305,0.36923456
0.28638807,0.36923456
0.2864031,0.3230033
0.2864181,0.3230033
0.28643313,0.3230033
0.28644815,0.3230033
0.28646317,0.27677202
0.2864782,0.27677202
0.2864932,0.27677202
0.28650823,0.27677202
0.28652325,0.27677202
0.28653827,0.23054075
0.2865533,0.23054075
0.2865683,0.23054075
0.28658333,0.23054075
0.28659835,0.184309
0.2866134,0.184309
0.28662843,0.184309
0.28664345,0.184309
0.28665847,0.184309
0.2866735,0.13807821
0.2866885,0.13807821
0.28670353,0.13807821
0.28671855,0.13807821
0.28673357,0.091846466
0.2867486,0.091846466
0.2867636,0.091846466
0.28677863,0.091846466
0.28679365,0.091846466
0.28680867,0.045615196
0.2868237,0.045615196
0.2868387,0.045615196
0.28685373,0.045615196
0.28686875,-6.160736E-4
0.28688377,-6.160736E-4
0.2868988,-6.160736E-4
0.2869138,-6.160736E-4
0.28692883,-0.046847343
0.28694385,-0.046847343
0.28695887,-0.046847343
0.2869739,-0.046847343
0.2869889,-0.046847343
0.28700393,-0.09307861
0.28701895,-0.09307861
0.28703398,-0.09307861
0.287049,-0.09307861
0.28706402,-0.13931036
0.28707904,-0.13931036
0.28709406,-0.13931036
0.28710908,-0.13931036
0.2871241,-0.13931036
0.28713912,-0.18554163
0.28715414,-0.18554163
0.28716916,-0.18554163
0.28718418,-0.18554163
0.2871992,-0.2317729
0.28721422,-0.2317729
0.28722924,-0.2317729
0.28724426,-0.2317729
0.28725928,-0.2317729
0.2872743,-0.27800417
0.28728932,-0.27800417
0.28730434,-0.27800417
0.28731936,-0.27800417
0.28733438,-0.32423592
0.2873494,-0.32423592
0.28736442,-0.32423592
0.28737944,-0.32423592
0.28739446,-0.32423592
0.28740948,-0.3704667
0.2874245,-0.3704667
0.28743953,-0.3704667
0.28745455,-0.3704667
0.28746957,-0.41669846
0.2874846,-0.41669846
0.28749964,-0.41669846
0.28751466,-0.41669846
0.28752968,-0.41669846
0.2875447,-0.46292973
0.28755972,-0.46292973
0.28757474,-0.46292973
0.28758976,-0.46292973
0.28760478,-0.46292973
0.2876198,-0.5091615
0.28763482,-0.5091615
0.28764984,-0.5091615
0.28766486,-0.5091615
0.28767988,-0.55539227
0.2876949,-0.55539227
0.28770992,-0.55539227
0.28772494,-0.55539227
0.28773996,-0.55539227
0.28775498,-0.601624
0.28777,-0.601624
0.28778502,-0.601624
0.28780004,-0.601624
0.28781506,-0.6478553
0.28783008,-0.6478553
0.2878451,-0.6478553
0.28786013,-0.6478553
0.28787515,-0.6478553
0.28789017,-0.694087
0.2879052,-0.694087
0.2879202,-0.694087
0.28793523,-0.694087
0.28795025,-0.7403178
0.28796527,-0.7403178
0.2879803,-0.7403178
0.2879953,-0.7403178
0.28801033,-0.7403178
0.28802535,-0.78654957
0.28804037,-0.78654957
0.2880554,-0.78654957
0.2880704,-0.78654957
0.28808543,-0.78654957
0.28810045,-0.83278084
0.28811547,-0.83278084
0.2881305,-0.83278084
0.2881455,-0.83278084
0.28816053,-0.83278084
0.28817555,-0.8790121
0.28819057,-0.8790121
0.2882056,-0.8790121
0.2882206,-0.8790121
0.28823563,-0.9252434
0.28825065,-0.9252434
0.28826568,-0.9252434
0.2882807,-0.9252434
0.28829572,-0.9252434
0.28831074,-0.9714751
0.28832576,-0.9714751
0.28834078,-0.9714751
0.2883558,-0.9714751
0.28837085,-0.9714751
0.28838587,-1.0177064
0.2884009,-1.0177064
0.2884159,-1.0177064
0.28843093,-1.0177064
0.28844595,-1.0177064
0.28846097,-1.0639377
0.288476,-1.0639377
0.288491,-1.0639377
0.28850603,-1.0639377
0.28852105,-1.1101689
0.28853607,-1.1101689
0.2885511,-1.1101689
0.2885661,-1.1101689
0.28858113,-1.1101689
0.28859615,-1.1564007
0.28861117,-1.1564007
0.2886262,-1.1564007
0.2886412,-1.1564007
0.28865623,-1.1564007
0.28867126,-1.202632
0.28868628,-1.202632
0.2887013,-1.202632
0.28871632,-1.202632
0.28873134,-1.202632
0.28874636,-1.2488632
0.28876138,-1.2488632
0.2887764,-1.2488632
0.28879142,-1.2488632
0.28880644,-1.2950945
0.28882146,-1.2950945
0.28883648,-1.2950945
0.2888515,-1.2950945
0.28886652,-1.2950945
0.28888154,-1.3413262
0.28889656,-1.3413262
0.28891158,-1.3413262
0.2889266,-1.3413262
0.28894162,-1.3413262
0.28895664,-1.387557
0.28897166,-1.387557
0.28898668,-1.387557
0.2890017,-1.387557
0.28901672,-1.387557
0.28903174,-1.4337888
0.28904676,-1.4337888
0.28906178,-1.4337888
0.2890768,-1.4337888
0.28909183,-1.4337888
0.28910685,-1.48002
0.28912187,-1.48002
0.2891369,-1.48002
0.2891519,-1.48002
0.28916693,-1.48002
0.28918195,-1.48002
0.28919697,-1.48002
0.289212,-1.5262513
0.289227,-1.5262513
0.28924203,-1.5262513
0.28925708,-1.5262513
0.2892721,-1.5262513
0.28928712,-1.5724826
0.28930214,-1.5724826
0.28931716,-1.5724826
0.28933218,-1.5724826
0.2893472,-1.5724826
0.28936222,-1.6187139
0.28937724,-1.6187139
0.28939226,-1.6187139
0.28940728,-1.6187139
0.2894223,-1.6187139
0.28943732,-1.6187139
0.28945234,-1.6187139
0.28946736,-1.6187139
0.28948238,-1.6187139
0.2894974,-1.5724826
0.28951243,-1.5724826
0.28952745,-1.5724826
0.28954247,-1.5724826
0.2895575,-1.5262513
0.2895725,-1.5262513
0.28958753,-1.5262513
0.28960255,-1.5262513
0.28961757,-1.5262513
0.2896326,-1.48002
0.2896476,-1.48002
0.28966263,-1.48002
0.28967765,-1.48002
0.28969267,-1.48002
0.2897077,-1.48002
0.2897227,-1.48002
0.28973773,-1.4337888
0.28975275,-1.4337888
0.28976777,-1.4337888
0.2897828,-1.4337888
0.2897978,-1.4337888
0.28981283,-1.387557
0.28982785,-1.387557
0.28984287,-1.387557
0.2898579,-1.387557
0.2898729,-1.3413262
0.28988793,-1.3413262
0.28990296,-1.3413262
0.28991798,-1.3413262
0.289933,-1.3413262
0.28994802,-1.2950945
0.28996304,-1.2950945
0.28997806,-1.2950945
0.28999308,-1.2950945
0.2900081,-1.2950945
0.29002312,-1.2488632
0.29003814,-1.2488632
0.29005316,-1.2488632
0.29006818,-1.2488632
0.2900832,-1.202632
0.29009822,-1.202632
0.29011324,-1.202632
0.2901283,-1.202632
0.2901433,-1.202632
0.29015833,-1.1564007
0.29017335,-1.1564007
0.29018837,-1.1564007
0.2902034,-1.1564007
0.2902184,-1.1101689
0.29023343,-1.1101689
0.29024845,-1.1101689
0.29026347,-1.1101689
0.2902785,-1.1101689
0.2902935,-1.0639377
0.29030854,-1.0639377
0.29032356,-1.0639377
0.29033858,-1.0639377
0.2903536,-1.0639377
0.29036862,-1.0177064
0.29038364,-1.0177064
0.29039866,-1.0177064
0.29041368,-1.0177064
0.2904287,-0.9714751
0.29044372,-0.9714751
0.29045874,-0.9714751
0.29047376,-0.9714751
0.29048878,-0.9714751
0.2905038,-0.9252434
0.29051882,-0.9252434
0.29053384,-0.9252434
0.29054886,-0.9252434
0.29056388,-0.9252434
0.2905789,-0.8790121
0.29059392,-0.8790121
0.29060894,-0.8790121
0.29062396,-0.8790121
0.29063898,-0.83278084
0.290654,-0.83278084
0.29066902,-0.83278084
0.29068404,-0.83278084
0.29069906,-0.83278084
0.2907141,-0.78654957
0.2907291,-0.78654957
0.29074413,-0.78654957
0.29075915,-0.78654957
0.29077417,-0.78654957
0.2907892,-0.7403178
0.2908042,-0.7403178
0.29081923,-0.7403178
0.29083425,-0.7403178
0.29084927,-0.7403178
0.2908643,-0.694087
0.2908793,-0.694087
0.29089433,-0.694087
0.29090935,-0.694087
0.29092437,-0.6478553
0.2909394,-0.6478553
0.2909544,-0.6478553
0.29096943,-0.6478553
0.29098445,-0.6478553
0.29099947,-0.601624
0.29101452,-0.601624
0.29102954,-0.601624
0.29104456,-0.601624
0.29105958,-0.55539227
0.2910746,-0.55539227
0.29108962,-0.55539227
0.29110464,-0.55539227
0.29111966,-0.55539227
0.2911347,-0.5091615
0.2911497,-0.5091615
0.29116473,-0.5091615
0.29117975,-0.5091615
0.29119477,-0.5091615
0.2912098,-0.46292973
0.2912248,-0.46292973
0.29123983,-0.46292973
0.29125485,-0.46292973
0.29126987,-0.41669846
0.2912849,-0.41669846
0.2912999,-0.41669846
0.29131493,-0.41669846
0.29132995,-0.41669846
0.29134497,-0.3704667
0.29136,-0.3704667
0.291375,-0.3704667
0.29139003,-0.3704667
0.29140505,-0.3704667
0.29142007,-0.32423592
0.2914351,-0.32423592
0.2914501,-0.32423592
0.29146513,-0.32423592
0.29148015,-0.27800417
0.29149517,-0.27800417
0.2915102,-0.27800417
0.29152521,-0.27800417
0.29154024,-0.27800417
0.29155526,-0.2317729
0.29157028,-0.2317729
0.2915853,-0.2317729
0.29160032,-0.2317729
0.29161534,-0.2317729
0.29163036,-0.18554163
0.29164538,-0.18554163
0.2916604,-0.18554163
0.29167542,-0.18554163
0.29169044,-0.13931036
0.29170546,-0.13931036
0.29172048,-0.13931036
0.2917355,-0.13931036
0.29175052,-0.13931036
0.29176554,-0.09307861
0.29178056,-0.09307861
0.29179558,-0.09307861
0.2918106,-0.09307861
0.29182562,-0.09307861
0.29184064,-0.046847343
0.29185566,-0.046847343
0.29187068,-0.046847343
0.2918857,-0.046847343
0.29190075,-6.160736E-4
0.29191577,-6.160736E-4
0.2919308,-6.160736E-4
0.29194582,-6.160736E-4
0.29196084,0.045615196
0.29197586,0.045615196
0.29199088,0.045615196
0.2920059,0.045615196
0.29202092,0.045615196
0.29203594,0.091846466
0.29205096,0.091846466
0.29206598,0.091846466
0.292081,0.091846466
0.29209602,0.091846466
0.29211104,0.13807821
0.29212606,0.13807821
0.29214108,0.13807821
0.2921561,0.13807821
0.29217112,0.184309
0.29218614,0.184309
0.29220116,0.184309
0.29221618,0.184309
0.2922312,0.184309
0.29224622,0.23054075
0.29226124,0.23054075
0.29227626,0.23054075
0.29229128,0.23054075
0.2923063,0.23054075
0.29232132,0.27677202
0.29233634,0.27677202
0.29235137,0.27677202
0.2923664,0.27677202
0.2923814,0.27677202
0.29239643,0.3230033
0.29241145,0.3230033
0.29242647,0.3230033
0.2924415,0.3230033
0.2924565,0.36923456
0.29247153,0.36923456
0.29248655,0.36923456
0.29250157,0.36923456
0.2925166,0.36923456
0.2925316,0.4154663
0.29254663,0.4154663
0.29256165,0.4154663
0.29257667,0.4154663
0.2925917,0.4154663
0.2926067,0.46169758
0.29262173,0.46169758
0.29263675,0.46169758
0.29265177,0.46169758
0.2926668,0.46169758
0.2926818,0.50792885
0.29269683,0.50792885
0.29271185,0.50792885
0.29272687,0.50792885
0.2927419,0.50792885
0.29275692,0.5541601
0.29277197,0.5541601
0.292787,0.5541601
0.292802,0.5541601
0.29281703,0.60039186
0.29283205,0.60039186
0.29284707,0.60039186
0.2928621,0.60039186
0.2928771,0.60039186
0.29289213,0.64662313
0.29290715,0.64662313
0.29292217,0.64662313
0.2929372,0.64662313
0.2929522,0.64662313
0.29296723,0.6928544
0.29298225,0.6928544
0.29299727,0.6928544
0.2930123,0.6928544
0.2930273,0.7390857
0.29304233,0.7390857
0.29305735,0.7390857
0.29307237,0.7390857
0.2930874,0.7390857
0.2931024,0.7853174
0.29311743,0.7853174
0.29313245,0.7853174
0.29314747,0.7853174
0.2931625,0.7853174
0.29317752,0.8315482
0.29319254,0.8315482
0.29320756,0.8315482
0.29322258,0.8315482
0.2932376,0.8315482
0.29325262,0.87777996
0.29326764,0.87777996
0.29328266,0.87777996
0.29329768,0.87777996
0.2933127,0.87777996
0.29332772,0.92401123
0.29334274,0.92401123
0.29335776,0.92401123
0.29337278,0.92401123
0.2933878,0.92401123
0.29340282,0.970243
0.29341784,0.970243
0.29343286,0.970243
0.29344788,0.970243
0.2934629,0.970243
0.29347792,1.0164738
0.29349294,1.0164738
0.29350796,1.0164738
0.29352298,1.0164738
0.293538,1.0164738
0.29355302,1.0627055
0.29356804,1.0627055
0.29358307,1.0627055
0.2935981,1.0627055
0.2936131,1.1089368
0.29362813,1.1089368
0.29364315,1.1089368
0.2936582,1.1089368
0.29367322,1.1089368
0.29368824,1.1551685
0.29370326,1.1551685
0.29371828,1.1551685
0.2937333,1.1551685
0.29374832,1.1551685
0.29376334,1.2013993
0.29377836,1.2013993
0.29379338,1.2013993
0.2938084,1.2013993
0.29382342,1.2013993
0.29383844,1.2476311
0.29385346,1.2476311
0.29386848,1.2476311
0.2938835,1.2476311
0.29389852,1.2476311
0.29391354,1.2938623
0.29392856,1.2938623
0.29394358,1.2938623
0.2939586,1.2938623
0.29397362,1.2938623
0.29398865,1.3400936
0.29400367,1.3400936
0.2940187,1.3400936
0.2940337,1.3400936
0.29404873,1.3400936
0.29406375,1.3863249
0.29407877,1.3863249
0.2940938,1.3863249
0.2941088,1.3863249
0.29412383,1.3863249
0.29413885,1.4325566
0.29415387,1.4325566
0.2941689,1.4325566
0.2941839,1.4325566
0.29419893,1.4325566
0.29421395,1.4787879
0.29422897,1.4787879
0.294244,1.4787879
0.294259,1.4787879
0.29427403,1.4787879
0.29428905,1.4787879
0.29430407,1.4787879
0.2943191,1.4787879
0.2943341,1.5250192
0.29434913,1.5250192
0.29436415,1.5250192
0.29437917,1.5250192
0.2943942,1.5250192
0.29440922,1.5712504
0.29442424,1.5712504
0.29443926,1.5712504
0.29445428,1.5712504
0.2944693,1.5712504
0.29448432,1.6174817
0.29449934,1.6174817
0.29451436,1.6174817
0.29452938,1.6174817
0.29454443,1.6174817
0.29455945,1.6637135
0.29457447,1.6637135
0.2945895,1.6637135
0.2946045,1.6637135
0.29461953,1.6637135
0.29463455,1.7099442
0.29464957,1.7099442
0.2946646,1.7099442
0.2946796,1.7099442
0.29469463,1.7099442
0.29470965,1.756176
0.29472467,1.756176
0.2947397,1.756176
0.2947547,1.756176
0.29476973,1.756176
0.29478475,1.756176
0.29479977,1.756176
0.2948148,1.7099442
0.29482982,1.7099442
0.29484484,1.7099442
0.29485986,1.7099442
0.29487488,1.7099442
0.2948899,1.6637135
0.29490492,1.6637135
0.29491994,1.6637135
0.29493496,1.6637135
0.29494998,1.6174817
0.294965,1.6174817
0.29498002,1.6174817
0.29499504,1.6174817
0.29501006,1.5712504
0.29502508,1.5712504
0.2950401,1.5712504
0.29505512,1.5712504
0.29507014,1.5712504
0.29508516,1.5250192
0.29510018,1.5250192
0.2951152,1.5250192
0.29513022,1.5250192
0.29514524,1.4787879
0.29516026,1.4787879
0.29517528,1.4787879
0.2951903,1.4787879
0.29520532,1.4787879
0.29522035,1.4787879
0.29523537,1.4787879
0.2952504,1.4325566
0.2952654,1.4325566
0.29528043,1.4325566
0.29529545,1.4325566
0.29531047,1.3863249
0.2953255,1.3863249
0.2953405,1.3863249
0.29535553,1.3863249
0.29537055,1.3863249
0.29538557,1.3400936
0.2954006,1.3400936
0.29541564,1.3400936
0.29543066,1.3400936
0.29544568,1.2938623
0.2954607,1.2938623
0.29547572,1.2938623
0.29549074,1.2938623
0.29550576,1.2476311
0.29552078,1.2476311
0.2955358,1.2476311
0.29555082,1.2476311
0.29556584,1.2476311
0.29558086,1.2013993
0.29559588,1.2013993
0.2956109,1.2013993
0.29562593,1.2013993
0.29564095,1.1551685
0.29565597,1.1551685
0.295671,1.1551685
0.295686,1.1551685
0.29570103,1.1551685
0.29571605,1.1089368
0.29573107,1.1089368
0.2957461,1.1089368
0.2957611,1.1089368
0.29577613,1.0627055
0.29579115,1.0627055
0.29580617,1.0627055
0.2958212,1.0627055
0.2958362,1.0164738
0.29585123,1.0164738
0.29586625,1.0164738
0.29588127,1.0164738
0.2958963,1.0164738
0.2959113,0.970243
0.29592633,0.970243
0.29594135,0.970243
0.29595637,0.970243
0.2959714,0.92401123
0.2959864,0.92401123
0.29600143,0.92401123
0.29601645,0.92401123
0.29603148,0.92401123
0.2960465,0.87777996
0.29606152,0.87777996
0.29607654,0.87777996
0.29609156,0.87777996
0.29610658,0.8315482
0.2961216,0.8315482
0.29613662,0.8315482
0.29615164,0.8315482
0.29616666,0.7853174
0.29618168,0.7853174
0.2961967,0.7853174
0.29621172,0.7853174
0.29622674,0.7853174
0.29624176,0.7390857
0.29625678,0.7390857
0.2962718,0.7390857
0.29628682,0.7390857
0.29630187,0.6928544
0.2963169,0.6928544
0.2963319,0.6928544
0.29634693,0.6928544
0.29636195,0.6928544
0.29637697,0.64662313
0.296392,0.64662313
0.296407,0.64662313
0.29642203,0.64662313
0.29643705,0.60039186
0.29645208,0.60039186
0.2964671,0.60039186
0.29648212,0.60039186
0.29649714,0.5541601
0.29651216,0.5541601
0.29652718,0.5541601
0.2965422,0.5541601
0.29655722,0.5541601
0.29657224,0.50792885
0.29658726,0.50792885
0.29660228,0.50792885
0.2966173,0.50792885
0.29663232,0.46169758
0.29664734,0.46169758
0.29666236,0.46169758
0.29667738,0.46169758
0.2966924,0.46169758
0.29670742,0.4154663
0.29672244,0.4154663
0.29673746,0.4154663
0.29675248,0.4154663
0.2967675,0.36923456
0.29678252,0.36923456
0.29679754,0.36923456
0.29681256,0.36923456
0.29682758,0.36923456
0.2968426,0.3230033
0.29685763,0.3230033
0.29687265,0.3230033
0.29688767,0.3230033
0.2969027,0.27677202
0.2969177,0.27677202
0.29693273,0.27677202
0.29694775,0.27677202
0.29696277,0.27677202
0.2969778,0.23054075
0.2969928,0.23054075
0.29700783,0.23054075
0.29702285,0.23054075
0.29703787,0.184309
0.2970529,0.184309
0.2970679,0.184309
0.29708293,0.184309
0.29709795,0.13807821
0.29711297,0.13807821
0.297128,0.13807821
0.297143,0.13807821
0.29715803,0.13807821
0.29717308,0.091846466
0.2971881,0.091846466
0.29720312,0.091846466
0.29721814,0.091846466
0.29723316,0.045615196
0.29724818,0.045615196
0.2972632,0.045615196
0.29727823,0.045615196
0.29729325,0.045615196
0.29730827,-6.160736E-4
0.2973233,-6.160736E-4
0.2973383,-6.160736E-4
0.29735333,-6.160736E-4
0.29736835,-0.046847343
0.29738337,-0.046847343
0.2973984,-0.046847343
0.2974134,-0.046847343
0.29742843,-0.09307861
0.29744345,-0.09307861
0.29745847,-0.09307861
0.2974735,-0.09307861
0.2974885,-0.09307861
0.29750353,-0.13931036
0.29751855,-0.13931036
0.29753357,-0.13931036
0.2975486,-0.13931036
0.2975636,-0.18554163
0.29757863,-0.18554163
0.29759365,-0.18554163
0.29760867,-0.18554163
0.2976237,-0.18554163
0.2976387,-0.2317729
0.29765373,-0.2317729
0.29766876,-0.2317729
0.29768378,-0.2317729
0.2976988,-0.27800417
0.29771382,-0.27800417
0.29772884,-0.27800417
0.29774386,-0.27800417
0.29775888,-0.27800417
0.2977739,-0.32423592
0.29778892,-0.32423592
0.29780394,-0.32423592
0.29781896,-0.32423592
0.29783398,-0.32423592
0.297849,-0.3704667
0.29786402,-0.3704667
0.29787904,-0.3704667
0.29789406,-0.3704667
0.29790908,-0.41669846
0.2979241,-0.41669846
0.29793912,-0.41669846
0.29795414,-0.41669846
0.29796916,-0.46292973
0.29798418,-0.46292973
0.2979992,-0.46292973
0.29801422,-0.46292973
0.29802924,-0.46292973
0.29804426,-0.5091615
0.2980593,-0.5091615
0.29807433,-0.5091615
0.29808936,-0.5091615
0.29810438,-0.5091615
0.2981194,-0.55539227
0.29813442,-0.55539227
0.29814944,-0.55539227
0.29816446,-0.55539227
0.29817948,-0.601624
0.2981945,-0.601624
0.29820952,-0.601624
0.29822454,-0.601624
0.29823956,-0.601624
0.29825458,-0.6478553
0.2982696,-0.6478553
0.29828462,-0.6478553
0.29829964,-0.6478553
0.29831466,-0.694087
0.29832968,-0.694087
0.2983447,-0.694087
0.29835972,-0.694087
0.29837474,-0.694087
0.29838976,-0.7403178
0.29840478,-0.7403178
0.2984198,-0.7403178
0.29843482,-0.7403178
0.29844984,-0.7403178
0.29846486,-0.78654957
0.29847988,-0.78654957
0.2984949,-0.78654957
0.29850993,-0.78654957
0.29852495,-0.78654957
0.29853997,-0.83278084
0.298555,-0.83278084
0.29857,-0.83278084
0.29858503,-0.83278084
0.29860005,-0.8790121
0.29861507,-0.8790121
0.2986301,-0.8790121
0.2986451,-0.8790121
0.29866013,-0.8790121
0.29867515,-0.9252434
0.29869017,-0.9252434
0.2987052,-0.9252434
0.2987202,-0.9252434
0.29873523,-0.9252434
0.29875025,-0.9714751
0.29876527,-0.9714751
0.2987803,-0.9714751
0.2987953,-0.9714751
0.29881033,-1.0177064
0.29882535,-1.0177064
0.29884037,-1.0177064
0.2988554,-1.0177064
0.2988704,-1.0177064
0.29888543,-1.0639377
0.29890046,-1.0639377
0.29891548,-1.0639377
0.2989305,-1.0639377
0.29894555,-1.0639377
0.29896057,-1.1101689
0.2989756,-1.1101689
0.2989906,-1.1101689
0.29900563,-1.1101689
0.29902065,-1.1101689
0.29903567,-1.1564007
0.2990507,-1.1564007
0.2990657,-1.1564007
0.29908073,-1.1564007
0.29909575,-1.202632
0.29911077,-1.202632
0.2991258,-1.202632
0.2991408,-1.202632
0.29915583,-1.202632
0.29917085,-1.2488632
0.29918587,-1.2488632
0.2992009,-1.2488632
0.2992159,-1.2488632
0.29923093,-1.2488632
0.29924595,-1.2950945
0.29926097,-1.2950945
0.299276,-1.2950945
0.299291,-1.2950945
0.29930604,-1.2950945
0.29932106,-1.3413262
0.29933608,-1.3413262
0.2993511,-1.3413262
0.29936612,-1.3413262
0.29938114,-1.3413262
0.29939616,-1.387557
0.29941118,-1.387557
0.2994262,-1.387557
0.29944122,-1.387557
0.29945624,-1.4337888
0.29947126,-1.4337888
0.29948628,-1.4337888
0.2995013,-1.4337888
0.29951632,-1.4337888
0.29953134,-1.48002
0.29954636,-1.48002
0.29956138,-1.48002
0.2995764,-1.48002
0.29959142,-1.48002
0.29960644,-1.48002
0.29962146,-1.48002
0.29963648,-1.48002
0.2996515,-1.5262513
0.29966652,-1.5262513
0.29968154,-1.5262513
0.29969656,-1.5262513
0.29971159,-1.5262513
0.2997266,-1.5724826
0.29974163,-1.5724826
0.29975665,-1.5724826
0.29977167,-1.5724826
0.2997867,-1.5724826
0.2998017,-1.6187139
0.29981676,-1.6187139
0.29983178,-1.6187139
0.2998468,-1.6187139
0.29986182,-1.6187139
0.29987684,-1.6187139
0.29989186,-1.6187139
0.29990688,-1.6187139
0.2999219,-1.5724826
0.29993692,-1.5724826
0.29995194,-1.5724826
0.29996696,-1.5724826
0.29998198,-1.5724826
0.299997,-1.5262513
0.30001202,-1.5262513
0.30002704,-1.5262513
0.30004206,-1.5262513
0.30005708,-1.48002
0.3000721,-1.48002
0.30008712,-1.48002
0.30010214,-1.48002
0.30011716,-1.48002
0.3001322,-1.48002
0.3001472,-1.48002
0.30016223,-1.48002
0.30017725,-1.4337888
0.30019227,-1.4337888
0.3002073,-1.4337888
0.3002223,-1.4337888
0.30023733,-1.387557
0.30025235,-1.387557
0.30026737,-1.387557
0.3002824,-1.387557
0.3002974,-1.387557
0.30031243,-1.3413262
0.30032745,-1.3413262
0.30034247,-1.3413262
0.3003575,-1.3413262
0.3003725,-1.3413262
0.30038753,-1.2950945
0.30040255,-1.2950945
0.30041757,-1.2950945
0.3004326,-1.2950945
0.3004476,-1.2488632
0.30046263,-1.2488632
0.30047765,-1.2488632
0.30049267,-1.2488632
0.3005077,-1.2488632
0.3005227,-1.202632
0.30053774,-1.202632
0.30055276,-1.202632
0.30056778,-1.202632
0.3005828,-1.202632
0.30059782,-1.1564007
0.30061284,-1.1564007
0.30062786,-1.1564007
0.30064288,-1.1564007
0.3006579,-1.1101689
0.30067292,-1.1101689
0.30068794,-1.1101689
0.300703,-1.1101689
0.300718,-1.1101689
0.30073303,-1.0639377
0.30074805,-1.0639377
0.30076307,-1.0639377
0.3007781,-1.0639377
0.3007931,-1.0177064
0.30080813,-1.0177064
0.30082315,-1.0177064
0.30083817,-1.0177064
0.3008532,-1.0177064
0.3008682,-0.9714751
0.30088323,-0.9714751
0.30089825,-0.9714751
0.30091327,-0.9714751
0.3009283,-0.9714751
0.30094332,-0.9252434
0.30095834,-0.9252434
0.30097336,-0.9252434
0.30098838,-0.9252434
0.3010034,-0.8790121
0.30101842,-0.8790121
0.30103344,-0.8790121
0.30104846,-0.8790121
0.30106348,-0.8790121
0.3010785,-0.83278084
0.30109352,-0.83278084
0.30110854,-0.83278084
0.30112356,-0.83278084
0.30113858,-0.83278084
0.3011536,-0.78654957
0.30116862,-0.78654957
0.30118364,-0.78654957
0.30119866,-0.78654957
0.30121368,-0.7403178
0.3012287,-0.7403178
0.30124372,-0.7403178
0.30125874,-0.7403178
0.30127376,-0.7403178
0.30128878,-0.694087
0.3013038,-0.694087
0.30131882,-0.694087
0.30133384,-0.694087
0.30134887,-0.694087
0.3013639,-0.6478553
0.3013789,-0.6478553
0.30139393,-0.6478553
0.30140895,-0.6478553
0.30142397,-0.601624
0.301439,-0.601624
0.301454,-0.601624
0.30146903,-0.601624
0.30148405,-0.601624
0.30149907,-0.55539227
0.3015141,-0.55539227
0.3015291,-0.55539227
0.30154413,-0.55539227
0.30155915,-0.55539227
0.3015742,-0.5091615
0.30158922,-0.5091615
0.30160424,-0.5091615
0.30161926,-0.5091615
0.30163428,-0.46292973
0.3016493,-0.46292973
0.30166432,-0.46292973
0.30167934,-0.46292973
0.30169436,-0.46292973
0.30170938,-0.41669846
0.3017244,-0.41669846
0.30173942,-0.41669846
0.30175444,-0.41669846
0.30176947,-0.41669846
0.3017845,-0.3704667
0.3017995,-0.3704667
0.30181453,-0.3704667
0.30182955,-0.3704667
0.30184457,-0.32423592
0.3018596,-0.32423592
0.3018746,-0.32423592
0.30188963,-0.32423592
0.30190465,-0.32423592
0.30191967,-0.27800417
0.3019347,-0.27800417
0.3019497,-0.27800417
0.30196473,-0.27800417
0.30197975,-0.27800417
0.30199477,-0.2317729
0.3020098,-0.2317729
0.3020248,-0.2317729
0.30203983,-0.2317729
0.30205485,-0.18554163
0.30206987,-0.18554163
0.3020849,-0.18554163
0.3020999,-0.18554163
0.30211493,-0.18554163
0.30212995,-0.13931036
0.30214497,-0.13931036
0.30216,-0.13931036
0.30217502,-0.13931036
0.30219004,-0.13931036
0.30220506,-0.09307861
0.30222008,-0.09307861
0.3022351,-0.09307861
0.30225012,-0.09307861
0.30226514,-0.046847343
0.30228016,-0.046847343
0.30229518,-0.046847343
0.3023102,-0.046847343
0.30232522,-0.046847343
0.30234024,-6.160736E-4
0.30235526,-6.160736E-4
0.30237028,-6.160736E-4
0.3023853,-6.160736E-4
0.30240032,0.045615196
0.30241534,0.045615196
0.30243036,0.045615196
0.30244538,0.045615196
0.30246043,0.045615196
0.30247545,0.091846466
0.30249047,0.091846466
0.3025055,0.091846466
0.3025205,0.091846466
0.30253553,0.091846466
0.30255055,0.13807821
0.30256557,0.13807821
0.3025806,0.13807821
0.30259562,0.13807821
0.30261064,0.184309
0.30262566,0.184309
0.30264068,0.184309
0.3026557,0.184309
0.30267072,0.184309
0.30268574,0.23054075
0.30270076,0.23054075
0.30271578,0.23054075
0.3027308,0.23054075
0.30274582,0.23054075
0.30276084,0.27677202
0.30277586,0.27677202
0.30279088,0.27677202
0.3028059,0.27677202
0.30282092,0.27677202
0.30283594,0.3230033
0.30285096,0.3230033
0.30286598,0.3230033
0.302881,0.3230033
0.30289602,0.36923456
0.30291104,0.36923456
0.30292606,0.36923456
0.30294108,0.36923456
0.3029561,0.36923456
0.30297112,0.4154663
0.30298615,0.4154663
0.30300117,0.4154663
0.3030162,0.4154663
0.3030312,0.4154663
0.30304623,0.46169758
0.30306125,0.46169758
0.30307627,0.46169758
0.3030913,0.46169758
0.3031063,0.50792885
0.30312133,0.50792885
0.30313635,0.50792885
0.30315137,0.50792885
0.3031664,0.50792885
0.3031814,0.5541601
0.30319643,0.5541601
0.30321145,0.5541601
0.30322647,0.5541601
0.3032415,0.5541601
0.3032565,0.60039186
0.30327153,0.60039186
0.30328655,0.60039186
0.30330157,0.60039186
0.3033166,0.64662313
0.3033316,0.64662313
0.30334666,0.64662313
0.30336168,0.64662313
0.3033767,0.64662313
0.30339172,0.6928544
0.30340675,0.6928544
0.30342177,0.6928544
0.3034368,0.6928544
0.3034518,0.6928544
0.30346683,0.7390857
0.30348185,0.7390857
0.30349687,0.7390857
0.3035119,0.7390857
0.3035269,0.7390857
0.30354193,0.7853174
0.30355695,0.7853174
0.30357197,0.7853174
0.303587,0.7853174
0.303602,0.7853174
0.30361703,0.8315482
0.30363205,0.8315482
0.30364707,0.8315482
0.3036621,0.8315482
0.3036771,0.8315482
0.30369213,0.87777996
0.30370715,0.87777996
0.30372217,0.87777996
0.3037372,0.87777996
0.3037522,0.92401123
0.30376723,0.92401123
0.30378225,0.92401123
0.30379727,0.92401123
0.3038123,0.92401123
0.30382732,0.970243
0.30384234,0.970243
0.30385736,0.970243
0.30387238,0.970243
0.3038874,0.970243
0.30390242,1.0164738
0.30391744,1.0164738
0.30393246,1.0164738
0.30394748,1.0164738
0.3039625,1.0164738
0.30397752,1.0627055
0.30399254,1.0627055
0.30400756,1.0627055
0.30402258,1.0627055
0.3040376,1.0627055
0.30405262,1.1089368
0.30406764,1.1089368
0.30408266,1.1089368
0.30409768,1.1089368
0.3041127,1.1089368
0.30412772,1.1551685
0.30414274,1.1551685
0.30415776,1.1551685
0.30417278,1.1551685
0.3041878,1.1551685
0.30420282,1.2013993
0.30421788,1.2013993
0.3042329,1.2013993
0.30424792,1.2013993
0.30426294,1.2013993
0.30427796,1.2476311
0.30429298,1.2476311
0.304308,1.2476311
0.30432302,1.2476311
0.30433804,1.2476311
0.30435306,1.2938623
0.30436808,1.2938623
0.3043831,1.2938623
0.30439812,1.2938623
0.30441314,1.3400936
0.30442816,1.3400936
0.30444318,1.3400936
0.3044582,1.3400936
0.30447322,1.3400936
0.30448824,1.3400936
0.30450326,1.3863249
0.30451828,1.3863249
0.3045333,1.3863249
0.30454832,1.3863249
0.30456334,1.3863249
0.30457836,1.4325566
0.30459338,1.4325566
0.3046084,1.4325566
0.30462343,1.4325566
0.30463845,1.4787879
0.30465347,1.4787879
0.3046685,1.4787879
0.3046835,1.4787879
0.30469853,1.4787879
0.30471355,1.4787879
0.30472857,1.4787879
0.3047436,1.4787879
0.3047586,1.5250192
0.30477363,1.5250192
0.30478865,1.5250192
0.30480367,1.5250192
0.3048187,1.5250192
0.3048337,1.5250192
0.30484873,1.5712504
0.30486375,1.5712504
0.30487877,1.5712504
0.3048938,1.5712504
0.3049088,1.6174817
0.30492383,1.6174817
0.30493885,1.6174817
0.30495387,1.6174817
0.3049689,1.6174817
0.3049839,1.6174817
0.30499893,1.6637135
0.30501395,1.6637135
0.30502898,1.6637135
0.305044,1.6637135
0.30505902,1.6637135
0.30507404,1.7099442
0.30508906,1.7099442
0.3051041,1.7099442
0.30511913,1.7099442
0.30513415,1.7099442
0.30514917,1.756176
0.3051642,1.756176
0.3051792,1.756176
0.30519423,1.756176
0.30520925,1.756176
0.30522427,1.756176
0.3052393,1.756176
0.3052543,1.7099442
0.30526933,1.7099442
0.30528435,1.7099442
0.30529937,1.7099442
0.3053144,1.6637135
0.3053294,1.6637135
0.30534443,1.6637135
0.30535945,1.6637135
0.30537447,1.6174817
0.3053895,1.6174817
0.3054045,1.6174817
0.30541953,1.6174817
0.30543455,1.6174817
0.30544958,1.5712504
0.3054646,1.5712504
0.30547962,1.5712504
0.30549464,1.5712504
0.30550966,1.5250192
0.30552468,1.5250192
0.3055397,1.5250192
0.30555472,1.5250192
0.30556974,1.5250192
0.30558476,1.4787879
0.30559978,1.4787879
0.3056148,1.4787879
0.30562982,1.4787879
0.30564484,1.4787879
0.30565986,1.4787879
0.30567488,1.4325566
0.3056899,1.4325566
0.30570492,1.4325566
0.30571994,1.4325566
0.30573496,1.4325566
0.30574998,1.3863249
0.305765,1.3863249
0.30578002,1.3863249
0.30579504,1.3863249
0.30581006,1.3400936
0.30582508,1.3400936
0.3058401,1.3400936
0.30585513,1.3400936
0.30587015,1.3400936
0.30588517,1.2938623
0.3059002,1.2938623
0.3059152,1.2938623
0.30593023,1.2938623
0.30594525,1.2476311
0.30596027,1.2476311
0.3059753,1.2476311
0.30599034,1.2476311
0.30600536,1.2013993
0.30602038,1.2013993
0.3060354,1.2013993
0.30605042,1.2013993
0.30606544,1.2013993
0.30608046,1.1551685
0.30609548,1.1551685
0.3061105,1.1551685
0.30612552,1.1551685
0.30614054,1.1089368
0.30615556,1.1089368
0.30617058,1.1089368
0.3061856,1.1089368
0.30620062,1.0627055
0.30621564,1.0627055
0.30623066,1.0627055
0.30624568,1.0627055
0.3062607,1.0627055
0.30627573,1.0164738
0.30629075,1.0164738
0.30630577,1.0164738
0.3063208,1.0164738
0.3063358,0.970243
0.30635083,0.970243
0.30636585,0.970243
0.30638087,0.970243
0.3063959,0.970243
0.3064109,0.92401123
0.30642593,0.92401123
0.30644095,0.92401123
0.30645597,0.92401123
0.306471,0.87777996
0.306486,0.87777996
0.30650103,0.87777996
0.30651605,0.87777996
0.30653107,0.8315482
0.3065461,0.8315482
0.3065611,0.8315482
0.30657613,0.8315482
0.30659115,0.8315482
0.30660617,0.7853174
0.3066212,0.7853174
0.3066362,0.7853174
0.30665123,0.7853174
0.30666625,0.7390857
0.30668128,0.7390857
0.3066963,0.7390857
0.30671132,0.7390857
0.30672634,0.7390857
0.30674136,0.6928544
0.30675638,0.6928544
0.3067714,0.6928544
0.30678642,0.6928544
0.30680144,0.64662313
0.30681646,0.64662313
0.30683148,0.64662313
0.3068465,0.64662313
0.30686155,0.64662313
0.30687657,0.60039186
0.3068916,0.60039186
0.3069066,0.60039186
0.30692163,0.60039186
0.30693665,0.5541601
0.30695167,0.5541601
0.3069667,0.5541601
0.3069817,0.5541601
0.30699673,0.5541601
0.30701175,0.50792885
0.30702677,0.50792885
0.3070418,0.50792885
0.3070568,0.50792885
0.30707183,0.46169758
0.30708686,0.46169758
0.30710188,0.46169758
0.3071169,0.46169758
0.30713192,0.4154663
0.30714694,0.4154663
0.30716196,0.4154663
0.30717698,0.4154663
0.307192,0.4154663
0.30720702,0.36923456
0.30722204,0.36923456
0.30723706,0.36923456
0.30725208,0.36923456
0.3072671,0.3230033
0.30728212,0.3230033
0.30729714,0.3230033
0.30731216,0.3230033
0.30732718,0.3230033
0.3073422,0.27677202
0.30735722,0.27677202
0.30737224,0.27677202
0.30738726,0.27677202
0.30740228,0.23054075
0.3074173,0.23054075
0.30743232,0.23054075
0.30744734,0.23054075
0.30746236,0.184309
0.30747738,0.184309
0.3074924,0.184309
0.30750743,0.184309
0.30752245,0.184309
0.30753747,0.13807821
0.3075525,0.13807821
0.3075675,0.13807821
0.30758253,0.13807821
0.30759755,0.13807821
0.30761257,0.091846466
0.3076276,0.091846466
0.3076426,0.091846466
0.30765763,0.091846466
0.30767265,0.045615196
0.30768767,0.045615196
0.3077027,0.045615196
0.3077177,0.045615196
0.30773273,-6.160736E-4
0.30774778,-6.160736E-4
0.3077628,-6.160736E-4
0.30777782,-6.160736E-4
0.30779284,-0.046847343
0.30780786,-0.046847343
0.30782288,-0.046847343
0.3078379,-0.046847343
0.30785292,-0.046847343
0.30786794,-0.09307861
0.30788296,-0.09307861
0.30789798,-0.09307861
0.307913,-0.09307861
0.30792803,-0.13931036
0.30794305,-0.13931036
0.30795807,-0.13931036
0.3079731,-0.13931036
0.3079881,-0.13931036
0.30800313,-0.18554163
0.30801815,-0.18554163
0.30803317,-0.18554163
0.3080482,-0.18554163
0.3080632,-0.2317729
0.30807823,-0.2317729
0.30809325,-0.2317729
0.30810827,-0.2317729
0.3081233,-0.2317729
0.3081383,-0.27800417
0.30815333,-0.27800417
0.30816835,-0.27800417
0.30818337,-0.27800417
0.3081984,-0.32423592
0.3082134,-0.32423592
0.30822843,-0.32423592
0.30824345,-0.32423592
0.30825847,-0.32423592
0.3082735,-0.3704667
0.3082885,-0.3704667
0.30830353,-0.3704667
0.30831856,-0.3704667
0.30833358,-0.3704667
0.3083486,-0.41669846
0.30836362,-0.41669846
0.30837864,-0.41669846
0.30839366,-0.41669846
0.30840868,-0.46292973
0.3084237,-0.46292973
0.30843872,-0.46292973
0.30845374,-0.46292973
0.30846876,-0.46292973
0.30848378,-0.5091615
0.3084988,-0.5091615
0.30851382,-0.5091615
0.30852884,-0.5091615
0.30854386,-0.55539227
0.30855888,-0.55539227
0.3085739,-0.55539227
0.30858892,-0.55539227
0.30860394,-0.55539227
0.308619,-0.601624
0.308634,-0.601624
0.30864903,-0.601624
0.30866405,-0.601624
0.30867907,-0.6478553
0.3086941,-0.6478553
0.3087091,-0.6478553
0.30872414,-0.6478553
0.30873916,-0.6478553
0.30875418,-0.694087
0.3087692,-0.694087
0.30878422,-0.694087
0.30879924,-0.694087
0.30881426,-0.694087
0.30882928,-0.7403178
0.3088443,-0.7403178
0.30885932,-0.7403178
0.30887434,-0.7403178
0.30888936,-0.7403178
0.30890438,-0.78654957
0.3089194,-0.78654957
0.30893442,-0.78654957
0.30894944,-0.78654957
0.30896446,-0.83278084
0.30897948,-0.83278084
0.3089945,-0.83278084
0.30900952,-0.83278084
0.30902454,-0.83278084
0.30903956,-0.8790121
0.30905458,-0.8790121
0.3090696,-0.8790121
0.30908462,-0.8790121
0.30909964,-0.8790121
0.30911466,-0.9252434
0.3091297,-0.9252434
0.3091447,-0.9252434
0.30915973,-0.9252434
0.30917475,-0.9714751
0.30918977,-0.9714751
0.3092048,-0.9714751
0.3092198,-0.9714751
0.30923483,-0.9714751
0.30924985,-1.0177064
0.30926487,-1.0177064
0.3092799,-1.0177064
0.3092949,-1.0177064
0.30930993,-1.0177064
0.30932495,-1.0639377
0.30933997,-1.0639377
0.309355,-1.0639377
0.30937,-1.0639377
0.30938503,-1.0639377
0.30940005,-1.1101689
0.30941507,-1.1101689
0.3094301,-1.1101689
0.3094451,-1.1101689
0.30946013,-1.1564007
0.30947515,-1.1564007
0.30949017,-1.1564007
0.30950522,-1.1564007
0.30952024,-1.1564007
0.30953526,-1.202632
0.3095503,-1.202632
0.3095653,-1.202632
0.30958033,-1.202632
0.30959535,-1.202632
0.30961037,-1.2488632
0.3096254,-1.2488632
0.3096404,-1.2488632
0.30965543,-1.2488632
0.30967045,-1.2488632
0.30968547,-1.2950945
0.3097005,-1.2950945
0.3097155,-1.2950945
0.30973053,-1.2950945
0.30974555,-1.3413262
0.30976057,-1.3413262
0.3097756,-1.3413262
0.3097906,-1.3413262
0.30980563,-1.3413262
0.30982065,-1.387557
0.30983567,-1.387557
0.3098507,-1.387557
0.3098657,-1.387557
0.30988073,-1.387557
0.30989575,-1.4337888
0.30991077,-1.4337888
0.3099258,-1.4337888
0.30994081,-1.4337888
0.30995584,-1.4337888
0.30997086,-1.48002
0.30998588,-1.48002
0.3100009,-1.48002
0.31001592,-1.48002
0.31003094,-1.48002
0.31004596,-1.48002
0.31006098,-1.48002
0.310076,-1.48002
0.31009102,-1.5262513
0.31010604,-1.5262513
0.31012106,-1.5262513
0.31013608,-1.5262513
0.3101511,-1.5262513
0.31016612,-1.5724826
0.31018114,-1.5724826
0.31019616,-1.5724826
0.31021118,-1.5724826
0.3102262,-1.5724826
0.31024122,-1.6187139
0.31025624,-1.6187139
0.31027126,-1.6187139
0.31028628,-1.6187139
0.3103013,-1.6187139
0.31031632,-1.6187139
0.31033134,-1.6187139
0.31034636,-1.6187139
0.3103614,-1.5724826
0.3103764,-1.5724826
0.31039146,-1.5724826
0.31040648,-1.5724826
0.3104215,-1.5724826
0.31043652,-1.5262513
0.31045154,-1.5262513
0.31046656,-1.5262513
0.31048158,-1.5262513
0.3104966,-1.48002
0.31051162,-1.48002
0.31052664,-1.48002
0.31054166,-1.48002
0.31055668,-1.48002
0.3105717,-1.48002
0.31058672,-1.48002
0.31060174,-1.4337888
0.31061676,-1.4337888
0.31063178,-1.4337888
0.3106468,-1.4337888
0.31066182,-1.4337888
0.31067684,-1.387557
0.31069186,-1.387557
0.31070688,-1.387557
0.3107219,-1.387557
0.31073692,-1.3413262
0.31075194,-1.3413262
0.31076697,-1.3413262
0.310782,-1.3413262
0.310797,-1.3413262
0.31081203,-1.2950945
0.31082705,-1.2950945
0.31084207,-1.2950945
0.3108571,-1.2950945
0.3108721,-1.2950945
0.31088713,-1.2488632
0.31090215,-1.2488632
0.31091717,-1.2488632
0.3109322,-1.2488632
0.3109472,-1.202632
0.31096223,-1.202632
0.31097725,-1.202632
0.31099227,-1.202632
0.3110073,-1.202632
0.3110223,-1.1564007
0.31103733,-1.1564007
0.31105235,-1.1564007
0.31106737,-1.1564007
0.3110824,-1.1564007
0.3110974,-1.1101689
0.31111243,-1.1101689
0.31112745,-1.1101689
0.31114247,-1.1101689
0.3111575,-1.0639377
0.31117252,-1.0639377
0.31118754,-1.0639377
0.31120256,-1.0639377
0.31121758,-1.0639377
0.3112326,-1.0177064
0.31124762,-1.0177064
0.31126267,-1.0177064
0.3112777,-1.0177064
0.3112927,-1.0177064
0.31130773,-0.9714751
0.31132275,-0.9714751
0.31133777,-0.9714751
0.3113528,-0.9714751
0.3113678,-0.9252434
0.31138283,-0.9252434
0.31139785,-0.9252434
0.31141287,-0.9252434
0.3114279,-0.9252434
0.3114429,-0.8790121
0.31145793,-0.8790121
0.31147295,-0.8790121
0.31148797,-0.8790121
0.311503,-0.83278084
0.311518,-0.83278084
0.31153303,-0.83278084
0.31154805,-0.83278084
0.31156307,-0.83278084
0.3115781,-0.78654957
0.31159312,-0.78654957
0.31160814,-0.78654957
0.31162316,-0.78654957
0.31163818,-0.78654957
0.3116532,-0.7403178
0.31166822,-0.7403178
0.31168324,-0.7403178
0.31169826,-0.7403178
0.31171328,-0.7403178
0.3117283,-0.694087
0.31174332,-0.694087
0.31175834,-0.694087
0.31177336,-0.694087
0.31178838,-0.6478553
0.3118034,-0.6478553
0.31181842,-0.6478553
0.31183344,-0.6478553
0.31184846,-0.6478553
0.31186348,-0.601624
0.3118785,-0.601624
0.31189352,-0.601624
0.31190854,-0.601624
0.31192356,-0.601624
0.31193858,-0.55539227
0.3119536,-0.55539227
0.31196862,-0.55539227
0.31198364,-0.55539227
0.31199867,-0.5091615
0.3120137,-0.5091615
0.3120287,-0.5091615
0.31204373,-0.5091615
0.31205875,-0.5091615
0.31207377,-0.46292973
0.3120888,-0.46292973
0.3121038,-0.46292973
0.31211883,-0.46292973
0.31213385,-0.46292973
0.3121489,-0.41669846
0.31216392,-0.41669846
0.31217894,-0.41669846
0.31219396,-0.41669846
0.31220898,-0.3704667
0.312224,-0.3704667
0.31223902,-0.3704667
0.31225404,-0.3704667
0.31226906,-0.3704667
0.31228408,-0.32423592
0.3122991,-0.32423592
0.31231412,-0.32423592
0.31232914,-0.32423592
0.31234416,-0.27800417
0.31235918,-0.27800417
0.3123742,-0.27800417
0.31238922,-0.27800417
0.31240425,-0.27800417
0.31241927,-0.2317729
0.3124343,-0.2317729
0.3124493,-0.2317729
0.31246433,-0.2317729
0.31247935,-0.2317729
0.31249437,-0.18554163
0.3125094,-0.18554163
0.3125244,-0.18554163
0.31253943,-0.18554163
0.31255445,-0.18554163
0.31256947,-0.13931036
0.3125845,-0.13931036
0.3125995,-0.13931036
0.31261453,-0.13931036
0.31262955,-0.09307861
0.31264457,-0.09307861
0.3126596,-0.09307861
0.3126746,-0.09307861
0.31268963,-0.09307861
0.31270465,-0.046847343
0.31271967,-0.046847343
0.3127347,-0.046847343
0.3127497,-0.046847343
0.31276473,-0.046847343
0.31277975,-6.160736E-4
0.31279477,-6.160736E-4
0.3128098,-6.160736E-4
0.31282482,-6.160736E-4
0.31283984,0.045615196
0.31285486,0.045615196
0.31286988,0.045615196
0.3128849,0.045615196
0.31289992,0.045615196
0.31291494,0.091846466
0.31292996,0.091846466
0.31294498,0.091846466
0.31296,0.091846466
0.31297502,0.13807821
0.31299004,0.13807821
0.31300506,0.13807821
0.31302008,0.13807821
0.31303513,0.13807821
0.31305015,0.184309
0.31306517,0.184309
0.3130802,0.184309
0.3130952,0.184309
0.31311023,0.23054075
0.31312525,0.23054075
0.31314027,0.23054075
0.3131553,0.23054075
0.3131703,0.23054075
0.31318533,0.27677202
0.31320035,0.27677202
0.31321537,0.27677202
0.3132304,0.27677202
0.31324542,0.27677202
0.31326044,0.3230033
0.31327546,0.3230033
0.31329048,0.3230033
0.3133055,0.3230033
0.31332052,0.3230033
0.31333554,0.36923456
0.31335056,0.36923456
0.31336558,0.36923456
0.3133806,0.36923456
0.31339562,0.4154663
0.31341064,0.4154663
0.31342566,0.4154663
0.31344068,0.4154663
0.3134557,0.4154663
0.31347072,0.46169758
0.31348574,0.46169758
0.31350076,0.46169758
0.31351578,0.46169758
0.3135308,0.46169758
0.31354582,0.50792885
0.31356084,0.50792885
0.31357586,0.50792885
0.31359088,0.50792885
0.3136059,0.50792885
0.31362092,0.5541601
0.31363595,0.5541601
0.31365097,0.5541601
0.313666,0.5541601
0.313681,0.60039186
0.31369603,0.60039186
0.31371105,0.60039186
0.31372607,0.60039186
0.3137411,0.60039186
0.3137561,0.64662313
0.31377113,0.64662313
0.31378615,0.64662313
0.31380117,0.64662313
0.3138162,0.64662313
0.3138312,0.6928544
0.31384623,0.6928544
0.31386125,0.6928544
0.31387627,0.6928544
0.3138913,0.6928544
0.31390634,0.7390857
0.31392136,0.7390857
0.31393638,0.7390857
0.3139514,0.7390857
0.31396642,0.7853174
0.31398144,0.7853174
0.31399646,0.7853174
0.31401148,0.7853174
0.3140265,0.7853174
0.31404153,0.7853174
0.31405655,0.8315482
0.31407157,0.8315482
0.3140866,0.8315482
0.3141016,0.8315482
0.31411663,0.87777996
0.31413165,0.87777996
0.31414667,0.87777996
0.3141617,0.87777996
0.3141767,0.87777996
0.31419173,0.92401123
0.31420675,0.92401123
0.31422177,0.92401123
0.3142368,0.92401123
0.3142518,0.92401123
0.31426683,0.970243
0.31428185,0.970243
0.31429687,0.970243
0.3143119,0.970243
0.3143269,0.970243
0.31434193,1.0164738
0.31435695,1.0164738
0.31437197,1.0164738
0.314387,1.0164738
0.314402,1.0164738
0.31441703,1.0627055
0.31443205,1.0627055
0.31444708,1.0627055
0.3144621,1.0627055
0.31447712,1.0627055
0.31449214,1.1089368
0.31450716,1.1089368
0.31452218,1.1089368
0.3145372,1.1089368
0.31455222,1.1551685
0.31456724,1.1551685
0.31458226,1.1551685
0.31459728,1.1551685
0.3146123,1.1551685
0.31462732,1.2013993
0.31464234,1.2013993
0.31465736,1.2013993
0.31467238,1.2013993
0.3146874,1.2013993
0.31470242,1.2476311
0.31471744,1.2476311
0.31473246,1.2476311
0.31474748,1.2476311
0.3147625,1.2476311
0.31477752,1.2938623
0.31479257,1.2938623
0.3148076,1.2938623
0.3148226,1.2938623
0.31483763,1.2938623
0.31485265,1.3400936
0.31486768,1.3400936
0.3148827,1.3400936
0.31489772,1.3400936
0.31491274,1.3400936
0.31492776,1.3863249
0.31494278,1.3863249
0.3149578,1.3863249
0.31497282,1.3863249
0.31498784,1.3863249
0.31500286,1.4325566
0.31501788,1.4325566
0.3150329,1.4325566
0.31504792,1.4325566
0.31506294,1.4325566
0.31507796,1.4787879
0.31509298,1.4787879
0.315108,1.4787879
0.31512302,1.4787879
0.31513804,1.4787879
0.31515306,1.4787879
0.31516808,1.4787879
0.3151831,1.4787879
0.31519812,1.5250192
0.31521314,1.5250192
0.31522816,1.5250192
0.31524318,1.5250192
0.3152582,1.5250192
0.31527323,1.5712504
0.31528825,1.5712504
0.31530327,1.5712504
0.3153183,1.5712504
0.3153333,1.5712504
0.31534833,1.6174817
0.31536335,1.6174817
0.31537837,1.6174817
0.3153934,1.6174817
0.3154084,1.6174817
0.31542343,1.6637135
0.31543845,1.6637135
0.31545347,1.6637135
0.3154685,1.6637135
0.3154835,1.6637135
0.31549853,1.6637135
0.31551355,1.7099442
0.31552857,1.7099442
0.3155436,1.7099442
0.3155586,1.7099442
0.31557363,1.7099442
0.31558865,1.756176
0.31560367,1.756176
0.3156187,1.756176
0.3156337,1.756176
0.31564873,1.756176
0.31566378,1.756176
0.3156788,1.756176
0.31569383,1.7099442
0.31570885,1.7099442
0.31572387,1.7099442
0.3157389,1.7099442
0.3157539,1.6637135
0.31576893,1.6637135
0.31578395,1.6637135
0.31579897,1.6637135
0.315814,1.6174817
0.315829,1.6174817
0.31584403,1.6174817
0.31585905,1.6174817
0.31587407,1.5712504
0.3158891,1.5712504
0.3159041,1.5712504
0.31591913,1.5712504
0.31593415,1.5712504
0.31594917,1.5250192
0.3159642,1.5250192
0.3159792,1.5250192
0.31599423,1.5250192
0.31600925,1.4787879
0.31602427,1.4787879
0.3160393,1.4787879
0.3160543,1.4787879
0.31606933,1.4787879
0.31608436,1.4787879
0.31609938,1.4787879
0.3161144,1.4325566
0.31612942,1.4325566
0.31614444,1.4325566
0.31615946,1.4325566
0.31617448,1.3863249
0.3161895,1.3863249
0.31620452,1.3863249
0.31621954,1.3863249
0.31623456,1.3863249
0.31624958,1.3400936
0.3162646,1.3400936
0.31627962,1.3400936
0.31629464,1.3400936
0.31630966,1.2938623
0.31632468,1.2938623
0.3163397,1.2938623
0.31635472,1.2938623
0.31636974,1.2476311
0.31638476,1.2476311
0.31639978,1.2476311
0.3164148,1.2476311
0.31642982,1.2476311
0.31644484,1.2013993
0.31645986,1.2013993
0.31647488,1.2013993
0.3164899,1.2013993
0.31650493,1.1551685
0.31651995,1.1551685
0.31653497,1.1551685
0.31655002,1.1551685
0.31656504,1.1551685
0.31658006,1.1089368
0.31659508,1.1089368
0.3166101,1.1089368
0.31662512,1.1089368
0.31664014,1.0627055
0.31665516,1.0627055
0.31667018,1.0627055
0.3166852,1.0627055
0.31670022,1.0627055
0.31671524,1.0164738
0.31673026,1.0164738
0.31674528,1.0164738
0.3167603,1.0164738
0.31677532,0.970243
0.31679034,0.970243
0.31680536,0.970243
0.31682038,0.970243
0.3168354,0.92401123
0.31685042,0.92401123
0.31686544,0.92401123
0.31688046,0.92401123
0.31689548,0.92401123
0.3169105,0.87777996
0.31692553,0.87777996
0.31694055,0.87777996
0.31695557,0.87777996
0.3169706,0.8315482
0.3169856,0.8315482
0.31700063,0.8315482
0.31701565,0.8315482
0.31703067,0.7853174
0.3170457,0.7853174
0.3170607,0.7853174
0.31707573,0.7853174
0.31709075,0.7853174
0.31710577,0.7390857
0.3171208,0.7390857
0.3171358,0.7390857
0.31715083,0.7390857
0.31716585,0.7390857
0.31718087,0.6928544
0.3171959,0.6928544
0.3172109,0.6928544
0.31722593,0.6928544
0.31724095,0.64662313
0.31725597,0.64662313
0.317271,0.64662313
0.317286,0.64662313
0.31730103,0.60039186
0.31731606,0.60039186
0.31733108,0.60039186
0.3173461,0.60039186
0.31736112,0.60039186
0.31737614,0.5541601
0.31739116,0.5541601
0.31740618,0.5541601
0.3174212,0.5541601
0.31743625,0.50792885
0.31745127,0.50792885
0.3174663,0.50792885
0.3174813,0.50792885
0.31749633,0.50792885
0.31751135,0.46169758
0.31752637,0.46169758
0.3175414,0.46169758
0.3175564,0.46169758
0.31757143,0.4154663
0.31758645,0.4154663
0.31760147,0.4154663
0.3176165,0.4154663
0.3176315,0.36923456
0.31764653,0.36923456
0.31766155,0.36923456
0.31767657,0.36923456
0.3176916,0.36923456
0.3177066,0.3230033
0.31772164,0.3230033
0.31773666,0.3230033
0.31775168,0.3230033
0.3177667,0.27677202
0.31778172,0.27677202
0.31779674,0.27677202
0.31781176,0.27677202
0.31782678,0.27677202
0.3178418,0.23054075
0.31785682,0.23054075
0.31787184,0.23054075
0.31788686,0.23054075
0.31790188,0.184309
0.3179169,0.184309
0.31793192,0.184309
0.31794694,0.184309
0.31796196,0.184309
0.31797698,0.13807821
0.317992,0.13807821
0.31800702,0.13807821
0.31802204,0.13807821
0.31803706,0.091846466
0.31805208,0.091846466
0.3180671,0.091846466
0.31808212,0.091846466
0.31809714,0.091846466
0.31811216,0.045615196
0.3181272,0.045615196
0.3181422,0.045615196
0.31815723,0.045615196
0.31817225,-6.160736E-4
0.31818727,-6.160736E-4
0.3182023,-6.160736E-4
0.3182173,-6.160736E-4
0.31823233,-0.046847343
0.31824735,-0.046847343
0.31826237,-0.046847343
0.3182774,-0.046847343
0.3182924,-0.046847343
0.31830746,-0.09307861
0.31832248,-0.09307861
0.3183375,-0.09307861
0.31835252,-0.09307861
0.31836754,-0.13931036
0.31838256,-0.13931036
0.31839758,-0.13931036
0.3184126,-0.13931036
0.31842762,-0.13931036
0.31844264,-0.18554163
0.31845766,-0.18554163
0.31847268,-0.18554163
0.3184877,-0.18554163
0.31850272,-0.2317729
0.31851774,-0.2317729
0.31853276,-0.2317729
0.3185478,-0.2317729
0.3185628,-0.27800417
0.31857783,-0.27800417
0.31859285,-0.27800417
0.31860787,-0.27800417
0.3186229,-0.27800417
0.3186379,-0.32423592
0.31865293,-0.32423592
0.31866795,-0.32423592
0.31868297,-0.32423592
0.318698,-0.32423592
0.318713,-0.3704667
0.31872803,-0.3704667
0.31874305,-0.3704667
0.31875807,-0.3704667
0.3187731,-0.41669846
0.3187881,-0.41669846
0.31880313,-0.41669846
0.31881815,-0.41669846
0.31883317,-0.41669846
0.3188482,-0.46292973
0.3188632,-0.46292973
0.31887823,-0.46292973
0.31889325,-0.46292973
0.31890827,-0.5091615
0.3189233,-0.5091615
0.31893831,-0.5091615
0.31895334,-0.5091615
0.31896836,-0.5091615
0.31898338,-0.55539227
0.3189984,-0.55539227
0.31901342,-0.55539227
0.31902844,-0.55539227
0.31904346,-0.601624
0.31905848,-0.601624
0.3190735,-0.601624
0.31908852,-0.601624
0.31910354,-0.601624
0.31911856,-0.6478553
0.31913358,-0.6478553
0.3191486,-0.6478553
0.31916362,-0.6478553
0.31917864,-0.6478553
0.3191937,-0.694087
0.3192087,-0.694087
0.31922373,-0.694087
0.31923875,-0.694087
0.31925377,-0.7403178
0.3192688,-0.7403178
0.3192838,-0.7403178
0.31929883,-0.7403178
0.31931385,-0.7403178
0.31932887,-0.78654957
0.3193439,-0.78654957
0.31935892,-0.78654957
0.31937394,-0.78654957
0.31938896,-0.78654957
0.31940398,-0.83278084
0.319419,-0.83278084
0.31943402,-0.83278084
0.31944904,-0.83278084
0.31946406,-0.8790121
0.31947908,-0.8790121
0.3194941,-0.8790121
0.31950912,-0.8790121
0.31952414,-0.8790121
0.31953916,-0.9252434
0.31955418,-0.9252434
0.3195692,-0.9252434
0.31958422,-0.9252434
0.31959924,-0.9252434
0.31961426,-0.9714751
0.31962928,-0.9714751
0.3196443,-0.9714751
0.31965932,-0.9714751
0.31967434,-0.9714751
0.31968936,-1.0177064
0.31970438,-1.0177064
0.3197194,-1.0177064
0.31973442,-1.0177064
0.31974944,-1.0639377
0.31976447,-1.0639377
0.3197795,-1.0639377
0.3197945,-1.0639377
0.31980953,-1.0639377
0.31982455,-1.1101689
0.31983957,-1.1101689
0.3198546,-1.1101689
0.3198696,-1.1101689
0.31988463,-1.1101689
0.31989965,-1.1564007
0.31991467,-1.1564007
0.3199297,-1.1564007
0.3199447,-1.1564007
0.31995973,-1.1564007
0.31997475,-1.202632
0.31998977,-1.202632
0.3200048,-1.202632
0.3200198,-1.202632
0.32003483,-1.202632
0.32004985,-1.2488632
0.3200649,-1.2488632
0.32007992,-1.2488632
0.32009494,-1.2488632
0.32010996,-1.2950945
0.32012498,-1.2950945
0.32014,-1.2950945
0.32015502,-1.2950945
0.32017004,-1.2950945
0.32018507,-1.3413262
0.3202001,-1.3413262
0.3202151,-1.3413262
0.32023013,-1.3413262
0.32024515,-1.3413262
0.32026017,-1.387557
0.3202752,-1.387557
0.3202902,-1.387557
0.32030523,-1.387557
0.32032025,-1.387557
0.32033527,-1.4337888
0.3203503,-1.4337888
0.3203653,-1.4337888
0.32038033,-1.4337888
0.32039535,-1.4337888
0.32041037,-1.48002
0.3204254,-1.48002
0.3204404,-1.48002
0.32045543,-1.48002
0.32047045,-1.48002
0.32048547,-1.48002
0.3205005,-1.48002
0.3205155,-1.5262513
0.32053053,-1.5262513
0.32054555,-1.5262513
0.32056057,-1.5262513
0.3205756,-1.5262513
0.32059062,-1.5724826
0.32060564,-1.5724826
0.32062066,-1.5724826
0.32063568,-1.5724826
0.3206507,-1.5724826
0.32066572,-1.6187139
0.32068074,-1.6187139
0.32069576,-1.6187139
0.32071078,-1.6187139
0.3207258,-1.6187139
0.32074082,-1.6187139
0.32075584,-1.6187139
0.32077086,-1.6187139
0.32078588,-1.6187139
0.3208009,-1.5724826
0.32081592,-1.5724826
0.32083094,-1.5724826
0.32084596,-1.5724826
0.32086098,-1.5262513
0.320876,-1.5262513
0.32089102,-1.5262513
0.32090604,-1.5262513
0.32092106,-1.5262513
0.32093608,-1.48002
0.32095113,-1.48002
0.32096615,-1.48002
0.32098117,-1.48002
0.3209962,-1.48002
0.32101122,-1.48002
0.32102624,-1.48002
0.32104126,-1.4337888
0.32105628,-1.4337888
0.3210713,-1.4337888
0.32108632,-1.4337888
0.32110134,-1.387557
0.32111636,-1.387557
0.32113138,-1.387557
0.3211464,-1.387557
0.32116142,-1.387557
0.32117644,-1.3413262
0.32119146,-1.3413262
0.32120648,-1.3413262
0.3212215,-1.3413262
0.32123652,-1.3413262
0.32125154,-1.2950945
0.32126656,-1.2950945
0.32128158,-1.2950945
0.3212966,-1.2950945
0.32131162,-1.2950945
0.32132664,-1.2488632
0.32134166,-1.2488632
0.32135668,-1.2488632
0.3213717,-1.2488632
0.32138672,-1.202632
0.32140175,-1.202632
0.32141677,-1.202632
0.3214318,-1.202632
0.3214468,-1.202632
0.32146183,-1.1564007
0.32147685,-1.1564007
0.32149187,-1.1564007
0.3215069,-1.1564007
0.3215219,-1.1101689
0.32153693,-1.1101689
0.32155195,-1.1101689
0.32156697,-1.1101689
0.321582,-1.1101689
0.321597,-1.0639377
0.32161203,-1.0639377
0.32162705,-1.0639377
0.32164207,-1.0639377
0.3216571,-1.0177064
0.3216721,-1.0177064
0.32168713,-1.0177064
0.32170215,-1.0177064
0.32171717,-1.0177064
0.3217322,-0.9714751
0.3217472,-0.9714751
0.32176223,-0.9714751
0.32177725,-0.9714751
0.32179227,-0.9714751
0.3218073,-0.9252434
0.32182232,-0.9252434
0.32183737,-0.9252434
0.3218524,-0.9252434
0.3218674,-0.9252434
0.32188243,-0.8790121
0.32189745,-0.8790121
0.32191247,-0.8790121
0.3219275,-0.8790121
0.3219425,-0.83278084
0.32195753,-0.83278084
0.32197255,-0.83278084
0.32198757,-0.83278084
0.3220026,-0.83278084
0.3220176,-0.78654957
0.32203263,-0.78654957
0.32204765,-0.78654957
0.32206267,-0.78654957
0.3220777,-0.7403178
0.3220927,-0.7403178
0.32210773,-0.7403178
0.32212275,-0.7403178
0.32213777,-0.7403178
0.3221528,-0.694087
0.3221678,-0.694087
0.32218283,-0.694087
0.32219785,-0.694087
0.32221287,-0.694087
0.3222279,-0.6478553
0.32224292,-0.6478553
0.32225794,-0.6478553
0.32227296,-0.6478553
0.32228798,-0.6478553
0.322303,-0.601624
0.32231802,-0.601624
0.32233304,-0.601624
0.32234806,-0.601624
0.32236308,-0.55539227
0.3223781,-0.55539227
0.32239312,-0.55539227
0.32240814,-0.55539227
0.32242316,-0.55539227
0.32243818,-0.5091615
0.3224532,-0.5091615
0.32246822,-0.5091615
0.32248324,-0.5091615
0.32249826,-0.5091615
0.32251328,-0.46292973
0.3225283,-0.46292973
0.32254332,-0.46292973
0.32255834,-0.46292973
0.32257336,-0.41669846
0.32258838,-0.41669846
0.3226034,-0.41669846
0.32261842,-0.41669846
0.32263345,-0.41669846
0.32264847,-0.3704667
0.3226635,-0.3704667
0.3226785,-0.3704667
0.32269353,-0.3704667
0.32270858,-0.3704667
0.3227236,-0.32423592
0.32273862,-0.32423592
0.32275364,-0.32423592
0.32276866,-0.32423592
0.32278368,-0.27800417
0.3227987,-0.27800417
0.32281372,-0.27800417
0.32282874,-0.27800417
0.32284376,-0.27800417
0.32285878,-0.2317729
0.3228738,-0.2317729
0.32288882,-0.2317729
0.32290384,-0.2317729
0.32291886,-0.18554163
0.32293388,-0.18554163
0.3229489,-0.18554163
0.32296392,-0.18554163
0.32297894,-0.18554163
0.32299396,-0.13931036
0.32300898,-0.13931036
0.323024,-0.13931036
0.32303903,-0.13931036
0.32305405,-0.13931036
0.32306907,-0.09307861
0.3230841,-0.09307861
0.3230991,-0.09307861
0.32311413,-0.09307861
0.32312915,-0.09307861
0.32314417,-0.046847343
0.3231592,-0.046847343
0.3231742,-0.046847343
0.32318923,-0.046847343
0.32320425,-6.160736E-4
0.32321927,-6.160736E-4
0.3232343,-6.160736E-4
0.3232493,-6.160736E-4
0.32326433,0.045615196
0.32327935,0.045615196
0.32329437,0.045615196
0.3233094,0.045615196
0.3233244,0.045615196
0.32333943,0.091846466
0.32335445,0.091846466
0.32336947,0.091846466
0.3233845,0.091846466
0.3233995,0.091846466
0.32341453,0.13807821
0.32342955,0.13807821
0.32344458,0.13807821
0.3234596,0.13807821
0.32347462,0.13807821
0.32348964,0.184309
0.32350466,0.184309
0.32351968,0.184309
0.3235347,0.184309
0.32354972,0.23054075
0.32356474,0.23054075
0.32357976,0.23054075
0.3235948,0.23054075
0.32360983,0.23054075
0.32362485,0.27677202
0.32363987,0.27677202
0.3236549,0.27677202
0.3236699,0.27677202
0.32368493,0.27677202
0.32369995,0.3230033
0.32371497,0.3230033
0.32373,0.3230033
0.323745,0.3230033
0.32376003,0.36923456
0.32377505,0.36923456
0.32379007,0.36923456
0.3238051,0.36923456
0.3238201,0.36923456
0.32383513,0.4154663
0.32385015,0.4154663
0.32386518,0.4154663
0.3238802,0.4154663
0.32389522,0.4154663
0.32391024,0.46169758
0.32392526,0.46169758
0.32394028,0.46169758
0.3239553,0.46169758
0.32397032,0.50792885
0.32398534,0.50792885
0.32400036,0.50792885
0.32401538,0.50792885
0.3240304,0.50792885
0.32404542,0.5541601
0.32406044,0.5541601
0.32407546,0.5541601
0.32409048,0.5541601
0.3241055,0.5541601
0.32412052,0.60039186
0.32413554,0.60039186
0.32415056,0.60039186
0.32416558,0.60039186
0.3241806,0.60039186
0.32419562,0.64662313
0.32421064,0.64662313
0.32422566,0.64662313
0.32424068,0.64662313
0.3242557,0.64662313
0.32427073,0.6928544
0.32428575,0.6928544
0.32430077,0.6928544
0.3243158,0.6928544
0.3243308,0.6928544
0.32434583,0.7390857
0.32436085,0.7390857
0.32437587,0.7390857
0.3243909,0.7390857
0.3244059,0.7853174
0.32442093,0.7853174
0.32443595,0.7853174
0.32445097,0.7853174
0.324466,0.7853174
0.32448104,0.8315482
0.32449606,0.8315482
0.32451108,0.8315482
0.3245261,0.8315482
0.32454112,0.8315482
0.32455614,0.87777996
0.32457116,0.87777996
0.32458618,0.87777996
0.3246012,0.87777996
0.32461622,0.87777996
0.32463124,0.92401123
0.32464626,0.92401123
0.32466128,0.92401123
0.3246763,0.92401123
0.32469133,0.92401123
0.32470635,0.970243
0.32472137,0.970243
0.3247364,0.970243
0.3247514,0.970243
0.32476643,1.0164738
0.32478145,1.0164738
0.32479647,1.0164738
0.3248115,1.0164738
0.3248265,1.0164738
0.32484153,1.0627055
0.32485655,1.0627055
0.32487157,1.0627055
0.3248866,1.0627055
0.3249016,1.0627055
0.32491663,1.1089368
0.32493165,1.1089368
0.32494667,1.1089368
0.3249617,1.1089368
0.3249767,1.1089368
0.32499173,1.1551685
0.32500675,1.1551685
0.32502177,1.1551685
0.3250368,1.1551685
0.3250518,1.1551685
0.32506683,1.2013993
0.32508186,1.2013993
0.32509688,1.2013993
0.3251119,1.2013993
0.32512692,1.2013993
0.32514194,1.2476311
0.32515696,1.2476311
0.32517198,1.2476311
0.325187,1.2476311
0.32520202,1.2476311
0.32521704,1.2938623
0.32523206,1.2938623
0.32524708,1.2938623
0.3252621,1.2938623
0.32527712,1.2938623
0.32529214,1.3400936
0.32530716,1.3400936
0.32532218,1.3400936
0.3253372,1.3400936
0.32535225,1.3400936
0.32536727,1.3863249
0.3253823,1.3863249
0.3253973,1.3863249
0.32541233,1.3863249
0.32542735,1.3863249
0.32544237,1.4325566
0.3254574,1.4325566
0.3254724,1.4325566
0.32548743,1.4325566
0.32550246,1.4325566
0.32551748,1.4787879
0.3255325,1.4787879
0.32554752,1.4787879
0.32556254,1.4787879
0.32557756,1.4787879
0.32559258,1.4787879
0.3256076,1.4787879
0.32562262,1.4787879
0.32563764,1.5250192
0.32565266,1.5250192
0.32566768,1.5250192
0.3256827,1.5250192
0.32569772,1.5250192
0.32571274,1.5712504
0.32572776,1.5712504
0.32574278,1.5712504
0.3257578,1.5712504
0.32577282,1.5712504
0.32578784,1.6174817
0.32580286,1.6174817
0.32581788,1.6174817
0.3258329,1.6174817
0.32584792,1.6174817
0.32586294,1.6637135
0.32587796,1.6637135
0.32589298,1.6637135
0.325908,1.6637135
0.32592303,1.6637135
0.32593805,1.7099442
0.32595307,1.7099442
0.3259681,1.7099442
0.3259831,1.7099442
0.32599813,1.7099442
0.32601315,1.756176
0.32602817,1.756176
0.3260432,1.756176
0.3260582,1.756176
0.32607323,1.756176
0.32608825,1.756176
0.32610327,1.756176
0.3261183,1.7099442
0.3261333,1.7099442
0.32614833,1.7099442
0.32616335,1.7099442
0.32617837,1.6637135
0.3261934,1.6637135
0.3262084,1.6637135
0.32622343,1.6637135
0.32623848,1.6637135
0.3262535,1.6174817
0.32626852,1.6174817
0.32628354,1.6174817
0.32629856,1.6174817
0.32631359,1.5712504
0.3263286,1.5712504
0.32634363,1.5712504
0.32635865,1.5712504
0.32637367,1.5250192
0.3263887,1.5250192
0.3264037,1.5250192
0.32641873,1.5250192
0.32643375,1.5250192
0.32644877,1.4787879
0.3264638,1.4787879
0.3264788,1.4787879
0.32649383,1.4787879
0.32650885,1.4787879
0.32652387,1.4787879
0.3265389,1.4325566
0.3265539,1.4325566
0.32656893,1.4325566
0.32658395,1.4325566
0.32659897,1.4325566
0.326614,1.3863249
0.326629,1.3863249
0.32664403,1.3863249
0.32665905,1.3863249
0.32667407,1.3863249
0.3266891,1.3400936
0.3267041,1.3400936
0.32671914,1.3400936
0.32673416,1.3400936
0.32674918,1.2938623
0.3267642,1.2938623
0.32677922,1.2938623
0.32679424,1.2938623
0.32680926,1.2476311
0.32682428,1.2476311
0.3268393,1.2476311
0.32685432,1.2476311
0.32686934,1.2476311
0.32688436,1.2013993
0.32689938,1.2013993
0.3269144,1.2013993
0.32692942,1.2013993
0.32694444,1.1551685
0.32695946,1.1551685
0.32697448,1.1551685
0.3269895,1.1551685
0.32700452,1.1089368
0.32701954,1.1089368
0.32703456,1.1089368
0.32704958,1.1089368
0.3270646,1.1089368
0.32707962,1.0627055
0.32709464,1.0627055
0.3271097,1.0627055
0.3271247,1.0627055
0.32713974,1.0164738
0.32715476,1.0164738
0.32716978,1.0164738
0.3271848,1.0164738
0.32719982,0.970243
0.32721484,0.970243
0.32722986,0.970243
0.32724488,0.970243
0.3272599,0.970243
0.32727492,0.92401123
0.32728994,0.92401123
0.32730496,0.92401123
0.32731998,0.92401123
0.327335,0.87777996
0.32735002,0.87777996
0.32736504,0.87777996
0.32738006,0.87777996
0.32739508,0.87777996
0.3274101,0.8315482
0.32742512,0.8315482
0.32744014,0.8315482
0.32745516,0.8315482
0.32747018,0.7853174
0.3274852,0.7853174
0.32750022,0.7853174
0.32751524,0.7853174
0.32753026,0.7390857
0.3275453,0.7390857
0.3275603,0.7390857
0.32757533,0.7390857
0.32759035,0.7390857
0.32760537,0.6928544
0.3276204,0.6928544
0.3276354,0.6928544
0.32765043,0.6928544
0.32766545,0.64662313
0.32768047,0.64662313
0.3276955,0.64662313
0.3277105,0.64662313
0.32772553,0.64662313
0.32774055,0.60039186
0.32775557,0.60039186
0.3277706,0.60039186
0.3277856,0.60039186
0.32780063,0.5541601
0.32781565,0.5541601
0.32783067,0.5541601
0.3278457,0.5541601
0.3278607,0.5541601
0.32787573,0.50792885
0.32789075,0.50792885
0.32790577,0.50792885
0.3279208,0.50792885
0.3279358,0.46169758
0.32795084,0.46169758
0.32796586,0.46169758
0.32798088,0.46169758
0.32799593,0.46169758
0.32801095,0.4154663
0.32802597,0.4154663
0.328041,0.4154663
0.328056,0.4154663
0.32807103,0.36923456
0.32808605,0.36923456
0.32810107,0.36923456
0.3281161,0.36923456
0.3281311,0.3230033
0.32814613,0.3230033
0.32816115,0.3230033
0.32817617,0.3230033
0.3281912,0.3230033
0.3282062,0.27677202
0.32822123,0.27677202
0.32823625,0.27677202
0.32825127,0.27677202
0.3282663,0.23054075
0.3282813,0.23054075
0.32829633,0.23054075
0.32831135,0.23054075
0.32832637,0.23054075
0.3283414,0.184309
0.32835642,0.184309
0.32837144,0.184309
0.32838646,0.184309
0.32840148,0.13807821
0.3284165,0.13807821
0.32843152,0.13807821
0.32844654,0.13807821
0.32846156,0.091846466
0.32847658,0.091846466
0.3284916,0.091846466
0.32850662,0.091846466
0.32852164,0.091846466
0.32853666,0.045615196
0.32855168,0.045615196
0.3285667,0.045615196
0.32858172,0.045615196
0.32859674,-6.160736E-4
0.32861176,-6.160736E-4
0.32862678,-6.160736E-4
0.3286418,-6.160736E-4
0.32865682,-0.046847343
0.32867184,-0.046847343
0.32868686,-0.046847343
0.32870188,-0.046847343
0.3287169,-0.046847343
0.32873192,-0.09307861
0.32874694,-0.09307861
0.32876197,-0.09307861
0.328777,-0.09307861
0.328792,-0.13931036
0.32880703,-0.13931036
0.32882205,-0.13931036
0.32883707,-0.13931036
0.3288521,-0.13931036
0.3288671,-0.18554163
0.32888216,-0.18554163
0.32889718,-0.18554163
0.3289122,-0.18554163
0.32892722,-0.18554163
0.32894224,-0.2317729
0.32895726,-0.2317729
0.32897228,-0.2317729
0.3289873,-0.2317729
0.32900232,-0.27800417
0.32901734,-0.27800417
0.32903236,-0.27800417
0.32904738,-0.27800417
0.3290624,-0.27800417
0.32907742,-0.32423592
0.32909244,-0.32423592
0.32910746,-0.32423592
0.32912248,-0.32423592
0.3291375,-0.3704667
0.32915252,-0.3704667
0.32916754,-0.3704667
0.32918257,-0.3704667
0.3291976,-0.3704667
0.3292126,-0.41669846
0.32922763,-0.41669846
0.32924265,-0.41669846
0.32925767,-0.41669846
0.3292727,-0.46292973
0.3292877,-0.46292973
0.32930273,-0.46292973
0.32931775,-0.46292973
0.32933277,-0.46292973
0.3293478,-0.5091615
0.3293628,-0.5091615
0.32937783,-0.5091615
0.32939285,-0.5091615
0.32940787,-0.55539227
0.3294229,-0.55539227
0.3294379,-0.55539227
0.32945293,-0.55539227
0.32946795,-0.55539227
0.32948297,-0.601624
0.329498,-0.601624
0.329513,-0.601624
0.32952803,-0.601624
0.32954305,-0.6478553
0.32955807,-0.6478553
0.3295731,-0.6478553
0.32958812,-0.6478553
0.32960314,-0.6478553
0.32961816,-0.694087
0.32963318,-0.694087
0.3296482,-0.694087
0.32966322,-0.694087
0.32967824,-0.694087
0.32969326,-0.7403178
0.32970828,-0.7403178
0.3297233,-0.7403178
0.32973832,-0.7403178
0.32975337,-0.7403178
0.3297684,-0.78654957
0.3297834,-0.78654957
0.32979843,-0.78654957
0.32981345,-0.78654957
0.32982847,-0.78654957
0.3298435,-0.83278084
0.3298585,-0.83278084
0.32987353,-0.83278084
0.32988855,-0.83278084
0.32990357,-0.8790121
0.3299186,-0.8790121
0.3299336,-0.8790121
0.32994863,-0.8790121
0.32996365,-0.8790121
0.32997867,-0.9252434
0.3299937,-0.9252434
0.33000872,-0.9252434
0.33002374,-0.9252434
0.33003876,-0.9714751
0.33005378,-0.9714751
0.3300688,-0.9714751
0.33008382,-0.9714751
0.33009884,-0.9714751
0.33011386,-1.0177064
0.33012888,-1.0177064
0.3301439,-1.0177064
0.33015892,-1.0177064
0.33017394,-1.0177064
0.33018896,-1.0639377
0.33020398,-1.0639377
0.330219,-1.0639377
0.33023402,-1.0639377
0.33024904,-1.0639377
0.33026406,-1.1101689
0.33027908,-1.1101689
0.3302941,-1.1101689
0.33030912,-1.1101689
0.33032414,-1.1564007
0.33033916,-1.1564007
0.33035418,-1.1564007
0.3303692,-1.1564007
0.33038422,-1.1564007
0.33039925,-1.202632
0.33041427,-1.202632
0.3304293,-1.202632
0.3304443,-1.202632
0.33045933,-1.202632
0.33047435,-1.2488632
0.33048937,-1.2488632
0.3305044,-1.2488632
0.3305194,-1.2488632
0.33053443,-1.2488632
0.33054945,-1.2950945
0.33056447,-1.2950945
0.3305795,-1.2950945
0.3305945,-1.2950945
0.33060953,-1.2950945
0.33062455,-1.3413262
0.3306396,-1.3413262
0.33065462,-1.3413262
0.33066964,-1.3413262
0.33068466,-1.3413262
0.33069968,-1.387557
0.3307147,-1.387557
0.33072972,-1.387557
0.33074474,-1.387557
0.33075976,-1.4337888
0.33077478,-1.4337888
0.3307898,-1.4337888
0.33080482,-1.4337888
0.33081985,-1.4337888
0.33083487,-1.48002
0.3308499,-1.48002
0.3308649,-1.48002
0.33087993,-1.48002
0.33089495,-1.48002
0.33090997,-1.48002
0.330925,-1.48002
0.33094,-1.48002
0.33095503,-1.5262513
0.33097005,-1.5262513
0.33098507,-1.5262513
0.3310001,-1.5262513
0.3310151,-1.5262513
0.33103013,-1.5724826
0.33104515,-1.5724826
0.33106017,-1.5724826
0.3310752,-1.5724826
0.3310902,-1.5724826
0.33110523,-1.6187139
0.33112025,-1.6187139
0.33113527,-1.6187139
0.3311503,-1.6187139
0.3311653,-1.6187139
0.33118033,-1.6187139
0.33119535,-1.6187139
0.33121037,-1.6187139
0.3312254,-1.5724826
0.33124042,-1.5724826
0.33125544,-1.5724826
0.33127046,-1.5724826
0.33128548,-1.5724826
0.3313005,-1.5262513
0.33131552,-1.5262513
0.33133054,-1.5262513
0.33134556,-1.5262513
0.33136058,-1.48002
0.3313756,-1.48002
0.33139062,-1.48002
0.33140564,-1.48002
0.33142066,-1.48002
0.33143568,-1.48002
0.3314507,-1.48002
0.33146572,-1.48002
0.33148074,-1.4337888
0.33149576,-1.4337888
0.33151078,-1.4337888
0.33152583,-1.4337888
0.33154085,-1.387557
0.33155587,-1.387557
0.3315709,-1.387557
0.3315859,-1.387557
0.33160093,-1.387557
0.33161595,-1.3413262
0.33163098,-1.3413262
0.331646,-1.3413262
0.33166102,-1.3413262
0.33167604,-1.2950945
0.33169106,-1.2950945
0.33170608,-1.2950945
0.3317211,-1.2950945
0.33173612,-1.2950945
0.33175114,-1.2488632
0.33176616,-1.2488632
0.33178118,-1.2488632
0.3317962,-1.2488632
0.33181122,-1.2488632
0.33182624,-1.202632
0.33184126,-1.202632
0.33185628,-1.202632
0.3318713,-1.202632
0.33188632,-1.1564007
0.33190134,-1.1564007
0.33191636,-1.1564007
0.33193138,-1.1564007
0.3319464,-1.1564007
0.33196142,-1.1101689
0.33197644,-1.1101689
0.33199146,-1.1101689
0.33200648,-1.1101689
0.3320215,-1.1101689
0.33203653,-1.0639377
0.33205155,-1.0639377
0.33206657,-1.0639377
0.3320816,-1.0639377
0.3320966,-1.0177064
0.33211163,-1.0177064
0.33212665,-1.0177064
0.33214167,-1.0177064
0.3321567,-1.0177064
0.3321717,-0.9714751
0.33218673,-0.9714751
0.33220175,-0.9714751
0.33221677,-0.9714751
0.3322318,-0.9714751
0.3322468,-0.9252434
0.33226183,-0.9252434
0.33227685,-0.9252434
0.33229187,-0.9252434
0.3323069,-0.8790121
0.3323219,-0.8790121
0.33233693,-0.8790121
0.33235195,-0.8790121
0.33236697,-0.8790121
0.332382,-0.83278084
0.33239704,-0.83278084
0.33241206,-0.83278084
0.33242708,-0.83278084
0.3324421,-0.78654957
0.33245713,-0.78654957
0.33247215,-0.78654957
0.33248717,-0.78654957
0.3325022,-0.78654957
0.3325172,-0.7403178
0.33253223,-0.7403178
0.33254725,-0.7403178
0.33256227,-0.7403178
0.3325773,-0.7403178
0.3325923,-0.694087
0.33260733,-0.694087
0.33262235,-0.694087
0.33263737,-0.694087
0.3326524,-0.694087
0.3326674,-0.6478553
0.33268243,-0.6478553
0.33269745,-0.6478553
0.33271247,-0.6478553
0.3327275,-0.601624
0.3327425,-0.601624
0.33275753,-0.601624
0.33277255,-0.601624
0.33278757,-0.601624
0.3328026,-0.55539227
0.3328176,-0.55539227
0.33283263,-0.55539227
0.33284765,-0.55539227
0.33286268,-0.5091615
0.3328777,-0.5091615
0.33289272,-0.5091615
0.33290774,-0.5091615
0.33292276,-0.5091615
0.33293778,-0.46292973
0.3329528,-0.46292973
0.33296782,-0.46292973
0.33298284,-0.46292973
0.33299786,-0.46292973
0.33301288,-0.41669846
0.3330279,-0.41669846
0.33304292,-0.41669846
0.33305794,-0.41669846
0.33307296,-0.41669846
0.33308798,-0.3704667
0.333103,-0.3704667
0.33311802,-0.3704667
0.33313304,-0.3704667
0.33314806,-0.32423592
0.33316308,-0.32423592
0.3331781,-0.32423592
0.33319312,-0.32423592
0.33320814,-0.32423592
0.33322316,-0.27800417
0.33323818,-0.27800417
0.3332532,-0.27800417
0.33326823,-0.27800417
0.33328328,-0.2317729
0.3332983,-0.2317729
0.33331332,-0.2317729
0.33332834,-0.2317729
0.33334336,-0.2317729
0.33335838,-0.18554163
0.3333734,-0.18554163
0.33338842,-0.18554163
0.33340344,-0.18554163
0.33341846,-0.18554163
0.33343348,-0.13931036
0.3334485,-0.13931036
0.33346352,-0.13931036
0.33347854,-0.13931036
0.33349356,-0.09307861
0.33350858,-0.09307861
0.3335236,-0.09307861
0.33353862,-0.09307861
0.33355364,-0.09307861
0.33356866,-0.046847343
0.33358368,-0.046847343
0.3335987,-0.046847343
0.33361372,-0.046847343
0.33362874,-0.046847343
0.33364376,-6.160736E-4
0.33365878,-6.160736E-4
0.3336738,-6.160736E-4
0.33368883,-6.160736E-4
0.33370385,0.045615196
0.33371887,0.045615196
0.3337339,0.045615196
0.3337489,0.045615196
0.33376393,0.045615196
0.33377895,0.091846466
0.33379397,0.091846466
0.333809,0.091846466
0.333824,0.091846466
0.33383903,0.13807821
0.33385405,0.13807821
0.33386907,0.13807821
0.3338841,0.13807821
0.3338991,0.13807821
0.33391413,0.184309
0.33392915,0.184309
0.33394417,0.184309
0.3339592,0.184309
0.3339742,0.184309
0.33398923,0.23054075
0.33400425,0.23054075
0.33401927,0.23054075
0.3340343,0.23054075
0.3340493,0.23054075
0.33406433,0.27677202
0.33407936,0.27677202
0.33409438,0.27677202
0.3341094,0.27677202
0.33412442,0.3230033
0.33413944,0.3230033
0.3341545,0.3230033
0.3341695,0.3230033
0.33418453,0.3230033
0.33419955,0.36923456
0.33421457,0.36923456
0.3342296,0.36923456
0.3342446,0.36923456
0.33425963,0.36923456
0.33427465,0.4154663
0.33428967,0.4154663
0.3343047,0.4154663
0.3343197,0.4154663
0.33433473,0.46169758
0.33434975,0.46169758
0.33436477,0.46169758
0.3343798,0.46169758
0.3343948,0.46169758
0.33440983,0.50792885
0.33442485,0.50792885
0.33443987,0.50792885
0.3344549,0.50792885
0.3344699,0.50792885
0.33448493,0.5541601
0.33449996,0.5541601
0.33451498,0.5541601
0.33453,0.5541601
0.33454502,0.5541601
0.33456004,0.60039186
0.33457506,0.60039186
0.33459008,0.60039186
0.3346051,0.60039186
0.33462012,0.60039186
0.33463514,0.64662313
0.33465016,0.64662313
0.33466518,0.64662313
0.3346802,0.64662313
0.33469522,0.6928544
0.33471024,0.6928544
0.33472526,0.6928544
0.33474028,0.6928544
0.3347553,0.6928544
0.33477032,0.7390857
0.33478534,0.7390857
0.33480036,0.7390857
0.33481538,0.7390857
0.3348304,0.7390857
0.33484542,0.7853174
0.33486044,0.7853174
0.33487546,0.7853174
0.33489048,0.7853174
0.3349055,0.7853174
0.33492053,0.8315482
0.33493555,0.8315482
0.33495057,0.8315482
0.3349656,0.8315482
0.3349806,0.8315482
0.33499563,0.87777996
0.33501065,0.87777996
0.33502567,0.87777996
0.33504072,0.87777996
0.33505574,0.92401123
0.33507076,0.92401123
0.33508578,0.92401123
0.3351008,0.92401123
0.33511582,0.92401123
0.33513084,0.970243
0.33514586,0.970243
0.33516088,0.970243
0.3351759,0.970243
0.33519092,0.970243
0.33520594,1.0164738
0.33522096,1.0164738
0.33523598,1.0164738
0.335251,1.0164738
0.33526602,1.0164738
0.33528104,1.0627055
0.33529606,1.0627055
0.33531108,1.0627055
0.3353261,1.0627055
0.33534113,1.0627055
0.33535615,1.1089368
0.33537117,1.1089368
0.3353862,1.1089368
0.3354012,1.1089368
0.33541623,1.1089368
0.33543125,1.1551685
0.33544627,1.1551685
0.3354613,1.1551685
0.3354763,1.1551685
0.33549133,1.1551685
0.33550635,1.2013993
0.33552137,1.2013993
0.3355364,1.2013993
0.3355514,1.2013993
0.33556643,1.2476311
0.33558145,1.2476311
0.33559647,1.2476311
0.3356115,1.2476311
0.3356265,1.2476311
0.33564153,1.2938623
0.33565655,1.2938623
0.33567157,1.2938623
0.3356866,1.2938623
0.3357016,1.2938623
0.33571663,1.3400936
0.33573166,1.3400936
0.33574668,1.3400936
0.3357617,1.3400936
0.33577672,1.3400936
0.33579174,1.3400936
0.33580676,1.3863249
0.33582178,1.3863249
0.3358368,1.3863249
0.33585182,1.3863249
0.33586684,1.4325566
0.33588186,1.4325566
0.33589688,1.4325566
0.3359119,1.4325566
0.33592695,1.4325566
0.33594197,1.4325566
0.335957,1.4787879
0.335972,1.4787879
0.33598703,1.4787879
0.33600205,1.4787879
0.33601707,1.4787879
0.3360321,1.4787879
0.3360471,1.4787879
0.33606213,1.5250192
0.33607715,1.5250192
0.33609217,1.5250192
0.3361072,1.5250192
0.3361222,1.5250192
0.33613724,1.5712504
0.33615226,1.5712504
0.33616728,1.5712504
0.3361823,1.5712504
0.33619732,1.5712504
0.33621234,1.5712504
0.33622736,1.6174817
0.33624238,1.6174817
0.3362574,1.6174817
0.33627242,1.6174817
0.33628744,1.6174817
0.33630246,1.6637135
0.33631748,1.6637135
0.3363325,1.6637135
0.33634752,1.6637135
0.33636254,1.6637135
0.33637756,1.7099442
0.33639258,1.7099442
0.3364076,1.7099442
0.33642262,1.7099442
0.33643764,1.7099442
0.33645266,1.756176
0.33646768,1.756176
0.3364827,1.756176
0.33649772,1.756176
0.33651274,1.756176
0.33652776,1.756176
0.3365428,1.756176
0.3365578,1.7099442
0.33657283,1.7099442
0.33658785,1.7099442
0.33660287,1.7099442
0.3366179,1.6637135
0.3366329,1.6637135
0.33664793,1.6637135
0.33666295,1.6637135
0.33667797,1.6174817
0.336693,1.6174817
0.336708,1.6174817
0.33672303,1.6174817
0.33673805,1.6174817
0.33675307,1.5712504
0.3367681,1.5712504
0.3367831,1.5712504
0.33679816,1.5712504
0.33681318,1.5250192
0.3368282,1.5250192
0.33684322,1.5250192
0.33685824,1.5250192
0.33687326,1.4787879
0.33688828,1.4787879
0.3369033,1.4787879
0.33691832,1.4787879
0.33693334,1.4787879
0.33694836,1.4787879
0.3369634,1.4787879
0.3369784,1.4325566
0.33699343,1.4325566
0.33700845,1.4325566
0.33702347,1.4325566
0.3370385,1.4325566
0.3370535,1.3863249
0.33706853,1.3863249
0.33708355,1.3863249
0.33709857,1.3863249
0.3371136,1.3400936
0.3371286,1.3400936
0.33714363,1.3400936
0.33715865,1.3400936
0.33717367,1.2938623
0.3371887,1.2938623
0.3372037,1.2938623
0.33721873,1.2938623
0.33723375,1.2938623
0.33724877,1.2476311
0.3372638,1.2476311
0.3372788,1.2476311
0.33729383,1.2476311
0.33730885,1.2013993
0.33732387,1.2013993
0.3373389,1.2013993
0.33735391,1.2013993
0.33736894,1.1551685
0.33738396,1.1551685
0.33739898,1.1551685
0.337414,1.1551685
0.33742902,1.1551685
0.33744404,1.1089368
0.33745906,1.1089368
0.33747408,1.1089368
0.3374891,1.1089368
0.33750412,1.0627055
0.33751914,1.0627055
0.33753416,1.0627055
0.33754918,1.0627055
0.3375642,1.0164738
0.33757922,1.0164738
0.33759424,1.0164738
0.33760926,1.0164738
0.33762428,1.0164738
0.3376393,0.970243
0.33765432,0.970243
0.33766934,0.970243
0.3376844,0.970243
0.3376994,0.92401123
0.33771443,0.92401123
0.33772945,0.92401123
0.33774447,0.92401123
0.3377595,0.92401123
0.33777452,0.87777996
0.33778954,0.87777996
0.33780456,0.87777996
0.33781958,0.87777996
0.3378346,0.8315482
0.33784962,0.8315482
0.33786464,0.8315482
0.33787966,0.8315482
0.33789468,0.8315482
0.3379097,0.7853174
0.33792472,0.7853174
0.33793974,0.7853174
0.33795476,0.7853174
0.33796978,0.7390857
0.3379848,0.7390857
0.33799982,0.7390857
0.33801484,0.7390857
0.33802986,0.7390857
0.33804488,0.6928544
0.3380599,0.6928544
0.33807492,0.6928544
0.33808994,0.6928544
0.33810496,0.64662313
0.33811998,0.64662313
0.338135,0.64662313
0.33815002,0.64662313
0.33816504,0.60039186
0.33818007,0.60039186
0.3381951,0.60039186
0.3382101,0.60039186
0.33822513,0.60039186
0.33824015,0.5541601
0.33825517,0.5541601
0.3382702,0.5541601
0.3382852,0.5541601
0.33830023,0.50792885
0.33831525,0.50792885
0.33833027,0.50792885
0.3383453,0.50792885
0.3383603,0.50792885
0.33837533,0.46169758
0.33839035,0.46169758
0.33840537,0.46169758
0.3384204,0.46169758
0.3384354,0.4154663
0.33845043,0.4154663
0.33846545,0.4154663
0.33848047,0.4154663
0.3384955,0.4154663
0.3385105,0.36923456
0.33852553,0.36923456
0.33854055,0.36923456
0.3385556,0.36923456
0.33857062,0.3230033
0.33858564,0.3230033
0.33860067,0.3230033
0.3386157,0.3230033
0.3386307,0.27677202
0.33864573,0.27677202
0.33866075,0.27677202
0.33867577,0.27677202
0.3386908,0.27677202
0.3387058,0.23054075
0.33872083,0.23054075
0.33873585,0.23054075
0.33875087,0.23054075
0.3387659,0.184309
0.3387809,0.184309
0.33879593,0.184309
0.33881095,0.184309
0.33882597,0.184309
0.338841,0.13807821
0.338856,0.13807821
0.33887103,0.13807821
0.33888605,0.13807821
0.33890107,0.091846466
0.3389161,0.091846466
0.3389311,0.091846466
0.33894613,0.091846466
0.33896115,0.091846466
0.33897617,0.045615196
0.3389912,0.045615196
0.33900622,0.045615196
0.33902124,0.045615196
0.33903626,-6.160736E-4
0.33905128,-6.160736E-4
0.3390663,-6.160736E-4
0.33908132,-6.160736E-4
0.33909634,-0.046847343
0.33911136,-0.046847343
0.33912638,-0.046847343
0.3391414,-0.046847343
0.33915642,-0.046847343
0.33917144,-0.09307861
0.33918646,-0.09307861
0.33920148,-0.09307861
0.3392165,-0.09307861
0.33923152,-0.13931036
0.33924654,-0.13931036
0.33926156,-0.13931036
0.33927658,-0.13931036
0.3392916,-0.13931036
0.33930662,-0.18554163
0.33932164,-0.18554163
0.33933666,-0.18554163
0.33935168,-0.18554163
0.3393667,-0.2317729
0.33938172,-0.2317729
0.33939674,-0.2317729
0.33941177,-0.2317729
0.3394268,-0.2317729
0.33944184,-0.27800417
0.33945686,-0.27800417
0.33947188,-0.27800417
0.3394869,-0.27800417
0.33950192,-0.32423592
0.33951694,-0.32423592
0.33953196,-0.32423592
0.33954698,-0.32423592
0.339562,-0.32423592
0.33957702,-0.3704667
0.33959204,-0.3704667
0.33960706,-0.3704667
0.33962208,-0.3704667
0.3396371,-0.41669846
0.33965212,-0.41669846
0.33966714,-0.41669846
0.33968216,-0.41669846
0.33969718,-0.41669846
0.3397122,-0.46292973
0.33972722,-0.46292973
0.33974224,-0.46292973
0.33975726,-0.46292973
0.33977228,-0.5091615
0.3397873,-0.5091615
0.33980232,-0.5091615
0.33981735,-0.5091615
0.33983237,-0.5091615
0.3398474,-0.55539227
0.3398624,-0.55539227
0.33987743,-0.55539227
0.33989245,-0.55539227
0.33990747,-0.601624
0.3399225,-0.601624
0.3399375,-0.601624
0.33995253,-0.601624
0.33996755,-0.601624
0.33998257,-0.6478553
0.3399976,-0.6478553
0.3400126,-0.6478553
0.34002763,-0.6478553
0.34004265,-0.6478553
0.34005767,-0.694087
0.3400727,-0.694087
0.3400877,-0.694087
0.34010273,-0.694087
0.34011775,-0.694087
0.34013277,-0.7403178
0.3401478,-0.7403178
0.3401628,-0.7403178
0.34017783,-0.7403178
0.34019285,-0.78654957
0.34020787,-0.78654957
0.3402229,-0.78654957
0.34023792,-0.78654957
0.34025294,-0.78654957
0.34026796,-0.83278084
0.34028298,-0.83278084
0.340298,-0.83278084
0.34031302,-0.83278084
0.34032807,-0.83278084
0.3403431,-0.8790121
0.3403581,-0.8790121
0.34037313,-0.8790121
0.34038815,-0.8790121
0.34040317,-0.9252434
0.3404182,-0.9252434
0.3404332,-0.9252434
0.34044823,-0.9252434
0.34046325,-0.9252434
0.34047827,-0.9714751
0.3404933,-0.9714751
0.3405083,-0.9714751
0.34052333,-0.9714751
0.34053835,-0.9714751
0.34055337,-1.0177064
0.3405684,-1.0177064
0.3405834,-1.0177064
0.34059843,-1.0177064
0.34061345,-1.0177064
0.34062847,-1.0639377
0.3406435,-1.0639377
0.34065852,-1.0639377
0.34067354,-1.0639377
0.34068856,-1.1101689
0.34070358,-1.1101689
0.3407186,-1.1101689
0.34073362,-1.1101689
0.34074864,-1.1101689
0.34076366,-1.1564007
0.34077868,-1.1564007
0.3407937,-1.1564007
0.34080872,-1.1564007
0.34082374,-1.1564007
0.34083876,-1.202632
0.34085378,-1.202632
0.3408688,-1.202632
0.34088382,-1.202632
0.34089884,-1.2488632
0.34091386,-1.2488632
0.34092888,-1.2488632
0.3409439,-1.2488632
0.34095892,-1.2488632
0.34097394,-1.2950945
0.34098896,-1.2950945
0.34100398,-1.2950945
0.341019,-1.2950945
0.34103402,-1.2950945
0.34104905,-1.3413262
0.34106407,-1.3413262
0.3410791,-1.3413262
0.3410941,-1.3413262
0.34110913,-1.3413262
0.34112415,-1.387557
0.34113917,-1.387557
0.3411542,-1.387557
0.3411692,-1.387557
0.34118423,-1.387557
0.34119928,-1.4337888
0.3412143,-1.4337888
0.34122932,-1.4337888
0.34124434,-1.4337888
0.34125936,-1.4337888
0.34127438,-1.48002
0.3412894,-1.48002
0.34130442,-1.48002
0.34131944,-1.48002
0.34133446,-1.48002
0.34134948,-1.48002
0.3413645,-1.48002
0.34137952,-1.48002
0.34139454,-1.5262513
0.34140956,-1.5262513
0.34142458,-1.5262513
0.3414396,-1.5262513
0.34145463,-1.5724826
0.34146965,-1.5724826
0.34148467,-1.5724826
0.3414997,-1.5724826
0.3415147,-1.5724826
0.34152973,-1.6187139
0.34154475,-1.6187139
0.34155977,-1.6187139
0.3415748,-1.6187139
0.3415898,-1.6187139
0.34160483,-1.6187139
0.34161985,-1.6187139
0.34163487,-1.6187139
0.3416499,-1.6187139
0.3416649,-1.5724826
0.34167993,-1.5724826
0.34169495,-1.5724826
0.34170997,-1.5724826
0.341725,-1.5262513
0.34174,-1.5262513
0.34175503,-1.5262513
0.34177005,-1.5262513
0.34178507,-1.5262513
0.3418001,-1.48002
0.3418151,-1.48002
0.34183013,-1.48002
0.34184515,-1.48002
0.34186018,-1.48002
0.3418752,-1.48002
0.34189022,-1.48002
0.34190524,-1.4337888
0.34192026,-1.4337888
0.34193528,-1.4337888
0.3419503,-1.4337888
0.34196532,-1.4337888
0.34198034,-1.387557
0.34199536,-1.387557
0.34201038,-1.387557
0.3420254,-1.387557
0.34204042,-1.3413262
0.34205544,-1.3413262
0.34207046,-1.3413262
0.3420855,-1.3413262
0.34210053,-1.3413262
0.34211555,-1.2950945
0.34213057,-1.2950945
0.3421456,-1.2950945
0.3421606,-1.2950945
0.34217563,-1.2950945
0.34219065,-1.2488632
0.34220567,-1.2488632
0.3422207,-1.2488632
0.3422357,-1.2488632
0.34225073,-1.202632
0.34226575,-1.202632
0.34228078,-1.202632
0.3422958,-1.202632
0.34231082,-1.202632
0.34232584,-1.1564007
0.34234086,-1.1564007
0.34235588,-1.1564007
0.3423709,-1.1564007
0.34238592,-1.1101689
0.34240094,-1.1101689
0.34241596,-1.1101689
0.34243098,-1.1101689
0.342446,-1.1101689
0.34246102,-1.0639377
0.34247604,-1.0639377
0.34249106,-1.0639377
0.34250608,-1.0639377
0.3425211,-1.0639377
0.34253612,-1.0177064
0.34255114,-1.0177064
0.34256616,-1.0177064
0.34258118,-1.0177064
0.3425962,-0.9714751
0.34261122,-0.9714751
0.34262624,-0.9714751
0.34264126,-0.9714751
0.34265628,-0.9714751
0.3426713,-0.9252434
0.34268633,-0.9252434
0.34270135,-0.9252434
0.34271637,-0.9252434
0.3427314,-0.9252434
0.3427464,-0.8790121
0.34276143,-0.8790121
0.34277645,-0.8790121
0.34279147,-0.8790121
0.3428065,-0.83278084
0.3428215,-0.83278084
0.34283653,-0.83278084
0.34285155,-0.83278084
0.34286657,-0.83278084
0.3428816,-0.78654957
0.3428966,-0.78654957
0.34291163,-0.78654957
0.34292665,-0.78654957
0.34294167,-0.78654957
0.3429567,-0.7403178
0.34297174,-0.7403178
0.34298676,-0.7403178
0.34300178,-0.7403178
0.3430168,-0.7403178
0.34303182,-0.694087
0.34304684,-0.694087
0.34306186,-0.694087
0.34307688,-0.694087
0.3430919,-0.6478553
0.34310693,-0.6478553
0.34312195,-0.6478553
0.34313697,-0.6478553
0.343152,-0.6478553
0.343167,-0.601624
0.34318203,-0.601624
0.34319705,-0.601624
0.34321207,-0.601624
0.3432271,-0.55539227
0.3432421,-0.55539227
0.34325713,-0.55539227
0.34327215,-0.55539227
0.34328717,-0.55539227
0.3433022,-0.5091615
0.3433172,-0.5091615
0.34333223,-0.5091615
0.34334725,-0.5091615
0.34336227,-0.5091615
0.3433773,-0.46292973
0.3433923,-0.46292973
0.34340733,-0.46292973
0.34342235,-0.46292973
0.34343737,-0.41669846
0.3434524,-0.41669846
0.3434674,-0.41669846
0.34348243,-0.41669846
0.34349746,-0.41669846
0.34351248,-0.3704667
0.3435275,-0.3704667
0.34354252,-0.3704667
0.34355754,-0.3704667
0.34357256,-0.3704667
0.34358758,-0.32423592
0.3436026,-0.32423592
0.34361762,-0.32423592
0.34363264,-0.32423592
0.34364766,-0.27800417
0.34366268,-0.27800417
0.3436777,-0.27800417
0.34369272,-0.27800417
0.34370774,-0.27800417
0.34372276,-0.2317729
0.34373778,-0.2317729
0.3437528,-0.2317729
0.34376782,-0.2317729
0.34378284,-0.2317729
0.34379786,-0.18554163
0.34381288,-0.18554163
0.3438279,-0.18554163
0.34384295,-0.18554163
0.34385797,-0.13931036
0.343873,-0.13931036
0.343888,-0.13931036
0.34390303,-0.13931036
0.34391806,-0.13931036
0.34393308,-0.09307861
0.3439481,-0.09307861
0.34396312,-0.09307861
0.34397814,-0.09307861
0.34399316,-0.09307861
0.34400818,-0.046847343
0.3440232,-0.046847343
0.34403822,-0.046847343
0.34405324,-0.046847343
0.34406826,-6.160736E-4
0.34408328,-6.160736E-4
0.3440983,-6.160736E-4
0.34411332,-6.160736E-4
0.34412834,-6.160736E-4
0.34414336,0.045615196
0.34415838,0.045615196
0.3441734,0.045615196
0.34418842,0.045615196
0.34420344,0.091846466
0.34421846,0.091846466
0.34423348,0.091846466
0.3442485,0.091846466
0.34426352,0.091846466
0.34427854,0.13807821
0.34429356,0.13807821
0.34430858,0.13807821
0.3443236,0.13807821
0.34433863,0.13807821
0.34435365,0.184309
0.34436867,0.184309
0.3443837,0.184309
0.3443987,0.184309
0.34441373,0.23054075
0.34442875,0.23054075
0.34444377,0.23054075
0.3444588,0.23054075
0.3444738,0.23054075
0.34448883,0.27677202
0.34450385,0.27677202
0.34451887,0.27677202
0.3445339,0.27677202
0.3445489,0.27677202
0.34456393,0.3230033
0.34457895,0.3230033
0.34459397,0.3230033
0.344609,0.3230033
0.344624,0.3230033
0.34463903,0.36923456
0.34465405,0.36923456
0.34466907,0.36923456
0.3446841,0.36923456
0.3446991,0.4154663
0.34471413,0.4154663
0.3447292,0.4154663
0.3447442,0.4154663
0.34475923,0.4154663
0.34477425,0.46169758
0.34478927,0.46169758
0.3448043,0.46169758
0.3448193,0.46169758
0.34483433,0.46169758
0.34484935,0.50792885
0.34486437,0.50792885
0.3448794,0.50792885
0.3448944,0.50792885
0.34490943,0.50792885
0.34492445,0.5541601
0.34493947,0.5541601
0.3449545,0.5541601
0.3449695,0.5541601
0.34498453,0.60039186
0.34499955,0.60039186
0.34501457,0.60039186
0.3450296,0.60039186
0.3450446,0.60039186
0.34505963,0.64662313
0.34507465,0.64662313
0.34508967,0.64662313
0.3451047,0.64662313
0.3451197,0.64662313
0.34513474,0.6928544
0.34514976,0.6928544
0.34516478,0.6928544
0.3451798,0.6928544
0.34519482,0.6928544
0.34520984,0.7390857
0.34522486,0.7390857
0.34523988,0.7390857
0.3452549,0.7390857
0.34526992,0.7390857
0.34528494,0.7853174
0.34529996,0.7853174
0.34531498,0.7853174
0.34533,0.7853174
0.34534502,0.8315482
0.34536004,0.8315482
0.34537506,0.8315482
0.34539008,0.8315482
0.3454051,0.8315482
0.34542012,0.87777996
0.34543514,0.87777996
0.34545016,0.87777996
0.34546518,0.87777996
0.3454802,0.87777996
0.34549522,0.92401123
0.34551024,0.92401123
0.34552526,0.92401123
0.3455403,0.92401123
0.3455553,0.92401123
0.34557033,0.970243
0.34558535,0.970243
0.3456004,0.970243
0.34561542,0.970243
0.34563044,0.970243
0.34564546,1.0164738
0.34566048,1.0164738
0.3456755,1.0164738
0.34569052,1.0164738
0.34570554,1.0164738
0.34572056,1.0627055
0.34573558,1.0627055
0.3457506,1.0627055
0.34576562,1.0627055
0.34578064,1.0627055
0.34579566,1.1089368
0.34581068,1.1089368
0.3458257,1.1089368
0.34584072,1.1089368
0.34585574,1.1551685
0.34587076,1.1551685
0.34588578,1.1551685
0.3459008,1.1551685
0.34591582,1.1551685
0.34593084,1.2013993
0.34594586,1.2013993
0.3459609,1.2013993
0.3459759,1.2013993
0.34599093,1.2013993
0.34600595,1.2476311
0.34602097,1.2476311
0.346036,1.2476311
0.346051,1.2476311
0.34606603,1.2476311
0.34608105,1.2938623
0.34609607,1.2938623
0.3461111,1.2938623
0.3461261,1.2938623
0.34614113,1.2938623
0.34615615,1.3400936
0.34617117,1.3400936
0.3461862,1.3400936
0.3462012,1.3400936
0.34621623,1.3400936
0.34623125,1.3863249
0.34624627,1.3863249
0.3462613,1.3863249
0.3462763,1.3863249
0.34629133,1.3863249
0.34630635,1.4325566
0.34632137,1.4325566
0.3463364,1.4325566
0.34635141,1.4325566
0.34636644,1.4325566
0.34638146,1.4787879
0.34639648,1.4787879
0.3464115,1.4787879
0.34642652,1.4787879
0.34644154,1.4787879
0.34645656,1.4787879
0.34647158,1.4787879
0.34648663,1.4787879
0.34650165,1.5250192
0.34651667,1.5250192
0.3465317,1.5250192
0.3465467,1.5250192
0.34656173,1.5250192
0.34657675,1.5712504
0.34659177,1.5712504
0.3466068,1.5712504
0.3466218,1.5712504
0.34663683,1.5712504
0.34665185,1.6174817
0.34666687,1.6174817
0.3466819,1.6174817
0.3466969,1.6174817
0.34671193,1.6174817
0.34672695,1.6637135
0.34674197,1.6637135
0.346757,1.6637135
0.34677202,1.6637135
0.34678704,1.6637135
0.34680206,1.7099442
0.34681708,1.7099442
0.3468321,1.7099442
0.34684712,1.7099442
0.34686214,1.7099442
0.34687716,1.756176
0.34689218,1.756176
0.3469072,1.756176
0.34692222,1.756176
0.34693724,1.756176
0.34695226,1.756176
0.34696728,1.756176
0.3469823,1.7099442
0.34699732,1.7099442
0.34701234,1.7099442
0.34702736,1.7099442
0.34704238,1.6637135
0.3470574,1.6637135
0.34707242,1.6637135
0.34708744,1.6637135
0.34710246,1.6637135
0.34711748,1.6174817
0.3471325,1.6174817
0.34714752,1.6174817
0.34716254,1.6174817
0.34717757,1.5712504
0.3471926,1.5712504
0.3472076,1.5712504
0.34722263,1.5712504
0.34723765,1.5712504
0.34725267,1.5250192
0.3472677,1.5250192
0.3472827,1.5250192
0.34729773,1.5250192
0.34731275,1.4787879
0.34732777,1.4787879
0.3473428,1.4787879
0.3473578,1.4787879
0.34737286,1.4787879
0.34738788,1.4787879
0.3474029,1.4787879
0.34741792,1.4325566
0.34743294,1.4325566
0.34744796,1.4325566
0.34746298,1.4325566
0.347478,1.3863249
0.34749302,1.3863249
0.34750804,1.3863249
0.34752306,1.3863249
0.34753808,1.3863249
0.3475531,1.3400936
0.34756812,1.3400936
0.34758314,1.3400936
0.34759817,1.3400936
0.3476132,1.2938623
0.3476282,1.2938623
0.34764323,1.2938623
0.34765825,1.2938623
0.34767327,1.2476311
0.3476883,1.2476311
0.3477033,1.2476311
0.34771833,1.2476311
0.34773335,1.2476311
0.34774837,1.2013993
0.3477634,1.2013993
0.3477784,1.2013993
0.34779343,1.2013993
0.34780845,1.1551685
0.34782347,1.1551685
0.3478385,1.1551685
0.3478535,1.1551685
0.34786853,1.1551685
0.34788355,1.1089368
0.34789857,1.1089368
0.3479136,1.1089368
0.3479286,1.1089368
0.34794363,1.0627055
0.34795865,1.0627055
0.34797367,1.0627055
0.3479887,1.0627055
0.34800372,1.0164738
0.34801874,1.0164738
0.34803376,1.0164738
0.34804878,1.0164738
0.3480638,1.0164738
0.34807882,0.970243
0.34809384,0.970243
0.34810886,0.970243
0.34812388,0.970243
0.3481389,0.92401123
0.34815392,0.92401123
0.34816894,0.92401123
0.34818396,0.92401123
0.34819898,0.92401123
0.348214,0.87777996
0.34822902,0.87777996
0.34824407,0.87777996
0.3482591,0.87777996
0.3482741,0.8315482
0.34828913,0.8315482
0.34830415,0.8315482
0.34831917,0.8315482
0.3483342,0.7853174
0.3483492,0.7853174
0.34836423,0.7853174
0.34837925,0.7853174
0.34839427,0.7853174
0.3484093,0.7390857
0.34842432,0.7390857
0.34843934,0.7390857
0.34845436,0.7390857
0.34846938,0.6928544
0.3484844,0.6928544
0.34849942,0.6928544
0.34851444,0.6928544
0.34852946,0.6928544
0.34854448,0.64662313
0.3485595,0.64662313
0.34857452,0.64662313
0.34858954,0.64662313
0.34860456,0.60039186
0.34861958,0.60039186
0.3486346,0.60039186
0.34864962,0.60039186
0.34866464,0.5541601
0.34867966,0.5541601
0.34869468,0.5541601
0.3487097,0.5541601
0.34872472,0.5541601
0.34873974,0.50792885
0.34875476,0.50792885
0.34876978,0.50792885
0.3487848,0.50792885
0.34879982,0.46169758
0.34881485,0.46169758
0.34882987,0.46169758
0.3488449,0.46169758
0.3488599,0.46169758
0.34887493,0.4154663
0.34888995,0.4154663
0.34890497,0.4154663
0.34892,0.4154663
0.348935,0.36923456
0.34895003,0.36923456
0.34896505,0.36923456
0.34898007,0.36923456
0.3489951,0.36923456
0.3490101,0.3230033
0.34902513,0.3230033
0.34904015,0.3230033
0.34905517,0.3230033
0.3490702,0.27677202
0.3490852,0.27677202
0.34910023,0.27677202
0.34911525,0.27677202
0.3491303,0.23054075
0.34914532,0.23054075
0.34916034,0.23054075
0.34917536,0.23054075
0.34919038,0.23054075
0.3492054,0.184309
0.34922042,0.184309
0.34923545,0.184309
0.34925047,0.184309
0.3492655,0.13807821
0.3492805,0.13807821
0.34929553,0.13807821
0.34931055,0.13807821
0.34932557,0.13807821
0.3493406,0.091846466
0.3493556,0.091846466
0.34937063,0.091846466
0.34938565,0.091846466
0.34940067,0.045615196
0.3494157,0.045615196
0.3494307,0.045615196
0.34944573,0.045615196
0.34946075,0.045615196
0.34947577,-6.160736E-4
0.3494908,-6.160736E-4
0.3495058,-6.160736E-4
0.34952083,-6.160736E-4
0.34953585,-0.046847343
0.34955087,-0.046847343
0.3495659,-0.046847343
0.3495809,-0.046847343
0.34959593,-0.09307861
0.34961095,-0.09307861
0.34962597,-0.09307861
0.349641,-0.09307861
0.34965602,-0.09307861
0.34967104,-0.13931036
0.34968606,-0.13931036
0.34970108,-0.13931036
0.3497161,-0.13931036
0.34973112,-0.18554163
0.34974614,-0.18554163
0.34976116,-0.18554163
0.34977618,-0.18554163
0.3497912,-0.18554163
0.34980622,-0.2317729
0.34982124,-0.2317729
0.34983626,-0.2317729
0.34985128,-0.2317729
0.3498663,-0.27800417
0.34988132,-0.27800417
0.34989634,-0.27800417
0.34991136,-0.27800417
0.34992638,-0.27800417
0.3499414,-0.32423592
0.34995642,-0.32423592
0.34997144,-0.32423592
0.34998646,-0.32423592
0.35000148,-0.3704667
0.35001653,-0.3704667
0.35003155,-0.3704667
0.35004658,-0.3704667
0.3500616,-0.3704667
0.35007662,-0.41669846
0.35009164,-0.41669846
0.35010666,-0.41669846
0.35012168,-0.41669846
0.3501367,-0.46292973
0.35015172,-0.46292973
0.35016674,-0.46292973
0.35018176,-0.46292973
0.35019678,-0.46292973
0.3502118,-0.5091615
0.35022682,-0.5091615
0.35024184,-0.5091615
0.35025686,-0.5091615
0.35027188,-0.5091615
0.3502869,-0.55539227
0.35030192,-0.55539227
0.35031694,-0.55539227
0.35033196,-0.55539227
0.35034698,-0.601624
0.350362,-0.601624
0.35037702,-0.601624
0.35039204,-0.601624
0.35040706,-0.601624
0.35042208,-0.6478553
0.3504371,-0.6478553
0.35045213,-0.6478553
0.35046715,-0.6478553
0.35048217,-0.6478553
0.3504972,-0.694087
0.3505122,-0.694087
0.35052723,-0.694087
0.35054225,-0.694087
0.35055727,-0.7403178
0.3505723,-0.7403178
0.3505873,-0.7403178
0.35060233,-0.7403178
0.35061735,-0.7403178
0.35063237,-0.78654957
0.3506474,-0.78654957
0.3506624,-0.78654957
0.35067743,-0.78654957
0.35069245,-0.78654957
0.35070747,-0.83278084
0.3507225,-0.83278084
0.3507375,-0.83278084
0.35075253,-0.83278084
0.35076755,-0.8790121
0.35078257,-0.8790121
0.3507976,-0.8790121
0.3508126,-0.8790121
0.35082763,-0.8790121
0.35084265,-0.9252434
0.35085768,-0.9252434
0.3508727,-0.9252434
0.35088775,-0.9252434
0.35090277,-0.9252434
0.3509178,-0.9714751
0.3509328,-0.9714751
0.35094783,-0.9714751
0.35096285,-0.9714751
0.35097787,-1.0177064
0.3509929,-1.0177064
0.3510079,-1.0177064
0.35102293,-1.0177064
0.35103795,-1.0177064
0.35105297,-1.0639377
0.351068,-1.0639377
0.351083,-1.0639377
0.35109803,-1.0639377
0.35111305,-1.0639377
0.35112807,-1.1101689
0.3511431,-1.1101689
0.3511581,-1.1101689
0.35117313,-1.1101689
0.35118815,-1.1101689
0.35120317,-1.1564007
0.3512182,-1.1564007
0.3512332,-1.1564007
0.35124823,-1.1564007
0.35126325,-1.202632
0.35127828,-1.202632
0.3512933,-1.202632
0.35130832,-1.202632
0.35132334,-1.202632
0.35133836,-1.2488632
0.35135338,-1.2488632
0.3513684,-1.2488632
0.35138342,-1.2488632
0.35139844,-1.2488632
0.35141346,-1.2950945
0.35142848,-1.2950945
0.3514435,-1.2950945
0.35145852,-1.2950945
0.35147354,-1.2950945
0.35148856,-1.3413262
0.35150358,-1.3413262
0.3515186,-1.3413262
0.35153362,-1.3413262
0.35154864,-1.3413262
0.35156366,-1.387557
0.35157868,-1.387557
0.3515937,-1.387557
0.35160872,-1.387557
0.35162374,-1.387557
0.35163876,-1.4337888
0.35165378,-1.4337888
0.3516688,-1.4337888
0.35168383,-1.4337888
0.35169885,-1.48002
0.35171387,-1.48002
0.3517289,-1.48002
0.3517439,-1.48002
0.35175893,-1.48002
0.35177398,-1.48002
0.351789,-1.48002
0.35180402,-1.48002
0.35181904,-1.5262513
0.35183406,-1.5262513
0.35184908,-1.5262513
0.3518641,-1.5262513
0.35187912,-1.5262513
0.35189414,-1.5724826
0.35190916,-1.5724826
0.35192418,-1.5724826
0.3519392,-1.5724826
0.35195422,-1.5724826
0.35196924,-1.6187139
0.35198426,-1.6187139
0.35199928,-1.6187139
0.3520143,-1.6187139
0.35202932,-1.6187139
0.35204434,-1.6187139
0.35205936,-1.6187139
0.35207438,-1.6187139
0.3520894,-1.6187139
0.35210443,-1.5724826
0.35211945,-1.5724826
0.35213447,-1.5724826
0.3521495,-1.5724826
0.3521645,-1.5262513
0.35217953,-1.5262513
0.35219455,-1.5262513
0.35220957,-1.5262513
0.3522246,-1.5262513
0.3522396,-1.48002
0.35225463,-1.48002
0.35226965,-1.48002
0.35228467,-1.48002
0.3522997,-1.48002
0.3523147,-1.48002
0.35232973,-1.48002
0.35234475,-1.4337888
0.35235977,-1.4337888
0.3523748,-1.4337888
0.3523898,-1.4337888
0.35240483,-1.387557
0.35241985,-1.387557
0.35243487,-1.387557
0.3524499,-1.387557
0.3524649,-1.387557
0.35247993,-1.3413262
0.35249496,-1.3413262
0.35250998,-1.3413262
0.352525,-1.3413262
0.35254002,-1.2950945
0.35255504,-1.2950945
0.35257006,-1.2950945
0.35258508,-1.2950945
0.3526001,-1.2950945
0.35261512,-1.2488632
0.35263014,-1.2488632
0.3526452,-1.2488632
0.3526602,-1.2488632
0.35267523,-1.2488632
0.35269025,-1.202632
0.35270527,-1.202632
0.3527203,-1.202632
0.3527353,-1.202632
0.35275033,-1.1564007
0.35276535,-1.1564007
0.35278037,-1.1564007
0.3527954,-1.1564007
0.3528104,-1.1564007
0.35282543,-1.1101689
0.35284045,-1.1101689
0.35285547,-1.1101689
0.3528705,-1.1101689
0.3528855,-1.1101689
0.35290053,-1.0639377
0.35291556,-1.0639377
0.35293058,-1.0639377
0.3529456,-1.0639377
0.35296062,-1.0177064
0.35297564,-1.0177064
0.35299066,-1.0177064
0.35300568,-1.0177064
0.3530207,-1.0177064
0.35303572,-0.9714751
0.35305074,-0.9714751
0.35306576,-0.9714751
0.35308078,-0.9714751
0.3530958,-0.9714751
0.35311082,-0.9252434
0.35312584,-0.9252434
0.35314086,-0.9252434
0.35315588,-0.9252434
0.3531709,-0.8790121
0.35318592,-0.8790121
0.35320094,-0.8790121
0.35321596,-0.8790121
0.35323098,-0.8790121
0.353246,-0.83278084
0.35326102,-0.83278084
0.35327604,-0.83278084
0.35329106,-0.83278084
0.35330608,-0.83278084
0.3533211,-0.78654957
0.35333613,-0.78654957
0.35335115,-0.78654957
0.35336617,-0.78654957
0.3533812,-0.7403178
0.3533962,-0.7403178
0.35341123,-0.7403178
0.35342625,-0.7403178
0.35344127,-0.7403178
0.3534563,-0.694087
0.3534713,-0.694087
0.35348633,-0.694087
0.35350135,-0.694087
0.35351637,-0.694087
0.35353142,-0.6478553
0.35354644,-0.6478553
0.35356146,-0.6478553
0.35357648,-0.6478553
0.3535915,-0.601624
0.35360652,-0.601624
0.35362154,-0.601624
0.35363656,-0.601624
0.35365158,-0.601624
0.3536666,-0.55539227
0.35368162,-0.55539227
0.35369664,-0.55539227
0.35371166,-0.55539227
0.35372669,-0.55539227
0.3537417,-0.5091615
0.35375673,-0.5091615
0.35377175,-0.5091615
0.35378677,-0.5091615
0.3538018,-0.46292973
0.3538168,-0.46292973
0.35383183,-0.46292973
0.35384685,-0.46292973
0.35386187,-0.46292973
0.3538769,-0.41669846
0.3538919,-0.41669846
0.35390693,-0.41669846
0.35392195,-0.41669846
0.35393697,-0.41669846
0.353952,-0.3704667
0.353967,-0.3704667
0.35398203,-0.3704667
0.35399705,-0.3704667
0.35401207,-0.32423592
0.3540271,-0.32423592
0.3540421,-0.32423592
0.35405713,-0.32423592
0.35407215,-0.32423592
0.35408717,-0.27800417
0.3541022,-0.27800417
0.3541172,-0.27800417
0.35413224,-0.27800417
0.35414726,-0.27800417
0.35416228,-0.2317729
0.3541773,-0.2317729
0.35419232,-0.2317729
0.35420734,-0.2317729
0.35422236,-0.18554163
0.35423738,-0.18554163
0.3542524,-0.18554163
0.35426742,-0.18554163
0.35428244,-0.18554163
0.35429746,-0.13931036
0.35431248,-0.13931036
0.3543275,-0.13931036
0.35434252,-0.13931036
0.35435754,-0.13931036
0.35437256,-0.09307861
0.35438758,-0.09307861
0.3544026,-0.09307861
0.35441765,-0.09307861
0.35443267,-0.046847343
0.3544477,-0.046847343
0.3544627,-0.046847343
0.35447773,-0.046847343
0.35449275,-0.046847343
0.35450777,-6.160736E-4
0.3545228,-6.160736E-4
0.3545378,-6.160736E-4
0.35455284,-6.160736E-4
0.35456786,0.045615196
0.35458288,0.045615196
0.3545979,0.045615196
0.35461292,0.045615196
0.35462794,0.045615196
0.35464296,0.091846466
0.35465798,0.091846466
0.354673,0.091846466
0.35468802,0.091846466
0.35470304,0.091846466
0.35471806,0.13807821
0.35473308,0.13807821
0.3547481,0.13807821
0.35476312,0.13807821
0.35477814,0.184309
0.35479316,0.184309
0.35480818,0.184309
0.3548232,0.184309
0.35483822,0.184309
0.35485324,0.23054075
0.35486826,0.23054075
0.35488328,0.23054075
0.3548983,0.23054075
0.35491332,0.23054075
0.35492834,0.27677202
0.35494336,0.27677202
0.3549584,0.27677202
0.3549734,0.27677202
0.35498843,0.3230033
0.35500345,0.3230033
0.35501847,0.3230033
0.3550335,0.3230033
0.3550485,0.3230033
0.35506353,0.36923456
0.35507855,0.36923456
0.35509357,0.36923456
0.3551086,0.36923456
0.3551236,0.36923456
0.35513863,0.4154663
0.35515365,0.4154663
0.35516867,0.4154663
0.3551837,0.4154663
0.3551987,0.4154663
0.35521373,0.46169758
0.35522875,0.46169758
0.35524377,0.46169758
0.3552588,0.46169758
0.3552738,0.50792885
0.35528886,0.50792885
0.35530388,0.50792885
0.3553189,0.50792885
0.35533392,0.50792885
0.35534894,0.5541601
0.35536397,0.5541601
0.355379,0.5541601
0.355394,0.5541601
0.35540903,0.5541601
0.35542405,0.60039186
0.35543907,0.60039186
0.3554541,0.60039186
0.3554691,0.60039186
0.35548413,0.60039186
0.35549915,0.64662313
0.35551417,0.64662313
0.3555292,0.64662313
0.3555442,0.64662313
0.35555923,0.6928544
0.35557425,0.6928544
0.35558927,0.6928544
0.3556043,0.6928544
0.3556193,0.6928544
0.35563433,0.7390857
0.35564935,0.7390857
0.35566437,0.7390857
0.3556794,0.7390857
0.3556944,0.7390857
0.35570943,0.7853174
0.35572445,0.7853174
0.35573947,0.7853174
0.3557545,0.7853174
0.35576952,0.7853174
0.35578454,0.8315482
0.35579956,0.8315482
0.35581458,0.8315482
0.3558296,0.8315482
0.35584462,0.8315482
0.35585964,0.87777996
0.35587466,0.87777996
0.35588968,0.87777996
0.3559047,0.87777996
0.35591972,0.87777996
0.35593474,0.92401123
0.35594976,0.92401123
0.35596478,0.92401123
0.3559798,0.92401123
0.35599482,0.970243
0.35600984,0.970243
0.35602486,0.970243
0.35603988,0.970243
0.3560549,0.970243
0.35606992,1.0164738
0.35608494,1.0164738
0.35609996,1.0164738
0.35611498,1.0164738
0.35613,1.0164738
0.35614502,1.0627055
0.35616004,1.0627055
0.3561751,1.0627055
0.35619012,1.0627055
0.35620514,1.0627055
0.35622016,1.1089368
0.35623518,1.1089368
0.3562502,1.1089368
0.35626522,1.1089368
0.35628024,1.1089368
0.35629526,1.1551685
0.35631028,1.1551685
0.3563253,1.1551685
0.35634032,1.1551685
0.35635534,1.1551685
0.35637036,1.2013993
0.35638538,1.2013993
0.3564004,1.2013993
0.35641542,1.2013993
0.35643044,1.2013993
0.35644546,1.2476311
0.35646048,1.2476311
0.3564755,1.2476311
0.35649052,1.2476311
0.35650554,1.2938623
0.35652056,1.2938623
0.35653558,1.2938623
0.3565506,1.2938623
0.35656562,1.2938623
0.35658064,1.2938623
0.35659567,1.3400936
0.3566107,1.3400936
0.3566257,1.3400936
0.35664073,1.3400936
0.35665575,1.3400936
0.35667077,1.3863249
0.3566858,1.3863249
0.3567008,1.3863249
0.35671583,1.3863249
0.35673085,1.4325566
0.35674587,1.4325566
0.3567609,1.4325566
0.3567759,1.4325566
0.35679093,1.4325566
0.35680595,1.4325566
0.35682097,1.4787879
0.356836,1.4787879
0.356851,1.4787879
0.35686603,1.4787879
0.35688105,1.4787879
0.35689607,1.4787879
0.3569111,1.4787879
0.3569261,1.5250192
0.35694113,1.5250192
0.35695615,1.5250192
0.35697117,1.5250192
0.3569862,1.5250192
0.35700122,1.5712504
0.35701624,1.5712504
0.35703126,1.5712504
0.3570463,1.5712504
0.35706133,1.5712504
0.35707635,1.5712504
0.35709137,1.6174817
0.3571064,1.6174817
0.3571214,1.6174817
0.35713643,1.6174817
0.35715145,1.6174817
0.35716647,1.6637135
0.3571815,1.6637135
0.3571965,1.6637135
0.35721153,1.6637135
0.35722655,1.6637135
0.35724157,1.7099442
0.3572566,1.7099442
0.3572716,1.7099442
0.35728663,1.7099442
0.35730165,1.7099442
0.35731667,1.756176
0.3573317,1.756176
0.3573467,1.756176
0.35736173,1.756176
0.35737675,1.756176
0.35739177,1.756176
0.3574068,1.756176
0.35742182,1.7099442
0.35743684,1.7099442
0.35745186,1.7099442
0.35746688,1.7099442
0.3574819,1.6637135
0.35749692,1.6637135
0.35751194,1.6637135
0.35752696,1.6637135
0.35754198,1.6174817
0.357557,1.6174817
0.35757202,1.6174817
0.35758704,1.6174817
0.35760206,1.6174817
0.35761708,1.5712504
0.3576321,1.5712504
0.35764712,1.5712504
0.35766214,1.5712504
0.35767716,1.5250192
0.35769218,1.5250192
0.3577072,1.5250192
0.35772222,1.5250192
0.35773724,1.5250192
0.35775226,1.4787879
0.35776728,1.4787879
0.3577823,1.4787879
0.35779732,1.4787879
0.35781235,1.4787879
0.35782737,1.4787879
0.3578424,1.4325566
0.3578574,1.4325566
0.35787243,1.4325566
0.35788745,1.4325566
0.35790247,1.3863249
0.3579175,1.3863249
0.35793254,1.3863249
0.35794756,1.3863249
0.35796258,1.3863249
0.3579776,1.3400936
0.35799262,1.3400936
0.35800764,1.3400936
0.35802266,1.3400936
0.35803768,1.3400936
0.3580527,1.2938623
0.35806772,1.2938623
0.35808274,1.2938623
0.35809776,1.2938623
0.35811278,1.2476311
0.3581278,1.2476311
0.35814282,1.2476311
0.35815784,1.2476311
0.35817286,1.2013993
0.35818788,1.2013993
0.3582029,1.2013993
0.35821792,1.2013993
0.35823295,1.2013993
0.35824797,1.1551685
0.358263,1.1551685
0.358278,1.1551685
0.35829303,1.1551685
0.35830805,1.1089368
0.35832307,1.1089368
0.3583381,1.1089368
0.3583531,1.1089368
0.35836813,1.0627055
0.35838315,1.0627055
0.35839817,1.0627055
0.3584132,1.0627055
0.3584282,1.0627055
0.35844323,1.0164738
0.35845825,1.0164738
0.35847327,1.0164738
0.3584883,1.0164738
0.3585033,0.970243
0.35851833,0.970243
0.35853335,0.970243
0.35854837,0.970243
0.3585634,0.970243
0.3585784,0.92401123
0.35859343,0.92401123
0.35860845,0.92401123
0.35862347,0.92401123
0.3586385,0.87777996
0.35865352,0.87777996
0.35866854,0.87777996
0.35868356,0.87777996
0.35869858,0.8315482
0.3587136,0.8315482
0.35872862,0.8315482
0.35874364,0.8315482
0.35875866,0.8315482
0.35877368,0.7853174
0.3587887,0.7853174
0.35880372,0.7853174
0.35881877,0.7853174
0.3588338,0.7390857
0.3588488,0.7390857
0.35886383,0.7390857
0.35887885,0.7390857
0.35889387,0.7390857
0.3589089,0.6928544
0.3589239,0.6928544
0.35893893,0.6928544
0.35895395,0.6928544
0.35896897,0.64662313
0.358984,0.64662313
0.358999,0.64662313
0.35901403,0.64662313
0.35902905,0.64662313
0.35904408,0.60039186
0.3590591,0.60039186
0.35907412,0.60039186
0.35908914,0.60039186
0.35910416,0.5541601
0.35911918,0.5541601
0.3591342,0.5541601
0.35914922,0.5541601
0.35916424,0.50792885
0.35917926,0.50792885
0.35919428,0.50792885
0.3592093,0.50792885
0.35922432,0.50792885
0.35923934,0.46169758
0.35925436,0.46169758
0.35926938,0.46169758
0.3592844,0.46169758
0.35929942,0.4154663
0.35931444,0.4154663
0.35932946,0.4154663
0.35934448,0.4154663
0.3593595,0.4154663
0.35937452,0.36923456
0.35938954,0.36923456
0.35940456,0.36923456
0.35941958,0.36923456
0.3594346,0.3230033
0.35944963,0.3230033
0.35946465,0.3230033
0.35947967,0.3230033
0.3594947,0.3230033
0.3595097,0.27677202
0.35952473,0.27677202
0.35953975,0.27677202
0.35955477,0.27677202
0.3595698,0.23054075
0.3595848,0.23054075
0.35959983,0.23054075
0.35961485,0.23054075
0.35962987,0.184309
0.3596449,0.184309
0.3596599,0.184309
0.35967493,0.184309
0.35968998,0.184309
0.359705,0.13807821
0.35972002,0.13807821
0.35973504,0.13807821
0.35975006,0.13807821
0.35976508,0.091846466
0.3597801,0.091846466
0.35979512,0.091846466
0.35981014,0.091846466
0.35982516,0.091846466
0.35984018,0.045615196
0.3598552,0.045615196
0.35987023,0.045615196
0.35988525,0.045615196
0.35990027,-6.160736E-4
0.3599153,-6.160736E-4
0.3599303,-6.160736E-4
0.35994533,-6.160736E-4
0.35996035,-0.046847343
0.35997537,-0.046847343
0.3599904,-0.046847343
0.3600054,-0.046847343
0.36002043,-0.046847343
0.36003545,-0.09307861
0.36005047,-0.09307861
0.3600655,-0.09307861
0.3600805,-0.09307861
0.36009553,-0.13931036
0.36011055,-0.13931036
0.36012557,-0.13931036
0.3601406,-0.13931036
0.3601556,-0.13931036
0.36017063,-0.18554163
0.36018565,-0.18554163
0.36020067,-0.18554163
0.3602157,-0.18554163
0.3602307,-0.2317729
0.36024573,-0.2317729
0.36026075,-0.2317729
0.36027578,-0.2317729
0.3602908,-0.2317729
0.36030582,-0.27800417
0.36032084,-0.27800417
0.36033586,-0.27800417
0.36035088,-0.27800417
0.3603659,-0.32423592
0.36038092,-0.32423592
0.36039594,-0.32423592
0.36041096,-0.32423592
0.36042598,-0.32423592
0.360441,-0.3704667
0.36045602,-0.3704667
0.36047104,-0.3704667
0.36048606,-0.3704667
0.36050108,-0.41669846
0.3605161,-0.41669846
0.36053112,-0.41669846
0.36054614,-0.41669846
0.36056116,-0.41669846
0.3605762,-0.46292973
0.36059123,-0.46292973
0.36060625,-0.46292973
0.36062127,-0.46292973
0.3606363,-0.46292973
0.3606513,-0.5091615
0.36066633,-0.5091615
0.36068135,-0.5091615
0.36069638,-0.5091615
0.3607114,-0.55539227
0.36072642,-0.55539227
0.36074144,-0.55539227
0.36075646,-0.55539227
0.36077148,-0.55539227
0.3607865,-0.601624
0.36080152,-0.601624
0.36081654,-0.601624
0.36083156,-0.601624
0.36084658,-0.6478553
0.3608616,-0.6478553
0.36087662,-0.6478553
0.36089164,-0.6478553
0.36090666,-0.6478553
0.36092168,-0.694087
0.3609367,-0.694087
0.36095172,-0.694087
0.36096674,-0.694087
0.36098176,-0.694087
0.36099678,-0.7403178
0.3610118,-0.7403178
0.36102682,-0.7403178
0.36104184,-0.7403178
0.36105686,-0.7403178
0.36107188,-0.78654957
0.3610869,-0.78654957
0.36110193,-0.78654957
0.36111695,-0.78654957
0.36113197,-0.83278084
0.361147,-0.83278084
0.361162,-0.83278084
0.36117703,-0.83278084
0.36119205,-0.83278084
0.36120707,-0.8790121
0.3612221,-0.8790121
0.3612371,-0.8790121
0.36125213,-0.8790121
0.36126715,-0.8790121
0.36128217,-0.9252434
0.3612972,-0.9252434
0.3613122,-0.9252434
0.36132723,-0.9252434
0.36134225,-0.9714751
0.36135727,-0.9714751
0.3613723,-0.9714751
0.3613873,-0.9714751
0.36140233,-0.9714751
0.36141735,-1.0177064
0.36143237,-1.0177064
0.3614474,-1.0177064
0.36146244,-1.0177064
0.36147746,-1.0177064
0.36149248,-1.0639377
0.3615075,-1.0639377
0.36152253,-1.0639377
0.36153755,-1.0639377
0.36155257,-1.0639377
0.3615676,-1.1101689
0.3615826,-1.1101689
0.36159763,-1.1101689
0.36161265,-1.1101689
0.36162767,-1.1564007
0.3616427,-1.1564007
0.3616577,-1.1564007
0.36167273,-1.1564007
0.36168775,-1.1564007
0.36170277,-1.202632
0.3617178,-1.202632
0.3617328,-1.202632
0.36174783,-1.202632
0.36176285,-1.202632
0.36177787,-1.2488632
0.3617929,-1.2488632
0.3618079,-1.2488632
0.36182293,-1.2488632
0.36183795,-1.2488632
0.36185297,-1.2950945
0.361868,-1.2950945
0.361883,-1.2950945
0.36189803,-1.2950945
0.36191306,-1.2950945
0.36192808,-1.3413262
0.3619431,-1.3413262
0.36195812,-1.3413262
0.36197314,-1.3413262
0.36198816,-1.387557
0.36200318,-1.387557
0.3620182,-1.387557
0.36203322,-1.387557
0.36204824,-1.387557
0.36206326,-1.4337888
0.36207828,-1.4337888
0.3620933,-1.4337888
0.36210832,-1.4337888
0.36212334,-1.4337888
0.36213836,-1.48002
0.36215338,-1.48002
0.3621684,-1.48002
0.36218342,-1.48002
0.36219844,-1.48002
0.36221346,-1.48002
0.36222848,-1.48002
0.3622435,-1.48002
0.36225852,-1.5262513
0.36227354,-1.5262513
0.36228856,-1.5262513
0.36230358,-1.5262513
0.3623186,-1.5262513
0.36233366,-1.5724826
0.36234868,-1.5724826
0.3623637,-1.5724826
0.36237872,-1.5724826
0.36239374,-1.5724826
0.36240876,-1.6187139
0.36242378,-1.6187139
0.3624388,-1.6187139
0.36245382,-1.6187139
0.36246884,-1.6187139
0.36248386,-1.6187139
0.36249888,-1.6187139
0.3625139,-1.6187139
0.36252892,-1.5724826
0.36254394,-1.5724826
0.36255896,-1.5724826
0.36257398,-1.5724826
0.362589,-1.5262513
0.36260402,-1.5262513
0.36261904,-1.5262513
0.36263406,-1.5262513
0.36264908,-1.5262513
0.3626641,-1.48002
0.36267912,-1.48002
0.36269414,-1.48002
0.36270916,-1.48002
0.36272418,-1.48002
0.3627392,-1.48002
0.36275423,-1.48002
0.36276925,-1.4337888
0.36278427,-1.4337888
0.3627993,-1.4337888
0.3628143,-1.4337888
0.36282933,-1.4337888
0.36284435,-1.387557
0.36285937,-1.387557
0.3628744,-1.387557
0.3628894,-1.387557
0.36290443,-1.387557
0.36291945,-1.3413262
0.36293447,-1.3413262
0.3629495,-1.3413262
0.3629645,-1.3413262
0.36297953,-1.2950945
0.36299455,-1.2950945
0.36300957,-1.2950945
0.3630246,-1.2950945
0.3630396,-1.2950945
0.36305463,-1.2488632
0.36306965,-1.2488632
0.36308467,-1.2488632
0.3630997,-1.2488632
0.3631147,-1.202632
0.36312973,-1.202632
0.36314476,-1.202632
0.36315978,-1.202632
0.3631748,-1.202632
0.36318982,-1.1564007
0.36320484,-1.1564007
0.3632199,-1.1564007
0.3632349,-1.1564007
0.36324993,-1.1564007
0.36326495,-1.1101689
0.36327997,-1.1101689
0.363295,-1.1101689
0.36331,-1.1101689
0.36332503,-1.0639377
0.36334005,-1.0639377
0.36335507,-1.0639377
0.3633701,-1.0639377
0.3633851,-1.0639377
0.36340013,-1.0177064
0.36341515,-1.0177064
0.36343017,-1.0177064
0.3634452,-1.0177064
0.3634602,-1.0177064
0.36347523,-0.9714751
0.36349025,-0.9714751
0.36350527,-0.9714751
0.3635203,-0.9714751
0.3635353,-0.9252434
0.36355034,-0.9252434
0.36356536,-0.9252434
0.36358038,-0.9252434
0.3635954,-0.9252434
0.36361042,-0.8790121
0.36362544,-0.8790121
0.36364046,-0.8790121
0.36365548,-0.8790121
0.3636705,-0.83278084
0.36368552,-0.83278084
0.36370054,-0.83278084
0.36371556,-0.83278084
0.36373058,-0.83278084
0.3637456,-0.78654957
0.36376062,-0.78654957
0.36377564,-0.78654957
0.36379066,-0.78654957
0.36380568,-0.78654957
0.3638207,-0.7403178
0.36383572,-0.7403178
0.36385074,-0.7403178
0.36386576,-0.7403178
0.36388078,-0.694087
0.3638958,-0.694087
0.36391082,-0.694087
0.36392584,-0.694087
0.36394086,-0.694087
0.3639559,-0.6478553
0.3639709,-0.6478553
0.36398593,-0.6478553
0.36400095,-0.6478553
0.36401597,-0.6478553
0.364031,-0.601624
0.364046,-0.601624
0.36406103,-0.601624
0.36407605,-0.601624
0.3640911,-0.601624
0.36410612,-0.55539227
0.36412114,-0.55539227
0.36413616,-0.55539227
0.36415118,-0.55539227
0.3641662,-0.55539227
0.36418122,-0.5091615
0.36419624,-0.5091615
0.36421126,-0.5091615
0.36422628,-0.5091615
0.3642413,-0.46292973
0.36425632,-0.46292973
0.36427134,-0.46292973
0.36428636,-0.46292973
0.36430138,-0.46292973
0.3643164,-0.41669846
0.36433142,-0.41669846
0.36434644,-0.41669846
0.36436146,-0.41669846
0.3643765,-0.3704667
0.3643915,-0.3704667
0.36440653,-0.3704667
0.36442155,-0.3704667
0.36443657,-0.3704667
0.3644516,-0.32423592
0.3644666,-0.32423592
0.36448163,-0.32423592
0.36449665,-0.32423592
0.36451167,-0.27800417
0.3645267,-0.27800417
0.3645417,-0.27800417
0.36455673,-0.27800417
0.36457175,-0.27800417
0.36458677,-0.2317729
0.3646018,-0.2317729
0.3646168,-0.2317729
0.36463183,-0.2317729
0.36464685,-0.2317729
0.36466187,-0.18554163
0.3646769,-0.18554163
0.3646919,-0.18554163
0.36470693,-0.18554163
0.36472195,-0.18554163
0.36473697,-0.13931036
0.364752,-0.13931036
0.36476701,-0.13931036
0.36478204,-0.13931036
0.36479706,-0.09307861
0.36481208,-0.09307861
0.3648271,-0.09307861
0.36484212,-0.09307861
0.36485714,-0.09307861
0.36487216,-0.046847343
0.36488718,-0.046847343
0.3649022,-0.046847343
0.36491722,-0.046847343
0.36493224,-0.046847343
0.36494726,-6.160736E-4
0.36496228,-6.160736E-4
0.36497733,-6.160736E-4
0.36499235,-6.160736E-4
0.36500737,0.045615196
0.3650224,0.045615196
0.3650374,0.045615196
0.36505243,0.045615196
0.36506745,0.091846466
0.36508247,0.091846466
0.3650975,0.091846466
0.3651125,0.091846466
0.36512753,0.091846466
0.36514255,0.13807821
0.36515757,0.13807821
0.3651726,0.13807821
0.36518762,0.13807821
0.36520264,0.13807821
0.36521766,0.184309
0.36523268,0.184309
0.3652477,0.184309
0.36526272,0.184309
0.36527774,0.184309
0.36529276,0.23054075
0.36530778,0.23054075
0.3653228,0.23054075
0.36533782,0.23054075
0.36535284,0.27677202
0.36536786,0.27677202
0.36538288,0.27677202
0.3653979,0.27677202
0.36541292,0.27677202
0.36542794,0.3230033
0.36544296,0.3230033
0.36545798,0.3230033
0.365473,0.3230033
0.36548802,0.3230033
0.36550304,0.36923456
0.36551806,0.36923456
0.36553308,0.36923456
0.3655481,0.36923456
0.36556312,0.4154663
0.36557814,0.4154663
0.36559317,0.4154663
0.3656082,0.4154663
0.3656232,0.4154663
0.36563823,0.46169758
0.36565325,0.46169758
0.36566827,0.46169758
0.3656833,0.46169758
0.3656983,0.46169758
0.36571333,0.50792885
0.36572835,0.50792885
0.36574337,0.50792885
0.3657584,0.50792885
0.3657734,0.50792885
0.36578843,0.5541601
0.36580345,0.5541601
0.36581847,0.5541601
0.3658335,0.5541601
0.3658485,0.60039186
0.36586356,0.60039186
0.36587858,0.60039186
0.3658936,0.60039186
0.36590862,0.60039186
0.36592364,0.64662313
0.36593866,0.64662313
0.36595368,0.64662313
0.3659687,0.64662313
0.36598372,0.64662313
0.36599874,0.6928544
0.36601377,0.6928544
0.3660288,0.6928544
0.3660438,0.6928544
0.36605883,0.6928544
0.36607385,0.7390857
0.36608887,0.7390857
0.3661039,0.7390857
0.3661189,0.7390857
0.36613393,0.7390857
0.36614895,0.7853174
0.36616397,0.7853174
0.366179,0.7853174
0.366194,0.7853174
0.36620903,0.7853174
0.36622405,0.8315482
0.36623907,0.8315482
0.3662541,0.8315482
0.3662691,0.8315482
0.36628413,0.87777996
0.36629915,0.87777996
0.36631417,0.87777996
0.3663292,0.87777996
0.3663442,0.87777996
0.36635923,0.92401123
0.36637425,0.92401123
0.36638927,0.92401123
0.3664043,0.92401123
0.36641932,0.92401123
0.36643434,0.970243
0.36644936,0.970243
0.36646438,0.970243
0.3664794,0.970243
0.36649442,0.970243
0.36650944,1.0164738
0.36652446,1.0164738
0.36653948,1.0164738
0.3665545,1.0164738
0.36656952,1.0164738
0.36658454,1.0627055
0.36659956,1.0627055
0.36661458,1.0627055
0.3666296,1.0627055
0.36664462,1.0627055
0.36665964,1.1089368
0.36667466,1.1089368
0.36668968,1.1089368
0.3667047,1.1089368
0.36671972,1.1551685
0.36673477,1.1551685
0.3667498,1.1551685
0.3667648,1.1551685
0.36677983,1.1551685
0.36679485,1.2013993
0.36680987,1.2013993
0.3668249,1.2013993
0.36683992,1.2013993
0.36685494,1.2013993
0.36686996,1.2476311
0.36688498,1.2476311
0.3669,1.2476311
0.36691502,1.2476311
0.36693004,1.2476311
0.36694506,1.2938623
0.36696008,1.2938623
0.3669751,1.2938623
0.36699012,1.2938623
0.36700514,1.2938623
0.36702016,1.3400936
0.36703518,1.3400936
0.3670502,1.3400936
0.36706522,1.3400936
0.36708024,1.3400936
0.36709526,1.3863249
0.36711028,1.3863249
0.3671253,1.3863249
0.36714032,1.3863249
0.36715534,1.3863249
0.36717036,1.4325566
0.36718538,1.4325566
0.3672004,1.4325566
0.36721542,1.4325566
0.36723045,1.4325566
0.36724547,1.4787879
0.3672605,1.4787879
0.3672755,1.4787879
0.36729053,1.4787879
0.36730555,1.4787879
0.36732057,1.4787879
0.3673356,1.4787879
0.3673506,1.4787879
0.36736563,1.5250192
0.36738065,1.5250192
0.36739567,1.5250192
0.3674107,1.5250192
0.3674257,1.5250192
0.36744073,1.5712504
0.36745575,1.5712504
0.36747077,1.5712504
0.3674858,1.5712504
0.3675008,1.5712504
0.36751583,1.6174817
0.36753085,1.6174817
0.36754587,1.6174817
0.3675609,1.6174817
0.3675759,1.6174817
0.36759093,1.6637135
0.36760595,1.6637135
0.367621,1.6637135
0.36763602,1.6637135
0.36765105,1.6637135
0.36766607,1.7099442
0.3676811,1.7099442
0.3676961,1.7099442
0.36771113,1.7099442
0.36772615,1.7099442
0.36774117,1.756176
0.3677562,1.756176
0.3677712,1.756176
0.36778623,1.756176
0.36780125,1.756176
0.36781627,1.756176
0.3678313,1.756176
0.3678463,1.7099442
0.36786133,1.7099442
0.36787635,1.7099442
0.36789137,1.7099442
0.3679064,1.7099442
0.3679214,1.6637135
0.36793643,1.6637135
0.36795145,1.6637135
0.36796647,1.6637135
0.3679815,1.6174817
0.3679965,1.6174817
0.36801153,1.6174817
0.36802655,1.6174817
0.36804157,1.5712504
0.3680566,1.5712504
0.36807162,1.5712504
0.36808664,1.5712504
0.36810166,1.5712504
0.36811668,1.5250192
0.3681317,1.5250192
0.36814672,1.5250192
0.36816174,1.5250192
0.36817676,1.4787879
0.36819178,1.4787879
0.3682068,1.4787879
0.36822182,1.4787879
0.36823684,1.4787879
0.36825186,1.4787879
0.36826688,1.4787879
0.3682819,1.4325566
0.36829692,1.4325566
0.36831194,1.4325566
0.36832696,1.4325566
0.36834198,1.3863249
0.368357,1.3863249
0.36837202,1.3863249
0.36838704,1.3863249
0.36840206,1.3863249
0.36841708,1.3400936
0.3684321,1.3400936
0.36844712,1.3400936
0.36846215,1.3400936
0.36847717,1.2938623
0.3684922,1.2938623
0.36850724,1.2938623
0.36852226,1.2938623
0.36853728,1.2476311
0.3685523,1.2476311
0.36856732,1.2476311
0.36858234,1.2476311
0.36859736,1.2476311
0.36861238,1.2013993
0.3686274,1.2013993
0.36864242,1.2013993
0.36865744,1.2013993
0.36867246,1.1551685
0.36868748,1.1551685
0.3687025,1.1551685
0.36871752,1.1551685
0.36873254,1.1551685
0.36874756,1.1089368
0.36876258,1.1089368
0.3687776,1.1089368
0.36879262,1.1089368
0.36880764,1.0627055
0.36882266,1.0627055
0.36883768,1.0627055
0.3688527,1.0627055
0.36886773,1.0164738
0.36888275,1.0164738
0.36889777,1.0164738
0.3689128,1.0164738
0.3689278,1.0164738
0.36894283,0.970243
0.36895785,0.970243
0.36897287,0.970243
0.3689879,0.970243
0.3690029,0.92401123
0.36901793,0.92401123
0.36903295,0.92401123
0.36904797,0.92401123
0.369063,0.92401123
0.369078,0.87777996
0.36909303,0.87777996
0.36910805,0.87777996
0.36912307,0.87777996
0.3691381,0.8315482
0.3691531,0.8315482
0.36916813,0.8315482
0.36918315,0.8315482
0.36919817,0.8315482
0.3692132,0.7853174
0.3692282,0.7853174
0.36924323,0.7853174
0.36925825,0.7853174
0.36927328,0.7390857
0.3692883,0.7390857
0.36930332,0.7390857
0.36931834,0.7390857
0.36933336,0.6928544
0.36934838,0.6928544
0.3693634,0.6928544
0.36937845,0.6928544
0.36939347,0.6928544
0.3694085,0.64662313
0.3694235,0.64662313
0.36943853,0.64662313
0.36945355,0.64662313
0.36946857,0.60039186
0.3694836,0.60039186
0.3694986,0.60039186
0.36951363,0.60039186
0.36952865,0.60039186
0.36954367,0.5541601
0.3695587,0.5541601
0.3695737,0.5541601
0.36958873,0.5541601
0.36960375,0.50792885
0.36961877,0.50792885
0.3696338,0.50792885
0.3696488,0.50792885
0.36966383,0.46169758
0.36967885,0.46169758
0.36969388,0.46169758
0.3697089,0.46169758
0.36972392,0.46169758
0.36973894,0.4154663
0.36975396,0.4154663
0.36976898,0.4154663
0.369784,0.4154663
0.36979902,0.36923456
0.36981404,0.36923456
0.36982906,0.36923456
0.36984408,0.36923456
0.3698591,0.36923456
0.36987412,0.3230033
0.36988914,0.3230033
0.36990416,0.3230033
0.36991918,0.3230033
0.3699342,0.27677202
0.36994922,0.27677202
0.36996424,0.27677202
0.36997926,0.27677202
0.36999428,0.23054075
0.3700093,0.23054075
0.37002432,0.23054075
0.37003934,0.23054075
0.37005436,0.23054075
0.37006938,0.184309
0.3700844,0.184309
0.37009943,0.184309
0.37011445,0.184309
0.37012947,0.13807821
0.3701445,0.13807821
0.3701595,0.13807821
0.37017453,0.13807821
0.37018955,0.13807821
0.37020457,0.091846466
0.3702196,0.091846466
0.3702346,0.091846466
0.37024963,0.091846466
0.37026468,0.045615196
0.3702797,0.045615196
0.37029472,0.045615196
0.37030974,0.045615196
0.37032476,0.045615196
0.37033978,-6.160736E-4
0.3703548,-6.160736E-4
0.37036982,-6.160736E-4
0.37038484,-6.160736E-4
0.37039986,-0.046847343
0.37041488,-0.046847343
0.3704299,-0.046847343
0.37044492,-0.046847343
0.37045994,-0.09307861
0.37047496,-0.09307861
0.37048998,-0.09307861
0.370505,-0.09307861
0.37052003,-0.09307861
0.37053505,-0.13931036
0.37055007,-0.13931036
0.3705651,-0.13931036
0.3705801,-0.13931036
0.37059513,-0.18554163
0.37061015,-0.18554163
0.37062517,-0.18554163
0.3706402,-0.18554163
0.3706552,-0.18554163
0.37067023,-0.2317729
0.37068525,-0.2317729
0.37070027,-0.2317729
0.3707153,-0.2317729
0.3707303,-0.27800417
0.37074533,-0.27800417
0.37076035,-0.27800417
0.37077537,-0.27800417
0.3707904,-0.27800417
0.3708054,-0.32423592
0.37082043,-0.32423592
0.37083545,-0.32423592
0.37085047,-0.32423592
0.3708655,-0.32423592
0.3708805,-0.3704667
0.37089553,-0.3704667
0.37091056,-0.3704667
0.37092558,-0.3704667
0.3709406,-0.41669846
0.37095562,-0.41669846
0.37097064,-0.41669846
0.37098566,-0.41669846
0.37100068,-0.41669846
0.3710157,-0.46292973
0.37103072,-0.46292973
0.37104574,-0.46292973
0.37106076,-0.46292973
0.37107578,-0.5091615
0.3710908,-0.5091615
0.37110582,-0.5091615
0.37112084,-0.5091615
0.3711359,-0.5091615
0.3711509,-0.55539227
0.37116593,-0.55539227
0.37118095,-0.55539227
0.37119597,-0.55539227
0.371211,-0.601624
0.371226,-0.601624
0.37124103,-0.601624
0.37125605,-0.601624
0.37127107,-0.601624
0.3712861,-0.6478553
0.3713011,-0.6478553
0.37131613,-0.6478553
0.37133116,-0.6478553
0.37134618,-0.6478553
0.3713612,-0.694087
0.37137622,-0.694087
0.37139124,-0.694087
0.37140626,-0.694087
0.37142128,-0.694087
0.3714363,-0.7403178
0.37145132,-0.7403178
0.37146634,-0.7403178
0.37148136,-0.7403178
0.37149638,-0.78654957
0.3715114,-0.78654957
0.37152642,-0.78654957
0.37154144,-0.78654957
0.37155646,-0.78654957
0.37157148,-0.83278084
0.3715865,-0.83278084
0.37160152,-0.83278084
0.37161654,-0.83278084
0.37163156,-0.83278084
0.37164658,-0.8790121
0.3716616,-0.8790121
0.37167662,-0.8790121
0.37169164,-0.8790121
0.37170666,-0.9252434
0.37172168,-0.9252434
0.3717367,-0.9252434
0.37175173,-0.9252434
0.37176675,-0.9252434
0.37178177,-0.9714751
0.3717968,-0.9714751
0.3718118,-0.9714751
0.37182683,-0.9714751
0.37184185,-0.9714751
0.37185687,-1.0177064
0.3718719,-1.0177064
0.3718869,-1.0177064
0.37190193,-1.0177064
0.37191695,-1.0177064
0.37193197,-1.0639377
0.371947,-1.0639377
0.371962,-1.0639377
0.37197703,-1.0639377
0.37199205,-1.1101689
0.37200707,-1.1101689
0.37202212,-1.1101689
0.37203714,-1.1101689
0.37205216,-1.1101689
0.37206718,-1.1564007
0.3720822,-1.1564007
0.37209722,-1.1564007
0.37211224,-1.1564007
0.37212726,-1.1564007
0.3721423,-1.202632
0.3721573,-1.202632
0.37217233,-1.202632
0.37218735,-1.202632
0.37220237,-1.2488632
0.3722174,-1.2488632
0.3722324,-1.2488632
0.37224743,-1.2488632
0.37226245,-1.2488632
0.37227747,-1.2950945
0.3722925,-1.2950945
0.3723075,-1.2950945
0.37232253,-1.2950945
0.37233755,-1.2950945
0.37235257,-1.3413262
0.3723676,-1.3413262
0.3723826,-1.3413262
0.37239763,-1.3413262
0.37241265,-1.3413262
0.37242767,-1.387557
0.3724427,-1.387557
0.3724577,-1.387557
0.37247273,-1.387557
0.37248775,-1.387557
0.37250277,-1.4337888
0.3725178,-1.4337888
0.3725328,-1.4337888
0.37254784,-1.4337888
0.37256286,-1.4337888
0.37257788,-1.48002
0.3725929,-1.48002
0.37260792,-1.48002
0.37262294,-1.48002
0.37263796,-1.48002
0.37265298,-1.48002
0.372668,-1.48002
0.37268302,-1.5262513
0.37269804,-1.5262513
0.37271306,-1.5262513
0.37272808,-1.5262513
0.3727431,-1.5262513
0.37275812,-1.5724826
0.37277314,-1.5724826
0.37278816,-1.5724826
0.37280318,-1.5724826
0.3728182,-1.5724826
0.37283322,-1.6187139
0.37284824,-1.6187139
0.37286326,-1.6187139
0.37287828,-1.6187139
0.3728933,-1.6187139
0.37290835,-1.6187139
0.37292337,-1.6187139
0.3729384,-1.6187139
0.37295341,-1.6187139
0.37296844,-1.5724826
0.37298346,-1.5724826
0.37299848,-1.5724826
0.3730135,-1.5724826
0.37302852,-1.5262513
0.37304354,-1.5262513
0.37305856,-1.5262513
0.37307358,-1.5262513
0.3730886,-1.5262513
0.37310362,-1.48002
0.37311864,-1.48002
0.37313366,-1.48002
0.37314868,-1.48002
0.3731637,-1.48002
0.37317872,-1.48002
0.37319374,-1.48002
0.37320876,-1.4337888
0.37322378,-1.4337888
0.3732388,-1.4337888
0.37325382,-1.4337888
0.37326884,-1.4337888
0.37328386,-1.387557
0.37329888,-1.387557
0.3733139,-1.387557
0.37332892,-1.387557
0.37334394,-1.3413262
0.37335896,-1.3413262
0.373374,-1.3413262
0.373389,-1.3413262
0.37340403,-1.3413262
0.37341905,-1.2950945
0.37343407,-1.2950945
0.3734491,-1.2950945
0.3734641,-1.2950945
0.37347913,-1.2950945
0.37349415,-1.2488632
0.37350917,-1.2488632
0.3735242,-1.2488632
0.3735392,-1.2488632
0.37355423,-1.202632
0.37356925,-1.202632
0.37358427,-1.202632
0.3735993,-1.202632
0.3736143,-1.202632
0.37362933,-1.1564007
0.37364435,-1.1564007
0.37365937,-1.1564007
0.3736744,-1.1564007
0.3736894,-1.1101689
0.37370443,-1.1101689
0.37371945,-1.1101689
0.37373447,-1.1101689
0.3737495,-1.1101689
0.37376451,-1.0639377
0.37377957,-1.0639377
0.3737946,-1.0639377
0.3738096,-1.0639377
0.37382463,-1.0639377
0.37383965,-1.0177064
0.37385467,-1.0177064
0.3738697,-1.0177064
0.3738847,-1.0177064
0.37389973,-0.9714751
0.37391475,-0.9714751
0.37392977,-0.9714751
0.3739448,-0.9714751
0.3739598,-0.9714751
0.37397483,-0.9252434
0.37398985,-0.9252434
0.37400487,-0.9252434
0.3740199,-0.9252434
0.3740349,-0.9252434
0.37404993,-0.8790121
0.37406495,-0.8790121
0.37407997,-0.8790121
0.374095,-0.8790121
0.37411,-0.83278084
0.37412503,-0.83278084
0.37414005,-0.83278084
0.37415507,-0.83278084
0.3741701,-0.83278084
0.37418512,-0.78654957
0.37420014,-0.78654957
0.37421516,-0.78654957
0.37423018,-0.78654957
0.3742452,-0.78654957
0.37426022,-0.7403178
0.37427524,-0.7403178
0.37429026,-0.7403178
0.37430528,-0.7403178
0.3743203,-0.694087
0.37433532,-0.694087
0.37435034,-0.694087
0.37436536,-0.694087
0.37438038,-0.694087
0.3743954,-0.6478553
0.37441042,-0.6478553
0.37442544,-0.6478553
0.37444046,-0.6478553
0.37445548,-0.6478553
0.3744705,-0.601624
0.37448552,-0.601624
0.37450054,-0.601624
0.37451556,-0.601624
0.37453058,-0.55539227
0.3745456,-0.55539227
0.37456062,-0.55539227
0.37457564,-0.55539227
0.37459067,-0.55539227
0.3746057,-0.5091615
0.3746207,-0.5091615
0.37463573,-0.5091615
0.37465075,-0.5091615
0.3746658,-0.5091615
0.37468082,-0.46292973
0.37469584,-0.46292973
0.37471086,-0.46292973
0.37472588,-0.46292973
0.3747409,-0.41669846
0.37475592,-0.41669846
0.37477094,-0.41669846
0.37478596,-0.41669846
0.37480098,-0.41669846
0.374816,-0.3704667
0.37483102,-0.3704667
0.37484604,-0.3704667
0.37486106,-0.3704667
0.37487608,-0.32423592
0.3748911,-0.32423592
0.37490612,-0.32423592
0.37492114,-0.32423592
0.37493616,-0.32423592
0.37495118,-0.27800417
0.3749662,-0.27800417
0.37498122,-0.27800417
0.37499624,-0.27800417
0.37501127,-0.27800417
0.3750263,-0.2317729
0.3750413,-0.2317729
0.37505633,-0.2317729
0.37507135,-0.2317729
0.37508637,-0.18554163
0.3751014,-0.18554163
0.3751164,-0.18554163
0.37513143,-0.18554163
0.37514645,-0.18554163
0.37516147,-0.13931036
0.3751765,-0.13931036
0.3751915,-0.13931036
0.37520653,-0.13931036
0.37522155,-0.13931036
0.37523657,-0.09307861
0.3752516,-0.09307861
0.3752666,-0.09307861
0.37528163,-0.09307861
0.37529665,-0.09307861
0.37531167,-0.046847343
0.3753267,-0.046847343
0.3753417,-0.046847343
0.37535673,-0.046847343
0.37537175,-6.160736E-4
0.37538677,-6.160736E-4
0.3754018,-6.160736E-4
0.37541682,-6.160736E-4
0.37543184,-6.160736E-4
0.37544686,0.045615196
0.37546188,0.045615196
0.3754769,0.045615196
0.37549192,0.045615196
0.37550694,0.091846466
0.37552196,0.091846466
0.375537,0.091846466
0.37555203,0.091846466
0.37556705,0.091846466
0.37558207,0.13807821
0.3755971,0.13807821
0.3756121,0.13807821
0.37562713,0.13807821
0.37564215,0.184309
0.37565717,0.184309
0.3756722,0.184309
0.3756872,0.184309
0.37570223,0.184309
0.37571725,0.23054075
0.37573227,0.23054075
0.3757473,0.23054075
0.3757623,0.23054075
0.37577733,0.23054075
0.37579235,0.27677202
0.37580737,0.27677202
0.3758224,0.27677202
0.37583742,0.27677202
0.37585244,0.27677202
0.37586746,0.3230033
0.37588248,0.3230033
0.3758975,0.3230033
0.37591252,0.3230033
0.37592754,0.36923456
0.37594256,0.36923456
0.37595758,0.36923456
0.3759726,0.36923456
0.37598762,0.36923456
0.37600264,0.4154663
0.37601766,0.4154663
0.37603268,0.4154663
0.3760477,0.4154663
0.37606272,0.4154663
0.37607774,0.46169758
0.37609276,0.46169758
0.37610778,0.46169758
0.3761228,0.46169758
0.37613782,0.46169758
0.37615284,0.50792885
0.37616786,0.50792885
0.37618288,0.50792885
0.3761979,0.50792885
0.37621292,0.5541601
0.37622795,0.5541601
0.37624297,0.5541601
0.376258,0.5541601
0.376273,0.5541601
0.37628803,0.60039186
0.37630305,0.60039186
0.37631807,0.60039186
0.3763331,0.60039186
0.3763481,0.60039186
0.37636313,0.64662313
0.37637815,0.64662313
0.37639317,0.64662313
0.3764082,0.64662313
0.37642324,0.64662313
0.37643826,0.6928544
0.37645328,0.6928544
0.3764683,0.6928544
0.37648332,0.6928544
0.37649834,0.7390857
0.37651336,0.7390857
0.37652838,0.7390857
0.3765434,0.7390857
0.37655842,0.7390857
0.37657344,0.7853174
0.37658846,0.7853174
0.37660348,0.7853174
0.3766185,0.7853174
0.37663352,0.7853174
0.37664855,0.8315482
0.37666357,0.8315482
0.3766786,0.8315482
0.3766936,0.8315482
0.37670863,0.8315482
0.37672365,0.87777996
0.37673867,0.87777996
0.3767537,0.87777996
0.3767687,0.87777996
0.37678373,0.87777996
0.37679875,0.92401123
0.37681377,0.92401123
0.3768288,0.92401123
0.3768438,0.92401123
0.37685883,0.92401123
0.37687385,0.970243
0.37688887,0.970243
0.3769039,0.970243
0.3769189,0.970243
0.37693393,0.970243
0.37694895,1.0164738
0.37696397,1.0164738
0.376979,1.0164738
0.376994,1.0164738
0.37700903,1.0627055
0.37702405,1.0627055
0.37703907,1.0627055
0.3770541,1.0627055
0.37706912,1.0627055
0.37708414,1.1089368
0.37709916,1.1089368
0.37711418,1.1089368
0.3771292,1.1089368
0.37714422,1.1089368
0.37715924,1.1551685
0.37717426,1.1551685
0.37718928,1.1551685
0.3772043,1.1551685
0.37721932,1.1551685
0.37723434,1.2013993
0.37724936,1.2013993
0.37726438,1.2013993
0.3772794,1.2013993
0.37729442,1.2013993
0.37730947,1.2476311
0.3773245,1.2476311
0.3773395,1.2476311
0.37735453,1.2476311
0.37736955,1.2476311
0.37738457,1.2938623
0.3773996,1.2938623
0.3774146,1.2938623
0.37742963,1.2938623
0.37744465,1.2938623
0.37745968,1.3400936
0.3774747,1.3400936
0.37748972,1.3400936
0.37750474,1.3400936
0.37751976,1.3400936
0.37753478,1.3863249
0.3775498,1.3863249
0.37756482,1.3863249
0.37757984,1.3863249
0.37759486,1.3863249
0.37760988,1.4325566
0.3776249,1.4325566
0.37763992,1.4325566
0.37765494,1.4325566
0.37766996,1.4325566
0.37768498,1.4787879
0.3777,1.4787879
0.37771502,1.4787879
0.37773004,1.4787879
0.37774506,1.4787879
0.37776008,1.4787879
0.3777751,1.4787879
0.37779012,1.5250192
0.37780514,1.5250192
0.37782016,1.5250192
0.37783518,1.5250192
0.3778502,1.5250192
0.37786523,1.5250192
0.37788025,1.5712504
0.37789527,1.5712504
0.3779103,1.5712504
0.3779253,1.5712504
0.37794033,1.5712504
0.37795535,1.6174817
0.37797037,1.6174817
0.3779854,1.6174817
0.3780004,1.6174817
0.37801543,1.6174817
0.37803045,1.6637135
0.37804547,1.6637135
0.3780605,1.6637135
0.3780755,1.6637135
0.37809053,1.6637135
0.37810555,1.7099442
0.37812057,1.7099442
0.3781356,1.7099442
0.3781506,1.7099442
0.37816563,1.7099442
0.37818068,1.756176
0.3781957,1.756176
0.37821072,1.756176
0.37822574,1.756176
0.37824076,1.756176
0.37825578,1.756176
0.3782708,1.756176
0.37828583,1.7099442
0.37830085,1.7099442
0.37831587,1.7099442
0.3783309,1.7099442
0.3783459,1.6637135
0.37836093,1.6637135
0.37837595,1.6637135
0.37839097,1.6637135
0.378406,1.6637135
0.378421,1.6174817
0.37843603,1.6174817
0.37845105,1.6174817
0.37846607,1.6174817
0.3784811,1.5712504
0.3784961,1.5712504
0.37851113,1.5712504
0.37852615,1.5712504
0.37854117,1.5250192
0.3785562,1.5250192
0.3785712,1.5250192
0.37858623,1.5250192
0.37860125,1.5250192
0.37861627,1.4787879
0.3786313,1.4787879
0.3786463,1.4787879
0.37866133,1.4787879
0.37867635,1.4787879
0.37869138,1.4787879
0.3787064,1.4325566
0.37872142,1.4325566
0.37873644,1.4325566
0.37875146,1.4325566
0.37876648,1.4325566
0.3787815,1.3863249
0.37879652,1.3863249
0.37881154,1.3863249
0.37882656,1.3863249
0.37884158,1.3400936
0.3788566,1.3400936
0.37887162,1.3400936
0.37888664,1.3400936
0.37890166,1.3400936
0.37891668,1.2938623
0.3789317,1.2938623
0.37894672,1.2938623
0.37896174,1.2938623
0.37897676,1.2476311
0.37899178,1.2476311
0.3790068,1.2476311
0.37902182,1.2476311
0.37903684,1.2476311
0.37905186,1.2013993
0.3790669,1.2013993
0.37908193,1.2013993
0.37909696,1.2013993
0.37911198,1.1551685
0.379127,1.1551685
0.37914202,1.1551685
0.37915704,1.1551685
0.37917206,1.1089368
0.37918708,1.1089368
0.3792021,1.1089368
0.37921712,1.1089368
0.37923214,1.0627055
0.37924716,1.0627055
0.37926218,1.0627055
0.3792772,1.0627055
0.37929222,1.0627055
0.37930724,1.0164738
0.37932226,1.0164738
0.37933728,1.0164738
0.3793523,1.0164738
0.37936732,0.970243
0.37938234,0.970243
0.37939736,0.970243
0.37941238,0.970243
0.3794274,0.970243
0.37944242,0.92401123
0.37945744,0.92401123
0.37947246,0.92401123
0.37948748,0.92401123
0.3795025,0.87777996
0.37951753,0.87777996
0.37953255,0.87777996
0.37954757,0.87777996
0.3795626,0.87777996
0.3795776,0.8315482
0.37959263,0.8315482
0.37960765,0.8315482
0.37962267,0.8315482
0.3796377,0.7853174
0.3796527,0.7853174
0.37966773,0.7853174
0.37968275,0.7853174
0.37969777,0.7853174
0.3797128,0.7390857
0.3797278,0.7390857
0.37974283,0.7390857
0.37975785,0.7390857
0.37977287,0.6928544
0.3797879,0.6928544
0.3798029,0.6928544
0.37981793,0.6928544
0.37983295,0.64662313
0.37984797,0.64662313
0.379863,0.64662313
0.379878,0.64662313
0.37989303,0.64662313
0.37990806,0.60039186
0.37992308,0.60039186
0.3799381,0.60039186
0.37995315,0.60039186
0.37996817,0.5541601
0.3799832,0.5541601
0.3799982,0.5541601
0.38001323,0.5541601
0.38002825,0.5541601
0.38004327,0.50792885
0.3800583,0.50792885
0.3800733,0.50792885
0.38008833,0.50792885
0.38010335,0.46169758
0.38011837,0.46169758
0.3801334,0.46169758
0.3801484,0.46169758
0.38016343,0.4154663
0.38017845,0.4154663
0.38019347,0.4154663
0.3802085,0.4154663
0.3802235,0.4154663
0.38023853,0.36923456
0.38025355,0.36923456
0.38026857,0.36923456
0.3802836,0.36923456
0.3802986,0.3230033
0.38031363,0.3230033
0.38032866,0.3230033
0.38034368,0.3230033
0.3803587,0.3230033
0.38037372,0.27677202
0.38038874,0.27677202
0.38040376,0.27677202
0.38041878,0.27677202
0.3804338,0.23054075
0.38044882,0.23054075
0.38046384,0.23054075
0.38047886,0.23054075
0.38049388,0.23054075
0.3805089,0.184309
0.38052392,0.184309
0.38053894,0.184309
0.38055396,0.184309
0.38056898,0.13807821
0.380584,0.13807821
0.38059902,0.13807821
0.38061404,0.13807821
0.38062906,0.13807821
0.38064408,0.091846466
0.3806591,0.091846466
0.38067412,0.091846466
0.38068914,0.091846466
0.38070416,0.045615196
0.38071918,0.045615196
0.3807342,0.045615196
0.38074923,0.045615196
0.38076425,0.045615196
0.38077927,-6.160736E-4
0.3807943,-6.160736E-4
0.3808093,-6.160736E-4
0.38082436,-6.160736E-4
0.38083938,-0.046847343
0.3808544,-0.046847343
0.38086942,-0.046847343
0.38088444,-0.046847343
0.38089946,-0.09307861
0.38091448,-0.09307861
0.3809295,-0.09307861
0.38094452,-0.09307861
0.38095954,-0.09307861
0.38097456,-0.13931036
0.38098958,-0.13931036
0.3810046,-0.13931036
0.38101962,-0.13931036
0.38103464,-0.18554163
0.38104966,-0.18554163
0.38106468,-0.18554163
0.3810797,-0.18554163
0.38109472,-0.18554163
0.38110974,-0.2317729
0.38112476,-0.2317729
0.38113979,-0.2317729
0.3811548,-0.2317729
0.38116983,-0.27800417
0.38118485,-0.27800417
0.38119987,-0.27800417
0.3812149,-0.27800417
0.3812299,-0.27800417
0.38124493,-0.32423592
0.38125995,-0.32423592
0.38127497,-0.32423592
0.38129,-0.32423592
0.381305,-0.3704667
0.38132003,-0.3704667
0.38133505,-0.3704667
0.38135007,-0.3704667
0.3813651,-0.3704667
0.3813801,-0.41669846
0.38139513,-0.41669846
0.38141015,-0.41669846
0.38142517,-0.41669846
0.3814402,-0.46292973
0.3814552,-0.46292973
0.38147023,-0.46292973
0.38148525,-0.46292973
0.38150027,-0.46292973
0.3815153,-0.5091615
0.3815303,-0.5091615
0.38154534,-0.5091615
0.38156036,-0.5091615
0.38157538,-0.5091615
0.3815904,-0.55539227
0.38160542,-0.55539227
0.38162044,-0.55539227
0.38163546,-0.55539227
0.38165048,-0.601624
0.3816655,-0.601624
0.38168052,-0.601624
0.38169554,-0.601624
0.3817106,-0.601624
0.3817256,-0.6478553
0.38174063,-0.6478553
0.38175565,-0.6478553
0.38177067,-0.6478553
0.3817857,-0.694087
0.3818007,-0.694087
0.38181573,-0.694087
0.38183075,-0.694087
0.38184577,-0.694087
0.3818608,-0.7403178
0.3818758,-0.7403178
0.38189083,-0.7403178
0.38190585,-0.7403178
0.38192087,-0.7403178
0.3819359,-0.78654957
0.3819509,-0.78654957
0.38196594,-0.78654957
0.38198096,-0.78654957
0.38199598,-0.83278084
0.382011,-0.83278084
0.38202602,-0.83278084
0.38204104,-0.83278084
0.38205606,-0.83278084
0.38207108,-0.8790121
0.3820861,-0.8790121
0.38210112,-0.8790121
0.38211614,-0.8790121
0.38213116,-0.8790121
0.38214618,-0.9252434
0.3821612,-0.9252434
0.38217622,-0.9252434
0.38219124,-0.9252434
0.38220626,-0.9714751
0.38222128,-0.9714751
0.3822363,-0.9714751
0.38225132,-0.9714751
0.38226634,-0.9714751
0.38228136,-1.0177064
0.38229638,-1.0177064
0.3823114,-1.0177064
0.38232642,-1.0177064
0.38234144,-1.0177064
0.38235646,-1.0639377
0.3823715,-1.0639377
0.3823865,-1.0639377
0.38240153,-1.0639377
0.38241655,-1.0639377
0.38243157,-1.1101689
0.3824466,-1.1101689
0.3824616,-1.1101689
0.38247663,-1.1101689
0.38249165,-1.1564007
0.38250667,-1.1564007
0.3825217,-1.1564007
0.3825367,-1.1564007
0.38255173,-1.1564007
0.38256675,-1.202632
0.3825818,-1.202632
0.38259682,-1.202632
0.38261184,-1.202632
0.38262686,-1.202632
0.38264188,-1.2488632
0.3826569,-1.2488632
0.38267192,-1.2488632
0.38268694,-1.2488632
0.38270196,-1.2488632
0.38271698,-1.2950945
0.382732,-1.2950945
0.38274702,-1.2950945
0.38276204,-1.2950945
0.38277707,-1.2950945
0.3827921,-1.3413262
0.3828071,-1.3413262
0.38282213,-1.3413262
0.38283715,-1.3413262
0.38285217,-1.3413262
0.3828672,-1.387557
0.3828822,-1.387557
0.38289723,-1.387557
0.38291225,-1.387557
0.38292727,-1.4337888
0.3829423,-1.4337888
0.3829573,-1.4337888
0.38297233,-1.4337888
0.38298735,-1.4337888
0.38300237,-1.48002
0.3830174,-1.48002
0.3830324,-1.48002
0.38304743,-1.48002
0.38306245,-1.48002
0.38307747,-1.48002
0.3830925,-1.48002
0.3831075,-1.48002
0.38312253,-1.5262513
0.38313755,-1.5262513
0.38315257,-1.5262513
0.3831676,-1.5262513
0.38318262,-1.5262513
0.38319764,-1.5724826
0.38321266,-1.5724826
0.38322768,-1.5724826
0.3832427,-1.5724826
0.38325772,-1.5724826
0.38327274,-1.6187139
0.38328776,-1.6187139
0.38330278,-1.6187139
0.3833178,-1.6187139
0.38333282,-1.6187139
0.38334784,-1.6187139
0.38336286,-1.6187139
0.38337788,-1.6187139
0.3833929,-1.5724826
0.38340792,-1.5724826
0.38342294,-1.5724826
0.38343796,-1.5724826
0.38345298,-1.5724826
0.38346803,-1.5262513
0.38348305,-1.5262513
0.38349807,-1.5262513
0.3835131,-1.5262513
0.3835281,-1.48002
0.38354313,-1.48002
0.38355815,-1.48002
0.38357317,-1.48002
0.3835882,-1.48002
0.38360322,-1.48002
0.38361824,-1.48002
0.38363326,-1.4337888
0.38364828,-1.4337888
0.3836633,-1.4337888
0.38367832,-1.4337888
0.38369334,-1.4337888
0.38370836,-1.387557
0.38372338,-1.387557
0.3837384,-1.387557
0.38375342,-1.387557
0.38376844,-1.387557
0.38378346,-1.3413262
0.38379848,-1.3413262
0.3838135,-1.3413262
0.38382852,-1.3413262
0.38384354,-1.2950945
0.38385856,-1.2950945
0.38387358,-1.2950945
0.3838886,-1.2950945
0.38390362,-1.2950945
0.38391864,-1.2488632
0.38393366,-1.2488632
0.38394868,-1.2488632
0.3839637,-1.2488632
0.38397872,-1.2488632
0.38399374,-1.202632
0.38400877,-1.202632
0.3840238,-1.202632
0.3840388,-1.202632
0.38405383,-1.1564007
0.38406885,-1.1564007
0.38408387,-1.1564007
0.3840989,-1.1564007
0.3841139,-1.1564007
0.38412893,-1.1101689
0.38414395,-1.1101689
0.38415897,-1.1101689
0.384174,-1.1101689
0.384189,-1.1101689
0.38420403,-1.0639377
0.38421905,-1.0639377
0.38423407,-1.0639377
0.3842491,-1.0639377
0.3842641,-1.0177064
0.38427913,-1.0177064
0.38429415,-1.0177064
0.38430917,-1.0177064
0.3843242,-1.0177064
0.3843392,-0.9714751
0.38435426,-0.9714751
0.38436928,-0.9714751
0.3843843,-0.9714751
0.38439932,-0.9252434
0.38441435,-0.9252434
0.38442937,-0.9252434
0.3844444,-0.9252434
0.3844594,-0.9252434
0.38447443,-0.8790121
0.38448945,-0.8790121
0.38450447,-0.8790121
0.3845195,-0.8790121
0.3845345,-0.8790121
0.38454953,-0.83278084
0.38456455,-0.83278084
0.38457957,-0.83278084
0.3845946,-0.83278084
0.3846096,-0.78654957
0.38462463,-0.78654957
0.38463965,-0.78654957
0.38465467,-0.78654957
0.3846697,-0.78654957
0.3846847,-0.7403178
0.38469973,-0.7403178
0.38471475,-0.7403178
0.38472977,-0.7403178
0.3847448,-0.7403178
0.3847598,-0.694087
0.38477483,-0.694087
0.38478985,-0.694087
0.38480487,-0.694087
0.3848199,-0.694087
0.38483492,-0.6478553
0.38484994,-0.6478553
0.38486496,-0.6478553
0.38487998,-0.6478553
0.384895,-0.601624
0.38491002,-0.601624
0.38492504,-0.601624
0.38494006,-0.601624
0.38495508,-0.601624
0.3849701,-0.55539227
0.38498512,-0.55539227
0.38500014,-0.55539227
0.38501516,-0.55539227
0.38503018,-0.5091615
0.3850452,-0.5091615
0.38506022,-0.5091615
0.38507524,-0.5091615
0.38509026,-0.5091615
0.38510528,-0.46292973
0.3851203,-0.46292973
0.38513532,-0.46292973
0.38515034,-0.46292973
0.38516536,-0.46292973
0.38518038,-0.41669846
0.3851954,-0.41669846
0.38521042,-0.41669846
0.38522547,-0.41669846
0.3852405,-0.41669846
0.38525552,-0.3704667
0.38527054,-0.3704667
0.38528556,-0.3704667
0.38530058,-0.3704667
0.3853156,-0.32423592
0.38533062,-0.32423592
0.38534564,-0.32423592
0.38536066,-0.32423592
0.38537568,-0.32423592
0.3853907,-0.27800417
0.38540572,-0.27800417
0.38542074,-0.27800417
0.38543576,-0.27800417
0.38545078,-0.2317729
0.3854658,-0.2317729
0.38548082,-0.2317729
0.38549584,-0.2317729
0.38551086,-0.2317729
0.38552588,-0.18554163
0.3855409,-0.18554163
0.38555592,-0.18554163
0.38557094,-0.18554163
0.38558596,-0.18554163
0.38560098,-0.13931036
0.385616,-0.13931036
0.38563102,-0.13931036
0.38564605,-0.13931036
0.38566107,-0.13931036
0.3856761,-0.09307861
0.3856911,-0.09307861
0.38570613,-0.09307861
0.38572115,-0.09307861
0.38573617,-0.046847343
0.3857512,-0.046847343
0.3857662,-0.046847343
0.38578123,-0.046847343
0.38579625,-0.046847343
0.38581127,-6.160736E-4
0.3858263,-6.160736E-4
0.3858413,-6.160736E-4
0.38585633,-6.160736E-4
0.38587135,0.045615196
0.38588637,0.045615196
0.3859014,0.045615196
0.3859164,0.045615196
0.38593143,0.045615196
0.38594645,0.091846466
0.38596147,0.091846466
0.3859765,0.091846466
0.3859915,0.091846466
0.38600653,0.13807821
0.38602155,0.13807821
0.38603657,0.13807821
0.3860516,0.13807821
0.38606662,0.13807821
0.38608164,0.184309
0.38609666,0.184309
0.3861117,0.184309
0.38612673,0.184309
0.38614175,0.184309
0.38615677,0.23054075
0.3861718,0.23054075
0.3861868,0.23054075
0.38620183,0.23054075
0.38621685,0.27677202
0.38623187,0.27677202
0.3862469,0.27677202
0.3862619,0.27677202
0.38627693,0.27677202
0.38629195,0.3230033
0.38630697,0.3230033
0.386322,0.3230033
0.386337,0.3230033
0.38635203,0.3230033
0.38636705,0.36923456
0.38638207,0.36923456
0.3863971,0.36923456
0.3864121,0.36923456
0.38642713,0.36923456
0.38644215,0.4154663
0.38645718,0.4154663
0.3864722,0.4154663
0.38648722,0.4154663
0.38650224,0.46169758
0.38651726,0.46169758
0.38653228,0.46169758
0.3865473,0.46169758
0.38656232,0.46169758
0.38657734,0.50792885
0.38659236,0.50792885
0.38660738,0.50792885
0.3866224,0.50792885
0.38663742,0.50792885
0.38665244,0.5541601
0.38666746,0.5541601
0.38668248,0.5541601
0.3866975,0.5541601
0.38671252,0.60039186
0.38672754,0.60039186
0.38674256,0.60039186
0.38675758,0.60039186
0.3867726,0.60039186
0.38678762,0.64662313
0.38680264,0.64662313
0.38681766,0.64662313
0.38683268,0.64662313
0.3868477,0.64662313
0.38686273,0.6928544
0.38687775,0.6928544
0.38689277,0.6928544
0.3869078,0.6928544
0.3869228,0.6928544
0.38693783,0.7390857
0.38695285,0.7390857
0.38696787,0.7390857
0.3869829,0.7390857
0.38699794,0.7390857
0.38701296,0.7853174
0.38702798,0.7853174
0.387043,0.7853174
0.38705802,0.7853174
0.38707304,0.7853174
0.38708806,0.8315482
0.38710308,0.8315482
0.3871181,0.8315482
0.38713312,0.8315482
0.38714814,0.8315482
0.38716316,0.87777996
0.38717818,0.87777996
0.3871932,0.87777996
0.38720822,0.87777996
0.38722324,0.92401123
0.38723826,0.92401123
0.38725328,0.92401123
0.3872683,0.92401123
0.38728333,0.92401123
0.38729835,0.970243
0.38731337,0.970243
0.3873284,0.970243
0.3873434,0.970243
0.38735843,0.970243
0.38737345,1.0164738
0.38738847,1.0164738
0.3874035,1.0164738
0.3874185,1.0164738
0.38743353,1.0164738
0.38744855,1.0627055
0.38746357,1.0627055
0.3874786,1.0627055
0.3874936,1.0627055
0.38750863,1.0627055
0.38752365,1.1089368
0.38753867,1.1089368
0.3875537,1.1089368
0.3875687,1.1089368
0.38758373,1.1089368
0.38759875,1.1551685
0.38761377,1.1551685
0.3876288,1.1551685
0.3876438,1.1551685
0.38765883,1.1551685
0.38767385,1.2013993
0.38768888,1.2013993
0.3877039,1.2013993
0.38771892,1.2013993
0.38773394,1.2013993
0.38774896,1.2476311
0.38776398,1.2476311
0.387779,1.2476311
0.38779402,1.2476311
0.38780904,1.2938623
0.38782406,1.2938623
0.38783908,1.2938623
0.3878541,1.2938623
0.38786915,1.2938623
0.38788417,1.2938623
0.3878992,1.3400936
0.3879142,1.3400936
0.38792923,1.3400936
0.38794425,1.3400936
0.38795927,1.3400936
0.3879743,1.3863249
0.3879893,1.3863249
0.38800433,1.3863249
0.38801935,1.3863249
0.38803437,1.4325566
0.3880494,1.4325566
0.3880644,1.4325566
0.38807943,1.4325566
0.38809446,1.4325566
0.38810948,1.4325566
0.3881245,1.4787879
0.38813952,1.4787879
0.38815454,1.4787879
0.38816956,1.4787879
0.38818458,1.4787879
0.3881996,1.4787879
0.38821462,1.4787879
0.38822964,1.5250192
0.38824466,1.5250192
0.38825968,1.5250192
0.3882747,1.5250192
0.38828972,1.5250192
0.38830474,1.5250192
0.38831976,1.5712504
0.38833478,1.5712504
0.3883498,1.5712504
0.38836482,1.5712504
0.38837984,1.6174817
0.38839486,1.6174817
0.38840988,1.6174817
0.3884249,1.6174817
0.38843992,1.6174817
0.38845494,1.6637135
0.38846996,1.6637135
0.38848498,1.6637135
0.3885,1.6637135
0.38851503,1.6637135
0.38853005,1.6637135
0.38854507,1.7099442
0.3885601,1.7099442
0.3885751,1.7099442
0.38859013,1.7099442
0.38860515,1.7099442
0.38862017,1.756176
0.3886352,1.756176
0.3886502,1.756176
0.38866523,1.756176
0.38868025,1.756176
0.38869527,1.756176
0.3887103,1.756176
0.3887253,1.7099442
0.38874033,1.7099442
0.38875538,1.7099442
0.3887704,1.7099442
0.38878542,1.6637135
0.38880044,1.6637135
0.38881546,1.6637135
0.38883048,1.6637135
0.3888455,1.6174817
0.38886052,1.6174817
0.38887554,1.6174817
0.38889056,1.6174817
0.38890558,1.6174817
0.3889206,1.5712504
0.38893563,1.5712504
0.38895065,1.5712504
0.38896567,1.5712504
0.3889807,1.5250192
0.3889957,1.5250192
0.38901073,1.5250192
0.38902575,1.5250192
0.38904077,1.4787879
0.3890558,1.4787879
0.3890708,1.4787879
0.38908583,1.4787879
0.38910085,1.4787879
0.38911587,1.4787879
0.3891309,1.4787879
0.3891459,1.4325566
0.38916093,1.4325566
0.38917595,1.4325566
0.38919097,1.4325566
0.389206,1.4325566
0.389221,1.3863249
0.38923603,1.3863249
0.38925105,1.3863249
0.38926607,1.3863249
0.3892811,1.3400936
0.3892961,1.3400936
0.38931113,1.3400936
0.38932616,1.3400936
0.38934118,1.2938623
0.3893562,1.2938623
0.38937122,1.2938623
0.38938624,1.2938623
0.38940126,1.2938623
0.38941628,1.2476311
0.3894313,1.2476311
0.38944632,1.2476311
0.38946134,1.2476311
0.38947636,1.2013993
0.38949138,1.2013993
0.3895064,1.2013993
0.38952142,1.2013993
0.38953644,1.2013993
0.38955146,1.1551685
0.38956648,1.1551685
0.3895815,1.1551685
0.38959652,1.1551685
0.38961154,1.1089368
0.3896266,1.1089368
0.3896416,1.1089368
0.38965663,1.1089368
0.38967165,1.0627055
0.38968667,1.0627055
0.3897017,1.0627055
0.3897167,1.0627055
0.38973173,1.0627055
0.38974676,1.0164738
0.38976178,1.0164738
0.3897768,1.0164738
0.38979182,1.0164738
0.38980684,0.970243
0.38982186,0.970243
0.38983688,0.970243
0.3898519,0.970243
0.38986692,0.970243
0.38988194,0.92401123
0.38989696,0.92401123
0.38991198,0.92401123
0.389927,0.92401123
0.38994202,0.87777996
0.38995704,0.87777996
0.38997206,0.87777996
0.38998708,0.87777996
0.3900021,0.8315482
0.39001712,0.8315482
0.39003214,0.8315482
0.39004716,0.8315482
0.39006218,0.8315482
0.3900772,0.7853174
0.39009222,0.7853174
0.39010724,0.7853174
0.39012226,0.7853174
0.39013728,0.7390857
0.3901523,0.7390857
0.39016733,0.7390857
0.39018235,0.7390857
0.39019737,0.7390857
0.3902124,0.6928544
0.3902274,0.6928544
0.39024243,0.6928544
0.39025745,0.6928544
0.39027247,0.64662313
0.3902875,0.64662313
0.3903025,0.64662313
0.39031753,0.64662313
0.39033255,0.64662313
0.39034757,0.60039186
0.3903626,0.60039186
0.3903776,0.60039186
0.39039263,0.60039186
0.39040765,0.5541601
0.39042267,0.5541601
0.3904377,0.5541601
0.3904527,0.5541601
0.39046773,0.50792885
0.39048275,0.50792885
0.39049777,0.50792885
0.39051282,0.50792885
0.39052784,0.50792885
0.39054286,0.46169758
0.3905579,0.46169758
0.3905729,0.46169758
0.39058793,0.46169758
0.39060295,0.4154663
0.39061797,0.4154663
0.390633,0.4154663
0.390648,0.4154663
0.39066303,0.4154663
0.39067805,0.36923456
0.39069307,0.36923456
0.3907081,0.36923456
0.3907231,0.36923456
0.39073813,0.3230033
0.39075315,0.3230033
0.39076817,0.3230033
0.3907832,0.3230033
0.3907982,0.27677202
0.39081323,0.27677202
0.39082825,0.27677202
0.39084327,0.27677202
0.3908583,0.27677202
0.3908733,0.23054075
0.39088833,0.23054075
0.39090335,0.23054075
0.39091837,0.23054075
0.3909334,0.184309
0.3909484,0.184309
0.39096344,0.184309
0.39097846,0.184309
0.39099348,0.184309
0.3910085,0.13807821
0.39102352,0.13807821
0.39103854,0.13807821
0.39105356,0.13807821
0.39106858,0.091846466
0.3910836,0.091846466
0.39109862,0.091846466
0.39111364,0.091846466
0.39112866,0.091846466
0.39114368,0.045615196
0.3911587,0.045615196
0.39117372,0.045615196
0.39118874,0.045615196
0.39120376,-6.160736E-4
0.39121878,-6.160736E-4
0.3912338,-6.160736E-4
0.39124882,-6.160736E-4
0.39126384,-0.046847343
0.39127886,-0.046847343
0.39129388,-0.046847343
0.3913089,-0.046847343
0.39132392,-0.046847343
0.39133894,-0.09307861
0.39135396,-0.09307861
0.391369,-0.09307861
0.391384,-0.09307861
0.39139906,-0.13931036
0.39141408,-0.13931036
0.3914291,-0.13931036
0.39144412,-0.13931036
0.39145914,-0.13931036
0.39147416,-0.18554163
0.39148918,-0.18554163
0.3915042,-0.18554163
0.39151922,-0.18554163
0.39153424,-0.2317729
0.39154926,-0.2317729
0.39156428,-0.2317729
0.3915793,-0.2317729
0.39159432,-0.2317729
0.39160934,-0.27800417
0.39162436,-0.27800417
0.39163938,-0.27800417
0.3916544,-0.27800417
0.39166942,-0.32423592
0.39168444,-0.32423592
0.39169946,-0.32423592
0.39171448,-0.32423592
0.3917295,-0.32423592
0.39174452,-0.3704667
0.39175954,-0.3704667
0.39177456,-0.3704667
0.3917896,-0.3704667
0.3918046,-0.41669846
0.39181963,-0.41669846
0.39183465,-0.41669846
0.39184967,-0.41669846
0.3918647,-0.41669846
0.3918797,-0.46292973
0.39189473,-0.46292973
0.39190975,-0.46292973
0.39192477,-0.46292973
0.3919398,-0.46292973
0.3919548,-0.5091615
0.39196983,-0.5091615
0.39198485,-0.5091615
0.39199987,-0.5091615
0.3920149,-0.55539227
0.3920299,-0.55539227
0.39204493,-0.55539227
0.39205995,-0.55539227
0.39207497,-0.55539227
0.39209,-0.601624
0.392105,-0.601624
0.39212003,-0.601624
0.39213505,-0.601624
0.39215007,-0.6478553
0.3921651,-0.6478553
0.39218011,-0.6478553
0.39219514,-0.6478553
0.39221016,-0.6478553
0.39222518,-0.694087
0.3922402,-0.694087
0.39225522,-0.694087
0.39227027,-0.694087
0.3922853,-0.694087
0.3923003,-0.7403178
0.39231533,-0.7403178
0.39233035,-0.7403178
0.39234537,-0.7403178
0.3923604,-0.78654957
0.3923754,-0.78654957
0.39239043,-0.78654957
0.39240545,-0.78654957
0.39242047,-0.78654957
0.3924355,-0.83278084
0.3924505,-0.83278084
0.39246553,-0.83278084
0.39248055,-0.83278084
0.39249557,-0.83278084
0.3925106,-0.8790121
0.3925256,-0.8790121
0.39254063,-0.8790121
0.39255565,-0.8790121
0.39257067,-0.9252434
0.3925857,-0.9252434
0.39260072,-0.9252434
0.39261574,-0.9252434
0.39263076,-0.9252434
0.39264578,-0.9714751
0.3926608,-0.9714751
0.39267582,-0.9714751
0.39269084,-0.9714751
0.39270586,-0.9714751
0.39272088,-1.0177064
0.3927359,-1.0177064
0.39275092,-1.0177064
0.39276594,-1.0177064
0.39278096,-1.0639377
0.39279598,-1.0639377
0.392811,-1.0639377
0.39282602,-1.0639377
0.39284104,-1.0639377
0.39285606,-1.0639377
0.39287108,-1.1101689
0.3928861,-1.1101689
0.39290112,-1.1101689
0.39291614,-1.1101689
0.39293116,-1.1564007
0.39294618,-1.1564007
0.3929612,-1.1564007
0.39297622,-1.1564007
0.39299124,-1.1564007
0.39300627,-1.202632
0.3930213,-1.202632
0.3930363,-1.202632
0.39305133,-1.202632
0.39306635,-1.202632
0.39308137,-1.2488632
0.3930964,-1.2488632
0.3931114,-1.2488632
0.39312643,-1.2488632
0.39314145,-1.2950945
0.3931565,-1.2950945
0.39317152,-1.2950945
0.39318654,-1.2950945
0.39320156,-1.2950945
0.39321658,-1.3413262
0.3932316,-1.3413262
0.39324662,-1.3413262
0.39326164,-1.3413262
0.39327666,-1.3413262
0.39329168,-1.387557
0.3933067,-1.387557
0.39332172,-1.387557
0.39333674,-1.387557
0.39335176,-1.387557
0.39336678,-1.4337888
0.3933818,-1.4337888
0.39339682,-1.4337888
0.39341184,-1.4337888
0.39342687,-1.4337888
0.3934419,-1.48002
0.3934569,-1.48002
0.39347193,-1.48002
0.39348695,-1.48002
0.39350197,-1.48002
0.393517,-1.48002
0.393532,-1.48002
0.39354703,-1.48002
0.39356205,-1.5262513
0.39357707,-1.5262513
0.3935921,-1.5262513
0.3936071,-1.5262513
0.39362213,-1.5262513
0.39363715,-1.5724826
0.39365217,-1.5724826
0.3936672,-1.5724826
0.3936822,-1.5724826
0.39369723,-1.6187139
0.39371225,-1.6187139
0.39372727,-1.6187139
0.3937423,-1.6187139
0.3937573,-1.6187139
0.39377233,-1.6187139
0.39378735,-1.6187139
0.39380237,-1.6187139
0.3938174,-1.6187139
0.39383242,-1.5724826
0.39384744,-1.5724826
0.39386246,-1.5724826
0.39387748,-1.5724826
0.3938925,-1.5262513
0.39390752,-1.5262513
0.39392254,-1.5262513
0.39393756,-1.5262513
0.39395258,-1.5262513
0.3939676,-1.48002
0.39398262,-1.48002
0.39399764,-1.48002
0.39401266,-1.48002
0.3940277,-1.48002
0.39404273,-1.48002
0.39405775,-1.48002
0.39407277,-1.4337888
0.3940878,-1.4337888
0.3941028,-1.4337888
0.39411783,-1.4337888
0.39413285,-1.4337888
0.39414787,-1.387557
0.3941629,-1.387557
0.3941779,-1.387557
0.39419293,-1.387557
0.39420795,-1.3413262
0.39422297,-1.3413262
0.394238,-1.3413262
0.39425302,-1.3413262
0.39426804,-1.3413262
0.39428306,-1.2950945
0.39429808,-1.2950945
0.3943131,-1.2950945
0.39432812,-1.2950945
0.39434314,-1.2950945
0.39435816,-1.2488632
0.39437318,-1.2488632
0.3943882,-1.2488632
0.39440322,-1.2488632
0.39441824,-1.202632
0.39443326,-1.202632
0.39444828,-1.202632
0.3944633,-1.202632
0.39447832,-1.202632
0.39449334,-1.1564007
0.39450836,-1.1564007
0.39452338,-1.1564007
0.3945384,-1.1564007
0.39455342,-1.1564007
0.39456844,-1.1101689
0.39458346,-1.1101689
0.39459848,-1.1101689
0.3946135,-1.1101689
0.39462852,-1.0639377
0.39464355,-1.0639377
0.39465857,-1.0639377
0.3946736,-1.0639377
0.3946886,-1.0639377
0.39470363,-1.0177064
0.39471865,-1.0177064
0.39473367,-1.0177064
0.3947487,-1.0177064
0.3947637,-1.0177064
0.39477873,-0.9714751
0.39479375,-0.9714751
0.39480877,-0.9714751
0.3948238,-0.9714751
0.3948388,-0.9252434
0.39485383,-0.9252434
0.39486885,-0.9252434
0.39488387,-0.9252434
0.3948989,-0.9252434
0.39491394,-0.8790121
0.39492896,-0.8790121
0.39494398,-0.8790121
0.394959,-0.8790121
0.39497402,-0.83278084
0.39498904,-0.83278084
0.39500406,-0.83278084
0.39501908,-0.83278084
0.3950341,-0.83278084
0.39504912,-0.78654957
0.39506415,-0.78654957
0.39507917,-0.78654957
0.3950942,-0.78654957
0.3951092,-0.78654957
0.39512423,-0.7403178
0.39513925,-0.7403178
0.39515427,-0.7403178
0.3951693,-0.7403178
0.3951843,-0.7403178
0.39519933,-0.694087
0.39521435,-0.694087
0.39522937,-0.694087
0.3952444,-0.694087
0.3952594,-0.6478553
0.39527443,-0.6478553
0.39528945,-0.6478553
0.39530447,-0.6478553
0.3953195,-0.6478553
0.3953345,-0.601624
0.39534953,-0.601624
0.39536455,-0.601624
0.39537957,-0.601624
0.3953946,-0.601624
0.3954096,-0.55539227
0.39542463,-0.55539227
0.39543965,-0.55539227
0.39545467,-0.55539227
0.3954697,-0.5091615
0.39548472,-0.5091615
0.39549974,-0.5091615
0.39551476,-0.5091615
0.39552978,-0.5091615
0.3955448,-0.46292973
0.39555982,-0.46292973
0.39557484,-0.46292973
0.39558986,-0.46292973
0.39560488,-0.46292973
0.3956199,-0.41669846
0.39563492,-0.41669846
0.39564994,-0.41669846
0.39566496,-0.41669846
0.39567998,-0.3704667
0.395695,-0.3704667
0.39571002,-0.3704667
0.39572504,-0.3704667
0.39574006,-0.3704667
0.39575508,-0.32423592
0.3957701,-0.32423592
0.39578512,-0.32423592
0.39580017,-0.32423592
0.3958152,-0.27800417
0.3958302,-0.27800417
0.39584523,-0.27800417
0.39586025,-0.27800417
0.39587528,-0.27800417
0.3958903,-0.2317729
0.39590532,-0.2317729
0.39592034,-0.2317729
0.39593536,-0.2317729
0.39595038,-0.2317729
0.3959654,-0.18554163
0.39598042,-0.18554163
0.39599544,-0.18554163
0.39601046,-0.18554163
0.39602548,-0.13931036
0.3960405,-0.13931036
0.39605552,-0.13931036
0.39607054,-0.13931036
0.39608556,-0.13931036
0.39610058,-0.09307861
0.3961156,-0.09307861
0.39613062,-0.09307861
0.39614564,-0.09307861
0.39616066,-0.09307861
0.39617568,-0.046847343
0.3961907,-0.046847343
0.39620572,-0.046847343
0.39622074,-0.046847343
0.39623576,-6.160736E-4
0.39625078,-6.160736E-4
0.3962658,-6.160736E-4
0.39628083,-6.160736E-4
0.39629585,-6.160736E-4
0.39631087,0.045615196
0.3963259,0.045615196
0.3963409,0.045615196
0.39635593,0.045615196
0.39637095,0.091846466
0.39638597,0.091846466
0.396401,0.091846466
0.396416,0.091846466
0.39643103,0.091846466
0.39644605,0.13807821
0.39646107,0.13807821
0.3964761,0.13807821
0.3964911,0.13807821
0.39650613,0.13807821
0.39652115,0.184309
0.39653617,0.184309
0.3965512,0.184309
0.3965662,0.184309
0.39658123,0.23054075
0.39659625,0.23054075
0.39661127,0.23054075
0.3966263,0.23054075
0.3966413,0.23054075
0.39665633,0.27677202
0.39667138,0.27677202
0.3966864,0.27677202
0.39670143,0.27677202
0.39671645,0.27677202
0.39673147,0.3230033
0.3967465,0.3230033
0.3967615,0.3230033
0.39677653,0.3230033
0.39679155,0.3230033
0.39680657,0.36923456
0.3968216,0.36923456
0.3968366,0.36923456
0.39685163,0.36923456
0.39686665,0.4154663
0.39688167,0.4154663
0.3968967,0.4154663
0.3969117,0.4154663
0.39692673,0.4154663
0.39694175,0.46169758
0.39695677,0.46169758
0.3969718,0.46169758
0.3969868,0.46169758
0.39700183,0.46169758
0.39701685,0.50792885
0.39703187,0.50792885
0.3970469,0.50792885
0.3970619,0.50792885
0.39707693,0.5541601
0.39709195,0.5541601
0.39710698,0.5541601
0.397122,0.5541601
0.39713702,0.5541601
0.39715204,0.60039186
0.39716706,0.60039186
0.39718208,0.60039186
0.3971971,0.60039186
0.39721212,0.60039186
0.39722714,0.64662313
0.39724216,0.64662313
0.39725718,0.64662313
0.3972722,0.64662313
0.39728722,0.64662313
0.39730224,0.6928544
0.39731726,0.6928544
0.39733228,0.6928544
0.3973473,0.6928544
0.39736232,0.6928544
0.39737734,0.7390857
0.39739236,0.7390857
0.39740738,0.7390857
0.3974224,0.7390857
0.39743742,0.7853174
0.39745244,0.7853174
0.39746746,0.7853174
0.39748248,0.7853174
0.3974975,0.7853174
0.39751253,0.8315482
0.39752755,0.8315482
0.39754257,0.8315482
0.39755762,0.8315482
0.39757264,0.8315482
0.39758766,0.87777996
0.39760268,0.87777996
0.3976177,0.87777996
0.39763272,0.87777996
0.39764774,0.87777996
0.39766276,0.92401123
0.39767778,0.92401123
0.3976928,0.92401123
0.39770782,0.92401123
0.39772284,0.92401123
0.39773786,0.970243
0.39775288,0.970243
0.3977679,0.970243
0.39778292,0.970243
0.39779794,0.970243
0.39781296,1.0164738
0.39782798,1.0164738
0.397843,1.0164738
0.39785802,1.0164738
0.39787304,1.0164738
0.39788806,1.0627055
0.39790308,1.0627055
0.3979181,1.0627055
0.39793313,1.0627055
0.39794815,1.0627055
0.39796317,1.1089368
0.3979782,1.1089368
0.3979932,1.1089368
0.39800823,1.1089368
0.39802325,1.1551685
0.39803827,1.1551685
0.3980533,1.1551685
0.3980683,1.1551685
0.39808333,1.1551685
0.39809835,1.2013993
0.39811337,1.2013993
0.3981284,1.2013993
0.3981434,1.2013993
0.39815843,1.2013993
0.39817345,1.2476311
0.39818847,1.2476311
0.3982035,1.2476311
0.3982185,1.2476311
0.39823353,1.2476311
0.39824855,1.2938623
0.39826357,1.2938623
0.3982786,1.2938623
0.3982936,1.2938623
0.39830863,1.2938623
0.39832366,1.3400936
0.39833868,1.3400936
0.3983537,1.3400936
0.39836872,1.3400936
0.39838374,1.3400936
0.39839876,1.3863249
0.39841378,1.3863249
0.3984288,1.3863249
0.39844385,1.3863249
0.39845887,1.3863249
0.3984739,1.4325566
0.3984889,1.4325566
0.39850393,1.4325566
0.39851895,1.4325566
0.39853397,1.4325566
0.398549,1.4787879
0.398564,1.4787879
0.39857903,1.4787879
0.39859405,1.4787879
0.39860907,1.4787879
0.3986241,1.4787879
0.3986391,1.4787879
0.39865413,1.4787879
0.39866915,1.5250192
0.39868417,1.5250192
0.3986992,1.5250192
0.3987142,1.5250192
0.39872923,1.5250192
0.39874426,1.5712504
0.39875928,1.5712504
0.3987743,1.5712504
0.39878932,1.5712504
0.39880434,1.5712504
0.39881936,1.6174817
0.39883438,1.6174817
0.3988494,1.6174817
0.39886442,1.6174817
0.39887944,1.6174817
0.39889446,1.6637135
0.39890948,1.6637135
0.3989245,1.6637135
0.39893952,1.6637135
0.39895454,1.6637135
0.39896956,1.7099442
0.39898458,1.7099442
0.3989996,1.7099442
0.39901462,1.7099442
0.39902964,1.7099442
0.39904466,1.756176
0.39905968,1.756176
0.3990747,1.756176
0.39908972,1.756176
0.39910474,1.756176
0.39911976,1.756176
0.39913478,1.756176
0.3991498,1.7099442
0.39916483,1.7099442
0.39917985,1.7099442
0.39919487,1.7099442
0.3992099,1.7099442
0.3992249,1.6637135
0.39923993,1.6637135
0.39925495,1.6637135
0.39926997,1.6637135
0.399285,1.6174817
0.3993,1.6174817
0.39931506,1.6174817
0.39933008,1.6174817
0.3993451,1.5712504
0.39936012,1.5712504
0.39937514,1.5712504
0.39939016,1.5712504
0.39940518,1.5712504
0.3994202,1.5250192
0.39943522,1.5250192
0.39945024,1.5250192
0.39946526,1.5250192
0.39948028,1.4787879
0.3994953,1.4787879
0.39951032,1.4787879
0.39952534,1.4787879
0.39954036,1.4787879
0.3995554,1.4787879
0.3995704,1.4787879
0.39958543,1.4325566
0.39960045,1.4325566
0.39961547,1.4325566
0.3996305,1.4325566
0.3996455,1.3863249
0.39966053,1.3863249
0.39967555,1.3863249
0.39969057,1.3863249
0.3997056,1.3863249
0.3997206,1.3400936
0.39973563,1.3400936
0.39975065,1.3400936
0.39976567,1.3400936
0.3997807,1.2938623
0.3997957,1.2938623
0.39981073,1.2938623
0.39982575,1.2938623
0.39984077,1.2938623
0.3998558,1.2476311
0.3998708,1.2476311
0.39988583,1.2476311
0.39990085,1.2476311
0.39991587,1.2013993
0.3999309,1.2013993
0.3999459,1.2013993
0.39996094,1.2013993
0.39997596,1.1551685
0.39999098,1.1551685
0.400006,1.1551685
0.40002102,1.1551685
0.40003604,1.1551685
0.40005106,1.1089368
0.40006608,1.1089368
0.4000811,1.1089368
0.40009612,1.1089368
0.40011114,1.0627055
0.40012616,1.0627055
0.40014118,1.0627055
0.4001562,1.0627055
0.40017122,1.0164738
0.40018624,1.0164738
0.4002013,1.0164738
0.4002163,1.0164738
0.40023133,1.0164738
0.40024635,0.970243
0.40026137,0.970243
0.4002764,0.970243
0.4002914,0.970243
0.40030643,0.92401123
0.40032145,0.92401123
0.40033647,0.92401123
0.4003515,0.92401123
0.40036651,0.87777996
0.40038154,0.87777996
0.40039656,0.87777996
0.40041158,0.87777996
0.4004266,0.87777996
0.40044162,0.8315482
0.40045664,0.8315482
0.40047166,0.8315482
0.40048668,0.8315482
0.4005017,0.7853174
0.40051672,0.7853174
0.40053174,0.7853174
0.40054676,0.7853174
0.40056178,0.7853174
0.4005768,0.7390857
0.40059182,0.7390857
0.40060684,0.7390857
0.40062186,0.7390857
0.40063688,0.6928544
0.4006519,0.6928544
0.40066692,0.6928544
0.40068194,0.6928544
0.40069696,0.6928544
0.40071198,0.64662313
0.400727,0.64662313
0.40074202,0.64662313
0.40075704,0.64662313
0.40077206,0.60039186
0.4007871,0.60039186
0.4008021,0.60039186
0.40081713,0.60039186
0.40083215,0.5541601
0.40084717,0.5541601
0.4008622,0.5541601
0.4008772,0.5541601
0.40089223,0.5541601
0.40090725,0.50792885
0.40092227,0.50792885
0.4009373,0.50792885
0.4009523,0.50792885
0.40096733,0.46169758
0.40098235,0.46169758
0.40099737,0.46169758
0.4010124,0.46169758
0.4010274,0.46169758
0.40104243,0.4154663
0.40105745,0.4154663
0.4010725,0.4154663
0.40108752,0.4154663
0.40110254,0.36923456
0.40111756,0.36923456
0.40113258,0.36923456
0.4011476,0.36923456
0.40116262,0.3230033
0.40117764,0.3230033
0.40119267,0.3230033
0.4012077,0.3230033
0.4012227,0.3230033
0.40123773,0.27677202
0.40125275,0.27677202
0.40126777,0.27677202
0.4012828,0.27677202
0.4012978,0.23054075
0.40131283,0.23054075
0.40132785,0.23054075
0.40134287,0.23054075
0.4013579,0.23054075
0.4013729,0.184309
0.40138793,0.184309
0.40140295,0.184309
0.40141797,0.184309
0.401433,0.13807821
0.401448,0.13807821
0.40146303,0.13807821
0.40147805,0.13807821
0.40149307,0.13807821
0.4015081,0.091846466
0.4015231,0.091846466
0.40153813,0.091846466
0.40155315,0.091846466
0.40156817,0.045615196
0.4015832,0.045615196
0.40159822,0.045615196
0.40161324,0.045615196
0.40162826,0.045615196
0.40164328,-6.160736E-4
0.4016583,-6.160736E-4
0.40167332,-6.160736E-4
0.40168834,-6.160736E-4
0.40170336,-0.046847343
0.40171838,-0.046847343
0.4017334,-0.046847343
0.40174842,-0.046847343
0.40176344,-0.09307861
0.40177846,-0.09307861
0.40179348,-0.09307861
0.4018085,-0.09307861
0.40182352,-0.09307861
0.40183854,-0.13931036
0.40185356,-0.13931036
0.40186858,-0.13931036
0.4018836,-0.13931036
0.40189862,-0.18554163
0.40191364,-0.18554163
0.40192866,-0.18554163
0.40194368,-0.18554163
0.40195873,-0.18554163
0.40197375,-0.2317729
0.40198877,-0.2317729
0.4020038,-0.2317729
0.40201882,-0.2317729
0.40203384,-0.27800417
0.40204886,-0.27800417
0.40206388,-0.27800417
0.4020789,-0.27800417
0.40209392,-0.27800417
0.40210894,-0.32423592
0.40212396,-0.32423592
0.40213898,-0.32423592
0.402154,-0.32423592
0.40216902,-0.3704667
0.40218404,-0.3704667
0.40219906,-0.3704667
0.40221408,-0.3704667
0.4022291,-0.3704667
0.40224412,-0.41669846
0.40225914,-0.41669846
0.40227416,-0.41669846
0.40228918,-0.41669846
0.4023042,-0.41669846
0.40231922,-0.46292973
0.40233424,-0.46292973
0.40234926,-0.46292973
0.40236428,-0.46292973
0.4023793,-0.5091615
0.40239432,-0.5091615
0.40240934,-0.5091615
0.40242437,-0.5091615
0.4024394,-0.5091615
0.4024544,-0.55539227
0.40246943,-0.55539227
0.40248445,-0.55539227
0.40249947,-0.55539227
0.4025145,-0.601624
0.4025295,-0.601624
0.40254453,-0.601624
0.40255955,-0.601624
0.40257457,-0.601624
0.4025896,-0.6478553
0.4026046,-0.6478553
0.40261963,-0.6478553
0.40263465,-0.6478553
0.40264967,-0.6478553
0.4026647,-0.694087
0.4026797,-0.694087
0.40269473,-0.694087
0.40270975,-0.694087
0.40272477,-0.7403178
0.4027398,-0.7403178
0.4027548,-0.7403178
0.40276983,-0.7403178
0.40278485,-0.7403178
0.40279987,-0.78654957
0.4028149,-0.78654957
0.40282992,-0.78654957
0.40284497,-0.78654957
0.40286,-0.78654957
0.402875,-0.83278084
0.40289003,-0.83278084
0.40290505,-0.83278084
0.40292007,-0.83278084
0.4029351,-0.8790121
0.4029501,-0.8790121
0.40296513,-0.8790121
0.40298015,-0.8790121
0.40299517,-0.8790121
0.4030102,-0.9252434
0.4030252,-0.9252434
0.40304023,-0.9252434
0.40305525,-0.9252434
0.40307027,-0.9252434
0.4030853,-0.9714751
0.4031003,-0.9714751
0.40311533,-0.9714751
0.40313035,-0.9714751
0.40314537,-1.0177064
0.4031604,-1.0177064
0.4031754,-1.0177064
0.40319043,-1.0177064
0.40320545,-1.0177064
0.40322047,-1.0639377
0.4032355,-1.0639377
0.40325052,-1.0639377
0.40326554,-1.0639377
0.40328056,-1.0639377
0.40329558,-1.1101689
0.4033106,-1.1101689
0.40332562,-1.1101689
0.40334064,-1.1101689
0.40335566,-1.1101689
0.40337068,-1.1564007
0.4033857,-1.1564007
0.40340072,-1.1564007
0.40341574,-1.1564007
0.40343076,-1.202632
0.40344578,-1.202632
0.4034608,-1.202632
0.40347582,-1.202632
0.40349084,-1.202632
0.40350586,-1.2488632
0.40352088,-1.2488632
0.4035359,-1.2488632
0.40355092,-1.2488632
0.40356594,-1.2488632
0.40358096,-1.2950945
0.40359598,-1.2950945
0.403611,-1.2950945
0.40362602,-1.2950945
0.40364105,-1.2950945
0.40365607,-1.3413262
0.4036711,-1.3413262
0.4036861,-1.3413262
0.40370113,-1.3413262
0.40371618,-1.3413262
0.4037312,-1.387557
0.40374622,-1.387557
0.40376124,-1.387557
0.40377626,-1.387557
0.40379128,-1.387557
0.4038063,-1.4337888
0.40382132,-1.4337888
0.40383634,-1.4337888
0.40385136,-1.4337888
0.40386638,-1.4337888
0.4038814,-1.48002
0.40389642,-1.48002
0.40391144,-1.48002
0.40392646,-1.48002
0.40394148,-1.48002
0.4039565,-1.48002
0.40397152,-1.48002
0.40398654,-1.5262513
0.40400156,-1.5262513
0.40401658,-1.5262513
0.4040316,-1.5262513
0.40404662,-1.5262513
0.40406165,-1.5724826
0.40407667,-1.5724826
0.4040917,-1.5724826
0.4041067,-1.5724826
0.40412173,-1.5724826
0.40413675,-1.6187139
0.40415177,-1.6187139
0.4041668,-1.6187139
0.4041818,-1.6187139
0.40419683,-1.6187139
0.40421185,-1.6187139
0.40422687,-1.6187139
0.4042419,-1.6187139
0.4042569,-1.5724826
0.40427193,-1.5724826
0.40428695,-1.5724826
0.40430197,-1.5724826
0.404317,-1.5724826
0.404332,-1.5262513
0.40434703,-1.5262513
0.40436205,-1.5262513
0.40437707,-1.5262513
0.4043921,-1.5262513
0.4044071,-1.48002
0.40442213,-1.48002
0.40443715,-1.48002
0.40445217,-1.48002
0.4044672,-1.48002
0.40448222,-1.48002
0.40449724,-1.48002
0.40451226,-1.4337888
0.40452728,-1.4337888
0.4045423,-1.4337888
0.40455732,-1.4337888
0.40457234,-1.387557
0.40458736,-1.387557
0.4046024,-1.387557
0.40461743,-1.387557
0.40463245,-1.387557
0.40464747,-1.3413262
0.4046625,-1.3413262
0.4046775,-1.3413262
0.40469253,-1.3413262
0.40470755,-1.3413262
0.40472257,-1.2950945
0.4047376,-1.2950945
0.4047526,-1.2950945
0.40476763,-1.2950945
0.40478265,-1.2488632
0.40479767,-1.2488632
0.4048127,-1.2488632
0.4048277,-1.2488632
0.40484273,-1.2488632
0.40485775,-1.202632
0.40487278,-1.202632
0.4048878,-1.202632
0.40490282,-1.202632
0.40491784,-1.202632
0.40493286,-1.1564007
0.40494788,-1.1564007
0.4049629,-1.1564007
0.40497792,-1.1564007
0.40499294,-1.1101689
0.40500796,-1.1101689
0.40502298,-1.1101689
0.405038,-1.1101689
0.40505302,-1.1101689
0.40506804,-1.0639377
0.40508306,-1.0639377
0.40509808,-1.0639377
0.4051131,-1.0639377
0.40512812,-1.0639377
0.40514314,-1.0177064
0.40515816,-1.0177064
0.40517318,-1.0177064
0.4051882,-1.0177064
0.40520322,-0.9714751
0.40521824,-0.9714751
0.40523326,-0.9714751
0.40524828,-0.9714751
0.4052633,-0.9714751
0.40527833,-0.9252434
0.40529335,-0.9252434
0.40530837,-0.9252434
0.4053234,-0.9252434
0.4053384,-0.8790121
0.40535343,-0.8790121
0.40536845,-0.8790121
0.40538347,-0.8790121
0.4053985,-0.8790121
0.4054135,-0.83278084
0.40542853,-0.83278084
0.40544355,-0.83278084
0.40545857,-0.83278084
0.4054736,-0.83278084
0.40548864,-0.78654957
0.40550366,-0.78654957
0.40551868,-0.78654957
0.4055337,-0.78654957
0.40554872,-0.7403178
0.40556374,-0.7403178
0.40557876,-0.7403178
0.40559378,-0.7403178
0.4056088,-0.7403178
0.40562382,-0.694087
0.40563884,-0.694087
0.40565386,-0.694087
0.40566888,-0.694087
0.4056839,-0.694087
0.40569893,-0.6478553
0.40571395,-0.6478553
0.40572897,-0.6478553
0.405744,-0.6478553
0.405759,-0.601624
0.40577403,-0.601624
0.40578905,-0.601624
0.40580407,-0.601624
0.4058191,-0.601624
0.4058341,-0.55539227
0.40584913,-0.55539227
0.40586415,-0.55539227
0.40587917,-0.55539227
0.4058942,-0.55539227
0.4059092,-0.5091615
0.40592423,-0.5091615
0.40593925,-0.5091615
0.40595427,-0.5091615
0.4059693,-0.46292973
0.4059843,-0.46292973
0.40599933,-0.46292973
0.40601435,-0.46292973
0.40602937,-0.46292973
0.4060444,-0.41669846
0.4060594,-0.41669846
0.40607443,-0.41669846
0.40608945,-0.41669846
0.40610448,-0.41669846
0.4061195,-0.3704667
0.40613452,-0.3704667
0.40614954,-0.3704667
0.40616456,-0.3704667
0.40617958,-0.32423592
0.4061946,-0.32423592
0.40620962,-0.32423592
0.40622464,-0.32423592
0.40623966,-0.32423592
0.40625468,-0.27800417
0.4062697,-0.27800417
0.40628472,-0.27800417
0.40629974,-0.27800417
0.40631476,-0.27800417
0.40632978,-0.2317729
0.4063448,-0.2317729
0.40635985,-0.2317729
0.40637487,-0.2317729
0.4063899,-0.18554163
0.4064049,-0.18554163
0.40641993,-0.18554163
0.40643495,-0.18554163
0.40644997,-0.18554163
0.406465,-0.13931036
0.40648,-0.13931036
0.40649503,-0.13931036
0.40651006,-0.13931036
0.40652508,-0.13931036
0.4065401,-0.09307861
0.40655512,-0.09307861
0.40657014,-0.09307861
0.40658516,-0.09307861
0.40660018,-0.046847343
0.4066152,-0.046847343
0.40663022,-0.046847343
0.40664524,-0.046847343
0.40666026,-0.046847343
0.40667528,-6.160736E-4
0.4066903,-6.160736E-4
0.40670532,-6.160736E-4
0.40672034,-6.160736E-4
0.40673536,0.045615196
0.40675038,0.045615196
0.4067654,0.045615196
0.40678042,0.045615196
0.40679544,0.045615196
0.40681046,0.091846466
0.40682548,0.091846466
0.4068405,0.091846466
0.40685552,0.091846466
0.40687054,0.13807821
0.40688556,0.13807821
0.40690058,0.13807821
0.4069156,0.13807821
0.40693063,0.13807821
0.40694565,0.184309
0.40696067,0.184309
0.4069757,0.184309
0.4069907,0.184309
0.40700573,0.184309
0.40702075,0.23054075
0.40703577,0.23054075
0.4070508,0.23054075
0.4070658,0.23054075
0.40708083,0.23054075
0.40709585,0.27677202
0.40711087,0.27677202
0.4071259,0.27677202
0.4071409,0.27677202
0.40715593,0.3230033
0.40717095,0.3230033
0.40718597,0.3230033
0.407201,0.3230033
0.407216,0.3230033
0.40723103,0.36923456
0.40724608,0.36923456
0.4072611,0.36923456
0.40727612,0.36923456
0.40729114,0.36923456
0.40730616,0.4154663
0.40732118,0.4154663
0.4073362,0.4154663
0.40735123,0.4154663
0.40736625,0.4154663
0.40738127,0.46169758
0.4073963,0.46169758
0.4074113,0.46169758
0.40742633,0.46169758
0.40744135,0.50792885
0.40745637,0.50792885
0.4074714,0.50792885
0.4074864,0.50792885
0.40750143,0.50792885
0.40751645,0.5541601
0.40753147,0.5541601
0.4075465,0.5541601
0.4075615,0.5541601
0.40757653,0.5541601
0.40759155,0.60039186
0.40760657,0.60039186
0.4076216,0.60039186
0.4076366,0.60039186
0.40765163,0.60039186
0.40766665,0.64662313
0.40768167,0.64662313
0.4076967,0.64662313
0.4077117,0.64662313
0.40772673,0.6928544
0.40774176,0.6928544
0.40775678,0.6928544
0.4077718,0.6928544
0.40778682,0.6928544
0.40780184,0.7390857
0.40781686,0.7390857
0.40783188,0.7390857
0.4078469,0.7390857
0.40786192,0.7390857
0.40787694,0.7853174
0.40789196,0.7853174
0.40790698,0.7853174
0.407922,0.7853174
0.40793702,0.7853174
0.40795204,0.8315482
0.40796706,0.8315482
0.40798208,0.8315482
0.4079971,0.8315482
0.40801212,0.8315482
0.40802714,0.87777996
0.40804216,0.87777996
0.40805718,0.87777996
0.4080722,0.87777996
0.40808722,0.87777996
0.40810224,0.92401123
0.4081173,0.92401123
0.4081323,0.92401123
0.40814734,0.92401123
0.40816236,0.970243
0.40817738,0.970243
0.4081924,0.970243
0.40820742,0.970243
0.40822244,0.970243
0.40823746,1.0164738
0.40825248,1.0164738
0.4082675,1.0164738
0.40828252,1.0164738
0.40829754,1.0164738
0.40831256,1.0627055
0.40832758,1.0627055
0.4083426,1.0627055
0.40835762,1.0627055
0.40837264,1.0627055
0.40838766,1.1089368
0.40840268,1.1089368
0.4084177,1.1089368
0.40843272,1.1089368
0.40844774,1.1089368
0.40846276,1.1551685
0.40847778,1.1551685
0.4084928,1.1551685
0.40850782,1.1551685
0.40852284,1.1551685
0.40853786,1.2013993
0.40855289,1.2013993
0.4085679,1.2013993
0.40858293,1.2013993
0.40859795,1.2013993
0.40861297,1.2476311
0.408628,1.2476311
0.408643,1.2476311
0.40865803,1.2476311
0.40867305,1.2476311
0.40868807,1.2938623
0.4087031,1.2938623
0.4087181,1.2938623
0.40873313,1.2938623
0.40874815,1.2938623
0.40876317,1.3400936
0.4087782,1.3400936
0.4087932,1.3400936
0.40880823,1.3400936
0.40882325,1.3400936
0.40883827,1.3863249
0.4088533,1.3863249
0.4088683,1.3863249
0.40888333,1.3863249
0.40889835,1.3863249
0.40891337,1.4325566
0.4089284,1.4325566
0.4089434,1.4325566
0.40895844,1.4325566
0.40897346,1.4325566
0.40898848,1.4787879
0.40900353,1.4787879
0.40901855,1.4787879
0.40903357,1.4787879
0.4090486,1.4787879
0.4090636,1.4787879
0.40907863,1.4787879
0.40909365,1.5250192
0.40910867,1.5250192
0.4091237,1.5250192
0.4091387,1.5250192
0.40915373,1.5250192
0.40916875,1.5250192
0.40918377,1.5712504
0.4091988,1.5712504
0.4092138,1.5712504
0.40922883,1.5712504
0.40924385,1.5712504
0.40925887,1.6174817
0.4092739,1.6174817
0.4092889,1.6174817
0.40930393,1.6174817
0.40931895,1.6174817
0.40933397,1.6637135
0.409349,1.6637135
0.409364,1.6637135
0.40937904,1.6637135
0.40939406,1.6637135
0.40940908,1.7099442
0.4094241,1.7099442
0.40943912,1.7099442
0.40945414,1.7099442
0.40946916,1.7099442
0.40948418,1.756176
0.4094992,1.756176
0.40951422,1.756176
0.40952924,1.756176
0.40954426,1.756176
0.40955928,1.756176
0.4095743,1.756176
0.40958932,1.7099442
0.40960434,1.7099442
0.40961936,1.7099442
0.40963438,1.7099442
0.4096494,1.6637135
0.40966442,1.6637135
0.40967944,1.6637135
0.40969446,1.6637135
0.40970948,1.6637135
0.4097245,1.6174817
0.40973952,1.6174817
0.40975454,1.6174817
0.40976956,1.6174817
0.4097846,1.5712504
0.4097996,1.5712504
0.40981463,1.5712504
0.40982965,1.5712504
0.40984467,1.5250192
0.4098597,1.5250192
0.4098747,1.5250192
0.40988976,1.5250192
0.40990478,1.5250192
0.4099198,1.4787879
0.40993482,1.4787879
0.40994984,1.4787879
0.40996486,1.4787879
0.40997988,1.4787879
0.4099949,1.4787879
0.41000992,1.4325566
0.41002494,1.4325566
0.41003996,1.4325566
0.41005498,1.4325566
0.41007,1.4325566
0.41008502,1.3863249
0.41010004,1.3863249
0.41011506,1.3863249
0.41013008,1.3863249
0.4101451,1.3400936
0.41016012,1.3400936
0.41017514,1.3400936
0.41019017,1.3400936
0.4102052,1.3400936
0.4102202,1.2938623
0.41023523,1.2938623
0.41025025,1.2938623
0.41026527,1.2938623
0.4102803,1.2476311
0.4102953,1.2476311
0.41031033,1.2476311
0.41032535,1.2476311
0.41034037,1.2013993
0.4103554,1.2013993
0.4103704,1.2013993
0.41038543,1.2013993
0.41040045,1.2013993
0.41041547,1.1551685
0.4104305,1.1551685
0.4104455,1.1551685
0.41046053,1.1551685
0.41047555,1.1089368
0.41049057,1.1089368
0.4105056,1.1089368
0.4105206,1.1089368
0.41053563,1.0627055
0.41055065,1.0627055
0.41056567,1.0627055
0.4105807,1.0627055
0.41059572,1.0627055
0.41061074,1.0164738
0.41062576,1.0164738
0.41064078,1.0164738
0.4106558,1.0164738
0.41067082,0.970243
0.41068584,0.970243
0.41070086,0.970243
0.41071588,0.970243
0.4107309,0.970243
0.41074592,0.92401123
0.41076097,0.92401123
0.410776,0.92401123
0.410791,0.92401123
0.41080603,0.87777996
0.41082105,0.87777996
0.41083607,0.87777996
0.4108511,0.87777996
0.4108661,0.8315482
0.41088113,0.8315482
0.41089615,0.8315482
0.41091117,0.8315482
0.4109262,0.8315482
0.4109412,0.7853174
0.41095623,0.7853174
0.41097125,0.7853174
0.41098627,0.7853174
0.4110013,0.7390857
0.41101632,0.7390857
0.41103134,0.7390857
0.41104636,0.7390857
0.41106138,0.7390857
0.4110764,0.6928544
0.41109142,0.6928544
0.41110644,0.6928544
0.41112146,0.6928544
0.41113648,0.64662313
0.4111515,0.64662313
0.41116652,0.64662313
0.41118154,0.64662313
0.41119656,0.64662313
0.41121158,0.60039186
0.4112266,0.60039186
0.41124162,0.60039186
0.41125664,0.60039186
0.41127166,0.5541601
0.41128668,0.5541601
0.4113017,0.5541601
0.41131672,0.5541601
0.41133174,0.50792885
0.41134676,0.50792885
0.41136178,0.50792885
0.4113768,0.50792885
0.41139182,0.50792885
0.41140684,0.46169758
0.41142187,0.46169758
0.4114369,0.46169758
0.4114519,0.46169758
0.41146693,0.4154663
0.41148195,0.4154663
0.41149697,0.4154663
0.411512,0.4154663
0.411527,0.4154663
0.41154203,0.36923456
0.41155705,0.36923456
0.41157207,0.36923456
0.4115871,0.36923456
0.4116021,0.3230033
0.41161713,0.3230033
0.41163215,0.3230033
0.4116472,0.3230033
0.41166222,0.3230033
0.41167724,0.27677202
0.41169226,0.27677202
0.41170728,0.27677202
0.4117223,0.27677202
0.41173732,0.23054075
0.41175234,0.23054075
0.41176736,0.23054075
0.41178238,0.23054075
0.4117974,0.23054075
0.41181242,0.184309
0.41182745,0.184309
0.41184247,0.184309
0.4118575,0.184309
0.4118725,0.13807821
0.41188753,0.13807821
0.41190255,0.13807821
0.41191757,0.13807821
0.4119326,0.091846466
0.4119476,0.091846466
0.41196263,0.091846466
0.41197765,0.091846466
0.41199267,0.091846466
0.4120077,0.045615196
0.4120227,0.045615196
0.41203773,0.045615196
0.41205275,0.045615196
0.41206777,-6.160736E-4
0.4120828,-6.160736E-4
0.4120978,-6.160736E-4
0.41211283,-6.160736E-4
0.41212785,-0.046847343
0.41214287,-0.046847343
0.4121579,-0.046847343
0.4121729,-0.046847343
0.41218793,-0.046847343
0.41220295,-0.09307861
0.41221797,-0.09307861
0.412233,-0.09307861
0.41224802,-0.09307861
0.41226304,-0.13931036
0.41227806,-0.13931036
0.41229308,-0.13931036
0.4123081,-0.13931036
0.41232312,-0.13931036
0.41233814,-0.18554163
0.41235316,-0.18554163
0.41236818,-0.18554163
0.4123832,-0.18554163
0.41239822,-0.2317729
0.41241324,-0.2317729
0.41242826,-0.2317729
0.41244328,-0.2317729
0.4124583,-0.2317729
0.41247332,-0.27800417
0.41248834,-0.27800417
0.41250336,-0.27800417
0.4125184,-0.27800417
0.41253343,-0.27800417
0.41254845,-0.32423592
0.41256347,-0.32423592
0.4125785,-0.32423592
0.4125935,-0.32423592
0.41260853,-0.3704667
0.41262355,-0.3704667
0.41263857,-0.3704667
0.4126536,-0.3704667
0.41266862,-0.3704667
0.41268364,-0.41669846
0.41269866,-0.41669846
0.41271368,-0.41669846
0.4127287,-0.41669846
0.41274372,-0.46292973
0.41275874,-0.46292973
0.41277376,-0.46292973
0.41278878,-0.46292973
0.4128038,-0.46292973
0.41281882,-0.5091615
0.41283384,-0.5091615
0.41284886,-0.5091615
0.41286388,-0.5091615
0.4128789,-0.55539227
0.41289392,-0.55539227
0.41290894,-0.55539227
0.41292396,-0.55539227
0.41293898,-0.55539227
0.412954,-0.601624
0.41296902,-0.601624
0.41298404,-0.601624
0.41299906,-0.601624
0.41301408,-0.601624
0.4130291,-0.6478553
0.41304412,-0.6478553
0.41305915,-0.6478553
0.41307417,-0.6478553
0.4130892,-0.694087
0.4131042,-0.694087
0.41311923,-0.694087
0.41313425,-0.694087
0.41314927,-0.694087
0.4131643,-0.7403178
0.4131793,-0.7403178
0.41319433,-0.7403178
0.41320935,-0.7403178
0.41322437,-0.7403178
0.4132394,-0.78654957
0.4132544,-0.78654957
0.41326943,-0.78654957
0.41328445,-0.78654957
0.41329947,-0.83278084
0.4133145,-0.83278084
0.4133295,-0.83278084
0.41334453,-0.83278084
0.41335955,-0.83278084
0.41337457,-0.8790121
0.4133896,-0.8790121
0.41340464,-0.8790121
0.41341966,-0.8790121
0.41343468,-0.8790121
0.4134497,-0.9252434
0.41346473,-0.9252434
0.41347975,-0.9252434
0.41349477,-0.9252434
0.4135098,-0.9714751
0.4135248,-0.9714751
0.41353983,-0.9714751
0.41355485,-0.9714751
0.41356987,-0.9714751
0.4135849,-1.0177064
0.4135999,-1.0177064
0.41361493,-1.0177064
0.41362995,-1.0177064
0.41364497,-1.0177064
0.41366,-1.0639377
0.413675,-1.0639377
0.41369003,-1.0639377
0.41370505,-1.0639377
0.41372007,-1.0639377
0.4137351,-1.1101689
0.4137501,-1.1101689
0.41376513,-1.1101689
0.41378015,-1.1101689
0.41379517,-1.1564007
0.4138102,-1.1564007
0.4138252,-1.1564007
0.41384023,-1.1564007
0.41385525,-1.1564007
0.41387028,-1.202632
0.4138853,-1.202632
0.41390032,-1.202632
0.41391534,-1.202632
0.41393036,-1.202632
0.41394538,-1.2488632
0.4139604,-1.2488632
0.41397542,-1.2488632
0.41399044,-1.2488632
0.41400546,-1.2488632
0.41402048,-1.2950945
0.4140355,-1.2950945
0.41405052,-1.2950945
0.41406554,-1.2950945
0.41408056,-1.3413262
0.41409558,-1.3413262
0.4141106,-1.3413262
0.41412562,-1.3413262
0.41414064,-1.3413262
0.41415566,-1.387557
0.41417068,-1.387557
0.4141857,-1.387557
0.41420072,-1.387557
0.41421574,-1.387557
0.41423076,-1.4337888
0.41424578,-1.4337888
0.4142608,-1.4337888
0.41427583,-1.4337888
0.41429088,-1.4337888
0.4143059,-1.48002
0.41432092,-1.48002
0.41433594,-1.48002
0.41435096,-1.48002
0.41436598,-1.48002
0.414381,-1.48002
0.41439602,-1.48002
0.41441104,-1.48002
0.41442606,-1.5262513
0.41444108,-1.5262513
0.4144561,-1.5262513
0.41447112,-1.5262513
0.41448614,-1.5262513
0.41450116,-1.5724826
0.41451618,-1.5724826
0.4145312,-1.5724826
0.41454622,-1.5724826
0.41456124,-1.5724826
0.41457626,-1.6187139
0.41459128,-1.6187139
0.4146063,-1.6187139
0.41462132,-1.6187139
0.41463634,-1.6187139
0.41465136,-1.6187139
0.41466638,-1.6187139
0.4146814,-1.6187139
0.41469643,-1.5724826
0.41471145,-1.5724826
0.41472647,-1.5724826
0.4147415,-1.5724826
0.4147565,-1.5724826
0.41477153,-1.5262513
0.41478655,-1.5262513
0.41480157,-1.5262513
0.4148166,-1.5262513
0.4148316,-1.48002
0.41484663,-1.48002
0.41486165,-1.48002
0.41487667,-1.48002
0.4148917,-1.48002
0.4149067,-1.48002
0.41492173,-1.48002
0.41493675,-1.4337888
0.41495177,-1.4337888
0.4149668,-1.4337888
0.4149818,-1.4337888
0.41499683,-1.4337888
0.41501185,-1.387557
0.41502687,-1.387557
0.4150419,-1.387557
0.4150569,-1.387557
0.41507193,-1.387557
0.41508695,-1.3413262
0.41510198,-1.3413262
0.415117,-1.3413262
0.41513202,-1.3413262
0.41514704,-1.2950945
0.4151621,-1.2950945
0.4151771,-1.2950945
0.41519213,-1.2950945
0.41520715,-1.2950945
0.41522217,-1.2488632
0.4152372,-1.2488632
0.4152522,-1.2488632
0.41526723,-1.2488632
0.41528225,-1.202632
0.41529727,-1.202632
0.4153123,-1.202632
0.4153273,-1.202632
0.41534233,-1.202632
0.41535735,-1.1564007
0.41537237,-1.1564007
0.4153874,-1.1564007
0.4154024,-1.1564007
0.41541743,-1.1564007
0.41543245,-1.1101689
0.41544747,-1.1101689
0.4154625,-1.1101689
0.4154775,-1.1101689
0.41549253,-1.0639377
0.41550756,-1.0639377
0.41552258,-1.0639377
0.4155376,-1.0639377
0.41555262,-1.0639377
0.41556764,-1.0177064
0.41558266,-1.0177064
0.41559768,-1.0177064
0.4156127,-1.0177064
0.41562772,-1.0177064
0.41564274,-0.9714751
0.41565776,-0.9714751
0.41567278,-0.9714751
0.4156878,-0.9714751
0.41570282,-0.9252434
0.41571784,-0.9252434
0.41573286,-0.9252434
0.41574788,-0.9252434
0.4157629,-0.9252434
0.41577792,-0.8790121
0.41579294,-0.8790121
0.41580796,-0.8790121
0.41582298,-0.8790121
0.415838,-0.8790121
0.41585302,-0.83278084
0.41586804,-0.83278084
0.41588306,-0.83278084
0.41589808,-0.83278084
0.4159131,-0.78654957
0.41592813,-0.78654957
0.41594315,-0.78654957
0.41595817,-0.78654957
0.4159732,-0.78654957
0.4159882,-0.7403178
0.41600323,-0.7403178
0.41601825,-0.7403178
0.41603327,-0.7403178
0.41604832,-0.7403178
0.41606334,-0.694087
0.41607836,-0.694087
0.41609338,-0.694087
0.4161084,-0.694087
0.41612342,-0.6478553
0.41613844,-0.6478553
0.41615346,-0.6478553
0.41616848,-0.6478553
0.4161835,-0.6478553
0.41619852,-0.601624
0.41621354,-0.601624
0.41622856,-0.601624
0.41624358,-0.601624
0.4162586,-0.601624
0.41627362,-0.55539227
0.41628864,-0.55539227
0.41630366,-0.55539227
0.41631868,-0.55539227
0.4163337,-0.5091615
0.41634873,-0.5091615
0.41636375,-0.5091615
0.41637877,-0.5091615
0.4163938,-0.5091615
0.4164088,-0.46292973
0.41642383,-0.46292973
0.41643885,-0.46292973
0.41645387,-0.46292973
0.4164689,-0.46292973
0.4164839,-0.41669846
0.41649893,-0.41669846
0.41651395,-0.41669846
0.41652897,-0.41669846
0.416544,-0.3704667
0.416559,-0.3704667
0.41657403,-0.3704667
0.41658905,-0.3704667
0.41660407,-0.3704667
0.4166191,-0.32423592
0.4166341,-0.32423592
0.41664913,-0.32423592
0.41666415,-0.32423592
0.41667917,-0.32423592
0.4166942,-0.27800417
0.4167092,-0.27800417
0.41672423,-0.27800417
0.41673926,-0.27800417
0.41675428,-0.2317729
0.4167693,-0.2317729
0.41678432,-0.2317729
0.41679934,-0.2317729
0.41681436,-0.2317729
0.41682938,-0.18554163
0.4168444,-0.18554163
0.41685942,-0.18554163
0.41687444,-0.18554163
0.41688946,-0.18554163
0.41690448,-0.13931036
0.4169195,-0.13931036
0.41693455,-0.13931036
0.41694957,-0.13931036
0.4169646,-0.09307861
0.4169796,-0.09307861
0.41699463,-0.09307861
0.41700965,-0.09307861
0.41702467,-0.09307861
0.4170397,-0.046847343
0.4170547,-0.046847343
0.41706973,-0.046847343
0.41708475,-0.046847343
0.41709977,-0.046847343
0.4171148,-6.160736E-4
0.4171298,-6.160736E-4
0.41714483,-6.160736E-4
0.41715986,-6.160736E-4
0.41717488,0.045615196
0.4171899,0.045615196
0.41720492,0.045615196
0.41721994,0.045615196
0.41723496,0.091846466
0.41724998,0.091846466
0.417265,0.091846466
0.41728002,0.091846466
0.41729504,0.091846466
0.41731006,0.13807821
0.41732508,0.13807821
0.4173401,0.13807821
0.41735512,0.13807821
0.41737014,0.13807821
0.41738516,0.184309
0.41740018,0.184309
0.4174152,0.184309
0.41743022,0.184309
0.41744524,0.184309
0.41746026,0.23054075
0.41747528,0.23054075
0.4174903,0.23054075
0.41750532,0.23054075
0.41752034,0.27677202
0.41753536,0.27677202
0.41755038,0.27677202
0.4175654,0.27677202
0.41758043,0.27677202
0.41759545,0.3230033
0.41761047,0.3230033
0.4176255,0.3230033
0.4176405,0.3230033
0.41765553,0.3230033
0.41767055,0.36923456
0.41768557,0.36923456
0.4177006,0.36923456
0.4177156,0.36923456
0.41773063,0.4154663
0.41774565,0.4154663
0.41776067,0.4154663
0.4177757,0.4154663
0.4177907,0.4154663
0.41780576,0.46169758
0.41782078,0.46169758
0.4178358,0.46169758
0.41785082,0.46169758
0.41786584,0.46169758
0.41788086,0.50792885
0.41789588,0.50792885
0.4179109,0.50792885
0.41792592,0.50792885
0.41794094,0.50792885
0.41795596,0.5541601
0.417971,0.5541601
0.417986,0.5541601
0.41800103,0.5541601
0.41801605,0.5541601
0.41803107,0.60039186
0.4180461,0.60039186
0.4180611,0.60039186
0.41807613,0.60039186
0.41809115,0.64662313
0.41810617,0.64662313
0.4181212,0.64662313
0.4181362,0.64662313
0.41815123,0.64662313
0.41816625,0.6928544
0.41818127,0.6928544
0.4181963,0.6928544
0.4182113,0.6928544
0.41822633,0.6928544
0.41824135,0.7390857
0.41825637,0.7390857
0.4182714,0.7390857
0.4182864,0.7390857
0.41830143,0.7390857
0.41831645,0.7853174
0.41833147,0.7853174
0.4183465,0.7853174
0.4183615,0.7853174
0.41837654,0.7853174
0.41839156,0.8315482
0.41840658,0.8315482
0.4184216,0.8315482
0.41843662,0.8315482
0.41845164,0.8315482
0.41846666,0.87777996
0.41848168,0.87777996
0.4184967,0.87777996
0.41851172,0.87777996
0.41852674,0.92401123
0.41854176,0.92401123
0.41855678,0.92401123
0.4185718,0.92401123
0.41858682,0.92401123
0.41860184,0.970243
0.41861686,0.970243
0.41863188,0.970243
0.4186469,0.970243
0.41866192,0.970243
0.41867694,1.0164738
0.418692,1.0164738
0.418707,1.0164738
0.41872203,1.0164738
0.41873705,1.0164738
0.41875207,1.0627055
0.4187671,1.0627055
0.41878211,1.0627055
0.41879714,1.0627055
0.41881216,1.1089368
0.41882718,1.1089368
0.4188422,1.1089368
0.41885722,1.1089368
0.41887224,1.1089368
0.41888726,1.1089368
0.41890228,1.1551685
0.4189173,1.1551685
0.41893232,1.1551685
0.41894734,1.1551685
0.41896236,1.2013993
0.41897738,1.2013993
0.4189924,1.2013993
0.41900742,1.2013993
0.41902244,1.2013993
0.41903746,1.2013993
0.41905248,1.2476311
0.4190675,1.2476311
0.41908252,1.2476311
0.41909754,1.2476311
0.41911256,1.2938623
0.41912758,1.2938623
0.4191426,1.2938623
0.41915762,1.2938623
0.41917264,1.2938623
0.41918766,1.3400936
0.4192027,1.3400936
0.4192177,1.3400936
0.41923273,1.3400936
0.41924775,1.3400936
0.41926277,1.3863249
0.4192778,1.3863249
0.4192928,1.3863249
0.41930783,1.3863249
0.41932285,1.3863249
0.41933787,1.3863249
0.4193529,1.4325566
0.4193679,1.4325566
0.41938293,1.4325566
0.41939795,1.4325566
0.41941297,1.4787879
0.419428,1.4787879
0.419443,1.4787879
0.41945803,1.4787879
0.41947305,1.4787879
0.41948807,1.4787879
0.4195031,1.4787879
0.4195181,1.4787879
0.41953313,1.5250192
0.41954815,1.5250192
0.4195632,1.5250192
0.41957822,1.5250192
0.41959324,1.5250192
0.41960827,1.5712504
0.4196233,1.5712504
0.4196383,1.5712504
0.41965333,1.5712504
0.41966835,1.5712504
0.41968337,1.6174817
0.4196984,1.6174817
0.4197134,1.6174817
0.41972843,1.6174817
0.41974345,1.6174817
0.41975847,1.6637135
0.4197735,1.6637135
0.4197885,1.6637135
0.41980353,1.6637135
0.41981855,1.6637135
0.41983357,1.7099442
0.4198486,1.7099442
0.4198636,1.7099442
0.41987863,1.7099442
0.41989365,1.7099442
0.41990867,1.7099442
0.4199237,1.756176
0.4199387,1.756176
0.41995373,1.756176
0.41996875,1.756176
0.41998377,1.756176
0.4199988,1.756176
0.42001382,1.756176
0.42002884,1.7099442
0.42004386,1.7099442
0.42005888,1.7099442
0.4200739,1.7099442
0.42008892,1.6637135
0.42010394,1.6637135
0.42011896,1.6637135
0.42013398,1.6637135
0.420149,1.6174817
0.42016402,1.6174817
0.42017904,1.6174817
0.42019406,1.6174817
0.42020908,1.5712504
0.4202241,1.5712504
0.42023912,1.5712504
0.42025414,1.5712504
0.42026916,1.5712504
0.42028418,1.5250192
0.4202992,1.5250192
0.42031422,1.5250192
0.42032924,1.5250192
0.42034426,1.4787879
0.42035928,1.4787879
0.4203743,1.4787879
0.42038932,1.4787879
0.42040434,1.4787879
0.42041937,1.4787879
0.4204344,1.4787879
0.42044944,1.4325566
0.42046446,1.4325566
0.42047948,1.4325566
0.4204945,1.4325566
0.42050952,1.3863249
0.42052454,1.3863249
0.42053956,1.3863249
0.42055458,1.3863249
0.4205696,1.3863249
0.42058462,1.3400936
0.42059964,1.3400936
0.42061466,1.3400936
0.42062968,1.3400936
0.4206447,1.2938623
0.42065972,1.2938623
0.42067474,1.2938623
0.42068976,1.2938623
0.42070478,1.2938623
0.4207198,1.2476311
0.42073482,1.2476311
0.42074984,1.2476311
0.42076486,1.2476311
0.42077988,1.2013993
0.4207949,1.2013993
0.42080992,1.2013993
0.42082494,1.2013993
0.42083997,1.1551685
0.420855,1.1551685
0.42087,1.1551685
0.42088503,1.1551685
0.42090005,1.1551685
0.42091507,1.1089368
0.4209301,1.1089368
0.4209451,1.1089368
0.42096013,1.1089368
0.42097515,1.0627055
0.42099017,1.0627055
0.4210052,1.0627055
0.4210202,1.0627055
0.42103523,1.0627055
0.42105025,1.0164738
0.42106527,1.0164738
0.4210803,1.0164738
0.4210953,1.0164738
0.42111033,0.970243
0.42112535,0.970243
0.42114037,0.970243
0.4211554,0.970243
0.4211704,0.92401123
0.42118543,0.92401123
0.42120045,0.92401123
0.42121547,0.92401123
0.4212305,0.92401123
0.42124552,0.87777996
0.42126054,0.87777996
0.42127556,0.87777996
0.42129058,0.87777996
0.4213056,0.8315482
0.42132062,0.8315482
0.42133567,0.8315482
0.4213507,0.8315482
0.4213657,0.8315482
0.42138073,0.7853174
0.42139575,0.7853174
0.42141077,0.7853174
0.4214258,0.7853174
0.4214408,0.7390857
0.42145583,0.7390857
0.42147085,0.7390857
0.42148587,0.7390857
0.4215009,0.7390857
0.4215159,0.6928544
0.42153093,0.6928544
0.42154595,0.6928544
0.42156097,0.6928544
0.421576,0.64662313
0.421591,0.64662313
0.42160603,0.64662313
0.42162105,0.64662313
0.42163607,0.60039186
0.4216511,0.60039186
0.42166612,0.60039186
0.42168114,0.60039186
0.42169616,0.60039186
0.42171118,0.5541601
0.4217262,0.5541601
0.42174122,0.5541601
0.42175624,0.5541601
0.42177126,0.50792885
0.42178628,0.50792885
0.4218013,0.50792885
0.42181632,0.50792885
0.42183134,0.46169758
0.42184636,0.46169758
0.42186138,0.46169758
0.4218764,0.46169758
0.42189142,0.46169758
0.42190644,0.4154663
0.42192146,0.4154663
0.42193648,0.4154663
0.4219515,0.4154663
0.42196652,0.4154663
0.42198154,0.36923456
0.42199656,0.36923456
0.42201158,0.36923456
0.4220266,0.36923456
0.42204162,0.3230033
0.42205665,0.3230033
0.42207167,0.3230033
0.4220867,0.3230033
0.4221017,0.27677202
0.42211673,0.27677202
0.42213175,0.27677202
0.42214677,0.27677202
0.4221618,0.27677202
0.4221768,0.23054075
0.42219183,0.23054075
0.42220688,0.23054075
0.4222219,0.23054075
0.42223692,0.184309
0.42225194,0.184309
0.42226696,0.184309
0.42228198,0.184309
0.422297,0.184309
0.42231202,0.13807821
0.42232704,0.13807821
0.42234206,0.13807821
0.42235708,0.13807821
0.4223721,0.091846466
0.42238712,0.091846466
0.42240214,0.091846466
0.42241716,0.091846466
0.42243218,0.045615196
0.4224472,0.045615196
0.42246222,0.045615196
0.42247725,0.045615196
0.42249227,0.045615196
0.4225073,-6.160736E-4
0.4225223,-6.160736E-4
0.42253733,-6.160736E-4
0.42255235,-6.160736E-4
0.42256737,-0.046847343
0.4225824,-0.046847343
0.4225974,-0.046847343
0.42261243,-0.046847343
0.42262745,-0.09307861
0.42264247,-0.09307861
0.4226575,-0.09307861
0.4226725,-0.09307861
0.42268753,-0.09307861
0.42270255,-0.13931036
0.42271757,-0.13931036
0.4227326,-0.13931036
0.4227476,-0.13931036
0.42276263,-0.18554163
0.42277765,-0.18554163
0.42279267,-0.18554163
0.4228077,-0.18554163
0.4228227,-0.18554163
0.42283773,-0.2317729
0.42285275,-0.2317729
0.42286777,-0.2317729
0.4228828,-0.2317729
0.42289782,-0.27800417
0.42291284,-0.27800417
0.42292786,-0.27800417
0.42294288,-0.27800417
0.4229579,-0.27800417
0.42297292,-0.32423592
0.42298794,-0.32423592
0.42300296,-0.32423592
0.42301798,-0.32423592
0.423033,-0.32423592
0.42304802,-0.3704667
0.42306304,-0.3704667
0.42307806,-0.3704667
0.4230931,-0.3704667
0.42310813,-0.41669846
0.42312315,-0.41669846
0.42313817,-0.41669846
0.4231532,-0.41669846
0.4231682,-0.41669846
0.42318323,-0.46292973
0.42319825,-0.46292973
0.42321327,-0.46292973
0.4232283,-0.46292973
0.4232433,-0.5091615
0.42325833,-0.5091615
0.42327335,-0.5091615
0.42328838,-0.5091615
0.4233034,-0.5091615
0.42331842,-0.55539227
0.42333344,-0.55539227
0.42334846,-0.55539227
0.42336348,-0.55539227
0.4233785,-0.55539227
0.42339352,-0.601624
0.42340854,-0.601624
0.42342356,-0.601624
0.42343858,-0.601624
0.4234536,-0.6478553
0.42346862,-0.6478553
0.42348364,-0.6478553
0.42349866,-0.6478553
0.42351368,-0.6478553
0.4235287,-0.694087
0.42354372,-0.694087
0.42355874,-0.694087
0.42357376,-0.694087
0.42358878,-0.7403178
0.4236038,-0.7403178
0.42361882,-0.7403178
0.42363384,-0.7403178
0.42364886,-0.7403178
0.42366388,-0.78654957
0.4236789,-0.78654957
0.42369393,-0.78654957
0.42370895,-0.78654957
0.42372397,-0.78654957
0.423739,-0.83278084
0.423754,-0.83278084
0.42376903,-0.83278084
0.42378405,-0.83278084
0.42379907,-0.83278084
0.4238141,-0.8790121
0.4238291,-0.8790121
0.42384413,-0.8790121
0.42385915,-0.8790121
0.42387417,-0.9252434
0.4238892,-0.9252434
0.4239042,-0.9252434
0.42391923,-0.9252434
0.42393425,-0.9252434
0.42394927,-0.9714751
0.4239643,-0.9714751
0.42397934,-0.9714751
0.42399436,-0.9714751
0.42400938,-0.9714751
0.4240244,-1.0177064
0.42403942,-1.0177064
0.42405444,-1.0177064
0.42406946,-1.0177064
0.42408448,-1.0177064
0.4240995,-1.0639377
0.42411453,-1.0639377
0.42412955,-1.0639377
0.42414457,-1.0639377
0.4241596,-1.1101689
0.4241746,-1.1101689
0.42418963,-1.1101689
0.42420465,-1.1101689
0.42421967,-1.1101689
0.4242347,-1.1564007
0.4242497,-1.1564007
0.42426473,-1.1564007
0.42427975,-1.1564007
0.42429477,-1.1564007
0.4243098,-1.202632
0.4243248,-1.202632
0.42433983,-1.202632
0.42435485,-1.202632
0.42436987,-1.2488632
0.4243849,-1.2488632
0.4243999,-1.2488632
0.42441493,-1.2488632
0.42442995,-1.2488632
0.42444497,-1.2950945
0.42446,-1.2950945
0.424475,-1.2950945
0.42449003,-1.2950945
0.42450505,-1.2950945
0.42452008,-1.3413262
0.4245351,-1.3413262
0.42455012,-1.3413262
0.42456514,-1.3413262
0.42458016,-1.3413262
0.42459518,-1.387557
0.4246102,-1.387557
0.42462522,-1.387557
0.42464024,-1.387557
0.42465526,-1.387557
0.42467028,-1.4337888
0.4246853,-1.4337888
0.42470032,-1.4337888
0.42471534,-1.4337888
0.42473036,-1.4337888
0.42474538,-1.48002
0.4247604,-1.48002
0.42477542,-1.48002
0.42479044,-1.48002
0.42480546,-1.48002
0.42482048,-1.48002
0.4248355,-1.48002
0.42485055,-1.5262513
0.42486557,-1.5262513
0.4248806,-1.5262513
0.4248956,-1.5262513
0.42491063,-1.5262513
0.42492566,-1.5724826
0.42494068,-1.5724826
0.4249557,-1.5724826
0.42497072,-1.5724826
0.42498574,-1.5724826
0.42500076,-1.6187139
0.42501578,-1.6187139
0.4250308,-1.6187139
0.42504582,-1.6187139
0.42506084,-1.6187139
0.42507586,-1.6187139
0.42509088,-1.6187139
0.4251059,-1.6187139
0.42512092,-1.5724826
0.42513594,-1.5724826
0.42515096,-1.5724826
0.42516598,-1.5724826
0.425181,-1.5724826
0.42519602,-1.5262513
0.42521104,-1.5262513
0.42522606,-1.5262513
0.42524108,-1.5262513
0.4252561,-1.5262513
0.42527112,-1.48002
0.42528614,-1.48002
0.42530116,-1.48002
0.42531618,-1.48002
0.4253312,-1.48002
0.42534623,-1.48002
0.42536125,-1.48002
0.42537627,-1.4337888
0.4253913,-1.4337888
0.4254063,-1.4337888
0.42542133,-1.4337888
0.42543635,-1.4337888
0.42545137,-1.387557
0.4254664,-1.387557
0.4254814,-1.387557
0.42549643,-1.387557
0.42551145,-1.3413262
0.42552647,-1.3413262
0.4255415,-1.3413262
0.4255565,-1.3413262
0.42557153,-1.3413262
0.42558655,-1.2950945
0.42560157,-1.2950945
0.4256166,-1.2950945
0.4256316,-1.2950945
0.42564663,-1.2950945
0.42566165,-1.2488632
0.42567667,-1.2488632
0.4256917,-1.2488632
0.4257067,-1.2488632
0.42572173,-1.202632
0.42573678,-1.202632
0.4257518,-1.202632
0.42576683,-1.202632
0.42578185,-1.202632
0.42579687,-1.1564007
0.4258119,-1.1564007
0.4258269,-1.1564007
0.42584193,-1.1564007
0.42585695,-1.1564007
0.42587197,-1.1101689
0.425887,-1.1101689
0.425902,-1.1101689
0.42591703,-1.1101689
0.42593205,-1.0639377
0.42594707,-1.0639377
0.4259621,-1.0639377
0.4259771,-1.0639377
0.42599213,-1.0639377
0.42600715,-1.0177064
0.42602217,-1.0177064
0.4260372,-1.0177064
0.4260522,-1.0177064
0.42606723,-0.9714751
0.42608225,-0.9714751
0.42609727,-0.9714751
0.4261123,-0.9714751
0.4261273,-0.9714751
0.42614233,-0.9252434
0.42615736,-0.9252434
0.42617238,-0.9252434
0.4261874,-0.9252434
0.42620242,-0.9252434
0.42621744,-0.8790121
0.42623246,-0.8790121
0.42624748,-0.8790121
0.4262625,-0.8790121
0.42627752,-0.83278084
0.42629254,-0.83278084
0.42630756,-0.83278084
0.42632258,-0.83278084
0.4263376,-0.83278084
0.42635262,-0.78654957
0.42636764,-0.78654957
0.42638266,-0.78654957
0.42639768,-0.78654957
0.4264127,-0.78654957
0.42642772,-0.7403178
0.42644274,-0.7403178
0.42645776,-0.7403178
0.42647278,-0.7403178
0.4264878,-0.694087
0.42650282,-0.694087
0.42651784,-0.694087
0.42653286,-0.694087
0.42654788,-0.694087
0.4265629,-0.6478553
0.42657793,-0.6478553
0.42659295,-0.6478553
0.426608,-0.6478553
0.42662302,-0.6478553
0.42663804,-0.601624
0.42665306,-0.601624
0.42666808,-0.601624
0.4266831,-0.601624
0.42669812,-0.55539227
0.42671314,-0.55539227
0.42672816,-0.55539227
0.42674318,-0.55539227
0.4267582,-0.55539227
0.42677322,-0.5091615
0.42678824,-0.5091615
0.42680326,-0.5091615
0.42681828,-0.5091615
0.4268333,-0.5091615
0.42684832,-0.46292973
0.42686334,-0.46292973
0.42687836,-0.46292973
0.42689338,-0.46292973
0.4269084,-0.41669846
0.42692342,-0.41669846
0.42693844,-0.41669846
0.42695346,-0.41669846
0.4269685,-0.41669846
0.4269835,-0.3704667
0.42699853,-0.3704667
0.42701355,-0.3704667
0.42702857,-0.3704667
0.4270436,-0.3704667
0.4270586,-0.32423592
0.42707363,-0.32423592
0.42708865,-0.32423592
0.42710367,-0.32423592
0.4271187,-0.27800417
0.4271337,-0.27800417
0.42714873,-0.27800417
0.42716375,-0.27800417
0.42717877,-0.27800417
0.4271938,-0.2317729
0.4272088,-0.2317729
0.42722383,-0.2317729
0.42723885,-0.2317729
0.42725387,-0.2317729
0.4272689,-0.18554163
0.4272839,-0.18554163
0.42729893,-0.18554163
0.42731395,-0.18554163
0.42732897,-0.13931036
0.427344,-0.13931036
0.427359,-0.13931036
0.42737404,-0.13931036
0.42738906,-0.13931036
0.42740408,-0.09307861
0.4274191,-0.09307861
0.42743412,-0.09307861
0.42744914,-0.09307861
0.42746416,-0.09307861
0.42747918,-0.046847343
0.42749423,-0.046847343
0.42750925,-0.046847343
0.42752427,-0.046847343
0.4275393,-6.160736E-4
0.4275543,-6.160736E-4
0.42756933,-6.160736E-4
0.42758435,-6.160736E-4
0.42759937,-6.160736E-4
0.4276144,0.045615196
0.4276294,0.045615196
0.42764443,0.045615196
0.42765945,0.045615196
0.42767447,0.091846466
0.4276895,0.091846466
0.4277045,0.091846466
0.42771953,0.091846466
0.42773455,0.091846466
0.42774957,0.13807821
0.4277646,0.13807821
0.42777961,0.13807821
0.42779464,0.13807821
0.42780966,0.184309
0.42782468,0.184309
0.4278397,0.184309
0.42785472,0.184309
0.42786974,0.184309
0.42788476,0.23054075
0.42789978,0.23054075
0.4279148,0.23054075
0.42792982,0.23054075
0.42794484,0.23054075
0.42795986,0.27677202
0.42797488,0.27677202
0.4279899,0.27677202
0.42800492,0.27677202
0.42801994,0.27677202
0.42803496,0.3230033
0.42804998,0.3230033
0.428065,0.3230033
0.42808002,0.3230033
0.42809504,0.36923456
0.42811006,0.36923456
0.42812508,0.36923456
0.4281401,0.36923456
0.42815512,0.36923456
0.42817014,0.4154663
0.42818516,0.4154663
0.4282002,0.4154663
0.4282152,0.4154663
0.42823023,0.4154663
0.42824525,0.46169758
0.42826027,0.46169758
0.4282753,0.46169758
0.4282903,0.46169758
0.42830533,0.46169758
0.42832035,0.50792885
0.42833537,0.50792885
0.4283504,0.50792885
0.4283654,0.50792885
0.42838046,0.5541601
0.42839548,0.5541601
0.4284105,0.5541601
0.42842552,0.5541601
0.42844054,0.5541601
0.42845556,0.60039186
0.42847058,0.60039186
0.4284856,0.60039186
0.42850062,0.60039186
0.42851564,0.60039186
0.42853066,0.64662313
0.42854568,0.64662313
0.4285607,0.64662313
0.42857572,0.64662313
0.42859074,0.64662313
0.42860577,0.6928544
0.4286208,0.6928544
0.4286358,0.6928544
0.42865083,0.6928544
0.42866585,0.7390857
0.42868087,0.7390857
0.4286959,0.7390857
0.4287109,0.7390857
0.42872593,0.7390857
0.42874095,0.7853174
0.42875597,0.7853174
0.428771,0.7853174
0.428786,0.7853174
0.42880103,0.7853174
0.42881605,0.8315482
0.42883107,0.8315482
0.4288461,0.8315482
0.4288611,0.8315482
0.42887613,0.8315482
0.42889115,0.87777996
0.42890617,0.87777996
0.4289212,0.87777996
0.4289362,0.87777996
0.42895123,0.87777996
0.42896625,0.92401123
0.42898127,0.92401123
0.4289963,0.92401123
0.42901132,0.92401123
0.42902634,0.92401123
0.42904136,0.970243
0.42905638,0.970243
0.4290714,0.970243
0.42908642,0.970243
0.42910144,0.970243
0.42911646,1.0164738
0.42913148,1.0164738
0.4291465,1.0164738
0.42916152,1.0164738
0.42917654,1.0627055
0.42919156,1.0627055
0.42920658,1.0627055
0.4292216,1.0627055
0.42923662,1.0627055
0.42925167,1.1089368
0.4292667,1.1089368
0.4292817,1.1089368
0.42929673,1.1089368
0.42931175,1.1089368
0.42932677,1.1551685
0.4293418,1.1551685
0.4293568,1.1551685
0.42937183,1.1551685
0.42938685,1.1551685
0.42940187,1.2013993
0.4294169,1.2013993
0.42943192,1.2013993
0.42944694,1.2013993
0.42946196,1.2013993
0.42947698,1.2476311
0.429492,1.2476311
0.42950702,1.2476311
0.42952204,1.2476311
0.42953706,1.2476311
0.42955208,1.2938623
0.4295671,1.2938623
0.42958212,1.2938623
0.42959714,1.2938623
0.42961216,1.2938623
0.42962718,1.3400936
0.4296422,1.3400936
0.42965722,1.3400936
0.42967224,1.3400936
0.42968726,1.3400936
0.42970228,1.3863249
0.4297173,1.3863249
0.42973232,1.3863249
0.42974734,1.3863249
0.42976236,1.3863249
0.42977738,1.4325566
0.4297924,1.4325566
0.42980742,1.4325566
0.42982244,1.4325566
0.42983747,1.4325566
0.4298525,1.4787879
0.4298675,1.4787879
0.42988253,1.4787879
0.42989755,1.4787879
0.42991257,1.4787879
0.4299276,1.4787879
0.4299426,1.4787879
0.42995763,1.4787879
0.42997265,1.5250192
0.42998767,1.5250192
0.4300027,1.5250192
0.4300177,1.5250192
0.43003273,1.5250192
0.43004775,1.5712504
0.43006277,1.5712504
0.4300778,1.5712504
0.4300928,1.5712504
0.43010783,1.5712504
0.43012285,1.6174817
0.4301379,1.6174817
0.43015292,1.6174817
0.43016794,1.6174817
0.43018296,1.6174817
0.43019798,1.6637135
0.430213,1.6637135
0.43022802,1.6637135
0.43024305,1.6637135
0.43025807,1.6637135
0.4302731,1.7099442
0.4302881,1.7099442
0.43030313,1.7099442
0.43031815,1.7099442
0.43033317,1.7099442
0.4303482,1.756176
0.4303632,1.756176
0.43037823,1.756176
0.43039325,1.756176
0.43040827,1.756176
0.4304233,1.756176
0.4304383,1.756176
0.43045333,1.7099442
0.43046835,1.7099442
0.43048337,1.7099442
0.4304984,1.7099442
0.4305134,1.6637135
0.43052843,1.6637135
0.43054345,1.6637135
0.43055847,1.6637135
0.4305735,1.6637135
0.4305885,1.6174817
0.43060353,1.6174817
0.43061855,1.6174817
0.43063357,1.6174817
0.4306486,1.5712504
0.43066362,1.5712504
0.43067864,1.5712504
0.43069366,1.5712504
0.43070868,1.5250192
0.4307237,1.5250192
0.43073872,1.5250192
0.43075374,1.5250192
0.43076876,1.5250192
0.43078378,1.4787879
0.4307988,1.4787879
0.43081382,1.4787879
0.43082884,1.4787879
0.43084386,1.4787879
0.43085888,1.4787879
0.4308739,1.4325566
0.43088892,1.4325566
0.43090394,1.4325566
0.43091896,1.4325566
0.43093398,1.4325566
0.430949,1.3863249
0.43096402,1.3863249
0.43097904,1.3863249
0.43099406,1.3863249
0.4310091,1.3400936
0.43102413,1.3400936
0.43103915,1.3400936
0.43105417,1.3400936
0.4310692,1.3400936
0.43108422,1.2938623
0.43109924,1.2938623
0.43111426,1.2938623
0.43112928,1.2938623
0.4311443,1.2476311
0.43115932,1.2476311
0.43117434,1.2476311
0.43118936,1.2476311
0.43120438,1.2476311
0.4312194,1.2013993
0.43123442,1.2013993
0.43124944,1.2013993
0.43126446,1.2013993
0.43127948,1.1551685
0.4312945,1.1551685
0.43130952,1.1551685
0.43132454,1.1551685
0.43133956,1.1551685
0.43135458,1.1089368
0.4313696,1.1089368
0.43138462,1.1089368
0.43139964,1.1089368
0.43141466,1.0627055
0.43142968,1.0627055
0.4314447,1.0627055
0.43145972,1.0627055
0.43147475,1.0164738
0.43148977,1.0164738
0.4315048,1.0164738
0.4315198,1.0164738
0.43153483,1.0164738
0.43154985,0.970243
0.43156487,0.970243
0.4315799,0.970243
0.4315949,0.970243
0.43160993,0.92401123
0.43162495,0.92401123
0.43163997,0.92401123
0.431655,0.92401123
0.43167,0.87777996
0.43168503,0.87777996
0.43170005,0.87777996
0.43171507,0.87777996
0.4317301,0.87777996
0.4317451,0.8315482
0.43176013,0.8315482
0.43177515,0.8315482
0.43179017,0.8315482
0.4318052,0.7853174
0.4318202,0.7853174
0.43183523,0.7853174
0.43185025,0.7853174
0.43186527,0.7390857
0.4318803,0.7390857
0.43189535,0.7390857
0.43191037,0.7390857
0.4319254,0.7390857
0.4319404,0.6928544
0.43195543,0.6928544
0.43197045,0.6928544
0.43198547,0.6928544
0.4320005,0.6928544
0.4320155,0.64662313
0.43203053,0.64662313
0.43204555,0.64662313
0.43206057,0.64662313
0.4320756,0.60039186
0.4320906,0.60039186
0.43210563,0.60039186
0.43212065,0.60039186
0.43213567,0.5541601
0.4321507,0.5541601
0.4321657,0.5541601
0.43218073,0.5541601
0.43219575,0.5541601
0.43221077,0.50792885
0.4322258,0.50792885
0.4322408,0.50792885
0.43225583,0.50792885
0.43227085,0.46169758
0.43228588,0.46169758
0.4323009,0.46169758
0.43231592,0.46169758
0.43233094,0.46169758
0.43234596,0.4154663
0.43236098,0.4154663
0.432376,0.4154663
0.43239102,0.4154663
0.43240604,0.36923456
0.43242106,0.36923456
0.43243608,0.36923456
0.4324511,0.36923456
0.43246612,0.3230033
0.43248114,0.3230033
0.43249616,0.3230033
0.43251118,0.3230033
0.4325262,0.3230033
0.43254122,0.27677202
0.43255624,0.27677202
0.43257126,0.27677202
0.43258628,0.27677202
0.4326013,0.23054075
0.43261632,0.23054075
0.43263134,0.23054075
0.43264636,0.23054075
0.43266138,0.23054075
0.4326764,0.184309
0.43269143,0.184309
0.43270645,0.184309
0.43272147,0.184309
0.4327365,0.13807821
0.4327515,0.13807821
0.43276653,0.13807821
0.43278158,0.13807821
0.4327966,0.13807821
0.43281162,0.091846466
0.43282664,0.091846466
0.43284166,0.091846466
0.43285668,0.091846466
0.4328717,0.045615196
0.43288672,0.045615196
0.43290174,0.045615196
0.43291676,0.045615196
0.43293178,0.045615196
0.4329468,-6.160736E-4
0.43296182,-6.160736E-4
0.43297684,-6.160736E-4
0.43299186,-6.160736E-4
0.43300688,-0.046847343
0.4330219,-0.046847343
0.43303692,-0.046847343
0.43305194,-0.046847343
0.43306696,-0.09307861
0.43308198,-0.09307861
0.433097,-0.09307861
0.43311203,-0.09307861
0.43312705,-0.09307861
0.43314207,-0.13931036
0.4331571,-0.13931036
0.4331721,-0.13931036
0.43318713,-0.13931036
0.43320215,-0.18554163
0.43321717,-0.18554163
0.4332322,-0.18554163
0.4332472,-0.18554163
0.43326223,-0.18554163
0.43327725,-0.2317729
0.43329227,-0.2317729
0.4333073,-0.2317729
0.4333223,-0.2317729
0.43333733,-0.27800417
0.43335235,-0.27800417
0.43336737,-0.27800417
0.4333824,-0.27800417
0.4333974,-0.27800417
0.43341243,-0.32423592
0.43342745,-0.32423592
0.43344247,-0.32423592
0.4334575,-0.32423592
0.4334725,-0.3704667
0.43348753,-0.3704667
0.43350255,-0.3704667
0.43351758,-0.3704667
0.4335326,-0.3704667
0.43354762,-0.41669846
0.43356264,-0.41669846
0.43357766,-0.41669846
0.43359268,-0.41669846
0.4336077,-0.46292973
0.43362272,-0.46292973
0.43363774,-0.46292973
0.4336528,-0.46292973
0.4336678,-0.46292973
0.43368283,-0.5091615
0.43369785,-0.5091615
0.43371287,-0.5091615
0.4337279,-0.5091615
0.4337429,-0.55539227
0.43375793,-0.55539227
0.43377295,-0.55539227
0.43378797,-0.55539227
0.433803,-0.55539227
0.433818,-0.601624
0.43383303,-0.601624
0.43384805,-0.601624
0.43386307,-0.601624
0.4338781,-0.601624
0.4338931,-0.6478553
0.43390813,-0.6478553
0.43392316,-0.6478553
0.43393818,-0.6478553
0.4339532,-0.6478553
0.43396822,-0.694087
0.43398324,-0.694087
0.43399826,-0.694087
0.43401328,-0.694087
0.4340283,-0.7403178
0.43404332,-0.7403178
0.43405834,-0.7403178
0.43407336,-0.7403178
0.43408838,-0.7403178
0.4341034,-0.78654957
0.43411842,-0.78654957
0.43413344,-0.78654957
0.43414846,-0.78654957
0.43416348,-0.83278084
0.4341785,-0.83278084
0.43419352,-0.83278084
0.43420854,-0.83278084
0.43422356,-0.83278084
0.43423858,-0.8790121
0.4342536,-0.8790121
0.43426862,-0.8790121
0.43428364,-0.8790121
0.43429866,-0.8790121
0.43431368,-0.9252434
0.4343287,-0.9252434
0.43434373,-0.9252434
0.43435875,-0.9252434
0.43437377,-0.9252434
0.4343888,-0.9714751
0.4344038,-0.9714751
0.43441883,-0.9714751
0.43443385,-0.9714751
0.43444887,-1.0177064
0.4344639,-1.0177064
0.4344789,-1.0177064
0.43449393,-1.0177064
0.43450895,-1.0177064
0.43452397,-1.0639377
0.43453902,-1.0639377
0.43455404,-1.0639377
0.43456906,-1.0639377
0.43458408,-1.0639377
0.4345991,-1.1101689
0.43461412,-1.1101689
0.43462914,-1.1101689
0.43464416,-1.1101689
0.43465918,-1.1101689
0.4346742,-1.1564007
0.43468922,-1.1564007
0.43470424,-1.1564007
0.43471926,-1.1564007
0.43473428,-1.202632
0.4347493,-1.202632
0.43476433,-1.202632
0.43477935,-1.202632
0.43479437,-1.202632
0.4348094,-1.2488632
0.4348244,-1.2488632
0.43483943,-1.2488632
0.43485445,-1.2488632
0.43486947,-1.2488632
0.4348845,-1.2950945
0.4348995,-1.2950945
0.43491453,-1.2950945
0.43492955,-1.2950945
0.43494457,-1.2950945
0.4349596,-1.3413262
0.4349746,-1.3413262
0.43498963,-1.3413262
0.43500465,-1.3413262
0.43501967,-1.387557
0.4350347,-1.387557
0.4350497,-1.387557
0.43506473,-1.387557
0.43507975,-1.387557
0.43509477,-1.387557
0.4351098,-1.4337888
0.4351248,-1.4337888
0.43513983,-1.4337888
0.43515486,-1.4337888
0.43516988,-1.48002
0.4351849,-1.48002
0.43519992,-1.48002
0.43521494,-1.48002
0.43522996,-1.48002
0.43524498,-1.48002
0.43526,-1.48002
0.43527502,-1.48002
0.43529004,-1.5262513
0.43530506,-1.5262513
0.43532008,-1.5262513
0.4353351,-1.5262513
0.43535012,-1.5262513
0.43536514,-1.5724826
0.43538016,-1.5724826
0.43539518,-1.5724826
0.4354102,-1.5724826
0.43542525,-1.5724826
0.43544027,-1.6187139
0.4354553,-1.6187139
0.4354703,-1.6187139
0.43548533,-1.6187139
0.43550035,-1.6187139
0.43551537,-1.6187139
0.4355304,-1.6187139
0.4355454,-1.6187139
0.43556044,-1.6187139
0.43557546,-1.5724826
0.43559048,-1.5724826
0.4356055,-1.5724826
0.43562052,-1.5724826
0.43563554,-1.5262513
0.43565056,-1.5262513
0.43566558,-1.5262513
0.4356806,-1.5262513
0.43569562,-1.48002
0.43571064,-1.48002
0.43572566,-1.48002
0.43574068,-1.48002
0.4357557,-1.48002
0.43577072,-1.48002
0.43578574,-1.48002
0.43580076,-1.48002
0.43581578,-1.4337888
0.4358308,-1.4337888
0.43584582,-1.4337888
0.43586084,-1.4337888
0.43587586,-1.387557
0.43589088,-1.387557
0.4359059,-1.387557
0.43592092,-1.387557
0.43593594,-1.387557
0.43595096,-1.3413262
0.43596599,-1.3413262
0.435981,-1.3413262
0.43599603,-1.3413262
0.43601105,-1.2950945
0.43602607,-1.2950945
0.4360411,-1.2950945
0.4360561,-1.2950945
0.43607113,-1.2950945
0.43608615,-1.2488632
0.43610117,-1.2488632
0.4361162,-1.2488632
0.4361312,-1.2488632
0.43614623,-1.2488632
0.43616125,-1.202632
0.43617627,-1.202632
0.4361913,-1.202632
0.4362063,-1.202632
0.43622133,-1.202632
0.43623635,-1.1564007
0.43625137,-1.1564007
0.4362664,-1.1564007
0.4362814,-1.1564007
0.43629646,-1.1101689
0.43631148,-1.1101689
0.4363265,-1.1101689
0.43634152,-1.1101689
0.43635654,-1.1101689
0.43637156,-1.0639377
0.4363866,-1.0639377
0.4364016,-1.0639377
0.43641663,-1.0639377
0.43643165,-1.0177064
0.43644667,-1.0177064
0.4364617,-1.0177064
0.4364767,-1.0177064
0.43649173,-1.0177064
0.43650675,-0.9714751
0.43652177,-0.9714751
0.4365368,-0.9714751
0.4365518,-0.9714751
0.43656683,-0.9714751
0.43658185,-0.9252434
0.43659687,-0.9252434
0.4366119,-0.9252434
0.4366269,-0.9252434
0.43664193,-0.8790121
0.43665695,-0.8790121
0.43667197,-0.8790121
0.436687,-0.8790121
0.436702,-0.8790121
0.43671703,-0.83278084
0.43673205,-0.83278084
0.43674707,-0.83278084
0.4367621,-0.83278084
0.4367771,-0.83278084
0.43679214,-0.78654957
0.43680716,-0.78654957
0.43682218,-0.78654957
0.4368372,-0.78654957
0.43685222,-0.7403178
0.43686724,-0.7403178
0.43688226,-0.7403178
0.43689728,-0.7403178
0.4369123,-0.7403178
0.43692732,-0.694087
0.43694234,-0.694087
0.43695736,-0.694087
0.43697238,-0.694087
0.4369874,-0.694087
0.43700242,-0.6478553
0.43701744,-0.6478553
0.43703246,-0.6478553
0.43704748,-0.6478553
0.4370625,-0.601624
0.43707752,-0.601624
0.43709254,-0.601624
0.43710756,-0.601624
0.43712258,-0.601624
0.4371376,-0.55539227
0.43715262,-0.55539227
0.43716764,-0.55539227
0.4371827,-0.55539227
0.43719772,-0.55539227
0.43721274,-0.5091615
0.43722776,-0.5091615
0.43724278,-0.5091615
0.4372578,-0.5091615
0.43727282,-0.46292973
0.43728784,-0.46292973
0.43730286,-0.46292973
0.43731788,-0.46292973
0.4373329,-0.46292973
0.43734792,-0.41669846
0.43736294,-0.41669846
0.43737796,-0.41669846
0.43739298,-0.41669846
0.437408,-0.41669846
0.43742302,-0.3704667
0.43743804,-0.3704667
0.43745306,-0.3704667
0.43746808,-0.3704667
0.4374831,-0.32423592
0.43749812,-0.32423592
0.43751314,-0.32423592
0.43752816,-0.32423592
0.43754318,-0.32423592
0.4375582,-0.27800417
0.43757322,-0.27800417
0.43758824,-0.27800417
0.43760327,-0.27800417
0.4376183,-0.27800417
0.4376333,-0.2317729
0.43764833,-0.2317729
0.43766335,-0.2317729
0.43767837,-0.2317729
0.4376934,-0.18554163
0.4377084,-0.18554163
0.43772343,-0.18554163
0.43773845,-0.18554163
0.43775347,-0.18554163
0.4377685,-0.13931036
0.4377835,-0.13931036
0.43779853,-0.13931036
0.43781355,-0.13931036
0.43782857,-0.09307861
0.4378436,-0.09307861
0.4378586,-0.09307861
0.43787363,-0.09307861
0.43788865,-0.09307861
0.43790367,-0.046847343
0.4379187,-0.046847343
0.4379337,-0.046847343
0.43794873,-0.046847343
0.43796375,-0.046847343
0.43797877,-6.160736E-4
0.4379938,-6.160736E-4
0.43800882,-6.160736E-4
0.43802384,-6.160736E-4
0.43803886,-6.160736E-4
0.4380539,0.045615196
0.43806893,0.045615196
0.43808395,0.045615196
0.43809897,0.045615196
0.438114,0.091846466
0.438129,0.091846466
0.43814403,0.091846466
0.43815905,0.091846466
0.43817407,0.091846466
0.4381891,0.13807821
0.4382041,0.13807821
0.43821913,0.13807821
0.43823415,0.13807821
0.43824917,0.184309
0.4382642,0.184309
0.4382792,0.184309
0.43829423,0.184309
0.43830925,0.184309
0.43832427,0.23054075
0.4383393,0.23054075
0.4383543,0.23054075
0.43836933,0.23054075
0.43838435,0.23054075
0.43839937,0.27677202
0.4384144,0.27677202
0.43842942,0.27677202
0.43844444,0.27677202
0.43845946,0.3230033
0.43847448,0.3230033
0.4384895,0.3230033
0.43850452,0.3230033
0.43851954,0.3230033
0.43853456,0.36923456
0.43854958,0.36923456
0.4385646,0.36923456
0.43857962,0.36923456
0.43859464,0.36923456
0.43860966,0.4154663
0.43862468,0.4154663
0.4386397,0.4154663
0.43865472,0.4154663
0.43866974,0.4154663
0.43868476,0.46169758
0.43869978,0.46169758
0.4387148,0.46169758
0.43872982,0.46169758
0.43874484,0.50792885
0.43875986,0.50792885
0.43877488,0.50792885
0.4387899,0.50792885
0.43880492,0.50792885
0.43881994,0.5541601
0.43883497,0.5541601
0.43885,0.5541601
0.438865,0.5541601
0.43888003,0.5541601
0.43889505,0.60039186
0.43891007,0.60039186
0.4389251,0.60039186
0.43894014,0.60039186
0.43895516,0.60039186
0.43897018,0.64662313
0.4389852,0.64662313
0.43900022,0.64662313
0.43901524,0.64662313
0.43903026,0.6928544
0.43904528,0.6928544
0.4390603,0.6928544
0.43907532,0.6928544
0.43909034,0.6928544
0.43910536,0.7390857
0.43912038,0.7390857
0.4391354,0.7390857
0.43915042,0.7390857
0.43916544,0.7390857
0.43918046,0.7853174
0.43919548,0.7853174
0.4392105,0.7853174
0.43922552,0.7853174
0.43924055,0.7853174
0.43925557,0.8315482
0.4392706,0.8315482
0.4392856,0.8315482
0.43930063,0.8315482
0.43931565,0.8315482
0.43933067,0.87777996
0.4393457,0.87777996
0.4393607,0.87777996
0.43937573,0.87777996
0.43939075,0.87777996
0.43940577,0.92401123
0.4394208,0.92401123
0.4394358,0.92401123
0.43945083,0.92401123
0.43946585,0.970243
0.43948087,0.970243
0.4394959,0.970243
0.4395109,0.970243
0.43952593,0.970243
0.43954095,1.0164738
0.43955597,1.0164738
0.439571,1.0164738
0.439586,1.0164738
0.43960103,1.0164738
0.43961605,1.0627055
0.43963107,1.0627055
0.4396461,1.0627055
0.43966112,1.0627055
0.43967614,1.0627055
0.43969116,1.1089368
0.43970618,1.1089368
0.4397212,1.1089368
0.43973622,1.1089368
0.43975124,1.1089368
0.43976626,1.1551685
0.43978128,1.1551685
0.4397963,1.1551685
0.43981132,1.1551685
0.43982637,1.1551685
0.4398414,1.2013993
0.4398564,1.2013993
0.43987143,1.2013993
0.43988645,1.2013993
0.43990147,1.2013993
0.4399165,1.2476311
0.4399315,1.2476311
0.43994653,1.2476311
0.43996155,1.2476311
0.43997657,1.2476311
0.4399916,1.2938623
0.4400066,1.2938623
0.44002163,1.2938623
0.44003665,1.2938623
0.44005167,1.2938623
0.4400667,1.3400936
0.44008172,1.3400936
0.44009674,1.3400936
0.44011176,1.3400936
0.44012678,1.3400936
0.4401418,1.3863249
0.44015682,1.3863249
0.44017184,1.3863249
0.44018686,1.3863249
0.44020188,1.3863249
0.4402169,1.4325566
0.44023192,1.4325566
0.44024694,1.4325566
0.44026196,1.4325566
0.44027698,1.4325566
0.440292,1.4787879
0.44030702,1.4787879
0.44032204,1.4787879
0.44033706,1.4787879
0.44035208,1.4787879
0.4403671,1.4787879
0.44038212,1.4787879
0.44039714,1.5250192
0.44041216,1.5250192
0.44042718,1.5250192
0.4404422,1.5250192
0.44045722,1.5250192
0.44047225,1.5250192
0.44048727,1.5712504
0.4405023,1.5712504
0.4405173,1.5712504
0.44053233,1.5712504
0.44054735,1.6174817
0.44056237,1.6174817
0.4405774,1.6174817
0.4405924,1.6174817
0.44060743,1.6174817
0.44062245,1.6174817
0.44063747,1.6637135
0.4406525,1.6637135
0.4406675,1.6637135
0.44068253,1.6637135
0.44069758,1.6637135
0.4407126,1.7099442
0.44072762,1.7099442
0.44074264,1.7099442
0.44075766,1.7099442
0.44077268,1.7099442
0.4407877,1.756176
0.44080272,1.756176
0.44081774,1.756176
0.44083276,1.756176
0.44084778,1.756176
0.4408628,1.756176
0.44087783,1.756176
0.44089285,1.7099442
0.44090787,1.7099442
0.4409229,1.7099442
0.4409379,1.7099442
0.44095293,1.6637135
0.44096795,1.6637135
0.44098297,1.6637135
0.440998,1.6637135
0.441013,1.6637135
0.44102803,1.6174817
0.44104305,1.6174817
0.44105807,1.6174817
0.4410731,1.6174817
0.4410881,1.5712504
0.44110313,1.5712504
0.44111815,1.5712504
0.44113317,1.5712504
0.4411482,1.5250192
0.4411632,1.5250192
0.44117823,1.5250192
0.44119325,1.5250192
0.44120827,1.5250192
0.4412233,1.4787879
0.4412383,1.4787879
0.44125333,1.4787879
0.44126835,1.4787879
0.44128338,1.4787879
0.4412984,1.4787879
0.44131342,1.4325566
0.44132844,1.4325566
0.44134346,1.4325566
0.44135848,1.4325566
0.4413735,1.4325566
0.44138852,1.3863249
0.44140354,1.3863249
0.44141856,1.3863249
0.44143358,1.3863249
0.4414486,1.3400936
0.44146362,1.3400936
0.44147864,1.3400936
0.44149366,1.3400936
0.44150868,1.2938623
0.4415237,1.2938623
0.44153872,1.2938623
0.44155374,1.2938623
0.44156876,1.2938623
0.4415838,1.2476311
0.44159883,1.2476311
0.44161385,1.2476311
0.44162887,1.2476311
0.4416439,1.2013993
0.4416589,1.2013993
0.44167393,1.2013993
0.44168895,1.2013993
0.44170398,1.2013993
0.441719,1.1551685
0.44173402,1.1551685
0.44174904,1.1551685
0.44176406,1.1551685
0.44177908,1.1089368
0.4417941,1.1089368
0.44180912,1.1089368
0.44182414,1.1089368
0.44183916,1.0627055
0.44185418,1.0627055
0.4418692,1.0627055
0.44188422,1.0627055
0.44189924,1.0627055
0.44191426,1.0164738
0.44192928,1.0164738
0.4419443,1.0164738
0.44195932,1.0164738
0.44197434,0.970243
0.44198936,0.970243
0.44200438,0.970243
0.4420194,0.970243
0.44203442,0.92401123
0.44204944,0.92401123
0.44206446,0.92401123
0.44207948,0.92401123
0.4420945,0.92401123
0.44210953,0.87777996
0.44212455,0.87777996
0.44213957,0.87777996
0.4421546,0.87777996
0.4421696,0.8315482
0.44218463,0.8315482
0.44219965,0.8315482
0.44221467,0.8315482
0.4422297,0.8315482
0.4422447,0.7853174
0.44225973,0.7853174
0.44227475,0.7853174
0.44228977,0.7853174
0.4423048,0.7390857
0.4423198,0.7390857
0.44233483,0.7390857
0.44234985,0.7390857
0.44236487,0.7390857
0.4423799,0.6928544
0.4423949,0.6928544
0.44240993,0.6928544
0.44242495,0.6928544
0.44243997,0.64662313
0.442455,0.64662313
0.44247004,0.64662313
0.44248506,0.64662313
0.44250008,0.64662313
0.4425151,0.60039186
0.44253013,0.60039186
0.44254515,0.60039186
0.44256017,0.60039186
0.4425752,0.5541601
0.4425902,0.5541601
0.44260523,0.5541601
0.44262025,0.5541601
0.44263527,0.50792885
0.4426503,0.50792885
0.4426653,0.50792885
0.44268033,0.50792885
0.44269535,0.50792885
0.44271037,0.46169758
0.4427254,0.46169758
0.4427404,0.46169758
0.44275543,0.46169758
0.44277045,0.4154663
0.44278547,0.4154663
0.4428005,0.4154663
0.4428155,0.4154663
0.44283053,0.4154663
0.44284555,0.36923456
0.44286057,0.36923456
0.4428756,0.36923456
0.4428906,0.36923456
0.44290563,0.3230033
0.44292066,0.3230033
0.44293568,0.3230033
0.4429507,0.3230033
0.44296572,0.27677202
0.44298074,0.27677202
0.44299576,0.27677202
0.44301078,0.27677202
0.4430258,0.27677202
0.44304082,0.23054075
0.44305584,0.23054075
0.44307086,0.23054075
0.44308588,0.23054075
0.4431009,0.184309
0.44311592,0.184309
0.44313094,0.184309
0.44314596,0.184309
0.44316098,0.184309
0.443176,0.13807821
0.44319102,0.13807821
0.44320604,0.13807821
0.44322106,0.13807821
0.44323608,0.091846466
0.4432511,0.091846466
0.44326612,0.091846466
0.44328114,0.091846466
0.44329616,0.091846466
0.44331118,0.045615196
0.4433262,0.045615196
0.44334126,0.045615196
0.44335628,0.045615196
0.4433713,-6.160736E-4
0.44338632,-6.160736E-4
0.44340134,-6.160736E-4
0.44341636,-6.160736E-4
0.44343138,-0.046847343
0.4434464,-0.046847343
0.44346142,-0.046847343
0.44347644,-0.046847343
0.44349146,-0.046847343
0.44350648,-0.09307861
0.4435215,-0.09307861
0.44353652,-0.09307861
0.44355154,-0.09307861
0.44356656,-0.13931036
0.44358158,-0.13931036
0.4435966,-0.13931036
0.44361162,-0.13931036
0.44362664,-0.13931036
0.44364166,-0.18554163
0.44365668,-0.18554163
0.4436717,-0.18554163
0.44368672,-0.18554163
0.44370174,-0.2317729
0.44371676,-0.2317729
0.44373178,-0.2317729
0.4437468,-0.2317729
0.44376183,-0.2317729
0.44377685,-0.27800417
0.44379187,-0.27800417
0.4438069,-0.27800417
0.4438219,-0.27800417
0.44383693,-0.32423592
0.44385195,-0.32423592
0.44386697,-0.32423592
0.443882,-0.32423592
0.443897,-0.32423592
0.44391203,-0.3704667
0.44392705,-0.3704667
0.44394207,-0.3704667
0.4439571,-0.3704667
0.4439721,-0.3704667
0.44398713,-0.41669846
0.44400215,-0.41669846
0.44401717,-0.41669846
0.4440322,-0.41669846
0.4440472,-0.46292973
0.44406223,-0.46292973
0.44407725,-0.46292973
0.44409227,-0.46292973
0.4441073,-0.46292973
0.4441223,-0.5091615
0.44413733,-0.5091615
0.44415236,-0.5091615
0.44416738,-0.5091615
0.4441824,-0.55539227
0.44419742,-0.55539227
0.44421244,-0.55539227
0.4442275,-0.55539227
0.4442425,-0.55539227
0.44425753,-0.601624
0.44427255,-0.601624
0.44428757,-0.601624
0.4443026,-0.601624
0.4443176,-0.6478553
0.44433263,-0.6478553
0.44434765,-0.6478553
0.44436267,-0.6478553
0.4443777,-0.6478553
0.4443927,-0.694087
0.44440773,-0.694087
0.44442275,-0.694087
0.44443777,-0.694087
0.4444528,-0.694087
0.4444678,-0.7403178
0.44448283,-0.7403178
0.44449785,-0.7403178
0.44451287,-0.7403178
0.4445279,-0.7403178
0.4445429,-0.78654957
0.44455793,-0.78654957
0.44457296,-0.78654957
0.44458798,-0.78654957
0.444603,-0.83278084
0.44461802,-0.83278084
0.44463304,-0.83278084
0.44464806,-0.83278084
0.44466308,-0.83278084
0.4446781,-0.8790121
0.44469312,-0.8790121
0.44470814,-0.8790121
0.44472316,-0.8790121
0.44473818,-0.8790121
0.4447532,-0.9252434
0.44476822,-0.9252434
0.44478324,-0.9252434
0.44479826,-0.9252434
0.44481328,-0.9714751
0.4448283,-0.9714751
0.44484332,-0.9714751
0.44485834,-0.9714751
0.44487336,-0.9714751
0.44488838,-1.0177064
0.4449034,-1.0177064
0.44491842,-1.0177064
0.44493344,-1.0177064
0.44494846,-1.0177064
0.44496349,-1.0639377
0.4449785,-1.0639377
0.44499353,-1.0639377
0.44500855,-1.0639377
0.44502357,-1.1101689
0.4450386,-1.1101689
0.4450536,-1.1101689
0.44506863,-1.1101689
0.44508365,-1.1101689
0.4450987,-1.1564007
0.44511372,-1.1564007
0.44512874,-1.1564007
0.44514376,-1.1564007
0.44515878,-1.1564007
0.4451738,-1.202632
0.44518882,-1.202632
0.44520384,-1.202632
0.44521886,-1.202632
0.44523388,-1.202632
0.4452489,-1.2488632
0.44526392,-1.2488632
0.44527894,-1.2488632
0.44529396,-1.2488632
0.44530898,-1.2488632
0.445324,-1.2950945
0.44533902,-1.2950945
0.44535404,-1.2950945
0.44536906,-1.2950945
0.4453841,-1.3413262
0.4453991,-1.3413262
0.44541413,-1.3413262
0.44542915,-1.3413262
0.44544417,-1.3413262
0.4454592,-1.387557
0.4454742,-1.387557
0.44548923,-1.387557
0.44550425,-1.387557
0.44551927,-1.387557
0.4455343,-1.4337888
0.4455493,-1.4337888
0.44556433,-1.4337888
0.44557935,-1.4337888
0.44559437,-1.4337888
0.4456094,-1.48002
0.4456244,-1.48002
0.44563943,-1.48002
0.44565445,-1.48002
0.44566947,-1.48002
0.4456845,-1.48002
0.4456995,-1.48002
0.44571453,-1.48002
0.44572955,-1.5262513
0.44574457,-1.5262513
0.4457596,-1.5262513
0.4457746,-1.5262513
0.44578964,-1.5262513
0.44580466,-1.5724826
0.44581968,-1.5724826
0.4458347,-1.5724826
0.44584972,-1.5724826
0.44586474,-1.5724826
0.44587976,-1.6187139
0.44589478,-1.6187139
0.4459098,-1.6187139
0.44592482,-1.6187139
0.44593984,-1.6187139
0.44595486,-1.6187139
0.44596988,-1.6187139
0.44598493,-1.6187139
0.44599995,-1.5724826
0.44601497,-1.5724826
0.44603,-1.5724826
0.446045,-1.5724826
0.44606003,-1.5262513
0.44607505,-1.5262513
0.44609007,-1.5262513
0.4461051,-1.5262513
0.4461201,-1.5262513
0.44613513,-1.48002
0.44615015,-1.48002
0.44616517,-1.48002
0.4461802,-1.48002
0.44619521,-1.48002
0.44621024,-1.48002
0.44622526,-1.48002
0.44624028,-1.4337888
0.4462553,-1.4337888
0.44627032,-1.4337888
0.44628534,-1.4337888
0.44630036,-1.4337888
0.44631538,-1.387557
0.4463304,-1.387557
0.44634542,-1.387557
0.44636044,-1.387557
0.44637546,-1.387557
0.44639048,-1.3413262
0.4464055,-1.3413262
0.44642052,-1.3413262
0.44643554,-1.3413262
0.44645056,-1.2950945
0.44646558,-1.2950945
0.4464806,-1.2950945
0.44649562,-1.2950945
0.44651064,-1.2950945
0.44652566,-1.2488632
0.44654068,-1.2488632
0.4465557,-1.2488632
0.44657072,-1.2488632
0.44658574,-1.202632
0.44660076,-1.202632
0.4466158,-1.202632
0.4466308,-1.202632
0.44664583,-1.202632
0.44666085,-1.1564007
0.44667587,-1.1564007
0.4466909,-1.1564007
0.4467059,-1.1564007
0.44672093,-1.1564007
0.44673595,-1.1101689
0.44675097,-1.1101689
0.446766,-1.1101689
0.446781,-1.1101689
0.44679603,-1.0639377
0.44681105,-1.0639377
0.44682607,-1.0639377
0.4468411,-1.0639377
0.4468561,-1.0639377
0.44687116,-1.0177064
0.44688618,-1.0177064
0.4469012,-1.0177064
0.44691622,-1.0177064
0.44693124,-1.0177064
0.44694626,-0.9714751
0.44696128,-0.9714751
0.4469763,-0.9714751
0.44699132,-0.9714751
0.44700634,-0.9252434
0.44702137,-0.9252434
0.4470364,-0.9252434
0.4470514,-0.9252434
0.44706643,-0.9252434
0.44708145,-0.8790121
0.44709647,-0.8790121
0.4471115,-0.8790121
0.4471265,-0.8790121
0.44714153,-0.8790121
0.44715655,-0.83278084
0.44717157,-0.83278084
0.4471866,-0.83278084
0.4472016,-0.83278084
0.44721663,-0.78654957
0.44723165,-0.78654957
0.44724667,-0.78654957
0.4472617,-0.78654957
0.4472767,-0.78654957
0.44729173,-0.7403178
0.44730675,-0.7403178
0.44732177,-0.7403178
0.4473368,-0.7403178
0.4473518,-0.694087
0.44736683,-0.694087
0.44738185,-0.694087
0.44739687,-0.694087
0.4474119,-0.694087
0.44742692,-0.6478553
0.44744194,-0.6478553
0.44745696,-0.6478553
0.44747198,-0.6478553
0.447487,-0.6478553
0.44750202,-0.601624
0.44751704,-0.601624
0.44753206,-0.601624
0.44754708,-0.601624
0.4475621,-0.601624
0.44757712,-0.55539227
0.44759214,-0.55539227
0.44760716,-0.55539227
0.44762218,-0.55539227
0.4476372,-0.5091615
0.44765222,-0.5091615
0.44766724,-0.5091615
0.44768226,-0.5091615
0.44769728,-0.5091615
0.4477123,-0.46292973
0.44772732,-0.46292973
0.44774237,-0.46292973
0.4477574,-0.46292973
0.4477724,-0.41669846
0.44778743,-0.41669846
0.44780245,-0.41669846
0.44781747,-0.41669846
0.4478325,-0.41669846
0.44784752,-0.3704667
0.44786254,-0.3704667
0.44787756,-0.3704667
0.44789258,-0.3704667
0.4479076,-0.3704667
0.44792262,-0.32423592
0.44793764,-0.32423592
0.44795266,-0.32423592
0.44796768,-0.32423592
0.4479827,-0.27800417
0.44799772,-0.27800417
0.44801274,-0.27800417
0.44802776,-0.27800417
0.44804278,-0.27800417
0.4480578,-0.2317729
0.44807282,-0.2317729
0.44808784,-0.2317729
0.44810286,-0.2317729
0.44811788,-0.2317729
0.4481329,-0.18554163
0.44814792,-0.18554163
0.44816294,-0.18554163
0.44817796,-0.18554163
0.44819298,-0.13931036
0.448208,-0.13931036
0.44822302,-0.13931036
0.44823804,-0.13931036
0.44825307,-0.13931036
0.4482681,-0.09307861
0.4482831,-0.09307861
0.44829813,-0.09307861
0.44831315,-0.09307861
0.44832817,-0.09307861
0.4483432,-0.046847343
0.4483582,-0.046847343
0.44837323,-0.046847343
0.44838825,-0.046847343
0.44840327,-6.160736E-4
0.4484183,-6.160736E-4
0.4484333,-6.160736E-4
0.44844833,-6.160736E-4
0.44846335,-6.160736E-4
0.44847837,0.045615196
0.4484934,0.045615196
0.4485084,0.045615196
0.44852343,0.045615196
0.44853845,0.091846466
0.44855347,0.091846466
0.4485685,0.091846466
0.4485835,0.091846466
0.44859853,0.091846466
0.44861355,0.13807821
0.4486286,0.13807821
0.44864362,0.13807821
0.44865865,0.13807821
0.44867367,0.13807821
0.4486887,0.184309
0.4487037,0.184309
0.44871873,0.184309
0.44873375,0.184309
0.44874877,0.23054075
0.4487638,0.23054075
0.4487788,0.23054075
0.44879383,0.23054075
0.44880885,0.23054075
0.44882387,0.27677202
0.4488389,0.27677202
0.4488539,0.27677202
0.44886893,0.27677202
0.44888395,0.27677202
0.44889897,0.3230033
0.448914,0.3230033
0.448929,0.3230033
0.44894403,0.3230033
0.44895905,0.3230033
0.44897407,0.36923456
0.4489891,0.36923456
0.4490041,0.36923456
0.44901913,0.36923456
0.44903415,0.4154663
0.44904917,0.4154663
0.4490642,0.4154663
0.44907922,0.4154663
0.44909424,0.4154663
0.44910926,0.46169758
0.44912428,0.46169758
0.4491393,0.46169758
0.44915432,0.46169758
0.44916934,0.46169758
0.44918436,0.50792885
0.44919938,0.50792885
0.4492144,0.50792885
0.44922942,0.50792885
0.44924444,0.5541601
0.44925946,0.5541601
0.44927448,0.5541601
0.4492895,0.5541601
0.44930452,0.5541601
0.44931954,0.60039186
0.44933456,0.60039186
0.44934958,0.60039186
0.4493646,0.60039186
0.44937962,0.60039186
0.44939464,0.64662313
0.44940966,0.64662313
0.44942468,0.64662313
0.4494397,0.64662313
0.44945472,0.64662313
0.44946975,0.6928544
0.44948477,0.6928544
0.44949982,0.6928544
0.44951484,0.6928544
0.44952986,0.7390857
0.44954488,0.7390857
0.4495599,0.7390857
0.44957492,0.7390857
0.44958994,0.7390857
0.44960496,0.7390857
0.44961998,0.7853174
0.449635,0.7853174
0.44965002,0.7853174
0.44966504,0.7853174
0.44968006,0.8315482
0.44969508,0.8315482
0.4497101,0.8315482
0.44972512,0.8315482
0.44974014,0.8315482
0.44975516,0.87777996
0.44977018,0.87777996
0.4497852,0.87777996
0.44980022,0.87777996
0.44981524,0.87777996
0.44983026,0.92401123
0.44984528,0.92401123
0.4498603,0.92401123
0.44987532,0.92401123
0.44989035,0.92401123
0.44990537,0.970243
0.4499204,0.970243
0.4499354,0.970243
0.44995043,0.970243
0.44996545,0.970243
0.44998047,1.0164738
0.4499955,1.0164738
0.4500105,1.0164738
0.45002553,1.0164738
0.45004055,1.0164738
0.45005557,1.0627055
0.4500706,1.0627055
0.4500856,1.0627055
0.45010063,1.0627055
0.45011565,1.0627055
0.45013067,1.1089368
0.4501457,1.1089368
0.4501607,1.1089368
0.45017573,1.1089368
0.45019075,1.1551685
0.45020577,1.1551685
0.4502208,1.1551685
0.4502358,1.1551685
0.45025083,1.1551685
0.45026585,1.2013993
0.45028087,1.2013993
0.4502959,1.2013993
0.45031092,1.2013993
0.45032594,1.2013993
0.45034096,1.2476311
0.45035598,1.2476311
0.450371,1.2476311
0.45038605,1.2476311
0.45040107,1.2476311
0.4504161,1.2938623
0.4504311,1.2938623
0.45044613,1.2938623
0.45046115,1.2938623
0.45047617,1.2938623
0.4504912,1.3400936
0.4505062,1.3400936
0.45052123,1.3400936
0.45053625,1.3400936
0.45055127,1.3400936
0.4505663,1.3863249
0.4505813,1.3863249
0.45059633,1.3863249
0.45061135,1.3863249
0.45062637,1.3863249
0.4506414,1.4325566
0.4506564,1.4325566
0.45067143,1.4325566
0.45068645,1.4325566
0.45070148,1.4325566
0.4507165,1.4787879
0.45073152,1.4787879
0.45074654,1.4787879
0.45076156,1.4787879
0.45077658,1.4787879
0.4507916,1.4787879
0.45080662,1.4787879
0.45082164,1.4787879
0.45083666,1.5250192
0.45085168,1.5250192
0.4508667,1.5250192
0.45088172,1.5250192
0.45089674,1.5250192
0.45091176,1.5712504
0.45092678,1.5712504
0.4509418,1.5712504
0.45095682,1.5712504
0.45097184,1.5712504
0.45098686,1.6174817
0.45100188,1.6174817
0.4510169,1.6174817
0.45103192,1.6174817
0.45104694,1.6174817
0.45106196,1.6637135
0.45107698,1.6637135
0.451092,1.6637135
0.45110703,1.6637135
0.45112205,1.6637135
0.45113707,1.7099442
0.4511521,1.7099442
0.4511671,1.7099442
0.45118213,1.7099442
0.45119715,1.7099442
0.45121217,1.7099442
0.4512272,1.756176
0.4512422,1.756176
0.45125723,1.756176
0.45127228,1.756176
0.4512873,1.756176
0.45130232,1.756176
0.45131734,1.7099442
0.45133236,1.7099442
0.45134738,1.7099442
0.4513624,1.7099442
0.45137742,1.7099442
0.45139244,1.6637135
0.45140746,1.6637135
0.45142248,1.6637135
0.4514375,1.6637135
0.45145252,1.6174817
0.45146754,1.6174817
0.45148256,1.6174817
0.45149758,1.6174817
0.4515126,1.5712504
0.45152763,1.5712504
0.45154265,1.5712504
0.45155767,1.5712504
0.4515727,1.5712504
0.4515877,1.5250192
0.45160273,1.5250192
0.45161775,1.5250192
0.45163277,1.5250192
0.4516478,1.4787879
0.4516628,1.4787879
0.45167783,1.4787879
0.45169285,1.4787879
0.45170787,1.4787879
0.4517229,1.4787879
0.4517379,1.4787879
0.45175293,1.4325566
0.45176795,1.4325566
0.45178297,1.4325566
0.451798,1.4325566
0.451813,1.3863249
0.45182803,1.3863249
0.45184305,1.3863249
0.45185807,1.3863249
0.4518731,1.3863249
0.4518881,1.3400936
0.45190313,1.3400936
0.45191815,1.3400936
0.45193318,1.3400936
0.4519482,1.2938623
0.45196322,1.2938623
0.45197824,1.2938623
0.45199326,1.2938623
0.45200828,1.2476311
0.4520233,1.2476311
0.45203832,1.2476311
0.45205334,1.2476311
0.45206836,1.2476311
0.45208338,1.2013993
0.4520984,1.2013993
0.45211342,1.2013993
0.45212844,1.2013993
0.4521435,1.1551685
0.4521585,1.1551685
0.45217353,1.1551685
0.45218855,1.1551685
0.45220357,1.1551685
0.4522186,1.1089368
0.4522336,1.1089368
0.45224863,1.1089368
0.45226365,1.1089368
0.45227867,1.0627055
0.4522937,1.0627055
0.4523087,1.0627055
0.45232373,1.0627055
0.45233876,1.0164738
0.45235378,1.0164738
0.4523688,1.0164738
0.45238382,1.0164738
0.45239884,1.0164738
0.45241386,0.970243
0.45242888,0.970243
0.4524439,0.970243
0.45245892,0.970243
0.45247394,0.92401123
0.45248896,0.92401123
0.45250398,0.92401123
0.452519,0.92401123
0.45253402,0.87777996
0.45254904,0.87777996
0.45256406,0.87777996
0.45257908,0.87777996
0.4525941,0.87777996
0.45260912,0.8315482
0.45262414,0.8315482
0.45263916,0.8315482
0.45265418,0.8315482
0.4526692,0.7853174
0.45268422,0.7853174
0.45269924,0.7853174
0.45271426,0.7853174
0.45272928,0.7853174
0.4527443,0.7390857
0.45275933,0.7390857
0.45277435,0.7390857
0.45278937,0.7390857
0.4528044,0.6928544
0.4528194,0.6928544
0.45283443,0.6928544
0.45284945,0.6928544
0.45286447,0.6928544
0.4528795,0.64662313
0.4528945,0.64662313
0.45290953,0.64662313
0.45292455,0.64662313
0.45293957,0.60039186
0.4529546,0.60039186
0.4529696,0.60039186
0.45298463,0.60039186
0.45299965,0.60039186
0.45301467,0.5541601
0.45302972,0.5541601
0.45304474,0.5541601
0.45305976,0.5541601
0.45307478,0.50792885
0.4530898,0.50792885
0.45310482,0.50792885
0.45311984,0.50792885
0.45313486,0.46169758
0.45314988,0.46169758
0.4531649,0.46169758
0.45317993,0.46169758
0.45319495,0.46169758
0.45320997,0.4154663
0.453225,0.4154663
0.45324,0.4154663
0.45325503,0.4154663
0.45327005,0.4154663
0.45328507,0.36923456
0.4533001,0.36923456
0.4533151,0.36923456
0.45333013,0.36923456
0.45334515,0.3230033
0.45336017,0.3230033
0.4533752,0.3230033
0.4533902,0.3230033
0.45340523,0.27677202
0.45342025,0.27677202
0.45343527,0.27677202
0.4534503,0.27677202
0.4534653,0.27677202
0.45348033,0.23054075
0.45349535,0.23054075
0.45351037,0.23054075
0.4535254,0.23054075
0.4535404,0.184309
0.45355543,0.184309
0.45357046,0.184309
0.45358548,0.184309
0.4536005,0.184309
0.45361552,0.13807821
0.45363054,0.13807821
0.45364556,0.13807821
0.45366058,0.13807821
0.4536756,0.091846466
0.45369062,0.091846466
0.45370564,0.091846466
0.45372066,0.091846466
0.45373568,0.045615196
0.4537507,0.045615196
0.45376572,0.045615196
0.45378074,0.045615196
0.45379576,0.045615196
0.45381078,-6.160736E-4
0.4538258,-6.160736E-4
0.45384082,-6.160736E-4
0.45385584,-6.160736E-4
0.45387086,-0.046847343
0.45388588,-0.046847343
0.4539009,-0.046847343
0.45391595,-0.046847343
0.45393097,-0.09307861
0.453946,-0.09307861
0.453961,-0.09307861
0.45397604,-0.09307861
0.45399106,-0.09307861
0.45400608,-0.13931036
0.4540211,-0.13931036
0.45403612,-0.13931036
0.45405114,-0.13931036
0.45406616,-0.18554163
0.45408118,-0.18554163
0.4540962,-0.18554163
0.45411122,-0.18554163
0.45412624,-0.18554163
0.45414126,-0.2317729
0.45415628,-0.2317729
0.4541713,-0.2317729
0.45418632,-0.2317729
0.45420134,-0.27800417
0.45421636,-0.27800417
0.45423138,-0.27800417
0.4542464,-0.27800417
0.45426142,-0.27800417
0.45427644,-0.32423592
0.45429146,-0.32423592
0.45430648,-0.32423592
0.4543215,-0.32423592
0.45433652,-0.32423592
0.45435154,-0.3704667
0.45436656,-0.3704667
0.4543816,-0.3704667
0.4543966,-0.3704667
0.45441163,-0.41669846
0.45442665,-0.41669846
0.45444167,-0.41669846
0.4544567,-0.41669846
0.4544717,-0.41669846
0.45448673,-0.46292973
0.45450175,-0.46292973
0.45451677,-0.46292973
0.4545318,-0.46292973
0.4545468,-0.5091615
0.45456183,-0.5091615
0.45457685,-0.5091615
0.45459187,-0.5091615
0.4546069,-0.5091615
0.4546219,-0.55539227
0.45463693,-0.55539227
0.45465195,-0.55539227
0.45466697,-0.55539227
0.454682,-0.601624
0.454697,-0.601624
0.45471203,-0.601624
0.45472705,-0.601624
0.45474207,-0.601624
0.4547571,-0.6478553
0.4547721,-0.6478553
0.45478716,-0.6478553
0.4548022,-0.6478553
0.4548172,-0.6478553
0.45483223,-0.694087
0.45484725,-0.694087
0.45486227,-0.694087
0.4548773,-0.694087
0.4548923,-0.7403178
0.45490733,-0.7403178
0.45492235,-0.7403178
0.45493737,-0.7403178
0.4549524,-0.7403178
0.4549674,-0.78654957
0.45498243,-0.78654957
0.45499745,-0.78654957
0.45501247,-0.78654957
0.4550275,-0.78654957
0.4550425,-0.83278084
0.45505753,-0.83278084
0.45507255,-0.83278084
0.45508757,-0.83278084
0.4551026,-0.8790121
0.4551176,-0.8790121
0.45513263,-0.8790121
0.45514765,-0.8790121
0.45516267,-0.8790121
0.4551777,-0.9252434
0.45519271,-0.9252434
0.45520774,-0.9252434
0.45522276,-0.9252434
0.45523778,-0.9252434
0.4552528,-0.9714751
0.45526782,-0.9714751
0.45528284,-0.9714751
0.45529786,-0.9714751
0.45531288,-0.9714751
0.4553279,-1.0177064
0.45534292,-1.0177064
0.45535794,-1.0177064
0.45537296,-1.0177064
0.45538798,-1.0639377
0.455403,-1.0639377
0.45541802,-1.0639377
0.45543304,-1.0639377
0.45544806,-1.0639377
0.45546308,-1.1101689
0.4554781,-1.1101689
0.45549312,-1.1101689
0.45550814,-1.1101689
0.45552316,-1.1101689
0.45553818,-1.1564007
0.4555532,-1.1564007
0.45556822,-1.1564007
0.45558324,-1.1564007
0.45559826,-1.1564007
0.4556133,-1.202632
0.4556283,-1.202632
0.45564333,-1.202632
0.45565835,-1.202632
0.4556734,-1.2488632
0.45568842,-1.2488632
0.45570344,-1.2488632
0.45571846,-1.2488632
0.45573348,-1.2488632
0.4557485,-1.2950945
0.45576352,-1.2950945
0.45577854,-1.2950945
0.45579356,-1.2950945
0.45580858,-1.2950945
0.4558236,-1.3413262
0.45583862,-1.3413262
0.45585364,-1.3413262
0.45586866,-1.3413262
0.45588368,-1.3413262
0.4558987,-1.387557
0.45591372,-1.387557
0.45592874,-1.387557
0.45594376,-1.387557
0.45595878,-1.387557
0.4559738,-1.4337888
0.45598882,-1.4337888
0.45600384,-1.4337888
0.45601887,-1.4337888
0.4560339,-1.4337888
0.4560489,-1.48002
0.45606393,-1.48002
0.45607895,-1.48002
0.45609397,-1.48002
0.456109,-1.48002
0.456124,-1.48002
0.45613903,-1.48002
0.45615405,-1.48002
0.45616907,-1.5262513
0.4561841,-1.5262513
0.4561991,-1.5262513
0.45621413,-1.5262513
0.45622915,-1.5724826
0.45624417,-1.5724826
0.4562592,-1.5724826
0.4562742,-1.5724826
0.45628923,-1.5724826
0.45630425,-1.6187139
0.45631927,-1.6187139
0.4563343,-1.6187139
0.4563493,-1.6187139
0.45636433,-1.6187139
0.45637935,-1.6187139
0.45639437,-1.6187139
0.4564094,-1.6187139
0.45642442,-1.6187139
0.45643944,-1.5724826
0.45645446,-1.5724826
0.45646948,-1.5724826
0.4564845,-1.5724826
0.45649952,-1.5262513
0.45651454,-1.5262513
0.45652956,-1.5262513
0.4565446,-1.5262513
0.45655963,-1.5262513
0.45657465,-1.48002
0.45658967,-1.48002
0.4566047,-1.48002
0.4566197,-1.48002
0.45663473,-1.48002
0.45664975,-1.48002
0.45666477,-1.48002
0.4566798,-1.4337888
0.4566948,-1.4337888
0.45670983,-1.4337888
0.45672485,-1.4337888
0.45673987,-1.387557
0.4567549,-1.387557
0.4567699,-1.387557
0.45678493,-1.387557
0.45679995,-1.387557
0.45681497,-1.3413262
0.45683,-1.3413262
0.45684502,-1.3413262
0.45686004,-1.3413262
0.45687506,-1.3413262
0.45689008,-1.2950945
0.4569051,-1.2950945
0.45692012,-1.2950945
0.45693514,-1.2950945
0.45695016,-1.2488632
0.45696518,-1.2488632
0.4569802,-1.2488632
0.45699522,-1.2488632
0.45701024,-1.2488632
0.45702526,-1.202632
0.45704028,-1.202632
0.4570553,-1.202632
0.45707032,-1.202632
0.45708534,-1.202632
0.45710036,-1.1564007
0.45711538,-1.1564007
0.4571304,-1.1564007
0.45714542,-1.1564007
0.45716044,-1.1101689
0.45717546,-1.1101689
0.45719048,-1.1101689
0.4572055,-1.1101689
0.45722052,-1.1101689
0.45723554,-1.0639377
0.45725057,-1.0639377
0.4572656,-1.0639377
0.4572806,-1.0639377
0.45729563,-1.0177064
0.45731065,-1.0177064
0.45732567,-1.0177064
0.4573407,-1.0177064
0.4573557,-1.0177064
0.45737073,-0.9714751
0.45738575,-0.9714751
0.45740077,-0.9714751
0.4574158,-0.9714751
0.45743084,-0.9714751
0.45744586,-0.9252434
0.45746088,-0.9252434
0.4574759,-0.9252434
0.45749092,-0.9252434
0.45750594,-0.8790121
0.45752096,-0.8790121
0.45753598,-0.8790121
0.457551,-0.8790121
0.45756602,-0.8790121
0.45758104,-0.83278084
0.45759606,-0.83278084
0.45761108,-0.83278084
0.4576261,-0.83278084
0.45764112,-0.83278084
0.45765615,-0.78654957
0.45767117,-0.78654957
0.4576862,-0.78654957
0.4577012,-0.78654957
0.45771623,-0.7403178
0.45773125,-0.7403178
0.45774627,-0.7403178
0.4577613,-0.7403178
0.4577763,-0.7403178
0.45779133,-0.694087
0.45780635,-0.694087
0.45782137,-0.694087
0.4578364,-0.694087
0.4578514,-0.694087
0.45786643,-0.6478553
0.45788145,-0.6478553
0.45789647,-0.6478553
0.4579115,-0.6478553
0.4579265,-0.6478553
0.45794153,-0.601624
0.45795655,-0.601624
0.45797157,-0.601624
0.4579866,-0.601624
0.4580016,-0.55539227
0.45801663,-0.55539227
0.45803165,-0.55539227
0.45804667,-0.55539227
0.4580617,-0.55539227
0.45807672,-0.5091615
0.45809174,-0.5091615
0.45810676,-0.5091615
0.45812178,-0.5091615
0.4581368,-0.46292973
0.45815182,-0.46292973
0.45816684,-0.46292973
0.45818186,-0.46292973
0.45819688,-0.46292973
0.4582119,-0.41669846
0.45822692,-0.41669846
0.45824194,-0.41669846
0.45825696,-0.41669846
0.45827198,-0.41669846
0.458287,-0.3704667
0.45830202,-0.3704667
0.45831707,-0.3704667
0.4583321,-0.3704667
0.4583471,-0.3704667
0.45836213,-0.32423592
0.45837715,-0.32423592
0.45839217,-0.32423592
0.4584072,-0.32423592
0.4584222,-0.27800417
0.45843723,-0.27800417
0.45845225,-0.27800417
0.45846727,-0.27800417
0.4584823,-0.27800417
0.45849732,-0.2317729
0.45851234,-0.2317729
0.45852736,-0.2317729
0.45854238,-0.2317729
0.4585574,-0.18554163
0.45857242,-0.18554163
0.45858744,-0.18554163
0.45860246,-0.18554163
0.45861748,-0.18554163
0.4586325,-0.13931036
0.45864752,-0.13931036
0.45866254,-0.13931036
0.45867756,-0.13931036
0.45869258,-0.13931036
0.4587076,-0.09307861
0.45872262,-0.09307861
0.45873764,-0.09307861
0.45875266,-0.09307861
0.45876768,-0.09307861
0.4587827,-0.046847343
0.45879772,-0.046847343
0.45881274,-0.046847343
0.45882776,-0.046847343
0.45884278,-6.160736E-4
0.4588578,-6.160736E-4
0.45887282,-6.160736E-4
0.45888785,-6.160736E-4
0.45890287,0.045615196
0.4589179,0.045615196
0.4589329,0.045615196
0.45894793,0.045615196
0.45896295,0.045615196
0.45897797,0.091846466
0.458993,0.091846466
0.459008,0.091846466
0.45902303,0.091846466
0.45903805,0.091846466
0.45905307,0.13807821
0.4590681,0.13807821
0.4590831,0.13807821
0.45909813,0.13807821
0.45911315,0.184309
0.45912817,0.184309
0.4591432,0.184309
0.4591582,0.184309
0.45917323,0.184309
0.45918828,0.23054075
0.4592033,0.23054075
0.45921832,0.23054075
0.45923334,0.23054075
0.45924836,0.23054075
0.45926338,0.27677202
0.4592784,0.27677202
0.45929343,0.27677202
0.45930845,0.27677202
0.45932347,0.27677202
0.4593385,0.3230033
0.4593535,0.3230033
0.45936853,0.3230033
0.45938355,0.3230033
0.45939857,0.36923456
0.4594136,0.36923456
0.4594286,0.36923456
0.45944363,0.36923456
0.45945865,0.36923456
0.45947367,0.4154663
0.4594887,0.4154663
0.4595037,0.4154663
0.45951873,0.4154663
0.45953375,0.4154663
0.45954877,0.46169758
0.4595638,0.46169758
0.4595788,0.46169758
0.45959383,0.46169758
0.45960885,0.50792885
0.45962387,0.50792885
0.4596389,0.50792885
0.4596539,0.50792885
0.45966893,0.50792885
0.45968395,0.5541601
0.45969898,0.5541601
0.459714,0.5541601
0.45972902,0.5541601
0.45974404,0.5541601
0.45975906,0.60039186
0.45977408,0.60039186
0.4597891,0.60039186
0.45980412,0.60039186
0.45981914,0.60039186
0.45983416,0.64662313
0.45984918,0.64662313
0.4598642,0.64662313
0.45987922,0.64662313
0.45989424,0.6928544
0.45990926,0.6928544
0.45992428,0.6928544
0.4599393,0.6928544
0.45995432,0.6928544
0.45996934,0.7390857
0.45998436,0.7390857
0.45999938,0.7390857
0.4600144,0.7390857
0.46002942,0.7390857
0.46004444,0.7853174
0.46005946,0.7853174
0.4600745,0.7853174
0.46008953,0.7853174
0.46010455,0.7853174
0.46011958,0.8315482
0.4601346,0.8315482
0.46014962,0.8315482
0.46016464,0.8315482
0.46017966,0.8315482
0.46019468,0.87777996
0.4602097,0.87777996
0.46022472,0.87777996
0.46023974,0.87777996
0.46025476,0.87777996
0.46026978,0.92401123
0.4602848,0.92401123
0.46029982,0.92401123
0.46031484,0.92401123
0.46032986,0.92401123
0.46034488,0.970243
0.4603599,0.970243
0.46037492,0.970243
0.46038994,0.970243
0.46040496,0.970243
0.46041998,1.0164738
0.460435,1.0164738
0.46045002,1.0164738
0.46046504,1.0164738
0.46048006,1.0627055
0.46049508,1.0627055
0.4605101,1.0627055
0.46052513,1.0627055
0.46054015,1.0627055
0.46055517,1.1089368
0.4605702,1.1089368
0.4605852,1.1089368
0.46060023,1.1089368
0.46061525,1.1089368
0.46063027,1.1551685
0.4606453,1.1551685
0.4606603,1.1551685
0.46067533,1.1551685
0.46069035,1.1551685
0.46070537,1.2013993
0.4607204,1.2013993
0.4607354,1.2013993
0.46075043,1.2013993
0.46076545,1.2013993
0.46078047,1.2476311
0.4607955,1.2476311
0.4608105,1.2476311
0.46082553,1.2476311
0.46084055,1.2476311
0.46085557,1.2938623
0.4608706,1.2938623
0.4608856,1.2938623
0.46090063,1.2938623
0.46091565,1.2938623
0.46093068,1.3400936
0.4609457,1.3400936
0.46096075,1.3400936
0.46097577,1.3400936
0.4609908,1.3400936
0.4610058,1.3863249
0.46102083,1.3863249
0.46103585,1.3863249
0.46105087,1.3863249
0.4610659,1.3863249
0.4610809,1.4325566
0.46109593,1.4325566
0.46111095,1.4325566
0.46112597,1.4325566
0.461141,1.4325566
0.461156,1.4787879
0.46117103,1.4787879
0.46118605,1.4787879
0.46120107,1.4787879
0.4612161,1.4787879
0.4612311,1.4787879
0.46124613,1.4787879
0.46126115,1.4787879
0.46127617,1.5250192
0.4612912,1.5250192
0.4613062,1.5250192
0.46132123,1.5250192
0.46133626,1.5250192
0.46135128,1.5712504
0.4613663,1.5712504
0.46138132,1.5712504
0.46139634,1.5712504
0.46141136,1.5712504
0.46142638,1.6174817
0.4614414,1.6174817
0.46145642,1.6174817
0.46147144,1.6174817
0.46148646,1.6174817
0.46150148,1.6637135
0.4615165,1.6637135
0.46153152,1.6637135
0.46154654,1.6637135
0.46156156,1.6637135
0.46157658,1.7099442
0.4615916,1.7099442
0.46160662,1.7099442
0.46162164,1.7099442
0.46163666,1.7099442
0.46165168,1.756176
0.4616667,1.756176
0.46168172,1.756176
0.46169674,1.756176
0.46171176,1.756176
0.46172678,1.756176
0.4617418,1.756176
0.46175683,1.7099442
0.46177185,1.7099442
0.46178687,1.7099442
0.4618019,1.7099442
0.4618169,1.6637135
0.46183196,1.6637135
0.46184698,1.6637135
0.461862,1.6637135
0.46187702,1.6637135
0.46189204,1.6174817
0.46190706,1.6174817
0.46192208,1.6174817
0.4619371,1.6174817
0.46195212,1.5712504
0.46196714,1.5712504
0.46198216,1.5712504
0.46199718,1.5712504
0.4620122,1.5250192
0.46202722,1.5250192
0.46204224,1.5250192
0.46205726,1.5250192
0.46207228,1.5250192
0.4620873,1.4787879
0.46210232,1.4787879
0.46211734,1.4787879
0.46213236,1.4787879
0.46214738,1.4787879
0.4621624,1.4787879
0.46217743,1.4325566
0.46219245,1.4325566
0.46220747,1.4325566
0.4622225,1.4325566
0.4622375,1.4325566
0.46225253,1.3863249
0.46226755,1.3863249
0.46228257,1.3863249
0.4622976,1.3863249
0.4623126,1.3400936
0.46232763,1.3400936
0.46234265,1.3400936
0.46235767,1.3400936
0.4623727,1.3400936
0.4623877,1.2938623
0.46240273,1.2938623
0.46241775,1.2938623
0.46243277,1.2938623
0.4624478,1.2476311
0.4624628,1.2476311
0.46247783,1.2476311
0.46249285,1.2476311
0.46250787,1.2476311
0.4625229,1.2013993
0.4625379,1.2013993
0.46255293,1.2013993
0.46256796,1.2013993
0.46258298,1.1551685
0.462598,1.1551685
0.46261302,1.1551685
0.46262804,1.1551685
0.46264306,1.1089368
0.46265808,1.1089368
0.4626731,1.1089368
0.46268812,1.1089368
0.46270314,1.0627055
0.4627182,1.0627055
0.4627332,1.0627055
0.46274823,1.0627055
0.46276325,1.0627055
0.46277827,1.0164738
0.4627933,1.0164738
0.4628083,1.0164738
0.46282333,1.0164738
0.46283835,0.970243
0.46285337,0.970243
0.4628684,0.970243
0.4628834,0.970243
0.46289843,0.970243
0.46291345,0.92401123
0.46292847,0.92401123
0.4629435,0.92401123
0.4629585,0.92401123
0.46297354,0.87777996
0.46298856,0.87777996
0.46300358,0.87777996
0.4630186,0.87777996
0.46303362,0.87777996
0.46304864,0.8315482
0.46306366,0.8315482
0.46307868,0.8315482
0.4630937,0.8315482
0.46310872,0.7853174
0.46312374,0.7853174
0.46313876,0.7853174
0.46315378,0.7853174
0.4631688,0.7390857
0.46318382,0.7390857
0.46319884,0.7390857
0.46321386,0.7390857
0.46322888,0.7390857
0.4632439,0.6928544
0.46325892,0.6928544
0.46327394,0.6928544
0.46328896,0.6928544
0.46330398,0.64662313
0.463319,0.64662313
0.46333402,0.64662313
0.46334904,0.64662313
0.46336406,0.64662313
0.46337909,0.60039186
0.4633941,0.60039186
0.46340913,0.60039186
0.46342415,0.60039186
0.46343917,0.5541601
0.4634542,0.5541601
0.4634692,0.5541601
0.46348423,0.5541601
0.46349925,0.5541601
0.46351427,0.50792885
0.4635293,0.50792885
0.4635443,0.50792885
0.46355933,0.50792885
0.46357435,0.46169758
0.4635894,0.46169758
0.46360442,0.46169758
0.46361944,0.46169758
0.46363446,0.46169758
0.46364948,0.4154663
0.4636645,0.4154663
0.46367952,0.4154663
0.46369454,0.4154663
0.46370956,0.36923456
0.46372458,0.36923456
0.4637396,0.36923456
0.46375462,0.36923456
0.46376964,0.3230033
0.46378466,0.3230033
0.4637997,0.3230033
0.4638147,0.3230033
0.46382973,0.3230033
0.46384475,0.27677202
0.46385977,0.27677202
0.4638748,0.27677202
0.4638898,0.27677202
0.46390483,0.23054075
0.46391985,0.23054075
0.46393487,0.23054075
0.4639499,0.23054075
0.4639649,0.23054075
0.46397993,0.184309
0.46399495,0.184309
0.46400997,0.184309
0.464025,0.184309
0.46404,0.13807821
0.46405503,0.13807821
0.46407005,0.13807821
0.46408507,0.13807821
0.4641001,0.13807821
0.4641151,0.091846466
0.46413013,0.091846466
0.46414515,0.091846466
0.46416017,0.091846466
0.4641752,0.045615196
0.4641902,0.045615196
0.46420524,0.045615196
0.46422026,-6.160736E-4
0.46423528,0.045615196
0.4642503,-6.160736E-4
0.46426532,-6.160736E-4
0.46428034,-6.160736E-4
0.46429536,-6.160736E-4
0.46431038,-0.046847343
0.4643254,-0.046847343
0.46434042,-0.046847343
0.46435544,-0.046847343
0.46437046,-0.09307861
0.46438548,-0.09307861
0.4644005,-0.09307861
0.46441552,-0.09307861
0.46443054,-0.09307861
0.46444556,-0.13931036
0.46446058,-0.13931036
0.46447563,-0.13931036
0.46449065,-0.13931036
0.46450567,-0.18554163
0.4645207,-0.18554163
0.4645357,-0.18554163
0.46455073,-0.18554163
0.46456575,-0.18554163
0.46458077,-0.2317729
0.4645958,-0.2317729
0.46461082,-0.2317729
0.46462584,-0.2317729
0.46464086,-0.27800417
0.46465588,-0.27800417
0.4646709,-0.27800417
0.46468592,-0.27800417
0.46470094,-0.27800417
0.46471596,-0.32423592
0.46473098,-0.32423592
0.464746,-0.32423592
0.46476102,-0.32423592
0.46477604,-0.32423592
0.46479106,-0.3704667
0.46480608,-0.3704667
0.4648211,-0.3704667
0.46483612,-0.3704667
0.46485114,-0.41669846
0.46486616,-0.41669846
0.46488118,-0.41669846
0.4648962,-0.41669846
0.46491122,-0.46292973
0.46492624,-0.46292973
0.46494126,-0.46292973
0.46495628,-0.46292973
0.4649713,-0.46292973
0.46498632,-0.5091615
0.46500134,-0.5091615
0.46501637,-0.5091615
0.4650314,-0.5091615
0.4650464,-0.55539227
0.46506143,-0.55539227
0.46507645,-0.55539227
0.46509147,-0.55539227
0.4651065,-0.55539227
0.4651215,-0.601624
0.46513653,-0.601624
0.46515155,-0.601624
0.46516657,-0.601624
0.4651816,-0.601624
0.4651966,-0.6478553
0.46521163,-0.6478553
0.46522665,-0.6478553
0.46524167,-0.6478553
0.4652567,-0.694087
0.4652717,-0.694087
0.46528673,-0.694087
0.46530175,-0.694087
0.46531677,-0.694087
0.4653318,-0.7403178
0.4653468,-0.7403178
0.46536186,-0.7403178
0.46537688,-0.7403178
0.4653919,-0.7403178
0.46540692,-0.78654957
0.46542194,-0.78654957
0.46543697,-0.78654957
0.465452,-0.78654957
0.465467,-0.83278084
0.46548203,-0.83278084
0.46549705,-0.83278084
0.46551207,-0.83278084
0.4655271,-0.83278084
0.4655421,-0.8790121
0.46555713,-0.8790121
0.46557215,-0.8790121
0.46558717,-0.8790121
0.4656022,-0.8790121
0.4656172,-0.9252434
0.46563223,-0.9252434
0.46564725,-0.9252434
0.46566227,-0.9252434
0.4656773,-0.9714751
0.4656923,-0.9714751
0.46570733,-0.9714751
0.46572235,-0.9714751
0.46573737,-0.9714751
0.4657524,-1.0177064
0.4657674,-1.0177064
0.46578243,-1.0177064
0.46579745,-1.0177064
0.46581247,-1.0177064
0.4658275,-1.0639377
0.46584252,-1.0639377
0.46585754,-1.0639377
0.46587256,-1.0639377
0.46588758,-1.0639377
0.4659026,-1.1101689
0.46591762,-1.1101689
0.46593264,-1.1101689
0.46594766,-1.1101689
0.46596268,-1.1564007
0.4659777,-1.1564007
0.46599272,-1.1564007
0.46600774,-1.1564007
0.46602276,-1.1564007
0.46603778,-1.202632
0.4660528,-1.202632
0.46606782,-1.202632
0.46608284,-1.202632
0.46609786,-1.202632
0.46611288,-1.2488632
0.4661279,-1.2488632
0.46614292,-1.2488632
0.46615794,-1.2488632
0.46617296,-1.2488632
0.46618798,-1.2950945
0.466203,-1.2950945
0.46621802,-1.2950945
0.46623307,-1.2950945
0.4662481,-1.2950945
0.46626312,-1.3413262
0.46627814,-1.3413262
0.46629316,-1.3413262
0.46630818,-1.3413262
0.4663232,-1.387557
0.46633822,-1.387557
0.46635324,-1.387557
0.46636826,-1.387557
0.46638328,-1.387557
0.4663983,-1.4337888
0.46641332,-1.4337888
0.46642834,-1.4337888
0.46644336,-1.4337888
0.46645838,-1.4337888
0.4664734,-1.48002
0.46648842,-1.48002
0.46650344,-1.48002
0.46651846,-1.48002
0.46653348,-1.48002
0.4665485,-1.48002
0.46656352,-1.48002
0.46657854,-1.48002
0.46659356,-1.5262513
0.46660858,-1.5262513
0.4666236,-1.5262513
0.46663862,-1.5262513
0.46665365,-1.5262513
0.46666867,-1.5724826
0.4666837,-1.5724826
0.4666987,-1.5724826
0.46671373,-1.5724826
0.46672875,-1.5724826
0.46674377,-1.6187139
0.4667588,-1.6187139
0.4667738,-1.6187139
0.46678883,-1.6187139
0.46680385,-1.6187139
0.46681887,-1.6187139
0.4668339,-1.6187139
0.4668489,-1.6187139
0.46686393,-1.5724826
0.46687895,-1.5724826
0.46689397,-1.5724826
0.466909,-1.5724826
0.466924,-1.5724826
0.46693903,-1.5262513
0.46695405,-1.5262513
0.46696907,-1.5262513
0.4669841,-1.5262513
0.4669991,-1.48002
0.46701413,-1.48002
0.46702915,-1.48002
0.46704417,-1.48002
0.4670592,-1.48002
0.46707422,-1.48002
0.46708924,-1.48002
0.46710426,-1.48002
0.4671193,-1.4337888
0.46713433,-1.4337888
0.46714935,-1.4337888
0.46716437,-1.4337888
0.4671794,-1.387557
0.4671944,-1.387557
0.46720943,-1.387557
0.46722445,-1.387557
0.46723947,-1.387557
0.4672545,-1.3413262
0.4672695,-1.3413262
0.46728453,-1.3413262
0.46729955,-1.3413262
0.46731457,-1.2950945
0.4673296,-1.2950945
0.4673446,-1.2950945
0.46735963,-1.2950945
0.46737465,-1.2950945
0.46738967,-1.2488632
0.4674047,-1.2488632
0.4674197,-1.2488632
0.46743473,-1.2488632
0.46744975,-1.2488632
0.46746477,-1.202632
0.4674798,-1.202632
0.46749482,-1.202632
0.46750984,-1.202632
0.46752486,-1.202632
0.46753988,-1.1564007
0.4675549,-1.1564007
0.46756992,-1.1564007
0.46758494,-1.1564007
0.46759996,-1.1101689
0.46761498,-1.1101689
0.46763,-1.1101689
0.46764502,-1.1101689
0.46766004,-1.0639377
0.46767506,-1.0639377
0.46769008,-1.0639377
0.4677051,-1.0639377
0.46772012,-1.0639377
0.46773514,-1.0177064
0.46775016,-1.0177064
0.46776518,-1.0177064
0.4677802,-1.0177064
0.46779522,-1.0177064
0.46781024,-0.9714751
0.46782526,-0.9714751
0.46784028,-0.9714751
0.4678553,-0.9714751
0.46787032,-0.9252434
0.46788535,-0.9252434
0.46790037,-0.9252434
0.4679154,-0.9252434
0.4679304,-0.9252434
0.46794543,-0.8790121
0.46796045,-0.8790121
0.46797547,-0.8790121
0.46799052,-0.8790121
0.46800554,-0.8790121
0.46802056,-0.83278084
0.46803558,-0.83278084
0.4680506,-0.83278084
0.46806562,-0.83278084
0.46808064,-0.78654957
0.46809566,-0.78654957
0.46811068,-0.78654957
0.4681257,-0.78654957
0.46814072,-0.78654957
0.46815574,-0.7403178
0.46817076,-0.7403178
0.46818578,-0.7403178
0.4682008,-0.7403178
0.46821582,-0.7403178
0.46823084,-0.694087
0.46824586,-0.694087
0.46826088,-0.694087
0.4682759,-0.694087
0.46829093,-0.694087
0.46830595,-0.6478553
0.46832097,-0.6478553
0.468336,-0.6478553
0.468351,-0.6478553
0.46836603,-0.601624
0.46838105,-0.601624
0.46839607,-0.601624
0.4684111,-0.601624
0.4684261,-0.601624
0.46844113,-0.55539227
0.46845615,-0.55539227
0.46847117,-0.55539227
0.4684862,-0.55539227
0.4685012,-0.5091615
0.46851623,-0.5091615
0.46853125,-0.5091615
0.46854627,-0.5091615
0.4685613,-0.5091615
0.4685763,-0.46292973
0.46859133,-0.46292973
0.46860635,-0.46292973
0.46862137,-0.46292973
0.4686364,-0.46292973
0.4686514,-0.41669846
0.46866643,-0.41669846
0.46868145,-0.41669846
0.46869648,-0.41669846
0.4687115,-0.41669846
0.46872652,-0.3704667
0.46874154,-0.3704667
0.46875656,-0.3704667
0.46877158,-0.3704667
0.4687866,-0.32423592
0.46880162,-0.32423592
0.46881664,-0.32423592
0.46883166,-0.32423592
0.46884668,-0.27800417
0.4688617,-0.27800417
0.46887675,-0.27800417
0.46889177,-0.27800417
0.4689068,-0.27800417
0.4689218,-0.2317729
0.46893683,-0.2317729
0.46895185,-0.2317729
0.46896687,-0.2317729
0.4689819,-0.2317729
0.4689969,-0.18554163
0.46901193,-0.18554163
0.46902695,-0.18554163
0.46904197,-0.18554163
0.469057,-0.18554163
0.469072,-0.13931036
0.46908703,-0.13931036
0.46910205,-0.13931036
0.46911708,-0.13931036
0.4691321,-0.09307861
0.46914712,-0.09307861
0.46916214,-0.09307861
0.46917716,-0.09307861
0.46919218,-0.09307861
0.4692072,-0.046847343
0.46922222,-0.046847343
0.46923724,-0.046847343
0.46925226,-0.046847343
0.46926728,-0.046847343
0.4692823,-6.160736E-4
0.46929732,-6.160736E-4
0.46931234,-6.160736E-4
0.46932736,-6.160736E-4
0.46934238,0.045615196
0.4693574,0.045615196
0.46937242,0.045615196
0.46938744,0.045615196
0.46940246,0.045615196
0.46941748,0.091846466
0.4694325,0.091846466
0.46944752,0.091846466
0.46946254,0.091846466
0.46947756,0.13807821
0.46949258,0.13807821
0.4695076,0.13807821
0.46952263,0.13807821
0.46953765,0.13807821
0.46955267,0.184309
0.4695677,0.184309
0.4695827,0.184309
0.46959773,0.184309
0.46961275,0.184309
0.46962777,0.23054075
0.4696428,0.23054075
0.4696578,0.23054075
0.46967283,0.23054075
0.46968785,0.23054075
0.46970287,0.27677202
0.4697179,0.27677202
0.4697329,0.27677202
0.46974793,0.27677202
0.46976298,0.3230033
0.469778,0.3230033
0.46979302,0.3230033
0.46980804,0.3230033
0.46982306,0.3230033
0.46983808,0.36923456
0.4698531,0.36923456
0.46986812,0.36923456
0.46988314,0.36923456
0.46989816,0.36923456
0.46991318,0.4154663
0.4699282,0.4154663
0.46994323,0.4154663
0.46995825,0.4154663
0.46997327,0.46169758
0.4699883,0.46169758
0.4700033,0.46169758
0.47001833,0.46169758
0.47003335,0.46169758
0.47004837,0.50792885
0.4700634,0.50792885
0.4700784,0.50792885
0.47009343,0.50792885
0.47010845,0.50792885
0.47012347,0.5541601
0.4701385,0.5541601
0.4701535,0.5541601
0.47016853,0.5541601
0.47018355,0.5541601
0.47019857,0.60039186
0.4702136,0.60039186
0.4702286,0.60039186
0.47024363,0.60039186
0.47025865,0.64662313
0.47027367,0.64662313
0.4702887,0.64662313
0.4703037,0.64662313
0.47031873,0.64662313
0.47033376,0.6928544
0.47034878,0.6928544
0.4703638,0.6928544
0.47037882,0.6928544
0.47039384,0.6928544
0.47040886,0.7390857
0.47042388,0.7390857
0.4704389,0.7390857
0.47045392,0.7390857
0.47046894,0.7390857
0.47048396,0.7853174
0.47049898,0.7853174
0.470514,0.7853174
0.47052902,0.7853174
0.47054404,0.7853174
0.47055906,0.8315482
0.47057408,0.8315482
0.4705891,0.8315482
0.47060412,0.8315482
0.47061914,0.8315482
0.4706342,0.87777996
0.4706492,0.87777996
0.47066423,0.87777996
0.47067925,0.87777996
0.47069427,0.92401123
0.4707093,0.92401123
0.4707243,0.92401123
0.47073933,0.92401123
0.47075436,0.92401123
0.47076938,0.970243
0.4707844,0.970243
0.47079942,0.970243
0.47081444,0.970243
0.47082946,0.970243
0.47084448,1.0164738
0.4708595,1.0164738
0.47087452,1.0164738
0.47088954,1.0164738
0.47090456,1.0164738
0.47091958,1.0627055
0.4709346,1.0627055
0.47094962,1.0627055
0.47096464,1.0627055
0.47097966,1.0627055
0.47099468,1.1089368
0.4710097,1.1089368
0.47102472,1.1089368
0.47103974,1.1089368
0.47105476,1.1089368
0.47106978,1.1551685
0.4710848,1.1551685
0.47109982,1.1551685
0.47111484,1.1551685
0.47112986,1.1551685
0.47114488,1.2013993
0.4711599,1.2013993
0.47117493,1.2013993
0.47118995,1.2013993
0.47120497,1.2476311
0.47122,1.2476311
0.471235,1.2476311
0.47125003,1.2476311
0.47126505,1.2476311
0.47128007,1.2938623
0.4712951,1.2938623
0.4713101,1.2938623
0.47132513,1.2938623
0.47134015,1.2938623
0.47135517,1.2938623
0.4713702,1.3400936
0.4713852,1.3400936
0.47140023,1.3400936
0.47141525,1.3400936
0.47143027,1.3400936
0.4714453,1.3863249
0.4714603,1.3863249
0.47147533,1.3863249
0.47149035,1.3863249
0.47150537,1.4325566
0.47152042,1.4325566
0.47153544,1.4325566
0.47155046,1.4325566
0.47156549,1.4325566
0.4715805,1.4325566
0.47159553,1.4787879
0.47161055,1.4787879
0.47162557,1.4787879
0.4716406,1.4787879
0.4716556,1.4787879
0.47167063,1.4787879
0.47168565,1.4787879
0.47170067,1.5250192
0.4717157,1.5250192
0.4717307,1.5250192
0.47174573,1.5250192
0.47176075,1.5250192
0.47177577,1.5712504
0.4717908,1.5712504
0.4718058,1.5712504
0.47182083,1.5712504
0.47183585,1.5712504
0.47185087,1.6174817
0.4718659,1.6174817
0.4718809,1.6174817
0.47189593,1.6174817
0.47191095,1.6174817
0.47192597,1.6637135
0.471941,1.6637135
0.471956,1.6637135
0.47197104,1.6637135
0.47198606,1.6637135
0.47200108,1.6637135
0.4720161,1.7099442
0.47203112,1.7099442
0.47204614,1.7099442
0.47206116,1.7099442
0.47207618,1.7099442
0.4720912,1.756176
0.47210622,1.756176
0.47212124,1.756176
0.47213626,1.756176
0.47215128,1.756176
0.4721663,1.756176
0.47218132,1.756176
0.47219634,1.7099442
0.47221136,1.7099442
0.47222638,1.7099442
0.4722414,1.7099442
0.47225642,1.6637135
0.47227144,1.6637135
0.47228646,1.6637135
0.47230148,1.6637135
0.4723165,1.6174817
0.47233152,1.6174817
0.47234654,1.6174817
0.47236156,1.6174817
0.47237659,1.5712504
0.4723916,1.5712504
0.47240666,1.5712504
0.47242168,1.5712504
0.4724367,1.5712504
0.47245172,1.5250192
0.47246674,1.5250192
0.47248176,1.5250192
0.47249678,1.5250192
0.4725118,1.4787879
0.47252682,1.4787879
0.47254184,1.4787879
0.47255686,1.4787879
0.47257188,1.4787879
0.4725869,1.4787879
0.47260192,1.4787879
0.47261694,1.4325566
0.47263196,1.4325566
0.47264698,1.4325566
0.472662,1.4325566
0.47267702,1.3863249
0.47269204,1.3863249
0.47270706,1.3863249
0.47272208,1.3863249
0.4727371,1.3863249
0.47275212,1.3400936
0.47276714,1.3400936
0.47278216,1.3400936
0.4727972,1.3400936
0.4728122,1.2938623
0.47282723,1.2938623
0.47284225,1.2938623
0.47285727,1.2938623
0.4728723,1.2938623
0.4728873,1.2476311
0.47290233,1.2476311
0.47291735,1.2476311
0.47293237,1.2476311
0.4729474,1.2013993
0.4729624,1.2013993
0.47297743,1.2013993
0.47299245,1.2013993
0.47300747,1.2013993
0.4730225,1.1551685
0.4730375,1.1551685
0.47305253,1.1551685
0.47306755,1.1551685
0.47308257,1.1089368
0.4730976,1.1089368
0.4731126,1.1089368
0.47312763,1.1089368
0.47314265,1.0627055
0.47315767,1.0627055
0.4731727,1.0627055
0.4731877,1.0627055
0.47320274,1.0627055
0.47321776,1.0164738
0.47323278,1.0164738
0.4732478,1.0164738
0.47326282,1.0164738
0.47327787,0.970243
0.4732929,0.970243
0.4733079,0.970243
0.47332293,0.970243
0.47333795,0.92401123
0.47335297,0.92401123
0.473368,0.92401123
0.473383,0.92401123
0.47339803,0.92401123
0.47341305,0.87777996
0.47342807,0.87777996
0.4734431,0.87777996
0.4734581,0.87777996
0.47347313,0.8315482
0.47348815,0.8315482
0.47350317,0.8315482
0.4735182,0.8315482
0.4735332,0.8315482
0.47354823,0.7853174
0.47356325,0.7853174
0.47357827,0.7853174
0.4735933,0.7853174
0.47360831,0.7390857
0.47362334,0.7390857
0.47363836,0.7390857
0.47365338,0.7390857
0.4736684,0.6928544
0.47368342,0.6928544
0.47369844,0.6928544
0.47371346,0.6928544
0.47372848,0.6928544
0.4737435,0.64662313
0.47375852,0.64662313
0.47377354,0.64662313
0.47378856,0.64662313
0.47380358,0.60039186
0.4738186,0.60039186
0.47383362,0.60039186
0.47384864,0.60039186
0.47386366,0.60039186
0.47387868,0.5541601
0.4738937,0.5541601
0.47390872,0.5541601
0.47392374,0.5541601
0.47393876,0.50792885
0.47395378,0.50792885
0.4739688,0.50792885
0.47398382,0.50792885
0.47399884,0.50792885
0.47401386,0.46169758
0.4740289,0.46169758
0.4740439,0.46169758
0.47405893,0.46169758
0.47407395,0.4154663
0.47408897,0.4154663
0.474104,0.4154663
0.474119,0.4154663
0.47413403,0.36923456
0.47414905,0.36923456
0.4741641,0.36923456
0.47417912,0.36923456
0.47419414,0.36923456
0.47420916,0.3230033
0.47422418,0.3230033
0.4742392,0.3230033
0.47425422,0.3230033
0.47426924,0.27677202
0.47428426,0.27677202
0.47429928,0.27677202
0.4743143,0.27677202
0.47432932,0.27677202
0.47434434,0.23054075
0.47435936,0.23054075
0.47437438,0.23054075
0.4743894,0.23054075
0.47440442,0.184309
0.47441944,0.184309
0.47443447,0.184309
0.4744495,0.184309
0.4744645,0.184309
0.47447953,0.13807821
0.47449455,0.13807821
0.47450957,0.13807821
0.4745246,0.13807821
0.4745396,0.091846466
0.47455463,0.091846466
0.47456965,0.091846466
0.47458467,0.091846466
0.4745997,0.091846466
0.4746147,0.045615196
0.47462973,0.045615196
0.47464475,0.045615196
0.47465977,0.045615196
0.4746748,-6.160736E-4
0.4746898,-6.160736E-4
0.47470483,-6.160736E-4
0.47471985,-6.160736E-4
0.47473487,-0.046847343
0.4747499,-0.046847343
0.4747649,-0.046847343
0.47477993,-0.046847343
0.47479495,-0.046847343
0.47480997,-0.09307861
0.474825,-0.09307861
0.47484002,-0.09307861
0.47485504,-0.09307861
0.47487006,-0.13931036
0.47488508,-0.13931036
0.4749001,-0.13931036
0.47491512,-0.13931036
0.47493014,-0.13931036
0.47494516,-0.18554163
0.47496018,-0.18554163
0.4749752,-0.18554163
0.47499022,-0.18554163
0.47500524,-0.2317729
0.47502026,-0.2317729
0.4750353,-0.2317729
0.47505033,-0.2317729
0.47506535,-0.2317729
0.47508037,-0.27800417
0.4750954,-0.27800417
0.4751104,-0.27800417
0.47512543,-0.27800417
0.47514045,-0.32423592
0.47515547,-0.32423592
0.4751705,-0.32423592
0.4751855,-0.32423592
0.47520053,-0.32423592
0.47521555,-0.3704667
0.47523057,-0.3704667
0.4752456,-0.3704667
0.47526062,-0.3704667
0.47527564,-0.41669846
0.47529066,-0.41669846
0.47530568,-0.41669846
0.4753207,-0.41669846
0.47533572,-0.41669846
0.47535074,-0.46292973
0.47536576,-0.46292973
0.47538078,-0.46292973
0.4753958,-0.46292973
0.47541082,-0.5091615
0.47542584,-0.5091615
0.47544086,-0.5091615
0.47545588,-0.5091615
0.4754709,-0.5091615
0.47548592,-0.55539227
0.47550094,-0.55539227
0.47551596,-0.55539227
0.47553098,-0.55539227
0.475546,-0.55539227
0.47556102,-0.601624
0.47557604,-0.601624
0.47559106,-0.601624
0.47560608,-0.601624
0.4756211,-0.6478553
0.47563612,-0.6478553
0.47565114,-0.6478553
0.47566617,-0.6478553
0.4756812,-0.6478553
0.4756962,-0.694087
0.47571123,-0.694087
0.47572625,-0.694087
0.47574127,-0.694087
0.4757563,-0.7403178
0.4757713,-0.7403178
0.47578633,-0.7403178
0.47580135,-0.7403178
0.47581637,-0.7403178
0.4758314,-0.78654957
0.4758464,-0.78654957
0.47586143,-0.78654957
0.47587645,-0.78654957
0.47589147,-0.78654957
0.4759065,-0.83278084
0.47592154,-0.83278084
0.47593656,-0.83278084
0.47595158,-0.83278084
0.4759666,-0.83278084
0.47598162,-0.8790121
0.47599664,-0.8790121
0.47601166,-0.8790121
0.47602668,-0.8790121
0.4760417,-0.8790121
0.47605672,-0.9252434
0.47607175,-0.9252434
0.47608677,-0.9252434
0.4761018,-0.9252434
0.4761168,-0.9714751
0.47613183,-0.9714751
0.47614685,-0.9714751
0.47616187,-0.9714751
0.4761769,-0.9714751
0.4761919,-1.0177064
0.47620693,-1.0177064
0.47622195,-1.0177064
0.47623697,-1.0177064
0.476252,-1.0639377
0.476267,-1.0639377
0.47628203,-1.0639377
0.47629705,-1.0639377
0.47631207,-1.0639377
0.4763271,-1.1101689
0.4763421,-1.1101689
0.47635713,-1.1101689
0.47637215,-1.1101689
0.47638717,-1.1101689
0.4764022,-1.1564007
0.4764172,-1.1564007
0.47643223,-1.1564007
0.47644725,-1.1564007
0.47646227,-1.1564007
0.4764773,-1.202632
0.47649232,-1.202632
0.47650734,-1.202632
0.47652236,-1.202632
0.47653738,-1.202632
0.4765524,-1.2488632
0.47656742,-1.2488632
0.47658244,-1.2488632
0.47659746,-1.2488632
0.47661248,-1.2488632
0.4766275,-1.2950945
0.47664252,-1.2950945
0.47665754,-1.2950945
0.47667256,-1.2950945
0.47668758,-1.3413262
0.4767026,-1.3413262
0.47671762,-1.3413262
0.47673264,-1.3413262
0.47674766,-1.3413262
0.47676268,-1.387557
0.4767777,-1.387557
0.47679272,-1.387557
0.47680777,-1.387557
0.4768228,-1.387557
0.4768378,-1.4337888
0.47685283,-1.4337888
0.47686785,-1.4337888
0.47688287,-1.4337888
0.4768979,-1.4337888
0.47691292,-1.48002
0.47692794,-1.48002
0.47694296,-1.48002
0.47695798,-1.48002
0.476973,-1.48002
0.47698802,-1.48002
0.47700304,-1.48002
0.47701806,-1.5262513
0.47703308,-1.5262513
0.4770481,-1.5262513
0.47706312,-1.5262513
0.47707814,-1.5262513
0.47709316,-1.5262513
0.47710818,-1.5724826
0.4771232,-1.5724826
0.47713822,-1.5724826
0.47715324,-1.5724826
0.47716826,-1.6187139
0.47718328,-1.6187139
0.4771983,-1.6187139
0.47721332,-1.6187139
0.47722834,-1.6187139
0.47724336,-1.6187139
0.47725838,-1.6187139
0.4772734,-1.6187139
0.47728842,-1.6187139
0.47730345,-1.5724826
0.47731847,-1.5724826
0.4773335,-1.5724826
0.4773485,-1.5724826
0.47736353,-1.5262513
0.47737855,-1.5262513
0.47739357,-1.5262513
0.4774086,-1.5262513
0.4774236,-1.5262513
0.47743863,-1.48002
0.47745365,-1.48002
0.47746867,-1.48002
0.4774837,-1.48002
0.4774987,-1.48002
0.47751373,-1.48002
0.47752875,-1.48002
0.47754377,-1.4337888
0.4775588,-1.4337888
0.4775738,-1.4337888
0.47758883,-1.4337888
0.47760385,-1.4337888
0.47761887,-1.387557
0.4776339,-1.387557
0.4776489,-1.387557
0.47766393,-1.387557
0.47767898,-1.3413262
0.477694,-1.3413262
0.47770903,-1.3413262
0.47772405,-1.3413262
0.47773907,-1.3413262
0.4777541,-1.2950945
0.4777691,-1.2950945
0.47778413,-1.2950945
0.47779915,-1.2950945
0.47781417,-1.2950945
0.4778292,-1.2488632
0.4778442,-1.2488632
0.47785923,-1.2488632
0.47787425,-1.2488632
0.47788927,-1.202632
0.4779043,-1.202632
0.4779193,-1.202632
0.47793433,-1.202632
0.47794935,-1.202632
0.47796437,-1.1564007
0.4779794,-1.1564007
0.4779944,-1.1564007
0.47800943,-1.1564007
0.47802445,-1.1564007
0.47803947,-1.1101689
0.4780545,-1.1101689
0.4780695,-1.1101689
0.47808453,-1.1101689
0.47809955,-1.0639377
0.47811458,-1.0639377
0.4781296,-1.0639377
0.47814462,-1.0639377
0.47815964,-1.0639377
0.47817466,-1.0177064
0.47818968,-1.0177064
0.4782047,-1.0177064
0.47821972,-1.0177064
0.47823474,-1.0177064
0.47824976,-0.9714751
0.47826478,-0.9714751
0.4782798,-0.9714751
0.47829482,-0.9714751
0.47830984,-0.9252434
0.47832486,-0.9252434
0.47833988,-0.9252434
0.4783549,-0.9252434
0.47836992,-0.9252434
0.47838494,-0.8790121
0.47839996,-0.8790121
0.47841498,-0.8790121
0.47843,-0.8790121
0.47844502,-0.83278084
0.47846004,-0.83278084
0.47847506,-0.83278084
0.47849008,-0.83278084
0.4785051,-0.83278084
0.47852013,-0.78654957
0.47853515,-0.78654957
0.47855017,-0.78654957
0.47856522,-0.78654957
0.47858024,-0.78654957
0.47859526,-0.7403178
0.47861028,-0.7403178
0.4786253,-0.7403178
0.47864032,-0.7403178
0.47865534,-0.7403178
0.47867036,-0.694087
0.47868538,-0.694087
0.4787004,-0.694087
0.47871542,-0.694087
0.47873044,-0.6478553
0.47874546,-0.6478553
0.47876048,-0.6478553
0.4787755,-0.6478553
0.47879052,-0.6478553
0.47880554,-0.601624
0.47882056,-0.601624
0.47883558,-0.601624
0.4788506,-0.601624
0.47886562,-0.55539227
0.47888064,-0.55539227
0.47889566,-0.55539227
0.47891068,-0.55539227
0.4789257,-0.55539227
0.47894073,-0.5091615
0.47895575,-0.5091615
0.47897077,-0.5091615
0.4789858,-0.5091615
0.4790008,-0.5091615
0.47901583,-0.46292973
0.47903085,-0.46292973
0.47904587,-0.46292973
0.4790609,-0.46292973
0.4790759,-0.41669846
0.47909093,-0.41669846
0.47910595,-0.41669846
0.47912097,-0.41669846
0.479136,-0.41669846
0.479151,-0.3704667
0.47916603,-0.3704667
0.47918105,-0.3704667
0.47919607,-0.3704667
0.4792111,-0.3704667
0.4792261,-0.32423592
0.47924113,-0.32423592
0.47925615,-0.32423592
0.47927117,-0.32423592
0.4792862,-0.32423592
0.4793012,-0.27800417
0.47931623,-0.27800417
0.47933125,-0.27800417
0.47934628,-0.27800417
0.4793613,-0.2317729
0.47937632,-0.2317729
0.47939134,-0.2317729
0.47940636,-0.2317729
0.47942138,-0.2317729
0.4794364,-0.18554163
0.47945145,-0.18554163
0.47946647,-0.18554163
0.4794815,-0.18554163
0.4794965,-0.13931036
0.47951153,-0.13931036
0.47952655,-0.13931036
0.47954157,-0.13931036
0.4795566,-0.13931036
0.4795716,-0.09307861
0.47958663,-0.09307861
0.47960165,-0.09307861
0.47961667,-0.09307861
0.4796317,-0.09307861
0.4796467,-0.046847343
0.47966173,-0.046847343
0.47967675,-0.046847343
0.47969177,-0.046847343
0.4797068,-0.046847343
0.4797218,-6.160736E-4
0.47973683,-6.160736E-4
0.47975186,-6.160736E-4
0.47976688,-6.160736E-4
0.4797819,0.045615196
0.47979692,0.045615196
0.47981194,0.045615196
0.47982696,0.045615196
0.47984198,0.091846466
0.479857,0.091846466
0.47987202,0.091846466
0.47988704,0.091846466
0.47990206,0.091846466
0.47991708,0.13807821
0.4799321,0.13807821
0.47994712,0.13807821
0.47996214,0.13807821
0.47997716,0.13807821
0.47999218,0.184309
0.4800072,0.184309
0.48002222,0.184309
0.48003724,0.184309
0.48005226,0.23054075
0.48006728,0.23054075
0.4800823,0.23054075
0.48009732,0.23054075
0.48011234,0.23054075
0.48012736,0.27677202
0.48014238,0.27677202
0.4801574,0.27677202
0.48017243,0.27677202
0.48018745,0.27677202
0.48020247,0.3230033
0.4802175,0.3230033
0.4802325,0.3230033
0.48024753,0.3230033
0.48026255,0.3230033
0.48027757,0.36923456
0.4802926,0.36923456
0.4803076,0.36923456
0.48032266,0.36923456
0.48033768,0.4154663
0.4803527,0.4154663
0.48036772,0.4154663
0.48038274,0.4154663
0.48039776,0.4154663
0.48041278,0.46169758
0.4804278,0.46169758
0.48044282,0.46169758
0.48045784,0.46169758
0.48047286,0.46169758
0.48048788,0.50792885
0.4805029,0.50792885
0.48051792,0.50792885
0.48053294,0.50792885
0.48054796,0.50792885
0.48056298,0.5541601
0.480578,0.5541601
0.48059303,0.5541601
0.48060805,0.5541601
0.48062307,0.60039186
0.4806381,0.60039186
0.4806531,0.60039186
0.48066813,0.60039186
0.48068315,0.60039186
0.48069817,0.64662313
0.4807132,0.64662313
0.4807282,0.64662313
0.48074323,0.64662313
0.48075825,0.64662313
0.48077327,0.6928544
0.4807883,0.6928544
0.4808033,0.6928544
0.48081833,0.6928544
0.48083335,0.6928544
0.48084837,0.7390857
0.4808634,0.7390857
0.4808784,0.7390857
0.48089343,0.7390857
0.48090845,0.7390857
0.48092347,0.7853174
0.4809385,0.7853174
0.4809535,0.7853174
0.48096853,0.7853174
0.48098356,0.8315482
0.48099858,0.8315482
0.4810136,0.8315482
0.48102862,0.8315482
0.48104364,0.8315482
0.48105866,0.87777996
0.48107368,0.87777996
0.4810887,0.87777996
0.48110372,0.87777996
0.48111874,0.87777996
0.48113376,0.92401123
0.48114878,0.92401123
0.4811638,0.92401123
0.48117882,0.92401123
0.48119384,0.92401123
0.4812089,0.970243
0.4812239,0.970243
0.48123893,0.970243
0.48125395,0.970243
0.48126897,0.970243
0.481284,1.0164738
0.481299,1.0164738
0.48131403,1.0164738
0.48132905,1.0164738
0.48134407,1.0164738
0.4813591,1.0627055
0.4813741,1.0627055
0.48138914,1.0627055
0.48140416,1.0627055
0.48141918,1.0627055
0.4814342,1.1089368
0.48144922,1.1089368
0.48146424,1.1089368
0.48147926,1.1089368
0.48149428,1.1551685
0.4815093,1.1551685
0.48152432,1.1551685
0.48153934,1.1551685
0.48155436,1.1551685
0.48156938,1.2013993
0.4815844,1.2013993
0.48159942,1.2013993
0.48161444,1.2013993
0.48162946,1.2013993
0.48164448,1.2476311
0.4816595,1.2476311
0.48167452,1.2476311
0.48168954,1.2476311
0.48170456,1.2476311
0.48171958,1.2938623
0.4817346,1.2938623
0.48174962,1.2938623
0.48176464,1.2938623
0.48177966,1.2938623
0.4817947,1.3400936
0.4818097,1.3400936
0.48182473,1.3400936
0.48183975,1.3400936
0.48185477,1.3400936
0.4818698,1.3863249
0.4818848,1.3863249
0.48189983,1.3863249
0.48191485,1.3863249
0.48192987,1.3863249
0.4819449,1.4325566
0.4819599,1.4325566
0.48197493,1.4325566
0.48198995,1.4325566
0.48200497,1.4325566
0.48202,1.4787879
0.482035,1.4787879
0.48205003,1.4787879
0.48206505,1.4787879
0.4820801,1.4787879
0.48209512,1.4787879
0.48211014,1.4787879
0.48212516,1.4787879
0.48214018,1.5250192
0.4821552,1.5250192
0.48217022,1.5250192
0.48218524,1.5250192
0.48220026,1.5250192
0.4822153,1.5712504
0.4822303,1.5712504
0.48224533,1.5712504
0.48226035,1.5712504
0.48227537,1.5712504
0.4822904,1.6174817
0.4823054,1.6174817
0.48232043,1.6174817
0.48233545,1.6174817
0.48235047,1.6174817
0.4823655,1.6637135
0.4823805,1.6637135
0.48239553,1.6637135
0.48241055,1.6637135
0.48242557,1.6637135
0.4824406,1.7099442
0.4824556,1.7099442
0.48247063,1.7099442
0.48248565,1.7099442
0.48250067,1.7099442
0.4825157,1.756176
0.4825307,1.756176
0.48254573,1.756176
0.48256075,1.756176
0.48257577,1.756176
0.4825908,1.756176
0.48260581,1.756176
0.48262084,1.7099442
0.48263586,1.7099442
0.48265088,1.7099442
0.4826659,1.7099442
0.48268092,1.7099442
0.48269594,1.6637135
0.48271096,1.6637135
0.48272598,1.6637135
0.482741,1.6637135
0.48275602,1.6174817
0.48277104,1.6174817
0.48278606,1.6174817
0.48280108,1.6174817
0.4828161,1.5712504
0.48283112,1.5712504
0.48284614,1.5712504
0.48286116,1.5712504
0.48287618,1.5712504
0.4828912,1.5250192
0.48290622,1.5250192
0.48292124,1.5250192
0.48293626,1.5250192
0.48295128,1.4787879
0.48296633,1.4787879
0.48298135,1.4787879
0.48299637,1.4787879
0.4830114,1.4787879
0.48302642,1.4787879
0.48304144,1.4787879
0.48305646,1.4325566
0.48307148,1.4325566
0.4830865,1.4325566
0.48310152,1.4325566
0.48311654,1.3863249
0.48313156,1.3863249
0.48314658,1.3863249
0.4831616,1.3863249
0.48317662,1.3863249
0.48319164,1.3400936
0.48320666,1.3400936
0.48322168,1.3400936
0.4832367,1.3400936
0.48325172,1.2938623
0.48326674,1.2938623
0.48328176,1.2938623
0.48329678,1.2938623
0.4833118,1.2476311
0.48332682,1.2476311
0.48334184,1.2476311
0.48335686,1.2476311
0.48337188,1.2476311
0.4833869,1.2013993
0.48340192,1.2013993
0.48341694,1.2013993
0.48343197,1.2013993
0.483447,1.1551685
0.483462,1.1551685
0.48347703,1.1551685
0.48349205,1.1551685
0.48350707,1.1089368
0.4835221,1.1089368
0.4835371,1.1089368
0.48355213,1.1089368
0.48356715,1.1089368
0.48358217,1.0627055
0.4835972,1.0627055
0.4836122,1.0627055
0.48362723,1.0627055
0.48364225,1.0164738
0.48365727,1.0164738
0.4836723,1.0164738
0.4836873,1.0164738
0.48370233,1.0164738
0.48371735,0.970243
0.48373237,0.970243
0.4837474,0.970243
0.4837624,0.970243
0.48377743,0.92401123
0.48379245,0.92401123
0.48380747,0.92401123
0.4838225,0.92401123
0.48383752,0.87777996
0.48385257,0.87777996
0.4838676,0.87777996
0.4838826,0.87777996
0.48389763,0.87777996
0.48391265,0.8315482
0.48392767,0.8315482
0.4839427,0.8315482
0.4839577,0.8315482
0.48397273,0.7853174
0.48398775,0.7853174
0.48400277,0.7853174
0.4840178,0.7853174
0.4840328,0.7853174
0.48404783,0.7390857
0.48406285,0.7390857
0.48407787,0.7390857
0.4840929,0.7390857
0.4841079,0.6928544
0.48412293,0.6928544
0.48413795,0.6928544
0.48415297,0.6928544
0.484168,0.64662313
0.484183,0.64662313
0.48419803,0.64662313
0.48421305,0.64662313
0.48422807,0.64662313
0.4842431,0.60039186
0.48425812,0.60039186
0.48427314,0.60039186
0.48428816,0.60039186
0.48430318,0.5541601
0.4843182,0.5541601
0.48433322,0.5541601
0.48434824,0.5541601
0.48436326,0.5541601
0.48437828,0.50792885
0.4843933,0.50792885
0.48440832,0.50792885
0.48442334,0.50792885
0.48443836,0.46169758
0.48445338,0.46169758
0.4844684,0.46169758
0.48448342,0.46169758
0.48449844,0.46169758
0.48451346,0.4154663
0.48452848,0.4154663
0.4845435,0.4154663
0.48455852,0.4154663
0.48457354,0.36923456
0.48458856,0.36923456
0.48460358,0.36923456
0.4846186,0.36923456
0.48463362,0.36923456
0.48464864,0.3230033
0.48466367,0.3230033
0.4846787,0.3230033
0.4846937,0.3230033
0.48470873,0.27677202
0.48472378,0.27677202
0.4847388,0.27677202
0.48475382,0.27677202
0.48476884,0.27677202
0.48478386,0.23054075
0.48479888,0.23054075
0.4848139,0.23054075
0.48482892,0.23054075
0.48484394,0.184309
0.48485896,0.184309
0.48487398,0.184309
0.484889,0.184309
0.48490402,0.13807821
0.48491904,0.13807821
0.48493406,0.13807821
0.48494908,0.13807821
0.4849641,0.13807821
0.48497912,0.091846466
0.48499414,0.091846466
0.48500916,0.091846466
0.48502418,0.091846466
0.4850392,0.045615196
0.48505422,0.045615196
0.48506925,0.045615196
0.48508427,0.045615196
0.4850993,0.045615196
0.4851143,-6.160736E-4
0.48512933,-6.160736E-4
0.48514435,-6.160736E-4
0.48515937,-6.160736E-4
0.4851744,-0.046847343
0.4851894,-0.046847343
0.48520443,-0.046847343
0.48521945,-0.046847343
0.48523447,-0.09307861
0.4852495,-0.09307861
0.4852645,-0.09307861
0.48527953,-0.09307861
0.48529455,-0.09307861
0.48530957,-0.13931036
0.4853246,-0.13931036
0.4853396,-0.13931036
0.48535463,-0.13931036
0.48536965,-0.18554163
0.48538467,-0.18554163
0.4853997,-0.18554163
0.4854147,-0.18554163
0.48542973,-0.18554163
0.48544475,-0.2317729
0.48545977,-0.2317729
0.4854748,-0.2317729
0.48548982,-0.2317729
0.48550484,-0.27800417
0.48551986,-0.27800417
0.48553488,-0.27800417
0.4855499,-0.27800417
0.48556492,-0.27800417
0.48557994,-0.32423592
0.48559496,-0.32423592
0.48561,-0.32423592
0.48562503,-0.32423592
0.48564005,-0.32423592
0.48565507,-0.3704667
0.4856701,-0.3704667
0.4856851,-0.3704667
0.48570013,-0.3704667
0.48571515,-0.41669846
0.48573017,-0.41669846
0.4857452,-0.41669846
0.4857602,-0.41669846
0.48577523,-0.46292973
0.48579025,-0.46292973
0.48580527,-0.46292973
0.4858203,-0.46292973
0.4858353,-0.46292973
0.48585033,-0.5091615
0.48586535,-0.5091615
0.48588037,-0.5091615
0.4858954,-0.5091615
0.48591042,-0.5091615
0.48592544,-0.55539227
0.48594046,-0.55539227
0.48595548,-0.55539227
0.4859705,-0.55539227
0.48598552,-0.601624
0.48600054,-0.601624
0.48601556,-0.601624
0.48603058,-0.601624
0.4860456,-0.601624
0.48606062,-0.6478553
0.48607564,-0.6478553
0.48609066,-0.6478553
0.48610568,-0.6478553
0.4861207,-0.6478553
0.48613572,-0.694087
0.48615074,-0.694087
0.48616576,-0.694087
0.48618078,-0.694087
0.4861958,-0.7403178
0.48621082,-0.7403178
0.48622584,-0.7403178
0.48624086,-0.7403178
0.48625588,-0.7403178
0.4862709,-0.78654957
0.48628592,-0.78654957
0.48630095,-0.78654957
0.48631597,-0.78654957
0.486331,-0.78654957
0.486346,-0.83278084
0.48636103,-0.83278084
0.48637605,-0.83278084
0.48639107,-0.83278084
0.4864061,-0.8790121
0.4864211,-0.8790121
0.48643613,-0.8790121
0.48645115,-0.8790121
0.48646617,-0.8790121
0.48648122,-0.9252434
0.48649624,-0.9252434
0.48651126,-0.9252434
0.48652628,-0.9252434
0.4865413,-0.9252434
0.48655632,-0.9714751
0.48657134,-0.9714751
0.48658636,-0.9714751
0.48660138,-0.9714751
0.4866164,-1.0177064
0.48663142,-1.0177064
0.48664644,-1.0177064
0.48666146,-1.0177064
0.48667648,-1.0177064
0.4866915,-1.0639377
0.48670653,-1.0639377
0.48672155,-1.0639377
0.48673657,-1.0639377
0.4867516,-1.0639377
0.4867666,-1.1101689
0.48678163,-1.1101689
0.48679665,-1.1101689
0.48681167,-1.1101689
0.4868267,-1.1101689
0.4868417,-1.1564007
0.48685673,-1.1564007
0.48687175,-1.1564007
0.48688677,-1.1564007
0.4869018,-1.202632
0.4869168,-1.202632
0.48693183,-1.202632
0.48694685,-1.202632
0.48696187,-1.202632
0.4869769,-1.2488632
0.4869919,-1.2488632
0.48700693,-1.2488632
0.48702195,-1.2488632
0.48703697,-1.2488632
0.487052,-1.2950945
0.487067,-1.2950945
0.48708203,-1.2950945
0.48709705,-1.2950945
0.48711208,-1.2950945
0.4871271,-1.3413262
0.48714212,-1.3413262
0.48715714,-1.3413262
0.48717216,-1.3413262
0.48718718,-1.3413262
0.4872022,-1.387557
0.48721722,-1.387557
0.48723224,-1.387557
0.48724726,-1.387557
0.48726228,-1.4337888
0.4872773,-1.4337888
0.48729232,-1.4337888
0.48730734,-1.4337888
0.48732236,-1.4337888
0.48733738,-1.48002
0.4873524,-1.48002
0.48736745,-1.48002
0.48738247,-1.48002
0.4873975,-1.48002
0.4874125,-1.48002
0.48742753,-1.48002
0.48744255,-1.48002
0.48745757,-1.5262513
0.4874726,-1.5262513
0.4874876,-1.5262513
0.48750263,-1.5262513
0.48751765,-1.5262513
0.48753268,-1.5724826
0.4875477,-1.5724826
0.48756272,-1.5724826
0.48757774,-1.5724826
0.48759276,-1.5724826
0.48760778,-1.6187139
0.4876228,-1.6187139
0.48763782,-1.6187139
0.48765284,-1.6187139
0.48766786,-1.6187139
0.48768288,-1.6187139
0.4876979,-1.6187139
0.48771292,-1.6187139
0.48772794,-1.5724826
0.48774296,-1.5724826
0.48775798,-1.5724826
0.487773,-1.5724826
0.48778802,-1.5724826
0.48780304,-1.5262513
0.48781806,-1.5262513
0.48783308,-1.5262513
0.4878481,-1.5262513
0.48786312,-1.5262513
0.48787814,-1.48002
0.48789316,-1.48002
0.48790818,-1.48002
0.4879232,-1.48002
0.48793823,-1.48002
0.48795325,-1.48002
0.48796827,-1.48002
0.4879833,-1.4337888
0.4879983,-1.4337888
0.48801333,-1.4337888
0.48802835,-1.4337888
0.48804337,-1.387557
0.4880584,-1.387557
0.4880734,-1.387557
0.48808843,-1.387557
0.48810345,-1.387557
0.48811847,-1.3413262
0.4881335,-1.3413262
0.4881485,-1.3413262
0.48816353,-1.3413262
0.48817855,-1.2950945
0.48819357,-1.2950945
0.4882086,-1.2950945
0.4882236,-1.2950945
0.48823863,-1.2950945
0.48825368,-1.2488632
0.4882687,-1.2488632
0.48828372,-1.2488632
0.48829874,-1.2488632
0.48831376,-1.2488632
0.48832878,-1.202632
0.4883438,-1.202632
0.48835883,-1.202632
0.48837385,-1.202632
0.48838887,-1.202632
0.4884039,-1.1564007
0.4884189,-1.1564007
0.48843393,-1.1564007
0.48844895,-1.1564007
0.48846397,-1.1101689
0.488479,-1.1101689
0.488494,-1.1101689
0.48850903,-1.1101689
0.48852405,-1.1101689
0.48853907,-1.0639377
0.4885541,-1.0639377
0.4885691,-1.0639377
0.48858413,-1.0639377
0.48859915,-1.0177064
0.48861417,-1.0177064
0.4886292,-1.0177064
0.4886442,-1.0177064
0.48865923,-1.0177064
0.48867425,-0.9714751
0.48868927,-0.9714751
0.4887043,-0.9714751
0.4887193,-0.9714751
0.48873433,-0.9714751
0.48874936,-0.9252434
0.48876438,-0.9252434
0.4887794,-0.9252434
0.48879442,-0.9252434
0.48880944,-0.8790121
0.48882446,-0.8790121
0.48883948,-0.8790121
0.4888545,-0.8790121
0.48886952,-0.8790121
0.48888454,-0.83278084
0.48889956,-0.83278084
0.48891458,-0.83278084
0.4889296,-0.83278084
0.48894462,-0.83278084
0.48895964,-0.78654957
0.48897466,-0.78654957
0.48898968,-0.78654957
0.4890047,-0.78654957
0.48901972,-0.7403178
0.48903474,-0.7403178
0.48904976,-0.7403178
0.48906478,-0.7403178
0.4890798,-0.7403178
0.48909482,-0.694087
0.48910984,-0.694087
0.4891249,-0.694087
0.4891399,-0.694087
0.48915493,-0.694087
0.48916996,-0.6478553
0.48918498,-0.6478553
0.4892,-0.6478553
0.48921502,-0.6478553
0.48923004,-0.601624
0.48924506,-0.601624
0.48926008,-0.601624
0.4892751,-0.601624
0.48929012,-0.601624
0.48930514,-0.55539227
0.48932016,-0.55539227
0.48933518,-0.55539227
0.4893502,-0.55539227
0.48936522,-0.55539227
0.48938024,-0.5091615
0.48939526,-0.5091615
0.48941028,-0.5091615
0.4894253,-0.5091615
0.48944032,-0.46292973
0.48945534,-0.46292973
0.48947036,-0.46292973
0.48948538,-0.46292973
0.4895004,-0.46292973
0.48951542,-0.41669846
0.48953044,-0.41669846
0.48954546,-0.41669846
0.48956048,-0.41669846
0.4895755,-0.41669846
0.48959053,-0.3704667
0.48960555,-0.3704667
0.48962057,-0.3704667
0.4896356,-0.3704667
0.4896506,-0.32423592
0.48966563,-0.32423592
0.48968065,-0.32423592
0.48969567,-0.32423592
0.4897107,-0.32423592
0.4897257,-0.27800417
0.48974073,-0.27800417
0.48975575,-0.27800417
0.48977077,-0.27800417
0.4897858,-0.27800417
0.4898008,-0.2317729
0.48981583,-0.2317729
0.48983085,-0.2317729
0.48984587,-0.2317729
0.4898609,-0.18554163
0.4898759,-0.18554163
0.48989093,-0.18554163
0.48990595,-0.18554163
0.48992097,-0.18554163
0.489936,-0.13931036
0.489951,-0.13931036
0.48996603,-0.13931036
0.48998106,-0.13931036
0.48999608,-0.13931036
0.49001113,-0.09307861
0.49002615,-0.09307861
0.49004117,-0.09307861
0.4900562,-0.09307861
0.4900712,-0.046847343
0.49008623,-0.046847343
0.49010125,-0.046847343
0.49011627,-0.046847343
0.4901313,-0.046847343
0.4901463,-6.160736E-4
0.49016133,-6.160736E-4
0.49017635,-6.160736E-4
0.49019137,-6.160736E-4
0.4902064,0.045615196
0.4902214,0.045615196
0.49023643,0.045615196
0.49025145,0.045615196
0.49026647,0.045615196
0.4902815,0.091846466
0.4902965,0.091846466
0.49031153,0.091846466
0.49032655,0.091846466
0.49034157,0.091846466
0.4903566,0.13807821
0.4903716,0.13807821
0.49038664,0.13807821
0.49040166,0.13807821
0.49041668,0.13807821
0.4904317,0.184309
0.49044672,0.184309
0.49046174,0.184309
0.49047676,0.184309
0.49049178,0.23054075
0.4905068,0.23054075
0.49052182,0.23054075
0.49053684,0.23054075
0.49055186,0.27677202
0.49056688,0.27677202
0.4905819,0.27677202
0.49059692,0.27677202
0.49061194,0.27677202
0.49062696,0.3230033
0.49064198,0.3230033
0.490657,0.3230033
0.49067202,0.3230033
0.49068704,0.3230033
0.49070206,0.36923456
0.49071708,0.36923456
0.4907321,0.36923456
0.49074712,0.36923456
0.49076214,0.36923456
0.49077716,0.4154663
0.49079219,0.4154663
0.4908072,0.4154663
0.49082223,0.4154663
0.49083725,0.46169758
0.49085227,0.46169758
0.4908673,0.46169758
0.4908823,0.46169758
0.49089736,0.46169758
0.49091238,0.50792885
0.4909274,0.50792885
0.49094242,0.50792885
0.49095744,0.50792885
0.49097246,0.50792885
0.49098748,0.5541601
0.4910025,0.5541601
0.49101752,0.5541601
0.49103254,0.5541601
0.49104756,0.5541601
0.49106258,0.60039186
0.4910776,0.60039186
0.49109262,0.60039186
0.49110764,0.60039186
0.49112266,0.60039186
0.49113768,0.64662313
0.4911527,0.64662313
0.49116772,0.64662313
0.49118274,0.64662313
0.49119776,0.64662313
0.4912128,0.6928544
0.4912278,0.6928544
0.49124283,0.6928544
0.49125785,0.6928544
0.49127287,0.7390857
0.4912879,0.7390857
0.4913029,0.7390857
0.49131793,0.7390857
0.49133295,0.7390857
0.49134797,0.7853174
0.491363,0.7853174
0.491378,0.7853174
0.49139303,0.7853174
0.49140805,0.7853174
0.49142307,0.8315482
0.4914381,0.8315482
0.4914531,0.8315482
0.49146813,0.8315482
0.49148315,0.8315482
0.49149817,0.87777996
0.4915132,0.87777996
0.4915282,0.87777996
0.49154323,0.87777996
0.49155825,0.87777996
0.49157327,0.92401123
0.4915883,0.92401123
0.4916033,0.92401123
0.49161834,0.92401123
0.49163336,0.92401123
0.49164838,0.970243
0.4916634,0.970243
0.49167842,0.970243
0.49169344,0.970243
0.49170846,1.0164738
0.49172348,1.0164738
0.4917385,1.0164738
0.49175352,1.0164738
0.49176857,1.0164738
0.4917836,1.0627055
0.4917986,1.0627055
0.49181363,1.0627055
0.49182865,1.0627055
0.49184367,1.0627055
0.4918587,1.1089368
0.4918737,1.1089368
0.49188873,1.1089368
0.49190375,1.1089368
0.49191877,1.1089368
0.4919338,1.1551685
0.4919488,1.1551685
0.49196383,1.1551685
0.49197885,1.1551685
0.49199387,1.1551685
0.4920089,1.2013993
0.49202392,1.2013993
0.49203894,1.2013993
0.49205396,1.2013993
0.49206898,1.2013993
0.492084,1.2476311
0.49209902,1.2476311
0.49211404,1.2476311
0.49212906,1.2476311
0.49214408,1.2476311
0.4921591,1.2938623
0.49217412,1.2938623
0.49218914,1.2938623
0.49220416,1.2938623
0.49221918,1.2938623
0.4922342,1.3400936
0.49224922,1.3400936
0.49226424,1.3400936
0.49227926,1.3400936
0.49229428,1.3400936
0.4923093,1.3863249
0.49232432,1.3863249
0.49233934,1.3863249
0.49235436,1.3863249
0.49236938,1.4325566
0.4923844,1.4325566
0.49239942,1.4325566
0.49241444,1.4325566
0.49242947,1.4325566
0.4924445,1.4325566
0.4924595,1.4787879
0.49247453,1.4787879
0.49248955,1.4787879
0.49250457,1.4787879
0.4925196,1.4787879
0.4925346,1.4787879
0.49254963,1.4787879
0.49256465,1.5250192
0.49257967,1.5250192
0.4925947,1.5250192
0.4926097,1.5250192
0.49262473,1.5250192
0.49263975,1.5250192
0.4926548,1.5712504
0.49266982,1.5712504
0.49268484,1.5712504
0.49269986,1.5712504
0.49271488,1.5712504
0.4927299,1.6174817
0.49274492,1.6174817
0.49275994,1.6174817
0.49277496,1.6174817
0.49278998,1.6174817
0.492805,1.6637135
0.49282002,1.6637135
0.49283504,1.6637135
0.49285007,1.6637135
0.4928651,1.6637135
0.4928801,1.7099442
0.49289513,1.7099442
0.49291015,1.7099442
0.49292517,1.7099442
0.4929402,1.7099442
0.4929552,1.756176
0.49297023,1.756176
0.49298525,1.756176
0.49300027,1.756176
0.4930153,1.756176
0.4930303,1.756176
0.49304533,1.756176
0.49306035,1.7099442
0.49307537,1.7099442
0.4930904,1.7099442
0.4931054,1.7099442
0.49312043,1.6637135
0.49313545,1.6637135
0.49315047,1.6637135
0.4931655,1.6637135
0.4931805,1.6637135
0.49319553,1.6174817
0.49321055,1.6174817
0.49322557,1.6174817
0.4932406,1.6174817
0.49325562,1.5712504
0.49327064,1.5712504
0.49328566,1.5712504
0.49330068,1.5712504
0.4933157,1.5250192
0.49333072,1.5250192
0.49334574,1.5250192
0.49336076,1.5250192
0.49337578,1.5250192
0.4933908,1.4787879
0.49340582,1.4787879
0.49342084,1.4787879
0.49343586,1.4787879
0.49345088,1.4787879
0.4934659,1.4787879
0.49348092,1.4325566
0.49349594,1.4325566
0.49351096,1.4325566
0.493526,1.4325566
0.49354103,1.4325566
0.49355605,1.3863249
0.49357107,1.3863249
0.4935861,1.3863249
0.4936011,1.3863249
0.49361613,1.3400936
0.49363115,1.3400936
0.49364617,1.3400936
0.4936612,1.3400936
0.49367622,1.3400936
0.49369124,1.2938623
0.49370626,1.2938623
0.49372128,1.2938623
0.4937363,1.2938623
0.49375132,1.2476311
0.49376634,1.2476311
0.49378136,1.2476311
0.49379638,1.2476311
0.4938114,1.2013993
0.49382642,1.2013993
0.49384144,1.2013993
0.49385646,1.2013993
0.49387148,1.2013993
0.4938865,1.1551685
0.49390152,1.1551685
0.49391654,1.1551685
0.49393156,1.1551685
0.49394658,1.1089368
0.4939616,1.1089368
0.49397662,1.1089368
0.49399164,1.1089368
0.49400666,1.0627055
0.49402168,1.0627055
0.4940367,1.0627055
0.49405172,1.0627055
0.49406675,1.0627055
0.49408177,1.0164738
0.4940968,1.0164738
0.4941118,1.0164738
0.49412683,1.0164738
0.49414185,0.970243
0.49415687,0.970243
0.4941719,0.970243
0.4941869,0.970243
0.49420193,0.970243
0.49421695,0.92401123
0.49423197,0.92401123
0.494247,0.92401123
0.494262,0.92401123
0.49427703,0.87777996
0.49429205,0.87777996
0.49430707,0.87777996
0.4943221,0.87777996
0.4943371,0.87777996
0.49435213,0.8315482
0.49436715,0.8315482
0.49438217,0.8315482
0.4943972,0.8315482
0.49441224,0.7853174
0.49442726,0.7853174
0.49444228,0.7853174
0.4944573,0.7853174
0.49447232,0.7390857
0.49448735,0.7390857
0.49450237,0.7390857
0.4945174,0.7390857
0.4945324,0.7390857
0.49454743,0.6928544
0.49456245,0.6928544
0.49457747,0.6928544
0.4945925,0.6928544
0.4946075,0.64662313
0.49462253,0.64662313
0.49463755,0.64662313
0.49465257,0.64662313
0.4946676,0.64662313
0.4946826,0.60039186
0.49469763,0.60039186
0.49471265,0.60039186
0.49472767,0.60039186
0.4947427,0.5541601
0.4947577,0.5541601
0.49477273,0.5541601
0.49478775,0.5541601
0.49480277,0.5541601
0.4948178,0.50792885
0.4948328,0.50792885
0.49484783,0.50792885
0.49486285,0.50792885
0.49487787,0.46169758
0.4948929,0.46169758
0.49490792,0.46169758
0.49492294,0.46169758
0.49493796,0.46169758
0.49495298,0.4154663
0.494968,0.4154663
0.49498302,0.4154663
0.49499804,0.4154663
0.49501306,0.36923456
0.49502808,0.36923456
0.4950431,0.36923456
0.49505812,0.36923456
0.49507314,0.3230033
0.49508816,0.3230033
0.49510318,0.3230033
0.4951182,0.3230033
0.49513322,0.3230033
0.49514824,0.27677202
0.49516326,0.27677202
0.49517828,0.27677202
0.4951933,0.27677202
0.49520832,0.23054075
0.49522334,0.23054075
0.49523836,0.23054075
0.49525338,0.23054075
0.4952684,0.184309
0.49528342,0.184309
0.49529848,0.184309
0.4953135,0.184309
0.49532852,0.184309
0.49534354,0.13807821
0.49535856,0.13807821
0.49537358,0.13807821
0.4953886,0.13807821
0.49540362,0.091846466
0.49541864,0.091846466
0.49543366,0.091846466
0.49544868,0.091846466
0.4954637,0.091846466
0.49547872,0.045615196
0.49549374,0.045615196
0.49550876,0.045615196
0.49552378,0.045615196
0.4955388,-6.160736E-4
0.49555382,-6.160736E-4
0.49556884,-6.160736E-4
0.49558386,-6.160736E-4
0.49559888,-6.160736E-4
0.4956139,-0.046847343
0.49562892,-0.046847343
0.49564394,-0.046847343
0.49565896,-0.046847343
0.49567398,-0.09307861
0.495689,-0.09307861
0.49570403,-0.09307861
0.49571905,-0.09307861
0.49573407,-0.09307861
0.4957491,-0.13931036
0.4957641,-0.13931036
0.49577913,-0.13931036
0.49579415,-0.13931036
0.49580917,-0.18554163
0.4958242,-0.18554163
0.4958392,-0.18554163
0.49585423,-0.18554163
0.49586925,-0.2317729
0.49588427,-0.2317729
0.4958993,-0.2317729
0.4959143,-0.2317729
0.49592933,-0.2317729
0.49594435,-0.27800417
0.49595937,-0.27800417
0.4959744,-0.27800417
0.4959894,-0.27800417
0.49600443,-0.27800417
0.49601945,-0.32423592
0.49603447,-0.32423592
0.4960495,-0.32423592
0.4960645,-0.32423592
0.49607953,-0.3704667
0.49609455,-0.3704667
0.49610958,-0.3704667
0.4961246,-0.3704667
0.49613962,-0.41669846
0.49615464,-0.41669846
0.4961697,-0.41669846
0.4961847,-0.41669846
0.49619973,-0.41669846
0.49621475,-0.46292973
0.49622977,-0.46292973
0.4962448,-0.46292973
0.4962598,-0.46292973
0.49627483,-0.46292973
0.49628985,-0.5091615
0.49630487,-0.5091615
0.4963199,-0.5091615
0.4963349,-0.5091615
0.49634993,-0.55539227
0.49636495,-0.55539227
0.49637997,-0.55539227
0.496395,-0.55539227
0.49641,-0.55539227
0.49642503,-0.601624
0.49644005,-0.601624
0.49645507,-0.601624
0.4964701,-0.601624
0.4964851,-0.601624
0.49650013,-0.6478553
0.49651515,-0.6478553
0.49653018,-0.6478553
0.4965452,-0.6478553
0.49656022,-0.694087
0.49657524,-0.694087
0.49659026,-0.694087
0.49660528,-0.694087
0.4966203,-0.694087
0.49663532,-0.7403178
0.49665034,-0.7403178
0.49666536,-0.7403178
0.49668038,-0.7403178
0.4966954,-0.78654957
0.49671042,-0.78654957
0.49672544,-0.78654957
0.49674046,-0.78654957
0.49675548,-0.78654957
0.4967705,-0.83278084
0.49678552,-0.83278084
0.49680054,-0.83278084
0.49681556,-0.83278084
0.49683058,-0.83278084
0.4968456,-0.8790121
0.49686062,-0.8790121
0.49687564,-0.8790121
0.49689066,-0.8790121
0.49690568,-0.8790121
0.4969207,-0.9252434
0.49693573,-0.9252434
0.49695075,-0.9252434
0.49696577,-0.9252434
0.4969808,-0.9714751
0.4969958,-0.9714751
0.49701083,-0.9714751
0.49702585,-0.9714751
0.49704087,-0.9714751
0.49705592,-1.0177064
0.49707094,-1.0177064
0.49708596,-1.0177064
0.49710098,-1.0177064
0.497116,-1.0177064
0.49713102,-1.0639377
0.49714604,-1.0639377
0.49716106,-1.0639377
0.49717608,-1.0639377
0.4971911,-1.0639377
0.49720612,-1.1101689
0.49722114,-1.1101689
0.49723616,-1.1101689
0.49725118,-1.1101689
0.4972662,-1.1564007
0.49728122,-1.1564007
0.49729624,-1.1564007
0.49731126,-1.1564007
0.49732628,-1.1564007
0.4973413,-1.202632
0.49735633,-1.202632
0.49737135,-1.202632
0.49738637,-1.202632
0.4974014,-1.202632
0.4974164,-1.2488632
0.49743143,-1.2488632
0.49744645,-1.2488632
0.49746147,-1.2488632
0.4974765,-1.2488632
0.4974915,-1.2950945
0.49750653,-1.2950945
0.49752155,-1.2950945
0.49753657,-1.2950945
0.4975516,-1.3413262
0.4975666,-1.3413262
0.49758163,-1.3413262
0.49759665,-1.3413262
0.49761167,-1.3413262
0.4976267,-1.387557
0.4976417,-1.387557
0.49765673,-1.387557
0.49767175,-1.387557
0.49768677,-1.387557
0.4977018,-1.4337888
0.4977168,-1.4337888
0.49773183,-1.4337888
0.49774686,-1.4337888
0.49776188,-1.4337888
0.4977769,-1.48002
0.49779192,-1.48002
0.49780694,-1.48002
0.49782196,-1.48002
0.49783698,-1.48002
0.497852,-1.48002
0.49786702,-1.48002
0.49788204,-1.48002
0.49789706,-1.5262513
0.49791208,-1.5262513
0.4979271,-1.5262513
0.49794215,-1.5262513
0.49795717,-1.5262513
0.4979722,-1.5724826
0.4979872,-1.5724826
0.49800223,-1.5724826
0.49801725,-1.5724826
0.49803227,-1.5724826
0.4980473,-1.6187139
0.4980623,-1.6187139
0.49807733,-1.6187139
0.49809235,-1.6187139
0.49810737,-1.6187139
0.4981224,-1.6187139
0.4981374,-1.6187139
0.49815243,-1.6187139
0.49816746,-1.5724826
0.49818248,-1.5724826
0.4981975,-1.5724826
0.49821252,-1.5724826
0.49822754,-1.5724826
0.49824256,-1.5262513
0.49825758,-1.5262513
0.4982726,-1.5262513
0.49828762,-1.5262513
0.49830264,-1.48002
0.49831766,-1.48002
0.49833268,-1.48002
0.4983477,-1.48002
0.49836272,-1.48002
0.49837774,-1.48002
0.49839276,-1.48002
0.49840778,-1.4337888
0.4984228,-1.4337888
0.49843782,-1.4337888
0.49845284,-1.4337888
0.49846786,-1.4337888
0.49848288,-1.387557
0.4984979,-1.387557
0.49851292,-1.387557
0.49852794,-1.387557
0.49854296,-1.387557
0.49855798,-1.3413262
0.498573,-1.3413262
0.49858803,-1.3413262
0.49860305,-1.3413262
0.49861807,-1.2950945
0.4986331,-1.2950945
0.4986481,-1.2950945
0.49866313,-1.2950945
0.49867815,-1.2950945
0.49869317,-1.2488632
0.4987082,-1.2488632
0.4987232,-1.2488632
0.49873823,-1.2488632
0.49875325,-1.2488632
0.49876827,-1.202632
0.4987833,-1.202632
0.4987983,-1.202632
0.49881336,-1.202632
0.49882838,-1.1564007
0.4988434,-1.1564007
0.49885842,-1.1564007
0.49887344,-1.1564007
0.49888846,-1.1564007
0.49890348,-1.1101689
0.4989185,-1.1101689
0.49893352,-1.1101689
0.49894854,-1.1101689
0.49896356,-1.0639377
0.49897859,-1.0639377
0.4989936,-1.0639377
0.49900863,-1.0639377
0.49902365,-1.0639377
0.49903867,-1.0177064
0.4990537,-1.0177064
0.4990687,-1.0177064
0.49908373,-1.0177064
0.49909875,-1.0177064
0.49911377,-0.9714751
0.4991288,-0.9714751
0.4991438,-0.9714751
0.49915883,-0.9714751
0.49917385,-0.9252434
0.49918887,-0.9252434
0.4992039,-0.9252434
0.4992189,-0.9252434
0.49923393,-0.9252434
0.49924895,-0.8790121
0.49926397,-0.8790121
0.499279,-0.8790121
0.499294,-0.8790121
0.49930903,-0.8790121
0.49932405,-0.83278084
0.49933907,-0.83278084
0.4993541,-0.83278084
0.4993691,-0.83278084
0.49938414,-0.78654957
0.49939916,-0.78654957
0.49941418,-0.78654957
0.4994292,-0.78654957
0.49944422,-0.78654957
0.49945924,-0.7403178
0.49947426,-0.7403178
0.49948928,-0.7403178
0.4995043,-0.7403178
0.49951932,-0.7403178
0.49953434,-0.694087
0.49954936,-0.694087
0.49956438,-0.694087
0.4995794,-0.694087
0.49959442,-0.6478553
0.49960944,-0.6478553
0.49962446,-0.6478553
0.49963948,-0.6478553
0.4996545,-0.6478553
0.49966952,-0.601624
0.49968454,-0.601624
0.4996996,-0.601624
0.4997146,-0.601624
0.49972963,-0.601624
0.49974465,-0.55539227
0.49975967,-0.55539227
0.4997747,-0.55539227
0.4997897,-0.55539227
0.49980474,-0.5091615
0.49981976,-0.5091615
0.49983478,-0.5091615
0.4998498,-0.5091615
0.49986482,-0.5091615
0.49987984,-0.46292973
0.49989486,-0.46292973
0.49990988,-0.46292973
0.4999249,-0.46292973
0.49993992,-0.46292973
0.49995494,-0.41669846
0.49996996,-0.41669846
0.49998498,-0.41669846
0.5,-0.41669846
0.500015,-0.3704667
0.50003004,-0.3704667
0.50004506,-0.3704667
0.5000601,-0.3704667
0.5000751,-0.3704667
0.5000901,-0.32423592
0.50010514,-0.32423592
0.50012016,-0.32423592
0.5001352,-0.32423592
0.5001502,-0.32423592
0.5001652,-0.27800417
0.50018024,-0.27800417
0.50019526,-0.27800417
0.5002103,-0.27800417
0.5002253,-0.2317729
0.5002403,-0.2317729
0.50025535,-0.2317729
0.50027037,-0.2317729
0.5002854,-0.2317729
0.5003004,-0.18554163
0.5003154,-0.18554163
0.50033045,-0.18554163
0.50034547,-0.18554163
0.5003605,-0.18554163
0.5003755,-0.13931036
0.5003905,-0.13931036
0.50040555,-0.13931036
0.5004206,-0.13931036
0.5004356,-0.09307861
0.5004506,-0.09307861
0.50046563,-0.09307861
0.50048065,-0.09307861
0.5004957,-0.09307861
0.5005107,-0.046847343
0.5005257,-0.046847343
0.50054073,-0.046847343
0.50055575,-0.046847343
0.5005708,-0.046847343
0.5005858,-6.160736E-4
0.5006008,-6.160736E-4
0.50061584,-6.160736E-4
0.50063086,-6.160736E-4
0.5006459,0.045615196
0.5006609,0.045615196
0.5006759,0.045615196
0.50069094,0.045615196
0.50070596,0.091846466
0.500721,0.091846466
0.500736,0.091846466
0.500751,0.091846466
0.50076604,0.091846466
0.50078106,0.13807821
0.5007961,0.13807821
0.5008111,0.13807821
0.5008261,0.13807821
0.50084114,0.13807821
0.50085616,0.184309
0.5008712,0.184309
0.5008862,0.184309
0.5009012,0.184309
0.50091624,0.184309
0.50093126,0.23054075
0.5009463,0.23054075
0.5009613,0.23054075
0.5009763,0.23054075
0.50099134,0.27677202
0.50100636,0.27677202
0.50102144,0.27677202
0.50103647,0.27677202
0.5010515,0.27677202
0.5010665,0.3230033
0.5010815,0.3230033
0.50109655,0.3230033
0.50111157,0.3230033
0.5011266,0.3230033
0.5011416,0.36923456
0.5011566,0.36923456
0.50117165,0.36923456
0.50118667,0.36923456
0.5012017,0.4154663
0.5012167,0.4154663
0.50123173,0.4154663
0.50124675,0.4154663
0.5012618,0.4154663
0.5012768,0.46169758
0.5012918,0.46169758
0.50130683,0.46169758
0.50132185,0.46169758
0.5013369,0.46169758
0.5013519,0.50792885
0.5013669,0.50792885
0.50138193,0.50792885
0.50139695,0.50792885
0.501412,0.50792885
0.501427,0.5541601
0.501442,0.5541601
0.50145704,0.5541601
0.50147206,0.5541601
0.5014871,0.5541601
0.5015021,0.60039186
0.5015171,0.60039186
0.50153214,0.60039186
0.50154716,0.60039186
0.5015622,0.64662313
0.5015772,0.64662313
0.5015922,0.64662313
0.50160724,0.64662313
0.50162226,0.64662313
0.5016373,0.6928544
0.5016523,0.6928544
0.5016673,0.6928544
0.50168234,0.6928544
0.50169736,0.6928544
0.5017124,0.7390857
0.5017274,0.7390857
0.5017424,0.7390857
0.50175744,0.7390857
0.50177246,0.7390857
0.5017875,0.7853174
0.5018025,0.7853174
0.5018175,0.7853174
0.50183254,0.7853174
0.50184757,0.7853174
0.5018626,0.8315482
0.5018776,0.8315482
0.5018926,0.8315482
0.50190765,0.8315482
0.50192267,0.87777996
0.5019377,0.87777996
0.5019527,0.87777996
0.5019677,0.87777996
0.50198275,0.87777996
0.50199777,0.92401123
0.5020128,0.92401123
0.5020278,0.92401123
0.50204283,0.92401123
0.50205785,0.92401123
0.5020729,0.970243
0.5020879,0.970243
0.5021029,0.970243
0.50211793,0.970243
0.50213295,0.970243
0.502148,1.0164738
0.502163,1.0164738
0.502178,1.0164738
0.50219303,1.0164738
0.50220805,1.0164738
0.5022231,1.0627055
0.5022381,1.0627055
0.5022531,1.0627055
0.50226814,1.0627055
0.50228316,1.0627055
0.5022982,1.1089368
0.5023132,1.1089368
0.5023282,1.1089368
0.50234324,1.1089368
0.50235826,1.1089368
0.5023733,1.1551685
0.5023883,1.1551685
0.5024033,1.1551685
0.50241834,1.1551685
0.50243336,1.2013993
0.5024484,1.2013993
0.5024634,1.2013993
0.5024784,1.2013993
0.50249344,1.2013993
0.50250846,1.2476311
0.5025235,1.2476311
0.5025385,1.2476311
0.5025535,1.2476311
0.50256854,1.2476311
0.50258356,1.2938623
0.5025986,1.2938623
0.5026136,1.2938623
0.5026286,1.2938623
0.50264364,1.2938623
0.50265867,1.3400936
0.5026737,1.3400936
0.5026887,1.3400936
0.5027037,1.3400936
0.50271875,1.3400936
0.50273377,1.3863249
0.5027488,1.3863249
0.5027638,1.3863249
0.5027789,1.3863249
0.5027939,1.3863249
0.5028089,1.4325566
0.50282395,1.4325566
0.50283897,1.4325566
0.502854,1.4325566
0.502869,1.4325566
0.50288403,1.4787879
0.50289905,1.4787879
0.5029141,1.4787879
0.5029291,1.4787879
0.5029441,1.4787879
0.50295913,1.4787879
0.50297415,1.4787879
0.5029892,1.4787879
0.5030042,1.5250192
0.5030192,1.5250192
0.50303423,1.5250192
0.50304925,1.5250192
0.5030643,1.5250192
0.5030793,1.5712504
0.5030943,1.5712504
0.50310934,1.5712504
0.50312436,1.5712504
0.5031394,1.5712504
0.5031544,1.6174817
0.5031694,1.6174817
0.50318444,1.6174817
0.50319946,1.6174817
0.5032145,1.6174817
0.5032295,1.6637135
0.5032445,1.6637135
0.50325954,1.6637135
0.50327456,1.6637135
0.5032896,1.6637135
0.5033046,1.6637135
0.5033196,1.7099442
0.50333464,1.7099442
0.50334966,1.7099442
0.5033647,1.7099442
0.5033797,1.7099442
0.5033947,1.756176
0.50340974,1.756176
0.50342476,1.756176
0.5034398,1.756176
0.5034548,1.756176
0.5034698,1.756176
0.50348485,1.7099442
0.50349987,1.7099442
0.5035149,1.7099442
0.5035299,1.7099442
0.5035449,1.7099442
0.50355995,1.6637135
0.50357497,1.6637135
0.50359,1.6637135
0.503605,1.6637135
0.50362,1.6174817
0.50363505,1.6174817
0.50365007,1.6174817
0.5036651,1.6174817
0.5036801,1.5712504
0.50369513,1.5712504
0.50371015,1.5712504
0.5037252,1.5712504
0.5037402,1.5712504
0.5037552,1.5250192
0.50377023,1.5250192
0.50378525,1.5250192
0.5038003,1.5250192
0.5038153,1.4787879
0.5038303,1.4787879
0.50384533,1.4787879
0.50386035,1.4787879
0.5038754,1.4787879
0.5038904,1.4787879
0.5039054,1.4787879
0.50392044,1.4325566
0.50393546,1.4325566
0.5039505,1.4325566
0.5039655,1.4325566
0.5039805,1.3863249
0.50399554,1.3863249
0.50401056,1.3863249
0.5040256,1.3863249
0.5040406,1.3863249
0.5040556,1.3400936
0.50407064,1.3400936
0.50408566,1.3400936
0.5041007,1.3400936
0.5041157,1.2938623
0.5041307,1.2938623
0.50414574,1.2938623
0.50416076,1.2938623
0.5041758,1.2938623
0.5041908,1.2476311
0.5042058,1.2476311
0.50422084,1.2476311
0.50423586,1.2476311
0.5042509,1.2013993
0.5042659,1.2013993
0.5042809,1.2013993
0.50429595,1.2013993
0.50431097,1.1551685
0.504326,1.1551685
0.504341,1.1551685
0.504356,1.1551685
0.50437105,1.1551685
0.50438607,1.1089368
0.5044011,1.1089368
0.5044161,1.1089368
0.5044311,1.1089368
0.50444615,1.0627055
0.50446117,1.0627055
0.5044762,1.0627055
0.5044912,1.0627055
0.50450623,1.0164738
0.50452125,1.0164738
0.50453633,1.0164738
0.50455135,1.0164738
0.5045664,1.0164738
0.5045814,0.970243
0.5045964,0.970243
0.50461143,0.970243
0.50462645,0.970243
0.5046415,0.92401123
0.5046565,0.92401123
0.5046715,0.92401123
0.50468653,0.92401123
0.50470155,0.92401123
0.5047166,0.87777996
0.5047316,0.87777996
0.5047466,0.87777996
0.50476164,0.87777996
0.50477666,0.8315482
0.5047917,0.8315482
0.5048067,0.8315482
0.5048217,0.8315482
0.50483674,0.7853174
0.50485176,0.7853174
0.5048668,0.7853174
0.5048818,0.7853174
0.5048968,0.7853174
0.50491184,0.7390857
0.50492686,0.7390857
0.5049419,0.7390857
0.5049569,0.7390857
0.5049719,0.6928544
0.50498694,0.6928544
0.50500196,0.6928544
0.505017,0.6928544
0.505032,0.6928544
0.505047,0.64662313
0.50506204,0.64662313
0.50507706,0.64662313
0.5050921,0.64662313
0.5051071,0.60039186
0.5051221,0.60039186
0.50513715,0.60039186
0.50515217,0.60039186
0.5051672,0.60039186
0.5051822,0.5541601
0.5051972,0.5541601
0.50521225,0.5541601
0.50522727,0.5541601
0.5052423,0.50792885
0.5052573,0.50792885
0.5052723,0.50792885
0.50528735,0.50792885
0.50530237,0.50792885
0.5053174,0.46169758
0.5053324,0.46169758
0.50534743,0.46169758
0.50536245,0.46169758
0.5053775,0.4154663
0.5053925,0.4154663
0.5054075,0.4154663
0.50542253,0.4154663
0.50543755,0.36923456
0.5054526,0.36923456
0.5054676,0.36923456
0.5054826,0.36923456
0.50549763,0.36923456
0.50551265,0.3230033
0.5055277,0.3230033
0.5055427,0.3230033
0.5055577,0.3230033
0.50557274,0.27677202
0.50558776,0.27677202
0.5056028,0.27677202
0.5056178,0.27677202
0.5056328,0.27677202
0.50564784,0.23054075
0.50566286,0.23054075
0.5056779,0.23054075
0.5056929,0.23054075
0.5057079,0.184309
0.50572294,0.184309
0.50573796,0.184309
0.505753,0.184309
0.505768,0.13807821
0.505783,0.13807821
0.50579804,0.13807821
0.50581306,0.13807821
0.5058281,0.13807821
0.5058431,0.091846466
0.5058581,0.091846466
0.50587314,0.091846466
0.50588816,0.091846466
0.5059032,0.091846466
0.5059182,0.045615196
0.5059332,0.045615196
0.50594825,0.045615196
0.50596327,0.045615196
0.5059783,-6.160736E-4
0.5059933,-6.160736E-4
0.5060083,-6.160736E-4
0.50602335,-6.160736E-4
0.50603837,-0.046847343
0.5060534,-0.046847343
0.5060684,-0.046847343
0.5060834,-0.046847343
0.50609845,-0.046847343
0.50611347,-0.09307861
0.5061285,-0.09307861
0.5061435,-0.09307861
0.50615853,-0.09307861
0.50617355,-0.13931036
0.5061886,-0.13931036
0.5062036,-0.13931036
0.5062186,-0.13931036
0.50623363,-0.18554163
0.50624865,-0.18554163
0.5062637,-0.18554163
0.5062787,-0.18554163
0.5062938,-0.18554163
0.5063088,-0.2317729
0.5063238,-0.2317729
0.50633883,-0.2317729
0.50635386,-0.2317729
0.5063689,-0.27800417
0.5063839,-0.27800417
0.5063989,-0.27800417
0.50641394,-0.27800417
0.50642896,-0.27800417
0.506444,-0.32423592
0.506459,-0.32423592
0.506474,-0.32423592
0.50648904,-0.32423592
0.50650406,-0.32423592
0.5065191,-0.3704667
0.5065341,-0.3704667
0.5065491,-0.3704667
0.50656414,-0.3704667
0.50657916,-0.41669846
0.5065942,-0.41669846
0.5066092,-0.41669846
0.5066242,-0.41669846
0.50663924,-0.41669846
0.50665426,-0.46292973
0.5066693,-0.46292973
0.5066843,-0.46292973
0.5066993,-0.46292973
0.50671434,-0.5091615
0.50672936,-0.5091615
0.5067444,-0.5091615
0.5067594,-0.5091615
0.5067744,-0.5091615
0.50678945,-0.55539227
0.50680447,-0.55539227
0.5068195,-0.55539227
0.5068345,-0.55539227
0.5068495,-0.55539227
0.50686455,-0.601624
0.50687957,-0.601624
0.5068946,-0.601624
0.5069096,-0.601624
0.5069246,-0.6478553
0.50693965,-0.6478553
0.50695467,-0.6478553
0.5069697,-0.6478553
0.5069847,-0.6478553
0.50699973,-0.694087
0.50701475,-0.694087
0.5070298,-0.694087
0.5070448,-0.694087
0.5070598,-0.7403178
0.50707483,-0.7403178
0.50708985,-0.7403178
0.5071049,-0.7403178
0.5071199,-0.7403178
0.5071349,-0.78654957
0.50714993,-0.78654957
0.50716496,-0.78654957
0.50718,-0.78654957
0.507195,-0.78654957
0.50721,-0.83278084
0.50722504,-0.83278084
0.50724006,-0.83278084
0.5072551,-0.83278084
0.5072701,-0.83278084
0.5072851,-0.8790121
0.50730014,-0.8790121
0.50731516,-0.8790121
0.5073302,-0.8790121
0.5073452,-0.9252434
0.5073602,-0.9252434
0.50737524,-0.9252434
0.50739026,-0.9252434
0.5074053,-0.9252434
0.5074203,-0.9714751
0.5074353,-0.9714751
0.50745034,-0.9714751
0.50746536,-0.9714751
0.5074804,-0.9714751
0.5074954,-1.0177064
0.5075104,-1.0177064
0.50752544,-1.0177064
0.50754046,-1.0177064
0.5075555,-1.0177064
0.5075705,-1.0639377
0.5075855,-1.0639377
0.50760055,-1.0639377
0.50761557,-1.0639377
0.5076306,-1.1101689
0.5076456,-1.1101689
0.5076606,-1.1101689
0.50767565,-1.1101689
0.50769067,-1.1101689
0.5077057,-1.1564007
0.5077207,-1.1564007
0.5077357,-1.1564007
0.50775075,-1.1564007
0.50776577,-1.1564007
0.5077808,-1.202632
0.5077958,-1.202632
0.50781083,-1.202632
0.50782585,-1.202632
0.5078409,-1.202632
0.5078559,-1.2488632
0.5078709,-1.2488632
0.50788593,-1.2488632
0.50790095,-1.2488632
0.507916,-1.2950945
0.507931,-1.2950945
0.507946,-1.2950945
0.50796103,-1.2950945
0.50797606,-1.2950945
0.5079911,-1.3413262
0.5080061,-1.3413262
0.5080211,-1.3413262
0.50803614,-1.3413262
0.50805116,-1.3413262
0.50806624,-1.387557
0.50808126,-1.387557
0.5080963,-1.387557
0.5081113,-1.387557
0.5081263,-1.387557
0.50814134,-1.4337888
0.50815636,-1.4337888
0.5081714,-1.4337888
0.5081864,-1.4337888
0.5082014,-1.4337888
0.50821644,-1.48002
0.50823146,-1.48002
0.5082465,-1.48002
0.5082615,-1.48002
0.5082765,-1.48002
0.50829154,-1.48002
0.50830656,-1.48002
0.5083216,-1.5262513
0.5083366,-1.5262513
0.5083516,-1.5262513
0.50836664,-1.5262513
0.50838166,-1.5262513
0.5083967,-1.5262513
0.5084117,-1.5724826
0.5084267,-1.5724826
0.50844175,-1.5724826
0.50845677,-1.5724826
0.5084718,-1.6187139
0.5084868,-1.6187139
0.5085018,-1.6187139
0.50851685,-1.6187139
0.50853187,-1.6187139
0.5085469,-1.6187139
0.5085619,-1.6187139
0.5085769,-1.6187139
0.50859195,-1.6187139
0.508607,-1.5724826
0.508622,-1.5724826
0.508637,-1.5724826
0.50865203,-1.5724826
0.50866705,-1.5262513
0.5086821,-1.5262513
0.5086971,-1.5262513
0.5087121,-1.5262513
0.50872713,-1.5262513
0.50874215,-1.48002
0.5087572,-1.48002
0.5087722,-1.48002
0.5087872,-1.48002
0.50880224,-1.48002
0.50881726,-1.48002
0.5088323,-1.48002
0.5088473,-1.4337888
0.5088623,-1.4337888
0.50887734,-1.4337888
0.50889236,-1.4337888
0.5089074,-1.4337888
0.5089224,-1.387557
0.5089374,-1.387557
0.50895244,-1.387557
0.50896746,-1.387557
0.5089825,-1.3413262
0.5089975,-1.3413262
0.5090125,-1.3413262
0.50902754,-1.3413262
0.50904256,-1.3413262
0.5090576,-1.2950945
0.5090726,-1.2950945
0.5090876,-1.2950945
0.50910264,-1.2950945
0.50911766,-1.2950945
0.5091327,-1.2488632
0.5091477,-1.2488632
0.5091627,-1.2488632
0.50917774,-1.2488632
0.50919276,-1.202632
0.5092078,-1.202632
0.5092228,-1.202632
0.5092378,-1.202632
0.50925285,-1.202632
0.50926787,-1.1564007
0.5092829,-1.1564007
0.5092979,-1.1564007
0.5093129,-1.1564007
0.50932795,-1.1564007
0.50934297,-1.1101689
0.509358,-1.1101689
0.509373,-1.1101689
0.509388,-1.1101689
0.50940305,-1.0639377
0.5094181,-1.0639377
0.5094331,-1.0639377
0.5094481,-1.0639377
0.50946313,-1.0639377
0.50947815,-1.0177064
0.5094932,-1.0177064
0.5095082,-1.0177064
0.5095232,-1.0177064
0.50953823,-0.9714751
0.50955325,-0.9714751
0.5095683,-0.9714751
0.5095833,-0.9714751
0.5095983,-0.9714751
0.50961334,-0.9252434
0.50962836,-0.9252434
0.5096434,-0.9252434
0.5096584,-0.9252434
0.5096734,-0.9252434
0.50968844,-0.8790121
0.50970346,-0.8790121
0.5097185,-0.8790121
0.5097335,-0.8790121
0.5097485,-0.83278084
0.50976354,-0.83278084
0.50977856,-0.83278084
0.5097936,-0.83278084
0.5098086,-0.83278084
0.5098237,-0.78654957
0.5098387,-0.78654957
0.5098537,-0.78654957
0.50986874,-0.78654957
0.50988376,-0.78654957
0.5098988,-0.7403178
0.5099138,-0.7403178
0.5099288,-0.7403178
0.50994384,-0.7403178
0.50995886,-0.694087
0.5099739,-0.694087
0.5099889,-0.694087
0.5100039,-0.694087
0.51001894,-0.694087
0.51003397,-0.6478553
0.510049,-0.6478553
0.510064,-0.6478553
0.510079,-0.6478553
0.51009405,-0.6478553
0.51010907,-0.601624
0.5101241,-0.601624
0.5101391,-0.601624
0.5101541,-0.601624
0.51016915,-0.55539227
0.51018417,-0.55539227
0.5101992,-0.55539227
0.5102142,-0.55539227
0.51022923,-0.55539227
0.51024425,-0.5091615
0.5102593,-0.5091615
0.5102743,-0.5091615
0.5102893,-0.5091615
0.51030433,-0.5091615
0.51031935,-0.46292973
0.5103344,-0.46292973
0.5103494,-0.46292973
0.5103644,-0.46292973
0.51037943,-0.41669846
0.51039445,-0.41669846
0.5104095,-0.41669846
0.5104245,-0.41669846
0.5104395,-0.41669846
0.51045454,-0.3704667
0.51046956,-0.3704667
0.5104846,-0.3704667
0.5104996,-0.3704667
0.5105146,-0.3704667
0.51052964,-0.32423592
0.51054466,-0.32423592
0.5105597,-0.32423592
0.5105747,-0.32423592
0.5105897,-0.27800417
0.51060474,-0.27800417
0.51061976,-0.27800417
0.5106348,-0.27800417
0.5106498,-0.27800417
0.5106648,-0.2317729
0.51067984,-0.2317729
0.51069486,-0.2317729
0.5107099,-0.2317729
0.5107249,-0.2317729
0.5107399,-0.18554163
0.51075494,-0.18554163
0.51076996,-0.18554163
0.510785,-0.18554163
0.5108,-0.13931036
0.510815,-0.13931036
0.51083004,-0.13931036
0.51084507,-0.13931036
0.5108601,-0.13931036
0.5108751,-0.09307861
0.5108901,-0.09307861
0.51090515,-0.09307861
0.51092017,-0.09307861
0.5109352,-0.09307861
0.5109502,-0.046847343
0.5109652,-0.046847343
0.51098025,-0.046847343
0.51099527,-0.046847343
0.5110103,-6.160736E-4
0.5110253,-6.160736E-4
0.51104033,-6.160736E-4
0.51105535,-6.160736E-4
0.5110704,0.045615196
0.5110854,0.045615196
0.5111004,0.045615196
0.51111543,0.045615196
0.51113045,0.045615196
0.5111455,0.091846466
0.5111605,0.091846466
0.5111755,0.091846466
0.51119053,0.091846466
0.51120555,0.091846466
0.5112206,0.13807821
0.5112356,0.13807821
0.5112506,0.13807821
0.51126564,0.13807821
0.51128066,0.13807821
0.5112957,0.184309
0.5113107,0.184309
0.5113257,0.184309
0.51134074,0.184309
0.51135576,0.23054075
0.5113708,0.23054075
0.5113858,0.23054075
0.5114008,0.23054075
0.51141584,0.23054075
0.51143086,0.27677202
0.5114459,0.27677202
0.5114609,0.27677202
0.5114759,0.27677202
0.51149094,0.27677202
0.51150596,0.3230033
0.511521,0.3230033
0.511536,0.3230033
0.511551,0.3230033
0.51156604,0.36923456
0.5115811,0.36923456
0.51159614,0.36923456
0.51161116,0.36923456
0.5116262,0.36923456
0.5116412,0.4154663
0.5116562,0.4154663
0.51167125,0.4154663
0.51168627,0.4154663
0.5117013,0.4154663
0.5117163,0.46169758
0.5117313,0.46169758
0.51174635,0.46169758
0.51176137,0.46169758
0.5117764,0.46169758
0.5117914,0.50792885
0.5118064,0.50792885
0.51182145,0.50792885
0.51183647,0.50792885
0.5118515,0.5541601
0.5118665,0.5541601
0.51188153,0.5541601
0.51189655,0.5541601
0.5119116,0.5541601
0.5119266,0.60039186
0.5119416,0.60039186
0.51195663,0.60039186
0.51197165,0.60039186
0.5119867,0.60039186
0.5120017,0.64662313
0.5120167,0.64662313
0.51203173,0.64662313
0.51204675,0.64662313
0.5120618,0.64662313
0.5120768,0.6928544
0.5120918,0.6928544
0.51210684,0.6928544
0.51212186,0.6928544
0.5121369,0.7390857
0.5121519,0.7390857
0.5121669,0.7390857
0.51218194,0.7390857
0.51219696,0.7390857
0.512212,0.7853174
0.512227,0.7853174
0.512242,0.7853174
0.51225704,0.7853174
0.51227206,0.7853174
0.5122871,0.8315482
0.5123021,0.8315482
0.5123171,0.8315482
0.51233214,0.8315482
0.51234716,0.8315482
0.5123622,0.87777996
0.5123772,0.87777996
0.5123922,0.87777996
0.51240724,0.87777996
0.51242226,0.87777996
0.5124373,0.92401123
0.5124523,0.92401123
0.5124673,0.92401123
0.51248235,0.92401123
0.51249737,0.92401123
0.5125124,0.970243
0.5125274,0.970243
0.5125424,0.970243
0.51255745,0.970243
0.51257247,0.970243
0.5125875,1.0164738
0.5126025,1.0164738
0.5126175,1.0164738
0.51263255,1.0164738
0.51264757,1.0164738
0.5126626,1.0627055
0.5126776,1.0627055
0.51269263,1.0627055
0.51270765,1.0627055
0.5127227,1.1089368
0.5127377,1.1089368
0.5127527,1.1089368
0.51276773,1.1089368
0.51278275,1.1089368
0.5127978,1.1551685
0.5128128,1.1551685
0.5128278,1.1551685
0.51284283,1.1551685
0.51285785,1.1551685
0.5128729,1.2013993
0.5128879,1.2013993
0.5129029,1.2013993
0.51291794,1.2013993
0.51293296,1.2013993
0.512948,1.2476311
0.512963,1.2476311
0.512978,1.2476311
0.51299304,1.2476311
0.51300806,1.2476311
0.5130231,1.2938623
0.5130381,1.2938623
0.5130531,1.2938623
0.51306814,1.2938623
0.51308316,1.2938623
0.5130982,1.3400936
0.5131132,1.3400936
0.5131282,1.3400936
0.51314324,1.3400936
0.51315826,1.3400936
0.5131733,1.3863249
0.5131883,1.3863249
0.5132033,1.3863249
0.51321834,1.3863249
0.51323336,1.3863249
0.5132484,1.4325566
0.5132634,1.4325566
0.5132784,1.4325566
0.51329345,1.4325566
0.51330847,1.4325566
0.5133235,1.4787879
0.51333857,1.4787879
0.5133536,1.4787879
0.5133686,1.4787879
0.5133836,1.4787879
0.51339865,1.4787879
0.51341367,1.4787879
0.5134287,1.4787879
0.5134437,1.5250192
0.5134587,1.5250192
0.51347375,1.5250192
0.51348877,1.5250192
0.5135038,1.5250192
0.5135188,1.5712504
0.51353383,1.5712504
0.51354885,1.5712504
0.5135639,1.5712504
0.5135789,1.5712504
0.5135939,1.6174817
0.51360893,1.6174817
0.51362395,1.6174817
0.513639,1.6174817
0.513654,1.6174817
0.513669,1.6637135
0.51368403,1.6637135
0.51369905,1.6637135
0.5137141,1.6637135
0.5137291,1.6637135
0.5137441,1.7099442
0.51375914,1.7099442
0.51377416,1.7099442
0.5137892,1.7099442
0.5138042,1.7099442
0.5138192,1.756176
0.51383424,1.756176
0.51384926,1.756176
0.5138643,1.756176
0.5138793,1.756176
0.5138943,1.756176
0.51390934,1.756176
0.51392436,1.7099442
0.5139394,1.7099442
0.5139544,1.7099442
0.5139694,1.7099442
0.51398444,1.6637135
0.51399946,1.6637135
0.5140145,1.6637135
0.5140295,1.6637135
0.5140445,1.6637135
0.51405954,1.6174817
0.51407456,1.6174817
0.5140896,1.6174817
0.5141046,1.6174817
0.5141196,1.5712504
0.51413465,1.5712504
0.51414967,1.5712504
0.5141647,1.5712504
0.5141797,1.5712504
0.5141947,1.5250192
0.51420975,1.5250192
0.51422477,1.5250192
0.5142398,1.5250192
0.5142548,1.4787879
0.5142698,1.4787879
0.51428485,1.4787879
0.51429987,1.4787879
0.5143149,1.4787879
0.5143299,1.4787879
0.51434493,1.4787879
0.51435995,1.4325566
0.514375,1.4325566
0.51439,1.4325566
0.514405,1.4325566
0.51442003,1.3863249
0.51443505,1.3863249
0.5144501,1.3863249
0.5144651,1.3863249
0.5144801,1.3863249
0.51449513,1.3400936
0.51451015,1.3400936
0.5145252,1.3400936
0.5145402,1.3400936
0.5145552,1.2938623
0.51457024,1.2938623
0.51458526,1.2938623
0.5146003,1.2938623
0.5146153,1.2476311
0.5146303,1.2476311
0.51464534,1.2476311
0.51466036,1.2476311
0.5146754,1.2476311
0.5146904,1.2013993
0.5147054,1.2013993
0.51472044,1.2013993
0.51473546,1.2013993
0.5147505,1.1551685
0.5147655,1.1551685
0.5147805,1.1551685
0.51479554,1.1551685
0.51481056,1.1551685
0.5148256,1.1089368
0.5148406,1.1089368
0.5148556,1.1089368
0.51487064,1.1089368
0.51488566,1.0627055
0.5149007,1.0627055
0.5149157,1.0627055
0.5149307,1.0627055
0.51494575,1.0164738
0.51496077,1.0164738
0.5149758,1.0164738
0.5149908,1.0164738
0.5150058,1.0164738
0.51502085,0.970243
0.51503587,0.970243
0.5150509,0.970243
0.5150659,0.970243
0.5150809,0.92401123
0.51509595,0.92401123
0.515111,0.92401123
0.51512605,0.92401123
0.51514107,0.87777996
0.5151561,0.87777996
0.5151711,0.87777996
0.51518613,0.87777996
0.51520115,0.87777996
0.5152162,0.8315482
0.5152312,0.8315482
0.5152462,0.8315482
0.51526123,0.8315482
0.51527625,0.7853174
0.5152913,0.7853174
0.5153063,0.7853174
0.5153213,0.7853174
0.51533633,0.7853174
0.51535136,0.7390857
0.5153664,0.7390857
0.5153814,0.7390857
0.5153964,0.7390857
0.51541144,0.6928544
0.51542646,0.6928544
0.5154415,0.6928544
0.5154565,0.6928544
0.5154715,0.6928544
0.51548654,0.64662313
0.51550156,0.64662313
0.5155166,0.64662313
0.5155316,0.64662313
0.5155466,0.60039186
0.51556164,0.60039186
0.51557666,0.60039186
0.5155917,0.60039186
0.5156067,0.5541601
0.5156217,0.5541601
0.51563674,0.5541601
0.51565176,0.5541601
0.5156668,0.5541601
0.5156818,0.50792885
0.5156968,0.50792885
0.51571184,0.50792885
0.51572686,0.50792885
0.5157419,0.46169758
0.5157569,0.46169758
0.5157719,0.46169758
0.51578695,0.46169758
0.51580197,0.46169758
0.515817,0.4154663
0.515832,0.4154663
0.515847,0.4154663
0.51586205,0.4154663
0.51587707,0.36923456
0.5158921,0.36923456
0.5159071,0.36923456
0.5159221,0.36923456
0.51593715,0.36923456
0.51595217,0.3230033
0.5159672,0.3230033
0.5159822,0.3230033
0.51599723,0.3230033
0.51601225,0.27677202
0.5160273,0.27677202
0.5160423,0.27677202
0.5160573,0.27677202
0.51607233,0.23054075
0.51608735,0.23054075
0.5161024,0.23054075
0.5161174,0.23054075
0.5161324,0.23054075
0.51614743,0.184309
0.51616246,0.184309
0.5161775,0.184309
0.5161925,0.184309
0.5162075,0.13807821
0.51622254,0.13807821
0.51623756,0.13807821
0.5162526,0.13807821
0.5162676,0.13807821
0.5162826,0.091846466
0.51629764,0.091846466
0.51631266,0.091846466
0.5163277,0.091846466
0.5163427,0.045615196
0.5163577,0.045615196
0.51637274,0.045615196
0.51638776,0.045615196
0.5164028,0.045615196
0.5164178,-6.160736E-4
0.5164328,-6.160736E-4
0.51644784,-6.160736E-4
0.51646286,-6.160736E-4
0.5164779,-0.046847343
0.5164929,-0.046847343
0.5165079,-0.046847343
0.51652294,-0.046847343
0.51653796,-0.09307861
0.516553,-0.09307861
0.516568,-0.09307861
0.516583,-0.09307861
0.51659805,-0.09307861
0.51661307,-0.13931036
0.5166281,-0.13931036
0.5166431,-0.13931036
0.5166581,-0.13931036
0.51667315,-0.18554163
0.51668817,-0.18554163
0.5167032,-0.18554163
0.5167182,-0.18554163
0.5167332,-0.18554163
0.51674825,-0.2317729
0.51676327,-0.2317729
0.5167783,-0.2317729
0.5167933,-0.2317729
0.51680833,-0.27800417
0.51682335,-0.27800417
0.5168384,-0.27800417
0.5168534,-0.27800417
0.5168685,-0.27800417
0.5168835,-0.32423592
0.5168985,-0.32423592
0.51691353,-0.32423592
0.51692855,-0.32423592
0.5169436,-0.3704667
0.5169586,-0.3704667
0.5169736,-0.3704667
0.51698864,-0.3704667
0.51700366,-0.3704667
0.5170187,-0.41669846
0.5170337,-0.41669846
0.5170487,-0.41669846
0.51706374,-0.41669846
0.51707876,-0.46292973
0.5170938,-0.46292973
0.5171088,-0.46292973
0.5171238,-0.46292973
0.51713884,-0.46292973
0.51715386,-0.5091615
0.5171689,-0.5091615
0.5171839,-0.5091615
0.5171989,-0.5091615
0.51721394,-0.5091615
0.51722896,-0.55539227
0.517244,-0.55539227
0.517259,-0.55539227
0.517274,-0.55539227
0.51728904,-0.601624
0.51730406,-0.601624
0.5173191,-0.601624
0.5173341,-0.601624
0.5173491,-0.601624
0.51736414,-0.6478553
0.51737916,-0.6478553
0.5173942,-0.6478553
0.5174092,-0.6478553
0.5174242,-0.694087
0.51743925,-0.694087
0.51745427,-0.694087
0.5174693,-0.694087
0.5174843,-0.694087
0.5174993,-0.7403178
0.51751435,-0.7403178
0.51752937,-0.7403178
0.5175444,-0.7403178
0.5175594,-0.7403178
0.5175744,-0.78654957
0.51758945,-0.78654957
0.5176045,-0.78654957
0.5176195,-0.78654957
0.5176345,-0.78654957
0.51764953,-0.83278084
0.51766455,-0.83278084
0.5176796,-0.83278084
0.5176946,-0.83278084
0.5177096,-0.8790121
0.51772463,-0.8790121
0.51773965,-0.8790121
0.5177547,-0.8790121
0.5177697,-0.8790121
0.5177847,-0.9252434
0.51779974,-0.9252434
0.51781476,-0.9252434
0.5178298,-0.9252434
0.5178448,-0.9252434
0.5178598,-0.9714751
0.51787484,-0.9714751
0.51788986,-0.9714751
0.5179049,-0.9714751
0.5179199,-1.0177064
0.5179349,-1.0177064
0.51794994,-1.0177064
0.51796496,-1.0177064
0.51798,-1.0177064
0.517995,-1.0639377
0.51801,-1.0639377
0.51802504,-1.0639377
0.51804006,-1.0639377
0.5180551,-1.0639377
0.5180701,-1.1101689
0.5180851,-1.1101689
0.51810014,-1.1101689
0.51811516,-1.1101689
0.5181302,-1.1101689
0.5181452,-1.1564007
0.5181602,-1.1564007
0.51817524,-1.1564007
0.51819026,-1.1564007
0.5182053,-1.202632
0.5182203,-1.202632
0.5182353,-1.202632
0.51825035,-1.202632
0.51826537,-1.202632
0.5182804,-1.2488632
0.5182954,-1.2488632
0.5183104,-1.2488632
0.51832545,-1.2488632
0.51834047,-1.2488632
0.5183555,-1.2950945
0.5183705,-1.2950945
0.5183855,-1.2950945
0.51840055,-1.2950945
0.5184156,-1.2950945
0.5184306,-1.3413262
0.5184456,-1.3413262
0.51846063,-1.3413262
0.51847565,-1.3413262
0.5184907,-1.3413262
0.5185057,-1.387557
0.5185207,-1.387557
0.51853573,-1.387557
0.51855075,-1.387557
0.5185658,-1.387557
0.5185808,-1.4337888
0.5185958,-1.4337888
0.51861084,-1.4337888
0.5186259,-1.4337888
0.51864094,-1.4337888
0.51865596,-1.48002
0.518671,-1.48002
0.518686,-1.48002
0.518701,-1.48002
0.51871604,-1.48002
0.51873106,-1.48002
0.5187461,-1.48002
0.5187611,-1.5262513
0.5187761,-1.5262513
0.51879114,-1.5262513
0.51880616,-1.5262513
0.5188212,-1.5262513
0.5188362,-1.5724826
0.5188512,-1.5724826
0.51886624,-1.5724826
0.51888126,-1.5724826
0.5188963,-1.5724826
0.5189113,-1.6187139
0.5189263,-1.6187139
0.51894134,-1.6187139
0.51895636,-1.6187139
0.5189714,-1.6187139
0.5189864,-1.6187139
0.5190014,-1.6187139
0.51901644,-1.6187139
0.51903147,-1.5724826
0.5190465,-1.5724826
0.5190615,-1.5724826
0.5190765,-1.5724826
0.51909155,-1.5724826
0.51910657,-1.5262513
0.5191216,-1.5262513
0.5191366,-1.5262513
0.5191516,-1.5262513
0.51916665,-1.5262513
0.51918167,-1.48002
0.5191967,-1.48002
0.5192117,-1.48002
0.51922673,-1.48002
0.51924175,-1.48002
0.5192568,-1.48002
0.5192718,-1.48002
0.5192868,-1.4337888
0.51930183,-1.4337888
0.51931685,-1.4337888
0.5193319,-1.4337888
0.5193469,-1.387557
0.5193619,-1.387557
0.51937693,-1.387557
0.51939195,-1.387557
0.519407,-1.387557
0.519422,-1.3413262
0.519437,-1.3413262
0.51945204,-1.3413262
0.51946706,-1.3413262
0.5194821,-1.3413262
0.5194971,-1.2950945
0.5195121,-1.2950945
0.51952714,-1.2950945
0.51954216,-1.2950945
0.5195572,-1.2488632
0.5195722,-1.2488632
0.5195872,-1.2488632
0.51960224,-1.2488632
0.51961726,-1.2488632
0.5196323,-1.202632
0.5196473,-1.202632
0.5196623,-1.202632
0.51967734,-1.202632
0.51969236,-1.202632
0.5197074,-1.1564007
0.5197224,-1.1564007
0.5197374,-1.1564007
0.51975244,-1.1564007
0.51976746,-1.1101689
0.5197825,-1.1101689
0.5197975,-1.1101689
0.5198125,-1.1101689
0.51982754,-1.1101689
0.51984257,-1.0639377
0.5198576,-1.0639377
0.5198726,-1.0639377
0.5198876,-1.0639377
0.51990265,-1.0177064
0.51991767,-1.0177064
0.5199327,-1.0177064
0.5199477,-1.0177064
0.5199627,-1.0177064
0.51997775,-0.9714751
0.51999277,-0.9714751
0.5200078,-0.9714751
0.5200228,-0.9714751
0.52003783,-0.9714751
0.52005285,-0.9252434
0.5200679,-0.9252434
0.5200829,-0.9252434
0.5200979,-0.9252434
0.52011293,-0.8790121
0.52012795,-0.8790121
0.520143,-0.8790121
0.520158,-0.8790121
0.520173,-0.8790121
0.52018803,-0.83278084
0.52020305,-0.83278084
0.5202181,-0.83278084
0.5202331,-0.83278084
0.5202481,-0.83278084
0.52026314,-0.78654957
0.52027816,-0.78654957
0.5202932,-0.78654957
0.5203082,-0.78654957
0.5203232,-0.7403178
0.52033824,-0.7403178
0.52035326,-0.7403178
0.5203683,-0.7403178
0.52038336,-0.7403178
0.5203984,-0.694087
0.5204134,-0.694087
0.5204284,-0.694087
0.52044344,-0.694087
0.52045846,-0.6478553
0.5204735,-0.6478553
0.5204885,-0.6478553
0.5205035,-0.6478553
0.52051854,-0.6478553
0.52053356,-0.601624
0.5205486,-0.601624
0.5205636,-0.601624
0.5205786,-0.601624
0.52059364,-0.601624
0.52060866,-0.55539227
0.5206237,-0.55539227
0.5206387,-0.55539227
0.5206537,-0.55539227
0.52066875,-0.5091615
0.52068377,-0.5091615
0.5206988,-0.5091615
0.5207138,-0.5091615
0.5207288,-0.5091615
0.52074385,-0.46292973
0.52075887,-0.46292973
0.5207739,-0.46292973
0.5207889,-0.46292973
0.5208039,-0.46292973
0.52081895,-0.41669846
0.52083397,-0.41669846
0.520849,-0.41669846
0.520864,-0.41669846
0.52087903,-0.41669846
0.52089405,-0.3704667
0.5209091,-0.3704667
0.5209241,-0.3704667
0.5209391,-0.3704667
0.52095413,-0.32423592
0.52096915,-0.32423592
0.5209842,-0.32423592
0.5209992,-0.32423592
0.5210142,-0.32423592
0.52102923,-0.27800417
0.52104425,-0.27800417
0.5210593,-0.27800417
0.5210743,-0.27800417
0.5210893,-0.27800417
0.52110434,-0.2317729
0.52111936,-0.2317729
0.5211344,-0.2317729
0.5211494,-0.2317729
0.5211644,-0.18554163
0.52117944,-0.18554163
0.52119446,-0.18554163
0.5212095,-0.18554163
0.5212245,-0.18554163
0.5212395,-0.13931036
0.52125454,-0.13931036
0.52126956,-0.13931036
0.5212846,-0.13931036
0.5212996,-0.13931036
0.5213146,-0.09307861
0.52132964,-0.09307861
0.52134466,-0.09307861
0.5213597,-0.09307861
0.5213747,-0.046847343
0.5213897,-0.046847343
0.52140474,-0.046847343
0.52141976,-0.046847343
0.5214348,-0.046847343
0.5214498,-6.160736E-4
0.5214648,-6.160736E-4
0.52147985,-6.160736E-4
0.52149487,-6.160736E-4
0.5215099,0.045615196
0.5215249,0.045615196
0.5215399,0.045615196
0.52155495,0.045615196
0.52156997,0.045615196
0.521585,0.091846466
0.5216,0.091846466
0.521615,0.091846466
0.52163005,0.091846466
0.52164507,0.091846466
0.5216601,0.13807821
0.5216751,0.13807821
0.52169013,0.13807821
0.52170515,0.13807821
0.5217202,0.184309
0.5217352,0.184309
0.5217502,0.184309
0.52176523,0.184309
0.52178025,0.184309
0.5217953,0.23054075
0.5218103,0.23054075
0.5218253,0.23054075
0.52184033,0.23054075
0.52185535,0.23054075
0.5218704,0.27677202
0.5218854,0.27677202
0.5219004,0.27677202
0.52191544,0.27677202
0.52193046,0.3230033
0.5219455,0.3230033
0.5219605,0.3230033
0.5219755,0.3230033
0.52199054,0.3230033
0.52200556,0.36923456
0.5220206,0.36923456
0.5220356,0.36923456
0.5220506,0.36923456
0.52206564,0.36923456
0.52208066,0.4154663
0.5220957,0.4154663
0.5221107,0.4154663
0.5221257,0.4154663
0.52214074,0.46169758
0.5221558,0.46169758
0.52217084,0.46169758
0.52218586,0.46169758
0.5222009,0.46169758
0.5222159,0.50792885
0.5222309,0.50792885
0.52224594,0.50792885
0.52226096,0.50792885
0.522276,0.50792885
0.522291,0.5541601
0.522306,0.5541601
0.52232105,0.5541601
0.52233607,0.5541601
0.5223511,0.5541601
0.5223661,0.60039186
0.5223811,0.60039186
0.52239615,0.60039186
0.52241117,0.60039186
0.5224262,0.60039186
0.5224412,0.64662313
0.5224562,0.64662313
0.52247125,0.64662313
0.52248627,0.64662313
0.5225013,0.6928544
0.5225163,0.6928544
0.52253133,0.6928544
0.52254635,0.6928544
0.5225614,0.6928544
0.5225764,0.7390857
0.5225914,0.7390857
0.52260643,0.7390857
0.52262145,0.7390857
0.5226365,0.7390857
0.5226515,0.7853174
0.5226665,0.7853174
0.52268153,0.7853174
0.52269655,0.7853174
0.5227116,0.7853174
0.5227266,0.8315482
0.5227416,0.8315482
0.52275664,0.8315482
0.52277166,0.8315482
0.5227867,0.8315482
0.5228017,0.87777996
0.5228167,0.87777996
0.52283174,0.87777996
0.52284676,0.87777996
0.5228618,0.87777996
0.5228768,0.92401123
0.5228918,0.92401123
0.52290684,0.92401123
0.52292186,0.92401123
0.5229369,0.970243
0.5229519,0.970243
0.5229669,0.970243
0.52298194,0.970243
0.52299696,0.970243
0.523012,1.0164738
0.523027,1.0164738
0.523042,1.0164738
0.52305704,1.0164738
0.52307206,1.0164738
0.5230871,1.0627055
0.5231021,1.0627055
0.5231171,1.0627055
0.52313215,1.0627055
0.52314717,1.0627055
0.5231622,1.1089368
0.5231772,1.1089368
0.5231922,1.1089368
0.52320725,1.1089368
0.52322227,1.1089368
0.5232373,1.1551685
0.5232523,1.1551685
0.5232673,1.1551685
0.52328235,1.1551685
0.52329737,1.1551685
0.5233124,1.2013993
0.5233274,1.2013993
0.52334243,1.2013993
0.52335745,1.2013993
0.5233725,1.2013993
0.5233875,1.2476311
0.5234025,1.2476311
0.52341753,1.2476311
0.52343255,1.2476311
0.5234476,1.2476311
0.5234626,1.2938623
0.5234776,1.2938623
0.52349263,1.2938623
0.52350765,1.2938623
0.5235227,1.2938623
0.5235377,1.3400936
0.5235527,1.3400936
0.52356774,1.3400936
0.52358276,1.3400936
0.5235978,1.3400936
0.5236128,1.3863249
0.5236278,1.3863249
0.52364284,1.3863249
0.52365786,1.3863249
0.5236729,1.3863249
0.5236879,1.4325566
0.5237029,1.4325566
0.52371794,1.4325566
0.52373296,1.4325566
0.523748,1.4325566
0.523763,1.4787879
0.523778,1.4787879
0.52379304,1.4787879
0.52380806,1.4787879
0.5238231,1.4787879
0.5238381,1.4787879
0.5238531,1.4787879
0.52386814,1.5250192
0.52388316,1.5250192
0.5238982,1.5250192
0.52391326,1.5250192
0.5239283,1.5250192
0.5239433,1.5250192
0.5239583,1.5712504
0.52397335,1.5712504
0.52398837,1.5712504
0.5240034,1.5712504
0.5240184,1.5712504
0.5240334,1.6174817
0.52404845,1.6174817
0.52406347,1.6174817
0.5240785,1.6174817
0.5240935,1.6174817
0.5241085,1.6637135
0.52412355,1.6637135
0.52413857,1.6637135
0.5241536,1.6637135
0.5241686,1.6637135
0.52418363,1.7099442
0.52419865,1.7099442
0.5242137,1.7099442
0.5242287,1.7099442
0.5242437,1.7099442
0.52425873,1.756176
0.52427375,1.756176
0.5242888,1.756176
0.5243038,1.756176
0.5243188,1.756176
0.52433383,1.756176
0.52434886,1.756176
0.5243639,1.7099442
0.5243789,1.7099442
0.5243939,1.7099442
0.52440894,1.7099442
0.52442396,1.6637135
0.524439,1.6637135
0.524454,1.6637135
0.524469,1.6637135
0.52448404,1.6174817
0.52449906,1.6174817
0.5245141,1.6174817
0.5245291,1.6174817
0.5245441,1.6174817
0.52455914,1.5712504
0.52457416,1.5712504
0.5245892,1.5712504
0.5246042,1.5712504
0.5246192,1.5250192
0.52463424,1.5250192
0.52464926,1.5250192
0.5246643,1.5250192
0.5246793,1.5250192
0.5246943,1.4787879
0.52470934,1.4787879
0.52472436,1.4787879
0.5247394,1.4787879
0.5247544,1.4787879
0.5247694,1.4787879
0.52478445,1.4325566
0.52479947,1.4325566
0.5248145,1.4325566
0.5248295,1.4325566
0.5248445,1.4325566
0.52485955,1.3863249
0.52487457,1.3863249
0.5248896,1.3863249
0.5249046,1.3863249
0.5249196,1.3400936
0.52493465,1.3400936
0.52494967,1.3400936
0.5249647,1.3400936
0.5249797,1.2938623
0.52499473,1.2938623
0.52500975,1.2938623
0.5250248,1.2938623
0.5250398,1.2938623
0.5250548,1.2476311
0.52506983,1.2476311
0.52508485,1.2476311
0.5250999,1.2476311
0.5251149,1.2013993
0.5251299,1.2013993
0.52514493,1.2013993
0.52515996,1.2013993
0.525175,1.2013993
0.52519,1.1551685
0.525205,1.1551685
0.52522004,1.1551685
0.52523506,1.1551685
0.5252501,1.1089368
0.5252651,1.1089368
0.5252801,1.1089368
0.52529514,1.1089368
0.52531016,1.0627055
0.5253252,1.0627055
0.5253402,1.0627055
0.5253552,1.0627055
0.52537024,1.0627055
0.52538526,1.0164738
0.5254003,1.0164738
0.5254153,1.0164738
0.5254303,1.0164738
0.52544534,0.970243
0.52546036,0.970243
0.5254754,0.970243
0.5254904,0.970243
0.5255054,0.970243
0.52552044,0.92401123
0.52553546,0.92401123
0.5255505,0.92401123
0.5255655,0.92401123
0.5255805,0.87777996
0.52559555,0.87777996
0.52561057,0.87777996
0.5256256,0.87777996
0.5256406,0.87777996
0.5256556,0.8315482
0.5256707,0.8315482
0.5256857,0.8315482
0.52570075,0.8315482
0.52571577,0.7853174
0.5257308,0.7853174
0.5257458,0.7853174
0.5257608,0.7853174
0.52577585,0.7390857
0.52579087,0.7390857
0.5258059,0.7390857
0.5258209,0.7390857
0.52583593,0.7390857
0.52585095,0.6928544
0.525866,0.6928544
0.525881,0.6928544
0.525896,0.6928544
0.52591103,0.64662313
0.52592605,0.64662313
0.5259411,0.64662313
0.5259561,0.64662313
0.5259711,0.60039186
0.52598614,0.60039186
0.52600116,0.60039186
0.5260162,0.60039186
0.5260312,0.60039186
0.5260462,0.5541601
0.52606124,0.5541601
0.52607626,0.5541601
0.5260913,0.5541601
0.5261063,0.50792885
0.5261213,0.50792885
0.52613634,0.50792885
0.52615136,0.50792885
0.5261664,0.50792885
0.5261814,0.46169758
0.5261964,0.46169758
0.52621144,0.46169758
0.52622646,0.46169758
0.5262415,0.46169758
0.5262565,0.4154663
0.5262715,0.4154663
0.52628654,0.4154663
0.52630156,0.4154663
0.5263166,0.36923456
0.5263316,0.36923456
0.5263466,0.36923456
0.52636164,0.36923456
0.52637666,0.3230033
0.5263917,0.3230033
0.5264067,0.3230033
0.5264217,0.3230033
0.52643675,0.3230033
0.52645177,0.27677202
0.5264668,0.27677202
0.5264818,0.27677202
0.5264968,0.27677202
0.52651185,0.23054075
0.52652687,0.23054075
0.5265419,0.23054075
0.5265569,0.23054075
0.5265719,0.184309
0.52658695,0.184309
0.52660197,0.184309
0.526617,0.184309
0.526632,0.184309
0.52664703,0.13807821
0.52666205,0.13807821
0.5266771,0.13807821
0.5266921,0.13807821
0.5267071,0.091846466
0.52672213,0.091846466
0.52673715,0.091846466
0.5267522,0.091846466
0.5267672,0.091846466
0.5267822,0.045615196
0.52679724,0.045615196
0.52681226,0.045615196
0.5268273,0.045615196
0.5268423,-6.160736E-4
0.5268573,-6.160736E-4
0.52687234,-6.160736E-4
0.52688736,-6.160736E-4
0.5269024,-0.046847343
0.5269174,-0.046847343
0.5269324,-0.046847343
0.52694744,-0.046847343
0.52696246,-0.046847343
0.5269775,-0.09307861
0.5269925,-0.09307861
0.5270075,-0.09307861
0.52702254,-0.09307861
0.52703756,-0.13931036
0.5270526,-0.13931036
0.5270676,-0.13931036
0.5270826,-0.13931036
0.52709764,-0.13931036
0.52711266,-0.18554163
0.5271277,-0.18554163
0.5271427,-0.18554163
0.5271577,-0.18554163
0.52717274,-0.2317729
0.52718776,-0.2317729
0.5272028,-0.2317729
0.5272178,-0.2317729
0.5272328,-0.2317729
0.52724785,-0.27800417
0.52726287,-0.27800417
0.5272779,-0.27800417
0.5272929,-0.27800417
0.5273079,-0.32423592
0.52732295,-0.32423592
0.52733797,-0.32423592
0.527353,-0.32423592
0.527368,-0.32423592
0.527383,-0.3704667
0.52739805,-0.3704667
0.5274131,-0.3704667
0.52742815,-0.3704667
0.5274432,-0.41669846
0.5274582,-0.41669846
0.5274732,-0.41669846
0.52748823,-0.41669846
0.52750325,-0.41669846
0.5275183,-0.46292973
0.5275333,-0.46292973
0.5275483,-0.46292973
0.52756333,-0.46292973
0.52757835,-0.46292973
0.5275934,-0.5091615
0.5276084,-0.5091615
0.5276234,-0.5091615
0.52763844,-0.5091615
0.52765346,-0.55539227
0.5276685,-0.55539227
0.5276835,-0.55539227
0.5276985,-0.55539227
0.52771354,-0.55539227
0.52772856,-0.601624
0.5277436,-0.601624
0.5277586,-0.601624
0.5277736,-0.601624
0.52778864,-0.6478553
0.52780366,-0.6478553
0.5278187,-0.6478553
0.5278337,-0.6478553
0.5278487,-0.6478553
0.52786374,-0.694087
0.52787876,-0.694087
0.5278938,-0.694087
0.5279088,-0.694087
0.5279238,-0.694087
0.52793884,-0.7403178
0.52795386,-0.7403178
0.5279689,-0.7403178
0.5279839,-0.7403178
0.5279989,-0.78654957
0.52801394,-0.78654957
0.52802896,-0.78654957
0.528044,-0.78654957
0.528059,-0.78654957
0.528074,-0.83278084
0.52808905,-0.83278084
0.52810407,-0.83278084
0.5281191,-0.83278084
0.5281341,-0.83278084
0.5281491,-0.8790121
0.52816415,-0.8790121
0.52817917,-0.8790121
0.5281942,-0.8790121
0.5282092,-0.8790121
0.52822423,-0.9252434
0.52823925,-0.9252434
0.5282543,-0.9252434
0.5282693,-0.9252434
0.5282843,-0.9714751
0.52829933,-0.9714751
0.52831435,-0.9714751
0.5283294,-0.9714751
0.5283444,-0.9714751
0.5283594,-1.0177064
0.52837443,-1.0177064
0.52838945,-1.0177064
0.5284045,-1.0177064
0.5284195,-1.0177064
0.5284345,-1.0639377
0.52844954,-1.0639377
0.52846456,-1.0639377
0.5284796,-1.0639377
0.5284946,-1.1101689
0.5285096,-1.1101689
0.52852464,-1.1101689
0.52853966,-1.1101689
0.5285547,-1.1101689
0.5285697,-1.1564007
0.5285847,-1.1564007
0.52859974,-1.1564007
0.52861476,-1.1564007
0.5286298,-1.1564007
0.5286448,-1.202632
0.5286598,-1.202632
0.52867484,-1.202632
0.52868986,-1.202632
0.5287049,-1.202632
0.5287199,-1.2488632
0.5287349,-1.2488632
0.52874994,-1.2488632
0.52876496,-1.2488632
0.52878,-1.2488632
0.528795,-1.2950945
0.52881,-1.2950945
0.52882504,-1.2950945
0.52884007,-1.2950945
0.5288551,-1.2950945
0.5288701,-1.3413262
0.5288851,-1.3413262
0.52890015,-1.3413262
0.52891517,-1.3413262
0.5289302,-1.387557
0.5289452,-1.387557
0.5289602,-1.387557
0.52897525,-1.387557
0.52899027,-1.387557
0.5290053,-1.4337888
0.5290203,-1.4337888
0.52903533,-1.4337888
0.52905035,-1.4337888
0.5290654,-1.4337888
0.5290804,-1.48002
0.5290954,-1.48002
0.52911043,-1.48002
0.52912545,-1.48002
0.5291405,-1.48002
0.5291555,-1.48002
0.5291705,-1.48002
0.5291856,-1.48002
0.5292006,-1.5262513
0.52921563,-1.5262513
0.52923065,-1.5262513
0.5292457,-1.5262513
0.5292607,-1.5262513
0.5292757,-1.5724826
0.52929074,-1.5724826
0.52930576,-1.5724826
0.5293208,-1.5724826
0.5293358,-1.5724826
0.5293508,-1.6187139
0.52936584,-1.6187139
0.52938086,-1.6187139
0.5293959,-1.6187139
0.5294109,-1.6187139
0.5294259,-1.6187139
0.52944094,-1.6187139
0.52945596,-1.6187139
0.529471,-1.5724826
0.529486,-1.5724826
0.529501,-1.5724826
0.52951604,-1.5724826
0.52953106,-1.5724826
0.5295461,-1.5262513
0.5295611,-1.5262513
0.5295761,-1.5262513
0.52959114,-1.5262513
0.52960616,-1.48002
0.5296212,-1.48002
0.5296362,-1.48002
0.5296512,-1.48002
0.52966624,-1.48002
0.52968127,-1.48002
0.5296963,-1.48002
0.5297113,-1.4337888
0.5297263,-1.4337888
0.52974135,-1.4337888
0.52975637,-1.4337888
0.5297714,-1.4337888
0.5297864,-1.387557
0.5298014,-1.387557
0.52981645,-1.387557
0.52983147,-1.387557
0.5298465,-1.3413262
0.5298615,-1.3413262
0.52987653,-1.3413262
0.52989155,-1.3413262
0.5299066,-1.3413262
0.5299216,-1.2950945
0.5299366,-1.2950945
0.52995163,-1.2950945
0.52996665,-1.2950945
0.5299817,-1.2950945
0.5299967,-1.2488632
0.5300117,-1.2488632
0.53002673,-1.2488632
0.53004175,-1.2488632
0.5300568,-1.2488632
0.5300718,-1.202632
0.5300868,-1.202632
0.53010184,-1.202632
0.53011686,-1.202632
0.5301319,-1.1564007
0.5301469,-1.1564007
0.5301619,-1.1564007
0.53017694,-1.1564007
0.53019196,-1.1564007
0.530207,-1.1101689
0.530222,-1.1101689
0.530237,-1.1101689
0.53025204,-1.1101689
0.53026706,-1.0639377
0.5302821,-1.0639377
0.5302971,-1.0639377
0.5303121,-1.0639377
0.53032714,-1.0639377
0.53034216,-1.0177064
0.5303572,-1.0177064
0.5303722,-1.0177064
0.5303872,-1.0177064
0.53040224,-1.0177064
0.53041726,-0.9714751
0.5304323,-0.9714751
0.5304473,-0.9714751
0.5304623,-0.9714751
0.53047734,-0.9252434
0.53049237,-0.9252434
0.5305074,-0.9252434
0.5305224,-0.9252434
0.5305374,-0.9252434
0.53055245,-0.8790121
0.53056747,-0.8790121
0.5305825,-0.8790121
0.5305975,-0.8790121
0.5306125,-0.83278084
0.53062755,-0.83278084
0.53064257,-0.83278084
0.5306576,-0.83278084
0.5306726,-0.83278084
0.53068763,-0.78654957
0.53070265,-0.78654957
0.5307177,-0.78654957
0.5307327,-0.78654957
0.5307477,-0.78654957
0.53076273,-0.7403178
0.53077775,-0.7403178
0.5307928,-0.7403178
0.5308078,-0.7403178
0.5308228,-0.7403178
0.53083783,-0.694087
0.53085285,-0.694087
0.5308679,-0.694087
0.5308829,-0.694087
0.5308979,-0.6478553
0.53091294,-0.6478553
0.53092796,-0.6478553
0.530943,-0.6478553
0.53095806,-0.6478553
0.5309731,-0.601624
0.5309881,-0.601624
0.5310031,-0.601624
0.53101814,-0.601624
0.53103316,-0.601624
0.5310482,-0.55539227
0.5310632,-0.55539227
0.5310782,-0.55539227
0.53109324,-0.55539227
0.53110826,-0.5091615
0.5311233,-0.5091615
0.5311383,-0.5091615
0.5311533,-0.5091615
0.53116834,-0.5091615
0.53118336,-0.46292973
0.5311984,-0.46292973
0.5312134,-0.46292973
0.5312284,-0.46292973
0.53124344,-0.46292973
0.53125846,-0.41669846
0.5312735,-0.41669846
0.5312885,-0.41669846
0.5313035,-0.41669846
0.53131855,-0.3704667
0.53133357,-0.3704667
0.5313486,-0.3704667
0.5313636,-0.3704667
0.5313786,-0.3704667
0.53139365,-0.32423592
0.53140867,-0.32423592
0.5314237,-0.32423592
0.5314387,-0.32423592
0.5314537,-0.32423592
0.53146875,-0.27800417
0.53148377,-0.27800417
0.5314988,-0.27800417
0.5315138,-0.27800417
0.53152883,-0.2317729
0.53154385,-0.2317729
0.5315589,-0.2317729
0.5315739,-0.2317729
0.5315889,-0.2317729
0.53160393,-0.18554163
0.53161895,-0.18554163
0.531634,-0.18554163
0.531649,-0.18554163
0.531664,-0.18554163
0.53167903,-0.13931036
0.53169405,-0.13931036
0.5317091,-0.13931036
0.5317241,-0.13931036
0.5317391,-0.09307861
0.53175414,-0.09307861
0.53176916,-0.09307861
0.5317842,-0.09307861
0.5317992,-0.09307861
0.5318142,-0.046847343
0.53182924,-0.046847343
0.53184426,-0.046847343
0.5318593,-0.046847343
0.5318743,-0.046847343
0.5318893,-6.160736E-4
0.53190434,-6.160736E-4
0.53191936,-6.160736E-4
0.5319344,-6.160736E-4
0.5319494,0.045615196
0.5319644,0.045615196
0.53197944,0.045615196
0.53199446,0.045615196
0.5320095,0.091846466
0.5320245,0.091846466
0.5320395,0.091846466
0.53205454,0.091846466
0.53206956,0.091846466
0.5320846,0.13807821
0.5320996,0.13807821
0.5321146,0.13807821
0.53212965,0.13807821
0.53214467,0.13807821
0.5321597,0.184309
0.5321747,0.184309
0.5321897,0.184309
0.53220475,0.184309
0.53221977,0.184309
0.5322348,0.23054075
0.5322498,0.23054075
0.5322648,0.23054075
0.53227985,0.23054075
0.53229487,0.27677202
0.5323099,0.27677202
0.5323249,0.27677202
0.53233993,0.27677202
0.53235495,0.27677202
0.53237,0.3230033
0.532385,0.3230033
0.5324,0.3230033
0.53241503,0.3230033
0.53243005,0.36923456
0.5324451,0.36923456
0.5324601,0.36923456
0.5324751,0.36923456
0.53249013,0.36923456
0.53250515,0.4154663
0.5325202,0.4154663
0.5325352,0.4154663
0.5325502,0.4154663
0.53256524,0.4154663
0.53258026,0.46169758
0.5325953,0.46169758
0.5326103,0.46169758
0.5326253,0.46169758
0.53264034,0.46169758
0.53265536,0.50792885
0.5326704,0.50792885
0.5326854,0.50792885
0.5327004,0.50792885
0.5327155,0.50792885
0.5327305,0.5541601
0.53274554,0.5541601
0.53276056,0.5541601
0.5327756,0.5541601
0.5327906,0.60039186
0.5328056,0.60039186
0.53282064,0.60039186
0.53283566,0.60039186
0.5328507,0.60039186
0.5328657,0.64662313
0.5328807,0.64662313
0.53289574,0.64662313
0.53291076,0.64662313
0.5329258,0.64662313
0.5329408,0.6928544
0.5329558,0.6928544
0.53297085,0.6928544
0.53298587,0.6928544
0.5330009,0.6928544
0.5330159,0.7390857
0.5330309,0.7390857
0.53304595,0.7390857
0.53306097,0.7390857
0.533076,0.7853174
0.533091,0.7853174
0.533106,0.7853174
0.53312105,0.7853174
0.53313607,0.7853174
0.5331511,0.8315482
0.5331661,0.8315482
0.53318113,0.8315482
0.53319615,0.8315482
0.5332112,0.8315482
0.5332262,0.87777996
0.5332412,0.87777996
0.53325623,0.87777996
0.53327125,0.87777996
0.5332863,0.87777996
0.5333013,0.92401123
0.5333163,0.92401123
0.53333133,0.92401123
0.53334635,0.92401123
0.5333614,0.92401123
0.5333764,0.970243
0.5333914,0.970243
0.53340644,0.970243
0.53342146,0.970243
0.5334365,0.970243
0.5334515,1.0164738
0.5334665,1.0164738
0.53348154,1.0164738
0.53349656,1.0164738
0.5335116,1.0164738
0.5335266,1.0627055
0.5335416,1.0627055
0.53355664,1.0627055
0.53357166,1.0627055
0.5335867,1.0627055
0.5336017,1.1089368
0.5336167,1.1089368
0.53363174,1.1089368
0.53364676,1.1089368
0.5336618,1.1551685
0.5336768,1.1551685
0.5336918,1.1551685
0.53370684,1.1551685
0.53372186,1.1551685
0.5337369,1.2013993
0.5337519,1.2013993
0.5337669,1.2013993
0.53378195,1.2013993
0.53379697,1.2013993
0.533812,1.2476311
0.533827,1.2476311
0.533842,1.2476311
0.53385705,1.2476311
0.53387207,1.2476311
0.5338871,1.2938623
0.5339021,1.2938623
0.5339171,1.2938623
0.53393215,1.2938623
0.53394717,1.2938623
0.5339622,1.3400936
0.5339772,1.3400936
0.53399223,1.3400936
0.53400725,1.3400936
0.5340223,1.3400936
0.5340373,1.3863249
0.5340523,1.3863249
0.53406733,1.3863249
0.53408235,1.3863249
0.5340974,1.3863249
0.5341124,1.4325566
0.5341274,1.4325566
0.53414243,1.4325566
0.53415745,1.4325566
0.5341725,1.4325566
0.5341875,1.4787879
0.5342025,1.4787879
0.53421754,1.4787879
0.53423256,1.4787879
0.5342476,1.4787879
0.5342626,1.4787879
0.5342776,1.4787879
0.53429264,1.4787879
0.53430766,1.5250192
0.5343227,1.5250192
0.5343377,1.5250192
0.5343527,1.5250192
0.53436774,1.5250192
0.53438276,1.5712504
0.5343978,1.5712504
0.5344128,1.5712504
0.5344278,1.5712504
0.53444284,1.5712504
0.53445786,1.6174817
0.53447294,1.6174817
0.53448796,1.6174817
0.534503,1.6174817
0.534518,1.6174817
0.534533,1.6637135
0.53454804,1.6637135
0.53456306,1.6637135
0.5345781,1.6637135
0.5345931,1.6637135
0.5346081,1.7099442
0.53462315,1.7099442
0.53463817,1.7099442
0.5346532,1.7099442
0.5346682,1.7099442
0.5346832,1.756176
0.53469825,1.756176
0.53471327,1.756176
0.5347283,1.756176
0.5347433,1.756176
0.5347583,1.756176
0.53477335,1.756176
0.53478837,1.756176
0.5348034,1.7099442
0.5348184,1.7099442
0.53483343,1.7099442
0.53484845,1.7099442
0.5348635,1.6637135
0.5348785,1.6637135
0.5348935,1.6637135
0.53490853,1.6637135
0.53492355,1.6174817
0.5349386,1.6174817
0.5349536,1.6174817
0.5349686,1.6174817
0.53498363,1.5712504
0.53499866,1.5712504
0.5350137,1.5712504
0.5350287,1.5712504
0.5350437,1.5712504
0.53505874,1.5250192
0.53507376,1.5250192
0.5350888,1.5250192
0.5351038,1.5250192
0.5351188,1.4787879
0.53513384,1.4787879
0.53514886,1.4787879
0.5351639,1.4787879
0.5351789,1.4787879
0.5351939,1.4787879
0.53520894,1.4787879
0.53522396,1.4325566
0.535239,1.4325566
0.535254,1.4325566
0.535269,1.4325566
0.53528404,1.3863249
0.53529906,1.3863249
0.5353141,1.3863249
0.5353291,1.3863249
0.5353441,1.3863249
0.53535914,1.3400936
0.53537416,1.3400936
0.5353892,1.3400936
0.5354042,1.3400936
0.5354192,1.2938623
0.53543425,1.2938623
0.53544927,1.2938623
0.5354643,1.2938623
0.5354793,1.2938623
0.5354943,1.2476311
0.53550935,1.2476311
0.53552437,1.2476311
0.5355394,1.2476311
0.5355544,1.2013993
0.5355694,1.2013993
0.53558445,1.2013993
0.53559947,1.2013993
0.5356145,1.1551685
0.5356295,1.1551685
0.53564453,1.1551685
0.53565955,1.1551685
0.5356746,1.1551685
0.5356896,1.1089368
0.5357046,1.1089368
0.53571963,1.1089368
0.53573465,1.1089368
0.5357497,1.0627055
0.5357647,1.0627055
0.5357797,1.0627055
0.53579473,1.0627055
0.53580976,1.0627055
0.5358248,1.0164738
0.5358398,1.0164738
0.5358548,1.0164738
0.53586984,1.0164738
0.53588486,0.970243
0.5358999,0.970243
0.5359149,0.970243
0.5359299,0.970243
0.53594494,0.92401123
0.53595996,0.92401123
0.535975,0.92401123
0.53599,0.92401123
0.536005,0.92401123
0.53602004,0.87777996
0.53603506,0.87777996
0.5360501,0.87777996
0.5360651,0.87777996
0.5360801,0.8315482
0.53609514,0.8315482
0.53611016,0.8315482
0.5361252,0.8315482
0.5361402,0.8315482
0.5361552,0.7853174
0.53617024,0.7853174
0.53618526,0.7853174
0.5362003,0.7853174
0.5362153,0.7390857
0.5362304,0.7390857
0.5362454,0.7390857
0.5362604,0.7390857
0.53627545,0.6928544
0.53629047,0.6928544
0.5363055,0.6928544
0.5363205,0.6928544
0.5363355,0.6928544
0.53635055,0.64662313
0.53636557,0.64662313
0.5363806,0.64662313
0.5363956,0.64662313
0.5364106,0.60039186
0.53642565,0.60039186
0.5364407,0.60039186
0.5364557,0.60039186
0.5364707,0.60039186
0.53648573,0.5541601
0.53650075,0.5541601
0.5365158,0.5541601
0.5365308,0.5541601
0.5365458,0.50792885
0.53656083,0.50792885
0.53657585,0.50792885
0.5365909,0.50792885
0.5366059,0.50792885
0.5366209,0.46169758
0.53663594,0.46169758
0.53665096,0.46169758
0.536666,0.46169758
0.536681,0.4154663
0.536696,0.4154663
0.53671104,0.4154663
0.53672606,0.4154663
0.5367411,0.4154663
0.5367561,0.36923456
0.5367711,0.36923456
0.53678614,0.36923456
0.53680116,0.36923456
0.5368162,0.3230033
0.5368312,0.3230033
0.5368462,0.3230033
0.53686124,0.3230033
0.53687626,0.27677202
0.5368913,0.27677202
0.5369063,0.27677202
0.5369213,0.27677202
0.53693634,0.27677202
0.53695136,0.23054075
0.5369664,0.23054075
0.5369814,0.23054075
0.5369964,0.23054075
0.53701144,0.184309
0.53702646,0.184309
0.5370415,0.184309
0.5370565,0.184309
0.5370715,0.13807821
0.53708655,0.13807821
0.53710157,0.13807821
0.5371166,0.13807821
0.5371316,0.13807821
0.5371466,0.091846466
0.53716165,0.091846466
0.53717667,0.091846466
0.5371917,0.091846466
0.5372067,0.045615196
0.5372217,0.045615196
0.53723675,0.045615196
0.5372518,0.045615196
0.5372668,0.045615196
0.5372818,-6.160736E-4
0.53729683,-6.160736E-4
0.53731185,-6.160736E-4
0.5373269,-6.160736E-4
0.5373419,-0.046847343
0.5373569,-0.046847343
0.53737193,-0.046847343
0.53738695,-0.046847343
0.537402,-0.046847343
0.537417,-0.09307861
0.537432,-0.09307861
0.53744704,-0.09307861
0.53746206,-0.09307861
0.5374771,-0.13931036
0.5374921,-0.13931036
0.5375071,-0.13931036
0.53752214,-0.13931036
0.53753716,-0.13931036
0.5375522,-0.18554163
0.5375672,-0.18554163
0.5375822,-0.18554163
0.53759724,-0.18554163
0.53761226,-0.2317729
0.5376273,-0.2317729
0.5376423,-0.2317729
0.5376573,-0.2317729
0.53767234,-0.2317729
0.53768736,-0.27800417
0.5377024,-0.27800417
0.5377174,-0.27800417
0.5377324,-0.27800417
0.53774744,-0.32423592
0.53776246,-0.32423592
0.5377775,-0.32423592
0.5377925,-0.32423592
0.5378075,-0.32423592
0.53782254,-0.3704667
0.53783756,-0.3704667
0.5378526,-0.3704667
0.5378676,-0.3704667
0.5378826,-0.41669846
0.53789765,-0.41669846
0.53791267,-0.41669846
0.5379277,-0.41669846
0.5379427,-0.41669846
0.5379577,-0.46292973
0.53797275,-0.46292973
0.53798777,-0.46292973
0.53800285,-0.46292973
0.53801787,-0.5091615
0.5380329,-0.5091615
0.5380479,-0.5091615
0.53806293,-0.5091615
0.53807795,-0.5091615
0.538093,-0.55539227
0.538108,-0.55539227
0.538123,-0.55539227
0.53813803,-0.55539227
0.53815305,-0.601624
0.5381681,-0.601624
0.5381831,-0.601624
0.5381981,-0.601624
0.53821313,-0.601624
0.53822815,-0.6478553
0.5382432,-0.6478553
0.5382582,-0.6478553
0.5382732,-0.6478553
0.53828824,-0.6478553
0.53830326,-0.694087
0.5383183,-0.694087
0.5383333,-0.694087
0.5383483,-0.694087
0.53836334,-0.7403178
0.53837836,-0.7403178
0.5383934,-0.7403178
0.5384084,-0.7403178
0.5384234,-0.7403178
0.53843844,-0.78654957
0.53845346,-0.78654957
0.5384685,-0.78654957
0.5384835,-0.78654957
0.5384985,-0.78654957
0.53851354,-0.83278084
0.53852856,-0.83278084
0.5385436,-0.83278084
0.5385586,-0.83278084
0.5385736,-0.83278084
0.53858864,-0.8790121
0.53860366,-0.8790121
0.5386187,-0.8790121
0.5386337,-0.8790121
0.5386487,-0.9252434
0.53866374,-0.9252434
0.53867877,-0.9252434
0.5386938,-0.9252434
0.5387088,-0.9252434
0.5387238,-0.9714751
0.53873885,-0.9714751
0.53875387,-0.9714751
0.5387689,-0.9714751
0.5387839,-0.9714751
0.5387989,-1.0177064
0.53881395,-1.0177064
0.53882897,-1.0177064
0.538844,-1.0177064
0.538859,-1.0639377
0.53887403,-1.0639377
0.53888905,-1.0639377
0.5389041,-1.0639377
0.5389191,-1.0639377
0.5389341,-1.1101689
0.53894913,-1.1101689
0.53896415,-1.1101689
0.5389792,-1.1101689
0.5389942,-1.1101689
0.5390092,-1.1564007
0.53902423,-1.1564007
0.53903925,-1.1564007
0.5390543,-1.1564007
0.5390693,-1.1564007
0.5390843,-1.202632
0.53909934,-1.202632
0.53911436,-1.202632
0.5391294,-1.202632
0.5391444,-1.2488632
0.5391594,-1.2488632
0.53917444,-1.2488632
0.53918946,-1.2488632
0.5392045,-1.2488632
0.5392195,-1.2950945
0.5392345,-1.2950945
0.53924954,-1.2950945
0.53926456,-1.2950945
0.5392796,-1.2950945
0.5392946,-1.3413262
0.5393096,-1.3413262
0.53932464,-1.3413262
0.53933966,-1.3413262
0.5393547,-1.3413262
0.5393697,-1.387557
0.5393847,-1.387557
0.53939974,-1.387557
0.53941476,-1.387557
0.5394298,-1.387557
0.5394448,-1.4337888
0.5394598,-1.4337888
0.53947484,-1.4337888
0.53948987,-1.4337888
0.5395049,-1.4337888
0.5395199,-1.48002
0.5395349,-1.48002
0.53954995,-1.48002
0.53956497,-1.48002
0.53958,-1.48002
0.539595,-1.48002
0.53961,-1.48002
0.53962505,-1.5262513
0.53964007,-1.5262513
0.5396551,-1.5262513
0.5396701,-1.5262513
0.53968513,-1.5262513
0.53970015,-1.5724826
0.5397152,-1.5724826
0.5397302,-1.5724826
0.5397452,-1.5724826
0.5397603,-1.5724826
0.5397753,-1.6187139
0.53979033,-1.6187139
0.53980535,-1.6187139
0.5398204,-1.6187139
0.5398354,-1.6187139
0.5398504,-1.6187139
0.53986543,-1.6187139
0.53988045,-1.6187139
0.5398955,-1.6187139
0.5399105,-1.5724826
0.5399255,-1.5724826
0.53994054,-1.5724826
0.53995556,-1.5724826
0.5399706,-1.5262513
0.5399856,-1.5262513
0.5400006,-1.5262513
0.54001564,-1.5262513
0.54003066,-1.5262513
0.5400457,-1.48002
0.5400607,-1.48002
0.5400757,-1.48002
0.54009074,-1.48002
0.54010576,-1.48002
0.5401208,-1.48002
0.5401358,-1.48002
0.5401508,-1.4337888
0.54016584,-1.4337888
0.54018086,-1.4337888
0.5401959,-1.4337888
0.5402109,-1.4337888
0.5402259,-1.387557
0.54024094,-1.387557
0.54025596,-1.387557
0.540271,-1.387557
0.540286,-1.3413262
0.540301,-1.3413262
0.54031605,-1.3413262
0.54033107,-1.3413262
0.5403461,-1.3413262
0.5403611,-1.2950945
0.5403761,-1.2950945
0.54039115,-1.2950945
0.54040617,-1.2950945
0.5404212,-1.2488632
0.5404362,-1.2488632
0.5404512,-1.2488632
0.54046625,-1.2488632
0.54048127,-1.2488632
0.5404963,-1.202632
0.5405113,-1.202632
0.54052633,-1.202632
0.54054135,-1.202632
0.5405564,-1.202632
0.5405714,-1.1564007
0.5405864,-1.1564007
0.54060143,-1.1564007
0.54061645,-1.1564007
0.5406315,-1.1101689
0.5406465,-1.1101689
0.5406615,-1.1101689
0.54067653,-1.1101689
0.54069155,-1.1101689
0.5407066,-1.0639377
0.5407216,-1.0639377
0.5407366,-1.0639377
0.54075164,-1.0639377
0.54076666,-1.0639377
0.5407817,-1.0177064
0.5407967,-1.0177064
0.5408117,-1.0177064
0.54082674,-1.0177064
0.54084176,-0.9714751
0.5408568,-0.9714751
0.5408718,-0.9714751
0.5408868,-0.9714751
0.54090184,-0.9714751
0.54091686,-0.9252434
0.5409319,-0.9252434
0.5409469,-0.9252434
0.5409619,-0.9252434
0.54097694,-0.8790121
0.54099196,-0.8790121
0.541007,-0.8790121
0.541022,-0.8790121
0.541037,-0.8790121
0.54105204,-0.83278084
0.54106706,-0.83278084
0.5410821,-0.83278084
0.5410971,-0.83278084
0.5411121,-0.83278084
0.54112715,-0.78654957
0.54114217,-0.78654957
0.5411572,-0.78654957
0.5411722,-0.78654957
0.5411872,-0.78654957
0.54120225,-0.7403178
0.54121727,-0.7403178
0.5412323,-0.7403178
0.5412473,-0.7403178
0.5412623,-0.694087
0.54127735,-0.694087
0.54129237,-0.694087
0.5413074,-0.694087
0.5413224,-0.694087
0.54133743,-0.6478553
0.54135245,-0.6478553
0.5413675,-0.6478553
0.5413825,-0.6478553
0.5413975,-0.6478553
0.54141253,-0.601624
0.54142755,-0.601624
0.5414426,-0.601624
0.5414576,-0.601624
0.5414726,-0.55539227
0.54148763,-0.55539227
0.54150265,-0.55539227
0.54151773,-0.55539227
0.54153275,-0.55539227
0.5415478,-0.5091615
0.5415628,-0.5091615
0.5415778,-0.5091615
0.54159284,-0.5091615
0.54160786,-0.5091615
0.5416229,-0.46292973
0.5416379,-0.46292973
0.5416529,-0.46292973
0.54166794,-0.46292973
0.54168296,-0.41669846
0.541698,-0.41669846
0.541713,-0.41669846
0.541728,-0.41669846
0.54174304,-0.41669846
0.54175806,-0.3704667
0.5417731,-0.3704667
0.5417881,-0.3704667
0.5418031,-0.3704667
0.54181814,-0.32423592
0.54183316,-0.32423592
0.5418482,-0.32423592
0.5418632,-0.32423592
0.5418782,-0.32423592
0.54189324,-0.27800417
0.54190826,-0.27800417
0.5419233,-0.27800417
0.5419383,-0.27800417
0.5419533,-0.27800417
0.54196835,-0.2317729
0.54198337,-0.2317729
0.5419984,-0.2317729
0.5420134,-0.2317729
0.5420284,-0.18554163
0.54204345,-0.18554163
0.54205847,-0.18554163
0.5420735,-0.18554163
0.5420885,-0.18554163
0.5421035,-0.13931036
0.54211855,-0.13931036
0.54213357,-0.13931036
0.5421486,-0.13931036
0.5421636,-0.13931036
0.54217863,-0.09307861
0.54219365,-0.09307861
0.5422087,-0.09307861
0.5422237,-0.09307861
0.5422387,-0.09307861
0.54225373,-0.046847343
0.54226875,-0.046847343
0.5422838,-0.046847343
0.5422988,-0.046847343
0.5423138,-6.160736E-4
0.54232883,-6.160736E-4
0.54234385,-6.160736E-4
0.5423589,-6.160736E-4
0.5423739,0.045615196
0.5423889,0.045615196
0.54240394,0.045615196
0.54241896,0.045615196
0.542434,0.045615196
0.542449,0.091846466
0.542464,0.091846466
0.54247904,0.091846466
0.54249406,0.091846466
0.5425091,0.091846466
0.5425241,0.13807821
0.5425391,0.13807821
0.54255414,0.13807821
0.54256916,0.13807821
0.5425842,0.13807821
0.5425992,0.184309
0.5426142,0.184309
0.54262924,0.184309
0.54264426,0.184309
0.5426593,0.23054075
0.5426743,0.23054075
0.5426893,0.23054075
0.54270434,0.23054075
0.54271936,0.23054075
0.5427344,0.27677202
0.5427494,0.27677202
0.5427644,0.27677202
0.54277945,0.27677202
0.54279447,0.27677202
0.5428095,0.3230033
0.5428245,0.3230033
0.5428395,0.3230033
0.54285455,0.3230033
0.54286957,0.36923456
0.5428846,0.36923456
0.5428996,0.36923456
0.5429146,0.36923456
0.54292965,0.36923456
0.54294467,0.4154663
0.5429597,0.4154663
0.5429747,0.4154663
0.54298973,0.4154663
0.54300475,0.4154663
0.5430198,0.46169758
0.5430348,0.46169758
0.5430498,0.46169758
0.54306483,0.46169758
0.54307985,0.46169758
0.5430949,0.50792885
0.5431099,0.50792885
0.5431249,0.50792885
0.54313993,0.50792885
0.54315495,0.5541601
0.54317,0.5541601
0.543185,0.5541601
0.5432,0.5541601
0.54321504,0.5541601
0.54323006,0.60039186
0.5432451,0.60039186
0.5432601,0.60039186
0.5432752,0.60039186
0.5432902,0.60039186
0.5433052,0.64662313
0.54332024,0.64662313
0.54333526,0.64662313
0.5433503,0.64662313
0.5433653,0.64662313
0.5433803,0.6928544
0.54339534,0.6928544
0.54341036,0.6928544
0.5434254,0.6928544
0.5434404,0.7390857
0.5434554,0.7390857
0.54347044,0.7390857
0.54348546,0.7390857
0.5435005,0.7390857
0.5435155,0.7853174
0.5435305,0.7853174
0.54354554,0.7853174
0.54356056,0.7853174
0.5435756,0.7853174
0.5435906,0.8315482
0.5436056,0.8315482
0.54362065,0.8315482
0.54363567,0.8315482
0.5436507,0.8315482
0.5436657,0.87777996
0.5436807,0.87777996
0.54369575,0.87777996
0.54371077,0.87777996
0.5437258,0.87777996
0.5437408,0.92401123
0.5437558,0.92401123
0.54377085,0.92401123
0.54378587,0.92401123
0.5438009,0.92401123
0.5438159,0.970243
0.54383093,0.970243
0.54384595,0.970243
0.543861,0.970243
0.543876,0.970243
0.543891,1.0164738
0.54390603,1.0164738
0.54392105,1.0164738
0.5439361,1.0164738
0.5439511,1.0627055
0.5439661,1.0627055
0.54398113,1.0627055
0.54399616,1.0627055
0.5440112,1.0627055
0.5440262,1.0627055
0.5440412,1.1089368
0.54405624,1.1089368
0.54407126,1.1089368
0.5440863,1.1089368
0.5441013,1.1551685
0.5441163,1.1551685
0.54413134,1.1551685
0.54414636,1.1551685
0.5441614,1.1551685
0.5441764,1.2013993
0.5441914,1.2013993
0.54420644,1.2013993
0.54422146,1.2013993
0.5442365,1.2013993
0.5442515,1.2476311
0.5442665,1.2476311
0.54428154,1.2476311
0.54429656,1.2476311
0.5443116,1.2476311
0.5443266,1.2938623
0.5443416,1.2938623
0.54435664,1.2938623
0.54437166,1.2938623
0.5443867,1.2938623
0.5444017,1.3400936
0.5444167,1.3400936
0.54443175,1.3400936
0.54444677,1.3400936
0.5444618,1.3400936
0.5444768,1.3863249
0.5444918,1.3863249
0.54450685,1.3863249
0.54452187,1.3863249
0.5445369,1.3863249
0.5445519,1.4325566
0.5445669,1.4325566
0.54458195,1.4325566
0.54459697,1.4325566
0.544612,1.4325566
0.544627,1.4787879
0.54464203,1.4787879
0.54465705,1.4787879
0.5446721,1.4787879
0.5446871,1.4787879
0.5447021,1.4787879
0.54471713,1.4787879
0.54473215,1.4787879
0.5447472,1.5250192
0.5447622,1.5250192
0.5447772,1.5250192
0.54479223,1.5250192
0.54480726,1.5250192
0.5448223,1.5712504
0.5448373,1.5712504
0.5448523,1.5712504
0.54486734,1.5712504
0.54488236,1.5712504
0.5448974,1.6174817
0.5449124,1.6174817
0.5449274,1.6174817
0.54494244,1.6174817
0.54495746,1.6174817
0.5449725,1.6637135
0.5449875,1.6637135
0.5450025,1.6637135
0.54501754,1.6637135
0.54503256,1.6637135
0.54504764,1.7099442
0.54506266,1.7099442
0.5450777,1.7099442
0.5450927,1.7099442
0.5451077,1.7099442
0.54512274,1.756176
0.54513776,1.756176
0.5451528,1.756176
0.5451678,1.756176
0.5451828,1.756176
0.54519784,1.756176
0.54521286,1.756176
0.5452279,1.7099442
0.5452429,1.7099442
0.5452579,1.7099442
0.54527295,1.7099442
0.54528797,1.7099442
0.545303,1.6637135
0.545318,1.6637135
0.545333,1.6637135
0.54534805,1.6637135
0.54536307,1.6174817
0.5453781,1.6174817
0.5453931,1.6174817
0.5454081,1.6174817
0.54542315,1.5712504
0.5454382,1.5712504
0.5454532,1.5712504
0.5454682,1.5712504
0.54548323,1.5712504
0.54549825,1.5250192
0.5455133,1.5250192
0.5455283,1.5250192
0.5455433,1.5250192
0.54555833,1.4787879
0.54557335,1.4787879
0.5455884,1.4787879
0.5456034,1.4787879
0.5456184,1.4787879
0.54563344,1.4787879
0.54564846,1.4787879
0.5456635,1.4325566
0.5456785,1.4325566
0.5456935,1.4325566
0.54570854,1.4325566
0.54572356,1.3863249
0.5457386,1.3863249
0.5457536,1.3863249
0.5457686,1.3863249
0.54578364,1.3400936
0.54579866,1.3400936
0.5458137,1.3400936
0.5458287,1.3400936
0.5458437,1.3400936
0.54585874,1.2938623
0.54587376,1.2938623
0.5458888,1.2938623
0.5459038,1.2938623
0.5459188,1.2476311
0.54593384,1.2476311
0.54594886,1.2476311
0.5459639,1.2476311
0.5459789,1.2476311
0.5459939,1.2013993
0.54600894,1.2013993
0.54602396,1.2013993
0.546039,1.2013993
0.546054,1.1551685
0.546069,1.1551685
0.54608405,1.1551685
0.54609907,1.1551685
0.5461141,1.1551685
0.5461291,1.1089368
0.5461441,1.1089368
0.54615915,1.1089368
0.54617417,1.1089368
0.5461892,1.0627055
0.5462042,1.0627055
0.5462192,1.0627055
0.54623425,1.0627055
0.5462493,1.0164738
0.5462643,1.0164738
0.5462793,1.0164738
0.54629433,1.0164738
0.54630935,1.0164738
0.5463244,0.970243
0.5463394,0.970243
0.5463544,0.970243
0.54636943,0.970243
0.54638445,0.92401123
0.5463995,0.92401123
0.5464145,0.92401123
0.5464295,0.92401123
0.54644454,0.87777996
0.54645956,0.87777996
0.5464746,0.87777996
0.5464896,0.87777996
0.5465046,0.87777996
0.54651964,0.8315482
0.54653466,0.8315482
0.5465497,0.8315482
0.5465647,0.8315482
0.5465797,0.7853174
0.54659474,0.7853174
0.54660976,0.7853174
0.5466248,0.7853174
0.5466398,0.7853174
0.5466548,0.7390857
0.54666984,0.7390857
0.54668486,0.7390857
0.5466999,0.7390857
0.5467149,0.6928544
0.5467299,0.6928544
0.54674494,0.6928544
0.54675996,0.6928544
0.546775,0.6928544
0.54679,0.64662313
0.5468051,0.64662313
0.5468201,0.64662313
0.5468351,0.64662313
0.54685014,0.60039186
0.54686517,0.60039186
0.5468802,0.60039186
0.5468952,0.60039186
0.5469102,0.5541601
0.54692525,0.5541601
0.54694027,0.5541601
0.5469553,0.5541601
0.5469703,0.5541601
0.5469853,0.50792885
0.54700035,0.50792885
0.54701537,0.50792885
0.5470304,0.50792885
0.5470454,0.46169758
0.54706043,0.46169758
0.54707545,0.46169758
0.5470905,0.46169758
0.5471055,0.46169758
0.5471205,0.4154663
0.54713553,0.4154663
0.54715055,0.4154663
0.5471656,0.4154663
0.5471806,0.36923456
0.5471956,0.36923456
0.54721063,0.36923456
0.54722565,0.36923456
0.5472407,0.3230033
0.5472557,0.3230033
0.5472707,0.3230033
0.54728574,0.3230033
0.54730076,0.3230033
0.5473158,0.27677202
0.5473308,0.27677202
0.5473458,0.27677202
0.54736084,0.27677202
0.54737586,0.23054075
0.5473909,0.23054075
0.5474059,0.23054075
0.5474209,0.23054075
0.54743594,0.23054075
0.54745096,0.184309
0.547466,0.184309
0.547481,0.184309
0.547496,0.184309
0.54751104,0.13807821
0.54752606,0.13807821
0.5475411,0.13807821
0.5475561,0.13807821
0.5475711,0.13807821
0.54758614,0.091846466
0.54760116,0.091846466
0.5476162,0.091846466
0.5476312,0.091846466
0.5476462,0.045615196
0.54766124,0.045615196
0.54767627,0.045615196
0.5476913,0.045615196
0.5477063,0.045615196
0.5477213,-6.160736E-4
0.54773635,-6.160736E-4
0.54775137,-6.160736E-4
0.5477664,-6.160736E-4
0.5477814,-0.046847343
0.5477964,-0.046847343
0.54781145,-0.046847343
0.54782647,-0.046847343
0.5478415,-0.09307861
0.5478565,-0.09307861
0.54787153,-0.09307861
0.54788655,-0.09307861
0.5479016,-0.13931036
0.5479166,-0.13931036
0.5479316,-0.13931036
0.54794663,-0.13931036
0.54796165,-0.13931036
0.5479767,-0.18554163
0.5479917,-0.18554163
0.5480067,-0.18554163
0.54802173,-0.18554163
0.54803675,-0.2317729
0.5480518,-0.2317729
0.5480668,-0.2317729
0.5480818,-0.2317729
0.54809684,-0.2317729
0.54811186,-0.27800417
0.5481269,-0.27800417
0.5481419,-0.27800417
0.5481569,-0.27800417
0.54817194,-0.27800417
0.54818696,-0.32423592
0.548202,-0.32423592
0.548217,-0.32423592
0.548232,-0.32423592
0.54824704,-0.3704667
0.54826206,-0.3704667
0.5482771,-0.3704667
0.5482921,-0.3704667
0.5483071,-0.3704667
0.54832214,-0.41669846
0.54833716,-0.41669846
0.5483522,-0.41669846
0.5483672,-0.41669846
0.5483822,-0.46292973
0.54839724,-0.46292973
0.54841226,-0.46292973
0.5484273,-0.46292973
0.5484423,-0.46292973
0.5484573,-0.5091615
0.54847234,-0.5091615
0.54848737,-0.5091615
0.5485024,-0.5091615
0.5485174,-0.5091615
0.5485324,-0.55539227
0.54854745,-0.55539227
0.5485625,-0.55539227
0.54857755,-0.55539227
0.54859257,-0.601624
0.5486076,-0.601624
0.5486226,-0.601624
0.5486376,-0.601624
0.54865265,-0.601624
0.54866767,-0.6478553
0.5486827,-0.6478553
0.5486977,-0.6478553
0.54871273,-0.6478553
0.54872775,-0.694087
0.5487428,-0.694087
0.5487578,-0.694087
0.5487728,-0.694087
0.54878783,-0.694087
0.54880285,-0.7403178
0.5488179,-0.7403178
0.5488329,-0.7403178
0.5488479,-0.7403178
0.54886293,-0.7403178
0.54887795,-0.78654957
0.548893,-0.78654957
0.548908,-0.78654957
0.548923,-0.78654957
0.54893804,-0.78654957
0.54895306,-0.83278084
0.5489681,-0.83278084
0.5489831,-0.83278084
0.5489981,-0.83278084
0.54901314,-0.8790121
0.54902816,-0.8790121
0.5490432,-0.8790121
0.5490582,-0.8790121
0.5490732,-0.8790121
0.54908824,-0.9252434
0.54910326,-0.9252434
0.5491183,-0.9252434
0.5491333,-0.9252434
0.5491483,-0.9252434
0.54916334,-0.9714751
0.54917836,-0.9714751
0.5491934,-0.9714751
0.5492084,-0.9714751
0.5492234,-1.0177064
0.54923844,-1.0177064
0.54925346,-1.0177064
0.5492685,-1.0177064
0.5492835,-1.0177064
0.5492985,-1.0639377
0.54931355,-1.0639377
0.54932857,-1.0639377
0.5493436,-1.0639377
0.5493586,-1.0639377
0.5493736,-1.1101689
0.54938865,-1.1101689
0.54940367,-1.1101689
0.5494187,-1.1101689
0.5494337,-1.1101689
0.5494487,-1.1564007
0.54946375,-1.1564007
0.54947877,-1.1564007
0.5494938,-1.1564007
0.5495088,-1.202632
0.54952383,-1.202632
0.54953885,-1.202632
0.5495539,-1.202632
0.5495689,-1.202632
0.5495839,-1.2488632
0.54959893,-1.2488632
0.54961395,-1.2488632
0.549629,-1.2488632
0.549644,-1.2488632
0.549659,-1.2950945
0.54967403,-1.2950945
0.54968905,-1.2950945
0.5497041,-1.2950945
0.5497191,-1.2950945
0.5497341,-1.3413262
0.54974914,-1.3413262
0.54976416,-1.3413262
0.5497792,-1.3413262
0.5497942,-1.3413262
0.5498092,-1.387557
0.54982424,-1.387557
0.54983926,-1.387557
0.5498543,-1.387557
0.5498693,-1.4337888
0.5498843,-1.4337888
0.54989934,-1.4337888
0.54991436,-1.4337888
0.5499294,-1.4337888
0.5499444,-1.4337888
0.5499594,-1.48002
0.54997444,-1.48002
0.54998946,-1.48002
0.5500045,-1.48002
0.5500195,-1.48002
0.5500345,-1.48002
0.55004954,-1.48002
0.55006456,-1.5262513
0.5500796,-1.5262513
0.5500946,-1.5262513
0.5501096,-1.5262513
0.55012465,-1.5262513
0.55013967,-1.5724826
0.5501547,-1.5724826
0.5501697,-1.5724826
0.5501847,-1.5724826
0.55019975,-1.5724826
0.55021477,-1.6187139
0.5502298,-1.6187139
0.5502448,-1.6187139
0.5502598,-1.6187139
0.55027485,-1.6187139
0.55028987,-1.6187139
0.5503049,-1.6187139
0.55031997,-1.6187139
0.550335,-1.5724826
0.55035,-1.5724826
0.55036503,-1.5724826
0.55038005,-1.5724826
0.5503951,-1.5724826
0.5504101,-1.5262513
0.5504251,-1.5262513
0.55044013,-1.5262513
0.55045515,-1.5262513
0.5504702,-1.5262513
0.5504852,-1.48002
0.5505002,-1.48002
0.55051523,-1.48002
0.55053025,-1.48002
0.5505453,-1.48002
0.5505603,-1.48002
0.5505753,-1.48002
0.55059034,-1.4337888
0.55060536,-1.4337888
0.5506204,-1.4337888
0.5506354,-1.4337888
0.5506504,-1.387557
0.55066544,-1.387557
0.55068046,-1.387557
0.5506955,-1.387557
0.5507105,-1.387557
0.5507255,-1.3413262
0.55074054,-1.3413262
0.55075556,-1.3413262
0.5507706,-1.3413262
0.5507856,-1.3413262
0.5508006,-1.2950945
0.55081564,-1.2950945
0.55083066,-1.2950945
0.5508457,-1.2950945
0.5508607,-1.2488632
0.5508757,-1.2488632
0.55089074,-1.2488632
0.55090576,-1.2488632
0.5509208,-1.2488632
0.5509358,-1.202632
0.5509508,-1.202632
0.55096585,-1.202632
0.55098087,-1.202632
0.5509959,-1.1564007
0.5510109,-1.1564007
0.5510259,-1.1564007
0.55104095,-1.1564007
0.55105597,-1.1564007
0.551071,-1.1101689
0.551086,-1.1101689
0.551101,-1.1101689
0.55111605,-1.1101689
0.55113107,-1.1101689
0.5511461,-1.0639377
0.5511611,-1.0639377
0.55117613,-1.0639377
0.55119115,-1.0639377
0.5512062,-1.0177064
0.5512212,-1.0177064
0.5512362,-1.0177064
0.55125123,-1.0177064
0.55126625,-1.0177064
0.5512813,-0.9714751
0.5512963,-0.9714751
0.5513113,-0.9714751
0.55132633,-0.9714751
0.55134135,-0.9714751
0.5513564,-0.9252434
0.5513714,-0.9252434
0.5513864,-0.9252434
0.55140144,-0.9252434
0.55141646,-0.8790121
0.5514315,-0.8790121
0.5514465,-0.8790121
0.5514615,-0.8790121
0.55147654,-0.8790121
0.55149156,-0.83278084
0.5515066,-0.83278084
0.5515216,-0.83278084
0.5515366,-0.83278084
0.55155164,-0.83278084
0.55156666,-0.78654957
0.5515817,-0.78654957
0.5515967,-0.78654957
0.5516117,-0.78654957
0.55162674,-0.7403178
0.55164176,-0.7403178
0.5516568,-0.7403178
0.5516718,-0.7403178
0.5516868,-0.7403178
0.55170184,-0.694087
0.55171686,-0.694087
0.5517319,-0.694087
0.5517469,-0.694087
0.5517619,-0.694087
0.55177695,-0.6478553
0.55179197,-0.6478553
0.551807,-0.6478553
0.551822,-0.6478553
0.551837,-0.601624
0.55185205,-0.601624
0.55186707,-0.601624
0.5518821,-0.601624
0.5518971,-0.601624
0.5519121,-0.55539227
0.55192715,-0.55539227
0.55194217,-0.55539227
0.5519572,-0.55539227
0.5519722,-0.55539227
0.55198723,-0.5091615
0.55200225,-0.5091615
0.5520173,-0.5091615
0.5520323,-0.5091615
0.5520473,-0.46292973
0.55206233,-0.46292973
0.55207735,-0.46292973
0.55209243,-0.46292973
0.55210745,-0.46292973
0.5521225,-0.41669846
0.5521375,-0.41669846
0.5521525,-0.41669846
0.55216753,-0.41669846
0.55218256,-0.41669846
0.5521976,-0.3704667
0.5522126,-0.3704667
0.5522276,-0.3704667
0.55224264,-0.3704667
0.55225766,-0.32423592
0.5522727,-0.32423592
0.5522877,-0.32423592
0.5523027,-0.32423592
0.55231774,-0.32423592
0.55233276,-0.27800417
0.5523478,-0.27800417
0.5523628,-0.27800417
0.5523778,-0.27800417
0.55239284,-0.2317729
0.55240786,-0.2317729
0.5524229,-0.2317729
0.5524379,-0.2317729
0.5524529,-0.2317729
0.55246794,-0.18554163
0.55248296,-0.18554163
0.552498,-0.18554163
0.552513,-0.18554163
0.552528,-0.18554163
0.55254304,-0.13931036
0.55255806,-0.13931036
0.5525731,-0.13931036
0.5525881,-0.13931036
0.5526031,-0.13931036
0.55261815,-0.09307861
0.55263317,-0.09307861
0.5526482,-0.09307861
0.5526632,-0.09307861
0.5526782,-0.046847343
0.55269325,-0.046847343
0.55270827,-0.046847343
0.5527233,-0.046847343
0.5527383,-0.046847343
0.5527533,-6.160736E-4
0.55276835,-6.160736E-4
0.55278337,-6.160736E-4
0.5527984,-6.160736E-4
0.5528134,0.045615196
0.55282843,0.045615196
0.55284345,0.045615196
0.5528585,0.045615196
0.5528735,0.045615196
0.5528885,0.091846466
0.55290353,0.091846466
0.55291855,0.091846466
0.5529336,0.091846466
0.5529486,0.13807821
0.5529636,0.13807821
0.55297863,0.13807821
0.55299366,0.13807821
0.5530087,0.13807821
0.5530237,0.184309
0.5530387,0.184309
0.55305374,0.184309
0.55306876,0.184309
0.5530838,0.184309
0.5530988,0.23054075
0.5531138,0.23054075
0.55312884,0.23054075
0.55314386,0.23054075
0.5531589,0.23054075
0.5531739,0.27677202
0.5531889,0.27677202
0.55320394,0.27677202
0.55321896,0.27677202
0.553234,0.3230033
0.553249,0.3230033
0.553264,0.3230033
0.55327904,0.3230033
0.55329406,0.3230033
0.5533091,0.36923456
0.5533241,0.36923456
0.5533391,0.36923456
0.55335414,0.36923456
0.55336916,0.36923456
0.5533842,0.4154663
0.5533992,0.4154663
0.5534142,0.4154663
0.55342925,0.4154663
0.55344427,0.4154663
0.5534593,0.46169758
0.5534743,0.46169758
0.5534893,0.46169758
0.55350435,0.46169758
0.55351937,0.50792885
0.5535344,0.50792885
0.5535494,0.50792885
0.5535644,0.50792885
0.55357945,0.50792885
0.55359447,0.5541601
0.5536095,0.5541601
0.5536245,0.5541601
0.55363953,0.5541601
0.55365455,0.5541601
0.5536696,0.60039186
0.5536846,0.60039186
0.5536996,0.60039186
0.55371463,0.60039186
0.55372965,0.60039186
0.5537447,0.64662313
0.5537597,0.64662313
0.5537747,0.64662313
0.55378973,0.64662313
0.55380476,0.6928544
0.5538198,0.6928544
0.5538348,0.6928544
0.5538499,0.6928544
0.5538649,0.6928544
0.5538799,0.7390857
0.55389494,0.7390857
0.55390996,0.7390857
0.553925,0.7390857
0.55394,0.7390857
0.553955,0.7853174
0.55397004,0.7853174
0.55398506,0.7853174
0.5540001,0.7853174
0.5540151,0.7853174
0.5540301,0.8315482
0.55404514,0.8315482
0.55406016,0.8315482
0.5540752,0.8315482
0.5540902,0.8315482
0.5541052,0.87777996
0.55412024,0.87777996
0.55413526,0.87777996
0.5541503,0.87777996
0.5541653,0.87777996
0.5541803,0.92401123
0.55419534,0.92401123
0.55421036,0.92401123
0.5542254,0.92401123
0.5542404,0.970243
0.5542554,0.970243
0.55427045,0.970243
0.55428547,0.970243
0.5543005,0.970243
0.5543155,1.0164738
0.5543305,1.0164738
0.55434555,1.0164738
0.55436057,1.0164738
0.5543756,1.0164738
0.5543906,1.0627055
0.5544056,1.0627055
0.55442065,1.0627055
0.5544357,1.0627055
0.5544507,1.0627055
0.5544657,1.1089368
0.55448073,1.1089368
0.55449575,1.1089368
0.5545108,1.1089368
0.5545258,1.1089368
0.5545408,1.1551685
0.55455583,1.1551685
0.55457085,1.1551685
0.5545859,1.1551685
0.5546009,1.1551685
0.5546159,1.2013993
0.55463094,1.2013993
0.55464596,1.2013993
0.554661,1.2013993
0.554676,1.2013993
0.554691,1.2476311
0.55470604,1.2476311
0.55472106,1.2476311
0.5547361,1.2476311
0.5547511,1.2476311
0.5547661,1.2938623
0.55478114,1.2938623
0.55479616,1.2938623
0.5548112,1.2938623
0.5548262,1.2938623
0.5548412,1.3400936
0.55485624,1.3400936
0.55487126,1.3400936
0.5548863,1.3400936
0.5549013,1.3863249
0.5549163,1.3863249
0.55493134,1.3863249
0.55494636,1.3863249
0.5549614,1.3863249
0.5549764,1.3863249
0.5549914,1.4325566
0.55500644,1.4325566
0.55502146,1.4325566
0.5550365,1.4325566
0.5550515,1.4787879
0.5550665,1.4787879
0.55508155,1.4787879
0.55509657,1.4787879
0.5551116,1.4787879
0.5551266,1.4787879
0.5551416,1.4787879
0.55515665,1.4787879
0.55517167,1.5250192
0.5551867,1.5250192
0.5552017,1.5250192
0.5552167,1.5250192
0.55523175,1.5250192
0.5552468,1.5250192
0.5552618,1.5712504
0.5552768,1.5712504
0.55529183,1.5712504
0.55530685,1.5712504
0.5553219,1.5712504
0.5553369,1.6174817
0.5553519,1.6174817
0.55536693,1.6174817
0.55538195,1.6174817
0.555397,1.6174817
0.555412,1.6637135
0.555427,1.6637135
0.55544204,1.6637135
0.55545706,1.6637135
0.5554721,1.6637135
0.5554871,1.7099442
0.5555021,1.7099442
0.55551714,1.7099442
0.55553216,1.7099442
0.5555472,1.7099442
0.5555622,1.756176
0.5555772,1.756176
0.55559224,1.756176
0.5556073,1.756176
0.55562234,1.756176
0.55563736,1.756176
0.5556524,1.756176
0.5556674,1.7099442
0.5556824,1.7099442
0.55569744,1.7099442
0.55571246,1.7099442
0.5557275,1.6637135
0.5557425,1.6637135
0.5557575,1.6637135
0.55577254,1.6637135
0.55578756,1.6174817
0.5558026,1.6174817
0.5558176,1.6174817
0.5558326,1.6174817
0.55584764,1.6174817
0.55586267,1.5712504
0.5558777,1.5712504
0.5558927,1.5712504
0.5559077,1.5712504
0.55592275,1.5250192
0.55593777,1.5250192
0.5559528,1.5250192
0.5559678,1.5250192
0.5559828,1.4787879
0.55599785,1.4787879
0.55601287,1.4787879
0.5560279,1.4787879
0.5560429,1.4787879
0.55605793,1.4787879
0.55607295,1.4787879
0.556088,1.4325566
0.556103,1.4325566
0.556118,1.4325566
0.55613303,1.4325566
0.55614805,1.4325566
0.5561631,1.3863249
0.5561781,1.3863249
0.5561931,1.3863249
0.55620813,1.3863249
0.55622315,1.3400936
0.5562382,1.3400936
0.5562532,1.3400936
0.5562682,1.3400936
0.55628324,1.3400936
0.55629826,1.2938623
0.5563133,1.2938623
0.5563283,1.2938623
0.5563433,1.2938623
0.55635834,1.2476311
0.55637336,1.2476311
0.5563884,1.2476311
0.5564034,1.2476311
0.5564184,1.2013993
0.55643344,1.2013993
0.55644846,1.2013993
0.5564635,1.2013993
0.5564785,1.1551685
0.5564935,1.1551685
0.55650854,1.1551685
0.55652356,1.1551685
0.5565386,1.1551685
0.5565536,1.1089368
0.5565686,1.1089368
0.55658364,1.1089368
0.55659866,1.1089368
0.5566137,1.0627055
0.5566287,1.0627055
0.5566437,1.0627055
0.55665874,1.0627055
0.55667377,1.0627055
0.5566888,1.0164738
0.5567038,1.0164738
0.5567188,1.0164738
0.55673385,1.0164738
0.55674887,0.970243
0.5567639,0.970243
0.5567789,0.970243
0.5567939,0.970243
0.55680895,0.92401123
0.55682397,0.92401123
0.556839,0.92401123
0.556854,0.92401123
0.55686903,0.92401123
0.55688405,0.87777996
0.5568991,0.87777996
0.5569141,0.87777996
0.5569291,0.87777996
0.55694413,0.8315482
0.55695915,0.8315482
0.5569742,0.8315482
0.5569892,0.8315482
0.5570042,0.8315482
0.55701923,0.7853174
0.55703425,0.7853174
0.5570493,0.7853174
0.5570643,0.7853174
0.5570793,0.7390857
0.55709434,0.7390857
0.55710936,0.7390857
0.5571244,0.7390857
0.5571394,0.7390857
0.5571544,0.6928544
0.55716944,0.6928544
0.55718446,0.6928544
0.5571995,0.6928544
0.5572145,0.64662313
0.5572295,0.64662313
0.55724454,0.64662313
0.55725956,0.64662313
0.5572746,0.64662313
0.5572896,0.60039186
0.5573046,0.60039186
0.55731964,0.60039186
0.55733466,0.60039186
0.5573497,0.5541601
0.55736476,0.5541601
0.5573798,0.5541601
0.5573948,0.5541601
0.5574098,0.50792885
0.55742484,0.50792885
0.55743986,0.50792885
0.5574549,0.50792885
0.5574699,0.50792885
0.5574849,0.46169758
0.55749995,0.46169758
0.55751497,0.46169758
0.55753,0.46169758
0.557545,0.4154663
0.55756,0.4154663
0.55757505,0.4154663
0.55759007,0.4154663
0.5576051,0.4154663
0.5576201,0.36923456
0.5576351,0.36923456
0.55765015,0.36923456
0.55766517,0.36923456
0.5576802,0.3230033
0.5576952,0.3230033
0.55771023,0.3230033
0.55772525,0.3230033
0.5577403,0.27677202
0.5577553,0.27677202
0.5577703,0.27677202
0.55778533,0.27677202
0.55780035,0.27677202
0.5578154,0.23054075
0.5578304,0.23054075
0.5578454,0.23054075
0.55786043,0.23054075
0.55787545,0.23054075
0.5578905,0.184309
0.5579055,0.184309
0.5579205,0.184309
0.55793554,0.184309
0.55795056,0.13807821
0.5579656,0.13807821
0.5579806,0.13807821
0.5579956,0.13807821
0.55801064,0.091846466
0.55802566,0.091846466
0.5580407,0.091846466
0.5580557,0.091846466
0.5580707,0.091846466
0.55808574,0.045615196
0.55810076,0.045615196
0.5581158,0.045615196
0.5581308,0.045615196
0.5581458,-6.160736E-4
0.55816084,-6.160736E-4
0.55817586,-6.160736E-4
0.5581909,-6.160736E-4
0.5582059,-0.046847343
0.5582209,-0.046847343
0.55823594,-0.046847343
0.55825096,-0.046847343
0.558266,-0.046847343
0.558281,-0.09307861
0.558296,-0.09307861
0.55831105,-0.09307861
0.55832607,-0.09307861
0.5583411,-0.13931036
0.5583561,-0.13931036
0.5583711,-0.13931036
0.55838615,-0.13931036
0.55840117,-0.13931036
0.5584162,-0.18554163
0.5584312,-0.18554163
0.5584462,-0.18554163
0.55846125,-0.18554163
0.55847627,-0.2317729
0.5584913,-0.2317729
0.5585063,-0.2317729
0.55852133,-0.2317729
0.55853635,-0.2317729
0.5585514,-0.27800417
0.5585664,-0.27800417
0.5585814,-0.27800417
0.55859643,-0.27800417
0.55861145,-0.32423592
0.5586265,-0.32423592
0.5586415,-0.32423592
0.5586565,-0.32423592
0.55867153,-0.32423592
0.55868655,-0.3704667
0.5587016,-0.3704667
0.5587166,-0.3704667
0.5587316,-0.3704667
0.55874664,-0.41669846
0.55876166,-0.41669846
0.5587767,-0.41669846
0.5587917,-0.41669846
0.5588067,-0.41669846
0.55882174,-0.46292973
0.55883676,-0.46292973
0.5588518,-0.46292973
0.5588668,-0.46292973
0.5588818,-0.46292973
0.55889684,-0.5091615
0.55891186,-0.5091615
0.5589269,-0.5091615
0.5589419,-0.5091615
0.5589569,-0.55539227
0.55897194,-0.55539227
0.55898696,-0.55539227
0.559002,-0.55539227
0.559017,-0.55539227
0.559032,-0.601624
0.55904704,-0.601624
0.55906206,-0.601624
0.5590771,-0.601624
0.5590921,-0.6478553
0.5591071,-0.6478553
0.55912215,-0.6478553
0.5591372,-0.6478553
0.55915225,-0.6478553
0.55916727,-0.694087
0.5591823,-0.694087
0.5591973,-0.694087
0.5592123,-0.694087
0.55922735,-0.694087
0.55924237,-0.7403178
0.5592574,-0.7403178
0.5592724,-0.7403178
0.5592874,-0.7403178
0.55930245,-0.78654957
0.55931747,-0.78654957
0.5593325,-0.78654957
0.5593475,-0.78654957
0.55936253,-0.78654957
0.55937755,-0.83278084
0.5593926,-0.83278084
0.5594076,-0.83278084
0.5594226,-0.83278084
0.55943763,-0.83278084
0.55945265,-0.8790121
0.5594677,-0.8790121
0.5594827,-0.8790121
0.5594977,-0.8790121
0.55951273,-0.9252434
0.55952775,-0.9252434
0.5595428,-0.9252434
0.5595578,-0.9252434
0.5595728,-0.9252434
0.55958784,-0.9714751
0.55960286,-0.9714751
0.5596179,-0.9714751
0.5596329,-0.9714751
0.5596479,-0.9714751
0.55966294,-1.0177064
0.55967796,-1.0177064
0.559693,-1.0177064
0.559708,-1.0177064
0.559723,-1.0177064
0.55973804,-1.0639377
0.55975306,-1.0639377
0.5597681,-1.0639377
0.5597831,-1.0639377
0.5597981,-1.0639377
0.55981314,-1.1101689
0.55982816,-1.1101689
0.5598432,-1.1101689
0.5598582,-1.1101689
0.5598732,-1.1564007
0.55988824,-1.1564007
0.55990326,-1.1564007
0.5599183,-1.1564007
0.5599333,-1.1564007
0.5599483,-1.202632
0.55996335,-1.202632
0.55997837,-1.202632
0.5599934,-1.202632
0.5600084,-1.202632
0.5600234,-1.2488632
0.56003845,-1.2488632
0.56005347,-1.2488632
0.5600685,-1.2488632
0.5600835,-1.2950945
0.5600985,-1.2950945
0.56011355,-1.2950945
0.56012857,-1.2950945
0.5601436,-1.2950945
0.5601586,-1.3413262
0.56017363,-1.3413262
0.56018865,-1.3413262
0.5602037,-1.3413262
0.5602187,-1.3413262
0.5602337,-1.387557
0.56024873,-1.387557
0.56026375,-1.387557
0.5602788,-1.387557
0.5602938,-1.387557
0.5603088,-1.4337888
0.56032383,-1.4337888
0.56033885,-1.4337888
0.5603539,-1.4337888
0.5603689,-1.4337888
0.5603839,-1.48002
0.56039894,-1.48002
0.56041396,-1.48002
0.560429,-1.48002
0.560444,-1.48002
0.560459,-1.48002
0.56047404,-1.48002
0.56048906,-1.48002
0.5605041,-1.5262513
0.5605191,-1.5262513
0.5605341,-1.5262513
0.56054914,-1.5262513
0.56056416,-1.5724826
0.5605792,-1.5724826
0.5605942,-1.5724826
0.5606092,-1.5724826
0.56062424,-1.5724826
0.56063926,-1.6187139
0.5606543,-1.6187139
0.5606693,-1.6187139
0.5606843,-1.6187139
0.56069934,-1.6187139
0.56071436,-1.6187139
0.5607294,-1.6187139
0.5607444,-1.6187139
0.5607594,-1.6187139
0.56077445,-1.5724826
0.56078947,-1.5724826
0.5608045,-1.5724826
0.5608195,-1.5724826
0.5608345,-1.5262513
0.56084955,-1.5262513
0.56086457,-1.5262513
0.5608796,-1.5262513
0.56089467,-1.5262513
0.5609097,-1.48002
0.5609247,-1.48002
0.5609397,-1.48002
0.56095475,-1.48002
0.56096977,-1.48002
0.5609848,-1.48002
0.5609998,-1.48002
0.56101483,-1.4337888
0.56102985,-1.4337888
0.5610449,-1.4337888
0.5610599,-1.4337888
0.5610749,-1.4337888
0.56108993,-1.387557
0.56110495,-1.387557
0.56112,-1.387557
0.561135,-1.387557
0.56115,-1.387557
0.56116503,-1.3413262
0.56118006,-1.3413262
0.5611951,-1.3413262
0.5612101,-1.3413262
0.5612251,-1.2950945
0.56124014,-1.2950945
0.56125516,-1.2950945
0.5612702,-1.2950945
0.5612852,-1.2950945
0.5613002,-1.2488632
0.56131524,-1.2488632
0.56133026,-1.2488632
0.5613453,-1.2488632
0.5613603,-1.202632
0.5613753,-1.202632
0.56139034,-1.202632
0.56140536,-1.202632
0.5614204,-1.202632
0.5614354,-1.1564007
0.5614504,-1.1564007
0.56146544,-1.1564007
0.56148046,-1.1564007
0.5614955,-1.1564007
0.5615105,-1.1101689
0.5615255,-1.1101689
0.56154054,-1.1101689
0.56155556,-1.1101689
0.5615706,-1.0639377
0.5615856,-1.0639377
0.5616006,-1.0639377
0.56161565,-1.0639377
0.56163067,-1.0639377
0.5616457,-1.0177064
0.5616607,-1.0177064
0.5616757,-1.0177064
0.56169075,-1.0177064
0.56170577,-1.0177064
0.5617208,-0.9714751
0.5617358,-0.9714751
0.5617508,-0.9714751
0.56176585,-0.9714751
0.56178087,-0.9252434
0.5617959,-0.9252434
0.5618109,-0.9252434
0.56182593,-0.9252434
0.56184095,-0.9252434
0.561856,-0.8790121
0.561871,-0.8790121
0.561886,-0.8790121
0.56190103,-0.8790121
0.56191605,-0.83278084
0.5619311,-0.83278084
0.5619461,-0.83278084
0.5619611,-0.83278084
0.56197613,-0.83278084
0.56199116,-0.78654957
0.5620062,-0.78654957
0.5620212,-0.78654957
0.5620362,-0.78654957
0.56205124,-0.78654957
0.56206626,-0.7403178
0.5620813,-0.7403178
0.5620963,-0.7403178
0.5621113,-0.7403178
0.56212634,-0.7403178
0.56214136,-0.694087
0.5621564,-0.694087
0.5621714,-0.694087
0.5621864,-0.694087
0.56220144,-0.6478553
0.56221646,-0.6478553
0.5622315,-0.6478553
0.5622465,-0.6478553
0.5622615,-0.6478553
0.56227654,-0.601624
0.56229156,-0.601624
0.5623066,-0.601624
0.5623216,-0.601624
0.5623366,-0.55539227
0.56235164,-0.55539227
0.56236666,-0.55539227
0.5623817,-0.55539227
0.5623967,-0.55539227
0.5624117,-0.5091615
0.56242675,-0.5091615
0.56244177,-0.5091615
0.5624568,-0.5091615
0.5624718,-0.5091615
0.5624868,-0.46292973
0.56250185,-0.46292973
0.56251687,-0.46292973
0.5625319,-0.46292973
0.5625469,-0.46292973
0.5625619,-0.41669846
0.56257695,-0.41669846
0.56259197,-0.41669846
0.562607,-0.41669846
0.562622,-0.3704667
0.56263703,-0.3704667
0.5626521,-0.3704667
0.56266713,-0.3704667
0.56268215,-0.3704667
0.5626972,-0.32423592
0.5627122,-0.32423592
0.5627272,-0.32423592
0.56274223,-0.32423592
0.56275725,-0.27800417
0.5627723,-0.27800417
0.5627873,-0.27800417
0.5628023,-0.27800417
0.56281734,-0.27800417
0.56283236,-0.2317729
0.5628474,-0.2317729
0.5628624,-0.2317729
0.5628774,-0.2317729
0.56289244,-0.2317729
0.56290746,-0.18554163
0.5629225,-0.18554163
0.5629375,-0.18554163
0.5629525,-0.18554163
0.56296754,-0.18554163
0.56298256,-0.13931036
0.5629976,-0.13931036
0.5630126,-0.13931036
0.5630276,-0.13931036
0.56304264,-0.09307861
0.56305766,-0.09307861
0.5630727,-0.09307861
0.5630877,-0.09307861
0.5631027,-0.09307861
0.56311774,-0.046847343
0.56313276,-0.046847343
0.5631478,-0.046847343
0.5631628,-0.046847343
0.5631778,-6.160736E-4
0.56319284,-6.160736E-4
0.56320786,-6.160736E-4
0.5632229,-6.160736E-4
0.5632379,-6.160736E-4
0.5632529,0.045615196
0.56326795,0.045615196
0.56328297,0.045615196
0.563298,0.045615196
0.563313,0.091846466
0.563328,0.091846466
0.56334305,0.091846466
0.56335807,0.091846466
0.5633731,0.091846466
0.5633881,0.13807821
0.5634031,0.13807821
0.56341815,0.13807821
0.5634332,0.13807821
0.5634482,0.13807821
0.5634632,0.184309
0.56347823,0.184309
0.56349325,0.184309
0.5635083,0.184309
0.5635233,0.184309
0.5635383,0.23054075
0.56355333,0.23054075
0.56356835,0.23054075
0.5635834,0.23054075
0.5635984,0.27677202
0.5636134,0.27677202
0.56362844,0.27677202
0.56364346,0.27677202
0.5636585,0.27677202
0.5636735,0.3230033
0.5636885,0.3230033
0.56370354,0.3230033
0.56371856,0.3230033
0.5637336,0.36923456
0.5637486,0.36923456
0.5637636,0.36923456
0.56377864,0.36923456
0.56379366,0.36923456
0.5638087,0.4154663
0.5638237,0.4154663
0.5638387,0.4154663
0.56385374,0.4154663
0.56386876,0.4154663
0.5638838,0.46169758
0.5638988,0.46169758
0.5639138,0.46169758
0.56392884,0.46169758
0.56394386,0.46169758
0.5639589,0.50792885
0.5639739,0.50792885
0.5639889,0.50792885
0.56400394,0.50792885
0.56401896,0.5541601
0.564034,0.5541601
0.564049,0.5541601
0.564064,0.5541601
0.56407905,0.5541601
0.56409407,0.60039186
0.5641091,0.60039186
0.5641241,0.60039186
0.5641391,0.60039186
0.56415415,0.60039186
0.56416917,0.64662313
0.5641842,0.64662313
0.5641992,0.64662313
0.5642142,0.64662313
0.56422925,0.64662313
0.5642443,0.6928544
0.5642593,0.6928544
0.5642743,0.6928544
0.56428933,0.6928544
0.56430435,0.6928544
0.5643194,0.7390857
0.5643344,0.7390857
0.5643494,0.7390857
0.56436443,0.7390857
0.56437945,0.7390857
0.5643945,0.7853174
0.56440955,0.7853174
0.5644246,0.7853174
0.5644396,0.7853174
0.5644546,0.8315482
0.56446964,0.8315482
0.56448466,0.8315482
0.5644997,0.8315482
0.5645147,0.8315482
0.5645297,0.87777996
0.56454474,0.87777996
0.56455976,0.87777996
0.5645748,0.87777996
0.5645898,0.87777996
0.5646048,0.92401123
0.56461984,0.92401123
0.56463486,0.92401123
0.5646499,0.92401123
0.5646649,0.92401123
0.5646799,0.970243
0.56469494,0.970243
0.56470996,0.970243
0.564725,0.970243
0.56474,0.970243
0.564755,1.0164738
0.56477004,1.0164738
0.56478506,1.0164738
0.5648001,1.0164738
0.5648151,1.0164738
0.5648301,1.0627055
0.56484514,1.0627055
0.56486017,1.0627055
0.5648752,1.0627055
0.5648902,1.0627055
0.5649052,1.1089368
0.56492025,1.1089368
0.56493527,1.1089368
0.5649503,1.1089368
0.5649653,1.1551685
0.5649803,1.1551685
0.56499535,1.1551685
0.56501037,1.1551685
0.5650254,1.1551685
0.5650404,1.2013993
0.56505543,1.2013993
0.56507045,1.2013993
0.5650855,1.2013993
0.5651005,1.2013993
0.5651155,1.2476311
0.56513053,1.2476311
0.56514555,1.2476311
0.5651606,1.2476311
0.5651756,1.2476311
0.5651906,1.2938623
0.56520563,1.2938623
0.56522065,1.2938623
0.5652357,1.2938623
0.5652507,1.2938623
0.5652657,1.3400936
0.56528074,1.3400936
0.56529576,1.3400936
0.5653108,1.3400936
0.5653258,1.3400936
0.5653408,1.3863249
0.56535584,1.3863249
0.56537086,1.3863249
0.5653859,1.3863249
0.5654009,1.3863249
0.5654159,1.4325566
0.56543094,1.4325566
0.56544596,1.4325566
0.565461,1.4325566
0.565476,1.4325566
0.565491,1.4787879
0.56550604,1.4787879
0.56552106,1.4787879
0.5655361,1.4787879
0.5655511,1.4787879
0.5655661,1.4787879
0.56558114,1.4787879
0.56559616,1.4787879
0.5656112,1.5250192
0.5656262,1.5250192
0.5656412,1.5250192
0.56565624,1.5250192
0.56567127,1.5250192
0.5656863,1.5712504
0.5657013,1.5712504
0.5657163,1.5712504
0.56573135,1.5712504
0.56574637,1.5712504
0.5657614,1.6174817
0.5657764,1.6174817
0.5657914,1.6174817
0.56580645,1.6174817
0.56582147,1.6174817
0.5658365,1.6637135
0.5658515,1.6637135
0.56586653,1.6637135
0.56588155,1.6637135
0.5658966,1.6637135
0.5659116,1.7099442
0.5659266,1.7099442
0.56594163,1.7099442
0.56595665,1.7099442
0.5659717,1.7099442
0.5659867,1.756176
0.5660017,1.756176
0.56601673,1.756176
0.56603175,1.756176
0.5660468,1.756176
0.5660618,1.756176
0.5660768,1.756176
0.56609184,1.756176
0.56610686,1.7099442
0.5661219,1.7099442
0.5661369,1.7099442
0.5661519,1.7099442
0.566167,1.6637135
0.566182,1.6637135
0.56619704,1.6637135
0.56621206,1.6637135
0.5662271,1.6174817
0.5662421,1.6174817
0.5662571,1.6174817
0.56627214,1.6174817
0.56628716,1.5712504
0.5663022,1.5712504
0.5663172,1.5712504
0.5663322,1.5712504
0.56634724,1.5712504
0.56636226,1.5250192
0.5663773,1.5250192
0.5663923,1.5250192
0.5664073,1.5250192
0.56642234,1.4787879
0.56643736,1.4787879
0.5664524,1.4787879
0.5664674,1.4787879
0.5664824,1.4787879
0.56649745,1.4787879
0.56651247,1.4787879
0.5665275,1.4325566
0.5665425,1.4325566
0.5665575,1.4325566
0.56657255,1.4325566
0.56658757,1.3863249
0.5666026,1.3863249
0.5666176,1.3863249
0.5666326,1.3863249
0.56664765,1.3863249
0.56666267,1.3400936
0.5666777,1.3400936
0.5666927,1.3400936
0.56670773,1.3400936
0.56672275,1.2938623
0.5667378,1.2938623
0.5667528,1.2938623
0.5667678,1.2938623
0.56678283,1.2476311
0.56679785,1.2476311
0.5668129,1.2476311
0.5668279,1.2476311
0.5668429,1.2476311
0.56685793,1.2013993
0.56687295,1.2013993
0.566888,1.2013993
0.566903,1.2013993
0.566918,1.1551685
0.56693304,1.1551685
0.56694806,1.1551685
0.5669631,1.1551685
0.5669781,1.1551685
0.5669931,1.1089368
0.56700814,1.1089368
0.56702316,1.1089368
0.5670382,1.1089368
0.5670532,1.0627055
0.5670682,1.0627055
0.56708324,1.0627055
0.56709826,1.0627055
0.5671133,1.0164738
0.5671283,1.0164738
0.5671433,1.0164738
0.56715834,1.0164738
0.56717336,1.0164738
0.5671884,1.0164738
0.5672034,0.970243
0.5672184,0.970243
0.56723344,0.970243
0.56724846,0.92401123
0.5672635,0.92401123
0.5672785,0.92401123
0.5672935,0.92401123
0.56730855,0.92401123
0.56732357,0.87777996
0.5673386,0.87777996
0.5673536,0.87777996
0.5673686,0.87777996
0.56738365,0.8315482
0.56739867,0.8315482
0.5674137,0.8315482
0.5674287,0.8315482
0.5674437,0.7853174
0.56745875,0.7853174
0.56747377,0.7853174
0.5674888,0.7853174
0.5675038,0.7853174
0.56751883,0.7390857
0.56753385,0.7390857
0.5675489,0.7390857
0.5675639,0.7390857
0.5675789,0.6928544
0.56759393,0.6928544
0.56760895,0.6928544
0.567624,0.6928544
0.567639,0.6928544
0.567654,0.64662313
0.56766903,0.64662313
0.56768405,0.64662313
0.5676991,0.64662313
0.5677141,0.60039186
0.5677291,0.60039186
0.56774414,0.60039186
0.56775916,0.60039186
0.5677742,0.60039186
0.5677892,0.5541601
0.5678042,0.5541601
0.56781924,0.5541601
0.56783426,0.5541601
0.5678493,0.50792885
0.5678643,0.50792885
0.5678793,0.50792885
0.56789434,0.50792885
0.56790936,0.50792885
0.5679244,0.46169758
0.56793946,0.46169758
0.5679545,0.46169758
0.5679695,0.46169758
0.5679845,0.4154663
0.56799954,0.4154663
0.56801456,0.4154663
0.5680296,0.4154663
0.5680446,0.36923456
0.5680596,0.36923456
0.56807464,0.36923456
0.56808966,0.36923456
0.5681047,0.36923456
0.5681197,0.3230033
0.5681347,0.3230033
0.56814975,0.3230033
0.56816477,0.3230033
0.5681798,0.27677202
0.5681948,0.27677202
0.5682098,0.27677202
0.56822485,0.27677202
0.56823987,0.27677202
0.5682549,0.23054075
0.5682699,0.23054075
0.5682849,0.23054075
0.56829995,0.23054075
0.56831497,0.184309
0.56833,0.184309
0.568345,0.184309
0.56836003,0.184309
0.56837505,0.184309
0.5683901,0.13807821
0.5684051,0.13807821
0.5684201,0.13807821
0.56843513,0.13807821
0.56845015,0.091846466
0.5684652,0.091846466
0.5684802,0.091846466
0.5684952,0.091846466
0.56851023,0.045615196
0.56852525,0.045615196
0.5685403,0.045615196
0.5685553,0.045615196
0.5685703,0.045615196
0.56858534,-6.160736E-4
0.56860036,-6.160736E-4
0.5686154,-6.160736E-4
0.5686304,-6.160736E-4
0.5686454,-0.046847343
0.56866044,-0.046847343
0.56867546,-0.046847343
0.5686905,-0.046847343
0.5687055,-0.09307861
0.5687205,-0.09307861
0.56873554,-0.09307861
0.56875056,-0.09307861
0.5687656,-0.09307861
0.5687806,-0.13931036
0.5687956,-0.13931036
0.56881064,-0.13931036
0.56882566,-0.13931036
0.5688407,-0.18554163
0.5688557,-0.18554163
0.5688707,-0.18554163
0.56888574,-0.18554163
0.56890076,-0.18554163
0.5689158,-0.2317729
0.5689308,-0.2317729
0.5689458,-0.2317729
0.56896085,-0.2317729
0.56897587,-0.27800417
0.5689909,-0.27800417
0.5690059,-0.27800417
0.5690209,-0.27800417
0.56903595,-0.27800417
0.56905097,-0.32423592
0.569066,-0.32423592
0.569081,-0.32423592
0.569096,-0.32423592
0.56911105,-0.3704667
0.56912607,-0.3704667
0.5691411,-0.3704667
0.5691561,-0.3704667
0.56917113,-0.3704667
0.56918615,-0.41669846
0.5692012,-0.41669846
0.5692162,-0.41669846
0.5692312,-0.41669846
0.56924623,-0.41669846
0.56926125,-0.46292973
0.5692763,-0.46292973
0.5692913,-0.46292973
0.5693063,-0.46292973
0.56932133,-0.5091615
0.56933635,-0.5091615
0.5693514,-0.5091615
0.5693664,-0.5091615
0.5693814,-0.55539227
0.56939644,-0.55539227
0.56941146,-0.55539227
0.5694265,-0.55539227
0.5694415,-0.55539227
0.5694565,-0.601624
0.56947154,-0.601624
0.56948656,-0.601624
0.5695016,-0.601624
0.5695166,-0.601624
0.5695316,-0.6478553
0.56954664,-0.6478553
0.56956166,-0.6478553
0.5695767,-0.6478553
0.5695917,-0.6478553
0.5696067,-0.694087
0.56962174,-0.694087
0.56963676,-0.694087
0.5696518,-0.694087
0.5696668,-0.7403178
0.5696818,-0.7403178
0.5696969,-0.7403178
0.5697119,-0.7403178
0.56972694,-0.7403178
0.56974196,-0.78654957
0.569757,-0.78654957
0.569772,-0.78654957
0.569787,-0.78654957
0.56980205,-0.78654957
0.56981707,-0.83278084
0.5698321,-0.83278084
0.5698471,-0.83278084
0.5698621,-0.83278084
0.56987715,-0.8790121
0.56989217,-0.8790121
0.5699072,-0.8790121
0.5699222,-0.8790121
0.5699372,-0.8790121
0.56995225,-0.9252434
0.56996727,-0.9252434
0.5699823,-0.9252434
0.5699973,-0.9252434
0.57001233,-0.9252434
0.57002735,-0.9714751
0.5700424,-0.9714751
0.5700574,-0.9714751
0.5700724,-0.9714751
0.57008743,-0.9714751
0.57010245,-1.0177064
0.5701175,-1.0177064
0.5701325,-1.0177064
0.5701475,-1.0177064
0.57016253,-1.0639377
0.57017756,-1.0639377
0.5701926,-1.0639377
0.5702076,-1.0639377
0.5702226,-1.0639377
0.57023764,-1.1101689
0.57025266,-1.1101689
0.5702677,-1.1101689
0.5702827,-1.1101689
0.5702977,-1.1101689
0.57031274,-1.1564007
0.57032776,-1.1564007
0.5703428,-1.1564007
0.5703578,-1.1564007
0.5703728,-1.1564007
0.57038784,-1.202632
0.57040286,-1.202632
0.5704179,-1.202632
0.5704329,-1.202632
0.5704479,-1.2488632
0.57046294,-1.2488632
0.57047796,-1.2488632
0.570493,-1.2488632
0.570508,-1.2488632
0.570523,-1.2950945
0.57053804,-1.2950945
0.57055306,-1.2950945
0.5705681,-1.2950945
0.5705831,-1.2950945
0.5705981,-1.3413262
0.57061315,-1.3413262
0.57062817,-1.3413262
0.5706432,-1.3413262
0.5706582,-1.3413262
0.5706732,-1.387557
0.57068825,-1.387557
0.57070327,-1.387557
0.5707183,-1.387557
0.5707333,-1.387557
0.5707483,-1.4337888
0.57076335,-1.4337888
0.57077837,-1.4337888
0.5707934,-1.4337888
0.5708084,-1.4337888
0.57082343,-1.48002
0.57083845,-1.48002
0.5708535,-1.48002
0.5708685,-1.48002
0.5708835,-1.48002
0.57089853,-1.48002
0.57091355,-1.48002
0.5709286,-1.5262513
0.5709436,-1.5262513
0.5709586,-1.5262513
0.57097363,-1.5262513
0.57098866,-1.5262513
0.5710037,-1.5724826
0.5710187,-1.5724826
0.5710337,-1.5724826
0.57104874,-1.5724826
0.57106376,-1.5724826
0.5710788,-1.6187139
0.5710938,-1.6187139
0.5711088,-1.6187139
0.57112384,-1.6187139
0.57113886,-1.6187139
0.5711539,-1.6187139
0.5711689,-1.6187139
0.5711839,-1.6187139
0.57119894,-1.5724826
0.57121396,-1.5724826
0.571229,-1.5724826
0.571244,-1.5724826
0.571259,-1.5724826
0.57127404,-1.5262513
0.57128906,-1.5262513
0.5713041,-1.5262513
0.5713191,-1.5262513
0.5713341,-1.5262513
0.57134914,-1.48002
0.57136416,-1.48002
0.5713792,-1.48002
0.5713942,-1.48002
0.5714092,-1.48002
0.57142425,-1.48002
0.57143927,-1.48002
0.57145435,-1.4337888
0.57146937,-1.4337888
0.5714844,-1.4337888
0.5714994,-1.4337888
0.5715144,-1.387557
0.57152945,-1.387557
0.57154447,-1.387557
0.5715595,-1.387557
0.5715745,-1.387557
0.5715895,-1.3413262
0.57160455,-1.3413262
0.5716196,-1.3413262
0.5716346,-1.3413262
0.5716496,-1.3413262
0.57166463,-1.2950945
0.57167965,-1.2950945
0.5716947,-1.2950945
0.5717097,-1.2950945
0.5717247,-1.2488632
0.57173973,-1.2488632
0.57175475,-1.2488632
0.5717698,-1.2488632
0.5717848,-1.2488632
0.5717998,-1.202632
0.57181484,-1.202632
0.57182986,-1.202632
0.5718449,-1.202632
0.5718599,-1.202632
0.5718749,-1.1564007
0.57188994,-1.1564007
0.57190496,-1.1564007
0.57192,-1.1564007
0.571935,-1.1101689
0.57195,-1.1101689
0.57196504,-1.1101689
0.57198006,-1.1101689
0.5719951,-1.1101689
0.5720101,-1.0639377
0.5720251,-1.0639377
0.57204014,-1.0639377
0.57205516,-1.0639377
0.5720702,-1.0177064
0.5720852,-1.0177064
0.5721002,-1.0177064
0.57211524,-1.0177064
0.57213026,-1.0177064
0.5721453,-0.9714751
0.5721603,-0.9714751
0.5721753,-0.9714751
0.57219034,-0.9714751
0.57220536,-0.9714751
0.5722204,-0.9252434
0.5722354,-0.9252434
0.5722504,-0.9252434
0.57226545,-0.9252434
0.57228047,-0.8790121
0.5722955,-0.8790121
0.5723105,-0.8790121
0.5723255,-0.8790121
0.57234055,-0.8790121
0.57235557,-0.83278084
0.5723706,-0.83278084
0.5723856,-0.83278084
0.5724006,-0.83278084
0.57241565,-0.83278084
0.5724307,-0.78654957
0.5724457,-0.78654957
0.5724607,-0.78654957
0.57247573,-0.78654957
0.57249075,-0.7403178
0.5725058,-0.7403178
0.5725208,-0.7403178
0.5725358,-0.7403178
0.57255083,-0.7403178
0.57256585,-0.694087
0.5725809,-0.694087
0.5725959,-0.694087
0.5726109,-0.694087
0.57262594,-0.694087
0.57264096,-0.6478553
0.572656,-0.6478553
0.572671,-0.6478553
0.572686,-0.6478553
0.57270104,-0.6478553
0.57271606,-0.601624
0.5727311,-0.601624
0.5727461,-0.601624
0.5727611,-0.601624
0.57277614,-0.55539227
0.57279116,-0.55539227
0.5728062,-0.55539227
0.5728212,-0.55539227
0.5728362,-0.55539227
0.57285124,-0.5091615
0.57286626,-0.5091615
0.5728813,-0.5091615
0.5728963,-0.5091615
0.5729113,-0.5091615
0.57292634,-0.46292973
0.57294136,-0.46292973
0.5729564,-0.46292973
0.5729714,-0.46292973
0.5729864,-0.41669846
0.57300144,-0.41669846
0.57301646,-0.41669846
0.5730315,-0.41669846
0.5730465,-0.41669846
0.5730615,-0.3704667
0.57307655,-0.3704667
0.57309157,-0.3704667
0.5731066,-0.3704667
0.5731216,-0.32423592
0.5731366,-0.32423592
0.57315165,-0.32423592
0.57316667,-0.32423592
0.5731817,-0.32423592
0.5731967,-0.27800417
0.5732118,-0.27800417
0.5732268,-0.27800417
0.57324183,-0.27800417
0.57325685,-0.27800417
0.5732719,-0.2317729
0.5732869,-0.2317729
0.5733019,-0.2317729
0.57331693,-0.2317729
0.57333195,-0.18554163
0.573347,-0.18554163
0.573362,-0.18554163
0.573377,-0.18554163
0.57339203,-0.18554163
0.57340705,-0.13931036
0.5734221,-0.13931036
0.5734371,-0.13931036
0.5734521,-0.13931036
0.57346714,-0.13931036
0.57348216,-0.09307861
0.5734972,-0.09307861
0.5735122,-0.09307861
0.5735272,-0.09307861
0.57354224,-0.09307861
0.57355726,-0.046847343
0.5735723,-0.046847343
0.5735873,-0.046847343
0.5736023,-0.046847343
0.57361734,-6.160736E-4
0.57363236,-6.160736E-4
0.5736474,-6.160736E-4
0.5736624,-6.160736E-4
0.5736774,0.045615196
0.57369244,0.045615196
0.57370746,0.045615196
0.5737225,0.045615196
0.5737375,0.045615196
0.5737525,0.091846466
0.57376754,0.091846466
0.57378256,0.091846466
0.5737976,0.091846466
0.5738126,0.091846466
0.5738276,0.13807821
0.57384264,0.13807821
0.57385767,0.13807821
0.5738727,0.13807821
0.5738877,0.184309
0.5739027,0.184309
0.57391775,0.184309
0.57393277,0.184309
0.5739478,0.184309
0.5739628,0.23054075
0.5739778,0.23054075
0.57399285,0.23054075
0.57400787,0.23054075
0.5740229,0.23054075
0.5740379,0.27677202
0.57405293,0.27677202
0.57406795,0.27677202
0.574083,0.27677202
0.574098,0.3230033
0.574113,0.3230033
0.57412803,0.3230033
0.57414305,0.3230033
0.5741581,0.3230033
0.5741731,0.36923456
0.5741881,0.36923456
0.57420313,0.36923456
0.57421815,0.36923456
0.5742332,0.36923456
0.5742482,0.4154663
0.5742632,0.4154663
0.57427824,0.4154663
0.57429326,0.4154663
0.5743083,0.4154663
0.5743233,0.46169758
0.5743383,0.46169758
0.57435334,0.46169758
0.57436836,0.46169758
0.5743834,0.46169758
0.5743984,0.50792885
0.5744134,0.50792885
0.57442844,0.50792885
0.57444346,0.50792885
0.5744585,0.5541601
0.5744735,0.5541601
0.5744885,0.5541601
0.57450354,0.5541601
0.57451856,0.5541601
0.5745336,0.60039186
0.5745486,0.60039186
0.5745636,0.60039186
0.57457864,0.60039186
0.57459366,0.60039186
0.5746087,0.64662313
0.5746237,0.64662313
0.5746387,0.64662313
0.57465374,0.64662313
0.57466877,0.6928544
0.5746838,0.6928544
0.5746988,0.6928544
0.5747138,0.6928544
0.57472885,0.6928544
0.57474387,0.7390857
0.5747589,0.7390857
0.5747739,0.7390857
0.5747889,0.7390857
0.57480395,0.7390857
0.57481897,0.7853174
0.574834,0.7853174
0.574849,0.7853174
0.57486403,0.7853174
0.57487905,0.7853174
0.5748941,0.8315482
0.5749091,0.8315482
0.5749241,0.8315482
0.57493913,0.8315482
0.57495415,0.8315482
0.5749692,0.87777996
0.57498425,0.87777996
0.5749993,0.87777996
0.5750143,0.87777996
0.5750293,0.87777996
0.57504433,0.92401123
0.57505935,0.92401123
0.5750744,0.92401123
0.5750894,0.92401123
0.5751044,0.970243
0.57511944,0.970243
0.57513446,0.970243
0.5751495,0.970243
0.5751645,0.970243
0.5751795,1.0164738
0.57519454,1.0164738
0.57520956,1.0164738
0.5752246,1.0164738
0.5752396,1.0164738
0.5752546,1.0627055
0.57526964,1.0627055
0.57528466,1.0627055
0.5752997,1.0627055
0.5753147,1.0627055
0.5753297,1.1089368
0.57534474,1.1089368
0.57535976,1.1089368
0.5753748,1.1089368
0.5753898,1.1089368
0.5754048,1.1551685
0.57541984,1.1551685
0.57543486,1.1551685
0.5754499,1.1551685
0.5754649,1.1551685
0.5754799,1.2013993
0.57549495,1.2013993
0.57550997,1.2013993
0.575525,1.2013993
0.57554,1.2476311
0.575555,1.2476311
0.57557005,1.2476311
0.57558507,1.2476311
0.5756001,1.2476311
0.5756151,1.2476311
0.5756301,1.2938623
0.57564515,1.2938623
0.57566017,1.2938623
0.5756752,1.2938623
0.5756902,1.2938623
0.57570523,1.3400936
0.57572025,1.3400936
0.5757353,1.3400936
0.5757503,1.3400936
0.5757653,1.3400936
0.57578033,1.3863249
0.57579535,1.3863249
0.5758104,1.3863249
0.5758254,1.3863249
0.5758404,1.3863249
0.57585543,1.4325566
0.57587045,1.4325566
0.5758855,1.4325566
0.5759005,1.4325566
0.5759155,1.4325566
0.57593054,1.4787879
0.57594556,1.4787879
0.5759606,1.4787879
0.5759756,1.4787879
0.5759906,1.4787879
0.57600564,1.4787879
0.57602066,1.4787879
0.5760357,1.5250192
0.5760507,1.5250192
0.5760657,1.5250192
0.57608074,1.5250192
0.57609576,1.5250192
0.5761108,1.5250192
0.5761258,1.5712504
0.5761408,1.5712504
0.57615584,1.5712504
0.57617086,1.5712504
0.5761859,1.5712504
0.5762009,1.6174817
0.5762159,1.6174817
0.57623094,1.6174817
0.57624596,1.6174817
0.576261,1.6174817
0.576276,1.6637135
0.576291,1.6637135
0.57630605,1.6637135
0.57632107,1.6637135
0.5763361,1.6637135
0.5763511,1.7099442
0.5763661,1.7099442
0.57638115,1.7099442
0.57639617,1.7099442
0.5764112,1.7099442
0.5764262,1.756176
0.5764412,1.756176
0.57645625,1.756176
0.57647127,1.756176
0.5764863,1.756176
0.5765013,1.756176
0.57651633,1.756176
0.57653135,1.7099442
0.5765464,1.7099442
0.5765614,1.7099442
0.5765764,1.7099442
0.57659143,1.6637135
0.57660645,1.6637135
0.5766215,1.6637135
0.5766365,1.6637135
0.5766515,1.6174817
0.57666653,1.6174817
0.57668155,1.6174817
0.5766966,1.6174817
0.5767116,1.6174817
0.5767266,1.5712504
0.5767417,1.5712504
0.5767567,1.5712504
0.57677174,1.5712504
0.57678676,1.5250192
0.5768018,1.5250192
0.5768168,1.5250192
0.5768318,1.5250192
0.57684684,1.5250192
0.57686186,1.4787879
0.5768769,1.4787879
0.5768919,1.4787879
0.5769069,1.4787879
0.57692194,1.4787879
0.57693696,1.4787879
0.576952,1.4325566
0.576967,1.4325566
0.576982,1.4325566
0.57699704,1.4325566
0.57701206,1.4325566
0.5770271,1.3863249
0.5770421,1.3863249
0.5770571,1.3863249
0.57707214,1.3863249
0.57708716,1.3400936
0.5771022,1.3400936
0.5771172,1.3400936
0.5771322,1.3400936
0.57714725,1.3400936
0.57716227,1.2938623
0.5771773,1.2938623
0.5771923,1.2938623
0.5772073,1.2938623
0.57722235,1.2476311
0.57723737,1.2476311
0.5772524,1.2476311
0.5772674,1.2476311
0.5772824,1.2476311
0.57729745,1.2013993
0.57731247,1.2013993
0.5773275,1.2013993
0.5773425,1.2013993
0.57735753,1.1551685
0.57737255,1.1551685
0.5773876,1.1551685
0.5774026,1.1551685
0.5774176,1.1089368
0.57743263,1.1089368
0.57744765,1.1089368
0.5774627,1.1089368
0.5774777,1.1089368
0.5774927,1.0627055
0.57750773,1.0627055
0.57752275,1.0627055
0.5775378,1.0627055
0.5775528,1.0164738
0.5775678,1.0164738
0.57758284,1.0164738
0.57759786,1.0164738
0.5776129,0.970243
0.5776279,0.970243
0.5776429,0.970243
0.57765794,0.970243
0.57767296,0.970243
0.577688,0.92401123
0.577703,0.92401123
0.577718,0.92401123
0.57773304,0.92401123
0.57774806,0.87777996
0.5777631,0.87777996
0.5777781,0.87777996
0.5777931,0.87777996
0.57780814,0.87777996
0.57782316,0.8315482
0.5778382,0.8315482
0.5778532,0.8315482
0.5778682,0.8315482
0.57788324,0.7853174
0.57789826,0.7853174
0.5779133,0.7853174
0.5779283,0.7853174
0.5779433,0.7853174
0.57795835,0.7390857
0.57797337,0.7390857
0.5779884,0.7390857
0.5780034,0.7390857
0.5780184,0.6928544
0.57803345,0.6928544
0.57804847,0.6928544
0.5780635,0.6928544
0.5780785,0.64662313
0.5780935,0.64662313
0.57810855,0.64662313
0.57812357,0.64662313
0.5781386,0.64662313
0.5781536,0.60039186
0.57816863,0.60039186
0.57818365,0.60039186
0.5781987,0.60039186
0.5782137,0.5541601
0.5782287,0.5541601
0.57824373,0.5541601
0.57825875,0.5541601
0.5782738,0.5541601
0.5782888,0.50792885
0.5783038,0.50792885
0.57831883,0.50792885
0.57833385,0.50792885
0.5783489,0.46169758
0.5783639,0.46169758
0.5783789,0.46169758
0.57839394,0.46169758
0.57840896,0.4154663
0.578424,0.4154663
0.578439,0.4154663
0.578454,0.4154663
0.57846904,0.4154663
0.57848406,0.36923456
0.57849914,0.36923456
0.57851416,0.36923456
0.5785292,0.36923456
0.5785442,0.3230033
0.5785592,0.3230033
0.57857424,0.3230033
0.57858926,0.3230033
0.5786043,0.3230033
0.5786193,0.27677202
0.5786343,0.27677202
0.57864934,0.27677202
0.57866436,0.27677202
0.5786794,0.23054075
0.5786944,0.23054075
0.5787094,0.23054075
0.57872444,0.23054075
0.57873946,0.23054075
0.5787545,0.184309
0.5787695,0.184309
0.5787845,0.184309
0.57879955,0.184309
0.57881457,0.13807821
0.5788296,0.13807821
0.5788446,0.13807821
0.5788596,0.13807821
0.57887465,0.13807821
0.57888967,0.091846466
0.5789047,0.091846466
0.5789197,0.091846466
0.5789347,0.091846466
0.57894975,0.045615196
0.57896477,0.045615196
0.5789798,0.045615196
0.5789948,0.045615196
0.57900983,0.045615196
0.57902485,-6.160736E-4
0.5790399,-6.160736E-4
0.5790549,-6.160736E-4
0.5790699,-6.160736E-4
0.57908493,-0.046847343
0.57909995,-0.046847343
0.579115,-0.046847343
0.57913,-0.046847343
0.579145,-0.09307861
0.57916003,-0.09307861
0.57917506,-0.09307861
0.5791901,-0.09307861
0.5792051,-0.13931036
0.5792201,-0.13931036
0.57923514,-0.13931036
0.57925016,-0.13931036
0.5792652,-0.13931036
0.5792802,-0.18554163
0.5792952,-0.18554163
0.57931024,-0.18554163
0.57932526,-0.18554163
0.5793403,-0.2317729
0.5793553,-0.2317729
0.5793703,-0.2317729
0.57938534,-0.2317729
0.57940036,-0.2317729
0.5794154,-0.27800417
0.5794304,-0.27800417
0.5794454,-0.27800417
0.57946044,-0.27800417
0.57947546,-0.32423592
0.5794905,-0.32423592
0.5795055,-0.32423592
0.5795205,-0.32423592
0.57953554,-0.32423592
0.57955056,-0.3704667
0.5795656,-0.3704667
0.5795806,-0.3704667
0.5795956,-0.3704667
0.57961065,-0.41669846
0.57962567,-0.41669846
0.5796407,-0.41669846
0.5796557,-0.41669846
0.5796707,-0.41669846
0.57968575,-0.46292973
0.57970077,-0.46292973
0.5797158,-0.46292973
0.5797308,-0.46292973
0.5797458,-0.46292973
0.57976085,-0.5091615
0.57977587,-0.5091615
0.5797909,-0.5091615
0.5798059,-0.5091615
0.57982093,-0.55539227
0.57983595,-0.55539227
0.579851,-0.55539227
0.579866,-0.55539227
0.579881,-0.55539227
0.57989603,-0.601624
0.57991105,-0.601624
0.5799261,-0.601624
0.5799411,-0.601624
0.5799561,-0.6478553
0.57997113,-0.6478553
0.57998616,-0.6478553
0.5800012,-0.6478553
0.5800162,-0.6478553
0.5800312,-0.694087
0.58004624,-0.694087
0.58006126,-0.694087
0.5800763,-0.694087
0.5800913,-0.694087
0.5801063,-0.7403178
0.58012134,-0.7403178
0.58013636,-0.7403178
0.5801514,-0.7403178
0.5801664,-0.7403178
0.5801814,-0.78654957
0.58019644,-0.78654957
0.58021146,-0.78654957
0.5802265,-0.78654957
0.5802415,-0.83278084
0.5802566,-0.83278084
0.5802716,-0.83278084
0.5802866,-0.83278084
0.58030164,-0.83278084
0.58031666,-0.8790121
0.5803317,-0.8790121
0.5803467,-0.8790121
0.5803617,-0.8790121
0.58037674,-0.8790121
0.58039176,-0.9252434
0.5804068,-0.9252434
0.5804218,-0.9252434
0.5804368,-0.9252434
0.58045185,-0.9714751
0.58046687,-0.9714751
0.5804819,-0.9714751
0.5804969,-0.9714751
0.5805119,-0.9714751
0.58052695,-1.0177064
0.58054197,-1.0177064
0.580557,-1.0177064
0.580572,-1.0177064
0.580587,-1.0177064
0.58060205,-1.0639377
0.5806171,-1.0639377
0.5806321,-1.0639377
0.5806471,-1.0639377
0.58066213,-1.0639377
0.58067715,-1.1101689
0.5806922,-1.1101689
0.5807072,-1.1101689
0.5807222,-1.1101689
0.58073723,-1.1101689
0.58075225,-1.1564007
0.5807673,-1.1564007
0.5807823,-1.1564007
0.5807973,-1.1564007
0.58081234,-1.202632
0.58082736,-1.202632
0.5808424,-1.202632
0.5808574,-1.202632
0.5808724,-1.202632
0.58088744,-1.2488632
0.58090246,-1.2488632
0.5809175,-1.2488632
0.5809325,-1.2488632
0.5809475,-1.2488632
0.58096254,-1.2950945
0.58097756,-1.2950945
0.5809926,-1.2950945
0.5810076,-1.2950945
0.5810226,-1.2950945
0.58103764,-1.3413262
0.58105266,-1.3413262
0.5810677,-1.3413262
0.5810827,-1.3413262
0.5810977,-1.387557
0.58111274,-1.387557
0.58112776,-1.387557
0.5811428,-1.387557
0.5811578,-1.387557
0.5811728,-1.4337888
0.58118784,-1.4337888
0.58120286,-1.4337888
0.5812179,-1.4337888
0.5812329,-1.4337888
0.5812479,-1.48002
0.58126295,-1.48002
0.58127797,-1.48002
0.581293,-1.48002
0.581308,-1.48002
0.581323,-1.48002
0.58133805,-1.48002
0.58135307,-1.48002
0.5813681,-1.5262513
0.5813831,-1.5262513
0.5813981,-1.5262513
0.58141315,-1.5262513
0.5814282,-1.5262513
0.5814432,-1.5724826
0.5814582,-1.5724826
0.58147323,-1.5724826
0.58148825,-1.5724826
0.5815033,-1.5724826
0.5815183,-1.6187139
0.5815333,-1.6187139
0.58154833,-1.6187139
0.58156335,-1.6187139
0.5815784,-1.6187139
0.5815934,-1.6187139
0.5816084,-1.6187139
0.58162344,-1.6187139
0.58163846,-1.5724826
0.5816535,-1.5724826
0.5816685,-1.5724826
0.5816835,-1.5724826
0.58169854,-1.5724826
0.58171356,-1.5262513
0.5817286,-1.5262513
0.5817436,-1.5262513
0.5817586,-1.5262513
0.58177364,-1.48002
0.58178866,-1.48002
0.5818037,-1.48002
0.5818187,-1.48002
0.5818337,-1.48002
0.58184874,-1.48002
0.58186376,-1.48002
0.5818788,-1.4337888
0.5818938,-1.4337888
0.5819088,-1.4337888
0.58192384,-1.4337888
0.58193886,-1.4337888
0.5819539,-1.387557
0.5819689,-1.387557
0.5819839,-1.387557
0.58199894,-1.387557
0.58201396,-1.387557
0.58202904,-1.3413262
0.58204406,-1.3413262
0.5820591,-1.3413262
0.5820741,-1.3413262
0.5820891,-1.2950945
0.58210415,-1.2950945
0.58211917,-1.2950945
0.5821342,-1.2950945
0.5821492,-1.2950945
0.5821642,-1.2488632
0.58217925,-1.2488632
0.58219427,-1.2488632
0.5822093,-1.2488632
0.5822243,-1.2488632
0.58223933,-1.202632
0.58225435,-1.202632
0.5822694,-1.202632
0.5822844,-1.202632
0.5822994,-1.1564007
0.58231443,-1.1564007
0.58232945,-1.1564007
0.5823445,-1.1564007
0.5823595,-1.1564007
0.5823745,-1.1101689
0.58238953,-1.1101689
0.58240455,-1.1101689
0.5824196,-1.1101689
0.5824346,-1.0639377
0.5824496,-1.0639377
0.58246464,-1.0639377
0.58247966,-1.0639377
0.5824947,-1.0639377
0.5825097,-1.0177064
0.5825247,-1.0177064
0.58253974,-1.0177064
0.58255476,-1.0177064
0.5825698,-1.0177064
0.5825848,-0.9714751
0.5825998,-0.9714751
0.58261484,-0.9714751
0.58262986,-0.9714751
0.5826449,-0.9252434
0.5826599,-0.9252434
0.5826749,-0.9252434
0.58268994,-0.9252434
0.58270496,-0.9252434
0.58272,-0.8790121
0.582735,-0.8790121
0.58275,-0.8790121
0.58276504,-0.8790121
0.58278006,-0.8790121
0.5827951,-0.83278084
0.5828101,-0.83278084
0.5828251,-0.83278084
0.58284014,-0.83278084
0.58285517,-0.78654957
0.5828702,-0.78654957
0.5828852,-0.78654957
0.5829002,-0.78654957
0.58291525,-0.78654957
0.58293027,-0.7403178
0.5829453,-0.7403178
0.5829603,-0.7403178
0.5829753,-0.7403178
0.58299035,-0.7403178
0.58300537,-0.694087
0.5830204,-0.694087
0.5830354,-0.694087
0.58305043,-0.694087
0.58306545,-0.6478553
0.5830805,-0.6478553
0.5830955,-0.6478553
0.5831105,-0.6478553
0.58312553,-0.6478553
0.58314055,-0.601624
0.5831556,-0.601624
0.5831706,-0.601624
0.5831856,-0.601624
0.58320063,-0.601624
0.58321565,-0.55539227
0.5832307,-0.55539227
0.5832457,-0.55539227
0.5832607,-0.55539227
0.58327574,-0.5091615
0.58329076,-0.5091615
0.5833058,-0.5091615
0.5833208,-0.5091615
0.5833358,-0.5091615
0.58335084,-0.46292973
0.58336586,-0.46292973
0.5833809,-0.46292973
0.5833959,-0.46292973
0.5834109,-0.46292973
0.58342594,-0.41669846
0.58344096,-0.41669846
0.583456,-0.41669846
0.583471,-0.41669846
0.583486,-0.3704667
0.58350104,-0.3704667
0.58351606,-0.3704667
0.5835311,-0.3704667
0.5835461,-0.3704667
0.5835611,-0.32423592
0.58357614,-0.32423592
0.58359116,-0.32423592
0.5836062,-0.32423592
0.5836212,-0.32423592
0.5836362,-0.27800417
0.58365124,-0.27800417
0.58366627,-0.27800417
0.5836813,-0.27800417
0.5836963,-0.2317729
0.5837113,-0.2317729
0.58372635,-0.2317729
0.58374137,-0.2317729
0.5837564,-0.2317729
0.5837714,-0.18554163
0.5837865,-0.18554163
0.5838015,-0.18554163
0.5838165,-0.18554163
0.58383155,-0.18554163
0.58384657,-0.13931036
0.5838616,-0.13931036
0.5838766,-0.13931036
0.58389163,-0.13931036
0.58390665,-0.09307861
0.5839217,-0.09307861
0.5839367,-0.09307861
0.5839517,-0.09307861
0.58396673,-0.09307861
0.58398175,-0.046847343
0.5839968,-0.046847343
0.5840118,-0.046847343
0.5840268,-0.046847343
0.58404183,-0.046847343
0.58405685,-6.160736E-4
0.5840719,-6.160736E-4
0.5840869,-6.160736E-4
0.5841019,-6.160736E-4
0.58411694,0.045615196
0.58413196,0.045615196
0.584147,0.045615196
0.584162,0.045615196
0.584177,0.045615196
0.58419204,0.091846466
0.58420706,0.091846466
0.5842221,0.091846466
0.5842371,0.091846466
0.5842521,0.13807821
0.58426714,0.13807821
0.58428216,0.13807821
0.5842972,0.13807821
0.5843122,0.13807821
0.5843272,0.184309
0.58434224,0.184309
0.58435726,0.184309
0.5843723,0.184309
0.5843873,0.184309
0.5844023,0.23054075
0.58441734,0.23054075
0.58443236,0.23054075
0.5844474,0.23054075
0.5844624,0.27677202
0.5844774,0.27677202
0.58449244,0.27677202
0.58450747,0.27677202
0.5845225,0.27677202
0.5845375,0.3230033
0.5845525,0.3230033
0.58456755,0.3230033
0.58458257,0.3230033
0.5845976,0.3230033
0.5846126,0.36923456
0.5846276,0.36923456
0.58464265,0.36923456
0.58465767,0.36923456
0.5846727,0.4154663
0.5846877,0.4154663
0.58470273,0.4154663
0.58471775,0.4154663
0.5847328,0.4154663
0.5847478,0.46169758
0.5847628,0.46169758
0.58477783,0.46169758
0.58479285,0.46169758
0.5848079,0.46169758
0.5848229,0.50792885
0.5848379,0.50792885
0.58485293,0.50792885
0.58486795,0.50792885
0.584883,0.50792885
0.584898,0.5541601
0.584913,0.5541601
0.58492804,0.5541601
0.58494306,0.5541601
0.5849581,0.60039186
0.5849731,0.60039186
0.5849881,0.60039186
0.58500314,0.60039186
0.58501816,0.60039186
0.5850332,0.64662313
0.5850482,0.64662313
0.5850632,0.64662313
0.58507824,0.64662313
0.58509326,0.64662313
0.5851083,0.6928544
0.5851233,0.6928544
0.5851383,0.6928544
0.58515334,0.6928544
0.58516836,0.6928544
0.5851834,0.7390857
0.5851984,0.7390857
0.5852134,0.7390857
0.58522844,0.7390857
0.58524346,0.7390857
0.5852585,0.7853174
0.5852735,0.7853174
0.5852885,0.7853174
0.58530354,0.7853174
0.58531857,0.7853174
0.5853336,0.8315482
0.5853486,0.8315482
0.5853636,0.8315482
0.58537865,0.8315482
0.58539367,0.8315482
0.5854087,0.87777996
0.5854237,0.87777996
0.5854387,0.87777996
0.58545375,0.87777996
0.58546877,0.92401123
0.5854838,0.92401123
0.5854988,0.92401123
0.58551383,0.92401123
0.58552885,0.92401123
0.58554393,0.970243
0.58555895,0.970243
0.585574,0.970243
0.585589,0.970243
0.585604,0.970243
0.58561903,1.0164738
0.58563405,1.0164738
0.5856491,1.0164738
0.5856641,1.0164738
0.5856791,1.0164738
0.58569413,1.0627055
0.58570915,1.0627055
0.5857242,1.0627055
0.5857392,1.0627055
0.5857542,1.0627055
0.58576924,1.1089368
0.58578426,1.1089368
0.5857993,1.1089368
0.5858143,1.1089368
0.5858293,1.1089368
0.58584434,1.1551685
0.58585936,1.1551685
0.5858744,1.1551685
0.5858894,1.1551685
0.5859044,1.1551685
0.58591944,1.2013993
0.58593446,1.2013993
0.5859495,1.2013993
0.5859645,1.2013993
0.5859795,1.2476311
0.58599454,1.2476311
0.58600956,1.2476311
0.5860246,1.2476311
0.5860396,1.2476311
0.5860546,1.2938623
0.58606964,1.2938623
0.58608466,1.2938623
0.5860997,1.2938623
0.5861147,1.2938623
0.5861297,1.3400936
0.58614475,1.3400936
0.58615977,1.3400936
0.5861748,1.3400936
0.5861898,1.3400936
0.5862048,1.3863249
0.58621985,1.3863249
0.58623487,1.3863249
0.5862499,1.3863249
0.5862649,1.3863249
0.5862799,1.4325566
0.58629495,1.4325566
0.58630997,1.4325566
0.586325,1.4325566
0.58634,1.4325566
0.58635503,1.4787879
0.58637005,1.4787879
0.5863851,1.4787879
0.5864001,1.4787879
0.5864151,1.4787879
0.58643013,1.4787879
0.58644515,1.4787879
0.5864602,1.4787879
0.5864752,1.5250192
0.5864902,1.5250192
0.58650523,1.5250192
0.58652025,1.5250192
0.5865353,1.5250192
0.5865503,1.5712504
0.5865653,1.5712504
0.58658034,1.5712504
0.58659536,1.5712504
0.5866104,1.5712504
0.5866254,1.6174817
0.5866404,1.6174817
0.58665544,1.6174817
0.58667046,1.6174817
0.5866855,1.6174817
0.5867005,1.6637135
0.5867155,1.6637135
0.58673054,1.6637135
0.58674556,1.6637135
0.5867606,1.6637135
0.5867756,1.6637135
0.5867906,1.7099442
0.58680564,1.7099442
0.58682066,1.7099442
0.5868357,1.7099442
0.5868507,1.7099442
0.5868657,1.756176
0.58688074,1.756176
0.58689576,1.756176
0.5869108,1.756176
0.5869258,1.756176
0.5869408,1.756176
0.58695585,1.756176
0.58697087,1.7099442
0.5869859,1.7099442
0.5870009,1.7099442
0.5870159,1.7099442
0.58703095,1.6637135
0.58704597,1.6637135
0.587061,1.6637135
0.587076,1.6637135
0.587091,1.6174817
0.58710605,1.6174817
0.58712107,1.6174817
0.5871361,1.6174817
0.5871511,1.6174817
0.58716613,1.5712504
0.58718115,1.5712504
0.5871962,1.5712504
0.5872112,1.5712504
0.5872262,1.5250192
0.58724123,1.5250192
0.58725625,1.5250192
0.5872713,1.5250192
0.5872863,1.4787879
0.5873014,1.4787879
0.5873164,1.4787879
0.5873314,1.4787879
0.58734643,1.4787879
0.58736145,1.4787879
0.5873765,1.4787879
0.5873915,1.4325566
0.5874065,1.4325566
0.58742154,1.4325566
0.58743656,1.4325566
0.5874516,1.3863249
0.5874666,1.3863249
0.5874816,1.3863249
0.58749664,1.3863249
0.58751166,1.3863249
0.5875267,1.3400936
0.5875417,1.3400936
0.5875567,1.3400936
0.58757174,1.3400936
0.58758676,1.2938623
0.5876018,1.2938623
0.5876168,1.2938623
0.5876318,1.2938623
0.58764684,1.2938623
0.58766186,1.2476311
0.5876769,1.2476311
0.5876919,1.2476311
0.5877069,1.2476311
0.58772194,1.2013993
0.58773696,1.2013993
0.587752,1.2013993
0.587767,1.2013993
0.587782,1.1551685
0.58779705,1.1551685
0.58781207,1.1551685
0.5878271,1.1551685
0.5878421,1.1551685
0.5878571,1.1089368
0.58787215,1.1089368
0.58788717,1.1089368
0.5879022,1.1089368
0.5879172,1.0627055
0.5879322,1.0627055
0.58794725,1.0627055
0.58796227,1.0627055
0.5879773,1.0164738
0.5879923,1.0164738
0.58800733,1.0164738
0.58802235,1.0164738
0.5880374,1.0164738
0.5880524,0.970243
0.5880674,0.970243
0.58808243,0.970243
0.58809745,0.970243
0.5881125,0.92401123
0.5881275,0.92401123
0.5881425,0.92401123
0.58815753,0.92401123
0.58817255,0.92401123
0.5881876,0.87777996
0.5882026,0.87777996
0.5882176,0.87777996
0.58823264,0.87777996
0.58824766,0.8315482
0.5882627,0.8315482
0.5882777,0.8315482
0.5882927,0.8315482
0.58830774,0.8315482
0.58832276,0.7853174
0.5883378,0.7853174
0.5883528,0.7853174
0.5883678,0.7853174
0.58838284,0.7390857
0.58839786,0.7390857
0.5884129,0.7390857
0.5884279,0.7390857
0.5884429,0.7390857
0.58845794,0.6928544
0.58847296,0.6928544
0.588488,0.6928544
0.588503,0.6928544
0.588518,0.64662313
0.58853304,0.64662313
0.58854806,0.64662313
0.5885631,0.64662313
0.5885781,0.60039186
0.5885931,0.60039186
0.58860815,0.60039186
0.58862317,0.60039186
0.5886382,0.60039186
0.5886532,0.5541601
0.5886682,0.5541601
0.58868325,0.5541601
0.58869827,0.5541601
0.5887133,0.50792885
0.5887283,0.50792885
0.5887433,0.50792885
0.58875835,0.50792885
0.58877337,0.50792885
0.5887884,0.46169758
0.5888034,0.46169758
0.58881843,0.46169758
0.58883345,0.46169758
0.5888485,0.4154663
0.5888635,0.4154663
0.5888785,0.4154663
0.58889353,0.4154663
0.58890855,0.4154663
0.5889236,0.36923456
0.5889386,0.36923456
0.5889536,0.36923456
0.58896863,0.36923456
0.58898365,0.3230033
0.5889987,0.3230033
0.5890137,0.3230033
0.5890287,0.3230033
0.58904374,0.27677202
0.58905876,0.27677202
0.58907384,0.27677202
0.58908886,0.27677202
0.5891039,0.27677202
0.5891189,0.23054075
0.5891339,0.23054075
0.58914894,0.23054075
0.58916396,0.23054075
0.589179,0.184309
0.589194,0.184309
0.589209,0.184309
0.58922404,0.184309
0.58923906,0.184309
0.5892541,0.13807821
0.5892691,0.13807821
0.5892841,0.13807821
0.58929914,0.13807821
0.58931416,0.091846466
0.5893292,0.091846466
0.5893442,0.091846466
0.5893592,0.091846466
0.58937424,0.091846466
0.58938926,0.045615196
0.5894043,0.045615196
0.5894193,0.045615196
0.5894343,0.045615196
0.58944935,-6.160736E-4
0.58946437,-6.160736E-4
0.5894794,-6.160736E-4
0.5894944,-6.160736E-4
0.5895094,-0.046847343
0.58952445,-0.046847343
0.58953947,-0.046847343
0.5895545,-0.046847343
0.5895695,-0.046847343
0.5895845,-0.09307861
0.58959955,-0.09307861
0.58961457,-0.09307861
0.5896296,-0.09307861
0.5896446,-0.13931036
0.58965963,-0.13931036
0.58967465,-0.13931036
0.5896897,-0.13931036
0.5897047,-0.13931036
0.5897197,-0.18554163
0.58973473,-0.18554163
0.58974975,-0.18554163
0.5897648,-0.18554163
0.5897798,-0.2317729
0.5897948,-0.2317729
0.58980983,-0.2317729
0.58982486,-0.2317729
0.5898399,-0.2317729
0.5898549,-0.27800417
0.5898699,-0.27800417
0.58988494,-0.27800417
0.58989996,-0.27800417
0.589915,-0.32423592
0.58993,-0.32423592
0.589945,-0.32423592
0.58996004,-0.32423592
0.58997506,-0.32423592
0.5899901,-0.3704667
0.5900051,-0.3704667
0.5900201,-0.3704667
0.59003514,-0.3704667
0.59005016,-0.41669846
0.5900652,-0.41669846
0.5900802,-0.41669846
0.5900952,-0.41669846
0.59011024,-0.41669846
0.59012526,-0.46292973
0.5901403,-0.46292973
0.5901553,-0.46292973
0.5901703,-0.46292973
0.59018534,-0.5091615
0.59020036,-0.5091615
0.5902154,-0.5091615
0.5902304,-0.5091615
0.5902454,-0.5091615
0.59026045,-0.55539227
0.59027547,-0.55539227
0.5902905,-0.55539227
0.5903055,-0.55539227
0.5903205,-0.55539227
0.59033555,-0.601624
0.59035057,-0.601624
0.5903656,-0.601624
0.5903806,-0.601624
0.5903956,-0.6478553
0.59041065,-0.6478553
0.59042567,-0.6478553
0.5904407,-0.6478553
0.5904557,-0.6478553
0.59047073,-0.694087
0.59048575,-0.694087
0.5905008,-0.694087
0.5905158,-0.694087
0.5905308,-0.694087
0.59054583,-0.7403178
0.59056085,-0.7403178
0.5905759,-0.7403178
0.5905909,-0.7403178
0.5906059,-0.78654957
0.59062093,-0.78654957
0.59063596,-0.78654957
0.590651,-0.78654957
0.590666,-0.78654957
0.590681,-0.83278084
0.59069604,-0.83278084
0.59071106,-0.83278084
0.5907261,-0.83278084
0.5907411,-0.83278084
0.5907561,-0.8790121
0.59077114,-0.8790121
0.59078616,-0.8790121
0.5908012,-0.8790121
0.5908162,-0.9252434
0.5908313,-0.9252434
0.5908463,-0.9252434
0.5908613,-0.9252434
0.59087634,-0.9252434
0.59089136,-0.9714751
0.5909064,-0.9714751
0.5909214,-0.9714751
0.5909364,-0.9714751
0.59095144,-0.9714751
0.59096646,-1.0177064
0.5909815,-1.0177064
0.5909965,-1.0177064
0.5910115,-1.0177064
0.59102654,-1.0639377
0.59104156,-1.0639377
0.5910566,-1.0639377
0.5910716,-1.0639377
0.5910866,-1.0639377
0.59110165,-1.0639377
0.59111667,-1.1101689
0.5911317,-1.1101689
0.5911467,-1.1101689
0.5911617,-1.1101689
0.59117675,-1.1564007
0.59119177,-1.1564007
0.5912068,-1.1564007
0.5912218,-1.1564007
0.5912368,-1.1564007
0.59125185,-1.202632
0.5912669,-1.202632
0.5912819,-1.202632
0.5912969,-1.202632
0.59131193,-1.202632
0.59132695,-1.2488632
0.591342,-1.2488632
0.591357,-1.2488632
0.591372,-1.2488632
0.59138703,-1.2950945
0.59140205,-1.2950945
0.5914171,-1.2950945
0.5914321,-1.2950945
0.5914471,-1.2950945
0.59146214,-1.3413262
0.59147716,-1.3413262
0.5914922,-1.3413262
0.5915072,-1.3413262
0.5915222,-1.3413262
0.59153724,-1.387557
0.59155226,-1.387557
0.5915673,-1.387557
0.5915823,-1.387557
0.5915973,-1.387557
0.59161234,-1.4337888
0.59162736,-1.4337888
0.5916424,-1.4337888
0.5916574,-1.4337888
0.5916724,-1.4337888
0.59168744,-1.48002
0.59170246,-1.48002
0.5917175,-1.48002
0.5917325,-1.48002
0.5917475,-1.48002
0.59176254,-1.48002
0.59177756,-1.48002
0.5917926,-1.5262513
0.5918076,-1.5262513
0.5918226,-1.5262513
0.59183764,-1.5262513
0.59185266,-1.5262513
0.5918677,-1.5724826
0.5918827,-1.5724826
0.5918977,-1.5724826
0.59191275,-1.5724826
0.59192777,-1.5724826
0.5919428,-1.6187139
0.5919578,-1.6187139
0.5919728,-1.6187139
0.59198785,-1.6187139
0.59200287,-1.6187139
0.5920179,-1.6187139
0.5920329,-1.6187139
0.5920479,-1.6187139
0.59206295,-1.6187139
0.592078,-1.5724826
0.592093,-1.5724826
0.592108,-1.5724826
0.59212303,-1.5724826
0.59213805,-1.5262513
0.5921531,-1.5262513
0.5921681,-1.5262513
0.5921831,-1.5262513
0.59219813,-1.5262513
0.59221315,-1.48002
0.5922282,-1.48002
0.5922432,-1.48002
0.5922582,-1.48002
0.59227324,-1.48002
0.59228826,-1.48002
0.5923033,-1.48002
0.5923183,-1.4337888
0.5923333,-1.4337888
0.59234834,-1.4337888
0.59236336,-1.4337888
0.5923784,-1.4337888
0.5923934,-1.387557
0.5924084,-1.387557
0.59242344,-1.387557
0.59243846,-1.387557
0.5924535,-1.387557
0.5924685,-1.3413262
0.5924835,-1.3413262
0.59249854,-1.3413262
0.59251356,-1.3413262
0.5925286,-1.2950945
0.5925436,-1.2950945
0.5925586,-1.2950945
0.59257364,-1.2950945
0.5925887,-1.2950945
0.59260374,-1.2488632
0.59261876,-1.2488632
0.5926338,-1.2488632
0.5926488,-1.2488632
0.5926638,-1.202632
0.59267884,-1.202632
0.59269387,-1.202632
0.5927089,-1.202632
0.5927239,-1.202632
0.5927389,-1.1564007
0.59275395,-1.1564007
0.59276897,-1.1564007
0.592784,-1.1564007
0.592799,-1.1564007
0.592814,-1.1101689
0.59282905,-1.1101689
0.59284407,-1.1101689
0.5928591,-1.1101689
0.5928741,-1.0639377
0.59288913,-1.0639377
0.59290415,-1.0639377
0.5929192,-1.0639377
0.5929342,-1.0639377
0.5929492,-1.0177064
0.59296423,-1.0177064
0.59297925,-1.0177064
0.5929943,-1.0177064
0.5930093,-0.9714751
0.5930243,-0.9714751
0.59303933,-0.9714751
0.59305435,-0.9714751
0.5930694,-0.9714751
0.5930844,-0.9252434
0.5930994,-0.9252434
0.59311444,-0.9252434
0.59312946,-0.9252434
0.5931445,-0.9252434
0.5931595,-0.8790121
0.5931745,-0.8790121
0.59318954,-0.8790121
0.59320456,-0.8790121
0.5932196,-0.83278084
0.5932346,-0.83278084
0.5932496,-0.83278084
0.59326464,-0.83278084
0.59327966,-0.83278084
0.5932947,-0.78654957
0.5933097,-0.78654957
0.5933247,-0.78654957
0.59333974,-0.78654957
0.59335476,-0.78654957
0.5933698,-0.7403178
0.5933848,-0.7403178
0.5933998,-0.7403178
0.59341484,-0.7403178
0.59342986,-0.694087
0.5934449,-0.694087
0.5934599,-0.694087
0.5934749,-0.694087
0.59348994,-0.694087
0.59350497,-0.6478553
0.59352,-0.6478553
0.593535,-0.6478553
0.59355,-0.6478553
0.59356505,-0.6478553
0.59358007,-0.601624
0.5935951,-0.601624
0.5936101,-0.601624
0.5936251,-0.601624
0.59364015,-0.55539227
0.59365517,-0.55539227
0.5936702,-0.55539227
0.5936852,-0.55539227
0.59370023,-0.55539227
0.59371525,-0.5091615
0.5937303,-0.5091615
0.5937453,-0.5091615
0.5937603,-0.5091615
0.59377533,-0.5091615
0.59379035,-0.46292973
0.5938054,-0.46292973
0.5938204,-0.46292973
0.5938354,-0.46292973
0.59385043,-0.41669846
0.59386545,-0.41669846
0.5938805,-0.41669846
0.5938955,-0.41669846
0.5939105,-0.41669846
0.59392554,-0.3704667
0.59394056,-0.3704667
0.5939556,-0.3704667
0.5939706,-0.3704667
0.5939856,-0.3704667
0.59400064,-0.32423592
0.59401566,-0.32423592
0.5940307,-0.32423592
0.5940457,-0.32423592
0.5940607,-0.27800417
0.59407574,-0.27800417
0.59409076,-0.27800417
0.5941058,-0.27800417
0.5941208,-0.27800417
0.5941358,-0.2317729
0.59415084,-0.2317729
0.59416586,-0.2317729
0.5941809,-0.2317729
0.5941959,-0.2317729
0.5942109,-0.18554163
0.59422594,-0.18554163
0.59424096,-0.18554163
0.594256,-0.18554163
0.594271,-0.13931036
0.594286,-0.13931036
0.59430104,-0.13931036
0.59431607,-0.13931036
0.5943311,-0.13931036
0.59434617,-0.09307861
0.5943612,-0.09307861
0.5943762,-0.09307861
0.5943912,-0.09307861
0.59440625,-0.09307861
0.59442127,-0.046847343
0.5944363,-0.046847343
0.5944513,-0.046847343
0.5944663,-0.046847343
0.59448135,-6.160736E-4
0.59449637,-6.160736E-4
0.5945114,-6.160736E-4
0.5945264,-6.160736E-4
0.59454143,0.045615196
0.59455645,0.045615196
0.5945715,0.045615196
0.5945865,0.045615196
0.5946015,0.045615196
0.59461653,0.091846466
0.59463155,0.091846466
0.5946466,0.091846466
0.5946616,0.091846466
0.5946766,0.091846466
0.59469163,0.13807821
0.59470665,0.13807821
0.5947217,0.13807821
0.5947367,0.13807821
0.5947517,0.13807821
0.59476674,0.184309
0.59478176,0.184309
0.5947968,0.184309
0.5948118,0.184309
0.5948268,0.23054075
0.59484184,0.23054075
0.59485686,0.23054075
0.5948719,0.23054075
0.5948869,0.23054075
0.5949019,0.27677202
0.59491694,0.27677202
0.59493196,0.27677202
0.594947,0.27677202
0.594962,0.27677202
0.594977,0.3230033
0.59499204,0.3230033
0.59500706,0.3230033
0.5950221,0.3230033
0.5950371,0.36923456
0.5950521,0.36923456
0.59506714,0.36923456
0.59508216,0.36923456
0.5950972,0.36923456
0.5951122,0.4154663
0.5951272,0.4154663
0.59514225,0.4154663
0.59515727,0.4154663
0.5951723,0.4154663
0.5951873,0.46169758
0.5952023,0.46169758
0.59521735,0.46169758
0.59523237,0.46169758
0.5952474,0.46169758
0.5952624,0.50792885
0.5952774,0.50792885
0.59529245,0.50792885
0.59530747,0.50792885
0.5953225,0.5541601
0.5953375,0.5541601
0.59535253,0.5541601
0.59536755,0.5541601
0.5953826,0.5541601
0.5953976,0.60039186
0.5954126,0.60039186
0.59542763,0.60039186
0.59544265,0.60039186
0.5954577,0.60039186
0.5954727,0.64662313
0.5954877,0.64662313
0.59550273,0.64662313
0.59551775,0.64662313
0.5955328,0.64662313
0.5955478,0.6928544
0.5955628,0.6928544
0.59557784,0.6928544
0.59559286,0.6928544
0.5956079,0.6928544
0.5956229,0.7390857
0.5956379,0.7390857
0.59565294,0.7390857
0.59566796,0.7390857
0.595683,0.7853174
0.595698,0.7853174
0.595713,0.7853174
0.59572804,0.7853174
0.59574306,0.7853174
0.5957581,0.8315482
0.5957731,0.8315482
0.5957881,0.8315482
0.59580314,0.8315482
0.59581816,0.8315482
0.5958332,0.87777996
0.5958482,0.87777996
0.5958632,0.87777996
0.59587824,0.87777996
0.59589326,0.87777996
0.5959083,0.92401123
0.5959233,0.92401123
0.5959383,0.92401123
0.59595335,0.92401123
0.59596837,0.92401123
0.5959834,0.970243
0.5959984,0.970243
0.5960134,0.970243
0.59602845,0.970243
0.59604347,0.970243
0.5960585,1.0164738
0.5960735,1.0164738
0.5960885,1.0164738
0.59610355,1.0164738
0.5961186,1.0164738
0.59613365,1.0627055
0.59614867,1.0627055
0.5961637,1.0627055
0.5961787,1.0627055
0.59619373,1.1089368
0.59620875,1.1089368
0.5962238,1.1089368
0.5962388,1.1089368
0.5962538,1.1089368
0.59626883,1.1551685
0.59628385,1.1551685
0.5962989,1.1551685
0.5963139,1.1551685
0.5963289,1.1551685
0.59634393,1.2013993
0.59635895,1.2013993
0.596374,1.2013993
0.596389,1.2013993
0.596404,1.2013993
0.59641904,1.2476311
0.59643406,1.2476311
0.5964491,1.2476311
0.5964641,1.2476311
0.5964791,1.2476311
0.59649414,1.2938623
0.59650916,1.2938623
0.5965242,1.2938623
0.5965392,1.2938623
0.5965542,1.2938623
0.59656924,1.3400936
0.59658426,1.3400936
0.5965993,1.3400936
0.5966143,1.3400936
0.5966293,1.3400936
0.59664434,1.3863249
0.59665936,1.3863249
0.5966744,1.3863249
0.5966894,1.3863249
0.5967044,1.3863249
0.59671944,1.4325566
0.59673446,1.4325566
0.5967495,1.4325566
0.5967645,1.4325566
0.5967795,1.4325566
0.59679455,1.4787879
0.59680957,1.4787879
0.5968246,1.4787879
0.5968396,1.4787879
0.5968546,1.4787879
0.59686965,1.4787879
0.59688467,1.4787879
0.5968997,1.5250192
0.5969147,1.5250192
0.5969297,1.5250192
0.59694475,1.5250192
0.59695977,1.5250192
0.5969748,1.5250192
0.5969898,1.5712504
0.59700483,1.5712504
0.59701985,1.5712504
0.5970349,1.5712504
0.5970499,1.5712504
0.5970649,1.6174817
0.59707993,1.6174817
0.59709495,1.6174817
0.59711,1.6174817
0.597125,1.6174817
0.59714,1.6637135
0.59715503,1.6637135
0.59717005,1.6637135
0.5971851,1.6637135
0.5972001,1.6637135
0.5972151,1.7099442
0.59723014,1.7099442
0.59724516,1.7099442
0.5972602,1.7099442
0.5972752,1.7099442
0.5972902,1.756176
0.59730524,1.756176
0.59732026,1.756176
0.5973353,1.756176
0.5973503,1.756176
0.5973653,1.756176
0.59738034,1.756176
0.59739536,1.7099442
0.5974104,1.7099442
0.5974254,1.7099442
0.5974404,1.7099442
0.59745544,1.6637135
0.59747046,1.6637135
0.5974855,1.6637135
0.5975005,1.6637135
0.5975155,1.6637135
0.59753054,1.6174817
0.59754556,1.6174817
0.5975606,1.6174817
0.5975756,1.6174817
0.5975906,1.5712504
0.59760565,1.5712504
0.59762067,1.5712504
0.5976357,1.5712504
0.5976507,1.5712504
0.5976657,1.5250192
0.59768075,1.5250192
0.59769577,1.5250192
0.5977108,1.5250192
0.5977258,1.4787879
0.5977408,1.4787879
0.59775585,1.4787879
0.59777087,1.4787879
0.5977859,1.4787879
0.5978009,1.4787879
0.59781593,1.4787879
0.59783095,1.4325566
0.597846,1.4325566
0.597861,1.4325566
0.5978761,1.4325566
0.5978911,1.3863249
0.5979061,1.3863249
0.59792113,1.3863249
0.59793615,1.3863249
0.5979512,1.3400936
0.5979662,1.3400936
0.5979812,1.3400936
0.59799623,1.3400936
0.59801126,1.3400936
0.5980263,1.2938623
0.5980413,1.2938623
0.5980563,1.2938623
0.59807134,1.2938623
0.59808636,1.2476311
0.5981014,1.2476311
0.5981164,1.2476311
0.5981314,1.2476311
0.59814644,1.2013993
0.59816146,1.2013993
0.5981765,1.2013993
0.5981915,1.2013993
0.5982065,1.2013993
0.59822154,1.1551685
0.59823656,1.1551685
0.5982516,1.1551685
0.5982666,1.1551685
0.5982816,1.1089368
0.59829664,1.1089368
0.59831166,1.1089368
0.5983267,1.1089368
0.5983417,1.1089368
0.5983567,1.0627055
0.59837174,1.0627055
0.59838676,1.0627055
0.5984018,1.0627055
0.5984168,1.0164738
0.5984318,1.0164738
0.59844685,1.0164738
0.59846187,1.0164738
0.5984769,0.970243
0.5984919,0.970243
0.5985069,0.970243
0.59852195,0.970243
0.59853697,0.970243
0.598552,0.92401123
0.598567,0.92401123
0.598582,0.92401123
0.59859705,0.92401123
0.59861207,0.87777996
0.5986271,0.87777996
0.5986421,0.87777996
0.59865713,0.87777996
0.59867215,0.87777996
0.5986872,0.8315482
0.5987022,0.8315482
0.5987172,0.8315482
0.59873223,0.8315482
0.59874725,0.7853174
0.5987623,0.7853174
0.5987773,0.7853174
0.5987923,0.7853174
0.59880733,0.7853174
0.59882236,0.7390857
0.5988374,0.7390857
0.5988524,0.7390857
0.5988674,0.7390857
0.59888244,0.6928544
0.59889746,0.6928544
0.5989125,0.6928544
0.5989275,0.6928544
0.5989425,0.64662313
0.59895754,0.64662313
0.59897256,0.64662313
0.5989876,0.64662313
0.5990026,0.64662313
0.5990176,0.60039186
0.59903264,0.60039186
0.59904766,0.60039186
0.5990627,0.60039186
0.5990777,0.5541601
0.5990927,0.5541601
0.59910774,0.5541601
0.59912276,0.5541601
0.5991378,0.5541601
0.5991528,0.50792885
0.5991678,0.50792885
0.59918284,0.50792885
0.59919786,0.50792885
0.5992129,0.46169758
0.5992279,0.46169758
0.5992429,0.46169758
0.59925795,0.46169758
0.59927297,0.46169758
0.599288,0.4154663
0.599303,0.4154663
0.599318,0.4154663
0.59933305,0.4154663
0.59934807,0.36923456
0.5993631,0.36923456
0.5993781,0.36923456
0.5993931,0.36923456
0.59940815,0.36923456
0.59942317,0.3230033
0.5994382,0.3230033
0.5994532,0.3230033
0.59946823,0.3230033
0.59948325,0.27677202
0.5994983,0.27677202
0.5995133,0.27677202
0.5995283,0.27677202
0.59954333,0.23054075
0.59955835,0.23054075
0.5995734,0.23054075
0.5995884,0.23054075
0.5996034,0.23054075
0.59961843,0.184309
0.5996335,0.184309
0.59964854,0.184309
0.59966356,0.184309
0.5996786,0.13807821
0.5996936,0.13807821
0.5997086,0.13807821
0.59972364,0.13807821
0.59973866,0.13807821
0.5997537,0.091846466
0.5997687,0.091846466
0.5997837,0.091846466
0.59979874,0.091846466
0.59981376,0.045615196
0.5998288,0.045615196
0.5998438,0.045615196
0.5998588,0.045615196
0.59987384,0.045615196
0.59988886,-6.160736E-4
0.5999039,-6.160736E-4
0.5999189,-6.160736E-4
0.5999339,-6.160736E-4
0.59994894,-0.046847343
0.59996396,-0.046847343
0.599979,-0.046847343
0.599994,-0.046847343
0.600009,-0.09307861
0.60002404,-0.09307861
0.60003906,-0.09307861
0.6000541,-0.09307861
0.6000691,-0.09307861
0.6000841,-0.13931036
0.60009915,-0.13931036
0.60011417,-0.13931036
0.6001292,-0.13931036
0.6001442,-0.18554163
0.6001592,-0.18554163
0.60017425,-0.18554163
0.60018927,-0.18554163
0.6002043,-0.18554163
0.6002193,-0.2317729
0.6002343,-0.2317729
0.60024935,-0.2317729
0.6002644,-0.2317729
0.6002794,-0.27800417
0.6002944,-0.27800417
0.60030943,-0.27800417
0.60032445,-0.27800417
0.6003395,-0.27800417
0.6003545,-0.32423592
0.6003695,-0.32423592
0.60038453,-0.32423592
0.60039955,-0.32423592
0.6004146,-0.3704667
0.6004296,-0.3704667
0.6004446,-0.3704667
0.60045964,-0.3704667
0.60047466,-0.3704667
0.6004897,-0.41669846
0.6005047,-0.41669846
0.6005197,-0.41669846
0.60053474,-0.41669846
0.60054976,-0.46292973
0.6005648,-0.46292973
0.6005798,-0.46292973
0.6005948,-0.46292973
0.60060984,-0.46292973
0.60062486,-0.5091615
0.6006399,-0.5091615
0.6006549,-0.5091615
0.6006699,-0.5091615
0.60068494,-0.5091615
0.60069996,-0.55539227
0.600715,-0.55539227
0.60073,-0.55539227
0.600745,-0.55539227
0.60076004,-0.601624
0.60077506,-0.601624
0.6007901,-0.601624
0.6008051,-0.601624
0.6008201,-0.601624
0.60083514,-0.6478553
0.60085016,-0.6478553
0.6008652,-0.6478553
0.6008802,-0.6478553
0.6008952,-0.6478553
0.60091025,-0.694087
0.60092527,-0.694087
0.6009403,-0.694087
0.6009553,-0.694087
0.6009703,-0.7403178
0.60098535,-0.7403178
0.60100037,-0.7403178
0.6010154,-0.7403178
0.6010304,-0.7403178
0.6010454,-0.78654957
0.60106045,-0.78654957
0.6010755,-0.78654957
0.6010905,-0.78654957
0.6011055,-0.83278084
0.60112053,-0.83278084
0.60113555,-0.83278084
0.6011506,-0.83278084
0.6011656,-0.83278084
0.6011806,-0.8790121
0.60119563,-0.8790121
0.60121065,-0.8790121
0.6012257,-0.8790121
0.6012407,-0.8790121
0.6012557,-0.9252434
0.60127074,-0.9252434
0.60128576,-0.9252434
0.6013008,-0.9252434
0.6013158,-0.9252434
0.6013308,-0.9714751
0.60134584,-0.9714751
0.60136086,-0.9714751
0.6013759,-0.9714751
0.60139096,-1.0177064
0.601406,-1.0177064
0.601421,-1.0177064
0.601436,-1.0177064
0.60145104,-1.0177064
0.60146606,-1.0639377
0.6014811,-1.0639377
0.6014961,-1.0639377
0.6015111,-1.0639377
0.60152614,-1.0639377
0.60154116,-1.1101689
0.6015562,-1.1101689
0.6015712,-1.1101689
0.6015862,-1.1101689
0.60160124,-1.1564007
0.60161626,-1.1564007
0.6016313,-1.1564007
0.6016463,-1.1564007
0.6016613,-1.1564007
0.60167634,-1.202632
0.60169137,-1.202632
0.6017064,-1.202632
0.6017214,-1.202632
0.6017364,-1.202632
0.60175145,-1.2488632
0.60176647,-1.2488632
0.6017815,-1.2488632
0.6017965,-1.2488632
0.6018115,-1.2488632
0.60182655,-1.2950945
0.60184157,-1.2950945
0.6018566,-1.2950945
0.6018716,-1.2950945
0.60188663,-1.2950945
0.60190165,-1.3413262
0.6019167,-1.3413262
0.6019317,-1.3413262
0.6019467,-1.3413262
0.60196173,-1.3413262
0.60197675,-1.387557
0.6019918,-1.387557
0.6020068,-1.387557
0.6020218,-1.387557
0.60203683,-1.387557
0.60205185,-1.4337888
0.6020669,-1.4337888
0.6020819,-1.4337888
0.6020969,-1.4337888
0.60211194,-1.48002
0.60212696,-1.48002
0.602142,-1.48002
0.602157,-1.48002
0.602172,-1.48002
0.60218704,-1.48002
0.60220206,-1.48002
0.6022171,-1.48002
0.6022321,-1.5262513
0.6022471,-1.5262513
0.60226214,-1.5262513
0.60227716,-1.5262513
0.6022922,-1.5262513
0.6023072,-1.5724826
0.6023222,-1.5724826
0.60233724,-1.5724826
0.60235226,-1.5724826
0.6023673,-1.5724826
0.6023823,-1.6187139
0.6023973,-1.6187139
0.60241234,-1.6187139
0.60242736,-1.6187139
0.6024424,-1.6187139
0.6024574,-1.6187139
0.6024724,-1.6187139
0.60248744,-1.6187139
0.60250247,-1.6187139
0.6025175,-1.5724826
0.6025325,-1.5724826
0.6025475,-1.5724826
0.60256255,-1.5724826
0.60257757,-1.5262513
0.6025926,-1.5262513
0.6026076,-1.5262513
0.6026226,-1.5262513
0.60263765,-1.48002
0.60265267,-1.48002
0.6026677,-1.48002
0.6026827,-1.48002
0.60269773,-1.48002
0.60271275,-1.48002
0.6027278,-1.48002
0.6027428,-1.48002
0.6027578,-1.4337888
0.60277283,-1.4337888
0.60278785,-1.4337888
0.6028029,-1.4337888
0.6028179,-1.387557
0.6028329,-1.387557
0.60284793,-1.387557
0.60286295,-1.387557
0.602878,-1.387557
0.602893,-1.3413262
0.602908,-1.3413262
0.60292304,-1.3413262
0.60293806,-1.3413262
0.6029531,-1.3413262
0.6029681,-1.2950945
0.6029831,-1.2950945
0.60299814,-1.2950945
0.60301316,-1.2950945
0.6030282,-1.2488632
0.6030432,-1.2488632
0.6030582,-1.2488632
0.60307324,-1.2488632
0.60308826,-1.2488632
0.6031033,-1.202632
0.6031183,-1.202632
0.6031333,-1.202632
0.6031484,-1.202632
0.6031634,-1.1564007
0.60317844,-1.1564007
0.60319346,-1.1564007
0.6032085,-1.1564007
0.6032235,-1.1564007
0.6032385,-1.1101689
0.60325354,-1.1101689
0.60326856,-1.1101689
0.6032836,-1.1101689
0.6032986,-1.1101689
0.6033136,-1.0639377
0.60332865,-1.0639377
0.60334367,-1.0639377
0.6033587,-1.0639377
0.6033737,-1.0177064
0.6033887,-1.0177064
0.60340375,-1.0177064
0.60341877,-1.0177064
0.6034338,-1.0177064
0.6034488,-0.9714751
0.6034638,-0.9714751
0.60347885,-0.9714751
0.60349387,-0.9714751
0.6035089,-0.9714751
0.6035239,-0.9252434
0.60353893,-0.9252434
0.60355395,-0.9252434
0.603569,-0.9252434
0.603584,-0.8790121
0.603599,-0.8790121
0.60361403,-0.8790121
0.60362905,-0.8790121
0.6036441,-0.8790121
0.6036591,-0.83278084
0.6036741,-0.83278084
0.60368913,-0.83278084
0.60370415,-0.83278084
0.6037192,-0.83278084
0.6037342,-0.78654957
0.6037492,-0.78654957
0.60376424,-0.78654957
0.60377926,-0.78654957
0.6037943,-0.7403178
0.6038093,-0.7403178
0.6038243,-0.7403178
0.60383934,-0.7403178
0.60385436,-0.7403178
0.6038694,-0.694087
0.6038844,-0.694087
0.6038994,-0.694087
0.60391444,-0.694087
0.60392946,-0.694087
0.6039445,-0.6478553
0.6039595,-0.6478553
0.6039745,-0.6478553
0.60398954,-0.6478553
0.60400456,-0.601624
0.6040196,-0.601624
0.6040346,-0.601624
0.6040496,-0.601624
0.60406464,-0.601624
0.60407966,-0.55539227
0.6040947,-0.55539227
0.6041097,-0.55539227
0.6041247,-0.55539227
0.60413975,-0.55539227
0.60415477,-0.5091615
0.6041698,-0.5091615
0.6041848,-0.5091615
0.6041998,-0.5091615
0.60421485,-0.46292973
0.60422987,-0.46292973
0.6042449,-0.46292973
0.6042599,-0.46292973
0.6042749,-0.46292973
0.60428995,-0.41669846
0.60430497,-0.41669846
0.60432,-0.41669846
0.604335,-0.41669846
0.60435003,-0.41669846
0.60436505,-0.3704667
0.6043801,-0.3704667
0.6043951,-0.3704667
0.6044101,-0.3704667
0.60442513,-0.32423592
0.60444015,-0.32423592
0.6044552,-0.32423592
0.6044702,-0.32423592
0.6044852,-0.32423592
0.60450023,-0.27800417
0.60451525,-0.27800417
0.6045303,-0.27800417
0.6045453,-0.27800417
0.6045603,-0.27800417
0.60457534,-0.2317729
0.60459036,-0.2317729
0.6046054,-0.2317729
0.6046204,-0.2317729
0.6046354,-0.18554163
0.60465044,-0.18554163
0.60466546,-0.18554163
0.6046805,-0.18554163
0.6046955,-0.18554163
0.6047105,-0.13931036
0.60472554,-0.13931036
0.60474056,-0.13931036
0.6047556,-0.13931036
0.6047706,-0.13931036
0.6047856,-0.09307861
0.60480064,-0.09307861
0.60481566,-0.09307861
0.6048307,-0.09307861
0.6048457,-0.046847343
0.6048607,-0.046847343
0.60487574,-0.046847343
0.60489076,-0.046847343
0.6049058,-0.046847343
0.60492086,-6.160736E-4
0.6049359,-6.160736E-4
0.6049509,-6.160736E-4
0.6049659,-6.160736E-4
0.60498095,0.045615196
0.60499597,0.045615196
0.605011,0.045615196
0.605026,0.045615196
0.605041,0.045615196
0.60505605,0.091846466
0.60507107,0.091846466
0.6050861,0.091846466
0.6051011,0.091846466
0.6051161,0.091846466
0.60513115,0.13807821
0.60514617,0.13807821
0.6051612,0.13807821
0.6051762,0.13807821
0.60519123,0.184309
0.60520625,0.184309
0.6052213,0.184309
0.6052363,0.184309
0.6052513,0.184309
0.60526633,0.23054075
0.60528135,0.23054075
0.6052964,0.23054075
0.6053114,0.23054075
0.6053264,0.23054075
0.60534143,0.27677202
0.60535645,0.27677202
0.6053715,0.27677202
0.6053865,0.27677202
0.6054015,0.3230033
0.60541654,0.3230033
0.60543156,0.3230033
0.6054466,0.3230033
0.6054616,0.3230033
0.6054766,0.36923456
0.60549164,0.36923456
0.60550666,0.36923456
0.6055217,0.36923456
0.6055367,0.36923456
0.6055517,0.4154663
0.60556674,0.4154663
0.60558176,0.4154663
0.6055968,0.4154663
0.6056118,0.4154663
0.6056268,0.46169758
0.60564184,0.46169758
0.60565686,0.46169758
0.6056719,0.46169758
0.6056869,0.50792885
0.6057019,0.50792885
0.60571694,0.50792885
0.60573196,0.50792885
0.605747,0.50792885
0.605762,0.5541601
0.605777,0.5541601
0.60579205,0.5541601
0.60580707,0.5541601
0.6058221,0.5541601
0.6058371,0.60039186
0.6058521,0.60039186
0.60586715,0.60039186
0.60588217,0.60039186
0.6058972,0.60039186
0.6059122,0.64662313
0.6059272,0.64662313
0.60594225,0.64662313
0.60595727,0.64662313
0.6059723,0.6928544
0.6059873,0.6928544
0.60600233,0.6928544
0.60601735,0.6928544
0.6060324,0.6928544
0.6060474,0.7390857
0.6060624,0.7390857
0.60607743,0.7390857
0.60609245,0.7390857
0.6061075,0.7390857
0.6061225,0.7853174
0.6061375,0.7853174
0.60615253,0.7853174
0.60616755,0.7853174
0.6061826,0.7853174
0.6061976,0.8315482
0.6062126,0.8315482
0.60622764,0.8315482
0.60624266,0.8315482
0.6062577,0.8315482
0.6062727,0.87777996
0.6062877,0.87777996
0.60630274,0.87777996
0.60631776,0.87777996
0.6063328,0.87777996
0.6063478,0.92401123
0.6063628,0.92401123
0.60637784,0.92401123
0.60639286,0.92401123
0.6064079,0.970243
0.6064229,0.970243
0.6064379,0.970243
0.60645294,0.970243
0.60646796,0.970243
0.606483,1.0164738
0.606498,1.0164738
0.606513,1.0164738
0.60652804,1.0164738
0.60654306,1.0164738
0.6065581,1.0627055
0.6065731,1.0627055
0.6065881,1.0627055
0.60660315,1.0627055
0.60661817,1.0627055
0.6066332,1.1089368
0.6066482,1.1089368
0.6066632,1.1089368
0.6066783,1.1089368
0.6066933,1.1089368
0.60670835,1.1551685
0.60672337,1.1551685
0.6067384,1.1551685
0.6067534,1.1551685
0.6067684,1.1551685
0.60678345,1.2013993
0.60679847,1.2013993
0.6068135,1.2013993
0.6068285,1.2013993
0.60684353,1.2476311
0.60685855,1.2476311
0.6068736,1.2476311
0.6068886,1.2476311
0.6069036,1.2476311
0.60691863,1.2476311
0.60693365,1.2938623
0.6069487,1.2938623
0.6069637,1.2938623
0.6069787,1.2938623
0.60699373,1.2938623
0.60700876,1.3400936
0.6070238,1.3400936
0.6070388,1.3400936
0.6070538,1.3400936
0.60706884,1.3863249
0.60708386,1.3863249
0.6070989,1.3863249
0.6071139,1.3863249
0.6071289,1.3863249
0.60714394,1.3863249
0.60715896,1.4325566
0.607174,1.4325566
0.607189,1.4325566
0.607204,1.4325566
0.60721904,1.4325566
0.60723406,1.4787879
0.6072491,1.4787879
0.6072641,1.4787879
0.6072791,1.4787879
0.60729414,1.4787879
0.60730916,1.4787879
0.6073242,1.4787879
0.6073392,1.5250192
0.6073542,1.5250192
0.60736924,1.5250192
0.60738426,1.5250192
0.6073993,1.5250192
0.6074143,1.5712504
0.6074293,1.5712504
0.60744435,1.5712504
0.60745937,1.5712504
0.6074744,1.5712504
0.6074894,1.5712504
0.6075044,1.6174817
0.60751945,1.6174817
0.60753447,1.6174817
0.6075495,1.6174817
0.6075645,1.6637135
0.6075795,1.6637135
0.60759455,1.6637135
0.60760957,1.6637135
0.6076246,1.6637135
0.6076396,1.6637135
0.60765463,1.7099442
0.60766965,1.7099442
0.6076847,1.7099442
0.6076997,1.7099442
0.6077147,1.7099442
0.60772973,1.756176
0.60774475,1.756176
0.6077598,1.756176
0.6077748,1.756176
0.6077898,1.756176
0.60780483,1.756176
0.60781986,1.756176
0.6078349,1.7099442
0.6078499,1.7099442
0.6078649,1.7099442
0.60787994,1.7099442
0.60789496,1.6637135
0.60791,1.6637135
0.607925,1.6637135
0.60794,1.6637135
0.60795504,1.6174817
0.60797006,1.6174817
0.6079851,1.6174817
0.6080001,1.6174817
0.6080151,1.6174817
0.60803014,1.5712504
0.60804516,1.5712504
0.6080602,1.5712504
0.6080752,1.5712504
0.6080902,1.5250192
0.60810524,1.5250192
0.60812026,1.5250192
0.6081353,1.5250192
0.6081503,1.5250192
0.6081653,1.4787879
0.60818034,1.4787879
0.60819536,1.4787879
0.6082104,1.4787879
0.6082254,1.4787879
0.6082404,1.4787879
0.60825545,1.4325566
0.60827047,1.4325566
0.6082855,1.4325566
0.6083005,1.4325566
0.6083155,1.4325566
0.60833055,1.3863249
0.60834557,1.3863249
0.6083606,1.3863249
0.6083756,1.3863249
0.6083906,1.3400936
0.60840565,1.3400936
0.60842067,1.3400936
0.60843575,1.3400936
0.6084508,1.3400936
0.6084658,1.2938623
0.6084808,1.2938623
0.60849583,1.2938623
0.60851085,1.2938623
0.6085259,1.2476311
0.6085409,1.2476311
0.6085559,1.2476311
0.60857093,1.2476311
0.60858595,1.2013993
0.608601,1.2013993
0.608616,1.2013993
0.608631,1.2013993
0.60864604,1.2013993
0.60866106,1.1551685
0.6086761,1.1551685
0.6086911,1.1551685
0.6087061,1.1551685
0.60872114,1.1089368
0.60873616,1.1089368
0.6087512,1.1089368
0.6087662,1.1089368
0.6087812,1.0627055
0.60879624,1.0627055
0.60881126,1.0627055
0.6088263,1.0627055
0.6088413,1.0627055
0.6088563,1.0164738
0.60887134,1.0164738
0.60888636,1.0164738
0.6089014,1.0164738
0.6089164,0.970243
0.6089314,0.970243
0.60894644,0.970243
0.60896146,0.970243
0.6089765,0.970243
0.6089915,0.92401123
0.6090065,0.92401123
0.60902154,0.92401123
0.60903656,0.92401123
0.6090516,0.87777996
0.6090666,0.87777996
0.6090816,0.87777996
0.60909665,0.87777996
0.60911167,0.87777996
0.6091267,0.8315482
0.6091417,0.8315482
0.6091567,0.8315482
0.60917175,0.8315482
0.60918677,0.7853174
0.6092018,0.7853174
0.6092168,0.7853174
0.6092318,0.7853174
0.60924685,0.7390857
0.6092619,0.7390857
0.6092769,0.7390857
0.6092919,0.7390857
0.60930693,0.7390857
0.60932195,0.6928544
0.609337,0.6928544
0.609352,0.6928544
0.609367,0.6928544
0.60938203,0.64662313
0.60939705,0.64662313
0.6094121,0.64662313
0.6094271,0.64662313
0.6094421,0.64662313
0.60945714,0.60039186
0.60947216,0.60039186
0.6094872,0.60039186
0.6095022,0.60039186
0.6095172,0.5541601
0.60953224,0.5541601
0.60954726,0.5541601
0.6095623,0.5541601
0.6095773,0.5541601
0.6095923,0.50792885
0.60960734,0.50792885
0.60962236,0.50792885
0.6096374,0.50792885
0.6096524,0.46169758
0.6096674,0.46169758
0.60968244,0.46169758
0.60969746,0.46169758
0.6097125,0.4154663
0.6097275,0.4154663
0.6097425,0.4154663
0.60975754,0.4154663
0.60977256,0.4154663
0.6097876,0.36923456
0.6098026,0.36923456
0.6098176,0.36923456
0.60983264,0.36923456
0.60984766,0.3230033
0.6098627,0.3230033
0.6098777,0.3230033
0.6098927,0.3230033
0.60990775,0.27677202
0.60992277,0.27677202
0.6099378,0.27677202
0.6099528,0.27677202
0.6099678,0.27677202
0.60998285,0.23054075
0.60999787,0.23054075
0.6100129,0.23054075
0.6100279,0.23054075
0.6100429,0.184309
0.61005795,0.184309
0.610073,0.184309
0.610088,0.184309
0.610103,0.184309
0.61011803,0.13807821
0.61013305,0.13807821
0.6101481,0.13807821
0.6101631,0.13807821
0.6101781,0.091846466
0.6101932,0.091846466
0.6102082,0.091846466
0.61022323,0.091846466
0.61023825,0.091846466
0.6102533,0.045615196
0.6102683,0.045615196
0.6102833,0.045615196
0.61029834,0.045615196
0.61031336,-6.160736E-4
0.6103284,-6.160736E-4
0.6103434,-6.160736E-4
0.6103584,-6.160736E-4
0.61037344,-0.046847343
0.61038846,-0.046847343
0.6104035,-0.046847343
0.6104185,-0.046847343
0.6104335,-0.046847343
0.61044854,-0.09307861
0.61046356,-0.09307861
0.6104786,-0.09307861
0.6104936,-0.09307861
0.6105086,-0.13931036
0.61052364,-0.13931036
0.61053866,-0.13931036
0.6105537,-0.13931036
0.6105687,-0.13931036
0.6105837,-0.18554163
0.61059874,-0.18554163
0.61061376,-0.18554163
0.6106288,-0.18554163
0.6106438,-0.2317729
0.6106588,-0.2317729
0.61067384,-0.2317729
0.61068887,-0.2317729
0.6107039,-0.2317729
0.6107189,-0.27800417
0.6107339,-0.27800417
0.61074895,-0.27800417
0.61076397,-0.27800417
0.610779,-0.32423592
0.610794,-0.32423592
0.610809,-0.32423592
0.61082405,-0.32423592
0.61083907,-0.32423592
0.6108541,-0.3704667
0.6108691,-0.3704667
0.61088413,-0.3704667
0.61089915,-0.3704667
0.6109142,-0.41669846
0.6109292,-0.41669846
0.6109442,-0.41669846
0.61095923,-0.41669846
0.61097425,-0.41669846
0.6109893,-0.46292973
0.6110043,-0.46292973
0.6110193,-0.46292973
0.61103433,-0.46292973
0.61104935,-0.46292973
0.6110644,-0.5091615
0.6110794,-0.5091615
0.6110944,-0.5091615
0.61110944,-0.5091615
0.61112446,-0.55539227
0.6111395,-0.55539227
0.6111545,-0.55539227
0.6111695,-0.55539227
0.61118454,-0.55539227
0.61119956,-0.601624
0.6112146,-0.601624
0.6112296,-0.601624
0.6112446,-0.601624
0.61125964,-0.6478553
0.61127466,-0.6478553
0.6112897,-0.6478553
0.6113047,-0.6478553
0.6113197,-0.6478553
0.61133474,-0.694087
0.61134976,-0.694087
0.6113648,-0.694087
0.6113798,-0.694087
0.6113948,-0.694087
0.61140984,-0.7403178
0.61142486,-0.7403178
0.6114399,-0.7403178
0.6114549,-0.7403178
0.6114699,-0.78654957
0.61148494,-0.78654957
0.61149997,-0.78654957
0.611515,-0.78654957
0.61153,-0.78654957
0.611545,-0.83278084
0.61156005,-0.83278084
0.61157507,-0.83278084
0.6115901,-0.83278084
0.6116051,-0.83278084
0.6116201,-0.8790121
0.61163515,-0.8790121
0.61165017,-0.8790121
0.6116652,-0.8790121
0.6116802,-0.8790121
0.61169523,-0.9252434
0.61171025,-0.9252434
0.6117253,-0.9252434
0.6117403,-0.9252434
0.6117553,-0.9714751
0.61177033,-0.9714751
0.61178535,-0.9714751
0.6118004,-0.9714751
0.6118154,-0.9714751
0.6118304,-1.0177064
0.61184543,-1.0177064
0.61186045,-1.0177064
0.6118755,-1.0177064
0.6118905,-1.0177064
0.6119055,-1.0639377
0.61192054,-1.0639377
0.61193556,-1.0639377
0.6119506,-1.0639377
0.61196566,-1.0639377
0.6119807,-1.1101689
0.6119957,-1.1101689
0.6120107,-1.1101689
0.61202574,-1.1101689
0.61204076,-1.1564007
0.6120558,-1.1564007
0.6120708,-1.1564007
0.6120858,-1.1564007
0.61210084,-1.1564007
0.61211586,-1.202632
0.6121309,-1.202632
0.6121459,-1.202632
0.6121609,-1.202632
0.61217594,-1.202632
0.61219096,-1.2488632
0.612206,-1.2488632
0.612221,-1.2488632
0.612236,-1.2488632
0.61225104,-1.2488632
0.61226606,-1.2950945
0.6122811,-1.2950945
0.6122961,-1.2950945
0.6123111,-1.2950945
0.61232615,-1.3413262
0.61234117,-1.3413262
0.6123562,-1.3413262
0.6123712,-1.3413262
0.6123862,-1.3413262
0.61240125,-1.387557
0.61241627,-1.387557
0.6124313,-1.387557
0.6124463,-1.387557
0.6124613,-1.387557
0.61247635,-1.4337888
0.61249137,-1.4337888
0.6125064,-1.4337888
0.6125214,-1.4337888
0.61253643,-1.4337888
0.61255145,-1.48002
0.6125665,-1.48002
0.6125815,-1.48002
0.6125965,-1.48002
0.61261153,-1.48002
0.61262655,-1.48002
0.6126416,-1.48002
0.6126566,-1.48002
0.6126716,-1.5262513
0.61268663,-1.5262513
0.61270165,-1.5262513
0.6127167,-1.5262513
0.6127317,-1.5262513
0.6127467,-1.5724826
0.61276174,-1.5724826
0.61277676,-1.5724826
0.6127918,-1.5724826
0.6128068,-1.5724826
0.6128218,-1.6187139
0.61283684,-1.6187139
0.61285186,-1.6187139
0.6128669,-1.6187139
0.6128819,-1.6187139
0.6128969,-1.6187139
0.61291194,-1.6187139
0.61292696,-1.6187139
0.612942,-1.5724826
0.612957,-1.5724826
0.612972,-1.5724826
0.61298704,-1.5724826
0.61300206,-1.5262513
0.6130171,-1.5262513
0.6130321,-1.5262513
0.6130471,-1.5262513
0.61306214,-1.5262513
0.61307716,-1.48002
0.6130922,-1.48002
0.6131072,-1.48002
0.6131222,-1.48002
0.61313725,-1.48002
0.61315227,-1.48002
0.6131673,-1.48002
0.6131823,-1.4337888
0.6131973,-1.4337888
0.61321235,-1.4337888
0.61322737,-1.4337888
0.6132424,-1.4337888
0.6132574,-1.387557
0.6132724,-1.387557
0.61328745,-1.387557
0.61330247,-1.387557
0.6133175,-1.387557
0.6133325,-1.3413262
0.61334753,-1.3413262
0.61336255,-1.3413262
0.6133776,-1.3413262
0.6133926,-1.2950945
0.6134076,-1.2950945
0.61342263,-1.2950945
0.61343765,-1.2950945
0.6134527,-1.2950945
0.6134677,-1.2488632
0.6134827,-1.2488632
0.61349773,-1.2488632
0.61351275,-1.2488632
0.6135278,-1.202632
0.6135428,-1.202632
0.6135578,-1.202632
0.61357284,-1.202632
0.61358786,-1.202632
0.6136029,-1.1564007
0.6136179,-1.1564007
0.6136329,-1.1564007
0.61364794,-1.1564007
0.61366296,-1.1564007
0.613678,-1.1101689
0.613693,-1.1101689
0.613708,-1.1101689
0.6137231,-1.1101689
0.6137381,-1.1101689
0.61375314,-1.0639377
0.61376816,-1.0639377
0.6137832,-1.0639377
0.6137982,-1.0639377
0.6138132,-1.0177064
0.61382824,-1.0177064
0.61384326,-1.0177064
0.6138583,-1.0177064
0.6138733,-1.0177064
0.6138883,-0.9714751
0.61390334,-0.9714751
0.61391836,-0.9714751
0.6139334,-0.9714751
0.6139484,-0.9252434
0.6139634,-0.9252434
0.61397845,-0.9252434
0.61399347,-0.9252434
0.6140085,-0.9252434
0.6140235,-0.8790121
0.6140385,-0.8790121
0.61405355,-0.8790121
0.61406857,-0.8790121
0.6140836,-0.8790121
0.6140986,-0.83278084
0.6141136,-0.83278084
0.61412865,-0.83278084
0.61414367,-0.83278084
0.6141587,-0.78654957
0.6141737,-0.78654957
0.61418873,-0.78654957
0.61420375,-0.78654957
0.6142188,-0.78654957
0.6142338,-0.7403178
0.6142488,-0.7403178
0.61426383,-0.7403178
0.61427885,-0.7403178
0.6142939,-0.7403178
0.6143089,-0.694087
0.6143239,-0.694087
0.61433893,-0.694087
0.61435395,-0.694087
0.614369,-0.6478553
0.614384,-0.6478553
0.614399,-0.6478553
0.61441404,-0.6478553
0.61442906,-0.6478553
0.6144441,-0.601624
0.6144591,-0.601624
0.6144741,-0.601624
0.61448914,-0.601624
0.61450416,-0.601624
0.6145192,-0.55539227
0.6145342,-0.55539227
0.6145492,-0.55539227
0.61456424,-0.55539227
0.61457926,-0.5091615
0.6145943,-0.5091615
0.6146093,-0.5091615
0.6146243,-0.5091615
0.61463934,-0.5091615
0.61465436,-0.46292973
0.6146694,-0.46292973
0.6146844,-0.46292973
0.6146994,-0.46292973
0.61471444,-0.46292973
0.61472946,-0.41669846
0.6147445,-0.41669846
0.6147595,-0.41669846
0.6147745,-0.41669846
0.61478955,-0.3704667
0.61480457,-0.3704667
0.6148196,-0.3704667
0.6148346,-0.3704667
0.6148496,-0.3704667
0.61486465,-0.32423592
0.61487967,-0.32423592
0.6148947,-0.32423592
0.6149097,-0.32423592
0.6149247,-0.32423592
0.61493975,-0.27800417
0.61495477,-0.27800417
0.6149698,-0.27800417
0.6149848,-0.27800417
0.61499983,-0.2317729
0.61501485,-0.2317729
0.6150299,-0.2317729
0.6150449,-0.2317729
0.6150599,-0.2317729
0.61507493,-0.18554163
0.61508995,-0.18554163
0.615105,-0.18554163
0.61512,-0.18554163
0.615135,-0.13931036
0.61515003,-0.13931036
0.61516505,-0.13931036
0.6151801,-0.13931036
0.6151951,-0.13931036
0.6152101,-0.09307861
0.61522514,-0.09307861
0.61524016,-0.09307861
0.6152552,-0.09307861
0.6152702,-0.09307861
0.6152852,-0.046847343
0.61530024,-0.046847343
0.61531526,-0.046847343
0.6153303,-0.046847343
0.6153453,-6.160736E-4
0.6153603,-6.160736E-4
0.61537534,-6.160736E-4
0.61539036,-6.160736E-4
0.6154054,-6.160736E-4
0.6154204,0.045615196
0.6154354,0.045615196
0.61545044,0.045615196
0.61546546,0.045615196
0.61548054,0.091846466
0.61549556,0.091846466
0.6155106,0.091846466
0.6155256,0.091846466
0.6155406,0.091846466
0.61555564,0.13807821
0.61557066,0.13807821
0.6155857,0.13807821
0.6156007,0.13807821
0.6156157,0.13807821
0.61563075,0.184309
0.61564577,0.184309
0.6156608,0.184309
0.6156758,0.184309
0.6156908,0.184309
0.61570585,0.23054075
0.61572087,0.23054075
0.6157359,0.23054075
0.6157509,0.23054075
0.6157659,0.27677202
0.61578095,0.27677202
0.61579597,0.27677202
0.615811,0.27677202
0.615826,0.27677202
0.61584103,0.3230033
0.61585605,0.3230033
0.6158711,0.3230033
0.6158861,0.3230033
0.6159011,0.3230033
0.61591613,0.36923456
0.61593115,0.36923456
0.6159462,0.36923456
0.6159612,0.36923456
0.6159762,0.4154663
0.61599123,0.4154663
0.61600626,0.4154663
0.6160213,0.4154663
0.6160363,0.4154663
0.6160513,0.46169758
0.61606634,0.46169758
0.61608136,0.46169758
0.6160964,0.46169758
0.6161114,0.46169758
0.6161264,0.50792885
0.61614144,0.50792885
0.61615646,0.50792885
0.6161715,0.50792885
0.6161865,0.50792885
0.6162015,0.5541601
0.61621654,0.5541601
0.61623156,0.5541601
0.6162466,0.5541601
0.6162616,0.60039186
0.6162766,0.60039186
0.61629164,0.60039186
0.61630666,0.60039186
0.6163217,0.60039186
0.6163367,0.64662313
0.6163517,0.64662313
0.61636674,0.64662313
0.61638176,0.64662313
0.6163968,0.64662313
0.6164118,0.6928544
0.6164268,0.6928544
0.61644185,0.6928544
0.61645687,0.6928544
0.6164719,0.6928544
0.6164869,0.7390857
0.6165019,0.7390857
0.61651695,0.7390857
0.61653197,0.7390857
0.616547,0.7390857
0.616562,0.7853174
0.616577,0.7853174
0.61659205,0.7853174
0.61660707,0.7853174
0.6166221,0.7853174
0.6166371,0.8315482
0.61665213,0.8315482
0.61666715,0.8315482
0.6166822,0.8315482
0.6166972,0.87777996
0.6167122,0.87777996
0.61672723,0.87777996
0.61674225,0.87777996
0.6167573,0.87777996
0.6167723,0.92401123
0.6167873,0.92401123
0.61680233,0.92401123
0.61681736,0.92401123
0.6168324,0.92401123
0.6168474,0.970243
0.6168624,0.970243
0.61687744,0.970243
0.61689246,0.970243
0.6169075,0.970243
0.6169225,1.0164738
0.6169375,1.0164738
0.61695254,1.0164738
0.61696756,1.0164738
0.6169826,1.0164738
0.6169976,1.0627055
0.6170126,1.0627055
0.61702764,1.0627055
0.61704266,1.0627055
0.6170577,1.0627055
0.6170727,1.1089368
0.6170877,1.1089368
0.61710274,1.1089368
0.61711776,1.1089368
0.6171328,1.1551685
0.6171478,1.1551685
0.6171628,1.1551685
0.61717784,1.1551685
0.61719286,1.1551685
0.6172079,1.1551685
0.6172229,1.2013993
0.617238,1.2013993
0.617253,1.2013993
0.617268,1.2013993
0.61728305,1.2476311
0.61729807,1.2476311
0.6173131,1.2476311
0.6173281,1.2476311
0.6173431,1.2476311
0.61735815,1.2938623
0.61737317,1.2938623
0.6173882,1.2938623
0.6174032,1.2938623
0.6174182,1.2938623
0.61743325,1.3400936
0.6174483,1.3400936
0.6174633,1.3400936
0.6174783,1.3400936
0.61749333,1.3400936
0.61750835,1.3863249
0.6175234,1.3863249
0.6175384,1.3863249
0.6175534,1.3863249
0.61756843,1.3863249
0.61758345,1.4325566
0.6175985,1.4325566
0.6176135,1.4325566
0.6176285,1.4325566
0.61764354,1.4325566
0.61765856,1.4787879
0.6176736,1.4787879
0.6176886,1.4787879
0.6177036,1.4787879
0.61771864,1.4787879
0.61773366,1.4787879
0.6177487,1.4787879
0.6177637,1.4787879
0.6177787,1.5250192
0.61779374,1.5250192
0.61780876,1.5250192
0.6178238,1.5250192
0.6178388,1.5250192
0.6178538,1.5712504
0.61786884,1.5712504
0.61788386,1.5712504
0.6178989,1.5712504
0.6179139,1.5712504
0.6179289,1.6174817
0.61794394,1.6174817
0.61795896,1.6174817
0.617974,1.6174817
0.617989,1.6174817
0.618004,1.6637135
0.61801904,1.6637135
0.61803406,1.6637135
0.6180491,1.6637135
0.6180641,1.6637135
0.6180791,1.7099442
0.61809415,1.7099442
0.61810917,1.7099442
0.6181242,1.7099442
0.6181392,1.7099442
0.6181542,1.756176
0.61816925,1.756176
0.61818427,1.756176
0.6181993,1.756176
0.6182143,1.756176
0.6182293,1.756176
0.61824435,1.756176
0.6182594,1.756176
0.6182744,1.7099442
0.6182894,1.7099442
0.61830443,1.7099442
0.61831945,1.7099442
0.6183345,1.6637135
0.6183495,1.6637135
0.6183645,1.6637135
0.61837953,1.6637135
0.61839455,1.6174817
0.6184096,1.6174817
0.6184246,1.6174817
0.6184396,1.6174817
0.61845464,1.5712504
0.61846966,1.5712504
0.6184847,1.5712504
0.6184997,1.5712504
0.6185147,1.5712504
0.61852974,1.5250192
0.61854476,1.5250192
0.6185598,1.5250192
0.6185748,1.5250192
0.6185898,1.4787879
0.61860484,1.4787879
0.61861986,1.4787879
0.6186349,1.4787879
0.6186499,1.4787879
0.6186649,1.4787879
0.61867994,1.4787879
0.61869496,1.4325566
0.61871,1.4325566
0.618725,1.4325566
0.61874,1.4325566
0.61875504,1.3863249
0.61877006,1.3863249
0.6187851,1.3863249
0.6188001,1.3863249
0.6188151,1.3863249
0.61883014,1.3400936
0.61884516,1.3400936
0.6188602,1.3400936
0.6188752,1.3400936
0.6188902,1.2938623
0.61890525,1.2938623
0.61892027,1.2938623
0.6189353,1.2938623
0.6189503,1.2938623
0.6189653,1.2476311
0.61898035,1.2476311
0.61899537,1.2476311
0.61901045,1.2476311
0.61902547,1.2013993
0.6190405,1.2013993
0.6190555,1.2013993
0.61907053,1.2013993
0.61908555,1.1551685
0.6191006,1.1551685
0.6191156,1.1551685
0.6191306,1.1551685
0.61914563,1.1551685
0.61916065,1.1089368
0.6191757,1.1089368
0.6191907,1.1089368
0.6192057,1.1089368
0.61922073,1.0627055
0.61923575,1.0627055
0.6192508,1.0627055
0.6192658,1.0627055
0.6192808,1.0164738
0.61929584,1.0164738
0.61931086,1.0164738
0.6193259,1.0164738
0.6193409,1.0164738
0.6193559,0.970243
0.61937094,0.970243
0.61938596,0.970243
0.619401,0.970243
0.619416,0.92401123
0.619431,0.92401123
0.61944604,0.92401123
0.61946106,0.92401123
0.6194761,0.92401123
0.6194911,0.87777996
0.6195061,0.87777996
0.61952114,0.87777996
0.61953616,0.87777996
0.6195512,0.8315482
0.6195662,0.8315482
0.6195812,0.8315482
0.61959624,0.8315482
0.61961126,0.7853174
0.6196263,0.7853174
0.6196413,0.7853174
0.6196563,0.7853174
0.61967134,0.7853174
0.61968637,0.7390857
0.6197014,0.7390857
0.6197164,0.7390857
0.6197314,0.7390857
0.61974645,0.7390857
0.61976147,0.6928544
0.6197765,0.6928544
0.6197915,0.6928544
0.6198065,0.6928544
0.61982155,0.64662313
0.61983657,0.64662313
0.6198516,0.64662313
0.6198666,0.64662313
0.61988163,0.60039186
0.61989665,0.60039186
0.6199117,0.60039186
0.6199267,0.60039186
0.6199417,0.60039186
0.61995673,0.5541601
0.61997175,0.5541601
0.6199868,0.5541601
0.6200018,0.5541601
0.6200168,0.50792885
0.62003183,0.50792885
0.62004685,0.50792885
0.6200619,0.50792885
0.6200769,0.50792885
0.6200919,0.46169758
0.62010694,0.46169758
0.62012196,0.46169758
0.620137,0.46169758
0.620152,0.4154663
0.620167,0.4154663
0.62018204,0.4154663
0.62019706,0.4154663
0.6202121,0.36923456
0.6202271,0.36923456
0.6202421,0.36923456
0.62025714,0.36923456
0.62027216,0.36923456
0.6202872,0.3230033
0.6203022,0.3230033
0.6203172,0.3230033
0.62033224,0.3230033
0.62034726,0.27677202
0.6203623,0.27677202
0.6203773,0.27677202
0.6203923,0.27677202
0.62040734,0.27677202
0.62042236,0.23054075
0.6204374,0.23054075
0.6204524,0.23054075
0.6204674,0.23054075
0.62048244,0.184309
0.62049747,0.184309
0.6205125,0.184309
0.6205275,0.184309
0.6205425,0.184309
0.62055755,0.13807821
0.62057257,0.13807821
0.6205876,0.13807821
0.6206026,0.13807821
0.6206176,0.091846466
0.62063265,0.091846466
0.62064767,0.091846466
0.6206627,0.091846466
0.6206777,0.045615196
0.62069273,0.045615196
0.62070775,0.045615196
0.6207228,0.045615196
0.6207378,0.045615196
0.6207528,-6.160736E-4
0.6207679,-6.160736E-4
0.6207829,-6.160736E-4
0.62079793,-6.160736E-4
0.62081295,-0.046847343
0.620828,-0.046847343
0.620843,-0.046847343
0.620858,-0.046847343
0.62087303,-0.09307861
0.62088805,-0.09307861
0.6209031,-0.09307861
0.6209181,-0.09307861
0.6209331,-0.09307861
0.62094814,-0.13931036
0.62096316,-0.13931036
0.6209782,-0.13931036
0.6209932,-0.13931036
0.6210082,-0.18554163
0.62102324,-0.18554163
0.62103826,-0.18554163
0.6210533,-0.18554163
0.6210683,-0.18554163
0.6210833,-0.2317729
0.62109834,-0.2317729
0.62111336,-0.2317729
0.6211284,-0.2317729
0.6211434,-0.27800417
0.6211584,-0.27800417
0.62117344,-0.27800417
0.62118846,-0.27800417
0.6212035,-0.27800417
0.6212185,-0.32423592
0.6212335,-0.32423592
0.62124854,-0.32423592
0.62126356,-0.32423592
0.6212786,-0.32423592
0.6212936,-0.3704667
0.6213086,-0.3704667
0.62132365,-0.3704667
0.62133867,-0.3704667
0.6213537,-0.41669846
0.6213687,-0.41669846
0.6213837,-0.41669846
0.62139875,-0.41669846
0.62141377,-0.41669846
0.6214288,-0.46292973
0.6214438,-0.46292973
0.6214588,-0.46292973
0.62147385,-0.46292973
0.62148887,-0.5091615
0.6215039,-0.5091615
0.6215189,-0.5091615
0.62153393,-0.5091615
0.62154895,-0.5091615
0.621564,-0.55539227
0.621579,-0.55539227
0.621594,-0.55539227
0.62160903,-0.55539227
0.62162405,-0.55539227
0.6216391,-0.601624
0.6216541,-0.601624
0.6216691,-0.601624
0.62168413,-0.601624
0.62169915,-0.6478553
0.6217142,-0.6478553
0.6217292,-0.6478553
0.6217442,-0.6478553
0.62175924,-0.6478553
0.62177426,-0.694087
0.6217893,-0.694087
0.6218043,-0.694087
0.6218193,-0.694087
0.62183434,-0.7403178
0.62184936,-0.7403178
0.6218644,-0.7403178
0.6218794,-0.7403178
0.6218944,-0.7403178
0.62190944,-0.78654957
0.62192446,-0.78654957
0.6219395,-0.78654957
0.6219545,-0.78654957
0.6219695,-0.78654957
0.62198454,-0.83278084
0.62199956,-0.83278084
0.6220146,-0.83278084
0.6220296,-0.83278084
0.6220446,-0.8790121
0.62205964,-0.8790121
0.62207466,-0.8790121
0.6220897,-0.8790121
0.6221047,-0.8790121
0.6221197,-0.9252434
0.62213475,-0.9252434
0.62214977,-0.9252434
0.6221648,-0.9252434
0.6221798,-0.9252434
0.6221948,-0.9714751
0.62220985,-0.9714751
0.62222487,-0.9714751
0.6222399,-0.9714751
0.6222549,-0.9714751
0.6222699,-1.0177064
0.62228495,-1.0177064
0.62229997,-1.0177064
0.622315,-1.0177064
0.62233,-1.0639377
0.62234503,-1.0639377
0.62236005,-1.0639377
0.6223751,-1.0639377
0.6223901,-1.0639377
0.6224051,-1.1101689
0.62242013,-1.1101689
0.62243515,-1.1101689
0.6224502,-1.1101689
0.6224652,-1.1101689
0.6224802,-1.1564007
0.62249523,-1.1564007
0.62251025,-1.1564007
0.62252533,-1.1564007
0.62254035,-1.1564007
0.6225554,-1.202632
0.6225704,-1.202632
0.6225854,-1.202632
0.62260044,-1.202632
0.62261546,-1.2488632
0.6226305,-1.2488632
0.6226455,-1.2488632
0.6226605,-1.2488632
0.62267554,-1.2488632
0.62269056,-1.2950945
0.6227056,-1.2950945
0.6227206,-1.2950945
0.6227356,-1.2950945
0.62275064,-1.2950945
0.62276566,-1.3413262
0.6227807,-1.3413262
0.6227957,-1.3413262
0.6228107,-1.3413262
0.62282574,-1.3413262
0.62284076,-1.387557
0.6228558,-1.387557
0.6228708,-1.387557
0.6228858,-1.387557
0.62290084,-1.387557
0.62291586,-1.4337888
0.6229309,-1.4337888
0.6229459,-1.4337888
0.6229609,-1.4337888
0.62297595,-1.4337888
0.62299097,-1.48002
0.623006,-1.48002
0.623021,-1.48002
0.623036,-1.48002
0.62305105,-1.48002
0.62306607,-1.48002
0.6230811,-1.48002
0.6230961,-1.5262513
0.6231111,-1.5262513
0.62312615,-1.5262513
0.62314117,-1.5262513
0.6231562,-1.5262513
0.6231712,-1.5724826
0.62318623,-1.5724826
0.62320125,-1.5724826
0.6232163,-1.5724826
0.6232313,-1.5724826
0.6232463,-1.6187139
0.62326133,-1.6187139
0.62327635,-1.6187139
0.6232914,-1.6187139
0.6233064,-1.6187139
0.6233214,-1.6187139
0.62333643,-1.6187139
0.62335145,-1.6187139
0.6233665,-1.6187139
0.6233815,-1.5724826
0.6233965,-1.5724826
0.62341154,-1.5724826
0.62342656,-1.5724826
0.6234416,-1.5262513
0.6234566,-1.5262513
0.6234716,-1.5262513
0.62348664,-1.5262513
0.62350166,-1.5262513
0.6235167,-1.48002
0.6235317,-1.48002
0.6235467,-1.48002
0.62356174,-1.48002
0.62357676,-1.48002
0.6235918,-1.48002
0.6236068,-1.48002
0.6236218,-1.4337888
0.62363684,-1.4337888
0.62365186,-1.4337888
0.6236669,-1.4337888
0.6236819,-1.4337888
0.6236969,-1.387557
0.62371194,-1.387557
0.62372696,-1.387557
0.623742,-1.387557
0.623757,-1.3413262
0.623772,-1.3413262
0.62378705,-1.3413262
0.62380207,-1.3413262
0.6238171,-1.3413262
0.6238321,-1.2950945
0.6238471,-1.2950945
0.62386215,-1.2950945
0.62387717,-1.2950945
0.6238922,-1.2950945
0.6239072,-1.2488632
0.6239222,-1.2488632
0.62393725,-1.2488632
0.62395227,-1.2488632
0.6239673,-1.202632
0.6239823,-1.202632
0.62399733,-1.202632
0.62401235,-1.202632
0.6240274,-1.202632
0.6240424,-1.1564007
0.6240574,-1.1564007
0.62407243,-1.1564007
0.62408745,-1.1564007
0.6241025,-1.1101689
0.6241175,-1.1101689
0.6241325,-1.1101689
0.62414753,-1.1101689
0.62416255,-1.1101689
0.6241776,-1.0639377
0.6241926,-1.0639377
0.6242076,-1.0639377
0.62422264,-1.0639377
0.62423766,-1.0639377
0.6242527,-1.0177064
0.6242677,-1.0177064
0.6242828,-1.0177064
0.6242978,-1.0177064
0.6243128,-0.9714751
0.62432784,-0.9714751
0.62434286,-0.9714751
0.6243579,-0.9714751
0.6243729,-0.9714751
0.6243879,-0.9252434
0.62440294,-0.9252434
0.62441796,-0.9252434
0.624433,-0.9252434
0.624448,-0.9252434
0.624463,-0.8790121
0.62447804,-0.8790121
0.62449306,-0.8790121
0.6245081,-0.8790121
0.6245231,-0.83278084
0.6245381,-0.83278084
0.62455314,-0.83278084
0.62456816,-0.83278084
0.6245832,-0.83278084
0.6245982,-0.78654957
0.6246132,-0.78654957
0.62462825,-0.78654957
0.62464327,-0.78654957
0.6246583,-0.78654957
0.6246733,-0.7403178
0.6246883,-0.7403178
0.62470335,-0.7403178
0.62471837,-0.7403178
0.6247334,-0.694087
0.6247484,-0.694087
0.6247634,-0.694087
0.62477845,-0.694087
0.62479347,-0.694087
0.6248085,-0.6478553
0.6248235,-0.6478553
0.62483853,-0.6478553
0.62485355,-0.6478553
0.6248686,-0.6478553
0.6248836,-0.601624
0.6248986,-0.601624
0.62491363,-0.601624
0.62492865,-0.601624
0.6249437,-0.55539227
0.6249587,-0.55539227
0.6249737,-0.55539227
0.62498873,-0.55539227
0.62500376,-0.55539227
0.6250188,-0.5091615
0.6250338,-0.5091615
0.6250488,-0.5091615
0.62506384,-0.5091615
0.62507886,-0.5091615
0.6250939,-0.46292973
0.6251089,-0.46292973
0.6251239,-0.46292973
0.62513894,-0.46292973
0.62515396,-0.41669846
0.625169,-0.41669846
0.625184,-0.41669846
0.625199,-0.41669846
0.62521404,-0.41669846
0.62522906,-0.3704667
0.6252441,-0.3704667
0.6252591,-0.3704667
0.6252741,-0.3704667
0.62528914,-0.32423592
0.62530416,-0.32423592
0.6253192,-0.32423592
0.6253342,-0.32423592
0.6253492,-0.32423592
0.62536424,-0.27800417
0.62537926,-0.27800417
0.6253943,-0.27800417
0.6254093,-0.27800417
0.6254243,-0.27800417
0.62543935,-0.2317729
0.62545437,-0.2317729
0.6254694,-0.2317729
0.6254844,-0.2317729
0.6254994,-0.2317729
0.62551445,-0.18554163
0.62552947,-0.18554163
0.6255445,-0.18554163
0.6255595,-0.18554163
0.6255745,-0.13931036
0.62558955,-0.13931036
0.62560457,-0.13931036
0.6256196,-0.13931036
0.6256346,-0.13931036
0.62564963,-0.09307861
0.62566465,-0.09307861
0.6256797,-0.09307861
0.6256947,-0.09307861
0.6257097,-0.09307861
0.62572473,-0.046847343
0.62573975,-0.046847343
0.6257548,-0.046847343
0.6257698,-0.046847343
0.6257848,-6.160736E-4
0.62579983,-6.160736E-4
0.62581486,-6.160736E-4
0.6258299,-6.160736E-4
0.6258449,-6.160736E-4
0.6258599,0.045615196
0.62587494,0.045615196
0.62588996,0.045615196
0.625905,0.045615196
0.62592,0.091846466
0.625935,0.091846466
0.62595004,0.091846466
0.62596506,0.091846466
0.6259801,0.091846466
0.6259951,0.13807821
0.6260101,0.13807821
0.62602514,0.13807821
0.62604016,0.13807821
0.62605524,0.13807821
0.62607026,0.184309
0.6260853,0.184309
0.6261003,0.184309
0.6261153,0.184309
0.62613034,0.23054075
0.62614536,0.23054075
0.6261604,0.23054075
0.6261754,0.23054075
0.6261904,0.23054075
0.62620544,0.27677202
0.62622046,0.27677202
0.6262355,0.27677202
0.6262505,0.27677202
0.6262655,0.27677202
0.62628055,0.3230033
0.62629557,0.3230033
0.6263106,0.3230033
0.6263256,0.3230033
0.6263406,0.36923456
0.62635565,0.36923456
0.62637067,0.36923456
0.6263857,0.36923456
0.6264007,0.36923456
0.6264157,0.4154663
0.62643075,0.4154663
0.6264458,0.4154663
0.6264608,0.4154663
0.6264758,0.4154663
0.62649083,0.46169758
0.62650585,0.46169758
0.6265209,0.46169758
0.6265359,0.46169758
0.6265509,0.50792885
0.62656593,0.50792885
0.62658095,0.50792885
0.626596,0.50792885
0.626611,0.50792885
0.626626,0.5541601
0.62664104,0.5541601
0.62665606,0.5541601
0.6266711,0.5541601
0.6266861,0.5541601
0.6267011,0.60039186
0.62671614,0.60039186
0.62673116,0.60039186
0.6267462,0.60039186
0.6267612,0.60039186
0.6267762,0.64662313
0.62679124,0.64662313
0.62680626,0.64662313
0.6268213,0.64662313
0.6268363,0.64662313
0.6268513,0.6928544
0.62686634,0.6928544
0.62688136,0.6928544
0.6268964,0.6928544
0.6269114,0.6928544
0.6269264,0.7390857
0.62694144,0.7390857
0.62695646,0.7390857
0.6269715,0.7390857
0.6269865,0.7853174
0.6270015,0.7853174
0.62701654,0.7853174
0.62703156,0.7853174
0.6270466,0.7853174
0.6270616,0.7853174
0.6270766,0.8315482
0.62709165,0.8315482
0.62710667,0.8315482
0.6271217,0.8315482
0.6271367,0.87777996
0.6271517,0.87777996
0.62716675,0.87777996
0.62718177,0.87777996
0.6271968,0.87777996
0.6272118,0.92401123
0.6272268,0.92401123
0.62724185,0.92401123
0.6272569,0.92401123
0.6272719,0.92401123
0.6272869,0.970243
0.62730193,0.970243
0.62731695,0.970243
0.627332,0.970243
0.627347,0.970243
0.627362,1.0164738
0.62737703,1.0164738
0.62739205,1.0164738
0.6274071,1.0164738
0.6274221,1.0627055
0.6274371,1.0627055
0.62745214,1.0627055
0.62746716,1.0627055
0.6274822,1.0627055
0.6274972,1.1089368
0.6275122,1.1089368
0.62752724,1.1089368
0.62754226,1.1089368
0.6275573,1.1089368
0.6275723,1.1551685
0.6275873,1.1551685
0.62760234,1.1551685
0.62761736,1.1551685
0.6276324,1.1551685
0.6276474,1.2013993
0.6276624,1.2013993
0.62767744,1.2013993
0.62769246,1.2013993
0.6277075,1.2013993
0.6277225,1.2476311
0.6277375,1.2476311
0.62775254,1.2476311
0.62776756,1.2476311
0.6277826,1.2476311
0.6277976,1.2938623
0.6278127,1.2938623
0.6278277,1.2938623
0.6278427,1.2938623
0.62785774,1.2938623
0.62787277,1.3400936
0.6278878,1.3400936
0.6279028,1.3400936
0.6279178,1.3400936
0.62793285,1.3400936
0.62794787,1.3863249
0.6279629,1.3863249
0.6279779,1.3863249
0.6279929,1.3863249
0.62800795,1.3863249
0.62802297,1.4325566
0.628038,1.4325566
0.628053,1.4325566
0.62806803,1.4325566
0.62808305,1.4325566
0.6280981,1.4787879
0.6281131,1.4787879
0.6281281,1.4787879
0.62814313,1.4787879
0.62815815,1.4787879
0.6281732,1.4787879
0.6281882,1.4787879
0.6282032,1.4787879
0.62821823,1.5250192
0.62823325,1.5250192
0.6282483,1.5250192
0.6282633,1.5250192
0.6282783,1.5250192
0.62829334,1.5712504
0.62830836,1.5712504
0.6283234,1.5712504
0.6283384,1.5712504
0.6283534,1.5712504
0.62836844,1.6174817
0.62838346,1.6174817
0.6283985,1.6174817
0.6284135,1.6174817
0.6284285,1.6174817
0.62844354,1.6637135
0.62845856,1.6637135
0.6284736,1.6637135
0.6284886,1.6637135
0.6285036,1.6637135
0.62851864,1.7099442
0.62853366,1.7099442
0.6285487,1.7099442
0.6285637,1.7099442
0.6285787,1.7099442
0.62859374,1.756176
0.62860876,1.756176
0.6286238,1.756176
0.6286388,1.756176
0.6286538,1.756176
0.62866884,1.756176
0.62868387,1.756176
0.6286989,1.7099442
0.6287139,1.7099442
0.6287289,1.7099442
0.62874395,1.7099442
0.62875897,1.6637135
0.628774,1.6637135
0.628789,1.6637135
0.628804,1.6637135
0.62881905,1.6637135
0.62883407,1.6174817
0.6288491,1.6174817
0.6288641,1.6174817
0.62887913,1.6174817
0.62889415,1.5712504
0.6289092,1.5712504
0.6289242,1.5712504
0.6289392,1.5712504
0.62895423,1.5250192
0.62896925,1.5250192
0.6289843,1.5250192
0.6289993,1.5250192
0.6290143,1.5250192
0.62902933,1.4787879
0.62904435,1.4787879
0.6290594,1.4787879
0.6290744,1.4787879
0.6290894,1.4787879
0.62910444,1.4787879
0.62911946,1.4787879
0.6291345,1.4325566
0.6291495,1.4325566
0.6291645,1.4325566
0.62917954,1.4325566
0.62919456,1.3863249
0.6292096,1.3863249
0.6292246,1.3863249
0.6292396,1.3863249
0.62925464,1.3863249
0.62926966,1.3400936
0.6292847,1.3400936
0.6292997,1.3400936
0.6293147,1.3400936
0.62932974,1.2938623
0.62934476,1.2938623
0.6293598,1.2938623
0.6293748,1.2938623
0.6293898,1.2476311
0.62940484,1.2476311
0.62941986,1.2476311
0.6294349,1.2476311
0.6294499,1.2476311
0.6294649,1.2013993
0.62947994,1.2013993
0.62949497,1.2013993
0.62951,1.2013993
0.629525,1.1551685
0.62954,1.1551685
0.62955505,1.1551685
0.6295701,1.1551685
0.62958515,1.1089368
0.62960017,1.1089368
0.6296152,1.1089368
0.6296302,1.1089368
0.6296452,1.1089368
0.62966025,1.0627055
0.62967527,1.0627055
0.6296903,1.0627055
0.6297053,1.0627055
0.62972033,1.0164738
0.62973535,1.0164738
0.6297504,1.0164738
0.6297654,1.0164738
0.6297804,1.0164738
0.62979543,0.970243
0.62981045,0.970243
0.6298255,0.970243
0.6298405,0.970243
0.6298555,0.92401123
0.62987053,0.92401123
0.62988555,0.92401123
0.6299006,0.92401123
0.6299156,0.87777996
0.6299306,0.87777996
0.62994564,0.87777996
0.62996066,0.87777996
0.6299757,0.87777996
0.6299907,0.8315482
0.6300057,0.8315482
0.63002074,0.8315482
0.63003576,0.8315482
0.6300508,0.7853174
0.6300658,0.7853174
0.6300808,0.7853174
0.63009584,0.7853174
0.63011086,0.7853174
0.6301259,0.7390857
0.6301409,0.7390857
0.6301559,0.7390857
0.63017094,0.7390857
0.63018596,0.6928544
0.630201,0.6928544
0.630216,0.6928544
0.630231,0.6928544
0.63024604,0.64662313
0.63026106,0.64662313
0.6302761,0.64662313
0.6302911,0.64662313
0.6303061,0.64662313
0.63032115,0.60039186
0.63033617,0.60039186
0.6303512,0.60039186
0.6303662,0.60039186
0.6303812,0.5541601
0.63039625,0.5541601
0.63041127,0.5541601
0.6304263,0.5541601
0.6304413,0.5541601
0.6304563,0.50792885
0.63047135,0.50792885
0.63048637,0.50792885
0.6305014,0.50792885
0.6305164,0.46169758
0.63053143,0.46169758
0.63054645,0.46169758
0.6305615,0.46169758
0.6305765,0.4154663
0.6305915,0.4154663
0.63060653,0.4154663
0.63062155,0.4154663
0.6306366,0.4154663
0.6306516,0.36923456
0.6306666,0.36923456
0.63068163,0.36923456
0.63069665,0.36923456
0.6307117,0.36923456
0.6307267,0.3230033
0.6307417,0.3230033
0.63075674,0.3230033
0.63077176,0.3230033
0.6307868,0.27677202
0.6308018,0.27677202
0.6308168,0.27677202
0.63083184,0.27677202
0.63084686,0.23054075
0.6308619,0.23054075
0.6308769,0.23054075
0.6308919,0.23054075
0.63090694,0.23054075
0.63092196,0.184309
0.630937,0.184309
0.630952,0.184309
0.630967,0.184309
0.63098204,0.13807821
0.63099706,0.13807821
0.6310121,0.13807821
0.6310271,0.13807821
0.6310421,0.13807821
0.63105714,0.091846466
0.63107216,0.091846466
0.6310872,0.091846466
0.6311022,0.091846466
0.6311172,0.045615196
0.63113225,0.045615196
0.63114727,0.045615196
0.6311623,0.045615196
0.6311773,0.045615196
0.6311923,-6.160736E-4
0.63120735,-6.160736E-4
0.63122237,-6.160736E-4
0.6312374,-6.160736E-4
0.6312524,-0.046847343
0.6312674,-0.046847343
0.63128245,-0.046847343
0.63129747,-0.046847343
0.6313125,-0.09307861
0.63132757,-0.09307861
0.6313426,-0.09307861
0.6313576,-0.09307861
0.63137263,-0.09307861
0.63138765,-0.13931036
0.6314027,-0.13931036
0.6314177,-0.13931036
0.6314327,-0.13931036
0.63144773,-0.18554163
0.63146275,-0.18554163
0.6314778,-0.18554163
0.6314928,-0.18554163
0.6315078,-0.18554163
0.63152283,-0.2317729
0.63153785,-0.2317729
0.6315529,-0.2317729
0.6315679,-0.2317729
0.6315829,-0.27800417
0.63159794,-0.27800417
0.63161296,-0.27800417
0.631628,-0.27800417
0.631643,-0.27800417
0.631658,-0.32423592
0.63167304,-0.32423592
0.63168806,-0.32423592
0.6317031,-0.32423592
0.6317181,-0.3704667
0.6317331,-0.3704667
0.63174814,-0.3704667
0.63176316,-0.3704667
0.6317782,-0.3704667
0.6317932,-0.41669846
0.6318082,-0.41669846
0.63182324,-0.41669846
0.63183826,-0.41669846
0.6318533,-0.46292973
0.6318683,-0.46292973
0.6318833,-0.46292973
0.63189834,-0.46292973
0.63191336,-0.46292973
0.6319284,-0.5091615
0.6319434,-0.5091615
0.6319584,-0.5091615
0.63197345,-0.5091615
0.63198847,-0.55539227
0.6320035,-0.55539227
0.6320185,-0.55539227
0.6320335,-0.55539227
0.63204855,-0.55539227
0.63206357,-0.601624
0.6320786,-0.601624
0.6320936,-0.601624
0.6321086,-0.601624
0.63212365,-0.601624
0.63213867,-0.6478553
0.6321537,-0.6478553
0.6321687,-0.6478553
0.63218373,-0.6478553
0.63219875,-0.694087
0.6322138,-0.694087
0.6322288,-0.694087
0.6322438,-0.694087
0.63225883,-0.694087
0.63227385,-0.7403178
0.6322889,-0.7403178
0.6323039,-0.7403178
0.6323189,-0.7403178
0.63233393,-0.7403178
0.63234895,-0.78654957
0.632364,-0.78654957
0.632379,-0.78654957
0.632394,-0.78654957
0.63240904,-0.78654957
0.63242406,-0.83278084
0.6324391,-0.83278084
0.6324541,-0.83278084
0.6324691,-0.83278084
0.63248414,-0.8790121
0.63249916,-0.8790121
0.6325142,-0.8790121
0.6325292,-0.8790121
0.6325442,-0.8790121
0.63255924,-0.9252434
0.63257426,-0.9252434
0.6325893,-0.9252434
0.6326043,-0.9252434
0.6326193,-0.9252434
0.63263434,-0.9714751
0.63264936,-0.9714751
0.6326644,-0.9714751
0.6326794,-0.9714751
0.6326944,-1.0177064
0.63270944,-1.0177064
0.63272446,-1.0177064
0.6327395,-1.0177064
0.6327545,-1.0177064
0.6327695,-1.0639377
0.63278455,-1.0639377
0.63279957,-1.0639377
0.6328146,-1.0639377
0.6328296,-1.0639377
0.6328446,-1.1101689
0.63285965,-1.1101689
0.63287467,-1.1101689
0.6328897,-1.1101689
0.6329047,-1.1564007
0.6329197,-1.1564007
0.63293475,-1.1564007
0.63294977,-1.1564007
0.6329648,-1.1564007
0.6329798,-1.202632
0.63299483,-1.202632
0.63300985,-1.202632
0.6330249,-1.202632
0.6330399,-1.202632
0.6330549,-1.2488632
0.63306993,-1.2488632
0.63308495,-1.2488632
0.63310003,-1.2488632
0.63311505,-1.2488632
0.6331301,-1.2950945
0.6331451,-1.2950945
0.6331601,-1.2950945
0.63317513,-1.2950945
0.63319016,-1.2950945
0.6332052,-1.3413262
0.6332202,-1.3413262
0.6332352,-1.3413262
0.63325024,-1.3413262
0.63326526,-1.3413262
0.6332803,-1.387557
0.6332953,-1.387557
0.6333103,-1.387557
0.63332534,-1.387557
0.63334036,-1.4337888
0.6333554,-1.4337888
0.6333704,-1.4337888
0.6333854,-1.4337888
0.63340044,-1.4337888
0.63341546,-1.48002
0.6334305,-1.48002
0.6334455,-1.48002
0.6334605,-1.48002
0.63347554,-1.48002
0.63349056,-1.48002
0.6335056,-1.48002
0.6335206,-1.48002
0.6335356,-1.5262513
0.63355064,-1.5262513
0.63356566,-1.5262513
0.6335807,-1.5262513
0.6335957,-1.5262513
0.6336107,-1.5724826
0.63362575,-1.5724826
0.63364077,-1.5724826
0.6336558,-1.5724826
0.6336708,-1.5724826
0.6336858,-1.6187139
0.63370085,-1.6187139
0.63371587,-1.6187139
0.6337309,-1.6187139
0.6337459,-1.6187139
0.6337609,-1.6187139
0.63377595,-1.6187139
0.63379097,-1.6187139
0.633806,-1.5724826
0.633821,-1.5724826
0.63383603,-1.5724826
0.63385105,-1.5724826
0.6338661,-1.5724826
0.6338811,-1.5262513
0.6338961,-1.5262513
0.63391113,-1.5262513
0.63392615,-1.5262513
0.6339412,-1.48002
0.6339562,-1.48002
0.6339712,-1.48002
0.63398623,-1.48002
0.63400126,-1.48002
0.6340163,-1.48002
0.6340313,-1.48002
0.6340463,-1.48002
0.63406134,-1.4337888
0.63407636,-1.4337888
0.6340914,-1.4337888
0.6341064,-1.4337888
0.6341214,-1.387557
0.63413644,-1.387557
0.63415146,-1.387557
0.6341665,-1.387557
0.6341815,-1.387557
0.6341965,-1.3413262
0.63421154,-1.3413262
0.63422656,-1.3413262
0.6342416,-1.3413262
0.6342566,-1.3413262
0.6342716,-1.2950945
0.63428664,-1.2950945
0.63430166,-1.2950945
0.6343167,-1.2950945
0.6343317,-1.2488632
0.6343467,-1.2488632
0.63436174,-1.2488632
0.63437676,-1.2488632
0.6343918,-1.2488632
0.6344068,-1.202632
0.6344218,-1.202632
0.63443685,-1.202632
0.63445187,-1.202632
0.6344669,-1.1564007
0.6344819,-1.1564007
0.6344969,-1.1564007
0.63451195,-1.1564007
0.63452697,-1.1564007
0.634542,-1.1101689
0.634557,-1.1101689
0.634572,-1.1101689
0.63458705,-1.1101689
0.63460207,-1.0639377
0.6346171,-1.0639377
0.6346321,-1.0639377
0.63464713,-1.0639377
0.63466215,-1.0639377
0.6346772,-1.0177064
0.6346922,-1.0177064
0.6347072,-1.0177064
0.63472223,-1.0177064
0.63473725,-1.0177064
0.6347523,-0.9714751
0.6347673,-0.9714751
0.6347823,-0.9714751
0.63479733,-0.9714751
0.63481236,-0.9252434
0.6348274,-0.9252434
0.6348424,-0.9252434
0.6348575,-0.9252434
0.6348725,-0.9252434
0.6348875,-0.8790121
0.63490254,-0.8790121
0.63491756,-0.8790121
0.6349326,-0.8790121
0.6349476,-0.8790121
0.6349626,-0.83278084
0.63497764,-0.83278084
0.63499266,-0.83278084
0.6350077,-0.83278084
0.6350227,-0.78654957
0.6350377,-0.78654957
0.63505274,-0.78654957
0.63506776,-0.78654957
0.6350828,-0.78654957
0.6350978,-0.7403178
0.6351128,-0.7403178
0.63512784,-0.7403178
0.63514286,-0.7403178
0.6351579,-0.7403178
0.6351729,-0.694087
0.6351879,-0.694087
0.63520294,-0.694087
0.63521796,-0.694087
0.635233,-0.6478553
0.635248,-0.6478553
0.635263,-0.6478553
0.63527805,-0.6478553
0.63529307,-0.6478553
0.6353081,-0.601624
0.6353231,-0.601624
0.6353381,-0.601624
0.63535315,-0.601624
0.63536817,-0.601624
0.6353832,-0.55539227
0.6353982,-0.55539227
0.6354132,-0.55539227
0.63542825,-0.55539227
0.6354433,-0.55539227
0.6354583,-0.5091615
0.6354733,-0.5091615
0.63548833,-0.5091615
0.63550335,-0.5091615
0.6355184,-0.46292973
0.6355334,-0.46292973
0.6355484,-0.46292973
0.63556343,-0.46292973
0.63557845,-0.46292973
0.6355935,-0.41669846
0.6356085,-0.41669846
0.6356235,-0.41669846
0.63563854,-0.41669846
0.63565356,-0.3704667
0.6356686,-0.3704667
0.6356836,-0.3704667
0.6356986,-0.3704667
0.63571364,-0.3704667
0.63572866,-0.32423592
0.6357437,-0.32423592
0.6357587,-0.32423592
0.6357737,-0.32423592
0.63578874,-0.32423592
0.63580376,-0.27800417
0.6358188,-0.27800417
0.6358338,-0.27800417
0.6358488,-0.27800417
0.63586384,-0.27800417
0.63587886,-0.2317729
0.6358939,-0.2317729
0.6359089,-0.2317729
0.6359239,-0.2317729
0.63593894,-0.18554163
0.63595396,-0.18554163
0.635969,-0.18554163
0.635984,-0.18554163
0.635999,-0.18554163
0.63601404,-0.13931036
0.63602906,-0.13931036
0.6360441,-0.13931036
0.6360591,-0.13931036
0.6360741,-0.09307861
0.63608915,-0.09307861
0.63610417,-0.09307861
0.6361192,-0.09307861
0.6361342,-0.09307861
0.6361492,-0.046847343
0.63616425,-0.046847343
0.63617927,-0.046847343
0.6361943,-0.046847343
0.6362093,-0.046847343
0.6362243,-6.160736E-4
0.63623935,-6.160736E-4
0.6362544,-6.160736E-4
0.6362694,-6.160736E-4
0.6362844,0.045615196
0.63629943,0.045615196
0.63631445,0.045615196
0.6363295,0.045615196
0.6363445,0.045615196
0.6363595,0.091846466
0.63637453,0.091846466
0.63638955,0.091846466
0.6364046,0.091846466
0.6364196,0.13807821
0.6364346,0.13807821
0.63644964,0.13807821
0.63646466,0.13807821
0.6364797,0.13807821
0.6364947,0.184309
0.6365097,0.184309
0.63652474,0.184309
0.63653976,0.184309
0.6365548,0.184309
0.6365698,0.23054075
0.6365848,0.23054075
0.63659984,0.23054075
0.6366149,0.23054075
0.63662994,0.27677202
0.63664496,0.27677202
0.63666,0.27677202
0.636675,0.27677202
0.63669,0.27677202
0.63670504,0.3230033
0.63672006,0.3230033
0.6367351,0.3230033
0.6367501,0.3230033
0.6367651,0.3230033
0.63678014,0.36923456
0.63679516,0.36923456
0.6368102,0.36923456
0.6368252,0.36923456
0.6368402,0.4154663
0.63685524,0.4154663
0.63687027,0.4154663
0.6368853,0.4154663
0.6369003,0.4154663
0.6369153,0.46169758
0.63693035,0.46169758
0.63694537,0.46169758
0.6369604,0.46169758
0.6369754,0.46169758
0.6369904,0.50792885
0.63700545,0.50792885
0.63702047,0.50792885
0.6370355,0.50792885
0.6370505,0.50792885
0.63706553,0.5541601
0.63708055,0.5541601
0.6370956,0.5541601
0.6371106,0.5541601
0.6371256,0.5541601
0.63714063,0.60039186
0.63715565,0.60039186
0.6371707,0.60039186
0.6371857,0.60039186
0.6372007,0.64662313
0.63721573,0.64662313
0.63723075,0.64662313
0.6372458,0.64662313
0.6372608,0.64662313
0.6372758,0.6928544
0.63729084,0.6928544
0.63730586,0.6928544
0.6373209,0.6928544
0.6373359,0.6928544
0.6373509,0.7390857
0.63736594,0.7390857
0.63738096,0.7390857
0.637396,0.7390857
0.637411,0.7390857
0.637426,0.7853174
0.63744104,0.7853174
0.63745606,0.7853174
0.6374711,0.7853174
0.6374861,0.7853174
0.6375011,0.8315482
0.63751614,0.8315482
0.63753116,0.8315482
0.6375462,0.8315482
0.6375612,0.8315482
0.6375762,0.87777996
0.63759124,0.87777996
0.63760626,0.87777996
0.6376213,0.87777996
0.6376363,0.87777996
0.6376513,0.92401123
0.63766634,0.92401123
0.63768137,0.92401123
0.6376964,0.92401123
0.6377114,0.970243
0.6377264,0.970243
0.63774145,0.970243
0.63775647,0.970243
0.6377715,0.970243
0.6377865,1.0164738
0.6378015,1.0164738
0.63781655,1.0164738
0.63783157,1.0164738
0.6378466,1.0164738
0.6378616,1.0627055
0.63787663,1.0627055
0.63789165,1.0627055
0.6379067,1.0627055
0.6379217,1.0627055
0.6379367,1.1089368
0.63795173,1.1089368
0.63796675,1.1089368
0.6379818,1.1089368
0.6379968,1.1089368
0.6380118,1.1551685
0.63802683,1.1551685
0.63804185,1.1551685
0.6380569,1.1551685
0.6380719,1.2013993
0.6380869,1.2013993
0.63810194,1.2013993
0.63811696,1.2013993
0.638132,1.2013993
0.638147,1.2013993
0.638162,1.2476311
0.63817704,1.2476311
0.63819206,1.2476311
0.6382071,1.2476311
0.6382221,1.2938623
0.6382371,1.2938623
0.63825214,1.2938623
0.63826716,1.2938623
0.6382822,1.2938623
0.6382972,1.3400936
0.6383122,1.3400936
0.63832724,1.3400936
0.63834226,1.3400936
0.6383573,1.3400936
0.63837236,1.3400936
0.6383874,1.3863249
0.6384024,1.3863249
0.6384174,1.3863249
0.63843244,1.3863249
0.63844746,1.4325566
0.6384625,1.4325566
0.6384775,1.4325566
0.6384925,1.4325566
0.63850754,1.4325566
0.63852257,1.4325566
0.6385376,1.4787879
0.6385526,1.4787879
0.6385676,1.4787879
0.63858265,1.4787879
0.63859767,1.4787879
0.6386127,1.4787879
0.6386277,1.4787879
0.6386427,1.5250192
0.63865775,1.5250192
0.63867277,1.5250192
0.6386878,1.5250192
0.6387028,1.5250192
0.63871783,1.5712504
0.63873285,1.5712504
0.6387479,1.5712504
0.6387629,1.5712504
0.6387779,1.5712504
0.63879293,1.6174817
0.63880795,1.6174817
0.638823,1.6174817
0.638838,1.6174817
0.638853,1.6174817
0.63886803,1.6637135
0.63888305,1.6637135
0.6388981,1.6637135
0.6389131,1.6637135
0.6389281,1.6637135
0.63894314,1.6637135
0.63895816,1.7099442
0.6389732,1.7099442
0.6389882,1.7099442
0.6390032,1.7099442
0.63901824,1.7099442
0.63903326,1.756176
0.6390483,1.756176
0.6390633,1.756176
0.6390783,1.756176
0.63909334,1.756176
0.63910836,1.756176
0.6391234,1.7099442
0.6391384,1.7099442
0.6391534,1.7099442
0.63916844,1.7099442
0.63918346,1.7099442
0.6391985,1.6637135
0.6392135,1.6637135
0.6392285,1.6637135
0.63924354,1.6637135
0.63925856,1.6174817
0.6392736,1.6174817
0.6392886,1.6174817
0.6393036,1.6174817
0.63931865,1.5712504
0.63933367,1.5712504
0.6393487,1.5712504
0.6393637,1.5712504
0.6393787,1.5712504
0.63939375,1.5250192
0.63940877,1.5250192
0.6394238,1.5250192
0.6394388,1.5250192
0.6394538,1.4787879
0.63946885,1.4787879
0.63948387,1.4787879
0.6394989,1.4787879
0.6395139,1.4787879
0.63952893,1.4787879
0.63954395,1.4787879
0.639559,1.4325566
0.639574,1.4325566
0.639589,1.4325566
0.63960403,1.4325566
0.63961905,1.3863249
0.6396341,1.3863249
0.6396491,1.3863249
0.6396641,1.3863249
0.63967913,1.3863249
0.63969415,1.3400936
0.6397092,1.3400936
0.6397242,1.3400936
0.6397392,1.3400936
0.63975424,1.2938623
0.63976926,1.2938623
0.6397843,1.2938623
0.6397993,1.2938623
0.6398143,1.2938623
0.63982934,1.2476311
0.63984436,1.2476311
0.6398594,1.2476311
0.6398744,1.2476311
0.6398894,1.2013993
0.63990444,1.2013993
0.63991946,1.2013993
0.6399345,1.2013993
0.6399495,1.2013993
0.6399645,1.1551685
0.63997954,1.1551685
0.63999456,1.1551685
0.6400096,1.1551685
0.6400246,1.1089368
0.6400396,1.1089368
0.64005464,1.1089368
0.64006966,1.1089368
0.6400847,1.0627055
0.6400997,1.0627055
0.6401147,1.0627055
0.6401298,1.0627055
0.6401448,1.0627055
0.64015985,1.0164738
0.64017487,1.0164738
0.6401899,1.0164738
0.6402049,1.0164738
0.6402199,0.970243
0.64023495,0.970243
0.64024997,0.970243
0.640265,0.970243
0.64028,0.92401123
0.640295,0.92401123
0.64031005,0.92401123
0.64032507,0.92401123
0.6403401,0.92401123
0.6403551,0.87777996
0.64037013,0.87777996
0.64038515,0.87777996
0.6404002,0.87777996
0.6404152,0.8315482
0.6404302,0.8315482
0.64044523,0.8315482
0.64046025,0.8315482
0.6404753,0.8315482
0.6404903,0.7853174
0.6405053,0.7853174
0.64052033,0.7853174
0.64053535,0.7853174
0.6405504,0.7390857
0.6405654,0.7390857
0.6405804,0.7390857
0.64059544,0.7390857
0.64061046,0.7390857
0.6406255,0.6928544
0.6406405,0.6928544
0.6406555,0.6928544
0.64067054,0.6928544
0.64068556,0.64662313
0.6407006,0.64662313
0.6407156,0.64662313
0.6407306,0.64662313
0.64074564,0.60039186
0.64076066,0.60039186
0.6407757,0.60039186
0.6407907,0.60039186
0.6408057,0.60039186
0.64082074,0.5541601
0.64083576,0.5541601
0.6408508,0.5541601
0.6408658,0.5541601
0.6408808,0.5541601
0.64089584,0.50792885
0.64091086,0.50792885
0.6409259,0.50792885
0.6409409,0.50792885
0.6409559,0.46169758
0.64097095,0.46169758
0.64098597,0.46169758
0.641001,0.46169758
0.641016,0.4154663
0.641031,0.4154663
0.64104605,0.4154663
0.64106107,0.4154663
0.6410761,0.4154663
0.6410911,0.36923456
0.6411061,0.36923456
0.64112115,0.36923456
0.64113617,0.36923456
0.6411512,0.3230033
0.6411662,0.3230033
0.64118123,0.3230033
0.64119625,0.3230033
0.6412113,0.27677202
0.6412263,0.27677202
0.6412413,0.27677202
0.64125633,0.27677202
0.64127135,0.27677202
0.6412864,0.23054075
0.6413014,0.23054075
0.6413164,0.23054075
0.64133143,0.23054075
0.64134645,0.184309
0.6413615,0.184309
0.6413765,0.184309
0.6413915,0.184309
0.64140654,0.184309
0.64142156,0.13807821
0.6414366,0.13807821
0.6414516,0.13807821
0.6414666,0.13807821
0.64148164,0.091846466
0.64149666,0.091846466
0.6415117,0.091846466
0.6415267,0.091846466
0.6415417,0.091846466
0.64155674,0.045615196
0.64157176,0.045615196
0.6415868,0.045615196
0.6416018,0.045615196
0.6416168,-6.160736E-4
0.64163184,-6.160736E-4
0.64164686,-6.160736E-4
0.6416619,-6.160736E-4
0.6416769,-0.046847343
0.6416919,-0.046847343
0.64170694,-0.046847343
0.64172196,-0.046847343
0.641737,-0.046847343
0.641752,-0.09307861
0.641767,-0.09307861
0.64178205,-0.09307861
0.64179707,-0.09307861
0.6418121,-0.13931036
0.6418271,-0.13931036
0.6418421,-0.13931036
0.64185715,-0.13931036
0.64187217,-0.13931036
0.6418872,-0.18554163
0.64190227,-0.18554163
0.6419173,-0.18554163
0.6419323,-0.18554163
0.6419473,-0.2317729
0.64196235,-0.2317729
0.64197737,-0.2317729
0.6419924,-0.2317729
0.6420074,-0.2317729
0.64202243,-0.27800417
0.64203745,-0.27800417
0.6420525,-0.27800417
0.6420675,-0.27800417
0.6420825,-0.32423592
0.64209753,-0.32423592
0.64211255,-0.32423592
0.6421276,-0.32423592
0.6421426,-0.32423592
0.6421576,-0.3704667
0.64217263,-0.3704667
0.64218765,-0.3704667
0.6422027,-0.3704667
0.6422177,-0.41669846
0.6422327,-0.41669846
0.64224774,-0.41669846
0.64226276,-0.41669846
0.6422778,-0.41669846
0.6422928,-0.46292973
0.6423078,-0.46292973
0.64232284,-0.46292973
0.64233786,-0.46292973
0.6423529,-0.46292973
0.6423679,-0.5091615
0.6423829,-0.5091615
0.64239794,-0.5091615
0.64241296,-0.5091615
0.642428,-0.55539227
0.642443,-0.55539227
0.642458,-0.55539227
0.64247304,-0.55539227
0.64248806,-0.55539227
0.6425031,-0.601624
0.6425181,-0.601624
0.6425331,-0.601624
0.64254814,-0.601624
0.64256316,-0.6478553
0.6425782,-0.6478553
0.6425932,-0.6478553
0.6426082,-0.6478553
0.64262325,-0.6478553
0.64263827,-0.694087
0.6426533,-0.694087
0.6426683,-0.694087
0.6426833,-0.694087
0.64269835,-0.694087
0.64271337,-0.7403178
0.6427284,-0.7403178
0.6427434,-0.7403178
0.6427584,-0.7403178
0.64277345,-0.78654957
0.64278847,-0.78654957
0.6428035,-0.78654957
0.6428185,-0.78654957
0.64283353,-0.78654957
0.64284855,-0.83278084
0.6428636,-0.83278084
0.6428786,-0.83278084
0.6428936,-0.83278084
0.64290863,-0.83278084
0.64292365,-0.8790121
0.6429387,-0.8790121
0.6429537,-0.8790121
0.6429687,-0.8790121
0.64298373,-0.9252434
0.64299875,-0.9252434
0.6430138,-0.9252434
0.6430288,-0.9252434
0.6430438,-0.9252434
0.64305884,-0.9714751
0.64307386,-0.9714751
0.6430889,-0.9714751
0.6431039,-0.9714751
0.6431189,-0.9714751
0.64313394,-1.0177064
0.64314896,-1.0177064
0.643164,-1.0177064
0.643179,-1.0177064
0.643194,-1.0177064
0.64320904,-1.0639377
0.64322406,-1.0639377
0.6432391,-1.0639377
0.6432541,-1.0639377
0.6432691,-1.1101689
0.64328414,-1.1101689
0.64329916,-1.1101689
0.6433142,-1.1101689
0.6433292,-1.1101689
0.6433442,-1.1564007
0.64335924,-1.1564007
0.64337426,-1.1564007
0.6433893,-1.1564007
0.6434043,-1.1564007
0.6434193,-1.202632
0.64343435,-1.202632
0.64344937,-1.202632
0.6434644,-1.202632
0.6434794,-1.202632
0.6434944,-1.2488632
0.64350945,-1.2488632
0.64352447,-1.2488632
0.6435395,-1.2488632
0.6435545,-1.2950945
0.6435695,-1.2950945
0.64358455,-1.2950945
0.64359957,-1.2950945
0.6436146,-1.2950945
0.6436296,-1.3413262
0.64364463,-1.3413262
0.6436597,-1.3413262
0.64367473,-1.3413262
0.64368975,-1.3413262
0.6437048,-1.387557
0.6437198,-1.387557
0.6437348,-1.387557
0.64374983,-1.387557
0.64376485,-1.387557
0.6437799,-1.4337888
0.6437949,-1.4337888
0.6438099,-1.4337888
0.64382493,-1.4337888
0.64383996,-1.4337888
0.643855,-1.48002
0.64387,-1.48002
0.643885,-1.48002
0.64390004,-1.48002
0.64391506,-1.48002
0.6439301,-1.48002
0.6439451,-1.48002
0.6439601,-1.5262513
0.64397514,-1.5262513
0.64399016,-1.5262513
0.6440052,-1.5262513
0.6440202,-1.5262513
0.6440352,-1.5262513
0.64405024,-1.5724826
0.64406526,-1.5724826
0.6440803,-1.5724826
0.6440953,-1.5724826
0.6441103,-1.6187139
0.64412534,-1.6187139
0.64414036,-1.6187139
0.6441554,-1.6187139
0.6441704,-1.6187139
0.6441854,-1.6187139
0.64420044,-1.6187139
0.64421546,-1.6187139
0.6442305,-1.6187139
0.6442455,-1.5724826
0.6442605,-1.5724826
0.64427555,-1.5724826
0.64429057,-1.5724826
0.6443056,-1.5262513
0.6443206,-1.5262513
0.6443356,-1.5262513
0.64435065,-1.5262513
0.64436567,-1.5262513
0.6443807,-1.48002
0.6443957,-1.48002
0.6444107,-1.48002
0.64442575,-1.48002
0.64444077,-1.48002
0.6444558,-1.48002
0.6444708,-1.48002
0.64448583,-1.4337888
0.64450085,-1.4337888
0.6445159,-1.4337888
0.6445309,-1.4337888
0.6445459,-1.4337888
0.64456093,-1.387557
0.64457595,-1.387557
0.644591,-1.387557
0.644606,-1.387557
0.644621,-1.387557
0.64463603,-1.3413262
0.64465106,-1.3413262
0.6446661,-1.3413262
0.6446811,-1.3413262
0.6446961,-1.2950945
0.64471114,-1.2950945
0.64472616,-1.2950945
0.6447412,-1.2950945
0.6447562,-1.2950945
0.6447712,-1.2488632
0.64478624,-1.2488632
0.64480126,-1.2488632
0.6448163,-1.2488632
0.6448313,-1.202632
0.6448463,-1.202632
0.64486134,-1.202632
0.64487636,-1.202632
0.6448914,-1.202632
0.6449064,-1.1564007
0.6449214,-1.1564007
0.64493644,-1.1564007
0.64495146,-1.1564007
0.6449665,-1.1564007
0.6449815,-1.1101689
0.6449965,-1.1101689
0.64501154,-1.1101689
0.64502656,-1.1101689
0.6450416,-1.0639377
0.6450566,-1.0639377
0.6450716,-1.0639377
0.64508665,-1.0639377
0.64510167,-1.0639377
0.6451167,-1.0177064
0.6451317,-1.0177064
0.6451467,-1.0177064
0.64516175,-1.0177064
0.64517677,-0.9714751
0.6451918,-0.9714751
0.6452068,-0.9714751
0.6452218,-0.9714751
0.64523685,-0.9714751
0.64525187,-0.9252434
0.6452669,-0.9252434
0.6452819,-0.9252434
0.64529693,-0.9252434
0.64531195,-0.9252434
0.645327,-0.8790121
0.645342,-0.8790121
0.645357,-0.8790121
0.64537203,-0.8790121
0.64538705,-0.83278084
0.6454021,-0.83278084
0.64541715,-0.83278084
0.6454322,-0.83278084
0.6454472,-0.83278084
0.6454622,-0.78654957
0.64547724,-0.78654957
0.64549226,-0.78654957
0.6455073,-0.78654957
0.6455223,-0.78654957
0.6455373,-0.7403178
0.64555234,-0.7403178
0.64556736,-0.7403178
0.6455824,-0.7403178
0.6455974,-0.7403178
0.6456124,-0.694087
0.64562744,-0.694087
0.64564246,-0.694087
0.6456575,-0.694087
0.6456725,-0.6478553
0.6456875,-0.6478553
0.64570254,-0.6478553
0.64571756,-0.6478553
0.6457326,-0.6478553
0.6457476,-0.601624
0.6457626,-0.601624
0.64577764,-0.601624
0.64579266,-0.601624
0.6458077,-0.55539227
0.6458227,-0.55539227
0.6458377,-0.55539227
0.64585274,-0.55539227
0.64586776,-0.55539227
0.6458828,-0.5091615
0.6458978,-0.5091615
0.6459128,-0.5091615
0.64592785,-0.5091615
0.64594287,-0.5091615
0.6459579,-0.46292973
0.6459729,-0.46292973
0.6459879,-0.46292973
0.64600295,-0.46292973
0.64601797,-0.46292973
0.646033,-0.41669846
0.646048,-0.41669846
0.646063,-0.41669846
0.64607805,-0.41669846
0.6460931,-0.3704667
0.6461081,-0.3704667
0.6461231,-0.3704667
0.64613813,-0.3704667
0.64615315,-0.3704667
0.6461682,-0.32423592
0.6461832,-0.32423592
0.6461982,-0.32423592
0.64621323,-0.32423592
0.64622825,-0.27800417
0.6462433,-0.27800417
0.6462583,-0.27800417
0.6462733,-0.27800417
0.64628834,-0.27800417
0.64630336,-0.2317729
0.6463184,-0.2317729
0.6463334,-0.2317729
0.6463484,-0.2317729
0.64636344,-0.2317729
0.64637846,-0.18554163
0.6463935,-0.18554163
0.6464085,-0.18554163
0.6464235,-0.18554163
0.64643854,-0.18554163
0.64645356,-0.13931036
0.6464686,-0.13931036
0.6464836,-0.13931036
0.6464986,-0.13931036
0.64651364,-0.09307861
0.64652866,-0.09307861
0.6465437,-0.09307861
0.6465587,-0.09307861
0.6465737,-0.09307861
0.64658874,-0.046847343
0.64660376,-0.046847343
0.6466188,-0.046847343
0.6466338,-0.046847343
0.6466488,-6.160736E-4
0.64666384,-6.160736E-4
0.64667886,-6.160736E-4
0.6466939,-6.160736E-4
0.6467089,-6.160736E-4
0.6467239,0.045615196
0.64673895,0.045615196
0.64675397,0.045615196
0.646769,0.045615196
0.646784,0.091846466
0.646799,0.091846466
0.64681405,0.091846466
0.64682907,0.091846466
0.6468441,0.091846466
0.6468591,0.13807821
0.6468741,0.13807821
0.64688915,0.13807821
0.6469042,0.13807821
0.6469192,0.13807821
0.6469342,0.184309
0.64694923,0.184309
0.64696425,0.184309
0.6469793,0.184309
0.6469943,0.23054075
0.6470093,0.23054075
0.64702433,0.23054075
0.64703935,0.23054075
0.6470544,0.23054075
0.6470694,0.27677202
0.6470844,0.27677202
0.64709944,0.27677202
0.64711446,0.27677202
0.6471295,0.27677202
0.6471445,0.3230033
0.6471595,0.3230033
0.6471746,0.3230033
0.6471896,0.3230033
0.64720464,0.3230033
0.64721966,0.36923456
0.6472347,0.36923456
0.6472497,0.36923456
0.6472647,0.36923456
0.64727974,0.4154663
0.64729476,0.4154663
0.6473098,0.4154663
0.6473248,0.4154663
0.6473398,0.4154663
0.64735484,0.46169758
0.64736986,0.46169758
0.6473849,0.46169758
0.6473999,0.46169758
0.6474149,0.46169758
0.64742994,0.50792885
0.64744496,0.50792885
0.64746,0.50792885
0.647475,0.50792885
0.64749,0.5541601
0.64750504,0.5541601
0.64752007,0.5541601
0.6475351,0.5541601
0.6475501,0.5541601
0.6475651,0.60039186
0.64758015,0.60039186
0.64759517,0.60039186
0.6476102,0.60039186
0.6476252,0.60039186
0.6476402,0.64662313
0.64765525,0.64662313
0.64767027,0.64662313
0.6476853,0.64662313
0.6477003,0.64662313
0.64771533,0.6928544
0.64773035,0.6928544
0.6477454,0.6928544
0.6477604,0.6928544
0.6477754,0.6928544
0.64779043,0.7390857
0.64780545,0.7390857
0.6478205,0.7390857
0.6478355,0.7390857
0.6478505,0.7853174
0.64786553,0.7853174
0.64788055,0.7853174
0.6478956,0.7853174
0.6479106,0.7853174
0.6479256,0.8315482
0.64794064,0.8315482
0.64795566,0.8315482
0.6479707,0.8315482
0.6479857,0.8315482
0.6480007,0.87777996
0.64801574,0.87777996
0.64803076,0.87777996
0.6480458,0.87777996
0.6480608,0.87777996
0.6480758,0.92401123
0.64809084,0.92401123
0.64810586,0.92401123
0.6481209,0.92401123
0.6481359,0.92401123
0.6481509,0.970243
0.64816594,0.970243
0.64818096,0.970243
0.648196,0.970243
0.648211,0.970243
0.648226,1.0164738
0.64824104,1.0164738
0.64825606,1.0164738
0.6482711,1.0164738
0.6482861,1.0164738
0.6483011,1.0627055
0.64831614,1.0627055
0.64833117,1.0627055
0.6483462,1.0627055
0.6483612,1.1089368
0.6483762,1.1089368
0.64839125,1.1089368
0.64840627,1.1089368
0.6484213,1.1089368
0.6484363,1.1551685
0.6484513,1.1551685
0.64846635,1.1551685
0.64848137,1.1551685
0.6484964,1.1551685
0.6485114,1.2013993
0.64852643,1.2013993
0.64854145,1.2013993
0.6485565,1.2013993
0.6485715,1.2013993
0.6485865,1.2476311
0.64860153,1.2476311
0.64861655,1.2476311
0.6486316,1.2476311
0.6486466,1.2476311
0.6486616,1.2938623
0.64867663,1.2938623
0.64869165,1.2938623
0.6487067,1.2938623
0.6487217,1.2938623
0.6487367,1.3400936
0.64875174,1.3400936
0.64876676,1.3400936
0.6487818,1.3400936
0.6487968,1.3400936
0.6488118,1.3863249
0.64882684,1.3863249
0.64884186,1.3863249
0.6488569,1.3863249
0.6488719,1.3863249
0.6488869,1.4325566
0.64890194,1.4325566
0.64891696,1.4325566
0.648932,1.4325566
0.64894706,1.4325566
0.6489621,1.4787879
0.6489771,1.4787879
0.6489921,1.4787879
0.64900714,1.4787879
0.64902216,1.4787879
0.6490372,1.4787879
0.6490522,1.4787879
0.6490672,1.4787879
0.64908224,1.5250192
0.64909726,1.5250192
0.6491123,1.5250192
0.6491273,1.5250192
0.6491423,1.5250192
0.64915735,1.5712504
0.64917237,1.5712504
0.6491874,1.5712504
0.6492024,1.5712504
0.6492174,1.5712504
0.64923245,1.6174817
0.64924747,1.6174817
0.6492625,1.6174817
0.6492775,1.6174817
0.6492925,1.6174817
0.64930755,1.6637135
0.64932257,1.6637135
0.6493376,1.6637135
0.6493526,1.6637135
0.64936763,1.6637135
0.64938265,1.7099442
0.6493977,1.7099442
0.6494127,1.7099442
0.6494277,1.7099442
0.64944273,1.7099442
0.64945775,1.756176
0.6494728,1.756176
0.6494878,1.756176
0.6495028,1.756176
0.64951783,1.756176
0.64953285,1.756176
0.6495479,1.756176
0.6495629,1.7099442
0.6495779,1.7099442
0.64959294,1.7099442
0.64960796,1.7099442
0.649623,1.6637135
0.649638,1.6637135
0.649653,1.6637135
0.64966804,1.6637135
0.64968306,1.6637135
0.6496981,1.6174817
0.6497131,1.6174817
0.6497281,1.6174817
0.64974314,1.6174817
0.64975816,1.5712504
0.6497732,1.5712504
0.6497882,1.5712504
0.6498032,1.5712504
0.64981824,1.5250192
0.64983326,1.5250192
0.6498483,1.5250192
0.6498633,1.5250192
0.6498783,1.5250192
0.64989334,1.4787879
0.64990836,1.4787879
0.6499234,1.4787879
0.6499384,1.4787879
0.6499534,1.4787879
0.64996845,1.4787879
0.64998347,1.4787879
0.6499985,1.4325566
0.6500135,1.4325566
0.6500285,1.4325566
0.65004355,1.4325566
0.65005857,1.3863249
0.6500736,1.3863249
0.6500886,1.3863249
0.6501036,1.3863249
0.65011865,1.3863249
0.65013367,1.3400936
0.6501487,1.3400936
0.6501637,1.3400936
0.65017873,1.3400936
0.65019375,1.2938623
0.6502088,1.2938623
0.6502238,1.2938623
0.6502388,1.2938623
0.65025383,1.2476311
0.65026885,1.2476311
0.6502839,1.2476311
0.6502989,1.2476311
0.6503139,1.2476311
0.65032893,1.2013993
0.65034395,1.2013993
0.650359,1.2013993
0.650374,1.2013993
0.650389,1.1551685
0.65040404,1.1551685
0.65041906,1.1551685
0.6504341,1.1551685
0.6504491,1.1551685
0.6504641,1.1089368
0.65047914,1.1089368
0.65049416,1.1089368
0.6505092,1.1089368
0.6505242,1.0627055
0.6505392,1.0627055
0.65055424,1.0627055
0.65056926,1.0627055
0.6505843,1.0164738
0.6505993,1.0164738
0.6506143,1.0164738
0.65062934,1.0164738
0.65064436,1.0164738
0.6506594,0.970243
0.6506744,0.970243
0.6506894,0.970243
0.6507045,0.970243
0.6507195,0.92401123
0.65073454,0.92401123
0.65074956,0.92401123
0.6507646,0.92401123
0.6507796,0.87777996
0.6507946,0.87777996
0.65080965,0.87777996
0.65082467,0.87777996
0.6508397,0.87777996
0.6508547,0.8315482
0.6508697,0.8315482
0.65088475,0.8315482
0.65089977,0.8315482
0.6509148,0.7853174
0.6509298,0.7853174
0.6509448,0.7853174
0.65095985,0.7853174
0.65097487,0.7853174
0.6509899,0.7390857
0.6510049,0.7390857
0.65101993,0.7390857
0.65103495,0.7390857
0.65105,0.6928544
0.651065,0.6928544
0.65108,0.6928544
0.65109503,0.6928544
0.65111005,0.6928544
0.6511251,0.64662313
0.6511401,0.64662313
0.6511551,0.64662313
0.65117013,0.64662313
0.65118515,0.60039186
0.6512002,0.60039186
0.6512152,0.60039186
0.6512302,0.60039186
0.65124524,0.60039186
0.65126026,0.5541601
0.6512753,0.5541601
0.6512903,0.5541601
0.6513053,0.5541601
0.65132034,0.50792885
0.65133536,0.50792885
0.6513504,0.50792885
0.6513654,0.50792885
0.6513804,0.46169758
0.65139544,0.46169758
0.65141046,0.46169758
0.6514255,0.46169758
0.6514405,0.46169758
0.6514555,0.4154663
0.65147054,0.4154663
0.65148556,0.4154663
0.6515006,0.4154663
0.6515156,0.36923456
0.6515306,0.36923456
0.65154564,0.36923456
0.65156066,0.36923456
0.6515757,0.36923456
0.6515907,0.3230033
0.6516057,0.3230033
0.65162075,0.3230033
0.65163577,0.3230033
0.6516508,0.27677202
0.6516658,0.27677202
0.6516808,0.27677202
0.65169585,0.27677202
0.65171087,0.23054075
0.6517259,0.23054075
0.6517409,0.23054075
0.6517559,0.23054075
0.65177095,0.23054075
0.65178597,0.184309
0.651801,0.184309
0.651816,0.184309
0.65183103,0.184309
0.65184605,0.13807821
0.6518611,0.13807821
0.6518761,0.13807821
0.6518911,0.13807821
0.65190613,0.13807821
0.65192115,0.091846466
0.6519362,0.091846466
0.6519512,0.091846466
0.6519662,0.091846466
0.65198123,0.045615196
0.65199625,0.045615196
0.6520113,0.045615196
0.6520263,0.045615196
0.6520413,0.045615196
0.65205634,-6.160736E-4
0.65207136,-6.160736E-4
0.6520864,-6.160736E-4
0.6521014,-6.160736E-4
0.6521164,-0.046847343
0.65213144,-0.046847343
0.65214646,-0.046847343
0.6521615,-0.046847343
0.6521765,-0.09307861
0.6521915,-0.09307861
0.65220654,-0.09307861
0.65222156,-0.09307861
0.6522366,-0.09307861
0.6522516,-0.13931036
0.6522666,-0.13931036
0.65228164,-0.13931036
0.65229666,-0.13931036
0.6523117,-0.18554163
0.6523267,-0.18554163
0.6523417,-0.18554163
0.65235674,-0.18554163
0.65237176,-0.18554163
0.6523868,-0.2317729
0.6524018,-0.2317729
0.6524168,-0.2317729
0.65243185,-0.2317729
0.65244687,-0.27800417
0.65246195,-0.27800417
0.65247697,-0.27800417
0.652492,-0.27800417
0.652507,-0.27800417
0.652522,-0.32423592
0.65253705,-0.32423592
0.65255207,-0.32423592
0.6525671,-0.32423592
0.6525821,-0.32423592
0.6525971,-0.3704667
0.65261215,-0.3704667
0.65262717,-0.3704667
0.6526422,-0.3704667
0.6526572,-0.41669846
0.65267223,-0.41669846
0.65268725,-0.41669846
0.6527023,-0.41669846
0.6527173,-0.46292973
0.6527323,-0.46292973
0.65274733,-0.46292973
0.65276235,-0.46292973
0.6527774,-0.46292973
0.6527924,-0.5091615
0.6528074,-0.5091615
0.65282243,-0.5091615
0.65283746,-0.5091615
0.6528525,-0.5091615
0.6528675,-0.55539227
0.6528825,-0.55539227
0.65289754,-0.55539227
0.65291256,-0.55539227
0.6529276,-0.601624
0.6529426,-0.601624
0.6529576,-0.601624
0.65297264,-0.601624
0.65298766,-0.601624
0.6530027,-0.6478553
0.6530177,-0.6478553
0.6530327,-0.6478553
0.65304774,-0.6478553
0.65306276,-0.694087
0.6530778,-0.694087
0.6530928,-0.694087
0.6531078,-0.694087
0.65312284,-0.694087
0.65313786,-0.7403178
0.6531529,-0.7403178
0.6531679,-0.7403178
0.6531829,-0.7403178
0.65319794,-0.7403178
0.65321296,-0.78654957
0.653228,-0.78654957
0.653243,-0.78654957
0.653258,-0.78654957
0.65327305,-0.78654957
0.65328807,-0.83278084
0.6533031,-0.83278084
0.6533181,-0.83278084
0.6533331,-0.83278084
0.65334815,-0.8790121
0.65336317,-0.8790121
0.6533782,-0.8790121
0.6533932,-0.8790121
0.6534082,-0.8790121
0.65342325,-0.9252434
0.65343827,-0.9252434
0.6534533,-0.9252434
0.6534683,-0.9252434
0.65348333,-0.9252434
0.65349835,-0.9714751
0.6535134,-0.9714751
0.6535284,-0.9714751
0.6535434,-0.9714751
0.65355843,-1.0177064
0.65357345,-1.0177064
0.6535885,-1.0177064
0.6536035,-1.0177064
0.6536185,-1.0177064
0.65363353,-1.0639377
0.65364856,-1.0639377
0.6536636,-1.0639377
0.6536786,-1.0639377
0.6536936,-1.0639377
0.65370864,-1.1101689
0.65372366,-1.1101689
0.6537387,-1.1101689
0.6537537,-1.1101689
0.6537687,-1.1101689
0.65378374,-1.1564007
0.65379876,-1.1564007
0.6538138,-1.1564007
0.6538288,-1.1564007
0.6538438,-1.202632
0.65385884,-1.202632
0.65387386,-1.202632
0.6538889,-1.202632
0.6539039,-1.202632
0.6539189,-1.2488632
0.65393394,-1.2488632
0.65394896,-1.2488632
0.653964,-1.2488632
0.653979,-1.2488632
0.653994,-1.2950945
0.65400904,-1.2950945
0.65402406,-1.2950945
0.6540391,-1.2950945
0.6540541,-1.2950945
0.6540691,-1.3413262
0.65408415,-1.3413262
0.65409917,-1.3413262
0.6541142,-1.3413262
0.6541292,-1.3413262
0.6541442,-1.387557
0.65415925,-1.387557
0.65417427,-1.387557
0.6541893,-1.387557
0.6542043,-1.387557
0.6542194,-1.4337888
0.6542344,-1.4337888
0.6542494,-1.4337888
0.65426445,-1.4337888
0.6542795,-1.4337888
0.6542945,-1.48002
0.6543095,-1.48002
0.65432453,-1.48002
0.65433955,-1.48002
0.6543546,-1.48002
0.6543696,-1.48002
0.6543846,-1.48002
0.65439963,-1.5262513
0.65441465,-1.5262513
0.6544297,-1.5262513
0.6544447,-1.5262513
0.6544597,-1.5262513
0.65447474,-1.5724826
0.65448976,-1.5724826
0.6545048,-1.5724826
0.6545198,-1.5724826
0.6545348,-1.5724826
0.65454984,-1.6187139
0.65456486,-1.6187139
0.6545799,-1.6187139
0.6545949,-1.6187139
0.6546099,-1.6187139
0.65462494,-1.6187139
0.65463996,-1.6187139
0.654655,-1.6187139
0.65467,-1.5724826
0.654685,-1.5724826
0.65470004,-1.5724826
0.65471506,-1.5724826
0.6547301,-1.5724826
0.6547451,-1.5262513
0.6547601,-1.5262513
0.65477514,-1.5262513
0.65479016,-1.5262513
0.6548052,-1.5262513
0.6548202,-1.48002
0.6548352,-1.48002
0.65485024,-1.48002
0.65486526,-1.48002
0.6548803,-1.48002
0.6548953,-1.48002
0.6549103,-1.48002
0.65492535,-1.4337888
0.65494037,-1.4337888
0.6549554,-1.4337888
0.6549704,-1.4337888
0.6549854,-1.387557
0.65500045,-1.387557
0.65501547,-1.387557
0.6550305,-1.387557
0.6550455,-1.387557
0.6550605,-1.3413262
0.65507555,-1.3413262
0.6550906,-1.3413262
0.6551056,-1.3413262
0.6551206,-1.3413262
0.65513563,-1.2950945
0.65515065,-1.2950945
0.6551657,-1.2950945
0.6551807,-1.2950945
0.6551957,-1.2488632
0.65521073,-1.2488632
0.65522575,-1.2488632
0.6552408,-1.2488632
0.6552558,-1.2488632
0.6552708,-1.202632
0.65528584,-1.202632
0.65530086,-1.202632
0.6553159,-1.202632
0.6553309,-1.1564007
0.6553459,-1.1564007
0.65536094,-1.1564007
0.65537596,-1.1564007
0.655391,-1.1564007
0.655406,-1.1101689
0.655421,-1.1101689
0.65543604,-1.1101689
0.65545106,-1.1101689
0.6554661,-1.1101689
0.6554811,-1.0639377
0.6554961,-1.0639377
0.65551114,-1.0639377
0.65552616,-1.0639377
0.6555412,-1.0177064
0.6555562,-1.0177064
0.6555712,-1.0177064
0.65558624,-1.0177064
0.65560126,-1.0177064
0.6556163,-0.9714751
0.6556313,-0.9714751
0.6556463,-0.9714751
0.65566134,-0.9714751
0.65567636,-0.9714751
0.6556914,-0.9252434
0.6557064,-0.9252434
0.6557214,-0.9252434
0.65573645,-0.9252434
0.65575147,-0.8790121
0.6557665,-0.8790121
0.6557815,-0.8790121
0.6557965,-0.8790121
0.65581155,-0.8790121
0.65582657,-0.83278084
0.6558416,-0.83278084
0.6558566,-0.83278084
0.6558716,-0.83278084
0.65588665,-0.83278084
0.6559017,-0.78654957
0.6559167,-0.78654957
0.6559317,-0.78654957
0.65594673,-0.78654957
0.65596175,-0.7403178
0.6559768,-0.7403178
0.65599185,-0.7403178
0.6560069,-0.7403178
0.6560219,-0.7403178
0.6560369,-0.694087
0.65605193,-0.694087
0.65606695,-0.694087
0.656082,-0.694087
0.656097,-0.694087
0.656112,-0.6478553
0.65612704,-0.6478553
0.65614206,-0.6478553
0.6561571,-0.6478553
0.6561721,-0.601624
0.6561871,-0.601624
0.65620214,-0.601624
0.65621716,-0.601624
0.6562322,-0.601624
0.6562472,-0.55539227
0.6562622,-0.55539227
0.65627724,-0.55539227
0.65629226,-0.55539227
0.6563073,-0.55539227
0.6563223,-0.5091615
0.6563373,-0.5091615
0.65635234,-0.5091615
0.65636736,-0.5091615
0.6563824,-0.46292973
0.6563974,-0.46292973
0.6564124,-0.46292973
0.65642744,-0.46292973
0.65644246,-0.46292973
0.6564575,-0.41669846
0.6564725,-0.41669846
0.6564875,-0.41669846
0.65650254,-0.41669846
0.65651757,-0.41669846
0.6565326,-0.3704667
0.6565476,-0.3704667
0.6565626,-0.3704667
0.65657765,-0.3704667
0.65659267,-0.32423592
0.6566077,-0.32423592
0.6566227,-0.32423592
0.6566377,-0.32423592
0.65665275,-0.32423592
0.65666777,-0.27800417
0.6566828,-0.27800417
0.6566978,-0.27800417
0.65671283,-0.27800417
0.65672785,-0.27800417
0.6567429,-0.2317729
0.6567579,-0.2317729
0.6567729,-0.2317729
0.65678793,-0.2317729
0.65680295,-0.18554163
0.656818,-0.18554163
0.656833,-0.18554163
0.656848,-0.18554163
0.65686303,-0.18554163
0.65687805,-0.13931036
0.6568931,-0.13931036
0.6569081,-0.13931036
0.6569231,-0.13931036
0.65693814,-0.13931036
0.65695316,-0.09307861
0.6569682,-0.09307861
0.6569832,-0.09307861
0.6569982,-0.09307861
0.65701324,-0.046847343
0.65702826,-0.046847343
0.6570433,-0.046847343
0.6570583,-0.046847343
0.6570733,-0.046847343
0.65708834,-6.160736E-4
0.65710336,-6.160736E-4
0.6571184,-6.160736E-4
0.6571334,-6.160736E-4
0.6571484,0.045615196
0.65716344,0.045615196
0.65717846,0.045615196
0.6571935,0.045615196
0.6572085,0.045615196
0.6572235,0.091846466
0.65723854,0.091846466
0.65725356,0.091846466
0.6572686,0.091846466
0.6572836,0.091846466
0.6572986,0.13807821
0.65731364,0.13807821
0.65732867,0.13807821
0.6573437,0.13807821
0.6573587,0.184309
0.6573737,0.184309
0.65738875,0.184309
0.65740377,0.184309
0.6574188,0.184309
0.6574338,0.23054075
0.6574488,0.23054075
0.65746385,0.23054075
0.65747887,0.23054075
0.6574939,0.23054075
0.6575089,0.27677202
0.65752393,0.27677202
0.65753895,0.27677202
0.657554,0.27677202
0.657569,0.27677202
0.657584,0.3230033
0.65759903,0.3230033
0.65761405,0.3230033
0.6576291,0.3230033
0.6576441,0.36923456
0.6576591,0.36923456
0.65767413,0.36923456
0.65768915,0.36923456
0.6577042,0.36923456
0.6577192,0.4154663
0.6577342,0.4154663
0.6577493,0.4154663
0.6577643,0.4154663
0.65777934,0.4154663
0.65779436,0.46169758
0.6578094,0.46169758
0.6578244,0.46169758
0.6578394,0.46169758
0.65785444,0.50792885
0.65786946,0.50792885
0.6578845,0.50792885
0.6578995,0.50792885
0.6579145,0.50792885
0.65792954,0.5541601
0.65794456,0.5541601
0.6579596,0.5541601
0.6579746,0.5541601
0.6579896,0.5541601
0.65800464,0.60039186
0.65801966,0.60039186
0.6580347,0.60039186
0.6580497,0.60039186
0.6580647,0.60039186
0.65807974,0.64662313
0.65809476,0.64662313
0.6581098,0.64662313
0.6581248,0.64662313
0.6581398,0.6928544
0.65815485,0.6928544
0.65816987,0.6928544
0.6581849,0.6928544
0.6581999,0.6928544
0.6582149,0.7390857
0.65822995,0.7390857
0.65824497,0.7390857
0.65826,0.7390857
0.658275,0.7390857
0.65829,0.7853174
0.65830505,0.7853174
0.65832007,0.7853174
0.6583351,0.7853174
0.6583501,0.7853174
0.65836513,0.8315482
0.65838015,0.8315482
0.6583952,0.8315482
0.6584102,0.8315482
0.6584252,0.8315482
0.65844023,0.87777996
0.65845525,0.87777996
0.6584703,0.87777996
0.6584853,0.87777996
0.6585003,0.87777996
0.65851533,0.92401123
0.65853035,0.92401123
0.6585454,0.92401123
0.6585604,0.92401123
0.6585754,0.970243
0.65859044,0.970243
0.65860546,0.970243
0.6586205,0.970243
0.6586355,0.970243
0.6586505,1.0164738
0.65866554,1.0164738
0.65868056,1.0164738
0.6586956,1.0164738
0.6587106,1.0164738
0.6587256,1.0627055
0.65874064,1.0627055
0.65875566,1.0627055
0.6587707,1.0627055
0.6587857,1.0627055
0.6588007,1.1089368
0.65881574,1.1089368
0.65883076,1.1089368
0.6588458,1.1089368
0.6588608,1.1089368
0.6588758,1.1551685
0.65889084,1.1551685
0.65890586,1.1551685
0.6589209,1.1551685
0.6589359,1.1551685
0.6589509,1.2013993
0.65896595,1.2013993
0.65898097,1.2013993
0.658996,1.2013993
0.659011,1.2013993
0.659026,1.2476311
0.65904105,1.2476311
0.65905607,1.2476311
0.6590711,1.2476311
0.6590861,1.2476311
0.6591011,1.2938623
0.65911615,1.2938623
0.65913117,1.2938623
0.6591462,1.2938623
0.6591612,1.2938623
0.65917623,1.3400936
0.65919125,1.3400936
0.6592063,1.3400936
0.6592213,1.3400936
0.6592363,1.3400936
0.65925133,1.3863249
0.65926635,1.3863249
0.6592814,1.3863249
0.6592964,1.3863249
0.6593114,1.3863249
0.65932643,1.4325566
0.65934145,1.4325566
0.6593565,1.4325566
0.6593715,1.4325566
0.6593865,1.4325566
0.65940154,1.4787879
0.65941656,1.4787879
0.6594316,1.4787879
0.6594466,1.4787879
0.6594616,1.4787879
0.65947664,1.4787879
0.65949166,1.4787879
0.65950674,1.5250192
0.65952176,1.5250192
0.6595368,1.5250192
0.6595518,1.5250192
0.6595668,1.5250192
0.65958184,1.5712504
0.65959686,1.5712504
0.6596119,1.5712504
0.6596269,1.5712504
0.6596419,1.5712504
0.65965694,1.5712504
0.65967196,1.6174817
0.659687,1.6174817
0.659702,1.6174817
0.659717,1.6174817
0.65973204,1.6174817
0.65974706,1.6637135
0.6597621,1.6637135
0.6597771,1.6637135
0.6597921,1.6637135
0.65980715,1.6637135
0.65982217,1.7099442
0.6598372,1.7099442
0.6598522,1.7099442
0.6598672,1.7099442
0.65988225,1.7099442
0.65989727,1.756176
0.6599123,1.756176
0.6599273,1.756176
0.6599423,1.756176
0.65995735,1.756176
0.65997237,1.756176
0.6599874,1.756176
0.6600024,1.7099442
0.66001743,1.7099442
0.66003245,1.7099442
0.6600475,1.7099442
0.6600625,1.6637135
0.6600775,1.6637135
0.66009253,1.6637135
0.66010755,1.6637135
0.6601226,1.6174817
0.6601376,1.6174817
0.6601526,1.6174817
0.66016763,1.6174817
0.66018265,1.6174817
0.6601977,1.5712504
0.6602127,1.5712504
0.6602277,1.5712504
0.66024274,1.5712504
0.66025776,1.5250192
0.6602728,1.5250192
0.6602878,1.5250192
0.6603028,1.5250192
0.66031784,1.5250192
0.66033286,1.4787879
0.6603479,1.4787879
0.6603629,1.4787879
0.6603779,1.4787879
0.66039294,1.4787879
0.66040796,1.4787879
0.660423,1.4325566
0.660438,1.4325566
0.660453,1.4325566
0.66046804,1.4325566
0.66048306,1.4325566
0.6604981,1.3863249
0.6605131,1.3863249
0.6605281,1.3863249
0.66054314,1.3863249
0.66055816,1.3400936
0.6605732,1.3400936
0.6605882,1.3400936
0.6606032,1.3400936
0.66061825,1.3400936
0.66063327,1.2938623
0.6606483,1.2938623
0.6606633,1.2938623
0.6606783,1.2938623
0.66069335,1.2476311
0.66070837,1.2476311
0.6607234,1.2476311
0.6607384,1.2476311
0.6607534,1.2013993
0.66076845,1.2013993
0.66078347,1.2013993
0.6607985,1.2013993
0.6608135,1.2013993
0.66082853,1.1551685
0.66084355,1.1551685
0.6608586,1.1551685
0.6608736,1.1551685
0.6608886,1.1089368
0.66090363,1.1089368
0.66091865,1.1089368
0.6609337,1.1089368
0.6609487,1.0627055
0.6609637,1.0627055
0.66097873,1.0627055
0.66099375,1.0627055
0.6610088,1.0627055
0.6610238,1.0164738
0.6610388,1.0164738
0.66105384,1.0164738
0.66106886,1.0164738
0.6610839,0.970243
0.6610989,0.970243
0.6611139,0.970243
0.66112894,0.970243
0.66114396,0.970243
0.661159,0.92401123
0.661174,0.92401123
0.661189,0.92401123
0.66120404,0.92401123
0.66121906,0.87777996
0.6612341,0.87777996
0.6612491,0.87777996
0.6612642,0.87777996
0.6612792,0.87777996
0.6612942,0.8315482
0.66130924,0.8315482
0.66132426,0.8315482
0.6613393,0.8315482
0.6613543,0.7853174
0.6613693,0.7853174
0.66138434,0.7853174
0.66139936,0.7853174
0.6614144,0.7390857
0.6614294,0.7390857
0.6614444,0.7390857
0.66145945,0.7390857
0.66147447,0.7390857
0.6614895,0.6928544
0.6615045,0.6928544
0.6615195,0.6928544
0.66153455,0.6928544
0.66154957,0.64662313
0.6615646,0.64662313
0.6615796,0.64662313
0.6615946,0.64662313
0.66160965,0.64662313
0.66162467,0.60039186
0.6616397,0.60039186
0.6616547,0.60039186
0.66166973,0.60039186
0.66168475,0.5541601
0.6616998,0.5541601
0.6617148,0.5541601
0.6617298,0.5541601
0.66174483,0.50792885
0.66175985,0.50792885
0.6617749,0.50792885
0.6617899,0.50792885
0.6618049,0.50792885
0.66181993,0.46169758
0.66183496,0.46169758
0.66185,0.46169758
0.661865,0.46169758
0.66188,0.4154663
0.66189504,0.4154663
0.66191006,0.4154663
0.6619251,0.4154663
0.6619401,0.4154663
0.6619551,0.36923456
0.66197014,0.36923456
0.66198516,0.36923456
0.6620002,0.36923456
0.6620152,0.3230033
0.6620302,0.3230033
0.66204524,0.3230033
0.66206026,0.3230033
0.6620753,0.3230033
0.6620903,0.27677202
0.6621053,0.27677202
0.66212034,0.27677202
0.66213536,0.27677202
0.6621504,0.23054075
0.6621654,0.23054075
0.6621804,0.23054075
0.66219544,0.23054075
0.66221046,0.184309
0.6622255,0.184309
0.6622405,0.184309
0.6622555,0.184309
0.66227055,0.184309
0.66228557,0.13807821
0.6623006,0.13807821
0.6623156,0.13807821
0.6623306,0.13807821
0.66234565,0.091846466
0.66236067,0.091846466
0.6623757,0.091846466
0.6623907,0.091846466
0.6624057,0.091846466
0.66242075,0.045615196
0.66243577,0.045615196
0.6624508,0.045615196
0.6624658,0.045615196
0.66248083,-6.160736E-4
0.66249585,-6.160736E-4
0.6625109,-6.160736E-4
0.6625259,-6.160736E-4
0.6625409,-0.046847343
0.66255593,-0.046847343
0.66257095,-0.046847343
0.662586,-0.046847343
0.662601,-0.046847343
0.662616,-0.09307861
0.66263103,-0.09307861
0.66264606,-0.09307861
0.6626611,-0.09307861
0.6626761,-0.13931036
0.6626911,-0.13931036
0.66270614,-0.13931036
0.66272116,-0.13931036
0.6627362,-0.13931036
0.6627512,-0.18554163
0.6627662,-0.18554163
0.66278124,-0.18554163
0.66279626,-0.18554163
0.6628113,-0.2317729
0.6628263,-0.2317729
0.6628413,-0.2317729
0.66285634,-0.2317729
0.66287136,-0.2317729
0.6628864,-0.27800417
0.6629014,-0.27800417
0.6629164,-0.27800417
0.66293144,-0.27800417
0.66294646,-0.27800417
0.6629615,-0.32423592
0.6629765,-0.32423592
0.6629915,-0.32423592
0.66300654,-0.32423592
0.66302156,-0.3704667
0.66303664,-0.3704667
0.66305166,-0.3704667
0.6630667,-0.3704667
0.6630817,-0.3704667
0.6630967,-0.41669846
0.66311175,-0.41669846
0.66312677,-0.41669846
0.6631418,-0.41669846
0.6631568,-0.46292973
0.6631718,-0.46292973
0.66318685,-0.46292973
0.66320187,-0.46292973
0.6632169,-0.46292973
0.6632319,-0.5091615
0.6632469,-0.5091615
0.66326195,-0.5091615
0.663277,-0.5091615
0.663292,-0.55539227
0.663307,-0.55539227
0.66332203,-0.55539227
0.66333705,-0.55539227
0.6633521,-0.55539227
0.6633671,-0.601624
0.6633821,-0.601624
0.66339713,-0.601624
0.66341215,-0.601624
0.6634272,-0.601624
0.6634422,-0.6478553
0.6634572,-0.6478553
0.66347224,-0.6478553
0.66348726,-0.6478553
0.6635023,-0.694087
0.6635173,-0.694087
0.6635323,-0.694087
0.66354734,-0.694087
0.66356236,-0.694087
0.6635774,-0.7403178
0.6635924,-0.7403178
0.6636074,-0.7403178
0.66362244,-0.7403178
0.66363746,-0.7403178
0.6636525,-0.78654957
0.6636675,-0.78654957
0.6636825,-0.78654957
0.66369754,-0.78654957
0.66371256,-0.83278084
0.6637276,-0.83278084
0.6637426,-0.83278084
0.6637576,-0.83278084
0.66377264,-0.83278084
0.66378766,-0.8790121
0.6638027,-0.8790121
0.6638177,-0.8790121
0.6638327,-0.8790121
0.66384774,-0.8790121
0.66386276,-0.9252434
0.6638778,-0.9252434
0.6638928,-0.9252434
0.6639078,-0.9252434
0.66392285,-0.9714751
0.66393787,-0.9714751
0.6639529,-0.9714751
0.6639679,-0.9714751
0.6639829,-0.9714751
0.66399795,-1.0177064
0.66401297,-1.0177064
0.664028,-1.0177064
0.664043,-1.0177064
0.664058,-1.0177064
0.66407305,-1.0639377
0.6640881,-1.0639377
0.6641031,-1.0639377
0.6641181,-1.0639377
0.66413313,-1.1101689
0.66414815,-1.1101689
0.6641632,-1.1101689
0.6641782,-1.1101689
0.6641932,-1.1101689
0.66420823,-1.1564007
0.66422325,-1.1564007
0.6642383,-1.1564007
0.6642533,-1.1564007
0.6642683,-1.1564007
0.66428334,-1.202632
0.66429836,-1.202632
0.6643134,-1.202632
0.6643284,-1.202632
0.6643434,-1.202632
0.66435844,-1.2488632
0.66437346,-1.2488632
0.6643885,-1.2488632
0.6644035,-1.2488632
0.6644185,-1.2488632
0.66443354,-1.2950945
0.66444856,-1.2950945
0.6644636,-1.2950945
0.6644786,-1.2950945
0.6644936,-1.2950945
0.66450864,-1.3413262
0.66452366,-1.3413262
0.6645387,-1.3413262
0.6645537,-1.3413262
0.6645687,-1.387557
0.66458374,-1.387557
0.66459876,-1.387557
0.6646138,-1.387557
0.6646288,-1.387557
0.6646438,-1.4337888
0.66465884,-1.4337888
0.66467386,-1.4337888
0.6646889,-1.4337888
0.6647039,-1.4337888
0.6647189,-1.48002
0.66473395,-1.48002
0.66474897,-1.48002
0.664764,-1.48002
0.664779,-1.48002
0.6647941,-1.48002
0.6648091,-1.48002
0.6648241,-1.48002
0.66483915,-1.5262513
0.66485417,-1.5262513
0.6648692,-1.5262513
0.6648842,-1.5262513
0.66489923,-1.5262513
0.66491425,-1.5724826
0.6649293,-1.5724826
0.6649443,-1.5724826
0.6649593,-1.5724826
0.66497433,-1.5724826
0.66498935,-1.6187139
0.6650044,-1.6187139
0.6650194,-1.6187139
0.6650344,-1.6187139
0.66504943,-1.6187139
0.66506445,-1.6187139
0.6650795,-1.6187139
0.6650945,-1.6187139
0.6651095,-1.5724826
0.66512454,-1.5724826
0.66513956,-1.5724826
0.6651546,-1.5724826
0.6651696,-1.5724826
0.6651846,-1.5262513
0.66519964,-1.5262513
0.66521466,-1.5262513
0.6652297,-1.5262513
0.6652447,-1.48002
0.6652597,-1.48002
0.66527474,-1.48002
0.66528976,-1.48002
0.6653048,-1.48002
0.6653198,-1.48002
0.6653348,-1.48002
0.66534984,-1.4337888
0.66536486,-1.4337888
0.6653799,-1.4337888
0.6653949,-1.4337888
0.6654099,-1.4337888
0.66542494,-1.387557
0.66543996,-1.387557
0.665455,-1.387557
0.66547,-1.387557
0.665485,-1.387557
0.66550004,-1.3413262
0.66551507,-1.3413262
0.6655301,-1.3413262
0.6655451,-1.3413262
0.6655601,-1.2950945
0.66557515,-1.2950945
0.66559017,-1.2950945
0.6656052,-1.2950945
0.6656202,-1.2950945
0.6656352,-1.2488632
0.66565025,-1.2488632
0.66566527,-1.2488632
0.6656803,-1.2488632
0.6656953,-1.202632
0.66571033,-1.202632
0.66572535,-1.202632
0.6657404,-1.202632
0.6657554,-1.202632
0.6657704,-1.1564007
0.66578543,-1.1564007
0.66580045,-1.1564007
0.6658155,-1.1564007
0.6658305,-1.1564007
0.6658455,-1.1101689
0.66586053,-1.1101689
0.66587555,-1.1101689
0.6658906,-1.1101689
0.6659056,-1.0639377
0.6659206,-1.0639377
0.66593564,-1.0639377
0.66595066,-1.0639377
0.6659657,-1.0639377
0.6659807,-1.0177064
0.6659957,-1.0177064
0.66601074,-1.0177064
0.66602576,-1.0177064
0.6660408,-1.0177064
0.6660558,-0.9714751
0.6660708,-0.9714751
0.66608584,-0.9714751
0.66610086,-0.9714751
0.6661159,-0.9252434
0.6661309,-0.9252434
0.6661459,-0.9252434
0.66616094,-0.9252434
0.66617596,-0.9252434
0.666191,-0.8790121
0.666206,-0.8790121
0.666221,-0.8790121
0.66623604,-0.8790121
0.66625106,-0.8790121
0.6662661,-0.83278084
0.6662811,-0.83278084
0.6662961,-0.83278084
0.66631114,-0.83278084
0.66632617,-0.78654957
0.6663412,-0.78654957
0.6663562,-0.78654957
0.6663712,-0.78654957
0.66638625,-0.78654957
0.66640127,-0.7403178
0.6664163,-0.7403178
0.6664313,-0.7403178
0.6664463,-0.7403178
0.66646135,-0.7403178
0.66647637,-0.694087
0.6664914,-0.694087
0.6665064,-0.694087
0.66652143,-0.694087
0.66653645,-0.6478553
0.66655153,-0.6478553
0.66656655,-0.6478553
0.6665816,-0.6478553
0.6665966,-0.6478553
0.6666116,-0.601624
0.66662663,-0.601624
0.66664165,-0.601624
0.6666567,-0.601624
0.6666717,-0.601624
0.6666867,-0.55539227
0.66670173,-0.55539227
0.66671675,-0.55539227
0.6667318,-0.55539227
0.6667468,-0.5091615
0.6667618,-0.5091615
0.66677684,-0.5091615
0.66679186,-0.5091615
0.6668069,-0.5091615
0.6668219,-0.46292973
0.6668369,-0.46292973
0.66685194,-0.46292973
0.66686696,-0.46292973
0.666882,-0.46292973
0.666897,-0.41669846
0.666912,-0.41669846
0.66692704,-0.41669846
0.66694206,-0.41669846
0.6669571,-0.3704667
0.6669721,-0.3704667
0.6669871,-0.3704667
0.66700214,-0.3704667
0.66701716,-0.3704667
0.6670322,-0.32423592
0.6670472,-0.32423592
0.6670622,-0.32423592
0.66707724,-0.32423592
0.66709226,-0.32423592
0.6671073,-0.27800417
0.6671223,-0.27800417
0.6671373,-0.27800417
0.66715235,-0.27800417
0.66716737,-0.2317729
0.6671824,-0.2317729
0.6671974,-0.2317729
0.6672124,-0.2317729
0.66722745,-0.2317729
0.66724247,-0.18554163
0.6672575,-0.18554163
0.6672725,-0.18554163
0.6672875,-0.18554163
0.66730255,-0.13931036
0.66731757,-0.13931036
0.6673326,-0.13931036
0.6673476,-0.13931036
0.66736263,-0.13931036
0.66737765,-0.09307861
0.6673927,-0.09307861
0.6674077,-0.09307861
0.6674227,-0.09307861
0.66743773,-0.09307861
0.66745275,-0.046847343
0.6674678,-0.046847343
0.6674828,-0.046847343
0.6674978,-0.046847343
0.66751283,-0.046847343
0.66752785,-6.160736E-4
0.6675429,-6.160736E-4
0.6675579,-6.160736E-4
0.6675729,-6.160736E-4
0.66758794,0.045615196
0.66760296,0.045615196
0.667618,0.045615196
0.667633,0.045615196
0.667648,0.091846466
0.66766304,0.091846466
0.66767806,0.091846466
0.6676931,0.091846466
0.6677081,0.091846466
0.6677231,0.13807821
0.66773814,0.13807821
0.66775316,0.13807821
0.6677682,0.13807821
0.6677832,0.13807821
0.6677982,0.184309
0.66781324,0.184309
0.66782826,0.184309
0.6678433,0.184309
0.6678583,0.184309
0.6678733,0.23054075
0.66788834,0.23054075
0.66790336,0.23054075
0.6679184,0.23054075
0.6679334,0.27677202
0.6679484,0.27677202
0.66796345,0.27677202
0.66797847,0.27677202
0.6679935,0.27677202
0.6680085,0.3230033
0.6680235,0.3230033
0.66803855,0.3230033
0.66805357,0.3230033
0.6680686,0.3230033
0.6680836,0.36923456
0.6680986,0.36923456
0.66811365,0.36923456
0.66812867,0.36923456
0.6681437,0.4154663
0.6681587,0.4154663
0.66817373,0.4154663
0.66818875,0.4154663
0.6682038,0.4154663
0.6682188,0.46169758
0.6682338,0.46169758
0.66824883,0.46169758
0.66826385,0.46169758
0.6682789,0.46169758
0.6682939,0.50792885
0.668309,0.50792885
0.668324,0.50792885
0.668339,0.50792885
0.66835403,0.50792885
0.66836905,0.5541601
0.6683841,0.5541601
0.6683991,0.5541601
0.6684141,0.5541601
0.66842914,0.60039186
0.66844416,0.60039186
0.6684592,0.60039186
0.6684742,0.60039186
0.6684892,0.60039186
0.66850424,0.64662313
0.66851926,0.64662313
0.6685343,0.64662313
0.6685493,0.64662313
0.6685643,0.64662313
0.66857934,0.6928544
0.66859436,0.6928544
0.6686094,0.6928544
0.6686244,0.6928544
0.6686394,0.6928544
0.66865444,0.7390857
0.66866946,0.7390857
0.6686845,0.7390857
0.6686995,0.7390857
0.6687145,0.7853174
0.66872954,0.7853174
0.66874456,0.7853174
0.6687596,0.7853174
0.6687746,0.7853174
0.6687896,0.8315482
0.66880465,0.8315482
0.66881967,0.8315482
0.6688347,0.8315482
0.6688497,0.8315482
0.6688647,0.87777996
0.66887975,0.87777996
0.66889477,0.87777996
0.6689098,0.87777996
0.6689248,0.87777996
0.6689398,0.92401123
0.66895485,0.92401123
0.66896987,0.92401123
0.6689849,0.92401123
0.6689999,0.92401123
0.66901493,0.970243
0.66902995,0.970243
0.669045,0.970243
0.66906,0.970243
0.669075,0.970243
0.66909003,1.0164738
0.66910505,1.0164738
0.6691201,1.0164738
0.6691351,1.0164738
0.6691501,1.0164738
0.66916513,1.0627055
0.66918015,1.0627055
0.6691952,1.0627055
0.6692102,1.0627055
0.6692252,1.0627055
0.66924024,1.1089368
0.66925526,1.1089368
0.6692703,1.1089368
0.6692853,1.1089368
0.6693003,1.1089368
0.66931534,1.1551685
0.66933036,1.1551685
0.6693454,1.1551685
0.6693604,1.1551685
0.6693754,1.2013993
0.66939044,1.2013993
0.66940546,1.2013993
0.6694205,1.2013993
0.6694355,1.2013993
0.6694505,1.2476311
0.66946554,1.2476311
0.66948056,1.2476311
0.6694956,1.2476311
0.6695106,1.2476311
0.6695256,1.2938623
0.66954064,1.2938623
0.66955566,1.2938623
0.6695707,1.2938623
0.6695857,1.3400936
0.6696007,1.3400936
0.66961575,1.3400936
0.66963077,1.3400936
0.6696458,1.3400936
0.6696608,1.3400936
0.6696758,1.3863249
0.66969085,1.3863249
0.66970587,1.3863249
0.6697209,1.3863249
0.6697359,1.3863249
0.6697509,1.4325566
0.66976595,1.4325566
0.66978097,1.4325566
0.669796,1.4325566
0.669811,1.4325566
0.66982603,1.4787879
0.66984105,1.4787879
0.6698561,1.4787879
0.6698711,1.4787879
0.6698861,1.4787879
0.66990113,1.4787879
0.66991615,1.4787879
0.6699312,1.4787879
0.6699462,1.5250192
0.6699612,1.5250192
0.66997623,1.5250192
0.66999125,1.5250192
0.6700063,1.5250192
0.6700213,1.5712504
0.6700363,1.5712504
0.67005134,1.5712504
0.67006636,1.5712504
0.67008144,1.5712504
0.67009646,1.6174817
0.6701115,1.6174817
0.6701265,1.6174817
0.6701415,1.6174817
0.67015654,1.6174817
0.67017156,1.6637135
0.6701866,1.6637135
0.6702016,1.6637135
0.6702166,1.6637135
0.67023164,1.6637135
0.67024666,1.7099442
0.6702617,1.7099442
0.6702767,1.7099442
0.6702917,1.7099442
0.67030674,1.7099442
0.67032176,1.756176
0.6703368,1.756176
0.6703518,1.756176
0.6703668,1.756176
0.67038184,1.756176
0.67039686,1.756176
0.6704119,1.756176
0.6704269,1.756176
0.6704419,1.7099442
0.67045695,1.7099442
0.67047197,1.7099442
0.670487,1.7099442
0.670502,1.6637135
0.670517,1.6637135
0.67053205,1.6637135
0.67054707,1.6637135
0.6705621,1.6174817
0.6705771,1.6174817
0.6705921,1.6174817
0.67060715,1.6174817
0.67062217,1.6174817
0.6706372,1.5712504
0.6706522,1.5712504
0.67066723,1.5712504
0.67068225,1.5712504
0.6706973,1.5250192
0.6707123,1.5250192
0.6707273,1.5250192
0.67074233,1.5250192
0.67075735,1.4787879
0.6707724,1.4787879
0.6707874,1.4787879
0.6708024,1.4787879
0.67081743,1.4787879
0.67083246,1.4787879
0.6708475,1.4787879
0.6708625,1.4325566
0.6708775,1.4325566
0.67089254,1.4325566
0.67090756,1.4325566
0.6709226,1.3863249
0.6709376,1.3863249
0.6709526,1.3863249
0.67096764,1.3863249
0.67098266,1.3863249
0.6709977,1.3400936
0.6710127,1.3400936
0.6710277,1.3400936
0.67104274,1.3400936
0.67105776,1.2938623
0.6710728,1.2938623
0.6710878,1.2938623
0.6711028,1.2938623
0.67111784,1.2938623
0.67113286,1.2476311
0.6711479,1.2476311
0.6711629,1.2476311
0.6711779,1.2476311
0.67119294,1.2013993
0.67120796,1.2013993
0.671223,1.2013993
0.671238,1.2013993
0.671253,1.1551685
0.67126805,1.1551685
0.67128307,1.1551685
0.6712981,1.1551685
0.6713131,1.1551685
0.6713281,1.1089368
0.67134315,1.1089368
0.67135817,1.1089368
0.6713732,1.0627055
0.6713882,1.0627055
0.6714032,1.0627055
0.67141825,1.0627055
0.67143327,1.0627055
0.6714483,1.0164738
0.6714633,1.0164738
0.67147833,1.0164738
0.67149335,1.0164738
0.6715084,1.0164738
0.6715234,0.970243
0.6715384,0.970243
0.67155343,0.970243
0.67156845,0.970243
0.6715835,0.92401123
0.6715985,0.92401123
0.6716135,0.92401123
0.67162853,0.92401123
0.67164356,0.87777996
0.6716586,0.87777996
0.6716736,0.87777996
0.6716886,0.87777996
0.67170364,0.87777996
0.67171866,0.8315482
0.6717337,0.8315482
0.6717487,0.8315482
0.6717637,0.8315482
0.67177874,0.8315482
0.67179376,0.7853174
0.6718088,0.7853174
0.6718238,0.7853174
0.6718389,0.7853174
0.6718539,0.7390857
0.6718689,0.7390857
0.67188394,0.7390857
0.67189896,0.7390857
0.671914,0.6928544
0.671929,0.6928544
0.671944,0.6928544
0.67195904,0.6928544
0.67197406,0.6928544
0.6719891,0.64662313
0.6720041,0.64662313
0.6720191,0.64662313
0.67203414,0.64662313
0.67204916,0.60039186
0.6720642,0.60039186
0.6720792,0.60039186
0.6720942,0.60039186
0.67210925,0.60039186
0.67212427,0.5541601
0.6721393,0.5541601
0.6721543,0.5541601
0.6721693,0.5541601
0.67218435,0.50792885
0.67219937,0.50792885
0.6722144,0.50792885
0.6722294,0.50792885
0.6722444,0.50792885
0.67225945,0.46169758
0.6722745,0.46169758
0.6722895,0.46169758
0.6723045,0.46169758
0.67231953,0.4154663
0.67233455,0.4154663
0.6723496,0.4154663
0.6723646,0.4154663
0.6723796,0.4154663
0.67239463,0.36923456
0.67240965,0.36923456
0.6724247,0.36923456
0.6724397,0.36923456
0.6724547,0.3230033
0.67246974,0.3230033
0.67248476,0.3230033
0.6724998,0.3230033
0.6725148,0.27677202
0.6725298,0.27677202
0.67254484,0.27677202
0.67255986,0.27677202
0.6725749,0.27677202
0.6725899,0.23054075
0.6726049,0.23054075
0.67261994,0.23054075
0.67263496,0.23054075
0.67265,0.184309
0.672665,0.184309
0.67268,0.184309
0.67269504,0.184309
0.67271006,0.184309
0.6727251,0.13807821
0.6727401,0.13807821
0.6727551,0.13807821
0.67277014,0.13807821
0.67278516,0.091846466
0.6728002,0.091846466
0.6728152,0.091846466
0.6728302,0.091846466
0.67284524,0.045615196
0.67286026,0.045615196
0.6728753,0.045615196
0.6728903,0.045615196
0.6729053,0.045615196
0.67292035,-6.160736E-4
0.67293537,-6.160736E-4
0.6729504,-6.160736E-4
0.6729654,-6.160736E-4
0.6729804,-0.046847343
0.67299545,-0.046847343
0.67301047,-0.046847343
0.6730255,-0.046847343
0.6730405,-0.046847343
0.6730555,-0.09307861
0.67307055,-0.09307861
0.6730856,-0.09307861
0.6731006,-0.09307861
0.6731156,-0.13931036
0.67313063,-0.13931036
0.67314565,-0.13931036
0.6731607,-0.13931036
0.6731757,-0.18554163
0.6731907,-0.18554163
0.67320573,-0.18554163
0.67322075,-0.18554163
0.6732358,-0.18554163
0.6732508,-0.2317729
0.6732658,-0.2317729
0.67328084,-0.2317729
0.67329586,-0.2317729
0.6733109,-0.2317729
0.6733259,-0.27800417
0.6733409,-0.27800417
0.67335594,-0.27800417
0.67337096,-0.27800417
0.673386,-0.32423592
0.673401,-0.32423592
0.673416,-0.32423592
0.67343104,-0.32423592
0.67344606,-0.32423592
0.6734611,-0.3704667
0.6734761,-0.3704667
0.6734911,-0.3704667
0.67350614,-0.3704667
0.67352116,-0.41669846
0.6735362,-0.41669846
0.6735512,-0.41669846
0.6735662,-0.41669846
0.67358124,-0.46292973
0.6735963,-0.46292973
0.67361134,-0.46292973
0.67362636,-0.46292973
0.6736414,-0.46292973
0.6736564,-0.5091615
0.6736714,-0.5091615
0.67368644,-0.5091615
0.67370147,-0.5091615
0.6737165,-0.5091615
0.6737315,-0.55539227
0.6737465,-0.55539227
0.67376155,-0.55539227
0.67377657,-0.55539227
0.6737916,-0.55539227
0.6738066,-0.601624
0.6738216,-0.601624
0.67383665,-0.601624
0.67385167,-0.601624
0.6738667,-0.6478553
0.6738817,-0.6478553
0.67389673,-0.6478553
0.67391175,-0.6478553
0.6739268,-0.6478553
0.6739418,-0.694087
0.6739568,-0.694087
0.67397183,-0.694087
0.67398685,-0.694087
0.6740019,-0.7403178
0.6740169,-0.7403178
0.6740319,-0.7403178
0.67404693,-0.7403178
0.67406195,-0.7403178
0.674077,-0.78654957
0.674092,-0.78654957
0.674107,-0.78654957
0.67412204,-0.78654957
0.67413706,-0.78654957
0.6741521,-0.83278084
0.6741671,-0.83278084
0.6741821,-0.83278084
0.67419714,-0.83278084
0.67421216,-0.83278084
0.6742272,-0.8790121
0.6742422,-0.8790121
0.6742572,-0.8790121
0.67427224,-0.8790121
0.67428726,-0.9252434
0.6743023,-0.9252434
0.6743173,-0.9252434
0.6743323,-0.9252434
0.67434734,-0.9252434
0.67436236,-0.9714751
0.6743774,-0.9714751
0.6743924,-0.9714751
0.6744074,-0.9714751
0.67442244,-0.9714751
0.67443746,-1.0177064
0.6744525,-1.0177064
0.6744675,-1.0177064
0.6744825,-1.0177064
0.67449754,-1.0639377
0.67451257,-1.0639377
0.6745276,-1.0639377
0.6745426,-1.0639377
0.6745576,-1.0639377
0.67457265,-1.1101689
0.67458767,-1.1101689
0.6746027,-1.1101689
0.6746177,-1.1101689
0.6746327,-1.1101689
0.67464775,-1.1564007
0.67466277,-1.1564007
0.6746778,-1.1564007
0.6746928,-1.1564007
0.67470783,-1.202632
0.67472285,-1.202632
0.6747379,-1.202632
0.6747529,-1.202632
0.6747679,-1.202632
0.67478293,-1.202632
0.67479795,-1.2488632
0.674813,-1.2488632
0.674828,-1.2488632
0.674843,-1.2488632
0.67485803,-1.2950945
0.67487305,-1.2950945
0.6748881,-1.2950945
0.6749031,-1.2950945
0.6749181,-1.2950945
0.67493314,-1.3413262
0.67494816,-1.3413262
0.6749632,-1.3413262
0.6749782,-1.3413262
0.6749932,-1.3413262
0.67500824,-1.387557
0.67502326,-1.387557
0.6750383,-1.387557
0.6750533,-1.387557
0.6750683,-1.387557
0.67508334,-1.4337888
0.67509836,-1.4337888
0.6751134,-1.4337888
0.6751284,-1.4337888
0.6751434,-1.4337888
0.67515844,-1.48002
0.67517346,-1.48002
0.6751885,-1.48002
0.6752035,-1.48002
0.6752185,-1.48002
0.67523354,-1.48002
0.67524856,-1.48002
0.6752636,-1.5262513
0.6752786,-1.5262513
0.6752936,-1.5262513
0.67530864,-1.5262513
0.67532367,-1.5262513
0.6753387,-1.5724826
0.67535377,-1.5724826
0.6753688,-1.5724826
0.6753838,-1.5724826
0.6753988,-1.5724826
0.67541385,-1.6187139
0.67542887,-1.6187139
0.6754439,-1.6187139
0.6754589,-1.6187139
0.6754739,-1.6187139
0.67548895,-1.6187139
0.67550397,-1.6187139
0.675519,-1.6187139
0.675534,-1.5724826
0.67554903,-1.5724826
0.67556405,-1.5724826
0.6755791,-1.5724826
0.6755941,-1.5724826
0.6756091,-1.5262513
0.67562413,-1.5262513
0.67563915,-1.5262513
0.6756542,-1.5262513
0.6756692,-1.5262513
0.6756842,-1.48002
0.67569923,-1.48002
0.67571425,-1.48002
0.6757293,-1.48002
0.6757443,-1.48002
0.6757593,-1.48002
0.67577434,-1.48002
0.67578936,-1.4337888
0.6758044,-1.4337888
0.6758194,-1.4337888
0.6758344,-1.4337888
0.67584944,-1.4337888
0.67586446,-1.387557
0.6758795,-1.387557
0.6758945,-1.387557
0.6759095,-1.387557
0.67592454,-1.3413262
0.67593956,-1.3413262
0.6759546,-1.3413262
0.6759696,-1.3413262
0.6759846,-1.3413262
0.67599964,-1.2950945
0.67601466,-1.2950945
0.6760297,-1.2950945
0.6760447,-1.2950945
0.6760597,-1.2488632
0.67607474,-1.2488632
0.67608976,-1.2488632
0.6761048,-1.2488632
0.6761198,-1.2488632
0.6761348,-1.202632
0.67614985,-1.202632
0.67616487,-1.202632
0.6761799,-1.202632
0.6761949,-1.202632
0.6762099,-1.1564007
0.67622495,-1.1564007
0.67623997,-1.1564007
0.676255,-1.1564007
0.67627,-1.1564007
0.676285,-1.1101689
0.67630005,-1.1101689
0.67631507,-1.1101689
0.6763301,-1.1101689
0.6763451,-1.0639377
0.67636013,-1.0639377
0.67637515,-1.0639377
0.6763902,-1.0639377
0.6764052,-1.0639377
0.6764202,-1.0177064
0.67643523,-1.0177064
0.67645025,-1.0177064
0.6764653,-1.0177064
0.6764803,-0.9714751
0.6764953,-0.9714751
0.67651033,-0.9714751
0.67652535,-0.9714751
0.6765404,-0.9714751
0.6765554,-0.9252434
0.6765704,-0.9252434
0.67658544,-0.9252434
0.67660046,-0.9252434
0.6766155,-0.9252434
0.6766305,-0.8790121
0.6766455,-0.8790121
0.67666054,-0.8790121
0.67667556,-0.8790121
0.6766906,-0.83278084
0.6767056,-0.83278084
0.6767206,-0.83278084
0.67673564,-0.83278084
0.67675066,-0.83278084
0.6767657,-0.78654957
0.6767807,-0.78654957
0.6767957,-0.78654957
0.67681074,-0.78654957
0.67682576,-0.78654957
0.6768408,-0.7403178
0.6768558,-0.7403178
0.6768708,-0.7403178
0.67688584,-0.7403178
0.67690086,-0.694087
0.6769159,-0.694087
0.6769309,-0.694087
0.6769459,-0.694087
0.67696095,-0.694087
0.67697597,-0.6478553
0.676991,-0.6478553
0.677006,-0.6478553
0.677021,-0.6478553
0.67703605,-0.6478553
0.67705107,-0.601624
0.6770661,-0.601624
0.6770811,-0.601624
0.6770961,-0.601624
0.6771112,-0.55539227
0.6771262,-0.55539227
0.67714125,-0.55539227
0.67715627,-0.55539227
0.6771713,-0.55539227
0.6771863,-0.5091615
0.67720133,-0.5091615
0.67721635,-0.5091615
0.6772314,-0.5091615
0.6772464,-0.46292973
0.6772614,-0.46292973
0.67727643,-0.46292973
0.67729145,-0.46292973
0.6773065,-0.46292973
0.6773215,-0.41669846
0.6773365,-0.41669846
0.67735153,-0.41669846
0.67736655,-0.41669846
0.6773816,-0.41669846
0.6773966,-0.3704667
0.6774116,-0.3704667
0.67742664,-0.3704667
0.67744166,-0.3704667
0.6774567,-0.3704667
0.6774717,-0.32423592
0.6774867,-0.32423592
0.67750174,-0.32423592
0.67751676,-0.32423592
0.6775318,-0.27800417
0.6775468,-0.27800417
0.6775618,-0.27800417
0.67757684,-0.27800417
0.67759186,-0.27800417
0.6776069,-0.2317729
0.6776219,-0.2317729
0.6776369,-0.2317729
0.67765194,-0.2317729
0.67766696,-0.18554163
0.677682,-0.18554163
0.677697,-0.18554163
0.677712,-0.18554163
0.67772704,-0.18554163
0.67774206,-0.13931036
0.6777571,-0.13931036
0.6777721,-0.13931036
0.6777871,-0.13931036
0.67780215,-0.13931036
0.67781717,-0.09307861
0.6778322,-0.09307861
0.6778472,-0.09307861
0.6778622,-0.09307861
0.67787725,-0.09307861
0.67789227,-0.046847343
0.6779073,-0.046847343
0.6779223,-0.046847343
0.6779373,-0.046847343
0.67795235,-6.160736E-4
0.67796737,-6.160736E-4
0.6779824,-6.160736E-4
0.6779974,-6.160736E-4
0.67801243,-6.160736E-4
0.67802745,0.045615196
0.6780425,0.045615196
0.6780575,0.045615196
0.6780725,0.045615196
0.67808753,0.091846466
0.67810255,0.091846466
0.6781176,0.091846466
0.6781326,0.091846466
0.6781476,0.091846466
0.67816263,0.13807821
0.67817765,0.13807821
0.6781927,0.13807821
0.6782077,0.13807821
0.6782227,0.13807821
0.67823774,0.184309
0.67825276,0.184309
0.6782678,0.184309
0.6782828,0.184309
0.6782978,0.23054075
0.67831284,0.23054075
0.67832786,0.23054075
0.6783429,0.23054075
0.6783579,0.23054075
0.6783729,0.27677202
0.67838794,0.27677202
0.67840296,0.27677202
0.678418,0.27677202
0.678433,0.27677202
0.678448,0.3230033
0.67846304,0.3230033
0.67847806,0.3230033
0.6784931,0.3230033
0.6785081,0.36923456
0.6785231,0.36923456
0.67853814,0.36923456
0.67855316,0.36923456
0.6785682,0.36923456
0.6785832,0.4154663
0.6785982,0.4154663
0.67861325,0.4154663
0.67862827,0.4154663
0.6786433,0.4154663
0.6786583,0.46169758
0.6786733,0.46169758
0.67868835,0.46169758
0.67870337,0.46169758
0.6787184,0.46169758
0.6787334,0.50792885
0.6787484,0.50792885
0.67876345,0.50792885
0.67877847,0.50792885
0.6787935,0.5541601
0.6788085,0.5541601
0.67882353,0.5541601
0.67883855,0.5541601
0.6788536,0.5541601
0.6788686,0.60039186
0.6788837,0.60039186
0.6788987,0.60039186
0.6789137,0.60039186
0.67892873,0.60039186
0.67894375,0.64662313
0.6789588,0.64662313
0.6789738,0.64662313
0.6789888,0.64662313
0.67900383,0.64662313
0.67901886,0.6928544
0.6790339,0.6928544
0.6790489,0.6928544
0.6790639,0.6928544
0.67907894,0.7390857
0.67909396,0.7390857
0.679109,0.7390857
0.679124,0.7390857
0.679139,0.7390857
0.67915404,0.7853174
0.67916906,0.7853174
0.6791841,0.7853174
0.6791991,0.7853174
0.6792141,0.7853174
0.67922914,0.8315482
0.67924416,0.8315482
0.6792592,0.8315482
0.6792742,0.8315482
0.6792892,0.8315482
0.67930424,0.87777996
0.67931926,0.87777996
0.6793343,0.87777996
0.6793493,0.87777996
0.6793643,0.87777996
0.67937934,0.92401123
0.67939436,0.92401123
0.6794094,0.92401123
0.6794244,0.92401123
0.6794394,0.92401123
0.67945445,0.970243
0.67946947,0.970243
0.6794845,0.970243
0.6794995,0.970243
0.6795145,1.0164738
0.67952955,1.0164738
0.67954457,1.0164738
0.6795596,1.0164738
0.6795746,1.0164738
0.6795896,1.0627055
0.67960465,1.0627055
0.67961967,1.0627055
0.6796347,1.0627055
0.6796497,1.0627055
0.67966473,1.1089368
0.67967975,1.1089368
0.6796948,1.1089368
0.6797098,1.1089368
0.6797248,1.1089368
0.67973983,1.1551685
0.67975485,1.1551685
0.6797699,1.1551685
0.6797849,1.1551685
0.6797999,1.1551685
0.67981493,1.2013993
0.67982996,1.2013993
0.679845,1.2013993
0.67986,1.2013993
0.679875,1.2013993
0.67989004,1.2476311
0.67990506,1.2476311
0.6799201,1.2476311
0.6799351,1.2476311
0.6799501,1.2476311
0.67996514,1.2938623
0.67998016,1.2938623
0.6799952,1.2938623
0.6800102,1.2938623
0.6800252,1.2938623
0.68004024,1.3400936
0.68005526,1.3400936
0.6800703,1.3400936
0.6800853,1.3400936
0.6801003,1.3400936
0.68011534,1.3863249
0.68013036,1.3863249
0.6801454,1.3863249
0.6801604,1.3863249
0.6801754,1.3863249
0.68019044,1.4325566
0.68020546,1.4325566
0.6802205,1.4325566
0.6802355,1.4325566
0.6802505,1.4325566
0.68026555,1.4787879
0.68028057,1.4787879
0.6802956,1.4787879
0.6803106,1.4787879
0.6803256,1.4787879
0.68034065,1.4787879
0.68035567,1.4787879
0.6803707,1.4787879
0.6803857,1.5250192
0.6804007,1.5250192
0.68041575,1.5250192
0.68043077,1.5250192
0.6804458,1.5250192
0.6804608,1.5712504
0.68047583,1.5712504
0.68049085,1.5712504
0.6805059,1.5712504
0.6805209,1.5712504
0.6805359,1.6174817
0.68055093,1.6174817
0.68056595,1.6174817
0.680581,1.6174817
0.680596,1.6174817
0.680611,1.6637135
0.68062603,1.6637135
0.6806411,1.6637135
0.68065614,1.6637135
0.68067116,1.6637135
0.6806862,1.7099442
0.6807012,1.7099442
0.6807162,1.7099442
0.68073124,1.7099442
0.68074626,1.7099442
0.6807613,1.756176
0.6807763,1.756176
0.6807913,1.756176
0.68080634,1.756176
0.68082136,1.756176
0.6808364,1.756176
0.6808514,1.756176
0.6808664,1.7099442
0.68088144,1.7099442
0.68089646,1.7099442
0.6809115,1.7099442
0.6809265,1.6637135
0.6809415,1.6637135
0.68095654,1.6637135
0.68097156,1.6637135
0.6809866,1.6637135
0.6810016,1.6174817
0.6810166,1.6174817
0.68103164,1.6174817
0.68104666,1.6174817
0.6810617,1.5712504
0.6810767,1.5712504
0.6810917,1.5712504
0.68110675,1.5712504
0.68112177,1.5250192
0.6811368,1.5250192
0.6811518,1.5250192
0.6811668,1.5250192
0.68118185,1.5250192
0.68119687,1.4787879
0.6812119,1.4787879
0.6812269,1.4787879
0.6812419,1.4787879
0.68125695,1.4787879
0.681272,1.4787879
0.681287,1.4325566
0.681302,1.4325566
0.68131703,1.4325566
0.68133205,1.4325566
0.6813471,1.4325566
0.6813621,1.3863249
0.6813771,1.3863249
0.68139213,1.3863249
0.68140715,1.3863249
0.6814222,1.3400936
0.6814372,1.3400936
0.6814522,1.3400936
0.68146724,1.3400936
0.68148226,1.3400936
0.6814973,1.2938623
0.6815123,1.2938623
0.6815273,1.2938623
0.68154234,1.2938623
0.68155736,1.2476311
0.6815724,1.2476311
0.6815874,1.2476311
0.6816024,1.2476311
0.68161744,1.2476311
0.68163246,1.2013993
0.6816475,1.2013993
0.6816625,1.2013993
0.6816775,1.2013993
0.68169254,1.1551685
0.68170756,1.1551685
0.6817226,1.1551685
0.6817376,1.1551685
0.6817526,1.1551685
0.68176764,1.1089368
0.68178266,1.1089368
0.6817977,1.1089368
0.6818127,1.1089368
0.6818277,1.0627055
0.68184274,1.0627055
0.68185776,1.0627055
0.6818728,1.0627055
0.6818878,1.0164738
0.6819028,1.0164738
0.68191785,1.0164738
0.68193287,1.0164738
0.6819479,1.0164738
0.6819629,0.970243
0.6819779,0.970243
0.68199295,0.970243
0.68200797,0.970243
0.682023,0.92401123
0.682038,0.92401123
0.682053,0.92401123
0.68206805,0.92401123
0.6820831,0.87777996
0.6820981,0.87777996
0.6821131,0.87777996
0.68212813,0.87777996
0.68214315,0.87777996
0.6821582,0.8315482
0.6821732,0.8315482
0.6821882,0.8315482
0.68220323,0.8315482
0.68221825,0.7853174
0.6822333,0.7853174
0.6822483,0.7853174
0.6822633,0.7853174
0.68227834,0.7390857
0.68229336,0.7390857
0.6823084,0.7390857
0.6823234,0.7390857
0.6823384,0.7390857
0.68235344,0.6928544
0.68236846,0.6928544
0.6823835,0.6928544
0.68239856,0.6928544
0.6824136,0.6928544
0.6824286,0.64662313
0.6824436,0.64662313
0.68245864,0.64662313
0.68247366,0.64662313
0.6824887,0.60039186
0.6825037,0.60039186
0.6825187,0.60039186
0.68253374,0.60039186
0.68254876,0.5541601
0.6825638,0.5541601
0.6825788,0.5541601
0.6825938,0.5541601
0.68260884,0.5541601
0.68262386,0.50792885
0.6826389,0.50792885
0.6826539,0.50792885
0.6826689,0.50792885
0.68268394,0.46169758
0.68269897,0.46169758
0.682714,0.46169758
0.682729,0.46169758
0.682744,0.46169758
0.68275905,0.4154663
0.68277407,0.4154663
0.6827891,0.4154663
0.6828041,0.4154663
0.6828191,0.36923456
0.68283415,0.36923456
0.68284917,0.36923456
0.6828642,0.36923456
0.6828792,0.3230033
0.68289423,0.3230033
0.68290925,0.3230033
0.6829243,0.3230033
0.6829393,0.3230033
0.6829543,0.27677202
0.68296933,0.27677202
0.68298435,0.27677202
0.6829994,0.27677202
0.6830144,0.23054075
0.6830294,0.23054075
0.68304443,0.23054075
0.68305945,0.23054075
0.6830745,0.23054075
0.6830895,0.184309
0.6831045,0.184309
0.68311954,0.184309
0.68313456,0.184309
0.6831496,0.13807821
0.6831646,0.13807821
0.6831796,0.13807821
0.68319464,0.13807821
0.68320966,0.13807821
0.6832247,0.091846466
0.6832397,0.091846466
0.6832547,0.091846466
0.68326974,0.091846466
0.68328476,0.045615196
0.6832998,0.045615196
0.6833148,0.045615196
0.6833298,0.045615196
0.68334484,0.045615196
0.68335986,-6.160736E-4
0.6833749,-6.160736E-4
0.6833899,-6.160736E-4
0.6834049,-6.160736E-4
0.68341994,-0.046847343
0.68343496,-0.046847343
0.68345,-0.046847343
0.683465,-0.046847343
0.68348,-0.09307861
0.68349504,-0.09307861
0.68351007,-0.09307861
0.6835251,-0.09307861
0.6835401,-0.09307861
0.6835551,-0.13931036
0.68357015,-0.13931036
0.68358517,-0.13931036
0.6836002,-0.13931036
0.6836152,-0.18554163
0.6836302,-0.18554163
0.68364525,-0.18554163
0.68366027,-0.18554163
0.6836753,-0.18554163
0.6836903,-0.2317729
0.68370533,-0.2317729
0.68372035,-0.2317729
0.6837354,-0.2317729
0.6837504,-0.27800417
0.6837654,-0.27800417
0.68378043,-0.27800417
0.68379545,-0.27800417
0.6838105,-0.27800417
0.6838255,-0.32423592
0.6838405,-0.32423592
0.68385553,-0.32423592
0.68387055,-0.32423592
0.6838856,-0.3704667
0.6839006,-0.3704667
0.6839156,-0.3704667
0.68393064,-0.3704667
0.68394566,-0.3704667
0.6839607,-0.41669846
0.6839757,-0.41669846
0.6839907,-0.41669846
0.68400574,-0.41669846
0.68402076,-0.46292973
0.6840358,-0.46292973
0.6840508,-0.46292973
0.6840658,-0.46292973
0.68408084,-0.46292973
0.68409586,-0.5091615
0.6841109,-0.5091615
0.6841259,-0.5091615
0.6841409,-0.5091615
0.684156,-0.55539227
0.684171,-0.55539227
0.68418604,-0.55539227
0.68420106,-0.55539227
0.6842161,-0.55539227
0.6842311,-0.601624
0.6842461,-0.601624
0.68426114,-0.601624
0.68427616,-0.601624
0.6842912,-0.601624
0.6843062,-0.6478553
0.6843212,-0.6478553
0.68433625,-0.6478553
0.68435127,-0.6478553
0.6843663,-0.694087
0.6843813,-0.694087
0.6843963,-0.694087
0.68441135,-0.694087
0.68442637,-0.694087
0.6844414,-0.7403178
0.6844564,-0.7403178
0.6844714,-0.7403178
0.68448645,-0.7403178
0.68450147,-0.7403178
0.6845165,-0.78654957
0.6845315,-0.78654957
0.68454653,-0.78654957
0.68456155,-0.78654957
0.6845766,-0.83278084
0.6845916,-0.83278084
0.6846066,-0.83278084
0.68462163,-0.83278084
0.68463665,-0.83278084
0.6846517,-0.8790121
0.6846667,-0.8790121
0.6846817,-0.8790121
0.68469673,-0.8790121
0.68471175,-0.8790121
0.6847268,-0.9252434
0.6847418,-0.9252434
0.6847568,-0.9252434
0.68477184,-0.9252434
0.68478686,-0.9252434
0.6848019,-0.9714751
0.6848169,-0.9714751
0.6848319,-0.9714751
0.68484694,-0.9714751
0.68486196,-1.0177064
0.684877,-1.0177064
0.684892,-1.0177064
0.684907,-1.0177064
0.68492204,-1.0177064
0.68493706,-1.0639377
0.6849521,-1.0639377
0.6849671,-1.0639377
0.6849821,-1.0639377
0.68499714,-1.0639377
0.68501216,-1.1101689
0.6850272,-1.1101689
0.6850422,-1.1101689
0.6850572,-1.1101689
0.68507224,-1.1564007
0.68508726,-1.1564007
0.6851023,-1.1564007
0.6851173,-1.1564007
0.6851323,-1.1564007
0.68514735,-1.202632
0.68516237,-1.202632
0.6851774,-1.202632
0.6851924,-1.202632
0.6852074,-1.202632
0.68522245,-1.2488632
0.68523747,-1.2488632
0.6852525,-1.2488632
0.6852675,-1.2488632
0.6852825,-1.2488632
0.68529755,-1.2950945
0.68531257,-1.2950945
0.6853276,-1.2950945
0.6853426,-1.2950945
0.68535763,-1.2950945
0.68537265,-1.3413262
0.6853877,-1.3413262
0.6854027,-1.3413262
0.6854177,-1.3413262
0.68543273,-1.387557
0.68544775,-1.387557
0.6854628,-1.387557
0.6854778,-1.387557
0.6854928,-1.387557
0.68550783,-1.387557
0.68552285,-1.4337888
0.6855379,-1.4337888
0.6855529,-1.4337888
0.6855679,-1.4337888
0.68558294,-1.48002
0.68559796,-1.48002
0.685613,-1.48002
0.685628,-1.48002
0.685643,-1.48002
0.68565804,-1.48002
0.68567306,-1.48002
0.6856881,-1.48002
0.6857031,-1.5262513
0.6857181,-1.5262513
0.68573314,-1.5262513
0.68574816,-1.5262513
0.6857632,-1.5262513
0.6857782,-1.5724826
0.6857932,-1.5724826
0.68580824,-1.5724826
0.68582326,-1.5724826
0.6858383,-1.5724826
0.6858533,-1.6187139
0.6858683,-1.6187139
0.68588334,-1.6187139
0.68589836,-1.6187139
0.6859134,-1.6187139
0.68592846,-1.6187139
0.6859435,-1.6187139
0.6859585,-1.6187139
0.6859735,-1.5724826
0.68598855,-1.5724826
0.68600357,-1.5724826
0.6860186,-1.5724826
0.6860336,-1.5724826
0.6860486,-1.5262513
0.68606365,-1.5262513
0.68607867,-1.5262513
0.6860937,-1.5262513
0.6861087,-1.48002
0.6861237,-1.48002
0.68613875,-1.48002
0.68615377,-1.48002
0.6861688,-1.48002
0.6861838,-1.48002
0.68619883,-1.48002
0.68621385,-1.4337888
0.6862289,-1.4337888
0.6862439,-1.4337888
0.6862589,-1.4337888
0.68627393,-1.4337888
0.68628895,-1.387557
0.686304,-1.387557
0.686319,-1.387557
0.686334,-1.387557
0.68634903,-1.387557
0.68636405,-1.3413262
0.6863791,-1.3413262
0.6863941,-1.3413262
0.6864091,-1.3413262
0.68642414,-1.2950945
0.68643916,-1.2950945
0.6864542,-1.2950945
0.6864692,-1.2950945
0.6864842,-1.2950945
0.68649924,-1.2488632
0.68651426,-1.2488632
0.6865293,-1.2488632
0.6865443,-1.2488632
0.6865593,-1.2488632
0.68657434,-1.202632
0.68658936,-1.202632
0.6866044,-1.202632
0.6866194,-1.202632
0.6866344,-1.1564007
0.68664944,-1.1564007
0.68666446,-1.1564007
0.6866795,-1.1564007
0.6866945,-1.1564007
0.6867095,-1.1101689
0.68672454,-1.1101689
0.68673956,-1.1101689
0.6867546,-1.1101689
0.6867696,-1.0639377
0.6867846,-1.0639377
0.68679965,-1.0639377
0.68681467,-1.0639377
0.6868297,-1.0639377
0.6868447,-1.0177064
0.6868597,-1.0177064
0.68687475,-1.0177064
0.68688977,-1.0177064
0.6869048,-1.0177064
0.6869198,-0.9714751
0.6869348,-0.9714751
0.68694985,-0.9714751
0.68696487,-0.9714751
0.6869799,-0.9714751
0.6869949,-0.9252434
0.68700993,-0.9252434
0.68702495,-0.9252434
0.68704,-0.9252434
0.687055,-0.8790121
0.68707,-0.8790121
0.68708503,-0.8790121
0.68710005,-0.8790121
0.6871151,-0.8790121
0.6871301,-0.83278084
0.6871451,-0.83278084
0.68716013,-0.83278084
0.68717515,-0.83278084
0.6871902,-0.78654957
0.6872052,-0.78654957
0.6872202,-0.78654957
0.68723524,-0.78654957
0.68725026,-0.78654957
0.6872653,-0.7403178
0.6872803,-0.7403178
0.6872953,-0.7403178
0.68731034,-0.7403178
0.68732536,-0.7403178
0.6873404,-0.694087
0.6873554,-0.694087
0.6873704,-0.694087
0.68738544,-0.694087
0.68740046,-0.6478553
0.6874155,-0.6478553
0.6874305,-0.6478553
0.6874455,-0.6478553
0.68746054,-0.6478553
0.68747556,-0.601624
0.6874906,-0.601624
0.6875056,-0.601624
0.6875206,-0.601624
0.68753564,-0.601624
0.68755066,-0.55539227
0.6875657,-0.55539227
0.6875807,-0.55539227
0.6875957,-0.55539227
0.68761075,-0.55539227
0.68762577,-0.5091615
0.6876408,-0.5091615
0.6876558,-0.5091615
0.6876708,-0.5091615
0.6876859,-0.46292973
0.6877009,-0.46292973
0.68771595,-0.46292973
0.68773097,-0.46292973
0.687746,-0.46292973
0.687761,-0.41669846
0.687776,-0.41669846
0.68779105,-0.41669846
0.68780607,-0.41669846
0.6878211,-0.3704667
0.6878361,-0.3704667
0.68785113,-0.3704667
0.68786615,-0.3704667
0.6878812,-0.3704667
0.6878962,-0.32423592
0.6879112,-0.32423592
0.68792623,-0.32423592
0.68794125,-0.32423592
0.6879563,-0.32423592
0.6879713,-0.27800417
0.6879863,-0.27800417
0.68800133,-0.27800417
0.68801636,-0.27800417
0.6880314,-0.2317729
0.6880464,-0.2317729
0.6880614,-0.2317729
0.68807644,-0.2317729
0.68809146,-0.2317729
0.6881065,-0.18554163
0.6881215,-0.18554163
0.6881365,-0.18554163
0.68815154,-0.18554163
0.68816656,-0.18554163
0.6881816,-0.13931036
0.6881966,-0.13931036
0.6882116,-0.13931036
0.68822664,-0.13931036
0.68824166,-0.09307861
0.6882567,-0.09307861
0.6882717,-0.09307861
0.6882867,-0.09307861
0.68830174,-0.09307861
0.68831676,-0.046847343
0.6883318,-0.046847343
0.6883468,-0.046847343
0.6883618,-0.046847343
0.68837684,-0.046847343
0.68839186,-6.160736E-4
0.6884069,-6.160736E-4
0.6884219,-6.160736E-4
0.6884369,-6.160736E-4
0.68845195,0.045615196
0.68846697,0.045615196
0.688482,0.045615196
0.688497,0.045615196
0.688512,0.045615196
0.68852705,0.091846466
0.68854207,0.091846466
0.6885571,0.091846466
0.6885721,0.091846466
0.6885871,0.13807821
0.68860215,0.13807821
0.68861717,0.13807821
0.6886322,0.13807821
0.6886472,0.13807821
0.68866223,0.184309
0.68867725,0.184309
0.6886923,0.184309
0.6887073,0.184309
0.6887223,0.184309
0.68873733,0.23054075
0.68875235,0.23054075
0.6887674,0.23054075
0.6887824,0.23054075
0.6887974,0.23054075
0.68881243,0.27677202
0.68882746,0.27677202
0.6888425,0.27677202
0.6888575,0.27677202
0.6888725,0.3230033
0.68888754,0.3230033
0.68890256,0.3230033
0.6889176,0.3230033
0.6889326,0.3230033
0.6889476,0.36923456
0.68896264,0.36923456
0.68897766,0.36923456
0.6889927,0.36923456
0.6890077,0.36923456
0.6890227,0.4154663
0.68903774,0.4154663
0.68905276,0.4154663
0.6890678,0.4154663
0.6890828,0.46169758
0.6890978,0.46169758
0.68911284,0.46169758
0.68912786,0.46169758
0.6891429,0.46169758
0.6891579,0.50792885
0.6891729,0.50792885
0.68918794,0.50792885
0.68920296,0.50792885
0.689218,0.50792885
0.689233,0.5541601
0.689248,0.5541601
0.68926305,0.5541601
0.68927807,0.5541601
0.6892931,0.5541601
0.6893081,0.60039186
0.6893231,0.60039186
0.68933815,0.60039186
0.68935317,0.60039186
0.6893682,0.60039186
0.6893832,0.64662313
0.6893982,0.64662313
0.68941325,0.64662313
0.68942827,0.64662313
0.68944335,0.6928544
0.6894584,0.6928544
0.6894734,0.6928544
0.6894884,0.6928544
0.68950343,0.6928544
0.68951845,0.7390857
0.6895335,0.7390857
0.6895485,0.7390857
0.6895635,0.7390857
0.68957853,0.7390857
0.68959355,0.7853174
0.6896086,0.7853174
0.6896236,0.7853174
0.6896386,0.7853174
0.68965364,0.7853174
0.68966866,0.8315482
0.6896837,0.8315482
0.6896987,0.8315482
0.6897137,0.8315482
0.68972874,0.8315482
0.68974376,0.87777996
0.6897588,0.87777996
0.6897738,0.87777996
0.6897888,0.87777996
0.68980384,0.92401123
0.68981886,0.92401123
0.6898339,0.92401123
0.6898489,0.92401123
0.6898639,0.92401123
0.68987894,0.970243
0.68989396,0.970243
0.689909,0.970243
0.689924,0.970243
0.689939,0.970243
0.68995404,1.0164738
0.68996906,1.0164738
0.6899841,1.0164738
0.6899991,1.0164738
0.6900141,1.0164738
0.69002914,1.0627055
0.69004416,1.0627055
0.6900592,1.0627055
0.6900742,1.0627055
0.6900892,1.0627055
0.69010425,1.1089368
0.69011927,1.1089368
0.6901343,1.1089368
0.6901493,1.1089368
0.6901643,1.1089368
0.69017935,1.1551685
0.69019437,1.1551685
0.6902094,1.1551685
0.6902244,1.1551685
0.6902394,1.1551685
0.69025445,1.2013993
0.6902695,1.2013993
0.6902845,1.2013993
0.6902995,1.2013993
0.69031453,1.2013993
0.69032955,1.2476311
0.6903446,1.2476311
0.6903596,1.2476311
0.6903746,1.2476311
0.69038963,1.2476311
0.69040465,1.2938623
0.6904197,1.2938623
0.6904347,1.2938623
0.6904497,1.2938623
0.69046474,1.3400936
0.69047976,1.3400936
0.6904948,1.3400936
0.6905098,1.3400936
0.6905248,1.3400936
0.69053984,1.3863249
0.69055486,1.3863249
0.6905699,1.3863249
0.6905849,1.3863249
0.6905999,1.3863249
0.69061494,1.3863249
0.69062996,1.4325566
0.690645,1.4325566
0.69066,1.4325566
0.690675,1.4325566
0.69069004,1.4787879
0.69070506,1.4787879
0.6907201,1.4787879
0.6907351,1.4787879
0.6907501,1.4787879
0.69076514,1.4787879
0.69078016,1.4787879
0.6907952,1.4787879
0.6908102,1.5250192
0.6908252,1.5250192
0.69084024,1.5250192
0.69085526,1.5250192
0.6908703,1.5250192
0.6908853,1.5712504
0.6909003,1.5712504
0.69091535,1.5712504
0.69093037,1.5712504
0.6909454,1.5712504
0.6909604,1.5712504
0.6909754,1.6174817
0.69099045,1.6174817
0.69100547,1.6174817
0.6910205,1.6174817
0.6910355,1.6637135
0.6910505,1.6637135
0.69106555,1.6637135
0.6910806,1.6637135
0.6910956,1.6637135
0.6911106,1.6637135
0.69112563,1.7099442
0.69114065,1.7099442
0.6911557,1.7099442
0.6911707,1.7099442
0.6911857,1.7099442
0.6912008,1.756176
0.6912158,1.756176
0.69123083,1.756176
0.69124585,1.756176
0.6912609,1.756176
0.6912759,1.756176
0.6912909,1.756176
0.69130594,1.7099442
0.69132096,1.7099442
0.691336,1.7099442
0.691351,1.7099442
0.691366,1.6637135
0.69138104,1.6637135
0.69139606,1.6637135
0.6914111,1.6637135
0.6914261,1.6174817
0.6914411,1.6174817
0.69145614,1.6174817
0.69147116,1.6174817
0.6914862,1.6174817
0.6915012,1.5712504
0.6915162,1.5712504
0.69153124,1.5712504
0.69154626,1.5712504
0.6915613,1.5250192
0.6915763,1.5250192
0.6915913,1.5250192
0.69160634,1.5250192
0.69162136,1.5250192
0.6916364,1.4787879
0.6916514,1.4787879
0.6916664,1.4787879
0.69168144,1.4787879
0.69169647,1.4787879
0.6917115,1.4787879
0.6917265,1.4325566
0.6917415,1.4325566
0.69175655,1.4325566
0.69177157,1.4325566
0.6917866,1.4325566
0.6918016,1.3863249
0.6918166,1.3863249
0.69183165,1.3863249
0.69184667,1.3863249
0.6918617,1.3400936
0.6918767,1.3400936
0.69189173,1.3400936
0.69190675,1.3400936
0.6919218,1.3400936
0.6919368,1.2938623
0.6919518,1.2938623
0.69196683,1.2938623
0.69198185,1.2938623
0.6919969,1.2476311
0.6920119,1.2476311
0.6920269,1.2476311
0.69204193,1.2476311
0.69205695,1.2013993
0.692072,1.2013993
0.692087,1.2013993
0.692102,1.2013993
0.69211704,1.2013993
0.69213206,1.1551685
0.6921471,1.1551685
0.6921621,1.1551685
0.6921771,1.1551685
0.69219214,1.1089368
0.69220716,1.1089368
0.6922222,1.1089368
0.6922372,1.1089368
0.6922522,1.0627055
0.69226724,1.0627055
0.69228226,1.0627055
0.6922973,1.0627055
0.6923123,1.0627055
0.6923273,1.0164738
0.69234234,1.0164738
0.69235736,1.0164738
0.6923724,1.0164738
0.6923874,0.970243
0.6924024,0.970243
0.69241744,0.970243
0.69243246,0.970243
0.6924475,0.970243
0.6924625,0.92401123
0.6924775,0.92401123
0.69249254,0.92401123
0.69250757,0.92401123
0.6925226,0.87777996
0.6925376,0.87777996
0.6925526,0.87777996
0.69256765,0.87777996
0.69258267,0.8315482
0.6925977,0.8315482
0.6926127,0.8315482
0.6926277,0.8315482
0.69264275,0.8315482
0.69265777,0.7853174
0.6926728,0.7853174
0.6926878,0.7853174
0.69270283,0.7853174
0.69271785,0.7390857
0.6927329,0.7390857
0.6927479,0.7390857
0.6927629,0.7390857
0.69277793,0.7390857
0.69279295,0.6928544
0.692808,0.6928544
0.692823,0.6928544
0.692838,0.6928544
0.69285303,0.64662313
0.69286805,0.64662313
0.6928831,0.64662313
0.6928981,0.64662313
0.6929131,0.60039186
0.69292814,0.60039186
0.69294316,0.60039186
0.6929582,0.60039186
0.69297326,0.60039186
0.6929883,0.5541601
0.6930033,0.5541601
0.6930183,0.5541601
0.69303334,0.5541601
0.69304836,0.50792885
0.6930634,0.50792885
0.6930784,0.50792885
0.6930934,0.50792885
0.69310844,0.50792885
0.69312346,0.46169758
0.6931385,0.46169758
0.6931535,0.46169758
0.6931685,0.46169758
0.69318354,0.4154663
0.69319856,0.4154663
0.6932136,0.4154663
0.6932286,0.4154663
0.6932436,0.4154663
0.69325864,0.36923456
0.69327366,0.36923456
0.6932887,0.36923456
0.6933037,0.36923456
0.6933187,0.3230033
0.69333375,0.3230033
0.69334877,0.3230033
0.6933638,0.3230033
0.6933788,0.27677202
0.6933938,0.27677202
0.69340885,0.27677202
0.69342387,0.27677202
0.6934389,0.27677202
0.6934539,0.23054075
0.6934689,0.23054075
0.69348395,0.23054075
0.69349897,0.23054075
0.693514,0.184309
0.693529,0.184309
0.69354403,0.184309
0.69355905,0.184309
0.6935741,0.184309
0.6935891,0.13807821
0.6936041,0.13807821
0.69361913,0.13807821
0.69363415,0.13807821
0.6936492,0.091846466
0.6936642,0.091846466
0.6936792,0.091846466
0.69369423,0.091846466
0.69370925,0.091846466
0.6937243,0.045615196
0.6937393,0.045615196
0.6937543,0.045615196
0.69376934,0.045615196
0.69378436,-6.160736E-4
0.6937994,-6.160736E-4
0.6938144,-6.160736E-4
0.6938294,-6.160736E-4
0.69384444,-0.046847343
0.69385946,-0.046847343
0.6938745,-0.046847343
0.6938895,-0.046847343
0.6939045,-0.046847343
0.69391954,-0.09307861
0.69393456,-0.09307861
0.6939496,-0.09307861
0.6939646,-0.09307861
0.6939796,-0.13931036
0.69399464,-0.13931036
0.69400966,-0.13931036
0.6940247,-0.13931036
0.6940397,-0.13931036
0.6940547,-0.18554163
0.69406974,-0.18554163
0.69408476,-0.18554163
0.6940998,-0.18554163
0.6941148,-0.2317729
0.6941298,-0.2317729
0.69414485,-0.2317729
0.69415987,-0.2317729
0.6941749,-0.2317729
0.6941899,-0.27800417
0.6942049,-0.27800417
0.69421995,-0.27800417
0.69423497,-0.27800417
0.69425,-0.32423592
0.694265,-0.32423592
0.69428,-0.32423592
0.69429505,-0.32423592
0.69431007,-0.32423592
0.6943251,-0.3704667
0.6943401,-0.3704667
0.69435513,-0.3704667
0.69437015,-0.3704667
0.6943852,-0.41669846
0.6944002,-0.41669846
0.6944152,-0.41669846
0.69443023,-0.41669846
0.69444525,-0.41669846
0.6944603,-0.46292973
0.6944753,-0.46292973
0.6944903,-0.46292973
0.69450533,-0.46292973
0.69452035,-0.46292973
0.6945354,-0.5091615
0.6945504,-0.5091615
0.6945654,-0.5091615
0.69458044,-0.5091615
0.69459546,-0.55539227
0.6946105,-0.55539227
0.6946255,-0.55539227
0.6946405,-0.55539227
0.69465554,-0.55539227
0.69467056,-0.601624
0.6946856,-0.601624
0.6947006,-0.601624
0.6947156,-0.601624
0.6947307,-0.6478553
0.6947457,-0.6478553
0.69476074,-0.6478553
0.69477576,-0.6478553
0.6947908,-0.6478553
0.6948058,-0.694087
0.6948208,-0.694087
0.69483584,-0.694087
0.69485086,-0.694087
0.6948659,-0.694087
0.6948809,-0.7403178
0.6948959,-0.7403178
0.69491094,-0.7403178
0.69492596,-0.7403178
0.694941,-0.78654957
0.694956,-0.78654957
0.694971,-0.78654957
0.69498605,-0.78654957
0.69500107,-0.78654957
0.6950161,-0.83278084
0.6950311,-0.83278084
0.6950461,-0.83278084
0.69506115,-0.83278084
0.69507617,-0.83278084
0.6950912,-0.8790121
0.6951062,-0.8790121
0.6951212,-0.8790121
0.69513625,-0.8790121
0.69515127,-0.8790121
0.6951663,-0.9252434
0.6951813,-0.9252434
0.69519633,-0.9252434
0.69521135,-0.9252434
0.6952264,-0.9714751
0.6952414,-0.9714751
0.6952564,-0.9714751
0.69527143,-0.9714751
0.69528645,-0.9714751
0.6953015,-1.0177064
0.6953165,-1.0177064
0.6953315,-1.0177064
0.69534653,-1.0177064
0.69536155,-1.0177064
0.6953766,-1.0639377
0.6953916,-1.0639377
0.6954066,-1.0639377
0.69542164,-1.0639377
0.69543666,-1.1101689
0.6954517,-1.1101689
0.6954667,-1.1101689
0.6954817,-1.1101689
0.69549674,-1.1101689
0.69551176,-1.1564007
0.6955268,-1.1564007
0.6955418,-1.1564007
0.6955568,-1.1564007
0.69557184,-1.1564007
0.69558686,-1.202632
0.6956019,-1.202632
0.6956169,-1.202632
0.6956319,-1.202632
0.69564694,-1.202632
0.69566196,-1.2488632
0.695677,-1.2488632
0.695692,-1.2488632
0.695707,-1.2488632
0.69572204,-1.2950945
0.69573706,-1.2950945
0.6957521,-1.2950945
0.6957671,-1.2950945
0.6957821,-1.2950945
0.69579715,-1.3413262
0.69581217,-1.3413262
0.6958272,-1.3413262
0.6958422,-1.3413262
0.6958572,-1.3413262
0.69587225,-1.387557
0.69588727,-1.387557
0.6959023,-1.387557
0.6959173,-1.387557
0.6959323,-1.387557
0.69594735,-1.4337888
0.69596237,-1.4337888
0.6959774,-1.4337888
0.6959924,-1.4337888
0.69600743,-1.4337888
0.69602245,-1.48002
0.6960375,-1.48002
0.6960525,-1.48002
0.6960675,-1.48002
0.69608253,-1.48002
0.69609755,-1.48002
0.6961126,-1.48002
0.6961276,-1.48002
0.6961426,-1.5262513
0.69615763,-1.5262513
0.69617265,-1.5262513
0.6961877,-1.5262513
0.6962027,-1.5724826
0.6962177,-1.5724826
0.69623274,-1.5724826
0.69624776,-1.5724826
0.6962628,-1.5724826
0.6962778,-1.5724826
0.6962928,-1.6187139
0.69630784,-1.6187139
0.69632286,-1.6187139
0.6963379,-1.6187139
0.6963529,-1.6187139
0.6963679,-1.6187139
0.69638294,-1.6187139
0.69639796,-1.6187139
0.696413,-1.5724826
0.696428,-1.5724826
0.696443,-1.5724826
0.69645804,-1.5724826
0.69647306,-1.5262513
0.69648814,-1.5262513
0.69650316,-1.5262513
0.6965182,-1.5262513
0.6965332,-1.5262513
0.6965482,-1.48002
0.69656324,-1.48002
0.69657826,-1.48002
0.6965933,-1.48002
0.6966083,-1.48002
0.6966233,-1.48002
0.69663835,-1.48002
0.69665337,-1.4337888
0.6966684,-1.4337888
0.6966834,-1.4337888
0.6966984,-1.4337888
0.69671345,-1.4337888
0.69672847,-1.387557
0.6967435,-1.387557
0.6967585,-1.387557
0.6967735,-1.387557
0.69678855,-1.3413262
0.69680357,-1.3413262
0.6968186,-1.3413262
0.6968336,-1.3413262
0.69684863,-1.3413262
0.69686365,-1.2950945
0.6968787,-1.2950945
0.6968937,-1.2950945
0.6969087,-1.2950945
0.69692373,-1.2950945
0.69693875,-1.2488632
0.6969538,-1.2488632
0.6969688,-1.2488632
0.6969838,-1.2488632
0.69699883,-1.202632
0.69701385,-1.202632
0.6970289,-1.202632
0.6970439,-1.202632
0.6970589,-1.202632
0.69707394,-1.1564007
0.69708896,-1.1564007
0.697104,-1.1564007
0.697119,-1.1564007
0.697134,-1.1564007
0.69714904,-1.1101689
0.69716406,-1.1101689
0.6971791,-1.1101689
0.6971941,-1.1101689
0.6972091,-1.0639377
0.69722414,-1.0639377
0.69723916,-1.0639377
0.6972542,-1.0639377
0.6972692,-1.0639377
0.6972842,-1.0177064
0.69729924,-1.0177064
0.69731426,-1.0177064
0.6973293,-1.0177064
0.6973443,-1.0177064
0.6973593,-0.9714751
0.69737434,-0.9714751
0.69738936,-0.9714751
0.6974044,-0.9714751
0.6974194,-0.9252434
0.6974344,-0.9252434
0.69744945,-0.9252434
0.69746447,-0.9252434
0.6974795,-0.9252434
0.6974945,-0.8790121
0.6975095,-0.8790121
0.69752455,-0.8790121
0.69753957,-0.8790121
0.6975546,-0.8790121
0.6975696,-0.83278084
0.6975846,-0.83278084
0.69759965,-0.83278084
0.69761467,-0.83278084
0.6976297,-0.78654957
0.6976447,-0.78654957
0.69765973,-0.78654957
0.69767475,-0.78654957
0.6976898,-0.78654957
0.6977048,-0.7403178
0.6977198,-0.7403178
0.69773483,-0.7403178
0.69774985,-0.7403178
0.6977649,-0.694087
0.6977799,-0.694087
0.6977949,-0.694087
0.69780993,-0.694087
0.69782495,-0.694087
0.69784,-0.6478553
0.697855,-0.6478553
0.69787,-0.6478553
0.69788504,-0.6478553
0.69790006,-0.6478553
0.6979151,-0.601624
0.6979301,-0.601624
0.6979451,-0.601624
0.69796014,-0.601624
0.69797516,-0.601624
0.6979902,-0.55539227
0.6980052,-0.55539227
0.6980202,-0.55539227
0.69803524,-0.55539227
0.69805026,-0.5091615
0.6980653,-0.5091615
0.6980803,-0.5091615
0.6980953,-0.5091615
0.69811034,-0.5091615
0.69812536,-0.46292973
0.6981404,-0.46292973
0.6981554,-0.46292973
0.6981704,-0.46292973
0.69818544,-0.41669846
0.69820046,-0.41669846
0.6982155,-0.41669846
0.6982305,-0.41669846
0.6982456,-0.41669846
0.6982606,-0.3704667
0.6982756,-0.3704667
0.69829065,-0.3704667
0.69830567,-0.3704667
0.6983207,-0.3704667
0.6983357,-0.32423592
0.6983507,-0.32423592
0.69836575,-0.32423592
0.69838077,-0.32423592
0.6983958,-0.32423592
0.6984108,-0.27800417
0.6984258,-0.27800417
0.69844085,-0.27800417
0.69845587,-0.27800417
0.6984709,-0.2317729
0.6984859,-0.2317729
0.69850093,-0.2317729
0.69851595,-0.2317729
0.698531,-0.2317729
0.698546,-0.18554163
0.698561,-0.18554163
0.69857603,-0.18554163
0.69859105,-0.18554163
0.6986061,-0.13931036
0.6986211,-0.13931036
0.6986361,-0.13931036
0.69865113,-0.13931036
0.69866616,-0.13931036
0.6986812,-0.09307861
0.6986962,-0.09307861
0.6987112,-0.09307861
0.69872624,-0.09307861
0.69874126,-0.09307861
0.6987563,-0.046847343
0.6987713,-0.046847343
0.6987863,-0.046847343
0.69880134,-0.046847343
0.69881636,-0.046847343
0.6988314,-6.160736E-4
0.6988464,-6.160736E-4
0.6988614,-6.160736E-4
0.69887644,0.045615196
0.69889146,0.045615196
0.6989065,0.045615196
0.6989215,0.045615196
0.6989365,0.045615196
0.69895154,0.091846466
0.69896656,0.091846466
0.6989816,0.091846466
0.6989966,0.091846466
0.6990116,0.091846466
0.69902664,0.13807821
0.69904166,0.13807821
0.6990567,0.13807821
0.6990717,0.13807821
0.6990867,0.13807821
0.69910175,0.184309
0.69911677,0.184309
0.6991318,0.184309
0.6991468,0.184309
0.6991618,0.184309
0.69917685,0.23054075
0.69919187,0.23054075
0.6992069,0.23054075
0.6992219,0.23054075
0.6992369,0.27677202
0.69925195,0.27677202
0.69926697,0.27677202
0.699282,0.27677202
0.699297,0.27677202
0.69931203,0.3230033
0.69932705,0.3230033
0.6993421,0.3230033
0.6993571,0.3230033
0.6993721,0.3230033
0.69938713,0.36923456
0.69940215,0.36923456
0.6994172,0.36923456
0.6994322,0.36923456
0.6994472,0.4154663
0.69946223,0.4154663
0.69947726,0.4154663
0.6994923,0.4154663
0.6995073,0.4154663
0.6995223,0.46169758
0.69953734,0.46169758
0.69955236,0.46169758
0.6995674,0.46169758
0.6995824,0.46169758
0.6995974,0.50792885
0.69961244,0.50792885
0.69962746,0.50792885
0.6996425,0.50792885
0.6996575,0.50792885
0.6996725,0.5541601
0.69968754,0.5541601
0.69970256,0.5541601
0.6997176,0.5541601
0.6997326,0.60039186
0.6997476,0.60039186
0.69976264,0.60039186
0.69977766,0.60039186
0.6997927,0.60039186
0.6998077,0.64662313
0.6998227,0.64662313
0.69983774,0.64662313
0.69985276,0.64662313
0.6998678,0.64662313
0.6998828,0.6928544
0.6998978,0.6928544
0.69991285,0.6928544
0.69992787,0.6928544
0.6999429,0.6928544
0.6999579,0.7390857
0.6999729,0.7390857
0.69998795,0.7390857
0.70000297,0.7390857
0.70001805,0.7853174
0.70003307,0.7853174
0.7000481,0.7853174
0.7000631,0.7853174
0.7000781,0.7853174
0.70009315,0.7853174
0.7001082,0.8315482
0.7001232,0.8315482
0.7001382,0.8315482
0.70015323,0.8315482
0.70016825,0.87777996
0.7001833,0.87777996
0.7001983,0.87777996
0.7002133,0.87777996
0.70022833,0.87777996
0.70024335,0.92401123
0.7002584,0.92401123
0.7002734,0.92401123
0.7002884,0.92401123
0.70030344,0.92401123
0.70031846,0.970243
0.7003335,0.970243
0.7003485,0.970243
0.7003635,0.970243
0.70037854,0.970243
0.70039356,1.0164738
0.7004086,1.0164738
0.7004236,1.0164738
0.7004386,1.0164738
0.70045364,1.0164738
0.70046866,1.0627055
0.7004837,1.0627055
0.7004987,1.0627055
0.7005137,1.0627055
0.70052874,1.1089368
0.70054376,1.1089368
0.7005588,1.1089368
0.7005738,1.1089368
0.7005888,1.1089368
0.70060384,1.1551685
0.70061886,1.1551685
0.7006339,1.1551685
0.7006489,1.1551685
0.7006639,1.1551685
0.70067894,1.2013993
0.70069396,1.2013993
0.700709,1.2013993
0.700724,1.2013993
0.700739,1.2013993
0.70075405,1.2476311
0.70076907,1.2476311
0.7007841,1.2476311
0.7007991,1.2476311
0.7008141,1.2476311
0.70082915,1.2938623
0.70084417,1.2938623
0.7008592,1.2938623
0.7008742,1.2938623
0.7008892,1.2938623
0.70090425,1.3400936
0.7009193,1.3400936
0.7009343,1.3400936
0.7009493,1.3400936
0.70096433,1.3400936
0.70097935,1.3863249
0.7009944,1.3863249
0.7010094,1.3863249
0.7010244,1.3863249
0.70103943,1.3863249
0.70105445,1.4325566
0.7010695,1.4325566
0.7010845,1.4325566
0.7010995,1.4325566
0.70111454,1.4325566
0.70112956,1.4787879
0.7011446,1.4787879
0.7011596,1.4787879
0.7011746,1.4787879
0.70118964,1.4787879
0.70120466,1.4787879
0.7012197,1.4787879
0.7012347,1.4787879
0.7012497,1.5250192
0.70126474,1.5250192
0.70127976,1.5250192
0.7012948,1.5250192
0.7013098,1.5250192
0.7013248,1.5712504
0.70133984,1.5712504
0.70135486,1.5712504
0.7013699,1.5712504
0.7013849,1.5712504
0.7013999,1.6174817
0.70141494,1.6174817
0.70142996,1.6174817
0.701445,1.6174817
0.70146,1.6174817
0.701475,1.6637135
0.70149004,1.6637135
0.70150506,1.6637135
0.7015201,1.6637135
0.7015351,1.6637135
0.7015501,1.7099442
0.70156515,1.7099442
0.70158017,1.7099442
0.7015952,1.7099442
0.7016102,1.7099442
0.7016252,1.756176
0.70164025,1.756176
0.70165527,1.756176
0.7016703,1.756176
0.7016853,1.756176
0.7017003,1.756176
0.70171535,1.756176
0.7017304,1.7099442
0.7017454,1.7099442
0.7017604,1.7099442
0.7017755,1.7099442
0.7017905,1.7099442
0.70180553,1.6637135
0.70182055,1.6637135
0.7018356,1.6637135
0.7018506,1.6637135
0.7018656,1.6174817
0.70188063,1.6174817
0.70189565,1.6174817
0.7019107,1.6174817
0.7019257,1.5712504
0.7019407,1.5712504
0.70195574,1.5712504
0.70197076,1.5712504
0.7019858,1.5712504
0.7020008,1.5250192
0.7020158,1.5250192
0.70203084,1.5250192
0.70204586,1.5250192
0.7020609,1.4787879
0.7020759,1.4787879
0.7020909,1.4787879
0.70210594,1.4787879
0.70212096,1.4787879
0.702136,1.4787879
0.702151,1.4787879
0.702166,1.4325566
0.70218104,1.4325566
0.70219606,1.4325566
0.7022111,1.4325566
0.7022261,1.3863249
0.7022411,1.3863249
0.70225614,1.3863249
0.70227116,1.3863249
0.7022862,1.3863249
0.7023012,1.3400936
0.7023162,1.3400936
0.70233124,1.3400936
0.70234627,1.3400936
0.7023613,1.2938623
0.7023763,1.2938623
0.7023913,1.2938623
0.70240635,1.2938623
0.70242137,1.2476311
0.7024364,1.2476311
0.7024514,1.2476311
0.7024664,1.2476311
0.70248145,1.2476311
0.70249647,1.2013993
0.7025115,1.2013993
0.7025265,1.2013993
0.70254153,1.2013993
0.70255655,1.1551685
0.7025716,1.1551685
0.7025866,1.1551685
0.7026016,1.1551685
0.70261663,1.1551685
0.70263165,1.1089368
0.7026467,1.1089368
0.7026617,1.1089368
0.7026767,1.1089368
0.70269173,1.0627055
0.70270675,1.0627055
0.7027218,1.0627055
0.7027368,1.0627055
0.7027518,1.0164738
0.70276684,1.0164738
0.70278186,1.0164738
0.7027969,1.0164738
0.7028119,1.0164738
0.7028269,0.970243
0.70284194,0.970243
0.70285696,0.970243
0.702872,0.970243
0.702887,0.92401123
0.702902,0.92401123
0.70291704,0.92401123
0.70293206,0.92401123
0.7029471,0.87777996
0.7029621,0.87777996
0.7029771,0.87777996
0.70299214,0.87777996
0.70300716,0.87777996
0.7030222,0.8315482
0.7030372,0.8315482
0.7030522,0.8315482
0.70306724,0.8315482
0.70308226,0.7853174
0.7030973,0.7853174
0.7031123,0.7853174
0.7031273,0.7853174
0.70314234,0.7853174
0.70315737,0.7390857
0.7031724,0.7390857
0.7031874,0.7390857
0.7032024,0.7390857
0.70321745,0.6928544
0.70323247,0.6928544
0.7032475,0.6928544
0.7032625,0.6928544
0.7032775,0.6928544
0.70329255,0.64662313
0.70330757,0.64662313
0.7033226,0.64662313
0.7033376,0.64662313
0.70335263,0.60039186
0.70336765,0.60039186
0.7033827,0.60039186
0.7033977,0.60039186
0.7034127,0.5541601
0.70342773,0.5541601
0.70344275,0.5541601
0.7034578,0.5541601
0.7034728,0.5541601
0.7034878,0.50792885
0.70350283,0.50792885
0.70351785,0.50792885
0.70353293,0.50792885
0.70354795,0.46169758
0.703563,0.46169758
0.703578,0.46169758
0.703593,0.46169758
0.70360804,0.46169758
0.70362306,0.4154663
0.7036381,0.4154663
0.7036531,0.4154663
0.7036681,0.4154663
0.70368314,0.36923456
0.70369816,0.36923456
0.7037132,0.36923456
0.7037282,0.36923456
0.7037432,0.36923456
0.70375824,0.3230033
0.70377326,0.3230033
0.7037883,0.3230033
0.7038033,0.3230033
0.7038183,0.27677202
0.70383334,0.27677202
0.70384836,0.27677202
0.7038634,0.27677202
0.7038784,0.27677202
0.7038934,0.23054075
0.70390844,0.23054075
0.70392346,0.23054075
0.7039385,0.23054075
0.7039535,0.184309
0.7039685,0.184309
0.70398355,0.184309
0.70399857,0.184309
0.7040136,0.13807821
0.7040286,0.13807821
0.7040436,0.13807821
0.70405865,0.13807821
0.70407367,0.13807821
0.7040887,0.091846466
0.7041037,0.091846466
0.7041187,0.091846466
0.70413375,0.091846466
0.70414877,0.091846466
0.7041638,0.045615196
0.7041788,0.045615196
0.70419383,0.045615196
0.70420885,0.045615196
0.7042239,-6.160736E-4
0.7042389,-6.160736E-4
0.7042539,-6.160736E-4
0.70426893,-6.160736E-4
0.70428395,-0.046847343
0.704299,-0.046847343
0.704314,-0.046847343
0.704329,-0.046847343
0.70434403,-0.09307861
0.70435905,-0.09307861
0.7043741,-0.09307861
0.7043891,-0.09307861
0.7044041,-0.09307861
0.70441914,-0.13931036
0.70443416,-0.13931036
0.7044492,-0.13931036
0.7044642,-0.13931036
0.7044792,-0.18554163
0.70449424,-0.18554163
0.70450926,-0.18554163
0.7045243,-0.18554163
0.7045393,-0.18554163
0.7045543,-0.2317729
0.70456934,-0.2317729
0.70458436,-0.2317729
0.7045994,-0.2317729
0.7046144,-0.2317729
0.7046294,-0.27800417
0.70464444,-0.27800417
0.70465946,-0.27800417
0.7046745,-0.27800417
0.7046895,-0.32423592
0.7047045,-0.32423592
0.70471954,-0.32423592
0.70473456,-0.32423592
0.7047496,-0.32423592
0.7047646,-0.3704667
0.7047796,-0.3704667
0.70479465,-0.3704667
0.70480967,-0.3704667
0.7048247,-0.41669846
0.7048397,-0.41669846
0.7048547,-0.41669846
0.70486975,-0.41669846
0.70488477,-0.41669846
0.7048998,-0.46292973
0.7049148,-0.46292973
0.7049298,-0.46292973
0.70494485,-0.46292973
0.70495987,-0.5091615
0.7049749,-0.5091615
0.7049899,-0.5091615
0.70500493,-0.5091615
0.70501995,-0.5091615
0.705035,-0.55539227
0.70505,-0.55539227
0.705065,-0.55539227
0.70508003,-0.55539227
0.70509505,-0.55539227
0.7051101,-0.601624
0.7051251,-0.601624
0.7051401,-0.601624
0.70515513,-0.601624
0.70517015,-0.6478553
0.7051852,-0.6478553
0.7052002,-0.6478553
0.7052152,-0.6478553
0.70523024,-0.6478553
0.70524526,-0.694087
0.7052603,-0.694087
0.7052753,-0.694087
0.7052904,-0.694087
0.7053054,-0.7403178
0.7053204,-0.7403178
0.70533544,-0.7403178
0.70535046,-0.7403178
0.7053655,-0.7403178
0.7053805,-0.78654957
0.7053955,-0.78654957
0.70541054,-0.78654957
0.70542556,-0.78654957
0.7054406,-0.78654957
0.7054556,-0.83278084
0.7054706,-0.83278084
0.70548564,-0.83278084
0.70550066,-0.83278084
0.7055157,-0.83278084
0.7055307,-0.8790121
0.7055457,-0.8790121
0.70556074,-0.8790121
0.70557576,-0.8790121
0.7055908,-0.9252434
0.7056058,-0.9252434
0.7056208,-0.9252434
0.70563585,-0.9252434
0.70565087,-0.9252434
0.7056659,-0.9714751
0.7056809,-0.9714751
0.7056959,-0.9714751
0.70571095,-0.9714751
0.70572597,-0.9714751
0.705741,-1.0177064
0.705756,-1.0177064
0.705771,-1.0177064
0.70578605,-1.0177064
0.70580107,-1.0639377
0.7058161,-1.0639377
0.7058311,-1.0639377
0.70584613,-1.0639377
0.70586115,-1.0639377
0.7058762,-1.1101689
0.7058912,-1.1101689
0.7059062,-1.1101689
0.70592123,-1.1101689
0.70593625,-1.1101689
0.7059513,-1.1564007
0.7059663,-1.1564007
0.7059813,-1.1564007
0.70599633,-1.1564007
0.70601135,-1.202632
0.7060264,-1.202632
0.7060414,-1.202632
0.7060564,-1.202632
0.70607144,-1.202632
0.70608646,-1.2488632
0.7061015,-1.2488632
0.7061165,-1.2488632
0.7061315,-1.2488632
0.70614654,-1.2488632
0.70616156,-1.2950945
0.7061766,-1.2950945
0.7061916,-1.2950945
0.7062066,-1.2950945
0.70622164,-1.2950945
0.70623666,-1.3413262
0.7062517,-1.3413262
0.7062667,-1.3413262
0.7062817,-1.3413262
0.70629674,-1.3413262
0.70631176,-1.387557
0.7063268,-1.387557
0.7063418,-1.387557
0.7063568,-1.387557
0.70637184,-1.387557
0.70638686,-1.4337888
0.7064019,-1.4337888
0.7064169,-1.4337888
0.7064319,-1.4337888
0.70644695,-1.48002
0.70646197,-1.48002
0.706477,-1.48002
0.706492,-1.48002
0.706507,-1.48002
0.70652205,-1.48002
0.70653707,-1.48002
0.7065521,-1.48002
0.7065671,-1.5262513
0.7065821,-1.5262513
0.70659715,-1.5262513
0.70661217,-1.5262513
0.7066272,-1.5262513
0.7066422,-1.5724826
0.70665723,-1.5724826
0.70667225,-1.5724826
0.7066873,-1.5724826
0.7067023,-1.5724826
0.7067173,-1.6187139
0.70673233,-1.6187139
0.70674735,-1.6187139
0.7067624,-1.6187139
0.7067774,-1.6187139
0.7067924,-1.6187139
0.70680743,-1.6187139
0.70682245,-1.6187139
0.7068375,-1.5724826
0.7068525,-1.5724826
0.7068675,-1.5724826
0.70688254,-1.5724826
0.70689756,-1.5724826
0.7069126,-1.5262513
0.7069276,-1.5262513
0.7069426,-1.5262513
0.70695764,-1.5262513
0.70697266,-1.5262513
0.7069877,-1.48002
0.7070027,-1.48002
0.7070177,-1.48002
0.70703274,-1.48002
0.70704776,-1.48002
0.70706284,-1.48002
0.70707786,-1.48002
0.7070929,-1.4337888
0.7071079,-1.4337888
0.7071229,-1.4337888
0.70713794,-1.4337888
0.70715296,-1.387557
0.707168,-1.387557
0.707183,-1.387557
0.707198,-1.387557
0.70721304,-1.387557
0.70722806,-1.3413262
0.7072431,-1.3413262
0.7072581,-1.3413262
0.7072731,-1.3413262
0.70728815,-1.3413262
0.70730317,-1.2950945
0.7073182,-1.2950945
0.7073332,-1.2950945
0.7073482,-1.2950945
0.70736325,-1.2488632
0.70737827,-1.2488632
0.7073933,-1.2488632
0.7074083,-1.2488632
0.7074233,-1.2488632
0.70743835,-1.202632
0.70745337,-1.202632
0.7074684,-1.202632
0.7074834,-1.202632
0.70749843,-1.202632
0.70751345,-1.1564007
0.7075285,-1.1564007
0.7075435,-1.1564007
0.7075585,-1.1564007
0.70757353,-1.1101689
0.70758855,-1.1101689
0.7076036,-1.1101689
0.7076186,-1.1101689
0.7076336,-1.1101689
0.70764863,-1.0639377
0.70766366,-1.0639377
0.7076787,-1.0639377
0.7076937,-1.0639377
0.7077087,-1.0177064
0.70772374,-1.0177064
0.70773876,-1.0177064
0.7077538,-1.0177064
0.7077688,-1.0177064
0.7077838,-0.9714751
0.70779884,-0.9714751
0.70781386,-0.9714751
0.7078289,-0.9714751
0.7078439,-0.9714751
0.7078589,-0.9252434
0.70787394,-0.9252434
0.70788896,-0.9252434
0.707904,-0.9252434
0.707919,-0.8790121
0.707934,-0.8790121
0.70794904,-0.8790121
0.70796406,-0.8790121
0.7079791,-0.8790121
0.7079941,-0.83278084
0.7080091,-0.83278084
0.70802414,-0.83278084
0.70803916,-0.83278084
0.7080542,-0.83278084
0.7080692,-0.78654957
0.7080842,-0.78654957
0.70809925,-0.78654957
0.70811427,-0.78654957
0.7081293,-0.7403178
0.7081443,-0.7403178
0.7081593,-0.7403178
0.70817435,-0.7403178
0.70818937,-0.7403178
0.7082044,-0.694087
0.7082194,-0.694087
0.7082344,-0.694087
0.70824945,-0.694087
0.70826447,-0.694087
0.7082795,-0.6478553
0.7082945,-0.6478553
0.70830953,-0.6478553
0.70832455,-0.6478553
0.7083396,-0.6478553
0.7083546,-0.601624
0.7083696,-0.601624
0.70838463,-0.601624
0.70839965,-0.601624
0.7084147,-0.55539227
0.7084297,-0.55539227
0.7084447,-0.55539227
0.70845973,-0.55539227
0.70847476,-0.55539227
0.7084898,-0.5091615
0.7085048,-0.5091615
0.7085198,-0.5091615
0.70853484,-0.5091615
0.70854986,-0.46292973
0.7085649,-0.46292973
0.7085799,-0.46292973
0.7085949,-0.46292973
0.70860994,-0.46292973
0.70862496,-0.41669846
0.70864,-0.41669846
0.708655,-0.41669846
0.70867,-0.41669846
0.70868504,-0.41669846
0.70870006,-0.3704667
0.7087151,-0.3704667
0.7087301,-0.3704667
0.7087451,-0.3704667
0.70876014,-0.32423592
0.70877516,-0.32423592
0.7087902,-0.32423592
0.7088052,-0.32423592
0.7088203,-0.32423592
0.7088353,-0.27800417
0.7088503,-0.27800417
0.70886534,-0.27800417
0.70888036,-0.27800417
0.7088954,-0.27800417
0.7089104,-0.2317729
0.7089254,-0.2317729
0.70894045,-0.2317729
0.70895547,-0.2317729
0.7089705,-0.18554163
0.7089855,-0.18554163
0.7090005,-0.18554163
0.70901555,-0.18554163
0.70903057,-0.18554163
0.7090456,-0.13931036
0.7090606,-0.13931036
0.7090756,-0.13931036
0.70909065,-0.13931036
0.7091057,-0.13931036
0.7091207,-0.09307861
0.7091357,-0.09307861
0.70915073,-0.09307861
0.70916575,-0.09307861
0.7091808,-0.09307861
0.7091958,-0.046847343
0.7092108,-0.046847343
0.70922583,-0.046847343
0.70924085,-0.046847343
0.7092559,-6.160736E-4
0.7092709,-6.160736E-4
0.7092859,-6.160736E-4
0.70930094,-6.160736E-4
0.70931596,0.045615196
0.709331,0.045615196
0.709346,0.045615196
0.709361,0.045615196
0.70937604,0.045615196
0.70939106,0.091846466
0.7094061,0.091846466
0.7094211,0.091846466
0.7094361,0.091846466
0.70945114,0.091846466
0.70946616,0.13807821
0.7094812,0.13807821
0.7094962,0.13807821
0.7095112,0.13807821
0.70952624,0.184309
0.70954126,0.184309
0.7095563,0.184309
0.7095713,0.184309
0.7095863,0.184309
0.70960134,0.23054075
0.70961636,0.23054075
0.7096314,0.23054075
0.7096464,0.23054075
0.7096614,0.23054075
0.70967644,0.27677202
0.70969146,0.27677202
0.7097065,0.27677202
0.7097215,0.27677202
0.7097365,0.27677202
0.70975155,0.3230033
0.70976657,0.3230033
0.7097816,0.3230033
0.7097966,0.3230033
0.7098116,0.36923456
0.70982665,0.36923456
0.70984167,0.36923456
0.7098567,0.36923456
0.7098717,0.36923456
0.7098867,0.4154663
0.70990175,0.4154663
0.7099168,0.4154663
0.7099318,0.4154663
0.7099468,0.4154663
0.70996183,0.46169758
0.70997685,0.46169758
0.7099919,0.46169758
0.7100069,0.46169758
0.7100219,0.50792885
0.71003693,0.50792885
0.71005195,0.50792885
0.710067,0.50792885
0.710082,0.50792885
0.710097,0.5541601
0.71011204,0.5541601
0.71012706,0.5541601
0.7101421,0.5541601
0.7101571,0.5541601
0.7101721,0.60039186
0.71018714,0.60039186
0.71020216,0.60039186
0.7102172,0.60039186
0.7102322,0.64662313
0.7102472,0.64662313
0.71026224,0.64662313
0.71027726,0.64662313
0.7102923,0.64662313
0.7103073,0.64662313
0.7103223,0.6928544
0.71033734,0.6928544
0.71035236,0.6928544
0.7103674,0.6928544
0.7103824,0.7390857
0.7103974,0.7390857
0.71041244,0.7390857
0.71042746,0.7390857
0.7104425,0.7390857
0.7104575,0.7853174
0.7104725,0.7853174
0.71048754,0.7853174
0.71050256,0.7853174
0.7105176,0.7853174
0.7105326,0.8315482
0.7105476,0.8315482
0.71056265,0.8315482
0.7105777,0.8315482
0.71059275,0.8315482
0.71060777,0.87777996
0.7106228,0.87777996
0.7106378,0.87777996
0.7106528,0.87777996
0.71066785,0.87777996
0.71068287,0.92401123
0.7106979,0.92401123
0.7107129,0.92401123
0.71072793,0.92401123
0.71074295,0.970243
0.710758,0.970243
0.710773,0.970243
0.710788,0.970243
0.71080303,0.970243
0.71081805,1.0164738
0.7108331,1.0164738
0.7108481,1.0164738
0.7108631,1.0164738
0.71087813,1.0164738
0.71089315,1.0627055
0.7109082,1.0627055
0.7109232,1.0627055
0.7109382,1.0627055
0.71095324,1.0627055
0.71096826,1.1089368
0.7109833,1.1089368
0.7109983,1.1089368
0.7110133,1.1089368
0.71102834,1.1089368
0.71104336,1.1551685
0.7110584,1.1551685
0.7110734,1.1551685
0.7110884,1.1551685
0.71110344,1.1551685
0.71111846,1.2013993
0.7111335,1.2013993
0.7111485,1.2013993
0.7111635,1.2013993
0.71117854,1.2013993
0.71119356,1.2476311
0.7112086,1.2476311
0.7112236,1.2476311
0.7112386,1.2476311
0.71125364,1.2476311
0.71126866,1.2938623
0.7112837,1.2938623
0.7112987,1.2938623
0.7113137,1.2938623
0.71132874,1.2938623
0.71134377,1.3400936
0.7113588,1.3400936
0.7113738,1.3400936
0.7113888,1.3400936
0.71140385,1.3400936
0.71141887,1.3863249
0.7114339,1.3863249
0.7114489,1.3863249
0.7114639,1.3863249
0.71147895,1.3863249
0.71149397,1.4325566
0.711509,1.4325566
0.711524,1.4325566
0.71153903,1.4325566
0.71155405,1.4325566
0.7115691,1.4787879
0.7115841,1.4787879
0.7115991,1.4787879
0.71161413,1.4787879
0.71162915,1.4787879
0.7116442,1.4787879
0.7116592,1.4787879
0.7116742,1.5250192
0.71168923,1.5250192
0.71170425,1.5250192
0.7117193,1.5250192
0.7117343,1.5250192
0.7117493,1.5712504
0.71176434,1.5712504
0.71177936,1.5712504
0.7117944,1.5712504
0.7118094,1.5712504
0.7118244,1.5712504
0.71183944,1.6174817
0.71185446,1.6174817
0.7118695,1.6174817
0.7118845,1.6174817
0.7118995,1.6174817
0.71191454,1.6637135
0.71192956,1.6637135
0.7119446,1.6637135
0.7119596,1.6637135
0.7119746,1.6637135
0.71198964,1.7099442
0.71200466,1.7099442
0.7120197,1.7099442
0.7120347,1.7099442
0.7120497,1.7099442
0.71206474,1.756176
0.71207976,1.756176
0.7120948,1.756176
0.7121098,1.756176
0.7121248,1.756176
0.71213984,1.756176
0.71215487,1.756176
0.7121699,1.7099442
0.7121849,1.7099442
0.7121999,1.7099442
0.71221495,1.7099442
0.71222997,1.6637135
0.712245,1.6637135
0.71226,1.6637135
0.712275,1.6637135
0.71229005,1.6174817
0.71230507,1.6174817
0.7123201,1.6174817
0.71233517,1.6174817
0.7123502,1.6174817
0.7123652,1.5712504
0.71238023,1.5712504
0.71239525,1.5712504
0.7124103,1.5712504
0.7124253,1.5250192
0.7124403,1.5250192
0.71245533,1.5250192
0.71247035,1.5250192
0.7124854,1.5250192
0.7125004,1.4787879
0.7125154,1.4787879
0.71253043,1.4787879
0.71254545,1.4787879
0.7125605,1.4787879
0.7125755,1.4787879
0.7125905,1.4325566
0.71260554,1.4325566
0.71262056,1.4325566
0.7126356,1.4325566
0.7126506,1.4325566
0.7126656,1.3863249
0.71268064,1.3863249
0.71269566,1.3863249
0.7127107,1.3863249
0.7127257,1.3400936
0.7127407,1.3400936
0.71275574,1.3400936
0.71277076,1.3400936
0.7127858,1.3400936
0.7128008,1.2938623
0.7128158,1.2938623
0.71283084,1.2938623
0.71284586,1.2938623
0.7128609,1.2476311
0.7128759,1.2476311
0.7128909,1.2476311
0.71290594,1.2476311
0.71292096,1.2476311
0.712936,1.2013993
0.712951,1.2013993
0.712966,1.2013993
0.71298105,1.2013993
0.71299607,1.1551685
0.7130111,1.1551685
0.7130261,1.1551685
0.7130411,1.1551685
0.71305615,1.1089368
0.71307117,1.1089368
0.7130862,1.1089368
0.7131012,1.1089368
0.7131162,1.1089368
0.71313125,1.0627055
0.71314627,1.0627055
0.7131613,1.0627055
0.7131763,1.0627055
0.71319133,1.0164738
0.71320635,1.0164738
0.7132214,1.0164738
0.7132364,1.0164738
0.7132514,1.0164738
0.71326643,0.970243
0.71328145,0.970243
0.7132965,0.970243
0.7133115,0.970243
0.7133265,0.92401123
0.71334153,0.92401123
0.71335655,0.92401123
0.7133716,0.92401123
0.7133866,0.87777996
0.7134016,0.87777996
0.71341664,0.87777996
0.71343166,0.87777996
0.7134467,0.87777996
0.7134617,0.8315482
0.7134767,0.8315482
0.71349174,0.8315482
0.71350676,0.8315482
0.7135218,0.7853174
0.7135368,0.7853174
0.7135518,0.7853174
0.71356684,0.7853174
0.71358186,0.7390857
0.7135969,0.7390857
0.7136119,0.7390857
0.7136269,0.7390857
0.71364194,0.7390857
0.71365696,0.6928544
0.713672,0.6928544
0.713687,0.6928544
0.713702,0.6928544
0.71371704,0.64662313
0.71373206,0.64662313
0.7137471,0.64662313
0.7137621,0.64662313
0.7137771,0.64662313
0.71379215,0.60039186
0.71380717,0.60039186
0.7138222,0.60039186
0.7138372,0.60039186
0.7138522,0.5541601
0.71386725,0.5541601
0.71388227,0.5541601
0.7138973,0.5541601
0.7139123,0.5541601
0.7139273,0.50792885
0.71394235,0.50792885
0.71395737,0.50792885
0.7139724,0.50792885
0.7139874,0.46169758
0.71400243,0.46169758
0.71401745,0.46169758
0.7140325,0.46169758
0.7140475,0.46169758
0.7140625,0.4154663
0.71407753,0.4154663
0.7140926,0.4154663
0.71410763,0.4154663
0.71412265,0.36923456
0.7141377,0.36923456
0.7141527,0.36923456
0.7141677,0.36923456
0.71418273,0.3230033
0.71419775,0.3230033
0.7142128,0.3230033
0.7142278,0.3230033
0.7142428,0.3230033
0.71425784,0.27677202
0.71427286,0.27677202
0.7142879,0.27677202
0.7143029,0.27677202
0.7143179,0.23054075
0.71433294,0.23054075
0.71434796,0.23054075
0.714363,0.23054075
0.714378,0.23054075
0.714393,0.184309
0.71440804,0.184309
0.71442306,0.184309
0.7144381,0.184309
0.7144531,0.13807821
0.7144681,0.13807821
0.71448314,0.13807821
0.71449816,0.13807821
0.7145132,0.091846466
0.7145282,0.091846466
0.7145432,0.091846466
0.71455824,0.091846466
0.71457326,0.091846466
0.7145883,0.045615196
0.7146033,0.045615196
0.7146183,0.045615196
0.71463335,0.045615196
0.71464837,-6.160736E-4
0.7146634,-6.160736E-4
0.7146784,-6.160736E-4
0.7146934,-6.160736E-4
0.71470845,-6.160736E-4
0.71472347,-0.046847343
0.7147385,-0.046847343
0.7147535,-0.046847343
0.7147685,-0.046847343
0.71478355,-0.09307861
0.71479857,-0.09307861
0.7148136,-0.09307861
0.7148286,-0.09307861
0.71484363,-0.09307861
0.71485865,-0.13931036
0.7148737,-0.13931036
0.7148887,-0.13931036
0.7149037,-0.13931036
0.71491873,-0.18554163
0.71493375,-0.18554163
0.7149488,-0.18554163
0.7149638,-0.18554163
0.7149788,-0.2317729
0.71499383,-0.2317729
0.71500885,-0.2317729
0.7150239,-0.2317729
0.7150389,-0.2317729
0.7150539,-0.27800417
0.71506894,-0.27800417
0.71508396,-0.27800417
0.715099,-0.27800417
0.715114,-0.32423592
0.715129,-0.32423592
0.71514404,-0.32423592
0.71515906,-0.32423592
0.7151741,-0.32423592
0.7151891,-0.3704667
0.7152041,-0.3704667
0.71521914,-0.3704667
0.71523416,-0.3704667
0.7152492,-0.41669846
0.7152642,-0.41669846
0.7152792,-0.41669846
0.71529424,-0.41669846
0.71530926,-0.41669846
0.7153243,-0.46292973
0.7153393,-0.46292973
0.7153543,-0.46292973
0.71536934,-0.46292973
0.71538436,-0.46292973
0.7153994,-0.5091615
0.7154144,-0.5091615
0.7154294,-0.5091615
0.71544445,-0.5091615
0.71545947,-0.55539227
0.7154745,-0.55539227
0.7154895,-0.55539227
0.7155045,-0.55539227
0.71551955,-0.55539227
0.71553457,-0.601624
0.7155496,-0.601624
0.7155646,-0.601624
0.7155796,-0.601624
0.71559465,-0.6478553
0.71560967,-0.6478553
0.7156247,-0.6478553
0.7156397,-0.6478553
0.71565473,-0.6478553
0.71566975,-0.694087
0.7156848,-0.694087
0.7156998,-0.694087
0.7157148,-0.694087
0.71572983,-0.694087
0.71574485,-0.7403178
0.7157599,-0.7403178
0.7157749,-0.7403178
0.7157899,-0.7403178
0.71580493,-0.7403178
0.71581995,-0.78654957
0.715835,-0.78654957
0.71585,-0.78654957
0.7158651,-0.78654957
0.7158801,-0.83278084
0.7158951,-0.83278084
0.71591014,-0.83278084
0.71592516,-0.83278084
0.7159402,-0.83278084
0.7159552,-0.8790121
0.7159702,-0.8790121
0.71598524,-0.8790121
0.71600026,-0.8790121
0.7160153,-0.8790121
0.7160303,-0.9252434
0.7160453,-0.9252434
0.71606034,-0.9252434
0.71607536,-0.9252434
0.7160904,-0.9714751
0.7161054,-0.9714751
0.7161204,-0.9714751
0.71613544,-0.9714751
0.71615046,-0.9714751
0.7161655,-1.0177064
0.7161805,-1.0177064
0.7161955,-1.0177064
0.71621054,-1.0177064
0.71622556,-1.0177064
0.7162406,-1.0639377
0.7162556,-1.0639377
0.7162706,-1.0639377
0.71628565,-1.0639377
0.71630067,-1.0639377
0.7163157,-1.1101689
0.7163307,-1.1101689
0.7163457,-1.1101689
0.71636075,-1.1101689
0.71637577,-1.1564007
0.7163908,-1.1564007
0.7164058,-1.1564007
0.7164208,-1.1564007
0.71643585,-1.1564007
0.71645087,-1.202632
0.7164659,-1.202632
0.7164809,-1.202632
0.71649593,-1.202632
0.71651095,-1.202632
0.716526,-1.2488632
0.716541,-1.2488632
0.716556,-1.2488632
0.71657103,-1.2488632
0.71658605,-1.2488632
0.7166011,-1.2950945
0.7166161,-1.2950945
0.7166311,-1.2950945
0.71664613,-1.2950945
0.71666116,-1.3413262
0.7166762,-1.3413262
0.7166912,-1.3413262
0.7167062,-1.3413262
0.71672124,-1.3413262
0.71673626,-1.387557
0.7167513,-1.387557
0.7167663,-1.387557
0.7167813,-1.387557
0.71679634,-1.387557
0.71681136,-1.4337888
0.7168264,-1.4337888
0.7168414,-1.4337888
0.7168564,-1.4337888
0.71687144,-1.4337888
0.71688646,-1.48002
0.7169015,-1.48002
0.7169165,-1.48002
0.7169315,-1.48002
0.71694654,-1.48002
0.71696156,-1.48002
0.7169766,-1.48002
0.7169916,-1.48002
0.7170066,-1.5262513
0.71702164,-1.5262513
0.71703666,-1.5262513
0.7170517,-1.5262513
0.7170667,-1.5262513
0.7170817,-1.5724826
0.71709675,-1.5724826
0.71711177,-1.5724826
0.7171268,-1.5724826
0.7171418,-1.6187139
0.7171568,-1.6187139
0.71717185,-1.6187139
0.71718687,-1.6187139
0.7172019,-1.6187139
0.7172169,-1.6187139
0.7172319,-1.6187139
0.71724695,-1.6187139
0.71726197,-1.6187139
0.717277,-1.5724826
0.717292,-1.5724826
0.71730703,-1.5724826
0.71732205,-1.5724826
0.7173371,-1.5724826
0.7173521,-1.5262513
0.7173671,-1.5262513
0.71738213,-1.5262513
0.71739715,-1.5262513
0.7174122,-1.48002
0.7174272,-1.48002
0.7174422,-1.48002
0.71745723,-1.48002
0.71747226,-1.48002
0.7174873,-1.48002
0.7175023,-1.48002
0.7175173,-1.4337888
0.71753234,-1.4337888
0.71754736,-1.4337888
0.7175624,-1.4337888
0.7175774,-1.4337888
0.7175924,-1.387557
0.71760744,-1.387557
0.7176225,-1.387557
0.71763754,-1.387557
0.71765256,-1.387557
0.7176676,-1.3413262
0.7176826,-1.3413262
0.7176976,-1.3413262
0.71771264,-1.3413262
0.71772766,-1.2950945
0.7177427,-1.2950945
0.7177577,-1.2950945
0.7177727,-1.2950945
0.71778774,-1.2950945
0.71780276,-1.2488632
0.7178178,-1.2488632
0.7178328,-1.2488632
0.7178478,-1.2488632
0.71786284,-1.2488632
0.71787786,-1.202632
0.7178929,-1.202632
0.7179079,-1.202632
0.7179229,-1.202632
0.71793795,-1.1564007
0.71795297,-1.1564007
0.717968,-1.1564007
0.717983,-1.1564007
0.717998,-1.1564007
0.71801305,-1.1101689
0.71802807,-1.1101689
0.7180431,-1.1101689
0.7180581,-1.1101689
0.7180731,-1.0639377
0.71808815,-1.0639377
0.7181032,-1.0639377
0.7181182,-1.0639377
0.7181332,-1.0639377
0.71814823,-1.0177064
0.71816325,-1.0177064
0.7181783,-1.0177064
0.7181933,-1.0177064
0.7182083,-1.0177064
0.71822333,-0.9714751
0.71823835,-0.9714751
0.7182534,-0.9714751
0.7182684,-0.9714751
0.7182834,-0.9714751
0.71829844,-0.9252434
0.71831346,-0.9252434
0.7183285,-0.9252434
0.7183435,-0.9252434
0.7183585,-0.8790121
0.71837354,-0.8790121
0.71838856,-0.8790121
0.7184036,-0.8790121
0.7184186,-0.8790121
0.7184336,-0.83278084
0.71844864,-0.83278084
0.71846366,-0.83278084
0.7184787,-0.83278084
0.7184937,-0.78654957
0.7185087,-0.78654957
0.71852374,-0.78654957
0.71853876,-0.78654957
0.7185538,-0.78654957
0.7185688,-0.7403178
0.7185838,-0.7403178
0.71859884,-0.7403178
0.71861386,-0.7403178
0.7186289,-0.7403178
0.7186439,-0.694087
0.7186589,-0.694087
0.71867394,-0.694087
0.71868896,-0.694087
0.718704,-0.6478553
0.718719,-0.6478553
0.718734,-0.6478553
0.71874905,-0.6478553
0.71876407,-0.6478553
0.7187791,-0.601624
0.7187941,-0.601624
0.7188091,-0.601624
0.71882415,-0.601624
0.71883917,-0.601624
0.7188542,-0.55539227
0.7188692,-0.55539227
0.7188842,-0.55539227
0.71889925,-0.55539227
0.7189143,-0.5091615
0.7189293,-0.5091615
0.7189443,-0.5091615
0.71895933,-0.5091615
0.71897435,-0.5091615
0.7189894,-0.46292973
0.7190044,-0.46292973
0.7190194,-0.46292973
0.71903443,-0.46292973
0.71904945,-0.46292973
0.7190645,-0.41669846
0.7190795,-0.41669846
0.7190945,-0.41669846
0.71910954,-0.41669846
0.71912456,-0.41669846
0.7191396,-0.3704667
0.7191546,-0.3704667
0.7191696,-0.3704667
0.71918464,-0.3704667
0.71919966,-0.32423592
0.7192147,-0.32423592
0.7192297,-0.32423592
0.7192447,-0.32423592
0.71925974,-0.32423592
0.71927476,-0.27800417
0.7192898,-0.27800417
0.7193048,-0.27800417
0.7193198,-0.27800417
0.71933484,-0.2317729
0.71934986,-0.2317729
0.7193649,-0.2317729
0.71937996,-0.2317729
0.719395,-0.2317729
0.71941,-0.18554163
0.719425,-0.18554163
0.71944004,-0.18554163
0.71945506,-0.18554163
0.7194701,-0.18554163
0.7194851,-0.13931036
0.7195001,-0.13931036
0.71951514,-0.13931036
0.71953017,-0.13931036
0.7195452,-0.09307861
0.7195602,-0.09307861
0.7195752,-0.09307861
0.71959025,-0.09307861
0.71960527,-0.09307861
0.7196203,-0.046847343
0.7196353,-0.046847343
0.7196503,-0.046847343
0.71966535,-0.046847343
0.71968037,-0.046847343
0.7196954,-6.160736E-4
0.7197104,-6.160736E-4
0.71972543,-6.160736E-4
0.71974045,-6.160736E-4
0.7197555,0.045615196
0.7197705,0.045615196
0.7197855,0.045615196
0.71980053,0.045615196
0.71981555,0.091846466
0.7198306,0.091846466
0.7198456,0.091846466
0.7198606,0.091846466
0.71987563,0.091846466
0.71989065,0.13807821
0.7199057,0.13807821
0.7199207,0.13807821
0.7199357,0.13807821
0.71995074,0.13807821
0.71996576,0.184309
0.7199808,0.184309
0.7199958,0.184309
0.7200108,0.184309
0.72002584,0.184309
0.72004086,0.23054075
0.7200559,0.23054075
0.7200709,0.23054075
0.7200859,0.23054075
0.72010094,0.27677202
0.72011596,0.27677202
0.720131,0.27677202
0.720146,0.27677202
0.720161,0.27677202
0.72017604,0.3230033
0.72019106,0.3230033
0.7202061,0.3230033
0.7202211,0.3230033
0.7202361,0.3230033
0.72025114,0.36923456
0.72026616,0.36923456
0.7202812,0.36923456
0.7202962,0.36923456
0.7203112,0.4154663
0.72032624,0.4154663
0.72034127,0.4154663
0.7203563,0.4154663
0.7203713,0.4154663
0.7203863,0.46169758
0.72040135,0.46169758
0.72041637,0.46169758
0.7204314,0.46169758
0.7204464,0.46169758
0.7204614,0.50792885
0.72047645,0.50792885
0.72049147,0.50792885
0.7205065,0.50792885
0.7205215,0.50792885
0.72053653,0.5541601
0.72055155,0.5541601
0.7205666,0.5541601
0.7205816,0.5541601
0.7205966,0.5541601
0.72061163,0.60039186
0.72062665,0.60039186
0.7206417,0.60039186
0.7206567,0.60039186
0.7206717,0.64662313
0.72068673,0.64662313
0.72070175,0.64662313
0.7207168,0.64662313
0.7207318,0.64662313
0.7207468,0.6928544
0.72076184,0.6928544
0.72077686,0.6928544
0.7207919,0.6928544
0.7208069,0.6928544
0.7208219,0.7390857
0.72083694,0.7390857
0.72085196,0.7390857
0.720867,0.7390857
0.720882,0.7390857
0.720897,0.7853174
0.72091204,0.7853174
0.72092706,0.7853174
0.7209421,0.7853174
0.7209571,0.7853174
0.7209721,0.8315482
0.72098714,0.8315482
0.72100216,0.8315482
0.7210172,0.8315482
0.7210322,0.87777996
0.7210472,0.87777996
0.72106224,0.87777996
0.72107726,0.87777996
0.7210923,0.87777996
0.7211073,0.92401123
0.7211223,0.92401123
0.7211374,0.92401123
0.7211524,0.92401123
0.72116745,0.92401123
0.72118247,0.970243
0.7211975,0.970243
0.7212125,0.970243
0.7212275,0.970243
0.72124255,0.970243
0.72125757,1.0164738
0.7212726,1.0164738
0.7212876,1.0164738
0.7213026,1.0164738
0.72131765,1.0164738
0.72133267,1.0627055
0.7213477,1.0627055
0.7213627,1.0627055
0.72137773,1.0627055
0.72139275,1.0627055
0.7214078,1.1089368
0.7214228,1.1089368
0.7214378,1.1089368
0.72145283,1.1089368
0.72146785,1.1551685
0.7214829,1.1551685
0.7214979,1.1551685
0.7215129,1.1551685
0.72152793,1.1551685
0.72154295,1.1551685
0.721558,1.2013993
0.721573,1.2013993
0.721588,1.2013993
0.72160304,1.2013993
0.72161806,1.2476311
0.7216331,1.2476311
0.7216481,1.2476311
0.7216631,1.2476311
0.72167814,1.2476311
0.72169316,1.2938623
0.7217082,1.2938623
0.7217232,1.2938623
0.7217382,1.2938623
0.72175324,1.2938623
0.72176826,1.3400936
0.7217833,1.3400936
0.7217983,1.3400936
0.7218133,1.3400936
0.72182834,1.3400936
0.72184336,1.3400936
0.7218584,1.3863249
0.7218734,1.3863249
0.7218884,1.3863249
0.72190344,1.3863249
0.72191846,1.4325566
0.7219335,1.4325566
0.7219485,1.4325566
0.7219635,1.4325566
0.72197855,1.4325566
0.72199357,1.4325566
0.7220086,1.4787879
0.7220236,1.4787879
0.7220386,1.4787879
0.72205365,1.4787879
0.72206867,1.4787879
0.7220837,1.4787879
0.7220987,1.4787879
0.7221137,1.5250192
0.72212875,1.5250192
0.72214377,1.5250192
0.7221588,1.5250192
0.7221738,1.5250192
0.72218883,1.5712504
0.72220385,1.5712504
0.7222189,1.5712504
0.7222339,1.5712504
0.7222489,1.5712504
0.72226393,1.6174817
0.72227895,1.6174817
0.722294,1.6174817
0.722309,1.6174817
0.722324,1.6174817
0.72233903,1.6637135
0.72235405,1.6637135
0.7223691,1.6637135
0.7223841,1.6637135
0.7223991,1.6637135
0.72241414,1.7099442
0.72242916,1.7099442
0.7224442,1.7099442
0.7224592,1.7099442
0.7224742,1.7099442
0.72248924,1.7099442
0.72250426,1.756176
0.7225193,1.756176
0.7225343,1.756176
0.7225493,1.756176
0.72256434,1.756176
0.72257936,1.756176
0.7225944,1.756176
0.7226094,1.7099442
0.7226244,1.7099442
0.72263944,1.7099442
0.72265446,1.7099442
0.7226695,1.6637135
0.7226845,1.6637135
0.7226995,1.6637135
0.72271454,1.6637135
0.72272956,1.6174817
0.7227446,1.6174817
0.7227596,1.6174817
0.7227746,1.6174817
0.72278965,1.6174817
0.72280467,1.5712504
0.7228197,1.5712504
0.7228347,1.5712504
0.7228497,1.5712504
0.72286475,1.5250192
0.72287977,1.5250192
0.7228948,1.5250192
0.72290987,1.5250192
0.7229249,1.4787879
0.7229399,1.4787879
0.7229549,1.4787879
0.72296995,1.4787879
0.72298497,1.4787879
0.723,1.4787879
0.723015,1.4787879
0.72303003,1.4325566
0.72304505,1.4325566
0.7230601,1.4325566
0.7230751,1.4325566
0.7230901,1.3863249
0.72310513,1.3863249
0.72312015,1.3863249
0.7231352,1.3863249
0.7231502,1.3863249
0.7231652,1.3400936
0.72318023,1.3400936
0.72319525,1.3400936
0.7232103,1.3400936
0.7232253,1.2938623
0.7232403,1.2938623
0.72325534,1.2938623
0.72327036,1.2938623
0.7232854,1.2938623
0.7233004,1.2476311
0.7233154,1.2476311
0.72333044,1.2476311
0.72334546,1.2476311
0.7233605,1.2013993
0.7233755,1.2013993
0.7233905,1.2013993
0.72340554,1.2013993
0.72342056,1.2013993
0.7234356,1.1551685
0.7234506,1.1551685
0.7234656,1.1551685
0.72348064,1.1551685
0.72349566,1.1089368
0.7235107,1.1089368
0.7235257,1.1089368
0.7235407,1.1089368
0.72355574,1.0627055
0.72357076,1.0627055
0.7235858,1.0627055
0.7236008,1.0627055
0.7236158,1.0627055
0.72363085,1.0164738
0.72364587,1.0164738
0.7236609,1.0164738
0.7236759,1.0164738
0.7236909,0.970243
0.72370595,0.970243
0.72372097,0.970243
0.723736,0.970243
0.723751,0.92401123
0.723766,0.92401123
0.72378105,0.92401123
0.72379607,0.92401123
0.7238111,0.92401123
0.7238261,0.87777996
0.72384113,0.87777996
0.72385615,0.87777996
0.7238712,0.87777996
0.7238862,0.8315482
0.7239012,0.8315482
0.72391623,0.8315482
0.72393125,0.8315482
0.7239463,0.8315482
0.7239613,0.7853174
0.7239763,0.7853174
0.72399133,0.7853174
0.72400635,0.7853174
0.7240214,0.7390857
0.7240364,0.7390857
0.7240514,0.7390857
0.72406644,0.7390857
0.72408146,0.6928544
0.7240965,0.6928544
0.7241115,0.6928544
0.7241265,0.6928544
0.72414154,0.6928544
0.72415656,0.64662313
0.7241716,0.64662313
0.7241866,0.64662313
0.7242016,0.64662313
0.72421664,0.60039186
0.72423166,0.60039186
0.7242467,0.60039186
0.7242617,0.60039186
0.7242767,0.60039186
0.72429174,0.5541601
0.72430676,0.5541601
0.7243218,0.5541601
0.7243368,0.5541601
0.7243518,0.50792885
0.72436684,0.50792885
0.72438186,0.50792885
0.7243969,0.50792885
0.7244119,0.50792885
0.7244269,0.46169758
0.72444195,0.46169758
0.72445697,0.46169758
0.724472,0.46169758
0.724487,0.4154663
0.724502,0.4154663
0.72451705,0.4154663
0.72453207,0.4154663
0.7245471,0.36923456
0.7245621,0.36923456
0.7245771,0.36923456
0.72459215,0.36923456
0.72460717,0.36923456
0.7246222,0.3230033
0.7246372,0.3230033
0.72465223,0.3230033
0.7246673,0.3230033
0.72468233,0.27677202
0.72469735,0.27677202
0.7247124,0.27677202
0.7247274,0.27677202
0.7247424,0.27677202
0.72475743,0.23054075
0.72477245,0.23054075
0.7247875,0.23054075
0.7248025,0.23054075
0.7248175,0.184309
0.72483253,0.184309
0.72484756,0.184309
0.7248626,0.184309
0.7248776,0.184309
0.7248926,0.13807821
0.72490764,0.13807821
0.72492266,0.13807821
0.7249377,0.13807821
0.7249527,0.091846466
0.7249677,0.091846466
0.72498274,0.091846466
0.72499776,0.091846466
0.7250128,0.091846466
0.7250278,0.045615196
0.7250428,0.045615196
0.72505784,0.045615196
0.72507286,0.045615196
0.7250879,-6.160736E-4
0.7251029,-6.160736E-4
0.7251179,-6.160736E-4
0.72513294,-6.160736E-4
0.72514796,-0.046847343
0.725163,-0.046847343
0.725178,-0.046847343
0.725193,-0.046847343
0.72520804,-0.046847343
0.72522306,-0.09307861
0.7252381,-0.09307861
0.7252531,-0.09307861
0.7252681,-0.09307861
0.72528315,-0.13931036
0.72529817,-0.13931036
0.7253132,-0.13931036
0.7253282,-0.13931036
0.7253432,-0.13931036
0.72535825,-0.18554163
0.72537327,-0.18554163
0.7253883,-0.18554163
0.7254033,-0.18554163
0.7254183,-0.2317729
0.72543335,-0.2317729
0.72544837,-0.2317729
0.7254634,-0.2317729
0.7254784,-0.27800417
0.72549343,-0.27800417
0.72550845,-0.27800417
0.7255235,-0.27800417
0.7255385,-0.27800417
0.7255535,-0.32423592
0.72556853,-0.32423592
0.72558355,-0.32423592
0.7255986,-0.32423592
0.7256136,-0.32423592
0.7256286,-0.3704667
0.72564363,-0.3704667
0.72565866,-0.3704667
0.7256737,-0.3704667
0.7256887,-0.41669846
0.7257037,-0.41669846
0.72571874,-0.41669846
0.72573376,-0.41669846
0.7257488,-0.41669846
0.7257638,-0.46292973
0.7257788,-0.46292973
0.72579384,-0.46292973
0.72580886,-0.46292973
0.7258239,-0.5091615
0.7258389,-0.5091615
0.7258539,-0.5091615
0.72586894,-0.5091615
0.72588396,-0.5091615
0.725899,-0.55539227
0.725914,-0.55539227
0.725929,-0.55539227
0.72594404,-0.55539227
0.72595906,-0.601624
0.7259741,-0.601624
0.7259891,-0.601624
0.7260041,-0.601624
0.72601914,-0.601624
0.72603416,-0.6478553
0.7260492,-0.6478553
0.7260642,-0.6478553
0.7260792,-0.6478553
0.72609425,-0.6478553
0.72610927,-0.694087
0.7261243,-0.694087
0.7261393,-0.694087
0.7261543,-0.694087
0.72616935,-0.7403178
0.72618437,-0.7403178
0.7261994,-0.7403178
0.7262144,-0.7403178
0.7262294,-0.7403178
0.72624445,-0.78654957
0.72625947,-0.78654957
0.7262745,-0.78654957
0.7262895,-0.78654957
0.72630453,-0.78654957
0.72631955,-0.83278084
0.7263346,-0.83278084
0.7263496,-0.83278084
0.7263646,-0.83278084
0.72637963,-0.83278084
0.72639465,-0.8790121
0.7264097,-0.8790121
0.72642475,-0.8790121
0.7264398,-0.8790121
0.7264548,-0.9252434
0.7264698,-0.9252434
0.72648484,-0.9252434
0.72649986,-0.9252434
0.7265149,-0.9252434
0.7265299,-0.9714751
0.7265449,-0.9714751
0.72655994,-0.9714751
0.72657496,-0.9714751
0.72659,-0.9714751
0.726605,-1.0177064
0.72662,-1.0177064
0.72663504,-1.0177064
0.72665006,-1.0177064
0.7266651,-1.0639377
0.7266801,-1.0639377
0.7266951,-1.0639377
0.72671014,-1.0639377
0.72672516,-1.0639377
0.7267402,-1.1101689
0.7267552,-1.1101689
0.7267702,-1.1101689
0.72678524,-1.1101689
0.72680026,-1.1101689
0.7268153,-1.1564007
0.7268303,-1.1564007
0.7268453,-1.1564007
0.72686034,-1.1564007
0.72687536,-1.1564007
0.7268904,-1.202632
0.7269054,-1.202632
0.7269204,-1.202632
0.72693545,-1.202632
0.72695047,-1.2488632
0.7269655,-1.2488632
0.7269805,-1.2488632
0.7269955,-1.2488632
0.72701055,-1.2488632
0.72702557,-1.2950945
0.7270406,-1.2950945
0.7270556,-1.2950945
0.7270706,-1.2950945
0.72708565,-1.2950945
0.7271007,-1.3413262
0.7271157,-1.3413262
0.7271307,-1.3413262
0.72714573,-1.3413262
0.72716075,-1.3413262
0.7271758,-1.387557
0.7271908,-1.387557
0.7272058,-1.387557
0.72722083,-1.387557
0.72723585,-1.387557
0.7272509,-1.4337888
0.7272659,-1.4337888
0.7272809,-1.4337888
0.72729594,-1.4337888
0.72731096,-1.4337888
0.727326,-1.48002
0.727341,-1.48002
0.727356,-1.48002
0.72737104,-1.48002
0.72738606,-1.48002
0.7274011,-1.48002
0.7274161,-1.48002
0.7274311,-1.5262513
0.72744614,-1.5262513
0.72746116,-1.5262513
0.7274762,-1.5262513
0.7274912,-1.5262513
0.7275062,-1.5724826
0.72752124,-1.5724826
0.72753626,-1.5724826
0.7275513,-1.5724826
0.7275663,-1.5724826
0.7275813,-1.6187139
0.72759634,-1.6187139
0.72761136,-1.6187139
0.7276264,-1.6187139
0.7276414,-1.6187139
0.7276564,-1.6187139
0.72767144,-1.6187139
0.72768646,-1.6187139
0.7277015,-1.6187139
0.7277165,-1.5724826
0.7277315,-1.5724826
0.72774655,-1.5724826
0.72776157,-1.5724826
0.7277766,-1.5262513
0.7277916,-1.5262513
0.7278066,-1.5262513
0.72782165,-1.5262513
0.72783667,-1.5262513
0.7278517,-1.48002
0.7278667,-1.48002
0.7278817,-1.48002
0.72789675,-1.48002
0.7279118,-1.48002
0.7279268,-1.48002
0.7279418,-1.48002
0.72795683,-1.4337888
0.72797185,-1.4337888
0.7279869,-1.4337888
0.7280019,-1.4337888
0.7280169,-1.4337888
0.72803193,-1.387557
0.72804695,-1.387557
0.728062,-1.387557
0.728077,-1.387557
0.728092,-1.3413262
0.72810704,-1.3413262
0.72812206,-1.3413262
0.7281371,-1.3413262
0.7281521,-1.3413262
0.7281671,-1.2950945
0.7281822,-1.2950945
0.7281972,-1.2950945
0.72821224,-1.2950945
0.72822726,-1.2950945
0.7282423,-1.2488632
0.7282573,-1.2488632
0.7282723,-1.2488632
0.72828734,-1.2488632
0.72830236,-1.202632
0.7283174,-1.202632
0.7283324,-1.202632
0.7283474,-1.202632
0.72836244,-1.202632
0.72837746,-1.1564007
0.7283925,-1.1564007
0.7284075,-1.1564007
0.7284225,-1.1564007
0.72843754,-1.1101689
0.72845256,-1.1101689
0.7284676,-1.1101689
0.7284826,-1.1101689
0.7284976,-1.1101689
0.72851264,-1.0639377
0.72852767,-1.0639377
0.7285427,-1.0639377
0.7285577,-1.0639377
0.7285727,-1.0639377
0.72858775,-1.0177064
0.72860277,-1.0177064
0.7286178,-1.0177064
0.7286328,-1.0177064
0.7286478,-0.9714751
0.72866285,-0.9714751
0.72867787,-0.9714751
0.7286929,-0.9714751
0.7287079,-0.9714751
0.72872293,-0.9252434
0.72873795,-0.9252434
0.728753,-0.9252434
0.728768,-0.9252434
0.728783,-0.9252434
0.72879803,-0.8790121
0.72881305,-0.8790121
0.7288281,-0.8790121
0.7288431,-0.8790121
0.7288581,-0.83278084
0.72887313,-0.83278084
0.72888815,-0.83278084
0.7289032,-0.83278084
0.7289182,-0.83278084
0.7289332,-0.78654957
0.72894824,-0.78654957
0.72896326,-0.78654957
0.7289783,-0.78654957
0.7289933,-0.78654957
0.7290083,-0.7403178
0.72902334,-0.7403178
0.72903836,-0.7403178
0.7290534,-0.7403178
0.7290684,-0.694087
0.7290834,-0.694087
0.72909844,-0.694087
0.72911346,-0.694087
0.7291285,-0.694087
0.7291435,-0.6478553
0.7291585,-0.6478553
0.72917354,-0.6478553
0.72918856,-0.6478553
0.7292036,-0.6478553
0.7292186,-0.601624
0.7292336,-0.601624
0.72924864,-0.601624
0.72926366,-0.601624
0.7292787,-0.55539227
0.7292937,-0.55539227
0.7293087,-0.55539227
0.72932374,-0.55539227
0.72933877,-0.55539227
0.7293538,-0.5091615
0.7293688,-0.5091615
0.7293838,-0.5091615
0.72939885,-0.5091615
0.72941387,-0.5091615
0.7294289,-0.46292973
0.7294439,-0.46292973
0.7294589,-0.46292973
0.72947395,-0.46292973
0.72948897,-0.41669846
0.729504,-0.41669846
0.729519,-0.41669846
0.72953403,-0.41669846
0.72954905,-0.41669846
0.7295641,-0.3704667
0.7295791,-0.3704667
0.7295941,-0.3704667
0.72960913,-0.3704667
0.72962415,-0.3704667
0.7296392,-0.32423592
0.7296542,-0.32423592
0.7296692,-0.32423592
0.72968423,-0.32423592
0.72969925,-0.27800417
0.7297143,-0.27800417
0.7297293,-0.27800417
0.7297443,-0.27800417
0.72975934,-0.27800417
0.72977436,-0.2317729
0.7297894,-0.2317729
0.7298044,-0.2317729
0.7298194,-0.2317729
0.72983444,-0.18554163
0.72984946,-0.18554163
0.7298645,-0.18554163
0.7298795,-0.18554163
0.7298945,-0.18554163
0.72990954,-0.13931036
0.72992456,-0.13931036
0.7299396,-0.13931036
0.72995466,-0.13931036
0.7299697,-0.13931036
0.7299847,-0.09307861
0.7299997,-0.09307861
0.73001474,-0.09307861
0.73002976,-0.09307861
0.7300448,-0.09307861
0.7300598,-0.046847343
0.7300748,-0.046847343
0.73008984,-0.046847343
0.73010486,-0.046847343
0.7301199,-6.160736E-4
0.7301349,-6.160736E-4
0.7301499,-6.160736E-4
0.73016495,-6.160736E-4
0.73017997,0.045615196
0.730195,0.045615196
0.73021,0.045615196
0.730225,0.045615196
0.73024005,0.045615196
0.73025507,0.091846466
0.7302701,0.091846466
0.7302851,0.091846466
0.7303001,0.091846466
0.73031515,0.091846466
0.73033017,0.13807821
0.7303452,0.13807821
0.7303602,0.13807821
0.73037523,0.13807821
0.73039025,0.13807821
0.7304053,0.184309
0.7304203,0.184309
0.7304353,0.184309
0.73045033,0.184309
0.73046535,0.23054075
0.7304804,0.23054075
0.7304954,0.23054075
0.7305104,0.23054075
0.73052543,0.23054075
0.73054045,0.27677202
0.7305555,0.27677202
0.7305705,0.27677202
0.7305855,0.27677202
0.73060054,0.27677202
0.73061556,0.3230033
0.7306306,0.3230033
0.7306456,0.3230033
0.7306606,0.3230033
0.73067564,0.36923456
0.73069066,0.36923456
0.7307057,0.36923456
0.7307207,0.36923456
0.7307357,0.36923456
0.73075074,0.4154663
0.73076576,0.4154663
0.7307808,0.4154663
0.7307958,0.4154663
0.7308108,0.4154663
0.73082584,0.46169758
0.73084086,0.46169758
0.7308559,0.46169758
0.7308709,0.46169758
0.7308859,0.46169758
0.73090094,0.50792885
0.73091596,0.50792885
0.730931,0.50792885
0.730946,0.50792885
0.730961,0.5541601
0.73097605,0.5541601
0.73099107,0.5541601
0.7310061,0.5541601
0.7310211,0.5541601
0.7310361,0.60039186
0.73105115,0.60039186
0.73106617,0.60039186
0.7310812,0.60039186
0.7310962,0.60039186
0.7311112,0.64662313
0.73112625,0.64662313
0.73114127,0.64662313
0.7311563,0.64662313
0.7311713,0.64662313
0.73118633,0.6928544
0.73120135,0.6928544
0.7312164,0.6928544
0.7312314,0.6928544
0.7312464,0.7390857
0.73126143,0.7390857
0.73127645,0.7390857
0.7312915,0.7390857
0.7313065,0.7390857
0.7313215,0.7853174
0.73133653,0.7853174
0.73135155,0.7853174
0.7313666,0.7853174
0.7313816,0.7853174
0.7313966,0.8315482
0.73141164,0.8315482
0.73142666,0.8315482
0.7314417,0.8315482
0.7314567,0.8315482
0.7314717,0.87777996
0.73148674,0.87777996
0.73150176,0.87777996
0.7315168,0.87777996
0.7315318,0.87777996
0.7315468,0.92401123
0.73156184,0.92401123
0.73157686,0.92401123
0.7315919,0.92401123
0.7316069,0.92401123
0.7316219,0.970243
0.73163694,0.970243
0.73165196,0.970243
0.731667,0.970243
0.731682,0.970243
0.731697,1.0164738
0.7317121,1.0164738
0.7317271,1.0164738
0.73174214,1.0164738
0.73175716,1.0164738
0.7317722,1.0627055
0.7317872,1.0627055
0.7318022,1.0627055
0.73181725,1.0627055
0.73183227,1.1089368
0.7318473,1.1089368
0.7318623,1.1089368
0.7318773,1.1089368
0.73189235,1.1089368
0.73190737,1.1551685
0.7319224,1.1551685
0.7319374,1.1551685
0.7319524,1.1551685
0.73196745,1.1551685
0.73198247,1.2013993
0.7319975,1.2013993
0.7320125,1.2013993
0.73202753,1.2013993
0.73204255,1.2013993
0.7320576,1.2476311
0.7320726,1.2476311
0.7320876,1.2476311
0.73210263,1.2476311
0.73211765,1.2476311
0.7321327,1.2938623
0.7321477,1.2938623
0.7321627,1.2938623
0.73217773,1.2938623
0.73219275,1.2938623
0.7322078,1.3400936
0.7322228,1.3400936
0.7322378,1.3400936
0.73225284,1.3400936
0.73226786,1.3400936
0.7322829,1.3863249
0.7322979,1.3863249
0.7323129,1.3863249
0.73232794,1.3863249
0.73234296,1.3863249
0.732358,1.4325566
0.732373,1.4325566
0.732388,1.4325566
0.73240304,1.4325566
0.73241806,1.4325566
0.7324331,1.4787879
0.7324481,1.4787879
0.7324631,1.4787879
0.73247814,1.4787879
0.73249316,1.4787879
0.7325082,1.4787879
0.7325232,1.4787879
0.7325382,1.4787879
0.73255324,1.5250192
0.73256826,1.5250192
0.7325833,1.5250192
0.7325983,1.5250192
0.7326133,1.5250192
0.73262835,1.5712504
0.73264337,1.5712504
0.7326584,1.5712504
0.7326734,1.5712504
0.7326884,1.5712504
0.73270345,1.6174817
0.73271847,1.6174817
0.7327335,1.6174817
0.7327485,1.6174817
0.7327635,1.6174817
0.73277855,1.6637135
0.73279357,1.6637135
0.7328086,1.6637135
0.7328236,1.6637135
0.73283863,1.6637135
0.73285365,1.7099442
0.7328687,1.7099442
0.7328837,1.7099442
0.7328987,1.7099442
0.73291373,1.7099442
0.73292875,1.756176
0.7329438,1.756176
0.7329588,1.756176
0.7329738,1.756176
0.73298883,1.756176
0.73300385,1.756176
0.7330189,1.756176
0.7330339,1.7099442
0.7330489,1.7099442
0.73306394,1.7099442
0.73307896,1.7099442
0.733094,1.6637135
0.733109,1.6637135
0.733124,1.6637135
0.73313904,1.6637135
0.73315406,1.6637135
0.7331691,1.6174817
0.7331841,1.6174817
0.7331991,1.6174817
0.73321414,1.6174817
0.73322916,1.5712504
0.7332442,1.5712504
0.7332592,1.5712504
0.7332742,1.5712504
0.73328924,1.5250192
0.73330426,1.5250192
0.7333193,1.5250192
0.7333343,1.5250192
0.7333493,1.5250192
0.73336434,1.4787879
0.73337936,1.4787879
0.7333944,1.4787879
0.7334094,1.4787879
0.7334244,1.4787879
0.73343945,1.4787879
0.73345447,1.4787879
0.73346955,1.4325566
0.73348457,1.4325566
0.7334996,1.4325566
0.7335146,1.4325566
0.7335296,1.3863249
0.73354465,1.3863249
0.73355967,1.3863249
0.7335747,1.3863249
0.7335897,1.3863249
0.7336047,1.3400936
0.73361975,1.3400936
0.73363477,1.3400936
0.7336498,1.3400936
0.7336648,1.2938623
0.73367983,1.2938623
0.73369485,1.2938623
0.7337099,1.2938623
0.7337249,1.2476311
0.7337399,1.2476311
0.73375493,1.2476311
0.73376995,1.2476311
0.733785,1.2013993
0.7338,1.2013993
0.733815,1.2013993
0.73383003,1.2013993
0.73384506,1.2013993
0.7338601,1.1551685
0.7338751,1.1551685
0.7338901,1.1551685
0.73390514,1.1551685
0.73392016,1.1089368
0.7339352,1.1089368
0.7339502,1.1089368
0.7339652,1.1089368
0.73398024,1.1089368
0.73399526,1.0627055
0.7340103,1.0627055
0.7340253,1.0627055
0.7340403,1.0627055
0.73405534,1.0164738
0.73407036,1.0164738
0.7340854,1.0164738
0.7341004,1.0164738
0.7341154,0.970243
0.73413044,0.970243
0.73414546,0.970243
0.7341605,0.970243
0.7341755,0.970243
0.7341905,0.92401123
0.73420554,0.92401123
0.73422056,0.92401123
0.7342356,0.92401123
0.7342506,0.87777996
0.7342656,0.87777996
0.73428065,0.87777996
0.73429567,0.87777996
0.7343107,0.87777996
0.7343257,0.8315482
0.7343407,0.8315482
0.73435575,0.8315482
0.73437077,0.8315482
0.7343858,0.7853174
0.7344008,0.7853174
0.7344158,0.7853174
0.73443085,0.7853174
0.73444587,0.7853174
0.7344609,0.7390857
0.7344759,0.7390857
0.73449093,0.7390857
0.73450595,0.7390857
0.734521,0.6928544
0.734536,0.6928544
0.734551,0.6928544
0.73456603,0.6928544
0.73458105,0.64662313
0.7345961,0.64662313
0.7346111,0.64662313
0.7346261,0.64662313
0.73464113,0.64662313
0.73465616,0.60039186
0.7346712,0.60039186
0.7346862,0.60039186
0.7347012,0.60039186
0.73471624,0.5541601
0.73473126,0.5541601
0.7347463,0.5541601
0.7347613,0.5541601
0.7347763,0.5541601
0.73479134,0.50792885
0.73480636,0.50792885
0.7348214,0.50792885
0.7348364,0.50792885
0.7348514,0.46169758
0.73486644,0.46169758
0.73488146,0.46169758
0.7348965,0.46169758
0.7349115,0.46169758
0.7349265,0.4154663
0.73494154,0.4154663
0.73495656,0.4154663
0.7349716,0.4154663
0.7349866,0.36923456
0.7350016,0.36923456
0.73501664,0.36923456
0.73503166,0.36923456
0.7350467,0.3230033
0.7350617,0.3230033
0.7350767,0.3230033
0.73509175,0.3230033
0.73510677,0.3230033
0.7351218,0.27677202
0.7351368,0.27677202
0.7351518,0.27677202
0.73516685,0.27677202
0.73518187,0.23054075
0.7351969,0.23054075
0.7352119,0.23054075
0.735227,0.23054075
0.735242,0.23054075
0.735257,0.184309
0.73527205,0.184309
0.7352871,0.184309
0.7353021,0.184309
0.7353171,0.13807821
0.73533213,0.13807821
0.73534715,0.13807821
0.7353622,0.13807821
0.7353772,0.13807821
0.7353922,0.091846466
0.73540723,0.091846466
0.73542225,0.091846466
0.7354373,0.091846466
0.7354523,0.045615196
0.7354673,0.045615196
0.73548234,0.045615196
0.73549736,0.045615196
0.7355124,0.045615196
0.7355274,-6.160736E-4
0.7355424,-6.160736E-4
0.73555744,-6.160736E-4
0.73557246,-6.160736E-4
0.7355875,-0.046847343
0.7356025,-0.046847343
0.7356175,-0.046847343
0.73563254,-0.046847343
0.73564756,-0.09307861
0.7356626,-0.09307861
0.7356776,-0.09307861
0.7356926,-0.09307861
0.73570764,-0.09307861
0.73572266,-0.13931036
0.7357377,-0.13931036
0.7357527,-0.13931036
0.7357677,-0.13931036
0.73578274,-0.18554163
0.73579776,-0.18554163
0.7358128,-0.18554163
0.7358278,-0.18554163
0.7358428,-0.2317729
0.73585784,-0.2317729
0.73587286,-0.2317729
0.7358879,-0.2317729
0.7359029,-0.2317729
0.7359179,-0.27800417
0.73593295,-0.27800417
0.73594797,-0.27800417
0.735963,-0.27800417
0.735978,-0.27800417
0.735993,-0.32423592
0.73600805,-0.32423592
0.73602307,-0.32423592
0.7360381,-0.32423592
0.7360531,-0.3704667
0.7360681,-0.3704667
0.73608315,-0.3704667
0.7360982,-0.3704667
0.7361132,-0.3704667
0.7361282,-0.41669846
0.73614323,-0.41669846
0.73615825,-0.41669846
0.7361733,-0.41669846
0.7361883,-0.46292973
0.7362033,-0.46292973
0.73621833,-0.46292973
0.73623335,-0.46292973
0.7362484,-0.46292973
0.7362634,-0.5091615
0.7362784,-0.5091615
0.73629344,-0.5091615
0.73630846,-0.5091615
0.7363235,-0.5091615
0.7363385,-0.55539227
0.7363535,-0.55539227
0.73636854,-0.55539227
0.73638356,-0.55539227
0.7363986,-0.601624
0.7364136,-0.601624
0.7364286,-0.601624
0.73644364,-0.601624
0.73645866,-0.601624
0.7364737,-0.6478553
0.7364887,-0.6478553
0.7365037,-0.6478553
0.73651874,-0.6478553
0.73653376,-0.694087
0.7365488,-0.694087
0.7365638,-0.694087
0.7365788,-0.694087
0.73659384,-0.694087
0.73660886,-0.7403178
0.7366239,-0.7403178
0.7366389,-0.7403178
0.7366539,-0.7403178
0.73666894,-0.7403178
0.73668396,-0.78654957
0.736699,-0.78654957
0.736714,-0.78654957
0.736729,-0.78654957
0.73674405,-0.78654957
0.73675907,-0.83278084
0.7367741,-0.83278084
0.7367891,-0.83278084
0.7368041,-0.83278084
0.73681915,-0.8790121
0.73683417,-0.8790121
0.7368492,-0.8790121
0.7368642,-0.8790121
0.7368792,-0.8790121
0.73689425,-0.9252434
0.7369093,-0.9252434
0.7369243,-0.9252434
0.7369393,-0.9252434
0.73695433,-0.9714751
0.73696935,-0.9714751
0.7369844,-0.9714751
0.73699945,-0.9714751
0.7370145,-0.9714751
0.7370295,-1.0177064
0.7370445,-1.0177064
0.73705953,-1.0177064
0.73707455,-1.0177064
0.7370896,-1.0177064
0.7371046,-1.0639377
0.7371196,-1.0639377
0.73713464,-1.0639377
0.73714966,-1.0639377
0.7371647,-1.0639377
0.7371797,-1.1101689
0.7371947,-1.1101689
0.73720974,-1.1101689
0.73722476,-1.1101689
0.7372398,-1.1564007
0.7372548,-1.1564007
0.7372698,-1.1564007
0.73728484,-1.1564007
0.73729986,-1.1564007
0.7373149,-1.202632
0.7373299,-1.202632
0.7373449,-1.202632
0.73735994,-1.202632
0.73737496,-1.202632
0.73739,-1.2488632
0.737405,-1.2488632
0.73742,-1.2488632
0.73743504,-1.2488632
0.73745006,-1.2488632
0.7374651,-1.2950945
0.7374801,-1.2950945
0.7374951,-1.2950945
0.73751014,-1.2950945
0.73752517,-1.2950945
0.7375402,-1.3413262
0.7375552,-1.3413262
0.7375702,-1.3413262
0.73758525,-1.3413262
0.73760027,-1.3413262
0.7376153,-1.387557
0.7376303,-1.387557
0.7376453,-1.387557
0.73766035,-1.387557
0.73767537,-1.4337888
0.7376904,-1.4337888
0.7377054,-1.4337888
0.73772043,-1.4337888
0.73773545,-1.4337888
0.7377505,-1.48002
0.7377655,-1.48002
0.7377805,-1.48002
0.73779553,-1.48002
0.73781055,-1.48002
0.7378256,-1.48002
0.7378406,-1.48002
0.7378556,-1.48002
0.73787063,-1.5262513
0.73788565,-1.5262513
0.7379007,-1.5262513
0.7379157,-1.5262513
0.7379307,-1.5262513
0.73794574,-1.5724826
0.73796076,-1.5724826
0.7379758,-1.5724826
0.7379908,-1.5724826
0.7380058,-1.5724826
0.73802084,-1.6187139
0.73803586,-1.6187139
0.7380509,-1.6187139
0.7380659,-1.6187139
0.7380809,-1.6187139
0.73809594,-1.6187139
0.73811096,-1.6187139
0.738126,-1.6187139
0.738141,-1.5724826
0.738156,-1.5724826
0.73817104,-1.5724826
0.73818606,-1.5724826
0.7382011,-1.5724826
0.7382161,-1.5262513
0.7382311,-1.5262513
0.73824614,-1.5262513
0.73826116,-1.5262513
0.7382762,-1.5262513
0.7382912,-1.48002
0.7383062,-1.48002
0.73832124,-1.48002
0.73833627,-1.48002
0.7383513,-1.48002
0.7383663,-1.48002
0.7383813,-1.48002
0.73839635,-1.4337888
0.73841137,-1.4337888
0.7384264,-1.4337888
0.7384414,-1.4337888
0.7384564,-1.387557
0.73847145,-1.387557
0.73848647,-1.387557
0.7385015,-1.387557
0.7385165,-1.387557
0.73853153,-1.3413262
0.73854655,-1.3413262
0.7385616,-1.3413262
0.7385766,-1.3413262
0.7385916,-1.3413262
0.73860663,-1.2950945
0.73862165,-1.2950945
0.7386367,-1.2950945
0.7386517,-1.2950945
0.7386667,-1.2488632
0.73868173,-1.2488632
0.73869675,-1.2488632
0.7387118,-1.2488632
0.7387268,-1.2488632
0.7387418,-1.202632
0.7387569,-1.202632
0.7387719,-1.202632
0.73878694,-1.202632
0.73880196,-1.202632
0.738817,-1.1564007
0.738832,-1.1564007
0.738847,-1.1564007
0.73886204,-1.1564007
0.73887706,-1.1101689
0.7388921,-1.1101689
0.7389071,-1.1101689
0.7389221,-1.1101689
0.73893714,-1.1101689
0.73895216,-1.0639377
0.7389672,-1.0639377
0.7389822,-1.0639377
0.7389972,-1.0639377
0.73901224,-1.0177064
0.73902726,-1.0177064
0.7390423,-1.0177064
0.7390573,-1.0177064
0.7390723,-1.0177064
0.73908734,-0.9714751
0.73910236,-0.9714751
0.7391174,-0.9714751
0.7391324,-0.9714751
0.7391474,-0.9252434
0.73916245,-0.9252434
0.73917747,-0.9252434
0.7391925,-0.9252434
0.7392075,-0.9252434
0.7392225,-0.8790121
0.73923755,-0.8790121
0.73925257,-0.8790121
0.7392676,-0.8790121
0.7392826,-0.8790121
0.7392976,-0.83278084
0.73931265,-0.83278084
0.73932767,-0.83278084
0.7393427,-0.83278084
0.7393577,-0.83278084
0.73937273,-0.78654957
0.73938775,-0.78654957
0.7394028,-0.78654957
0.7394178,-0.78654957
0.7394328,-0.7403178
0.73944783,-0.7403178
0.73946285,-0.7403178
0.7394779,-0.7403178
0.7394929,-0.7403178
0.7395079,-0.694087
0.73952293,-0.694087
0.73953795,-0.694087
0.739553,-0.694087
0.739568,-0.694087
0.739583,-0.6478553
0.73959804,-0.6478553
0.73961306,-0.6478553
0.7396281,-0.6478553
0.7396431,-0.601624
0.7396581,-0.601624
0.73967314,-0.601624
0.73968816,-0.601624
0.7397032,-0.601624
0.7397182,-0.55539227
0.7397332,-0.55539227
0.73974824,-0.55539227
0.73976326,-0.55539227
0.7397783,-0.55539227
0.7397933,-0.5091615
0.7398083,-0.5091615
0.73982334,-0.5091615
0.73983836,-0.5091615
0.7398534,-0.46292973
0.7398684,-0.46292973
0.7398834,-0.46292973
0.73989844,-0.46292973
0.73991346,-0.46292973
0.7399285,-0.41669846
0.7399435,-0.41669846
0.7399585,-0.41669846
0.73997355,-0.41669846
0.73998857,-0.41669846
0.7400036,-0.3704667
0.7400186,-0.3704667
0.7400336,-0.3704667
0.74004865,-0.3704667
0.74006367,-0.32423592
0.7400787,-0.32423592
0.7400937,-0.32423592
0.7401087,-0.32423592
0.74012375,-0.32423592
0.74013877,-0.27800417
0.7401538,-0.27800417
0.7401688,-0.27800417
0.74018383,-0.27800417
0.74019885,-0.2317729
0.7402139,-0.2317729
0.7402289,-0.2317729
0.7402439,-0.2317729
0.74025893,-0.2317729
0.74027395,-0.18554163
0.740289,-0.18554163
0.740304,-0.18554163
0.740319,-0.18554163
0.74033403,-0.18554163
0.74034905,-0.13931036
0.7403641,-0.13931036
0.7403791,-0.13931036
0.7403941,-0.13931036
0.74040914,-0.13931036
0.74042416,-0.09307861
0.7404392,-0.09307861
0.7404542,-0.09307861
0.7404692,-0.09307861
0.74048424,-0.046847343
0.74049926,-0.046847343
0.74051434,-0.046847343
0.74052936,-0.046847343
0.7405444,-0.046847343
0.7405594,-6.160736E-4
0.7405744,-6.160736E-4
0.74058944,-6.160736E-4
0.74060446,-6.160736E-4
0.7406195,0.045615196
0.7406345,0.045615196
0.7406495,0.045615196
0.74066454,0.045615196
0.74067956,0.045615196
0.7406946,0.091846466
0.7407096,0.091846466
0.7407246,0.091846466
0.74073964,0.091846466
0.74075466,0.13807821
0.7407697,0.13807821
0.7407847,0.13807821
0.7407997,0.13807821
0.74081475,0.13807821
0.74082977,0.184309
0.7408448,0.184309
0.7408598,0.184309
0.7408748,0.184309
0.74088985,0.184309
0.74090487,0.23054075
0.7409199,0.23054075
0.7409349,0.23054075
0.7409499,0.23054075
0.74096495,0.23054075
0.74097997,0.27677202
0.740995,0.27677202
0.74101,0.27677202
0.74102503,0.27677202
0.74104005,0.3230033
0.7410551,0.3230033
0.7410701,0.3230033
0.7410851,0.3230033
0.74110013,0.3230033
0.74111515,0.36923456
0.7411302,0.36923456
0.7411452,0.36923456
0.7411602,0.36923456
0.74117523,0.36923456
0.74119025,0.4154663
0.7412053,0.4154663
0.7412203,0.4154663
0.7412353,0.4154663
0.74125034,0.46169758
0.74126536,0.46169758
0.7412804,0.46169758
0.7412954,0.46169758
0.7413104,0.46169758
0.74132544,0.50792885
0.74134046,0.50792885
0.7413555,0.50792885
0.7413705,0.50792885
0.7413855,0.50792885
0.74140054,0.5541601
0.74141556,0.5541601
0.7414306,0.5541601
0.7414456,0.5541601
0.7414606,0.5541601
0.74147564,0.60039186
0.74149066,0.60039186
0.7415057,0.60039186
0.7415207,0.60039186
0.7415357,0.64662313
0.74155074,0.64662313
0.74156576,0.64662313
0.7415808,0.64662313
0.7415958,0.64662313
0.7416108,0.6928544
0.74162585,0.6928544
0.74164087,0.6928544
0.7416559,0.6928544
0.7416709,0.6928544
0.7416859,0.7390857
0.74170095,0.7390857
0.74171597,0.7390857
0.741731,0.7390857
0.741746,0.7390857
0.741761,0.7853174
0.74177605,0.7853174
0.74179107,0.7853174
0.7418061,0.7853174
0.7418211,0.7853174
0.74183613,0.8315482
0.74185115,0.8315482
0.7418662,0.8315482
0.7418812,0.8315482
0.7418962,0.8315482
0.74191123,0.87777996
0.74192625,0.87777996
0.7419413,0.87777996
0.7419563,0.87777996
0.7419713,0.92401123
0.74198633,0.92401123
0.74200135,0.92401123
0.7420164,0.92401123
0.7420314,0.92401123
0.7420464,0.970243
0.74206144,0.970243
0.74207646,0.970243
0.7420915,0.970243
0.7421065,0.970243
0.7421215,1.0164738
0.74213654,1.0164738
0.74215156,1.0164738
0.7421666,1.0164738
0.7421816,1.0164738
0.7421966,1.0627055
0.74221164,1.0627055
0.74222666,1.0627055
0.7422417,1.0627055
0.7422567,1.0627055
0.7422718,1.1089368
0.7422868,1.1089368
0.7423018,1.1089368
0.74231684,1.1089368
0.74233186,1.1089368
0.7423469,1.1551685
0.7423619,1.1551685
0.7423769,1.1551685
0.74239194,1.1551685
0.74240696,1.1551685
0.742422,1.2013993
0.742437,1.2013993
0.742452,1.2013993
0.74246705,1.2013993
0.74248207,1.2013993
0.7424971,1.2476311
0.7425121,1.2476311
0.7425271,1.2476311
0.74254215,1.2476311
0.74255717,1.2476311
0.7425722,1.2938623
0.7425872,1.2938623
0.7426022,1.2938623
0.74261725,1.2938623
0.74263227,1.3400936
0.7426473,1.3400936
0.7426623,1.3400936
0.74267733,1.3400936
0.74269235,1.3400936
0.7427074,1.3863249
0.7427224,1.3863249
0.7427374,1.3863249
0.74275243,1.3863249
0.74276745,1.3863249
0.7427825,1.3863249
0.7427975,1.4325566
0.7428125,1.4325566
0.74282753,1.4325566
0.74284256,1.4325566
0.7428576,1.4325566
0.7428726,1.4787879
0.7428876,1.4787879
0.74290264,1.4787879
0.74291766,1.4787879
0.7429327,1.4787879
0.7429477,1.4787879
0.7429627,1.4787879
0.74297774,1.5250192
0.74299276,1.5250192
0.7430078,1.5250192
0.7430228,1.5250192
0.7430378,1.5250192
0.74305284,1.5712504
0.74306786,1.5712504
0.7430829,1.5712504
0.7430979,1.5712504
0.7431129,1.5712504
0.74312794,1.5712504
0.74314296,1.6174817
0.743158,1.6174817
0.743173,1.6174817
0.743188,1.6174817
0.74320304,1.6174817
0.74321806,1.6637135
0.7432331,1.6637135
0.7432481,1.6637135
0.7432631,1.6637135
0.74327815,1.6637135
0.74329317,1.7099442
0.7433082,1.7099442
0.7433232,1.7099442
0.7433382,1.7099442
0.74335325,1.7099442
0.74336827,1.756176
0.7433833,1.756176
0.7433983,1.756176
0.7434133,1.756176
0.74342835,1.756176
0.74344337,1.756176
0.7434584,1.756176
0.7434734,1.7099442
0.74348843,1.7099442
0.74350345,1.7099442
0.7435185,1.7099442
0.7435335,1.6637135
0.7435485,1.6637135
0.74356353,1.6637135
0.74357855,1.6637135
0.7435936,1.6174817
0.7436086,1.6174817
0.7436236,1.6174817
0.74363863,1.6174817
0.74365366,1.6174817
0.7436687,1.5712504
0.7436837,1.5712504
0.7436987,1.5712504
0.74371374,1.5712504
0.74372876,1.5250192
0.7437438,1.5250192
0.7437588,1.5250192
0.7437738,1.5250192
0.74378884,1.4787879
0.74380386,1.4787879
0.7438189,1.4787879
0.7438339,1.4787879
0.7438489,1.4787879
0.74386394,1.4787879
0.74387896,1.4787879
0.743894,1.4325566
0.743909,1.4325566
0.743924,1.4325566
0.74393904,1.4325566
0.74395406,1.4325566
0.7439691,1.3863249
0.7439841,1.3863249
0.7439991,1.3863249
0.74401414,1.3863249
0.74402916,1.3400936
0.74404424,1.3400936
0.74405926,1.3400936
0.7440743,1.3400936
0.7440893,1.2938623
0.7441043,1.2938623
0.74411935,1.2938623
0.74413437,1.2938623
0.7441494,1.2938623
0.7441644,1.2476311
0.7441794,1.2476311
0.74419445,1.2476311
0.74420947,1.2476311
0.7442245,1.2013993
0.7442395,1.2013993
0.7442545,1.2013993
0.74426955,1.2013993
0.7442846,1.2013993
0.7442996,1.1551685
0.7443146,1.1551685
0.74432963,1.1551685
0.74434465,1.1551685
0.7443597,1.1089368
0.7443747,1.1089368
0.7443897,1.1089368
0.74440473,1.1089368
0.74441975,1.0627055
0.7444348,1.0627055
0.7444498,1.0627055
0.7444648,1.0627055
0.74447984,1.0627055
0.74449486,1.0164738
0.7445099,1.0164738
0.7445249,1.0164738
0.7445399,1.0164738
0.74455494,0.970243
0.74456996,0.970243
0.744585,0.970243
0.7446,0.970243
0.744615,0.970243
0.74463004,0.92401123
0.74464506,0.92401123
0.7446601,0.92401123
0.7446751,0.92401123
0.7446901,0.87777996
0.74470514,0.87777996
0.74472016,0.87777996
0.7447352,0.87777996
0.7447502,0.8315482
0.7447652,0.8315482
0.74478024,0.8315482
0.74479526,0.8315482
0.7448103,0.8315482
0.7448253,0.7853174
0.7448403,0.7853174
0.74485534,0.7853174
0.74487036,0.7853174
0.7448854,0.7390857
0.7449004,0.7390857
0.7449154,0.7390857
0.74493045,0.7390857
0.74494547,0.7390857
0.7449605,0.6928544
0.7449755,0.6928544
0.7449905,0.6928544
0.74500555,0.6928544
0.74502057,0.64662313
0.7450356,0.64662313
0.7450506,0.64662313
0.7450656,0.64662313
0.74508065,0.64662313
0.7450957,0.60039186
0.7451107,0.60039186
0.7451257,0.60039186
0.74514073,0.60039186
0.74515575,0.5541601
0.7451708,0.5541601
0.7451858,0.5541601
0.7452008,0.5541601
0.74521583,0.50792885
0.74523085,0.50792885
0.7452459,0.50792885
0.7452609,0.50792885
0.7452759,0.50792885
0.74529094,0.46169758
0.74530596,0.46169758
0.745321,0.46169758
0.745336,0.46169758
0.745351,0.4154663
0.74536604,0.4154663
0.74538106,0.4154663
0.7453961,0.4154663
0.7454111,0.4154663
0.7454261,0.36923456
0.74544114,0.36923456
0.74545616,0.36923456
0.7454712,0.36923456
0.7454862,0.3230033
0.7455012,0.3230033
0.74551624,0.3230033
0.74553126,0.3230033
0.7455463,0.27677202
0.7455613,0.27677202
0.7455763,0.27677202
0.74559134,0.27677202
0.74560636,0.27677202
0.7456214,0.23054075
0.7456364,0.23054075
0.7456514,0.23054075
0.74566644,0.23054075
0.74568146,0.184309
0.7456965,0.184309
0.7457115,0.184309
0.7457265,0.184309
0.74574155,0.184309
0.74575657,0.13807821
0.7457716,0.13807821
0.7457866,0.13807821
0.7458017,0.13807821
0.7458167,0.091846466
0.7458317,0.091846466
0.74584675,0.091846466
0.74586177,0.091846466
0.7458768,0.091846466
0.7458918,0.045615196
0.74590683,0.045615196
0.74592185,0.045615196
0.7459369,0.045615196
0.7459519,-6.160736E-4
0.7459669,-6.160736E-4
0.74598193,-6.160736E-4
0.74599695,-6.160736E-4
0.746012,-0.046847343
0.746027,-0.046847343
0.746042,-0.046847343
0.74605703,-0.046847343
0.74607205,-0.046847343
0.7460871,-0.09307861
0.7461021,-0.09307861
0.7461171,-0.09307861
0.74613214,-0.09307861
0.74614716,-0.13931036
0.7461622,-0.13931036
0.7461772,-0.13931036
0.7461922,-0.13931036
0.74620724,-0.13931036
0.74622226,-0.18554163
0.7462373,-0.18554163
0.7462523,-0.18554163
0.7462673,-0.18554163
0.74628234,-0.2317729
0.74629736,-0.2317729
0.7463124,-0.2317729
0.7463274,-0.2317729
0.7463424,-0.2317729
0.74635744,-0.27800417
0.74637246,-0.27800417
0.7463875,-0.27800417
0.7464025,-0.27800417
0.7464175,-0.32423592
0.74643254,-0.32423592
0.74644756,-0.32423592
0.7464626,-0.32423592
0.7464776,-0.32423592
0.7464926,-0.3704667
0.74650764,-0.3704667
0.74652267,-0.3704667
0.7465377,-0.3704667
0.7465527,-0.41669846
0.7465677,-0.41669846
0.74658275,-0.41669846
0.74659777,-0.41669846
0.7466128,-0.41669846
0.7466278,-0.46292973
0.7466428,-0.46292973
0.74665785,-0.46292973
0.74667287,-0.46292973
0.7466879,-0.46292973
0.7467029,-0.5091615
0.74671793,-0.5091615
0.74673295,-0.5091615
0.746748,-0.5091615
0.746763,-0.55539227
0.746778,-0.55539227
0.74679303,-0.55539227
0.74680805,-0.55539227
0.7468231,-0.55539227
0.7468381,-0.601624
0.7468531,-0.601624
0.74686813,-0.601624
0.74688315,-0.601624
0.7468982,-0.6478553
0.7469132,-0.6478553
0.7469282,-0.6478553
0.74694324,-0.6478553
0.74695826,-0.6478553
0.7469733,-0.694087
0.7469883,-0.694087
0.7470033,-0.694087
0.74701834,-0.694087
0.74703336,-0.694087
0.7470484,-0.7403178
0.7470634,-0.7403178
0.7470784,-0.7403178
0.74709344,-0.7403178
0.74710846,-0.78654957
0.7471235,-0.78654957
0.7471385,-0.78654957
0.7471535,-0.78654957
0.74716854,-0.78654957
0.74718356,-0.83278084
0.7471986,-0.83278084
0.7472136,-0.83278084
0.7472286,-0.83278084
0.74724364,-0.83278084
0.74725866,-0.8790121
0.7472737,-0.8790121
0.7472887,-0.8790121
0.7473037,-0.8790121
0.74731874,-0.9252434
0.74733377,-0.9252434
0.7473488,-0.9252434
0.7473638,-0.9252434
0.7473788,-0.9252434
0.74739385,-0.9714751
0.74740887,-0.9714751
0.7474239,-0.9714751
0.7474389,-0.9714751
0.7474539,-0.9714751
0.74746895,-1.0177064
0.74748397,-1.0177064
0.747499,-1.0177064
0.747514,-1.0177064
0.74752903,-1.0177064
0.74754405,-1.0639377
0.74755913,-1.0639377
0.74757415,-1.0639377
0.7475892,-1.0639377
0.7476042,-1.1101689
0.7476192,-1.1101689
0.74763423,-1.1101689
0.74764925,-1.1101689
0.7476643,-1.1101689
0.7476793,-1.1564007
0.7476943,-1.1564007
0.74770933,-1.1564007
0.74772435,-1.1564007
0.7477394,-1.1564007
0.7477544,-1.202632
0.7477694,-1.202632
0.74778444,-1.202632
0.74779946,-1.202632
0.7478145,-1.2488632
0.7478295,-1.2488632
0.7478445,-1.2488632
0.74785954,-1.2488632
0.74787456,-1.2488632
0.7478896,-1.2950945
0.7479046,-1.2950945
0.7479196,-1.2950945
0.74793464,-1.2950945
0.74794966,-1.2950945
0.7479647,-1.3413262
0.7479797,-1.3413262
0.7479947,-1.3413262
0.74800974,-1.3413262
0.74802476,-1.3413262
0.7480398,-1.387557
0.7480548,-1.387557
0.7480698,-1.387557
0.74808484,-1.387557
0.74809986,-1.387557
0.7481149,-1.4337888
0.7481299,-1.4337888
0.7481449,-1.4337888
0.74815995,-1.4337888
0.74817497,-1.4337888
0.74819,-1.48002
0.748205,-1.48002
0.74822,-1.48002
0.74823505,-1.48002
0.74825007,-1.48002
0.7482651,-1.48002
0.7482801,-1.48002
0.7482951,-1.48002
0.74831015,-1.5262513
0.74832517,-1.5262513
0.7483402,-1.5262513
0.7483552,-1.5262513
0.74837023,-1.5724826
0.74838525,-1.5724826
0.7484003,-1.5724826
0.7484153,-1.5724826
0.7484303,-1.5724826
0.74844533,-1.6187139
0.74846035,-1.6187139
0.7484754,-1.6187139
0.7484904,-1.6187139
0.7485054,-1.6187139
0.74852043,-1.6187139
0.74853545,-1.6187139
0.7485505,-1.6187139
0.7485655,-1.6187139
0.7485805,-1.5724826
0.74859554,-1.5724826
0.74861056,-1.5724826
0.7486256,-1.5724826
0.7486406,-1.5724826
0.7486556,-1.5262513
0.74867064,-1.5262513
0.74868566,-1.5262513
0.7487007,-1.5262513
0.7487157,-1.48002
0.7487307,-1.48002
0.74874574,-1.48002
0.74876076,-1.48002
0.7487758,-1.48002
0.7487908,-1.48002
0.7488058,-1.48002
0.74882084,-1.4337888
0.74883586,-1.4337888
0.7488509,-1.4337888
0.7488659,-1.4337888
0.7488809,-1.4337888
0.74889594,-1.387557
0.74891096,-1.387557
0.748926,-1.387557
0.748941,-1.387557
0.748956,-1.3413262
0.74897105,-1.3413262
0.74898607,-1.3413262
0.7490011,-1.3413262
0.7490161,-1.3413262
0.7490311,-1.2950945
0.74904615,-1.2950945
0.74906117,-1.2950945
0.7490762,-1.2950945
0.7490912,-1.2950945
0.7491062,-1.2488632
0.74912125,-1.2488632
0.74913627,-1.2488632
0.7491513,-1.2488632
0.7491663,-1.202632
0.74918133,-1.202632
0.74919635,-1.202632
0.7492114,-1.202632
0.7492264,-1.202632
0.7492414,-1.1564007
0.74925643,-1.1564007
0.74927145,-1.1564007
0.7492865,-1.1564007
0.7493015,-1.1564007
0.7493166,-1.1101689
0.7493316,-1.1101689
0.7493466,-1.1101689
0.74936163,-1.1101689
0.74937665,-1.0639377
0.7493917,-1.0639377
0.7494067,-1.0639377
0.7494217,-1.0639377
0.74943674,-1.0639377
0.74945176,-1.0177064
0.7494668,-1.0177064
0.7494818,-1.0177064
0.7494968,-1.0177064
0.74951184,-1.0177064
0.74952686,-0.9714751
0.7495419,-0.9714751
0.7495569,-0.9714751
0.7495719,-0.9714751
0.74958694,-0.9252434
0.74960196,-0.9252434
0.749617,-0.9252434
0.749632,-0.9252434
0.749647,-0.9252434
0.74966204,-0.8790121
0.74967706,-0.8790121
0.7496921,-0.8790121
0.7497071,-0.8790121
0.7497221,-0.83278084
0.74973714,-0.83278084
0.74975216,-0.83278084
0.7497672,-0.83278084
0.7497822,-0.83278084
0.7497972,-0.78654957
0.74981225,-0.78654957
0.74982727,-0.78654957
0.7498423,-0.78654957
0.7498573,-0.78654957
0.7498723,-0.7403178
0.74988735,-0.7403178
0.74990237,-0.7403178
0.7499174,-0.7403178
0.7499324,-0.7403178
0.7499474,-0.694087
0.74996245,-0.694087
0.74997747,-0.694087
0.7499925,-0.694087
0.7500075,-0.6478553
0.75002253,-0.6478553
0.75003755,-0.6478553
0.7500526,-0.6478553
0.7500676,-0.6478553
0.7500826,-0.601624
0.75009763,-0.601624
0.75011265,-0.601624
0.7501277,-0.601624
0.7501427,-0.601624
0.7501577,-0.55539227
0.75017273,-0.55539227
0.75018775,-0.55539227
0.7502028,-0.55539227
0.7502178,-0.5091615
0.7502328,-0.5091615
0.75024784,-0.5091615
0.75026286,-0.5091615
0.7502779,-0.5091615
0.7502929,-0.46292973
0.7503079,-0.46292973
0.75032294,-0.46292973
0.75033796,-0.46292973
0.750353,-0.46292973
0.750368,-0.41669846
0.750383,-0.41669846
0.75039804,-0.41669846
0.75041306,-0.41669846
0.7504281,-0.3704667
0.7504431,-0.3704667
0.7504581,-0.3704667
0.75047314,-0.3704667
0.75048816,-0.3704667
0.7505032,-0.32423592
0.7505182,-0.32423592
0.7505332,-0.32423592
0.75054824,-0.32423592
0.75056326,-0.32423592
0.7505783,-0.27800417
0.7505933,-0.27800417
0.7506083,-0.27800417
0.75062335,-0.27800417
0.75063837,-0.2317729
0.7506534,-0.2317729
0.7506684,-0.2317729
0.7506834,-0.2317729
0.75069845,-0.2317729
0.75071347,-0.18554163
0.7507285,-0.18554163
0.7507435,-0.18554163
0.7507585,-0.18554163
0.75077355,-0.13931036
0.75078857,-0.13931036
0.7508036,-0.13931036
0.7508186,-0.13931036
0.75083363,-0.13931036
0.75084865,-0.09307861
0.7508637,-0.09307861
0.7508787,-0.09307861
0.7508937,-0.09307861
0.75090873,-0.09307861
0.75092375,-0.046847343
0.7509388,-0.046847343
0.7509538,-0.046847343
0.7509688,-0.046847343
0.75098383,-0.046847343
0.75099885,-6.160736E-4
0.7510139,-6.160736E-4
0.7510289,-6.160736E-4
0.7510439,0.045615196
0.75105894,0.045615196
0.751074,0.045615196
0.75108904,0.045615196
0.75110406,0.045615196
0.7511191,0.091846466
0.7511341,0.091846466
0.7511491,0.091846466
0.75116414,0.091846466
0.75117916,0.091846466
0.7511942,0.13807821
0.7512092,0.13807821
0.7512242,0.13807821
0.75123924,0.13807821
0.75125426,0.13807821
0.7512693,0.184309
0.7512843,0.184309
0.7512993,0.184309
0.75131434,0.184309
0.75132936,0.23054075
0.7513444,0.23054075
0.7513594,0.23054075
0.7513744,0.23054075
0.75138944,0.23054075
0.75140446,0.27677202
0.7514195,0.27677202
0.7514345,0.27677202
0.7514495,0.27677202
0.75146455,0.27677202
0.75147957,0.3230033
0.7514946,0.3230033
0.7515096,0.3230033
0.7515246,0.3230033
0.75153965,0.36923456
0.75155467,0.36923456
0.7515697,0.36923456
0.7515847,0.36923456
0.7515997,0.36923456
0.75161475,0.4154663
0.75162977,0.4154663
0.7516448,0.4154663
0.7516598,0.4154663
0.75167483,0.4154663
0.75168985,0.46169758
0.7517049,0.46169758
0.7517199,0.46169758
0.7517349,0.46169758
0.75174993,0.46169758
0.75176495,0.50792885
0.75178,0.50792885
0.751795,0.50792885
0.75181,0.50792885
0.75182503,0.5541601
0.75184005,0.5541601
0.7518551,0.5541601
0.7518701,0.5541601
0.7518851,0.5541601
0.75190014,0.60039186
0.75191516,0.60039186
0.7519302,0.60039186
0.7519452,0.60039186
0.7519602,0.60039186
0.75197524,0.64662313
0.75199026,0.64662313
0.7520053,0.64662313
0.7520203,0.64662313
0.7520353,0.64662313
0.75205034,0.6928544
0.75206536,0.6928544
0.7520804,0.6928544
0.7520954,0.6928544
0.7521104,0.6928544
0.75212544,0.7390857
0.75214046,0.7390857
0.7521555,0.7390857
0.7521705,0.7390857
0.7521855,0.7853174
0.75220054,0.7853174
0.75221556,0.7853174
0.7522306,0.7853174
0.7522456,0.7853174
0.7522606,0.8315482
0.75227565,0.8315482
0.75229067,0.8315482
0.7523057,0.8315482
0.7523207,0.8315482
0.7523357,0.87777996
0.75235075,0.87777996
0.75236577,0.87777996
0.7523808,0.87777996
0.7523958,0.87777996
0.7524108,0.92401123
0.75242585,0.92401123
0.75244087,0.92401123
0.7524559,0.92401123
0.7524709,0.92401123
0.75248593,0.970243
0.75250095,0.970243
0.752516,0.970243
0.752531,0.970243
0.752546,0.970243
0.75256103,1.0164738
0.75257605,1.0164738
0.7525911,1.0164738
0.7526061,1.0164738
0.7526211,1.0164738
0.75263613,1.0627055
0.75265115,1.0627055
0.7526662,1.0627055
0.7526812,1.0627055
0.7526962,1.0627055
0.75271124,1.1089368
0.75272626,1.1089368
0.7527413,1.1089368
0.7527563,1.1089368
0.7527713,1.1089368
0.75278634,1.1551685
0.75280136,1.1551685
0.7528164,1.1551685
0.7528314,1.1551685
0.7528465,1.2013993
0.7528615,1.2013993
0.7528765,1.2013993
0.75289154,1.2013993
0.75290656,1.2013993
0.7529216,1.2476311
0.7529366,1.2476311
0.7529516,1.2476311
0.75296664,1.2476311
0.75298166,1.2476311
0.7529967,1.2938623
0.7530117,1.2938623
0.7530267,1.2938623
0.75304174,1.2938623
0.75305676,1.2938623
0.7530718,1.3400936
0.7530868,1.3400936
0.7531018,1.3400936
0.75311685,1.3400936
0.75313187,1.3400936
0.7531469,1.3863249
0.7531619,1.3863249
0.7531769,1.3863249
0.75319195,1.3863249
0.75320697,1.3863249
0.753222,1.4325566
0.753237,1.4325566
0.753252,1.4325566
0.75326705,1.4325566
0.75328207,1.4325566
0.7532971,1.4787879
0.7533121,1.4787879
0.75332713,1.4787879
0.75334215,1.4787879
0.7533572,1.4787879
0.7533722,1.4787879
0.7533872,1.4787879
0.75340223,1.4787879
0.75341725,1.5250192
0.7534323,1.5250192
0.7534473,1.5250192
0.7534623,1.5250192
0.75347733,1.5250192
0.75349236,1.5712504
0.7535074,1.5712504
0.7535224,1.5712504
0.7535374,1.5712504
0.75355244,1.5712504
0.75356746,1.6174817
0.7535825,1.6174817
0.7535975,1.6174817
0.7536125,1.6174817
0.75362754,1.6174817
0.75364256,1.6637135
0.7536576,1.6637135
0.7536726,1.6637135
0.7536876,1.6637135
0.75370264,1.6637135
0.75371766,1.6637135
0.7537327,1.7099442
0.7537477,1.7099442
0.7537627,1.7099442
0.75377774,1.7099442
0.75379276,1.756176
0.7538078,1.756176
0.7538228,1.756176
0.7538378,1.756176
0.75385284,1.756176
0.75386786,1.756176
0.7538829,1.756176
0.7538979,1.7099442
0.7539129,1.7099442
0.75392795,1.7099442
0.75394297,1.7099442
0.753958,1.6637135
0.753973,1.6637135
0.753988,1.6637135
0.75400305,1.6637135
0.75401807,1.6637135
0.7540331,1.6174817
0.7540481,1.6174817
0.7540631,1.6174817
0.75407815,1.6174817
0.75409317,1.5712504
0.7541082,1.5712504
0.7541232,1.5712504
0.75413823,1.5712504
0.75415325,1.5712504
0.7541683,1.5250192
0.7541833,1.5250192
0.7541983,1.5250192
0.75421333,1.5250192
0.75422835,1.4787879
0.7542434,1.4787879
0.7542584,1.4787879
0.7542734,1.4787879
0.75428843,1.4787879
0.75430346,1.4787879
0.7543185,1.4787879
0.7543335,1.4325566
0.7543485,1.4325566
0.75436354,1.4325566
0.75437856,1.4325566
0.7543936,1.3863249
0.7544086,1.3863249
0.7544236,1.3863249
0.75443864,1.3863249
0.75445366,1.3400936
0.7544687,1.3400936
0.7544837,1.3400936
0.7544987,1.3400936
0.75451374,1.3400936
0.75452876,1.2938623
0.7545438,1.2938623
0.7545588,1.2938623
0.7545738,1.2938623
0.75458884,1.2476311
0.7546039,1.2476311
0.75461894,1.2476311
0.75463396,1.2476311
0.754649,1.2476311
0.754664,1.2013993
0.754679,1.2013993
0.75469404,1.2013993
0.75470906,1.2013993
0.7547241,1.1551685
0.7547391,1.1551685
0.7547541,1.1551685
0.75476915,1.1551685
0.75478417,1.1089368
0.7547992,1.1089368
0.7548142,1.1089368
0.7548292,1.1089368
0.75484425,1.1089368
0.75485927,1.0627055
0.7548743,1.0627055
0.7548893,1.0627055
0.7549043,1.0627055
0.75491935,1.0164738
0.7549344,1.0164738
0.7549494,1.0164738
0.7549644,1.0164738
0.75497943,1.0164738
0.75499445,0.970243
0.7550095,0.970243
0.7550245,0.970243
0.7550395,0.970243
0.75505453,0.92401123
0.75506955,0.92401123
0.7550846,0.92401123
0.7550996,0.92401123
0.7551146,0.87777996
0.75512964,0.87777996
0.75514466,0.87777996
0.7551597,0.87777996
0.7551747,0.87777996
0.7551897,0.8315482
0.75520474,0.8315482
0.75521976,0.8315482
0.7552348,0.8315482
0.7552498,0.7853174
0.7552648,0.7853174
0.75527984,0.7853174
0.75529486,0.7853174
0.7553099,0.7853174
0.7553249,0.7390857
0.7553399,0.7390857
0.75535494,0.7390857
0.75536996,0.7390857
0.755385,0.6928544
0.7554,0.6928544
0.755415,0.6928544
0.75543004,0.6928544
0.75544506,0.6928544
0.7554601,0.64662313
0.7554751,0.64662313
0.7554901,0.64662313
0.75550514,0.64662313
0.75552016,0.60039186
0.7555352,0.60039186
0.7555502,0.60039186
0.7555652,0.60039186
0.75558025,0.60039186
0.75559527,0.5541601
0.7556103,0.5541601
0.7556253,0.5541601
0.7556403,0.5541601
0.75565535,0.50792885
0.75567037,0.50792885
0.7556854,0.50792885
0.7557004,0.50792885
0.7557154,0.46169758
0.75573045,0.46169758
0.7557455,0.46169758
0.7557605,0.46169758
0.7557755,0.46169758
0.75579053,0.4154663
0.75580555,0.4154663
0.7558206,0.4154663
0.7558356,0.4154663
0.7558506,0.36923456
0.75586563,0.36923456
0.75588065,0.36923456
0.7558957,0.36923456
0.7559107,0.3230033
0.7559257,0.3230033
0.75594074,0.3230033
0.75595576,0.3230033
0.7559708,0.3230033
0.7559858,0.27677202
0.7560008,0.27677202
0.75601584,0.27677202
0.75603086,0.27677202
0.7560459,0.23054075
0.7560609,0.23054075
0.7560759,0.23054075
0.75609094,0.23054075
0.75610596,0.23054075
0.756121,0.184309
0.756136,0.184309
0.756151,0.184309
0.75616604,0.184309
0.75618106,0.13807821
0.7561961,0.13807821
0.7562111,0.13807821
0.7562261,0.13807821
0.75624114,0.13807821
0.75625616,0.091846466
0.7562712,0.091846466
0.7562862,0.091846466
0.7563012,0.091846466
0.75631624,0.045615196
0.75633126,0.045615196
0.7563463,0.045615196
0.75636137,0.045615196
0.7563764,0.045615196
0.7563914,-6.160736E-4
0.7564064,-6.160736E-4
0.75642145,-6.160736E-4
0.75643647,-6.160736E-4
0.7564515,-0.046847343
0.7564665,-0.046847343
0.7564815,-0.046847343
0.75649655,-0.046847343
0.75651157,-0.09307861
0.7565266,-0.09307861
0.7565416,-0.09307861
0.75655663,-0.09307861
0.75657165,-0.09307861
0.7565867,-0.13931036
0.7566017,-0.13931036
0.7566167,-0.13931036
0.75663173,-0.13931036
0.75664675,-0.18554163
0.7566618,-0.18554163
0.7566768,-0.18554163
0.7566918,-0.18554163
0.75670683,-0.18554163
0.75672185,-0.2317729
0.7567369,-0.2317729
0.7567519,-0.2317729
0.7567669,-0.2317729
0.75678194,-0.27800417
0.75679696,-0.27800417
0.756812,-0.27800417
0.756827,-0.27800417
0.756842,-0.27800417
0.75685704,-0.32423592
0.75687206,-0.32423592
0.7568871,-0.32423592
0.7569021,-0.32423592
0.7569171,-0.3704667
0.75693214,-0.3704667
0.75694716,-0.3704667
0.7569622,-0.3704667
0.7569772,-0.3704667
0.7569922,-0.41669846
0.75700724,-0.41669846
0.75702226,-0.41669846
0.7570373,-0.41669846
0.7570523,-0.46292973
0.7570673,-0.46292973
0.75708234,-0.46292973
0.75709736,-0.46292973
0.7571124,-0.46292973
0.7571274,-0.5091615
0.7571424,-0.5091615
0.75715744,-0.5091615
0.75717247,-0.5091615
0.7571875,-0.5091615
0.7572025,-0.55539227
0.7572175,-0.55539227
0.75723255,-0.55539227
0.75724757,-0.55539227
0.7572626,-0.601624
0.7572776,-0.601624
0.7572926,-0.601624
0.75730765,-0.601624
0.75732267,-0.601624
0.7573377,-0.6478553
0.7573527,-0.6478553
0.75736773,-0.6478553
0.75738275,-0.6478553
0.7573978,-0.694087
0.7574128,-0.694087
0.7574278,-0.694087
0.75744283,-0.694087
0.75745785,-0.694087
0.7574729,-0.7403178
0.7574879,-0.7403178
0.7575029,-0.7403178
0.75751793,-0.7403178
0.75753295,-0.7403178
0.757548,-0.78654957
0.757563,-0.78654957
0.757578,-0.78654957
0.75759304,-0.78654957
0.75760806,-0.78654957
0.7576231,-0.83278084
0.7576381,-0.83278084
0.7576531,-0.83278084
0.75766814,-0.83278084
0.75768316,-0.8790121
0.7576982,-0.8790121
0.7577132,-0.8790121
0.7577282,-0.8790121
0.75774324,-0.8790121
0.75775826,-0.9252434
0.7577733,-0.9252434
0.7577883,-0.9252434
0.7578033,-0.9252434
0.75781834,-0.9252434
0.75783336,-0.9714751
0.7578484,-0.9714751
0.7578634,-0.9714751
0.7578784,-0.9714751
0.75789344,-1.0177064
0.75790846,-1.0177064
0.7579235,-1.0177064
0.7579385,-1.0177064
0.7579535,-1.0177064
0.75796854,-1.0639377
0.75798357,-1.0639377
0.7579986,-1.0639377
0.7580136,-1.0639377
0.7580286,-1.0639377
0.75804365,-1.1101689
0.75805867,-1.1101689
0.7580737,-1.1101689
0.7580887,-1.1101689
0.7581037,-1.1101689
0.7581188,-1.1564007
0.7581338,-1.1564007
0.75814885,-1.1564007
0.75816387,-1.1564007
0.7581789,-1.202632
0.7581939,-1.202632
0.75820893,-1.202632
0.75822395,-1.202632
0.758239,-1.202632
0.758254,-1.2488632
0.758269,-1.2488632
0.75828403,-1.2488632
0.75829905,-1.2488632
0.7583141,-1.2488632
0.7583291,-1.2950945
0.7583441,-1.2950945
0.75835913,-1.2950945
0.75837415,-1.2950945
0.7583892,-1.2950945
0.7584042,-1.3413262
0.7584192,-1.3413262
0.75843424,-1.3413262
0.75844926,-1.3413262
0.7584643,-1.3413262
0.7584793,-1.387557
0.7584943,-1.387557
0.75850934,-1.387557
0.75852436,-1.387557
0.7585394,-1.387557
0.7585544,-1.4337888
0.7585694,-1.4337888
0.75858444,-1.4337888
0.75859946,-1.4337888
0.7586145,-1.4337888
0.7586295,-1.48002
0.7586445,-1.48002
0.75865954,-1.48002
0.75867456,-1.48002
0.7586896,-1.48002
0.7587046,-1.48002
0.7587196,-1.48002
0.75873464,-1.5262513
0.75874966,-1.5262513
0.7587647,-1.5262513
0.7587797,-1.5262513
0.7587947,-1.5262513
0.75880975,-1.5724826
0.75882477,-1.5724826
0.7588398,-1.5724826
0.7588548,-1.5724826
0.7588698,-1.5724826
0.75888485,-1.6187139
0.75889987,-1.6187139
0.7589149,-1.6187139
0.7589299,-1.6187139
0.7589449,-1.6187139
0.75895995,-1.6187139
0.75897497,-1.6187139
0.75899,-1.6187139
0.759005,-1.6187139
0.75902003,-1.5724826
0.75903505,-1.5724826
0.7590501,-1.5724826
0.7590651,-1.5724826
0.7590801,-1.5262513
0.75909513,-1.5262513
0.75911015,-1.5262513
0.7591252,-1.5262513
0.7591402,-1.5262513
0.7591552,-1.48002
0.75917023,-1.48002
0.75918525,-1.48002
0.7592003,-1.48002
0.7592153,-1.48002
0.7592303,-1.48002
0.75924534,-1.48002
0.75926036,-1.4337888
0.7592754,-1.4337888
0.7592904,-1.4337888
0.7593054,-1.4337888
0.75932044,-1.387557
0.75933546,-1.387557
0.7593505,-1.387557
0.7593655,-1.387557
0.7593805,-1.387557
0.75939554,-1.3413262
0.75941056,-1.3413262
0.7594256,-1.3413262
0.7594406,-1.3413262
0.7594556,-1.3413262
0.75947064,-1.2950945
0.75948566,-1.2950945
0.7595007,-1.2950945
0.7595157,-1.2950945
0.7595307,-1.2488632
0.75954574,-1.2488632
0.75956076,-1.2488632
0.7595758,-1.2488632
0.7595908,-1.2488632
0.7596058,-1.202632
0.75962085,-1.202632
0.75963587,-1.202632
0.7596509,-1.202632
0.7596659,-1.202632
0.7596809,-1.1564007
0.75969595,-1.1564007
0.75971097,-1.1564007
0.759726,-1.1564007
0.759741,-1.1101689
0.759756,-1.1101689
0.75977105,-1.1101689
0.75978607,-1.1101689
0.7598011,-1.1101689
0.7598161,-1.0639377
0.75983113,-1.0639377
0.75984615,-1.0639377
0.7598612,-1.0639377
0.7598762,-1.0177064
0.7598913,-1.0177064
0.7599063,-1.0177064
0.7599213,-1.0177064
0.75993633,-1.0177064
0.75995135,-0.9714751
0.7599664,-0.9714751
0.7599814,-0.9714751
0.7599964,-0.9714751
0.76001143,-0.9714751
0.76002645,-0.9252434
0.7600415,-0.9252434
0.7600565,-0.9252434
0.7600715,-0.9252434
0.76008654,-0.8790121
0.76010156,-0.8790121
0.7601166,-0.8790121
0.7601316,-0.8790121
0.7601466,-0.8790121
0.76016164,-0.83278084
0.76017666,-0.83278084
0.7601917,-0.83278084
0.7602067,-0.83278084
0.7602217,-0.83278084
0.76023674,-0.78654957
0.76025176,-0.78654957
0.7602668,-0.78654957
0.7602818,-0.78654957
0.7602968,-0.7403178
0.76031184,-0.7403178
0.76032686,-0.7403178
0.7603419,-0.7403178
0.7603569,-0.7403178
0.7603719,-0.694087
0.76038694,-0.694087
0.76040196,-0.694087
0.760417,-0.694087
0.760432,-0.694087
0.760447,-0.6478553
0.76046205,-0.6478553
0.76047707,-0.6478553
0.7604921,-0.6478553
0.7605071,-0.6478553
0.7605221,-0.601624
0.76053715,-0.601624
0.76055217,-0.601624
0.7605672,-0.601624
0.7605822,-0.55539227
0.7605972,-0.55539227
0.76061225,-0.55539227
0.76062727,-0.55539227
0.7606423,-0.55539227
0.7606573,-0.5091615
0.76067233,-0.5091615
0.76068735,-0.5091615
0.7607024,-0.5091615
0.7607174,-0.46292973
0.7607324,-0.46292973
0.76074743,-0.46292973
0.76076245,-0.46292973
0.7607775,-0.46292973
0.7607925,-0.41669846
0.7608075,-0.41669846
0.76082253,-0.41669846
0.76083755,-0.41669846
0.7608526,-0.41669846
0.7608676,-0.3704667
0.7608826,-0.3704667
0.76089764,-0.3704667
0.76091266,-0.3704667
0.7609277,-0.32423592
0.7609427,-0.32423592
0.7609577,-0.32423592
0.76097274,-0.32423592
0.76098776,-0.32423592
0.7610028,-0.27800417
0.7610178,-0.27800417
0.7610328,-0.27800417
0.76104784,-0.27800417
0.76106286,-0.27800417
0.7610779,-0.2317729
0.7610929,-0.2317729
0.7611079,-0.2317729
0.76112294,-0.2317729
0.76113796,-0.18554163
0.761153,-0.18554163
0.761168,-0.18554163
0.761183,-0.18554163
0.76119804,-0.18554163
0.76121306,-0.13931036
0.7612281,-0.13931036
0.7612431,-0.13931036
0.7612581,-0.13931036
0.76127315,-0.13931036
0.76128817,-0.09307861
0.7613032,-0.09307861
0.7613182,-0.09307861
0.7613332,-0.09307861
0.76134825,-0.046847343
0.76136327,-0.046847343
0.7613783,-0.046847343
0.7613933,-0.046847343
0.7614083,-0.046847343
0.76142335,-6.160736E-4
0.76143837,-6.160736E-4
0.7614534,-6.160736E-4
0.7614684,-6.160736E-4
0.76148343,0.045615196
0.76149845,0.045615196
0.7615135,0.045615196
0.7615285,0.045615196
0.7615435,0.045615196
0.76155853,0.091846466
0.76157355,0.091846466
0.7615886,0.091846466
0.7616036,0.091846466
0.7616186,0.091846466
0.76163363,0.13807821
0.7616487,0.13807821
0.76166373,0.13807821
0.76167876,0.13807821
0.7616938,0.184309
0.7617088,0.184309
0.7617238,0.184309
0.76173884,0.184309
0.76175386,0.184309
0.7617689,0.23054075
0.7617839,0.23054075
0.7617989,0.23054075
0.76181394,0.23054075
0.76182896,0.23054075
0.761844,0.27677202
0.761859,0.27677202
0.761874,0.27677202
0.76188904,0.27677202
0.76190406,0.3230033
0.7619191,0.3230033
0.7619341,0.3230033
0.7619491,0.3230033
0.76196414,0.3230033
0.76197916,0.36923456
0.7619942,0.36923456
0.7620092,0.36923456
0.7620242,0.36923456
0.76203924,0.36923456
0.76205426,0.4154663
0.7620693,0.4154663
0.7620843,0.4154663
0.7620993,0.4154663
0.76211435,0.4154663
0.76212937,0.46169758
0.7621444,0.46169758
0.7621594,0.46169758
0.7621744,0.46169758
0.76218945,0.50792885
0.76220447,0.50792885
0.7622195,0.50792885
0.7622345,0.50792885
0.7622495,0.50792885
0.76226455,0.5541601
0.76227957,0.5541601
0.7622946,0.5541601
0.7623096,0.5541601
0.76232463,0.5541601
0.76233965,0.60039186
0.7623547,0.60039186
0.7623697,0.60039186
0.7623847,0.60039186
0.76239973,0.60039186
0.76241475,0.64662313
0.7624298,0.64662313
0.7624448,0.64662313
0.7624598,0.64662313
0.76247483,0.6928544
0.76248986,0.6928544
0.7625049,0.6928544
0.7625199,0.6928544
0.7625349,0.6928544
0.76254994,0.7390857
0.76256496,0.7390857
0.76258,0.7390857
0.762595,0.7390857
0.76261,0.7390857
0.76262504,0.7853174
0.76264006,0.7853174
0.7626551,0.7853174
0.7626701,0.7853174
0.7626851,0.7853174
0.76270014,0.8315482
0.76271516,0.8315482
0.7627302,0.8315482
0.7627452,0.8315482
0.7627602,0.8315482
0.76277524,0.87777996
0.76279026,0.87777996
0.7628053,0.87777996
0.7628203,0.87777996
0.7628353,0.87777996
0.76285034,0.92401123
0.76286536,0.92401123
0.7628804,0.92401123
0.7628954,0.92401123
0.7629104,0.92401123
0.76292545,0.970243
0.76294047,0.970243
0.7629555,0.970243
0.7629705,0.970243
0.7629855,1.0164738
0.76300055,1.0164738
0.76301557,1.0164738
0.7630306,1.0164738
0.7630456,1.0164738
0.7630606,1.0164738
0.76307565,1.0627055
0.76309067,1.0627055
0.7631057,1.0627055
0.7631207,1.0627055
0.76313573,1.1089368
0.76315075,1.1089368
0.7631658,1.1089368
0.7631808,1.1089368
0.7631958,1.1089368
0.76321083,1.1551685
0.76322585,1.1551685
0.7632409,1.1551685
0.7632559,1.1551685
0.7632709,1.1551685
0.76328593,1.2013993
0.76330096,1.2013993
0.763316,1.2013993
0.763331,1.2013993
0.763346,1.2013993
0.76336104,1.2476311
0.76337606,1.2476311
0.7633911,1.2476311
0.76340616,1.2476311
0.7634212,1.2476311
0.7634362,1.2938623
0.7634512,1.2938623
0.76346624,1.2938623
0.76348126,1.2938623
0.7634963,1.2938623
0.7635113,1.3400936
0.7635263,1.3400936
0.76354134,1.3400936
0.76355636,1.3400936
0.7635714,1.3400936
0.7635864,1.3863249
0.7636014,1.3863249
0.76361644,1.3863249
0.76363146,1.3863249
0.7636465,1.3863249
0.7636615,1.4325566
0.7636765,1.4325566
0.76369154,1.4325566
0.76370656,1.4325566
0.7637216,1.4325566
0.7637366,1.4787879
0.7637516,1.4787879
0.76376665,1.4787879
0.76378167,1.4787879
0.7637967,1.4787879
0.7638117,1.4787879
0.7638267,1.4787879
0.76384175,1.5250192
0.76385677,1.5250192
0.7638718,1.5250192
0.7638868,1.5250192
0.7639018,1.5250192
0.76391685,1.5712504
0.7639319,1.5712504
0.7639469,1.5712504
0.7639619,1.5712504
0.76397693,1.5712504
0.76399195,1.5712504
0.764007,1.6174817
0.764022,1.6174817
0.764037,1.6174817
0.76405203,1.6174817
0.76406705,1.6174817
0.7640821,1.6637135
0.7640971,1.6637135
0.7641121,1.6637135
0.76412714,1.6637135
0.76414216,1.6637135
0.7641572,1.7099442
0.7641722,1.7099442
0.7641872,1.7099442
0.76420224,1.7099442
0.76421726,1.7099442
0.7642323,1.756176
0.7642473,1.756176
0.7642623,1.756176
0.76427734,1.756176
0.76429236,1.756176
0.7643074,1.756176
0.7643224,1.756176
0.7643374,1.7099442
0.76435244,1.7099442
0.76436746,1.7099442
0.7643825,1.7099442
0.7643975,1.6637135
0.7644125,1.6637135
0.76442754,1.6637135
0.76444256,1.6637135
0.7644576,1.6637135
0.7644726,1.6174817
0.7644876,1.6174817
0.76450264,1.6174817
0.76451766,1.6174817
0.7645327,1.5712504
0.7645477,1.5712504
0.7645627,1.5712504
0.76457775,1.5712504
0.76459277,1.5250192
0.7646078,1.5250192
0.7646228,1.5250192
0.7646378,1.5250192
0.76465285,1.5250192
0.76466787,1.4787879
0.7646829,1.4787879
0.7646979,1.4787879
0.7647129,1.4787879
0.76472795,1.4787879
0.764743,1.4787879
0.764758,1.4325566
0.764773,1.4325566
0.76478803,1.4325566
0.76480305,1.4325566
0.7648181,1.4325566
0.7648331,1.3863249
0.7648481,1.3863249
0.76486313,1.3863249
0.76487815,1.3863249
0.7648932,1.3400936
0.7649082,1.3400936
0.7649232,1.3400936
0.76493824,1.3400936
0.76495326,1.3400936
0.7649683,1.2938623
0.7649833,1.2938623
0.7649983,1.2938623
0.76501334,1.2938623
0.76502836,1.2476311
0.7650434,1.2476311
0.7650584,1.2476311
0.7650734,1.2476311
0.76508844,1.2013993
0.76510346,1.2013993
0.7651185,1.2013993
0.7651335,1.2013993
0.7651485,1.2013993
0.7651636,1.1551685
0.7651786,1.1551685
0.76519364,1.1551685
0.76520866,1.1551685
0.7652237,1.1089368
0.7652387,1.1089368
0.7652537,1.1089368
0.76526874,1.1089368
0.76528376,1.0627055
0.7652988,1.0627055
0.7653138,1.0627055
0.7653288,1.0627055
0.76534384,1.0627055
0.76535887,1.0164738
0.7653739,1.0164738
0.7653889,1.0164738
0.7654039,1.0164738
0.76541895,0.970243
0.76543397,0.970243
0.765449,0.970243
0.765464,0.970243
0.765479,0.970243
0.76549405,0.92401123
0.76550907,0.92401123
0.7655241,0.92401123
0.7655391,0.92401123
0.76555413,0.87777996
0.76556915,0.87777996
0.7655842,0.87777996
0.7655992,0.87777996
0.7656142,0.8315482
0.76562923,0.8315482
0.76564425,0.8315482
0.7656593,0.8315482
0.7656743,0.8315482
0.7656893,0.7853174
0.76570433,0.7853174
0.76571935,0.7853174
0.7657344,0.7853174
0.7657494,0.7390857
0.7657644,0.7390857
0.76577944,0.7390857
0.76579446,0.7390857
0.7658095,0.7390857
0.7658245,0.6928544
0.7658395,0.6928544
0.76585454,0.6928544
0.76586956,0.6928544
0.7658846,0.64662313
0.7658996,0.64662313
0.7659146,0.64662313
0.76592964,0.64662313
0.76594466,0.64662313
0.7659597,0.60039186
0.7659747,0.60039186
0.7659897,0.60039186
0.76600474,0.60039186
0.76601976,0.5541601
0.7660348,0.5541601
0.7660498,0.5541601
0.7660648,0.5541601
0.76607984,0.5541601
0.76609486,0.50792885
0.7661099,0.50792885
0.7661249,0.50792885
0.7661399,0.50792885
0.76615494,0.46169758
0.76616997,0.46169758
0.766185,0.46169758
0.7662,0.46169758
0.766215,0.4154663
0.76623005,0.4154663
0.76624507,0.4154663
0.7662601,0.4154663
0.7662751,0.4154663
0.7662901,0.36923456
0.76630515,0.36923456
0.76632017,0.36923456
0.7663352,0.36923456
0.7663502,0.3230033
0.76636523,0.3230033
0.76638025,0.3230033
0.7663953,0.3230033
0.7664103,0.3230033
0.7664253,0.27677202
0.76644033,0.27677202
0.76645535,0.27677202
0.7664704,0.27677202
0.7664854,0.23054075
0.7665004,0.23054075
0.76651543,0.23054075
0.76653045,0.23054075
0.7665455,0.23054075
0.7665605,0.184309
0.7665755,0.184309
0.76659054,0.184309
0.76660556,0.184309
0.7666206,0.13807821
0.7666356,0.13807821
0.7666506,0.13807821
0.76666564,0.13807821
0.76668066,0.13807821
0.7666957,0.091846466
0.7667107,0.091846466
0.7667257,0.091846466
0.76674074,0.091846466
0.76675576,0.045615196
0.7667708,0.045615196
0.7667858,0.045615196
0.7668008,0.045615196
0.76681584,-6.160736E-4
0.76683086,-6.160736E-4
0.7668459,-6.160736E-4
0.7668609,-6.160736E-4
0.7668759,-6.160736E-4
0.76689094,-0.046847343
0.76690596,-0.046847343
0.766921,-0.046847343
0.76693606,-0.046847343
0.7669511,-0.09307861
0.7669661,-0.09307861
0.7669811,-0.09307861
0.76699615,-0.09307861
0.76701117,-0.13931036
0.7670262,-0.13931036
0.7670412,-0.13931036
0.7670562,-0.13931036
0.76707125,-0.13931036
0.76708627,-0.18554163
0.7671013,-0.18554163
0.7671163,-0.18554163
0.7671313,-0.18554163
0.76714635,-0.18554163
0.76716137,-0.2317729
0.7671764,-0.2317729
0.7671914,-0.2317729
0.76720643,-0.2317729
0.76722145,-0.27800417
0.7672365,-0.27800417
0.7672515,-0.27800417
0.7672665,-0.27800417
0.76728153,-0.27800417
0.76729655,-0.32423592
0.7673116,-0.32423592
0.7673266,-0.32423592
0.7673416,-0.32423592
0.76735663,-0.3704667
0.76737165,-0.3704667
0.7673867,-0.3704667
0.7674017,-0.3704667
0.7674167,-0.41669846
0.76743174,-0.41669846
0.76744676,-0.41669846
0.7674618,-0.41669846
0.7674768,-0.41669846
0.7674918,-0.46292973
0.76750684,-0.46292973
0.76752186,-0.46292973
0.7675369,-0.46292973
0.7675519,-0.46292973
0.7675669,-0.5091615
0.76758194,-0.5091615
0.76759696,-0.5091615
0.767612,-0.5091615
0.767627,-0.55539227
0.767642,-0.55539227
0.76765704,-0.55539227
0.76767206,-0.55539227
0.7676871,-0.55539227
0.7677021,-0.601624
0.7677171,-0.601624
0.76773214,-0.601624
0.76774716,-0.601624
0.7677622,-0.601624
0.7677772,-0.6478553
0.7677922,-0.6478553
0.76780725,-0.6478553
0.76782227,-0.6478553
0.7678373,-0.694087
0.7678523,-0.694087
0.7678673,-0.694087
0.76788235,-0.694087
0.76789737,-0.694087
0.7679124,-0.7403178
0.7679274,-0.7403178
0.7679424,-0.7403178
0.76795745,-0.7403178
0.76797247,-0.7403178
0.7679875,-0.78654957
0.7680025,-0.78654957
0.76801753,-0.78654957
0.76803255,-0.78654957
0.7680476,-0.83278084
0.7680626,-0.83278084
0.7680776,-0.83278084
0.76809263,-0.83278084
0.76810765,-0.83278084
0.7681227,-0.8790121
0.7681377,-0.8790121
0.7681527,-0.8790121
0.76816773,-0.8790121
0.76818275,-0.8790121
0.7681978,-0.9252434
0.7682128,-0.9252434
0.7682278,-0.9252434
0.76824284,-0.9252434
0.76825786,-0.9714751
0.7682729,-0.9714751
0.7682879,-0.9714751
0.7683029,-0.9714751
0.76831794,-0.9714751
0.76833296,-1.0177064
0.768348,-1.0177064
0.768363,-1.0177064
0.768378,-1.0177064
0.76839304,-1.0177064
0.76840806,-1.0639377
0.7684231,-1.0639377
0.7684381,-1.0639377
0.7684531,-1.0639377
0.76846814,-1.0639377
0.76848316,-1.1101689
0.7684982,-1.1101689
0.7685132,-1.1101689
0.7685282,-1.1101689
0.76854324,-1.1564007
0.76855826,-1.1564007
0.7685733,-1.1564007
0.7685883,-1.1564007
0.7686033,-1.1564007
0.76861835,-1.202632
0.76863337,-1.202632
0.7686484,-1.202632
0.7686634,-1.202632
0.7686784,-1.202632
0.7686935,-1.2488632
0.7687085,-1.2488632
0.76872355,-1.2488632
0.76873857,-1.2488632
0.7687536,-1.2488632
0.7687686,-1.2950945
0.7687836,-1.2950945
0.76879865,-1.2950945
0.76881367,-1.2950945
0.7688287,-1.3413262
0.7688437,-1.3413262
0.76885873,-1.3413262
0.76887375,-1.3413262
0.7688888,-1.3413262
0.7689038,-1.387557
0.7689188,-1.387557
0.76893383,-1.387557
0.76894885,-1.387557
0.7689639,-1.387557
0.7689789,-1.4337888
0.7689939,-1.4337888
0.76900893,-1.4337888
0.76902395,-1.4337888
0.769039,-1.4337888
0.769054,-1.48002
0.769069,-1.48002
0.76908404,-1.48002
0.76909906,-1.48002
0.7691141,-1.48002
0.7691291,-1.48002
0.7691441,-1.48002
0.76915914,-1.48002
0.76917416,-1.5262513
0.7691892,-1.5262513
0.7692042,-1.5262513
0.7692192,-1.5262513
0.76923424,-1.5262513
0.76924926,-1.5724826
0.7692643,-1.5724826
0.7692793,-1.5724826
0.7692943,-1.5724826
0.76930934,-1.5724826
0.76932436,-1.6187139
0.7693394,-1.6187139
0.7693544,-1.6187139
0.7693694,-1.6187139
0.76938444,-1.6187139
0.76939946,-1.6187139
0.7694145,-1.6187139
0.7694295,-1.6187139
0.7694445,-1.5724826
0.76945955,-1.5724826
0.76947457,-1.5724826
0.7694896,-1.5724826
0.7695046,-1.5724826
0.7695196,-1.5262513
0.76953465,-1.5262513
0.76954967,-1.5262513
0.7695647,-1.5262513
0.7695797,-1.48002
0.7695947,-1.48002
0.76960975,-1.48002
0.76962477,-1.48002
0.7696398,-1.48002
0.7696548,-1.48002
0.76966983,-1.48002
0.76968485,-1.4337888
0.7696999,-1.4337888
0.7697149,-1.4337888
0.7697299,-1.4337888
0.76974493,-1.4337888
0.76975995,-1.387557
0.769775,-1.387557
0.76979,-1.387557
0.769805,-1.387557
0.76982003,-1.387557
0.76983505,-1.3413262
0.7698501,-1.3413262
0.7698651,-1.3413262
0.7698801,-1.3413262
0.76989514,-1.2950945
0.76991016,-1.2950945
0.7699252,-1.2950945
0.7699402,-1.2950945
0.7699552,-1.2950945
0.76997024,-1.2488632
0.76998526,-1.2488632
0.7700003,-1.2488632
0.7700153,-1.2488632
0.7700303,-1.2488632
0.77004534,-1.202632
0.77006036,-1.202632
0.7700754,-1.202632
0.7700904,-1.202632
0.7701054,-1.1564007
0.77012044,-1.1564007
0.77013546,-1.1564007
0.7701505,-1.1564007
0.7701655,-1.1564007
0.7701805,-1.1101689
0.77019554,-1.1101689
0.77021056,-1.1101689
0.7702256,-1.1101689
0.7702406,-1.0639377
0.7702556,-1.0639377
0.77027065,-1.0639377
0.77028567,-1.0639377
0.7703007,-1.0639377
0.7703157,-1.0177064
0.7703307,-1.0177064
0.77034575,-1.0177064
0.77036077,-1.0177064
0.7703758,-1.0177064
0.7703908,-0.9714751
0.7704058,-0.9714751
0.77042085,-0.9714751
0.77043587,-0.9714751
0.77045095,-0.9252434
0.77046597,-0.9252434
0.770481,-0.9252434
0.770496,-0.9252434
0.77051103,-0.9252434
0.77052605,-0.8790121
0.7705411,-0.8790121
0.7705561,-0.8790121
0.7705711,-0.8790121
0.77058613,-0.8790121
0.77060115,-0.83278084
0.7706162,-0.83278084
0.7706312,-0.83278084
0.7706462,-0.83278084
0.77066123,-0.78654957
0.77067626,-0.78654957
0.7706913,-0.78654957
0.7707063,-0.78654957
0.7707213,-0.78654957
0.77073634,-0.7403178
0.77075136,-0.7403178
0.7707664,-0.7403178
0.7707814,-0.7403178
0.7707964,-0.7403178
0.77081144,-0.694087
0.77082646,-0.694087
0.7708415,-0.694087
0.7708565,-0.694087
0.7708715,-0.6478553
0.77088654,-0.6478553
0.77090156,-0.6478553
0.7709166,-0.6478553
0.7709316,-0.6478553
0.7709466,-0.601624
0.77096164,-0.601624
0.77097666,-0.601624
0.7709917,-0.601624
0.7710067,-0.601624
0.7710217,-0.55539227
0.77103674,-0.55539227
0.77105176,-0.55539227
0.7710668,-0.55539227
0.7710818,-0.5091615
0.7710968,-0.5091615
0.77111185,-0.5091615
0.77112687,-0.5091615
0.7711419,-0.5091615
0.7711569,-0.46292973
0.7711719,-0.46292973
0.77118695,-0.46292973
0.77120197,-0.46292973
0.771217,-0.46292973
0.771232,-0.41669846
0.771247,-0.41669846
0.77126205,-0.41669846
0.77127707,-0.41669846
0.7712921,-0.3704667
0.7713071,-0.3704667
0.77132213,-0.3704667
0.77133715,-0.3704667
0.7713522,-0.3704667
0.7713672,-0.32423592
0.7713822,-0.32423592
0.77139723,-0.32423592
0.77141225,-0.32423592
0.7714273,-0.32423592
0.7714423,-0.27800417
0.7714573,-0.27800417
0.77147233,-0.27800417
0.77148736,-0.27800417
0.7715024,-0.2317729
0.7715174,-0.2317729
0.7715324,-0.2317729
0.77154744,-0.2317729
0.77156246,-0.2317729
0.7715775,-0.18554163
0.7715925,-0.18554163
0.7716075,-0.18554163
0.77162254,-0.18554163
0.77163756,-0.18554163
0.7716526,-0.13931036
0.7716676,-0.13931036
0.7716826,-0.13931036
0.77169764,-0.13931036
0.77171266,-0.09307861
0.7717277,-0.09307861
0.7717427,-0.09307861
0.7717577,-0.09307861
0.77177274,-0.09307861
0.77178776,-0.046847343
0.7718028,-0.046847343
0.7718178,-0.046847343
0.7718328,-0.046847343
0.77184784,-0.046847343
0.77186286,-6.160736E-4
0.7718779,-6.160736E-4
0.7718929,-6.160736E-4
0.7719079,-6.160736E-4
0.77192295,0.045615196
0.77193797,0.045615196
0.771953,0.045615196
0.771968,0.045615196
0.771983,0.091846466
0.77199805,0.091846466
0.77201307,0.091846466
0.7720281,0.091846466
0.7720431,0.091846466
0.7720581,0.13807821
0.77207315,0.13807821
0.77208817,0.13807821
0.7721032,0.13807821
0.7721182,0.13807821
0.77213323,0.184309
0.77214825,0.184309
0.7721633,0.184309
0.7721783,0.184309
0.7721933,0.23054075
0.7722084,0.23054075
0.7722234,0.23054075
0.77223843,0.23054075
0.77225345,0.23054075
0.7722685,0.27677202
0.7722835,0.27677202
0.7722985,0.27677202
0.77231354,0.27677202
0.77232856,0.27677202
0.7723436,0.3230033
0.7723586,0.3230033
0.7723736,0.3230033
0.77238864,0.3230033
0.77240366,0.3230033
0.7724187,0.36923456
0.7724337,0.36923456
0.7724487,0.36923456
0.77246374,0.36923456
0.77247876,0.36923456
0.7724938,0.4154663
0.7725088,0.4154663
0.7725238,0.4154663
0.77253884,0.4154663
0.77255386,0.46169758
0.7725689,0.46169758
0.7725839,0.46169758
0.7725989,0.46169758
0.77261394,0.46169758
0.77262896,0.50792885
0.772644,0.50792885
0.772659,0.50792885
0.772674,0.50792885
0.77268904,0.50792885
0.77270406,0.5541601
0.7727191,0.5541601
0.7727341,0.5541601
0.7727491,0.5541601
0.77276415,0.60039186
0.77277917,0.60039186
0.7727942,0.60039186
0.7728092,0.60039186
0.7728242,0.60039186
0.77283925,0.64662313
0.77285427,0.64662313
0.7728693,0.64662313
0.7728843,0.64662313
0.7728993,0.64662313
0.77291435,0.6928544
0.7729294,0.6928544
0.7729444,0.6928544
0.7729594,0.6928544
0.77297443,0.6928544
0.77298945,0.7390857
0.7730045,0.7390857
0.7730195,0.7390857
0.7730345,0.7390857
0.77304953,0.7390857
0.77306455,0.7853174
0.7730796,0.7853174
0.7730946,0.7853174
0.7731096,0.7853174
0.77312464,0.8315482
0.77313966,0.8315482
0.7731547,0.8315482
0.7731697,0.8315482
0.7731847,0.8315482
0.77319974,0.87777996
0.77321476,0.87777996
0.7732298,0.87777996
0.7732448,0.87777996
0.7732598,0.87777996
0.77327484,0.92401123
0.77328986,0.92401123
0.7733049,0.92401123
0.7733199,0.92401123
0.7733349,0.92401123
0.77334994,0.970243
0.77336496,0.970243
0.77338,0.970243
0.773395,0.970243
0.77341,0.970243
0.77342504,1.0164738
0.77344006,1.0164738
0.7734551,1.0164738
0.7734701,1.0164738
0.7734851,1.0164738
0.77350014,1.0627055
0.77351516,1.0627055
0.7735302,1.0627055
0.7735452,1.0627055
0.7735602,1.0627055
0.77357525,1.1089368
0.77359027,1.1089368
0.7736053,1.1089368
0.7736203,1.1089368
0.7736353,1.1551685
0.77365035,1.1551685
0.77366537,1.1551685
0.7736804,1.1551685
0.7736954,1.1551685
0.7737104,1.2013993
0.77372545,1.2013993
0.7737405,1.2013993
0.7737555,1.2013993
0.7737705,1.2013993
0.77378553,1.2013993
0.77380055,1.2476311
0.7738156,1.2476311
0.7738306,1.2476311
0.7738456,1.2476311
0.77386063,1.2476311
0.77387565,1.2938623
0.7738907,1.2938623
0.7739057,1.2938623
0.7739207,1.2938623
0.77393574,1.2938623
0.77395076,1.3400936
0.7739658,1.3400936
0.77398086,1.3400936
0.7739959,1.3400936
0.7740109,1.3400936
0.7740259,1.3863249
0.77404094,1.3863249
0.77405596,1.3863249
0.774071,1.3863249
0.774086,1.3863249
0.774101,1.4325566
0.77411604,1.4325566
0.77413106,1.4325566
0.7741461,1.4325566
0.7741611,1.4787879
0.7741761,1.4787879
0.77419114,1.4787879
0.77420616,1.4787879
0.7742212,1.4787879
0.7742362,1.4787879
0.7742512,1.4787879
0.77426624,1.4787879
0.77428126,1.5250192
0.7742963,1.5250192
0.7743113,1.5250192
0.7743263,1.5250192
0.77434134,1.5250192
0.77435637,1.5712504
0.7743714,1.5712504
0.7743864,1.5712504
0.7744014,1.5712504
0.77441645,1.5712504
0.77443147,1.6174817
0.7744465,1.6174817
0.7744615,1.6174817
0.7744765,1.6174817
0.77449155,1.6174817
0.77450657,1.6637135
0.7745216,1.6637135
0.7745366,1.6637135
0.77455163,1.6637135
0.77456665,1.6637135
0.7745817,1.7099442
0.7745967,1.7099442
0.7746117,1.7099442
0.77462673,1.7099442
0.77464175,1.7099442
0.7746568,1.7099442
0.7746718,1.756176
0.7746868,1.756176
0.77470183,1.756176
0.77471685,1.756176
0.7747319,1.756176
0.7747469,1.756176
0.7747619,1.756176
0.77477694,1.7099442
0.77479196,1.7099442
0.774807,1.7099442
0.774822,1.7099442
0.774837,1.6637135
0.77485204,1.6637135
0.77486706,1.6637135
0.7748821,1.6637135
0.7748971,1.6174817
0.7749121,1.6174817
0.77492714,1.6174817
0.77494216,1.6174817
0.7749572,1.6174817
0.7749722,1.5712504
0.7749872,1.5712504
0.77500224,1.5712504
0.77501726,1.5712504
0.7750323,1.5250192
0.7750473,1.5250192
0.7750623,1.5250192
0.77507734,1.5250192
0.77509236,1.4787879
0.7751074,1.4787879
0.7751224,1.4787879
0.7751374,1.4787879
0.77515244,1.4787879
0.77516747,1.4787879
0.7751825,1.4787879
0.7751975,1.4325566
0.7752125,1.4325566
0.77522755,1.4325566
0.77524257,1.4325566
0.7752576,1.3863249
0.7752726,1.3863249
0.7752876,1.3863249
0.77530265,1.3863249
0.77531767,1.3863249
0.7753327,1.3400936
0.7753477,1.3400936
0.77536273,1.3400936
0.77537775,1.3400936
0.7753928,1.2938623
0.7754078,1.2938623
0.7754228,1.2938623
0.77543783,1.2938623
0.77545285,1.2938623
0.7754679,1.2476311
0.7754829,1.2476311
0.7754979,1.2476311
0.77551293,1.2476311
0.77552795,1.2013993
0.775543,1.2013993
0.775558,1.2013993
0.775573,1.2013993
0.77558804,1.1551685
0.77560306,1.1551685
0.7756181,1.1551685
0.7756331,1.1551685
0.7756481,1.1551685
0.77566314,1.1089368
0.77567816,1.1089368
0.7756932,1.1089368
0.7757082,1.1089368
0.7757232,1.0627055
0.7757383,1.0627055
0.7757533,1.0627055
0.77576834,1.0627055
0.77578336,1.0164738
0.7757984,1.0164738
0.7758134,1.0164738
0.7758284,1.0164738
0.77584344,1.0164738
0.77585846,0.970243
0.7758735,0.970243
0.7758885,0.970243
0.7759035,0.970243
0.77591854,0.92401123
0.77593356,0.92401123
0.7759486,0.92401123
0.7759636,0.92401123
0.7759786,0.92401123
0.77599365,0.87777996
0.77600867,0.87777996
0.7760237,0.87777996
0.7760387,0.87777996
0.7760537,0.8315482
0.77606875,0.8315482
0.77608377,0.8315482
0.7760988,0.8315482
0.7761138,0.8315482
0.7761288,0.7853174
0.77614385,0.7853174
0.77615887,0.7853174
0.7761739,0.7853174
0.7761889,0.7390857
0.77620393,0.7390857
0.77621895,0.7390857
0.776234,0.7390857
0.776249,0.7390857
0.776264,0.6928544
0.77627903,0.6928544
0.77629405,0.6928544
0.7763091,0.6928544
0.7763241,0.64662313
0.7763391,0.64662313
0.77635413,0.64662313
0.77636915,0.64662313
0.7763842,0.60039186
0.7763992,0.60039186
0.7764142,0.60039186
0.77642924,0.60039186
0.77644426,0.60039186
0.7764593,0.5541601
0.7764743,0.5541601
0.7764893,0.5541601
0.77650434,0.5541601
0.77651936,0.50792885
0.7765344,0.50792885
0.7765494,0.50792885
0.7765644,0.50792885
0.77657944,0.50792885
0.77659446,0.46169758
0.7766095,0.46169758
0.7766245,0.46169758
0.7766395,0.46169758
0.77665454,0.4154663
0.77666956,0.4154663
0.7766846,0.4154663
0.7766996,0.4154663
0.7767146,0.36923456
0.77672964,0.36923456
0.77674466,0.36923456
0.7767597,0.36923456
0.7767747,0.36923456
0.7767897,0.3230033
0.77680475,0.3230033
0.77681977,0.3230033
0.7768348,0.3230033
0.7768498,0.27677202
0.7768648,0.27677202
0.77687985,0.27677202
0.77689487,0.27677202
0.7769099,0.27677202
0.7769249,0.23054075
0.7769399,0.23054075
0.77695495,0.23054075
0.77696997,0.23054075
0.776985,0.184309
0.777,0.184309
0.77701503,0.184309
0.77703005,0.184309
0.7770451,0.184309
0.7770601,0.13807821
0.7770751,0.13807821
0.77709013,0.13807821
0.77710515,0.13807821
0.7771202,0.091846466
0.7771352,0.091846466
0.7771502,0.091846466
0.77716523,0.091846466
0.77718025,0.091846466
0.7771953,0.045615196
0.7772103,0.045615196
0.7772253,0.045615196
0.77724034,0.045615196
0.77725536,-6.160736E-4
0.7772704,-6.160736E-4
0.7772854,-6.160736E-4
0.7773004,-6.160736E-4
0.77731544,-0.046847343
0.77733046,-0.046847343
0.7773455,-0.046847343
0.7773605,-0.046847343
0.7773755,-0.09307861
0.77739054,-0.09307861
0.77740556,-0.09307861
0.7774206,-0.09307861
0.7774356,-0.09307861
0.7774506,-0.13931036
0.77746564,-0.13931036
0.77748066,-0.13931036
0.77749574,-0.13931036
0.77751076,-0.13931036
0.7775258,-0.18554163
0.7775408,-0.18554163
0.7775558,-0.18554163
0.77757084,-0.18554163
0.77758586,-0.2317729
0.7776009,-0.2317729
0.7776159,-0.2317729
0.7776309,-0.2317729
0.77764595,-0.2317729
0.77766097,-0.27800417
0.777676,-0.27800417
0.777691,-0.27800417
0.777706,-0.27800417
0.77772105,-0.32423592
0.77773607,-0.32423592
0.7777511,-0.32423592
0.7777661,-0.32423592
0.7777811,-0.32423592
0.77779615,-0.3704667
0.77781117,-0.3704667
0.7778262,-0.3704667
0.7778412,-0.3704667
0.77785623,-0.41669846
0.77787125,-0.41669846
0.7778863,-0.41669846
0.7779013,-0.41669846
0.7779163,-0.41669846
0.77793133,-0.46292973
0.77794635,-0.46292973
0.7779614,-0.46292973
0.7779764,-0.46292973
0.7779914,-0.46292973
0.77800643,-0.5091615
0.77802145,-0.5091615
0.7780365,-0.5091615
0.7780515,-0.5091615
0.7780665,-0.55539227
0.77808154,-0.55539227
0.77809656,-0.55539227
0.7781116,-0.55539227
0.7781266,-0.55539227
0.7781416,-0.601624
0.77815664,-0.601624
0.77817166,-0.601624
0.7781867,-0.601624
0.7782017,-0.6478553
0.7782167,-0.6478553
0.77823174,-0.6478553
0.77824676,-0.6478553
0.7782618,-0.6478553
0.7782768,-0.694087
0.7782918,-0.694087
0.77830684,-0.694087
0.77832186,-0.694087
0.7783369,-0.7403178
0.7783519,-0.7403178
0.7783669,-0.7403178
0.77838194,-0.7403178
0.77839696,-0.7403178
0.778412,-0.78654957
0.778427,-0.78654957
0.778442,-0.78654957
0.77845705,-0.78654957
0.77847207,-0.78654957
0.7784871,-0.83278084
0.7785021,-0.83278084
0.7785171,-0.83278084
0.77853215,-0.83278084
0.77854717,-0.83278084
0.7785622,-0.8790121
0.7785772,-0.8790121
0.7785922,-0.8790121
0.77860725,-0.8790121
0.77862227,-0.9252434
0.7786373,-0.9252434
0.7786523,-0.9252434
0.77866733,-0.9252434
0.77868235,-0.9252434
0.7786974,-0.9714751
0.7787124,-0.9714751
0.7787274,-0.9714751
0.77874243,-0.9714751
0.77875745,-0.9714751
0.7787725,-1.0177064
0.7787875,-1.0177064
0.7788025,-1.0177064
0.77881753,-1.0177064
0.77883255,-1.0177064
0.7788476,-1.0639377
0.7788626,-1.0639377
0.7788776,-1.0639377
0.77889264,-1.0639377
0.77890766,-1.1101689
0.7789227,-1.1101689
0.7789377,-1.1101689
0.7789527,-1.1101689
0.77896774,-1.1101689
0.77898276,-1.1564007
0.7789978,-1.1564007
0.7790128,-1.1564007
0.7790278,-1.1564007
0.77904284,-1.1564007
0.77905786,-1.202632
0.7790729,-1.202632
0.7790879,-1.202632
0.7791029,-1.202632
0.77911794,-1.2488632
0.77913296,-1.2488632
0.779148,-1.2488632
0.779163,-1.2488632
0.779178,-1.2488632
0.77919304,-1.2950945
0.77920806,-1.2950945
0.7792231,-1.2950945
0.7792381,-1.2950945
0.7792532,-1.2950945
0.7792682,-1.3413262
0.7792832,-1.3413262
0.77929825,-1.3413262
0.77931327,-1.3413262
0.7793283,-1.3413262
0.7793433,-1.387557
0.7793583,-1.387557
0.77937335,-1.387557
0.77938837,-1.387557
0.7794034,-1.387557
0.7794184,-1.4337888
0.7794334,-1.4337888
0.77944845,-1.4337888
0.77946347,-1.4337888
0.7794785,-1.4337888
0.7794935,-1.48002
0.77950853,-1.48002
0.77952355,-1.48002
0.7795386,-1.48002
0.7795536,-1.48002
0.7795686,-1.48002
0.77958363,-1.48002
0.77959865,-1.5262513
0.7796137,-1.5262513
0.7796287,-1.5262513
0.7796437,-1.5262513
0.77965873,-1.5262513
0.77967376,-1.5724826
0.7796888,-1.5724826
0.7797038,-1.5724826
0.7797188,-1.5724826
0.77973384,-1.5724826
0.77974886,-1.6187139
0.7797639,-1.6187139
0.7797789,-1.6187139
0.7797939,-1.6187139
0.77980894,-1.6187139
0.77982396,-1.6187139
0.779839,-1.6187139
0.779854,-1.6187139
0.779869,-1.6187139
0.77988404,-1.5724826
0.77989906,-1.5724826
0.7799141,-1.5724826
0.7799291,-1.5724826
0.7799441,-1.5262513
0.77995914,-1.5262513
0.77997416,-1.5262513
0.7799892,-1.5262513
0.7800042,-1.5262513
0.7800192,-1.48002
0.78003424,-1.48002
0.78004926,-1.48002
0.7800643,-1.48002
0.7800793,-1.48002
0.7800943,-1.48002
0.78010935,-1.48002
0.78012437,-1.4337888
0.7801394,-1.4337888
0.7801544,-1.4337888
0.7801694,-1.4337888
0.78018445,-1.4337888
0.78019947,-1.387557
0.7802145,-1.387557
0.7802295,-1.387557
0.7802445,-1.387557
0.78025955,-1.3413262
0.78027457,-1.3413262
0.7802896,-1.3413262
0.7803046,-1.3413262
0.78031963,-1.3413262
0.78033465,-1.2950945
0.7803497,-1.2950945
0.7803647,-1.2950945
0.7803797,-1.2950945
0.78039473,-1.2950945
0.78040975,-1.2488632
0.7804248,-1.2488632
0.7804398,-1.2488632
0.7804548,-1.2488632
0.78046983,-1.202632
0.78048486,-1.202632
0.7804999,-1.202632
0.7805149,-1.202632
0.7805299,-1.202632
0.78054494,-1.1564007
0.78055996,-1.1564007
0.780575,-1.1564007
0.78059,-1.1564007
0.780605,-1.1101689
0.78062004,-1.1101689
0.78063506,-1.1101689
0.7806501,-1.1101689
0.7806651,-1.1101689
0.7806801,-1.0639377
0.78069514,-1.0639377
0.78071016,-1.0639377
0.7807252,-1.0639377
0.7807402,-1.0639377
0.7807552,-1.0177064
0.78077024,-1.0177064
0.78078526,-1.0177064
0.7808003,-1.0177064
0.7808153,-0.9714751
0.7808303,-0.9714751
0.78084534,-0.9714751
0.78086036,-0.9714751
0.7808754,-0.9714751
0.7808904,-0.9252434
0.7809054,-0.9252434
0.78092045,-0.9252434
0.78093547,-0.9252434
0.7809505,-0.9252434
0.7809655,-0.8790121
0.7809805,-0.8790121
0.78099555,-0.8790121
0.78101057,-0.8790121
0.78102565,-0.83278084
0.78104067,-0.83278084
0.7810557,-0.83278084
0.7810707,-0.83278084
0.7810857,-0.83278084
0.78110075,-0.78654957
0.7811158,-0.78654957
0.7811308,-0.78654957
0.7811458,-0.78654957
0.78116083,-0.78654957
0.78117585,-0.7403178
0.7811909,-0.7403178
0.7812059,-0.7403178
0.7812209,-0.7403178
0.78123593,-0.694087
0.78125095,-0.694087
0.781266,-0.694087
0.781281,-0.694087
0.781296,-0.694087
0.78131104,-0.6478553
0.78132606,-0.6478553
0.7813411,-0.6478553
0.7813561,-0.6478553
0.7813711,-0.6478553
0.78138614,-0.601624
0.78140116,-0.601624
0.7814162,-0.601624
0.7814312,-0.601624
0.7814462,-0.55539227
0.78146124,-0.55539227
0.78147626,-0.55539227
0.7814913,-0.55539227
0.7815063,-0.55539227
0.7815213,-0.5091615
0.78153634,-0.5091615
0.78155136,-0.5091615
0.7815664,-0.5091615
0.7815814,-0.5091615
0.7815964,-0.46292973
0.78161144,-0.46292973
0.78162646,-0.46292973
0.7816415,-0.46292973
0.7816565,-0.41669846
0.7816715,-0.41669846
0.78168654,-0.41669846
0.78170156,-0.41669846
0.7817166,-0.41669846
0.7817316,-0.3704667
0.7817466,-0.3704667
0.78176165,-0.3704667
0.78177667,-0.3704667
0.7817917,-0.3704667
0.7818067,-0.32423592
0.7818217,-0.32423592
0.78183675,-0.32423592
0.78185177,-0.32423592
0.7818668,-0.27800417
0.7818818,-0.27800417
0.7818968,-0.27800417
0.78191185,-0.27800417
0.7819269,-0.27800417
0.7819419,-0.2317729
0.7819569,-0.2317729
0.78197193,-0.2317729
0.78198695,-0.2317729
0.782002,-0.2317729
0.782017,-0.18554163
0.782032,-0.18554163
0.78204703,-0.18554163
0.78206205,-0.18554163
0.7820771,-0.13931036
0.7820921,-0.13931036
0.7821071,-0.13931036
0.78212214,-0.13931036
0.78213716,-0.13931036
0.7821522,-0.09307861
0.7821672,-0.09307861
0.7821822,-0.09307861
0.78219724,-0.09307861
0.78221226,-0.09307861
0.7822273,-0.046847343
0.7822423,-0.046847343
0.7822573,-0.046847343
0.78227234,-0.046847343
0.78228736,-6.160736E-4
0.7823024,-6.160736E-4
0.7823174,-6.160736E-4
0.7823324,-6.160736E-4
0.78234744,0.045615196
0.78236246,0.045615196
0.7823775,0.045615196
0.7823925,0.045615196
0.7824075,0.045615196
0.78242254,0.091846466
0.78243756,0.091846466
0.7824526,0.091846466
0.7824676,0.091846466
0.7824826,0.091846466
0.78249764,0.13807821
0.78251266,0.13807821
0.7825277,0.13807821
0.7825427,0.13807821
0.7825577,0.13807821
0.78257275,0.184309
0.78258777,0.184309
0.7826028,0.184309
0.7826178,0.184309
0.7826328,0.23054075
0.78264785,0.23054075
0.78266287,0.23054075
0.7826779,0.23054075
0.7826929,0.23054075
0.7827079,0.27677202
0.78272295,0.27677202
0.782738,0.27677202
0.782753,0.27677202
0.782768,0.27677202
0.7827831,0.3230033
0.7827981,0.3230033
0.78281313,0.3230033
0.78282815,0.3230033
0.7828432,0.36923456
0.7828582,0.36923456
0.7828732,0.36923456
0.78288823,0.36923456
0.78290325,0.36923456
0.7829183,0.4154663
0.7829333,0.4154663
0.7829483,0.4154663
0.78296334,0.4154663
0.78297836,0.4154663
0.7829934,0.46169758
0.7830084,0.46169758
0.7830234,0.46169758
0.78303844,0.46169758
0.78305346,0.46169758
0.7830685,0.50792885
0.7830835,0.50792885
0.7830985,0.50792885
0.78311354,0.50792885
0.78312856,0.5541601
0.7831436,0.5541601
0.7831586,0.5541601
0.7831736,0.5541601
0.78318864,0.5541601
0.78320366,0.60039186
0.7832187,0.60039186
0.7832337,0.60039186
0.7832487,0.60039186
0.78326374,0.60039186
0.78327876,0.64662313
0.7832938,0.64662313
0.7833088,0.64662313
0.7833238,0.64662313
0.78333884,0.64662313
0.78335387,0.6928544
0.7833689,0.6928544
0.7833839,0.6928544
0.7833989,0.6928544
0.78341395,0.7390857
0.78342897,0.7390857
0.783444,0.7390857
0.783459,0.7390857
0.783474,0.7390857
0.78348905,0.7853174
0.78350407,0.7853174
0.7835191,0.7853174
0.7835341,0.7853174
0.78354913,0.7853174
0.78356415,0.8315482
0.7835792,0.8315482
0.7835942,0.8315482
0.7836092,0.8315482
0.78362423,0.8315482
0.78363925,0.87777996
0.7836543,0.87777996
0.7836693,0.87777996
0.7836843,0.87777996
0.78369933,0.87777996
0.78371435,0.92401123
0.7837294,0.92401123
0.7837444,0.92401123
0.7837594,0.92401123
0.78377444,0.92401123
0.78378946,0.970243
0.7838045,0.970243
0.7838195,0.970243
0.7838345,0.970243
0.78384954,0.970243
0.78386456,1.0164738
0.7838796,1.0164738
0.7838946,1.0164738
0.7839096,1.0164738
0.78392464,1.0627055
0.78393966,1.0627055
0.7839547,1.0627055
0.7839697,1.0627055
0.7839847,1.0627055
0.78399974,1.1089368
0.78401476,1.1089368
0.7840298,1.1089368
0.7840448,1.1089368
0.7840598,1.1089368
0.78407484,1.1551685
0.78408986,1.1551685
0.7841049,1.1551685
0.7841199,1.1551685
0.7841349,1.1551685
0.78414994,1.2013993
0.78416497,1.2013993
0.78418,1.2013993
0.784195,1.2013993
0.78421,1.2013993
0.78422505,1.2476311
0.78424007,1.2476311
0.7842551,1.2476311
0.7842701,1.2476311
0.7842851,1.2476311
0.78430015,1.2938623
0.78431517,1.2938623
0.7843302,1.2938623
0.7843452,1.2938623
0.78436023,1.2938623
0.78437525,1.3400936
0.7843903,1.3400936
0.7844053,1.3400936
0.7844203,1.3400936
0.78443533,1.3400936
0.78445035,1.3863249
0.7844654,1.3863249
0.7844804,1.3863249
0.7844954,1.3863249
0.78451043,1.3863249
0.78452545,1.4325566
0.78454053,1.4325566
0.78455555,1.4325566
0.7845706,1.4325566
0.7845856,1.4325566
0.7846006,1.4787879
0.78461564,1.4787879
0.78463066,1.4787879
0.7846457,1.4787879
0.7846607,1.4787879
0.7846757,1.4787879
0.78469074,1.4787879
0.78470576,1.4787879
0.7847208,1.5250192
0.7847358,1.5250192
0.7847508,1.5250192
0.78476584,1.5250192
0.78478086,1.5250192
0.7847959,1.5712504
0.7848109,1.5712504
0.7848259,1.5712504
0.78484094,1.5712504
0.78485596,1.5712504
0.784871,1.6174817
0.784886,1.6174817
0.784901,1.6174817
0.78491604,1.6174817
0.78493106,1.6174817
0.7849461,1.6637135
0.7849611,1.6637135
0.7849761,1.6637135
0.78499115,1.6637135
0.78500617,1.6637135
0.7850212,1.7099442
0.7850362,1.7099442
0.7850512,1.7099442
0.78506625,1.7099442
0.78508127,1.7099442
0.7850963,1.756176
0.7851113,1.756176
0.7851263,1.756176
0.78514135,1.756176
0.78515637,1.756176
0.7851714,1.756176
0.7851864,1.756176
0.78520143,1.7099442
0.78521645,1.7099442
0.7852315,1.7099442
0.7852465,1.7099442
0.7852615,1.7099442
0.78527653,1.6637135
0.78529155,1.6637135
0.7853066,1.6637135
0.7853216,1.6637135
0.7853366,1.6174817
0.78535163,1.6174817
0.78536665,1.6174817
0.7853817,1.6174817
0.7853967,1.5712504
0.7854117,1.5712504
0.78542674,1.5712504
0.78544176,1.5712504
0.7854568,1.5250192
0.7854718,1.5250192
0.7854868,1.5250192
0.78550184,1.5250192
0.78551686,1.5250192
0.7855319,1.4787879
0.7855469,1.4787879
0.7855619,1.4787879
0.78557694,1.4787879
0.78559196,1.4787879
0.785607,1.4787879
0.785622,1.4787879
0.785637,1.4325566
0.78565204,1.4325566
0.78566706,1.4325566
0.7856821,1.4325566
0.7856971,1.3863249
0.7857121,1.3863249
0.78572714,1.3863249
0.78574216,1.3863249
0.7857572,1.3400936
0.7857722,1.3400936
0.7857872,1.3400936
0.78580225,1.3400936
0.78581727,1.3400936
0.7858323,1.2938623
0.7858473,1.2938623
0.7858623,1.2938623
0.78587735,1.2938623
0.78589237,1.2476311
0.7859074,1.2476311
0.7859224,1.2476311
0.7859374,1.2476311
0.78595245,1.2476311
0.78596747,1.2013993
0.7859825,1.2013993
0.7859975,1.2013993
0.78601253,1.2013993
0.78602755,1.1551685
0.7860426,1.1551685
0.7860576,1.1551685
0.7860726,1.1551685
0.78608763,1.1551685
0.78610265,1.1089368
0.7861177,1.1089368
0.7861327,1.1089368
0.7861477,1.1089368
0.78616273,1.0627055
0.78617775,1.0627055
0.7861928,1.0627055
0.7862078,1.0627055
0.7862228,1.0164738
0.78623784,1.0164738
0.78625286,1.0164738
0.7862679,1.0164738
0.7862829,0.970243
0.786298,0.970243
0.786313,0.970243
0.786328,0.970243
0.78634304,0.970243
0.78635806,0.92401123
0.7863731,0.92401123
0.7863881,0.92401123
0.7864031,0.92401123
0.78641814,0.92401123
0.78643316,0.87777996
0.7864482,0.87777996
0.7864632,0.87777996
0.7864782,0.87777996
0.78649324,0.8315482
0.78650826,0.8315482
0.7865233,0.8315482
0.7865383,0.8315482
0.7865533,0.7853174
0.78656834,0.7853174
0.78658336,0.7853174
0.7865984,0.7853174
0.7866134,0.7853174
0.7866284,0.7390857
0.78664345,0.7390857
0.78665847,0.7390857
0.7866735,0.7390857
0.7866885,0.6928544
0.7867035,0.6928544
0.78671855,0.6928544
0.78673357,0.6928544
0.7867486,0.64662313
0.7867636,0.64662313
0.7867786,0.64662313
0.78679365,0.64662313
0.78680867,0.64662313
0.7868237,0.60039186
0.7868387,0.60039186
0.78685373,0.60039186
0.78686875,0.60039186
0.7868838,0.5541601
0.7868988,0.5541601
0.7869138,0.5541601
0.78692883,0.5541601
0.78694385,0.5541601
0.7869589,0.50792885
0.7869739,0.50792885
0.7869889,0.50792885
0.78700393,0.50792885
0.78701895,0.46169758
0.787034,0.46169758
0.787049,0.46169758
0.787064,0.46169758
0.78707904,0.46169758
0.78709406,0.4154663
0.7871091,0.4154663
0.7871241,0.4154663
0.7871391,0.4154663
0.78715414,0.36923456
0.78716916,0.36923456
0.7871842,0.36923456
0.7871992,0.36923456
0.7872142,0.36923456
0.78722924,0.3230033
0.78724426,0.3230033
0.7872593,0.3230033
0.7872743,0.3230033
0.7872893,0.27677202
0.78730434,0.27677202
0.78731936,0.27677202
0.7873344,0.27677202
0.7873494,0.23054075
0.7873644,0.23054075
0.78737944,0.23054075
0.78739446,0.23054075
0.7874095,0.23054075
0.7874245,0.184309
0.7874395,0.184309
0.78745455,0.184309
0.78746957,0.184309
0.7874846,0.13807821
0.7874996,0.13807821
0.7875146,0.13807821
0.78752965,0.13807821
0.78754467,0.13807821
0.7875597,0.091846466
0.7875747,0.091846466
0.7875897,0.091846466
0.78760475,0.091846466
0.78761977,0.045615196
0.7876348,0.045615196
0.7876498,0.045615196
0.78766483,0.045615196
0.78767985,0.045615196
0.7876949,-6.160736E-4
0.7877099,-6.160736E-4
0.7877249,-6.160736E-4
0.78773993,-6.160736E-4
0.78775495,-0.046847343
0.78777,-0.046847343
0.787785,-0.046847343
0.7878,-0.046847343
0.78781503,-0.09307861
0.78783005,-0.09307861
0.7878451,-0.09307861
0.7878601,-0.09307861
0.7878751,-0.09307861
0.78789014,-0.13931036
0.78790516,-0.13931036
0.7879202,-0.13931036
0.7879352,-0.13931036
0.7879502,-0.18554163
0.78796524,-0.18554163
0.78798026,-0.18554163
0.7879953,-0.18554163
0.7880103,-0.18554163
0.7880253,-0.2317729
0.78804034,-0.2317729
0.7880554,-0.2317729
0.78807044,-0.2317729
0.78808546,-0.27800417
0.7881005,-0.27800417
0.7881155,-0.27800417
0.7881305,-0.27800417
0.78814554,-0.27800417
0.78816056,-0.32423592
0.7881756,-0.32423592
0.7881906,-0.32423592
0.7882056,-0.32423592
0.78822064,-0.3704667
0.78823566,-0.3704667
0.7882507,-0.3704667
0.7882657,-0.3704667
0.7882807,-0.3704667
0.78829575,-0.41669846
0.78831077,-0.41669846
0.7883258,-0.41669846
0.7883408,-0.41669846
0.7883558,-0.41669846
0.78837085,-0.46292973
0.78838587,-0.46292973
0.7884009,-0.46292973
0.7884159,-0.46292973
0.7884309,-0.5091615
0.78844595,-0.5091615
0.78846097,-0.5091615
0.788476,-0.5091615
0.788491,-0.55539227
0.78850603,-0.55539227
0.78852105,-0.55539227
0.7885361,-0.55539227
0.7885511,-0.55539227
0.7885661,-0.601624
0.78858113,-0.601624
0.78859615,-0.601624
0.7886112,-0.601624
0.7886262,-0.601624
0.7886412,-0.6478553
0.78865623,-0.6478553
0.78867126,-0.6478553
0.7886863,-0.6478553
0.7887013,-0.694087
0.7887163,-0.694087
0.78873134,-0.694087
0.78874636,-0.694087
0.7887614,-0.694087
0.7887764,-0.7403178
0.7887914,-0.7403178
0.78880644,-0.7403178
0.78882146,-0.7403178
0.7888365,-0.7403178
0.7888515,-0.78654957
0.7888665,-0.78654957
0.78888154,-0.78654957
0.78889656,-0.78654957
0.7889116,-0.78654957
0.7889266,-0.83278084
0.7889416,-0.83278084
0.78895664,-0.83278084
0.78897166,-0.83278084
0.7889867,-0.8790121
0.7890017,-0.8790121
0.7890167,-0.8790121
0.78903174,-0.8790121
0.78904676,-0.8790121
0.7890618,-0.9252434
0.7890768,-0.9252434
0.7890918,-0.9252434
0.78910685,-0.9252434
0.78912187,-0.9714751
0.7891369,-0.9714751
0.7891519,-0.9714751
0.7891669,-0.9714751
0.78918195,-0.9714751
0.78919697,-1.0177064
0.789212,-1.0177064
0.789227,-1.0177064
0.789242,-1.0177064
0.78925705,-1.0177064
0.78927207,-1.0639377
0.7892871,-1.0639377
0.7893021,-1.0639377
0.78931713,-1.0639377
0.78933215,-1.0639377
0.7893472,-1.1101689
0.7893622,-1.1101689
0.7893772,-1.1101689
0.78939223,-1.1101689
0.78940725,-1.1564007
0.7894223,-1.1564007
0.7894373,-1.1564007
0.7894523,-1.1564007
0.78946733,-1.1564007
0.78948236,-1.202632
0.7894974,-1.202632
0.7895124,-1.202632
0.7895274,-1.202632
0.78954244,-1.202632
0.78955746,-1.2488632
0.7895725,-1.2488632
0.7895875,-1.2488632
0.7896025,-1.2488632
0.78961754,-1.2488632
0.78963256,-1.2950945
0.7896476,-1.2950945
0.7896626,-1.2950945
0.7896776,-1.2950945
0.78969264,-1.2950945
0.78970766,-1.3413262
0.7897227,-1.3413262
0.7897377,-1.3413262
0.7897527,-1.3413262
0.78976774,-1.3413262
0.78978276,-1.387557
0.7897978,-1.387557
0.7898128,-1.387557
0.7898279,-1.387557
0.7898429,-1.387557
0.7898579,-1.4337888
0.78987294,-1.4337888
0.78988796,-1.4337888
0.789903,-1.4337888
0.789918,-1.48002
0.789933,-1.48002
0.78994805,-1.48002
0.78996307,-1.48002
0.7899781,-1.48002
0.7899931,-1.48002
0.7900081,-1.48002
0.79002315,-1.48002
0.79003817,-1.5262513
0.7900532,-1.5262513
0.7900682,-1.5262513
0.7900832,-1.5262513
0.79009825,-1.5262513
0.7901133,-1.5724826
0.7901283,-1.5724826
0.7901433,-1.5724826
0.79015833,-1.5724826
0.79017335,-1.5724826
0.7901884,-1.6187139
0.7902034,-1.6187139
0.7902184,-1.6187139
0.79023343,-1.6187139
0.79024845,-1.6187139
0.7902635,-1.6187139
0.7902785,-1.6187139
0.7902935,-1.6187139
0.79030854,-1.5724826
0.79032356,-1.5724826
0.7903386,-1.5724826
0.7903536,-1.5724826
0.7903686,-1.5724826
0.79038364,-1.5262513
0.79039866,-1.5262513
0.7904137,-1.5262513
0.7904287,-1.5262513
0.7904437,-1.48002
0.79045874,-1.48002
0.79047376,-1.48002
0.7904888,-1.48002
0.7905038,-1.48002
0.7905188,-1.48002
0.79053384,-1.48002
0.79054886,-1.48002
0.7905639,-1.4337888
0.7905789,-1.4337888
0.7905939,-1.4337888
0.79060894,-1.4337888
0.79062396,-1.387557
0.790639,-1.387557
0.790654,-1.387557
0.790669,-1.387557
0.79068404,-1.387557
0.79069906,-1.3413262
0.7907141,-1.3413262
0.7907291,-1.3413262
0.7907441,-1.3413262
0.79075915,-1.3413262
0.79077417,-1.2950945
0.7907892,-1.2950945
0.7908042,-1.2950945
0.7908192,-1.2950945
0.79083425,-1.2488632
0.79084927,-1.2488632
0.7908643,-1.2488632
0.7908793,-1.2488632
0.7908943,-1.2488632
0.79090935,-1.202632
0.7909244,-1.202632
0.7909394,-1.202632
0.7909544,-1.202632
0.79096943,-1.202632
0.79098445,-1.1564007
0.7909995,-1.1564007
0.7910145,-1.1564007
0.7910295,-1.1564007
0.79104453,-1.1101689
0.79105955,-1.1101689
0.7910746,-1.1101689
0.7910896,-1.1101689
0.7911046,-1.1101689
0.79111964,-1.0639377
0.79113466,-1.0639377
0.7911497,-1.0639377
0.7911647,-1.0639377
0.7911797,-1.0177064
0.79119474,-1.0177064
0.79120976,-1.0177064
0.7912248,-1.0177064
0.7912398,-1.0177064
0.7912548,-0.9714751
0.79126984,-0.9714751
0.79128486,-0.9714751
0.7912999,-0.9714751
0.7913149,-0.9714751
0.7913299,-0.9252434
0.79134494,-0.9252434
0.79135996,-0.9252434
0.791375,-0.9252434
0.79139,-0.8790121
0.791405,-0.8790121
0.79142004,-0.8790121
0.79143506,-0.8790121
0.7914501,-0.8790121
0.7914651,-0.83278084
0.7914801,-0.83278084
0.79149514,-0.83278084
0.79151016,-0.83278084
0.7915252,-0.83278084
0.7915402,-0.78654957
0.7915552,-0.78654957
0.79157025,-0.78654957
0.7915853,-0.78654957
0.79160035,-0.7403178
0.79161537,-0.7403178
0.7916304,-0.7403178
0.7916454,-0.7403178
0.7916604,-0.7403178
0.79167545,-0.694087
0.79169047,-0.694087
0.7917055,-0.694087
0.7917205,-0.694087
0.79173553,-0.694087
0.79175055,-0.6478553
0.7917656,-0.6478553
0.7917806,-0.6478553
0.7917956,-0.6478553
0.79181063,-0.601624
0.79182565,-0.601624
0.7918407,-0.601624
0.7918557,-0.601624
0.7918707,-0.601624
0.79188573,-0.55539227
0.79190075,-0.55539227
0.7919158,-0.55539227
0.7919308,-0.55539227
0.7919458,-0.55539227
0.79196084,-0.5091615
0.79197586,-0.5091615
0.7919909,-0.5091615
0.7920059,-0.5091615
0.7920209,-0.46292973
0.79203594,-0.46292973
0.79205096,-0.46292973
0.792066,-0.46292973
0.792081,-0.46292973
0.792096,-0.41669846
0.79211104,-0.41669846
0.79212606,-0.41669846
0.7921411,-0.41669846
0.7921561,-0.41669846
0.7921711,-0.3704667
0.79218614,-0.3704667
0.79220116,-0.3704667
0.7922162,-0.3704667
0.7922312,-0.3704667
0.7922462,-0.32423592
0.79226124,-0.32423592
0.79227626,-0.32423592
0.7922913,-0.32423592
0.7923063,-0.27800417
0.7923213,-0.27800417
0.79233634,-0.27800417
0.79235137,-0.27800417
0.7923664,-0.27800417
0.7923814,-0.2317729
0.7923964,-0.2317729
0.79241145,-0.2317729
0.79242647,-0.2317729
0.7924415,-0.18554163
0.7924565,-0.18554163
0.7924715,-0.18554163
0.79248655,-0.18554163
0.79250157,-0.18554163
0.7925166,-0.13931036
0.7925316,-0.13931036
0.79254663,-0.13931036
0.79256165,-0.13931036
0.7925767,-0.13931036
0.7925917,-0.09307861
0.7926067,-0.09307861
0.79262173,-0.09307861
0.79263675,-0.09307861
0.7926518,-0.046847343
0.7926668,-0.046847343
0.7926818,-0.046847343
0.79269683,-0.046847343
0.79271185,-0.046847343
0.7927269,-6.160736E-4
0.7927419,-6.160736E-4
0.7927569,-6.160736E-4
0.79277194,-6.160736E-4
0.79278696,0.045615196
0.792802,0.045615196
0.792817,0.045615196
0.792832,0.045615196
0.79284704,0.045615196
0.79286206,0.091846466
0.7928771,0.091846466
0.7928921,0.091846466
0.7929071,0.091846466
0.79292214,0.13807821
0.79293716,0.13807821
0.7929522,0.13807821
0.7929672,0.13807821
0.7929822,0.13807821
0.79299724,0.184309
0.79301226,0.184309
0.7930273,0.184309
0.7930423,0.184309
0.7930573,0.184309
0.79307234,0.23054075
0.79308736,0.23054075
0.7931024,0.23054075
0.7931174,0.23054075
0.7931324,0.23054075
0.79314744,0.27677202
0.79316247,0.27677202
0.7931775,0.27677202
0.7931925,0.27677202
0.7932075,0.3230033
0.79322255,0.3230033
0.79323757,0.3230033
0.7932526,0.3230033
0.7932676,0.3230033
0.7932826,0.36923456
0.79329765,0.36923456
0.79331267,0.36923456
0.7933277,0.36923456
0.79334277,0.36923456
0.7933578,0.4154663
0.7933728,0.4154663
0.79338783,0.4154663
0.79340285,0.4154663
0.7934179,0.46169758
0.7934329,0.46169758
0.7934479,0.46169758
0.79346293,0.46169758
0.79347795,0.46169758
0.793493,0.50792885
0.793508,0.50792885
0.793523,0.50792885
0.79353803,0.50792885
0.79355305,0.50792885
0.7935681,0.5541601
0.7935831,0.5541601
0.7935981,0.5541601
0.79361314,0.5541601
0.79362816,0.5541601
0.7936432,0.60039186
0.7936582,0.60039186
0.7936732,0.60039186
0.79368824,0.60039186
0.79370326,0.60039186
0.7937183,0.64662313
0.7937333,0.64662313
0.7937483,0.64662313
0.79376334,0.64662313
0.79377836,0.6928544
0.7937934,0.6928544
0.7938084,0.6928544
0.7938234,0.6928544
0.79383844,0.6928544
0.79385346,0.7390857
0.7938685,0.7390857
0.7938835,0.7390857
0.7938985,0.7390857
0.79391354,0.7390857
0.79392856,0.7853174
0.7939436,0.7853174
0.7939586,0.7853174
0.7939736,0.7853174
0.79398865,0.7853174
0.79400367,0.8315482
0.7940187,0.8315482
0.7940337,0.8315482
0.7940487,0.8315482
0.79406375,0.8315482
0.79407877,0.87777996
0.7940938,0.87777996
0.7941088,0.87777996
0.7941238,0.87777996
0.79413885,0.92401123
0.79415387,0.92401123
0.7941689,0.92401123
0.7941839,0.92401123
0.79419893,0.92401123
0.79421395,0.970243
0.794229,0.970243
0.794244,0.970243
0.794259,0.970243
0.79427403,0.970243
0.79428905,1.0164738
0.7943041,1.0164738
0.7943191,1.0164738
0.7943341,1.0164738
0.79434913,1.0164738
0.79436415,1.0627055
0.7943792,1.0627055
0.7943942,1.0627055
0.7944092,1.0627055
0.79442424,1.0627055
0.79443926,1.1089368
0.7944543,1.1089368
0.7944693,1.1089368
0.7944843,1.1089368
0.79449934,1.1089368
0.79451436,1.1551685
0.7945294,1.1551685
0.7945444,1.1551685
0.7945594,1.1551685
0.79457444,1.1551685
0.79458946,1.2013993
0.7946045,1.2013993
0.7946195,1.2013993
0.7946345,1.2013993
0.79464954,1.2013993
0.79466456,1.2476311
0.7946796,1.2476311
0.7946946,1.2476311
0.7947096,1.2476311
0.79472464,1.2476311
0.79473966,1.2938623
0.7947547,1.2938623
0.7947697,1.2938623
0.7947847,1.2938623
0.79479975,1.2938623
0.79481477,1.3400936
0.7948298,1.3400936
0.7948448,1.3400936
0.7948598,1.3400936
0.79487485,1.3400936
0.79488987,1.3863249
0.7949049,1.3863249
0.7949199,1.3863249
0.7949349,1.3863249
0.79494995,1.3863249
0.79496497,1.4325566
0.79498,1.4325566
0.794995,1.4325566
0.79501003,1.4325566
0.79502505,1.4325566
0.7950401,1.4787879
0.7950551,1.4787879
0.7950701,1.4787879
0.79508513,1.4787879
0.7951002,1.4787879
0.79511523,1.4787879
0.79513025,1.4787879
0.7951453,1.5250192
0.7951603,1.5250192
0.7951753,1.5250192
0.79519033,1.5250192
0.79520535,1.5250192
0.7952204,1.5712504
0.7952354,1.5712504
0.7952504,1.5712504
0.79526544,1.5712504
0.79528046,1.5712504
0.7952955,1.6174817
0.7953105,1.6174817
0.7953255,1.6174817
0.79534054,1.6174817
0.79535556,1.6174817
0.7953706,1.6637135
0.7953856,1.6637135
0.7954006,1.6637135
0.79541564,1.6637135
0.79543066,1.6637135
0.7954457,1.6637135
0.7954607,1.7099442
0.7954757,1.7099442
0.79549074,1.7099442
0.79550576,1.7099442
0.7955208,1.7099442
0.7955358,1.756176
0.7955508,1.756176
0.79556584,1.756176
0.79558086,1.756176
0.7955959,1.756176
0.7956109,1.756176
0.7956259,1.756176
0.79564095,1.7099442
0.79565597,1.7099442
0.795671,1.7099442
0.795686,1.7099442
0.795701,1.6637135
0.79571605,1.6637135
0.79573107,1.6637135
0.7957461,1.6637135
0.7957611,1.6174817
0.7957761,1.6174817
0.79579115,1.6174817
0.79580617,1.6174817
0.7958212,1.6174817
0.7958362,1.5712504
0.79585123,1.5712504
0.79586625,1.5712504
0.7958813,1.5712504
0.7958963,1.5250192
0.7959113,1.5250192
0.79592633,1.5250192
0.79594135,1.5250192
0.7959564,1.5250192
0.7959714,1.4787879
0.7959864,1.4787879
0.79600143,1.4787879
0.79601645,1.4787879
0.7960315,1.4787879
0.7960465,1.4787879
0.7960615,1.4325566
0.79607654,1.4325566
0.79609156,1.4325566
0.7961066,1.4325566
0.7961216,1.4325566
0.7961366,1.3863249
0.79615164,1.3863249
0.79616666,1.3863249
0.7961817,1.3863249
0.7961967,1.3400936
0.7962117,1.3400936
0.79622674,1.3400936
0.79624176,1.3400936
0.7962568,1.3400936
0.7962718,1.2938623
0.7962868,1.2938623
0.79630184,1.2938623
0.79631686,1.2938623
0.7963319,1.2476311
0.7963469,1.2476311
0.7963619,1.2476311
0.79637694,1.2476311
0.79639196,1.2013993
0.796407,1.2013993
0.796422,1.2013993
0.796437,1.2013993
0.79645205,1.2013993
0.79646707,1.1551685
0.7964821,1.1551685
0.7964971,1.1551685
0.7965121,1.1551685
0.79652715,1.1089368
0.79654217,1.1089368
0.7965572,1.1089368
0.7965722,1.1089368
0.7965872,1.0627055
0.79660225,1.0627055
0.79661727,1.0627055
0.7966323,1.0627055
0.7966473,1.0627055
0.79666233,1.0164738
0.79667735,1.0164738
0.7966924,1.0164738
0.7967074,1.0164738
0.7967224,0.970243
0.79673743,0.970243
0.79675245,0.970243
0.7967675,0.970243
0.7967825,0.970243
0.7967975,0.92401123
0.79681253,0.92401123
0.79682755,0.92401123
0.7968426,0.92401123
0.7968576,0.87777996
0.7968727,0.87777996
0.7968877,0.87777996
0.7969027,0.87777996
0.79691774,0.87777996
0.79693276,0.8315482
0.7969478,0.8315482
0.7969628,0.8315482
0.7969778,0.8315482
0.79699284,0.7853174
0.79700786,0.7853174
0.7970229,0.7853174
0.7970379,0.7853174
0.7970529,0.7390857
0.79706794,0.7390857
0.79708296,0.7390857
0.797098,0.7390857
0.797113,0.7390857
0.797128,0.6928544
0.79714304,0.6928544
0.79715806,0.6928544
0.7971731,0.6928544
0.7971881,0.64662313
0.7972031,0.64662313
0.79721814,0.64662313
0.79723316,0.64662313
0.7972482,0.64662313
0.7972632,0.60039186
0.7972782,0.60039186
0.79729325,0.60039186
0.79730827,0.60039186
0.7973233,0.5541601
0.7973383,0.5541601
0.7973533,0.5541601
0.79736835,0.5541601
0.79738337,0.5541601
0.7973984,0.50792885
0.7974134,0.50792885
0.7974284,0.50792885
0.79744345,0.50792885
0.79745847,0.46169758
0.7974735,0.46169758
0.7974885,0.46169758
0.79750353,0.46169758
0.79751855,0.4154663
0.7975336,0.4154663
0.7975486,0.4154663
0.7975636,0.4154663
0.79757863,0.4154663
0.79759365,0.36923456
0.7976087,0.36923456
0.7976237,0.36923456
0.7976387,0.36923456
0.79765373,0.3230033
0.79766876,0.3230033
0.7976838,0.3230033
0.7976988,0.3230033
0.7977138,0.3230033
0.79772884,0.27677202
0.79774386,0.27677202
0.7977589,0.27677202
0.7977739,0.27677202
0.7977889,0.23054075
0.79780394,0.23054075
0.79781896,0.23054075
0.797834,0.23054075
0.797849,0.23054075
0.797864,0.184309
0.79787904,0.184309
0.79789406,0.184309
0.7979091,0.184309
0.7979241,0.13807821
0.7979391,0.13807821
0.79795414,0.13807821
0.79796916,0.13807821
0.7979842,0.13807821
0.7979992,0.091846466
0.7980142,0.091846466
0.79802924,0.091846466
0.79804426,0.091846466
0.7980593,0.045615196
0.7980743,0.045615196
0.7980893,0.045615196
0.79810435,0.045615196
0.79811937,-6.160736E-4
0.7981344,-6.160736E-4
0.7981494,-6.160736E-4
0.7981644,-6.160736E-4
0.79817945,-6.160736E-4
0.79819447,-0.046847343
0.7982095,-0.046847343
0.7982245,-0.046847343
0.7982395,-0.046847343
0.79825455,-0.09307861
0.79826957,-0.09307861
0.7982846,-0.09307861
0.7982996,-0.09307861
0.79831463,-0.09307861
0.79832965,-0.13931036
0.7983447,-0.13931036
0.7983597,-0.13931036
0.7983747,-0.13931036
0.79838973,-0.18554163
0.79840475,-0.18554163
0.7984198,-0.18554163
0.7984348,-0.18554163
0.7984498,-0.18554163
0.79846483,-0.2317729
0.79847986,-0.2317729
0.7984949,-0.2317729
0.7985099,-0.2317729
0.7985249,-0.27800417
0.79853994,-0.27800417
0.79855496,-0.27800417
0.79857,-0.27800417
0.798585,-0.27800417
0.7986,-0.32423592
0.79861504,-0.32423592
0.7986301,-0.32423592
0.79864514,-0.32423592
0.79866016,-0.3704667
0.7986752,-0.3704667
0.7986902,-0.3704667
0.7987052,-0.3704667
0.79872024,-0.3704667
0.79873526,-0.41669846
0.7987503,-0.41669846
0.7987653,-0.41669846
0.7987803,-0.41669846
0.79879534,-0.46292973
0.79881036,-0.46292973
0.7988254,-0.46292973
0.7988404,-0.46292973
0.7988554,-0.46292973
0.79887044,-0.5091615
0.79888546,-0.5091615
0.7989005,-0.5091615
0.7989155,-0.5091615
0.7989305,-0.55539227
0.79894555,-0.55539227
0.79896057,-0.55539227
0.7989756,-0.55539227
0.7989906,-0.55539227
0.7990056,-0.601624
0.79902065,-0.601624
0.79903567,-0.601624
0.7990507,-0.601624
0.7990657,-0.6478553
0.7990807,-0.6478553
0.79909575,-0.6478553
0.7991108,-0.6478553
0.7991258,-0.6478553
0.7991408,-0.694087
0.79915583,-0.694087
0.79917085,-0.694087
0.7991859,-0.694087
0.7992009,-0.694087
0.7992159,-0.7403178
0.79923093,-0.7403178
0.79924595,-0.7403178
0.799261,-0.7403178
0.799276,-0.7403178
0.799291,-0.78654957
0.79930604,-0.78654957
0.79932106,-0.78654957
0.7993361,-0.78654957
0.7993511,-0.83278084
0.7993661,-0.83278084
0.79938114,-0.83278084
0.79939616,-0.83278084
0.7994112,-0.83278084
0.7994262,-0.8790121
0.7994412,-0.8790121
0.79945624,-0.8790121
0.79947126,-0.8790121
0.7994863,-0.8790121
0.7995013,-0.9252434
0.7995163,-0.9252434
0.79953134,-0.9252434
0.79954636,-0.9252434
0.7995614,-0.9714751
0.7995764,-0.9714751
0.7995914,-0.9714751
0.79960644,-0.9714751
0.79962146,-0.9714751
0.7996365,-1.0177064
0.7996515,-1.0177064
0.7996665,-1.0177064
0.79968154,-1.0177064
0.79969656,-1.0177064
0.7997116,-1.0639377
0.7997266,-1.0639377
0.7997416,-1.0639377
0.79975665,-1.0639377
0.79977167,-1.1101689
0.7997867,-1.1101689
0.7998017,-1.1101689
0.7998167,-1.1101689
0.79983175,-1.1101689
0.79984677,-1.1564007
0.7998618,-1.1564007
0.7998768,-1.1564007
0.7998918,-1.1564007
0.79990685,-1.1564007
0.7999219,-1.202632
0.7999369,-1.202632
0.7999519,-1.202632
0.79996693,-1.202632
0.79998195,-1.202632
0.799997,-1.2488632
0.800012,-1.2488632
0.800027,-1.2488632
0.80004203,-1.2488632
0.80005705,-1.2488632
0.8000721,-1.2950945
0.8000871,-1.2950945
0.8001021,-1.2950945
0.80011714,-1.2950945
0.80013216,-1.3413262
0.8001472,-1.3413262
0.8001622,-1.3413262
0.8001772,-1.3413262
0.80019224,-1.3413262
0.80020726,-1.387557
0.8002223,-1.387557
0.8002373,-1.387557
0.8002523,-1.387557
0.80026734,-1.387557
0.80028236,-1.4337888
0.8002974,-1.4337888
0.8003124,-1.4337888
0.8003274,-1.4337888
0.80034244,-1.4337888
0.80035746,-1.48002
0.8003725,-1.48002
0.80038756,-1.48002
0.8004026,-1.48002
0.8004176,-1.48002
0.8004326,-1.48002
0.80044764,-1.48002
0.80046266,-1.48002
0.8004777,-1.5262513
0.8004927,-1.5262513
0.8005077,-1.5262513
0.80052274,-1.5262513
0.80053777,-1.5262513
0.8005528,-1.5724826
0.8005678,-1.5724826
0.8005828,-1.5724826
0.80059785,-1.5724826
0.80061287,-1.5724826
0.8006279,-1.6187139
0.8006429,-1.6187139
0.8006579,-1.6187139
0.80067295,-1.6187139
0.80068797,-1.6187139
0.800703,-1.6187139
0.800718,-1.6187139
0.80073303,-1.6187139
0.80074805,-1.5724826
0.8007631,-1.5724826
0.8007781,-1.5724826
0.8007931,-1.5724826
0.80080813,-1.5724826
0.80082315,-1.5262513
0.8008382,-1.5262513
0.8008532,-1.5262513
0.8008682,-1.5262513
0.80088323,-1.48002
0.80089825,-1.48002
0.8009133,-1.48002
0.8009283,-1.48002
0.8009433,-1.48002
0.80095834,-1.48002
0.80097336,-1.48002
0.8009884,-1.4337888
0.8010034,-1.4337888
0.8010184,-1.4337888
0.80103344,-1.4337888
0.80104846,-1.4337888
0.8010635,-1.387557
0.8010785,-1.387557
0.8010935,-1.387557
0.80110854,-1.387557
0.80112356,-1.387557
0.8011386,-1.3413262
0.8011536,-1.3413262
0.8011686,-1.3413262
0.80118364,-1.3413262
0.80119866,-1.2950945
0.8012137,-1.2950945
0.8012287,-1.2950945
0.8012437,-1.2950945
0.80125874,-1.2950945
0.80127376,-1.2488632
0.8012888,-1.2488632
0.8013038,-1.2488632
0.8013188,-1.2488632
0.80133384,-1.202632
0.80134887,-1.202632
0.8013639,-1.202632
0.8013789,-1.202632
0.8013939,-1.202632
0.80140895,-1.1564007
0.80142397,-1.1564007
0.801439,-1.1564007
0.801454,-1.1564007
0.801469,-1.1564007
0.80148405,-1.1101689
0.80149907,-1.1101689
0.8015141,-1.1101689
0.8015291,-1.1101689
0.80154413,-1.0639377
0.80155915,-1.0639377
0.8015742,-1.0639377
0.8015892,-1.0639377
0.8016042,-1.0639377
0.80161923,-1.0177064
0.80163425,-1.0177064
0.8016493,-1.0177064
0.8016643,-1.0177064
0.8016793,-1.0177064
0.80169433,-0.9714751
0.80170935,-0.9714751
0.8017244,-0.9714751
0.8017394,-0.9714751
0.8017544,-0.9252434
0.80176944,-0.9252434
0.80178446,-0.9252434
0.8017995,-0.9252434
0.8018145,-0.9252434
0.8018295,-0.8790121
0.80184454,-0.8790121
0.80185956,-0.8790121
0.8018746,-0.8790121
0.8018896,-0.8790121
0.8019046,-0.83278084
0.80191964,-0.83278084
0.80193466,-0.83278084
0.8019497,-0.83278084
0.8019647,-0.78654957
0.8019797,-0.78654957
0.80199474,-0.78654957
0.80200976,-0.78654957
0.8020248,-0.78654957
0.8020398,-0.7403178
0.8020548,-0.7403178
0.80206984,-0.7403178
0.80208486,-0.7403178
0.8020999,-0.7403178
0.8021149,-0.694087
0.8021299,-0.694087
0.802145,-0.694087
0.80216,-0.694087
0.80217505,-0.6478553
0.80219007,-0.6478553
0.8022051,-0.6478553
0.8022201,-0.6478553
0.8022351,-0.6478553
0.80225015,-0.601624
0.80226517,-0.601624
0.8022802,-0.601624
0.8022952,-0.601624
0.8023102,-0.601624
0.80232525,-0.55539227
0.80234027,-0.55539227
0.8023553,-0.55539227
0.8023703,-0.55539227
0.80238533,-0.5091615
0.80240035,-0.5091615
0.8024154,-0.5091615
0.8024304,-0.5091615
0.8024454,-0.5091615
0.80246043,-0.46292973
0.80247545,-0.46292973
0.8024905,-0.46292973
0.8025055,-0.46292973
0.8025205,-0.46292973
0.80253553,-0.41669846
0.80255055,-0.41669846
0.8025656,-0.41669846
0.8025806,-0.41669846
0.8025956,-0.3704667
0.80261064,-0.3704667
0.80262566,-0.3704667
0.8026407,-0.3704667
0.8026557,-0.3704667
0.8026707,-0.32423592
0.80268574,-0.32423592
0.80270076,-0.32423592
0.8027158,-0.32423592
0.8027308,-0.27800417
0.8027458,-0.27800417
0.80276084,-0.27800417
0.80277586,-0.27800417
0.8027909,-0.27800417
0.8028059,-0.2317729
0.8028209,-0.2317729
0.80283594,-0.2317729
0.80285096,-0.2317729
0.802866,-0.2317729
0.802881,-0.18554163
0.802896,-0.18554163
0.80291104,-0.18554163
0.80292606,-0.18554163
0.8029411,-0.18554163
0.8029561,-0.13931036
0.8029711,-0.13931036
0.80298615,-0.13931036
0.80300117,-0.13931036
0.8030162,-0.09307861
0.8030312,-0.09307861
0.8030462,-0.09307861
0.80306125,-0.09307861
0.80307627,-0.09307861
0.8030913,-0.046847343
0.8031063,-0.046847343
0.8031213,-0.046847343
0.80313635,-0.046847343
0.80315137,-6.160736E-4
0.8031664,-6.160736E-4
0.8031814,-6.160736E-4
0.80319643,-6.160736E-4
0.80321145,-6.160736E-4
0.8032265,0.045615196
0.8032415,0.045615196
0.8032565,0.045615196
0.80327153,0.045615196
0.80328655,0.045615196
0.8033016,0.091846466
0.8033166,0.091846466
0.8033316,0.091846466
0.80334663,0.091846466
0.80336165,0.13807821
0.8033767,0.13807821
0.8033917,0.13807821
0.8034067,0.13807821
0.80342174,0.13807821
0.80343676,0.184309
0.8034518,0.184309
0.8034668,0.184309
0.8034818,0.184309
0.80349684,0.184309
0.80351186,0.23054075
0.8035269,0.23054075
0.8035419,0.23054075
0.8035569,0.23054075
0.80357194,0.27677202
0.80358696,0.27677202
0.803602,0.27677202
0.803617,0.27677202
0.803632,0.27677202
0.80364704,0.3230033
0.80366206,0.3230033
0.8036771,0.3230033
0.8036921,0.3230033
0.8037071,0.3230033
0.80372214,0.36923456
0.80373716,0.36923456
0.8037522,0.36923456
0.8037672,0.36923456
0.8037822,0.4154663
0.80379725,0.4154663
0.80381227,0.4154663
0.8038273,0.4154663
0.8038423,0.4154663
0.8038573,0.46169758
0.80387235,0.46169758
0.80388737,0.46169758
0.8039024,0.46169758
0.80391747,0.46169758
0.8039325,0.50792885
0.8039475,0.50792885
0.8039625,0.50792885
0.80397755,0.50792885
0.80399257,0.50792885
0.8040076,0.5541601
0.8040226,0.5541601
0.80403763,0.5541601
0.80405265,0.5541601
0.8040677,0.5541601
0.8040827,0.60039186
0.8040977,0.60039186
0.80411273,0.60039186
0.80412775,0.60039186
0.8041428,0.64662313
0.8041578,0.64662313
0.8041728,0.64662313
0.80418783,0.64662313
0.80420285,0.64662313
0.8042179,0.6928544
0.8042329,0.6928544
0.8042479,0.6928544
0.80426294,0.6928544
0.80427796,0.6928544
0.804293,0.7390857
0.804308,0.7390857
0.804323,0.7390857
0.80433804,0.7390857
0.80435306,0.7390857
0.8043681,0.7853174
0.8043831,0.7853174
0.8043981,0.7853174
0.80441314,0.7853174
0.80442816,0.7853174
0.8044432,0.8315482
0.8044582,0.8315482
0.8044732,0.8315482
0.80448824,0.8315482
0.80450326,0.87777996
0.8045183,0.87777996
0.8045333,0.87777996
0.8045483,0.87777996
0.80456334,0.87777996
0.80457836,0.92401123
0.8045934,0.92401123
0.8046084,0.92401123
0.8046234,0.92401123
0.80463845,0.92401123
0.80465347,0.970243
0.8046685,0.970243
0.8046835,0.970243
0.8046985,0.970243
0.80471355,0.970243
0.80472857,1.0164738
0.8047436,1.0164738
0.8047586,1.0164738
0.8047736,1.0164738
0.80478865,1.0164738
0.80480367,1.0627055
0.8048187,1.0627055
0.8048337,1.0627055
0.80484873,1.0627055
0.80486375,1.0627055
0.8048788,1.1089368
0.8048938,1.1089368
0.8049088,1.1089368
0.80492383,1.1089368
0.80493885,1.1551685
0.8049539,1.1551685
0.8049689,1.1551685
0.8049839,1.1551685
0.80499893,1.1551685
0.80501395,1.2013993
0.805029,1.2013993
0.805044,1.2013993
0.805059,1.2013993
0.80507404,1.2013993
0.80508906,1.2476311
0.8051041,1.2476311
0.8051191,1.2476311
0.8051341,1.2476311
0.80514914,1.2476311
0.80516416,1.2938623
0.8051792,1.2938623
0.8051942,1.2938623
0.8052092,1.2938623
0.80522424,1.2938623
0.80523926,1.3400936
0.8052543,1.3400936
0.8052693,1.3400936
0.8052843,1.3400936
0.80529934,1.3400936
0.80531436,1.3863249
0.8053294,1.3863249
0.8053444,1.3863249
0.8053594,1.3863249
0.80537444,1.3863249
0.80538946,1.4325566
0.8054045,1.4325566
0.8054195,1.4325566
0.8054345,1.4325566
0.80544955,1.4325566
0.80546457,1.4787879
0.8054796,1.4787879
0.8054946,1.4787879
0.8055096,1.4787879
0.80552465,1.4787879
0.80553967,1.4787879
0.8055547,1.4787879
0.8055697,1.4787879
0.8055847,1.5250192
0.80559975,1.5250192
0.80561477,1.5250192
0.8056298,1.5250192
0.8056448,1.5250192
0.80565983,1.5712504
0.8056749,1.5712504
0.80568993,1.5712504
0.80570495,1.5712504
0.80572,1.5712504
0.805735,1.6174817
0.80575,1.6174817
0.80576503,1.6174817
0.80578005,1.6174817
0.8057951,1.6174817
0.8058101,1.6174817
0.8058251,1.6637135
0.80584013,1.6637135
0.80585515,1.6637135
0.8058702,1.6637135
0.8058852,1.7099442
0.8059002,1.7099442
0.80591524,1.7099442
0.80593026,1.7099442
0.8059453,1.7099442
0.8059603,1.7099442
0.8059753,1.756176
0.80599034,1.756176
0.80600536,1.756176
0.8060204,1.756176
0.8060354,1.756176
0.8060504,1.756176
0.80606544,1.756176
0.80608046,1.7099442
0.8060955,1.7099442
0.8061105,1.7099442
0.8061255,1.7099442
0.80614054,1.6637135
0.80615556,1.6637135
0.8061706,1.6637135
0.8061856,1.6637135
0.8062006,1.6174817
0.80621564,1.6174817
0.80623066,1.6174817
0.8062457,1.6174817
0.8062607,1.6174817
0.8062757,1.5712504
0.80629075,1.5712504
0.80630577,1.5712504
0.8063208,1.5712504
0.8063358,1.5250192
0.8063508,1.5250192
0.80636585,1.5250192
0.80638087,1.5250192
0.8063959,1.4787879
0.8064109,1.4787879
0.8064259,1.4787879
0.80644095,1.4787879
0.80645597,1.4787879
0.806471,1.4787879
0.806486,1.4787879
0.80650103,1.4325566
0.80651605,1.4325566
0.8065311,1.4325566
0.8065461,1.4325566
0.8065611,1.3863249
0.80657613,1.3863249
0.80659115,1.3863249
0.8066062,1.3863249
0.8066212,1.3863249
0.8066362,1.3400936
0.80665123,1.3400936
0.80666625,1.3400936
0.8066813,1.3400936
0.8066963,1.2938623
0.8067113,1.2938623
0.80672634,1.2938623
0.80674136,1.2938623
0.8067564,1.2938623
0.8067714,1.2476311
0.8067864,1.2476311
0.80680144,1.2476311
0.80681646,1.2476311
0.8068315,1.2013993
0.8068465,1.2013993
0.8068615,1.2013993
0.80687654,1.2013993
0.80689156,1.1551685
0.8069066,1.1551685
0.8069216,1.1551685
0.8069366,1.1551685
0.80695164,1.1551685
0.80696666,1.1089368
0.8069817,1.1089368
0.8069967,1.1089368
0.8070117,1.1089368
0.80702674,1.0627055
0.80704176,1.0627055
0.8070568,1.0627055
0.8070718,1.0627055
0.8070868,1.0627055
0.80710185,1.0164738
0.80711687,1.0164738
0.8071319,1.0164738
0.8071469,1.0164738
0.8071619,0.970243
0.80717695,0.970243
0.80719197,0.970243
0.807207,0.970243
0.807222,0.92401123
0.807237,0.92401123
0.80725205,0.92401123
0.80726707,0.92401123
0.8072821,0.92401123
0.8072971,0.87777996
0.80731213,0.87777996
0.80732715,0.87777996
0.8073422,0.87777996
0.8073572,0.8315482
0.8073722,0.8315482
0.80738723,0.8315482
0.80740225,0.8315482
0.8074173,0.7853174
0.80743235,0.7853174
0.8074474,0.7853174
0.8074624,0.7853174
0.8074774,0.7853174
0.80749243,0.7390857
0.80750746,0.7390857
0.8075225,0.7390857
0.8075375,0.7390857
0.8075525,0.6928544
0.80756754,0.6928544
0.80758256,0.6928544
0.8075976,0.6928544
0.8076126,0.6928544
0.8076276,0.64662313
0.80764264,0.64662313
0.80765766,0.64662313
0.8076727,0.64662313
0.8076877,0.60039186
0.8077027,0.60039186
0.80771774,0.60039186
0.80773276,0.60039186
0.8077478,0.60039186
0.8077628,0.5541601
0.8077778,0.5541601
0.80779284,0.5541601
0.80780786,0.5541601
0.8078229,0.50792885
0.8078379,0.50792885
0.8078529,0.50792885
0.80786794,0.50792885
0.80788296,0.50792885
0.807898,0.46169758
0.807913,0.46169758
0.807928,0.46169758
0.80794305,0.46169758
0.80795807,0.4154663
0.8079731,0.4154663
0.8079881,0.4154663
0.8080031,0.4154663
0.80801815,0.36923456
0.80803317,0.36923456
0.8080482,0.36923456
0.8080632,0.36923456
0.8080782,0.36923456
0.80809325,0.3230033
0.80810827,0.3230033
0.8081233,0.3230033
0.8081383,0.3230033
0.80815333,0.27677202
0.80816835,0.27677202
0.8081834,0.27677202
0.8081984,0.27677202
0.8082134,0.27677202
0.80822843,0.23054075
0.80824345,0.23054075
0.8082585,0.23054075
0.8082735,0.23054075
0.8082885,0.184309
0.80830353,0.184309
0.80831856,0.184309
0.8083336,0.184309
0.8083486,0.184309
0.8083636,0.13807821
0.80837864,0.13807821
0.80839366,0.13807821
0.8084087,0.13807821
0.8084237,0.091846466
0.8084387,0.091846466
0.80845374,0.091846466
0.80846876,0.091846466
0.8084838,0.045615196
0.8084988,0.045615196
0.8085138,0.045615196
0.80852884,0.045615196
0.80854386,0.045615196
0.8085589,-6.160736E-4
0.8085739,-6.160736E-4
0.8085889,-6.160736E-4
0.80860394,-6.160736E-4
0.80861896,-0.046847343
0.808634,-0.046847343
0.808649,-0.046847343
0.808664,-0.046847343
0.80867904,-0.046847343
0.80869406,-0.09307861
0.8087091,-0.09307861
0.8087241,-0.09307861
0.8087391,-0.09307861
0.80875415,-0.13931036
0.80876917,-0.13931036
0.8087842,-0.13931036
0.8087992,-0.13931036
0.8088142,-0.13931036
0.80882925,-0.18554163
0.80884427,-0.18554163
0.8088593,-0.18554163
0.8088743,-0.18554163
0.8088893,-0.2317729
0.80890435,-0.2317729
0.80891937,-0.2317729
0.8089344,-0.2317729
0.8089494,-0.2317729
0.80896443,-0.27800417
0.80897945,-0.27800417
0.8089945,-0.27800417
0.8090095,-0.27800417
0.8090245,-0.32423592
0.80903953,-0.32423592
0.80905455,-0.32423592
0.8090696,-0.32423592
0.8090846,-0.32423592
0.8090996,-0.3704667
0.80911463,-0.3704667
0.80912966,-0.3704667
0.8091447,-0.3704667
0.8091597,-0.41669846
0.8091747,-0.41669846
0.8091898,-0.41669846
0.8092048,-0.41669846
0.80921984,-0.41669846
0.80923486,-0.46292973
0.8092499,-0.46292973
0.8092649,-0.46292973
0.8092799,-0.46292973
0.80929494,-0.5091615
0.80930996,-0.5091615
0.809325,-0.5091615
0.80934,-0.5091615
0.809355,-0.5091615
0.80937004,-0.55539227
0.80938506,-0.55539227
0.8094001,-0.55539227
0.8094151,-0.55539227
0.8094301,-0.601624
0.80944514,-0.601624
0.80946016,-0.601624
0.8094752,-0.601624
0.8094902,-0.601624
0.8095052,-0.6478553
0.80952024,-0.6478553
0.80953526,-0.6478553
0.8095503,-0.6478553
0.8095653,-0.6478553
0.8095803,-0.694087
0.80959535,-0.694087
0.80961037,-0.694087
0.8096254,-0.694087
0.8096404,-0.7403178
0.8096554,-0.7403178
0.80967045,-0.7403178
0.80968547,-0.7403178
0.8097005,-0.7403178
0.8097155,-0.78654957
0.8097305,-0.78654957
0.80974555,-0.78654957
0.8097606,-0.78654957
0.8097756,-0.78654957
0.8097906,-0.83278084
0.80980563,-0.83278084
0.80982065,-0.83278084
0.8098357,-0.83278084
0.8098507,-0.83278084
0.8098657,-0.8790121
0.80988073,-0.8790121
0.80989575,-0.8790121
0.8099108,-0.8790121
0.8099258,-0.9252434
0.8099408,-0.9252434
0.80995584,-0.9252434
0.80997086,-0.9252434
0.8099859,-0.9252434
0.8100009,-0.9714751
0.8100159,-0.9714751
0.81003094,-0.9714751
0.81004596,-0.9714751
0.810061,-0.9714751
0.810076,-1.0177064
0.810091,-1.0177064
0.81010604,-1.0177064
0.81012106,-1.0177064
0.8101361,-1.0639377
0.8101511,-1.0639377
0.8101661,-1.0639377
0.81018114,-1.0639377
0.81019616,-1.0639377
0.8102112,-1.1101689
0.8102262,-1.1101689
0.8102412,-1.1101689
0.81025624,-1.1101689
0.81027126,-1.1101689
0.8102863,-1.1564007
0.8103013,-1.1564007
0.8103163,-1.1564007
0.81033134,-1.1564007
0.81034636,-1.1564007
0.8103614,-1.202632
0.8103764,-1.202632
0.8103914,-1.202632
0.81040645,-1.202632
0.81042147,-1.2488632
0.8104365,-1.2488632
0.8104515,-1.2488632
0.8104665,-1.2488632
0.81048155,-1.2488632
0.81049657,-1.2950945
0.8105116,-1.2950945
0.8105266,-1.2950945
0.8105416,-1.2950945
0.81055665,-1.2950945
0.8105717,-1.3413262
0.8105867,-1.3413262
0.8106017,-1.3413262
0.81061673,-1.3413262
0.81063175,-1.3413262
0.8106468,-1.387557
0.8106618,-1.387557
0.8106768,-1.387557
0.81069183,-1.387557
0.81070685,-1.387557
0.8107219,-1.4337888
0.8107369,-1.4337888
0.8107519,-1.4337888
0.81076694,-1.4337888
0.81078196,-1.4337888
0.810797,-1.48002
0.810812,-1.48002
0.810827,-1.48002
0.81084204,-1.48002
0.81085706,-1.48002
0.8108721,-1.48002
0.8108871,-1.48002
0.8109021,-1.5262513
0.81091714,-1.5262513
0.81093216,-1.5262513
0.8109472,-1.5262513
0.81096226,-1.5262513
0.8109773,-1.5724826
0.8109923,-1.5724826
0.8110073,-1.5724826
0.81102234,-1.5724826
0.81103736,-1.5724826
0.8110524,-1.6187139
0.8110674,-1.6187139
0.8110824,-1.6187139
0.81109744,-1.6187139
0.81111246,-1.6187139
0.8111275,-1.6187139
0.8111425,-1.6187139
0.8111575,-1.6187139
0.81117254,-1.6187139
0.81118757,-1.5724826
0.8112026,-1.5724826
0.8112176,-1.5724826
0.8112326,-1.5724826
0.81124765,-1.5262513
0.81126267,-1.5262513
0.8112777,-1.5262513
0.8112927,-1.5262513
0.8113077,-1.5262513
0.81132275,-1.48002
0.81133777,-1.48002
0.8113528,-1.48002
0.8113678,-1.48002
0.81138283,-1.48002
0.81139785,-1.48002
0.8114129,-1.48002
0.8114279,-1.4337888
0.8114429,-1.4337888
0.81145793,-1.4337888
0.81147295,-1.4337888
0.811488,-1.4337888
0.811503,-1.387557
0.811518,-1.387557
0.81153303,-1.387557
0.81154805,-1.387557
0.8115631,-1.3413262
0.8115781,-1.3413262
0.8115931,-1.3413262
0.81160814,-1.3413262
0.81162316,-1.3413262
0.8116382,-1.2950945
0.8116532,-1.2950945
0.8116682,-1.2950945
0.81168324,-1.2950945
0.81169826,-1.2950945
0.8117133,-1.2488632
0.8117283,-1.2488632
0.8117433,-1.2488632
0.81175834,-1.2488632
0.81177336,-1.202632
0.8117884,-1.202632
0.8118034,-1.202632
0.8118184,-1.202632
0.81183344,-1.202632
0.81184846,-1.1564007
0.8118635,-1.1564007
0.8118785,-1.1564007
0.8118935,-1.1564007
0.81190854,-1.1564007
0.81192356,-1.1101689
0.8119386,-1.1101689
0.8119536,-1.1101689
0.8119686,-1.1101689
0.81198364,-1.0639377
0.81199867,-1.0639377
0.8120137,-1.0639377
0.8120287,-1.0639377
0.8120437,-1.0639377
0.81205875,-1.0177064
0.81207377,-1.0177064
0.8120888,-1.0177064
0.8121038,-1.0177064
0.8121188,-0.9714751
0.81213385,-0.9714751
0.81214887,-0.9714751
0.8121639,-0.9714751
0.8121789,-0.9714751
0.81219393,-0.9252434
0.81220895,-0.9252434
0.812224,-0.9252434
0.812239,-0.9252434
0.812254,-0.9252434
0.81226903,-0.8790121
0.81228405,-0.8790121
0.8122991,-0.8790121
0.8123141,-0.8790121
0.8123291,-0.83278084
0.81234413,-0.83278084
0.81235915,-0.83278084
0.8123742,-0.83278084
0.8123892,-0.83278084
0.8124042,-0.78654957
0.81241924,-0.78654957
0.81243426,-0.78654957
0.8124493,-0.78654957
0.8124643,-0.78654957
0.8124793,-0.7403178
0.81249434,-0.7403178
0.81250936,-0.7403178
0.8125244,-0.7403178
0.8125394,-0.694087
0.8125544,-0.694087
0.81256944,-0.694087
0.81258446,-0.694087
0.8125995,-0.694087
0.8126145,-0.6478553
0.8126295,-0.6478553
0.81264454,-0.6478553
0.81265956,-0.6478553
0.8126746,-0.6478553
0.8126896,-0.601624
0.8127046,-0.601624
0.8127197,-0.601624
0.8127347,-0.601624
0.81274974,-0.601624
0.81276476,-0.55539227
0.8127798,-0.55539227
0.8127948,-0.55539227
0.8128098,-0.55539227
0.81282485,-0.5091615
0.81283987,-0.5091615
0.8128549,-0.5091615
0.8128699,-0.5091615
0.8128849,-0.5091615
0.81289995,-0.46292973
0.81291497,-0.46292973
0.81293,-0.46292973
0.812945,-0.46292973
0.81296,-0.41669846
0.81297505,-0.41669846
0.81299007,-0.41669846
0.8130051,-0.41669846
0.8130201,-0.41669846
0.81303513,-0.3704667
0.81305015,-0.3704667
0.8130652,-0.3704667
0.8130802,-0.3704667
0.8130952,-0.3704667
0.81311023,-0.32423592
0.81312525,-0.32423592
0.8131403,-0.32423592
0.8131553,-0.32423592
0.8131703,-0.27800417
0.81318533,-0.27800417
0.81320035,-0.27800417
0.8132154,-0.27800417
0.8132304,-0.27800417
0.8132454,-0.2317729
0.81326044,-0.2317729
0.81327546,-0.2317729
0.8132905,-0.2317729
0.8133055,-0.2317729
0.8133205,-0.18554163
0.81333554,-0.18554163
0.81335056,-0.18554163
0.8133656,-0.18554163
0.8133806,-0.13931036
0.8133956,-0.13931036
0.81341064,-0.13931036
0.81342566,-0.13931036
0.8134407,-0.13931036
0.8134557,-0.09307861
0.8134707,-0.09307861
0.81348574,-0.09307861
0.81350076,-0.09307861
0.8135158,-0.09307861
0.8135308,-0.046847343
0.8135458,-0.046847343
0.81356084,-0.046847343
0.81357586,-0.046847343
0.8135909,-6.160736E-4
0.8136059,-6.160736E-4
0.8136209,-6.160736E-4
0.81363595,-6.160736E-4
0.81365097,-6.160736E-4
0.813666,0.045615196
0.813681,0.045615196
0.813696,0.045615196
0.81371105,0.045615196
0.81372607,0.091846466
0.8137411,0.091846466
0.8137561,0.091846466
0.8137711,0.091846466
0.81378615,0.091846466
0.81380117,0.13807821
0.8138162,0.13807821
0.8138312,0.13807821
0.81384623,0.13807821
0.81386125,0.13807821
0.8138763,0.184309
0.8138913,0.184309
0.8139063,0.184309
0.81392133,0.184309
0.81393635,0.23054075
0.8139514,0.23054075
0.8139664,0.23054075
0.8139814,0.23054075
0.81399643,0.23054075
0.81401145,0.27677202
0.8140265,0.27677202
0.8140415,0.27677202
0.8140565,0.27677202
0.81407154,0.27677202
0.81408656,0.3230033
0.8141016,0.3230033
0.8141166,0.3230033
0.8141316,0.3230033
0.81414664,0.36923456
0.81416166,0.36923456
0.8141767,0.36923456
0.8141917,0.36923456
0.8142067,0.36923456
0.81422174,0.4154663
0.81423676,0.4154663
0.8142518,0.4154663
0.8142668,0.4154663
0.8142818,0.4154663
0.81429684,0.46169758
0.81431186,0.46169758
0.8143269,0.46169758
0.8143419,0.46169758
0.8143569,0.50792885
0.81437194,0.50792885
0.81438696,0.50792885
0.814402,0.50792885
0.814417,0.50792885
0.814432,0.5541601
0.81444705,0.5541601
0.81446207,0.5541601
0.81447715,0.5541601
0.81449217,0.5541601
0.8145072,0.60039186
0.8145222,0.60039186
0.8145372,0.60039186
0.81455225,0.60039186
0.81456727,0.60039186
0.8145823,0.64662313
0.8145973,0.64662313
0.8146123,0.64662313
0.81462735,0.64662313
0.81464237,0.64662313
0.8146574,0.6928544
0.8146724,0.6928544
0.81468743,0.6928544
0.81470245,0.6928544
0.8147175,0.6928544
0.8147325,0.7390857
0.8147475,0.7390857
0.81476253,0.7390857
0.81477755,0.7390857
0.8147926,0.7853174
0.8148076,0.7853174
0.8148226,0.7853174
0.81483763,0.7853174
0.81485265,0.7853174
0.8148677,0.8315482
0.8148827,0.8315482
0.8148977,0.8315482
0.81491274,0.8315482
0.81492776,0.8315482
0.8149428,0.87777996
0.8149578,0.87777996
0.8149728,0.87777996
0.81498784,0.87777996
0.81500286,0.87777996
0.8150179,0.92401123
0.8150329,0.92401123
0.8150479,0.92401123
0.81506294,0.92401123
0.81507796,0.92401123
0.815093,0.970243
0.815108,0.970243
0.815123,0.970243
0.81513804,0.970243
0.81515306,0.970243
0.8151681,1.0164738
0.8151831,1.0164738
0.8151981,1.0164738
0.81521314,1.0164738
0.81522816,1.0164738
0.8152432,1.0627055
0.8152582,1.0627055
0.8152732,1.0627055
0.81528825,1.0627055
0.81530327,1.0627055
0.8153183,1.1089368
0.8153333,1.1089368
0.8153483,1.1089368
0.81536335,1.1089368
0.81537837,1.1551685
0.8153934,1.1551685
0.8154084,1.1551685
0.8154234,1.1551685
0.81543845,1.1551685
0.81545347,1.2013993
0.8154685,1.2013993
0.8154835,1.2013993
0.81549853,1.2013993
0.81551355,1.2013993
0.8155286,1.2476311
0.8155436,1.2476311
0.8155586,1.2476311
0.81557363,1.2476311
0.81558865,1.2476311
0.8156037,1.2938623
0.8156187,1.2938623
0.8156337,1.2938623
0.81564873,1.2938623
0.81566375,1.2938623
0.8156788,1.3400936
0.8156938,1.3400936
0.8157088,1.3400936
0.81572384,1.3400936
0.81573886,1.3400936
0.8157539,1.3863249
0.8157689,1.3863249
0.8157839,1.3863249
0.81579894,1.3863249
0.81581396,1.3863249
0.815829,1.4325566
0.815844,1.4325566
0.815859,1.4325566
0.81587404,1.4325566
0.81588906,1.4325566
0.8159041,1.4787879
0.8159191,1.4787879
0.8159341,1.4787879
0.81594914,1.4787879
0.81596416,1.4787879
0.8159792,1.4787879
0.8159942,1.4787879
0.8160092,1.4787879
0.81602424,1.5250192
0.81603926,1.5250192
0.8160543,1.5250192
0.8160693,1.5250192
0.8160843,1.5250192
0.81609935,1.5712504
0.81611437,1.5712504
0.8161294,1.5712504
0.8161444,1.5712504
0.8161594,1.5712504
0.81617445,1.6174817
0.81618947,1.6174817
0.8162045,1.6174817
0.8162195,1.6174817
0.8162346,1.6174817
0.8162496,1.6637135
0.8162646,1.6637135
0.81627965,1.6637135
0.81629467,1.6637135
0.8163097,1.6637135
0.8163247,1.7099442
0.81633973,1.7099442
0.81635475,1.7099442
0.8163698,1.7099442
0.8163848,1.7099442
0.8163998,1.756176
0.81641483,1.756176
0.81642985,1.756176
0.8164449,1.756176
0.8164599,1.756176
0.8164749,1.756176
0.81648993,1.756176
0.81650496,1.7099442
0.81652,1.7099442
0.816535,1.7099442
0.81655,1.7099442
0.81656504,1.7099442
0.81658006,1.6637135
0.8165951,1.6637135
0.8166101,1.6637135
0.8166251,1.6637135
0.81664014,1.6174817
0.81665516,1.6174817
0.8166702,1.6174817
0.8166852,1.6174817
0.8167002,1.5712504
0.81671524,1.5712504
0.81673026,1.5712504
0.8167453,1.5712504
0.8167603,1.5250192
0.8167753,1.5250192
0.81679034,1.5250192
0.81680536,1.5250192
0.8168204,1.5250192
0.8168354,1.4787879
0.8168504,1.4787879
0.81686544,1.4787879
0.81688046,1.4787879
0.8168955,1.4787879
0.8169105,1.4787879
0.8169255,1.4787879
0.81694055,1.4325566
0.81695557,1.4325566
0.8169706,1.4325566
0.8169856,1.4325566
0.8170006,1.3863249
0.81701565,1.3863249
0.81703067,1.3863249
0.8170457,1.3863249
0.8170607,1.3400936
0.8170757,1.3400936
0.81709075,1.3400936
0.81710577,1.3400936
0.8171208,1.3400936
0.8171358,1.2938623
0.81715083,1.2938623
0.81716585,1.2938623
0.8171809,1.2938623
0.8171959,1.2476311
0.8172109,1.2476311
0.81722593,1.2476311
0.81724095,1.2476311
0.817256,1.2476311
0.817271,1.2013993
0.817286,1.2013993
0.81730103,1.2013993
0.81731606,1.2013993
0.8173311,1.1551685
0.8173461,1.1551685
0.8173611,1.1551685
0.81737614,1.1551685
0.81739116,1.1089368
0.8174062,1.1089368
0.8174212,1.1089368
0.8174362,1.1089368
0.81745124,1.1089368
0.81746626,1.0627055
0.8174813,1.0627055
0.8174963,1.0627055
0.8175113,1.0627055
0.81752634,1.0164738
0.81754136,1.0164738
0.8175564,1.0164738
0.8175714,1.0164738
0.8175864,0.970243
0.81760144,0.970243
0.81761646,0.970243
0.8176315,0.970243
0.8176465,0.970243
0.8176615,0.92401123
0.81767654,0.92401123
0.81769156,0.92401123
0.8177066,0.92401123
0.8177216,0.87777996
0.8177366,0.87777996
0.81775165,0.87777996
0.81776667,0.87777996
0.8177817,0.87777996
0.8177967,0.8315482
0.8178117,0.8315482
0.81782675,0.8315482
0.81784177,0.8315482
0.8178568,0.7853174
0.8178718,0.7853174
0.8178868,0.7853174
0.81790185,0.7853174
0.81791687,0.7853174
0.8179319,0.7390857
0.8179469,0.7390857
0.81796193,0.7390857
0.81797695,0.7390857
0.817992,0.6928544
0.81800705,0.6928544
0.8180221,0.6928544
0.8180371,0.6928544
0.8180521,0.6928544
0.81806713,0.64662313
0.81808215,0.64662313
0.8180972,0.64662313
0.8181122,0.64662313
0.8181272,0.60039186
0.81814224,0.60039186
0.81815726,0.60039186
0.8181723,0.60039186
0.8181873,0.5541601
0.8182023,0.5541601
0.81821734,0.5541601
0.81823236,0.5541601
0.8182474,0.5541601
0.8182624,0.50792885
0.8182774,0.50792885
0.81829244,0.50792885
0.81830746,0.50792885
0.8183225,0.46169758
0.8183375,0.46169758
0.8183525,0.46169758
0.81836754,0.46169758
0.81838256,0.46169758
0.8183976,0.4154663
0.8184126,0.4154663
0.8184276,0.4154663
0.81844264,0.4154663
0.81845766,0.36923456
0.8184727,0.36923456
0.8184877,0.36923456
0.8185027,0.36923456
0.81851774,0.36923456
0.81853276,0.3230033
0.8185478,0.3230033
0.8185628,0.3230033
0.8185778,0.3230033
0.81859285,0.27677202
0.81860787,0.27677202
0.8186229,0.27677202
0.8186379,0.27677202
0.8186529,0.23054075
0.81866795,0.23054075
0.81868297,0.23054075
0.818698,0.23054075
0.818713,0.23054075
0.818728,0.184309
0.81874305,0.184309
0.8187581,0.184309
0.8187731,0.184309
0.8187881,0.13807821
0.81880313,0.13807821
0.81881815,0.13807821
0.8188332,0.13807821
0.8188482,0.13807821
0.8188632,0.091846466
0.81887823,0.091846466
0.81889325,0.091846466
0.8189083,0.091846466
0.8189233,0.045615196
0.8189383,0.045615196
0.81895334,0.045615196
0.81896836,0.045615196
0.8189834,0.045615196
0.8189984,-6.160736E-4
0.8190134,-6.160736E-4
0.81902844,-6.160736E-4
0.81904346,-6.160736E-4
0.8190585,-0.046847343
0.8190735,-0.046847343
0.8190885,-0.046847343
0.81910354,-0.046847343
0.81911856,-0.09307861
0.8191336,-0.09307861
0.8191486,-0.09307861
0.8191636,-0.09307861
0.81917864,-0.09307861
0.81919366,-0.13931036
0.8192087,-0.13931036
0.8192237,-0.13931036
0.8192387,-0.13931036
0.81925374,-0.18554163
0.81926876,-0.18554163
0.8192838,-0.18554163
0.8192988,-0.18554163
0.8193138,-0.18554163
0.81932884,-0.2317729
0.81934386,-0.2317729
0.8193589,-0.2317729
0.8193739,-0.2317729
0.8193889,-0.27800417
0.81940395,-0.27800417
0.81941897,-0.27800417
0.819434,-0.27800417
0.819449,-0.27800417
0.819464,-0.32423592
0.81947905,-0.32423592
0.81949407,-0.32423592
0.8195091,-0.32423592
0.8195241,-0.3704667
0.8195391,-0.3704667
0.81955415,-0.3704667
0.8195692,-0.3704667
0.8195842,-0.3704667
0.8195992,-0.41669846
0.81961423,-0.41669846
0.81962925,-0.41669846
0.8196443,-0.41669846
0.8196593,-0.46292973
0.8196743,-0.46292973
0.81968933,-0.46292973
0.81970435,-0.46292973
0.8197194,-0.46292973
0.8197344,-0.5091615
0.8197494,-0.5091615
0.8197645,-0.5091615
0.8197795,-0.5091615
0.81979454,-0.5091615
0.81980956,-0.55539227
0.8198246,-0.55539227
0.8198396,-0.55539227
0.8198546,-0.55539227
0.81986964,-0.601624
0.81988466,-0.601624
0.8198997,-0.601624
0.8199147,-0.601624
0.8199297,-0.601624
0.81994474,-0.6478553
0.81995976,-0.6478553
0.8199748,-0.6478553
0.8199898,-0.6478553
0.8200048,-0.6478553
0.82001984,-0.694087
0.82003486,-0.694087
0.8200499,-0.694087
0.8200649,-0.694087
0.8200799,-0.7403178
0.82009494,-0.7403178
0.82010996,-0.7403178
0.820125,-0.7403178
0.82014,-0.7403178
0.820155,-0.78654957
0.82017004,-0.78654957
0.82018507,-0.78654957
0.8202001,-0.78654957
0.8202151,-0.83278084
0.8202301,-0.83278084
0.82024515,-0.83278084
0.82026017,-0.83278084
0.8202752,-0.83278084
0.8202902,-0.8790121
0.8203052,-0.8790121
0.82032025,-0.8790121
0.82033527,-0.8790121
0.8203503,-0.8790121
0.8203653,-0.9252434
0.82038033,-0.9252434
0.82039535,-0.9252434
0.8204104,-0.9252434
0.8204254,-0.9252434
0.8204404,-0.9714751
0.82045543,-0.9714751
0.82047045,-0.9714751
0.8204855,-0.9714751
0.8205005,-0.9714751
0.8205155,-1.0177064
0.82053053,-1.0177064
0.82054555,-1.0177064
0.8205606,-1.0177064
0.8205756,-1.0639377
0.8205906,-1.0639377
0.82060564,-1.0639377
0.82062066,-1.0639377
0.8206357,-1.0639377
0.8206507,-1.1101689
0.8206657,-1.1101689
0.82068074,-1.1101689
0.82069576,-1.1101689
0.8207108,-1.1564007
0.8207258,-1.1564007
0.8207408,-1.1564007
0.82075584,-1.1564007
0.82077086,-1.1564007
0.8207859,-1.202632
0.8208009,-1.202632
0.8208159,-1.202632
0.82083094,-1.202632
0.82084596,-1.202632
0.820861,-1.2488632
0.820876,-1.2488632
0.820891,-1.2488632
0.82090604,-1.2488632
0.82092106,-1.2488632
0.8209361,-1.2950945
0.8209511,-1.2950945
0.8209661,-1.2950945
0.82098114,-1.2950945
0.82099617,-1.2950945
0.8210112,-1.3413262
0.8210262,-1.3413262
0.8210412,-1.3413262
0.82105625,-1.3413262
0.82107127,-1.3413262
0.8210863,-1.387557
0.8211013,-1.387557
0.8211163,-1.387557
0.82113135,-1.387557
0.82114637,-1.4337888
0.8211614,-1.4337888
0.8211764,-1.4337888
0.82119143,-1.4337888
0.82120645,-1.4337888
0.8212215,-1.48002
0.8212365,-1.48002
0.8212515,-1.48002
0.82126653,-1.48002
0.82128155,-1.48002
0.8212966,-1.48002
0.8213116,-1.48002
0.8213266,-1.48002
0.82134163,-1.5262513
0.82135665,-1.5262513
0.8213717,-1.5262513
0.8213867,-1.5262513
0.8214017,-1.5262513
0.82141674,-1.5724826
0.82143176,-1.5724826
0.8214468,-1.5724826
0.8214618,-1.5724826
0.8214768,-1.5724826
0.82149184,-1.6187139
0.82150686,-1.6187139
0.82152194,-1.6187139
0.82153696,-1.6187139
0.821552,-1.6187139
0.821567,-1.6187139
0.821582,-1.6187139
0.82159704,-1.6187139
0.82161206,-1.5724826
0.8216271,-1.5724826
0.8216421,-1.5724826
0.8216571,-1.5724826
0.82167214,-1.5724826
0.82168716,-1.5262513
0.8217022,-1.5262513
0.8217172,-1.5262513
0.8217322,-1.5262513
0.82174724,-1.48002
0.82176226,-1.48002
0.8217773,-1.48002
0.8217923,-1.48002
0.8218073,-1.48002
0.82182235,-1.48002
0.82183737,-1.48002
0.8218524,-1.48002
0.8218674,-1.4337888
0.8218824,-1.4337888
0.82189745,-1.4337888
0.82191247,-1.4337888
0.8219275,-1.387557
0.8219425,-1.387557
0.8219575,-1.387557
0.82197255,-1.387557
0.82198757,-1.387557
0.8220026,-1.3413262
0.8220176,-1.3413262
0.82203263,-1.3413262
0.82204765,-1.3413262
0.8220627,-1.3413262
0.8220777,-1.2950945
0.8220927,-1.2950945
0.82210773,-1.2950945
0.82212275,-1.2950945
0.8221378,-1.2488632
0.8221528,-1.2488632
0.8221678,-1.2488632
0.82218283,-1.2488632
0.82219785,-1.2488632
0.8222129,-1.202632
0.8222279,-1.202632
0.8222429,-1.202632
0.82225794,-1.202632
0.82227296,-1.1564007
0.822288,-1.1564007
0.822303,-1.1564007
0.822318,-1.1564007
0.82233304,-1.1564007
0.82234806,-1.1101689
0.8223631,-1.1101689
0.8223781,-1.1101689
0.8223931,-1.1101689
0.82240814,-1.1101689
0.82242316,-1.0639377
0.8224382,-1.0639377
0.8224532,-1.0639377
0.8224682,-1.0639377
0.82248324,-1.0177064
0.82249826,-1.0177064
0.8225133,-1.0177064
0.8225283,-1.0177064
0.8225433,-1.0177064
0.82255834,-0.9714751
0.82257336,-0.9714751
0.8225884,-0.9714751
0.8226034,-0.9714751
0.8226184,-0.9252434
0.82263345,-0.9252434
0.82264847,-0.9252434
0.8226635,-0.9252434
0.8226785,-0.9252434
0.8226935,-0.8790121
0.82270855,-0.8790121
0.82272357,-0.8790121
0.8227386,-0.8790121
0.8227536,-0.8790121
0.8227686,-0.83278084
0.82278365,-0.83278084
0.82279867,-0.83278084
0.8228137,-0.83278084
0.8228287,-0.83278084
0.82284373,-0.78654957
0.82285875,-0.78654957
0.8228738,-0.78654957
0.8228888,-0.78654957
0.8229038,-0.7403178
0.82291883,-0.7403178
0.82293385,-0.7403178
0.8229489,-0.7403178
0.8229639,-0.7403178
0.8229789,-0.694087
0.82299393,-0.694087
0.82300895,-0.694087
0.823024,-0.694087
0.823039,-0.694087
0.823054,-0.6478553
0.82306904,-0.6478553
0.82308406,-0.6478553
0.8230991,-0.6478553
0.8231141,-0.601624
0.8231291,-0.601624
0.82314414,-0.601624
0.82315916,-0.601624
0.8231742,-0.601624
0.8231892,-0.55539227
0.8232042,-0.55539227
0.82321924,-0.55539227
0.82323426,-0.55539227
0.8232493,-0.55539227
0.8232643,-0.5091615
0.8232794,-0.5091615
0.8232944,-0.5091615
0.8233094,-0.5091615
0.82332444,-0.46292973
0.82333946,-0.46292973
0.8233545,-0.46292973
0.8233695,-0.46292973
0.8233845,-0.46292973
0.82339954,-0.41669846
0.82341456,-0.41669846
0.8234296,-0.41669846
0.8234446,-0.41669846
0.8234596,-0.41669846
0.82347465,-0.3704667
0.82348967,-0.3704667
0.8235047,-0.3704667
0.8235197,-0.3704667
0.8235347,-0.32423592
0.82354975,-0.32423592
0.82356477,-0.32423592
0.8235798,-0.32423592
0.8235948,-0.32423592
0.8236098,-0.27800417
0.82362485,-0.27800417
0.82363987,-0.27800417
0.8236549,-0.27800417
0.8236699,-0.27800417
0.82368493,-0.2317729
0.82369995,-0.2317729
0.823715,-0.2317729
0.82373,-0.2317729
0.823745,-0.18554163
0.82376003,-0.18554163
0.82377505,-0.18554163
0.8237901,-0.18554163
0.8238051,-0.18554163
0.8238201,-0.13931036
0.82383513,-0.13931036
0.82385015,-0.13931036
0.8238652,-0.13931036
0.8238802,-0.13931036
0.8238952,-0.09307861
0.82391024,-0.09307861
0.82392526,-0.09307861
0.8239403,-0.09307861
0.8239553,-0.046847343
0.8239703,-0.046847343
0.82398534,-0.046847343
0.82400036,-0.046847343
0.8240154,-0.046847343
0.8240304,-6.160736E-4
0.8240454,-6.160736E-4
0.82406044,-6.160736E-4
0.82407546,-6.160736E-4
0.8240905,0.045615196
0.8241055,0.045615196
0.8241205,0.045615196
0.82413554,0.045615196
0.82415056,0.045615196
0.8241656,0.091846466
0.8241806,0.091846466
0.8241956,0.091846466
0.82421064,0.091846466
0.82422566,0.091846466
0.8242407,0.13807821
0.8242557,0.13807821
0.8242707,0.13807821
0.82428575,0.13807821
0.82430077,0.184309
0.8243158,0.184309
0.8243308,0.184309
0.8243458,0.184309
0.82436085,0.184309
0.82437587,0.23054075
0.8243909,0.23054075
0.8244059,0.23054075
0.8244209,0.23054075
0.82443595,0.23054075
0.82445097,0.27677202
0.824466,0.27677202
0.824481,0.27677202
0.82449603,0.27677202
0.82451105,0.3230033
0.8245261,0.3230033
0.8245411,0.3230033
0.8245561,0.3230033
0.82457113,0.3230033
0.82458615,0.36923456
0.8246012,0.36923456
0.8246162,0.36923456
0.8246312,0.36923456
0.82464623,0.36923456
0.82466125,0.4154663
0.8246763,0.4154663
0.8246913,0.4154663
0.8247063,0.4154663
0.82472134,0.46169758
0.82473636,0.46169758
0.8247514,0.46169758
0.8247664,0.46169758
0.8247814,0.46169758
0.82479644,0.50792885
0.82481146,0.50792885
0.8248265,0.50792885
0.8248415,0.50792885
0.8248565,0.50792885
0.82487154,0.5541601
0.82488656,0.5541601
0.8249016,0.5541601
0.8249166,0.5541601
0.8249316,0.5541601
0.82494664,0.60039186
0.82496166,0.60039186
0.8249767,0.60039186
0.8249917,0.60039186
0.8250067,0.60039186
0.82502174,0.64662313
0.8250368,0.64662313
0.82505184,0.64662313
0.82506686,0.64662313
0.8250819,0.6928544
0.8250969,0.6928544
0.8251119,0.6928544
0.82512695,0.6928544
0.82514197,0.6928544
0.825157,0.7390857
0.825172,0.7390857
0.825187,0.7390857
0.82520205,0.7390857
0.82521707,0.7390857
0.8252321,0.7853174
0.8252471,0.7853174
0.8252621,0.7853174
0.82527715,0.7853174
0.82529217,0.7853174
0.8253072,0.8315482
0.8253222,0.8315482
0.82533723,0.8315482
0.82535225,0.8315482
0.8253673,0.8315482
0.8253823,0.87777996
0.8253973,0.87777996
0.82541233,0.87777996
0.82542735,0.87777996
0.8254424,0.87777996
0.8254574,0.92401123
0.8254724,0.92401123
0.82548743,0.92401123
0.82550246,0.92401123
0.8255175,0.970243
0.8255325,0.970243
0.8255475,0.970243
0.82556254,0.970243
0.82557756,0.970243
0.8255926,1.0164738
0.8256076,1.0164738
0.8256226,1.0164738
0.82563764,1.0164738
0.82565266,1.0164738
0.8256677,1.0627055
0.8256827,1.0627055
0.8256977,1.0627055
0.82571274,1.0627055
0.82572776,1.0627055
0.8257428,1.1089368
0.8257578,1.1089368
0.8257728,1.1089368
0.82578784,1.1089368
0.82580286,1.1089368
0.8258179,1.1551685
0.8258329,1.1551685
0.8258479,1.1551685
0.82586294,1.1551685
0.82587796,1.1551685
0.825893,1.2013993
0.825908,1.2013993
0.825923,1.2013993
0.82593805,1.2013993
0.82595307,1.2013993
0.8259681,1.2476311
0.8259831,1.2476311
0.8259981,1.2476311
0.82601315,1.2476311
0.82602817,1.2476311
0.8260432,1.2938623
0.8260582,1.2938623
0.8260732,1.2938623
0.82608825,1.2938623
0.82610327,1.3400936
0.8261183,1.3400936
0.8261333,1.3400936
0.82614833,1.3400936
0.82616335,1.3400936
0.8261784,1.3400936
0.8261934,1.3863249
0.8262084,1.3863249
0.82622343,1.3863249
0.82623845,1.3863249
0.8262535,1.3863249
0.8262685,1.4325566
0.8262835,1.4325566
0.82629853,1.4325566
0.82631356,1.4325566
0.8263286,1.4325566
0.8263436,1.4787879
0.8263586,1.4787879
0.82637364,1.4787879
0.82638866,1.4787879
0.8264037,1.4787879
0.8264187,1.4787879
0.8264337,1.4787879
0.82644874,1.5250192
0.82646376,1.5250192
0.8264788,1.5250192
0.8264938,1.5250192
0.8265088,1.5250192
0.82652384,1.5712504
0.82653886,1.5712504
0.8265539,1.5712504
0.8265689,1.5712504
0.8265839,1.5712504
0.82659894,1.6174817
0.82661396,1.6174817
0.826629,1.6174817
0.826644,1.6174817
0.826659,1.6174817
0.82667404,1.6174817
0.82668906,1.6637135
0.8267041,1.6637135
0.8267191,1.6637135
0.8267341,1.6637135
0.82674915,1.6637135
0.82676417,1.7099442
0.8267792,1.7099442
0.8267942,1.7099442
0.8268093,1.7099442
0.8268243,1.7099442
0.8268393,1.756176
0.82685435,1.756176
0.82686937,1.756176
0.8268844,1.756176
0.8268994,1.756176
0.8269144,1.756176
0.82692945,1.756176
0.8269445,1.7099442
0.8269595,1.7099442
0.8269745,1.7099442
0.82698953,1.7099442
0.82700455,1.6637135
0.8270196,1.6637135
0.8270346,1.6637135
0.8270496,1.6637135
0.82706463,1.6174817
0.82707965,1.6174817
0.8270947,1.6174817
0.8271097,1.6174817
0.8271247,1.6174817
0.82713974,1.5712504
0.82715476,1.5712504
0.8271698,1.5712504
0.8271848,1.5712504
0.8271998,1.5250192
0.82721484,1.5250192
0.82722986,1.5250192
0.8272449,1.5250192
0.8272599,1.5250192
0.8272749,1.4787879
0.82728994,1.4787879
0.82730496,1.4787879
0.82732,1.4787879
0.827335,1.4787879
0.82735,1.4787879
0.82736504,1.4325566
0.82738006,1.4325566
0.8273951,1.4325566
0.8274101,1.4325566
0.8274251,1.4325566
0.82744014,1.3863249
0.82745516,1.3863249
0.8274702,1.3863249
0.8274852,1.3863249
0.8275002,1.3400936
0.82751524,1.3400936
0.82753026,1.3400936
0.8275453,1.3400936
0.8275603,1.3400936
0.8275753,1.2938623
0.82759035,1.2938623
0.82760537,1.2938623
0.8276204,1.2938623
0.8276354,1.2476311
0.8276504,1.2476311
0.82766545,1.2476311
0.82768047,1.2476311
0.8276955,1.2013993
0.8277105,1.2013993
0.8277255,1.2013993
0.82774055,1.2013993
0.8277556,1.2013993
0.8277706,1.1551685
0.8277856,1.1551685
0.82780063,1.1551685
0.82781565,1.1551685
0.8278307,1.1089368
0.8278457,1.1089368
0.8278607,1.1089368
0.82787573,1.1089368
0.82789075,1.0627055
0.8279058,1.0627055
0.8279208,1.0627055
0.8279358,1.0627055
0.82795084,1.0627055
0.82796586,1.0164738
0.8279809,1.0164738
0.8279959,1.0164738
0.8280109,1.0164738
0.82802594,0.970243
0.82804096,0.970243
0.828056,0.970243
0.828071,0.970243
0.828086,0.970243
0.82810104,0.92401123
0.82811606,0.92401123
0.8281311,0.92401123
0.8281461,0.92401123
0.8281611,0.87777996
0.82817614,0.87777996
0.82819116,0.87777996
0.8282062,0.87777996
0.8282212,0.8315482
0.8282362,0.8315482
0.82825124,0.8315482
0.82826626,0.8315482
0.8282813,0.8315482
0.8282963,0.7853174
0.8283113,0.7853174
0.82832634,0.7853174
0.82834136,0.7853174
0.8283564,0.7390857
0.8283714,0.7390857
0.8283864,0.7390857
0.82840145,0.7390857
0.82841647,0.7390857
0.8284315,0.6928544
0.8284465,0.6928544
0.8284615,0.6928544
0.82847655,0.6928544
0.82849157,0.64662313
0.8285066,0.64662313
0.8285216,0.64662313
0.8285366,0.64662313
0.82855165,0.64662313
0.82856673,0.60039186
0.82858175,0.60039186
0.8285968,0.60039186
0.8286118,0.60039186
0.8286268,0.5541601
0.82864183,0.5541601
0.82865685,0.5541601
0.8286719,0.5541601
0.8286869,0.5541601
0.8287019,0.50792885
0.82871693,0.50792885
0.82873195,0.50792885
0.828747,0.50792885
0.828762,0.46169758
0.828777,0.46169758
0.82879204,0.46169758
0.82880706,0.46169758
0.8288221,0.4154663
0.8288371,0.4154663
0.8288521,0.4154663
0.82886714,0.4154663
0.82888216,0.4154663
0.8288972,0.36923456
0.8289122,0.36923456
0.8289272,0.36923456
0.82894224,0.36923456
0.82895726,0.3230033
0.8289723,0.3230033
0.8289873,0.3230033
0.8290023,0.3230033
0.82901734,0.3230033
0.82903236,0.27677202
0.8290474,0.27677202
0.8290624,0.27677202
0.8290774,0.27677202
0.82909244,0.23054075
0.82910746,0.23054075
0.8291225,0.23054075
0.8291375,0.23054075
0.8291525,0.23054075
0.82916754,0.184309
0.82918257,0.184309
0.8291976,0.184309
0.8292126,0.184309
0.8292276,0.13807821
0.82924265,0.13807821
0.82925767,0.13807821
0.8292727,0.13807821
0.8292877,0.091846466
0.8293027,0.091846466
0.82931775,0.091846466
0.82933277,0.091846466
0.8293478,0.091846466
0.8293628,0.045615196
0.82937783,0.045615196
0.82939285,0.045615196
0.8294079,0.045615196
0.8294229,-6.160736E-4
0.8294379,-6.160736E-4
0.82945293,-6.160736E-4
0.82946795,-6.160736E-4
0.829483,-0.046847343
0.829498,-0.046847343
0.829513,-0.046847343
0.82952803,-0.046847343
0.82954305,-0.046847343
0.8295581,-0.09307861
0.8295731,-0.09307861
0.8295881,-0.09307861
0.82960314,-0.09307861
0.82961816,-0.13931036
0.8296332,-0.13931036
0.8296482,-0.13931036
0.8296632,-0.13931036
0.82967824,-0.13931036
0.82969326,-0.18554163
0.8297083,-0.18554163
0.8297233,-0.18554163
0.8297383,-0.18554163
0.82975334,-0.2317729
0.82976836,-0.2317729
0.8297834,-0.2317729
0.8297984,-0.2317729
0.8298134,-0.2317729
0.82982844,-0.27800417
0.82984346,-0.27800417
0.8298585,-0.27800417
0.8298735,-0.27800417
0.8298885,-0.27800417
0.82990354,-0.32423592
0.82991856,-0.32423592
0.8299336,-0.32423592
0.8299486,-0.32423592
0.8299636,-0.3704667
0.82997864,-0.3704667
0.82999367,-0.3704667
0.8300087,-0.3704667
0.8300237,-0.3704667
0.8300387,-0.41669846
0.83005375,-0.41669846
0.83006877,-0.41669846
0.8300838,-0.41669846
0.8300988,-0.46292973
0.8301138,-0.46292973
0.83012885,-0.46292973
0.83014387,-0.46292973
0.8301589,-0.46292973
0.8301739,-0.5091615
0.83018893,-0.5091615
0.83020395,-0.5091615
0.830219,-0.5091615
0.830234,-0.55539227
0.830249,-0.55539227
0.83026403,-0.55539227
0.83027905,-0.55539227
0.8302941,-0.55539227
0.8303091,-0.601624
0.8303242,-0.601624
0.8303392,-0.601624
0.8303542,-0.601624
0.83036923,-0.601624
0.83038425,-0.6478553
0.8303993,-0.6478553
0.8304143,-0.6478553
0.8304293,-0.6478553
0.83044434,-0.694087
0.83045936,-0.694087
0.8304744,-0.694087
0.8304894,-0.694087
0.8305044,-0.694087
0.83051944,-0.7403178
0.83053446,-0.7403178
0.8305495,-0.7403178
0.8305645,-0.7403178
0.8305795,-0.7403178
0.83059454,-0.78654957
0.83060956,-0.78654957
0.8306246,-0.78654957
0.8306396,-0.78654957
0.8306546,-0.83278084
0.83066964,-0.83278084
0.83068466,-0.83278084
0.8306997,-0.83278084
0.8307147,-0.83278084
0.8307297,-0.8790121
0.83074474,-0.8790121
0.83075976,-0.8790121
0.8307748,-0.8790121
0.8307898,-0.8790121
0.8308048,-0.9252434
0.83081985,-0.9252434
0.83083487,-0.9252434
0.8308499,-0.9252434
0.8308649,-0.9714751
0.8308799,-0.9714751
0.83089495,-0.9714751
0.83090997,-0.9714751
0.830925,-0.9714751
0.83094,-1.0177064
0.830955,-1.0177064
0.83097005,-1.0177064
0.83098507,-1.0177064
0.8310001,-1.0177064
0.8310151,-1.0639377
0.83103013,-1.0639377
0.83104515,-1.0639377
0.8310602,-1.0639377
0.8310752,-1.1101689
0.8310902,-1.1101689
0.83110523,-1.1101689
0.83112025,-1.1101689
0.8311353,-1.1101689
0.8311503,-1.1564007
0.8311653,-1.1564007
0.83118033,-1.1564007
0.83119535,-1.1564007
0.8312104,-1.1564007
0.8312254,-1.202632
0.8312404,-1.202632
0.83125544,-1.202632
0.83127046,-1.202632
0.8312855,-1.202632
0.8313005,-1.2488632
0.8313155,-1.2488632
0.83133054,-1.2488632
0.83134556,-1.2488632
0.8313606,-1.2950945
0.8313756,-1.2950945
0.8313906,-1.2950945
0.83140564,-1.2950945
0.83142066,-1.2950945
0.8314357,-1.3413262
0.8314507,-1.3413262
0.8314657,-1.3413262
0.83148074,-1.3413262
0.83149576,-1.3413262
0.8315108,-1.387557
0.8315258,-1.387557
0.8315408,-1.387557
0.83155584,-1.387557
0.83157086,-1.387557
0.8315859,-1.4337888
0.8316009,-1.4337888
0.8316159,-1.4337888
0.83163095,-1.4337888
0.83164597,-1.4337888
0.831661,-1.48002
0.831676,-1.48002
0.831691,-1.48002
0.83170605,-1.48002
0.83172107,-1.48002
0.8317361,-1.48002
0.8317511,-1.48002
0.8317661,-1.48002
0.83178115,-1.5262513
0.83179617,-1.5262513
0.8318112,-1.5262513
0.8318262,-1.5262513
0.83184123,-1.5262513
0.83185625,-1.5724826
0.8318713,-1.5724826
0.8318863,-1.5724826
0.8319013,-1.5724826
0.83191633,-1.6187139
0.83193135,-1.6187139
0.8319464,-1.6187139
0.8319614,-1.6187139
0.8319764,-1.6187139
0.83199143,-1.6187139
0.83200645,-1.6187139
0.8320215,-1.6187139
0.8320365,-1.6187139
0.8320515,-1.5724826
0.83206654,-1.5724826
0.8320816,-1.5724826
0.83209664,-1.5724826
0.83211166,-1.5724826
0.8321267,-1.5262513
0.8321417,-1.5262513
0.8321567,-1.5262513
0.83217174,-1.5262513
0.83218676,-1.48002
0.8322018,-1.48002
0.8322168,-1.48002
0.8322318,-1.48002
0.83224684,-1.48002
0.83226186,-1.48002
0.8322769,-1.48002
0.8322919,-1.4337888
0.8323069,-1.4337888
0.83232194,-1.4337888
0.83233696,-1.4337888
0.832352,-1.4337888
0.832367,-1.387557
0.832382,-1.387557
0.83239704,-1.387557
0.83241206,-1.387557
0.8324271,-1.387557
0.8324421,-1.3413262
0.8324571,-1.3413262
0.83247215,-1.3413262
0.83248717,-1.3413262
0.8325022,-1.2950945
0.8325172,-1.2950945
0.8325322,-1.2950945
0.83254725,-1.2950945
0.83256227,-1.2950945
0.8325773,-1.2488632
0.8325923,-1.2488632
0.8326073,-1.2488632
0.83262235,-1.2488632
0.83263737,-1.2488632
0.8326524,-1.202632
0.8326674,-1.202632
0.83268243,-1.202632
0.83269745,-1.202632
0.8327125,-1.1564007
0.8327275,-1.1564007
0.8327425,-1.1564007
0.83275753,-1.1564007
0.83277255,-1.1564007
0.8327876,-1.1101689
0.8328026,-1.1101689
0.8328176,-1.1101689
0.83283263,-1.1101689
0.83284765,-1.0639377
0.8328627,-1.0639377
0.8328777,-1.0639377
0.8328927,-1.0639377
0.83290774,-1.0639377
0.83292276,-1.0177064
0.8329378,-1.0177064
0.8329528,-1.0177064
0.8329678,-1.0177064
0.83298284,-0.9714751
0.83299786,-0.9714751
0.8330129,-0.9714751
0.8330279,-0.9714751
0.8330429,-0.9714751
0.83305794,-0.9252434
0.83307296,-0.9252434
0.833088,-0.9252434
0.833103,-0.9252434
0.833118,-0.9252434
0.83313304,-0.8790121
0.83314806,-0.8790121
0.8331631,-0.8790121
0.8331781,-0.8790121
0.8331931,-0.8790121
0.83320814,-0.83278084
0.83322316,-0.83278084
0.8332382,-0.83278084
0.8332532,-0.83278084
0.8332682,-0.78654957
0.83328325,-0.78654957
0.83329827,-0.78654957
0.8333133,-0.78654957
0.8333283,-0.78654957
0.8333433,-0.7403178
0.83335835,-0.7403178
0.83337337,-0.7403178
0.8333884,-0.7403178
0.8334034,-0.7403178
0.8334184,-0.694087
0.83343345,-0.694087
0.83344847,-0.694087
0.8334635,-0.694087
0.8334785,-0.6478553
0.83349353,-0.6478553
0.83350855,-0.6478553
0.8335236,-0.6478553
0.8335386,-0.6478553
0.8335536,-0.601624
0.83356863,-0.601624
0.83358365,-0.601624
0.8335987,-0.601624
0.8336137,-0.601624
0.8336287,-0.55539227
0.83364373,-0.55539227
0.83365875,-0.55539227
0.8336738,-0.55539227
0.8336888,-0.5091615
0.8337038,-0.5091615
0.83371884,-0.5091615
0.83373386,-0.5091615
0.8337489,-0.5091615
0.8337639,-0.46292973
0.8337789,-0.46292973
0.83379394,-0.46292973
0.83380896,-0.46292973
0.833824,-0.46292973
0.833839,-0.41669846
0.8338541,-0.41669846
0.8338691,-0.41669846
0.8338841,-0.41669846
0.83389914,-0.3704667
0.83391416,-0.3704667
0.8339292,-0.3704667
0.8339442,-0.3704667
0.8339592,-0.3704667
0.83397424,-0.32423592
0.83398926,-0.32423592
0.8340043,-0.32423592
0.8340193,-0.32423592
0.8340343,-0.32423592
0.83404934,-0.27800417
0.83406436,-0.27800417
0.8340794,-0.27800417
0.8340944,-0.27800417
0.8341094,-0.2317729
0.83412445,-0.2317729
0.83413947,-0.2317729
0.8341545,-0.2317729
0.8341695,-0.2317729
0.8341845,-0.18554163
0.83419955,-0.18554163
0.83421457,-0.18554163
0.8342296,-0.18554163
0.8342446,-0.13931036
0.8342596,-0.13931036
0.83427465,-0.13931036
0.83428967,-0.13931036
0.8343047,-0.13931036
0.8343197,-0.09307861
0.83433473,-0.09307861
0.83434975,-0.09307861
0.8343648,-0.09307861
0.8343798,-0.09307861
0.8343948,-0.046847343
0.83440983,-0.046847343
0.83442485,-0.046847343
0.8344399,-0.046847343
0.8344549,-0.046847343
0.8344699,-6.160736E-4
0.83448493,-6.160736E-4
0.83449996,-6.160736E-4
0.834515,-6.160736E-4
0.83453,0.045615196
0.834545,0.045615196
0.83456004,0.045615196
0.83457506,0.045615196
0.8345901,0.045615196
0.8346051,0.091846466
0.8346201,0.091846466
0.83463514,0.091846466
0.83465016,0.091846466
0.8346652,0.13807821
0.8346802,0.13807821
0.8346952,0.13807821
0.83471024,0.13807821
0.83472526,0.13807821
0.8347403,0.184309
0.8347553,0.184309
0.8347703,0.184309
0.83478534,0.184309
0.83480036,0.23054075
0.8348154,0.23054075
0.8348304,0.23054075
0.8348454,0.23054075
0.83486044,0.23054075
0.83487546,0.27677202
0.8348905,0.27677202
0.8349055,0.27677202
0.8349205,0.27677202
0.83493555,0.27677202
0.83495057,0.3230033
0.8349656,0.3230033
0.8349806,0.3230033
0.8349956,0.3230033
0.83501065,0.3230033
0.83502567,0.36923456
0.8350407,0.36923456
0.8350557,0.36923456
0.8350707,0.36923456
0.83508575,0.36923456
0.83510077,0.4154663
0.8351158,0.4154663
0.8351308,0.4154663
0.83514583,0.4154663
0.83516085,0.46169758
0.8351759,0.46169758
0.8351909,0.46169758
0.8352059,0.46169758
0.83522093,0.46169758
0.83523595,0.50792885
0.835251,0.50792885
0.835266,0.50792885
0.835281,0.50792885
0.83529603,0.50792885
0.83531106,0.5541601
0.8353261,0.5541601
0.8353411,0.5541601
0.8353561,0.5541601
0.83537114,0.60039186
0.83538616,0.60039186
0.8354012,0.60039186
0.8354162,0.60039186
0.8354312,0.60039186
0.83544624,0.64662313
0.83546126,0.64662313
0.8354763,0.64662313
0.8354913,0.64662313
0.8355063,0.64662313
0.83552134,0.6928544
0.83553636,0.6928544
0.8355514,0.6928544
0.8355664,0.6928544
0.8355814,0.6928544
0.83559644,0.7390857
0.8356115,0.7390857
0.83562654,0.7390857
0.83564156,0.7390857
0.8356566,0.7390857
0.8356716,0.7853174
0.8356866,0.7853174
0.83570164,0.7853174
0.83571666,0.7853174
0.8357317,0.7853174
0.8357467,0.8315482
0.8357617,0.8315482
0.83577675,0.8315482
0.83579177,0.8315482
0.8358068,0.87777996
0.8358218,0.87777996
0.8358368,0.87777996
0.83585185,0.87777996
0.83586687,0.87777996
0.8358819,0.92401123
0.8358969,0.92401123
0.8359119,0.92401123
0.83592695,0.92401123
0.835942,0.92401123
0.835957,0.970243
0.835972,0.970243
0.83598703,0.970243
0.83600205,0.970243
0.8360171,0.970243
0.8360321,1.0164738
0.8360471,1.0164738
0.83606213,1.0164738
0.83607715,1.0164738
0.8360922,1.0164738
0.8361072,1.0627055
0.8361222,1.0627055
0.83613724,1.0627055
0.83615226,1.0627055
0.8361673,1.0627055
0.8361823,1.1089368
0.8361973,1.1089368
0.83621234,1.1089368
0.83622736,1.1089368
0.8362424,1.1551685
0.8362574,1.1551685
0.8362724,1.1551685
0.83628744,1.1551685
0.83630246,1.1551685
0.8363175,1.2013993
0.8363325,1.2013993
0.8363475,1.2013993
0.83636254,1.2013993
0.83637756,1.2013993
0.8363926,1.2476311
0.8364076,1.2476311
0.8364226,1.2476311
0.83643764,1.2476311
0.83645266,1.2476311
0.8364677,1.2938623
0.8364827,1.2938623
0.8364977,1.2938623
0.83651274,1.2938623
0.83652776,1.2938623
0.8365428,1.3400936
0.8365578,1.3400936
0.8365728,1.3400936
0.83658785,1.3400936
0.83660287,1.3400936
0.8366179,1.3863249
0.8366329,1.3863249
0.8366479,1.3863249
0.83666295,1.3863249
0.83667797,1.3863249
0.836693,1.4325566
0.836708,1.4325566
0.836723,1.4325566
0.83673805,1.4325566
0.8367531,1.4325566
0.8367681,1.4787879
0.8367831,1.4787879
0.83679813,1.4787879
0.83681315,1.4787879
0.8368282,1.4787879
0.8368432,1.4787879
0.8368582,1.4787879
0.83687323,1.4787879
0.83688825,1.5250192
0.8369033,1.5250192
0.8369183,1.5250192
0.8369333,1.5250192
0.83694834,1.5250192
0.83696336,1.5712504
0.8369784,1.5712504
0.8369934,1.5712504
0.8370084,1.5712504
0.83702344,1.5712504
0.83703846,1.6174817
0.8370535,1.6174817
0.8370685,1.6174817
0.8370835,1.6174817
0.83709854,1.6174817
0.83711356,1.6637135
0.8371286,1.6637135
0.8371436,1.6637135
0.8371586,1.6637135
0.83717364,1.6637135
0.83718866,1.7099442
0.8372037,1.7099442
0.8372187,1.7099442
0.8372337,1.7099442
0.83724874,1.7099442
0.83726376,1.756176
0.8372788,1.756176
0.8372938,1.756176
0.8373088,1.756176
0.83732384,1.756176
0.83733886,1.756176
0.8373539,1.756176
0.83736897,1.756176
0.837384,1.7099442
0.837399,1.7099442
0.837414,1.7099442
0.83742905,1.7099442
0.83744407,1.6637135
0.8374591,1.6637135
0.8374741,1.6637135
0.8374891,1.6637135
0.83750415,1.6174817
0.83751917,1.6174817
0.8375342,1.6174817
0.8375492,1.6174817
0.83756423,1.5712504
0.83757925,1.5712504
0.8375943,1.5712504
0.8376093,1.5712504
0.8376243,1.5712504
0.83763933,1.5250192
0.83765435,1.5250192
0.8376694,1.5250192
0.8376844,1.5250192
0.8376994,1.4787879
0.83771443,1.4787879
0.83772945,1.4787879
0.8377445,1.4787879
0.8377595,1.4787879
0.8377745,1.4787879
0.83778954,1.4787879
0.83780456,1.4325566
0.8378196,1.4325566
0.8378346,1.4325566
0.8378496,1.4325566
0.83786464,1.3863249
0.83787966,1.3863249
0.8378947,1.3863249
0.8379097,1.3863249
0.8379247,1.3863249
0.83793974,1.3400936
0.83795476,1.3400936
0.8379698,1.3400936
0.8379848,1.3400936
0.8379998,1.2938623
0.83801484,1.2938623
0.83802986,1.2938623
0.8380449,1.2938623
0.8380599,1.2938623
0.8380749,1.2476311
0.83808994,1.2476311
0.83810496,1.2476311
0.83812,1.2476311
0.838135,1.2013993
0.83815,1.2013993
0.83816504,1.2013993
0.83818007,1.2013993
0.8381951,1.1551685
0.8382101,1.1551685
0.8382251,1.1551685
0.83824015,1.1551685
0.83825517,1.1551685
0.8382702,1.1089368
0.8382852,1.1089368
0.8383002,1.1089368
0.83831525,1.1089368
0.83833027,1.0627055
0.8383453,1.0627055
0.8383603,1.0627055
0.83837533,1.0627055
0.83839035,1.0164738
0.8384054,1.0164738
0.8384204,1.0164738
0.8384354,1.0164738
0.83845043,1.0164738
0.83846545,0.970243
0.8384805,0.970243
0.8384955,0.970243
0.8385105,0.970243
0.83852553,0.92401123
0.83854055,0.92401123
0.8385556,0.92401123
0.8385706,0.92401123
0.8385856,0.92401123
0.83860064,0.87777996
0.83861566,0.87777996
0.8386307,0.87777996
0.8386457,0.87777996
0.8386607,0.8315482
0.83867574,0.8315482
0.83869076,0.8315482
0.8387058,0.8315482
0.8387208,0.7853174
0.8387358,0.7853174
0.83875084,0.7853174
0.83876586,0.7853174
0.8387809,0.7853174
0.8387959,0.7390857
0.8388109,0.7390857
0.83882594,0.7390857
0.83884096,0.7390857
0.838856,0.6928544
0.838871,0.6928544
0.838886,0.6928544
0.83890104,0.6928544
0.83891606,0.6928544
0.8389311,0.64662313
0.8389461,0.64662313
0.8389611,0.64662313
0.83897614,0.64662313
0.83899117,0.60039186
0.8390062,0.60039186
0.8390212,0.60039186
0.8390362,0.60039186
0.83905125,0.60039186
0.83906627,0.5541601
0.8390813,0.5541601
0.8390963,0.5541601
0.8391113,0.5541601
0.8391264,0.50792885
0.8391414,0.50792885
0.83915645,0.50792885
0.83917147,0.50792885
0.8391865,0.46169758
0.8392015,0.46169758
0.83921653,0.46169758
0.83923155,0.46169758
0.8392466,0.46169758
0.8392616,0.4154663
0.8392766,0.4154663
0.83929163,0.4154663
0.83930665,0.4154663
0.8393217,0.36923456
0.8393367,0.36923456
0.8393517,0.36923456
0.83936673,0.36923456
0.83938175,0.36923456
0.8393968,0.3230033
0.8394118,0.3230033
0.8394268,0.3230033
0.83944184,0.3230033
0.83945686,0.27677202
0.8394719,0.27677202
0.8394869,0.27677202
0.8395019,0.27677202
0.83951694,0.27677202
0.83953196,0.23054075
0.839547,0.23054075
0.839562,0.23054075
0.839577,0.23054075
0.83959204,0.184309
0.83960706,0.184309
0.8396221,0.184309
0.8396371,0.184309
0.8396521,0.13807821
0.83966714,0.13807821
0.83968216,0.13807821
0.8396972,0.13807821
0.8397122,0.13807821
0.8397272,0.091846466
0.83974224,0.091846466
0.83975726,0.091846466
0.8397723,0.091846466
0.8397873,0.091846466
0.8398023,0.045615196
0.83981735,0.045615196
0.83983237,0.045615196
0.8398474,0.045615196
0.8398624,-6.160736E-4
0.8398774,-6.160736E-4
0.83989245,-6.160736E-4
0.83990747,-6.160736E-4
0.8399225,-0.046847343
0.8399375,-0.046847343
0.8399525,-0.046847343
0.83996755,-0.046847343
0.83998257,-0.09307861
0.8399976,-0.09307861
0.8400126,-0.09307861
0.84002763,-0.09307861
0.84004265,-0.09307861
0.8400577,-0.13931036
0.8400727,-0.13931036
0.8400877,-0.13931036
0.84010273,-0.13931036
0.84011775,-0.18554163
0.8401328,-0.18554163
0.8401478,-0.18554163
0.8401628,-0.18554163
0.84017783,-0.18554163
0.84019285,-0.2317729
0.8402079,-0.2317729
0.8402229,-0.2317729
0.8402379,-0.2317729
0.84025294,-0.2317729
0.84026796,-0.27800417
0.840283,-0.27800417
0.840298,-0.27800417
0.840313,-0.27800417
0.84032804,-0.32423592
0.84034306,-0.32423592
0.8403581,-0.32423592
0.8403731,-0.32423592
0.8403881,-0.32423592
0.84040314,-0.3704667
0.84041816,-0.3704667
0.8404332,-0.3704667
0.8404482,-0.3704667
0.8404632,-0.41669846
0.84047824,-0.41669846
0.84049326,-0.41669846
0.8405083,-0.41669846
0.8405233,-0.41669846
0.8405383,-0.46292973
0.84055334,-0.46292973
0.84056836,-0.46292973
0.8405834,-0.46292973
0.8405984,-0.5091615
0.8406134,-0.5091615
0.84062845,-0.5091615
0.84064347,-0.5091615
0.8406585,-0.5091615
0.8406735,-0.55539227
0.8406885,-0.55539227
0.84070355,-0.55539227
0.84071857,-0.55539227
0.8407336,-0.601624
0.8407486,-0.601624
0.8407636,-0.601624
0.84077865,-0.601624
0.84079367,-0.601624
0.8408087,-0.6478553
0.8408237,-0.6478553
0.84083873,-0.6478553
0.84085375,-0.6478553
0.8408688,-0.6478553
0.8408838,-0.694087
0.8408989,-0.694087
0.8409139,-0.694087
0.8409289,-0.694087
0.84094393,-0.7403178
0.84095895,-0.7403178
0.840974,-0.7403178
0.840989,-0.7403178
0.841004,-0.7403178
0.84101903,-0.78654957
0.84103405,-0.78654957
0.8410491,-0.78654957
0.8410641,-0.78654957
0.8410791,-0.78654957
0.84109414,-0.83278084
0.84110916,-0.83278084
0.8411242,-0.83278084
0.8411392,-0.83278084
0.8411542,-0.8790121
0.84116924,-0.8790121
0.84118426,-0.8790121
0.8411993,-0.8790121
0.8412143,-0.8790121
0.8412293,-0.9252434
0.84124434,-0.9252434
0.84125936,-0.9252434
0.8412744,-0.9252434
0.8412894,-0.9252434
0.8413044,-0.9714751
0.84131944,-0.9714751
0.84133446,-0.9714751
0.8413495,-0.9714751
0.8413645,-0.9714751
0.8413795,-1.0177064
0.84139454,-1.0177064
0.84140956,-1.0177064
0.8414246,-1.0177064
0.8414396,-1.0639377
0.8414546,-1.0639377
0.84146965,-1.0639377
0.84148467,-1.0639377
0.8414997,-1.0639377
0.8415147,-1.1101689
0.8415297,-1.1101689
0.84154475,-1.1101689
0.84155977,-1.1101689
0.8415748,-1.1101689
0.8415898,-1.1564007
0.8416048,-1.1564007
0.84161985,-1.1564007
0.84163487,-1.1564007
0.8416499,-1.202632
0.8416649,-1.202632
0.84167993,-1.202632
0.84169495,-1.202632
0.84171,-1.202632
0.841725,-1.2488632
0.84174,-1.2488632
0.84175503,-1.2488632
0.84177005,-1.2488632
0.8417851,-1.2488632
0.8418001,-1.2950945
0.8418151,-1.2950945
0.84183013,-1.2950945
0.84184515,-1.2950945
0.8418602,-1.2950945
0.8418752,-1.3413262
0.8418902,-1.3413262
0.84190524,-1.3413262
0.84192026,-1.3413262
0.8419353,-1.3413262
0.8419503,-1.387557
0.8419653,-1.387557
0.84198034,-1.387557
0.84199536,-1.387557
0.8420104,-1.387557
0.8420254,-1.4337888
0.8420404,-1.4337888
0.84205544,-1.4337888
0.84207046,-1.4337888
0.8420855,-1.4337888
0.8421005,-1.48002
0.8421155,-1.48002
0.84213054,-1.48002
0.84214556,-1.48002
0.8421606,-1.48002
0.8421756,-1.48002
0.8421906,-1.48002
0.84220564,-1.5262513
0.84222066,-1.5262513
0.8422357,-1.5262513
0.8422507,-1.5262513
0.8422657,-1.5262513
0.84228075,-1.5724826
0.84229577,-1.5724826
0.8423108,-1.5724826
0.8423258,-1.5724826
0.8423408,-1.5724826
0.84235585,-1.6187139
0.84237087,-1.6187139
0.8423859,-1.6187139
0.8424009,-1.6187139
0.8424159,-1.6187139
0.84243095,-1.6187139
0.84244597,-1.6187139
0.842461,-1.6187139
0.842476,-1.6187139
0.84249103,-1.5724826
0.84250605,-1.5724826
0.8425211,-1.5724826
0.8425361,-1.5724826
0.8425511,-1.5262513
0.84256613,-1.5262513
0.84258115,-1.5262513
0.8425962,-1.5262513
0.8426112,-1.5262513
0.8426262,-1.48002
0.84264123,-1.48002
0.8426563,-1.48002
0.84267133,-1.48002
0.84268636,-1.48002
0.8427014,-1.48002
0.8427164,-1.48002
0.8427314,-1.4337888
0.84274644,-1.4337888
0.84276146,-1.4337888
0.8427765,-1.4337888
0.8427915,-1.387557
0.8428065,-1.387557
0.84282154,-1.387557
0.84283656,-1.387557
0.8428516,-1.387557
0.8428666,-1.3413262
0.8428816,-1.3413262
0.84289664,-1.3413262
0.84291166,-1.3413262
0.8429267,-1.2950945
0.8429417,-1.2950945
0.8429567,-1.2950945
0.84297174,-1.2950945
0.84298676,-1.2950945
0.8430018,-1.2488632
0.8430168,-1.2488632
0.8430318,-1.2488632
0.84304684,-1.2488632
0.84306186,-1.2488632
0.8430769,-1.202632
0.8430919,-1.202632
0.8431069,-1.202632
0.84312195,-1.202632
0.84313697,-1.202632
0.843152,-1.1564007
0.843167,-1.1564007
0.843182,-1.1564007
0.84319705,-1.1564007
0.84321207,-1.1101689
0.8432271,-1.1101689
0.8432421,-1.1101689
0.8432571,-1.1101689
0.84327215,-1.1101689
0.84328717,-1.0639377
0.8433022,-1.0639377
0.8433172,-1.0639377
0.84333223,-1.0639377
0.84334725,-1.0639377
0.8433623,-1.0177064
0.8433773,-1.0177064
0.8433923,-1.0177064
0.84340733,-1.0177064
0.84342235,-0.9714751
0.8434374,-0.9714751
0.8434524,-0.9714751
0.8434674,-0.9714751
0.84348243,-0.9714751
0.84349746,-0.9252434
0.8435125,-0.9252434
0.8435275,-0.9252434
0.8435425,-0.9252434
0.84355754,-0.8790121
0.84357256,-0.8790121
0.8435876,-0.8790121
0.8436026,-0.8790121
0.8436176,-0.8790121
0.84363264,-0.83278084
0.84364766,-0.83278084
0.8436627,-0.83278084
0.8436777,-0.83278084
0.8436927,-0.83278084
0.84370774,-0.78654957
0.84372276,-0.78654957
0.8437378,-0.78654957
0.8437528,-0.78654957
0.8437678,-0.7403178
0.84378284,-0.7403178
0.84379786,-0.7403178
0.8438129,-0.7403178
0.8438279,-0.7403178
0.8438429,-0.694087
0.84385794,-0.694087
0.84387296,-0.694087
0.843888,-0.694087
0.843903,-0.694087
0.843918,-0.6478553
0.84393305,-0.6478553
0.84394807,-0.6478553
0.8439631,-0.6478553
0.8439781,-0.601624
0.8439931,-0.601624
0.84400815,-0.601624
0.84402317,-0.601624
0.8440382,-0.601624
0.8440532,-0.55539227
0.8440682,-0.55539227
0.84408325,-0.55539227
0.84409827,-0.55539227
0.8441133,-0.55539227
0.8441283,-0.5091615
0.84414333,-0.5091615
0.84415835,-0.5091615
0.8441734,-0.5091615
0.8441884,-0.5091615
0.8442034,-0.46292973
0.84421843,-0.46292973
0.84423345,-0.46292973
0.8442485,-0.46292973
0.8442635,-0.41669846
0.8442785,-0.41669846
0.84429353,-0.41669846
0.84430856,-0.41669846
0.8443236,-0.41669846
0.8443386,-0.3704667
0.8443536,-0.3704667
0.84436864,-0.3704667
0.84438366,-0.3704667
0.8443987,-0.32423592
0.84441376,-0.32423592
0.8444288,-0.32423592
0.8444438,-0.32423592
0.8444588,-0.32423592
0.84447384,-0.27800417
0.84448886,-0.27800417
0.8445039,-0.27800417
0.8445189,-0.27800417
0.8445339,-0.27800417
0.84454894,-0.2317729
0.84456396,-0.2317729
0.844579,-0.2317729
0.844594,-0.2317729
0.844609,-0.2317729
0.84462404,-0.18554163
0.84463906,-0.18554163
0.8446541,-0.18554163
0.8446691,-0.18554163
0.8446841,-0.13931036
0.84469914,-0.13931036
0.84471416,-0.13931036
0.8447292,-0.13931036
0.8447442,-0.13931036
0.8447592,-0.09307861
0.84477425,-0.09307861
0.84478927,-0.09307861
0.8448043,-0.09307861
0.8448193,-0.046847343
0.8448343,-0.046847343
0.84484935,-0.046847343
0.84486437,-0.046847343
0.8448794,-0.046847343
0.8448944,-6.160736E-4
0.8449094,-6.160736E-4
0.84492445,-6.160736E-4
0.8449395,-6.160736E-4
0.8449545,0.045615196
0.8449695,0.045615196
0.84498453,0.045615196
0.84499955,0.045615196
0.8450146,0.045615196
0.8450296,0.091846466
0.8450446,0.091846466
0.84505963,0.091846466
0.84507465,0.091846466
0.8450897,0.091846466
0.8451047,0.13807821
0.8451197,0.13807821
0.84513474,0.13807821
0.84514976,0.13807821
0.8451648,0.13807821
0.8451798,0.184309
0.8451948,0.184309
0.84520984,0.184309
0.84522486,0.184309
0.8452399,0.23054075
0.8452549,0.23054075
0.8452699,0.23054075
0.84528494,0.23054075
0.84529996,0.23054075
0.845315,0.27677202
0.84533,0.27677202
0.845345,0.27677202
0.84536004,0.27677202
0.84537506,0.27677202
0.8453901,0.3230033
0.8454051,0.3230033
0.8454201,0.3230033
0.84543514,0.3230033
0.84545016,0.36923456
0.8454652,0.36923456
0.8454802,0.36923456
0.8454952,0.36923456
0.84551024,0.36923456
0.84552526,0.4154663
0.8455403,0.4154663
0.8455553,0.4154663
0.8455703,0.4154663
0.84558535,0.4154663
0.84560037,0.46169758
0.8456154,0.46169758
0.8456304,0.46169758
0.8456454,0.46169758
0.84566045,0.50792885
0.84567547,0.50792885
0.8456905,0.50792885
0.8457055,0.50792885
0.8457205,0.50792885
0.84573555,0.5541601
0.8457506,0.5541601
0.8457656,0.5541601
0.8457806,0.5541601
0.84579563,0.5541601
0.84581065,0.60039186
0.8458257,0.60039186
0.8458407,0.60039186
0.8458557,0.60039186
0.84587073,0.60039186
0.84588575,0.64662313
0.8459008,0.64662313
0.8459158,0.64662313
0.8459308,0.64662313
0.84594584,0.6928544
0.84596086,0.6928544
0.8459759,0.6928544
0.8459909,0.6928544
0.8460059,0.6928544
0.84602094,0.7390857
0.84603596,0.7390857
0.846051,0.7390857
0.846066,0.7390857
0.846081,0.7390857
0.84609604,0.7853174
0.84611106,0.7853174
0.8461261,0.7853174
0.8461411,0.7853174
0.8461561,0.7853174
0.8461712,0.8315482
0.8461862,0.8315482
0.84620124,0.8315482
0.84621626,0.8315482
0.8462313,0.8315482
0.8462463,0.87777996
0.8462613,0.87777996
0.84627634,0.87777996
0.84629136,0.87777996
0.8463064,0.87777996
0.8463214,0.92401123
0.8463364,0.92401123
0.84635144,0.92401123
0.84636647,0.92401123
0.8463815,0.92401123
0.8463965,0.970243
0.8464115,0.970243
0.84642655,0.970243
0.84644157,0.970243
0.8464566,1.0164738
0.8464716,1.0164738
0.8464866,1.0164738
0.84650165,1.0164738
0.84651667,1.0164738
0.8465317,1.0627055
0.8465467,1.0627055
0.84656173,1.0627055
0.84657675,1.0627055
0.8465918,1.0627055
0.8466068,1.1089368
0.8466218,1.1089368
0.84663683,1.1089368
0.84665185,1.1089368
0.8466669,1.1089368
0.8466819,1.1551685
0.8466969,1.1551685
0.84671193,1.1551685
0.84672695,1.1551685
0.846742,1.1551685
0.846757,1.2013993
0.846772,1.2013993
0.84678704,1.2013993
0.84680206,1.2013993
0.8468171,1.2013993
0.8468321,1.2476311
0.8468471,1.2476311
0.84686214,1.2476311
0.84687716,1.2476311
0.8468922,1.2476311
0.8469072,1.2938623
0.8469222,1.2938623
0.84693724,1.2938623
0.84695226,1.2938623
0.8469673,1.2938623
0.8469823,1.3400936
0.8469973,1.3400936
0.84701234,1.3400936
0.84702736,1.3400936
0.8470424,1.3400936
0.8470574,1.3863249
0.8470724,1.3863249
0.84708744,1.3863249
0.84710246,1.3863249
0.8471175,1.3863249
0.8471325,1.4325566
0.8471475,1.4325566
0.84716254,1.4325566
0.84717757,1.4325566
0.8471926,1.4325566
0.8472076,1.4787879
0.8472226,1.4787879
0.84723765,1.4787879
0.84725267,1.4787879
0.8472677,1.4787879
0.8472827,1.4787879
0.8472977,1.4787879
0.84731275,1.5250192
0.84732777,1.5250192
0.8473428,1.5250192
0.8473578,1.5250192
0.84737283,1.5250192
0.84738785,1.5250192
0.8474029,1.5712504
0.8474179,1.5712504
0.8474329,1.5712504
0.84744793,1.5712504
0.84746295,1.5712504
0.847478,1.6174817
0.847493,1.6174817
0.847508,1.6174817
0.84752303,1.6174817
0.84753805,1.6174817
0.8475531,1.6637135
0.8475681,1.6637135
0.8475831,1.6637135
0.84759814,1.6637135
0.84761316,1.6637135
0.8476282,1.7099442
0.8476432,1.7099442
0.8476582,1.7099442
0.84767324,1.7099442
0.84768826,1.7099442
0.8477033,1.756176
0.8477183,1.756176
0.8477333,1.756176
0.84774834,1.756176
0.84776336,1.756176
0.8477784,1.756176
0.8477934,1.756176
0.8478084,1.7099442
0.84782344,1.7099442
0.84783846,1.7099442
0.8478535,1.7099442
0.8478685,1.6637135
0.8478835,1.6637135
0.84789854,1.6637135
0.84791356,1.6637135
0.8479286,1.6637135
0.84794366,1.6174817
0.8479587,1.6174817
0.8479737,1.6174817
0.8479887,1.6174817
0.84800375,1.5712504
0.84801877,1.5712504
0.8480338,1.5712504
0.8480488,1.5712504
0.8480638,1.5250192
0.84807885,1.5250192
0.84809387,1.5250192
0.8481089,1.5250192
0.8481239,1.5250192
0.8481389,1.4787879
0.84815395,1.4787879
0.84816897,1.4787879
0.848184,1.4787879
0.848199,1.4787879
0.84821403,1.4787879
0.84822905,1.4325566
0.8482441,1.4325566
0.8482591,1.4325566
0.8482741,1.4325566
0.84828913,1.4325566
0.84830415,1.3863249
0.8483192,1.3863249
0.8483342,1.3863249
0.8483492,1.3863249
0.84836423,1.3400936
0.84837925,1.3400936
0.8483943,1.3400936
0.8484093,1.3400936
0.8484243,1.3400936
0.84843934,1.2938623
0.84845436,1.2938623
0.8484694,1.2938623
0.8484844,1.2938623
0.8484994,1.2476311
0.84851444,1.2476311
0.84852946,1.2476311
0.8485445,1.2476311
0.8485595,1.2476311
0.8485745,1.2013993
0.84858954,1.2013993
0.84860456,1.2013993
0.8486196,1.2013993
0.8486346,1.1551685
0.8486496,1.1551685
0.84866464,1.1551685
0.84867966,1.1551685
0.8486947,1.1089368
0.8487097,1.1089368
0.8487247,1.1089368
0.84873974,1.1089368
0.84875476,1.1089368
0.8487698,1.0627055
0.8487848,1.0627055
0.8487998,1.0627055
0.84881485,1.0627055
0.84882987,1.0164738
0.8488449,1.0164738
0.8488599,1.0164738
0.8488749,1.0164738
0.84888995,1.0164738
0.84890497,0.970243
0.84892,0.970243
0.848935,0.970243
0.84895,0.970243
0.84896505,0.92401123
0.84898007,0.92401123
0.8489951,0.92401123
0.8490101,0.92401123
0.84902513,0.87777996
0.84904015,0.87777996
0.8490552,0.87777996
0.8490702,0.87777996
0.8490852,0.87777996
0.84910023,0.8315482
0.84911525,0.8315482
0.8491303,0.8315482
0.8491453,0.8315482
0.8491603,0.7853174
0.84917533,0.7853174
0.84919035,0.7853174
0.8492054,0.7853174
0.8492204,0.7853174
0.8492354,0.7390857
0.84925044,0.7390857
0.84926546,0.7390857
0.8492805,0.7390857
0.8492955,0.6928544
0.8493105,0.6928544
0.84932554,0.6928544
0.84934056,0.6928544
0.8493556,0.64662313
0.8493706,0.64662313
0.8493856,0.64662313
0.84940064,0.64662313
0.84941566,0.64662313
0.8494307,0.60039186
0.8494457,0.60039186
0.8494607,0.60039186
0.84947574,0.60039186
0.84949076,0.5541601
0.8495058,0.5541601
0.8495208,0.5541601
0.8495358,0.5541601
0.84955084,0.5541601
0.84956586,0.50792885
0.8495809,0.50792885
0.8495959,0.50792885
0.8496109,0.50792885
0.84962595,0.46169758
0.84964097,0.46169758
0.849656,0.46169758
0.849671,0.46169758
0.849686,0.46169758
0.8497011,0.4154663
0.8497161,0.4154663
0.84973115,0.4154663
0.84974617,0.4154663
0.8497612,0.36923456
0.8497762,0.36923456
0.8497912,0.36923456
0.84980625,0.36923456
0.84982127,0.3230033
0.8498363,0.3230033
0.8498513,0.3230033
0.84986633,0.3230033
0.84988135,0.3230033
0.8498964,0.27677202
0.8499114,0.27677202
0.8499264,0.27677202
0.84994143,0.27677202
0.84995645,0.23054075
0.8499715,0.23054075
0.8499865,0.23054075
0.8500015,0.23054075
0.85001653,0.23054075
0.85003155,0.184309
0.8500466,0.184309
0.8500616,0.184309
0.8500766,0.184309
0.85009164,0.13807821
0.85010666,0.13807821
0.8501217,0.13807821
0.8501367,0.13807821
0.8501517,0.091846466
0.85016674,0.091846466
0.85018176,0.091846466
0.8501968,0.091846466
0.8502118,0.091846466
0.8502268,0.045615196
0.85024184,0.045615196
0.85025686,0.045615196
0.8502719,0.045615196
0.8502869,0.045615196
0.8503019,-6.160736E-4
0.85031694,-6.160736E-4
0.85033196,-6.160736E-4
0.850347,-0.046847343
0.850362,-0.046847343
0.850377,-0.046847343
0.85039204,-0.046847343
0.85040706,-0.046847343
0.8504221,-0.09307861
0.8504371,-0.09307861
0.8504521,-0.09307861
0.85046715,-0.09307861
0.85048217,-0.13931036
0.8504972,-0.13931036
0.8505122,-0.13931036
0.8505272,-0.13931036
0.85054225,-0.13931036
0.85055727,-0.18554163
0.8505723,-0.18554163
0.8505873,-0.18554163
0.8506023,-0.18554163
0.85061735,-0.18554163
0.85063237,-0.2317729
0.8506474,-0.2317729
0.8506624,-0.2317729
0.85067743,-0.2317729
0.85069245,-0.27800417
0.8507075,-0.27800417
0.8507225,-0.27800417
0.8507375,-0.27800417
0.85075253,-0.27800417
0.85076755,-0.32423592
0.8507826,-0.32423592
0.8507976,-0.32423592
0.8508126,-0.32423592
0.85082763,-0.3704667
0.85084265,-0.3704667
0.8508577,-0.3704667
0.8508727,-0.3704667
0.8508877,-0.3704667
0.85090274,-0.41669846
0.85091776,-0.41669846
0.8509328,-0.41669846
0.8509478,-0.41669846
0.8509628,-0.46292973
0.85097784,-0.46292973
0.85099286,-0.46292973
0.8510079,-0.46292973
0.8510229,-0.46292973
0.8510379,-0.5091615
0.85105294,-0.5091615
0.85106796,-0.5091615
0.851083,-0.5091615
0.851098,-0.5091615
0.851113,-0.55539227
0.85112804,-0.55539227
0.85114306,-0.55539227
0.8511581,-0.55539227
0.8511731,-0.601624
0.8511881,-0.601624
0.85120314,-0.601624
0.85121816,-0.601624
0.8512332,-0.601624
0.8512482,-0.6478553
0.8512632,-0.6478553
0.85127825,-0.6478553
0.85129327,-0.6478553
0.8513083,-0.694087
0.8513233,-0.694087
0.8513383,-0.694087
0.85135335,-0.694087
0.85136837,-0.694087
0.8513834,-0.7403178
0.8513984,-0.7403178
0.8514134,-0.7403178
0.85142845,-0.7403178
0.85144347,-0.7403178
0.85145855,-0.78654957
0.85147357,-0.78654957
0.8514886,-0.78654957
0.8515036,-0.78654957
0.85151863,-0.83278084
0.85153365,-0.83278084
0.8515487,-0.83278084
0.8515637,-0.83278084
0.8515787,-0.83278084
0.85159373,-0.8790121
0.85160875,-0.8790121
0.8516238,-0.8790121
0.8516388,-0.8790121
0.8516538,-0.8790121
0.85166883,-0.9252434
0.85168386,-0.9252434
0.8516989,-0.9252434
0.8517139,-0.9252434
0.8517289,-0.9252434
0.85174394,-0.9714751
0.85175896,-0.9714751
0.851774,-0.9714751
0.851789,-0.9714751
0.851804,-1.0177064
0.85181904,-1.0177064
0.85183406,-1.0177064
0.8518491,-1.0177064
0.8518641,-1.0177064
0.8518791,-1.0639377
0.85189414,-1.0639377
0.85190916,-1.0639377
0.8519242,-1.0639377
0.8519392,-1.0639377
0.8519542,-1.1101689
0.85196924,-1.1101689
0.85198426,-1.1101689
0.8519993,-1.1101689
0.8520143,-1.1564007
0.8520293,-1.1564007
0.85204434,-1.1564007
0.85205936,-1.1564007
0.8520744,-1.1564007
0.8520894,-1.202632
0.8521044,-1.202632
0.85211945,-1.202632
0.85213447,-1.202632
0.8521495,-1.202632
0.8521645,-1.2488632
0.8521795,-1.2488632
0.85219455,-1.2488632
0.85220957,-1.2488632
0.8522246,-1.2488632
0.8522396,-1.2950945
0.8522546,-1.2950945
0.85226965,-1.2950945
0.85228467,-1.2950945
0.8522997,-1.2950945
0.8523147,-1.3413262
0.85232973,-1.3413262
0.85234475,-1.3413262
0.8523598,-1.3413262
0.8523748,-1.387557
0.8523898,-1.387557
0.85240483,-1.387557
0.85241985,-1.387557
0.8524349,-1.387557
0.8524499,-1.4337888
0.8524649,-1.4337888
0.85247993,-1.4337888
0.85249496,-1.4337888
0.85251,-1.4337888
0.852525,-1.48002
0.85254,-1.48002
0.85255504,-1.48002
0.85257006,-1.48002
0.8525851,-1.48002
0.8526001,-1.48002
0.8526151,-1.48002
0.85263014,-1.48002
0.85264516,-1.5262513
0.8526602,-1.5262513
0.8526752,-1.5262513
0.8526902,-1.5262513
0.85270524,-1.5262513
0.85272026,-1.5724826
0.8527353,-1.5724826
0.8527503,-1.5724826
0.8527653,-1.5724826
0.85278034,-1.5724826
0.85279536,-1.6187139
0.8528104,-1.6187139
0.8528254,-1.6187139
0.8528404,-1.6187139
0.85285544,-1.6187139
0.85287046,-1.6187139
0.8528855,-1.6187139
0.8529005,-1.6187139
0.8529155,-1.5724826
0.85293055,-1.5724826
0.85294557,-1.5724826
0.8529606,-1.5724826
0.8529756,-1.5724826
0.8529906,-1.5262513
0.85300565,-1.5262513
0.85302067,-1.5262513
0.8530357,-1.5262513
0.8530507,-1.48002
0.8530657,-1.48002
0.85308075,-1.48002
0.85309577,-1.48002
0.8531108,-1.48002
0.8531258,-1.48002
0.85314083,-1.48002
0.85315585,-1.4337888
0.8531709,-1.4337888
0.8531859,-1.4337888
0.8532009,-1.4337888
0.853216,-1.4337888
0.853231,-1.387557
0.85324603,-1.387557
0.85326105,-1.387557
0.8532761,-1.387557
0.8532911,-1.387557
0.8533061,-1.3413262
0.85332114,-1.3413262
0.85333616,-1.3413262
0.8533512,-1.3413262
0.8533662,-1.2950945
0.8533812,-1.2950945
0.85339624,-1.2950945
0.85341126,-1.2950945
0.8534263,-1.2950945
0.8534413,-1.2488632
0.8534563,-1.2488632
0.85347134,-1.2488632
0.85348636,-1.2488632
0.8535014,-1.2488632
0.8535164,-1.202632
0.8535314,-1.202632
0.85354644,-1.202632
0.85356146,-1.202632
0.8535765,-1.1564007
0.8535915,-1.1564007
0.8536065,-1.1564007
0.85362154,-1.1564007
0.85363656,-1.1564007
0.8536516,-1.1101689
0.8536666,-1.1101689
0.8536816,-1.1101689
0.85369664,-1.1101689
0.85371166,-1.1101689
0.8537267,-1.0639377
0.8537417,-1.0639377
0.8537567,-1.0639377
0.85377175,-1.0639377
0.85378677,-1.0177064
0.8538018,-1.0177064
0.8538168,-1.0177064
0.8538318,-1.0177064
0.85384685,-1.0177064
0.85386187,-0.9714751
0.8538769,-0.9714751
0.8538919,-0.9714751
0.8539069,-0.9714751
0.85392195,-0.9252434
0.853937,-0.9252434
0.853952,-0.9252434
0.853967,-0.9252434
0.85398203,-0.9252434
0.85399705,-0.8790121
0.8540121,-0.8790121
0.8540271,-0.8790121
0.8540421,-0.8790121
0.85405713,-0.8790121
0.85407215,-0.83278084
0.8540872,-0.83278084
0.8541022,-0.83278084
0.8541172,-0.83278084
0.85413224,-0.78654957
0.85414726,-0.78654957
0.8541623,-0.78654957
0.8541773,-0.78654957
0.8541923,-0.78654957
0.85420734,-0.7403178
0.85422236,-0.7403178
0.8542374,-0.7403178
0.8542524,-0.7403178
0.8542674,-0.7403178
0.85428244,-0.694087
0.85429746,-0.694087
0.8543125,-0.694087
0.8543275,-0.694087
0.8543425,-0.694087
0.85435754,-0.6478553
0.85437256,-0.6478553
0.8543876,-0.6478553
0.8544026,-0.6478553
0.8544176,-0.601624
0.85443264,-0.601624
0.85444766,-0.601624
0.8544627,-0.601624
0.8544777,-0.601624
0.8544927,-0.55539227
0.85450774,-0.55539227
0.85452276,-0.55539227
0.8545378,-0.55539227
0.8545528,-0.55539227
0.8545678,-0.5091615
0.85458285,-0.5091615
0.85459787,-0.5091615
0.8546129,-0.5091615
0.8546279,-0.46292973
0.8546429,-0.46292973
0.85465795,-0.46292973
0.85467297,-0.46292973
0.854688,-0.46292973
0.854703,-0.41669846
0.854718,-0.41669846
0.85473305,-0.41669846
0.8547481,-0.41669846
0.8547631,-0.3704667
0.8547781,-0.3704667
0.85479313,-0.3704667
0.85480815,-0.3704667
0.8548232,-0.3704667
0.8548382,-0.32423592
0.8548532,-0.32423592
0.85486823,-0.32423592
0.85488325,-0.32423592
0.8548983,-0.32423592
0.8549133,-0.27800417
0.8549283,-0.27800417
0.85494334,-0.27800417
0.85495836,-0.27800417
0.8549734,-0.2317729
0.85498846,-0.2317729
0.8550035,-0.2317729
0.8550185,-0.2317729
0.8550335,-0.2317729
0.85504854,-0.18554163
0.85506356,-0.18554163
0.8550786,-0.18554163
0.8550936,-0.18554163
0.8551086,-0.18554163
0.85512364,-0.13931036
0.85513866,-0.13931036
0.8551537,-0.13931036
0.8551687,-0.13931036
0.8551837,-0.13931036
0.85519874,-0.09307861
0.85521376,-0.09307861
0.8552288,-0.09307861
0.8552438,-0.09307861
0.8552588,-0.046847343
0.85527384,-0.046847343
0.85528886,-0.046847343
0.8553039,-0.046847343
0.8553189,-0.046847343
0.8553339,-6.160736E-4
0.85534894,-6.160736E-4
0.85536397,-6.160736E-4
0.855379,-6.160736E-4
0.855394,0.045615196
0.855409,0.045615196
0.85542405,0.045615196
0.85543907,0.045615196
0.8554541,0.045615196
0.8554691,0.091846466
0.8554841,0.091846466
0.85549915,0.091846466
0.85551417,0.091846466
0.8555292,0.13807821
0.8555442,0.13807821
0.85555923,0.13807821
0.85557425,0.13807821
0.8555893,0.13807821
0.8556043,0.184309
0.8556193,0.184309
0.85563433,0.184309
0.85564935,0.184309
0.8556644,0.184309
0.8556794,0.23054075
0.8556944,0.23054075
0.85570943,0.23054075
0.85572445,0.23054075
0.8557395,0.27677202
0.8557545,0.27677202
0.8557695,0.27677202
0.85578454,0.27677202
0.85579956,0.27677202
0.8558146,0.3230033
0.8558296,0.3230033
0.8558446,0.3230033
0.85585964,0.3230033
0.85587466,0.3230033
0.8558897,0.36923456
0.8559047,0.36923456
0.8559197,0.36923456
0.85593474,0.36923456
0.85594976,0.36923456
0.8559648,0.4154663
0.8559798,0.4154663
0.8559948,0.4154663
0.85600984,0.4154663
0.85602486,0.46169758
0.8560399,0.46169758
0.8560549,0.46169758
0.8560699,0.46169758
0.85608494,0.46169758
0.85609996,0.50792885
0.856115,0.50792885
0.85613,0.50792885
0.856145,0.50792885
0.85616004,0.50792885
0.85617507,0.5541601
0.8561901,0.5541601
0.8562051,0.5541601
0.8562201,0.5541601
0.85623515,0.60039186
0.85625017,0.60039186
0.8562652,0.60039186
0.8562802,0.60039186
0.8562952,0.60039186
0.85631025,0.64662313
0.85632527,0.64662313
0.8563403,0.64662313
0.8563553,0.64662313
0.85637033,0.64662313
0.85638535,0.6928544
0.8564004,0.6928544
0.8564154,0.6928544
0.8564304,0.6928544
0.85644543,0.6928544
0.85646045,0.7390857
0.8564755,0.7390857
0.8564905,0.7390857
0.8565055,0.7390857
0.85652053,0.7390857
0.85653555,0.7853174
0.8565506,0.7853174
0.8565656,0.7853174
0.8565806,0.7853174
0.85659564,0.7853174
0.85661066,0.8315482
0.8566257,0.8315482
0.8566407,0.8315482
0.8566557,0.8315482
0.85667074,0.8315482
0.85668576,0.87777996
0.8567008,0.87777996
0.8567158,0.87777996
0.8567308,0.87777996
0.8567459,0.92401123
0.8567609,0.92401123
0.85677594,0.92401123
0.85679096,0.92401123
0.856806,0.92401123
0.856821,0.970243
0.856836,0.970243
0.85685104,0.970243
0.85686606,0.970243
0.8568811,0.970243
0.8568961,1.0164738
0.8569111,1.0164738
0.85692614,1.0164738
0.85694116,1.0164738
0.8569562,1.0164738
0.8569712,1.0627055
0.8569862,1.0627055
0.85700125,1.0627055
0.85701627,1.0627055
0.8570313,1.0627055
0.8570463,1.1089368
0.8570613,1.1089368
0.85707635,1.1089368
0.85709137,1.1089368
0.8571064,1.1089368
0.8571214,1.1551685
0.8571364,1.1551685
0.85715145,1.1551685
0.85716647,1.1551685
0.8571815,1.1551685
0.8571965,1.2013993
0.85721153,1.2013993
0.85722655,1.2013993
0.8572416,1.2013993
0.8572566,1.2476311
0.8572716,1.2476311
0.85728663,1.2476311
0.85730165,1.2476311
0.8573167,1.2476311
0.8573317,1.2938623
0.8573467,1.2938623
0.85736173,1.2938623
0.85737675,1.2938623
0.8573918,1.2938623
0.8574068,1.3400936
0.8574218,1.3400936
0.85743684,1.3400936
0.85745186,1.3400936
0.8574669,1.3400936
0.8574819,1.3863249
0.8574969,1.3863249
0.85751194,1.3863249
0.85752696,1.3863249
0.857542,1.3863249
0.857557,1.4325566
0.857572,1.4325566
0.85758704,1.4325566
0.85760206,1.4325566
0.8576171,1.4325566
0.8576321,1.4325566
0.8576471,1.4787879
0.85766214,1.4787879
0.85767716,1.4787879
0.8576922,1.4787879
0.8577072,1.4787879
0.8577222,1.4787879
0.85773724,1.4787879
0.85775226,1.5250192
0.8577673,1.5250192
0.8577823,1.5250192
0.8577973,1.5250192
0.85781235,1.5250192
0.85782737,1.5712504
0.8578424,1.5712504
0.8578574,1.5712504
0.8578724,1.5712504
0.85788745,1.5712504
0.85790247,1.6174817
0.8579175,1.6174817
0.8579325,1.6174817
0.8579475,1.6174817
0.85796255,1.6174817
0.85797757,1.6637135
0.8579926,1.6637135
0.8580076,1.6637135
0.85802263,1.6637135
0.85803765,1.6637135
0.8580527,1.6637135
0.8580677,1.7099442
0.8580827,1.7099442
0.85809773,1.7099442
0.85811275,1.7099442
0.8581278,1.7099442
0.8581428,1.756176
0.8581578,1.756176
0.85817283,1.756176
0.85818785,1.756176
0.8582029,1.756176
0.8582179,1.756176
0.8582329,1.756176
0.85824794,1.7099442
0.85826296,1.7099442
0.858278,1.7099442
0.858293,1.7099442
0.858308,1.6637135
0.85832304,1.6637135
0.85833806,1.6637135
0.8583531,1.6637135
0.8583681,1.6174817
0.8583831,1.6174817
0.85839814,1.6174817
0.85841316,1.6174817
0.8584282,1.5712504
0.8584432,1.5712504
0.8584582,1.5712504
0.85847324,1.5712504
0.85848826,1.5712504
0.85850334,1.5250192
0.85851836,1.5250192
0.8585334,1.5250192
0.8585484,1.5250192
0.8585634,1.4787879
0.85857844,1.4787879
0.85859346,1.4787879
0.8586085,1.4787879
0.8586235,1.4787879
0.8586385,1.4787879
0.85865355,1.4787879
0.85866857,1.4325566
0.8586836,1.4325566
0.8586986,1.4325566
0.8587136,1.4325566
0.85872865,1.4325566
0.85874367,1.3863249
0.8587587,1.3863249
0.8587737,1.3863249
0.8587887,1.3863249
0.85880375,1.3400936
0.85881877,1.3400936
0.8588338,1.3400936
0.8588488,1.3400936
0.85886383,1.2938623
0.85887885,1.2938623
0.8588939,1.2938623
0.8589089,1.2938623
0.8589239,1.2938623
0.85893893,1.2476311
0.85895395,1.2476311
0.858969,1.2476311
0.858984,1.2476311
0.858999,1.2013993
0.85901403,1.2013993
0.85902905,1.2013993
0.8590441,1.2013993
0.8590591,1.2013993
0.8590741,1.1551685
0.85908914,1.1551685
0.85910416,1.1551685
0.8591192,1.1551685
0.8591342,1.1089368
0.8591492,1.1089368
0.85916424,1.1089368
0.85917926,1.1089368
0.8591943,1.0627055
0.8592093,1.0627055
0.8592243,1.0627055
0.85923934,1.0627055
0.85925436,1.0627055
0.8592694,1.0164738
0.8592844,1.0164738
0.8592994,1.0164738
0.85931444,1.0164738
0.85932946,0.970243
0.8593445,0.970243
0.8593595,0.970243
0.8593745,0.970243
0.85938954,0.970243
0.85940456,0.92401123
0.8594196,0.92401123
0.8594346,0.92401123
0.8594496,0.92401123
0.85946465,0.87777996
0.85947967,0.87777996
0.8594947,0.87777996
0.8595097,0.87777996
0.8595247,0.8315482
0.85953975,0.8315482
0.85955477,0.8315482
0.8595698,0.8315482
0.8595848,0.8315482
0.8595998,0.7853174
0.85961485,0.7853174
0.85962987,0.7853174
0.8596449,0.7853174
0.8596599,0.7390857
0.85967493,0.7390857
0.85968995,0.7390857
0.859705,0.7390857
0.85972,0.7390857
0.859735,0.6928544
0.85975003,0.6928544
0.85976505,0.6928544
0.8597801,0.6928544
0.8597951,0.64662313
0.8598101,0.64662313
0.85982513,0.64662313
0.85984015,0.64662313
0.8598552,0.60039186
0.8598702,0.60039186
0.8598852,0.60039186
0.85990024,0.60039186
0.85991526,0.60039186
0.8599303,0.5541601
0.8599453,0.5541601
0.8599603,0.5541601
0.85997534,0.5541601
0.85999036,0.50792885
0.8600054,0.50792885
0.8600204,0.50792885
0.8600354,0.50792885
0.86005044,0.50792885
0.86006546,0.46169758
0.8600805,0.46169758
0.8600955,0.46169758
0.8601105,0.46169758
0.86012554,0.4154663
0.86014056,0.4154663
0.8601556,0.4154663
0.8601706,0.4154663
0.8601856,0.4154663
0.86020064,0.36923456
0.86021566,0.36923456
0.8602307,0.36923456
0.8602457,0.36923456
0.8602608,0.3230033
0.8602758,0.3230033
0.8602908,0.3230033
0.86030585,0.3230033
0.86032087,0.27677202
0.8603359,0.27677202
0.8603509,0.27677202
0.8603659,0.27677202
0.86038095,0.27677202
0.86039597,0.23054075
0.860411,0.23054075
0.860426,0.23054075
0.860441,0.23054075
0.86045605,0.184309
0.86047107,0.184309
0.8604861,0.184309
0.8605011,0.184309
0.86051613,0.184309
0.86053115,0.13807821
0.8605462,0.13807821
0.8605612,0.13807821
0.8605762,0.13807821
0.86059123,0.091846466
0.86060625,0.091846466
0.8606213,0.091846466
0.8606363,0.091846466
0.8606513,0.091846466
0.86066633,0.045615196
0.86068135,0.045615196
0.8606964,0.045615196
0.8607114,0.045615196
0.8607264,-6.160736E-4
0.86074144,-6.160736E-4
0.86075646,-6.160736E-4
0.8607715,-6.160736E-4
0.8607865,-0.046847343
0.8608015,-0.046847343
0.86081654,-0.046847343
0.86083156,-0.046847343
0.8608466,-0.046847343
0.8608616,-0.09307861
0.8608766,-0.09307861
0.86089164,-0.09307861
0.86090666,-0.09307861
0.8609217,-0.13931036
0.8609367,-0.13931036
0.8609517,-0.13931036
0.86096674,-0.13931036
0.86098176,-0.13931036
0.8609968,-0.18554163
0.8610118,-0.18554163
0.8610268,-0.18554163
0.86104184,-0.18554163
0.86105686,-0.2317729
0.8610719,-0.2317729
0.8610869,-0.2317729
0.8611019,-0.2317729
0.86111695,-0.2317729
0.86113197,-0.27800417
0.861147,-0.27800417
0.861162,-0.27800417
0.861177,-0.27800417
0.86119205,-0.32423592
0.86120707,-0.32423592
0.8612221,-0.32423592
0.8612371,-0.32423592
0.8612521,-0.32423592
0.86126715,-0.3704667
0.86128217,-0.3704667
0.8612972,-0.3704667
0.8613122,-0.3704667
0.86132723,-0.41669846
0.86134225,-0.41669846
0.8613573,-0.41669846
0.8613723,-0.41669846
0.8613873,-0.41669846
0.86140233,-0.46292973
0.86141735,-0.46292973
0.8614324,-0.46292973
0.8614474,-0.46292973
0.8614624,-0.5091615
0.86147743,-0.5091615
0.86149246,-0.5091615
0.8615075,-0.5091615
0.8615225,-0.5091615
0.8615375,-0.55539227
0.86155254,-0.55539227
0.86156756,-0.55539227
0.8615826,-0.55539227
0.8615976,-0.55539227
0.8616126,-0.601624
0.86162764,-0.601624
0.86164266,-0.601624
0.8616577,-0.601624
0.8616727,-0.6478553
0.8616877,-0.6478553
0.86170274,-0.6478553
0.86171776,-0.6478553
0.8617328,-0.6478553
0.8617478,-0.694087
0.8617628,-0.694087
0.86177784,-0.694087
0.86179286,-0.694087
0.8618079,-0.694087
0.8618229,-0.7403178
0.8618379,-0.7403178
0.86185294,-0.7403178
0.86186796,-0.7403178
0.861883,-0.78654957
0.861898,-0.78654957
0.861913,-0.78654957
0.86192805,-0.78654957
0.86194307,-0.78654957
0.8619581,-0.83278084
0.8619731,-0.83278084
0.8619881,-0.83278084
0.86200315,-0.83278084
0.8620182,-0.83278084
0.86203325,-0.8790121
0.86204827,-0.8790121
0.8620633,-0.8790121
0.8620783,-0.8790121
0.8620933,-0.9252434
0.86210835,-0.9252434
0.86212337,-0.9252434
0.8621384,-0.9252434
0.8621534,-0.9252434
0.86216843,-0.9714751
0.86218345,-0.9714751
0.8621985,-0.9714751
0.8622135,-0.9714751
0.8622285,-0.9714751
0.86224353,-1.0177064
0.86225855,-1.0177064
0.8622736,-1.0177064
0.8622886,-1.0177064
0.8623036,-1.0177064
0.86231863,-1.0639377
0.86233366,-1.0639377
0.8623487,-1.0639377
0.8623637,-1.0639377
0.8623787,-1.1101689
0.86239374,-1.1101689
0.86240876,-1.1101689
0.8624238,-1.1101689
0.8624388,-1.1101689
0.8624538,-1.1564007
0.86246884,-1.1564007
0.86248386,-1.1564007
0.8624989,-1.1564007
0.8625139,-1.1564007
0.8625289,-1.202632
0.86254394,-1.202632
0.86255896,-1.202632
0.862574,-1.202632
0.862589,-1.202632
0.862604,-1.2488632
0.86261904,-1.2488632
0.86263406,-1.2488632
0.8626491,-1.2488632
0.8626641,-1.2950945
0.8626791,-1.2950945
0.86269414,-1.2950945
0.86270916,-1.2950945
0.8627242,-1.2950945
0.8627392,-1.3413262
0.8627542,-1.3413262
0.86276925,-1.3413262
0.86278427,-1.3413262
0.8627993,-1.3413262
0.8628143,-1.387557
0.8628293,-1.387557
0.86284435,-1.387557
0.86285937,-1.387557
0.8628744,-1.387557
0.8628894,-1.4337888
0.8629044,-1.4337888
0.86291945,-1.4337888
0.86293447,-1.4337888
0.8629495,-1.4337888
0.8629645,-1.48002
0.86297953,-1.48002
0.86299455,-1.48002
0.8630096,-1.48002
0.8630246,-1.48002
0.8630396,-1.48002
0.86305463,-1.48002
0.86306965,-1.48002
0.8630847,-1.5262513
0.8630997,-1.5262513
0.8631147,-1.5262513
0.86312973,-1.5262513
0.86314476,-1.5262513
0.8631598,-1.5724826
0.8631748,-1.5724826
0.8631898,-1.5724826
0.86320484,-1.5724826
0.86321986,-1.6187139
0.8632349,-1.6187139
0.8632499,-1.6187139
0.8632649,-1.6187139
0.86327994,-1.6187139
0.86329496,-1.6187139
0.86331,-1.6187139
0.863325,-1.6187139
0.86334,-1.6187139
0.86335504,-1.5724826
0.86337006,-1.5724826
0.8633851,-1.5724826
0.8634001,-1.5724826
0.8634151,-1.5262513
0.86343014,-1.5262513
0.86344516,-1.5262513
0.8634602,-1.5262513
0.8634752,-1.5262513
0.8634902,-1.48002
0.86350524,-1.48002
0.86352026,-1.48002
0.8635353,-1.48002
0.8635503,-1.48002
0.8635653,-1.48002
0.86358035,-1.48002
0.86359537,-1.4337888
0.8636104,-1.4337888
0.8636254,-1.4337888
0.8636404,-1.4337888
0.86365545,-1.4337888
0.86367047,-1.387557
0.8636855,-1.387557
0.8637005,-1.387557
0.8637155,-1.387557
0.86373055,-1.3413262
0.86374557,-1.3413262
0.8637606,-1.3413262
0.8637756,-1.3413262
0.8637907,-1.3413262
0.8638057,-1.2950945
0.86382073,-1.2950945
0.86383575,-1.2950945
0.8638508,-1.2950945
0.8638658,-1.2950945
0.8638808,-1.2488632
0.86389583,-1.2488632
0.86391085,-1.2488632
0.8639259,-1.2488632
0.8639409,-1.202632
0.8639559,-1.202632
0.86397094,-1.202632
0.86398596,-1.202632
0.864001,-1.202632
0.864016,-1.1564007
0.864031,-1.1564007
0.86404604,-1.1564007
0.86406106,-1.1564007
0.8640761,-1.1564007
0.8640911,-1.1101689
0.8641061,-1.1101689
0.86412114,-1.1101689
0.86413616,-1.1101689
0.8641512,-1.0639377
0.8641662,-1.0639377
0.8641812,-1.0639377
0.86419624,-1.0639377
0.86421126,-1.0639377
0.8642263,-1.0177064
0.8642413,-1.0177064
0.8642563,-1.0177064
0.86427134,-1.0177064
0.86428636,-0.9714751
0.8643014,-0.9714751
0.8643164,-0.9714751
0.8643314,-0.9714751
0.86434644,-0.9714751
0.86436146,-0.9252434
0.8643765,-0.9252434
0.8643915,-0.9252434
0.8644065,-0.9252434
0.86442155,-0.9252434
0.86443657,-0.8790121
0.8644516,-0.8790121
0.8644666,-0.8790121
0.8644816,-0.8790121
0.86449665,-0.83278084
0.86451167,-0.83278084
0.8645267,-0.83278084
0.8645417,-0.83278084
0.8645567,-0.83278084
0.86457175,-0.78654957
0.8645868,-0.78654957
0.8646018,-0.78654957
0.8646168,-0.78654957
0.86463183,-0.78654957
0.86464685,-0.7403178
0.8646619,-0.7403178
0.8646769,-0.7403178
0.8646919,-0.7403178
0.86470693,-0.694087
0.86472195,-0.694087
0.864737,-0.694087
0.864752,-0.694087
0.864767,-0.694087
0.86478204,-0.6478553
0.86479706,-0.6478553
0.8648121,-0.6478553
0.8648271,-0.6478553
0.8648421,-0.6478553
0.86485714,-0.601624
0.86487216,-0.601624
0.8648872,-0.601624
0.8649022,-0.601624
0.8649172,-0.55539227
0.86493224,-0.55539227
0.86494726,-0.55539227
0.8649623,-0.55539227
0.8649773,-0.55539227
0.8649923,-0.5091615
0.86500734,-0.5091615
0.86502236,-0.5091615
0.8650374,-0.5091615
0.8650524,-0.5091615
0.8650674,-0.46292973
0.86508244,-0.46292973
0.86509746,-0.46292973
0.8651125,-0.46292973
0.8651275,-0.46292973
0.8651425,-0.41669846
0.86515754,-0.41669846
0.86517256,-0.41669846
0.8651876,-0.41669846
0.8652026,-0.3704667
0.8652176,-0.3704667
0.86523265,-0.3704667
0.86524767,-0.3704667
0.8652627,-0.3704667
0.8652777,-0.32423592
0.8652927,-0.32423592
0.86530775,-0.32423592
0.86532277,-0.32423592
0.8653378,-0.27800417
0.8653528,-0.27800417
0.8653678,-0.27800417
0.86538285,-0.27800417
0.8653979,-0.27800417
0.8654129,-0.2317729
0.8654279,-0.2317729
0.86544293,-0.2317729
0.86545795,-0.2317729
0.865473,-0.2317729
0.865488,-0.18554163
0.865503,-0.18554163
0.86551803,-0.18554163
0.86553305,-0.18554163
0.86554813,-0.13931036
0.86556315,-0.13931036
0.8655782,-0.13931036
0.8655932,-0.13931036
0.8656082,-0.13931036
0.86562324,-0.09307861
0.86563826,-0.09307861
0.8656533,-0.09307861
0.8656683,-0.09307861
0.8656833,-0.09307861
0.86569834,-0.046847343
0.86571336,-0.046847343
0.8657284,-0.046847343
0.8657434,-0.046847343
0.8657584,-6.160736E-4
0.86577344,-6.160736E-4
0.86578846,-6.160736E-4
0.8658035,-6.160736E-4
0.8658185,-6.160736E-4
0.8658335,0.045615196
0.86584854,0.045615196
0.86586356,0.045615196
0.8658786,0.045615196
0.8658936,0.091846466
0.8659086,0.091846466
0.86592364,0.091846466
0.86593866,0.091846466
0.8659537,0.091846466
0.8659687,0.13807821
0.8659837,0.13807821
0.86599874,0.13807821
0.86601377,0.13807821
0.8660288,0.13807821
0.8660438,0.184309
0.8660588,0.184309
0.86607385,0.184309
0.86608887,0.184309
0.8661039,0.23054075
0.8661189,0.23054075
0.8661339,0.23054075
0.86614895,0.23054075
0.86616397,0.23054075
0.866179,0.27677202
0.866194,0.27677202
0.86620903,0.27677202
0.86622405,0.27677202
0.8662391,0.27677202
0.8662541,0.3230033
0.8662691,0.3230033
0.86628413,0.3230033
0.86629915,0.3230033
0.8663142,0.3230033
0.8663292,0.36923456
0.8663442,0.36923456
0.86635923,0.36923456
0.86637425,0.36923456
0.8663893,0.4154663
0.8664043,0.4154663
0.8664193,0.4154663
0.86643434,0.4154663
0.86644936,0.4154663
0.8664644,0.46169758
0.8664794,0.46169758
0.8664944,0.46169758
0.86650944,0.46169758
0.86652446,0.46169758
0.8665395,0.50792885
0.8665545,0.50792885
0.8665695,0.50792885
0.86658454,0.50792885
0.86659956,0.5541601
0.8666146,0.5541601
0.8666296,0.5541601
0.8666446,0.5541601
0.86665964,0.5541601
0.86667466,0.60039186
0.8666897,0.60039186
0.8667047,0.60039186
0.8667197,0.60039186
0.86673474,0.60039186
0.86674976,0.64662313
0.8667648,0.64662313
0.8667798,0.64662313
0.8667948,0.64662313
0.86680984,0.64662313
0.86682487,0.6928544
0.8668399,0.6928544
0.8668549,0.6928544
0.8668699,0.6928544
0.86688495,0.6928544
0.86689997,0.7390857
0.866915,0.7390857
0.86693,0.7390857
0.866945,0.7390857
0.86696005,0.7390857
0.86697507,0.7853174
0.8669901,0.7853174
0.8670051,0.7853174
0.86702013,0.7853174
0.86703515,0.8315482
0.8670502,0.8315482
0.8670652,0.8315482
0.8670802,0.8315482
0.86709523,0.8315482
0.86711025,0.87777996
0.8671253,0.87777996
0.8671403,0.87777996
0.8671553,0.87777996
0.86717033,0.87777996
0.86718535,0.92401123
0.8672004,0.92401123
0.8672154,0.92401123
0.8672304,0.92401123
0.86724544,0.92401123
0.86726046,0.970243
0.8672755,0.970243
0.8672905,0.970243
0.8673056,0.970243
0.8673206,0.970243
0.8673356,1.0164738
0.86735064,1.0164738
0.86736566,1.0164738
0.8673807,1.0164738
0.8673957,1.0627055
0.8674107,1.0627055
0.86742574,1.0627055
0.86744076,1.0627055
0.8674558,1.0627055
0.8674708,1.1089368
0.8674858,1.1089368
0.86750084,1.1089368
0.86751586,1.1089368
0.8675309,1.1089368
0.8675459,1.1551685
0.8675609,1.1551685
0.86757594,1.1551685
0.86759096,1.1551685
0.867606,1.1551685
0.867621,1.2013993
0.867636,1.2013993
0.86765105,1.2013993
0.86766607,1.2013993
0.8676811,1.2013993
0.8676961,1.2476311
0.8677111,1.2476311
0.86772615,1.2476311
0.86774117,1.2476311
0.8677562,1.2476311
0.8677712,1.2938623
0.8677862,1.2938623
0.86780125,1.2938623
0.86781627,1.2938623
0.8678313,1.2938623
0.8678463,1.3400936
0.86786133,1.3400936
0.86787635,1.3400936
0.8678914,1.3400936
0.8679064,1.3400936
0.8679214,1.3863249
0.86793643,1.3863249
0.86795145,1.3863249
0.8679665,1.3863249
0.8679815,1.3863249
0.8679965,1.4325566
0.86801153,1.4325566
0.86802655,1.4325566
0.8680416,1.4325566
0.8680566,1.4325566
0.8680716,1.4787879
0.86808664,1.4787879
0.86810166,1.4787879
0.8681167,1.4787879
0.8681317,1.4787879
0.8681467,1.4787879
0.86816174,1.4787879
0.86817676,1.4787879
0.8681918,1.5250192
0.8682068,1.5250192
0.8682218,1.5250192
0.86823684,1.5250192
0.86825186,1.5250192
0.8682669,1.5712504
0.8682819,1.5712504
0.8682969,1.5712504
0.86831194,1.5712504
0.86832696,1.5712504
0.868342,1.6174817
0.868357,1.6174817
0.868372,1.6174817
0.86838704,1.6174817
0.86840206,1.6174817
0.8684171,1.6637135
0.8684321,1.6637135
0.8684471,1.6637135
0.86846215,1.6637135
0.86847717,1.6637135
0.8684922,1.7099442
0.8685072,1.7099442
0.8685222,1.7099442
0.86853725,1.7099442
0.86855227,1.7099442
0.8685673,1.756176
0.8685823,1.756176
0.8685973,1.756176
0.86861235,1.756176
0.86862737,1.756176
0.8686424,1.756176
0.8686574,1.756176
0.86867243,1.7099442
0.86868745,1.7099442
0.8687025,1.7099442
0.8687175,1.7099442
0.8687325,1.7099442
0.86874753,1.6637135
0.86876255,1.6637135
0.8687776,1.6637135
0.8687926,1.6637135
0.8688076,1.6174817
0.86882263,1.6174817
0.86883765,1.6174817
0.8688527,1.6174817
0.8688677,1.5712504
0.8688827,1.5712504
0.86889774,1.5712504
0.86891276,1.5712504
0.8689278,1.5250192
0.8689428,1.5250192
0.8689578,1.5250192
0.86897284,1.5250192
0.86898786,1.5250192
0.8690029,1.4787879
0.8690179,1.4787879
0.8690329,1.4787879
0.86904794,1.4787879
0.869063,1.4787879
0.86907804,1.4787879
0.86909306,1.4787879
0.8691081,1.4325566
0.8691231,1.4325566
0.8691381,1.4325566
0.86915314,1.4325566
0.86916816,1.3863249
0.8691832,1.3863249
0.8691982,1.3863249
0.8692132,1.3863249
0.86922824,1.3863249
0.86924326,1.3400936
0.8692583,1.3400936
0.8692733,1.3400936
0.8692883,1.3400936
0.86930335,1.2938623
0.86931837,1.2938623
0.8693334,1.2938623
0.8693484,1.2938623
0.8693634,1.2476311
0.86937845,1.2476311
0.86939347,1.2476311
0.8694085,1.2476311
0.8694235,1.2476311
0.8694385,1.2013993
0.86945355,1.2013993
0.86946857,1.2013993
0.8694836,1.2013993
0.8694986,1.1551685
0.86951363,1.1551685
0.86952865,1.1551685
0.8695437,1.1551685
0.8695587,1.1551685
0.8695737,1.1089368
0.86958873,1.1089368
0.86960375,1.1089368
0.8696188,1.1089368
0.8696338,1.0627055
0.8696488,1.0627055
0.86966383,1.0627055
0.86967885,1.0627055
0.8696939,1.0164738
0.8697089,1.0164738
0.8697239,1.0164738
0.86973894,1.0164738
0.86975396,1.0164738
0.869769,0.970243
0.869784,0.970243
0.869799,0.970243
0.86981404,0.970243
0.86982906,0.92401123
0.8698441,0.92401123
0.8698591,0.92401123
0.8698741,0.92401123
0.86988914,0.92401123
0.86990416,0.87777996
0.8699192,0.87777996
0.8699342,0.87777996
0.8699492,0.87777996
0.86996424,0.8315482
0.86997926,0.8315482
0.8699943,0.8315482
0.8700093,0.8315482
0.8700243,0.7853174
0.87003934,0.7853174
0.87005436,0.7853174
0.8700694,0.7853174
0.8700844,0.7853174
0.8700994,0.7390857
0.87011445,0.7390857
0.87012947,0.7390857
0.8701445,0.7390857
0.8701595,0.6928544
0.8701745,0.6928544
0.87018955,0.6928544
0.87020457,0.6928544
0.8702196,0.6928544
0.8702346,0.64662313
0.8702496,0.64662313
0.87026465,0.64662313
0.87027967,0.64662313
0.8702947,0.60039186
0.8703097,0.60039186
0.87032473,0.60039186
0.87033975,0.60039186
0.8703548,0.60039186
0.8703698,0.5541601
0.8703848,0.5541601
0.87039983,0.5541601
0.87041485,0.5541601
0.8704299,0.50792885
0.8704449,0.50792885
0.8704599,0.50792885
0.87047493,0.50792885
0.87048995,0.46169758
0.870505,0.46169758
0.87052,0.46169758
0.870535,0.46169758
0.87055004,0.46169758
0.87056506,0.4154663
0.8705801,0.4154663
0.8705951,0.4154663
0.8706101,0.4154663
0.87062514,0.36923456
0.87064016,0.36923456
0.8706552,0.36923456
0.8706702,0.36923456
0.8706852,0.36923456
0.87070024,0.3230033
0.87071526,0.3230033
0.8707303,0.3230033
0.8707453,0.3230033
0.8707603,0.27677202
0.87077534,0.27677202
0.87079036,0.27677202
0.8708054,0.27677202
0.8708204,0.23054075
0.8708355,0.23054075
0.8708505,0.23054075
0.8708655,0.23054075
0.87088054,0.23054075
0.87089556,0.184309
0.8709106,0.184309
0.8709256,0.184309
0.8709406,0.184309
0.87095565,0.184309
0.87097067,0.13807821
0.8709857,0.13807821
0.8710007,0.13807821
0.8710157,0.13807821
0.87103075,0.091846466
0.87104577,0.091846466
0.8710608,0.091846466
0.8710758,0.091846466
0.8710908,0.045615196
0.87110585,0.045615196
0.87112087,0.045615196
0.8711359,0.045615196
0.8711509,0.045615196
0.87116593,-6.160736E-4
0.87118095,-6.160736E-4
0.871196,-6.160736E-4
0.871211,-6.160736E-4
0.871226,-0.046847343
0.87124103,-0.046847343
0.87125605,-0.046847343
0.8712711,-0.046847343
0.8712861,-0.09307861
0.8713011,-0.09307861
0.87131613,-0.09307861
0.87133116,-0.09307861
0.8713462,-0.09307861
0.8713612,-0.13931036
0.8713762,-0.13931036
0.87139124,-0.13931036
0.87140626,-0.13931036
0.8714213,-0.18554163
0.8714363,-0.18554163
0.8714513,-0.18554163
0.87146634,-0.18554163
0.87148136,-0.18554163
0.8714964,-0.2317729
0.8715114,-0.2317729
0.8715264,-0.2317729
0.87154144,-0.2317729
0.87155646,-0.27800417
0.8715715,-0.27800417
0.8715865,-0.27800417
0.8716015,-0.27800417
0.87161654,-0.27800417
0.87163156,-0.32423592
0.8716466,-0.32423592
0.8716616,-0.32423592
0.8716766,-0.32423592
0.87169164,-0.3704667
0.87170666,-0.3704667
0.8717217,-0.3704667
0.8717367,-0.3704667
0.8717517,-0.3704667
0.87176675,-0.41669846
0.87178177,-0.41669846
0.8717968,-0.41669846
0.8718118,-0.41669846
0.8718268,-0.46292973
0.87184185,-0.46292973
0.87185687,-0.46292973
0.8718719,-0.46292973
0.8718869,-0.46292973
0.8719019,-0.5091615
0.87191695,-0.5091615
0.87193197,-0.5091615
0.871947,-0.5091615
0.871962,-0.5091615
0.87197703,-0.55539227
0.87199205,-0.55539227
0.8720071,-0.55539227
0.8720221,-0.55539227
0.8720371,-0.601624
0.87205213,-0.601624
0.87206715,-0.601624
0.8720822,-0.601624
0.8720972,-0.601624
0.8721122,-0.6478553
0.87212723,-0.6478553
0.87214226,-0.6478553
0.8721573,-0.6478553
0.8721723,-0.6478553
0.8721873,-0.694087
0.87220234,-0.694087
0.87221736,-0.694087
0.8722324,-0.694087
0.8722474,-0.7403178
0.8722624,-0.7403178
0.87227744,-0.7403178
0.87229246,-0.7403178
0.8723075,-0.7403178
0.8723225,-0.78654957
0.8723375,-0.78654957
0.87235254,-0.78654957
0.87236756,-0.78654957
0.8723826,-0.78654957
0.8723976,-0.83278084
0.8724126,-0.83278084
0.87242764,-0.83278084
0.87244266,-0.83278084
0.8724577,-0.8790121
0.8724727,-0.8790121
0.8724877,-0.8790121
0.87250274,-0.8790121
0.87251776,-0.8790121
0.8725328,-0.9252434
0.8725478,-0.9252434
0.8725628,-0.9252434
0.87257785,-0.9252434
0.8725929,-0.9252434
0.87260795,-0.9714751
0.87262297,-0.9714751
0.872638,-0.9714751
0.872653,-0.9714751
0.872668,-0.9714751
0.87268305,-1.0177064
0.87269807,-1.0177064
0.8727131,-1.0177064
0.8727281,-1.0177064
0.8727431,-1.0639377
0.87275815,-1.0639377
0.8727732,-1.0639377
0.8727882,-1.0639377
0.8728032,-1.0639377
0.87281823,-1.1101689
0.87283325,-1.1101689
0.8728483,-1.1101689
0.8728633,-1.1101689
0.8728783,-1.1101689
0.87289333,-1.1564007
0.87290835,-1.1564007
0.8729234,-1.1564007
0.8729384,-1.1564007
0.8729534,-1.202632
0.87296844,-1.202632
0.87298346,-1.202632
0.8729985,-1.202632
0.8730135,-1.202632
0.8730285,-1.2488632
0.87304354,-1.2488632
0.87305856,-1.2488632
0.8730736,-1.2488632
0.8730886,-1.2488632
0.8731036,-1.2950945
0.87311864,-1.2950945
0.87313366,-1.2950945
0.8731487,-1.2950945
0.8731637,-1.2950945
0.8731787,-1.3413262
0.87319374,-1.3413262
0.87320876,-1.3413262
0.8732238,-1.3413262
0.8732388,-1.3413262
0.8732538,-1.387557
0.87326884,-1.387557
0.87328386,-1.387557
0.8732989,-1.387557
0.8733139,-1.387557
0.8733289,-1.4337888
0.87334394,-1.4337888
0.87335896,-1.4337888
0.873374,-1.4337888
0.873389,-1.4337888
0.873404,-1.48002
0.87341905,-1.48002
0.87343407,-1.48002
0.8734491,-1.48002
0.8734641,-1.48002
0.8734791,-1.48002
0.87349415,-1.48002
0.87350917,-1.5262513
0.8735242,-1.5262513
0.8735392,-1.5262513
0.8735542,-1.5262513
0.87356925,-1.5262513
0.8735843,-1.5724826
0.8735993,-1.5724826
0.8736143,-1.5724826
0.87362933,-1.5724826
0.87364435,-1.5724826
0.8736594,-1.6187139
0.8736744,-1.6187139
0.8736894,-1.6187139
0.87370443,-1.6187139
0.87371945,-1.6187139
0.8737345,-1.6187139
0.8737495,-1.6187139
0.8737645,-1.6187139
0.87377954,-1.5724826
0.87379456,-1.5724826
0.8738096,-1.5724826
0.8738246,-1.5724826
0.8738396,-1.5724826
0.87385464,-1.5262513
0.87386966,-1.5262513
0.8738847,-1.5262513
0.8738997,-1.5262513
0.8739147,-1.5262513
0.87392974,-1.48002
0.87394476,-1.48002
0.8739598,-1.48002
0.8739748,-1.48002
0.8739898,-1.48002
0.87400484,-1.48002
0.87401986,-1.48002
0.8740349,-1.4337888
0.8740499,-1.4337888
0.8740649,-1.4337888
0.87407994,-1.4337888
0.87409496,-1.387557
0.87411,-1.387557
0.874125,-1.387557
0.87414,-1.387557
0.87415504,-1.387557
0.87417006,-1.3413262
0.8741851,-1.3413262
0.8742001,-1.3413262
0.8742151,-1.3413262
0.87423015,-1.3413262
0.87424517,-1.2950945
0.8742602,-1.2950945
0.8742752,-1.2950945
0.8742902,-1.2950945
0.87430525,-1.2488632
0.87432027,-1.2488632
0.8743353,-1.2488632
0.87435037,-1.2488632
0.8743654,-1.2488632
0.8743804,-1.202632
0.87439543,-1.202632
0.87441045,-1.202632
0.8744255,-1.202632
0.8744405,-1.1564007
0.8744555,-1.1564007
0.87447053,-1.1564007
0.87448555,-1.1564007
0.8745006,-1.1564007
0.8745156,-1.1101689
0.8745306,-1.1101689
0.87454563,-1.1101689
0.87456065,-1.1101689
0.8745757,-1.1101689
0.8745907,-1.0639377
0.8746057,-1.0639377
0.87462074,-1.0639377
0.87463576,-1.0639377
0.8746508,-1.0639377
0.8746658,-1.0177064
0.8746808,-1.0177064
0.87469584,-1.0177064
0.87471086,-1.0177064
0.8747259,-0.9714751
0.8747409,-0.9714751
0.8747559,-0.9714751
0.87477094,-0.9714751
0.87478596,-0.9714751
0.874801,-0.9252434
0.874816,-0.9252434
0.874831,-0.9252434
0.87484604,-0.9252434
0.87486106,-0.8790121
0.8748761,-0.8790121
0.8748911,-0.8790121
0.8749061,-0.8790121
0.87492114,-0.8790121
0.87493616,-0.8790121
0.8749512,-0.83278084
0.8749662,-0.83278084
0.8749812,-0.83278084
0.87499624,-0.83278084
0.87501127,-0.78654957
0.8750263,-0.78654957
0.8750413,-0.78654957
0.8750563,-0.78654957
0.87507135,-0.7403178
0.87508637,-0.7403178
0.8751014,-0.7403178
0.8751164,-0.7403178
0.8751314,-0.7403178
0.87514645,-0.694087
0.87516147,-0.694087
0.8751765,-0.694087
0.8751915,-0.694087
0.87520653,-0.694087
0.87522155,-0.6478553
0.8752366,-0.6478553
0.8752516,-0.6478553
0.8752666,-0.6478553
0.87528163,-0.601624
0.87529665,-0.601624
0.8753117,-0.601624
0.8753267,-0.601624
0.8753417,-0.601624
0.87535673,-0.55539227
0.87537175,-0.55539227
0.8753868,-0.55539227
0.8754018,-0.55539227
0.8754168,-0.55539227
0.87543184,-0.5091615
0.87544686,-0.5091615
0.8754619,-0.5091615
0.8754769,-0.5091615
0.8754919,-0.46292973
0.87550694,-0.46292973
0.87552196,-0.46292973
0.875537,-0.46292973
0.875552,-0.46292973
0.875567,-0.41669846
0.87558204,-0.41669846
0.87559706,-0.41669846
0.8756121,-0.41669846
0.8756271,-0.41669846
0.8756421,-0.3704667
0.87565714,-0.3704667
0.87567216,-0.3704667
0.8756872,-0.3704667
0.8757022,-0.32423592
0.8757172,-0.32423592
0.87573224,-0.32423592
0.87574726,-0.32423592
0.8757623,-0.32423592
0.8757773,-0.27800417
0.8757923,-0.27800417
0.87580734,-0.27800417
0.87582237,-0.27800417
0.8758374,-0.27800417
0.8758524,-0.2317729
0.8758674,-0.2317729
0.87588245,-0.2317729
0.87589747,-0.2317729
0.8759125,-0.18554163
0.8759275,-0.18554163
0.8759425,-0.18554163
0.87595755,-0.18554163
0.87597257,-0.18554163
0.8759876,-0.13931036
0.8760026,-0.13931036
0.87601763,-0.13931036
0.87603265,-0.13931036
0.8760477,-0.13931036
0.8760627,-0.09307861
0.8760777,-0.09307861
0.87609273,-0.09307861
0.8761078,-0.09307861
0.87612283,-0.046847343
0.87613785,-0.046847343
0.8761529,-0.046847343
0.8761679,-0.046847343
0.8761829,-0.046847343
0.87619793,-6.160736E-4
0.87621295,-6.160736E-4
0.876228,-6.160736E-4
0.876243,-6.160736E-4
0.876258,0.045615196
0.87627304,0.045615196
0.87628806,0.045615196
0.8763031,0.045615196
0.8763181,0.045615196
0.8763331,0.091846466
0.87634814,0.091846466
0.87636316,0.091846466
0.8763782,0.091846466
0.8763932,0.091846466
0.8764082,0.13807821
0.87642324,0.13807821
0.87643826,0.13807821
0.8764533,0.13807821
0.8764683,0.184309
0.8764833,0.184309
0.87649834,0.184309
0.87651336,0.184309
0.8765284,0.184309
0.8765434,0.23054075
0.8765584,0.23054075
0.87657344,0.23054075
0.87658846,0.23054075
0.8766035,0.23054075
0.8766185,0.27677202
0.8766335,0.27677202
0.87664855,0.27677202
0.87666357,0.27677202
0.8766786,0.3230033
0.8766936,0.3230033
0.8767086,0.3230033
0.87672365,0.3230033
0.87673867,0.3230033
0.8767537,0.36923456
0.8767687,0.36923456
0.8767837,0.36923456
0.87679875,0.36923456
0.87681377,0.36923456
0.8768288,0.4154663
0.8768438,0.4154663
0.87685883,0.4154663
0.87687385,0.4154663
0.8768889,0.46169758
0.8769039,0.46169758
0.8769189,0.46169758
0.87693393,0.46169758
0.87694895,0.46169758
0.876964,0.50792885
0.876979,0.50792885
0.876994,0.50792885
0.87700903,0.50792885
0.87702405,0.50792885
0.8770391,0.5541601
0.8770541,0.5541601
0.8770691,0.5541601
0.87708414,0.5541601
0.87709916,0.5541601
0.8771142,0.60039186
0.8771292,0.60039186
0.8771442,0.60039186
0.87715924,0.60039186
0.87717426,0.60039186
0.8771893,0.64662313
0.8772043,0.64662313
0.8772193,0.64662313
0.87723434,0.64662313
0.87724936,0.64662313
0.8772644,0.6928544
0.8772794,0.6928544
0.8772944,0.6928544
0.87730944,0.6928544
0.87732446,0.7390857
0.8773395,0.7390857
0.8773545,0.7390857
0.8773695,0.7390857
0.87738454,0.7390857
0.87739956,0.7853174
0.8774146,0.7853174
0.8774296,0.7853174
0.8774446,0.7853174
0.87745965,0.7853174
0.87747467,0.8315482
0.8774897,0.8315482
0.8775047,0.8315482
0.8775197,0.8315482
0.87753475,0.8315482
0.87754977,0.87777996
0.8775648,0.87777996
0.8775798,0.87777996
0.8775948,0.87777996
0.87760985,0.87777996
0.87762487,0.92401123
0.8776399,0.92401123
0.8776549,0.92401123
0.87766993,0.92401123
0.87768495,0.970243
0.8777,0.970243
0.877715,0.970243
0.87773,0.970243
0.87774503,0.970243
0.87776005,1.0164738
0.8777751,1.0164738
0.8777901,1.0164738
0.8778051,1.0164738
0.87782013,1.0164738
0.87783515,1.0627055
0.8778502,1.0627055
0.8778652,1.0627055
0.8778803,1.0627055
0.8778953,1.0627055
0.8779103,1.1089368
0.87792534,1.1089368
0.87794036,1.1089368
0.8779554,1.1089368
0.8779704,1.1089368
0.8779854,1.1551685
0.87800044,1.1551685
0.87801546,1.1551685
0.8780305,1.1551685
0.8780455,1.1551685
0.8780605,1.2013993
0.87807554,1.2013993
0.87809056,1.2013993
0.8781056,1.2013993
0.8781206,1.2013993
0.8781356,1.2476311
0.87815064,1.2476311
0.87816566,1.2476311
0.8781807,1.2476311
0.8781957,1.2476311
0.8782107,1.2938623
0.87822574,1.2938623
0.87824076,1.2938623
0.8782558,1.2938623
0.8782708,1.2938623
0.8782858,1.3400936
0.87830085,1.3400936
0.87831587,1.3400936
0.8783309,1.3400936
0.8783459,1.3400936
0.8783609,1.3863249
0.87837595,1.3863249
0.87839097,1.3863249
0.878406,1.3863249
0.878421,1.3863249
0.878436,1.4325566
0.87845105,1.4325566
0.87846607,1.4325566
0.8784811,1.4325566
0.8784961,1.4325566
0.87851113,1.4787879
0.87852615,1.4787879
0.8785412,1.4787879
0.8785562,1.4787879
0.8785712,1.4787879
0.87858623,1.4787879
0.87860125,1.4787879
0.8786163,1.4787879
0.8786313,1.5250192
0.8786463,1.5250192
0.87866133,1.5250192
0.87867635,1.5250192
0.8786914,1.5712504
0.8787064,1.5712504
0.8787214,1.5712504
0.87873644,1.5712504
0.87875146,1.5712504
0.8787665,1.5712504
0.8787815,1.6174817
0.8787965,1.6174817
0.87881154,1.6174817
0.87882656,1.6174817
0.8788416,1.6174817
0.8788566,1.6637135
0.8788716,1.6637135
0.87888664,1.6637135
0.87890166,1.6637135
0.8789167,1.6637135
0.8789317,1.7099442
0.8789467,1.7099442
0.87896174,1.7099442
0.87897676,1.7099442
0.8789918,1.7099442
0.8790068,1.756176
0.8790218,1.756176
0.87903684,1.756176
0.87905186,1.756176
0.8790669,1.756176
0.8790819,1.756176
0.8790969,1.756176
0.87911195,1.7099442
0.87912697,1.7099442
0.879142,1.7099442
0.879157,1.7099442
0.879172,1.6637135
0.87918705,1.6637135
0.87920207,1.6637135
0.8792171,1.6637135
0.8792321,1.6637135
0.8792471,1.6174817
0.87926215,1.6174817
0.87927717,1.6174817
0.8792922,1.6174817
0.8793072,1.5712504
0.87932223,1.5712504
0.87933725,1.5712504
0.8793523,1.5712504
0.8793673,1.5250192
0.8793823,1.5250192
0.87939733,1.5250192
0.87941235,1.5250192
0.8794274,1.5250192
0.8794424,1.4787879
0.8794574,1.4787879
0.87947243,1.4787879
0.87948745,1.4787879
0.8795025,1.4787879
0.8795175,1.4787879
0.8795325,1.4325566
0.87954754,1.4325566
0.87956256,1.4325566
0.8795776,1.4325566
0.8795926,1.4325566
0.8796076,1.3863249
0.87962264,1.3863249
0.8796377,1.3863249
0.87965274,1.3863249
0.87966776,1.3400936
0.8796828,1.3400936
0.8796978,1.3400936
0.8797128,1.3400936
0.87972784,1.3400936
0.87974286,1.2938623
0.8797579,1.2938623
0.8797729,1.2938623
0.8797879,1.2938623
0.87980294,1.2476311
0.87981796,1.2476311
0.879833,1.2476311
0.879848,1.2476311
0.879863,1.2013993
0.87987804,1.2013993
0.87989306,1.2013993
0.8799081,1.2013993
0.8799231,1.2013993
0.8799381,1.1551685
0.87995315,1.1551685
0.87996817,1.1551685
0.8799832,1.1551685
0.8799982,1.1089368
0.8800132,1.1089368
0.88002825,1.1089368
0.88004327,1.1089368
0.8800583,1.0627055
0.8800733,1.0627055
0.8800883,1.0627055
0.88010335,1.0627055
0.88011837,1.0627055
0.8801334,1.0164738
0.8801484,1.0164738
0.88016343,1.0164738
0.88017845,1.0164738
0.8801935,0.970243
0.8802085,0.970243
0.8802235,0.970243
0.88023853,0.970243
0.88025355,0.970243
0.8802686,0.92401123
0.8802836,0.92401123
0.8802986,0.92401123
0.88031363,0.92401123
0.88032866,0.87777996
0.8803437,0.87777996
0.8803587,0.87777996
0.8803737,0.87777996
0.88038874,0.8315482
0.88040376,0.8315482
0.8804188,0.8315482
0.8804338,0.8315482
0.8804488,0.8315482
0.88046384,0.7853174
0.88047886,0.7853174
0.8804939,0.7853174
0.8805089,0.7853174
0.8805239,0.7390857
0.88053894,0.7390857
0.88055396,0.7390857
0.880569,0.7390857
0.880584,0.7390857
0.880599,0.6928544
0.88061404,0.6928544
0.88062906,0.6928544
0.8806441,0.6928544
0.8806591,0.64662313
0.8806741,0.64662313
0.88068914,0.64662313
0.88070416,0.64662313
0.8807192,0.60039186
0.8807342,0.60039186
0.8807492,0.60039186
0.88076425,0.60039186
0.88077927,0.60039186
0.8807943,0.5541601
0.8808093,0.5541601
0.8808243,0.5541601
0.88083935,0.5541601
0.88085437,0.50792885
0.8808694,0.50792885
0.8808844,0.50792885
0.8808994,0.50792885
0.88091445,0.50792885
0.88092947,0.46169758
0.8809445,0.46169758
0.8809595,0.46169758
0.88097453,0.46169758
0.88098955,0.4154663
0.8810046,0.4154663
0.8810196,0.4154663
0.8810346,0.4154663
0.88104963,0.4154663
0.88106465,0.36923456
0.8810797,0.36923456
0.8810947,0.36923456
0.8811097,0.36923456
0.88112473,0.3230033
0.88113976,0.3230033
0.8811548,0.3230033
0.8811698,0.3230033
0.8811848,0.3230033
0.88119984,0.27677202
0.88121486,0.27677202
0.8812299,0.27677202
0.8812449,0.27677202
0.8812599,0.23054075
0.88127494,0.23054075
0.88128996,0.23054075
0.881305,0.23054075
0.88132,0.23054075
0.881335,0.184309
0.88135004,0.184309
0.88136506,0.184309
0.8813801,0.184309
0.88139516,0.13807821
0.8814102,0.13807821
0.8814252,0.13807821
0.8814402,0.13807821
0.88145524,0.13807821
0.88147026,0.091846466
0.8814853,0.091846466
0.8815003,0.091846466
0.8815153,0.091846466
0.88153034,0.045615196
0.88154536,0.045615196
0.8815604,0.045615196
0.8815754,0.045615196
0.8815904,-6.160736E-4
0.88160545,-6.160736E-4
0.88162047,-6.160736E-4
0.8816355,-6.160736E-4
0.8816505,-0.046847343
0.8816655,-0.046847343
0.88168055,-0.046847343
0.88169557,-0.046847343
0.8817106,-0.046847343
0.8817256,-0.09307861
0.8817406,-0.09307861
0.88175565,-0.09307861
0.8817707,-0.09307861
0.8817857,-0.13931036
0.8818007,-0.13931036
0.88181573,-0.13931036
0.88183075,-0.13931036
0.8818458,-0.13931036
0.8818608,-0.18554163
0.8818758,-0.18554163
0.88189083,-0.18554163
0.88190585,-0.18554163
0.8819209,-0.2317729
0.8819359,-0.2317729
0.8819509,-0.2317729
0.88196594,-0.2317729
0.88198096,-0.2317729
0.881996,-0.27800417
0.882011,-0.27800417
0.882026,-0.27800417
0.88204104,-0.27800417
0.88205606,-0.32423592
0.8820711,-0.32423592
0.8820861,-0.32423592
0.8821011,-0.32423592
0.88211614,-0.32423592
0.88213116,-0.3704667
0.8821462,-0.3704667
0.8821612,-0.3704667
0.8821762,-0.3704667
0.88219124,-0.3704667
0.88220626,-0.41669846
0.8822213,-0.41669846
0.8822363,-0.41669846
0.8822513,-0.41669846
0.88226634,-0.46292973
0.88228136,-0.46292973
0.8822964,-0.46292973
0.8823114,-0.46292973
0.8823264,-0.46292973
0.88234144,-0.5091615
0.88235646,-0.5091615
0.8823715,-0.5091615
0.8823865,-0.5091615
0.8824015,-0.55539227
0.88241655,-0.55539227
0.88243157,-0.55539227
0.8824466,-0.55539227
0.8824616,-0.55539227
0.8824766,-0.601624
0.88249165,-0.601624
0.88250667,-0.601624
0.8825217,-0.601624
0.8825367,-0.601624
0.8825517,-0.6478553
0.88256675,-0.6478553
0.8825818,-0.6478553
0.8825968,-0.6478553
0.8826118,-0.694087
0.88262683,-0.694087
0.88264185,-0.694087
0.8826569,-0.694087
0.8826719,-0.694087
0.8826869,-0.7403178
0.88270193,-0.7403178
0.88271695,-0.7403178
0.882732,-0.7403178
0.882747,-0.78654957
0.882762,-0.78654957
0.88277704,-0.78654957
0.88279206,-0.78654957
0.8828071,-0.78654957
0.8828221,-0.83278084
0.8828371,-0.83278084
0.88285214,-0.83278084
0.88286716,-0.83278084
0.8828822,-0.83278084
0.8828972,-0.8790121
0.8829122,-0.8790121
0.88292724,-0.8790121
0.88294226,-0.8790121
0.8829573,-0.8790121
0.8829723,-0.9252434
0.8829873,-0.9252434
0.88300234,-0.9252434
0.88301736,-0.9252434
0.8830324,-0.9714751
0.8830474,-0.9714751
0.8830624,-0.9714751
0.88307744,-0.9714751
0.88309246,-0.9714751
0.8831075,-1.0177064
0.8831225,-1.0177064
0.8831375,-1.0177064
0.8831526,-1.0177064
0.8831676,-1.0177064
0.88318264,-1.0639377
0.88319767,-1.0639377
0.8832127,-1.0639377
0.8832277,-1.0639377
0.8832427,-1.1101689
0.88325775,-1.1101689
0.88327277,-1.1101689
0.8832878,-1.1101689
0.8833028,-1.1101689
0.8833178,-1.1564007
0.88333285,-1.1564007
0.88334787,-1.1564007
0.8833629,-1.1564007
0.8833779,-1.1564007
0.88339293,-1.202632
0.88340795,-1.202632
0.883423,-1.202632
0.883438,-1.202632
0.883453,-1.202632
0.88346803,-1.2488632
0.88348305,-1.2488632
0.8834981,-1.2488632
0.8835131,-1.2488632
0.8835281,-1.2950945
0.88354313,-1.2950945
0.88355815,-1.2950945
0.8835732,-1.2950945
0.8835882,-1.2950945
0.8836032,-1.3413262
0.88361824,-1.3413262
0.88363326,-1.3413262
0.8836483,-1.3413262
0.8836633,-1.3413262
0.8836783,-1.387557
0.88369334,-1.387557
0.88370836,-1.387557
0.8837234,-1.387557
0.8837384,-1.387557
0.8837534,-1.4337888
0.88376844,-1.4337888
0.88378346,-1.4337888
0.8837985,-1.4337888
0.8838135,-1.4337888
0.8838285,-1.48002
0.88384354,-1.48002
0.88385856,-1.48002
0.8838736,-1.48002
0.8838886,-1.48002
0.8839036,-1.48002
0.88391864,-1.48002
0.88393366,-1.48002
0.8839487,-1.5262513
0.8839637,-1.5262513
0.8839787,-1.5262513
0.88399374,-1.5262513
0.88400877,-1.5724826
0.8840238,-1.5724826
0.8840388,-1.5724826
0.8840538,-1.5724826
0.88406885,-1.5724826
0.88408387,-1.5724826
0.8840989,-1.6187139
0.8841139,-1.6187139
0.8841289,-1.6187139
0.88414395,-1.6187139
0.88415897,-1.6187139
0.884174,-1.6187139
0.884189,-1.6187139
0.88420403,-1.6187139
0.88421905,-1.5724826
0.8842341,-1.5724826
0.8842491,-1.5724826
0.8842641,-1.5724826
0.88427913,-1.5262513
0.88429415,-1.5262513
0.8843092,-1.5262513
0.8843242,-1.5262513
0.8843392,-1.5262513
0.88435423,-1.48002
0.88436925,-1.48002
0.8843843,-1.48002
0.8843993,-1.48002
0.8844143,-1.48002
0.88442934,-1.48002
0.88444436,-1.48002
0.8844594,-1.4337888
0.8844744,-1.4337888
0.8844894,-1.4337888
0.88450444,-1.4337888
0.88451946,-1.4337888
0.8845345,-1.387557
0.8845495,-1.387557
0.8845645,-1.387557
0.88457954,-1.387557
0.88459456,-1.387557
0.8846096,-1.3413262
0.8846246,-1.3413262
0.8846396,-1.3413262
0.88465464,-1.3413262
0.88466966,-1.2950945
0.8846847,-1.2950945
0.8846997,-1.2950945
0.8847147,-1.2950945
0.88472974,-1.2950945
0.88474476,-1.2488632
0.8847598,-1.2488632
0.8847748,-1.2488632
0.8847898,-1.2488632
0.88480484,-1.202632
0.88481987,-1.202632
0.8848349,-1.202632
0.8848499,-1.202632
0.8848649,-1.202632
0.88487995,-1.1564007
0.88489497,-1.1564007
0.88491,-1.1564007
0.88492507,-1.1564007
0.8849401,-1.1564007
0.8849551,-1.1101689
0.8849701,-1.1101689
0.88498515,-1.1101689
0.88500017,-1.1101689
0.8850152,-1.0639377
0.8850302,-1.0639377
0.88504523,-1.0639377
0.88506025,-1.0639377
0.8850753,-1.0639377
0.8850903,-1.0177064
0.8851053,-1.0177064
0.88512033,-1.0177064
0.88513535,-1.0177064
0.8851504,-1.0177064
0.8851654,-0.9714751
0.8851804,-0.9714751
0.88519543,-0.9714751
0.88521045,-0.9714751
0.8852255,-0.9252434
0.8852405,-0.9252434
0.8852555,-0.9252434
0.88527054,-0.9252434
0.88528556,-0.9252434
0.8853006,-0.8790121
0.8853156,-0.8790121
0.8853306,-0.8790121
0.88534564,-0.8790121
0.88536066,-0.8790121
0.8853757,-0.83278084
0.8853907,-0.83278084
0.8854057,-0.83278084
0.88542074,-0.83278084
0.88543576,-0.78654957
0.8854508,-0.78654957
0.8854658,-0.78654957
0.8854808,-0.78654957
0.88549584,-0.78654957
0.88551086,-0.7403178
0.8855259,-0.7403178
0.8855409,-0.7403178
0.8855559,-0.7403178
0.88557094,-0.7403178
0.88558596,-0.694087
0.885601,-0.694087
0.885616,-0.694087
0.885631,-0.694087
0.88564605,-0.694087
0.88566107,-0.6478553
0.8856761,-0.6478553
0.8856911,-0.6478553
0.8857061,-0.6478553
0.88572115,-0.601624
0.88573617,-0.601624
0.8857512,-0.601624
0.8857662,-0.601624
0.8857812,-0.601624
0.88579625,-0.55539227
0.88581127,-0.55539227
0.8858263,-0.55539227
0.8858413,-0.55539227
0.88585633,-0.5091615
0.88587135,-0.5091615
0.8858864,-0.5091615
0.8859014,-0.5091615
0.8859164,-0.5091615
0.88593143,-0.46292973
0.88594645,-0.46292973
0.8859615,-0.46292973
0.8859765,-0.46292973
0.8859915,-0.46292973
0.88600653,-0.41669846
0.88602155,-0.41669846
0.8860366,-0.41669846
0.8860516,-0.41669846
0.8860666,-0.3704667
0.88608164,-0.3704667
0.88609666,-0.3704667
0.8861117,-0.3704667
0.8861267,-0.3704667
0.8861417,-0.32423592
0.88615674,-0.32423592
0.88617176,-0.32423592
0.8861868,-0.32423592
0.8862018,-0.32423592
0.8862168,-0.27800417
0.88623184,-0.27800417
0.88624686,-0.27800417
0.8862619,-0.27800417
0.8862769,-0.2317729
0.8862919,-0.2317729
0.88630694,-0.2317729
0.88632196,-0.2317729
0.886337,-0.2317729
0.886352,-0.18554163
0.886367,-0.18554163
0.88638204,-0.18554163
0.88639706,-0.18554163
0.8864121,-0.18554163
0.8864271,-0.13931036
0.8864421,-0.13931036
0.88645715,-0.13931036
0.88647217,-0.13931036
0.8864872,-0.09307861
0.8865022,-0.09307861
0.8865172,-0.09307861
0.88653225,-0.09307861
0.88654727,-0.09307861
0.8865623,-0.046847343
0.8865773,-0.046847343
0.8865923,-0.046847343
0.88660735,-0.046847343
0.88662237,-0.046847343
0.8866374,-6.160736E-4
0.8866524,-6.160736E-4
0.88666743,-6.160736E-4
0.8866825,-6.160736E-4
0.88669753,0.045615196
0.88671255,0.045615196
0.8867276,0.045615196
0.8867426,0.045615196
0.8867576,0.091846466
0.88677263,0.091846466
0.88678765,0.091846466
0.8868027,0.091846466
0.8868177,0.091846466
0.8868327,0.13807821
0.88684773,0.13807821
0.88686275,0.13807821
0.8868778,0.13807821
0.8868928,0.13807821
0.8869078,0.184309
0.88692284,0.184309
0.88693786,0.184309
0.8869529,0.184309
0.8869679,0.184309
0.8869829,0.23054075
0.88699794,0.23054075
0.88701296,0.23054075
0.887028,0.23054075
0.887043,0.27677202
0.887058,0.27677202
0.88707304,0.27677202
0.88708806,0.27677202
0.8871031,0.27677202
0.8871181,0.3230033
0.8871331,0.3230033
0.88714814,0.3230033
0.88716316,0.3230033
0.8871782,0.3230033
0.8871932,0.36923456
0.8872082,0.36923456
0.88722324,0.36923456
0.88723826,0.36923456
0.8872533,0.4154663
0.8872683,0.4154663
0.8872833,0.4154663
0.88729835,0.4154663
0.88731337,0.4154663
0.8873284,0.46169758
0.8873434,0.46169758
0.8873584,0.46169758
0.88737345,0.46169758
0.88738847,0.46169758
0.8874035,0.50792885
0.8874185,0.50792885
0.8874335,0.50792885
0.88744855,0.50792885
0.88746357,0.5541601
0.8874786,0.5541601
0.8874936,0.5541601
0.88750863,0.5541601
0.88752365,0.5541601
0.8875387,0.60039186
0.8875537,0.60039186
0.8875687,0.60039186
0.88758373,0.60039186
0.88759875,0.60039186
0.8876138,0.64662313
0.8876288,0.64662313
0.8876438,0.64662313
0.88765883,0.64662313
0.88767385,0.64662313
0.8876889,0.6928544
0.8877039,0.6928544
0.8877189,0.6928544
0.88773394,0.6928544
0.88774896,0.6928544
0.887764,0.7390857
0.887779,0.7390857
0.887794,0.7390857
0.88780904,0.7390857
0.88782406,0.7390857
0.8878391,0.7853174
0.8878541,0.7853174
0.8878691,0.7853174
0.88788414,0.7853174
0.88789916,0.7853174
0.8879142,0.8315482
0.8879292,0.8315482
0.8879442,0.8315482
0.88795924,0.8315482
0.88797426,0.8315482
0.8879893,0.87777996
0.8880043,0.87777996
0.8880193,0.87777996
0.88803434,0.87777996
0.88804936,0.92401123
0.8880644,0.92401123
0.8880794,0.92401123
0.8880944,0.92401123
0.88810945,0.92401123
0.88812447,0.970243
0.8881395,0.970243
0.8881545,0.970243
0.8881695,0.970243
0.88818455,0.970243
0.88819957,1.0164738
0.8882146,1.0164738
0.8882296,1.0164738
0.8882446,1.0164738
0.88825965,1.0164738
0.88827467,1.0627055
0.8882897,1.0627055
0.8883047,1.0627055
0.88831973,1.0627055
0.88833475,1.0627055
0.8883498,1.1089368
0.8883648,1.1089368
0.8883798,1.1089368
0.88839483,1.1089368
0.88840985,1.1089368
0.8884249,1.1551685
0.88843995,1.1551685
0.888455,1.1551685
0.88847,1.1551685
0.888485,1.1551685
0.88850003,1.2013993
0.88851506,1.2013993
0.8885301,1.2013993
0.8885451,1.2013993
0.8885601,1.2476311
0.88857514,1.2476311
0.88859016,1.2476311
0.8886052,1.2476311
0.8886202,1.2476311
0.8886352,1.2476311
0.88865024,1.2938623
0.88866526,1.2938623
0.8886803,1.2938623
0.8886953,1.2938623
0.8887103,1.3400936
0.88872534,1.3400936
0.88874036,1.3400936
0.8887554,1.3400936
0.8887704,1.3400936
0.8887854,1.3863249
0.88880044,1.3863249
0.88881546,1.3863249
0.8888305,1.3863249
0.8888455,1.3863249
0.8888605,1.4325566
0.88887554,1.4325566
0.88889056,1.4325566
0.8889056,1.4325566
0.8889206,1.4325566
0.8889356,1.4787879
0.88895065,1.4787879
0.88896567,1.4787879
0.8889807,1.4787879
0.8889957,1.4787879
0.8890107,1.4787879
0.88902575,1.4787879
0.88904077,1.4787879
0.8890558,1.5250192
0.8890708,1.5250192
0.8890858,1.5250192
0.88910085,1.5250192
0.88911587,1.5250192
0.8891309,1.5712504
0.8891459,1.5712504
0.88916093,1.5712504
0.88917595,1.5712504
0.889191,1.5712504
0.889206,1.6174817
0.889221,1.6174817
0.88923603,1.6174817
0.88925105,1.6174817
0.8892661,1.6174817
0.8892811,1.6637135
0.8892961,1.6637135
0.88931113,1.6637135
0.88932616,1.6637135
0.8893412,1.6637135
0.8893562,1.7099442
0.8893712,1.7099442
0.88938624,1.7099442
0.88940126,1.7099442
0.8894163,1.7099442
0.8894313,1.756176
0.8894463,1.756176
0.88946134,1.756176
0.88947636,1.756176
0.8894914,1.756176
0.8895064,1.756176
0.8895214,1.756176
0.88953644,1.756176
0.88955146,1.7099442
0.8895665,1.7099442
0.8895815,1.7099442
0.8895965,1.7099442
0.88961154,1.6637135
0.88962656,1.6637135
0.8896416,1.6637135
0.8896566,1.6637135
0.8896716,1.6174817
0.88968664,1.6174817
0.88970166,1.6174817
0.8897167,1.6174817
0.8897317,1.5712504
0.8897467,1.5712504
0.88976175,1.5712504
0.88977677,1.5712504
0.8897918,1.5712504
0.8898068,1.5250192
0.8898218,1.5250192
0.88983685,1.5250192
0.88985187,1.5250192
0.8898669,1.4787879
0.8898819,1.4787879
0.8898969,1.4787879
0.88991195,1.4787879
0.88992697,1.4787879
0.889942,1.4787879
0.889957,1.4787879
0.88997203,1.4325566
0.88998705,1.4325566
0.8900021,1.4325566
0.8900171,1.4325566
0.8900321,1.3863249
0.89004713,1.3863249
0.89006215,1.3863249
0.8900772,1.3863249
0.8900922,1.3863249
0.8901072,1.3400936
0.89012223,1.3400936
0.89013726,1.3400936
0.8901523,1.3400936
0.8901673,1.2938623
0.8901823,1.2938623
0.8901974,1.2938623
0.8902124,1.2938623
0.89022744,1.2938623
0.89024246,1.2476311
0.8902575,1.2476311
0.8902725,1.2476311
0.8902875,1.2476311
0.89030254,1.2013993
0.89031756,1.2013993
0.8903326,1.2013993
0.8903476,1.2013993
0.8903626,1.1551685
0.89037764,1.1551685
0.89039266,1.1551685
0.8904077,1.1551685
0.8904227,1.1551685
0.8904377,1.1089368
0.89045274,1.1089368
0.89046776,1.1089368
0.8904828,1.1089368
0.8904978,1.0627055
0.8905128,1.0627055
0.89052784,1.0627055
0.89054286,1.0627055
0.8905579,1.0164738
0.8905729,1.0164738
0.8905879,1.0164738
0.89060295,1.0164738
0.89061797,1.0164738
0.890633,0.970243
0.890648,0.970243
0.890663,0.970243
0.89067805,0.970243
0.89069307,0.92401123
0.8907081,0.92401123
0.8907231,0.92401123
0.8907381,0.92401123
0.89075315,0.92401123
0.8907682,0.87777996
0.8907832,0.87777996
0.8907982,0.87777996
0.89081323,0.87777996
0.89082825,0.8315482
0.8908433,0.8315482
0.8908583,0.8315482
0.8908733,0.8315482
0.89088833,0.7853174
0.89090335,0.7853174
0.8909184,0.7853174
0.8909334,0.7853174
0.8909484,0.7853174
0.89096344,0.7390857
0.89097846,0.7390857
0.8909935,0.7390857
0.8910085,0.7390857
0.8910235,0.6928544
0.89103854,0.6928544
0.89105356,0.6928544
0.8910686,0.6928544
0.8910836,0.6928544
0.8910986,0.64662313
0.89111364,0.64662313
0.89112866,0.64662313
0.8911437,0.64662313
0.8911587,0.60039186
0.8911737,0.60039186
0.89118874,0.60039186
0.89120376,0.60039186
0.8912188,0.60039186
0.8912338,0.5541601
0.8912488,0.5541601
0.89126384,0.5541601
0.89127886,0.5541601
0.8912939,0.50792885
0.8913089,0.50792885
0.8913239,0.50792885
0.89133894,0.50792885
0.89135396,0.46169758
0.891369,0.46169758
0.891384,0.46169758
0.891399,0.46169758
0.89141405,0.46169758
0.89142907,0.4154663
0.8914441,0.4154663
0.8914591,0.4154663
0.8914741,0.4154663
0.89148915,0.36923456
0.89150417,0.36923456
0.8915192,0.36923456
0.8915342,0.36923456
0.8915492,0.36923456
0.89156425,0.3230033
0.8915793,0.3230033
0.8915943,0.3230033
0.8916093,0.3230033
0.89162433,0.27677202
0.89163935,0.27677202
0.8916544,0.27677202
0.8916694,0.27677202
0.8916844,0.27677202
0.89169943,0.23054075
0.89171445,0.23054075
0.8917295,0.23054075
0.8917445,0.23054075
0.8917595,0.184309
0.89177454,0.184309
0.89178956,0.184309
0.8918046,0.184309
0.8918196,0.184309
0.8918346,0.13807821
0.89184964,0.13807821
0.89186466,0.13807821
0.8918797,0.13807821
0.8918947,0.091846466
0.8919097,0.091846466
0.89192474,0.091846466
0.89193976,0.091846466
0.8919548,0.091846466
0.89196986,0.045615196
0.8919849,0.045615196
0.8919999,0.045615196
0.8920149,0.045615196
0.89202994,-6.160736E-4
0.89204496,-6.160736E-4
0.89206,-6.160736E-4
0.892075,-6.160736E-4
0.89209,-0.046847343
0.89210504,-0.046847343
0.89212006,-0.046847343
0.8921351,-0.046847343
0.8921501,-0.09307861
0.8921651,-0.09307861
0.89218014,-0.09307861
0.89219517,-0.09307861
0.8922102,-0.09307861
0.8922252,-0.13931036
0.8922402,-0.13931036
0.89225525,-0.13931036
0.89227027,-0.13931036
0.8922853,-0.18554163
0.8923003,-0.18554163
0.8923153,-0.18554163
0.89233035,-0.18554163
0.89234537,-0.18554163
0.8923604,-0.2317729
0.8923754,-0.2317729
0.89239043,-0.2317729
0.89240545,-0.2317729
0.8924205,-0.2317729
0.8924355,-0.27800417
0.8924505,-0.27800417
0.89246553,-0.27800417
0.89248055,-0.27800417
0.8924956,-0.32423592
0.8925106,-0.32423592
0.8925256,-0.32423592
0.89254063,-0.32423592
0.89255565,-0.32423592
0.8925707,-0.3704667
0.8925857,-0.3704667
0.8926007,-0.3704667
0.89261574,-0.3704667
0.89263076,-0.41669846
0.8926458,-0.41669846
0.8926608,-0.41669846
0.8926758,-0.41669846
0.89269084,-0.41669846
0.89270586,-0.46292973
0.8927209,-0.46292973
0.8927359,-0.46292973
0.8927509,-0.46292973
0.89276594,-0.5091615
0.89278096,-0.5091615
0.892796,-0.5091615
0.892811,-0.5091615
0.892826,-0.5091615
0.89284104,-0.55539227
0.89285606,-0.55539227
0.8928711,-0.55539227
0.8928861,-0.55539227
0.8929011,-0.601624
0.89291614,-0.601624
0.89293116,-0.601624
0.8929462,-0.601624
0.8929612,-0.601624
0.8929762,-0.6478553
0.89299124,-0.6478553
0.89300627,-0.6478553
0.8930213,-0.6478553
0.8930363,-0.6478553
0.8930513,-0.694087
0.89306635,-0.694087
0.89308137,-0.694087
0.8930964,-0.694087
0.8931114,-0.7403178
0.8931264,-0.7403178
0.89314145,-0.7403178
0.89315647,-0.7403178
0.8931715,-0.7403178
0.8931865,-0.78654957
0.89320153,-0.78654957
0.89321655,-0.78654957
0.8932316,-0.78654957
0.8932466,-0.78654957
0.8932616,-0.83278084
0.89327663,-0.83278084
0.89329165,-0.83278084
0.8933067,-0.83278084
0.8933217,-0.83278084
0.8933367,-0.8790121
0.89335173,-0.8790121
0.89336675,-0.8790121
0.8933818,-0.8790121
0.8933968,-0.9252434
0.8934118,-0.9252434
0.89342684,-0.9252434
0.89344186,-0.9252434
0.8934569,-0.9252434
0.8934719,-0.9714751
0.8934869,-0.9714751
0.89350194,-0.9714751
0.89351696,-0.9714751
0.893532,-0.9714751
0.893547,-1.0177064
0.893562,-1.0177064
0.89357704,-1.0177064
0.89359206,-1.0177064
0.8936071,-1.0639377
0.8936221,-1.0639377
0.8936371,-1.0639377
0.89365214,-1.0639377
0.89366716,-1.0639377
0.8936822,-1.1101689
0.8936972,-1.1101689
0.8937122,-1.1101689
0.8937273,-1.1101689
0.8937423,-1.1101689
0.89375734,-1.1564007
0.89377236,-1.1564007
0.8937874,-1.1564007
0.8938024,-1.1564007
0.8938174,-1.1564007
0.89383245,-1.202632
0.89384747,-1.202632
0.8938625,-1.202632
0.8938775,-1.202632
0.8938925,-1.2488632
0.89390755,-1.2488632
0.89392257,-1.2488632
0.8939376,-1.2488632
0.8939526,-1.2488632
0.8939676,-1.2950945
0.89398265,-1.2950945
0.89399767,-1.2950945
0.8940127,-1.2950945
0.8940277,-1.2950945
0.89404273,-1.3413262
0.89405775,-1.3413262
0.8940728,-1.3413262
0.8940878,-1.3413262
0.8941028,-1.3413262
0.89411783,-1.387557
0.89413285,-1.387557
0.8941479,-1.387557
0.8941629,-1.387557
0.8941779,-1.387557
0.89419293,-1.4337888
0.89420795,-1.4337888
0.894223,-1.4337888
0.894238,-1.4337888
0.894253,-1.4337888
0.89426804,-1.48002
0.89428306,-1.48002
0.8942981,-1.48002
0.8943131,-1.48002
0.8943281,-1.48002
0.89434314,-1.48002
0.89435816,-1.48002
0.8943732,-1.5262513
0.8943882,-1.5262513
0.8944032,-1.5262513
0.89441824,-1.5262513
0.89443326,-1.5262513
0.8944483,-1.5724826
0.8944633,-1.5724826
0.8944783,-1.5724826
0.89449334,-1.5724826
0.89450836,-1.5724826
0.8945234,-1.6187139
0.8945384,-1.6187139
0.8945534,-1.6187139
0.89456844,-1.6187139
0.89458346,-1.6187139
0.8945985,-1.6187139
0.8946135,-1.6187139
0.8946285,-1.6187139
0.89464355,-1.5724826
0.89465857,-1.5724826
0.8946736,-1.5724826
0.8946886,-1.5724826
0.8947036,-1.5724826
0.89471865,-1.5262513
0.89473367,-1.5262513
0.8947487,-1.5262513
0.8947637,-1.5262513
0.8947787,-1.5262513
0.89479375,-1.48002
0.89480877,-1.48002
0.8948238,-1.48002
0.8948388,-1.48002
0.89485383,-1.48002
0.89486885,-1.48002
0.8948839,-1.48002
0.8948989,-1.4337888
0.8949139,-1.4337888
0.89492893,-1.4337888
0.89494395,-1.4337888
0.894959,-1.4337888
0.894974,-1.387557
0.894989,-1.387557
0.89500403,-1.387557
0.89501905,-1.387557
0.8950341,-1.3413262
0.8950491,-1.3413262
0.8950641,-1.3413262
0.89507914,-1.3413262
0.89509416,-1.3413262
0.8951092,-1.2950945
0.8951242,-1.2950945
0.8951392,-1.2950945
0.89515424,-1.2950945
0.89516926,-1.2488632
0.8951843,-1.2488632
0.8951993,-1.2488632
0.8952143,-1.2488632
0.89522934,-1.2488632
0.89524436,-1.202632
0.8952594,-1.202632
0.8952744,-1.202632
0.8952894,-1.202632
0.89530444,-1.202632
0.89531946,-1.1564007
0.8953345,-1.1564007
0.8953495,-1.1564007
0.8953645,-1.1564007
0.89537954,-1.1101689
0.89539456,-1.1101689
0.8954096,-1.1101689
0.8954246,-1.1101689
0.8954396,-1.1101689
0.89545465,-1.0639377
0.89546967,-1.0639377
0.89548475,-1.0639377
0.89549977,-1.0639377
0.8955148,-1.0177064
0.8955298,-1.0177064
0.8955448,-1.0177064
0.89555985,-1.0177064
0.89557487,-1.0177064
0.8955899,-0.9714751
0.8956049,-0.9714751
0.8956199,-0.9714751
0.89563495,-0.9714751
0.89564997,-0.9714751
0.895665,-0.9252434
0.89568,-0.9252434
0.89569503,-0.9252434
0.89571005,-0.9252434
0.8957251,-0.9252434
0.8957401,-0.8790121
0.8957551,-0.8790121
0.89577013,-0.8790121
0.89578515,-0.8790121
0.8958002,-0.83278084
0.8958152,-0.83278084
0.8958302,-0.83278084
0.89584523,-0.83278084
0.89586025,-0.83278084
0.8958753,-0.78654957
0.8958903,-0.78654957
0.8959053,-0.78654957
0.89592034,-0.78654957
0.89593536,-0.78654957
0.8959504,-0.7403178
0.8959654,-0.7403178
0.8959804,-0.7403178
0.89599544,-0.7403178
0.89601046,-0.694087
0.8960255,-0.694087
0.8960405,-0.694087
0.8960555,-0.694087
0.89607054,-0.694087
0.89608556,-0.6478553
0.8961006,-0.6478553
0.8961156,-0.6478553
0.8961306,-0.6478553
0.89614564,-0.6478553
0.89616066,-0.601624
0.8961757,-0.601624
0.8961907,-0.601624
0.8962057,-0.601624
0.89622074,-0.55539227
0.89623576,-0.55539227
0.8962508,-0.55539227
0.8962658,-0.55539227
0.8962808,-0.55539227
0.89629585,-0.5091615
0.89631087,-0.5091615
0.8963259,-0.5091615
0.8963409,-0.5091615
0.8963559,-0.5091615
0.89637095,-0.46292973
0.89638597,-0.46292973
0.896401,-0.46292973
0.896416,-0.46292973
0.896431,-0.41669846
0.89644605,-0.41669846
0.89646107,-0.41669846
0.8964761,-0.41669846
0.8964911,-0.41669846
0.89650613,-0.3704667
0.89652115,-0.3704667
0.8965362,-0.3704667
0.8965512,-0.3704667
0.8965662,-0.32423592
0.89658123,-0.32423592
0.89659625,-0.32423592
0.8966113,-0.32423592
0.8966263,-0.32423592
0.8966413,-0.27800417
0.89665633,-0.27800417
0.89667135,-0.27800417
0.8966864,-0.27800417
0.8967014,-0.27800417
0.8967164,-0.2317729
0.89673144,-0.2317729
0.89674646,-0.2317729
0.8967615,-0.2317729
0.8967765,-0.2317729
0.8967915,-0.18554163
0.89680654,-0.18554163
0.89682156,-0.18554163
0.8968366,-0.18554163
0.8968516,-0.13931036
0.8968666,-0.13931036
0.89688164,-0.13931036
0.89689666,-0.13931036
0.8969117,-0.13931036
0.8969267,-0.09307861
0.8969417,-0.09307861
0.89695674,-0.09307861
0.89697176,-0.09307861
0.8969868,-0.09307861
0.8970018,-0.046847343
0.8970168,-0.046847343
0.89703184,-0.046847343
0.89704686,-0.046847343
0.8970619,-6.160736E-4
0.8970769,-6.160736E-4
0.8970919,-6.160736E-4
0.89710695,-6.160736E-4
0.89712197,0.045615196
0.897137,0.045615196
0.897152,0.045615196
0.897167,0.045615196
0.89718205,0.045615196
0.89719707,0.091846466
0.8972121,0.091846466
0.8972271,0.091846466
0.8972422,0.091846466
0.8972572,0.091846466
0.8972722,0.13807821
0.89728725,0.13807821
0.89730227,0.13807821
0.8973173,0.13807821
0.8973323,0.184309
0.89734733,0.184309
0.89736235,0.184309
0.8973774,0.184309
0.8973924,0.184309
0.8974074,0.23054075
0.89742243,0.23054075
0.89743745,0.23054075
0.8974525,0.23054075
0.8974675,0.23054075
0.8974825,0.27677202
0.89749753,0.27677202
0.89751256,0.27677202
0.8975276,0.27677202
0.8975426,0.27677202
0.8975576,0.3230033
0.89757264,0.3230033
0.89758766,0.3230033
0.8976027,0.3230033
0.8976177,0.36923456
0.8976327,0.36923456
0.89764774,0.36923456
0.89766276,0.36923456
0.8976778,0.36923456
0.8976928,0.4154663
0.8977078,0.4154663
0.89772284,0.4154663
0.89773786,0.4154663
0.8977529,0.4154663
0.8977679,0.46169758
0.8977829,0.46169758
0.89779794,0.46169758
0.89781296,0.46169758
0.897828,0.50792885
0.897843,0.50792885
0.897858,0.50792885
0.89787304,0.50792885
0.89788806,0.50792885
0.8979031,0.5541601
0.8979181,0.5541601
0.8979331,0.5541601
0.89794815,0.5541601
0.89796317,0.5541601
0.8979782,0.60039186
0.8979932,0.60039186
0.8980082,0.60039186
0.89802325,0.60039186
0.89803827,0.60039186
0.8980533,0.64662313
0.8980683,0.64662313
0.8980833,0.64662313
0.89809835,0.64662313
0.89811337,0.64662313
0.8981284,0.6928544
0.8981434,0.6928544
0.89815843,0.6928544
0.89817345,0.6928544
0.8981885,0.7390857
0.8982035,0.7390857
0.8982185,0.7390857
0.89823353,0.7390857
0.89824855,0.7390857
0.8982636,0.7853174
0.8982786,0.7853174
0.8982936,0.7853174
0.89830863,0.7853174
0.89832366,0.7853174
0.8983387,0.8315482
0.8983537,0.8315482
0.8983687,0.8315482
0.89838374,0.8315482
0.89839876,0.8315482
0.8984138,0.87777996
0.8984288,0.87777996
0.8984438,0.87777996
0.89845884,0.87777996
0.89847386,0.87777996
0.8984889,0.92401123
0.8985039,0.92401123
0.8985189,0.92401123
0.89853394,0.92401123
0.89854896,0.92401123
0.898564,0.970243
0.898579,0.970243
0.898594,0.970243
0.89860904,0.970243
0.89862406,1.0164738
0.8986391,1.0164738
0.8986541,1.0164738
0.8986691,1.0164738
0.89868414,1.0164738
0.89869916,1.0164738
0.8987142,1.0627055
0.8987292,1.0627055
0.8987442,1.0627055
0.89875925,1.0627055
0.89877427,1.1089368
0.8987893,1.1089368
0.8988043,1.1089368
0.8988193,1.1089368
0.89883435,1.1089368
0.89884937,1.1551685
0.8988644,1.1551685
0.8988794,1.1551685
0.8988944,1.1551685
0.89890945,1.1551685
0.89892447,1.2013993
0.8989395,1.2013993
0.8989545,1.2013993
0.89896953,1.2013993
0.89898455,1.2013993
0.89899963,1.2476311
0.89901465,1.2476311
0.8990297,1.2476311
0.8990447,1.2476311
0.8990597,1.2476311
0.89907473,1.2938623
0.89908975,1.2938623
0.8991048,1.2938623
0.8991198,1.2938623
0.8991348,1.2938623
0.89914984,1.3400936
0.89916486,1.3400936
0.8991799,1.3400936
0.8991949,1.3400936
0.8992099,1.3400936
0.89922494,1.3863249
0.89923996,1.3863249
0.899255,1.3863249
0.89927,1.3863249
0.899285,1.3863249
0.89930004,1.4325566
0.89931506,1.4325566
0.8993301,1.4325566
0.8993451,1.4325566
0.8993601,1.4325566
0.89937514,1.4787879
0.89939016,1.4787879
0.8994052,1.4787879
0.8994202,1.4787879
0.8994352,1.4787879
0.89945024,1.4787879
0.89946526,1.4787879
0.8994803,1.4787879
0.8994953,1.5250192
0.8995103,1.5250192
0.89952534,1.5250192
0.89954036,1.5250192
0.8995554,1.5250192
0.8995704,1.5712504
0.8995854,1.5712504
0.89960045,1.5712504
0.89961547,1.5712504
0.8996305,1.5712504
0.8996455,1.6174817
0.8996605,1.6174817
0.89967555,1.6174817
0.89969057,1.6174817
0.8997056,1.6174817
0.8997206,1.6637135
0.8997356,1.6637135
0.89975065,1.6637135
0.8997657,1.6637135
0.8997807,1.6637135
0.8997957,1.7099442
0.89981073,1.7099442
0.89982575,1.7099442
0.8998408,1.7099442
0.8998558,1.7099442
0.8998708,1.756176
0.89988583,1.756176
0.89990085,1.756176
0.8999159,1.756176
0.8999309,1.756176
0.8999459,1.756176
0.89996094,1.756176
0.89997596,1.7099442
0.899991,1.7099442
0.900006,1.7099442
0.900021,1.7099442
0.90003604,1.6637135
0.90005106,1.6637135
0.9000661,1.6637135
0.9000811,1.6637135
0.9000961,1.6637135
0.90011114,1.6174817
0.90012616,1.6174817
0.9001412,1.6174817
0.9001562,1.6174817
0.9001712,1.5712504
0.90018624,1.5712504
0.90020126,1.5712504
0.9002163,1.5712504
0.9002313,1.5712504
0.9002463,1.5250192
0.90026134,1.5250192
0.90027636,1.5250192
0.9002914,1.5250192
0.9003064,1.4787879
0.9003214,1.4787879
0.90033644,1.4787879
0.90035146,1.4787879
0.9003665,1.4787879
0.9003815,1.4787879
0.9003965,1.4325566
0.90041155,1.4325566
0.90042657,1.4325566
0.9004416,1.4325566
0.9004566,1.4325566
0.9004716,1.3863249
0.90048665,1.3863249
0.90050167,1.3863249
0.9005167,1.3863249
0.9005317,1.3400936
0.9005467,1.3400936
0.90056175,1.3400936
0.9005768,1.3400936
0.9005918,1.3400936
0.9006068,1.2938623
0.90062183,1.2938623
0.90063685,1.2938623
0.9006519,1.2938623
0.9006669,1.2476311
0.9006819,1.2476311
0.90069693,1.2476311
0.90071195,1.2476311
0.900727,1.2013993
0.900742,1.2013993
0.900757,1.2013993
0.9007721,1.2013993
0.9007871,1.2013993
0.90080214,1.1551685
0.90081716,1.1551685
0.9008322,1.1551685
0.9008472,1.1551685
0.9008622,1.1089368
0.90087724,1.1089368
0.90089226,1.1089368
0.9009073,1.1089368
0.9009223,1.1089368
0.9009373,1.0627055
0.90095234,1.0627055
0.90096736,1.0627055
0.9009824,1.0627055
0.9009974,1.0164738
0.9010124,1.0164738
0.90102744,1.0164738
0.90104246,1.0164738
0.9010575,0.970243
0.9010725,0.970243
0.9010875,0.970243
0.90110254,0.970243
0.90111756,0.970243
0.9011326,0.92401123
0.9011476,0.92401123
0.9011626,0.92401123
0.90117764,0.92401123
0.90119267,0.87777996
0.9012077,0.87777996
0.9012227,0.87777996
0.9012377,0.87777996
0.90125275,0.8315482
0.90126777,0.8315482
0.9012828,0.8315482
0.9012978,0.8315482
0.9013128,0.8315482
0.90132785,0.7853174
0.90134287,0.7853174
0.9013579,0.7853174
0.9013729,0.7853174
0.90138793,0.7390857
0.90140295,0.7390857
0.901418,0.7390857
0.901433,0.7390857
0.901448,0.7390857
0.90146303,0.6928544
0.90147805,0.6928544
0.9014931,0.6928544
0.9015081,0.6928544
0.9015231,0.64662313
0.90153813,0.64662313
0.90155315,0.64662313
0.9015682,0.64662313
0.9015832,0.64662313
0.9015982,0.60039186
0.90161324,0.60039186
0.90162826,0.60039186
0.9016433,0.60039186
0.9016583,0.5541601
0.9016733,0.5541601
0.90168834,0.5541601
0.90170336,0.5541601
0.9017184,0.5541601
0.9017334,0.50792885
0.9017484,0.50792885
0.90176344,0.50792885
0.90177846,0.50792885
0.9017935,0.46169758
0.9018085,0.46169758
0.9018235,0.46169758
0.90183854,0.46169758
0.90185356,0.46169758
0.9018686,0.4154663
0.9018836,0.4154663
0.9018986,0.4154663
0.90191364,0.4154663
0.90192866,0.36923456
0.9019437,0.36923456
0.9019587,0.36923456
0.9019737,0.36923456
0.90198874,0.3230033
0.90200377,0.3230033
0.9020188,0.3230033
0.9020338,0.3230033
0.9020488,0.3230033
0.90206385,0.27677202
0.90207887,0.27677202
0.9020939,0.27677202
0.9021089,0.27677202
0.9021239,0.23054075
0.90213895,0.23054075
0.90215397,0.23054075
0.902169,0.23054075
0.902184,0.23054075
0.90219903,0.184309
0.90221405,0.184309
0.9022291,0.184309
0.9022441,0.184309
0.9022591,0.13807821
0.90227413,0.13807821
0.90228915,0.13807821
0.9023042,0.13807821
0.9023192,0.13807821
0.9023342,0.091846466
0.90234923,0.091846466
0.90236425,0.091846466
0.9023793,0.091846466
0.9023943,0.045615196
0.9024093,0.045615196
0.90242434,0.045615196
0.90243936,0.045615196
0.9024544,0.045615196
0.9024694,-6.160736E-4
0.9024844,-6.160736E-4
0.90249944,-6.160736E-4
0.90251446,-6.160736E-4
0.90252954,-0.046847343
0.90254456,-0.046847343
0.9025596,-0.046847343
0.9025746,-0.046847343
0.9025896,-0.09307861
0.90260464,-0.09307861
0.90261966,-0.09307861
0.9026347,-0.09307861
0.9026497,-0.09307861
0.9026647,-0.13931036
0.90267974,-0.13931036
0.90269476,-0.13931036
0.9027098,-0.13931036
0.9027248,-0.18554163
0.9027398,-0.18554163
0.90275484,-0.18554163
0.90276986,-0.18554163
0.9027849,-0.18554163
0.9027999,-0.2317729
0.9028149,-0.2317729
0.90282995,-0.2317729
0.90284497,-0.2317729
0.90286,-0.27800417
0.902875,-0.27800417
0.90289,-0.27800417
0.90290505,-0.27800417
0.90292007,-0.27800417
0.9029351,-0.32423592
0.9029501,-0.32423592
0.9029651,-0.32423592
0.90298015,-0.32423592
0.90299517,-0.3704667
0.9030102,-0.3704667
0.9030252,-0.3704667
0.90304023,-0.3704667
0.90305525,-0.3704667
0.9030703,-0.41669846
0.9030853,-0.41669846
0.9031003,-0.41669846
0.90311533,-0.41669846
0.90313035,-0.46292973
0.9031454,-0.46292973
0.9031604,-0.46292973
0.9031754,-0.46292973
0.90319043,-0.46292973
0.90320545,-0.5091615
0.9032205,-0.5091615
0.9032355,-0.5091615
0.9032505,-0.5091615
0.90326554,-0.55539227
0.90328056,-0.55539227
0.9032956,-0.55539227
0.9033106,-0.55539227
0.9033256,-0.55539227
0.90334064,-0.601624
0.90335566,-0.601624
0.9033707,-0.601624
0.9033857,-0.601624
0.9034007,-0.601624
0.90341574,-0.6478553
0.90343076,-0.6478553
0.9034458,-0.6478553
0.9034608,-0.6478553
0.9034758,-0.6478553
0.90349084,-0.694087
0.90350586,-0.694087
0.9035209,-0.694087
0.9035359,-0.694087
0.9035509,-0.7403178
0.90356594,-0.7403178
0.90358096,-0.7403178
0.903596,-0.7403178
0.903611,-0.7403178
0.903626,-0.78654957
0.90364105,-0.78654957
0.90365607,-0.78654957
0.9036711,-0.78654957
0.9036861,-0.83278084
0.9037011,-0.83278084
0.90371615,-0.83278084
0.90373117,-0.83278084
0.9037462,-0.83278084
0.9037612,-0.8790121
0.9037762,-0.8790121
0.90379125,-0.8790121
0.90380627,-0.8790121
0.9038213,-0.8790121
0.9038363,-0.9252434
0.90385133,-0.9252434
0.90386635,-0.9252434
0.9038814,-0.9252434
0.9038964,-0.9252434
0.9039114,-0.9714751
0.90392643,-0.9714751
0.90394145,-0.9714751
0.9039565,-0.9714751
0.9039715,-1.0177064
0.9039865,-1.0177064
0.90400153,-1.0177064
0.90401655,-1.0177064
0.9040316,-1.0177064
0.9040466,-1.0639377
0.9040616,-1.0639377
0.90407664,-1.0639377
0.90409166,-1.0639377
0.9041067,-1.0639377
0.9041217,-1.1101689
0.9041367,-1.1101689
0.90415174,-1.1101689
0.90416676,-1.1101689
0.9041818,-1.1564007
0.9041968,-1.1564007
0.9042118,-1.1564007
0.90422684,-1.1564007
0.90424186,-1.1564007
0.9042569,-1.202632
0.9042719,-1.202632
0.904287,-1.202632
0.904302,-1.202632
0.904317,-1.202632
0.90433204,-1.2488632
0.90434706,-1.2488632
0.9043621,-1.2488632
0.9043771,-1.2488632
0.9043921,-1.2488632
0.90440714,-1.2950945
0.90442216,-1.2950945
0.9044372,-1.2950945
0.9044522,-1.2950945
0.9044672,-1.2950945
0.90448225,-1.3413262
0.90449727,-1.3413262
0.9045123,-1.3413262
0.9045273,-1.3413262
0.9045423,-1.3413262
0.90455735,-1.387557
0.90457237,-1.387557
0.9045874,-1.387557
0.9046024,-1.387557
0.9046174,-1.4337888
0.90463245,-1.4337888
0.90464747,-1.4337888
0.9046625,-1.4337888
0.9046775,-1.4337888
0.90469253,-1.48002
0.90470755,-1.48002
0.9047226,-1.48002
0.9047376,-1.48002
0.9047526,-1.48002
0.90476763,-1.48002
0.90478265,-1.48002
0.9047977,-1.48002
0.9048127,-1.5262513
0.9048277,-1.5262513
0.90484273,-1.5262513
0.90485775,-1.5262513
0.9048728,-1.5262513
0.9048878,-1.5724826
0.9049028,-1.5724826
0.90491784,-1.5724826
0.90493286,-1.5724826
0.9049479,-1.5724826
0.9049629,-1.6187139
0.9049779,-1.6187139
0.90499294,-1.6187139
0.90500796,-1.6187139
0.905023,-1.6187139
0.905038,-1.6187139
0.905053,-1.6187139
0.90506804,-1.6187139
0.90508306,-1.5724826
0.9050981,-1.5724826
0.9051131,-1.5724826
0.9051281,-1.5724826
0.90514314,-1.5724826
0.90515816,-1.5262513
0.9051732,-1.5262513
0.9051882,-1.5262513
0.9052032,-1.5262513
0.90521824,-1.48002
0.90523326,-1.48002
0.9052483,-1.48002
0.9052633,-1.48002
0.9052783,-1.48002
0.90529335,-1.48002
0.90530837,-1.48002
0.9053234,-1.48002
0.9053384,-1.4337888
0.9053534,-1.4337888
0.90536845,-1.4337888
0.90538347,-1.4337888
0.9053985,-1.387557
0.9054135,-1.387557
0.9054285,-1.387557
0.90544355,-1.387557
0.90545857,-1.387557
0.9054736,-1.3413262
0.9054886,-1.3413262
0.90550363,-1.3413262
0.90551865,-1.3413262
0.9055337,-1.2950945
0.9055487,-1.2950945
0.9055637,-1.2950945
0.90557873,-1.2950945
0.90559375,-1.2950945
0.9056088,-1.2488632
0.9056238,-1.2488632
0.9056388,-1.2488632
0.90565383,-1.2488632
0.90566885,-1.2488632
0.9056839,-1.202632
0.9056989,-1.202632
0.9057139,-1.202632
0.90572894,-1.202632
0.90574396,-1.1564007
0.905759,-1.1564007
0.905774,-1.1564007
0.905789,-1.1564007
0.90580404,-1.1564007
0.90581906,-1.1101689
0.9058341,-1.1101689
0.9058491,-1.1101689
0.9058641,-1.1101689
0.90587914,-1.0639377
0.90589416,-1.0639377
0.9059092,-1.0639377
0.9059242,-1.0639377
0.9059392,-1.0639377
0.90595424,-1.0177064
0.90596926,-1.0177064
0.9059843,-1.0177064
0.9059993,-1.0177064
0.9060143,-1.0177064
0.90602934,-0.9714751
0.9060444,-0.9714751
0.90605944,-0.9714751
0.90607446,-0.9714751
0.9060895,-0.9714751
0.9061045,-0.9252434
0.9061195,-0.9252434
0.90613455,-0.9252434
0.90614957,-0.9252434
0.9061646,-0.8790121
0.9061796,-0.8790121
0.9061946,-0.8790121
0.90620965,-0.8790121
0.90622467,-0.8790121
0.9062397,-0.83278084
0.9062547,-0.83278084
0.9062697,-0.83278084
0.90628475,-0.83278084
0.90629977,-0.78654957
0.9063148,-0.78654957
0.9063298,-0.78654957
0.90634483,-0.78654957
0.90635985,-0.78654957
0.9063749,-0.7403178
0.9063899,-0.7403178
0.9064049,-0.7403178
0.90641993,-0.7403178
0.90643495,-0.7403178
0.90645,-0.694087
0.906465,-0.694087
0.90648,-0.694087
0.90649503,-0.694087
0.90651006,-0.694087
0.9065251,-0.6478553
0.9065401,-0.6478553
0.9065551,-0.6478553
0.90657014,-0.6478553
0.90658516,-0.601624
0.9066002,-0.601624
0.9066152,-0.601624
0.9066302,-0.601624
0.90664524,-0.601624
0.90666026,-0.55539227
0.9066753,-0.55539227
0.9066903,-0.55539227
0.9067053,-0.55539227
0.90672034,-0.55539227
0.90673536,-0.5091615
0.9067504,-0.5091615
0.9067654,-0.5091615
0.9067804,-0.5091615
0.90679544,-0.46292973
0.90681046,-0.46292973
0.9068255,-0.46292973
0.9068405,-0.46292973
0.9068555,-0.46292973
0.90687054,-0.41669846
0.90688556,-0.41669846
0.9069006,-0.41669846
0.9069156,-0.41669846
0.9069306,-0.3704667
0.90694565,-0.3704667
0.90696067,-0.3704667
0.9069757,-0.3704667
0.9069907,-0.3704667
0.9070057,-0.32423592
0.90702075,-0.32423592
0.90703577,-0.32423592
0.9070508,-0.32423592
0.9070658,-0.32423592
0.9070808,-0.27800417
0.90709585,-0.27800417
0.90711087,-0.27800417
0.9071259,-0.27800417
0.9071409,-0.2317729
0.90715593,-0.2317729
0.90717095,-0.2317729
0.907186,-0.2317729
0.907201,-0.2317729
0.907216,-0.18554163
0.90723103,-0.18554163
0.90724605,-0.18554163
0.9072611,-0.18554163
0.9072761,-0.18554163
0.9072911,-0.13931036
0.90730613,-0.13931036
0.90732116,-0.13931036
0.9073362,-0.13931036
0.9073512,-0.13931036
0.9073662,-0.09307861
0.90738124,-0.09307861
0.90739626,-0.09307861
0.9074113,-0.09307861
0.9074263,-0.046847343
0.9074413,-0.046847343
0.90745634,-0.046847343
0.90747136,-0.046847343
0.9074864,-0.046847343
0.9075014,-6.160736E-4
0.9075164,-6.160736E-4
0.90753144,-6.160736E-4
0.90754646,-6.160736E-4
0.9075615,0.045615196
0.9075765,0.045615196
0.9075915,0.045615196
0.90760654,0.045615196
0.90762156,0.045615196
0.9076366,0.091846466
0.9076516,0.091846466
0.9076666,0.091846466
0.90768164,0.091846466
0.90769666,0.13807821
0.9077117,0.13807821
0.9077267,0.13807821
0.9077417,0.13807821
0.90775675,0.13807821
0.90777177,0.184309
0.9077868,0.184309
0.9078018,0.184309
0.9078169,0.184309
0.9078319,0.184309
0.9078469,0.23054075
0.90786195,0.23054075
0.90787697,0.23054075
0.907892,0.23054075
0.907907,0.23054075
0.907922,0.27677202
0.90793705,0.27677202
0.9079521,0.27677202
0.9079671,0.27677202
0.9079821,0.3230033
0.90799713,0.3230033
0.90801215,0.3230033
0.9080272,0.3230033
0.9080422,0.3230033
0.9080572,0.36923456
0.90807223,0.36923456
0.90808725,0.36923456
0.9081023,0.36923456
0.9081173,0.36923456
0.9081323,0.4154663
0.90814734,0.4154663
0.90816236,0.4154663
0.9081774,0.4154663
0.9081924,0.46169758
0.9082074,0.46169758
0.90822244,0.46169758
0.90823746,0.46169758
0.9082525,0.46169758
0.9082675,0.50792885
0.9082825,0.50792885
0.90829754,0.50792885
0.90831256,0.50792885
0.9083276,0.50792885
0.9083426,0.5541601
0.9083576,0.5541601
0.90837264,0.5541601
0.90838766,0.5541601
0.9084027,0.5541601
0.9084177,0.60039186
0.9084327,0.60039186
0.90844774,0.60039186
0.90846276,0.60039186
0.9084778,0.64662313
0.9084928,0.64662313
0.9085078,0.64662313
0.90852284,0.64662313
0.90853786,0.64662313
0.9085529,0.6928544
0.9085679,0.6928544
0.9085829,0.6928544
0.90859795,0.6928544
0.90861297,0.6928544
0.908628,0.7390857
0.908643,0.7390857
0.908658,0.7390857
0.90867305,0.7390857
0.90868807,0.7390857
0.9087031,0.7853174
0.9087181,0.7853174
0.9087331,0.7853174
0.90874815,0.7853174
0.9087632,0.7853174
0.9087782,0.8315482
0.9087932,0.8315482
0.90880823,0.8315482
0.90882325,0.8315482
0.9088383,0.8315482
0.9088533,0.87777996
0.9088683,0.87777996
0.90888333,0.87777996
0.90889835,0.87777996
0.9089134,0.92401123
0.9089284,0.92401123
0.9089434,0.92401123
0.90895844,0.92401123
0.90897346,0.92401123
0.9089885,0.970243
0.9090035,0.970243
0.9090185,0.970243
0.90903354,0.970243
0.90904856,0.970243
0.9090636,1.0164738
0.9090786,1.0164738
0.9090936,1.0164738
0.90910864,1.0164738
0.90912366,1.0164738
0.9091387,1.0627055
0.9091537,1.0627055
0.9091687,1.0627055
0.90918374,1.0627055
0.90919876,1.0627055
0.9092138,1.1089368
0.9092288,1.1089368
0.9092438,1.1089368
0.90925884,1.1089368
0.90927386,1.1089368
0.9092889,1.1551685
0.9093039,1.1551685
0.9093189,1.1551685
0.90933394,1.1551685
0.90934896,1.1551685
0.909364,1.2013993
0.909379,1.2013993
0.909394,1.2013993
0.90940905,1.2013993
0.90942407,1.2013993
0.9094391,1.2476311
0.9094541,1.2476311
0.9094691,1.2476311
0.90948415,1.2476311
0.90949917,1.2938623
0.9095142,1.2938623
0.9095292,1.2938623
0.9095442,1.2938623
0.90955925,1.2938623
0.90957433,1.2938623
0.90958935,1.3400936
0.9096044,1.3400936
0.9096194,1.3400936
0.9096344,1.3400936
0.90964943,1.3863249
0.90966445,1.3863249
0.9096795,1.3863249
0.9096945,1.3863249
0.9097095,1.3863249
0.90972453,1.3863249
0.90973955,1.4325566
0.9097546,1.4325566
0.9097696,1.4325566
0.9097846,1.4325566
0.90979964,1.4325566
0.90981466,1.4787879
0.9098297,1.4787879
0.9098447,1.4787879
0.9098597,1.4787879
0.90987474,1.4787879
0.90988976,1.4787879
0.9099048,1.4787879
0.9099198,1.5250192
0.9099348,1.5250192
0.90994984,1.5250192
0.90996486,1.5250192
0.9099799,1.5250192
0.9099949,1.5712504
0.9100099,1.5712504
0.91002494,1.5712504
0.91003996,1.5712504
0.910055,1.5712504
0.91007,1.6174817
0.910085,1.6174817
0.91010004,1.6174817
0.91011506,1.6174817
0.9101301,1.6174817
0.9101451,1.6174817
0.9101601,1.6637135
0.91017514,1.6637135
0.91019017,1.6637135
0.9102052,1.6637135
0.9102202,1.6637135
0.9102352,1.7099442
0.91025025,1.7099442
0.91026527,1.7099442
0.9102803,1.7099442
0.9102953,1.7099442
0.9103103,1.756176
0.91032535,1.756176
0.91034037,1.756176
0.9103554,1.756176
0.9103704,1.756176
0.91038543,1.756176
0.91040045,1.756176
0.9104155,1.7099442
0.9104305,1.7099442
0.9104455,1.7099442
0.91046053,1.7099442
0.91047555,1.6637135
0.9104906,1.6637135
0.9105056,1.6637135
0.9105206,1.6637135
0.91053563,1.6174817
0.91055065,1.6174817
0.9105657,1.6174817
0.9105807,1.6174817
0.9105957,1.6174817
0.91061074,1.5712504
0.91062576,1.5712504
0.9106408,1.5712504
0.9106558,1.5712504
0.9106708,1.5250192
0.91068584,1.5250192
0.91070086,1.5250192
0.9107159,1.5250192
0.9107309,1.5250192
0.9107459,1.4787879
0.91076094,1.4787879
0.91077596,1.4787879
0.910791,1.4787879
0.910806,1.4787879
0.910821,1.4787879
0.91083604,1.4325566
0.91085106,1.4325566
0.9108661,1.4325566
0.9108811,1.4325566
0.9108961,1.4325566
0.91091114,1.3863249
0.91092616,1.3863249
0.9109412,1.3863249
0.9109562,1.3863249
0.9109712,1.3400936
0.91098624,1.3400936
0.91100127,1.3400936
0.9110163,1.3400936
0.9110313,1.2938623
0.9110463,1.2938623
0.91106135,1.2938623
0.91107637,1.2938623
0.9110914,1.2938623
0.9111064,1.2476311
0.9111214,1.2476311
0.91113645,1.2476311
0.91115147,1.2476311
0.9111665,1.2013993
0.9111815,1.2013993
0.91119653,1.2013993
0.91121155,1.2013993
0.9112266,1.2013993
0.9112416,1.1551685
0.9112566,1.1551685
0.91127163,1.1551685
0.91128665,1.1551685
0.9113017,1.1089368
0.9113167,1.1089368
0.9113318,1.1089368
0.9113468,1.1089368
0.9113618,1.0627055
0.91137683,1.0627055
0.91139185,1.0627055
0.9114069,1.0627055
0.9114219,1.0627055
0.9114369,1.0164738
0.91145194,1.0164738
0.91146696,1.0164738
0.911482,1.0164738
0.911497,0.970243
0.911512,0.970243
0.91152704,0.970243
0.91154206,0.970243
0.9115571,0.92401123
0.9115721,0.92401123
0.9115871,0.92401123
0.91160214,0.92401123
0.91161716,0.92401123
0.9116322,0.87777996
0.9116472,0.87777996
0.9116622,0.87777996
0.91167724,0.87777996
0.91169226,0.8315482
0.9117073,0.8315482
0.9117223,0.8315482
0.9117373,0.8315482
0.91175234,0.8315482
0.91176736,0.7853174
0.9117824,0.7853174
0.9117974,0.7853174
0.9118124,0.7853174
0.91182745,0.7390857
0.91184247,0.7390857
0.9118575,0.7390857
0.9118725,0.7390857
0.9118875,0.7390857
0.91190255,0.6928544
0.91191757,0.6928544
0.9119326,0.6928544
0.9119476,0.6928544
0.9119626,0.64662313
0.91197765,0.64662313
0.91199267,0.64662313
0.9120077,0.64662313
0.9120227,0.60039186
0.91203773,0.60039186
0.91205275,0.60039186
0.9120678,0.60039186
0.9120828,0.60039186
0.9120978,0.5541601
0.91211283,0.5541601
0.91212785,0.5541601
0.9121429,0.5541601
0.9121579,0.50792885
0.9121729,0.50792885
0.91218793,0.50792885
0.91220295,0.50792885
0.912218,0.50792885
0.912233,0.46169758
0.912248,0.46169758
0.91226304,0.46169758
0.91227806,0.46169758
0.9122931,0.4154663
0.9123081,0.4154663
0.9123231,0.4154663
0.91233814,0.4154663
0.91235316,0.36923456
0.9123682,0.36923456
0.9123832,0.36923456
0.9123982,0.36923456
0.91241324,0.36923456
0.91242826,0.3230033
0.9124433,0.3230033
0.9124583,0.3230033
0.9124733,0.3230033
0.91248834,0.27677202
0.91250336,0.27677202
0.9125184,0.27677202
0.9125334,0.27677202
0.9125484,0.27677202
0.91256344,0.23054075
0.91257846,0.23054075
0.9125935,0.23054075
0.9126085,0.23054075
0.9126235,0.184309
0.91263855,0.184309
0.91265357,0.184309
0.9126686,0.184309
0.9126836,0.184309
0.9126986,0.13807821
0.91271365,0.13807821
0.91272867,0.13807821
0.9127437,0.13807821
0.9127587,0.091846466
0.9127737,0.091846466
0.91278875,0.091846466
0.91280377,0.091846466
0.9128188,0.091846466
0.9128338,0.045615196
0.91284883,0.045615196
0.91286385,0.045615196
0.9128789,0.045615196
0.9128939,-6.160736E-4
0.9129089,-6.160736E-4
0.91292393,-6.160736E-4
0.91293895,-6.160736E-4
0.912954,-0.046847343
0.912969,-0.046847343
0.912984,-0.046847343
0.91299903,-0.046847343
0.91301405,-0.046847343
0.9130291,-0.09307861
0.9130441,-0.09307861
0.9130591,-0.09307861
0.91307414,-0.09307861
0.9130892,-0.13931036
0.91310424,-0.13931036
0.91311926,-0.13931036
0.9131343,-0.13931036
0.9131493,-0.13931036
0.9131643,-0.18554163
0.91317934,-0.18554163
0.91319436,-0.18554163
0.9132094,-0.18554163
0.9132244,-0.2317729
0.9132394,-0.2317729
0.91325444,-0.2317729
0.91326946,-0.2317729
0.9132845,-0.2317729
0.9132995,-0.27800417
0.9133145,-0.27800417
0.91332954,-0.27800417
0.91334456,-0.27800417
0.9133596,-0.32423592
0.9133746,-0.32423592
0.9133896,-0.32423592
0.91340464,-0.32423592
0.91341966,-0.32423592
0.9134347,-0.3704667
0.9134497,-0.3704667
0.9134647,-0.3704667
0.91347975,-0.3704667
0.91349477,-0.41669846
0.9135098,-0.41669846
0.9135248,-0.41669846
0.9135398,-0.41669846
0.91355485,-0.41669846
0.91356987,-0.46292973
0.9135849,-0.46292973
0.9135999,-0.46292973
0.9136149,-0.46292973
0.91362995,-0.5091615
0.91364497,-0.5091615
0.91366,-0.5091615
0.913675,-0.5091615
0.91369003,-0.5091615
0.91370505,-0.55539227
0.9137201,-0.55539227
0.9137351,-0.55539227
0.9137501,-0.55539227
0.91376513,-0.55539227
0.91378015,-0.601624
0.9137952,-0.601624
0.9138102,-0.601624
0.9138252,-0.601624
0.91384023,-0.6478553
0.91385525,-0.6478553
0.9138703,-0.6478553
0.9138853,-0.6478553
0.9139003,-0.6478553
0.91391534,-0.694087
0.91393036,-0.694087
0.9139454,-0.694087
0.9139604,-0.694087
0.9139754,-0.694087
0.91399044,-0.7403178
0.91400546,-0.7403178
0.9140205,-0.7403178
0.9140355,-0.7403178
0.9140505,-0.78654957
0.91406554,-0.78654957
0.91408056,-0.78654957
0.9140956,-0.78654957
0.9141106,-0.78654957
0.9141256,-0.83278084
0.91414064,-0.83278084
0.91415566,-0.83278084
0.9141707,-0.83278084
0.9141857,-0.83278084
0.9142007,-0.8790121
0.91421574,-0.8790121
0.91423076,-0.8790121
0.9142458,-0.8790121
0.9142608,-0.9252434
0.9142758,-0.9252434
0.91429085,-0.9252434
0.91430587,-0.9252434
0.9143209,-0.9252434
0.9143359,-0.9714751
0.9143509,-0.9714751
0.91436595,-0.9714751
0.91438097,-0.9714751
0.914396,-0.9714751
0.914411,-1.0177064
0.914426,-1.0177064
0.91444105,-1.0177064
0.91445607,-1.0177064
0.9144711,-1.0177064
0.9144861,-1.0639377
0.91450113,-1.0639377
0.91451615,-1.0639377
0.9145312,-1.0639377
0.9145462,-1.1101689
0.9145612,-1.1101689
0.91457623,-1.1101689
0.91459125,-1.1101689
0.9146063,-1.1101689
0.9146213,-1.1564007
0.9146363,-1.1564007
0.91465133,-1.1564007
0.91466635,-1.1564007
0.9146814,-1.1564007
0.9146964,-1.202632
0.9147114,-1.202632
0.91472644,-1.202632
0.91474146,-1.202632
0.9147565,-1.202632
0.9147715,-1.2488632
0.9147865,-1.2488632
0.91480154,-1.2488632
0.91481656,-1.2488632
0.9148316,-1.2488632
0.9148466,-1.2950945
0.9148617,-1.2950945
0.9148767,-1.2950945
0.9148917,-1.2950945
0.91490674,-1.3413262
0.91492176,-1.3413262
0.9149368,-1.3413262
0.9149518,-1.3413262
0.9149668,-1.3413262
0.91498184,-1.387557
0.91499686,-1.387557
0.9150119,-1.387557
0.9150269,-1.387557
0.9150419,-1.387557
0.91505694,-1.4337888
0.91507196,-1.4337888
0.915087,-1.4337888
0.915102,-1.4337888
0.915117,-1.4337888
0.91513205,-1.48002
0.91514707,-1.48002
0.9151621,-1.48002
0.9151771,-1.48002
0.9151921,-1.48002
0.91520715,-1.48002
0.91522217,-1.48002
0.9152372,-1.5262513
0.9152522,-1.5262513
0.9152672,-1.5262513
0.91528225,-1.5262513
0.91529727,-1.5262513
0.9153123,-1.5262513
0.9153273,-1.5724826
0.91534233,-1.5724826
0.91535735,-1.5724826
0.9153724,-1.5724826
0.9153874,-1.6187139
0.9154024,-1.6187139
0.91541743,-1.6187139
0.91543245,-1.6187139
0.9154475,-1.6187139
0.9154625,-1.6187139
0.9154775,-1.6187139
0.91549253,-1.6187139
0.91550756,-1.6187139
0.9155226,-1.5724826
0.9155376,-1.5724826
0.9155526,-1.5724826
0.91556764,-1.5724826
0.91558266,-1.5262513
0.9155977,-1.5262513
0.9156127,-1.5262513
0.9156277,-1.5262513
0.91564274,-1.5262513
0.91565776,-1.48002
0.9156728,-1.48002
0.9156878,-1.48002
0.9157028,-1.48002
0.91571784,-1.48002
0.91573286,-1.48002
0.9157479,-1.48002
0.9157629,-1.4337888
0.9157779,-1.4337888
0.91579294,-1.4337888
0.91580796,-1.4337888
0.915823,-1.4337888
0.915838,-1.387557
0.915853,-1.387557
0.91586804,-1.387557
0.91588306,-1.387557
0.9158981,-1.3413262
0.9159131,-1.3413262
0.9159281,-1.3413262
0.91594315,-1.3413262
0.91595817,-1.3413262
0.9159732,-1.2950945
0.9159882,-1.2950945
0.9160032,-1.2950945
0.91601825,-1.2950945
0.91603327,-1.2950945
0.9160483,-1.2488632
0.9160633,-1.2488632
0.9160783,-1.2488632
0.91609335,-1.2488632
0.91610837,-1.202632
0.9161234,-1.202632
0.9161384,-1.202632
0.91615343,-1.202632
0.91616845,-1.202632
0.9161835,-1.1564007
0.9161985,-1.1564007
0.9162135,-1.1564007
0.91622853,-1.1564007
0.91624355,-1.1564007
0.9162586,-1.1101689
0.9162736,-1.1101689
0.9162886,-1.1101689
0.91630363,-1.1101689
0.91631866,-1.0639377
0.9163337,-1.0639377
0.9163487,-1.0639377
0.9163637,-1.0639377
0.91637874,-1.0639377
0.91639376,-1.0177064
0.9164088,-1.0177064
0.9164238,-1.0177064
0.9164388,-1.0177064
0.91645384,-0.9714751
0.91646886,-0.9714751
0.9164839,-0.9714751
0.9164989,-0.9714751
0.9165139,-0.9714751
0.91652894,-0.9252434
0.91654396,-0.9252434
0.916559,-0.9252434
0.916574,-0.9252434
0.916589,-0.9252434
0.91660404,-0.8790121
0.9166191,-0.8790121
0.91663414,-0.8790121
0.91664916,-0.8790121
0.9166642,-0.83278084
0.9166792,-0.83278084
0.9166942,-0.83278084
0.91670924,-0.83278084
0.91672426,-0.83278084
0.9167393,-0.78654957
0.9167543,-0.78654957
0.9167693,-0.78654957
0.91678435,-0.78654957
0.91679937,-0.78654957
0.9168144,-0.7403178
0.9168294,-0.7403178
0.9168444,-0.7403178
0.91685945,-0.7403178
0.91687447,-0.7403178
0.9168895,-0.694087
0.9169045,-0.694087
0.9169195,-0.694087
0.91693455,-0.694087
0.91694957,-0.6478553
0.9169646,-0.6478553
0.9169796,-0.6478553
0.91699463,-0.6478553
0.91700965,-0.6478553
0.9170247,-0.601624
0.9170397,-0.601624
0.9170547,-0.601624
0.91706973,-0.601624
0.91708475,-0.55539227
0.9170998,-0.55539227
0.9171148,-0.55539227
0.9171298,-0.55539227
0.91714483,-0.55539227
0.91715986,-0.5091615
0.9171749,-0.5091615
0.9171899,-0.5091615
0.9172049,-0.5091615
0.91721994,-0.5091615
0.91723496,-0.46292973
0.91725,-0.46292973
0.917265,-0.46292973
0.91728,-0.46292973
0.91729504,-0.46292973
0.91731006,-0.41669846
0.9173251,-0.41669846
0.9173401,-0.41669846
0.9173551,-0.41669846
0.91737014,-0.3704667
0.91738516,-0.3704667
0.9174002,-0.3704667
0.9174152,-0.3704667
0.9174302,-0.3704667
0.91744524,-0.32423592
0.91746026,-0.32423592
0.9174753,-0.32423592
0.9174903,-0.32423592
0.9175053,-0.32423592
0.91752034,-0.27800417
0.91753536,-0.27800417
0.9175504,-0.27800417
0.9175654,-0.27800417
0.9175804,-0.2317729
0.91759545,-0.2317729
0.91761047,-0.2317729
0.9176255,-0.2317729
0.9176405,-0.2317729
0.9176555,-0.18554163
0.91767055,-0.18554163
0.91768557,-0.18554163
0.9177006,-0.18554163
0.9177156,-0.13931036
0.9177306,-0.13931036
0.91774565,-0.13931036
0.91776067,-0.13931036
0.9177757,-0.13931036
0.9177907,-0.09307861
0.91780573,-0.09307861
0.91782075,-0.09307861
0.9178358,-0.09307861
0.9178508,-0.09307861
0.9178658,-0.046847343
0.91788083,-0.046847343
0.91789585,-0.046847343
0.9179109,-0.046847343
0.9179259,-0.046847343
0.9179409,-6.160736E-4
0.91795594,-6.160736E-4
0.91797096,-6.160736E-4
0.917986,-6.160736E-4
0.918001,0.045615196
0.918016,0.045615196
0.91803104,0.045615196
0.91804606,0.045615196
0.9180611,0.091846466
0.9180761,0.091846466
0.9180911,0.091846466
0.91810614,0.091846466
0.91812116,0.091846466
0.9181362,0.13807821
0.9181512,0.13807821
0.9181662,0.13807821
0.91818124,0.13807821
0.91819626,0.13807821
0.9182113,0.184309
0.9182263,0.184309
0.9182413,0.184309
0.91825634,0.184309
0.91827136,0.23054075
0.9182864,0.23054075
0.9183014,0.23054075
0.9183164,0.23054075
0.91833144,0.23054075
0.91834646,0.27677202
0.9183615,0.27677202
0.91837656,0.27677202
0.9183916,0.27677202
0.9184066,0.27677202
0.9184216,0.3230033
0.91843665,0.3230033
0.91845167,0.3230033
0.9184667,0.3230033
0.9184817,0.3230033
0.9184967,0.36923456
0.91851175,0.36923456
0.91852677,0.36923456
0.9185418,0.36923456
0.9185568,0.4154663
0.9185718,0.4154663
0.91858685,0.4154663
0.9186019,0.4154663
0.9186169,0.4154663
0.9186319,0.46169758
0.91864693,0.46169758
0.91866195,0.46169758
0.918677,0.46169758
0.918692,0.46169758
0.918707,0.50792885
0.91872203,0.50792885
0.91873705,0.50792885
0.9187521,0.50792885
0.9187671,0.5541601
0.9187821,0.5541601
0.91879714,0.5541601
0.91881216,0.5541601
0.9188272,0.5541601
0.9188422,0.60039186
0.9188572,0.60039186
0.91887224,0.60039186
0.91888726,0.60039186
0.9189023,0.60039186
0.9189173,0.64662313
0.9189323,0.64662313
0.91894734,0.64662313
0.91896236,0.64662313
0.9189774,0.64662313
0.9189924,0.6928544
0.9190074,0.6928544
0.91902244,0.6928544
0.91903746,0.6928544
0.9190525,0.6928544
0.9190675,0.7390857
0.9190825,0.7390857
0.91909754,0.7390857
0.91911256,0.7390857
0.9191276,0.7853174
0.9191426,0.7853174
0.9191576,0.7853174
0.91917264,0.7853174
0.91918766,0.7853174
0.9192027,0.8315482
0.9192177,0.8315482
0.9192327,0.8315482
0.91924775,0.8315482
0.91926277,0.8315482
0.9192778,0.87777996
0.9192928,0.87777996
0.9193078,0.87777996
0.91932285,0.87777996
0.91933787,0.87777996
0.9193529,0.92401123
0.9193679,0.92401123
0.9193829,0.92401123
0.91939795,0.92401123
0.919413,0.92401123
0.919428,0.970243
0.919443,0.970243
0.91945803,0.970243
0.91947305,0.970243
0.9194881,0.970243
0.9195031,1.0164738
0.9195181,1.0164738
0.91953313,1.0164738
0.91954815,1.0164738
0.9195632,1.0164738
0.9195782,1.0627055
0.9195932,1.0627055
0.91960824,1.0627055
0.91962326,1.0627055
0.9196383,1.0627055
0.9196533,1.1089368
0.9196683,1.1089368
0.91968334,1.1089368
0.91969836,1.1089368
0.9197134,1.1551685
0.9197284,1.1551685
0.9197434,1.1551685
0.91975844,1.1551685
0.91977346,1.1551685
0.9197885,1.2013993
0.9198035,1.2013993
0.9198185,1.2013993
0.91983354,1.2013993
0.91984856,1.2013993
0.9198636,1.2476311
0.9198786,1.2476311
0.9198936,1.2476311
0.91990864,1.2476311
0.91992366,1.2476311
0.9199387,1.2938623
0.9199537,1.2938623
0.9199687,1.2938623
0.91998374,1.2938623
0.91999876,1.2938623
0.9200138,1.3400936
0.9200288,1.3400936
0.9200438,1.3400936
0.92005885,1.3400936
0.92007387,1.3400936
0.9200889,1.3863249
0.9201039,1.3863249
0.9201189,1.3863249
0.920134,1.3863249
0.920149,1.3863249
0.92016405,1.4325566
0.92017907,1.4325566
0.9201941,1.4325566
0.9202091,1.4325566
0.92022413,1.4325566
0.92023915,1.4787879
0.9202542,1.4787879
0.9202692,1.4787879
0.9202842,1.4787879
0.92029923,1.4787879
0.92031425,1.4787879
0.9203293,1.4787879
0.9203443,1.4787879
0.9203593,1.5250192
0.92037433,1.5250192
0.92038935,1.5250192
0.9204044,1.5250192
0.9204194,1.5250192
0.9204344,1.5712504
0.92044944,1.5712504
0.92046446,1.5712504
0.9204795,1.5712504
0.9204945,1.5712504
0.9205095,1.6174817
0.92052454,1.6174817
0.92053956,1.6174817
0.9205546,1.6174817
0.9205696,1.6174817
0.9205846,1.6637135
0.92059964,1.6637135
0.92061466,1.6637135
0.9206297,1.6637135
0.9206447,1.6637135
0.9206597,1.7099442
0.92067474,1.7099442
0.92068976,1.7099442
0.9207048,1.7099442
0.9207198,1.7099442
0.9207348,1.756176
0.92074984,1.756176
0.92076486,1.756176
0.9207799,1.756176
0.9207949,1.756176
0.9208099,1.756176
0.92082494,1.756176
0.92083997,1.7099442
0.920855,1.7099442
0.92087,1.7099442
0.920885,1.7099442
0.92090005,1.7099442
0.92091507,1.6637135
0.9209301,1.6637135
0.9209451,1.6637135
0.9209601,1.6637135
0.92097515,1.6174817
0.92099017,1.6174817
0.9210052,1.6174817
0.9210202,1.6174817
0.92103523,1.5712504
0.92105025,1.5712504
0.9210653,1.5712504
0.9210803,1.5712504
0.9210953,1.5712504
0.92111033,1.5250192
0.92112535,1.5250192
0.9211404,1.5250192
0.9211554,1.5250192
0.9211704,1.4787879
0.92118543,1.4787879
0.92120045,1.4787879
0.9212155,1.4787879
0.9212305,1.4787879
0.9212455,1.4787879
0.92126054,1.4787879
0.92127556,1.4325566
0.9212906,1.4325566
0.9213056,1.4325566
0.9213206,1.4325566
0.92133564,1.3863249
0.92135066,1.3863249
0.9213657,1.3863249
0.9213807,1.3863249
0.9213957,1.3863249
0.92141074,1.3400936
0.92142576,1.3400936
0.9214408,1.3400936
0.9214558,1.3400936
0.9214708,1.2938623
0.92148584,1.2938623
0.92150086,1.2938623
0.9215159,1.2938623
0.9215309,1.2476311
0.9215459,1.2476311
0.92156094,1.2476311
0.92157596,1.2476311
0.921591,1.2476311
0.921606,1.2013993
0.921621,1.2013993
0.92163604,1.2013993
0.92165107,1.2013993
0.9216661,1.1551685
0.9216811,1.1551685
0.9216961,1.1551685
0.92171115,1.1551685
0.92172617,1.1551685
0.9217412,1.1089368
0.9217562,1.1089368
0.9217712,1.1089368
0.92178625,1.1089368
0.92180127,1.0627055
0.9218163,1.0627055
0.9218313,1.0627055
0.92184633,1.0627055
0.92186135,1.0164738
0.9218764,1.0164738
0.9218914,1.0164738
0.9219065,1.0164738
0.9219215,1.0164738
0.9219365,0.970243
0.92195153,0.970243
0.92196655,0.970243
0.9219816,0.970243
0.9219966,0.92401123
0.9220116,0.92401123
0.92202663,0.92401123
0.92204165,0.92401123
0.9220567,0.87777996
0.9220717,0.87777996
0.9220867,0.87777996
0.92210174,0.87777996
0.92211676,0.87777996
0.9221318,0.8315482
0.9221468,0.8315482
0.9221618,0.8315482
0.92217684,0.8315482
0.92219186,0.7853174
0.9222069,0.7853174
0.9222219,0.7853174
0.9222369,0.7853174
0.92225194,0.7853174
0.92226696,0.7390857
0.922282,0.7390857
0.922297,0.7390857
0.922312,0.7390857
0.92232704,0.6928544
0.92234206,0.6928544
0.9223571,0.6928544
0.9223721,0.6928544
0.9223871,0.6928544
0.92240214,0.64662313
0.92241716,0.64662313
0.9224322,0.64662313
0.9224472,0.64662313
0.9224622,0.60039186
0.92247725,0.60039186
0.92249227,0.60039186
0.9225073,0.60039186
0.9225223,0.5541601
0.9225373,0.5541601
0.92255235,0.5541601
0.92256737,0.5541601
0.9225824,0.5541601
0.9225974,0.50792885
0.9226124,0.50792885
0.92262745,0.50792885
0.92264247,0.50792885
0.9226575,0.46169758
0.9226725,0.46169758
0.92268753,0.46169758
0.92270255,0.46169758
0.9227176,0.46169758
0.9227326,0.4154663
0.9227476,0.4154663
0.92276263,0.4154663
0.92277765,0.4154663
0.9227927,0.36923456
0.9228077,0.36923456
0.9228227,0.36923456
0.92283773,0.36923456
0.92285275,0.36923456
0.9228678,0.3230033
0.9228828,0.3230033
0.9228978,0.3230033
0.92291284,0.3230033
0.92292786,0.27677202
0.9229429,0.27677202
0.9229579,0.27677202
0.9229729,0.27677202
0.92298794,0.23054075
0.92300296,0.23054075
0.923018,0.23054075
0.923033,0.23054075
0.923048,0.23054075
0.92306304,0.184309
0.92307806,0.184309
0.9230931,0.184309
0.9231081,0.184309
0.9231231,0.13807821
0.92313814,0.13807821
0.92315316,0.13807821
0.9231682,0.13807821
0.9231832,0.13807821
0.9231982,0.091846466
0.92321324,0.091846466
0.92322826,0.091846466
0.9232433,0.091846466
0.9232583,0.045615196
0.9232733,0.045615196
0.92328835,0.045615196
0.92330337,0.045615196
0.9233184,0.045615196
0.9233334,-6.160736E-4
0.9233484,-6.160736E-4
0.92336345,-6.160736E-4
0.92337847,-6.160736E-4
0.9233935,-0.046847343
0.9234085,-0.046847343
0.9234235,-0.046847343
0.92343855,-0.046847343
0.92345357,-0.09307861
0.9234686,-0.09307861
0.9234836,-0.09307861
0.92349863,-0.09307861
0.92351365,-0.09307861
0.9235287,-0.13931036
0.9235437,-0.13931036
0.9235587,-0.13931036
0.92357373,-0.13931036
0.92358875,-0.18554163
0.9236038,-0.18554163
0.9236188,-0.18554163
0.9236338,-0.18554163
0.92364883,-0.18554163
0.9236639,-0.2317729
0.92367893,-0.2317729
0.92369395,-0.2317729
0.923709,-0.2317729
0.923724,-0.27800417
0.923739,-0.27800417
0.92375404,-0.27800417
0.92376906,-0.27800417
0.9237841,-0.27800417
0.9237991,-0.32423592
0.9238141,-0.32423592
0.92382914,-0.32423592
0.92384416,-0.32423592
0.9238592,-0.3704667
0.9238742,-0.3704667
0.9238892,-0.3704667
0.92390424,-0.3704667
0.92391926,-0.3704667
0.9239343,-0.41669846
0.9239493,-0.41669846
0.9239643,-0.41669846
0.92397934,-0.41669846
0.92399436,-0.46292973
0.9240094,-0.46292973
0.9240244,-0.46292973
0.9240394,-0.46292973
0.92405444,-0.46292973
0.92406946,-0.5091615
0.9240845,-0.5091615
0.9240995,-0.5091615
0.9241145,-0.5091615
0.92412955,-0.5091615
0.92414457,-0.55539227
0.9241596,-0.55539227
0.9241746,-0.55539227
0.9241896,-0.55539227
0.92420465,-0.601624
0.92421967,-0.601624
0.9242347,-0.601624
0.9242497,-0.601624
0.9242647,-0.601624
0.92427975,-0.6478553
0.92429477,-0.6478553
0.9243098,-0.6478553
0.9243248,-0.6478553
0.92433983,-0.694087
0.92435485,-0.694087
0.9243699,-0.694087
0.9243849,-0.694087
0.9243999,-0.694087
0.92441493,-0.7403178
0.92442995,-0.7403178
0.924445,-0.7403178
0.92446,-0.7403178
0.924475,-0.7403178
0.92449003,-0.78654957
0.92450505,-0.78654957
0.9245201,-0.78654957
0.9245351,-0.78654957
0.9245501,-0.83278084
0.92456514,-0.83278084
0.92458016,-0.83278084
0.9245952,-0.83278084
0.9246102,-0.83278084
0.9246252,-0.8790121
0.92464024,-0.8790121
0.92465526,-0.8790121
0.9246703,-0.8790121
0.9246853,-0.8790121
0.9247003,-0.9252434
0.92471534,-0.9252434
0.92473036,-0.9252434
0.9247454,-0.9252434
0.9247604,-0.9252434
0.9247754,-0.9714751
0.92479044,-0.9714751
0.92480546,-0.9714751
0.9248205,-0.9714751
0.9248355,-1.0177064
0.9248505,-1.0177064
0.92486554,-1.0177064
0.92488056,-1.0177064
0.9248956,-1.0177064
0.9249106,-1.0639377
0.9249256,-1.0639377
0.92494065,-1.0639377
0.92495567,-1.0639377
0.9249707,-1.0639377
0.9249857,-1.1101689
0.9250007,-1.1101689
0.92501575,-1.1101689
0.92503077,-1.1101689
0.9250458,-1.1101689
0.9250608,-1.1564007
0.9250758,-1.1564007
0.92509085,-1.1564007
0.92510587,-1.1564007
0.9251209,-1.202632
0.9251359,-1.202632
0.92515093,-1.202632
0.92516595,-1.202632
0.925181,-1.202632
0.925196,-1.2488632
0.925211,-1.2488632
0.92522603,-1.2488632
0.92524105,-1.2488632
0.9252561,-1.2488632
0.9252711,-1.2950945
0.9252861,-1.2950945
0.92530113,-1.2950945
0.92531615,-1.2950945
0.9253312,-1.2950945
0.9253462,-1.3413262
0.9253612,-1.3413262
0.92537624,-1.3413262
0.92539126,-1.3413262
0.9254063,-1.3413262
0.92542136,-1.387557
0.9254364,-1.387557
0.9254514,-1.387557
0.9254664,-1.387557
0.92548144,-1.387557
0.92549646,-1.4337888
0.9255115,-1.4337888
0.9255265,-1.4337888
0.9255415,-1.4337888
0.92555654,-1.4337888
0.92557156,-1.48002
0.9255866,-1.48002
0.9256016,-1.48002
0.9256166,-1.48002
0.92563164,-1.48002
0.92564666,-1.48002
0.9256617,-1.48002
0.9256767,-1.5262513
0.9256917,-1.5262513
0.92570674,-1.5262513
0.92572176,-1.5262513
0.9257368,-1.5262513
0.9257518,-1.5724826
0.9257668,-1.5724826
0.92578185,-1.5724826
0.92579687,-1.5724826
0.9258119,-1.5724826
0.9258269,-1.6187139
0.9258419,-1.6187139
0.92585695,-1.6187139
0.92587197,-1.6187139
0.925887,-1.6187139
0.925902,-1.6187139
0.925917,-1.6187139
0.92593205,-1.6187139
0.92594707,-1.5724826
0.9259621,-1.5724826
0.9259771,-1.5724826
0.92599213,-1.5724826
0.92600715,-1.5724826
0.9260222,-1.5262513
0.9260372,-1.5262513
0.9260522,-1.5262513
0.92606723,-1.5262513
0.92608225,-1.48002
0.9260973,-1.48002
0.9261123,-1.48002
0.9261273,-1.48002
0.92614233,-1.48002
0.92615736,-1.48002
0.9261724,-1.48002
0.9261874,-1.48002
0.9262024,-1.4337888
0.92621744,-1.4337888
0.92623246,-1.4337888
0.9262475,-1.4337888
0.9262625,-1.387557
0.9262775,-1.387557
0.92629254,-1.387557
0.92630756,-1.387557
0.9263226,-1.387557
0.9263376,-1.3413262
0.9263526,-1.3413262
0.92636764,-1.3413262
0.92638266,-1.3413262
0.9263977,-1.3413262
0.9264127,-1.2950945
0.9264277,-1.2950945
0.92644274,-1.2950945
0.92645776,-1.2950945
0.9264728,-1.2488632
0.9264878,-1.2488632
0.9265028,-1.2488632
0.92651784,-1.2488632
0.92653286,-1.2488632
0.9265479,-1.202632
0.9265629,-1.202632
0.9265779,-1.202632
0.92659295,-1.202632
0.92660797,-1.1564007
0.926623,-1.1564007
0.926638,-1.1564007
0.926653,-1.1564007
0.92666805,-1.1564007
0.92668307,-1.1101689
0.9266981,-1.1101689
0.9267131,-1.1101689
0.9267281,-1.1101689
0.92674315,-1.1101689
0.92675817,-1.0639377
0.9267732,-1.0639377
0.9267882,-1.0639377
0.92680323,-1.0639377
0.92681825,-1.0177064
0.9268333,-1.0177064
0.9268483,-1.0177064
0.9268633,-1.0177064
0.92687833,-1.0177064
0.92689335,-0.9714751
0.9269084,-0.9714751
0.9269234,-0.9714751
0.9269384,-0.9714751
0.92695343,-0.9714751
0.92696846,-0.9252434
0.9269835,-0.9252434
0.9269985,-0.9252434
0.9270135,-0.9252434
0.92702854,-0.8790121
0.92704356,-0.8790121
0.9270586,-0.8790121
0.9270736,-0.8790121
0.9270886,-0.8790121
0.92710364,-0.83278084
0.92711866,-0.83278084
0.9271337,-0.83278084
0.9271487,-0.83278084
0.9271637,-0.83278084
0.9271788,-0.78654957
0.9271938,-0.78654957
0.92720884,-0.78654957
0.92722386,-0.78654957
0.9272389,-0.7403178
0.9272539,-0.7403178
0.9272689,-0.7403178
0.92728394,-0.7403178
0.92729896,-0.7403178
0.927314,-0.694087
0.927329,-0.694087
0.927344,-0.694087
0.92735904,-0.694087
0.92737406,-0.694087
0.9273891,-0.6478553
0.9274041,-0.6478553
0.9274191,-0.6478553
0.92743415,-0.6478553
0.92744917,-0.6478553
0.9274642,-0.601624
0.9274792,-0.601624
0.9274942,-0.601624
0.92750925,-0.601624
0.92752427,-0.55539227
0.9275393,-0.55539227
0.9275543,-0.55539227
0.9275693,-0.55539227
0.92758435,-0.55539227
0.9275994,-0.5091615
0.9276144,-0.5091615
0.9276294,-0.5091615
0.92764443,-0.5091615
0.92765945,-0.5091615
0.9276745,-0.46292973
0.9276895,-0.46292973
0.9277045,-0.46292973
0.92771953,-0.46292973
0.92773455,-0.41669846
0.9277496,-0.41669846
0.9277646,-0.41669846
0.9277796,-0.41669846
0.92779464,-0.41669846
0.92780966,-0.3704667
0.9278247,-0.3704667
0.9278397,-0.3704667
0.9278547,-0.3704667
0.92786974,-0.32423592
0.92788476,-0.32423592
0.9278998,-0.32423592
0.9279148,-0.32423592
0.9279298,-0.32423592
0.92794484,-0.27800417
0.92795986,-0.27800417
0.9279749,-0.27800417
0.9279899,-0.27800417
0.9280049,-0.27800417
0.92801994,-0.2317729
0.92803496,-0.2317729
0.92805,-0.2317729
0.928065,-0.2317729
0.92808,-0.18554163
0.92809504,-0.18554163
0.92811006,-0.18554163
0.9281251,-0.18554163
0.9281401,-0.18554163
0.9281551,-0.13931036
0.92817014,-0.13931036
0.92818516,-0.13931036
0.9282002,-0.13931036
0.9282152,-0.13931036
0.9282302,-0.09307861
0.92824525,-0.09307861
0.92826027,-0.09307861
0.9282753,-0.09307861
0.9282903,-0.046847343
0.9283053,-0.046847343
0.92832035,-0.046847343
0.92833537,-0.046847343
0.9283504,-0.046847343
0.9283654,-6.160736E-4
0.9283804,-6.160736E-4
0.92839545,-6.160736E-4
0.9284105,-6.160736E-4
0.9284255,0.045615196
0.9284405,0.045615196
0.92845553,0.045615196
0.92847055,0.045615196
0.9284856,0.045615196
0.9285006,0.091846466
0.9285156,0.091846466
0.92853063,0.091846466
0.92854565,0.091846466
0.9285607,0.13807821
0.9285757,0.13807821
0.9285907,0.13807821
0.92860574,0.13807821
0.92862076,0.13807821
0.9286358,0.184309
0.9286508,0.184309
0.9286658,0.184309
0.92868084,0.184309
0.92869586,0.184309
0.9287109,0.23054075
0.9287259,0.23054075
0.9287409,0.23054075
0.92875594,0.23054075
0.92877096,0.23054075
0.928786,0.27677202
0.928801,0.27677202
0.928816,0.27677202
0.92883104,0.27677202
0.92884606,0.27677202
0.9288611,0.3230033
0.9288761,0.3230033
0.9288911,0.3230033
0.92890614,0.3230033
0.92892116,0.36923456
0.9289362,0.36923456
0.92895126,0.36923456
0.9289663,0.36923456
0.9289813,0.36923456
0.9289963,0.4154663
0.92901134,0.4154663
0.92902637,0.4154663
0.9290414,0.4154663
0.9290564,0.4154663
0.9290714,0.46169758
0.92908645,0.46169758
0.92910147,0.46169758
0.9291165,0.46169758
0.9291315,0.50792885
0.9291465,0.50792885
0.92916155,0.50792885
0.92917657,0.50792885
0.9291916,0.50792885
0.9292066,0.5541601
0.92922163,0.5541601
0.92923665,0.5541601
0.9292517,0.5541601
0.9292667,0.5541601
0.9292817,0.60039186
0.92929673,0.60039186
0.92931175,0.60039186
0.9293268,0.60039186
0.9293418,0.60039186
0.9293568,0.64662313
0.92937183,0.64662313
0.92938685,0.64662313
0.9294019,0.64662313
0.9294169,0.6928544
0.9294319,0.6928544
0.92944694,0.6928544
0.92946196,0.6928544
0.929477,0.6928544
0.929492,0.7390857
0.929507,0.7390857
0.92952204,0.7390857
0.92953706,0.7390857
0.9295521,0.7390857
0.9295671,0.7853174
0.9295821,0.7853174
0.92959714,0.7853174
0.92961216,0.7853174
0.9296272,0.7853174
0.9296422,0.8315482
0.9296572,0.8315482
0.92967224,0.8315482
0.92968726,0.8315482
0.9297023,0.8315482
0.9297173,0.87777996
0.9297323,0.87777996
0.92974734,0.87777996
0.92976236,0.87777996
0.9297774,0.87777996
0.9297924,0.92401123
0.9298074,0.92401123
0.92982244,0.92401123
0.92983747,0.92401123
0.9298525,0.970243
0.9298675,0.970243
0.9298825,0.970243
0.92989755,0.970243
0.92991257,0.970243
0.9299276,1.0164738
0.9299426,1.0164738
0.9299576,1.0164738
0.92997265,1.0164738
0.92998767,1.0164738
0.9300027,1.0627055
0.9300177,1.0627055
0.93003273,1.0627055
0.93004775,1.0627055
0.9300628,1.0627055
0.9300778,1.1089368
0.9300928,1.1089368
0.93010783,1.1089368
0.93012285,1.1089368
0.9301379,1.1089368
0.9301529,1.1551685
0.9301679,1.1551685
0.93018293,1.1551685
0.93019795,1.1551685
0.930213,1.1551685
0.930228,1.2013993
0.930243,1.2013993
0.93025804,1.2013993
0.93027306,1.2013993
0.9302881,1.2013993
0.9303031,1.2476311
0.9303181,1.2476311
0.93033314,1.2476311
0.93034816,1.2476311
0.9303632,1.2476311
0.9303782,1.2938623
0.9303932,1.2938623
0.93040824,1.2938623
0.93042326,1.2938623
0.9304383,1.2938623
0.9304533,1.3400936
0.9304683,1.3400936
0.93048334,1.3400936
0.93049836,1.3400936
0.9305134,1.3400936
0.9305284,1.3863249
0.9305434,1.3863249
0.93055844,1.3863249
0.93057346,1.3863249
0.9305885,1.3863249
0.9306035,1.4325566
0.9306185,1.4325566
0.93063354,1.4325566
0.93064857,1.4325566
0.9306636,1.4325566
0.9306786,1.4787879
0.9306936,1.4787879
0.9307087,1.4787879
0.9307237,1.4787879
0.93073875,1.4787879
0.93075377,1.4787879
0.9307688,1.4787879
0.9307838,1.5250192
0.9307988,1.5250192
0.93081385,1.5250192
0.93082887,1.5250192
0.9308439,1.5250192
0.9308589,1.5712504
0.93087393,1.5712504
0.93088895,1.5712504
0.930904,1.5712504
0.930919,1.5712504
0.930934,1.5712504
0.93094903,1.6174817
0.93096405,1.6174817
0.9309791,1.6174817
0.9309941,1.6174817
0.9310091,1.6174817
0.93102413,1.6637135
0.93103915,1.6637135
0.9310542,1.6637135
0.9310692,1.6637135
0.9310842,1.6637135
0.93109924,1.7099442
0.93111426,1.7099442
0.9311293,1.7099442
0.9311443,1.7099442
0.9311593,1.7099442
0.93117434,1.756176
0.93118936,1.756176
0.9312044,1.756176
0.9312194,1.756176
0.9312344,1.756176
0.93124944,1.756176
0.93126446,1.756176
0.9312795,1.7099442
0.9312945,1.7099442
0.9313095,1.7099442
0.93132454,1.7099442
0.93133956,1.6637135
0.9313546,1.6637135
0.9313696,1.6637135
0.9313846,1.6637135
0.93139964,1.6174817
0.93141466,1.6174817
0.9314297,1.6174817
0.9314447,1.6174817
0.9314597,1.6174817
0.93147475,1.5712504
0.93148977,1.5712504
0.9315048,1.5712504
0.9315198,1.5712504
0.9315348,1.5250192
0.93154985,1.5250192
0.93156487,1.5250192
0.9315799,1.5250192
0.9315949,1.4787879
0.9316099,1.4787879
0.93162495,1.4787879
0.93163997,1.4787879
0.931655,1.4787879
0.93167,1.4787879
0.93168503,1.4787879
0.93170005,1.4325566
0.9317151,1.4325566
0.9317301,1.4325566
0.9317451,1.4325566
0.93176013,1.4325566
0.93177515,1.3863249
0.9317902,1.3863249
0.9318052,1.3863249
0.9318202,1.3863249
0.93183523,1.3400936
0.93185025,1.3400936
0.9318653,1.3400936
0.9318803,1.3400936
0.9318953,1.2938623
0.93191034,1.2938623
0.93192536,1.2938623
0.9319404,1.2938623
0.9319554,1.2938623
0.9319704,1.2476311
0.93198544,1.2476311
0.93200046,1.2476311
0.9320155,1.2476311
0.9320305,1.2013993
0.9320455,1.2013993
0.93206054,1.2013993
0.93207556,1.2013993
0.9320906,1.2013993
0.9321056,1.1551685
0.9321206,1.1551685
0.93213564,1.1551685
0.93215066,1.1551685
0.9321657,1.1089368
0.9321807,1.1089368
0.9321957,1.1089368
0.93221074,1.1089368
0.93222576,1.0627055
0.9322408,1.0627055
0.9322558,1.0627055
0.9322708,1.0627055
0.93228585,1.0627055
0.93230087,1.0164738
0.9323159,1.0164738
0.9323309,1.0164738
0.9323459,1.0164738
0.93236095,0.970243
0.93237597,0.970243
0.932391,0.970243
0.932406,0.970243
0.932421,0.92401123
0.93243605,0.92401123
0.93245107,0.92401123
0.93246615,0.92401123
0.93248117,0.92401123
0.9324962,0.87777996
0.9325112,0.87777996
0.93252623,0.87777996
0.93254125,0.87777996
0.9325563,0.8315482
0.9325713,0.8315482
0.9325863,0.8315482
0.93260133,0.8315482
0.93261635,0.8315482
0.9326314,0.7853174
0.9326464,0.7853174
0.9326614,0.7853174
0.93267643,0.7853174
0.93269145,0.7390857
0.9327065,0.7390857
0.9327215,0.7390857
0.9327365,0.7390857
0.93275154,0.7390857
0.93276656,0.6928544
0.9327816,0.6928544
0.9327966,0.6928544
0.9328116,0.6928544
0.93282664,0.64662313
0.93284166,0.64662313
0.9328567,0.64662313
0.9328717,0.64662313
0.9328867,0.64662313
0.93290174,0.60039186
0.93291676,0.60039186
0.9329318,0.60039186
0.9329468,0.60039186
0.9329618,0.5541601
0.93297684,0.5541601
0.93299186,0.5541601
0.9330069,0.5541601
0.9330219,0.50792885
0.9330369,0.50792885
0.93305194,0.50792885
0.93306696,0.50792885
0.933082,0.50792885
0.933097,0.46169758
0.933112,0.46169758
0.93312705,0.46169758
0.93314207,0.46169758
0.9331571,0.4154663
0.9331721,0.4154663
0.9331871,0.4154663
0.93320215,0.4154663
0.93321717,0.4154663
0.9332322,0.36923456
0.9332472,0.36923456
0.9332622,0.36923456
0.93327725,0.36923456
0.93329227,0.3230033
0.9333073,0.3230033
0.9333223,0.3230033
0.93333733,0.3230033
0.93335235,0.3230033
0.9333674,0.27677202
0.9333824,0.27677202
0.9333974,0.27677202
0.93341243,0.27677202
0.93342745,0.23054075
0.9334425,0.23054075
0.9334575,0.23054075
0.9334725,0.23054075
0.93348753,0.184309
0.93350255,0.184309
0.9335176,0.184309
0.9335326,0.184309
0.9335476,0.184309
0.93356264,0.13807821
0.93357766,0.13807821
0.9335927,0.13807821
0.9336077,0.13807821
0.9336227,0.091846466
0.93363774,0.091846466
0.93365276,0.091846466
0.9336678,0.091846466
0.9336828,0.091846466
0.9336978,0.045615196
0.93371284,0.045615196
0.93372786,0.045615196
0.9337429,0.045615196
0.9337579,-6.160736E-4
0.9337729,-6.160736E-4
0.93378794,-6.160736E-4
0.93380296,-6.160736E-4
0.933818,-0.046847343
0.933833,-0.046847343
0.933848,-0.046847343
0.93386304,-0.046847343
0.93387806,-0.046847343
0.9338931,-0.09307861
0.9339081,-0.09307861
0.9339231,-0.09307861
0.93393815,-0.09307861
0.93395317,-0.13931036
0.9339682,-0.13931036
0.9339832,-0.13931036
0.9339982,-0.13931036
0.93401325,-0.13931036
0.93402827,-0.18554163
0.9340433,-0.18554163
0.9340583,-0.18554163
0.9340733,-0.18554163
0.93408835,-0.2317729
0.93410337,-0.2317729
0.9341184,-0.2317729
0.9341334,-0.2317729
0.93414843,-0.2317729
0.93416345,-0.27800417
0.9341785,-0.27800417
0.9341935,-0.27800417
0.9342085,-0.27800417
0.9342236,-0.27800417
0.9342386,-0.32423592
0.93425363,-0.32423592
0.93426865,-0.32423592
0.9342837,-0.32423592
0.9342987,-0.3704667
0.9343137,-0.3704667
0.93432873,-0.3704667
0.93434376,-0.3704667
0.9343588,-0.41669846
0.9343738,-0.41669846
0.9343888,-0.41669846
0.93440384,-0.41669846
0.93441886,-0.41669846
0.9344339,-0.46292973
0.9344489,-0.46292973
0.9344639,-0.46292973
0.93447894,-0.46292973
0.93449396,-0.46292973
0.934509,-0.5091615
0.934524,-0.5091615
0.934539,-0.5091615
0.93455404,-0.5091615
0.93456906,-0.55539227
0.9345841,-0.55539227
0.9345991,-0.55539227
0.9346141,-0.55539227
0.93462914,-0.55539227
0.93464416,-0.601624
0.9346592,-0.601624
0.9346742,-0.601624
0.9346892,-0.601624
0.93470424,-0.6478553
0.93471926,-0.6478553
0.9347343,-0.6478553
0.9347493,-0.6478553
0.9347643,-0.6478553
0.93477935,-0.694087
0.93479437,-0.694087
0.9348094,-0.694087
0.9348244,-0.694087
0.9348394,-0.694087
0.93485445,-0.7403178
0.93486947,-0.7403178
0.9348845,-0.7403178
0.9348995,-0.7403178
0.9349145,-0.78654957
0.93492955,-0.78654957
0.93494457,-0.78654957
0.9349596,-0.78654957
0.9349746,-0.78654957
0.93498963,-0.83278084
0.93500465,-0.83278084
0.9350197,-0.83278084
0.9350347,-0.83278084
0.9350497,-0.83278084
0.93506473,-0.8790121
0.93507975,-0.8790121
0.9350948,-0.8790121
0.9351098,-0.8790121
0.9351248,-0.8790121
0.93513983,-0.9252434
0.93515486,-0.9252434
0.9351699,-0.9252434
0.9351849,-0.9252434
0.9351999,-0.9714751
0.93521494,-0.9714751
0.93522996,-0.9714751
0.935245,-0.9714751
0.93526,-0.9714751
0.935275,-1.0177064
0.93529004,-1.0177064
0.93530506,-1.0177064
0.9353201,-1.0177064
0.9353351,-1.0177064
0.9353501,-1.0639377
0.93536514,-1.0639377
0.93538016,-1.0639377
0.9353952,-1.0639377
0.9354102,-1.0639377
0.9354252,-1.1101689
0.93544024,-1.1101689
0.93545526,-1.1101689
0.9354703,-1.1101689
0.9354853,-1.1564007
0.9355003,-1.1564007
0.93551534,-1.1564007
0.93553036,-1.1564007
0.9355454,-1.1564007
0.9355604,-1.202632
0.9355754,-1.202632
0.93559045,-1.202632
0.93560547,-1.202632
0.9356205,-1.202632
0.9356355,-1.2488632
0.9356505,-1.2488632
0.93566555,-1.2488632
0.93568057,-1.2488632
0.9356956,-1.2488632
0.9357106,-1.2950945
0.9357256,-1.2950945
0.93574065,-1.2950945
0.93575567,-1.2950945
0.9357707,-1.3413262
0.9357857,-1.3413262
0.93580073,-1.3413262
0.93581575,-1.3413262
0.9358308,-1.3413262
0.9358458,-1.387557
0.9358608,-1.387557
0.93587583,-1.387557
0.93589085,-1.387557
0.9359059,-1.387557
0.9359209,-1.4337888
0.9359359,-1.4337888
0.93595093,-1.4337888
0.93596596,-1.4337888
0.93598104,-1.4337888
0.93599606,-1.48002
0.9360111,-1.48002
0.9360261,-1.48002
0.9360411,-1.48002
0.93605614,-1.48002
0.93607116,-1.48002
0.9360862,-1.48002
0.9361012,-1.5262513
0.9361162,-1.5262513
0.93613124,-1.5262513
0.93614626,-1.5262513
0.9361613,-1.5262513
0.9361763,-1.5724826
0.9361913,-1.5724826
0.93620634,-1.5724826
0.93622136,-1.5724826
0.9362364,-1.5724826
0.9362514,-1.5724826
0.9362664,-1.6187139
0.93628144,-1.6187139
0.93629646,-1.6187139
0.9363115,-1.6187139
0.9363265,-1.6187139
0.9363415,-1.6187139
0.93635654,-1.6187139
0.93637156,-1.6187139
0.9363866,-1.5724826
0.9364016,-1.5724826
0.9364166,-1.5724826
0.93643165,-1.5724826
0.93644667,-1.5262513
0.9364617,-1.5262513
0.9364767,-1.5262513
0.9364917,-1.5262513
0.93650675,-1.5262513
0.93652177,-1.48002
0.9365368,-1.48002
0.9365518,-1.48002
0.9365668,-1.48002
0.93658185,-1.48002
0.9365969,-1.48002
0.9366119,-1.48002
0.9366269,-1.4337888
0.93664193,-1.4337888
0.93665695,-1.4337888
0.936672,-1.4337888
0.936687,-1.4337888
0.936702,-1.387557
0.93671703,-1.387557
0.93673205,-1.387557
0.9367471,-1.387557
0.9367621,-1.387557
0.9367771,-1.3413262
0.93679214,-1.3413262
0.93680716,-1.3413262
0.9368222,-1.3413262
0.9368372,-1.2950945
0.9368522,-1.2950945
0.93686724,-1.2950945
0.93688226,-1.2950945
0.9368973,-1.2950945
0.9369123,-1.2488632
0.9369273,-1.2488632
0.93694234,-1.2488632
0.93695736,-1.2488632
0.9369724,-1.2488632
0.9369874,-1.202632
0.9370024,-1.202632
0.93701744,-1.202632
0.93703246,-1.202632
0.9370475,-1.1564007
0.9370625,-1.1564007
0.9370775,-1.1564007
0.93709254,-1.1564007
0.93710756,-1.1564007
0.9371226,-1.1101689
0.9371376,-1.1101689
0.9371526,-1.1101689
0.93716764,-1.1101689
0.93718266,-1.0639377
0.9371977,-1.0639377
0.9372127,-1.0639377
0.9372277,-1.0639377
0.93724275,-1.0639377
0.93725777,-1.0177064
0.9372728,-1.0177064
0.9372878,-1.0177064
0.9373028,-1.0177064
0.93731785,-1.0177064
0.93733287,-0.9714751
0.9373479,-0.9714751
0.9373629,-0.9714751
0.9373779,-0.9714751
0.93739295,-0.9252434
0.937408,-0.9252434
0.937423,-0.9252434
0.937438,-0.9252434
0.93745303,-0.9252434
0.93746805,-0.8790121
0.9374831,-0.8790121
0.9374981,-0.8790121
0.9375131,-0.8790121
0.93752813,-0.8790121
0.93754315,-0.83278084
0.9375582,-0.83278084
0.9375732,-0.83278084
0.9375882,-0.83278084
0.93760324,-0.78654957
0.93761826,-0.78654957
0.9376333,-0.78654957
0.9376483,-0.78654957
0.9376633,-0.78654957
0.93767834,-0.7403178
0.93769336,-0.7403178
0.9377084,-0.7403178
0.9377234,-0.7403178
0.9377384,-0.7403178
0.9377535,-0.694087
0.9377685,-0.694087
0.93778354,-0.694087
0.93779856,-0.694087
0.9378136,-0.6478553
0.9378286,-0.6478553
0.9378436,-0.6478553
0.93785864,-0.6478553
0.93787366,-0.6478553
0.9378887,-0.601624
0.9379037,-0.601624
0.9379187,-0.601624
0.93793374,-0.601624
0.93794876,-0.601624
0.9379638,-0.55539227
0.9379788,-0.55539227
0.9379938,-0.55539227
0.93800884,-0.55539227
0.93802387,-0.5091615
0.9380389,-0.5091615
0.9380539,-0.5091615
0.9380689,-0.5091615
0.93808395,-0.5091615
0.93809897,-0.46292973
0.938114,-0.46292973
0.938129,-0.46292973
0.938144,-0.46292973
0.93815905,-0.46292973
0.93817407,-0.41669846
0.9381891,-0.41669846
0.9382041,-0.41669846
0.93821913,-0.41669846
0.93823415,-0.3704667
0.9382492,-0.3704667
0.9382642,-0.3704667
0.9382792,-0.3704667
0.93829423,-0.3704667
0.93830925,-0.32423592
0.9383243,-0.32423592
0.9383393,-0.32423592
0.9383543,-0.32423592
0.93836933,-0.27800417
0.93838435,-0.27800417
0.9383994,-0.27800417
0.9384144,-0.27800417
0.9384294,-0.27800417
0.93844444,-0.2317729
0.93845946,-0.2317729
0.9384745,-0.2317729
0.9384895,-0.2317729
0.9385045,-0.2317729
0.93851954,-0.18554163
0.93853456,-0.18554163
0.9385496,-0.18554163
0.9385646,-0.18554163
0.9385796,-0.13931036
0.93859464,-0.13931036
0.93860966,-0.13931036
0.9386247,-0.13931036
0.9386397,-0.13931036
0.9386547,-0.09307861
0.93866974,-0.09307861
0.93868476,-0.09307861
0.9386998,-0.09307861
0.9387148,-0.09307861
0.9387298,-0.046847343
0.93874484,-0.046847343
0.93875986,-0.046847343
0.9387749,-0.046847343
0.9387899,-0.046847343
0.9388049,-6.160736E-4
0.93881994,-6.160736E-4
0.93883497,-6.160736E-4
0.93885,-6.160736E-4
0.938865,0.045615196
0.93888,0.045615196
0.93889505,0.045615196
0.93891007,0.045615196
0.9389251,0.091846466
0.9389401,0.091846466
0.9389551,0.091846466
0.93897015,0.091846466
0.93898517,0.091846466
0.9390002,0.13807821
0.9390152,0.13807821
0.93903023,0.13807821
0.93904525,0.13807821
0.9390603,0.13807821
0.9390753,0.184309
0.9390903,0.184309
0.93910533,0.184309
0.93912035,0.184309
0.9391354,0.184309
0.9391504,0.23054075
0.9391654,0.23054075
0.93918043,0.23054075
0.93919545,0.23054075
0.9392105,0.27677202
0.9392255,0.27677202
0.9392405,0.27677202
0.93925554,0.27677202
0.93927056,0.27677202
0.9392856,0.3230033
0.9393006,0.3230033
0.9393156,0.3230033
0.93933064,0.3230033
0.93934566,0.3230033
0.9393607,0.36923456
0.9393757,0.36923456
0.9393907,0.36923456
0.93940574,0.36923456
0.93942076,0.4154663
0.9394358,0.4154663
0.9394508,0.4154663
0.9394658,0.4154663
0.93948084,0.4154663
0.93949586,0.46169758
0.93951094,0.46169758
0.93952596,0.46169758
0.939541,0.46169758
0.939556,0.46169758
0.939571,0.50792885
0.93958604,0.50792885
0.93960106,0.50792885
0.9396161,0.50792885
0.9396311,0.50792885
0.9396461,0.5541601
0.93966115,0.5541601
0.93967617,0.5541601
0.9396912,0.5541601
0.9397062,0.60039186
0.9397212,0.60039186
0.93973625,0.60039186
0.93975127,0.60039186
0.9397663,0.60039186
0.9397813,0.64662313
0.9397963,0.64662313
0.93981135,0.64662313
0.93982637,0.64662313
0.9398414,0.64662313
0.9398564,0.6928544
0.93987143,0.6928544
0.93988645,0.6928544
0.9399015,0.6928544
0.9399165,0.6928544
0.9399315,0.7390857
0.93994653,0.7390857
0.93996155,0.7390857
0.9399766,0.7390857
0.9399916,0.7853174
0.9400066,0.7853174
0.94002163,0.7853174
0.94003665,0.7853174
0.9400517,0.7853174
0.9400667,0.7853174
0.9400817,0.8315482
0.94009674,0.8315482
0.94011176,0.8315482
0.9401268,0.8315482
0.9401418,0.87777996
0.9401568,0.87777996
0.94017184,0.87777996
0.94018686,0.87777996
0.9402019,0.87777996
0.9402169,0.92401123
0.9402319,0.92401123
0.94024694,0.92401123
0.94026196,0.92401123
0.940277,0.92401123
0.940292,0.970243
0.940307,0.970243
0.94032204,0.970243
0.94033706,0.970243
0.9403521,0.970243
0.9403671,1.0164738
0.9403821,1.0164738
0.94039714,1.0164738
0.94041216,1.0164738
0.9404272,1.0164738
0.9404422,1.0627055
0.9404572,1.0627055
0.94047225,1.0627055
0.94048727,1.0627055
0.9405023,1.0627055
0.9405173,1.1089368
0.9405323,1.1089368
0.94054735,1.1089368
0.94056237,1.1089368
0.9405774,1.1551685
0.9405924,1.1551685
0.9406074,1.1551685
0.94062245,1.1551685
0.94063747,1.1551685
0.9406525,1.2013993
0.9406675,1.2013993
0.94068253,1.2013993
0.94069755,1.2013993
0.9407126,1.2013993
0.9407276,1.2476311
0.9407426,1.2476311
0.94075763,1.2476311
0.94077265,1.2476311
0.9407877,1.2476311
0.9408027,1.2938623
0.9408177,1.2938623
0.94083273,1.2938623
0.94084775,1.2938623
0.9408628,1.2938623
0.9408778,1.3400936
0.9408928,1.3400936
0.94090784,1.3400936
0.94092286,1.3400936
0.9409379,1.3400936
0.9409529,1.3863249
0.9409679,1.3863249
0.94098294,1.3863249
0.94099796,1.3863249
0.941013,1.3863249
0.941028,1.4325566
0.941043,1.4325566
0.94105804,1.4325566
0.94107306,1.4325566
0.9410881,1.4325566
0.9411031,1.4787879
0.9411181,1.4787879
0.94113314,1.4787879
0.94114816,1.4787879
0.9411632,1.4787879
0.9411782,1.4787879
0.9411932,1.4787879
0.94120824,1.4787879
0.94122326,1.5250192
0.9412383,1.5250192
0.9412533,1.5250192
0.9412684,1.5250192
0.9412834,1.5250192
0.9412984,1.5712504
0.94131345,1.5712504
0.94132847,1.5712504
0.9413435,1.5712504
0.9413585,1.5712504
0.9413735,1.6174817
0.94138855,1.6174817
0.94140357,1.6174817
0.9414186,1.6174817
0.9414336,1.6174817
0.9414486,1.6637135
0.94146365,1.6637135
0.94147867,1.6637135
0.9414937,1.6637135
0.9415087,1.6637135
0.94152373,1.7099442
0.94153875,1.7099442
0.9415538,1.7099442
0.9415688,1.7099442
0.9415838,1.7099442
0.94159883,1.756176
0.94161385,1.756176
0.9416289,1.756176
0.9416439,1.756176
0.9416589,1.756176
0.94167393,1.756176
0.94168895,1.756176
0.941704,1.7099442
0.941719,1.7099442
0.941734,1.7099442
0.94174904,1.7099442
0.94176406,1.7099442
0.9417791,1.6637135
0.9417941,1.6637135
0.9418091,1.6637135
0.94182414,1.6637135
0.94183916,1.6174817
0.9418542,1.6174817
0.9418692,1.6174817
0.9418842,1.6174817
0.94189924,1.5712504
0.94191426,1.5712504
0.9419293,1.5712504
0.9419443,1.5712504
0.9419593,1.5712504
0.94197434,1.5250192
0.94198936,1.5250192
0.9420044,1.5250192
0.9420194,1.5250192
0.9420344,1.4787879
0.94204944,1.4787879
0.94206446,1.4787879
0.9420795,1.4787879
0.9420945,1.4787879
0.9421095,1.4787879
0.94212455,1.4787879
0.94213957,1.4325566
0.9421546,1.4325566
0.9421696,1.4325566
0.9421846,1.4325566
0.94219965,1.3863249
0.94221467,1.3863249
0.9422297,1.3863249
0.9422447,1.3863249
0.9422597,1.3863249
0.94227475,1.3400936
0.94228977,1.3400936
0.9423048,1.3400936
0.9423198,1.3400936
0.94233483,1.2938623
0.94234985,1.2938623
0.9423649,1.2938623
0.9423799,1.2938623
0.9423949,1.2476311
0.94240993,1.2476311
0.94242495,1.2476311
0.94244,1.2476311
0.942455,1.2476311
0.94247,1.2013993
0.94248503,1.2013993
0.94250005,1.2013993
0.9425151,1.2013993
0.9425301,1.1551685
0.9425451,1.1551685
0.94256014,1.1551685
0.94257516,1.1551685
0.9425902,1.1551685
0.9426052,1.1089368
0.9426202,1.1089368
0.94263524,1.1089368
0.94265026,1.1089368
0.9426653,1.0627055
0.9426803,1.0627055
0.9426953,1.0627055
0.94271034,1.0627055
0.94272536,1.0164738
0.9427404,1.0164738
0.9427554,1.0164738
0.9427704,1.0164738
0.94278544,1.0164738
0.94280046,0.970243
0.9428155,0.970243
0.9428305,0.970243
0.9428455,0.970243
0.94286054,0.92401123
0.94287556,0.92401123
0.9428906,0.92401123
0.9429056,0.92401123
0.9429206,0.92401123
0.94293565,0.87777996
0.94295067,0.87777996
0.9429657,0.87777996
0.9429807,0.87777996
0.9429957,0.8315482
0.94301075,0.8315482
0.9430258,0.8315482
0.94304085,0.8315482
0.94305587,0.7853174
0.9430709,0.7853174
0.9430859,0.7853174
0.9431009,0.7853174
0.94311595,0.7853174
0.94313097,0.7390857
0.943146,0.7390857
0.943161,0.7390857
0.94317603,0.7390857
0.94319105,0.6928544
0.9432061,0.6928544
0.9432211,0.6928544
0.9432361,0.6928544
0.94325113,0.6928544
0.94326615,0.64662313
0.9432812,0.64662313
0.9432962,0.64662313
0.9433112,0.64662313
0.94332623,0.60039186
0.94334126,0.60039186
0.9433563,0.60039186
0.9433713,0.60039186
0.9433863,0.60039186
0.94340134,0.5541601
0.94341636,0.5541601
0.9434314,0.5541601
0.9434464,0.5541601
0.9434614,0.50792885
0.94347644,0.50792885
0.94349146,0.50792885
0.9435065,0.50792885
0.9435215,0.46169758
0.9435365,0.46169758
0.94355154,0.46169758
0.94356656,0.46169758
0.9435816,0.46169758
0.9435966,0.4154663
0.9436116,0.4154663
0.94362664,0.4154663
0.94364166,0.4154663
0.9436567,0.36923456
0.9436717,0.36923456
0.9436867,0.36923456
0.94370174,0.36923456
0.94371676,0.36923456
0.9437318,0.3230033
0.9437468,0.3230033
0.9437618,0.3230033
0.94377685,0.3230033
0.94379187,0.27677202
0.9438069,0.27677202
0.9438219,0.27677202
0.9438369,0.27677202
0.94385195,0.23054075
0.94386697,0.23054075
0.943882,0.23054075
0.943897,0.23054075
0.943912,0.23054075
0.94392705,0.184309
0.94394207,0.184309
0.9439571,0.184309
0.9439721,0.184309
0.94398713,0.13807821
0.94400215,0.13807821
0.9440172,0.13807821
0.9440322,0.13807821
0.9440472,0.13807821
0.94406223,0.091846466
0.94407725,0.091846466
0.9440923,0.091846466
0.9441073,0.091846466
0.9441223,0.045615196
0.94413733,0.045615196
0.94415236,0.045615196
0.9441674,0.045615196
0.9441824,0.045615196
0.9441974,-6.160736E-4
0.94421244,-6.160736E-4
0.94422746,-6.160736E-4
0.9442425,-6.160736E-4
0.9442575,-0.046847343
0.9442725,-0.046847343
0.94428754,-0.046847343
0.94430256,-0.046847343
0.9443176,-0.09307861
0.9443326,-0.09307861
0.9443476,-0.09307861
0.94436264,-0.09307861
0.94437766,-0.09307861
0.9443927,-0.13931036
0.9444077,-0.13931036
0.9444227,-0.13931036
0.94443774,-0.13931036
0.94445276,-0.18554163
0.9444678,-0.18554163
0.9444828,-0.18554163
0.9444978,-0.18554163
0.94451284,-0.18554163
0.94452786,-0.2317729
0.9445429,-0.2317729
0.9445579,-0.2317729
0.9445729,-0.2317729
0.94458795,-0.27800417
0.94460297,-0.27800417
0.944618,-0.27800417
0.944633,-0.27800417
0.944648,-0.27800417
0.94466305,-0.32423592
0.94467807,-0.32423592
0.9446931,-0.32423592
0.9447081,-0.32423592
0.9447231,-0.32423592
0.94473815,-0.3704667
0.94475317,-0.3704667
0.9447682,-0.3704667
0.9447832,-0.3704667
0.9447983,-0.41669846
0.9448133,-0.41669846
0.94482833,-0.41669846
0.94484335,-0.41669846
0.9448584,-0.41669846
0.9448734,-0.46292973
0.9448884,-0.46292973
0.94490343,-0.46292973
0.94491845,-0.46292973
0.9449335,-0.5091615
0.9449485,-0.5091615
0.9449635,-0.5091615
0.94497854,-0.5091615
0.94499356,-0.5091615
0.9450086,-0.55539227
0.9450236,-0.55539227
0.9450386,-0.55539227
0.94505364,-0.55539227
0.94506866,-0.601624
0.9450837,-0.601624
0.9450987,-0.601624
0.9451137,-0.601624
0.94512874,-0.601624
0.94514376,-0.6478553
0.9451588,-0.6478553
0.9451738,-0.6478553
0.9451888,-0.6478553
0.94520384,-0.6478553
0.94521886,-0.694087
0.9452339,-0.694087
0.9452489,-0.694087
0.9452639,-0.694087
0.94527894,-0.7403178
0.94529396,-0.7403178
0.945309,-0.7403178
0.945324,-0.7403178
0.945339,-0.7403178
0.94535404,-0.78654957
0.94536906,-0.78654957
0.9453841,-0.78654957
0.9453991,-0.78654957
0.9454141,-0.78654957
0.94542915,-0.83278084
0.94544417,-0.83278084
0.9454592,-0.83278084
0.9454742,-0.83278084
0.9454892,-0.8790121
0.94550425,-0.8790121
0.94551927,-0.8790121
0.9455343,-0.8790121
0.9455493,-0.8790121
0.9455643,-0.9252434
0.94557935,-0.9252434
0.9455944,-0.9252434
0.9456094,-0.9252434
0.9456244,-0.9252434
0.94563943,-0.9714751
0.94565445,-0.9714751
0.9456695,-0.9714751
0.9456845,-0.9714751
0.9456995,-0.9714751
0.94571453,-1.0177064
0.94572955,-1.0177064
0.9457446,-1.0177064
0.9457596,-1.0177064
0.9457746,-1.0639377
0.94578964,-1.0639377
0.94580466,-1.0639377
0.9458197,-1.0639377
0.9458347,-1.0639377
0.9458497,-1.1101689
0.94586474,-1.1101689
0.94587976,-1.1101689
0.9458948,-1.1101689
0.9459098,-1.1101689
0.9459248,-1.1564007
0.94593984,-1.1564007
0.94595486,-1.1564007
0.9459699,-1.1564007
0.9459849,-1.202632
0.9459999,-1.202632
0.94601494,-1.202632
0.94602996,-1.202632
0.946045,-1.202632
0.94606,-1.2488632
0.946075,-1.2488632
0.94609004,-1.2488632
0.94610506,-1.2488632
0.9461201,-1.2488632
0.9461351,-1.2950945
0.9461501,-1.2950945
0.94616514,-1.2950945
0.94618016,-1.2950945
0.9461952,-1.2950945
0.9462102,-1.3413262
0.9462252,-1.3413262
0.94624025,-1.3413262
0.94625527,-1.3413262
0.9462703,-1.3413262
0.9462853,-1.387557
0.9463003,-1.387557
0.94631535,-1.387557
0.94633037,-1.387557
0.9463454,-1.387557
0.9463604,-1.4337888
0.9463754,-1.4337888
0.94639045,-1.4337888
0.9464055,-1.4337888
0.9464205,-1.4337888
0.9464355,-1.48002
0.94645053,-1.48002
0.94646555,-1.48002
0.9464806,-1.48002
0.9464956,-1.48002
0.9465106,-1.48002
0.94652563,-1.48002
0.94654065,-1.5262513
0.94655573,-1.5262513
0.94657075,-1.5262513
0.9465858,-1.5262513
0.9466008,-1.5262513
0.9466158,-1.5724826
0.94663084,-1.5724826
0.94664586,-1.5724826
0.9466609,-1.5724826
0.9466759,-1.5724826
0.9466909,-1.6187139
0.94670594,-1.6187139
0.94672096,-1.6187139
0.946736,-1.6187139
0.946751,-1.6187139
0.946766,-1.6187139
0.94678104,-1.6187139
0.94679606,-1.6187139
0.9468111,-1.6187139
0.9468261,-1.5724826
0.9468411,-1.5724826
0.94685614,-1.5724826
0.94687116,-1.5724826
0.9468862,-1.5262513
0.9469012,-1.5262513
0.9469162,-1.5262513
0.94693124,-1.5262513
0.94694626,-1.5262513
0.9469613,-1.48002
0.9469763,-1.48002
0.9469913,-1.48002
0.94700634,-1.48002
0.94702137,-1.48002
0.9470364,-1.48002
0.9470514,-1.48002
0.9470664,-1.4337888
0.94708145,-1.4337888
0.94709647,-1.4337888
0.9471115,-1.4337888
0.9471265,-1.4337888
0.9471415,-1.387557
0.94715655,-1.387557
0.94717157,-1.387557
0.9471866,-1.387557
0.9472016,-1.3413262
0.94721663,-1.3413262
0.94723165,-1.3413262
0.9472467,-1.3413262
0.9472617,-1.3413262
0.9472767,-1.2950945
0.94729173,-1.2950945
0.94730675,-1.2950945
0.9473218,-1.2950945
0.9473368,-1.2488632
0.9473518,-1.2488632
0.94736683,-1.2488632
0.94738185,-1.2488632
0.9473969,-1.2488632
0.9474119,-1.202632
0.9474269,-1.202632
0.94744194,-1.202632
0.94745696,-1.202632
0.947472,-1.202632
0.947487,-1.1564007
0.947502,-1.1564007
0.94751704,-1.1564007
0.94753206,-1.1564007
0.9475471,-1.1101689
0.9475621,-1.1101689
0.9475771,-1.1101689
0.94759214,-1.1101689
0.94760716,-1.1101689
0.9476222,-1.0639377
0.9476372,-1.0639377
0.9476522,-1.0639377
0.94766724,-1.0639377
0.94768226,-1.0639377
0.9476973,-1.0177064
0.9477123,-1.0177064
0.9477273,-1.0177064
0.94774234,-1.0177064
0.94775736,-0.9714751
0.9477724,-0.9714751
0.9477874,-0.9714751
0.9478024,-0.9714751
0.94781744,-0.9714751
0.94783247,-0.9252434
0.9478475,-0.9252434
0.9478625,-0.9252434
0.9478775,-0.9252434
0.94789255,-0.9252434
0.94790757,-0.8790121
0.9479226,-0.8790121
0.9479376,-0.8790121
0.9479526,-0.8790121
0.94796765,-0.83278084
0.94798267,-0.83278084
0.9479977,-0.83278084
0.9480127,-0.83278084
0.94802773,-0.83278084
0.94804275,-0.78654957
0.9480578,-0.78654957
0.9480728,-0.78654957
0.9480878,-0.78654957
0.94810283,-0.7403178
0.94811785,-0.7403178
0.9481329,-0.7403178
0.9481479,-0.7403178
0.9481629,-0.7403178
0.94817793,-0.694087
0.94819295,-0.694087
0.948208,-0.694087
0.948223,-0.694087
0.948238,-0.694087
0.94825304,-0.6478553
0.94826806,-0.6478553
0.9482831,-0.6478553
0.9482981,-0.6478553
0.9483132,-0.601624
0.9483282,-0.601624
0.9483432,-0.601624
0.94835824,-0.601624
0.94837326,-0.601624
0.9483883,-0.55539227
0.9484033,-0.55539227
0.9484183,-0.55539227
0.94843334,-0.55539227
0.94844836,-0.55539227
0.9484634,-0.5091615
0.9484784,-0.5091615
0.9484934,-0.5091615
0.94850844,-0.5091615
0.94852346,-0.5091615
0.9485385,-0.46292973
0.9485535,-0.46292973
0.9485685,-0.46292973
0.94858354,-0.46292973
0.94859856,-0.41669846
0.9486136,-0.41669846
0.9486286,-0.41669846
0.9486436,-0.41669846
0.94865865,-0.41669846
0.94867367,-0.3704667
0.9486887,-0.3704667
0.9487037,-0.3704667
0.9487187,-0.3704667
0.94873375,-0.32423592
0.94874877,-0.32423592
0.9487638,-0.32423592
0.9487788,-0.32423592
0.9487938,-0.32423592
0.94880885,-0.27800417
0.94882387,-0.27800417
0.9488389,-0.27800417
0.9488539,-0.27800417
0.94886893,-0.27800417
0.94888395,-0.2317729
0.948899,-0.2317729
0.948914,-0.2317729
0.948929,-0.2317729
0.94894403,-0.2317729
0.94895905,-0.18554163
0.9489741,-0.18554163
0.9489891,-0.18554163
0.9490041,-0.18554163
0.94901913,-0.13931036
0.94903415,-0.13931036
0.9490492,-0.13931036
0.9490642,-0.13931036
0.9490792,-0.13931036
0.94909424,-0.09307861
0.94910926,-0.09307861
0.9491243,-0.09307861
0.9491393,-0.09307861
0.9491543,-0.09307861
0.94916934,-0.046847343
0.94918436,-0.046847343
0.9491994,-0.046847343
0.9492144,-0.046847343
0.9492294,-6.160736E-4
0.94924444,-6.160736E-4
0.94925946,-6.160736E-4
0.9492745,-6.160736E-4
0.9492895,0.045615196
0.9493045,0.045615196
0.94931954,0.045615196
0.94933456,0.045615196
0.9493496,0.045615196
0.9493646,0.091846466
0.9493796,0.091846466
0.94939464,0.091846466
0.94940966,0.091846466
0.9494247,0.091846466
0.9494397,0.13807821
0.9494547,0.13807821
0.94946975,0.13807821
0.94948477,0.13807821
0.9494998,0.184309
0.9495148,0.184309
0.9495298,0.184309
0.94954485,0.184309
0.94955987,0.184309
0.9495749,0.23054075
0.9495899,0.23054075
0.9496049,0.23054075
0.94961995,0.23054075
0.94963497,0.23054075
0.94965,0.27677202
0.949665,0.27677202
0.94968003,0.27677202
0.94969505,0.27677202
0.9497101,0.27677202
0.9497251,0.3230033
0.9497401,0.3230033
0.94975513,0.3230033
0.94977015,0.3230033
0.9497852,0.36923456
0.9498002,0.36923456
0.9498152,0.36923456
0.94983023,0.36923456
0.94984525,0.36923456
0.9498603,0.4154663
0.9498753,0.4154663
0.9498903,0.4154663
0.94990534,0.4154663
0.94992036,0.46169758
0.9499354,0.46169758
0.9499504,0.46169758
0.9499654,0.46169758
0.94998044,0.46169758
0.94999546,0.50792885
0.9500105,0.50792885
0.9500255,0.50792885
0.9500405,0.50792885
0.95005554,0.50792885
0.9500706,0.5541601
0.95008564,0.5541601
0.95010066,0.5541601
0.9501157,0.5541601
0.9501307,0.5541601
0.9501457,0.60039186
0.95016074,0.60039186
0.95017576,0.60039186
0.9501908,0.60039186
0.9502058,0.60039186
0.9502208,0.64662313
0.95023584,0.64662313
0.95025086,0.64662313
0.9502659,0.64662313
0.9502809,0.6928544
0.9502959,0.6928544
0.95031095,0.6928544
0.95032597,0.6928544
0.950341,0.6928544
0.950356,0.6928544
0.950371,0.7390857
0.95038605,0.7390857
0.95040107,0.7390857
0.9504161,0.7390857
0.9504311,0.7853174
0.9504461,0.7853174
0.95046115,0.7853174
0.95047617,0.7853174
0.9504912,0.7853174
0.9505062,0.8315482
0.95052123,0.8315482
0.95053625,0.8315482
0.9505513,0.8315482
0.9505663,0.8315482
0.9505813,0.87777996
0.95059633,0.87777996
0.95061135,0.87777996
0.9506264,0.87777996
0.9506414,0.87777996
0.9506564,0.92401123
0.95067143,0.92401123
0.95068645,0.92401123
0.9507015,0.92401123
0.9507165,0.970243
0.9507315,0.970243
0.95074654,0.970243
0.95076156,0.970243
0.9507766,0.970243
0.9507916,0.970243
0.9508066,1.0164738
0.95082164,1.0164738
0.95083666,1.0164738
0.9508517,1.0164738
0.9508667,1.0627055
0.9508817,1.0627055
0.95089674,1.0627055
0.95091176,1.0627055
0.9509268,1.0627055
0.9509418,1.1089368
0.9509568,1.1089368
0.95097184,1.1089368
0.95098686,1.1089368
0.9510019,1.1089368
0.9510169,1.1551685
0.9510319,1.1551685
0.95104694,1.1551685
0.95106196,1.1551685
0.951077,1.1551685
0.951092,1.2013993
0.951107,1.2013993
0.95112205,1.2013993
0.95113707,1.2013993
0.9511521,1.2013993
0.9511671,1.2476311
0.9511821,1.2476311
0.95119715,1.2476311
0.95121217,1.2476311
0.9512272,1.2476311
0.9512422,1.2938623
0.9512572,1.2938623
0.95127225,1.2938623
0.95128727,1.2938623
0.9513023,1.2938623
0.9513173,1.3400936
0.95133233,1.3400936
0.95134735,1.3400936
0.9513624,1.3400936
0.9513774,1.3400936
0.9513924,1.3863249
0.95140743,1.3863249
0.95142245,1.3863249
0.9514375,1.3863249
0.9514525,1.3863249
0.9514675,1.4325566
0.95148253,1.4325566
0.95149755,1.4325566
0.9515126,1.4325566
0.9515276,1.4325566
0.9515426,1.4787879
0.95155764,1.4787879
0.95157266,1.4787879
0.9515877,1.4787879
0.9516027,1.4787879
0.9516177,1.4787879
0.95163274,1.4787879
0.95164776,1.5250192
0.9516628,1.5250192
0.9516778,1.5250192
0.9516928,1.5250192
0.95170784,1.5250192
0.95172286,1.5250192
0.9517379,1.5712504
0.9517529,1.5712504
0.9517679,1.5712504
0.95178294,1.5712504
0.95179796,1.5712504
0.951813,1.6174817
0.951828,1.6174817
0.9518431,1.6174817
0.9518581,1.6174817
0.9518731,1.6174817
0.95188814,1.6637135
0.95190316,1.6637135
0.9519182,1.6637135
0.9519332,1.6637135
0.9519482,1.6637135
0.95196325,1.7099442
0.95197827,1.7099442
0.9519933,1.7099442
0.9520083,1.7099442
0.9520233,1.7099442
0.95203835,1.756176
0.95205337,1.756176
0.9520684,1.756176
0.9520834,1.756176
0.9520984,1.756176
0.95211345,1.756176
0.95212847,1.756176
0.9521435,1.7099442
0.9521585,1.7099442
0.95217353,1.7099442
0.95218855,1.7099442
0.9522036,1.7099442
0.9522186,1.6637135
0.9522336,1.6637135
0.95224863,1.6637135
0.95226365,1.6637135
0.9522787,1.6174817
0.9522937,1.6174817
0.9523087,1.6174817
0.95232373,1.6174817
0.95233876,1.5712504
0.9523538,1.5712504
0.9523688,1.5712504
0.9523838,1.5712504
0.95239884,1.5712504
0.95241386,1.5250192
0.9524289,1.5250192
0.9524439,1.5250192
0.9524589,1.5250192
0.95247394,1.4787879
0.95248896,1.4787879
0.952504,1.4787879
0.952519,1.4787879
0.952534,1.4787879
0.95254904,1.4787879
0.95256406,1.4325566
0.9525791,1.4325566
0.9525941,1.4325566
0.9526091,1.4325566
0.95262414,1.4325566
0.95263916,1.3863249
0.9526542,1.3863249
0.9526692,1.3863249
0.9526842,1.3863249
0.95269924,1.3400936
0.95271426,1.3400936
0.9527293,1.3400936
0.9527443,1.3400936
0.9527593,1.3400936
0.95277435,1.2938623
0.95278937,1.2938623
0.9528044,1.2938623
0.9528194,1.2938623
0.9528344,1.2476311
0.95284945,1.2476311
0.95286447,1.2476311
0.9528795,1.2476311
0.9528945,1.2013993
0.9529095,1.2013993
0.95292455,1.2013993
0.95293957,1.2013993
0.9529546,1.2013993
0.9529696,1.1551685
0.95298463,1.1551685
0.95299965,1.1551685
0.9530147,1.1551685
0.9530297,1.1089368
0.9530447,1.1089368
0.95305973,1.1089368
0.95307475,1.1089368
0.9530898,1.1089368
0.9531048,1.0627055
0.9531198,1.0627055
0.95313483,1.0627055
0.95314986,1.0627055
0.9531649,1.0164738
0.9531799,1.0164738
0.9531949,1.0164738
0.95320994,1.0164738
0.95322496,0.970243
0.95324,0.970243
0.953255,0.970243
0.95327,0.970243
0.95328504,0.970243
0.95330006,0.92401123
0.9533151,0.92401123
0.9533301,0.92401123
0.9533451,0.92401123
0.95336014,0.87777996
0.95337516,0.87777996
0.9533902,0.87777996
0.9534052,0.87777996
0.9534202,0.87777996
0.95343524,0.8315482
0.95345026,0.8315482
0.9534653,0.8315482
0.9534803,0.8315482
0.9534953,0.7853174
0.95351034,0.7853174
0.95352536,0.7853174
0.9535404,0.7853174
0.9535554,0.7390857
0.9535704,0.7390857
0.95358545,0.7390857
0.9536005,0.7390857
0.95361555,0.7390857
0.95363057,0.6928544
0.9536456,0.6928544
0.9536606,0.6928544
0.9536756,0.6928544
0.95369065,0.64662313
0.95370567,0.64662313
0.9537207,0.64662313
0.9537357,0.64662313
0.9537507,0.64662313
0.95376575,0.60039186
0.9537808,0.60039186
0.9537958,0.60039186
0.9538108,0.60039186
0.95382583,0.5541601
0.95384085,0.5541601
0.9538559,0.5541601
0.9538709,0.5541601
0.9538859,0.5541601
0.95390093,0.50792885
0.95391595,0.50792885
0.953931,0.50792885
0.953946,0.50792885
0.953961,0.46169758
0.95397604,0.46169758
0.95399106,0.46169758
0.9540061,0.46169758
0.9540211,0.4154663
0.9540361,0.4154663
0.95405114,0.4154663
0.95406616,0.4154663
0.9540812,0.4154663
0.9540962,0.36923456
0.9541112,0.36923456
0.95412624,0.36923456
0.95414126,0.36923456
0.9541563,0.3230033
0.9541713,0.3230033
0.9541863,0.3230033
0.95420134,0.3230033
0.95421636,0.3230033
0.9542314,0.27677202
0.9542464,0.27677202
0.9542614,0.27677202
0.95427644,0.27677202
0.95429146,0.23054075
0.9543065,0.23054075
0.9543215,0.23054075
0.9543365,0.23054075
0.95435154,0.23054075
0.95436656,0.184309
0.9543816,0.184309
0.9543966,0.184309
0.9544116,0.184309
0.95442665,0.13807821
0.95444167,0.13807821
0.9544567,0.13807821
0.9544717,0.13807821
0.9544867,0.13807821
0.95450175,0.091846466
0.95451677,0.091846466
0.9545318,0.091846466
0.9545468,0.091846466
0.9545618,0.045615196
0.95457685,0.045615196
0.9545919,0.045615196
0.9546069,0.045615196
0.9546219,-6.160736E-4
0.95463693,-6.160736E-4
0.95465195,-6.160736E-4
0.954667,-6.160736E-4
0.954682,-6.160736E-4
0.954697,-0.046847343
0.95471203,-0.046847343
0.95472705,-0.046847343
0.9547421,-0.046847343
0.9547571,-0.09307861
0.9547721,-0.09307861
0.95478714,-0.09307861
0.95480216,-0.09307861
0.9548172,-0.13931036
0.9548322,-0.13931036
0.9548472,-0.13931036
0.95486224,-0.13931036
0.95487726,-0.13931036
0.9548923,-0.18554163
0.9549073,-0.18554163
0.9549223,-0.18554163
0.95493734,-0.18554163
0.95495236,-0.2317729
0.9549674,-0.2317729
0.9549824,-0.2317729
0.9549974,-0.2317729
0.95501244,-0.2317729
0.95502746,-0.27800417
0.9550425,-0.27800417
0.9550575,-0.27800417
0.9550725,-0.27800417
0.95508754,-0.27800417
0.95510256,-0.32423592
0.9551176,-0.32423592
0.9551326,-0.32423592
0.9551476,-0.32423592
0.95516264,-0.3704667
0.95517766,-0.3704667
0.9551927,-0.3704667
0.9552077,-0.3704667
0.9552227,-0.3704667
0.95523775,-0.41669846
0.95525277,-0.41669846
0.9552678,-0.41669846
0.9552828,-0.41669846
0.9552978,-0.46292973
0.95531285,-0.46292973
0.95532787,-0.46292973
0.9553429,-0.46292973
0.95535797,-0.46292973
0.955373,-0.5091615
0.955388,-0.5091615
0.95540303,-0.5091615
0.95541805,-0.5091615
0.9554331,-0.55539227
0.9554481,-0.55539227
0.9554631,-0.55539227
0.95547813,-0.55539227
0.95549315,-0.55539227
0.9555082,-0.601624
0.9555232,-0.601624
0.9555382,-0.601624
0.95555323,-0.601624
0.95556825,-0.601624
0.9555833,-0.6478553
0.9555983,-0.6478553
0.9556133,-0.6478553
0.95562834,-0.6478553
0.95564336,-0.694087
0.9556584,-0.694087
0.9556734,-0.694087
0.9556884,-0.694087
0.95570344,-0.694087
0.95571846,-0.7403178
0.9557335,-0.7403178
0.9557485,-0.7403178
0.9557635,-0.7403178
0.95577854,-0.7403178
0.95579356,-0.78654957
0.9558086,-0.78654957
0.9558236,-0.78654957
0.9558386,-0.78654957
0.95585364,-0.83278084
0.95586866,-0.83278084
0.9558837,-0.83278084
0.9558987,-0.83278084
0.9559137,-0.83278084
0.95592874,-0.8790121
0.95594376,-0.8790121
0.9559588,-0.8790121
0.9559738,-0.8790121
0.9559888,-0.8790121
0.95600384,-0.9252434
0.95601887,-0.9252434
0.9560339,-0.9252434
0.9560489,-0.9252434
0.9560639,-0.9714751
0.95607895,-0.9714751
0.95609397,-0.9714751
0.956109,-0.9714751
0.956124,-0.9714751
0.956139,-1.0177064
0.95615405,-1.0177064
0.95616907,-1.0177064
0.9561841,-1.0177064
0.9561991,-1.0177064
0.95621413,-1.0639377
0.95622915,-1.0639377
0.9562442,-1.0639377
0.9562592,-1.0639377
0.9562742,-1.0639377
0.95628923,-1.1101689
0.95630425,-1.1101689
0.9563193,-1.1101689
0.9563343,-1.1101689
0.9563493,-1.1564007
0.95636433,-1.1564007
0.95637935,-1.1564007
0.9563944,-1.1564007
0.9564094,-1.1564007
0.9564244,-1.202632
0.95643944,-1.202632
0.95645446,-1.202632
0.9564695,-1.202632
0.9564845,-1.202632
0.9564995,-1.2488632
0.95651454,-1.2488632
0.95652956,-1.2488632
0.9565446,-1.2488632
0.9565596,-1.2488632
0.9565746,-1.2950945
0.95658964,-1.2950945
0.95660466,-1.2950945
0.9566197,-1.2950945
0.9566347,-1.3413262
0.9566497,-1.3413262
0.95666474,-1.3413262
0.95667976,-1.3413262
0.9566948,-1.3413262
0.9567098,-1.387557
0.9567248,-1.387557
0.95673984,-1.387557
0.95675486,-1.387557
0.9567699,-1.387557
0.9567849,-1.4337888
0.9567999,-1.4337888
0.95681494,-1.4337888
0.95682997,-1.4337888
0.956845,-1.4337888
0.95686,-1.48002
0.956875,-1.48002
0.95689005,-1.48002
0.95690507,-1.48002
0.9569201,-1.48002
0.9569351,-1.48002
0.9569501,-1.48002
0.95696515,-1.48002
0.95698017,-1.5262513
0.9569952,-1.5262513
0.9570102,-1.5262513
0.95702523,-1.5262513
0.95704025,-1.5262513
0.9570553,-1.5724826
0.9570703,-1.5724826
0.9570853,-1.5724826
0.95710033,-1.5724826
0.9571154,-1.5724826
0.95713043,-1.6187139
0.95714545,-1.6187139
0.9571605,-1.6187139
0.9571755,-1.6187139
0.9571905,-1.6187139
0.95720553,-1.6187139
0.95722055,-1.6187139
0.9572356,-1.6187139
0.9572506,-1.5724826
0.9572656,-1.5724826
0.95728064,-1.5724826
0.95729566,-1.5724826
0.9573107,-1.5724826
0.9573257,-1.5262513
0.9573407,-1.5262513
0.95735574,-1.5262513
0.95737076,-1.5262513
0.9573858,-1.48002
0.9574008,-1.48002
0.9574158,-1.48002
0.95743084,-1.48002
0.95744586,-1.48002
0.9574609,-1.48002
0.9574759,-1.48002
0.9574909,-1.4337888
0.95750594,-1.4337888
0.95752096,-1.4337888
0.957536,-1.4337888
0.957551,-1.4337888
0.957566,-1.387557
0.95758104,-1.387557
0.95759606,-1.387557
0.9576111,-1.387557
0.9576261,-1.387557
0.9576411,-1.3413262
0.95765615,-1.3413262
0.95767117,-1.3413262
0.9576862,-1.3413262
0.9577012,-1.2950945
0.9577162,-1.2950945
0.95773125,-1.2950945
0.95774627,-1.2950945
0.9577613,-1.2950945
0.9577763,-1.2488632
0.9577913,-1.2488632
0.95780635,-1.2488632
0.95782137,-1.2488632
0.9578364,-1.202632
0.9578514,-1.202632
0.95786643,-1.202632
0.95788145,-1.202632
0.9578965,-1.202632
0.9579115,-1.1564007
0.9579265,-1.1564007
0.95794153,-1.1564007
0.95795655,-1.1564007
0.9579716,-1.1564007
0.9579866,-1.1101689
0.9580016,-1.1101689
0.95801663,-1.1101689
0.95803165,-1.1101689
0.9580467,-1.0639377
0.9580617,-1.0639377
0.9580767,-1.0639377
0.95809174,-1.0639377
0.95810676,-1.0639377
0.9581218,-1.0177064
0.9581368,-1.0177064
0.9581518,-1.0177064
0.95816684,-1.0177064
0.95818186,-1.0177064
0.9581969,-0.9714751
0.9582119,-0.9714751
0.9582269,-0.9714751
0.95824194,-0.9714751
0.95825696,-0.9252434
0.958272,-0.9252434
0.958287,-0.9252434
0.958302,-0.9252434
0.95831704,-0.9252434
0.95833206,-0.8790121
0.9583471,-0.8790121
0.9583621,-0.8790121
0.9583771,-0.8790121
0.95839214,-0.8790121
0.95840716,-0.83278084
0.9584222,-0.83278084
0.9584372,-0.83278084
0.9584522,-0.83278084
0.95846725,-0.78654957
0.95848227,-0.78654957
0.9584973,-0.78654957
0.9585123,-0.78654957
0.9585273,-0.78654957
0.95854235,-0.7403178
0.95855737,-0.7403178
0.9585724,-0.7403178
0.9585874,-0.7403178
0.9586024,-0.7403178
0.95861745,-0.694087
0.95863247,-0.694087
0.9586475,-0.694087
0.9586625,-0.694087
0.95867753,-0.694087
0.95869255,-0.6478553
0.9587076,-0.6478553
0.9587226,-0.6478553
0.9587376,-0.6478553
0.95875263,-0.601624
0.95876765,-0.601624
0.9587827,-0.601624
0.9587977,-0.601624
0.9588127,-0.601624
0.95882773,-0.55539227
0.95884275,-0.55539227
0.9588578,-0.55539227
0.9588728,-0.55539227
0.9588879,-0.5091615
0.9589029,-0.5091615
0.9589179,-0.5091615
0.95893294,-0.5091615
0.95894796,-0.5091615
0.958963,-0.46292973
0.958978,-0.46292973
0.958993,-0.46292973
0.95900804,-0.46292973
0.95902306,-0.46292973
0.9590381,-0.41669846
0.9590531,-0.41669846
0.9590681,-0.41669846
0.95908314,-0.41669846
0.95909816,-0.3704667
0.9591132,-0.3704667
0.9591282,-0.3704667
0.9591432,-0.3704667
0.95915824,-0.3704667
0.95917326,-0.32423592
0.9591883,-0.32423592
0.9592033,-0.32423592
0.9592183,-0.32423592
0.95923334,-0.32423592
0.95924836,-0.27800417
0.9592634,-0.27800417
0.9592784,-0.27800417
0.9592934,-0.27800417
0.95930845,-0.2317729
0.95932347,-0.2317729
0.9593385,-0.2317729
0.9593535,-0.2317729
0.9593685,-0.2317729
0.95938355,-0.18554163
0.95939857,-0.18554163
0.9594136,-0.18554163
0.9594286,-0.18554163
0.9594436,-0.18554163
0.95945865,-0.13931036
0.95947367,-0.13931036
0.9594887,-0.13931036
0.9595037,-0.13931036
0.95951873,-0.09307861
0.95953375,-0.09307861
0.9595488,-0.09307861
0.9595638,-0.09307861
0.9595788,-0.09307861
0.95959383,-0.046847343
0.95960885,-0.046847343
0.9596239,-0.046847343
0.9596389,-0.046847343
0.9596539,-0.046847343
0.95966893,-6.160736E-4
0.95968395,-6.160736E-4
0.959699,-6.160736E-4
0.959714,-6.160736E-4
0.959729,0.045615196
0.95974404,0.045615196
0.95975906,0.045615196
0.9597741,0.045615196
0.9597891,0.045615196
0.9598041,0.091846466
0.95981914,0.091846466
0.95983416,0.091846466
0.9598492,0.091846466
0.9598642,0.13807821
0.9598792,0.13807821
0.95989424,0.13807821
0.95990926,0.13807821
0.9599243,0.13807821
0.9599393,0.184309
0.9599543,0.184309
0.95996934,0.184309
0.95998436,0.184309
0.9599994,0.184309
0.9600144,0.23054075
0.9600294,0.23054075
0.96004444,0.23054075
0.96005946,0.23054075
0.9600745,0.23054075
0.9600895,0.27677202
0.9601045,0.27677202
0.96011955,0.27677202
0.96013457,0.27677202
0.9601496,0.3230033
0.9601646,0.3230033
0.9601796,0.3230033
0.96019465,0.3230033
0.96020967,0.3230033
0.9602247,0.36923456
0.9602397,0.36923456
0.9602547,0.36923456
0.96026975,0.36923456
0.96028477,0.36923456
0.9602998,0.4154663
0.9603148,0.4154663
0.96032983,0.4154663
0.96034485,0.4154663
0.9603599,0.46169758
0.9603749,0.46169758
0.9603899,0.46169758
0.96040493,0.46169758
0.96041995,0.46169758
0.960435,0.50792885
0.96045,0.50792885
0.960465,0.50792885
0.96048003,0.50792885
0.96049505,0.50792885
0.9605101,0.5541601
0.9605251,0.5541601
0.9605401,0.5541601
0.96055514,0.5541601
0.96057016,0.5541601
0.9605852,0.60039186
0.9606002,0.60039186
0.9606152,0.60039186
0.96063024,0.60039186
0.9606453,0.64662313
0.96066034,0.64662313
0.96067536,0.64662313
0.9606904,0.64662313
0.9607054,0.64662313
0.9607204,0.6928544
0.96073544,0.6928544
0.96075046,0.6928544
0.9607655,0.6928544
0.9607805,0.6928544
0.9607955,0.7390857
0.96081054,0.7390857
0.96082556,0.7390857
0.9608406,0.7390857
0.9608556,0.7390857
0.9608706,0.7853174
0.96088564,0.7853174
0.96090066,0.7853174
0.9609157,0.7853174
0.9609307,0.7853174
0.9609457,0.8315482
0.96096075,0.8315482
0.96097577,0.8315482
0.9609908,0.8315482
0.9610058,0.8315482
0.9610208,0.87777996
0.96103585,0.87777996
0.96105087,0.87777996
0.9610659,0.87777996
0.9610809,0.92401123
0.9610959,0.92401123
0.96111095,0.92401123
0.96112597,0.92401123
0.961141,0.92401123
0.961156,0.970243
0.96117103,0.970243
0.96118605,0.970243
0.9612011,0.970243
0.9612161,0.970243
0.9612311,1.0164738
0.96124613,1.0164738
0.96126115,1.0164738
0.9612762,1.0164738
0.9612912,1.0164738
0.9613062,1.0627055
0.96132123,1.0627055
0.96133626,1.0627055
0.9613513,1.0627055
0.9613663,1.0627055
0.9613813,1.1089368
0.96139634,1.1089368
0.96141136,1.1089368
0.9614264,1.1089368
0.9614414,1.1551685
0.9614564,1.1551685
0.96147144,1.1551685
0.96148646,1.1551685
0.9615015,1.1551685
0.9615165,1.2013993
0.9615315,1.2013993
0.96154654,1.2013993
0.96156156,1.2013993
0.9615766,1.2013993
0.9615916,1.2476311
0.9616066,1.2476311
0.96162164,1.2476311
0.96163666,1.2476311
0.9616517,1.2476311
0.9616667,1.2476311
0.9616817,1.2938623
0.96169674,1.2938623
0.96171176,1.2938623
0.9617268,1.2938623
0.9617418,1.3400936
0.9617568,1.3400936
0.96177185,1.3400936
0.96178687,1.3400936
0.9618019,1.3400936
0.9618169,1.3863249
0.9618319,1.3863249
0.96184695,1.3863249
0.96186197,1.3863249
0.961877,1.3863249
0.961892,1.3863249
0.961907,1.4325566
0.96192205,1.4325566
0.96193707,1.4325566
0.9619521,1.4325566
0.9619671,1.4787879
0.96198213,1.4787879
0.96199715,1.4787879
0.9620122,1.4787879
0.9620272,1.4787879
0.9620422,1.4787879
0.96205723,1.4787879
0.96207225,1.4787879
0.9620873,1.5250192
0.9621023,1.5250192
0.9621173,1.5250192
0.96213233,1.5250192
0.96214736,1.5250192
0.9621624,1.5712504
0.9621774,1.5712504
0.9621924,1.5712504
0.96220744,1.5712504
0.96222246,1.5712504
0.9622375,1.6174817
0.9622525,1.6174817
0.9622675,1.6174817
0.96228254,1.6174817
0.96229756,1.6174817
0.9623126,1.6174817
0.9623276,1.6637135
0.9623426,1.6637135
0.96235764,1.6637135
0.96237266,1.6637135
0.9623877,1.7099442
0.96240276,1.7099442
0.9624178,1.7099442
0.9624328,1.7099442
0.9624478,1.7099442
0.96246284,1.7099442
0.96247786,1.756176
0.9624929,1.756176
0.9625079,1.756176
0.9625229,1.756176
0.96253794,1.756176
0.96255296,1.756176
0.962568,1.756176
0.962583,1.7099442
0.962598,1.7099442
0.96261305,1.7099442
0.96262807,1.7099442
0.9626431,1.6637135
0.9626581,1.6637135
0.9626731,1.6637135
0.96268815,1.6637135
0.96270317,1.6174817
0.9627182,1.6174817
0.9627332,1.6174817
0.9627482,1.6174817
0.96276325,1.6174817
0.9627783,1.5712504
0.9627933,1.5712504
0.9628083,1.5712504
0.96282333,1.5712504
0.96283835,1.5250192
0.9628534,1.5250192
0.9628684,1.5250192
0.9628834,1.5250192
0.96289843,1.4787879
0.96291345,1.4787879
0.9629285,1.4787879
0.9629435,1.4787879
0.9629585,1.4787879
0.96297354,1.4787879
0.96298856,1.4787879
0.9630036,1.4325566
0.9630186,1.4325566
0.9630336,1.4325566
0.96304864,1.4325566
0.96306366,1.3863249
0.9630787,1.3863249
0.9630937,1.3863249
0.9631087,1.3863249
0.96312374,1.3863249
0.96313876,1.3400936
0.9631538,1.3400936
0.9631688,1.3400936
0.9631838,1.3400936
0.96319884,1.2938623
0.96321386,1.2938623
0.9632289,1.2938623
0.9632439,1.2938623
0.9632589,1.2938623
0.96327394,1.2476311
0.96328896,1.2476311
0.963304,1.2476311
0.963319,1.2476311
0.963334,1.2013993
0.96334904,1.2013993
0.96336406,1.2013993
0.9633791,1.2013993
0.9633941,1.1551685
0.9634091,1.1551685
0.96342415,1.1551685
0.96343917,1.1551685
0.9634542,1.1551685
0.9634692,1.1089368
0.9634842,1.1089368
0.96349925,1.1089368
0.96351427,1.1089368
0.9635293,1.0627055
0.9635443,1.0627055
0.9635593,1.0627055
0.96357435,1.0627055
0.9635894,1.0627055
0.9636044,1.0164738
0.9636194,1.0164738
0.96363443,1.0164738
0.96364945,1.0164738
0.9636645,0.970243
0.9636795,0.970243
0.9636945,0.970243
0.96370953,0.970243
0.96372455,0.92401123
0.9637396,0.92401123
0.9637546,0.92401123
0.9637696,0.92401123
0.96378464,0.92401123
0.96379966,0.87777996
0.9638147,0.87777996
0.9638297,0.87777996
0.9638447,0.87777996
0.96385974,0.8315482
0.96387476,0.8315482
0.9638898,0.8315482
0.9639048,0.8315482
0.9639198,0.7853174
0.96393484,0.7853174
0.96394986,0.7853174
0.9639649,0.7853174
0.9639799,0.7853174
0.9639949,0.7390857
0.96400994,0.7390857
0.96402496,0.7390857
0.96404,0.7390857
0.964055,0.7390857
0.96407,0.6928544
0.96408504,0.6928544
0.96410006,0.6928544
0.9641151,0.6928544
0.9641301,0.64662313
0.9641451,0.64662313
0.9641602,0.64662313
0.9641752,0.64662313
0.96419024,0.60039186
0.96420527,0.60039186
0.9642203,0.60039186
0.9642353,0.60039186
0.9642503,0.60039186
0.96426535,0.5541601
0.96428037,0.5541601
0.9642954,0.5541601
0.9643104,0.5541601
0.9643254,0.50792885
0.96434045,0.50792885
0.96435547,0.50792885
0.9643705,0.50792885
0.9643855,0.50792885
0.96440053,0.46169758
0.96441555,0.46169758
0.9644306,0.46169758
0.9644456,0.46169758
0.9644606,0.4154663
0.96447563,0.4154663
0.96449065,0.4154663
0.9645057,0.4154663
0.9645207,0.4154663
0.9645357,0.36923456
0.96455073,0.36923456
0.96456575,0.36923456
0.9645808,0.36923456
0.9645958,0.3230033
0.9646108,0.3230033
0.96462584,0.3230033
0.96464086,0.3230033
0.9646559,0.3230033
0.9646709,0.27677202
0.9646859,0.27677202
0.96470094,0.27677202
0.96471596,0.27677202
0.964731,0.23054075
0.964746,0.23054075
0.964761,0.23054075
0.96477604,0.23054075
0.96479106,0.184309
0.9648061,0.184309
0.9648211,0.184309
0.9648361,0.184309
0.96485114,0.184309
0.96486616,0.13807821
0.9648812,0.13807821
0.9648962,0.13807821
0.9649112,0.13807821
0.96492624,0.091846466
0.96494126,0.091846466
0.9649563,0.091846466
0.9649713,0.091846466
0.9649863,0.091846466
0.96500134,0.045615196
0.96501637,0.045615196
0.9650314,0.045615196
0.9650464,0.045615196
0.9650614,-6.160736E-4
0.96507645,-6.160736E-4
0.96509147,-6.160736E-4
0.9651065,-6.160736E-4
0.9651215,-0.046847343
0.9651365,-0.046847343
0.96515155,-0.046847343
0.96516657,-0.046847343
0.9651816,-0.046847343
0.9651966,-0.09307861
0.96521163,-0.09307861
0.96522665,-0.09307861
0.9652417,-0.09307861
0.9652567,-0.13931036
0.9652717,-0.13931036
0.96528673,-0.13931036
0.96530175,-0.13931036
0.9653168,-0.13931036
0.9653318,-0.18554163
0.9653468,-0.18554163
0.96536183,-0.18554163
0.96537685,-0.18554163
0.9653919,-0.2317729
0.9654069,-0.2317729
0.9654219,-0.2317729
0.96543694,-0.2317729
0.96545196,-0.2317729
0.965467,-0.27800417
0.965482,-0.27800417
0.965497,-0.27800417
0.96551204,-0.27800417
0.96552706,-0.32423592
0.9655421,-0.32423592
0.9655571,-0.32423592
0.9655721,-0.32423592
0.96558714,-0.32423592
0.96560216,-0.3704667
0.9656172,-0.3704667
0.9656322,-0.3704667
0.9656472,-0.3704667
0.96566224,-0.41669846
0.96567726,-0.41669846
0.9656923,-0.41669846
0.9657073,-0.41669846
0.9657223,-0.41669846
0.96573734,-0.46292973
0.96575236,-0.46292973
0.9657674,-0.46292973
0.9657824,-0.46292973
0.9657974,-0.5091615
0.96581244,-0.5091615
0.96582747,-0.5091615
0.9658425,-0.5091615
0.9658575,-0.5091615
0.9658725,-0.55539227
0.96588755,-0.55539227
0.96590257,-0.55539227
0.9659176,-0.55539227
0.96593267,-0.601624
0.9659477,-0.601624
0.9659627,-0.601624
0.9659777,-0.601624
0.96599275,-0.601624
0.96600777,-0.6478553
0.9660228,-0.6478553
0.9660378,-0.6478553
0.96605283,-0.6478553
0.96606785,-0.6478553
0.9660829,-0.694087
0.9660979,-0.694087
0.9661129,-0.694087
0.96612793,-0.694087
0.96614295,-0.7403178
0.966158,-0.7403178
0.966173,-0.7403178
0.966188,-0.7403178
0.96620303,-0.7403178
0.96621805,-0.78654957
0.9662331,-0.78654957
0.9662481,-0.78654957
0.9662631,-0.78654957
0.96627814,-0.78654957
0.96629316,-0.83278084
0.9663082,-0.83278084
0.9663232,-0.83278084
0.9663382,-0.83278084
0.96635324,-0.83278084
0.96636826,-0.8790121
0.9663833,-0.8790121
0.9663983,-0.8790121
0.9664133,-0.8790121
0.96642834,-0.9252434
0.96644336,-0.9252434
0.9664584,-0.9252434
0.9664734,-0.9252434
0.9664884,-0.9252434
0.96650344,-0.9714751
0.96651846,-0.9714751
0.9665335,-0.9714751
0.9665485,-0.9714751
0.9665635,-0.9714751
0.96657854,-1.0177064
0.96659356,-1.0177064
0.9666086,-1.0177064
0.9666236,-1.0177064
0.9666386,-1.0639377
0.96665365,-1.0639377
0.96666867,-1.0639377
0.9666837,-1.0639377
0.9666987,-1.0639377
0.9667137,-1.1101689
0.96672875,-1.1101689
0.96674377,-1.1101689
0.9667588,-1.1101689
0.9667738,-1.1101689
0.9667888,-1.1564007
0.96680385,-1.1564007
0.96681887,-1.1564007
0.9668339,-1.1564007
0.9668489,-1.202632
0.96686393,-1.202632
0.96687895,-1.202632
0.966894,-1.202632
0.966909,-1.202632
0.966924,-1.202632
0.96693903,-1.2488632
0.96695405,-1.2488632
0.9669691,-1.2488632
0.9669841,-1.2488632
0.9669991,-1.2950945
0.96701413,-1.2950945
0.96702915,-1.2950945
0.9670442,-1.2950945
0.9670592,-1.2950945
0.9670742,-1.3413262
0.96708924,-1.3413262
0.96710426,-1.3413262
0.9671193,-1.3413262
0.9671343,-1.3413262
0.9671493,-1.387557
0.96716434,-1.387557
0.96717936,-1.387557
0.9671944,-1.387557
0.9672094,-1.387557
0.9672244,-1.4337888
0.96723944,-1.4337888
0.96725446,-1.4337888
0.9672695,-1.4337888
0.9672845,-1.4337888
0.9672995,-1.48002
0.96731454,-1.48002
0.96732956,-1.48002
0.9673446,-1.48002
0.9673596,-1.48002
0.9673746,-1.48002
0.96738964,-1.48002
0.96740466,-1.5262513
0.9674197,-1.5262513
0.9674347,-1.5262513
0.9674497,-1.5262513
0.96746475,-1.5262513
0.96747977,-1.5724826
0.9674948,-1.5724826
0.9675098,-1.5724826
0.9675248,-1.5724826
0.96753985,-1.5724826
0.96755487,-1.6187139
0.9675699,-1.6187139
0.9675849,-1.6187139
0.9675999,-1.6187139
0.96761495,-1.6187139
0.96762997,-1.6187139
0.967645,-1.6187139
0.96766,-1.6187139
0.96767503,-1.6187139
0.9676901,-1.5724826
0.96770513,-1.5724826
0.96772015,-1.5724826
0.9677352,-1.5724826
0.9677502,-1.5262513
0.9677652,-1.5262513
0.96778023,-1.5262513
0.96779525,-1.5262513
0.9678103,-1.5262513
0.9678253,-1.48002
0.9678403,-1.48002
0.96785533,-1.48002
0.96787035,-1.48002
0.9678854,-1.48002
0.9679004,-1.48002
0.9679154,-1.48002
0.96793044,-1.4337888
0.96794546,-1.4337888
0.9679605,-1.4337888
0.9679755,-1.4337888
0.9679905,-1.4337888
0.96800554,-1.387557
0.96802056,-1.387557
0.9680356,-1.387557
0.9680506,-1.387557
0.9680656,-1.3413262
0.96808064,-1.3413262
0.96809566,-1.3413262
0.9681107,-1.3413262
0.9681257,-1.3413262
0.9681407,-1.2950945
0.96815574,-1.2950945
0.96817076,-1.2950945
0.9681858,-1.2950945
0.9682008,-1.2950945
0.9682158,-1.2488632
0.96823084,-1.2488632
0.96824586,-1.2488632
0.9682609,-1.2488632
0.9682759,-1.202632
0.9682909,-1.202632
0.96830595,-1.202632
0.96832097,-1.202632
0.968336,-1.202632
0.968351,-1.1564007
0.968366,-1.1564007
0.96838105,-1.1564007
0.96839607,-1.1564007
0.9684111,-1.1101689
0.9684261,-1.1101689
0.9684411,-1.1101689
0.96845615,-1.1101689
0.96847117,-1.1101689
0.9684862,-1.0639377
0.9685012,-1.0639377
0.96851623,-1.0639377
0.96853125,-1.0639377
0.9685463,-1.0639377
0.9685613,-1.0177064
0.9685763,-1.0177064
0.96859133,-1.0177064
0.96860635,-1.0177064
0.9686214,-0.9714751
0.9686364,-0.9714751
0.9686514,-0.9714751
0.96866643,-0.9714751
0.96868145,-0.9714751
0.9686965,-0.9252434
0.9687115,-0.9252434
0.9687265,-0.9252434
0.96874154,-0.9252434
0.96875656,-0.9252434
0.9687716,-0.8790121
0.9687866,-0.8790121
0.9688016,-0.8790121
0.96881664,-0.8790121
0.96883166,-0.83278084
0.9688467,-0.83278084
0.9688617,-0.83278084
0.9688767,-0.83278084
0.96889174,-0.83278084
0.96890676,-0.78654957
0.9689218,-0.78654957
0.9689368,-0.78654957
0.9689518,-0.78654957
0.96896684,-0.78654957
0.96898186,-0.7403178
0.9689969,-0.7403178
0.9690119,-0.7403178
0.9690269,-0.7403178
0.96904194,-0.694087
0.96905696,-0.694087
0.969072,-0.694087
0.969087,-0.694087
0.969102,-0.694087
0.96911705,-0.6478553
0.96913207,-0.6478553
0.9691471,-0.6478553
0.9691621,-0.6478553
0.9691771,-0.6478553
0.96919215,-0.601624
0.96920717,-0.601624
0.9692222,-0.601624
0.9692372,-0.601624
0.9692522,-0.55539227
0.96926725,-0.55539227
0.96928227,-0.55539227
0.9692973,-0.55539227
0.9693123,-0.55539227
0.96932733,-0.5091615
0.96934235,-0.5091615
0.9693574,-0.5091615
0.9693724,-0.5091615
0.9693874,-0.5091615
0.96940243,-0.46292973
0.96941745,-0.46292973
0.9694325,-0.46292973
0.96944755,-0.46292973
0.9694626,-0.41669846
0.9694776,-0.41669846
0.9694926,-0.41669846
0.96950763,-0.41669846
0.96952266,-0.41669846
0.9695377,-0.3704667
0.9695527,-0.3704667
0.9695677,-0.3704667
0.96958274,-0.3704667
0.96959776,-0.3704667
0.9696128,-0.32423592
0.9696278,-0.32423592
0.9696428,-0.32423592
0.96965784,-0.32423592
0.96967286,-0.27800417
0.9696879,-0.27800417
0.9697029,-0.27800417
0.9697179,-0.27800417
0.96973294,-0.27800417
0.96974796,-0.2317729
0.969763,-0.2317729
0.969778,-0.2317729
0.969793,-0.2317729
0.96980804,-0.2317729
0.96982306,-0.18554163
0.9698381,-0.18554163
0.9698531,-0.18554163
0.9698681,-0.18554163
0.96988314,-0.13931036
0.96989816,-0.13931036
0.9699132,-0.13931036
0.9699282,-0.13931036
0.9699432,-0.13931036
0.96995825,-0.09307861
0.96997327,-0.09307861
0.9699883,-0.09307861
0.9700033,-0.09307861
0.9700183,-0.09307861
0.97003335,-0.046847343
0.97004837,-0.046847343
0.9700634,-0.046847343
0.9700784,-0.046847343
0.9700934,-6.160736E-4
0.97010845,-6.160736E-4
0.97012347,-6.160736E-4
0.9701385,-6.160736E-4
0.9701535,0.045615196
0.97016853,0.045615196
0.97018355,0.045615196
0.9701986,0.045615196
0.9702136,0.045615196
0.9702286,0.091846466
0.97024363,0.091846466
0.97025865,0.091846466
0.9702737,0.091846466
0.9702887,0.091846466
0.9703037,0.13807821
0.97031873,0.13807821
0.97033376,0.13807821
0.9703488,0.13807821
0.9703638,0.13807821
0.9703788,0.184309
0.97039384,0.184309
0.97040886,0.184309
0.9704239,0.184309
0.9704389,0.23054075
0.9704539,0.23054075
0.97046894,0.23054075
0.97048396,0.23054075
0.970499,0.23054075
0.970514,0.27677202
0.970529,0.27677202
0.97054404,0.27677202
0.97055906,0.27677202
0.9705741,0.27677202
0.9705891,0.3230033
0.9706041,0.3230033
0.97061914,0.3230033
0.97063416,0.3230033
0.9706492,0.36923456
0.9706642,0.36923456
0.9706792,0.36923456
0.97069424,0.36923456
0.97070926,0.36923456
0.9707243,0.4154663
0.9707393,0.4154663
0.9707543,0.4154663
0.97076935,0.4154663
0.97078437,0.4154663
0.9707994,0.46169758
0.9708144,0.46169758
0.9708294,0.46169758
0.97084445,0.46169758
0.97085947,0.50792885
0.9708745,0.50792885
0.9708895,0.50792885
0.9709045,0.50792885
0.97091955,0.50792885
0.97093457,0.5541601
0.9709496,0.5541601
0.9709646,0.5541601
0.97097963,0.5541601
0.97099465,0.5541601
0.9710097,0.60039186
0.9710247,0.60039186
0.9710397,0.60039186
0.97105473,0.60039186
0.97106975,0.60039186
0.9710848,0.64662313
0.9710998,0.64662313
0.9711148,0.64662313
0.97112983,0.64662313
0.97114486,0.64662313
0.9711599,0.6928544
0.9711749,0.6928544
0.9711899,0.6928544
0.971205,0.6928544
0.97122,0.7390857
0.97123504,0.7390857
0.97125006,0.7390857
0.9712651,0.7390857
0.9712801,0.7390857
0.9712951,0.7853174
0.97131014,0.7853174
0.97132516,0.7853174
0.9713402,0.7853174
0.9713552,0.7853174
0.9713702,0.8315482
0.97138524,0.8315482
0.97140026,0.8315482
0.9714153,0.8315482
0.9714303,0.8315482
0.9714453,0.87777996
0.97146034,0.87777996
0.97147536,0.87777996
0.9714904,0.87777996
0.9715054,0.87777996
0.9715204,0.92401123
0.97153544,0.92401123
0.97155046,0.92401123
0.9715655,0.92401123
0.9715805,0.92401123
0.9715955,0.970243
0.97161055,0.970243
0.97162557,0.970243
0.9716406,0.970243
0.9716556,1.0164738
0.9716706,1.0164738
0.97168565,1.0164738
0.97170067,1.0164738
0.9717157,1.0164738
0.9717307,1.0627055
0.9717457,1.0627055
0.97176075,1.0627055
0.97177577,1.0627055
0.9717908,1.0627055
0.9718058,1.0627055
0.97182083,1.1089368
0.97183585,1.1089368
0.9718509,1.1089368
0.9718659,1.1089368
0.9718809,1.1551685
0.97189593,1.1551685
0.97191095,1.1551685
0.971926,1.1551685
0.971941,1.1551685
0.971956,1.2013993
0.97197104,1.2013993
0.97198606,1.2013993
0.9720011,1.2013993
0.9720161,1.2013993
0.9720311,1.2476311
0.97204614,1.2476311
0.97206116,1.2476311
0.9720762,1.2476311
0.9720912,1.2476311
0.9721062,1.2938623
0.97212124,1.2938623
0.97213626,1.2938623
0.9721513,1.2938623
0.9721663,1.2938623
0.9721813,1.3400936
0.97219634,1.3400936
0.97221136,1.3400936
0.9722264,1.3400936
0.9722414,1.3400936
0.9722564,1.3863249
0.97227144,1.3863249
0.97228646,1.3863249
0.9723015,1.3863249
0.9723165,1.3863249
0.9723315,1.4325566
0.97234654,1.4325566
0.97236156,1.4325566
0.9723766,1.4325566
0.9723916,1.4325566
0.9724066,1.4787879
0.97242165,1.4787879
0.97243667,1.4787879
0.9724517,1.4787879
0.9724667,1.4787879
0.9724817,1.4787879
0.97249675,1.4787879
0.97251177,1.4787879
0.9725268,1.5250192
0.9725418,1.5250192
0.9725568,1.5250192
0.97257185,1.5250192
0.97258687,1.5250192
0.9726019,1.5712504
0.9726169,1.5712504
0.97263193,1.5712504
0.97264695,1.5712504
0.972662,1.5712504
0.972677,1.6174817
0.972692,1.6174817
0.97270703,1.6174817
0.97272205,1.6174817
0.9727371,1.6174817
0.9727521,1.6637135
0.9727671,1.6637135
0.97278214,1.6637135
0.97279716,1.6637135
0.9728122,1.6637135
0.9728272,1.7099442
0.9728422,1.7099442
0.97285724,1.7099442
0.97287226,1.7099442
0.9728873,1.7099442
0.9729023,1.756176
0.9729173,1.756176
0.97293234,1.756176
0.97294736,1.756176
0.97296244,1.756176
0.97297746,1.756176
0.9729925,1.756176
0.9730075,1.7099442
0.9730225,1.7099442
0.97303754,1.7099442
0.97305256,1.7099442
0.9730676,1.6637135
0.9730826,1.6637135
0.9730976,1.6637135
0.97311264,1.6637135
0.97312766,1.6637135
0.9731427,1.6174817
0.9731577,1.6174817
0.9731727,1.6174817
0.97318774,1.6174817
0.97320276,1.5712504
0.9732178,1.5712504
0.9732328,1.5712504
0.9732478,1.5712504
0.97326285,1.5250192
0.97327787,1.5250192
0.9732929,1.5250192
0.9733079,1.5250192
0.9733229,1.5250192
0.97333795,1.4787879
0.97335297,1.4787879
0.973368,1.4787879
0.973383,1.4787879
0.97339803,1.4787879
0.97341305,1.4787879
0.9734281,1.4325566
0.9734431,1.4325566
0.9734581,1.4325566
0.97347313,1.4325566
0.97348815,1.4325566
0.9735032,1.3863249
0.9735182,1.3863249
0.9735332,1.3863249
0.97354823,1.3863249
0.97356325,1.3400936
0.9735783,1.3400936
0.9735933,1.3400936
0.9736083,1.3400936
0.97362334,1.3400936
0.97363836,1.2938623
0.9736534,1.2938623
0.9736684,1.2938623
0.9736834,1.2938623
0.97369844,1.2476311
0.97371346,1.2476311
0.9737285,1.2476311
0.9737435,1.2476311
0.9737585,1.2476311
0.97377354,1.2013993
0.97378856,1.2013993
0.9738036,1.2013993
0.9738186,1.2013993
0.9738336,1.1551685
0.97384864,1.1551685
0.97386366,1.1551685
0.9738787,1.1551685
0.9738937,1.1089368
0.9739087,1.1089368
0.97392374,1.1089368
0.97393876,1.1089368
0.9739538,1.1089368
0.9739688,1.0627055
0.9739838,1.0627055
0.97399884,1.0627055
0.97401386,1.0627055
0.9740289,1.0164738
0.9740439,1.0164738
0.9740589,1.0164738
0.97407395,1.0164738
0.97408897,0.970243
0.974104,0.970243
0.974119,0.970243
0.974134,0.970243
0.97414905,0.970243
0.97416407,0.92401123
0.9741791,0.92401123
0.9741941,0.92401123
0.97420913,0.92401123
0.97422415,0.87777996
0.9742392,0.87777996
0.9742542,0.87777996
0.9742692,0.87777996
0.97428423,0.87777996
0.97429925,0.8315482
0.9743143,0.8315482
0.9743293,0.8315482
0.9743443,0.8315482
0.97435933,0.7853174
0.97437435,0.7853174
0.9743894,0.7853174
0.9744044,0.7853174
0.9744194,0.7390857
0.97443444,0.7390857
0.97444946,0.7390857
0.9744645,0.7390857
0.9744795,0.7390857
0.9744945,0.6928544
0.97450954,0.6928544
0.97452456,0.6928544
0.9745396,0.6928544
0.9745546,0.64662313
0.9745696,0.64662313
0.97458464,0.64662313
0.97459966,0.64662313
0.9746147,0.64662313
0.9746297,0.60039186
0.9746447,0.60039186
0.97465974,0.60039186
0.97467476,0.60039186
0.9746898,0.5541601
0.9747048,0.5541601
0.9747198,0.5541601
0.9747349,0.5541601
0.9747499,0.5541601
0.97476494,0.50792885
0.97477996,0.50792885
0.974795,0.50792885
0.97481,0.50792885
0.974825,0.46169758
0.97484004,0.46169758
0.97485507,0.46169758
0.9748701,0.46169758
0.9748851,0.46169758
0.9749001,0.4154663
0.97491515,0.4154663
0.97493017,0.4154663
0.9749452,0.4154663
0.9749602,0.36923456
0.9749752,0.36923456
0.97499025,0.36923456
0.97500527,0.36923456
0.9750203,0.3230033
0.9750353,0.3230033
0.97505033,0.3230033
0.97506535,0.3230033
0.9750804,0.3230033
0.9750954,0.27677202
0.9751104,0.27677202
0.97512543,0.27677202
0.97514045,0.27677202
0.9751555,0.23054075
0.9751705,0.23054075
0.9751855,0.23054075
0.97520053,0.23054075
0.97521555,0.23054075
0.9752306,0.184309
0.9752456,0.184309
0.9752606,0.184309
0.97527564,0.184309
0.97529066,0.13807821
0.9753057,0.13807821
0.9753207,0.13807821
0.9753357,0.13807821
0.97535074,0.13807821
0.97536576,0.091846466
0.9753808,0.091846466
0.9753958,0.091846466
0.9754108,0.091846466
0.97542584,0.045615196
0.97544086,0.045615196
0.9754559,0.045615196
0.9754709,0.045615196
0.9754859,0.045615196
0.97550094,-6.160736E-4
0.97551596,-6.160736E-4
0.975531,-6.160736E-4
0.975546,-6.160736E-4
0.975561,-0.046847343
0.97557604,-0.046847343
0.97559106,-0.046847343
0.9756061,-0.046847343
0.9756211,-0.09307861
0.9756361,-0.09307861
0.97565114,-0.09307861
0.97566617,-0.09307861
0.9756812,-0.09307861
0.9756962,-0.13931036
0.9757112,-0.13931036
0.97572625,-0.13931036
0.97574127,-0.13931036
0.9757563,-0.18554163
0.9757713,-0.18554163
0.9757863,-0.18554163
0.97580135,-0.18554163
0.97581637,-0.18554163
0.9758314,-0.2317729
0.9758464,-0.2317729
0.97586143,-0.2317729
0.97587645,-0.2317729
0.9758915,-0.27800417
0.9759065,-0.27800417
0.9759215,-0.27800417
0.97593653,-0.27800417
0.97595155,-0.32423592
0.9759666,-0.32423592
0.9759816,-0.32423592
0.9759966,-0.32423592
0.97601163,-0.32423592
0.97602665,-0.3704667
0.9760417,-0.3704667
0.9760567,-0.3704667
0.9760717,-0.3704667
0.97608674,-0.3704667
0.97610176,-0.41669846
0.9761168,-0.41669846
0.9761318,-0.41669846
0.9761468,-0.41669846
0.97616184,-0.46292973
0.97617686,-0.46292973
0.9761919,-0.46292973
0.9762069,-0.46292973
0.9762219,-0.46292973
0.97623694,-0.5091615
0.97625196,-0.5091615
0.976267,-0.5091615
0.976282,-0.5091615
0.976297,-0.55539227
0.97631204,-0.55539227
0.97632706,-0.55539227
0.9763421,-0.55539227
0.9763571,-0.55539227
0.9763721,-0.601624
0.97638714,-0.601624
0.97640216,-0.601624
0.9764172,-0.601624
0.9764322,-0.601624
0.9764472,-0.6478553
0.97646224,-0.6478553
0.97647727,-0.6478553
0.97649235,-0.6478553
0.97650737,-0.694087
0.9765224,-0.694087
0.9765374,-0.694087
0.9765524,-0.694087
0.97656745,-0.694087
0.97658247,-0.7403178
0.9765975,-0.7403178
0.9766125,-0.7403178
0.9766275,-0.7403178
0.97664255,-0.7403178
0.97665757,-0.78654957
0.9766726,-0.78654957
0.9766876,-0.78654957
0.97670263,-0.78654957
0.97671765,-0.78654957
0.9767327,-0.83278084
0.9767477,-0.83278084
0.9767627,-0.83278084
0.97677773,-0.83278084
0.97679275,-0.8790121
0.9768078,-0.8790121
0.9768228,-0.8790121
0.9768378,-0.8790121
0.97685283,-0.8790121
0.97686785,-0.9252434
0.9768829,-0.9252434
0.9768979,-0.9252434
0.9769129,-0.9252434
0.97692794,-0.9252434
0.97694296,-0.9714751
0.976958,-0.9714751
0.976973,-0.9714751
0.976988,-0.9714751
0.97700304,-1.0177064
0.97701806,-1.0177064
0.9770331,-1.0177064
0.9770481,-1.0177064
0.9770631,-1.0177064
0.97707814,-1.0639377
0.97709316,-1.0639377
0.9771082,-1.0639377
0.9771232,-1.0639377
0.9771382,-1.0639377
0.97715324,-1.1101689
0.97716826,-1.1101689
0.9771833,-1.1101689
0.9771983,-1.1101689
0.9772133,-1.1101689
0.97722834,-1.1564007
0.97724336,-1.1564007
0.9772584,-1.1564007
0.9772734,-1.1564007
0.9772884,-1.202632
0.97730345,-1.202632
0.97731847,-1.202632
0.9773335,-1.202632
0.9773485,-1.202632
0.9773635,-1.2488632
0.97737855,-1.2488632
0.97739357,-1.2488632
0.9774086,-1.2488632
0.9774236,-1.2488632
0.9774386,-1.2950945
0.97745365,-1.2950945
0.97746867,-1.2950945
0.9774837,-1.2950945
0.9774987,-1.2950945
0.97751373,-1.3413262
0.97752875,-1.3413262
0.9775438,-1.3413262
0.9775588,-1.3413262
0.9775738,-1.3413262
0.97758883,-1.387557
0.97760385,-1.387557
0.9776189,-1.387557
0.9776339,-1.387557
0.9776489,-1.387557
0.97766393,-1.4337888
0.97767895,-1.4337888
0.977694,-1.4337888
0.977709,-1.4337888
0.977724,-1.48002
0.97773904,-1.48002
0.97775406,-1.48002
0.9777691,-1.48002
0.9777841,-1.48002
0.9777991,-1.48002
0.97781414,-1.48002
0.97782916,-1.48002
0.9778442,-1.5262513
0.9778592,-1.5262513
0.9778742,-1.5262513
0.97788924,-1.5262513
0.97790426,-1.5262513
0.9779193,-1.5724826
0.9779343,-1.5724826
0.9779493,-1.5724826
0.97796434,-1.5724826
0.97797936,-1.5724826
0.9779944,-1.6187139
0.9780094,-1.6187139
0.9780244,-1.6187139
0.97803944,-1.6187139
0.97805446,-1.6187139
0.9780695,-1.6187139
0.9780845,-1.6187139
0.9780995,-1.6187139
0.97811455,-1.5724826
0.97812957,-1.5724826
0.9781446,-1.5724826
0.9781596,-1.5724826
0.9781746,-1.5724826
0.97818965,-1.5262513
0.97820467,-1.5262513
0.9782197,-1.5262513
0.9782347,-1.5262513
0.9782498,-1.48002
0.9782648,-1.48002
0.9782798,-1.48002
0.97829485,-1.48002
0.97830987,-1.48002
0.9783249,-1.48002
0.9783399,-1.48002
0.97835493,-1.4337888
0.97836995,-1.4337888
0.978385,-1.4337888
0.9784,-1.4337888
0.978415,-1.4337888
0.97843003,-1.387557
0.97844505,-1.387557
0.9784601,-1.387557
0.9784751,-1.387557
0.9784901,-1.387557
0.97850513,-1.3413262
0.97852015,-1.3413262
0.9785352,-1.3413262
0.9785502,-1.3413262
0.9785652,-1.3413262
0.97858024,-1.2950945
0.97859526,-1.2950945
0.9786103,-1.2950945
0.9786253,-1.2950945
0.9786403,-1.2488632
0.97865534,-1.2488632
0.97867036,-1.2488632
0.9786854,-1.2488632
0.9787004,-1.2488632
0.9787154,-1.202632
0.97873044,-1.202632
0.97874546,-1.202632
0.9787605,-1.202632
0.9787755,-1.1564007
0.9787905,-1.1564007
0.97880554,-1.1564007
0.97882056,-1.1564007
0.9788356,-1.1564007
0.9788506,-1.1101689
0.9788656,-1.1101689
0.97888064,-1.1101689
0.97889566,-1.1101689
0.9789107,-1.1101689
0.9789257,-1.0639377
0.9789407,-1.0639377
0.97895575,-1.0639377
0.97897077,-1.0639377
0.9789858,-1.0177064
0.9790008,-1.0177064
0.9790158,-1.0177064
0.97903085,-1.0177064
0.97904587,-1.0177064
0.9790609,-0.9714751
0.9790759,-0.9714751
0.9790909,-0.9714751
0.97910595,-0.9714751
0.97912097,-0.9714751
0.979136,-0.9252434
0.979151,-0.9252434
0.97916603,-0.9252434
0.97918105,-0.9252434
0.9791961,-0.8790121
0.9792111,-0.8790121
0.9792261,-0.8790121
0.97924113,-0.8790121
0.97925615,-0.8790121
0.9792712,-0.83278084
0.9792862,-0.83278084
0.9793012,-0.83278084
0.97931623,-0.83278084
0.97933125,-0.83278084
0.9793463,-0.78654957
0.9793613,-0.78654957
0.9793763,-0.78654957
0.97939134,-0.78654957
0.97940636,-0.7403178
0.9794214,-0.7403178
0.9794364,-0.7403178
0.9794514,-0.7403178
0.97946644,-0.7403178
0.97948146,-0.694087
0.9794965,-0.694087
0.9795115,-0.694087
0.9795265,-0.694087
0.97954154,-0.694087
0.97955656,-0.6478553
0.9795716,-0.6478553
0.9795866,-0.6478553
0.9796016,-0.6478553
0.97961664,-0.601624
0.97963166,-0.601624
0.9796467,-0.601624
0.9796617,-0.601624
0.9796767,-0.601624
0.97969174,-0.55539227
0.97970676,-0.55539227
0.9797218,-0.55539227
0.9797368,-0.55539227
0.9797518,-0.55539227
0.97976685,-0.5091615
0.97978187,-0.5091615
0.9797969,-0.5091615
0.9798119,-0.5091615
0.9798269,-0.46292973
0.97984195,-0.46292973
0.97985697,-0.46292973
0.979872,-0.46292973
0.979887,-0.46292973
0.979902,-0.41669846
0.97991705,-0.41669846
0.97993207,-0.41669846
0.9799471,-0.41669846
0.9799621,-0.41669846
0.97997713,-0.3704667
0.97999215,-0.3704667
0.98000723,-0.3704667
0.98002225,-0.3704667
0.9800373,-0.32423592
0.9800523,-0.32423592
0.9800673,-0.32423592
0.98008233,-0.32423592
0.98009735,-0.32423592
0.9801124,-0.27800417
0.9801274,-0.27800417
0.9801424,-0.27800417
0.98015743,-0.27800417
0.98017246,-0.27800417
0.9801875,-0.2317729
0.9802025,-0.2317729
0.9802175,-0.2317729
0.98023254,-0.2317729
0.98024756,-0.18554163
0.9802626,-0.18554163
0.9802776,-0.18554163
0.9802926,-0.18554163
0.98030764,-0.18554163
0.98032266,-0.13931036
0.9803377,-0.13931036
0.9803527,-0.13931036
0.9803677,-0.13931036
0.98038274,-0.13931036
0.98039776,-0.09307861
0.9804128,-0.09307861
0.9804278,-0.09307861
0.9804428,-0.09307861
0.98045784,-0.046847343
0.98047286,-0.046847343
0.9804879,-0.046847343
0.9805029,-0.046847343
0.9805179,-0.046847343
0.98053294,-6.160736E-4
0.98054796,-6.160736E-4
0.980563,-6.160736E-4
0.980578,-6.160736E-4
0.980593,0.045615196
0.98060805,0.045615196
0.98062307,0.045615196
0.9806381,0.045615196
0.9806531,0.045615196
0.9806681,0.091846466
0.98068315,0.091846466
0.98069817,0.091846466
0.9807132,0.091846466
0.9807282,0.091846466
0.9807432,0.13807821
0.98075825,0.13807821
0.98077327,0.13807821
0.9807883,0.13807821
0.9808033,0.184309
0.98081833,0.184309
0.98083335,0.184309
0.9808484,0.184309
0.9808634,0.184309
0.9808784,0.23054075
0.98089343,0.23054075
0.98090845,0.23054075
0.9809235,0.23054075
0.9809385,0.23054075
0.9809535,0.27677202
0.98096853,0.27677202
0.98098356,0.27677202
0.9809986,0.27677202
0.9810136,0.3230033
0.9810286,0.3230033
0.98104364,0.3230033
0.98105866,0.3230033
0.9810737,0.3230033
0.9810887,0.36923456
0.9811037,0.36923456
0.98111874,0.36923456
0.98113376,0.36923456
0.9811488,0.36923456
0.9811638,0.4154663
0.9811788,0.4154663
0.98119384,0.4154663
0.98120886,0.4154663
0.9812239,0.46169758
0.9812389,0.46169758
0.9812539,0.46169758
0.98126894,0.46169758
0.98128396,0.46169758
0.981299,0.50792885
0.981314,0.50792885
0.981329,0.50792885
0.98134404,0.50792885
0.98135906,0.50792885
0.9813741,0.5541601
0.9813891,0.5541601
0.9814041,0.5541601
0.98141915,0.5541601
0.98143417,0.60039186
0.9814492,0.60039186
0.9814642,0.60039186
0.9814792,0.60039186
0.98149425,0.60039186
0.98150927,0.60039186
0.9815243,0.64662313
0.9815393,0.64662313
0.9815543,0.64662313
0.98156935,0.64662313
0.98158437,0.6928544
0.9815994,0.6928544
0.9816144,0.6928544
0.98162943,0.6928544
0.98164445,0.6928544
0.9816595,0.7390857
0.9816745,0.7390857
0.9816895,0.7390857
0.98170453,0.7390857
0.98171955,0.7390857
0.9817346,0.7853174
0.9817496,0.7853174
0.9817646,0.7853174
0.9817797,0.7853174
0.9817947,0.7853174
0.98180974,0.8315482
0.98182476,0.8315482
0.9818398,0.8315482
0.9818548,0.8315482
0.9818698,0.8315482
0.98188484,0.87777996
0.98189986,0.87777996
0.9819149,0.87777996
0.9819299,0.87777996
0.9819449,0.92401123
0.98195994,0.92401123
0.98197496,0.92401123
0.98199,0.92401123
0.982005,0.92401123
0.98202,0.970243
0.98203504,0.970243
0.98205006,0.970243
0.9820651,0.970243
0.9820801,0.970243
0.9820951,1.0164738
0.98211014,1.0164738
0.98212516,1.0164738
0.9821402,1.0164738
0.9821552,1.0164738
0.9821702,1.0627055
0.98218524,1.0627055
0.98220026,1.0627055
0.9822153,1.0627055
0.9822303,1.0627055
0.9822453,1.1089368
0.98226035,1.1089368
0.98227537,1.1089368
0.9822904,1.1089368
0.9823054,1.1089368
0.9823204,1.1551685
0.98233545,1.1551685
0.98235047,1.1551685
0.9823655,1.1551685
0.9823805,1.1551685
0.9823955,1.2013993
0.98241055,1.2013993
0.9824256,1.2013993
0.9824406,1.2013993
0.9824556,1.2013993
0.98247063,1.2476311
0.98248565,1.2476311
0.9825007,1.2476311
0.9825157,1.2476311
0.9825307,1.2476311
0.98254573,1.2938623
0.98256075,1.2938623
0.9825758,1.2938623
0.9825908,1.2938623
0.9826058,1.2938623
0.98262084,1.3400936
0.98263586,1.3400936
0.9826509,1.3400936
0.9826659,1.3400936
0.9826809,1.3863249
0.98269594,1.3863249
0.98271096,1.3863249
0.982726,1.3863249
0.982741,1.3863249
0.982756,1.3863249
0.98277104,1.4325566
0.98278606,1.4325566
0.9828011,1.4325566
0.9828161,1.4325566
0.9828311,1.4325566
0.98284614,1.4787879
0.98286116,1.4787879
0.9828762,1.4787879
0.9828912,1.4787879
0.9829062,1.4787879
0.98292124,1.4787879
0.98293626,1.4787879
0.9829513,1.5250192
0.9829663,1.5250192
0.9829813,1.5250192
0.98299634,1.5250192
0.98301136,1.5250192
0.9830264,1.5712504
0.9830414,1.5712504
0.9830564,1.5712504
0.98307145,1.5712504
0.98308647,1.5712504
0.9831015,1.5712504
0.9831165,1.6174817
0.9831315,1.6174817
0.98314655,1.6174817
0.98316157,1.6174817
0.9831766,1.6174817
0.9831916,1.6637135
0.9832066,1.6637135
0.98322165,1.6637135
0.9832367,1.6637135
0.9832517,1.6637135
0.9832667,1.7099442
0.98328173,1.7099442
0.98329675,1.7099442
0.9833118,1.7099442
0.9833268,1.7099442
0.9833418,1.756176
0.98335683,1.756176
0.98337185,1.756176
0.9833869,1.756176
0.9834019,1.756176
0.9834169,1.756176
0.98343194,1.756176
0.98344696,1.7099442
0.983462,1.7099442
0.983477,1.7099442
0.983492,1.7099442
0.98350704,1.6637135
0.98352206,1.6637135
0.98353714,1.6637135
0.98355216,1.6637135
0.9835672,1.6174817
0.9835822,1.6174817
0.9835972,1.6174817
0.98361224,1.6174817
0.98362726,1.6174817
0.9836423,1.5712504
0.9836573,1.5712504
0.9836723,1.5712504
0.98368734,1.5712504
0.98370236,1.5250192
0.9837174,1.5250192
0.9837324,1.5250192
0.9837474,1.5250192
0.98376244,1.4787879
0.98377746,1.4787879
0.9837925,1.4787879
0.9838075,1.4787879
0.9838225,1.4787879
0.98383754,1.4787879
0.98385257,1.4787879
0.9838676,1.4325566
0.9838826,1.4325566
0.9838976,1.4325566
0.98391265,1.4325566
0.98392767,1.4325566
0.9839427,1.3863249
0.9839577,1.3863249
0.9839727,1.3863249
0.98398775,1.3863249
0.98400277,1.3400936
0.9840178,1.3400936
0.9840328,1.3400936
0.98404783,1.3400936
0.98406285,1.3400936
0.9840779,1.2938623
0.9840929,1.2938623
0.9841079,1.2938623
0.98412293,1.2938623
0.98413795,1.2476311
0.984153,1.2476311
0.984168,1.2476311
0.984183,1.2476311
0.98419803,1.2013993
0.98421305,1.2013993
0.9842281,1.2013993
0.9842431,1.2013993
0.9842581,1.2013993
0.98427314,1.1551685
0.98428816,1.1551685
0.9843032,1.1551685
0.9843182,1.1551685
0.9843332,1.1089368
0.98434824,1.1089368
0.98436326,1.1089368
0.9843783,1.1089368
0.9843933,1.1089368
0.9844083,1.0627055
0.98442334,1.0627055
0.98443836,1.0627055
0.9844534,1.0627055
0.9844684,1.0164738
0.9844834,1.0164738
0.98449844,1.0164738
0.98451346,1.0164738
0.9845285,0.970243
0.9845435,0.970243
0.9845585,0.970243
0.98457354,0.970243
0.98458856,0.970243
0.9846036,0.92401123
0.9846186,0.92401123
0.9846336,0.92401123
0.98464864,0.92401123
0.98466367,0.87777996
0.9846787,0.87777996
0.9846937,0.87777996
0.9847087,0.87777996
0.98472375,0.8315482
0.98473877,0.8315482
0.9847538,0.8315482
0.9847688,0.8315482
0.9847838,0.8315482
0.98479885,0.7853174
0.98481387,0.7853174
0.9848289,0.7853174
0.9848439,0.7853174
0.98485893,0.7390857
0.98487395,0.7390857
0.984889,0.7390857
0.984904,0.7390857
0.984919,0.7390857
0.98493403,0.6928544
0.98494905,0.6928544
0.9849641,0.6928544
0.9849791,0.6928544
0.9849941,0.64662313
0.98500913,0.64662313
0.98502415,0.64662313
0.9850392,0.64662313
0.9850542,0.64662313
0.9850692,0.60039186
0.98508424,0.60039186
0.98509926,0.60039186
0.9851143,0.60039186
0.9851293,0.5541601
0.9851443,0.5541601
0.98515934,0.5541601
0.98517436,0.5541601
0.9851894,0.50792885
0.9852044,0.50792885
0.9852194,0.50792885
0.98523444,0.50792885
0.98524946,0.50792885
0.9852645,0.46169758
0.9852795,0.46169758
0.9852946,0.46169758
0.9853096,0.46169758
0.9853246,0.4154663
0.98533964,0.4154663
0.98535466,0.4154663
0.9853697,0.4154663
0.9853847,0.4154663
0.9853997,0.36923456
0.98541474,0.36923456
0.98542976,0.36923456
0.9854448,0.36923456
0.9854598,0.3230033
0.9854748,0.3230033
0.98548985,0.3230033
0.98550487,0.3230033
0.9855199,0.27677202
0.9855349,0.27677202
0.9855499,0.27677202
0.98556495,0.27677202
0.98557997,0.27677202
0.985595,0.23054075
0.98561,0.23054075
0.985625,0.23054075
0.98564005,0.23054075
0.98565507,0.184309
0.9856701,0.184309
0.9856851,0.184309
0.98570013,0.184309
0.98571515,0.184309
0.9857302,0.13807821
0.9857452,0.13807821
0.9857602,0.13807821
0.98577523,0.13807821
0.98579025,0.091846466
0.9858053,0.091846466
0.9858203,0.091846466
0.9858353,0.091846466
0.98585033,0.091846466
0.98586535,0.045615196
0.9858804,0.045615196
0.9858954,0.045615196
0.9859104,0.045615196
0.98592544,-6.160736E-4
0.98594046,-6.160736E-4
0.9859555,-6.160736E-4
0.9859705,-6.160736E-4
0.9859855,-0.046847343
0.98600054,-0.046847343
0.98601556,-0.046847343
0.9860306,-0.046847343
0.9860456,-0.046847343
0.9860606,-0.09307861
0.98607564,-0.09307861
0.98609066,-0.09307861
0.9861057,-0.09307861
0.9861207,-0.13931036
0.9861357,-0.13931036
0.98615074,-0.13931036
0.98616576,-0.13931036
0.9861808,-0.13931036
0.9861958,-0.18554163
0.9862108,-0.18554163
0.98622584,-0.18554163
0.98624086,-0.18554163
0.9862559,-0.2317729
0.9862709,-0.2317729
0.9862859,-0.2317729
0.98630095,-0.2317729
0.98631597,-0.2317729
0.986331,-0.27800417
0.986346,-0.27800417
0.986361,-0.27800417
0.98637605,-0.27800417
0.98639107,-0.32423592
0.9864061,-0.32423592
0.9864211,-0.32423592
0.9864361,-0.32423592
0.98645115,-0.32423592
0.98646617,-0.3704667
0.9864812,-0.3704667
0.9864962,-0.3704667
0.98651123,-0.3704667
0.98652625,-0.41669846
0.9865413,-0.41669846
0.9865563,-0.41669846
0.9865713,-0.41669846
0.98658633,-0.41669846
0.98660135,-0.46292973
0.9866164,-0.46292973
0.9866314,-0.46292973
0.9866464,-0.46292973
0.98666143,-0.5091615
0.98667645,-0.5091615
0.9866915,-0.5091615
0.9867065,-0.5091615
0.9867215,-0.5091615
0.98673654,-0.55539227
0.98675156,-0.55539227
0.9867666,-0.55539227
0.9867816,-0.55539227
0.9867966,-0.55539227
0.98681164,-0.601624
0.98682666,-0.601624
0.9868417,-0.601624
0.9868567,-0.601624
0.9868717,-0.601624
0.98688674,-0.6478553
0.98690176,-0.6478553
0.9869168,-0.6478553
0.9869318,-0.6478553
0.9869468,-0.694087
0.98696184,-0.694087
0.98697686,-0.694087
0.9869919,-0.694087
0.9870069,-0.694087
0.9870219,-0.7403178
0.98703694,-0.7403178
0.987052,-0.7403178
0.98706704,-0.7403178
0.98708206,-0.7403178
0.9870971,-0.78654957
0.9871121,-0.78654957
0.9871271,-0.78654957
0.98714215,-0.78654957
0.98715717,-0.83278084
0.9871722,-0.83278084
0.9871872,-0.83278084
0.9872022,-0.83278084
0.98721725,-0.83278084
0.98723227,-0.8790121
0.9872473,-0.8790121
0.9872623,-0.8790121
0.9872773,-0.8790121
0.98729235,-0.9252434
0.98730737,-0.9252434
0.9873224,-0.9252434
0.9873374,-0.9252434
0.98735243,-0.9252434
0.98736745,-0.9714751
0.9873825,-0.9714751
0.9873975,-0.9714751
0.9874125,-0.9714751
0.98742753,-0.9714751
0.98744255,-1.0177064
0.9874576,-1.0177064
0.9874726,-1.0177064
0.9874876,-1.0177064
0.98750263,-1.0177064
0.98751765,-1.0639377
0.9875327,-1.0639377
0.9875477,-1.0639377
0.9875627,-1.0639377
0.98757774,-1.1101689
0.98759276,-1.1101689
0.9876078,-1.1101689
0.9876228,-1.1101689
0.9876378,-1.1101689
0.98765284,-1.1564007
0.98766786,-1.1564007
0.9876829,-1.1564007
0.9876979,-1.1564007
0.9877129,-1.1564007
0.98772794,-1.202632
0.98774296,-1.202632
0.987758,-1.202632
0.987773,-1.202632
0.987788,-1.202632
0.98780304,-1.2488632
0.98781806,-1.2488632
0.9878331,-1.2488632
0.9878481,-1.2488632
0.9878631,-1.2488632
0.98787814,-1.2950945
0.98789316,-1.2950945
0.9879082,-1.2950945
0.9879232,-1.2950945
0.9879382,-1.3413262
0.98795325,-1.3413262
0.98796827,-1.3413262
0.9879833,-1.3413262
0.9879983,-1.3413262
0.9880133,-1.387557
0.98802835,-1.387557
0.98804337,-1.387557
0.9880584,-1.387557
0.9880734,-1.387557
0.9880884,-1.4337888
0.98810345,-1.4337888
0.98811847,-1.4337888
0.9881335,-1.4337888
0.9881485,-1.4337888
0.98816353,-1.48002
0.98817855,-1.48002
0.9881936,-1.48002
0.9882086,-1.48002
0.9882236,-1.48002
0.98823863,-1.48002
0.98825365,-1.48002
0.9882687,-1.48002
0.9882837,-1.5262513
0.9882987,-1.5262513
0.98831373,-1.5262513
0.98832875,-1.5262513
0.9883438,-1.5262513
0.9883588,-1.5724826
0.9883738,-1.5724826
0.98838884,-1.5724826
0.98840386,-1.5724826
0.9884189,-1.6187139
0.9884339,-1.6187139
0.9884489,-1.6187139
0.98846394,-1.6187139
0.98847896,-1.6187139
0.988494,-1.6187139
0.988509,-1.6187139
0.988524,-1.6187139
0.98853904,-1.6187139
0.98855406,-1.5724826
0.9885691,-1.5724826
0.9885841,-1.5724826
0.9885991,-1.5724826
0.98861414,-1.5262513
0.98862916,-1.5262513
0.9886442,-1.5262513
0.9886592,-1.5262513
0.9886742,-1.5262513
0.98868924,-1.48002
0.98870426,-1.48002
0.9887193,-1.48002
0.9887343,-1.48002
0.9887493,-1.48002
0.98876435,-1.48002
0.98877937,-1.48002
0.9887944,-1.4337888
0.9888094,-1.4337888
0.9888245,-1.4337888
0.9888395,-1.4337888
0.9888545,-1.4337888
0.98886955,-1.387557
0.98888457,-1.387557
0.9888996,-1.387557
0.9889146,-1.387557
0.9889296,-1.387557
0.98894465,-1.3413262
0.98895967,-1.3413262
0.9889747,-1.3413262
0.9889897,-1.3413262
0.98900473,-1.2950945
0.98901975,-1.2950945
0.9890348,-1.2950945
0.9890498,-1.2950945
0.9890648,-1.2950945
0.98907983,-1.2488632
0.98909485,-1.2488632
0.9891099,-1.2488632
0.9891249,-1.2488632
0.9891399,-1.202632
0.98915493,-1.202632
0.98916996,-1.202632
0.989185,-1.202632
0.9892,-1.202632
0.989215,-1.1564007
0.98923004,-1.1564007
0.98924506,-1.1564007
0.9892601,-1.1564007
0.9892751,-1.1564007
0.9892901,-1.1101689
0.98930514,-1.1101689
0.98932016,-1.1101689
0.9893352,-1.1101689
0.9893502,-1.0639377
0.9893652,-1.0639377
0.98938024,-1.0639377
0.98939526,-1.0639377
0.9894103,-1.0639377
0.9894253,-1.0177064
0.9894403,-1.0177064
0.98945534,-1.0177064
0.98947036,-1.0177064
0.9894854,-0.9714751
0.9895004,-0.9714751
0.9895154,-0.9714751
0.98953044,-0.9714751
0.98954546,-0.9714751
0.9895605,-0.9252434
0.9895755,-0.9252434
0.9895905,-0.9252434
0.98960555,-0.9252434
0.98962057,-0.9252434
0.9896356,-0.8790121
0.9896506,-0.8790121
0.9896656,-0.8790121
0.98968065,-0.8790121
0.98969567,-0.8790121
0.9897107,-0.83278084
0.9897257,-0.83278084
0.9897407,-0.83278084
0.98975575,-0.83278084
0.98977077,-0.78654957
0.9897858,-0.78654957
0.9898008,-0.78654957
0.98981583,-0.78654957
0.98983085,-0.78654957
0.9898459,-0.7403178
0.9898609,-0.7403178
0.9898759,-0.7403178
0.98989093,-0.7403178
0.98990595,-0.7403178
0.989921,-0.694087
0.989936,-0.694087
0.989951,-0.694087
0.98996603,-0.694087
0.98998106,-0.6478553
0.9899961,-0.6478553
0.9900111,-0.6478553
0.9900261,-0.6478553
0.99004114,-0.6478553
0.99005616,-0.601624
0.9900712,-0.601624
0.9900862,-0.601624
0.9901012,-0.601624
0.99011624,-0.55539227
0.99013126,-0.55539227
0.9901463,-0.55539227
0.9901613,-0.55539227
0.9901763,-0.55539227
0.99019134,-0.5091615
0.99020636,-0.5091615
0.9902214,-0.5091615
0.9902364,-0.5091615
0.9902514,-0.5091615
0.99026644,-0.46292973
0.99028146,-0.46292973
0.9902965,-0.46292973
0.9903115,-0.46292973
0.9903265,-0.46292973
0.99034154,-0.41669846
0.99035656,-0.41669846
0.9903716,-0.41669846
0.9903866,-0.41669846
0.9904016,-0.3704667
0.99041665,-0.3704667
0.99043167,-0.3704667
0.9904467,-0.3704667
0.9904617,-0.3704667
0.9904767,-0.32423592
0.99049175,-0.32423592
0.99050677,-0.32423592
0.9905218,-0.32423592
0.9905368,-0.27800417
0.9905518,-0.27800417
0.99056685,-0.27800417
0.9905819,-0.27800417
0.99059695,-0.27800417
0.990612,-0.2317729
0.990627,-0.2317729
0.990642,-0.2317729
0.99065703,-0.2317729
0.99067205,-0.2317729
0.9906871,-0.18554163
0.9907021,-0.18554163
0.9907171,-0.18554163
0.99073213,-0.18554163
0.99074715,-0.13931036
0.9907622,-0.13931036
0.9907772,-0.13931036
0.9907922,-0.13931036
0.99080724,-0.13931036
0.99082226,-0.09307861
0.9908373,-0.09307861
0.9908523,-0.09307861
0.9908673,-0.09307861
0.99088234,-0.09307861
0.99089736,-0.046847343
0.9909124,-0.046847343
0.9909274,-0.046847343
0.9909424,-0.046847343
0.99095744,-6.160736E-4
0.99097246,-6.160736E-4
0.9909875,-6.160736E-4
0.9910025,-6.160736E-4
0.9910175,-6.160736E-4
0.99103254,0.045615196
0.99104756,0.045615196
0.9910626,0.045615196
0.9910776,0.045615196
0.9910926,0.091846466
0.99110764,0.091846466
0.99112266,0.091846466
0.9911377,0.091846466
0.9911527,0.091846466
0.9911677,0.13807821
0.99118274,0.13807821
0.99119776,0.13807821
0.9912128,0.13807821
0.9912278,0.13807821
0.9912428,0.184309
0.99125785,0.184309
0.99127287,0.184309
0.9912879,0.184309
0.9913029,0.23054075
0.9913179,0.23054075
0.99133295,0.23054075
0.99134797,0.23054075
0.991363,0.23054075
0.991378,0.27677202
0.991393,0.27677202
0.99140805,0.27677202
0.9914231,0.27677202
0.9914381,0.27677202
0.9914531,0.3230033
0.99146813,0.3230033
0.99148315,0.3230033
0.9914982,0.3230033
0.9915132,0.36923456
0.9915282,0.36923456
0.99154323,0.36923456
0.99155825,0.36923456
0.9915733,0.36923456
0.9915883,0.4154663
0.9916033,0.4154663
0.99161834,0.4154663
0.99163336,0.4154663
0.9916484,0.4154663
0.9916634,0.46169758
0.9916784,0.46169758
0.99169344,0.46169758
0.99170846,0.46169758
0.9917235,0.46169758
0.9917385,0.50792885
0.9917535,0.50792885
0.99176854,0.50792885
0.99178356,0.50792885
0.9917986,0.50792885
0.9918136,0.5541601
0.9918286,0.5541601
0.99184364,0.5541601
0.99185866,0.5541601
0.9918737,0.60039186
0.9918887,0.60039186
0.9919037,0.60039186
0.99191874,0.60039186
0.99193376,0.60039186
0.9919488,0.64662313
0.9919638,0.64662313
0.9919788,0.64662313
0.99199384,0.64662313
0.99200886,0.64662313
0.9920239,0.6928544
0.9920389,0.6928544
0.9920539,0.6928544
0.99206895,0.6928544
0.99208397,0.7390857
0.992099,0.7390857
0.992114,0.7390857
0.992129,0.7390857
0.99214405,0.7390857
0.99215907,0.7853174
0.9921741,0.7853174
0.9921891,0.7853174
0.9922041,0.7853174
0.99221915,0.7853174
0.9922342,0.7853174
0.9922492,0.8315482
0.9922642,0.8315482
0.99227923,0.8315482
0.99229425,0.8315482
0.9923093,0.87777996
0.9923243,0.87777996
0.9923394,0.87777996
0.9923544,0.87777996
0.9923694,0.87777996
0.99238443,0.92401123
0.99239945,0.92401123
0.9924145,0.92401123
0.9924295,0.92401123
0.9924445,0.92401123
0.99245954,0.970243
0.99247456,0.970243
0.9924896,0.970243
0.9925046,0.970243
0.9925196,0.970243
0.99253464,1.0164738
0.99254966,1.0164738
0.9925647,1.0164738
0.9925797,1.0164738
0.9925947,1.0164738
0.99260974,1.0627055
0.99262476,1.0627055
0.9926398,1.0627055
0.9926548,1.0627055
0.9926698,1.0627055
0.99268484,1.1089368
0.99269986,1.1089368
0.9927149,1.1089368
0.9927299,1.1089368
0.9927449,1.1551685
0.99275994,1.1551685
0.99277496,1.1551685
0.99279,1.1551685
0.992805,1.1551685
0.99282,1.2013993
0.99283504,1.2013993
0.99285007,1.2013993
0.9928651,1.2013993
0.9928801,1.2013993
0.9928951,1.2476311
0.99291015,1.2476311
0.99292517,1.2476311
0.9929402,1.2476311
0.9929552,1.2476311
0.9929702,1.2938623
0.99298525,1.2938623
0.99300027,1.2938623
0.9930153,1.2938623
0.9930303,1.2938623
0.99304533,1.3400936
0.99306035,1.3400936
0.9930754,1.3400936
0.9930904,1.3400936
0.9931054,1.3400936
0.99312043,1.3863249
0.99313545,1.3863249
0.9931505,1.3863249
0.9931655,1.3863249
0.9931805,1.3863249
0.99319553,1.4325566
0.99321055,1.4325566
0.9932256,1.4325566
0.9932406,1.4325566
0.9932556,1.4325566
0.99327064,1.4787879
0.99328566,1.4787879
0.9933007,1.4787879
0.9933157,1.4787879
0.9933307,1.4787879
0.99334574,1.4787879
0.99336076,1.4787879
0.9933758,1.4787879
0.9933908,1.5250192
0.9934058,1.5250192
0.99342084,1.5250192
0.99343586,1.5250192
0.9934509,1.5250192
0.9934659,1.5712504
0.9934809,1.5712504
0.99349594,1.5712504
0.99351096,1.5712504
0.993526,1.5712504
0.993541,1.6174817
0.993556,1.6174817
0.99357104,1.6174817
0.99358606,1.6174817
0.9936011,1.6174817
0.9936161,1.6637135
0.9936311,1.6637135
0.99364614,1.6637135
0.99366117,1.6637135
0.9936762,1.6637135
0.9936912,1.7099442
0.9937062,1.7099442
0.99372125,1.7099442
0.99373627,1.7099442
0.9937513,1.7099442
0.9937663,1.756176
0.9937813,1.756176
0.99379635,1.756176
0.99381137,1.756176
0.9938264,1.756176
0.9938414,1.756176
0.99385643,1.756176
0.99387145,1.756176
0.9938865,1.7099442
0.9939015,1.7099442
0.9939165,1.7099442
0.99393153,1.7099442
0.99394655,1.6637135
0.9939616,1.6637135
0.9939766,1.6637135
0.9939916,1.6637135
0.99400663,1.6174817
0.99402165,1.6174817
0.9940367,1.6174817
0.9940517,1.6174817
0.9940667,1.5712504
0.99408174,1.5712504
0.9940968,1.5712504
0.99411184,1.5712504
0.99412686,1.5712504
0.9941419,1.5250192
0.9941569,1.5250192
0.9941719,1.5250192
0.99418694,1.5250192
0.99420196,1.4787879
0.994217,1.4787879
0.994232,1.4787879
0.994247,1.4787879
0.99426204,1.4787879
0.99427706,1.4787879
0.9942921,1.4787879
0.9943071,1.4325566
0.9943221,1.4325566
0.99433714,1.4325566
0.99435216,1.4325566
0.9943672,1.3863249
0.9943822,1.3863249
0.9943972,1.3863249
0.99441224,1.3863249
0.99442726,1.3863249
0.9944423,1.3400936
0.9944573,1.3400936
0.9944723,1.3400936
0.99448735,1.3400936
0.99450237,1.2938623
0.9945174,1.2938623
0.9945324,1.2938623
0.9945474,1.2938623
0.99456245,1.2476311
0.99457747,1.2476311
0.9945925,1.2476311
0.9946075,1.2476311
0.9946225,1.2476311
0.99463755,1.2013993
0.99465257,1.2013993
0.9946676,1.2013993
0.9946826,1.2013993
0.99469763,1.1551685
0.99471265,1.1551685
0.9947277,1.1551685
0.9947427,1.1551685
0.9947577,1.1551685
0.99477273,1.1089368
0.99478775,1.1089368
0.9948028,1.1089368
0.9948178,1.1089368
0.9948328,1.0627055
0.99484783,1.0627055
0.99486285,1.0627055
0.9948779,1.0627055
0.9948929,1.0164738
0.9949079,1.0164738
0.99492294,1.0164738
0.99493796,1.0164738
0.994953,1.0164738
0.994968,0.970243
0.994983,0.970243
0.99499804,0.970243
0.99501306,0.970243
0.9950281,0.92401123
0.9950431,0.92401123
0.9950581,0.92401123
0.99507314,0.92401123
0.99508816,0.92401123
0.9951032,0.87777996
0.9951182,0.87777996
0.9951332,0.87777996
0.99514824,0.87777996
0.99516326,0.8315482
0.9951783,0.8315482
0.9951933,0.8315482
0.9952083,0.8315482
0.99522334,0.7853174
0.99523836,0.7853174
0.9952534,0.7853174
0.9952684,0.7853174
0.9952834,0.7853174
0.99529845,0.7390857
0.99531347,0.7390857
0.9953285,0.7390857
0.9953435,0.7390857
0.9953585,0.6928544
0.99537355,0.6928544
0.99538857,0.6928544
0.9954036,0.6928544
0.9954186,0.6928544
0.9954336,0.64662313
0.99544865,0.64662313
0.99546367,0.64662313
0.9954787,0.64662313
0.9954937,0.60039186
0.99550873,0.60039186
0.99552375,0.60039186
0.9955388,0.60039186
0.9955538,0.60039186
0.9955688,0.5541601
0.99558383,0.5541601
0.99559885,0.5541601
0.9956139,0.5541601
0.9956289,0.50792885
0.9956439,0.50792885
0.99565893,0.50792885
0.99567395,0.50792885
0.995689,0.46169758
0.995704,0.46169758
0.995719,0.46169758
0.99573404,0.46169758
0.99574906,0.46169758
0.9957641,0.4154663
0.9957791,0.4154663
0.9957941,0.4154663
0.99580914,0.4154663
0.99582416,0.36923456
0.9958392,0.36923456
0.9958542,0.36923456
0.9958693,0.36923456
0.9958843,0.36923456
0.9958993,0.3230033
0.99591434,0.3230033
0.99592936,0.3230033
0.9959444,0.3230033
0.9959594,0.27677202
0.9959744,0.27677202
0.99598944,0.27677202
0.99600446,0.27677202
0.9960195,0.23054075
0.9960345,0.23054075
0.9960495,0.23054075
0.99606454,0.23054075
0.99607956,0.23054075
0.9960946,0.184309
0.9961096,0.184309
0.9961246,0.184309
0.99613965,0.184309
0.99615467,0.13807821
0.9961697,0.13807821
0.9961847,0.13807821
0.9961997,0.13807821
0.99621475,0.13807821
0.99622977,0.091846466
0.9962448,0.091846466
0.9962598,0.091846466
0.9962748,0.091846466
0.99628985,0.091846466
0.99630487,0.045615196
0.9963199,0.045615196
0.9963349,0.045615196
0.99634993,0.045615196
0.99636495,-6.160736E-4
0.99638,-6.160736E-4
0.996395,-6.160736E-4
0.99641,-6.160736E-4
0.99642503,-0.046847343
0.99644005,-0.046847343
0.9964551,-0.046847343
0.9964701,-0.046847343
0.9964851,-0.09307861
0.99650013,-0.09307861
0.99651515,-0.09307861
0.9965302,-0.09307861
0.9965452,-0.09307861
0.9965602,-0.13931036
0.99657524,-0.13931036
0.99659026,-0.13931036
0.9966053,-0.13931036
0.9966203,-0.18554163
0.9966353,-0.18554163
0.99665034,-0.18554163
0.99666536,-0.18554163
0.9966804,-0.18554163
0.9966954,-0.2317729
0.9967104,-0.2317729
0.99672544,-0.2317729
0.99674046,-0.2317729
0.9967555,-0.27800417
0.9967705,-0.27800417
0.9967855,-0.27800417
0.99680054,-0.27800417
0.99681556,-0.27800417
0.9968306,-0.32423592
0.9968456,-0.32423592
0.9968606,-0.32423592
0.99687564,-0.32423592
0.99689066,-0.32423592
0.9969057,-0.3704667
0.9969207,-0.3704667
0.9969357,-0.3704667
0.99695075,-0.3704667
0.99696577,-0.41669846
0.9969808,-0.41669846
0.9969958,-0.41669846
0.9970108,-0.41669846
0.99702585,-0.41669846
0.99704087,-0.46292973
0.9970559,-0.46292973
0.9970709,-0.46292973
0.9970859,-0.46292973
0.99710095,-0.5091615
0.99711597,-0.5091615
0.997131,-0.5091615
0.997146,-0.5091615
0.99716103,-0.5091615
0.99717605,-0.55539227
0.9971911,-0.55539227
0.9972061,-0.55539227
0.9972211,-0.55539227
0.99723613,-0.601624
0.99725115,-0.601624
0.9972662,-0.601624
0.9972812,-0.601624
0.9972962,-0.601624
0.99731123,-0.6478553
0.99732625,-0.6478553
0.9973413,-0.6478553
0.9973563,-0.6478553
0.9973713,-0.6478553
0.99738634,-0.694087
0.99740136,-0.694087
0.9974164,-0.694087
0.9974314,-0.694087
0.9974464,-0.7403178
0.99746144,-0.7403178
0.99747646,-0.7403178
0.9974915,-0.7403178
0.9975065,-0.7403178
0.9975215,-0.78654957
0.99753654,-0.78654957
0.99755156,-0.78654957
0.9975666,-0.78654957
0.9975816,-0.78654957
0.9975966,-0.83278084
0.99761164,-0.83278084
0.9976267,-0.83278084
0.99764174,-0.83278084
0.99765676,-0.8790121
0.9976718,-0.8790121
0.9976868,-0.8790121
0.9977018,-0.8790121
0.99771684,-0.8790121
0.99773186,-0.9252434
0.9977469,-0.9252434
0.9977619,-0.9252434
0.9977769,-0.9252434
0.99779195,-0.9252434
0.99780697,-0.9714751
0.997822,-0.9714751
0.997837,-0.9714751
0.997852,-0.9714751
0.99786705,-1.0177064
0.99788207,-1.0177064
0.9978971,-1.0177064
0.9979121,-1.0177064
0.9979271,-1.0177064
0.99794215,-1.0639377
0.99795717,-1.0639377
0.9979722,-1.0639377
0.9979872,-1.0639377
0.99800223,-1.0639377
0.99801725,-1.1101689
0.9980323,-1.1101689
0.9980473,-1.1101689
0.9980623,-1.1101689
0.99807733,-1.1101689
0.99809235,-1.1564007
0.9981074,-1.1564007
0.9981224,-1.1564007
0.9981374,-1.1564007
0.99815243,-1.202632
0.99816746,-1.202632
0.9981825,-1.202632
0.9981975,-1.202632
0.9982125,-1.202632
0.99822754,-1.2488632
0.99824256,-1.2488632
0.9982576,-1.2488632
0.9982726,-1.2488632
0.9982876,-1.2488632
0.99830264,-1.2950945
0.99831766,-1.2950945
0.9983327,-1.2950945
0.9983477,-1.2950945
0.9983627,-1.2950945
0.99837774,-1.3413262
0.99839276,-1.3413262
0.9984078,-1.3413262
0.9984228,-1.3413262
0.9984378,-1.3413262
0.99845284,-1.387557
0.99846786,-1.387557
0.9984829,-1.387557
0.9984979,-1.387557
0.9985129,-1.387557
0.99852794,-1.4337888
0.99854296,-1.4337888
0.998558,-1.4337888
0.998573,-1.4337888
0.998588,-1.4337888
0.99860305,-1.48002
0.99861807,-1.48002
0.9986331,-1.48002
0.9986481,-1.48002
0.9986631,-1.48002
0.99867815,-1.48002
0.99869317,-1.48002
0.9987082,-1.5262513
0.9987232,-1.5262513
0.9987382,-1.5262513
0.99875325,-1.5262513
0.99876827,-1.5262513
0.9987833,-1.5724826
0.9987983,-1.5724826
0.99881333,-1.5724826
0.99882835,-1.5724826
0.9988434,-1.5724826
0.9988584,-1.6187139
0.9988734,-1.6187139
0.99888843,-1.6187139
0.99890345,-1.6187139
0.9989185,-1.6187139
0.9989335,-1.6187139
0.9989485,-1.6187139
0.99896353,-1.6187139
0.99897856,-1.6187139
0.9989936,-1.5724826
0.9990086,-1.5724826
0.9990236,-1.5724826
0.99903864,-1.5724826
0.99905366,-1.5262513
0.9990687,-1.5262513
0.9990837,-1.5262513
0.9990987,-1.5262513
0.99911374,-1.5262513
0.99912876,-1.48002
0.9991438,-1.48002
0.9991588,-1.48002
0.9991738,-1.48002
0.99918884,-1.48002
0.99920386,-1.48002
0.9992189,-1.48002
0.9992339,-1.4337888
0.9992489,-1.4337888
0.99926394,-1.4337888
0.99927896,-1.4337888
0.999294,-1.387557
0.999309,-1.387557
0.999324,-1.387557
0.99933904,-1.387557
0.99935406,-1.387557
0.9993691,-1.3413262
0.99938416,-1.3413262
0.9993992,-1.3413262
0.9994142,-1.3413262
0.9994292,-1.3413262
0.99944425,-1.2950945
0.99945927,-1.2950945
0.9994743,-1.2950945
0.9994893,-1.2950945
0.9995043,-1.2488632
0.99951935,-1.2488632
0.99953437,-1.2488632
0.9995494,-1.2488632
0.9995644,-1.2488632
0.9995794,-1.202632
0.99959445,-1.202632
0.9996095,-1.202632
0.9996245,-1.202632
0.9996395,-1.202632
0.99965453,-1.1564007
0.99966955,-1.1564007
0.9996846,-1.1564007
0.9996996,-1.1564007
0.9997146,-1.1101689
0.99972963,-1.1101689
0.99974465,-1.1101689
0.9997597,-1.1101689
0.9997747,-1.1101689
0.9997897,-1.0639377
0.99980474,-1.0639377
0.99981976,-1.0639377
0.9998348,-1.0639377
0.9998498,-1.0639377
0.9998648,-1.0177064
0.99987984,-1.0177064
0.99989486,-1.0177064
0.9999099,-1.0177064
0.9999249,-0.9714751
0.9999399,-0.9714751
0.99995494,-0.9714751
0.99996996,-0.9714751
0.999985,-0.9714751
1.0,-0.9252434
1.000015,-0.9252434
1.00003,-0.9252434
1.0000451,-0.9252434
1.0000601,-0.8790121
1.0000751,-0.8790121
1.0000901,-0.8790121
1.0001051,-0.8790121
1.0001202,-0.8790121
1.0001352,-0.83278084
1.0001502,-0.83278084
1.0001652,-0.83278084
1.0001802,-0.83278084
1.0001953,-0.83278084
1.0002103,-0.78654957
1.0002253,-0.78654957
1.0002403,-0.78654957
1.0002553,-0.78654957
1.0002704,-0.7403178
1.0002854,-0.7403178
1.0003004,-0.7403178
1.0003154,-0.7403178
1.0003304,-0.7403178
1.0003455,-0.694087
1.0003605,-0.694087
1.0003755,-0.694087
1.0003905,-0.694087
1.0004056,-0.694087
1.0004206,-0.6478553
1.0004356,-0.6478553
1.0004506,-0.6478553
1.0004656,-0.6478553
1.0004807,-0.601624
1.0004957,-0.601624
1.0005107,-0.601624
1.0005257,-0.601624
1.0005407,-0.601624
1.0005558,-0.55539227
1.0005708,-0.55539227
1.0005858,-0.55539227
1.0006008,-0.55539227
1.0006158,-0.55539227
1.0006309,-0.5091615
1.0006459,-0.5091615
1.0006609,-0.5091615
1.0006759,-0.5091615
1.0006909,-0.5091615
1.000706,-0.46292973
1.000721,-0.46292973
1.000736,-0.46292973
1.000751,-0.46292973
1.000766,-0.41669846
1.000781,-0.41669846
1.0007961,-0.41669846
1.0008111,-0.41669846
1.0008261,-0.41669846
1.0008411,-0.3704667
1.0008562,-0.3704667
1.0008712,-0.3704667
1.0008862,-0.3704667
1.0009012,-0.32423592
1.0009162,-0.32423592
1.0009313,-0.32423592
1.0009463,-0.32423592
1.0009613,-0.32423592
1.0009763,-0.27800417
1.0009913,-0.27800417
1.0010064,-0.27800417
1.0010214,-0.27800417
1.0010364,-0.27800417
1.0010514,-0.2317729
1.0010664,-0.2317729
1.0010815,-0.2317729
1.0010965,-0.2317729
1.0011115,-0.2317729
1.0011265,-0.18554163
1.0011415,-0.18554163
1.0011566,-0.18554163
1.0011716,-0.18554163
1.0011866,-0.13931036
1.0012016,-0.13931036
1.0012167,-0.13931036
1.0012317,-0.13931036
1.0012467,-0.13931036
1.0012617,-0.09307861
1.0012767,-0.09307861
1.0012918,-0.09307861
1.0013068,-0.09307861
1.0013218,-0.046847343
1.0013368,-0.046847343
1.0013518,-0.046847343
1.0013669,-0.046847343
1.0013819,-0.046847343
1.0013969,-6.160736E-4
1.0014119,-6.160736E-4
1.0014269,-6.160736E-4
1.001442,-6.160736E-4
1.001457,0.045615196
1.001472,0.045615196
1.001487,0.045615196
1.001502,0.045615196
1.001517,0.045615196
1.0015321,0.091846466
1.0015471,0.091846466
1.0015621,0.091846466
1.0015771,0.091846466
1.0015922,0.091846466
1.0016072,0.13807821
1.0016222,0.13807821
1.0016372,0.13807821
1.0016522,0.13807821
1.0016673,0.13807821
1.0016823,0.184309
1.0016973,0.184309
1.0017123,0.184309
1.0017273,0.184309
1.0017424,0.23054075
1.0017574,0.23054075
1.0017724,0.23054075
1.0017874,0.23054075
1.0018024,0.23054075
1.0018175,0.27677202
1.0018325,0.27677202
1.0018475,0.27677202
1.0018625,0.27677202
1.0018775,0.27677202
1.0018926,0.3230033
1.0019076,0.3230033
1.0019226,0.3230033
1.0019376,0.3230033
1.0019526,0.36923456
1.0019677,0.36923456
1.0019827,0.36923456
1.0019977,0.36923456
1.0020127,0.36923456
1.0020279,0.4154663
1.0020429,0.4154663
1.0020579,0.4154663
1.0020729,0.4154663
1.002088,0.4154663
1.002103,0.46169758
1.002118,0.46169758
1.002133,0.46169758
1.002148,0.46169758
1.002163,0.50792885
1.0021781,0.50792885
1.0021931,0.50792885
1.0022081,0.50792885
1.0022231,0.50792885
1.0022382,0.5541601
1.0022532,0.5541601
1.0022682,0.5541601
1.0022832,0.5541601
1.0022982,0.5541601
1.0023133,0.60039186
1.0023283,0.60039186
1.0023433,0.60039186
1.0023583,0.60039186
1.0023733,0.60039186
1.0023884,0.64662313
1.0024034,0.64662313
1.0024184,0.64662313
1.0024334,0.64662313
1.0024484,0.6928544
1.0024635,0.6928544
1.0024785,0.6928544
1.0024935,0.6928544
1.0025085,0.6928544
1.0025235,0.7390857
1.0025386,0.7390857
1.0025536,0.7390857
1.0025686,0.7390857
1.0025836,0.7390857
1.0025986,0.7853174
1.0026137,0.7853174
1.0026287,0.7853174
1.0026437,0.7853174
1.0026587,0.7853174
1.0026737,0.8315482
1.0026888,0.8315482
1.0027038,0.8315482
1.0027188,0.8315482
1.0027338,0.8315482
1.0027488,0.87777996
1.0027639,0.87777996
1.0027789,0.87777996
1.0027939,0.87777996
1.0028089,0.87777996
1.002824,0.92401123
1.002839,0.92401123
1.002854,0.92401123
1.002869,0.92401123
1.002884,0.92401123
1.002899,0.970243
1.0029141,0.970243
1.0029291,0.970243
1.0029441,0.970243
1.0029591,1.0164738
1.0029742,1.0164738
1.0029892,1.0164738
1.0030042,1.0164738
1.0030192,1.0164738
1.0030342,1.0627055
1.0030493,1.0627055
1.0030643,1.0627055
1.0030793,1.0627055
1.0030943,1.0627055
1.0031093,1.1089368
1.0031244,1.1089368
1.0031394,1.1089368
1.0031544,1.1089368
1.0031694,1.1089368
1.0031844,1.1551685
1.0031995,1.1551685
1.0032145,1.1551685
1.0032295,1.1551685
1.0032445,1.1551685
1.0032595,1.2013993
1.0032746,1.2013993
1.0032896,1.2013993
1.0033046,1.2013993
1.0033196,1.2013993
1.0033346,1.2476311
1.0033497,1.2476311
1.0033647,1.2476311
1.0033797,1.2476311
1.0033947,1.2476311
1.0034097,1.2938623
1.0034248,1.2938623
1.0034398,1.2938623
1.0034548,1.2938623
1.0034698,1.2938623
1.0034848,1.3400936
1.0034999,1.3400936
1.0035149,1.3400936
1.0035299,1.3400936
1.0035449,1.3400936
1.00356,1.3863249
1.003575,1.3863249
1.00359,1.3863249
1.003605,1.3863249
1.00362,1.3863249
1.003635,1.4325566
1.0036501,1.4325566
1.0036651,1.4325566
1.0036801,1.4325566
1.0036951,1.4325566
1.0037102,1.4787879
1.0037252,1.4787879
1.0037402,1.4787879
1.0037552,1.4787879
1.0037702,1.4787879
1.0037853,1.4787879
1.0038003,1.4787879
1.0038153,1.5250192
1.0038303,1.5250192
1.0038453,1.5250192
1.0038604,1.5250192
1.0038754,1.5250192
1.0038904,1.5712504
1.0039054,1.5712504
1.0039204,1.5712504
1.0039355,1.5712504
1.0039505,1.5712504
1.0039655,1.5712504
1.0039805,1.6174817
1.0039955,1.6174817
1.0040106,1.6174817
1.0040256,1.6174817
1.0040406,1.6174817
1.0040556,1.6637135
1.0040706,1.6637135
1.0040857,1.6637135
1.0041007,1.6637135
1.0041157,1.6637135
1.0041307,1.7099442
1.0041457,1.7099442
1.0041608,1.7099442
1.0041758,1.7099442
1.0041908,1.7099442
1.0042058,1.756176
1.0042208,1.756176
1.0042359,1.756176
1.0042509,1.756176
1.0042659,1.756176
1.0042809,1.756176
1.004296,1.756176
1.004311,1.7099442
1.004326,1.7099442
1.004341,1.7099442
1.004356,1.7099442
1.004371,1.6637135
1.0043861,1.6637135
1.0044011,1.6637135
1.0044161,1.6637135
1.0044311,1.6174817
1.0044461,1.6174817
1.0044612,1.6174817
1.0044762,1.6174817
1.0044912,1.6174817
1.0045062,1.5712504
1.0045213,1.5712504
1.0045363,1.5712504
1.0045513,1.5712504
1.0045663,1.5250192
1.0045813,1.5250192
1.0045964,1.5250192
1.0046114,1.5250192
1.0046264,1.5250192
1.0046414,1.4787879
1.0046564,1.4787879
1.0046715,1.4787879
1.0046865,1.4787879
1.0047015,1.4787879
1.0047165,1.4787879
1.0047315,1.4325566
1.0047466,1.4325566
1.0047616,1.4325566
1.0047766,1.4325566
1.0047916,1.4325566
1.0048066,1.3863249
1.0048217,1.3863249
1.0048367,1.3863249
1.0048517,1.3863249
1.0048667,1.3400936
1.0048817,1.3400936
1.0048968,1.3400936
1.0049118,1.3400936
1.0049268,1.3400936
1.0049418,1.2938623
1.0049568,1.2938623
1.0049719,1.2938623
1.0049869,1.2938623
1.0050019,1.2476311
1.0050169,1.2476311
1.005032,1.2476311
1.005047,1.2476311
1.005062,1.2013993
1.005077,1.2013993
1.005092,1.2013993
1.005107,1.2013993
1.0051221,1.2013993
1.0051371,1.1551685
1.0051521,1.1551685
1.0051671,1.1551685
1.0051821,1.1551685
1.0051972,1.1089368
1.0052122,1.1089368
1.0052272,1.1089368
1.0052422,1.1089368
1.0052572,1.1089368
1.0052723,1.0627055
1.0052873,1.0627055
1.0053023,1.0627055
1.0053173,1.0627055
1.0053324,1.0164738
1.0053474,1.0164738
1.0053624,1.0164738
1.0053774,1.0164738
1.0053924,0.970243
1.0054075,0.970243
1.0054225,0.970243
1.0054375,0.970243
1.0054525,0.970243
1.0054675,0.92401123
1.0054826,0.92401123
1.0054976,0.92401123
1.0055126,0.92401123
1.0055276,0.87777996
1.0055428,0.87777996
1.0055578,0.87777996
1.0055728,0.87777996
1.0055878,0.87777996
1.0056028,0.8315482
1.0056179,0.8315482
1.0056329,0.8315482
1.0056479,0.8315482
1.0056629,0.7853174
1.0056779,0.7853174
1.005693,0.7853174
1.005708,0.7853174
1.005723,0.7390857
1.005738,0.7390857
1.005753,0.7390857
1.0057681,0.7390857
1.0057831,0.7390857
1.0057981,0.6928544
1.0058131,0.6928544
1.0058281,0.6928544
1.0058432,0.6928544
1.0058582,0.64662313
1.0058732,0.64662313
1.0058882,0.64662313
1.0059032,0.64662313
1.0059183,0.64662313
1.0059333,0.60039186
1.0059483,0.60039186
1.0059633,0.60039186
1.0059783,0.60039186
1.0059934,0.5541601
1.0060084,0.5541601
1.0060234,0.5541601
1.0060384,0.5541601
1.0060534,0.5541601
1.0060685,0.50792885
1.0060835,0.50792885
1.0060985,0.50792885
1.0061135,0.50792885
1.0061285,0.46169758
1.0061436,0.46169758
1.0061586,0.46169758
1.0061736,0.46169758
1.0061886,0.46169758
1.0062037,0.4154663
1.0062187,0.4154663
1.0062337,0.4154663
1.0062487,0.4154663
1.0062637,0.36923456
1.0062788,0.36923456
1.0062938,0.36923456
1.0063088,0.36923456
1.0063238,0.3230033
1.0063388,0.3230033
1.0063539,0.3230033
1.0063689,0.3230033
1.0063839,0.3230033
1.0063989,0.27677202
1.0064139,0.27677202
1.006429,0.27677202
1.006444,0.27677202
1.006459,0.23054075
1.006474,0.23054075
1.006489,0.23054075
1.006504,0.23054075
1.0065191,0.23054075
1.0065341,0.184309
1.0065491,0.184309
1.0065641,0.184309
1.0065792,0.184309
1.0065942,0.13807821
1.0066092,0.13807821
1.0066242,0.13807821
1.0066392,0.13807821
1.0066543,0.13807821
1.0066693,0.091846466
1.0066843,0.091846466
1.0066993,0.091846466
1.0067143,0.091846466
1.0067294,0.045615196
1.0067444,0.045615196
1.0067594,0.045615196
1.0067744,0.045615196
1.0067894,-6.160736E-4
1.0068045,-6.160736E-4
1.0068195,-6.160736E-4
1.0068345,-6.160736E-4
1.0068495,-0.046847343
1.0068645,-0.046847343
1.0068796,-0.046847343
1.0068946,-0.046847343
1.0069096,-0.046847343
1.0069246,-0.09307861
1.0069396,-0.09307861
1.0069547,-0.09307861
1.0069697,-0.09307861
1.0069847,-0.13931036
1.0069997,-0.13931036
1.0070148,-0.13931036
1.0070298,-0.13931036
1.0070448,-0.13931036
1.0070598,-0.18554163
1.0070748,-0.18554163
1.0070899,-0.18554163
1.0071049,-0.18554163
1.0071199,-0.2317729
1.0071349,-0.2317729
1.0071499,-0.2317729
1.007165,-0.2317729
1.00718,-0.2317729
1.007195,-0.27800417
1.00721,-0.27800417
1.007225,-0.27800417
1.00724,-0.27800417
1.0072551,-0.32423592
1.0072701,-0.32423592
1.0072851,-0.32423592
1.0073001,-0.32423592
1.0073152,-0.32423592
1.0073302,-0.3704667
1.0073452,-0.3704667
1.0073602,-0.3704667
1.0073752,-0.3704667
1.0073903,-0.41669846
1.0074053,-0.41669846
1.0074203,-0.41669846
1.0074353,-0.41669846
1.0074503,-0.41669846
1.0074654,-0.46292973
1.0074804,-0.46292973
1.0074954,-0.46292973
1.0075104,-0.46292973
1.0075254,-0.46292973
1.0075405,-0.5091615
1.0075555,-0.5091615
1.0075705,-0.5091615
1.0075855,-0.5091615
1.0076005,-0.55539227
1.0076156,-0.55539227
1.0076306,-0.55539227
1.0076456,-0.55539227
1.0076606,-0.55539227
1.0076756,-0.601624
1.0076907,-0.601624
1.0077057,-0.601624
1.0077207,-0.601624
1.0077357,-0.6478553
1.0077507,-0.6478553
1.0077658,-0.6478553
1.0077808,-0.6478553
1.0077958,-0.6478553
1.0078108,-0.694087
1.0078259,-0.694087
1.0078409,-0.694087
1.0078559,-0.694087
1.0078709,-0.694087
1.0078859,-0.7403178
1.007901,-0.7403178
1.007916,-0.7403178
1.007931,-0.7403178
1.007946,-0.7403178
1.007961,-0.78654957
1.007976,-0.78654957
1.0079911,-0.78654957
1.0080061,-0.78654957
1.0080211,-0.83278084
1.0080361,-0.83278084
1.0080512,-0.83278084
1.0080662,-0.83278084
1.0080812,-0.83278084
1.0080962,-0.8790121
1.0081112,-0.8790121
1.0081263,-0.8790121
1.0081413,-0.8790121
1.0081563,-0.8790121
1.0081713,-0.9252434
1.0081863,-0.9252434
1.0082014,-0.9252434
1.0082164,-0.9252434
1.0082314,-0.9714751
1.0082464,-0.9714751
1.0082614,-0.9714751
1.0082765,-0.9714751
1.0082915,-0.9714751
1.0083065,-1.0177064
1.0083215,-1.0177064
1.0083365,-1.0177064
1.0083516,-1.0177064
1.0083666,-1.0177064
1.0083816,-1.0639377
1.0083966,-1.0639377
1.0084116,-1.0639377
1.0084267,-1.0639377
1.0084417,-1.0639377
1.0084567,-1.1101689
1.0084717,-1.1101689
1.0084867,-1.1101689
1.0085018,-1.1101689
1.0085168,-1.1564007
1.0085318,-1.1564007
1.0085468,-1.1564007
1.0085618,-1.1564007
1.0085769,-1.1564007
1.0085919,-1.202632
1.0086069,-1.202632
1.0086219,-1.202632
1.008637,-1.202632
1.008652,-1.202632
1.008667,-1.2488632
1.008682,-1.2488632
1.008697,-1.2488632
1.008712,-1.2488632
1.0087271,-1.2488632
1.0087421,-1.2950945
1.0087571,-1.2950945
1.0087721,-1.2950945
1.0087872,-1.2950945
1.0088022,-1.3413262
1.0088172,-1.3413262
1.0088322,-1.3413262
1.0088472,-1.3413262
1.0088623,-1.3413262
1.0088773,-1.387557
1.0088923,-1.387557
1.0089073,-1.387557
1.0089223,-1.387557
1.0089374,-1.387557
1.0089524,-1.4337888
1.0089674,-1.4337888
1.0089824,-1.4337888
1.0089974,-1.4337888
1.0090125,-1.4337888
1.0090275,-1.48002
1.0090425,-1.48002
1.0090575,-1.48002
1.0090727,-1.48002
1.0090877,-1.48002
1.0091027,-1.48002
1.0091177,-1.48002
1.0091327,-1.48002
1.0091478,-1.5262513
1.0091628,-1.5262513
1.0091778,-1.5262513
1.0091928,-1.5262513
1.0092078,-1.5262513
1.0092229,-1.5724826
1.0092379,-1.5724826
1.0092529,-1.5724826
1.0092679,-1.5724826
1.009283,-1.5724826
1.009298,-1.6187139
1.009313,-1.6187139
1.009328,-1.6187139
1.009343,-1.6187139
1.009358,-1.6187139
1.0093731,-1.6187139
1.0093881,-1.6187139
1.0094031,-1.6187139
1.0094181,-1.5724826
1.0094332,-1.5724826
1.0094482,-1.5724826
1.0094632,-1.5724826
1.0094782,-1.5724826
1.0094932,-1.5262513
1.0095083,-1.5262513
1.0095233,-1.5262513
1.0095383,-1.5262513
1.0095533,-1.48002
1.0095683,-1.48002
1.0095834,-1.48002
1.0095984,-1.48002
1.0096134,-1.48002
1.0096284,-1.48002
1.0096434,-1.48002
1.0096585,-1.4337888
1.0096735,-1.4337888
1.0096885,-1.4337888
1.0097035,-1.4337888
1.0097185,-1.4337888
1.0097336,-1.387557
1.0097486,-1.387557
1.0097636,-1.387557
1.0097786,-1.387557
1.0097936,-1.387557
1.0098087,-1.3413262
1.0098237,-1.3413262
1.0098387,-1.3413262
1.0098537,-1.3413262
1.0098687,-1.2950945
1.0098838,-1.2950945
1.0098988,-1.2950945
1.0099138,-1.2950945
1.0099288,-1.2950945
1.0099438,-1.2488632
1.0099589,-1.2488632
1.0099739,-1.2488632
1.0099889,-1.2488632
1.0100039,-1.202632
1.010019,-1.202632
1.010034,-1.202632
1.010049,-1.202632
1.010064,-1.202632
1.010079,-1.1564007
1.010094,-1.1564007
1.0101091,-1.1564007
1.0101241,-1.1564007
1.0101391,-1.1564007
1.0101541,-1.1101689
1.0101691,-1.1101689
1.0101842,-1.1101689
1.0101992,-1.1101689
1.0102142,-1.0639377
1.0102292,-1.0639377
1.0102443,-1.0639377
1.0102593,-1.0639377
1.0102743,-1.0639377
1.0102893,-1.0177064
1.0103043,-1.0177064
1.0103194,-1.0177064
1.0103344,-1.0177064
1.0103494,-1.0177064
1.0103644,-0.9714751
1.0103794,-0.9714751
1.0103945,-0.9714751
1.0104095,-0.9714751
1.0104245,-0.9252434
1.0104395,-0.9252434
1.0104545,-0.9252434
1.0104696,-0.9252434
1.0104846,-0.9252434
1.0104996,-0.8790121
1.0105146,-0.8790121
1.0105296,-0.8790121
1.0105447,-0.8790121
1.0105597,-0.8790121
1.0105747,-0.83278084
1.0105897,-0.83278084
1.0106047,-0.83278084
1.0106198,-0.83278084
1.0106348,-0.78654957
1.0106498,-0.78654957
1.0106648,-0.78654957
1.0106798,-0.78654957
1.0106949,-0.78654957
1.0107099,-0.7403178
1.0107249,-0.7403178
1.0107399,-0.7403178
1.010755,-0.7403178
1.01077,-0.7403178
1.010785,-0.694087
1.0108,-0.694087
1.010815,-0.694087
1.01083,-0.694087
1.0108451,-0.6478553
1.0108601,-0.6478553
1.0108751,-0.6478553
1.0108901,-0.6478553
1.0109051,-0.6478553
1.0109202,-0.601624
1.0109352,-0.601624
1.0109502,-0.601624
1.0109652,-0.601624
1.0109802,-0.601624
1.0109953,-0.55539227
1.0110103,-0.55539227
1.0110253,-0.55539227
1.0110403,-0.55539227
1.0110554,-0.5091615
1.0110704,-0.5091615
1.0110854,-0.5091615
1.0111004,-0.5091615
1.0111154,-0.5091615
1.0111305,-0.46292973
1.0111455,-0.46292973
1.0111605,-0.46292973
1.0111755,-0.46292973
1.0111905,-0.46292973
1.0112056,-0.41669846
1.0112206,-0.41669846
1.0112356,-0.41669846
1.0112506,-0.41669846
1.0112656,-0.41669846
1.0112807,-0.3704667
1.0112957,-0.3704667
1.0113107,-0.3704667
1.0113257,-0.3704667
1.0113407,-0.32423592
1.0113558,-0.32423592
1.0113708,-0.32423592
1.0113858,-0.32423592
1.0114008,-0.27800417
1.0114158,-0.27800417
1.0114309,-0.27800417
1.0114459,-0.27800417
1.0114609,-0.27800417
1.0114759,-0.2317729
1.011491,-0.2317729
1.011506,-0.2317729
1.011521,-0.2317729
1.011536,-0.2317729
1.011551,-0.18554163
1.011566,-0.18554163
1.0115811,-0.18554163
1.0115961,-0.18554163
1.0116111,-0.18554163
1.0116261,-0.13931036
1.0116411,-0.13931036
1.0116562,-0.13931036
1.0116712,-0.13931036
1.0116862,-0.09307861
1.0117012,-0.09307861
1.0117162,-0.09307861
1.0117313,-0.09307861
1.0117463,-0.09307861
1.0117613,-0.046847343
1.0117763,-0.046847343
1.0117913,-0.046847343
1.0118064,-0.046847343
1.0118214,-6.160736E-4
1.0118364,-6.160736E-4
1.0118514,-6.160736E-4
1.0118665,-6.160736E-4
1.0118815,-6.160736E-4
1.0118965,0.045615196
1.0119115,0.045615196
1.0119265,0.045615196
1.0119416,0.045615196
1.0119566,0.045615196
1.0119716,0.091846466
1.0119866,0.091846466
1.0120016,0.091846466
1.0120167,0.091846466
1.0120317,0.13807821
1.0120467,0.13807821
1.0120617,0.13807821
1.0120767,0.13807821
1.0120918,0.13807821
1.0121068,0.184309
1.0121218,0.184309
1.0121368,0.184309
1.0121518,0.184309
1.0121669,0.184309
1.0121819,0.23054075
1.0121969,0.23054075
1.0122119,0.23054075
1.0122269,0.23054075
1.012242,0.27677202
1.012257,0.27677202
1.012272,0.27677202
1.012287,0.27677202
1.012302,0.27677202
1.0123171,0.3230033
1.0123321,0.3230033
1.0123471,0.3230033
1.0123621,0.3230033
1.0123771,0.3230033
1.0123922,0.36923456
1.0124072,0.36923456
1.0124222,0.36923456
1.0124372,0.36923456
1.0124522,0.4154663
1.0124673,0.4154663
1.0124823,0.4154663
1.0124973,0.4154663
1.0125123,0.4154663
1.0125273,0.46169758
1.0125424,0.46169758
1.0125574,0.46169758
1.0125724,0.46169758
1.0125875,0.46169758
1.0126026,0.50792885
1.0126176,0.50792885
1.0126326,0.50792885
1.0126476,0.50792885
1.0126626,0.50792885
1.0126777,0.5541601
1.0126927,0.5541601
1.0127077,0.5541601
1.0127227,0.5541601
1.0127378,0.60039186
1.0127528,0.60039186
1.0127678,0.60039186
1.0127828,0.60039186
1.0127978,0.60039186
1.0128129,0.64662313
1.0128279,0.64662313
1.0128429,0.64662313
1.0128579,0.64662313
1.0128729,0.64662313
1.012888,0.6928544
1.012903,0.6928544
1.012918,0.6928544
1.012933,0.6928544
1.012948,0.6928544
1.012963,0.7390857
1.0129781,0.7390857
1.0129931,0.7390857
1.0130081,0.7390857
1.0130231,0.7390857
1.0130382,0.7853174
1.0130532,0.7853174
1.0130682,0.7853174
1.0130832,0.7853174
1.0130982,0.7853174
1.0131133,0.8315482
1.0131283,0.8315482
1.0131433,0.8315482
1.0131583,0.8315482
1.0131733,0.87777996
1.0131884,0.87777996
1.0132034,0.87777996
1.0132184,0.87777996
1.0132334,0.87777996
1.0132484,0.92401123
1.0132635,0.92401123
1.0132785,0.92401123
1.0132935,0.92401123
1.0133085,0.92401123
1.0133235,0.970243
1.0133386,0.970243
1.0133536,0.970243
1.0133686,0.970243
1.0133836,0.970243
1.0133986,1.0164738
1.0134137,1.0164738
1.0134287,1.0164738
1.0134437,1.0164738
1.0134587,1.0164738
1.0134737,1.0627055
1.0134888,1.0627055
1.0135038,1.0627055
1.0135188,1.0627055
1.0135338,1.0627055
1.0135489,1.1089368
1.0135639,1.1089368
1.0135789,1.1089368
1.0135939,1.1089368
1.0136089,1.1551685
1.013624,1.1551685
1.013639,1.1551685
1.013654,1.1551685
1.013669,1.1551685
1.013684,1.2013993
1.013699,1.2013993
1.0137141,1.2013993
1.0137291,1.2013993
1.0137441,1.2013993
1.0137591,1.2476311
1.0137742,1.2476311
1.0137892,1.2476311
1.0138042,1.2476311
1.0138192,1.2476311
1.0138342,1.2938623
1.0138493,1.2938623
1.0138643,1.2938623
1.0138793,1.2938623
1.0138943,1.2938623
1.0139093,1.3400936
1.0139244,1.3400936
1.0139394,1.3400936
1.0139544,1.3400936
1.0139694,1.3400936
1.0139844,1.3863249
1.0139995,1.3863249
1.0140145,1.3863249
1.0140295,1.3863249
1.0140445,1.3863249
1.0140595,1.4325566
1.0140746,1.4325566
1.0140896,1.4325566
1.0141046,1.4325566
1.0141196,1.4325566
1.0141346,1.4787879
1.0141497,1.4787879
1.0141647,1.4787879
1.0141797,1.4787879
1.0141947,1.4787879
1.0142097,1.4787879
1.0142248,1.4787879
1.0142398,1.4787879
1.0142548,1.5250192
1.0142698,1.5250192
1.0142848,1.5250192
1.0142999,1.5250192
1.0143149,1.5250192
1.0143299,1.5712504
1.0143449,1.5712504
1.01436,1.5712504
1.014375,1.5712504
1.01439,1.5712504
1.014405,1.6174817
1.01442,1.6174817
1.014435,1.6174817
1.0144501,1.6174817
1.0144651,1.6174817
1.0144801,1.6637135
1.0144951,1.6637135
1.0145102,1.6637135
1.0145252,1.6637135
1.0145402,1.6637135
1.0145552,1.7099442
1.0145702,1.7099442
1.0145853,1.7099442
1.0146003,1.7099442
1.0146153,1.7099442
1.0146303,1.756176
1.0146453,1.756176
1.0146604,1.756176
1.0146754,1.756176
1.0146904,1.756176
1.0147054,1.756176
1.0147204,1.756176
1.0147355,1.756176
1.0147505,1.7099442
1.0147655,1.7099442
1.0147805,1.7099442
1.0147955,1.7099442
1.0148106,1.6637135
1.0148256,1.6637135
1.0148406,1.6637135
1.0148556,1.6637135
1.0148706,1.6174817
1.0148857,1.6174817
1.0149007,1.6174817
1.0149157,1.6174817
1.0149307,1.6174817
1.0149457,1.5712504
1.0149608,1.5712504
1.0149758,1.5712504
1.0149908,1.5712504
1.0150058,1.5250192
1.0150208,1.5250192
1.0150359,1.5250192
1.0150509,1.5250192
1.0150659,1.4787879
1.0150809,1.4787879
1.015096,1.4787879
1.015111,1.4787879
1.015126,1.4787879
1.015141,1.4787879
1.015156,1.4787879
1.015171,1.4325566
1.0151861,1.4325566
1.0152011,1.4325566
1.0152161,1.4325566
1.0152311,1.3863249
1.0152462,1.3863249
1.0152612,1.3863249
1.0152762,1.3863249
1.0152912,1.3863249
1.0153062,1.3400936
1.0153213,1.3400936
1.0153363,1.3400936
1.0153513,1.3400936
1.0153663,1.2938623
1.0153813,1.2938623
1.0153964,1.2938623
1.0154114,1.2938623
1.0154264,1.2476311
1.0154414,1.2476311
1.0154564,1.2476311
1.0154715,1.2476311
1.0154865,1.2476311
1.0155015,1.2013993
1.0155165,1.2013993
1.0155315,1.2013993
1.0155466,1.2013993
1.0155616,1.1551685
1.0155766,1.1551685
1.0155916,1.1551685
1.0156066,1.1551685
1.0156217,1.1551685
1.0156367,1.1089368
1.0156517,1.1089368
1.0156667,1.1089368
1.0156817,1.1089368
1.0156968,1.0627055
1.0157118,1.0627055
1.0157268,1.0627055
1.0157418,1.0627055
1.0157568,1.0164738
1.0157719,1.0164738
1.0157869,1.0164738
1.0158019,1.0164738
1.0158169,1.0164738
1.015832,0.970243
1.015847,0.970243
1.015862,0.970243
1.015877,0.970243
1.015892,0.92401123
1.015907,0.92401123
1.0159221,0.92401123
1.0159371,0.92401123
1.0159521,0.92401123
1.0159671,0.87777996
1.0159822,0.87777996
1.0159972,0.87777996
1.0160122,0.87777996
1.0160272,0.8315482
1.0160422,0.8315482
1.0160573,0.8315482
1.0160723,0.8315482
1.0160873,0.7853174
1.0161023,0.7853174
1.0161175,0.7853174
1.0161325,0.7853174
1.0161475,0.7853174
1.0161625,0.7390857
1.0161775,0.7390857
1.0161926,0.7390857
1.0162076,0.7390857
1.0162226,0.7390857
1.0162376,0.6928544
1.0162526,0.6928544
1.0162677,0.6928544
1.0162827,0.6928544
1.0162977,0.64662313
1.0163127,0.64662313
1.0163277,0.64662313
1.0163428,0.64662313
1.0163578,0.60039186
1.0163728,0.60039186
1.0163878,0.60039186
1.0164028,0.60039186
1.0164179,0.60039186
1.0164329,0.5541601
1.0164479,0.5541601
1.0164629,0.5541601
1.016478,0.5541601
1.016493,0.50792885
1.016508,0.50792885
1.016523,0.50792885
1.016538,0.50792885
1.016553,0.46169758
1.0165681,0.46169758
1.0165831,0.46169758
1.0165981,0.46169758
1.0166131,0.46169758
1.0166281,0.4154663
1.0166432,0.4154663
1.0166582,0.4154663
1.0166732,0.4154663
1.0166882,0.36923456
1.0167032,0.36923456
1.0167183,0.36923456
1.0167333,0.36923456
1.0167483,0.36923456
1.0167633,0.3230033
1.0167783,0.3230033
1.0167934,0.3230033
1.0168084,0.3230033
1.0168234,0.27677202
1.0168384,0.27677202
1.0168535,0.27677202
1.0168685,0.27677202
1.0168835,0.27677202
1.0168985,0.23054075
1.0169135,0.23054075
1.0169286,0.23054075
1.0169436,0.23054075
1.0169586,0.184309
1.0169736,0.184309
1.0169886,0.184309
1.0170037,0.184309
1.0170187,0.184309
1.0170337,0.13807821
1.0170487,0.13807821
1.0170637,0.13807821
1.0170788,0.13807821
1.0170938,0.091846466
1.0171088,0.091846466
1.0171238,0.091846466
1.0171388,0.091846466
1.0171539,0.091846466
1.0171689,0.045615196
1.0171839,0.045615196
1.0171989,0.045615196
1.017214,0.045615196
1.017229,-6.160736E-4
1.017244,-6.160736E-4
1.017259,-6.160736E-4
1.017274,-6.160736E-4
1.017289,-0.046847343
1.0173041,-0.046847343
1.0173191,-0.046847343
1.0173341,-0.046847343
1.0173491,-0.09307861
1.0173641,-0.09307861
1.0173792,-0.09307861
1.0173942,-0.09307861
1.0174092,-0.09307861
1.0174242,-0.13931036
1.0174392,-0.13931036
1.0174543,-0.13931036
1.0174693,-0.13931036
1.0174843,-0.18554163
1.0174993,-0.18554163
1.0175143,-0.18554163
1.0175294,-0.18554163
1.0175444,-0.18554163
1.0175594,-0.2317729
1.0175744,-0.2317729
1.0175894,-0.2317729
1.0176045,-0.2317729
1.0176195,-0.2317729
1.0176345,-0.27800417
1.0176495,-0.27800417
1.0176646,-0.27800417
1.0176796,-0.27800417
1.0176946,-0.32423592
1.0177096,-0.32423592
1.0177246,-0.32423592
1.0177397,-0.32423592
1.0177547,-0.32423592
1.0177697,-0.3704667
1.0177847,-0.3704667
1.0177997,-0.3704667
1.0178148,-0.3704667
1.0178298,-0.41669846
1.0178448,-0.41669846
1.0178598,-0.41669846
1.0178748,-0.41669846
1.0178899,-0.41669846
1.0179049,-0.46292973
1.0179199,-0.46292973
1.0179349,-0.46292973
1.0179499,-0.46292973
1.017965,-0.5091615
1.01798,-0.5091615
1.017995,-0.5091615
1.01801,-0.5091615
1.018025,-0.5091615
1.0180401,-0.55539227
1.0180551,-0.55539227
1.0180701,-0.55539227
1.0180851,-0.55539227
1.0181001,-0.601624
1.0181152,-0.601624
1.0181302,-0.601624
1.0181452,-0.601624
1.0181602,-0.601624
1.0181752,-0.6478553
1.0181903,-0.6478553
1.0182053,-0.6478553
1.0182203,-0.6478553
1.0182353,-0.6478553
1.0182503,-0.694087
1.0182654,-0.694087
1.0182804,-0.694087
1.0182954,-0.694087
1.0183104,-0.7403178
1.0183254,-0.7403178
1.0183405,-0.7403178
1.0183555,-0.7403178
1.0183705,-0.7403178
1.0183855,-0.78654957
1.0184005,-0.78654957
1.0184156,-0.78654957
1.0184306,-0.78654957
1.0184456,-0.78654957
1.0184606,-0.83278084
1.0184757,-0.83278084
1.0184907,-0.83278084
1.0185057,-0.83278084
1.0185207,-0.83278084
1.0185357,-0.8790121
1.0185508,-0.8790121
1.0185658,-0.8790121
1.0185808,-0.8790121
1.0185958,-0.9252434
1.0186108,-0.9252434
1.0186259,-0.9252434
1.0186409,-0.9252434
1.0186559,-0.9252434
1.0186709,-0.9714751
1.0186859,-0.9714751
1.018701,-0.9714751
1.018716,-0.9714751
1.018731,-0.9714751
1.018746,-1.0177064
1.018761,-1.0177064
1.018776,-1.0177064
1.0187911,-1.0177064
1.0188061,-1.0639377
1.0188211,-1.0639377
1.0188361,-1.0639377
1.0188512,-1.0639377
1.0188662,-1.0639377
1.0188812,-1.1101689
1.0188962,-1.1101689
1.0189112,-1.1101689
1.0189263,-1.1101689
1.0189413,-1.1101689
1.0189563,-1.1564007
1.0189713,-1.1564007
1.0189863,-1.1564007
1.0190014,-1.1564007
1.0190164,-1.1564007
1.0190314,-1.202632
1.0190464,-1.202632
1.0190614,-1.202632
1.0190765,-1.202632
1.0190915,-1.2488632
1.0191065,-1.2488632
1.0191215,-1.2488632
1.0191365,-1.2488632
1.0191516,-1.2488632
1.0191666,-1.2950945
1.0191816,-1.2950945
1.0191966,-1.2950945
1.0192116,-1.2950945
1.0192267,-1.2950945
1.0192417,-1.3413262
1.0192567,-1.3413262
1.0192717,-1.3413262
1.0192868,-1.3413262
1.0193018,-1.3413262
1.0193168,-1.387557
1.0193318,-1.387557
1.0193468,-1.387557
1.0193619,-1.387557
1.0193769,-1.387557
1.0193919,-1.4337888
1.0194069,-1.4337888
1.0194219,-1.4337888
1.019437,-1.4337888
1.019452,-1.4337888
1.019467,-1.48002
1.019482,-1.48002
1.019497,-1.48002
1.019512,-1.48002
1.0195271,-1.48002
1.0195421,-1.48002
1.0195571,-1.48002
1.0195721,-1.5262513
1.0195872,-1.5262513
1.0196022,-1.5262513
1.0196172,-1.5262513
1.0196323,-1.5262513
1.0196474,-1.5724826
1.0196624,-1.5724826
1.0196774,-1.5724826
1.0196924,-1.5724826
1.0197074,-1.5724826
1.0197225,-1.6187139
1.0197375,-1.6187139
1.0197525,-1.6187139
1.0197675,-1.6187139
1.0197825,-1.6187139
1.0197976,-1.6187139
1.0198126,-1.6187139
1.0198276,-1.6187139
1.0198426,-1.6187139
1.0198576,-1.5724826
1.0198727,-1.5724826
1.0198877,-1.5724826
1.0199027,-1.5724826
1.0199177,-1.5262513
1.0199327,-1.5262513
1.0199478,-1.5262513
1.0199628,-1.5262513
1.0199778,-1.5262513
1.0199928,-1.48002
1.0200078,-1.48002
1.0200229,-1.48002
1.0200379,-1.48002
1.0200529,-1.48002
1.0200679,-1.48002
1.020083,-1.48002
1.020098,-1.4337888
1.020113,-1.4337888
1.020128,-1.4337888
1.020143,-1.4337888
1.020158,-1.387557
1.0201731,-1.387557
1.0201881,-1.387557
1.0202031,-1.387557
1.0202181,-1.387557
1.0202332,-1.3413262
1.0202482,-1.3413262
1.0202632,-1.3413262
1.0202782,-1.3413262
1.0202932,-1.3413262
1.0203083,-1.2950945
1.0203233,-1.2950945
1.0203383,-1.2950945
1.0203533,-1.2950945
1.0203683,-1.2950945
1.0203834,-1.2488632
1.0203984,-1.2488632
1.0204134,-1.2488632
1.0204284,-1.2488632
1.0204434,-1.202632
1.0204585,-1.202632
1.0204735,-1.202632
1.0204885,-1.202632
1.0205035,-1.202632
1.0205185,-1.1564007
1.0205336,-1.1564007
1.0205486,-1.1564007
1.0205636,-1.1564007
1.0205786,-1.1101689
1.0205936,-1.1101689
1.0206087,-1.1101689
1.0206237,-1.1101689
1.0206387,-1.1101689
1.0206537,-1.0639377
1.0206687,-1.0639377
1.0206838,-1.0639377
1.0206988,-1.0639377
1.0207138,-1.0639377
1.0207288,-1.0177064
1.0207438,-1.0177064
1.0207589,-1.0177064
1.0207739,-1.0177064
1.0207889,-0.9714751
1.0208039,-0.9714751
1.020819,-0.9714751
1.020834,-0.9714751
1.020849,-0.9714751
1.020864,-0.9252434
1.020879,-0.9252434
1.020894,-0.9252434
1.0209091,-0.9252434
1.0209241,-0.9252434
1.0209391,-0.8790121
1.0209541,-0.8790121
1.0209692,-0.8790121
1.0209842,-0.8790121
1.0209992,-0.83278084
1.0210142,-0.83278084
1.0210292,-0.83278084
1.0210443,-0.83278084
1.0210593,-0.83278084
1.0210743,-0.78654957
1.0210893,-0.78654957
1.0211043,-0.78654957
1.0211194,-0.78654957
1.0211344,-0.7403178
1.0211494,-0.7403178
1.0211644,-0.7403178
1.0211794,-0.7403178
1.0211945,-0.7403178
1.0212095,-0.694087
1.0212245,-0.694087
1.0212395,-0.694087
1.0212545,-0.694087
1.0212696,-0.694087
1.0212846,-0.6478553
1.0212996,-0.6478553
1.0213146,-0.6478553
1.0213296,-0.6478553
1.0213447,-0.6478553
1.0213597,-0.601624
1.0213747,-0.601624
1.0213897,-0.601624
1.0214047,-0.601624
1.0214198,-0.55539227
1.0214348,-0.55539227
1.0214498,-0.55539227
1.0214648,-0.55539227
1.0214798,-0.55539227
1.0214949,-0.5091615
1.0215099,-0.5091615
1.0215249,-0.5091615
1.0215399,-0.5091615
1.021555,-0.5091615
1.02157,-0.46292973
1.021585,-0.46292973
1.0216,-0.46292973
1.021615,-0.46292973
1.02163,-0.41669846
1.0216451,-0.41669846
1.0216601,-0.41669846
1.0216751,-0.41669846
1.0216901,-0.41669846
1.0217052,-0.3704667
1.0217202,-0.3704667
1.0217352,-0.3704667
1.0217502,-0.3704667
1.0217652,-0.32423592
1.0217803,-0.32423592
1.0217953,-0.32423592
1.0218103,-0.32423592
1.0218253,-0.32423592
1.0218403,-0.27800417
1.0218554,-0.27800417
1.0218704,-0.27800417
1.0218854,-0.27800417
1.0219004,-0.27800417
1.0219154,-0.2317729
1.0219305,-0.2317729
1.0219455,-0.2317729
1.0219605,-0.2317729
1.0219755,-0.2317729
1.0219905,-0.18554163
1.0220056,-0.18554163
1.0220206,-0.18554163
1.0220356,-0.18554163
1.0220506,-0.13931036
1.0220656,-0.13931036
1.0220807,-0.13931036
1.0220957,-0.13931036
1.0221107,-0.13931036
1.0221257,-0.09307861
1.0221407,-0.09307861
1.0221558,-0.09307861
1.0221708,-0.09307861
1.0221858,-0.046847343
1.0222008,-0.046847343
1.0222158,-0.046847343
1.0222309,-0.046847343
1.0222459,-0.046847343
1.0222609,-6.160736E-4
1.0222759,-6.160736E-4
1.022291,-6.160736E-4
1.022306,-6.160736E-4
1.022321,-6.160736E-4
1.022336,0.045615196
1.022351,0.045615196
1.022366,0.045615196
1.0223811,0.045615196
1.0223961,0.091846466
1.0224111,0.091846466
1.0224261,0.091846466
1.0224411,0.091846466
1.0224562,0.091846466
1.0224712,0.13807821
1.0224862,0.13807821
1.0225012,0.13807821
1.0225163,0.13807821
1.0225313,0.13807821
1.0225463,0.184309
1.0225613,0.184309
1.0225763,0.184309
1.0225914,0.184309
1.0226064,0.23054075
1.0226214,0.23054075
1.0226364,0.23054075
1.0226514,0.23054075
1.0226665,0.23054075
1.0226815,0.27677202
1.0226965,0.27677202
1.0227115,0.27677202
1.0227265,0.27677202
1.0227416,0.27677202
1.0227566,0.3230033
1.0227716,0.3230033
1.0227866,0.3230033
1.0228016,0.3230033
1.0228167,0.3230033
1.0228317,0.36923456
1.0228467,0.36923456
1.0228617,0.36923456
1.0228767,0.36923456
1.0228918,0.4154663
1.0229068,0.4154663
1.0229218,0.4154663
1.0229368,0.4154663
1.0229518,0.4154663
1.0229669,0.46169758
1.0229819,0.46169758
1.0229969,0.46169758
1.0230119,0.46169758
1.023027,0.46169758
1.023042,0.50792885
1.023057,0.50792885
1.023072,0.50792885
1.023087,0.50792885
1.023102,0.5541601
1.0231171,0.5541601
1.0231321,0.5541601
1.0231471,0.5541601
1.0231622,0.5541601
1.0231773,0.60039186
1.0231923,0.60039186
1.0232073,0.60039186
1.0232223,0.60039186
1.0232373,0.60039186
1.0232524,0.64662313
1.0232674,0.64662313
1.0232824,0.64662313
1.0232974,0.64662313
1.0233124,0.64662313
1.0233275,0.6928544
1.0233425,0.6928544
1.0233575,0.6928544
1.0233725,0.6928544
1.0233876,0.7390857
1.0234026,0.7390857
1.0234176,0.7390857
1.0234326,0.7390857
1.0234476,0.7390857
1.0234627,0.7853174
1.0234777,0.7853174
1.0234927,0.7853174
1.0235077,0.7853174
1.0235227,0.7853174
1.0235378,0.8315482
1.0235528,0.8315482
1.0235678,0.8315482
1.0235828,0.8315482
1.0235978,0.8315482
1.0236129,0.87777996
1.0236279,0.87777996
1.0236429,0.87777996
1.0236579,0.87777996
1.0236729,0.87777996
1.023688,0.92401123
1.023703,0.92401123
1.023718,0.92401123
1.023733,0.92401123
1.023748,0.92401123
1.0237631,0.970243
1.0237781,0.970243
1.0237931,0.970243
1.0238081,0.970243
1.0238231,0.970243
1.0238382,1.0164738
1.0238532,1.0164738
1.0238682,1.0164738
1.0238832,1.0164738
1.0238982,1.0627055
1.0239133,1.0627055
1.0239283,1.0627055
1.0239433,1.0627055
1.0239583,1.0627055
1.0239733,1.1089368
1.0239884,1.1089368
1.0240034,1.1089368
1.0240184,1.1089368
1.0240334,1.1089368
1.0240484,1.1551685
1.0240635,1.1551685
1.0240785,1.1551685
1.0240935,1.1551685
1.0241085,1.1551685
1.0241235,1.2013993
1.0241386,1.2013993
1.0241536,1.2013993
1.0241686,1.2013993
1.0241836,1.2013993
1.0241987,1.2476311
1.0242137,1.2476311
1.0242287,1.2476311
1.0242437,1.2476311
1.0242587,1.2476311
1.0242738,1.2938623
1.0242888,1.2938623
1.0243038,1.2938623
1.0243188,1.2938623
1.0243338,1.2938623
1.0243489,1.3400936
1.0243639,1.3400936
1.0243789,1.3400936
1.0243939,1.3400936
1.0244089,1.3400936
1.024424,1.3863249
1.024439,1.3863249
1.024454,1.3863249
1.024469,1.3863249
1.024484,1.3863249
1.024499,1.4325566
1.0245141,1.4325566
1.0245291,1.4325566
1.0245441,1.4325566
1.0245591,1.4325566
1.0245742,1.4787879
1.0245892,1.4787879
1.0246042,1.4787879
1.0246192,1.4787879
1.0246342,1.4787879
1.0246493,1.4787879
1.0246643,1.4787879
1.0246793,1.4787879
1.0246943,1.5250192
1.0247093,1.5250192
1.0247244,1.5250192
1.0247394,1.5250192
1.0247544,1.5250192
1.0247694,1.5712504
1.0247844,1.5712504
1.0247995,1.5712504
1.0248145,1.5712504
1.0248295,1.5712504
1.0248445,1.6174817
1.0248595,1.6174817
1.0248746,1.6174817
1.0248896,1.6174817
1.0249046,1.6174817
1.0249196,1.6637135
1.0249346,1.6637135
1.0249497,1.6637135
1.0249647,1.6637135
1.0249797,1.6637135
1.0249947,1.7099442
1.0250098,1.7099442
1.0250248,1.7099442
1.0250398,1.7099442
1.0250548,1.7099442
1.0250698,1.756176
1.0250849,1.756176
1.0250999,1.756176
1.0251149,1.756176
1.0251299,1.756176
1.0251449,1.756176
1.02516,1.756176
1.025175,1.7099442
1.02519,1.7099442
1.025205,1.7099442
1.02522,1.7099442
1.025235,1.6637135
1.0252501,1.6637135
1.0252651,1.6637135
1.0252801,1.6637135
1.0252951,1.6637135
1.0253102,1.6174817
1.0253252,1.6174817
1.0253402,1.6174817
1.0253552,1.6174817
1.0253702,1.5712504
1.0253853,1.5712504
1.0254003,1.5712504
1.0254153,1.5712504
1.0254303,1.5250192
1.0254453,1.5250192
1.0254604,1.5250192
1.0254754,1.5250192
1.0254904,1.5250192
1.0255054,1.4787879
1.0255204,1.4787879
1.0255355,1.4787879
1.0255505,1.4787879
1.0255655,1.4787879
1.0255805,1.4787879
1.0255955,1.4325566
1.0256106,1.4325566
1.0256256,1.4325566
1.0256406,1.4325566
1.0256556,1.4325566
1.0256706,1.3863249
1.0256857,1.3863249
1.0257007,1.3863249
1.0257157,1.3863249
1.0257307,1.3400936
1.0257457,1.3400936
1.0257608,1.3400936
1.0257758,1.3400936
1.0257908,1.3400936
1.0258058,1.2938623
1.0258209,1.2938623
1.0258359,1.2938623
1.0258509,1.2938623
1.0258659,1.2476311
1.0258809,1.2476311
1.025896,1.2476311
1.025911,1.2476311
1.025926,1.2013993
1.025941,1.2013993
1.025956,1.2013993
1.025971,1.2013993
1.0259861,1.2013993
1.0260011,1.1551685
1.0260161,1.1551685
1.0260311,1.1551685
1.0260462,1.1551685
1.0260612,1.1089368
1.0260762,1.1089368
1.0260912,1.1089368
1.0261062,1.1089368
1.0261213,1.1089368
1.0261363,1.0627055
1.0261513,1.0627055
1.0261663,1.0627055
1.0261813,1.0627055
1.0261964,1.0164738
1.0262114,1.0164738
1.0262264,1.0164738
1.0262414,1.0164738
1.0262564,0.970243
1.0262715,0.970243
1.0262865,0.970243
1.0263015,0.970243
1.0263165,0.970243
1.0263315,0.92401123
1.0263466,0.92401123
1.0263616,0.92401123
1.0263766,0.92401123
1.0263916,0.87777996
1.0264066,0.87777996
1.0264217,0.87777996
1.0264367,0.87777996
1.0264517,0.87777996
1.0264667,0.8315482
1.0264817,0.8315482
1.0264968,0.8315482
1.0265118,0.8315482
1.0265268,0.7853174
1.0265418,0.7853174
1.0265568,0.7853174
1.0265719,0.7853174
1.0265869,0.7390857
1.0266019,0.7390857
1.0266169,0.7390857
1.026632,0.7390857
1.026647,0.7390857
1.026662,0.6928544
1.0266771,0.6928544
1.0266922,0.6928544
1.0267072,0.6928544
1.0267222,0.64662313
1.0267372,0.64662313
1.0267522,0.64662313
1.0267673,0.64662313
1.0267823,0.64662313
1.0267973,0.60039186
1.0268123,0.60039186
1.0268273,0.60039186
1.0268424,0.60039186
1.0268574,0.5541601
1.0268724,0.5541601
1.0268874,0.5541601
1.0269024,0.5541601
1.0269175,0.5541601
1.0269325,0.50792885
1.0269475,0.50792885
1.0269625,0.50792885
1.0269775,0.50792885
1.0269926,0.46169758
1.0270076,0.46169758
1.0270226,0.46169758
1.0270376,0.46169758
1.0270526,0.46169758
1.0270677,0.4154663
1.0270827,0.4154663
1.0270977,0.4154663
1.0271127,0.4154663
1.0271277,0.36923456
1.0271428,0.36923456
1.0271578,0.36923456
1.0271728,0.36923456
1.0271878,0.3230033
1.0272028,0.3230033
1.0272179,0.3230033
1.0272329,0.3230033
1.0272479,0.3230033
1.0272629,0.27677202
1.027278,0.27677202
1.027293,0.27677202
1.027308,0.27677202
1.027323,0.23054075
1.027338,0.23054075
1.027353,0.23054075
1.0273681,0.23054075
1.0273831,0.23054075
1.0273981,0.184309
1.0274131,0.184309
1.0274282,0.184309
1.0274432,0.184309
1.0274582,0.13807821
1.0274732,0.13807821
1.0274882,0.13807821
1.0275033,0.13807821
1.0275183,0.13807821
1.0275333,0.091846466
1.0275483,0.091846466
1.0275633,0.091846466
1.0275784,0.091846466
1.0275934,0.045615196
1.0276084,0.045615196
1.0276234,0.045615196
1.0276384,0.045615196
1.0276535,-6.160736E-4
1.0276685,-6.160736E-4
1.0276835,-6.160736E-4
1.0276985,-6.160736E-4
1.0277135,-0.046847343
1.0277286,-0.046847343
1.0277436,-0.046847343
1.0277586,-0.046847343
1.0277736,-0.046847343
1.0277886,-0.09307861
1.0278037,-0.09307861
1.0278187,-0.09307861
1.0278337,-0.09307861
1.0278487,-0.13931036
1.0278637,-0.13931036
1.0278788,-0.13931036
1.0278938,-0.13931036
1.0279088,-0.13931036
1.0279238,-0.18554163
1.0279388,-0.18554163
1.0279539,-0.18554163
1.0279689,-0.18554163
1.0279839,-0.18554163
1.0279989,-0.2317729
1.028014,-0.2317729
1.028029,-0.2317729
1.028044,-0.2317729
1.028059,-0.27800417
1.028074,-0.27800417
1.028089,-0.27800417
1.0281041,-0.27800417
1.0281191,-0.27800417
1.0281341,-0.32423592
1.0281491,-0.32423592
1.0281641,-0.32423592
1.0281792,-0.32423592
1.0281942,-0.3704667
1.0282092,-0.3704667
1.0282242,-0.3704667
1.0282393,-0.3704667
1.0282543,-0.3704667
1.0282693,-0.41669846
1.0282843,-0.41669846
1.0282993,-0.41669846
1.0283144,-0.41669846
1.0283294,-0.46292973
1.0283444,-0.46292973
1.0283594,-0.46292973
1.0283744,-0.46292973
1.0283895,-0.46292973
1.0284045,-0.5091615
1.0284195,-0.5091615
1.0284345,-0.5091615
1.0284495,-0.5091615
1.0284646,-0.55539227
1.0284796,-0.55539227
1.0284946,-0.55539227
1.0285096,-0.55539227
1.0285246,-0.55539227
1.0285397,-0.601624
1.0285547,-0.601624
1.0285697,-0.601624
1.0285847,-0.601624
1.0285997,-0.601624
1.0286148,-0.6478553
1.0286298,-0.6478553
1.0286448,-0.6478553
1.0286598,-0.6478553
1.0286748,-0.694087
1.0286899,-0.694087
1.0287049,-0.694087
1.0287199,-0.694087
1.0287349,-0.694087
1.02875,-0.7403178
1.028765,-0.7403178
1.02878,-0.7403178
1.028795,-0.7403178
1.02881,-0.7403178
1.028825,-0.78654957
1.0288401,-0.78654957
1.0288551,-0.78654957
1.0288701,-0.78654957
1.0288851,-0.83278084
1.0289001,-0.83278084
1.0289152,-0.83278084
1.0289302,-0.83278084
1.0289452,-0.83278084
1.0289602,-0.8790121
1.0289752,-0.8790121
1.0289903,-0.8790121
1.0290053,-0.8790121
1.0290203,-0.8790121
1.0290353,-0.9252434
1.0290504,-0.9252434
1.0290654,-0.9252434
1.0290804,-0.9252434
1.0290954,-0.9252434
1.0291104,-0.9714751
1.0291255,-0.9714751
1.0291405,-0.9714751
1.0291555,-0.9714751
1.0291705,-1.0177064
1.0291855,-1.0177064
1.0292006,-1.0177064
1.0292156,-1.0177064
1.0292306,-1.0177064
1.0292456,-1.0639377
1.0292606,-1.0639377
1.0292757,-1.0639377
1.0292907,-1.0639377
1.0293057,-1.0639377
1.0293207,-1.1101689
1.0293357,-1.1101689
1.0293508,-1.1101689
1.0293658,-1.1101689
1.0293808,-1.1564007
1.0293958,-1.1564007
1.0294108,-1.1564007
1.0294259,-1.1564007
1.0294409,-1.1564007
1.0294559,-1.202632
1.0294709,-1.202632
1.029486,-1.202632
1.029501,-1.202632
1.029516,-1.202632
1.029531,-1.2488632
1.029546,-1.2488632
1.029561,-1.2488632
1.0295761,-1.2488632
1.0295911,-1.2488632
1.0296061,-1.2950945
1.0296211,-1.2950945
1.0296361,-1.2950945
1.0296512,-1.2950945
1.0296662,-1.2950945
1.0296812,-1.3413262
1.0296962,-1.3413262
1.0297112,-1.3413262
1.0297263,-1.3413262
1.0297413,-1.387557
1.0297563,-1.387557
1.0297713,-1.387557
1.0297863,-1.387557
1.0298014,-1.387557
1.0298164,-1.4337888
1.0298314,-1.4337888
1.0298464,-1.4337888
1.0298615,-1.4337888
1.0298765,-1.4337888
1.0298915,-1.4337888
1.0299065,-1.48002
1.0299215,-1.48002
1.0299366,-1.48002
1.0299516,-1.48002
1.0299666,-1.48002
1.0299816,-1.48002
1.0299966,-1.48002
1.0300117,-1.5262513
1.0300267,-1.5262513
1.0300417,-1.5262513
1.0300567,-1.5262513
1.0300717,-1.5262513
1.0300868,-1.5724826
1.0301018,-1.5724826
1.0301168,-1.5724826
1.0301318,-1.5724826
1.0301468,-1.5724826
1.0301619,-1.6187139
1.0301769,-1.6187139
1.0301919,-1.6187139
1.030207,-1.6187139
1.030222,-1.6187139
1.0302371,-1.6187139
1.0302521,-1.6187139
1.0302671,-1.6187139
1.0302821,-1.5724826
1.0302972,-1.5724826
1.0303122,-1.5724826
1.0303272,-1.5724826
1.0303422,-1.5724826
1.0303572,-1.5262513
1.0303723,-1.5262513
1.0303873,-1.5262513
1.0304023,-1.5262513
1.0304173,-1.48002
1.0304323,-1.48002
1.0304474,-1.48002
1.0304624,-1.48002
1.0304774,-1.48002
1.0304924,-1.48002
1.0305074,-1.48002
1.0305225,-1.4337888
1.0305375,-1.4337888
1.0305525,-1.4337888
1.0305675,-1.4337888
1.0305825,-1.4337888
1.0305976,-1.387557
1.0306126,-1.387557
1.0306276,-1.387557
1.0306426,-1.387557
1.0306576,-1.387557
1.0306727,-1.3413262
1.0306877,-1.3413262
1.0307027,-1.3413262
1.0307177,-1.3413262
1.0307328,-1.2950945
1.0307478,-1.2950945
1.0307628,-1.2950945
1.0307778,-1.2950945
1.0307928,-1.2950945
1.0308079,-1.2488632
1.0308229,-1.2488632
1.0308379,-1.2488632
1.0308529,-1.2488632
1.0308679,-1.2488632
1.030883,-1.202632
1.030898,-1.202632
1.030913,-1.202632
1.030928,-1.202632
1.030943,-1.1564007
1.030958,-1.1564007
1.0309731,-1.1564007
1.0309881,-1.1564007
1.0310031,-1.1564007
1.0310181,-1.1101689
1.0310332,-1.1101689
1.0310482,-1.1101689
1.0310632,-1.1101689
1.0310782,-1.1101689
1.0310932,-1.0639377
1.0311083,-1.0639377
1.0311233,-1.0639377
1.0311383,-1.0639377
1.0311533,-1.0177064
1.0311683,-1.0177064
1.0311834,-1.0177064
1.0311984,-1.0177064
1.0312134,-1.0177064
1.0312284,-0.9714751
1.0312434,-0.9714751
1.0312585,-0.9714751
1.0312735,-0.9714751
1.0312885,-0.9252434
1.0313035,-0.9252434
1.0313185,-0.9252434
1.0313336,-0.9252434
1.0313486,-0.9252434
1.0313636,-0.8790121
1.0313786,-0.8790121
1.0313936,-0.8790121
1.0314087,-0.8790121
1.0314237,-0.8790121
1.0314387,-0.83278084
1.0314537,-0.83278084
1.0314687,-0.83278084
1.0314838,-0.83278084
1.0314988,-0.83278084
1.0315138,-0.78654957
1.0315288,-0.78654957
1.0315439,-0.78654957
1.0315589,-0.78654957
1.0315739,-0.7403178
1.0315889,-0.7403178
1.0316039,-0.7403178
1.031619,-0.7403178
1.031634,-0.7403178
1.031649,-0.694087
1.031664,-0.694087
1.031679,-0.694087
1.031694,-0.694087
1.0317091,-0.694087
1.0317241,-0.6478553
1.0317391,-0.6478553
1.0317541,-0.6478553
1.0317692,-0.6478553
1.0317842,-0.601624
1.0317992,-0.601624
1.0318142,-0.601624
1.0318292,-0.601624
1.0318443,-0.601624
1.0318593,-0.55539227
1.0318743,-0.55539227
1.0318893,-0.55539227
1.0319043,-0.55539227
1.0319194,-0.55539227
1.0319344,-0.5091615
1.0319494,-0.5091615
1.0319644,-0.5091615
1.0319794,-0.5091615
1.0319945,-0.46292973
1.0320095,-0.46292973
1.0320245,-0.46292973
1.0320395,-0.46292973
1.0320545,-0.46292973
1.0320696,-0.41669846
1.0320846,-0.41669846
1.0320996,-0.41669846
1.0321146,-0.41669846
1.0321296,-0.41669846
1.0321447,-0.3704667
1.0321597,-0.3704667
1.0321747,-0.3704667
1.0321897,-0.3704667
1.0322047,-0.32423592
1.0322198,-0.32423592
1.0322348,-0.32423592
1.0322498,-0.32423592
1.0322648,-0.32423592
1.0322798,-0.27800417
1.0322949,-0.27800417
1.0323099,-0.27800417
1.0323249,-0.27800417
1.0323399,-0.27800417
1.032355,-0.2317729
1.03237,-0.2317729
1.032385,-0.2317729
1.0324,-0.2317729
1.032415,-0.18554163
1.03243,-0.18554163
1.0324451,-0.18554163
1.0324601,-0.18554163
1.0324751,-0.18554163
1.0324901,-0.13931036
1.0325052,-0.13931036
1.0325202,-0.13931036
1.0325352,-0.13931036
1.0325502,-0.09307861
1.0325652,-0.09307861
1.0325803,-0.09307861
1.0325953,-0.09307861
1.0326103,-0.09307861
1.0326253,-0.046847343
1.0326403,-0.046847343
1.0326554,-0.046847343
1.0326704,-0.046847343
1.0326854,-0.046847343
1.0327004,-6.160736E-4
1.0327154,-6.160736E-4
1.0327305,-6.160736E-4
1.0327455,-6.160736E-4
1.0327605,0.045615196
1.0327755,0.045615196
1.0327905,0.045615196
1.0328056,0.045615196
1.0328206,0.045615196
1.0328356,0.091846466
1.0328506,0.091846466
1.0328656,0.091846466
1.0328807,0.091846466
1.0328957,0.091846466
1.0329107,0.13807821
1.0329257,0.13807821
1.0329407,0.13807821
1.0329558,0.13807821
1.0329708,0.184309
1.0329858,0.184309
1.0330008,0.184309
1.0330158,0.184309
1.0330309,0.184309
1.0330459,0.23054075
1.0330609,0.23054075
1.0330759,0.23054075
1.033091,0.23054075
1.033106,0.27677202
1.033121,0.27677202
1.033136,0.27677202
1.033151,0.27677202
1.033166,0.27677202
1.0331811,0.3230033
1.0331961,0.3230033
1.0332111,0.3230033
1.0332261,0.3230033
1.0332412,0.3230033
1.0332562,0.36923456
1.0332712,0.36923456
1.0332862,0.36923456
1.0333012,0.36923456
1.0333163,0.36923456
1.0333313,0.4154663
1.0333463,0.4154663
1.0333613,0.4154663
1.0333763,0.4154663
1.0333914,0.4154663
1.0334064,0.46169758
1.0334214,0.46169758
1.0334364,0.46169758
1.0334514,0.46169758
1.0334665,0.50792885
1.0334815,0.50792885
1.0334965,0.50792885
1.0335115,0.50792885
1.0335265,0.50792885
1.0335416,0.5541601
1.0335566,0.5541601
1.0335716,0.5541601
1.0335866,0.5541601
1.0336016,0.5541601
1.0336167,0.60039186
1.0336317,0.60039186
1.0336467,0.60039186
1.0336617,0.60039186
1.0336767,0.64662313
1.0336918,0.64662313
1.0337068,0.64662313
1.0337219,0.64662313
1.033737,0.64662313
1.033752,0.6928544
1.033767,0.6928544
1.033782,0.6928544
1.033797,0.6928544
1.033812,0.6928544
1.0338271,0.7390857
1.0338421,0.7390857
1.0338571,0.7390857
1.0338721,0.7390857
1.0338871,0.7390857
1.0339022,0.7853174
1.0339172,0.7853174
1.0339322,0.7853174
1.0339472,0.7853174
1.0339622,0.7853174
1.0339773,0.8315482
1.0339923,0.8315482
1.0340073,0.8315482
1.0340223,0.8315482
1.0340374,0.8315482
1.0340524,0.87777996
1.0340674,0.87777996
1.0340824,0.87777996
1.0340974,0.87777996
1.0341125,0.92401123
1.0341275,0.92401123
1.0341425,0.92401123
1.0341575,0.92401123
1.0341725,0.92401123
1.0341876,0.970243
1.0342026,0.970243
1.0342176,0.970243
1.0342326,0.970243
1.0342476,0.970243
1.0342627,1.0164738
1.0342777,1.0164738
1.0342927,1.0164738
1.0343077,1.0164738
1.0343227,1.0164738
1.0343378,1.0627055
1.0343528,1.0627055
1.0343678,1.0627055
1.0343828,1.0627055
1.0343978,1.0627055
1.0344129,1.1089368
1.0344279,1.1089368
1.0344429,1.1089368
1.0344579,1.1089368
1.034473,1.1089368
1.034488,1.1551685
1.034503,1.1551685
1.034518,1.1551685
1.034533,1.1551685
1.034548,1.2013993
1.0345631,1.2013993
1.0345781,1.2013993
1.0345931,1.2013993
1.0346081,1.2013993
1.0346231,1.2013993
1.0346382,1.2476311
1.0346532,1.2476311
1.0346682,1.2476311
1.0346832,1.2476311
1.0346982,1.2938623
1.0347133,1.2938623
1.0347283,1.2938623
1.0347433,1.2938623
1.0347583,1.2938623
1.0347733,1.2938623
1.0347884,1.3400936
1.0348034,1.3400936
1.0348184,1.3400936
1.0348334,1.3400936
1.0348485,1.3863249
1.0348635,1.3863249
1.0348785,1.3863249
1.0348935,1.3863249
1.0349085,1.3863249
1.0349236,1.4325566
1.0349386,1.4325566
1.0349536,1.4325566
1.0349686,1.4325566
1.0349836,1.4325566
1.0349987,1.4325566
1.0350137,1.4787879
1.0350287,1.4787879
1.0350437,1.4787879
1.0350587,1.4787879
1.0350738,1.4787879
1.0350888,1.4787879
1.0351038,1.4787879
1.0351188,1.5250192
1.0351338,1.5250192
1.0351489,1.5250192
1.0351639,1.5250192
1.0351789,1.5250192
1.0351939,1.5712504
1.035209,1.5712504
1.035224,1.5712504
1.035239,1.5712504
1.035254,1.5712504
1.035269,1.6174817
1.035284,1.6174817
1.0352991,1.6174817
1.0353141,1.6174817
1.0353291,1.6174817
1.0353441,1.6637135
1.0353591,1.6637135
1.0353742,1.6637135
1.0353892,1.6637135
1.0354042,1.6637135
1.0354192,1.6637135
1.0354342,1.7099442
1.0354493,1.7099442
1.0354643,1.7099442
1.0354793,1.7099442
1.0354943,1.7099442
1.0355093,1.756176
1.0355244,1.756176
1.0355394,1.756176
1.0355544,1.756176
1.0355694,1.756176
1.0355844,1.756176
1.0355995,1.756176
1.0356145,1.7099442
1.0356295,1.7099442
1.0356445,1.7099442
1.0356596,1.7099442
1.0356746,1.6637135
1.0356896,1.6637135
1.0357046,1.6637135
1.0357196,1.6637135
1.0357347,1.6174817
1.0357497,1.6174817
1.0357647,1.6174817
1.0357797,1.6174817
1.0357947,1.5712504
1.0358098,1.5712504
1.0358248,1.5712504
1.0358398,1.5712504
1.0358548,1.5712504
1.0358698,1.5250192
1.0358849,1.5250192
1.0358999,1.5250192
1.0359149,1.5250192
1.0359299,1.4787879
1.0359449,1.4787879
1.03596,1.4787879
1.035975,1.4787879
1.03599,1.4787879
1.036005,1.4787879
1.03602,1.4787879
1.0360351,1.4325566
1.0360501,1.4325566
1.0360651,1.4325566
1.0360801,1.4325566
1.0360951,1.4325566
1.0361102,1.3863249
1.0361252,1.3863249
1.0361402,1.3863249
1.0361552,1.3863249
1.0361702,1.3400936
1.0361853,1.3400936
1.0362003,1.3400936
1.0362153,1.3400936
1.0362303,1.2938623
1.0362453,1.2938623
1.0362604,1.2938623
1.0362754,1.2938623
1.0362904,1.2938623
1.0363054,1.2476311
1.0363204,1.2476311
1.0363355,1.2476311
1.0363505,1.2476311
1.0363655,1.2013993
1.0363805,1.2013993
1.0363955,1.2013993
1.0364106,1.2013993
1.0364256,1.2013993
1.0364406,1.1551685
1.0364556,1.1551685
1.0364707,1.1551685
1.0364857,1.1551685
1.0365007,1.1089368
1.0365157,1.1089368
1.0365307,1.1089368
1.0365458,1.1089368
1.0365608,1.0627055
1.0365758,1.0627055
1.0365908,1.0627055
1.0366058,1.0627055
1.0366209,1.0627055
1.0366359,1.0164738
1.0366509,1.0164738
1.0366659,1.0164738
1.0366809,1.0164738
1.036696,0.970243
1.036711,0.970243
1.036726,0.970243
1.036741,0.970243
1.036756,0.970243
1.036771,0.92401123
1.0367861,0.92401123
1.0368011,0.92401123
1.0368161,0.92401123
1.0368311,0.87777996
1.0368462,0.87777996
1.0368612,0.87777996
1.0368762,0.87777996
1.0368912,0.8315482
1.0369062,0.8315482
1.0369213,0.8315482
1.0369363,0.8315482
1.0369513,0.8315482
1.0369663,0.7853174
1.0369813,0.7853174
1.0369964,0.7853174
1.0370114,0.7853174
1.0370264,0.7390857
1.0370414,0.7390857
1.0370564,0.7390857
1.0370715,0.7390857
1.0370865,0.7390857
1.0371015,0.6928544
1.0371165,0.6928544
1.0371315,0.6928544
1.0371466,0.6928544
1.0371616,0.64662313
1.0371766,0.64662313
1.0371916,0.64662313
1.0372066,0.64662313
1.0372217,0.60039186
1.0372367,0.60039186
1.0372518,0.60039186
1.0372669,0.60039186
1.0372819,0.60039186
1.0372969,0.5541601
1.0373119,0.5541601
1.0373269,0.5541601
1.037342,0.5541601
1.037357,0.50792885
1.037372,0.50792885
1.037387,0.50792885
1.037402,0.50792885
1.037417,0.50792885
1.0374321,0.46169758
1.0374471,0.46169758
1.0374621,0.46169758
1.0374771,0.46169758
1.0374922,0.4154663
1.0375072,0.4154663
1.0375222,0.4154663
1.0375372,0.4154663
1.0375522,0.4154663
1.0375673,0.36923456
1.0375823,0.36923456
1.0375973,0.36923456
1.0376123,0.36923456
1.0376273,0.3230033
1.0376424,0.3230033
1.0376574,0.3230033
1.0376724,0.3230033
1.0376874,0.27677202
1.0377024,0.27677202
1.0377175,0.27677202
1.0377325,0.27677202
1.0377475,0.27677202
1.0377625,0.23054075
1.0377775,0.23054075
1.0377926,0.23054075
1.0378076,0.23054075
1.0378226,0.184309
1.0378376,0.184309
1.0378526,0.184309
1.0378677,0.184309
1.0378827,0.184309
1.0378977,0.13807821
1.0379127,0.13807821
1.0379277,0.13807821
1.0379428,0.13807821
1.0379578,0.091846466
1.0379728,0.091846466
1.0379878,0.091846466
1.0380028,0.091846466
1.0380179,0.091846466
1.0380329,0.045615196
1.0380479,0.045615196
1.0380629,0.045615196
1.038078,0.045615196
1.038093,-6.160736E-4
1.038108,-6.160736E-4
1.038123,-6.160736E-4
1.038138,-6.160736E-4
1.038153,-0.046847343
1.0381681,-0.046847343
1.0381831,-0.046847343
1.0381981,-0.046847343
1.0382131,-0.046847343
1.0382282,-0.09307861
1.0382432,-0.09307861
1.0382582,-0.09307861
1.0382732,-0.09307861
1.0382882,-0.13931036
1.0383033,-0.13931036
1.0383183,-0.13931036
1.0383333,-0.13931036
1.0383483,-0.13931036
1.0383633,-0.18554163
1.0383784,-0.18554163
1.0383934,-0.18554163
1.0384084,-0.18554163
1.0384234,-0.2317729
1.0384384,-0.2317729
1.0384535,-0.2317729
1.0384685,-0.2317729
1.0384835,-0.2317729
1.0384985,-0.27800417
1.0385135,-0.27800417
1.0385286,-0.27800417
1.0385436,-0.27800417
1.0385586,-0.32423592
1.0385736,-0.32423592
1.0385886,-0.32423592
1.0386037,-0.32423592
1.0386187,-0.32423592
1.0386337,-0.3704667
1.0386487,-0.3704667
1.0386637,-0.3704667
1.0386788,-0.3704667
1.0386938,-0.41669846
1.0387088,-0.41669846
1.0387238,-0.41669846
1.0387388,-0.41669846
1.0387539,-0.41669846
1.0387689,-0.46292973
1.0387839,-0.46292973
1.0387989,-0.46292973
1.038814,-0.46292973
1.038829,-0.5091615
1.038844,-0.5091615
1.038859,-0.5091615
1.038874,-0.5091615
1.038889,-0.5091615
1.0389041,-0.55539227
1.0389191,-0.55539227
1.0389341,-0.55539227
1.0389491,-0.55539227
1.0389642,-0.55539227
1.0389792,-0.601624
1.0389942,-0.601624
1.0390092,-0.601624
1.0390242,-0.601624
1.0390393,-0.6478553
1.0390543,-0.6478553
1.0390693,-0.6478553
1.0390843,-0.6478553
1.0390993,-0.6478553
1.0391144,-0.694087
1.0391294,-0.694087
1.0391444,-0.694087
1.0391594,-0.694087
1.0391744,-0.694087
1.0391895,-0.7403178
1.0392045,-0.7403178
1.0392195,-0.7403178
1.0392345,-0.7403178
1.0392495,-0.78654957
1.0392646,-0.78654957
1.0392796,-0.78654957
1.0392946,-0.78654957
1.0393096,-0.78654957
1.0393246,-0.83278084
1.0393397,-0.83278084
1.0393547,-0.83278084
1.0393697,-0.83278084
1.0393847,-0.83278084
1.0393997,-0.8790121
1.0394148,-0.8790121
1.0394298,-0.8790121
1.0394448,-0.8790121
1.0394598,-0.9252434
1.0394748,-0.9252434
1.0394899,-0.9252434
1.0395049,-0.9252434
1.0395199,-0.9252434
1.0395349,-0.9714751
1.03955,-0.9714751
1.039565,-0.9714751
1.03958,-0.9714751
1.039595,-0.9714751
1.03961,-1.0177064
1.039625,-1.0177064
1.0396401,-1.0177064
1.0396551,-1.0177064
1.0396701,-1.0177064
1.0396851,-1.0639377
1.0397002,-1.0639377
1.0397152,-1.0639377
1.0397302,-1.0639377
1.0397452,-1.1101689
1.0397602,-1.1101689
1.0397753,-1.1101689
1.0397903,-1.1101689
1.0398053,-1.1101689
1.0398203,-1.1564007
1.0398353,-1.1564007
1.0398504,-1.1564007
1.0398654,-1.1564007
1.0398804,-1.1564007
1.0398954,-1.202632
1.0399104,-1.202632
1.0399255,-1.202632
1.0399405,-1.202632
1.0399555,-1.202632
1.0399705,-1.2488632
1.0399855,-1.2488632
1.0400006,-1.2488632
1.0400156,-1.2488632
1.0400306,-1.2950945
1.0400456,-1.2950945
1.0400606,-1.2950945
1.0400757,-1.2950945
1.0400907,-1.2950945
1.0401057,-1.3413262
1.0401207,-1.3413262
1.0401357,-1.3413262
1.0401508,-1.3413262
1.0401658,-1.3413262
1.0401808,-1.387557
1.0401958,-1.387557
1.0402108,-1.387557
1.0402259,-1.387557
1.0402409,-1.387557
1.0402559,-1.4337888
1.0402709,-1.4337888
1.040286,-1.4337888
1.040301,-1.4337888
1.040316,-1.4337888
1.040331,-1.48002
1.040346,-1.48002
1.040361,-1.48002
1.0403761,-1.48002
1.0403911,-1.48002
1.0404061,-1.48002
1.0404211,-1.48002
1.0404361,-1.48002
1.0404512,-1.5262513
1.0404662,-1.5262513
1.0404812,-1.5262513
1.0404962,-1.5262513
1.0405113,-1.5262513
1.0405263,-1.5724826
1.0405413,-1.5724826
1.0405563,-1.5724826
1.0405713,-1.5724826
1.0405864,-1.5724826
1.0406014,-1.6187139
1.0406164,-1.6187139
1.0406314,-1.6187139
1.0406464,-1.6187139
1.0406615,-1.6187139
1.0406765,-1.6187139
1.0406915,-1.6187139
1.0407065,-1.6187139
1.0407215,-1.5724826
1.0407366,-1.5724826
1.0407516,-1.5724826
1.0407667,-1.5724826
1.0407817,-1.5262513
1.0407968,-1.5262513
1.0408118,-1.5262513
1.0408268,-1.5262513
1.0408418,-1.5262513
1.0408568,-1.48002
1.0408719,-1.48002
1.0408869,-1.48002
1.0409019,-1.48002
1.0409169,-1.48002
1.0409319,-1.48002
1.040947,-1.48002
1.040962,-1.4337888
1.040977,-1.4337888
1.040992,-1.4337888
1.041007,-1.4337888
1.0410221,-1.4337888
1.0410371,-1.387557
1.0410521,-1.387557
1.0410671,-1.387557
1.0410821,-1.387557
1.0410972,-1.3413262
1.0411122,-1.3413262
1.0411272,-1.3413262
1.0411422,-1.3413262
1.0411572,-1.3413262
1.0411723,-1.2950945
1.0411873,-1.2950945
1.0412023,-1.2950945
1.0412173,-1.2950945
1.0412323,-1.2950945
1.0412474,-1.2488632
1.0412624,-1.2488632
1.0412774,-1.2488632
1.0412924,-1.2488632
1.0413074,-1.202632
1.0413225,-1.202632
1.0413375,-1.202632
1.0413525,-1.202632
1.0413675,-1.202632
1.0413826,-1.1564007
1.0413976,-1.1564007
1.0414126,-1.1564007
1.0414276,-1.1564007
1.0414426,-1.1564007
1.0414577,-1.1101689
1.0414727,-1.1101689
1.0414877,-1.1101689
1.0415027,-1.1101689
1.0415177,-1.0639377
1.0415328,-1.0639377
1.0415478,-1.0639377
1.0415628,-1.0639377
1.0415778,-1.0639377
1.0415928,-1.0177064
1.0416079,-1.0177064
1.0416229,-1.0177064
1.0416379,-1.0177064
1.0416529,-1.0177064
1.0416679,-0.9714751
1.041683,-0.9714751
1.041698,-0.9714751
1.041713,-0.9714751
1.041728,-0.9252434
1.041743,-0.9252434
1.0417581,-0.9252434
1.0417731,-0.9252434
1.0417881,-0.9252434
1.0418031,-0.8790121
1.0418181,-0.8790121
1.0418332,-0.8790121
1.0418482,-0.8790121
1.0418632,-0.83278084
1.0418782,-0.83278084
1.0418932,-0.83278084
1.0419083,-0.83278084
1.0419233,-0.83278084
1.0419383,-0.78654957
1.0419533,-0.78654957
1.0419683,-0.78654957
1.0419834,-0.78654957
1.0419984,-0.78654957
1.0420134,-0.7403178
1.0420284,-0.7403178
1.0420434,-0.7403178
1.0420585,-0.7403178
1.0420735,-0.694087
1.0420885,-0.694087
1.0421035,-0.694087
1.0421185,-0.694087
1.0421336,-0.694087
1.0421486,-0.6478553
1.0421636,-0.6478553
1.0421786,-0.6478553
1.0421937,-0.6478553
1.0422087,-0.6478553
1.0422237,-0.601624
1.0422387,-0.601624
1.0422537,-0.601624
1.0422688,-0.601624
1.0422838,-0.601624
1.0422988,-0.55539227
1.0423138,-0.55539227
1.0423288,-0.55539227
1.0423439,-0.55539227
1.0423589,-0.5091615
1.0423739,-0.5091615
1.0423889,-0.5091615
1.0424039,-0.5091615
1.042419,-0.5091615
1.042434,-0.46292973
1.042449,-0.46292973
1.042464,-0.46292973
1.042479,-0.46292973
1.042494,-0.46292973
1.0425091,-0.41669846
1.0425241,-0.41669846
1.0425391,-0.41669846
1.0425541,-0.41669846
1.0425692,-0.3704667
1.0425842,-0.3704667
1.0425992,-0.3704667
1.0426142,-0.3704667
1.0426292,-0.3704667
1.0426443,-0.32423592
1.0426593,-0.32423592
1.0426743,-0.32423592
1.0426893,-0.32423592
1.0427043,-0.27800417
1.0427194,-0.27800417
1.0427344,-0.27800417
1.0427494,-0.27800417
1.0427644,-0.27800417
1.0427794,-0.2317729
1.0427945,-0.2317729
1.0428095,-0.2317729
1.0428245,-0.2317729
1.0428395,-0.2317729
1.0428545,-0.18554163
1.0428696,-0.18554163
1.0428846,-0.18554163
1.0428996,-0.18554163
1.0429146,-0.13931036
1.0429296,-0.13931036
1.0429447,-0.13931036
1.0429597,-0.13931036
1.0429747,-0.13931036
1.0429897,-0.09307861
1.0430048,-0.09307861
1.0430198,-0.09307861
1.0430348,-0.09307861
1.0430498,-0.09307861
1.0430648,-0.046847343
1.0430799,-0.046847343
1.0430949,-0.046847343
1.0431099,-0.046847343
1.0431249,-6.160736E-4
1.0431399,-6.160736E-4
1.043155,-6.160736E-4
1.04317,-6.160736E-4
1.043185,-6.160736E-4
1.0432,0.045615196
1.043215,0.045615196
1.04323,0.045615196
1.0432451,0.045615196
1.0432601,0.091846466
1.0432751,0.091846466
1.0432901,0.091846466
1.0433052,0.091846466
1.0433202,0.091846466
1.0433352,0.13807821
1.0433502,0.13807821
1.0433652,0.13807821
1.0433803,0.13807821
1.0433953,0.13807821
1.0434103,0.184309
1.0434253,0.184309
1.0434403,0.184309
1.0434554,0.184309
1.0434704,0.184309
1.0434854,0.23054075
1.0435004,0.23054075
1.0435154,0.23054075
1.0435305,0.23054075
1.0435455,0.27677202
1.0435605,0.27677202
1.0435755,0.27677202
1.0435905,0.27677202
1.0436056,0.27677202
1.0436206,0.3230033
1.0436356,0.3230033
1.0436506,0.3230033
1.0436656,0.3230033
1.0436807,0.3230033
1.0436957,0.36923456
1.0437107,0.36923456
1.0437257,0.36923456
1.0437407,0.36923456
1.0437558,0.4154663
1.0437708,0.4154663
1.0437858,0.4154663
1.0438008,0.4154663
1.0438159,0.4154663
1.0438309,0.46169758
1.0438459,0.46169758
1.0438609,0.46169758
1.0438759,0.46169758
1.043891,0.46169758
1.043906,0.50792885
1.043921,0.50792885
1.043936,0.50792885
1.043951,0.50792885
1.043966,0.5541601
1.0439811,0.5541601
1.0439961,0.5541601
1.0440111,0.5541601
1.0440261,0.5541601
1.0440412,0.60039186
1.0440562,0.60039186
1.0440712,0.60039186
1.0440862,0.60039186
1.0441012,0.60039186
1.0441163,0.64662313
1.0441313,0.64662313
1.0441463,0.64662313
1.0441613,0.64662313
1.0441763,0.64662313
1.0441914,0.6928544
1.0442064,0.6928544
1.0442214,0.6928544
1.0442364,0.6928544
1.0442514,0.6928544
1.0442665,0.7390857
1.0442815,0.7390857
1.0442966,0.7390857
1.0443116,0.7390857
1.0443267,0.7853174
1.0443417,0.7853174
1.0443567,0.7853174
1.0443717,0.7853174
1.0443867,0.7853174
1.0444018,0.8315482
1.0444168,0.8315482
1.0444318,0.8315482
1.0444468,0.8315482
1.0444618,0.8315482
1.0444769,0.87777996
1.0444919,0.87777996
1.0445069,0.87777996
1.0445219,0.87777996
1.044537,0.87777996
1.044552,0.92401123
1.044567,0.92401123
1.044582,0.92401123
1.044597,0.92401123
1.044612,0.92401123
1.0446271,0.970243
1.0446421,0.970243
1.0446571,0.970243
1.0446721,0.970243
1.0446872,0.970243
1.0447022,1.0164738
1.0447172,1.0164738
1.0447322,1.0164738
1.0447472,1.0164738
1.0447623,1.0627055
1.0447773,1.0627055
1.0447923,1.0627055
1.0448073,1.0627055
1.0448223,1.0627055
1.0448374,1.0627055
1.0448524,1.1089368
1.0448674,1.1089368
1.0448824,1.1089368
1.0448974,1.1089368
1.0449125,1.1551685
1.0449275,1.1551685
1.0449425,1.1551685
1.0449575,1.1551685
1.0449725,1.1551685
1.0449876,1.2013993
1.0450026,1.2013993
1.0450176,1.2013993
1.0450326,1.2013993
1.0450476,1.2013993
1.0450627,1.2476311
1.0450777,1.2476311
1.0450927,1.2476311
1.0451077,1.2476311
1.0451227,1.2476311
1.0451378,1.2938623
1.0451528,1.2938623
1.0451678,1.2938623
1.0451828,1.2938623
1.0451978,1.2938623
1.0452129,1.3400936
1.0452279,1.3400936
1.0452429,1.3400936
1.0452579,1.3400936
1.045273,1.3400936
1.045288,1.3863249
1.045303,1.3863249
1.045318,1.3863249
1.045333,1.3863249
1.045348,1.3863249
1.0453631,1.4325566
1.0453781,1.4325566
1.0453931,1.4325566
1.0454081,1.4325566
1.0454232,1.4325566
1.0454382,1.4787879
1.0454532,1.4787879
1.0454682,1.4787879
1.0454832,1.4787879
1.0454983,1.4787879
1.0455133,1.4787879
1.0455283,1.4787879
1.0455433,1.4787879
1.0455583,1.5250192
1.0455734,1.5250192
1.0455884,1.5250192
1.0456034,1.5250192
1.0456184,1.5250192
1.0456334,1.5712504
1.0456485,1.5712504
1.0456635,1.5712504
1.0456785,1.5712504
1.0456935,1.5712504
1.0457085,1.6174817
1.0457236,1.6174817
1.0457386,1.6174817
1.0457536,1.6174817
1.0457686,1.6174817
1.0457836,1.6637135
1.0457987,1.6637135
1.0458137,1.6637135
1.0458287,1.6637135
1.0458437,1.6637135
1.0458587,1.7099442
1.0458738,1.7099442
1.0458888,1.7099442
1.0459038,1.7099442
1.0459188,1.7099442
1.0459338,1.756176
1.0459489,1.756176
1.0459639,1.756176
1.0459789,1.756176
1.0459939,1.756176
1.046009,1.756176
1.046024,1.756176
1.046039,1.7099442
1.046054,1.7099442
1.046069,1.7099442
1.046084,1.7099442
1.0460991,1.7099442
1.0461141,1.6637135
1.0461291,1.6637135
1.0461441,1.6637135
1.0461591,1.6637135
1.0461742,1.6174817
1.0461892,1.6174817
1.0462042,1.6174817
1.0462192,1.6174817
1.0462343,1.5712504
1.0462493,1.5712504
1.0462643,1.5712504
1.0462793,1.5712504
1.0462943,1.5712504
1.0463094,1.5250192
1.0463244,1.5250192
1.0463394,1.5250192
1.0463544,1.5250192
1.0463694,1.4787879
1.0463845,1.4787879
1.0463995,1.4787879
1.0464145,1.4787879
1.0464295,1.4787879
1.0464445,1.4787879
1.0464596,1.4787879
1.0464746,1.4325566
1.0464896,1.4325566
1.0465046,1.4325566
1.0465196,1.4325566
1.0465347,1.3863249
1.0465497,1.3863249
1.0465647,1.3863249
1.0465797,1.3863249
1.0465947,1.3400936
1.0466098,1.3400936
1.0466248,1.3400936
1.0466398,1.3400936
1.0466548,1.3400936
1.0466698,1.2938623
1.0466849,1.2938623
1.0466999,1.2938623
1.0467149,1.2938623
1.0467299,1.2476311
1.046745,1.2476311
1.04676,1.2476311
1.046775,1.2476311
1.04679,1.2476311
1.046805,1.2013993
1.04682,1.2013993
1.0468351,1.2013993
1.0468501,1.2013993
1.0468651,1.1551685
1.0468801,1.1551685
1.0468951,1.1551685
1.0469102,1.1551685
1.0469252,1.1551685
1.0469402,1.1089368
1.0469552,1.1089368
1.0469702,1.1089368
1.0469853,1.1089368
1.0470003,1.0627055
1.0470153,1.0627055
1.0470303,1.0627055
1.0470454,1.0627055
1.0470604,1.0164738
1.0470754,1.0164738
1.0470904,1.0164738
1.0471054,1.0164738
1.0471205,1.0164738
1.0471355,0.970243
1.0471505,0.970243
1.0471655,0.970243
1.0471805,0.970243
1.0471956,0.92401123
1.0472106,0.92401123
1.0472256,0.92401123
1.0472406,0.92401123
1.0472556,0.87777996
1.0472707,0.87777996
1.0472857,0.87777996
1.0473007,0.87777996
1.0473157,0.87777996
1.0473307,0.8315482
1.0473458,0.8315482
1.0473608,0.8315482
1.0473758,0.8315482
1.0473908,0.7853174
1.0474058,0.7853174
1.0474209,0.7853174
1.0474359,0.7853174
1.0474509,0.7853174
1.0474659,0.7390857
1.047481,0.7390857
1.047496,0.7390857
1.047511,0.7390857
1.047526,0.6928544
1.047541,0.6928544
1.047556,0.6928544
1.0475711,0.6928544
1.0475861,0.6928544
1.0476011,0.64662313
1.0476161,0.64662313
1.0476311,0.64662313
1.0476462,0.64662313
1.0476612,0.60039186
1.0476762,0.60039186
1.0476912,0.60039186
1.0477062,0.60039186
1.0477213,0.60039186
1.0477363,0.5541601
1.0477513,0.5541601
1.0477663,0.5541601
1.0477813,0.5541601
1.0477964,0.50792885
1.0478115,0.50792885
1.0478265,0.50792885
1.0478415,0.50792885
1.0478566,0.46169758
1.0478716,0.46169758
1.0478866,0.46169758
1.0479016,0.46169758
1.0479167,0.46169758
1.0479317,0.4154663
1.0479467,0.4154663
1.0479617,0.4154663
1.0479767,0.4154663
1.0479918,0.36923456
1.0480068,0.36923456
1.0480218,0.36923456
1.0480368,0.36923456
1.0480518,0.3230033
1.0480669,0.3230033
1.0480819,0.3230033
1.0480969,0.3230033
1.0481119,0.3230033
1.0481269,0.27677202
1.048142,0.27677202
1.048157,0.27677202
1.048172,0.27677202
1.048187,0.27677202
1.048202,0.23054075
1.048217,0.23054075
1.0482321,0.23054075
1.0482471,0.23054075
1.0482621,0.184309
1.0482771,0.184309
1.0482922,0.184309
1.0483072,0.184309
1.0483222,0.13807821
1.0483372,0.13807821
1.0483522,0.13807821
1.0483673,0.13807821
1.0483823,0.13807821
1.0483973,0.091846466
1.0484123,0.091846466
1.0484273,0.091846466
1.0484424,0.091846466
1.0484574,0.045615196
1.0484724,0.045615196
1.0484874,0.045615196
1.0485024,0.045615196
1.0485175,0.045615196
1.0485325,-6.160736E-4
1.0485475,-6.160736E-4
1.0485625,-6.160736E-4
1.0485775,-6.160736E-4
1.0485926,-0.046847343
1.0486076,-0.046847343
1.0486226,-0.046847343
1.0486376,-0.046847343
1.0486526,-0.09307861
1.0486677,-0.09307861
1.0486827,-0.09307861
1.0486977,-0.09307861
1.0487127,-0.09307861
1.0487278,-0.13931036
1.0487428,-0.13931036
1.0487578,-0.13931036
1.0487728,-0.13931036
1.0487878,-0.18554163
1.0488029,-0.18554163
1.0488179,-0.18554163
1.0488329,-0.18554163
1.0488479,-0.18554163
1.0488629,-0.2317729
1.048878,-0.2317729
1.048893,-0.2317729
1.048908,-0.2317729
1.048923,-0.27800417
1.048938,-0.27800417
1.048953,-0.27800417
1.0489681,-0.27800417
1.0489831,-0.27800417
1.0489981,-0.32423592
1.0490131,-0.32423592
1.0490282,-0.32423592
1.0490432,-0.32423592
1.0490582,-0.3704667
1.0490732,-0.3704667
1.0490882,-0.3704667
1.0491033,-0.3704667
1.0491183,-0.3704667
1.0491333,-0.41669846
1.0491483,-0.41669846
1.0491633,-0.41669846
1.0491784,-0.41669846
1.0491934,-0.46292973
1.0492084,-0.46292973
1.0492234,-0.46292973
1.0492384,-0.46292973
1.0492535,-0.46292973
1.0492685,-0.5091615
1.0492835,-0.5091615
1.0492985,-0.5091615
1.0493135,-0.5091615
1.0493286,-0.5091615
1.0493436,-0.55539227
1.0493586,-0.55539227
1.0493736,-0.55539227
1.0493886,-0.55539227
1.0494037,-0.601624
1.0494187,-0.601624
1.0494337,-0.601624
1.0494487,-0.601624
1.0494637,-0.601624
1.0494788,-0.6478553
1.0494938,-0.6478553
1.0495088,-0.6478553
1.0495238,-0.6478553
1.0495389,-0.6478553
1.0495539,-0.694087
1.0495689,-0.694087
1.0495839,-0.694087
1.0495989,-0.694087
1.049614,-0.7403178
1.049629,-0.7403178
1.049644,-0.7403178
1.049659,-0.7403178
1.049674,-0.7403178
1.049689,-0.78654957
1.0497041,-0.78654957
1.0497191,-0.78654957
1.0497341,-0.78654957
1.0497491,-0.83278084
1.0497642,-0.83278084
1.0497792,-0.83278084
1.0497942,-0.83278084
1.0498092,-0.83278084
1.0498242,-0.8790121
1.0498393,-0.8790121
1.0498543,-0.8790121
1.0498693,-0.8790121
1.0498843,-0.8790121
1.0498993,-0.9252434
1.0499144,-0.9252434
1.0499294,-0.9252434
1.0499444,-0.9252434
1.0499594,-0.9252434
1.0499744,-0.9714751
1.0499895,-0.9714751
1.0500045,-0.9714751
1.0500195,-0.9714751
1.0500345,-1.0177064
1.0500495,-1.0177064
1.0500646,-1.0177064
1.0500796,-1.0177064
1.0500946,-1.0177064
1.0501096,-1.0639377
1.0501246,-1.0639377
1.0501397,-1.0639377
1.0501547,-1.0639377
1.0501697,-1.0639377
1.0501847,-1.1101689
1.0501997,-1.1101689
1.0502148,-1.1101689
1.0502298,-1.1101689
1.0502448,-1.1564007
1.0502598,-1.1564007
1.0502748,-1.1564007
1.0502899,-1.1564007
1.0503049,-1.1564007
1.0503199,-1.202632
1.0503349,-1.202632
1.05035,-1.202632
1.050365,-1.202632
1.05038,-1.202632
1.050395,-1.2488632
1.05041,-1.2488632
1.050425,-1.2488632
1.0504401,-1.2488632
1.0504551,-1.2488632
1.0504701,-1.2950945
1.0504851,-1.2950945
1.0505002,-1.2950945
1.0505152,-1.2950945
1.0505302,-1.2950945
1.0505452,-1.3413262
1.0505602,-1.3413262
1.0505753,-1.3413262
1.0505903,-1.3413262
1.0506053,-1.3413262
1.0506203,-1.387557
1.0506353,-1.387557
1.0506504,-1.387557
1.0506654,-1.387557
1.0506804,-1.387557
1.0506954,-1.4337888
1.0507104,-1.4337888
1.0507255,-1.4337888
1.0507405,-1.4337888
1.0507555,-1.48002
1.0507705,-1.48002
1.0507855,-1.48002
1.0508006,-1.48002
1.0508156,-1.48002
1.0508306,-1.48002
1.0508456,-1.48002
1.0508606,-1.48002
1.0508757,-1.5262513
1.0508907,-1.5262513
1.0509057,-1.5262513
1.0509207,-1.5262513
1.0509357,-1.5262513
1.0509508,-1.5724826
1.0509658,-1.5724826
1.0509808,-1.5724826
1.0509958,-1.5724826
1.0510108,-1.5724826
1.0510259,-1.6187139
1.0510409,-1.6187139
1.0510559,-1.6187139
1.0510709,-1.6187139
1.051086,-1.6187139
1.051101,-1.6187139
1.051116,-1.6187139
1.051131,-1.6187139
1.051146,-1.5724826
1.051161,-1.5724826
1.0511761,-1.5724826
1.0511911,-1.5724826
1.0512061,-1.5724826
1.0512211,-1.5262513
1.0512362,-1.5262513
1.0512512,-1.5262513
1.0512662,-1.5262513
1.0512812,-1.5262513
1.0512962,-1.48002
1.0513113,-1.48002
1.0513263,-1.48002
1.0513414,-1.48002
1.0513564,-1.48002
1.0513715,-1.48002
1.0513865,-1.48002
1.0514015,-1.4337888
1.0514165,-1.4337888
1.0514315,-1.4337888
1.0514466,-1.4337888
1.0514616,-1.387557
1.0514766,-1.387557
1.0514916,-1.387557
1.0515066,-1.387557
1.0515217,-1.387557
1.0515367,-1.3413262
1.0515517,-1.3413262
1.0515667,-1.3413262
1.0515817,-1.3413262
1.0515968,-1.3413262
1.0516118,-1.2950945
1.0516268,-1.2950945
1.0516418,-1.2950945
1.0516568,-1.2950945
1.0516719,-1.2488632
1.0516869,-1.2488632
1.0517019,-1.2488632
1.0517169,-1.2488632
1.051732,-1.2488632
1.051747,-1.202632
1.051762,-1.202632
1.051777,-1.202632
1.051792,-1.202632
1.051807,-1.202632
1.0518221,-1.1564007
1.0518371,-1.1564007
1.0518521,-1.1564007
1.0518671,-1.1564007
1.0518821,-1.1101689
1.0518972,-1.1101689
1.0519122,-1.1101689
1.0519272,-1.1101689
1.0519422,-1.1101689
1.0519572,-1.0639377
1.0519723,-1.0639377
1.0519873,-1.0639377
1.0520023,-1.0639377
1.0520173,-1.0177064
1.0520324,-1.0177064
1.0520474,-1.0177064
1.0520624,-1.0177064
1.0520774,-1.0177064
1.0520924,-0.9714751
1.0521075,-0.9714751
1.0521225,-0.9714751
1.0521375,-0.9714751
1.0521525,-0.9714751
1.0521675,-0.9252434
1.0521826,-0.9252434
1.0521976,-0.9252434
1.0522126,-0.9252434
1.0522276,-0.8790121
1.0522426,-0.8790121
1.0522577,-0.8790121
1.0522727,-0.8790121
1.0522877,-0.8790121
1.0523027,-0.83278084
1.0523177,-0.83278084
1.0523328,-0.83278084
1.0523478,-0.83278084
1.0523628,-0.83278084
1.0523778,-0.78654957
1.0523928,-0.78654957
1.0524079,-0.78654957
1.0524229,-0.78654957
1.0524379,-0.7403178
1.0524529,-0.7403178
1.052468,-0.7403178
1.052483,-0.7403178
1.052498,-0.7403178
1.052513,-0.694087
1.052528,-0.694087
1.052543,-0.694087
1.0525581,-0.694087
1.0525731,-0.694087
1.0525881,-0.6478553
1.0526031,-0.6478553
1.0526181,-0.6478553
1.0526332,-0.6478553
1.0526482,-0.601624
1.0526632,-0.601624
1.0526782,-0.601624
1.0526932,-0.601624
1.0527083,-0.601624
1.0527233,-0.55539227
1.0527383,-0.55539227
1.0527533,-0.55539227
1.0527683,-0.55539227
1.0527834,-0.55539227
1.0527984,-0.5091615
1.0528134,-0.5091615
1.0528284,-0.5091615
1.0528435,-0.5091615
1.0528585,-0.5091615
1.0528735,-0.46292973
1.0528885,-0.46292973
1.0529035,-0.46292973
1.0529186,-0.46292973
1.0529336,-0.41669846
1.0529486,-0.41669846
1.0529636,-0.41669846
1.0529786,-0.41669846
1.0529937,-0.41669846
1.0530087,-0.3704667
1.0530237,-0.3704667
1.0530387,-0.3704667
1.0530537,-0.3704667
1.0530688,-0.32423592
1.0530838,-0.32423592
1.0530988,-0.32423592
1.0531138,-0.32423592
1.0531288,-0.32423592
1.0531439,-0.27800417
1.0531589,-0.27800417
1.0531739,-0.27800417
1.0531889,-0.27800417
1.0532039,-0.27800417
1.053219,-0.2317729
1.053234,-0.2317729
1.053249,-0.2317729
1.053264,-0.2317729
1.053279,-0.18554163
1.0532941,-0.18554163
1.0533091,-0.18554163
1.0533241,-0.18554163
1.0533391,-0.18554163
1.0533541,-0.13931036
1.0533692,-0.13931036
1.0533842,-0.13931036
1.0533992,-0.13931036
1.0534142,-0.13931036
1.0534292,-0.09307861
1.0534443,-0.09307861
1.0534593,-0.09307861
1.0534743,-0.09307861
1.0534893,-0.046847343
1.0535043,-0.046847343
1.0535194,-0.046847343
1.0535344,-0.046847343
1.0535494,-0.046847343
1.0535644,-6.160736E-4
1.0535794,-6.160736E-4
1.0535945,-6.160736E-4
1.0536095,-6.160736E-4
1.0536245,0.045615196
1.0536395,0.045615196
1.0536546,0.045615196
1.0536696,0.045615196
1.0536846,0.045615196
1.0536996,0.091846466
1.0537146,0.091846466
1.0537297,0.091846466
1.0537447,0.091846466
1.0537597,0.091846466
1.0537747,0.13807821
1.0537897,0.13807821
1.0538048,0.13807821
1.0538198,0.13807821
1.0538348,0.184309
1.0538498,0.184309
1.0538648,0.184309
1.0538799,0.184309
1.0538949,0.184309
1.0539099,0.23054075
1.0539249,0.23054075
1.0539399,0.23054075
1.053955,0.23054075
1.05397,0.23054075
1.053985,0.27677202
1.054,0.27677202
1.054015,0.27677202
1.0540301,0.27677202
1.0540451,0.3230033
1.0540601,0.3230033
1.0540751,0.3230033
1.0540901,0.3230033
1.0541052,0.3230033
1.0541202,0.36923456
1.0541352,0.36923456
1.0541502,0.36923456
1.0541652,0.36923456
1.0541803,0.36923456
1.0541953,0.4154663
1.0542103,0.4154663
1.0542253,0.4154663
1.0542403,0.4154663
1.0542554,0.4154663
1.0542704,0.46169758
1.0542854,0.46169758
1.0543004,0.46169758
1.0543154,0.46169758
1.0543305,0.50792885
1.0543455,0.50792885
1.0543605,0.50792885
1.0543755,0.50792885
1.0543905,0.50792885
1.0544056,0.5541601
1.0544206,0.5541601
1.0544356,0.5541601
1.0544506,0.5541601
1.0544657,0.5541601
1.0544807,0.60039186
1.0544957,0.60039186
1.0545107,0.60039186
1.0545257,0.60039186
1.0545408,0.64662313
1.0545558,0.64662313
1.0545708,0.64662313
1.0545858,0.64662313
1.0546008,0.64662313
1.0546159,0.6928544
1.0546309,0.6928544
1.0546459,0.6928544
1.0546609,0.6928544
1.0546759,0.6928544
1.054691,0.7390857
1.054706,0.7390857
1.054721,0.7390857
1.054736,0.7390857
1.054751,0.7390857
1.054766,0.7853174
1.0547811,0.7853174
1.0547961,0.7853174
1.0548111,0.7853174
1.0548261,0.7853174
1.0548412,0.8315482
1.0548563,0.8315482
1.0548713,0.8315482
1.0548863,0.8315482
1.0549014,0.8315482
1.0549164,0.87777996
1.0549314,0.87777996
1.0549464,0.87777996
1.0549614,0.87777996
1.0549765,0.87777996
1.0549915,0.92401123
1.0550065,0.92401123
1.0550215,0.92401123
1.0550365,0.92401123
1.0550516,0.970243
1.0550666,0.970243
1.0550816,0.970243
1.0550966,0.970243
1.0551116,0.970243
1.0551267,1.0164738
1.0551417,1.0164738
1.0551567,1.0164738
1.0551717,1.0164738
1.0551867,1.0164738
1.0552018,1.0627055
1.0552168,1.0627055
1.0552318,1.0627055
1.0552468,1.0627055
1.0552619,1.0627055
1.0552769,1.1089368
1.0552919,1.1089368
1.0553069,1.1089368
1.0553219,1.1089368
1.055337,1.1089368
1.055352,1.1551685
1.055367,1.1551685
1.055382,1.1551685
1.055397,1.1551685
1.055412,1.1551685
1.0554271,1.2013993
1.0554421,1.2013993
1.0554571,1.2013993
1.0554721,1.2013993
1.0554872,1.2013993
1.0555022,1.2476311
1.0555172,1.2476311
1.0555322,1.2476311
1.0555472,1.2476311
1.0555623,1.2476311
1.0555773,1.2938623
1.0555923,1.2938623
1.0556073,1.2938623
1.0556223,1.2938623
1.0556374,1.2938623
1.0556524,1.3400936
1.0556674,1.3400936
1.0556824,1.3400936
1.0556974,1.3400936
1.0557125,1.3400936
1.0557275,1.3863249
1.0557425,1.3863249
1.0557575,1.3863249
1.0557725,1.3863249
1.0557876,1.3863249
1.0558026,1.4325566
1.0558176,1.4325566
1.0558326,1.4325566
1.0558476,1.4325566
1.0558627,1.4325566
1.0558777,1.4787879
1.0558927,1.4787879
1.0559077,1.4787879
1.0559227,1.4787879
1.0559378,1.4787879
1.0559528,1.4787879
1.0559678,1.4787879
1.0559828,1.4787879
1.0559978,1.5250192
1.0560129,1.5250192
1.0560279,1.5250192
1.0560429,1.5250192
1.0560579,1.5712504
1.056073,1.5712504
1.056088,1.5712504
1.056103,1.5712504
1.056118,1.5712504
1.056133,1.5712504
1.056148,1.6174817
1.0561631,1.6174817
1.0561781,1.6174817
1.0561931,1.6174817
1.0562081,1.6174817
1.0562232,1.6637135
1.0562382,1.6637135
1.0562532,1.6637135
1.0562682,1.6637135
1.0562832,1.6637135
1.0562983,1.7099442
1.0563133,1.7099442
1.0563283,1.7099442
1.0563433,1.7099442
1.0563583,1.7099442
1.0563734,1.756176
1.0563884,1.756176
1.0564034,1.756176
1.0564184,1.756176
1.0564334,1.756176
1.0564485,1.756176
1.0564635,1.756176
1.0564785,1.7099442
1.0564935,1.7099442
1.0565085,1.7099442
1.0565236,1.7099442
1.0565386,1.6637135
1.0565536,1.6637135
1.0565686,1.6637135
1.0565836,1.6637135
1.0565987,1.6637135
1.0566137,1.6174817
1.0566287,1.6174817
1.0566437,1.6174817
1.0566587,1.6174817
1.0566738,1.5712504
1.0566888,1.5712504
1.0567038,1.5712504
1.0567188,1.5712504
1.0567338,1.5250192
1.0567489,1.5250192
1.0567639,1.5250192
1.0567789,1.5250192
1.0567939,1.5250192
1.056809,1.4787879
1.056824,1.4787879
1.056839,1.4787879
1.056854,1.4787879
1.056869,1.4787879
1.056884,1.4787879
1.0568991,1.4325566
1.0569141,1.4325566
1.0569291,1.4325566
1.0569441,1.4325566
1.0569592,1.4325566
1.0569742,1.3863249
1.0569892,1.3863249
1.0570042,1.3863249
1.0570192,1.3863249
1.0570343,1.3400936
1.0570493,1.3400936
1.0570643,1.3400936
1.0570793,1.3400936
1.0570943,1.3400936
1.0571094,1.2938623
1.0571244,1.2938623
1.0571394,1.2938623
1.0571544,1.2938623
1.0571694,1.2476311
1.0571845,1.2476311
1.0571995,1.2476311
1.0572145,1.2476311
1.0572295,1.2013993
1.0572445,1.2013993
1.0572596,1.2013993
1.0572746,1.2013993
1.0572896,1.2013993
1.0573046,1.1551685
1.0573196,1.1551685
1.0573347,1.1551685
1.0573497,1.1551685
1.0573647,1.1089368
1.0573797,1.1089368
1.0573947,1.1089368
1.0574098,1.1089368
1.0574248,1.0627055
1.0574398,1.0627055
1.0574548,1.0627055
1.0574698,1.0627055
1.0574849,1.0627055
1.0574999,1.0164738
1.0575149,1.0164738
1.0575299,1.0164738
1.057545,1.0164738
1.05756,0.970243
1.057575,0.970243
1.05759,0.970243
1.057605,0.970243
1.05762,0.970243
1.0576351,0.92401123
1.0576501,0.92401123
1.0576651,0.92401123
1.0576801,0.92401123
1.0576952,0.87777996
1.0577102,0.87777996
1.0577252,0.87777996
1.0577402,0.87777996
1.0577552,0.8315482
1.0577703,0.8315482
1.0577853,0.8315482
1.0578003,0.8315482
1.0578153,0.8315482
1.0578303,0.7853174
1.0578454,0.7853174
1.0578604,0.7853174
1.0578754,0.7853174
1.0578904,0.7390857
1.0579054,0.7390857
1.0579205,0.7390857
1.0579355,0.7390857
1.0579505,0.7390857
1.0579655,0.6928544
1.0579805,0.6928544
1.0579956,0.6928544
1.0580106,0.6928544
1.0580256,0.64662313
1.0580406,0.64662313
1.0580556,0.64662313
1.0580707,0.64662313
1.0580857,0.64662313
1.0581007,0.60039186
1.0581157,0.60039186
1.0581307,0.60039186
1.0581458,0.60039186
1.0581608,0.5541601
1.0581758,0.5541601
1.0581908,0.5541601
1.0582058,0.5541601
1.0582209,0.5541601
1.0582359,0.50792885
1.0582509,0.50792885
1.0582659,0.50792885
1.058281,0.50792885
1.058296,0.46169758
1.058311,0.46169758
1.058326,0.46169758
1.058341,0.46169758
1.058356,0.4154663
1.0583712,0.4154663
1.0583862,0.4154663
1.0584012,0.4154663
1.0584162,0.4154663
1.0584313,0.36923456
1.0584463,0.36923456
1.0584613,0.36923456
1.0584763,0.36923456
1.0584913,0.3230033
1.0585064,0.3230033
1.0585214,0.3230033
1.0585364,0.3230033
1.0585514,0.27677202
1.0585665,0.27677202
1.0585815,0.27677202
1.0585965,0.27677202
1.0586115,0.27677202
1.0586265,0.23054075
1.0586416,0.23054075
1.0586566,0.23054075
1.0586716,0.23054075
1.0586866,0.23054075
1.0587016,0.184309
1.0587167,0.184309
1.0587317,0.184309
1.0587467,0.184309
1.0587617,0.13807821
1.0587767,0.13807821
1.0587918,0.13807821
1.0588068,0.13807821
1.0588218,0.091846466
1.0588368,0.091846466
1.0588518,0.091846466
1.0588669,0.091846466
1.0588819,0.091846466
1.0588969,0.045615196
1.0589119,0.045615196
1.0589269,0.045615196
1.058942,0.045615196
1.058957,-6.160736E-4
1.058972,-6.160736E-4
1.058987,-6.160736E-4
1.059002,-6.160736E-4
1.0590171,-0.046847343
1.0590321,-0.046847343
1.0590471,-0.046847343
1.0590621,-0.046847343
1.0590771,-0.046847343
1.0590922,-0.09307861
1.0591072,-0.09307861
1.0591222,-0.09307861
1.0591372,-0.09307861
1.0591522,-0.13931036
1.0591673,-0.13931036
1.0591823,-0.13931036
1.0591973,-0.13931036
1.0592123,-0.13931036
1.0592273,-0.18554163
1.0592424,-0.18554163
1.0592574,-0.18554163
1.0592724,-0.18554163
1.0592874,-0.2317729
1.0593024,-0.2317729
1.0593175,-0.2317729
1.0593325,-0.2317729
1.0593475,-0.2317729
1.0593625,-0.27800417
1.0593776,-0.27800417
1.0593926,-0.27800417
1.0594076,-0.27800417
1.0594226,-0.32423592
1.0594376,-0.32423592
1.0594527,-0.32423592
1.0594677,-0.32423592
1.0594827,-0.32423592
1.0594977,-0.3704667
1.0595127,-0.3704667
1.0595278,-0.3704667
1.0595428,-0.3704667
1.0595578,-0.41669846
1.0595728,-0.41669846
1.0595878,-0.41669846
1.0596029,-0.41669846
1.0596179,-0.41669846
1.0596329,-0.46292973
1.0596479,-0.46292973
1.0596629,-0.46292973
1.059678,-0.46292973
1.059693,-0.46292973
1.059708,-0.5091615
1.059723,-0.5091615
1.059738,-0.5091615
1.0597531,-0.5091615
1.0597681,-0.55539227
1.0597831,-0.55539227
1.0597981,-0.55539227
1.0598131,-0.55539227
1.0598282,-0.55539227
1.0598432,-0.601624
1.0598582,-0.601624
1.0598732,-0.601624
1.0598882,-0.601624
1.0599033,-0.6478553
1.0599183,-0.6478553
1.0599333,-0.6478553
1.0599483,-0.6478553
1.0599633,-0.6478553
1.0599784,-0.694087
1.0599934,-0.694087
1.0600084,-0.694087
1.0600234,-0.694087
1.0600384,-0.694087
1.0600535,-0.7403178
1.0600685,-0.7403178
1.0600835,-0.7403178
1.0600985,-0.7403178
1.0601135,-0.78654957
1.0601286,-0.78654957
1.0601436,-0.78654957
1.0601586,-0.78654957
1.0601736,-0.78654957
1.0601887,-0.83278084
1.0602037,-0.83278084
1.0602187,-0.83278084
1.0602337,-0.83278084
1.0602487,-0.83278084
1.0602638,-0.8790121
1.0602788,-0.8790121
1.0602938,-0.8790121
1.0603088,-0.8790121
1.0603238,-0.8790121
1.0603389,-0.9252434
1.0603539,-0.9252434
1.0603689,-0.9252434
1.0603839,-0.9252434
1.0603989,-0.9714751
1.060414,-0.9714751
1.060429,-0.9714751
1.060444,-0.9714751
1.060459,-0.9714751
1.060474,-1.0177064
1.060489,-1.0177064
1.0605041,-1.0177064
1.0605191,-1.0177064
1.0605341,-1.0177064
1.0605491,-1.0639377
1.0605642,-1.0639377
1.0605792,-1.0639377
1.0605942,-1.0639377
1.0606092,-1.0639377
1.0606242,-1.1101689
1.0606393,-1.1101689
1.0606543,-1.1101689
1.0606693,-1.1101689
1.0606843,-1.1564007
1.0606993,-1.1564007
1.0607144,-1.1564007
1.0607294,-1.1564007
1.0607444,-1.1564007
1.0607594,-1.202632
1.0607744,-1.202632
1.0607895,-1.202632
1.0608045,-1.202632
1.0608195,-1.202632
1.0608345,-1.2488632
1.0608495,-1.2488632
1.0608646,-1.2488632
1.0608796,-1.2488632
1.0608946,-1.2488632
1.0609096,-1.2950945
1.0609246,-1.2950945
1.0609397,-1.2950945
1.0609547,-1.2950945
1.0609697,-1.3413262
1.0609847,-1.3413262
1.0609998,-1.3413262
1.0610148,-1.3413262
1.0610298,-1.3413262
1.0610448,-1.387557
1.0610598,-1.387557
1.0610749,-1.387557
1.0610899,-1.387557
1.0611049,-1.387557
1.0611199,-1.4337888
1.0611349,-1.4337888
1.06115,-1.4337888
1.061165,-1.4337888
1.06118,-1.4337888
1.061195,-1.48002
1.06121,-1.48002
1.061225,-1.48002
1.0612401,-1.48002
1.0612551,-1.48002
1.0612701,-1.48002
1.0612851,-1.48002
1.0613002,-1.48002
1.0613152,-1.5262513
1.0613302,-1.5262513
1.0613452,-1.5262513
1.0613602,-1.5262513
1.0613753,-1.5262513
1.0613903,-1.5724826
1.0614053,-1.5724826
1.0614203,-1.5724826
1.0614353,-1.5724826
1.0614504,-1.5724826
1.0614654,-1.6187139
1.0614804,-1.6187139
1.0614954,-1.6187139
1.0615104,-1.6187139
1.0615255,-1.6187139
1.0615405,-1.6187139
1.0615555,-1.6187139
1.0615705,-1.6187139
1.0615855,-1.5724826
1.0616006,-1.5724826
1.0616156,-1.5724826
1.0616306,-1.5724826
1.0616456,-1.5262513
1.0616606,-1.5262513
1.0616757,-1.5262513
1.0616907,-1.5262513
1.0617057,-1.5262513
1.0617207,-1.48002
1.0617357,-1.48002
1.0617508,-1.48002
1.0617658,-1.48002
1.0617808,-1.48002
1.0617958,-1.48002
1.0618109,-1.48002
1.0618259,-1.4337888
1.0618409,-1.4337888
1.0618559,-1.4337888
1.0618709,-1.4337888
1.061886,-1.4337888
1.0619011,-1.387557
1.0619161,-1.387557
1.0619311,-1.387557
1.0619462,-1.387557
1.0619612,-1.387557
1.0619762,-1.3413262
1.0619912,-1.3413262
1.0620062,-1.3413262
1.0620213,-1.3413262
1.0620363,-1.2950945
1.0620513,-1.2950945
1.0620663,-1.2950945
1.0620813,-1.2950945
1.0620964,-1.2950945
1.0621114,-1.2488632
1.0621264,-1.2488632
1.0621414,-1.2488632
1.0621564,-1.2488632
1.0621715,-1.202632
1.0621865,-1.202632
1.0622015,-1.202632
1.0622165,-1.202632
1.0622315,-1.202632
1.0622466,-1.1564007
1.0622616,-1.1564007
1.0622766,-1.1564007
1.0622916,-1.1564007
1.0623066,-1.1564007
1.0623217,-1.1101689
1.0623367,-1.1101689
1.0623517,-1.1101689
1.0623667,-1.1101689
1.0623817,-1.0639377
1.0623968,-1.0639377
1.0624118,-1.0639377
1.0624268,-1.0639377
1.0624418,-1.0639377
1.0624568,-1.0177064
1.0624719,-1.0177064
1.0624869,-1.0177064
1.0625019,-1.0177064
1.0625169,-1.0177064
1.062532,-0.9714751
1.062547,-0.9714751
1.062562,-0.9714751
1.062577,-0.9714751
1.062592,-0.9252434
1.062607,-0.9252434
1.0626221,-0.9252434
1.0626371,-0.9252434
1.0626521,-0.9252434
1.0626671,-0.8790121
1.0626822,-0.8790121
1.0626972,-0.8790121
1.0627122,-0.8790121
1.0627272,-0.8790121
1.0627422,-0.83278084
1.0627573,-0.83278084
1.0627723,-0.83278084
1.0627873,-0.83278084
1.0628023,-0.78654957
1.0628173,-0.78654957
1.0628324,-0.78654957
1.0628474,-0.78654957
1.0628624,-0.78654957
1.0628774,-0.7403178
1.0628924,-0.7403178
1.0629075,-0.7403178
1.0629225,-0.7403178
1.0629375,-0.7403178
1.0629525,-0.694087
1.0629675,-0.694087
1.0629826,-0.694087
1.0629976,-0.694087
1.0630126,-0.6478553
1.0630276,-0.6478553
1.0630426,-0.6478553
1.0630577,-0.6478553
1.0630727,-0.6478553
1.0630877,-0.601624
1.0631027,-0.601624
1.0631177,-0.601624
1.0631328,-0.601624
1.0631478,-0.601624
1.0631628,-0.55539227
1.0631778,-0.55539227
1.0631928,-0.55539227
1.0632079,-0.55539227
1.0632229,-0.5091615
1.0632379,-0.5091615
1.0632529,-0.5091615
1.063268,-0.5091615
1.063283,-0.5091615
1.063298,-0.46292973
1.063313,-0.46292973
1.063328,-0.46292973
1.063343,-0.46292973
1.0633581,-0.46292973
1.0633731,-0.41669846
1.0633881,-0.41669846
1.0634031,-0.41669846
1.0634181,-0.41669846
1.0634332,-0.3704667
1.0634482,-0.3704667
1.0634632,-0.3704667
1.0634782,-0.3704667
1.0634933,-0.3704667
1.0635083,-0.32423592
1.0635233,-0.32423592
1.0635383,-0.32423592
1.0635533,-0.32423592
1.0635684,-0.32423592
1.0635834,-0.27800417
1.0635984,-0.27800417
1.0636134,-0.27800417
1.0636284,-0.27800417
1.0636435,-0.2317729
1.0636585,-0.2317729
1.0636735,-0.2317729
1.0636885,-0.2317729
1.0637035,-0.2317729
1.0637186,-0.18554163
1.0637336,-0.18554163
1.0637486,-0.18554163
1.0637636,-0.18554163
1.0637786,-0.18554163
1.0637937,-0.13931036
1.0638087,-0.13931036
1.0638237,-0.13931036
1.0638387,-0.13931036
1.0638537,-0.09307861
1.0638688,-0.09307861
1.0638838,-0.09307861
1.0638988,-0.09307861
1.0639138,-0.09307861
1.0639288,-0.046847343
1.0639439,-0.046847343
1.0639589,-0.046847343
1.0639739,-0.046847343
1.0639889,-0.046847343
1.064004,-6.160736E-4
1.064019,-6.160736E-4
1.064034,-6.160736E-4
1.064049,-6.160736E-4
1.064064,0.045615196
1.064079,0.045615196
1.0640941,0.045615196
1.0641091,0.045615196
1.0641241,0.045615196
1.0641391,0.091846466
1.0641541,0.091846466
1.0641692,0.091846466
1.0641842,0.091846466
1.0641992,0.13807821
1.0642142,0.13807821
1.0642292,0.13807821
1.0642443,0.13807821
1.0642593,0.13807821
1.0642743,0.184309
1.0642893,0.184309
1.0643044,0.184309
1.0643194,0.184309
1.0643344,0.184309
1.0643494,0.23054075
1.0643644,0.23054075
1.0643795,0.23054075
1.0643945,0.23054075
1.0644095,0.27677202
1.0644245,0.27677202
1.0644395,0.27677202
1.0644546,0.27677202
1.0644696,0.27677202
1.0644846,0.3230033
1.0644996,0.3230033
1.0645146,0.3230033
1.0645297,0.3230033
1.0645447,0.3230033
1.0645597,0.36923456
1.0645747,0.36923456
1.0645897,0.36923456
1.0646048,0.36923456
1.0646198,0.4154663
1.0646348,0.4154663
1.0646498,0.4154663
1.0646648,0.4154663
1.0646799,0.4154663
1.0646949,0.46169758
1.0647099,0.46169758
1.0647249,0.46169758
1.06474,0.46169758
1.064755,0.46169758
1.06477,0.50792885
1.064785,0.50792885
1.0648,0.50792885
1.064815,0.50792885
1.0648301,0.50792885
1.0648451,0.5541601
1.0648601,0.5541601
1.0648751,0.5541601
1.0648901,0.5541601
1.0649052,0.60039186
1.0649202,0.60039186
1.0649352,0.60039186
1.0649502,0.60039186
1.0649652,0.60039186
1.0649803,0.64662313
1.0649953,0.64662313
1.0650103,0.64662313
1.0650253,0.64662313
1.0650403,0.64662313
1.0650554,0.6928544
1.0650704,0.6928544
1.0650854,0.6928544
1.0651004,0.6928544
1.0651155,0.6928544
1.0651305,0.7390857
1.0651455,0.7390857
1.0651605,0.7390857
1.0651755,0.7390857
1.0651906,0.7390857
1.0652056,0.7853174
1.0652206,0.7853174
1.0652356,0.7853174
1.0652506,0.7853174
1.0652657,0.7853174
1.0652807,0.8315482
1.0652957,0.8315482
1.0653107,0.8315482
1.0653257,0.8315482
1.0653408,0.8315482
1.0653558,0.87777996
1.0653708,0.87777996
1.0653858,0.87777996
1.0654008,0.87777996
1.065416,0.92401123
1.065431,0.92401123
1.065446,0.92401123
1.065461,0.92401123
1.0654761,0.92401123
1.0654911,0.970243
1.0655061,0.970243
1.0655211,0.970243
1.0655361,0.970243
1.0655512,0.970243
1.0655662,1.0164738
1.0655812,1.0164738
1.0655962,1.0164738
1.0656112,1.0164738
1.0656263,1.0164738
1.0656413,1.0627055
1.0656563,1.0627055
1.0656713,1.0627055
1.0656863,1.0627055
1.0657014,1.0627055
1.0657164,1.1089368
1.0657314,1.1089368
1.0657464,1.1089368
1.0657614,1.1089368
1.0657765,1.1089368
1.0657915,1.1551685
1.0658065,1.1551685
1.0658215,1.1551685
1.0658365,1.1551685
1.0658516,1.2013993
1.0658666,1.2013993
1.0658816,1.2013993
1.0658966,1.2013993
1.0659117,1.2013993
1.0659267,1.2476311
1.0659417,1.2476311
1.0659567,1.2476311
1.0659717,1.2476311
1.0659868,1.2476311
1.0660018,1.2476311
1.0660168,1.2938623
1.0660318,1.2938623
1.0660468,1.2938623
1.0660619,1.2938623
1.0660769,1.3400936
1.0660919,1.3400936
1.0661069,1.3400936
1.0661219,1.3400936
1.066137,1.3400936
1.066152,1.3400936
1.066167,1.3863249
1.066182,1.3863249
1.066197,1.3863249
1.066212,1.3863249
1.0662271,1.4325566
1.0662421,1.4325566
1.0662571,1.4325566
1.0662721,1.4325566
1.0662872,1.4325566
1.0663022,1.4787879
1.0663172,1.4787879
1.0663322,1.4787879
1.0663472,1.4787879
1.0663623,1.4787879
1.0663773,1.4787879
1.0663923,1.4787879
1.0664073,1.4787879
1.0664223,1.5250192
1.0664374,1.5250192
1.0664524,1.5250192
1.0664674,1.5250192
1.0664824,1.5250192
1.0664974,1.5712504
1.0665125,1.5712504
1.0665275,1.5712504
1.0665425,1.5712504
1.0665575,1.5712504
1.0665725,1.6174817
1.0665876,1.6174817
1.0666026,1.6174817
1.0666176,1.6174817
1.0666326,1.6174817
1.0666476,1.6637135
1.0666627,1.6637135
1.0666777,1.6637135
1.0666927,1.6637135
1.0667077,1.6637135
1.0667228,1.6637135
1.0667378,1.7099442
1.0667528,1.7099442
1.0667678,1.7099442
1.0667828,1.7099442
1.0667979,1.756176
1.0668129,1.756176
1.0668279,1.756176
1.0668429,1.756176
1.0668579,1.756176
1.066873,1.756176
1.066888,1.756176
1.066903,1.7099442
1.066918,1.7099442
1.066933,1.7099442
1.066948,1.7099442
1.0669631,1.7099442
1.0669781,1.6637135
1.0669931,1.6637135
1.0670081,1.6637135
1.0670232,1.6637135
1.0670382,1.6174817
1.0670532,1.6174817
1.0670682,1.6174817
1.0670832,1.6174817
1.0670983,1.5712504
1.0671133,1.5712504
1.0671283,1.5712504
1.0671433,1.5712504
1.0671583,1.5712504
1.0671734,1.5250192
1.0671884,1.5250192
1.0672034,1.5250192
1.0672184,1.5250192
1.0672334,1.4787879
1.0672485,1.4787879
1.0672635,1.4787879
1.0672785,1.4787879
1.0672935,1.4787879
1.0673085,1.4787879
1.0673236,1.4787879
1.0673386,1.4325566
1.0673536,1.4325566
1.0673686,1.4325566
1.0673836,1.4325566
1.0673987,1.3863249
1.0674137,1.3863249
1.0674287,1.3863249
1.0674437,1.3863249
1.0674587,1.3863249
1.0674738,1.3400936
1.0674888,1.3400936
1.0675038,1.3400936
1.0675188,1.3400936
1.0675339,1.2938623
1.0675489,1.2938623
1.0675639,1.2938623
1.0675789,1.2938623
1.0675939,1.2938623
1.067609,1.2476311
1.067624,1.2476311
1.067639,1.2476311
1.067654,1.2476311
1.067669,1.2013993
1.067684,1.2013993
1.0676991,1.2013993
1.0677141,1.2013993
1.0677291,1.1551685
1.0677441,1.1551685
1.0677592,1.1551685
1.0677742,1.1551685
1.0677892,1.1551685
1.0678042,1.1089368
1.0678192,1.1089368
1.0678343,1.1089368
1.0678493,1.1089368
1.0678643,1.0627055
1.0678793,1.0627055
1.0678943,1.0627055
1.0679094,1.0627055
1.0679244,1.0627055
1.0679394,1.0164738
1.0679544,1.0164738
1.0679694,1.0164738
1.0679845,1.0164738
1.0679995,0.970243
1.0680145,0.970243
1.0680295,0.970243
1.0680445,0.970243
1.0680596,0.92401123
1.0680746,0.92401123
1.0680896,0.92401123
1.0681046,0.92401123
1.0681196,0.92401123
1.0681347,0.87777996
1.0681497,0.87777996
1.0681647,0.87777996
1.0681797,0.87777996
1.0681947,0.8315482
1.0682098,0.8315482
1.0682248,0.8315482
1.0682398,0.8315482
1.0682548,0.7853174
1.0682698,0.7853174
1.0682849,0.7853174
1.0682999,0.7853174
1.0683149,0.7853174
1.0683299,0.7390857
1.068345,0.7390857
1.06836,0.7390857
1.068375,0.7390857
1.06839,0.6928544
1.068405,0.6928544
1.06842,0.6928544
1.0684351,0.6928544
1.0684501,0.6928544
1.0684651,0.64662313
1.0684801,0.64662313
1.0684952,0.64662313
1.0685102,0.64662313
1.0685252,0.60039186
1.0685402,0.60039186
1.0685552,0.60039186
1.0685703,0.60039186
1.0685853,0.60039186
1.0686003,0.5541601
1.0686153,0.5541601
1.0686303,0.5541601
1.0686454,0.5541601
1.0686604,0.50792885
1.0686754,0.50792885
1.0686904,0.50792885
1.0687054,0.50792885
1.0687205,0.50792885
1.0687355,0.46169758
1.0687505,0.46169758
1.0687655,0.46169758
1.0687805,0.46169758
1.0687956,0.4154663
1.0688106,0.4154663
1.0688256,0.4154663
1.0688406,0.4154663
1.0688556,0.4154663
1.0688707,0.36923456
1.0688857,0.36923456
1.0689007,0.36923456
1.0689157,0.36923456
1.0689307,0.3230033
1.0689459,0.3230033
1.0689609,0.3230033
1.0689759,0.3230033
1.068991,0.27677202
1.069006,0.27677202
1.069021,0.27677202
1.069036,0.27677202
1.069051,0.27677202
1.069066,0.23054075
1.0690811,0.23054075
1.0690961,0.23054075
1.0691111,0.23054075
1.0691261,0.184309
1.0691411,0.184309
1.0691562,0.184309
1.0691712,0.184309
1.0691862,0.184309
1.0692012,0.13807821
1.0692163,0.13807821
1.0692313,0.13807821
1.0692463,0.13807821
1.0692613,0.091846466
1.0692763,0.091846466
1.0692914,0.091846466
1.0693064,0.091846466
1.0693214,0.091846466
1.0693364,0.045615196
1.0693514,0.045615196
1.0693665,0.045615196
1.0693815,0.045615196
1.0693965,-6.160736E-4
1.0694115,-6.160736E-4
1.0694265,-6.160736E-4
1.0694416,-6.160736E-4
1.0694566,-0.046847343
1.0694716,-0.046847343
1.0694866,-0.046847343
1.0695016,-0.046847343
1.0695167,-0.046847343
1.0695317,-0.09307861
1.0695467,-0.09307861
1.0695617,-0.09307861
1.0695767,-0.09307861
1.0695918,-0.13931036
1.0696068,-0.13931036
1.0696218,-0.13931036
1.0696368,-0.13931036
1.0696518,-0.13931036
1.0696669,-0.18554163
1.0696819,-0.18554163
1.0696969,-0.18554163
1.0697119,-0.18554163
1.069727,-0.2317729
1.069742,-0.2317729
1.069757,-0.2317729
1.069772,-0.2317729
1.069787,-0.2317729
1.069802,-0.27800417
1.0698171,-0.27800417
1.0698321,-0.27800417
1.0698471,-0.27800417
1.0698621,-0.32423592
1.0698771,-0.32423592
1.0698922,-0.32423592
1.0699072,-0.32423592
1.0699222,-0.32423592
1.0699372,-0.3704667
1.0699522,-0.3704667
1.0699673,-0.3704667
1.0699823,-0.3704667
1.0699973,-0.41669846
1.0700123,-0.41669846
1.0700274,-0.41669846
1.0700424,-0.41669846
1.0700574,-0.41669846
1.0700724,-0.46292973
1.0700874,-0.46292973
1.0701025,-0.46292973
1.0701175,-0.46292973
1.0701325,-0.5091615
1.0701475,-0.5091615
1.0701625,-0.5091615
1.0701776,-0.5091615
1.0701926,-0.5091615
1.0702076,-0.55539227
1.0702226,-0.55539227
1.0702376,-0.55539227
1.0702527,-0.55539227
1.0702677,-0.601624
1.0702827,-0.601624
1.0702977,-0.601624
1.0703127,-0.601624
1.0703278,-0.601624
1.0703428,-0.6478553
1.0703578,-0.6478553
1.0703728,-0.6478553
1.0703878,-0.6478553
1.0704029,-0.6478553
1.0704179,-0.694087
1.0704329,-0.694087
1.0704479,-0.694087
1.070463,-0.694087
1.070478,-0.7403178
1.070493,-0.7403178
1.070508,-0.7403178
1.070523,-0.7403178
1.070538,-0.7403178
1.0705531,-0.78654957
1.0705681,-0.78654957
1.0705831,-0.78654957
1.0705981,-0.78654957
1.0706131,-0.78654957
1.0706282,-0.83278084
1.0706432,-0.83278084
1.0706582,-0.83278084
1.0706732,-0.83278084
1.0706882,-0.8790121
1.0707033,-0.8790121
1.0707183,-0.8790121
1.0707333,-0.8790121
1.0707483,-0.8790121
1.0707633,-0.9252434
1.0707784,-0.9252434
1.0707934,-0.9252434
1.0708084,-0.9252434
1.0708234,-0.9252434
1.0708385,-0.9714751
1.0708535,-0.9714751
1.0708685,-0.9714751
1.0708835,-0.9714751
1.0708985,-0.9714751
1.0709136,-1.0177064
1.0709286,-1.0177064
1.0709436,-1.0177064
1.0709586,-1.0177064
1.0709736,-1.0639377
1.0709887,-1.0639377
1.0710037,-1.0639377
1.0710187,-1.0639377
1.0710337,-1.0639377
1.0710487,-1.1101689
1.0710638,-1.1101689
1.0710788,-1.1101689
1.0710938,-1.1101689
1.0711088,-1.1101689
1.0711238,-1.1564007
1.0711389,-1.1564007
1.0711539,-1.1564007
1.0711689,-1.1564007
1.0711839,-1.1564007
1.0711989,-1.202632
1.071214,-1.202632
1.071229,-1.202632
1.071244,-1.202632
1.071259,-1.202632
1.071274,-1.2488632
1.0712891,-1.2488632
1.0713041,-1.2488632
1.0713191,-1.2488632
1.0713341,-1.2950945
1.0713491,-1.2950945
1.0713642,-1.2950945
1.0713792,-1.2950945
1.0713942,-1.2950945
1.0714092,-1.3413262
1.0714242,-1.3413262
1.0714393,-1.3413262
1.0714543,-1.3413262
1.0714693,-1.3413262
1.0714843,-1.387557
1.0714993,-1.387557
1.0715144,-1.387557
1.0715294,-1.387557
1.0715444,-1.387557
1.0715594,-1.4337888
1.0715744,-1.4337888
1.0715895,-1.4337888
1.0716045,-1.4337888
1.0716195,-1.4337888
1.0716345,-1.48002
1.0716496,-1.48002
1.0716646,-1.48002
1.0716796,-1.48002
1.0716946,-1.48002
1.0717096,-1.48002
1.0717247,-1.48002
1.0717397,-1.5262513
1.0717547,-1.5262513
1.0717697,-1.5262513
1.0717847,-1.5262513
1.0717998,-1.5262513
1.0718148,-1.5724826
1.0718298,-1.5724826
1.0718448,-1.5724826
1.0718598,-1.5724826
1.0718749,-1.5724826
1.0718899,-1.6187139
1.0719049,-1.6187139
1.0719199,-1.6187139
1.0719349,-1.6187139
1.07195,-1.6187139
1.071965,-1.6187139
1.07198,-1.6187139
1.071995,-1.6187139
1.07201,-1.6187139
1.0720251,-1.5724826
1.0720401,-1.5724826
1.0720551,-1.5724826
1.0720701,-1.5724826
1.0720851,-1.5262513
1.0721002,-1.5262513
1.0721152,-1.5262513
1.0721302,-1.5262513
1.0721452,-1.5262513
1.0721602,-1.48002
1.0721753,-1.48002
1.0721903,-1.48002
1.0722053,-1.48002
1.0722203,-1.48002
1.0722353,-1.48002
1.0722504,-1.48002
1.0722654,-1.4337888
1.0722804,-1.4337888
1.0722954,-1.4337888
1.0723104,-1.4337888
1.0723255,-1.4337888
1.0723405,-1.387557
1.0723555,-1.387557
1.0723705,-1.387557
1.0723855,-1.387557
1.0724006,-1.3413262
1.0724156,-1.3413262
1.0724306,-1.3413262
1.0724456,-1.3413262
1.0724608,-1.3413262
1.0724758,-1.2950945
1.0724908,-1.2950945
1.0725058,-1.2950945
1.0725209,-1.2950945
1.0725359,-1.2950945
1.0725509,-1.2488632
1.0725659,-1.2488632
1.0725809,-1.2488632
1.072596,-1.2488632
1.072611,-1.202632
1.072626,-1.202632
1.072641,-1.202632
1.072656,-1.202632
1.072671,-1.202632
1.0726861,-1.1564007
1.0727011,-1.1564007
1.0727161,-1.1564007
1.0727311,-1.1564007
1.0727462,-1.1101689
1.0727612,-1.1101689
1.0727762,-1.1101689
1.0727912,-1.1101689
1.0728062,-1.1101689
1.0728213,-1.0639377
1.0728363,-1.0639377
1.0728513,-1.0639377
1.0728663,-1.0639377
1.0728813,-1.0639377
1.0728964,-1.0177064
1.0729114,-1.0177064
1.0729264,-1.0177064
1.0729414,-1.0177064
1.0729564,-0.9714751
1.0729715,-0.9714751
1.0729865,-0.9714751
1.0730015,-0.9714751
1.0730165,-0.9714751
1.0730315,-0.9252434
1.0730466,-0.9252434
1.0730616,-0.9252434
1.0730766,-0.9252434
1.0730916,-0.8790121
1.0731066,-0.8790121
1.0731217,-0.8790121
1.0731367,-0.8790121
1.0731517,-0.8790121
1.0731667,-0.83278084
1.0731817,-0.83278084
1.0731968,-0.83278084
1.0732118,-0.83278084
1.0732268,-0.83278084
1.0732418,-0.78654957
1.0732569,-0.78654957
1.0732719,-0.78654957
1.0732869,-0.78654957
1.0733019,-0.78654957
1.0733169,-0.7403178
1.073332,-0.7403178
1.073347,-0.7403178
1.073362,-0.7403178
1.073377,-0.694087
1.073392,-0.694087
1.073407,-0.694087
1.0734221,-0.694087
1.0734371,-0.694087
1.0734521,-0.6478553
1.0734671,-0.6478553
1.0734822,-0.6478553
1.0734972,-0.6478553
1.0735122,-0.6478553
1.0735272,-0.601624
1.0735422,-0.601624
1.0735573,-0.601624
1.0735723,-0.601624
1.0735873,-0.55539227
1.0736023,-0.55539227
1.0736173,-0.55539227
1.0736324,-0.55539227
1.0736474,-0.55539227
1.0736624,-0.5091615
1.0736774,-0.5091615
1.0736924,-0.5091615
1.0737075,-0.5091615
1.0737225,-0.5091615
1.0737375,-0.46292973
1.0737525,-0.46292973
1.0737675,-0.46292973
1.0737826,-0.46292973
1.0737976,-0.41669846
1.0738126,-0.41669846
1.0738276,-0.41669846
1.0738426,-0.41669846
1.0738577,-0.41669846
1.0738727,-0.3704667
1.0738877,-0.3704667
1.0739027,-0.3704667
1.0739177,-0.3704667
1.0739328,-0.3704667
1.0739478,-0.32423592
1.0739628,-0.32423592
1.0739778,-0.32423592
1.0739928,-0.32423592
1.0740079,-0.27800417
1.0740229,-0.27800417
1.0740379,-0.27800417
1.0740529,-0.27800417
1.074068,-0.27800417
1.074083,-0.2317729
1.074098,-0.2317729
1.074113,-0.2317729
1.074128,-0.2317729
1.074143,-0.2317729
1.0741581,-0.18554163
1.0741731,-0.18554163
1.0741881,-0.18554163
1.0742031,-0.18554163
1.0742182,-0.13931036
1.0742332,-0.13931036
1.0742482,-0.13931036
1.0742632,-0.13931036
1.0742782,-0.13931036
1.0742933,-0.09307861
1.0743083,-0.09307861
1.0743233,-0.09307861
1.0743383,-0.09307861
1.0743533,-0.09307861
1.0743684,-0.046847343
1.0743834,-0.046847343
1.0743984,-0.046847343
1.0744134,-0.046847343
1.0744284,-6.160736E-4
1.0744435,-6.160736E-4
1.0744585,-6.160736E-4
1.0744735,-6.160736E-4
1.0744885,0.045615196
1.0745035,0.045615196
1.0745186,0.045615196
1.0745336,0.045615196
1.0745486,0.045615196
1.0745636,0.091846466
1.0745786,0.091846466
1.0745937,0.091846466
1.0746087,0.091846466
1.0746237,0.091846466
1.0746387,0.13807821
1.0746537,0.13807821
1.0746688,0.13807821
1.0746838,0.13807821
1.0746988,0.184309
1.0747138,0.184309
1.0747288,0.184309
1.0747439,0.184309
1.0747589,0.184309
1.0747739,0.23054075
1.0747889,0.23054075
1.074804,0.23054075
1.074819,0.23054075
1.074834,0.23054075
1.074849,0.27677202
1.074864,0.27677202
1.074879,0.27677202
1.0748941,0.27677202
1.0749091,0.27677202
1.0749241,0.3230033
1.0749391,0.3230033
1.0749542,0.3230033
1.0749692,0.3230033
1.0749842,0.36923456
1.0749992,0.36923456
1.0750142,0.36923456
1.0750293,0.36923456
1.0750443,0.36923456
1.0750593,0.4154663
1.0750743,0.4154663
1.0750893,0.4154663
1.0751044,0.4154663
1.0751194,0.4154663
1.0751344,0.46169758
1.0751494,0.46169758
1.0751644,0.46169758
1.0751795,0.46169758
1.0751945,0.46169758
1.0752095,0.50792885
1.0752245,0.50792885
1.0752395,0.50792885
1.0752546,0.50792885
1.0752696,0.5541601
1.0752846,0.5541601
1.0752996,0.5541601
1.0753146,0.5541601
1.0753297,0.5541601
1.0753447,0.60039186
1.0753597,0.60039186
1.0753747,0.60039186
1.0753897,0.60039186
1.0754048,0.60039186
1.0754198,0.64662313
1.0754348,0.64662313
1.0754498,0.64662313
1.0754648,0.64662313
1.0754799,0.64662313
1.0754949,0.6928544
1.0755099,0.6928544
1.0755249,0.6928544
1.07554,0.6928544
1.075555,0.6928544
1.07557,0.7390857
1.075585,0.7390857
1.0756,0.7390857
1.075615,0.7390857
1.0756301,0.7853174
1.0756451,0.7853174
1.0756601,0.7853174
1.0756751,0.7853174
1.0756902,0.7853174
1.0757052,0.8315482
1.0757202,0.8315482
1.0757352,0.8315482
1.0757502,0.8315482
1.0757653,0.8315482
1.0757803,0.87777996
1.0757953,0.87777996
1.0758103,0.87777996
1.0758253,0.87777996
1.0758404,0.87777996
1.0758554,0.92401123
1.0758704,0.92401123
1.0758854,0.92401123
1.0759004,0.92401123
1.0759155,0.92401123
1.0759305,0.970243
1.0759455,0.970243
1.0759605,0.970243
1.0759755,0.970243
1.0759907,0.970243
1.0760057,1.0164738
1.0760207,1.0164738
1.0760357,1.0164738
1.0760508,1.0164738
1.0760658,1.0164738
1.0760808,1.0627055
1.0760958,1.0627055
1.0761108,1.0627055
1.0761259,1.0627055
1.0761409,1.1089368
1.0761559,1.1089368
1.0761709,1.1089368
1.076186,1.1089368
1.076201,1.1089368
1.076216,1.1551685
1.076231,1.1551685
1.076246,1.1551685
1.076261,1.1551685
1.0762761,1.1551685
1.0762911,1.2013993
1.0763061,1.2013993
1.0763211,1.2013993
1.0763361,1.2013993
1.0763512,1.2013993
1.0763662,1.2476311
1.0763812,1.2476311
1.0763962,1.2476311
1.0764112,1.2476311
1.0764263,1.2476311
1.0764413,1.2938623
1.0764563,1.2938623
1.0764713,1.2938623
1.0764863,1.2938623
1.0765014,1.2938623
1.0765164,1.3400936
1.0765314,1.3400936
1.0765464,1.3400936
1.0765615,1.3400936
1.0765765,1.3400936
1.0765915,1.3863249
1.0766065,1.3863249
1.0766215,1.3863249
1.0766366,1.3863249
1.0766516,1.3863249
1.0766666,1.4325566
1.0766816,1.4325566
1.0766966,1.4325566
1.0767117,1.4325566
1.0767267,1.4325566
1.0767417,1.4787879
1.0767567,1.4787879
1.0767717,1.4787879
1.0767868,1.4787879
1.0768018,1.4787879
1.0768168,1.4787879
1.0768318,1.4787879
1.0768468,1.4787879
1.0768619,1.5250192
1.0768769,1.5250192
1.0768919,1.5250192
1.0769069,1.5250192
1.0769219,1.5250192
1.076937,1.5712504
1.076952,1.5712504
1.076967,1.5712504
1.076982,1.5712504
1.076997,1.5712504
1.0770121,1.6174817
1.0770271,1.6174817
1.0770421,1.6174817
1.0770571,1.6174817
1.0770721,1.6174817
1.0770872,1.6637135
1.0771022,1.6637135
1.0771172,1.6637135
1.0771322,1.6637135
1.0771472,1.6637135
1.0771623,1.7099442
1.0771773,1.7099442
1.0771923,1.7099442
1.0772073,1.7099442
1.0772223,1.7099442
1.0772374,1.756176
1.0772524,1.756176
1.0772674,1.756176
1.0772824,1.756176
1.0772974,1.756176
1.0773125,1.756176
1.0773275,1.756176
1.0773425,1.7099442
1.0773575,1.7099442
1.0773726,1.7099442
1.0773876,1.7099442
1.0774026,1.6637135
1.0774176,1.6637135
1.0774326,1.6637135
1.0774477,1.6637135
1.0774627,1.6637135
1.0774777,1.6174817
1.0774927,1.6174817
1.0775077,1.6174817
1.0775228,1.6174817
1.0775378,1.5712504
1.0775528,1.5712504
1.0775678,1.5712504
1.0775828,1.5712504
1.0775979,1.5250192
1.0776129,1.5250192
1.0776279,1.5250192
1.0776429,1.5250192
1.0776579,1.5250192
1.077673,1.4787879
1.077688,1.4787879
1.077703,1.4787879
1.077718,1.4787879
1.077733,1.4787879
1.0777481,1.4787879
1.0777631,1.4787879
1.0777781,1.4325566
1.0777931,1.4325566
1.0778081,1.4325566
1.0778232,1.4325566
1.0778382,1.3863249
1.0778532,1.3863249
1.0778682,1.3863249
1.0778832,1.3863249
1.0778983,1.3400936
1.0779133,1.3400936
1.0779283,1.3400936
1.0779433,1.3400936
1.0779583,1.3400936
1.0779734,1.2938623
1.0779884,1.2938623
1.0780034,1.2938623
1.0780184,1.2938623
1.0780334,1.2476311
1.0780485,1.2476311
1.0780635,1.2476311
1.0780785,1.2476311
1.0780935,1.2476311
1.0781085,1.2013993
1.0781236,1.2013993
1.0781386,1.2013993
1.0781536,1.2013993
1.0781686,1.1551685
1.0781837,1.1551685
1.0781987,1.1551685
1.0782137,1.1551685
1.0782287,1.1551685
1.0782437,1.1089368
1.0782588,1.1089368
1.0782738,1.1089368
1.0782888,1.1089368
1.0783038,1.0627055
1.0783188,1.0627055
1.0783339,1.0627055
1.0783489,1.0627055
1.0783639,1.0164738
1.0783789,1.0164738
1.0783939,1.0164738
1.078409,1.0164738
1.078424,1.0164738
1.078439,0.970243
1.078454,0.970243
1.078469,0.970243
1.078484,0.970243
1.0784991,0.92401123
1.0785141,0.92401123
1.0785291,0.92401123
1.0785441,0.92401123
1.0785592,0.87777996
1.0785742,0.87777996
1.0785892,0.87777996
1.0786042,0.87777996
1.0786192,0.87777996
1.0786343,0.8315482
1.0786493,0.8315482
1.0786643,0.8315482
1.0786793,0.8315482
1.0786943,0.7853174
1.0787094,0.7853174
1.0787244,0.7853174
1.0787394,0.7853174
1.0787544,0.7853174
1.0787694,0.7390857
1.0787845,0.7390857
1.0787995,0.7390857
1.0788145,0.7390857
1.0788295,0.6928544
1.0788445,0.6928544
1.0788596,0.6928544
1.0788746,0.6928544
1.0788896,0.6928544
1.0789046,0.64662313
1.0789196,0.64662313
1.0789347,0.64662313
1.0789497,0.64662313
1.0789647,0.60039186
1.0789797,0.60039186
1.0789948,0.60039186
1.0790098,0.60039186
1.0790248,0.5541601
1.0790398,0.5541601
1.0790548,0.5541601
1.0790699,0.5541601
1.0790849,0.5541601
1.0790999,0.50792885
1.0791149,0.50792885
1.0791299,0.50792885
1.079145,0.50792885
1.07916,0.46169758
1.079175,0.46169758
1.07919,0.46169758
1.079205,0.46169758
1.07922,0.46169758
1.0792351,0.4154663
1.0792501,0.4154663
1.0792651,0.4154663
1.0792801,0.4154663
1.0792952,0.36923456
1.0793102,0.36923456
1.0793252,0.36923456
1.0793402,0.36923456
1.0793552,0.3230033
1.0793703,0.3230033
1.0793853,0.3230033
1.0794003,0.3230033
1.0794153,0.3230033
1.0794303,0.27677202
1.0794454,0.27677202
1.0794604,0.27677202
1.0794754,0.27677202
1.0794904,0.23054075
1.0795056,0.23054075
1.0795206,0.23054075
1.0795356,0.23054075
1.0795506,0.23054075
1.0795656,0.184309
1.0795807,0.184309
1.0795957,0.184309
1.0796107,0.184309
1.0796257,0.13807821
1.0796407,0.13807821
1.0796558,0.13807821
1.0796708,0.13807821
1.0796858,0.13807821
1.0797008,0.091846466
1.0797158,0.091846466
1.0797309,0.091846466
1.0797459,0.091846466
1.0797609,0.045615196
1.0797759,0.045615196
1.079791,0.045615196
1.079806,0.045615196
1.079821,0.045615196
1.079836,-6.160736E-4
1.079851,-6.160736E-4
1.079866,-6.160736E-4
1.0798811,-6.160736E-4
1.0798961,-0.046847343
1.0799111,-0.046847343
1.0799261,-0.046847343
1.0799412,-0.046847343
1.0799562,-0.09307861
1.0799712,-0.09307861
1.0799862,-0.09307861
1.0800012,-0.09307861
1.0800163,-0.09307861
1.0800313,-0.13931036
1.0800463,-0.13931036
1.0800613,-0.13931036
1.0800763,-0.13931036
1.0800914,-0.18554163
1.0801064,-0.18554163
1.0801214,-0.18554163
1.0801364,-0.18554163
1.0801514,-0.18554163
1.0801665,-0.2317729
1.0801815,-0.2317729
1.0801965,-0.2317729
1.0802115,-0.2317729
1.0802265,-0.27800417
1.0802416,-0.27800417
1.0802566,-0.27800417
1.0802716,-0.27800417
1.0802866,-0.27800417
1.0803016,-0.32423592
1.0803167,-0.32423592
1.0803317,-0.32423592
1.0803467,-0.32423592
1.0803617,-0.3704667
1.0803767,-0.3704667
1.0803918,-0.3704667
1.0804068,-0.3704667
1.0804218,-0.3704667
1.0804368,-0.41669846
1.0804518,-0.41669846
1.0804669,-0.41669846
1.0804819,-0.41669846
1.0804969,-0.46292973
1.0805119,-0.46292973
1.080527,-0.46292973
1.080542,-0.46292973
1.080557,-0.46292973
1.080572,-0.5091615
1.080587,-0.5091615
1.080602,-0.5091615
1.0806171,-0.5091615
1.0806321,-0.5091615
1.0806471,-0.55539227
1.0806621,-0.55539227
1.0806772,-0.55539227
1.0806922,-0.55539227
1.0807072,-0.601624
1.0807222,-0.601624
1.0807372,-0.601624
1.0807523,-0.601624
1.0807673,-0.601624
1.0807823,-0.6478553
1.0807973,-0.6478553
1.0808123,-0.6478553
1.0808274,-0.6478553
1.0808424,-0.6478553
1.0808574,-0.694087
1.0808724,-0.694087
1.0808874,-0.694087
1.0809025,-0.694087
1.0809175,-0.7403178
1.0809325,-0.7403178
1.0809475,-0.7403178
1.0809625,-0.7403178
1.0809776,-0.78654957
1.0809926,-0.78654957
1.0810076,-0.78654957
1.0810226,-0.78654957
1.0810376,-0.78654957
1.0810527,-0.83278084
1.0810677,-0.83278084
1.0810827,-0.83278084
1.0810977,-0.83278084
1.0811127,-0.83278084
1.0811278,-0.8790121
1.0811428,-0.8790121
1.0811578,-0.8790121
1.0811728,-0.8790121
1.0811878,-0.8790121
1.0812029,-0.9252434
1.0812179,-0.9252434
1.0812329,-0.9252434
1.0812479,-0.9252434
1.081263,-0.9252434
1.081278,-0.9714751
1.081293,-0.9714751
1.081308,-0.9714751
1.081323,-0.9714751
1.081338,-1.0177064
1.0813531,-1.0177064
1.0813681,-1.0177064
1.0813831,-1.0177064
1.0813981,-1.0177064
1.0814131,-1.0639377
1.0814282,-1.0639377
1.0814432,-1.0639377
1.0814582,-1.0639377
1.0814732,-1.0639377
1.0814883,-1.1101689
1.0815033,-1.1101689
1.0815183,-1.1101689
1.0815333,-1.1101689
1.0815483,-1.1564007
1.0815634,-1.1564007
1.0815784,-1.1564007
1.0815934,-1.1564007
1.0816084,-1.1564007
1.0816234,-1.202632
1.0816385,-1.202632
1.0816535,-1.202632
1.0816685,-1.202632
1.0816835,-1.202632
1.0816985,-1.2488632
1.0817136,-1.2488632
1.0817286,-1.2488632
1.0817436,-1.2488632
1.0817586,-1.2488632
1.0817736,-1.2950945
1.0817887,-1.2950945
1.0818037,-1.2950945
1.0818187,-1.2950945
1.0818337,-1.2950945
1.0818487,-1.3413262
1.0818638,-1.3413262
1.0818788,-1.3413262
1.0818938,-1.3413262
1.0819088,-1.3413262
1.0819238,-1.387557
1.0819389,-1.387557
1.0819539,-1.387557
1.0819689,-1.387557
1.0819839,-1.387557
1.081999,-1.4337888
1.082014,-1.4337888
1.082029,-1.4337888
1.082044,-1.4337888
1.082059,-1.48002
1.082074,-1.48002
1.0820891,-1.48002
1.0821041,-1.48002
1.0821191,-1.48002
1.0821341,-1.48002
1.0821491,-1.48002
1.0821642,-1.48002
1.0821792,-1.5262513
1.0821942,-1.5262513
1.0822092,-1.5262513
1.0822242,-1.5262513
1.0822393,-1.5262513
1.0822543,-1.5724826
1.0822693,-1.5724826
1.0822843,-1.5724826
1.0822994,-1.5724826
1.0823144,-1.5724826
1.0823294,-1.6187139
1.0823444,-1.6187139
1.0823594,-1.6187139
1.0823745,-1.6187139
1.0823895,-1.6187139
1.0824045,-1.6187139
1.0824195,-1.6187139
1.0824345,-1.6187139
1.0824496,-1.5724826
1.0824646,-1.5724826
1.0824796,-1.5724826
1.0824946,-1.5724826
1.0825096,-1.5724826
1.0825247,-1.5262513
1.0825397,-1.5262513
1.0825547,-1.5262513
1.0825697,-1.5262513
1.0825847,-1.48002
1.0825998,-1.48002
1.0826148,-1.48002
1.0826298,-1.48002
1.0826448,-1.48002
1.0826598,-1.48002
1.0826749,-1.48002
1.0826899,-1.48002
1.0827049,-1.4337888
1.0827199,-1.4337888
1.082735,-1.4337888
1.08275,-1.4337888
1.082765,-1.387557
1.08278,-1.387557
1.082795,-1.387557
1.08281,-1.387557
1.0828251,-1.387557
1.0828401,-1.3413262
1.0828551,-1.3413262
1.0828701,-1.3413262
1.0828851,-1.3413262
1.0829002,-1.2950945
1.0829152,-1.2950945
1.0829302,-1.2950945
1.0829452,-1.2950945
1.0829602,-1.2950945
1.0829753,-1.2488632
1.0829903,-1.2488632
1.0830053,-1.2488632
1.0830203,-1.2488632
1.0830355,-1.2488632
1.0830505,-1.202632
1.0830655,-1.202632
1.0830805,-1.202632
1.0830956,-1.202632
1.0831106,-1.1564007
1.0831256,-1.1564007
1.0831406,-1.1564007
1.0831556,-1.1564007
1.0831707,-1.1564007
1.0831857,-1.1101689
1.0832007,-1.1101689
1.0832157,-1.1101689
1.0832307,-1.1101689
1.0832458,-1.1101689
1.0832608,-1.0639377
1.0832758,-1.0639377
1.0832908,-1.0639377
1.0833058,-1.0639377
1.0833209,-1.0177064
1.0833359,-1.0177064
1.0833509,-1.0177064
1.0833659,-1.0177064
1.0833809,-1.0177064
1.083396,-0.9714751
1.083411,-0.9714751
1.083426,-0.9714751
1.083441,-0.9714751
1.083456,-0.9714751
1.0834711,-0.9252434
1.0834861,-0.9252434
1.0835011,-0.9252434
1.0835161,-0.9252434
1.0835311,-0.8790121
1.0835462,-0.8790121
1.0835612,-0.8790121
1.0835762,-0.8790121
1.0835912,-0.8790121
1.0836062,-0.83278084
1.0836213,-0.83278084
1.0836363,-0.83278084
1.0836513,-0.83278084
1.0836663,-0.83278084
1.0836813,-0.78654957
1.0836964,-0.78654957
1.0837114,-0.78654957
1.0837264,-0.78654957
1.0837414,-0.7403178
1.0837564,-0.7403178
1.0837715,-0.7403178
1.0837865,-0.7403178
1.0838015,-0.7403178
1.0838165,-0.694087
1.0838315,-0.694087
1.0838466,-0.694087
1.0838616,-0.694087
1.0838766,-0.694087
1.0838916,-0.6478553
1.0839067,-0.6478553
1.0839217,-0.6478553
1.0839367,-0.6478553
1.0839517,-0.601624
1.0839667,-0.601624
1.0839818,-0.601624
1.0839968,-0.601624
1.0840118,-0.601624
1.0840268,-0.55539227
1.0840418,-0.55539227
1.0840569,-0.55539227
1.0840719,-0.55539227
1.0840869,-0.55539227
1.0841019,-0.5091615
1.0841169,-0.5091615
1.084132,-0.5091615
1.084147,-0.5091615
1.084162,-0.46292973
1.084177,-0.46292973
1.084192,-0.46292973
1.084207,-0.46292973
1.0842221,-0.46292973
1.0842371,-0.41669846
1.0842521,-0.41669846
1.0842671,-0.41669846
1.0842822,-0.41669846
1.0842972,-0.41669846
1.0843122,-0.3704667
1.0843272,-0.3704667
1.0843422,-0.3704667
1.0843573,-0.3704667
1.0843723,-0.32423592
1.0843873,-0.32423592
1.0844023,-0.32423592
1.0844173,-0.32423592
1.0844324,-0.32423592
1.0844474,-0.27800417
1.0844624,-0.27800417
1.0844774,-0.27800417
1.0844924,-0.27800417
1.0845075,-0.27800417
1.0845225,-0.2317729
1.0845375,-0.2317729
1.0845525,-0.2317729
1.0845675,-0.2317729
1.0845826,-0.18554163
1.0845976,-0.18554163
1.0846126,-0.18554163
1.0846276,-0.18554163
1.0846426,-0.18554163
1.0846577,-0.13931036
1.0846727,-0.13931036
1.0846877,-0.13931036
1.0847027,-0.13931036
1.0847178,-0.13931036
1.0847328,-0.09307861
1.0847478,-0.09307861
1.0847628,-0.09307861
1.0847778,-0.09307861
1.0847929,-0.046847343
1.0848079,-0.046847343
1.0848229,-0.046847343
1.0848379,-0.046847343
1.0848529,-0.046847343
1.084868,-6.160736E-4
1.084883,-6.160736E-4
1.084898,-6.160736E-4
1.084913,-6.160736E-4
1.084928,0.045615196
1.084943,0.045615196
1.0849581,0.045615196
1.0849731,0.045615196
1.0849881,0.045615196
1.0850031,0.091846466
1.0850182,0.091846466
1.0850332,0.091846466
1.0850482,0.091846466
1.0850632,0.13807821
1.0850782,0.13807821
1.0850933,0.13807821
1.0851083,0.13807821
1.0851233,0.13807821
1.0851383,0.184309
1.0851533,0.184309
1.0851684,0.184309
1.0851834,0.184309
1.0851984,0.184309
1.0852134,0.23054075
1.0852284,0.23054075
1.0852435,0.23054075
1.0852585,0.23054075
1.0852735,0.23054075
1.0852885,0.27677202
1.0853035,0.27677202
1.0853186,0.27677202
1.0853336,0.27677202
1.0853486,0.3230033
1.0853636,0.3230033
1.0853786,0.3230033
1.0853937,0.3230033
1.0854087,0.3230033
1.0854237,0.36923456
1.0854387,0.36923456
1.0854537,0.36923456
1.0854688,0.36923456
1.0854838,0.36923456
1.0854988,0.4154663
1.0855138,0.4154663
1.0855289,0.4154663
1.0855439,0.4154663
1.0855589,0.46169758
1.0855739,0.46169758
1.0855889,0.46169758
1.085604,0.46169758
1.085619,0.46169758
1.085634,0.50792885
1.085649,0.50792885
1.085664,0.50792885
1.085679,0.50792885
1.0856941,0.50792885
1.0857091,0.5541601
1.0857241,0.5541601
1.0857391,0.5541601
1.0857542,0.5541601
1.0857692,0.5541601
1.0857842,0.60039186
1.0857992,0.60039186
1.0858142,0.60039186
1.0858293,0.60039186
1.0858443,0.60039186
1.0858593,0.64662313
1.0858743,0.64662313
1.0858893,0.64662313
1.0859044,0.64662313
1.0859194,0.6928544
1.0859344,0.6928544
1.0859494,0.6928544
1.0859644,0.6928544
1.0859795,0.6928544
1.0859945,0.7390857
1.0860095,0.7390857
1.0860245,0.7390857
1.0860395,0.7390857
1.0860546,0.7390857
1.0860696,0.7853174
1.0860846,0.7853174
1.0860996,0.7853174
1.0861146,0.7853174
1.0861297,0.7853174
1.0861447,0.8315482
1.0861597,0.8315482
1.0861747,0.8315482
1.0861897,0.8315482
1.0862048,0.87777996
1.0862198,0.87777996
1.0862348,0.87777996
1.0862498,0.87777996
1.0862648,0.87777996
1.0862799,0.92401123
1.0862949,0.92401123
1.0863099,0.92401123
1.0863249,0.92401123
1.08634,0.92401123
1.086355,0.970243
1.08637,0.970243
1.086385,0.970243
1.0864,0.970243
1.086415,0.970243
1.0864301,1.0164738
1.0864451,1.0164738
1.0864601,1.0164738
1.0864751,1.0164738
1.0864902,1.0164738
1.0865052,1.0627055
1.0865202,1.0627055
1.0865352,1.0627055
1.0865504,1.0627055
1.0865654,1.0627055
1.0865804,1.1089368
1.0865954,1.1089368
1.0866104,1.1089368
1.0866255,1.1089368
1.0866405,1.1089368
1.0866555,1.1551685
1.0866705,1.1551685
1.0866855,1.1551685
1.0867006,1.1551685
1.0867156,1.1551685
1.0867306,1.2013993
1.0867456,1.2013993
1.0867606,1.2013993
1.0867757,1.2013993
1.0867907,1.2013993
1.0868057,1.2476311
1.0868207,1.2476311
1.0868357,1.2476311
1.0868508,1.2476311
1.0868658,1.2476311
1.0868808,1.2938623
1.0868958,1.2938623
1.0869108,1.2938623
1.0869259,1.2938623
1.0869409,1.2938623
1.0869559,1.3400936
1.0869709,1.3400936
1.086986,1.3400936
1.087001,1.3400936
1.087016,1.3400936
1.087031,1.3863249
1.087046,1.3863249
1.087061,1.3863249
1.0870761,1.3863249
1.0870911,1.4325566
1.0871061,1.4325566
1.0871211,1.4325566
1.0871361,1.4325566
1.0871512,1.4325566
1.0871662,1.4325566
1.0871812,1.4787879
1.0871962,1.4787879
1.0872113,1.4787879
1.0872263,1.4787879
1.0872413,1.4787879
1.0872563,1.4787879
1.0872713,1.4787879
1.0872864,1.5250192
1.0873014,1.5250192
1.0873164,1.5250192
1.0873314,1.5250192
1.0873464,1.5250192
1.0873615,1.5712504
1.0873765,1.5712504
1.0873915,1.5712504
1.0874065,1.5712504
1.0874215,1.5712504
1.0874366,1.5712504
1.0874516,1.6174817
1.0874666,1.6174817
1.0874816,1.6174817
1.0874966,1.6174817
1.0875117,1.6174817
1.0875267,1.6637135
1.0875417,1.6637135
1.0875567,1.6637135
1.0875717,1.6637135
1.0875868,1.6637135
1.0876018,1.7099442
1.0876168,1.7099442
1.0876318,1.7099442
1.0876468,1.7099442
1.0876619,1.7099442
1.0876769,1.756176
1.0876919,1.756176
1.0877069,1.756176
1.087722,1.756176
1.087737,1.756176
1.087752,1.756176
1.087767,1.756176
1.087782,1.7099442
1.087797,1.7099442
1.0878121,1.7099442
1.0878271,1.7099442
1.0878421,1.6637135
1.0878571,1.6637135
1.0878721,1.6637135
1.0878872,1.6637135
1.0879022,1.6637135
1.0879172,1.6174817
1.0879322,1.6174817
1.0879472,1.6174817
1.0879623,1.6174817
1.0879773,1.5712504
1.0879923,1.5712504
1.0880073,1.5712504
1.0880224,1.5712504
1.0880374,1.5250192
1.0880524,1.5250192
1.0880674,1.5250192
1.0880824,1.5250192
1.0880975,1.4787879
1.0881125,1.4787879
1.0881275,1.4787879
1.0881425,1.4787879
1.0881575,1.4787879
1.0881726,1.4787879
1.0881876,1.4787879
1.0882026,1.4325566
1.0882176,1.4325566
1.0882326,1.4325566
1.0882477,1.4325566
1.0882627,1.3863249
1.0882777,1.3863249
1.0882927,1.3863249
1.0883077,1.3863249
1.0883228,1.3863249
1.0883378,1.3400936
1.0883528,1.3400936
1.0883678,1.3400936
1.0883828,1.3400936
1.0883979,1.2938623
1.0884129,1.2938623
1.0884279,1.2938623
1.0884429,1.2938623
1.088458,1.2938623
1.088473,1.2476311
1.088488,1.2476311
1.088503,1.2476311
1.088518,1.2476311
1.088533,1.2013993
1.0885481,1.2013993
1.0885631,1.2013993
1.0885781,1.2013993
1.0885931,1.2013993
1.0886081,1.1551685
1.0886232,1.1551685
1.0886382,1.1551685
1.0886532,1.1551685
1.0886682,1.1089368
1.0886832,1.1089368
1.0886983,1.1089368
1.0887133,1.1089368
1.0887283,1.0627055
1.0887433,1.0627055
1.0887583,1.0627055
1.0887734,1.0627055
1.0887884,1.0627055
1.0888034,1.0164738
1.0888184,1.0164738
1.0888335,1.0164738
1.0888485,1.0164738
1.0888635,0.970243
1.0888785,0.970243
1.0888935,0.970243
1.0889086,0.970243
1.0889236,0.970243
1.0889386,0.92401123
1.0889536,0.92401123
1.0889686,0.92401123
1.0889837,0.92401123
1.0889987,0.87777996
1.0890137,0.87777996
1.0890287,0.87777996
1.0890437,0.87777996
1.0890588,0.8315482
1.0890738,0.8315482
1.0890888,0.8315482
1.0891038,0.8315482
1.0891188,0.8315482
1.0891339,0.7853174
1.0891489,0.7853174
1.0891639,0.7853174
1.0891789,0.7853174
1.0891939,0.7390857
1.089209,0.7390857
1.089224,0.7390857
1.089239,0.7390857
1.089254,0.7390857
1.089269,0.6928544
1.0892841,0.6928544
1.0892991,0.6928544
1.0893141,0.6928544
1.0893291,0.64662313
1.0893441,0.64662313
1.0893592,0.64662313
1.0893742,0.64662313
1.0893892,0.64662313
1.0894042,0.60039186
1.0894192,0.60039186
1.0894343,0.60039186
1.0894493,0.60039186
1.0894643,0.5541601
1.0894793,0.5541601
1.0894943,0.5541601
1.0895094,0.5541601
1.0895244,0.50792885
1.0895394,0.50792885
1.0895544,0.50792885
1.0895694,0.50792885
1.0895845,0.50792885
1.0895995,0.46169758
1.0896145,0.46169758
1.0896295,0.46169758
1.0896446,0.46169758
1.0896596,0.4154663
1.0896746,0.4154663
1.0896896,0.4154663
1.0897046,0.4154663
1.0897197,0.4154663
1.0897347,0.36923456
1.0897497,0.36923456
1.0897647,0.36923456
1.0897797,0.36923456
1.0897948,0.3230033
1.0898098,0.3230033
1.0898248,0.3230033
1.0898398,0.3230033
1.0898548,0.3230033
1.0898699,0.27677202
1.0898849,0.27677202
1.0898999,0.27677202
1.0899149,0.27677202
1.0899299,0.23054075
1.089945,0.23054075
1.08996,0.23054075
1.089975,0.23054075
1.08999,0.23054075
1.090005,0.184309
1.0900201,0.184309
1.0900351,0.184309
1.0900501,0.184309
1.0900651,0.13807821
1.0900803,0.13807821
1.0900953,0.13807821
1.0901103,0.13807821
1.0901253,0.091846466
1.0901403,0.091846466
1.0901554,0.091846466
1.0901704,0.091846466
1.0901854,0.091846466
1.0902004,0.045615196
1.0902154,0.045615196
1.0902305,0.045615196
1.0902455,0.045615196
1.0902605,-6.160736E-4
1.0902755,-6.160736E-4
1.0902905,-6.160736E-4
1.0903056,-6.160736E-4
1.0903206,-0.046847343
1.0903356,-0.046847343
1.0903506,-0.046847343
1.0903656,-0.046847343
1.0903807,-0.046847343
1.0903957,-0.09307861
1.0904107,-0.09307861
1.0904257,-0.09307861
1.0904408,-0.09307861
1.0904558,-0.13931036
1.0904708,-0.13931036
1.0904858,-0.13931036
1.0905008,-0.13931036
1.0905159,-0.13931036
1.0905309,-0.18554163
1.0905459,-0.18554163
1.0905609,-0.18554163
1.0905759,-0.18554163
1.090591,-0.2317729
1.090606,-0.2317729
1.090621,-0.2317729
1.090636,-0.2317729
1.090651,-0.2317729
1.090666,-0.27800417
1.0906811,-0.27800417
1.0906961,-0.27800417
1.0907111,-0.27800417
1.0907261,-0.32423592
1.0907412,-0.32423592
1.0907562,-0.32423592
1.0907712,-0.32423592
1.0907862,-0.32423592
1.0908012,-0.3704667
1.0908163,-0.3704667
1.0908313,-0.3704667
1.0908463,-0.3704667
1.0908613,-0.41669846
1.0908763,-0.41669846
1.0908914,-0.41669846
1.0909064,-0.41669846
1.0909214,-0.41669846
1.0909364,-0.46292973
1.0909514,-0.46292973
1.0909665,-0.46292973
1.0909815,-0.46292973
1.0909965,-0.5091615
1.0910115,-0.5091615
1.0910265,-0.5091615
1.0910416,-0.5091615
1.0910566,-0.5091615
1.0910716,-0.55539227
1.0910866,-0.55539227
1.0911016,-0.55539227
1.0911167,-0.55539227
1.0911317,-0.55539227
1.0911467,-0.601624
1.0911617,-0.601624
1.0911767,-0.601624
1.0911918,-0.601624
1.0912068,-0.601624
1.0912218,-0.6478553
1.0912368,-0.6478553
1.0912519,-0.6478553
1.0912669,-0.6478553
1.0912819,-0.694087
1.0912969,-0.694087
1.0913119,-0.694087
1.091327,-0.694087
1.091342,-0.694087
1.091357,-0.7403178
1.091372,-0.7403178
1.091387,-0.7403178
1.091402,-0.7403178
1.0914171,-0.7403178
1.0914321,-0.78654957
1.0914471,-0.78654957
1.0914621,-0.78654957
1.0914772,-0.78654957
1.0914922,-0.83278084
1.0915072,-0.83278084
1.0915222,-0.83278084
1.0915372,-0.83278084
1.0915523,-0.83278084
1.0915673,-0.8790121
1.0915823,-0.8790121
1.0915973,-0.8790121
1.0916123,-0.8790121
1.0916274,-0.8790121
1.0916424,-0.9252434
1.0916574,-0.9252434
1.0916724,-0.9252434
1.0916874,-0.9252434
1.0917025,-0.9714751
1.0917175,-0.9714751
1.0917325,-0.9714751
1.0917475,-0.9714751
1.0917625,-0.9714751
1.0917776,-1.0177064
1.0917926,-1.0177064
1.0918076,-1.0177064
1.0918226,-1.0177064
1.0918376,-1.0177064
1.0918527,-1.0639377
1.0918677,-1.0639377
1.0918827,-1.0639377
1.0918977,-1.0639377
1.0919127,-1.1101689
1.0919278,-1.1101689
1.0919428,-1.1101689
1.0919578,-1.1101689
1.0919728,-1.1101689
1.0919878,-1.1564007
1.0920029,-1.1564007
1.0920179,-1.1564007
1.0920329,-1.1564007
1.0920479,-1.1564007
1.092063,-1.202632
1.092078,-1.202632
1.092093,-1.202632
1.092108,-1.202632
1.092123,-1.202632
1.092138,-1.2488632
1.0921531,-1.2488632
1.0921681,-1.2488632
1.0921831,-1.2488632
1.0921981,-1.2488632
1.0922132,-1.2950945
1.0922282,-1.2950945
1.0922432,-1.2950945
1.0922582,-1.2950945
1.0922732,-1.3413262
1.0922883,-1.3413262
1.0923033,-1.3413262
1.0923183,-1.3413262
1.0923333,-1.3413262
1.0923483,-1.387557
1.0923634,-1.387557
1.0923784,-1.387557
1.0923934,-1.387557
1.0924084,-1.387557
1.0924234,-1.4337888
1.0924385,-1.4337888
1.0924535,-1.4337888
1.0924685,-1.4337888
1.0924835,-1.4337888
1.0924985,-1.48002
1.0925136,-1.48002
1.0925286,-1.48002
1.0925436,-1.48002
1.0925586,-1.48002
1.0925736,-1.48002
1.0925887,-1.48002
1.0926037,-1.48002
1.0926187,-1.5262513
1.0926337,-1.5262513
1.0926487,-1.5262513
1.0926638,-1.5262513
1.0926788,-1.5262513
1.0926938,-1.5724826
1.0927088,-1.5724826
1.0927238,-1.5724826
1.0927389,-1.5724826
1.0927539,-1.6187139
1.0927689,-1.6187139
1.0927839,-1.6187139
1.092799,-1.6187139
1.092814,-1.6187139
1.092829,-1.6187139
1.092844,-1.6187139
1.092859,-1.6187139
1.092874,-1.6187139
1.0928891,-1.5724826
1.0929041,-1.5724826
1.0929191,-1.5724826
1.0929341,-1.5724826
1.0929492,-1.5724826
1.0929642,-1.5262513
1.0929792,-1.5262513
1.0929942,-1.5262513
1.0930092,-1.5262513
1.0930243,-1.48002
1.0930393,-1.48002
1.0930543,-1.48002
1.0930693,-1.48002
1.0930843,-1.48002
1.0930994,-1.48002
1.0931144,-1.48002
1.0931294,-1.4337888
1.0931444,-1.4337888
1.0931594,-1.4337888
1.0931745,-1.4337888
1.0931895,-1.4337888
1.0932045,-1.387557
1.0932195,-1.387557
1.0932345,-1.387557
1.0932496,-1.387557
1.0932646,-1.3413262
1.0932796,-1.3413262
1.0932946,-1.3413262
1.0933096,-1.3413262
1.0933247,-1.3413262
1.0933397,-1.2950945
1.0933547,-1.2950945
1.0933697,-1.2950945
1.0933847,-1.2950945
1.0933998,-1.2950945
1.0934148,-1.2488632
1.0934298,-1.2488632
1.0934448,-1.2488632
1.0934598,-1.2488632
1.0934749,-1.2488632
1.0934899,-1.202632
1.0935049,-1.202632
1.0935199,-1.202632
1.093535,-1.202632
1.09355,-1.1564007
1.093565,-1.1564007
1.09358,-1.1564007
1.0935951,-1.1564007
1.0936102,-1.1564007
1.0936252,-1.1101689
1.0936402,-1.1101689
1.0936552,-1.1101689
1.0936702,-1.1101689
1.0936853,-1.0639377
1.0937003,-1.0639377
1.0937153,-1.0639377
1.0937303,-1.0639377
1.0937454,-1.0639377
1.0937604,-1.0177064
1.0937754,-1.0177064
1.0937904,-1.0177064
1.0938054,-1.0177064
1.0938205,-1.0177064
1.0938355,-0.9714751
1.0938505,-0.9714751
1.0938655,-0.9714751
1.0938805,-0.9714751
1.0938956,-0.9252434
1.0939106,-0.9252434
1.0939256,-0.9252434
1.0939406,-0.9252434
1.0939556,-0.9252434
1.0939707,-0.8790121
1.0939857,-0.8790121
1.0940007,-0.8790121
1.0940157,-0.8790121
1.0940307,-0.83278084
1.0940458,-0.83278084
1.0940608,-0.83278084
1.0940758,-0.83278084
1.0940908,-0.83278084
1.0941058,-0.78654957
1.0941209,-0.78654957
1.0941359,-0.78654957
1.0941509,-0.78654957
1.0941659,-0.78654957
1.094181,-0.7403178
1.094196,-0.7403178
1.094211,-0.7403178
1.094226,-0.7403178
1.094241,-0.7403178
1.094256,-0.694087
1.0942711,-0.694087
1.0942861,-0.694087
1.0943011,-0.694087
1.0943161,-0.6478553
1.0943311,-0.6478553
1.0943462,-0.6478553
1.0943612,-0.6478553
1.0943762,-0.6478553
1.0943912,-0.601624
1.0944062,-0.601624
1.0944213,-0.601624
1.0944363,-0.601624
1.0944513,-0.601624
1.0944663,-0.55539227
1.0944813,-0.55539227
1.0944964,-0.55539227
1.0945114,-0.55539227
1.0945264,-0.5091615
1.0945414,-0.5091615
1.0945565,-0.5091615
1.0945715,-0.5091615
1.0945865,-0.5091615
1.0946015,-0.46292973
1.0946165,-0.46292973
1.0946316,-0.46292973
1.0946466,-0.46292973
1.0946616,-0.41669846
1.0946766,-0.41669846
1.0946916,-0.41669846
1.0947067,-0.41669846
1.0947217,-0.41669846
1.0947367,-0.3704667
1.0947517,-0.3704667
1.0947667,-0.3704667
1.0947818,-0.3704667
1.0947968,-0.3704667
1.0948118,-0.32423592
1.0948268,-0.32423592
1.0948418,-0.32423592
1.0948569,-0.32423592
1.0948719,-0.32423592
1.0948869,-0.27800417
1.0949019,-0.27800417
1.0949169,-0.27800417
1.094932,-0.27800417
1.094947,-0.2317729
1.094962,-0.2317729
1.094977,-0.2317729
1.094992,-0.2317729
1.0950071,-0.2317729
1.0950221,-0.18554163
1.0950371,-0.18554163
1.0950521,-0.18554163
1.0950671,-0.18554163
1.0950822,-0.13931036
1.0950972,-0.13931036
1.0951122,-0.13931036
1.0951272,-0.13931036
1.0951422,-0.13931036
1.0951573,-0.09307861
1.0951723,-0.09307861
1.0951873,-0.09307861
1.0952023,-0.09307861
1.0952173,-0.09307861
1.0952324,-0.046847343
1.0952474,-0.046847343
1.0952624,-0.046847343
1.0952774,-0.046847343
1.0952924,-0.046847343
1.0953075,-6.160736E-4
1.0953225,-6.160736E-4
1.0953375,-6.160736E-4
1.0953525,-6.160736E-4
1.0953676,0.045615196
1.0953826,0.045615196
1.0953976,0.045615196
1.0954126,0.045615196
1.0954276,0.091846466
1.0954427,0.091846466
1.0954577,0.091846466
1.0954727,0.091846466
1.0954877,0.091846466
1.0955027,0.13807821
1.0955178,0.13807821
1.0955328,0.13807821
1.0955478,0.13807821
1.0955628,0.13807821
1.0955778,0.184309
1.0955929,0.184309
1.0956079,0.184309
1.0956229,0.184309
1.0956379,0.184309
1.0956529,0.23054075
1.095668,0.23054075
1.095683,0.23054075
1.095698,0.23054075
1.095713,0.27677202
1.095728,0.27677202
1.0957431,0.27677202
1.0957581,0.27677202
1.0957731,0.27677202
1.0957881,0.3230033
1.0958031,0.3230033
1.0958182,0.3230033
1.0958332,0.3230033
1.0958482,0.3230033
1.0958632,0.36923456
1.0958782,0.36923456
1.0958933,0.36923456
1.0959083,0.36923456
1.0959233,0.4154663
1.0959383,0.4154663
1.0959533,0.4154663
1.0959684,0.4154663
1.0959834,0.4154663
1.0959984,0.46169758
1.0960134,0.46169758
1.0960284,0.46169758
1.0960435,0.46169758
1.0960585,0.46169758
1.0960735,0.50792885
1.0960885,0.50792885
1.0961035,0.50792885
1.0961186,0.50792885
1.0961336,0.50792885
1.0961486,0.5541601
1.0961636,0.5541601
1.0961787,0.5541601
1.0961937,0.5541601
1.0962087,0.60039186
1.0962237,0.60039186
1.0962387,0.60039186
1.0962538,0.60039186
1.0962688,0.60039186
1.0962838,0.64662313
1.0962988,0.64662313
1.0963138,0.64662313
1.0963289,0.64662313
1.0963439,0.64662313
1.0963589,0.6928544
1.0963739,0.6928544
1.0963889,0.6928544
1.096404,0.6928544
1.096419,0.6928544
1.096434,0.7390857
1.096449,0.7390857
1.096464,0.7390857
1.096479,0.7390857
1.0964941,0.7853174
1.0965091,0.7853174
1.0965241,0.7853174
1.0965391,0.7853174
1.0965542,0.7853174
1.0965692,0.7853174
1.0965842,0.8315482
1.0965992,0.8315482
1.0966142,0.8315482
1.0966293,0.8315482
1.0966443,0.87777996
1.0966593,0.87777996
1.0966743,0.87777996
1.0966893,0.87777996
1.0967044,0.87777996
1.0967194,0.92401123
1.0967344,0.92401123
1.0967494,0.92401123
1.0967644,0.92401123
1.0967795,0.92401123
1.0967945,0.970243
1.0968095,0.970243
1.0968245,0.970243
1.0968395,0.970243
1.0968546,0.970243
1.0968696,1.0164738
1.0968846,1.0164738
1.0968996,1.0164738
1.0969146,1.0164738
1.0969297,1.0164738
1.0969447,1.0627055
1.0969597,1.0627055
1.0969747,1.0627055
1.0969898,1.0627055
1.0970048,1.0627055
1.0970198,1.1089368
1.0970348,1.1089368
1.0970498,1.1089368
1.0970649,1.1089368
1.0970799,1.1551685
1.0970949,1.1551685
1.0971099,1.1551685
1.097125,1.1551685
1.0971401,1.1551685
1.0971551,1.2013993
1.0971701,1.2013993
1.0971851,1.2013993
1.0972002,1.2013993
1.0972152,1.2013993
1.0972302,1.2476311
1.0972452,1.2476311
1.0972602,1.2476311
1.0972753,1.2476311
1.0972903,1.2476311
1.0973053,1.2938623
1.0973203,1.2938623
1.0973353,1.2938623
1.0973504,1.2938623
1.0973654,1.2938623
1.0973804,1.3400936
1.0973954,1.3400936
1.0974104,1.3400936
1.0974255,1.3400936
1.0974405,1.3400936
1.0974555,1.3863249
1.0974705,1.3863249
1.0974855,1.3863249
1.0975006,1.3863249
1.0975156,1.3863249
1.0975306,1.4325566
1.0975456,1.4325566
1.0975606,1.4325566
1.0975757,1.4325566
1.0975907,1.4325566
1.0976057,1.4787879
1.0976207,1.4787879
1.0976357,1.4787879
1.0976508,1.4787879
1.0976658,1.4787879
1.0976808,1.4787879
1.0976958,1.4787879
1.0977108,1.4787879
1.0977259,1.5250192
1.0977409,1.5250192
1.0977559,1.5250192
1.0977709,1.5250192
1.097786,1.5250192
1.097801,1.5712504
1.097816,1.5712504
1.097831,1.5712504
1.097846,1.5712504
1.097861,1.5712504
1.0978761,1.6174817
1.0978911,1.6174817
1.0979061,1.6174817
1.0979211,1.6174817
1.0979362,1.6174817
1.0979512,1.6637135
1.0979662,1.6637135
1.0979812,1.6637135
1.0979962,1.6637135
1.0980113,1.6637135
1.0980263,1.7099442
1.0980413,1.7099442
1.0980563,1.7099442
1.0980713,1.7099442
1.0980864,1.7099442
1.0981014,1.756176
1.0981164,1.756176
1.0981314,1.756176
1.0981464,1.756176
1.0981615,1.756176
1.0981765,1.756176
1.0981915,1.756176
1.0982065,1.7099442
1.0982215,1.7099442
1.0982366,1.7099442
1.0982516,1.7099442
1.0982666,1.7099442
1.0982816,1.6637135
1.0982966,1.6637135
1.0983117,1.6637135
1.0983267,1.6637135
1.0983417,1.6174817
1.0983567,1.6174817
1.0983717,1.6174817
1.0983868,1.6174817
1.0984018,1.5712504
1.0984168,1.5712504
1.0984318,1.5712504
1.0984468,1.5712504
1.0984619,1.5712504
1.0984769,1.5250192
1.0984919,1.5250192
1.0985069,1.5250192
1.098522,1.5250192
1.098537,1.4787879
1.098552,1.4787879
1.098567,1.4787879
1.098582,1.4787879
1.098597,1.4787879
1.0986121,1.4787879
1.0986271,1.4787879
1.0986421,1.4325566
1.0986571,1.4325566
1.0986722,1.4325566
1.0986872,1.4325566
1.0987022,1.3863249
1.0987172,1.3863249
1.0987322,1.3863249
1.0987473,1.3863249
1.0987623,1.3863249
1.0987773,1.3400936
1.0987923,1.3400936
1.0988073,1.3400936
1.0988224,1.3400936
1.0988374,1.2938623
1.0988524,1.2938623
1.0988674,1.2938623
1.0988824,1.2938623
1.0988975,1.2476311
1.0989125,1.2476311
1.0989275,1.2476311
1.0989425,1.2476311
1.0989575,1.2476311
1.0989726,1.2013993
1.0989876,1.2013993
1.0990026,1.2013993
1.0990176,1.2013993
1.0990326,1.1551685
1.0990477,1.1551685
1.0990627,1.1551685
1.0990777,1.1551685
1.0990927,1.1551685
1.0991077,1.1089368
1.0991228,1.1089368
1.0991378,1.1089368
1.0991528,1.1089368
1.0991678,1.0627055
1.0991828,1.0627055
1.0991979,1.0627055
1.0992129,1.0627055
1.0992279,1.0164738
1.0992429,1.0164738
1.099258,1.0164738
1.099273,1.0164738
1.099288,1.0164738
1.099303,0.970243
1.099318,0.970243
1.099333,0.970243
1.0993481,0.970243
1.0993631,0.92401123
1.0993781,0.92401123
1.0993931,0.92401123
1.0994081,0.92401123
1.0994232,0.92401123
1.0994382,0.87777996
1.0994532,0.87777996
1.0994682,0.87777996
1.0994833,0.87777996
1.0994983,0.8315482
1.0995133,0.8315482
1.0995283,0.8315482
1.0995433,0.8315482
1.0995584,0.8315482
1.0995734,0.7853174
1.0995884,0.7853174
1.0996034,0.7853174
1.0996184,0.7853174
1.0996335,0.7390857
1.0996485,0.7390857
1.0996635,0.7390857
1.0996785,0.7390857
1.0996935,0.6928544
1.0997086,0.6928544
1.0997236,0.6928544
1.0997386,0.6928544
1.0997536,0.6928544
1.0997686,0.64662313
1.0997837,0.64662313
1.0997987,0.64662313
1.0998137,0.64662313
1.0998287,0.60039186
1.0998437,0.60039186
1.0998588,0.60039186
1.0998738,0.60039186
1.0998888,0.60039186
1.0999038,0.5541601
1.0999188,0.5541601
1.0999339,0.5541601
1.0999489,0.5541601
1.0999639,0.50792885
1.0999789,0.50792885
1.099994,0.50792885
1.100009,0.50792885
1.100024,0.46169758
1.100039,0.46169758
1.100054,0.46169758
1.100069,0.46169758
1.1000841,0.46169758
1.1000991,0.4154663
1.1001141,0.4154663
1.1001291,0.4154663
1.1001441,0.4154663
1.1001592,0.36923456
1.1001742,0.36923456
1.1001892,0.36923456
1.1002042,0.36923456
1.1002192,0.36923456
1.1002343,0.3230033
1.1002493,0.3230033
1.1002643,0.3230033
1.1002793,0.3230033
1.1002944,0.27677202
1.1003094,0.27677202
1.1003244,0.27677202
1.1003394,0.27677202
1.1003544,0.23054075
1.1003695,0.23054075
1.1003845,0.23054075
1.1003995,0.23054075
1.1004145,0.23054075
1.1004295,0.184309
1.1004446,0.184309
1.1004596,0.184309
1.1004746,0.184309
1.1004896,0.13807821
1.1005046,0.13807821
1.1005197,0.13807821
1.1005347,0.13807821
1.1005497,0.13807821
1.1005647,0.091846466
1.1005797,0.091846466
1.1005948,0.091846466
1.1006098,0.091846466
1.1006248,0.045615196
1.1006399,0.045615196
1.100655,0.045615196
1.10067,0.045615196
1.100685,0.045615196
1.1007,-6.160736E-4
1.100715,-6.160736E-4
1.1007301,-6.160736E-4
1.1007451,-6.160736E-4
1.1007601,-0.046847343
1.1007751,-0.046847343
1.1007901,-0.046847343
1.1008052,-0.046847343
1.1008202,-0.09307861
1.1008352,-0.09307861
1.1008502,-0.09307861
1.1008652,-0.09307861
1.1008803,-0.09307861
1.1008953,-0.13931036
1.1009103,-0.13931036
1.1009253,-0.13931036
1.1009403,-0.13931036
1.1009554,-0.18554163
1.1009704,-0.18554163
1.1009854,-0.18554163
1.1010004,-0.18554163
1.1010154,-0.18554163
1.1010305,-0.2317729
1.1010455,-0.2317729
1.1010605,-0.2317729
1.1010755,-0.2317729
1.1010906,-0.27800417
1.1011056,-0.27800417
1.1011206,-0.27800417
1.1011356,-0.27800417
1.1011506,-0.27800417
1.1011657,-0.32423592
1.1011807,-0.32423592
1.1011957,-0.32423592
1.1012107,-0.32423592
1.1012257,-0.32423592
1.1012408,-0.3704667
1.1012558,-0.3704667
1.1012708,-0.3704667
1.1012858,-0.3704667
1.1013008,-0.41669846
1.1013159,-0.41669846
1.1013309,-0.41669846
1.1013459,-0.41669846
1.1013609,-0.41669846
1.1013759,-0.46292973
1.101391,-0.46292973
1.101406,-0.46292973
1.101421,-0.46292973
1.101436,-0.5091615
1.101451,-0.5091615
1.1014661,-0.5091615
1.1014811,-0.5091615
1.1014961,-0.5091615
1.1015111,-0.55539227
1.1015261,-0.55539227
1.1015412,-0.55539227
1.1015562,-0.55539227
1.1015712,-0.601624
1.1015862,-0.601624
1.1016012,-0.601624
1.1016163,-0.601624
1.1016313,-0.601624
1.1016463,-0.6478553
1.1016613,-0.6478553
1.1016763,-0.6478553
1.1016914,-0.6478553
1.1017064,-0.6478553
1.1017214,-0.694087
1.1017364,-0.694087
1.1017514,-0.694087
1.1017665,-0.694087
1.1017815,-0.7403178
1.1017965,-0.7403178
1.1018115,-0.7403178
1.1018265,-0.7403178
1.1018416,-0.7403178
1.1018566,-0.78654957
1.1018716,-0.78654957
1.1018866,-0.78654957
1.1019017,-0.78654957
1.1019167,-0.78654957
1.1019317,-0.83278084
1.1019467,-0.83278084
1.1019617,-0.83278084
1.1019768,-0.83278084
1.1019918,-0.8790121
1.1020068,-0.8790121
1.1020218,-0.8790121
1.1020368,-0.8790121
1.1020519,-0.8790121
1.1020669,-0.9252434
1.1020819,-0.9252434
1.1020969,-0.9252434
1.1021119,-0.9252434
1.102127,-0.9252434
1.102142,-0.9714751
1.102157,-0.9714751
1.102172,-0.9714751
1.102187,-0.9714751
1.102202,-0.9714751
1.1022171,-1.0177064
1.1022321,-1.0177064
1.1022471,-1.0177064
1.1022621,-1.0177064
1.1022772,-1.0639377
1.1022922,-1.0639377
1.1023072,-1.0639377
1.1023222,-1.0639377
1.1023372,-1.0639377
1.1023523,-1.1101689
1.1023673,-1.1101689
1.1023823,-1.1101689
1.1023973,-1.1101689
1.1024123,-1.1101689
1.1024274,-1.1564007
1.1024424,-1.1564007
1.1024574,-1.1564007
1.1024724,-1.1564007
1.1024874,-1.202632
1.1025025,-1.202632
1.1025175,-1.202632
1.1025325,-1.202632
1.1025475,-1.202632
1.1025625,-1.2488632
1.1025776,-1.2488632
1.1025926,-1.2488632
1.1026076,-1.2488632
1.1026226,-1.2488632
1.1026376,-1.2950945
1.1026527,-1.2950945
1.1026677,-1.2950945
1.1026827,-1.2950945
1.1026977,-1.2950945
1.1027128,-1.3413262
1.1027278,-1.3413262
1.1027428,-1.3413262
1.1027578,-1.3413262
1.1027728,-1.3413262
1.1027879,-1.387557
1.1028029,-1.387557
1.1028179,-1.387557
1.1028329,-1.387557
1.1028479,-1.387557
1.102863,-1.4337888
1.102878,-1.4337888
1.102893,-1.4337888
1.102908,-1.4337888
1.102923,-1.4337888
1.102938,-1.48002
1.1029531,-1.48002
1.1029681,-1.48002
1.1029831,-1.48002
1.1029981,-1.48002
1.1030132,-1.48002
1.1030282,-1.48002
1.1030432,-1.5262513
1.1030582,-1.5262513
1.1030732,-1.5262513
1.1030883,-1.5262513
1.1031033,-1.5262513
1.1031183,-1.5724826
1.1031333,-1.5724826
1.1031483,-1.5724826
1.1031634,-1.5724826
1.1031784,-1.5724826
1.1031934,-1.6187139
1.1032084,-1.6187139
1.1032234,-1.6187139
1.1032385,-1.6187139
1.1032535,-1.6187139
1.1032685,-1.6187139
1.1032835,-1.6187139
1.1032985,-1.6187139
1.1033136,-1.5724826
1.1033286,-1.5724826
1.1033436,-1.5724826
1.1033586,-1.5724826
1.1033736,-1.5724826
1.1033887,-1.5262513
1.1034037,-1.5262513
1.1034187,-1.5262513
1.1034337,-1.5262513
1.1034487,-1.5262513
1.1034638,-1.48002
1.1034788,-1.48002
1.1034938,-1.48002
1.1035088,-1.48002
1.1035239,-1.48002
1.1035389,-1.48002
1.1035539,-1.48002
1.1035689,-1.4337888
1.1035839,-1.4337888
1.103599,-1.4337888
1.103614,-1.4337888
1.103629,-1.387557
1.103644,-1.387557
1.103659,-1.387557
1.103674,-1.387557
1.1036891,-1.387557
1.1037041,-1.3413262
1.1037191,-1.3413262
1.1037341,-1.3413262
1.1037492,-1.3413262
1.1037642,-1.3413262
1.1037792,-1.2950945
1.1037942,-1.2950945
1.1038092,-1.2950945
1.1038243,-1.2950945
1.1038393,-1.2488632
1.1038543,-1.2488632
1.1038693,-1.2488632
1.1038843,-1.2488632
1.1038994,-1.2488632
1.1039144,-1.202632
1.1039294,-1.202632
1.1039444,-1.202632
1.1039594,-1.202632
1.1039745,-1.202632
1.1039895,-1.1564007
1.1040045,-1.1564007
1.1040195,-1.1564007
1.1040345,-1.1564007
1.1040496,-1.1101689
1.1040646,-1.1101689
1.1040796,-1.1101689
1.1040946,-1.1101689
1.1041096,-1.1101689
1.1041247,-1.0639377
1.1041397,-1.0639377
1.1041547,-1.0639377
1.1041698,-1.0639377
1.1041849,-1.0639377
1.1041999,-1.0177064
1.1042149,-1.0177064
1.1042299,-1.0177064
1.104245,-1.0177064
1.10426,-0.9714751
1.104275,-0.9714751
1.10429,-0.9714751
1.104305,-0.9714751
1.10432,-0.9714751
1.1043351,-0.9252434
1.1043501,-0.9252434
1.1043651,-0.9252434
1.1043801,-0.9252434
1.1043952,-0.8790121
1.1044102,-0.8790121
1.1044252,-0.8790121
1.1044402,-0.8790121
1.1044552,-0.8790121
1.1044703,-0.83278084
1.1044853,-0.83278084
1.1045003,-0.83278084
1.1045153,-0.83278084
1.1045303,-0.83278084
1.1045454,-0.78654957
1.1045604,-0.78654957
1.1045754,-0.78654957
1.1045904,-0.78654957
1.1046054,-0.7403178
1.1046205,-0.7403178
1.1046355,-0.7403178
1.1046505,-0.7403178
1.1046655,-0.7403178
1.1046805,-0.694087
1.1046956,-0.694087
1.1047106,-0.694087
1.1047256,-0.694087
1.1047406,-0.694087
1.1047556,-0.6478553
1.1047707,-0.6478553
1.1047857,-0.6478553
1.1048007,-0.6478553
1.1048157,-0.6478553
1.1048307,-0.601624
1.1048458,-0.601624
1.1048608,-0.601624
1.1048758,-0.601624
1.1048908,-0.55539227
1.1049058,-0.55539227
1.1049209,-0.55539227
1.1049359,-0.55539227
1.1049509,-0.55539227
1.1049659,-0.5091615
1.104981,-0.5091615
1.104996,-0.5091615
1.105011,-0.5091615
1.105026,-0.46292973
1.105041,-0.46292973
1.105056,-0.46292973
1.1050711,-0.46292973
1.1050861,-0.46292973
1.1051011,-0.41669846
1.1051161,-0.41669846
1.1051311,-0.41669846
1.1051462,-0.41669846
1.1051612,-0.41669846
1.1051762,-0.3704667
1.1051912,-0.3704667
1.1052063,-0.3704667
1.1052213,-0.3704667
1.1052363,-0.32423592
1.1052513,-0.32423592
1.1052663,-0.32423592
1.1052814,-0.32423592
1.1052964,-0.32423592
1.1053114,-0.27800417
1.1053264,-0.27800417
1.1053414,-0.27800417
1.1053565,-0.27800417
1.1053715,-0.27800417
1.1053865,-0.2317729
1.1054015,-0.2317729
1.1054165,-0.2317729
1.1054316,-0.2317729
1.1054466,-0.18554163
1.1054616,-0.18554163
1.1054766,-0.18554163
1.1054916,-0.18554163
1.1055067,-0.18554163
1.1055217,-0.13931036
1.1055367,-0.13931036
1.1055517,-0.13931036
1.1055667,-0.13931036
1.1055818,-0.13931036
1.1055968,-0.09307861
1.1056118,-0.09307861
1.1056268,-0.09307861
1.1056418,-0.09307861
1.1056569,-0.046847343
1.1056719,-0.046847343
1.1056869,-0.046847343
1.1057019,-0.046847343
1.105717,-0.046847343
1.105732,-6.160736E-4
1.105747,-6.160736E-4
1.105762,-6.160736E-4
1.105777,-6.160736E-4
1.105792,0.045615196
1.1058071,0.045615196
1.1058221,0.045615196
1.1058371,0.045615196
1.1058521,0.045615196
1.1058671,0.091846466
1.1058822,0.091846466
1.1058972,0.091846466
1.1059122,0.091846466
1.1059272,0.091846466
1.1059422,0.13807821
1.1059573,0.13807821
1.1059723,0.13807821
1.1059873,0.13807821
1.1060023,0.184309
1.1060174,0.184309
1.1060324,0.184309
1.1060474,0.184309
1.1060624,0.184309
1.1060774,0.23054075
1.1060925,0.23054075
1.1061075,0.23054075
1.1061225,0.23054075
1.1061375,0.23054075
1.1061525,0.27677202
1.1061676,0.27677202
1.1061826,0.27677202
1.1061976,0.27677202
1.1062126,0.27677202
1.1062276,0.3230033
1.1062427,0.3230033
1.1062577,0.3230033
1.1062727,0.3230033
1.1062877,0.36923456
1.1063027,0.36923456
1.1063178,0.36923456
1.1063328,0.36923456
1.1063478,0.36923456
1.1063628,0.4154663
1.1063778,0.4154663
1.1063929,0.4154663
1.1064079,0.4154663
1.1064229,0.4154663
1.1064379,0.46169758
1.106453,0.46169758
1.106468,0.46169758
1.106483,0.46169758
1.106498,0.50792885
1.106513,0.50792885
1.106528,0.50792885
1.1065431,0.50792885
1.1065581,0.50792885
1.1065731,0.5541601
1.1065881,0.5541601
1.1066031,0.5541601
1.1066182,0.5541601
1.1066332,0.5541601
1.1066482,0.60039186
1.1066632,0.60039186
1.1066782,0.60039186
1.1066933,0.60039186
1.1067083,0.60039186
1.1067233,0.64662313
1.1067383,0.64662313
1.1067533,0.64662313
1.1067684,0.64662313
1.1067834,0.64662313
1.1067984,0.6928544
1.1068134,0.6928544
1.1068285,0.6928544
1.1068435,0.6928544
1.1068585,0.7390857
1.1068735,0.7390857
1.1068885,0.7390857
1.1069036,0.7390857
1.1069186,0.7390857
1.1069336,0.7853174
1.1069486,0.7853174
1.1069636,0.7853174
1.1069787,0.7853174
1.1069937,0.7853174
1.1070087,0.8315482
1.1070237,0.8315482
1.1070387,0.8315482
1.1070538,0.8315482
1.1070688,0.8315482
1.1070838,0.87777996
1.1070988,0.87777996
1.1071138,0.87777996
1.1071289,0.87777996
1.1071439,0.87777996
1.1071589,0.92401123
1.1071739,0.92401123
1.1071889,0.92401123
1.107204,0.92401123
1.107219,0.970243
1.107234,0.970243
1.107249,0.970243
1.107264,0.970243
1.1072791,0.970243
1.1072941,1.0164738
1.1073091,1.0164738
1.1073241,1.0164738
1.1073391,1.0164738
1.1073542,1.0164738
1.1073692,1.0627055
1.1073842,1.0627055
1.1073992,1.0627055
1.1074142,1.0627055
1.1074293,1.0627055
1.1074443,1.1089368
1.1074593,1.1089368
1.1074743,1.1089368
1.1074893,1.1089368
1.1075044,1.1089368
1.1075194,1.1551685
1.1075344,1.1551685
1.1075494,1.1551685
1.1075644,1.1551685
1.1075795,1.1551685
1.1075945,1.2013993
1.1076095,1.2013993
1.1076245,1.2013993
1.1076396,1.2013993
1.1076546,1.2013993
1.1076696,1.2476311
1.1076847,1.2476311
1.1076998,1.2476311
1.1077148,1.2476311
1.1077298,1.2476311
1.1077448,1.2938623
1.1077598,1.2938623
1.1077749,1.2938623
1.1077899,1.2938623
1.1078049,1.2938623
1.1078199,1.3400936
1.1078349,1.3400936
1.10785,1.3400936
1.107865,1.3400936
1.10788,1.3400936
1.107895,1.3863249
1.10791,1.3863249
1.107925,1.3863249
1.1079401,1.3863249
1.1079551,1.3863249
1.1079701,1.4325566
1.1079851,1.4325566
1.1080002,1.4325566
1.1080152,1.4325566
1.1080302,1.4325566
1.1080452,1.4787879
1.1080602,1.4787879
1.1080753,1.4787879
1.1080903,1.4787879
1.1081053,1.4787879
1.1081203,1.4787879
1.1081353,1.4787879
1.1081504,1.5250192
1.1081654,1.5250192
1.1081804,1.5250192
1.1081954,1.5250192
1.1082104,1.5250192
1.1082255,1.5250192
1.1082405,1.5712504
1.1082555,1.5712504
1.1082705,1.5712504
1.1082855,1.5712504
1.1083006,1.5712504
1.1083156,1.6174817
1.1083306,1.6174817
1.1083456,1.6174817
1.1083606,1.6174817
1.1083757,1.6174817
1.1083907,1.6637135
1.1084057,1.6637135
1.1084207,1.6637135
1.1084358,1.6637135
1.1084508,1.6637135
1.1084658,1.7099442
1.1084808,1.7099442
1.1084958,1.7099442
1.1085109,1.7099442
1.1085259,1.7099442
1.1085409,1.756176
1.1085559,1.756176
1.1085709,1.756176
1.108586,1.756176
1.108601,1.756176
1.108616,1.756176
1.108631,1.756176
1.108646,1.7099442
1.108661,1.7099442
1.1086761,1.7099442
1.1086911,1.7099442
1.1087061,1.6637135
1.1087211,1.6637135
1.1087362,1.6637135
1.1087512,1.6637135
1.1087662,1.6637135
1.1087812,1.6174817
1.1087962,1.6174817
1.1088113,1.6174817
1.1088263,1.6174817
1.1088413,1.5712504
1.1088563,1.5712504
1.1088713,1.5712504
1.1088864,1.5712504
1.1089014,1.5250192
1.1089164,1.5250192
1.1089314,1.5250192
1.1089464,1.5250192
1.1089615,1.5250192
1.1089765,1.4787879
1.1089915,1.4787879
1.1090065,1.4787879
1.1090215,1.4787879
1.1090366,1.4787879
1.1090516,1.4787879
1.1090666,1.4325566
1.1090816,1.4325566
1.1090966,1.4325566
1.1091117,1.4325566
1.1091267,1.4325566
1.1091417,1.3863249
1.1091567,1.3863249
1.1091717,1.3863249
1.1091868,1.3863249
1.1092018,1.3400936
1.1092168,1.3400936
1.1092318,1.3400936
1.1092469,1.3400936
1.1092619,1.3400936
1.1092769,1.2938623
1.1092919,1.2938623
1.1093069,1.2938623
1.109322,1.2938623
1.109337,1.2476311
1.109352,1.2476311
1.109367,1.2476311
1.109382,1.2476311
1.109397,1.2476311
1.1094121,1.2013993
1.1094271,1.2013993
1.1094421,1.2013993
1.1094571,1.2013993
1.1094722,1.1551685
1.1094872,1.1551685
1.1095022,1.1551685
1.1095172,1.1551685
1.1095322,1.1551685
1.1095473,1.1089368
1.1095623,1.1089368
1.1095773,1.1089368
1.1095923,1.1089368
1.1096073,1.0627055
1.1096224,1.0627055
1.1096374,1.0627055
1.1096524,1.0627055
1.1096674,1.0164738
1.1096824,1.0164738
1.1096975,1.0164738
1.1097125,1.0164738
1.1097275,0.970243
1.1097425,0.970243
1.1097575,0.970243
1.1097726,0.970243
1.1097876,0.970243
1.1098026,0.92401123
1.1098176,0.92401123
1.1098326,0.92401123
1.1098477,0.92401123
1.1098627,0.87777996
1.1098777,0.87777996
1.1098927,0.87777996
1.1099077,0.87777996
1.1099228,0.87777996
1.1099378,0.8315482
1.1099528,0.8315482
1.1099678,0.8315482
1.1099828,0.8315482
1.1099979,0.7853174
1.1100129,0.7853174
1.1100279,0.7853174
1.1100429,0.7853174
1.110058,0.7853174
1.110073,0.7390857
1.110088,0.7390857
1.110103,0.7390857
1.110118,0.7390857
1.110133,0.6928544
1.1101481,0.6928544
1.1101631,0.6928544
1.1101781,0.6928544
1.1101931,0.64662313
1.1102082,0.64662313
1.1102232,0.64662313
1.1102382,0.64662313
1.1102532,0.64662313
1.1102682,0.60039186
1.1102833,0.60039186
1.1102983,0.60039186
1.1103133,0.60039186
1.1103283,0.5541601
1.1103433,0.5541601
1.1103584,0.5541601
1.1103734,0.5541601
1.1103884,0.5541601
1.1104034,0.50792885
1.1104184,0.50792885
1.1104335,0.50792885
1.1104485,0.50792885
1.1104635,0.46169758
1.1104785,0.46169758
1.1104935,0.46169758
1.1105086,0.46169758
1.1105236,0.46169758
1.1105386,0.4154663
1.1105536,0.4154663
1.1105686,0.4154663
1.1105837,0.4154663
1.1105987,0.36923456
1.1106137,0.36923456
1.1106287,0.36923456
1.1106437,0.36923456
1.1106588,0.3230033
1.1106738,0.3230033
1.1106888,0.3230033
1.1107038,0.3230033
1.1107188,0.3230033
1.1107339,0.27677202
1.1107489,0.27677202
1.1107639,0.27677202
1.1107789,0.27677202
1.110794,0.23054075
1.110809,0.23054075
1.110824,0.23054075
1.110839,0.23054075
1.110854,0.23054075
1.110869,0.184309
1.1108841,0.184309
1.1108991,0.184309
1.1109141,0.184309
1.1109291,0.13807821
1.1109442,0.13807821
1.1109592,0.13807821
1.1109742,0.13807821
1.1109892,0.13807821
1.1110042,0.091846466
1.1110193,0.091846466
1.1110343,0.091846466
1.1110493,0.091846466
1.1110643,0.045615196
1.1110793,0.045615196
1.1110944,0.045615196
1.1111094,0.045615196
1.1111244,0.045615196
1.1111394,-6.160736E-4
1.1111544,-6.160736E-4
1.1111695,-6.160736E-4
1.1111845,-0.046847343
1.1111995,-0.046847343
1.1112146,-0.046847343
1.1112297,-0.046847343
1.1112447,-0.046847343
1.1112597,-0.09307861
1.1112747,-0.09307861
1.1112897,-0.09307861
1.1113048,-0.09307861
1.1113198,-0.09307861
1.1113348,-0.13931036
1.1113498,-0.13931036
1.1113648,-0.13931036
1.1113799,-0.13931036
1.1113949,-0.18554163
1.1114099,-0.18554163
1.1114249,-0.18554163
1.11144,-0.18554163
1.111455,-0.2317729
1.11147,-0.2317729
1.111485,-0.2317729
1.1115,-0.2317729
1.111515,-0.2317729
1.1115301,-0.27800417
1.1115451,-0.27800417
1.1115601,-0.27800417
1.1115751,-0.27800417
1.1115901,-0.27800417
1.1116052,-0.32423592
1.1116202,-0.32423592
1.1116352,-0.32423592
1.1116502,-0.32423592
1.1116652,-0.3704667
1.1116803,-0.3704667
1.1116953,-0.3704667
1.1117103,-0.3704667
1.1117253,-0.3704667
1.1117404,-0.41669846
1.1117554,-0.41669846
1.1117704,-0.41669846
1.1117854,-0.41669846
1.1118004,-0.46292973
1.1118155,-0.46292973
1.1118305,-0.46292973
1.1118455,-0.46292973
1.1118605,-0.46292973
1.1118755,-0.5091615
1.1118906,-0.5091615
1.1119056,-0.5091615
1.1119206,-0.5091615
1.1119356,-0.55539227
1.1119506,-0.55539227
1.1119657,-0.55539227
1.1119807,-0.55539227
1.1119957,-0.55539227
1.1120107,-0.601624
1.1120257,-0.601624
1.1120408,-0.601624
1.1120558,-0.601624
1.1120708,-0.601624
1.1120858,-0.6478553
1.1121008,-0.6478553
1.1121159,-0.6478553
1.1121309,-0.6478553
1.1121459,-0.694087
1.1121609,-0.694087
1.112176,-0.694087
1.112191,-0.694087
1.112206,-0.694087
1.112221,-0.7403178
1.112236,-0.7403178
1.112251,-0.7403178
1.1122661,-0.7403178
1.1122811,-0.7403178
1.1122961,-0.78654957
1.1123111,-0.78654957
1.1123261,-0.78654957
1.1123412,-0.78654957
1.1123562,-0.83278084
1.1123712,-0.83278084
1.1123862,-0.83278084
1.1124012,-0.83278084
1.1124163,-0.83278084
1.1124313,-0.8790121
1.1124463,-0.8790121
1.1124613,-0.8790121
1.1124763,-0.8790121
1.1124914,-0.8790121
1.1125064,-0.9252434
1.1125214,-0.9252434
1.1125364,-0.9252434
1.1125515,-0.9252434
1.1125665,-0.9252434
1.1125815,-0.9714751
1.1125965,-0.9714751
1.1126115,-0.9714751
1.1126266,-0.9714751
1.1126416,-1.0177064
1.1126566,-1.0177064
1.1126716,-1.0177064
1.1126866,-1.0177064
1.1127017,-1.0177064
1.1127167,-1.0639377
1.1127317,-1.0639377
1.1127467,-1.0639377
1.1127617,-1.0639377
1.1127768,-1.0639377
1.1127918,-1.1101689
1.1128068,-1.1101689
1.1128218,-1.1101689
1.1128368,-1.1101689
1.1128519,-1.1564007
1.1128669,-1.1564007
1.1128819,-1.1564007
1.1128969,-1.1564007
1.1129119,-1.1564007
1.112927,-1.202632
1.112942,-1.202632
1.112957,-1.202632
1.112972,-1.202632
1.112987,-1.202632
1.1130021,-1.2488632
1.1130171,-1.2488632
1.1130321,-1.2488632
1.1130471,-1.2488632
1.1130621,-1.2488632
1.1130772,-1.2950945
1.1130922,-1.2950945
1.1131072,-1.2950945
1.1131222,-1.2950945
1.1131372,-1.2950945
1.1131523,-1.3413262
1.1131673,-1.3413262
1.1131823,-1.3413262
1.1131973,-1.3413262
1.1132123,-1.3413262
1.1132274,-1.387557
1.1132424,-1.387557
1.1132574,-1.387557
1.1132724,-1.387557
1.1132874,-1.4337888
1.1133025,-1.4337888
1.1133175,-1.4337888
1.1133325,-1.4337888
1.1133475,-1.4337888
1.1133626,-1.48002
1.1133776,-1.48002
1.1133926,-1.48002
1.1134076,-1.48002
1.1134226,-1.48002
1.1134377,-1.48002
1.1134527,-1.48002
1.1134677,-1.48002
1.1134827,-1.5262513
1.1134977,-1.5262513
1.1135128,-1.5262513
1.1135278,-1.5262513
1.1135428,-1.5262513
1.1135578,-1.5724826
1.1135728,-1.5724826
1.1135879,-1.5724826
1.1136029,-1.5724826
1.1136179,-1.5724826
1.1136329,-1.6187139
1.1136479,-1.6187139
1.113663,-1.6187139
1.113678,-1.6187139
1.113693,-1.6187139
1.113708,-1.6187139
1.113723,-1.6187139
1.1137381,-1.6187139
1.1137531,-1.5724826
1.1137681,-1.5724826
1.1137831,-1.5724826
1.1137981,-1.5724826
1.1138132,-1.5724826
1.1138282,-1.5262513
1.1138432,-1.5262513
1.1138582,-1.5262513
1.1138732,-1.5262513
1.1138883,-1.48002
1.1139033,-1.48002
1.1139183,-1.48002
1.1139333,-1.48002
1.1139483,-1.48002
1.1139634,-1.48002
1.1139784,-1.48002
1.1139934,-1.4337888
1.1140084,-1.4337888
1.1140234,-1.4337888
1.1140385,-1.4337888
1.1140535,-1.4337888
1.1140685,-1.387557
1.1140835,-1.387557
1.1140985,-1.387557
1.1141136,-1.387557
1.1141286,-1.387557
1.1141436,-1.3413262
1.1141586,-1.3413262
1.1141737,-1.3413262
1.1141887,-1.3413262
1.1142037,-1.2950945
1.1142187,-1.2950945
1.1142337,-1.2950945
1.1142488,-1.2950945
1.1142638,-1.2950945
1.1142788,-1.2488632
1.1142938,-1.2488632
1.1143088,-1.2488632
1.1143239,-1.2488632
1.1143389,-1.2488632
1.1143539,-1.202632
1.1143689,-1.202632
1.1143839,-1.202632
1.114399,-1.202632
1.114414,-1.1564007
1.114429,-1.1564007
1.114444,-1.1564007
1.114459,-1.1564007
1.114474,-1.1564007
1.1144891,-1.1101689
1.1145041,-1.1101689
1.1145191,-1.1101689
1.1145341,-1.1101689
1.1145492,-1.0639377
1.1145642,-1.0639377
1.1145792,-1.0639377
1.1145942,-1.0639377
1.1146092,-1.0639377
1.1146243,-1.0177064
1.1146393,-1.0177064
1.1146543,-1.0177064
1.1146693,-1.0177064
1.1146843,-1.0177064
1.1146994,-0.9714751
1.1147144,-0.9714751
1.1147295,-0.9714751
1.1147445,-0.9714751
1.1147596,-0.9714751
1.1147746,-0.9252434
1.1147896,-0.9252434
1.1148046,-0.9252434
1.1148196,-0.9252434
1.1148347,-0.8790121
1.1148497,-0.8790121
1.1148647,-0.8790121
1.1148797,-0.8790121
1.1148947,-0.8790121
1.1149098,-0.83278084
1.1149248,-0.83278084
1.1149398,-0.83278084
1.1149548,-0.83278084
1.1149698,-0.78654957
1.1149849,-0.78654957
1.1149999,-0.78654957
1.1150149,-0.78654957
1.1150299,-0.78654957
1.115045,-0.7403178
1.11506,-0.7403178
1.115075,-0.7403178
1.11509,-0.7403178
1.115105,-0.7403178
1.11512,-0.694087
1.1151351,-0.694087
1.1151501,-0.694087
1.1151651,-0.694087
1.1151801,-0.6478553
1.1151952,-0.6478553
1.1152102,-0.6478553
1.1152252,-0.6478553
1.1152402,-0.6478553
1.1152552,-0.601624
1.1152703,-0.601624
1.1152853,-0.601624
1.1153003,-0.601624
1.1153153,-0.601624
1.1153303,-0.55539227
1.1153454,-0.55539227
1.1153604,-0.55539227
1.1153754,-0.55539227
1.1153904,-0.55539227
1.1154054,-0.5091615
1.1154205,-0.5091615
1.1154355,-0.5091615
1.1154505,-0.5091615
1.1154655,-0.46292973
1.1154805,-0.46292973
1.1154956,-0.46292973
1.1155106,-0.46292973
1.1155256,-0.46292973
1.1155406,-0.41669846
1.1155556,-0.41669846
1.1155707,-0.41669846
1.1155857,-0.41669846
1.1156007,-0.3704667
1.1156157,-0.3704667
1.1156307,-0.3704667
1.1156458,-0.3704667
1.1156608,-0.3704667
1.1156758,-0.32423592
1.1156908,-0.32423592
1.1157058,-0.32423592
1.1157209,-0.32423592
1.1157359,-0.32423592
1.1157509,-0.27800417
1.1157659,-0.27800417
1.115781,-0.27800417
1.115796,-0.27800417
1.115811,-0.2317729
1.115826,-0.2317729
1.115841,-0.2317729
1.115856,-0.2317729
1.1158711,-0.2317729
1.1158861,-0.18554163
1.1159011,-0.18554163
1.1159161,-0.18554163
1.1159312,-0.18554163
1.1159462,-0.18554163
1.1159612,-0.13931036
1.1159762,-0.13931036
1.1159912,-0.13931036
1.1160063,-0.13931036
1.1160213,-0.09307861
1.1160363,-0.09307861
1.1160513,-0.09307861
1.1160663,-0.09307861
1.1160814,-0.09307861
1.1160964,-0.046847343
1.1161114,-0.046847343
1.1161264,-0.046847343
1.1161414,-0.046847343
1.1161565,-0.046847343
1.1161715,-6.160736E-4
1.1161865,-6.160736E-4
1.1162015,-6.160736E-4
1.1162165,-6.160736E-4
1.1162316,0.045615196
1.1162466,0.045615196
1.1162616,0.045615196
1.1162766,0.045615196
1.1162916,0.045615196
1.1163067,0.091846466
1.1163217,0.091846466
1.1163367,0.091846466
1.1163517,0.091846466
1.1163667,0.13807821
1.1163818,0.13807821
1.1163968,0.13807821
1.1164118,0.13807821
1.1164268,0.13807821
1.1164418,0.184309
1.1164569,0.184309
1.1164719,0.184309
1.1164869,0.184309
1.1165019,0.184309
1.116517,0.23054075
1.116532,0.23054075
1.116547,0.23054075
1.116562,0.23054075
1.116577,0.27677202
1.116592,0.27677202
1.1166071,0.27677202
1.1166221,0.27677202
1.1166371,0.27677202
1.1166521,0.3230033
1.1166672,0.3230033
1.1166822,0.3230033
1.1166972,0.3230033
1.1167122,0.3230033
1.1167272,0.36923456
1.1167423,0.36923456
1.1167573,0.36923456
1.1167723,0.36923456
1.1167873,0.4154663
1.1168023,0.4154663
1.1168174,0.4154663
1.1168324,0.4154663
1.1168474,0.4154663
1.1168624,0.46169758
1.1168774,0.46169758
1.1168925,0.46169758
1.1169075,0.46169758
1.1169225,0.46169758
1.1169375,0.50792885
1.1169525,0.50792885
1.1169676,0.50792885
1.1169826,0.50792885
1.1169976,0.50792885
1.1170126,0.5541601
1.1170276,0.5541601
1.1170427,0.5541601
1.1170577,0.5541601
1.1170727,0.5541601
1.1170877,0.60039186
1.1171027,0.60039186
1.1171178,0.60039186
1.1171328,0.60039186
1.1171478,0.64662313
1.1171628,0.64662313
1.1171778,0.64662313
1.1171929,0.64662313
1.1172079,0.64662313
1.1172229,0.6928544
1.1172379,0.6928544
1.117253,0.6928544
1.117268,0.6928544
1.117283,0.6928544
1.117298,0.7390857
1.117313,0.7390857
1.117328,0.7390857
1.1173431,0.7390857
1.1173581,0.7390857
1.1173731,0.7853174
1.1173881,0.7853174
1.1174031,0.7853174
1.1174182,0.7853174
1.1174332,0.7853174
1.1174482,0.8315482
1.1174632,0.8315482
1.1174783,0.8315482
1.1174933,0.8315482
1.1175083,0.87777996
1.1175233,0.87777996
1.1175383,0.87777996
1.1175534,0.87777996
1.1175684,0.87777996
1.1175834,0.92401123
1.1175984,0.92401123
1.1176134,0.92401123
1.1176285,0.92401123
1.1176435,0.92401123
1.1176585,0.970243
1.1176735,0.970243
1.1176885,0.970243
1.1177036,0.970243
1.1177186,0.970243
1.1177336,1.0164738
1.1177486,1.0164738
1.1177636,1.0164738
1.1177787,1.0164738
1.1177937,1.0164738
1.1178087,1.0627055
1.1178237,1.0627055
1.1178387,1.0627055
1.1178538,1.0627055
1.1178688,1.0627055
1.1178838,1.1089368
1.1178988,1.1089368
1.1179138,1.1089368
1.1179289,1.1089368
1.1179439,1.1089368
1.1179589,1.1551685
1.1179739,1.1551685
1.117989,1.1551685
1.118004,1.1551685
1.118019,1.1551685
1.118034,1.2013993
1.118049,1.2013993
1.118064,1.2013993
1.1180791,1.2013993
1.1180941,1.2476311
1.1181091,1.2476311
1.1181241,1.2476311
1.1181391,1.2476311
1.1181542,1.2476311
1.1181692,1.2476311
1.1181842,1.2938623
1.1181992,1.2938623
1.1182142,1.2938623
1.1182293,1.2938623
1.1182443,1.2938623
1.1182594,1.3400936
1.1182745,1.3400936
1.1182895,1.3400936
1.1183045,1.3400936
1.1183195,1.3863249
1.1183345,1.3863249
1.1183496,1.3863249
1.1183646,1.3863249
1.1183796,1.3863249
1.1183946,1.4325566
1.1184096,1.4325566
1.1184247,1.4325566
1.1184397,1.4325566
1.1184547,1.4325566
1.1184697,1.4787879
1.1184847,1.4787879
1.1184998,1.4787879
1.1185148,1.4787879
1.1185298,1.4787879
1.1185448,1.4787879
1.1185598,1.4787879
1.1185749,1.4787879
1.1185899,1.5250192
1.1186049,1.5250192
1.1186199,1.5250192
1.1186349,1.5250192
1.11865,1.5250192
1.118665,1.5712504
1.11868,1.5712504
1.118695,1.5712504
1.11871,1.5712504
1.1187251,1.5712504
1.1187401,1.6174817
1.1187551,1.6174817
1.1187701,1.6174817
1.1187851,1.6174817
1.1188002,1.6174817
1.1188152,1.6637135
1.1188302,1.6637135
1.1188452,1.6637135
1.1188602,1.6637135
1.1188753,1.6637135
1.1188903,1.7099442
1.1189053,1.7099442
1.1189203,1.7099442
1.1189353,1.7099442
1.1189504,1.7099442
1.1189654,1.7099442
1.1189804,1.756176
1.1189954,1.756176
1.1190104,1.756176
1.1190255,1.756176
1.1190405,1.756176
1.1190555,1.756176
1.1190705,1.756176
1.1190856,1.7099442
1.1191006,1.7099442
1.1191156,1.7099442
1.1191306,1.7099442
1.1191456,1.6637135
1.1191607,1.6637135
1.1191757,1.6637135
1.1191907,1.6637135
1.1192057,1.6174817
1.1192207,1.6174817
1.1192358,1.6174817
1.1192508,1.6174817
1.1192658,1.5712504
1.1192808,1.5712504
1.1192958,1.5712504
1.1193109,1.5712504
1.1193259,1.5712504
1.1193409,1.5250192
1.1193559,1.5250192
1.1193709,1.5250192
1.119386,1.5250192
1.119401,1.4787879
1.119416,1.4787879
1.119431,1.4787879
1.119446,1.4787879
1.119461,1.4787879
1.1194761,1.4787879
1.1194911,1.4787879
1.1195061,1.4325566
1.1195211,1.4325566
1.1195362,1.4325566
1.1195512,1.4325566
1.1195662,1.4325566
1.1195812,1.3863249
1.1195962,1.3863249
1.1196113,1.3863249
1.1196263,1.3863249
1.1196413,1.3400936
1.1196563,1.3400936
1.1196713,1.3400936
1.1196864,1.3400936
1.1197014,1.2938623
1.1197164,1.2938623
1.1197314,1.2938623
1.1197464,1.2938623
1.1197615,1.2938623
1.1197765,1.2476311
1.1197915,1.2476311
1.1198065,1.2476311
1.1198215,1.2476311
1.1198366,1.2013993
1.1198516,1.2013993
1.1198666,1.2013993
1.1198816,1.2013993
1.1198967,1.2013993
1.1199117,1.1551685
1.1199267,1.1551685
1.1199417,1.1551685
1.1199567,1.1551685
1.1199718,1.1089368
1.1199868,1.1089368
1.1200018,1.1089368
1.1200168,1.1089368
1.1200318,1.0627055
1.1200469,1.0627055
1.1200619,1.0627055
1.1200769,1.0627055
1.1200919,1.0627055
1.1201069,1.0164738
1.120122,1.0164738
1.120137,1.0164738
1.120152,1.0164738
1.120167,0.970243
1.120182,0.970243
1.120197,0.970243
1.1202121,0.970243
1.1202271,0.92401123
1.1202421,0.92401123
1.1202571,0.92401123
1.1202722,0.92401123
1.1202872,0.92401123
1.1203022,0.87777996
1.1203172,0.87777996
1.1203322,0.87777996
1.1203473,0.87777996
1.1203623,0.8315482
1.1203773,0.8315482
1.1203923,0.8315482
1.1204073,0.8315482
1.1204224,0.8315482
1.1204374,0.7853174
1.1204524,0.7853174
1.1204674,0.7853174
1.1204824,0.7853174
1.1204975,0.7390857
1.1205125,0.7390857
1.1205275,0.7390857
1.1205425,0.7390857
1.1205575,0.7390857
1.1205726,0.6928544
1.1205876,0.6928544
1.1206026,0.6928544
1.1206176,0.6928544
1.1206326,0.64662313
1.1206477,0.64662313
1.1206627,0.64662313
1.1206777,0.64662313
1.1206927,0.60039186
1.1207078,0.60039186
1.1207228,0.60039186
1.1207378,0.60039186
1.1207528,0.60039186
1.1207678,0.5541601
1.1207829,0.5541601
1.1207979,0.5541601
1.1208129,0.5541601
1.1208279,0.50792885
1.1208429,0.50792885
1.120858,0.50792885
1.120873,0.50792885
1.120888,0.50792885
1.120903,0.46169758
1.120918,0.46169758
1.120933,0.46169758
1.1209481,0.46169758
1.1209631,0.4154663
1.1209781,0.4154663
1.1209931,0.4154663
1.1210082,0.4154663
1.1210232,0.4154663
1.1210382,0.36923456
1.1210532,0.36923456
1.1210682,0.36923456
1.1210833,0.36923456
1.1210983,0.3230033
1.1211133,0.3230033
1.1211283,0.3230033
1.1211433,0.3230033
1.1211584,0.27677202
1.1211734,0.27677202
1.1211884,0.27677202
1.1212034,0.27677202
1.1212184,0.27677202
1.1212335,0.23054075
1.1212485,0.23054075
1.1212635,0.23054075
1.1212785,0.23054075
1.1212935,0.184309
1.1213086,0.184309
1.1213236,0.184309
1.1213386,0.184309
1.1213536,0.184309
1.1213686,0.13807821
1.1213837,0.13807821
1.1213987,0.13807821
1.1214137,0.13807821
1.1214287,0.091846466
1.1214437,0.091846466
1.1214588,0.091846466
1.1214738,0.091846466
1.1214888,0.091846466
1.1215038,0.045615196
1.1215189,0.045615196
1.1215339,0.045615196
1.1215489,0.045615196
1.1215639,-6.160736E-4
1.1215789,-6.160736E-4
1.121594,-6.160736E-4
1.121609,-6.160736E-4
1.121624,-0.046847343
1.121639,-0.046847343
1.121654,-0.046847343
1.121669,-0.046847343
1.1216841,-0.046847343
1.1216991,-0.09307861
1.1217141,-0.09307861
1.1217291,-0.09307861
1.1217442,-0.09307861
1.1217592,-0.13931036
1.1217743,-0.13931036
1.1217893,-0.13931036
1.1218044,-0.13931036
1.1218194,-0.13931036
1.1218344,-0.18554163
1.1218494,-0.18554163
1.1218644,-0.18554163
1.1218795,-0.18554163
1.1218945,-0.2317729
1.1219095,-0.2317729
1.1219245,-0.2317729
1.1219395,-0.2317729
1.1219546,-0.2317729
1.1219696,-0.27800417
1.1219846,-0.27800417
1.1219996,-0.27800417
1.1220146,-0.27800417
1.1220297,-0.32423592
1.1220447,-0.32423592
1.1220597,-0.32423592
1.1220747,-0.32423592
1.1220897,-0.32423592
1.1221048,-0.3704667
1.1221198,-0.3704667
1.1221348,-0.3704667
1.1221498,-0.3704667
1.1221648,-0.41669846
1.1221799,-0.41669846
1.1221949,-0.41669846
1.1222099,-0.41669846
1.1222249,-0.41669846
1.12224,-0.46292973
1.122255,-0.46292973
1.12227,-0.46292973
1.122285,-0.46292973
1.1223,-0.5091615
1.122315,-0.5091615
1.1223301,-0.5091615
1.1223451,-0.5091615
1.1223601,-0.5091615
1.1223751,-0.55539227
1.1223902,-0.55539227
1.1224052,-0.55539227
1.1224202,-0.55539227
1.1224352,-0.55539227
1.1224502,-0.601624
1.1224653,-0.601624
1.1224803,-0.601624
1.1224953,-0.601624
1.1225103,-0.6478553
1.1225253,-0.6478553
1.1225404,-0.6478553
1.1225554,-0.6478553
1.1225704,-0.6478553
1.1225854,-0.694087
1.1226004,-0.694087
1.1226155,-0.694087
1.1226305,-0.694087
1.1226455,-0.694087
1.1226605,-0.7403178
1.1226755,-0.7403178
1.1226906,-0.7403178
1.1227056,-0.7403178
1.1227206,-0.78654957
1.1227356,-0.78654957
1.1227506,-0.78654957
1.1227657,-0.78654957
1.1227807,-0.78654957
1.1227957,-0.83278084
1.1228107,-0.83278084
1.1228257,-0.83278084
1.1228408,-0.83278084
1.1228558,-0.83278084
1.1228708,-0.8790121
1.1228858,-0.8790121
1.1229008,-0.8790121
1.1229159,-0.8790121
1.1229309,-0.9252434
1.1229459,-0.9252434
1.1229609,-0.9252434
1.122976,-0.9252434
1.122991,-0.9252434
1.123006,-0.9714751
1.123021,-0.9714751
1.123036,-0.9714751
1.123051,-0.9714751
1.1230661,-0.9714751
1.1230811,-1.0177064
1.1230961,-1.0177064
1.1231111,-1.0177064
1.1231261,-1.0177064
1.1231412,-1.0177064
1.1231562,-1.0639377
1.1231712,-1.0639377
1.1231862,-1.0639377
1.1232013,-1.0639377
1.1232163,-1.1101689
1.1232313,-1.1101689
1.1232463,-1.1101689
1.1232613,-1.1101689
1.1232764,-1.1101689
1.1232914,-1.1564007
1.1233064,-1.1564007
1.1233214,-1.1564007
1.1233364,-1.1564007
1.1233515,-1.1564007
1.1233665,-1.202632
1.1233815,-1.202632
1.1233965,-1.202632
1.1234115,-1.202632
1.1234266,-1.202632
1.1234416,-1.2488632
1.1234566,-1.2488632
1.1234716,-1.2488632
1.1234866,-1.2488632
1.1235017,-1.2950945
1.1235167,-1.2950945
1.1235317,-1.2950945
1.1235467,-1.2950945
1.1235617,-1.2950945
1.1235768,-1.3413262
1.1235918,-1.3413262
1.1236068,-1.3413262
1.1236218,-1.3413262
1.1236368,-1.3413262
1.1236519,-1.387557
1.1236669,-1.387557
1.1236819,-1.387557
1.1236969,-1.387557
1.123712,-1.387557
1.123727,-1.4337888
1.123742,-1.4337888
1.123757,-1.4337888
1.123772,-1.4337888
1.123787,-1.4337888
1.1238021,-1.48002
1.1238171,-1.48002
1.1238321,-1.48002
1.1238471,-1.48002
1.1238621,-1.48002
1.1238772,-1.48002
1.1238922,-1.48002
1.1239072,-1.48002
1.1239222,-1.5262513
1.1239372,-1.5262513
1.1239523,-1.5262513
1.1239673,-1.5262513
1.1239823,-1.5724826
1.1239973,-1.5724826
1.1240124,-1.5724826
1.1240274,-1.5724826
1.1240424,-1.5724826
1.1240574,-1.6187139
1.1240724,-1.6187139
1.1240875,-1.6187139
1.1241025,-1.6187139
1.1241175,-1.6187139
1.1241325,-1.6187139
1.1241475,-1.6187139
1.1241626,-1.6187139
1.1241776,-1.6187139
1.1241926,-1.5724826
1.1242076,-1.5724826
1.1242226,-1.5724826
1.1242377,-1.5724826
1.1242527,-1.5262513
1.1242677,-1.5262513
1.1242827,-1.5262513
1.1242977,-1.5262513
1.1243128,-1.5262513
1.1243278,-1.48002
1.1243428,-1.48002
1.1243578,-1.48002
1.1243728,-1.48002
1.1243879,-1.48002
1.1244029,-1.48002
1.1244179,-1.48002
1.1244329,-1.4337888
1.124448,-1.4337888
1.124463,-1.4337888
1.124478,-1.4337888
1.124493,-1.4337888
1.124508,-1.387557
1.124523,-1.387557
1.1245381,-1.387557
1.1245531,-1.387557
1.1245681,-1.3413262
1.1245831,-1.3413262
1.1245981,-1.3413262
1.1246132,-1.3413262
1.1246282,-1.3413262
1.1246432,-1.2950945
1.1246582,-1.2950945
1.1246732,-1.2950945
1.1246883,-1.2950945
1.1247033,-1.2950945
1.1247183,-1.2488632
1.1247333,-1.2488632
1.1247483,-1.2488632
1.1247634,-1.2488632
1.1247784,-1.202632
1.1247934,-1.202632
1.1248084,-1.202632
1.1248235,-1.202632
1.1248385,-1.202632
1.1248535,-1.1564007
1.1248685,-1.1564007
1.1248835,-1.1564007
1.1248986,-1.1564007
1.1249136,-1.1564007
1.1249286,-1.1101689
1.1249436,-1.1101689
1.1249586,-1.1101689
1.1249737,-1.1101689
1.1249887,-1.0639377
1.1250037,-1.0639377
1.1250187,-1.0639377
1.1250337,-1.0639377
1.1250488,-1.0639377
1.1250638,-1.0177064
1.1250788,-1.0177064
1.1250938,-1.0177064
1.1251088,-1.0177064
1.1251239,-0.9714751
1.1251389,-0.9714751
1.1251539,-0.9714751
1.1251689,-0.9714751
1.1251839,-0.9714751
1.125199,-0.9252434
1.125214,-0.9252434
1.125229,-0.9252434
1.125244,-0.9252434
1.125259,-0.9252434
1.1252741,-0.8790121
1.1252891,-0.8790121
1.1253042,-0.8790121
1.1253192,-0.8790121
1.1253343,-0.83278084
1.1253493,-0.83278084
1.1253643,-0.83278084
1.1253793,-0.83278084
1.1253943,-0.83278084
1.1254094,-0.78654957
1.1254244,-0.78654957
1.1254394,-0.78654957
1.1254544,-0.78654957
1.1254694,-0.78654957
1.1254845,-0.7403178
1.1254995,-0.7403178
1.1255145,-0.7403178
1.1255295,-0.7403178
1.1255445,-0.694087
1.1255596,-0.694087
1.1255746,-0.694087
1.1255896,-0.694087
1.1256046,-0.694087
1.1256196,-0.6478553
1.1256347,-0.6478553
1.1256497,-0.6478553
1.1256647,-0.6478553
1.1256797,-0.6478553
1.1256948,-0.601624
1.1257098,-0.601624
1.1257248,-0.601624
1.1257398,-0.601624
1.1257548,-0.55539227
1.1257699,-0.55539227
1.1257849,-0.55539227
1.1257999,-0.55539227
1.1258149,-0.55539227
1.1258299,-0.5091615
1.125845,-0.5091615
1.12586,-0.5091615
1.125875,-0.5091615
1.12589,-0.5091615
1.125905,-0.46292973
1.12592,-0.46292973
1.1259351,-0.46292973
1.1259501,-0.46292973
1.1259651,-0.41669846
1.1259801,-0.41669846
1.1259952,-0.41669846
1.1260102,-0.41669846
1.1260252,-0.41669846
1.1260402,-0.3704667
1.1260552,-0.3704667
1.1260703,-0.3704667
1.1260853,-0.3704667
1.1261003,-0.32423592
1.1261153,-0.32423592
1.1261303,-0.32423592
1.1261454,-0.32423592
1.1261604,-0.32423592
1.1261754,-0.27800417
1.1261904,-0.27800417
1.1262054,-0.27800417
1.1262205,-0.27800417
1.1262355,-0.27800417
1.1262505,-0.2317729
1.1262655,-0.2317729
1.1262805,-0.2317729
1.1262956,-0.2317729
1.1263106,-0.2317729
1.1263256,-0.18554163
1.1263406,-0.18554163
1.1263556,-0.18554163
1.1263707,-0.18554163
1.1263857,-0.13931036
1.1264007,-0.13931036
1.1264157,-0.13931036
1.1264307,-0.13931036
1.1264458,-0.13931036
1.1264608,-0.09307861
1.1264758,-0.09307861
1.1264908,-0.09307861
1.1265059,-0.09307861
1.1265209,-0.09307861
1.1265359,-0.046847343
1.1265509,-0.046847343
1.1265659,-0.046847343
1.126581,-0.046847343
1.126596,-0.046847343
1.126611,-6.160736E-4
1.126626,-6.160736E-4
1.126641,-6.160736E-4
1.126656,0.045615196
1.1266711,0.045615196
1.1266861,0.045615196
1.1267011,0.045615196
1.1267161,0.045615196
1.1267312,0.091846466
1.1267462,0.091846466
1.1267612,0.091846466
1.1267762,0.091846466
1.1267912,0.091846466
1.1268063,0.13807821
1.1268213,0.13807821
1.1268363,0.13807821
1.1268513,0.13807821
1.1268663,0.13807821
1.1268814,0.184309
1.1268964,0.184309
1.1269114,0.184309
1.1269264,0.184309
1.1269414,0.23054075
1.1269565,0.23054075
1.1269715,0.23054075
1.1269865,0.23054075
1.1270015,0.23054075
1.1270165,0.27677202
1.1270316,0.27677202
1.1270466,0.27677202
1.1270616,0.27677202
1.1270766,0.27677202
1.1270916,0.3230033
1.1271067,0.3230033
1.1271217,0.3230033
1.1271367,0.3230033
1.1271517,0.3230033
1.1271667,0.36923456
1.1271818,0.36923456
1.1271968,0.36923456
1.1272118,0.36923456
1.1272268,0.4154663
1.1272418,0.4154663
1.1272569,0.4154663
1.1272719,0.4154663
1.1272869,0.4154663
1.1273019,0.46169758
1.127317,0.46169758
1.127332,0.46169758
1.127347,0.46169758
1.127362,0.46169758
1.127377,0.50792885
1.127392,0.50792885
1.1274071,0.50792885
1.1274221,0.50792885
1.1274371,0.5541601
1.1274521,0.5541601
1.1274672,0.5541601
1.1274822,0.5541601
1.1274972,0.5541601
1.1275122,0.60039186
1.1275272,0.60039186
1.1275423,0.60039186
1.1275573,0.60039186
1.1275723,0.60039186
1.1275873,0.64662313
1.1276023,0.64662313
1.1276174,0.64662313
1.1276324,0.64662313
1.1276474,0.64662313
1.1276624,0.6928544
1.1276774,0.6928544
1.1276925,0.6928544
1.1277075,0.6928544
1.1277225,0.6928544
1.1277375,0.7390857
1.1277525,0.7390857
1.1277676,0.7390857
1.1277826,0.7390857
1.1277976,0.7853174
1.1278126,0.7853174
1.1278276,0.7853174
1.1278427,0.7853174
1.1278577,0.7853174
1.1278727,0.8315482
1.1278877,0.8315482
1.1279027,0.8315482
1.1279178,0.8315482
1.1279328,0.8315482
1.1279478,0.87777996
1.1279628,0.87777996
1.1279778,0.87777996
1.1279929,0.87777996
1.1280079,0.87777996
1.1280229,0.92401123
1.1280379,0.92401123
1.128053,0.92401123
1.128068,0.92401123
1.128083,0.92401123
1.128098,0.970243
1.128113,0.970243
1.128128,0.970243
1.1281431,0.970243
1.1281581,0.970243
1.1281731,1.0164738
1.1281881,1.0164738
1.1282032,1.0164738
1.1282182,1.0164738
1.1282332,1.0627055
1.1282482,1.0627055
1.1282632,1.0627055
1.1282783,1.0627055
1.1282933,1.0627055
1.1283083,1.1089368
1.1283233,1.1089368
1.1283383,1.1089368
1.1283534,1.1089368
1.1283684,1.1089368
1.1283834,1.1551685
1.1283984,1.1551685
1.1284134,1.1551685
1.1284285,1.1551685
1.1284435,1.1551685
1.1284585,1.2013993
1.1284735,1.2013993
1.1284885,1.2013993
1.1285036,1.2013993
1.1285186,1.2013993
1.1285336,1.2476311
1.1285486,1.2476311
1.1285636,1.2476311
1.1285787,1.2476311
1.1285937,1.2476311
1.1286087,1.2938623
1.1286237,1.2938623
1.1286387,1.2938623
1.1286538,1.2938623
1.1286688,1.2938623
1.1286838,1.3400936
1.1286988,1.3400936
1.1287138,1.3400936
1.1287289,1.3400936
1.1287439,1.3400936
1.1287589,1.3863249
1.1287739,1.3863249
1.128789,1.3863249
1.128804,1.3863249
1.1288191,1.3863249
1.1288341,1.4325566
1.1288491,1.4325566
1.1288642,1.4325566
1.1288792,1.4325566
1.1288942,1.4325566
1.1289092,1.4787879
1.1289243,1.4787879
1.1289393,1.4787879
1.1289543,1.4787879
1.1289693,1.4787879
1.1289843,1.4787879
1.1289994,1.4787879
1.1290144,1.4787879
1.1290294,1.5250192
1.1290444,1.5250192
1.1290594,1.5250192
1.1290745,1.5250192
1.1290895,1.5250192
1.1291045,1.5712504
1.1291195,1.5712504
1.1291345,1.5712504
1.1291496,1.5712504
1.1291646,1.5712504
1.1291796,1.6174817
1.1291946,1.6174817
1.1292096,1.6174817
1.1292247,1.6174817
1.1292397,1.6174817
1.1292547,1.6637135
1.1292697,1.6637135
1.1292847,1.6637135
1.1292998,1.6637135
1.1293148,1.6637135
1.1293298,1.7099442
1.1293448,1.7099442
1.1293598,1.7099442
1.1293749,1.7099442
1.1293899,1.7099442
1.1294049,1.756176
1.1294199,1.756176
1.129435,1.756176
1.12945,1.756176
1.129465,1.756176
1.12948,1.756176
1.129495,1.756176
1.12951,1.7099442
1.1295251,1.7099442
1.1295401,1.7099442
1.1295551,1.7099442
1.1295701,1.7099442
1.1295851,1.6637135
1.1296002,1.6637135
1.1296152,1.6637135
1.1296302,1.6637135
1.1296452,1.6174817
1.1296602,1.6174817
1.1296753,1.6174817
1.1296903,1.6174817
1.1297053,1.5712504
1.1297203,1.5712504
1.1297354,1.5712504
1.1297504,1.5712504
1.1297654,1.5712504
1.1297804,1.5250192
1.1297954,1.5250192
1.1298105,1.5250192
1.1298255,1.5250192
1.1298405,1.4787879
1.1298555,1.4787879
1.1298705,1.4787879
1.1298856,1.4787879
1.1299006,1.4787879
1.1299156,1.4787879
1.1299306,1.4787879
1.1299456,1.4325566
1.1299607,1.4325566
1.1299757,1.4325566
1.1299907,1.4325566
1.1300057,1.3863249
1.1300207,1.3863249
1.1300358,1.3863249
1.1300508,1.3863249
1.1300658,1.3400936
1.1300808,1.3400936
1.1300958,1.3400936
1.1301109,1.3400936
1.1301259,1.3400936
1.1301409,1.2938623
1.1301559,1.2938623
1.130171,1.2938623
1.130186,1.2938623
1.130201,1.2476311
1.130216,1.2476311
1.130231,1.2476311
1.130246,1.2476311
1.1302611,1.2476311
1.1302761,1.2013993
1.1302911,1.2013993
1.1303061,1.2013993
1.1303211,1.2013993
1.1303362,1.1551685
1.1303512,1.1551685
1.1303662,1.1551685
1.1303812,1.1551685
1.1303962,1.1089368
1.1304113,1.1089368
1.1304263,1.1089368
1.1304413,1.1089368
1.1304563,1.1089368
1.1304713,1.0627055
1.1304864,1.0627055
1.1305014,1.0627055
1.1305164,1.0627055
1.1305314,1.0164738
1.1305465,1.0164738
1.1305615,1.0164738
1.1305765,1.0164738
1.1305915,1.0164738
1.1306065,0.970243
1.1306216,0.970243
1.1306366,0.970243
1.1306516,0.970243
1.1306666,0.92401123
1.1306816,0.92401123
1.1306967,0.92401123
1.1307117,0.92401123
1.1307267,0.87777996
1.1307417,0.87777996
1.1307567,0.87777996
1.1307718,0.87777996
1.1307868,0.87777996
1.1308018,0.8315482
1.1308168,0.8315482
1.1308318,0.8315482
1.1308469,0.8315482
1.1308619,0.7853174
1.1308769,0.7853174
1.1308919,0.7853174
1.1309069,0.7853174
1.130922,0.7853174
1.130937,0.7390857
1.130952,0.7390857
1.130967,0.7390857
1.130982,0.7390857
1.1309971,0.6928544
1.1310121,0.6928544
1.1310271,0.6928544
1.1310421,0.6928544
1.1310571,0.6928544
1.1310722,0.64662313
1.1310872,0.64662313
1.1311022,0.64662313
1.1311172,0.64662313
1.1311322,0.60039186
1.1311473,0.60039186
1.1311623,0.60039186
1.1311773,0.60039186
1.1311923,0.5541601
1.1312073,0.5541601
1.1312224,0.5541601
1.1312374,0.5541601
1.1312524,0.5541601
1.1312674,0.50792885
1.1312824,0.50792885
1.1312975,0.50792885
1.1313125,0.50792885
1.1313275,0.46169758
1.1313425,0.46169758
1.1313576,0.46169758
1.1313726,0.46169758
1.1313876,0.46169758
1.1314026,0.4154663
1.1314176,0.4154663
1.1314327,0.4154663
1.1314477,0.4154663
1.1314627,0.36923456
1.1314777,0.36923456
1.1314927,0.36923456
1.1315078,0.36923456
1.1315228,0.3230033
1.1315378,0.3230033
1.1315528,0.3230033
1.1315678,0.3230033
1.1315829,0.3230033
1.1315979,0.27677202
1.1316129,0.27677202
1.1316279,0.27677202
1.1316429,0.27677202
1.131658,0.23054075
1.131673,0.23054075
1.131688,0.23054075
1.131703,0.23054075
1.131718,0.23054075
1.1317331,0.184309
1.1317481,0.184309
1.1317631,0.184309
1.1317781,0.184309
1.1317931,0.13807821
1.1318082,0.13807821
1.1318232,0.13807821
1.1318382,0.13807821
1.1318532,0.13807821
1.1318682,0.091846466
1.1318833,0.091846466
1.1318983,0.091846466
1.1319133,0.091846466
1.1319283,0.045615196
1.1319433,0.045615196
1.1319584,0.045615196
1.1319734,0.045615196
1.1319884,-6.160736E-4
1.1320034,-6.160736E-4
1.1320184,-6.160736E-4
1.1320335,-6.160736E-4
1.1320485,-6.160736E-4
1.1320635,-0.046847343
1.1320785,-0.046847343
1.1320935,-0.046847343
1.1321086,-0.046847343
1.1321236,-0.09307861
1.1321386,-0.09307861
1.1321536,-0.09307861
1.1321687,-0.09307861
1.1321837,-0.09307861
1.1321987,-0.13931036
1.1322137,-0.13931036
1.1322287,-0.13931036
1.1322438,-0.13931036
1.1322588,-0.18554163
1.1322738,-0.18554163
1.1322888,-0.18554163
1.1323038,-0.18554163
1.1323189,-0.18554163
1.132334,-0.2317729
1.132349,-0.2317729
1.132364,-0.2317729
1.132379,-0.2317729
1.1323941,-0.27800417
1.1324091,-0.27800417
1.1324241,-0.27800417
1.1324391,-0.27800417
1.1324542,-0.27800417
1.1324692,-0.32423592
1.1324842,-0.32423592
1.1324992,-0.32423592
1.1325142,-0.32423592
1.1325293,-0.32423592
1.1325443,-0.3704667
1.1325593,-0.3704667
1.1325743,-0.3704667
1.1325893,-0.3704667
1.1326044,-0.41669846
1.1326194,-0.41669846
1.1326344,-0.41669846
1.1326494,-0.41669846
1.1326644,-0.46292973
1.1326795,-0.46292973
1.1326945,-0.46292973
1.1327095,-0.46292973
1.1327245,-0.46292973
1.1327395,-0.5091615
1.1327546,-0.5091615
1.1327696,-0.5091615
1.1327846,-0.5091615
1.1327996,-0.5091615
1.1328146,-0.55539227
1.1328297,-0.55539227
1.1328447,-0.55539227
1.1328597,-0.55539227
1.1328747,-0.601624
1.1328897,-0.601624
1.1329048,-0.601624
1.1329198,-0.601624
1.1329348,-0.601624
1.1329498,-0.6478553
1.1329648,-0.6478553
1.1329799,-0.6478553
1.1329949,-0.6478553
1.1330099,-0.6478553
1.1330249,-0.694087
1.13304,-0.694087
1.133055,-0.694087
1.13307,-0.694087
1.133085,-0.7403178
1.1331,-0.7403178
1.133115,-0.7403178
1.1331301,-0.7403178
1.1331451,-0.7403178
1.1331601,-0.78654957
1.1331751,-0.78654957
1.1331902,-0.78654957
1.1332052,-0.78654957
1.1332202,-0.78654957
1.1332352,-0.83278084
1.1332502,-0.83278084
1.1332653,-0.83278084
1.1332803,-0.83278084
1.1332953,-0.8790121
1.1333103,-0.8790121
1.1333253,-0.8790121
1.1333404,-0.8790121
1.1333554,-0.8790121
1.1333704,-0.9252434
1.1333854,-0.9252434
1.1334004,-0.9252434
1.1334155,-0.9252434
1.1334305,-0.9252434
1.1334455,-0.9714751
1.1334605,-0.9714751
1.1334755,-0.9714751
1.1334906,-0.9714751
1.1335056,-1.0177064
1.1335206,-1.0177064
1.1335356,-1.0177064
1.1335506,-1.0177064
1.1335657,-1.0177064
1.1335807,-1.0639377
1.1335957,-1.0639377
1.1336107,-1.0639377
1.1336257,-1.0639377
1.1336408,-1.0639377
1.1336558,-1.1101689
1.1336708,-1.1101689
1.1336858,-1.1101689
1.1337008,-1.1101689
1.1337159,-1.1101689
1.1337309,-1.1564007
1.1337459,-1.1564007
1.1337609,-1.1564007
1.133776,-1.1564007
1.133791,-1.202632
1.133806,-1.202632
1.133821,-1.202632
1.133836,-1.202632
1.133851,-1.202632
1.1338661,-1.2488632
1.1338811,-1.2488632
1.1338961,-1.2488632
1.1339111,-1.2488632
1.1339262,-1.2488632
1.1339412,-1.2950945
1.1339562,-1.2950945
1.1339712,-1.2950945
1.1339862,-1.2950945
1.1340013,-1.2950945
1.1340163,-1.3413262
1.1340313,-1.3413262
1.1340463,-1.3413262
1.1340613,-1.3413262
1.1340764,-1.3413262
1.1340914,-1.387557
1.1341064,-1.387557
1.1341214,-1.387557
1.1341364,-1.387557
1.1341515,-1.387557
1.1341665,-1.4337888
1.1341815,-1.4337888
1.1341965,-1.4337888
1.1342115,-1.4337888
1.1342266,-1.48002
1.1342416,-1.48002
1.1342566,-1.48002
1.1342716,-1.48002
1.1342866,-1.48002
1.1343017,-1.48002
1.1343167,-1.48002
1.1343317,-1.48002
1.1343467,-1.5262513
1.1343617,-1.5262513
1.1343768,-1.5262513
1.1343918,-1.5262513
1.1344068,-1.5262513
1.1344218,-1.5724826
1.1344368,-1.5724826
1.1344519,-1.5724826
1.1344669,-1.5724826
1.1344819,-1.5724826
1.1344969,-1.6187139
1.134512,-1.6187139
1.134527,-1.6187139
1.134542,-1.6187139
1.134557,-1.6187139
1.134572,-1.6187139
1.134587,-1.6187139
1.1346021,-1.6187139
1.1346171,-1.5724826
1.1346321,-1.5724826
1.1346471,-1.5724826
1.1346622,-1.5724826
1.1346772,-1.5724826
1.1346922,-1.5262513
1.1347072,-1.5262513
1.1347222,-1.5262513
1.1347373,-1.5262513
1.1347523,-1.48002
1.1347673,-1.48002
1.1347823,-1.48002
1.1347973,-1.48002
1.1348124,-1.48002
1.1348274,-1.48002
1.1348424,-1.48002
1.1348574,-1.48002
1.1348724,-1.4337888
1.1348875,-1.4337888
1.1349025,-1.4337888
1.1349175,-1.4337888
1.1349325,-1.387557
1.1349475,-1.387557
1.1349626,-1.387557
1.1349776,-1.387557
1.1349926,-1.387557
1.1350076,-1.3413262
1.1350226,-1.3413262
1.1350377,-1.3413262
1.1350527,-1.3413262
1.1350677,-1.3413262
1.1350827,-1.2950945
1.1350977,-1.2950945
1.1351128,-1.2950945
1.1351278,-1.2950945
1.1351428,-1.2488632
1.1351578,-1.2488632
1.1351728,-1.2488632
1.1351879,-1.2488632
1.1352029,-1.2488632
1.1352179,-1.202632
1.1352329,-1.202632
1.135248,-1.202632
1.135263,-1.202632
1.135278,-1.202632
1.135293,-1.1564007
1.135308,-1.1564007
1.135323,-1.1564007
1.1353381,-1.1564007
1.1353531,-1.1101689
1.1353681,-1.1101689
1.1353831,-1.1101689
1.1353981,-1.1101689
1.1354132,-1.1101689
1.1354282,-1.0639377
1.1354432,-1.0639377
1.1354582,-1.0639377
1.1354733,-1.0639377
1.1354883,-1.0177064
1.1355033,-1.0177064
1.1355183,-1.0177064
1.1355333,-1.0177064
1.1355484,-1.0177064
1.1355634,-0.9714751
1.1355784,-0.9714751
1.1355934,-0.9714751
1.1356084,-0.9714751
1.1356235,-0.9714751
1.1356385,-0.9252434
1.1356535,-0.9252434
1.1356685,-0.9252434
1.1356835,-0.9252434
1.1356986,-0.8790121
1.1357136,-0.8790121
1.1357286,-0.8790121
1.1357436,-0.8790121
1.1357586,-0.8790121
1.1357737,-0.83278084
1.1357887,-0.83278084
1.1358037,-0.83278084
1.1358187,-0.83278084
1.1358337,-0.83278084
1.1358488,-0.78654957
1.1358639,-0.78654957
1.1358789,-0.78654957
1.135894,-0.78654957
1.135909,-0.7403178
1.135924,-0.7403178
1.135939,-0.7403178
1.135954,-0.7403178
1.135969,-0.7403178
1.1359841,-0.694087
1.1359991,-0.694087
1.1360141,-0.694087
1.1360291,-0.694087
1.1360441,-0.694087
1.1360592,-0.6478553
1.1360742,-0.6478553
1.1360892,-0.6478553
1.1361042,-0.6478553
1.1361192,-0.601624
1.1361343,-0.601624
1.1361493,-0.601624
1.1361643,-0.601624
1.1361793,-0.601624
1.1361943,-0.55539227
1.1362094,-0.55539227
1.1362244,-0.55539227
1.1362394,-0.55539227
1.1362544,-0.55539227
1.1362695,-0.5091615
1.1362845,-0.5091615
1.1362995,-0.5091615
1.1363145,-0.5091615
1.1363295,-0.46292973
1.1363446,-0.46292973
1.1363596,-0.46292973
1.1363746,-0.46292973
1.1363896,-0.46292973
1.1364046,-0.41669846
1.1364197,-0.41669846
1.1364347,-0.41669846
1.1364497,-0.41669846
1.1364647,-0.41669846
1.1364797,-0.3704667
1.1364948,-0.3704667
1.1365098,-0.3704667
1.1365248,-0.3704667
1.1365398,-0.32423592
1.1365548,-0.32423592
1.1365699,-0.32423592
1.1365849,-0.32423592
1.1365999,-0.32423592
1.1366149,-0.27800417
1.1366299,-0.27800417
1.136645,-0.27800417
1.13666,-0.27800417
1.136675,-0.2317729
1.13669,-0.2317729
1.136705,-0.2317729
1.1367201,-0.2317729
1.1367351,-0.2317729
1.1367501,-0.2317729
1.1367651,-0.18554163
1.1367801,-0.18554163
1.1367952,-0.18554163
1.1368102,-0.18554163
1.1368252,-0.13931036
1.1368402,-0.13931036
1.1368552,-0.13931036
1.1368703,-0.13931036
1.1368853,-0.13931036
1.1369003,-0.09307861
1.1369153,-0.09307861
1.1369303,-0.09307861
1.1369454,-0.09307861
1.1369604,-0.046847343
1.1369754,-0.046847343
1.1369904,-0.046847343
1.1370054,-0.046847343
1.1370205,-0.046847343
1.1370355,-6.160736E-4
1.1370505,-6.160736E-4
1.1370655,-6.160736E-4
1.1370806,-6.160736E-4
1.1370956,0.045615196
1.1371106,0.045615196
1.1371256,0.045615196
1.1371406,0.045615196
1.1371557,0.045615196
1.1371707,0.091846466
1.1371857,0.091846466
1.1372007,0.091846466
1.1372157,0.091846466
1.1372308,0.091846466
1.1372458,0.13807821
1.1372608,0.13807821
1.1372758,0.13807821
1.1372908,0.13807821
1.1373059,0.184309
1.1373209,0.184309
1.1373359,0.184309
1.1373509,0.184309
1.1373659,0.184309
1.137381,0.23054075
1.137396,0.23054075
1.137411,0.23054075
1.137426,0.23054075
1.137441,0.23054075
1.137456,0.27677202
1.1374711,0.27677202
1.1374861,0.27677202
1.1375011,0.27677202
1.1375161,0.27677202
1.1375312,0.3230033
1.1375462,0.3230033
1.1375612,0.3230033
1.1375762,0.3230033
1.1375912,0.36923456
1.1376063,0.36923456
1.1376213,0.36923456
1.1376363,0.36923456
1.1376513,0.4154663
1.1376663,0.4154663
1.1376814,0.4154663
1.1376964,0.4154663
1.1377114,0.4154663
1.1377264,0.46169758
1.1377414,0.46169758
1.1377565,0.46169758
1.1377715,0.46169758
1.1377865,0.46169758
1.1378015,0.50792885
1.1378165,0.50792885
1.1378316,0.50792885
1.1378466,0.50792885
1.1378616,0.50792885
1.1378766,0.5541601
1.1378917,0.5541601
1.1379067,0.5541601
1.1379217,0.5541601
1.1379367,0.5541601
1.1379517,0.60039186
1.1379668,0.60039186
1.1379818,0.60039186
1.1379968,0.60039186
1.1380118,0.60039186
1.1380268,0.64662313
1.1380419,0.64662313
1.1380569,0.64662313
1.1380719,0.64662313
1.1380869,0.6928544
1.1381019,0.6928544
1.138117,0.6928544
1.138132,0.6928544
1.138147,0.6928544
1.138162,0.7390857
1.138177,0.7390857
1.138192,0.7390857
1.1382071,0.7390857
1.1382221,0.7390857
1.1382371,0.7853174
1.1382521,0.7853174
1.1382672,0.7853174
1.1382822,0.7853174
1.1382972,0.7853174
1.1383122,0.8315482
1.1383272,0.8315482
1.1383423,0.8315482
1.1383573,0.8315482
1.1383723,0.8315482
1.1383873,0.87777996
1.1384023,0.87777996
1.1384174,0.87777996
1.1384324,0.87777996
1.1384474,0.87777996
1.1384624,0.92401123
1.1384774,0.92401123
1.1384925,0.92401123
1.1385075,0.92401123
1.1385225,0.970243
1.1385375,0.970243
1.1385525,0.970243
1.1385676,0.970243
1.1385826,0.970243
1.1385976,1.0164738
1.1386126,1.0164738
1.1386276,1.0164738
1.1386427,1.0164738
1.1386577,1.0164738
1.1386727,1.0627055
1.1386877,1.0627055
1.1387028,1.0627055
1.1387178,1.0627055
1.1387328,1.0627055
1.1387478,1.1089368
1.1387628,1.1089368
1.1387779,1.1089368
1.1387929,1.1089368
1.1388079,1.1089368
1.1388229,1.1551685
1.1388379,1.1551685
1.138853,1.1551685
1.138868,1.1551685
1.138883,1.1551685
1.138898,1.2013993
1.138913,1.2013993
1.138928,1.2013993
1.1389431,1.2013993
1.1389581,1.2013993
1.1389731,1.2476311
1.1389881,1.2476311
1.1390032,1.2476311
1.1390182,1.2476311
1.1390332,1.2476311
1.1390482,1.2938623
1.1390632,1.2938623
1.1390783,1.2938623
1.1390933,1.2938623
1.1391083,1.2938623
1.1391233,1.3400936
1.1391383,1.3400936
1.1391534,1.3400936
1.1391684,1.3400936
1.1391834,1.3400936
1.1391984,1.3863249
1.1392134,1.3863249
1.1392285,1.3863249
1.1392435,1.3863249
1.1392585,1.3863249
1.1392735,1.4325566
1.1392885,1.4325566
1.1393036,1.4325566
1.1393186,1.4325566
1.1393336,1.4325566
1.1393486,1.4787879
1.1393636,1.4787879
1.1393788,1.4787879
1.1393938,1.4787879
1.1394088,1.4787879
1.1394238,1.4787879
1.1394389,1.4787879
1.1394539,1.5250192
1.1394689,1.5250192
1.1394839,1.5250192
1.139499,1.5250192
1.139514,1.5250192
1.139529,1.5712504
1.139544,1.5712504
1.139559,1.5712504
1.139574,1.5712504
1.1395891,1.5712504
1.1396041,1.5712504
1.1396191,1.6174817
1.1396341,1.6174817
1.1396492,1.6174817
1.1396642,1.6174817
1.1396792,1.6174817
1.1396942,1.6637135
1.1397092,1.6637135
1.1397243,1.6637135
1.1397393,1.6637135
1.1397543,1.6637135
1.1397693,1.7099442
1.1397843,1.7099442
1.1397994,1.7099442
1.1398144,1.7099442
1.1398294,1.7099442
1.1398444,1.756176
1.1398594,1.756176
1.1398745,1.756176
1.1398895,1.756176
1.1399045,1.756176
1.1399195,1.756176
1.1399345,1.756176
1.1399496,1.7099442
1.1399646,1.7099442
1.1399796,1.7099442
1.1399946,1.7099442
1.1400096,1.6637135
1.1400247,1.6637135
1.1400397,1.6637135
1.1400547,1.6637135
1.1400697,1.6637135
1.1400847,1.6174817
1.1400998,1.6174817
1.1401148,1.6174817
1.1401298,1.6174817
1.1401448,1.5712504
1.1401598,1.5712504
1.1401749,1.5712504
1.1401899,1.5712504
1.1402049,1.5250192
1.1402199,1.5250192
1.140235,1.5250192
1.14025,1.5250192
1.140265,1.5250192
1.14028,1.4787879
1.140295,1.4787879
1.14031,1.4787879
1.1403251,1.4787879
1.1403401,1.4787879
1.1403551,1.4787879
1.1403701,1.4325566
1.1403852,1.4325566
1.1404002,1.4325566
1.1404152,1.4325566
1.1404302,1.4325566
1.1404452,1.3863249
1.1404603,1.3863249
1.1404753,1.3863249
1.1404903,1.3863249
1.1405053,1.3400936
1.1405203,1.3400936
1.1405354,1.3400936
1.1405504,1.3400936
1.1405654,1.3400936
1.1405804,1.2938623
1.1405954,1.2938623
1.1406105,1.2938623
1.1406255,1.2938623
1.1406405,1.2476311
1.1406555,1.2476311
1.1406705,1.2476311
1.1406856,1.2476311
1.1407006,1.2476311
1.1407156,1.2013993
1.1407306,1.2013993
1.1407456,1.2013993
1.1407607,1.2013993
1.1407757,1.1551685
1.1407907,1.1551685
1.1408057,1.1551685
1.1408207,1.1551685
1.1408358,1.1089368
1.1408508,1.1089368
1.1408658,1.1089368
1.1408808,1.1089368
1.1408958,1.1089368
1.1409109,1.0627055
1.1409259,1.0627055
1.1409409,1.0627055
1.1409559,1.0627055
1.140971,1.0164738
1.140986,1.0164738
1.141001,1.0164738
1.141016,1.0164738
1.141031,0.970243
1.141046,0.970243
1.1410611,0.970243
1.1410761,0.970243
1.1410911,0.970243
1.1411061,0.92401123
1.1411211,0.92401123
1.1411362,0.92401123
1.1411512,0.92401123
1.1411662,0.87777996
1.1411812,0.87777996
1.1411963,0.87777996
1.1412113,0.87777996
1.1412263,0.8315482
1.1412413,0.8315482
1.1412563,0.8315482
1.1412714,0.8315482
1.1412864,0.8315482
1.1413014,0.7853174
1.1413164,0.7853174
1.1413314,0.7853174
1.1413465,0.7853174
1.1413615,0.7390857
1.1413765,0.7390857
1.1413915,0.7390857
1.1414065,0.7390857
1.1414216,0.7390857
1.1414366,0.6928544
1.1414516,0.6928544
1.1414666,0.6928544
1.1414816,0.6928544
1.1414967,0.64662313
1.1415117,0.64662313
1.1415267,0.64662313
1.1415417,0.64662313
1.1415567,0.64662313
1.1415718,0.60039186
1.1415868,0.60039186
1.1416018,0.60039186
1.1416168,0.60039186
1.1416318,0.5541601
1.1416469,0.5541601
1.1416619,0.5541601
1.1416769,0.5541601
1.1416919,0.5541601
1.141707,0.50792885
1.141722,0.50792885
1.141737,0.50792885
1.141752,0.50792885
1.141767,0.46169758
1.141782,0.46169758
1.1417971,0.46169758
1.1418121,0.46169758
1.1418271,0.46169758
1.1418421,0.4154663
1.1418571,0.4154663
1.1418722,0.4154663
1.1418872,0.4154663
1.1419022,0.36923456
1.1419172,0.36923456
1.1419322,0.36923456
1.1419473,0.36923456
1.1419623,0.3230033
1.1419773,0.3230033
1.1419923,0.3230033
1.1420074,0.3230033
1.1420224,0.3230033
1.1420374,0.27677202
1.1420524,0.27677202
1.1420674,0.27677202
1.1420825,0.27677202
1.1420975,0.23054075
1.1421125,0.23054075
1.1421275,0.23054075
1.1421425,0.23054075
1.1421576,0.184309
1.1421726,0.184309
1.1421876,0.184309
1.1422026,0.184309
1.1422176,0.184309
1.1422327,0.13807821
1.1422477,0.13807821
1.1422627,0.13807821
1.1422777,0.13807821
1.1422927,0.091846466
1.1423078,0.091846466
1.1423228,0.091846466
1.1423378,0.091846466
1.1423528,0.091846466
1.1423678,0.045615196
1.1423829,0.045615196
1.1423979,0.045615196
1.1424129,0.045615196
1.1424279,0.045615196
1.142443,-6.160736E-4
1.142458,-6.160736E-4
1.142473,-6.160736E-4
1.142488,-0.046847343
1.142503,-0.046847343
1.142518,-0.046847343
1.1425331,-0.046847343
1.1425481,-0.046847343
1.1425631,-0.09307861
1.1425781,-0.09307861
1.1425931,-0.09307861
1.1426082,-0.09307861
1.1426232,-0.09307861
1.1426382,-0.13931036
1.1426532,-0.13931036
1.1426682,-0.13931036
1.1426833,-0.13931036
1.1426983,-0.18554163
1.1427133,-0.18554163
1.1427283,-0.18554163
1.1427433,-0.18554163
1.1427584,-0.2317729
1.1427734,-0.2317729
1.1427884,-0.2317729
1.1428034,-0.2317729
1.1428185,-0.2317729
1.1428335,-0.27800417
1.1428485,-0.27800417
1.1428635,-0.27800417
1.1428785,-0.27800417
1.1428936,-0.32423592
1.1429087,-0.32423592
1.1429237,-0.32423592
1.1429387,-0.32423592
1.1429538,-0.32423592
1.1429688,-0.3704667
1.1429838,-0.3704667
1.1429988,-0.3704667
1.1430138,-0.3704667
1.1430289,-0.41669846
1.1430439,-0.41669846
1.1430589,-0.41669846
1.1430739,-0.41669846
1.1430889,-0.41669846
1.143104,-0.46292973
1.143119,-0.46292973
1.143134,-0.46292973
1.143149,-0.46292973
1.143164,-0.46292973
1.143179,-0.5091615
1.1431941,-0.5091615
1.1432091,-0.5091615
1.1432241,-0.5091615
1.1432391,-0.55539227
1.1432542,-0.55539227
1.1432692,-0.55539227
1.1432842,-0.55539227
1.1432992,-0.55539227
1.1433142,-0.601624
1.1433293,-0.601624
1.1433443,-0.601624
1.1433593,-0.601624
1.1433743,-0.6478553
1.1433893,-0.6478553
1.1434044,-0.6478553
1.1434194,-0.6478553
1.1434344,-0.6478553
1.1434494,-0.694087
1.1434644,-0.694087
1.1434795,-0.694087
1.1434945,-0.694087
1.1435095,-0.694087
1.1435245,-0.7403178
1.1435395,-0.7403178
1.1435546,-0.7403178
1.1435696,-0.7403178
1.1435846,-0.7403178
1.1435996,-0.78654957
1.1436146,-0.78654957
1.1436297,-0.78654957
1.1436447,-0.78654957
1.1436597,-0.83278084
1.1436747,-0.83278084
1.1436898,-0.83278084
1.1437048,-0.83278084
1.1437198,-0.83278084
1.1437348,-0.8790121
1.1437498,-0.8790121
1.1437649,-0.8790121
1.1437799,-0.8790121
1.1437949,-0.8790121
1.1438099,-0.9252434
1.1438249,-0.9252434
1.14384,-0.9252434
1.143855,-0.9252434
1.14387,-0.9714751
1.143885,-0.9714751
1.1439,-0.9714751
1.143915,-0.9714751
1.1439301,-0.9714751
1.1439451,-1.0177064
1.1439601,-1.0177064
1.1439751,-1.0177064
1.1439902,-1.0177064
1.1440052,-1.0177064
1.1440202,-1.0639377
1.1440352,-1.0639377
1.1440502,-1.0639377
1.1440653,-1.0639377
1.1440803,-1.0639377
1.1440953,-1.1101689
1.1441103,-1.1101689
1.1441253,-1.1101689
1.1441404,-1.1101689
1.1441554,-1.1564007
1.1441704,-1.1564007
1.1441854,-1.1564007
1.1442004,-1.1564007
1.1442155,-1.1564007
1.1442305,-1.202632
1.1442455,-1.202632
1.1442605,-1.202632
1.1442755,-1.202632
1.1442906,-1.202632
1.1443056,-1.2488632
1.1443206,-1.2488632
1.1443356,-1.2488632
1.1443506,-1.2488632
1.1443657,-1.2488632
1.1443807,-1.2950945
1.1443957,-1.2950945
1.1444107,-1.2950945
1.1444257,-1.2950945
1.1444408,-1.3413262
1.1444558,-1.3413262
1.1444708,-1.3413262
1.1444858,-1.3413262
1.1445009,-1.3413262
1.1445159,-1.387557
1.1445309,-1.387557
1.1445459,-1.387557
1.1445609,-1.387557
1.144576,-1.387557
1.144591,-1.4337888
1.144606,-1.4337888
1.144621,-1.4337888
1.144636,-1.4337888
1.144651,-1.4337888
1.1446661,-1.48002
1.1446811,-1.48002
1.1446961,-1.48002
1.1447111,-1.48002
1.1447262,-1.48002
1.1447412,-1.48002
1.1447562,-1.48002
1.1447712,-1.48002
1.1447862,-1.5262513
1.1448013,-1.5262513
1.1448163,-1.5262513
1.1448313,-1.5262513
1.1448463,-1.5262513
1.1448613,-1.5724826
1.1448764,-1.5724826
1.1448914,-1.5724826
1.1449064,-1.5724826
1.1449214,-1.5724826
1.1449364,-1.6187139
1.1449515,-1.6187139
1.1449665,-1.6187139
1.1449815,-1.6187139
1.1449965,-1.6187139
1.1450115,-1.6187139
1.1450266,-1.6187139
1.1450416,-1.6187139
1.1450566,-1.5724826
1.1450716,-1.5724826
1.1450866,-1.5724826
1.1451017,-1.5724826
1.1451167,-1.5724826
1.1451317,-1.5262513
1.1451467,-1.5262513
1.1451617,-1.5262513
1.1451768,-1.5262513
1.1451918,-1.48002
1.1452068,-1.48002
1.1452218,-1.48002
1.1452368,-1.48002
1.1452519,-1.48002
1.1452669,-1.48002
1.1452819,-1.48002
1.1452969,-1.4337888
1.145312,-1.4337888
1.145327,-1.4337888
1.145342,-1.4337888
1.145357,-1.4337888
1.145372,-1.387557
1.145387,-1.387557
1.1454021,-1.387557
1.1454171,-1.387557
1.1454321,-1.387557
1.1454471,-1.3413262
1.1454622,-1.3413262
1.1454772,-1.3413262
1.1454922,-1.3413262
1.1455072,-1.2950945
1.1455222,-1.2950945
1.1455373,-1.2950945
1.1455523,-1.2950945
1.1455673,-1.2950945
1.1455823,-1.2488632
1.1455973,-1.2488632
1.1456124,-1.2488632
1.1456274,-1.2488632
1.1456424,-1.2488632
1.1456574,-1.202632
1.1456724,-1.202632
1.1456875,-1.202632
1.1457025,-1.202632
1.1457175,-1.1564007
1.1457325,-1.1564007
1.1457475,-1.1564007
1.1457626,-1.1564007
1.1457776,-1.1564007
1.1457926,-1.1101689
1.1458076,-1.1101689
1.1458226,-1.1101689
1.1458377,-1.1101689
1.1458527,-1.0639377
1.1458677,-1.0639377
1.1458827,-1.0639377
1.1458977,-1.0639377
1.1459128,-1.0639377
1.1459278,-1.0177064
1.1459428,-1.0177064
1.1459578,-1.0177064
1.1459728,-1.0177064
1.1459879,-1.0177064
1.1460029,-0.9714751
1.1460179,-0.9714751
1.1460329,-0.9714751
1.146048,-0.9714751
1.146063,-0.9252434
1.146078,-0.9252434
1.146093,-0.9252434
1.146108,-0.9252434
1.146123,-0.9252434
1.1461381,-0.8790121
1.1461531,-0.8790121
1.1461681,-0.8790121
1.1461831,-0.8790121
1.1461982,-0.8790121
1.1462132,-0.83278084
1.1462282,-0.83278084
1.1462432,-0.83278084
1.1462582,-0.83278084
1.1462733,-0.78654957
1.1462883,-0.78654957
1.1463033,-0.78654957
1.1463183,-0.78654957
1.1463333,-0.78654957
1.1463484,-0.7403178
1.1463634,-0.7403178
1.1463784,-0.7403178
1.1463934,-0.7403178
1.1464084,-0.7403178
1.1464236,-0.694087
1.1464386,-0.694087
1.1464536,-0.694087
1.1464686,-0.694087
1.1464837,-0.694087
1.1464987,-0.6478553
1.1465137,-0.6478553
1.1465287,-0.6478553
1.1465437,-0.6478553
1.1465588,-0.601624
1.1465738,-0.601624
1.1465888,-0.601624
1.1466038,-0.601624
1.1466188,-0.601624
1.1466339,-0.55539227
1.1466489,-0.55539227
1.1466639,-0.55539227
1.1466789,-0.55539227
1.146694,-0.5091615
1.146709,-0.5091615
1.146724,-0.5091615
1.146739,-0.5091615
1.146754,-0.5091615
1.146769,-0.46292973
1.1467841,-0.46292973
1.1467991,-0.46292973
1.1468141,-0.46292973
1.1468291,-0.46292973
1.1468441,-0.41669846
1.1468592,-0.41669846
1.1468742,-0.41669846
1.1468892,-0.41669846
1.1469042,-0.3704667
1.1469193,-0.3704667
1.1469343,-0.3704667
1.1469493,-0.3704667
1.1469643,-0.3704667
1.1469793,-0.32423592
1.1469944,-0.32423592
1.1470094,-0.32423592
1.1470244,-0.32423592
1.1470394,-0.32423592
1.1470544,-0.27800417
1.1470695,-0.27800417
1.1470845,-0.27800417
1.1470995,-0.27800417
1.1471145,-0.2317729
1.1471295,-0.2317729
1.1471446,-0.2317729
1.1471596,-0.2317729
1.1471746,-0.2317729
1.1471896,-0.18554163
1.1472046,-0.18554163
1.1472197,-0.18554163
1.1472347,-0.18554163
1.1472497,-0.18554163
1.1472647,-0.13931036
1.1472797,-0.13931036
1.1472948,-0.13931036
1.1473098,-0.13931036
1.1473248,-0.09307861
1.1473398,-0.09307861
1.1473548,-0.09307861
1.1473699,-0.09307861
1.1473849,-0.09307861
1.1473999,-0.046847343
1.1474149,-0.046847343
1.14743,-0.046847343
1.147445,-0.046847343
1.14746,-0.046847343
1.147475,-6.160736E-4
1.14749,-6.160736E-4
1.147505,-6.160736E-4
1.1475201,-6.160736E-4
1.1475351,0.045615196
1.1475501,0.045615196
1.1475651,0.045615196
1.1475801,0.045615196
1.1475952,0.091846466
1.1476102,0.091846466
1.1476252,0.091846466
1.1476402,0.091846466
1.1476552,0.091846466
1.1476703,0.13807821
1.1476853,0.13807821
1.1477003,0.13807821
1.1477153,0.13807821
1.1477304,0.13807821
1.1477454,0.184309
1.1477604,0.184309
1.1477754,0.184309
1.1477904,0.184309
1.1478055,0.184309
1.1478205,0.23054075
1.1478355,0.23054075
1.1478505,0.23054075
1.1478655,0.23054075
1.1478806,0.27677202
1.1478956,0.27677202
1.1479106,0.27677202
1.1479256,0.27677202
1.1479406,0.27677202
1.1479557,0.3230033
1.1479707,0.3230033
1.1479857,0.3230033
1.1480007,0.3230033
1.1480157,0.3230033
1.1480308,0.36923456
1.1480458,0.36923456
1.1480608,0.36923456
1.1480758,0.36923456
1.1480908,0.4154663
1.1481059,0.4154663
1.1481209,0.4154663
1.1481359,0.4154663
1.1481509,0.4154663
1.148166,0.46169758
1.148181,0.46169758
1.148196,0.46169758
1.148211,0.46169758
1.148226,0.46169758
1.148241,0.50792885
1.1482561,0.50792885
1.1482711,0.50792885
1.1482861,0.50792885
1.1483011,0.50792885
1.1483161,0.5541601
1.1483312,0.5541601
1.1483462,0.5541601
1.1483612,0.5541601
1.1483762,0.60039186
1.1483912,0.60039186
1.1484063,0.60039186
1.1484213,0.60039186
1.1484363,0.60039186
1.1484513,0.64662313
1.1484663,0.64662313
1.1484814,0.64662313
1.1484964,0.64662313
1.1485114,0.64662313
1.1485264,0.6928544
1.1485415,0.6928544
1.1485565,0.6928544
1.1485715,0.6928544
1.1485865,0.6928544
1.1486015,0.7390857
1.1486166,0.7390857
1.1486316,0.7390857
1.1486466,0.7390857
1.1486616,0.7390857
1.1486766,0.7853174
1.1486917,0.7853174
1.1487067,0.7853174
1.1487217,0.7853174
1.1487367,0.8315482
1.1487517,0.8315482
1.1487668,0.8315482
1.1487818,0.8315482
1.1487968,0.8315482
1.1488118,0.87777996
1.1488268,0.87777996
1.1488419,0.87777996
1.1488569,0.87777996
1.1488719,0.87777996
1.1488869,0.92401123
1.1489019,0.92401123
1.148917,0.92401123
1.148932,0.92401123
1.148947,0.92401123
1.148962,0.970243
1.148977,0.970243
1.1489921,0.970243
1.1490071,0.970243
1.1490221,0.970243
1.1490371,1.0164738
1.1490521,1.0164738
1.1490672,1.0164738
1.1490822,1.0164738
1.1490972,1.0164738
1.1491122,1.0627055
1.1491272,1.0627055
1.1491423,1.0627055
1.1491573,1.0627055
1.1491723,1.0627055
1.1491873,1.1089368
1.1492023,1.1089368
1.1492174,1.1089368
1.1492324,1.1089368
1.1492474,1.1551685
1.1492624,1.1551685
1.1492774,1.1551685
1.1492925,1.1551685
1.1493075,1.1551685
1.1493225,1.1551685
1.1493375,1.2013993
1.1493526,1.2013993
1.1493676,1.2013993
1.1493826,1.2013993
1.1493976,1.2476311
1.1494126,1.2476311
1.1494277,1.2476311
1.1494427,1.2476311
1.1494577,1.2476311
1.1494727,1.2938623
1.1494877,1.2938623
1.1495028,1.2938623
1.1495178,1.2938623
1.1495328,1.2938623
1.1495478,1.3400936
1.1495628,1.3400936
1.1495779,1.3400936
1.1495929,1.3400936
1.1496079,1.3400936
1.1496229,1.3863249
1.1496379,1.3863249
1.149653,1.3863249
1.149668,1.3863249
1.149683,1.3863249
1.149698,1.4325566
1.149713,1.4325566
1.1497281,1.4325566
1.1497431,1.4325566
1.1497581,1.4325566
1.1497731,1.4787879
1.1497881,1.4787879
1.1498032,1.4787879
1.1498182,1.4787879
1.1498332,1.4787879
1.1498482,1.4787879
1.1498632,1.4787879
1.1498783,1.4787879
1.1498933,1.5250192
1.1499083,1.5250192
1.1499233,1.5250192
1.1499383,1.5250192
1.1499535,1.5250192
1.1499685,1.5712504
1.1499835,1.5712504
1.1499985,1.5712504
1.1500136,1.5712504
1.1500286,1.5712504
1.1500436,1.6174817
1.1500586,1.6174817
1.1500736,1.6174817
1.1500887,1.6174817
1.1501037,1.6174817
1.1501187,1.6637135
1.1501337,1.6637135
1.1501487,1.6637135
1.1501638,1.6637135
1.1501788,1.6637135
1.1501938,1.7099442
1.1502088,1.7099442
1.1502239,1.7099442
1.1502389,1.7099442
1.1502539,1.7099442
1.1502689,1.756176
1.1502839,1.756176
1.150299,1.756176
1.150314,1.756176
1.150329,1.756176
1.150344,1.756176
1.150359,1.756176
1.150374,1.7099442
1.1503891,1.7099442
1.1504041,1.7099442
1.1504191,1.7099442
1.1504341,1.7099442
1.1504492,1.6637135
1.1504642,1.6637135
1.1504792,1.6637135
1.1504942,1.6637135
1.1505092,1.6174817
1.1505243,1.6174817
1.1505393,1.6174817
1.1505543,1.6174817
1.1505693,1.5712504
1.1505843,1.5712504
1.1505994,1.5712504
1.1506144,1.5712504
1.1506294,1.5712504
1.1506444,1.5250192
1.1506594,1.5250192
1.1506745,1.5250192
1.1506895,1.5250192
1.1507045,1.4787879
1.1507195,1.4787879
1.1507345,1.4787879
1.1507496,1.4787879
1.1507646,1.4787879
1.1507796,1.4787879
1.1507946,1.4787879
1.1508096,1.4325566
1.1508247,1.4325566
1.1508397,1.4325566
1.1508547,1.4325566
1.1508697,1.3863249
1.1508847,1.3863249
1.1508998,1.3863249
1.1509148,1.3863249
1.1509298,1.3863249
1.1509448,1.3400936
1.1509598,1.3400936
1.1509749,1.3400936
1.1509899,1.3400936
1.1510049,1.2938623
1.1510199,1.2938623
1.151035,1.2938623
1.15105,1.2938623
1.151065,1.2938623
1.15108,1.2476311
1.151095,1.2476311
1.15111,1.2476311
1.1511251,1.2476311
1.1511401,1.2013993
1.1511551,1.2013993
1.1511701,1.2013993
1.1511852,1.2013993
1.1512002,1.1551685
1.1512152,1.1551685
1.1512302,1.1551685
1.1512452,1.1551685
1.1512603,1.1551685
1.1512753,1.1089368
1.1512903,1.1089368
1.1513053,1.1089368
1.1513203,1.1089368
1.1513354,1.0627055
1.1513504,1.0627055
1.1513654,1.0627055
1.1513804,1.0627055
1.1513954,1.0627055
1.1514105,1.0164738
1.1514255,1.0164738
1.1514405,1.0164738
1.1514555,1.0164738
1.1514705,0.970243
1.1514856,0.970243
1.1515006,0.970243
1.1515156,0.970243
1.1515306,0.92401123
1.1515456,0.92401123
1.1515607,0.92401123
1.1515757,0.92401123
1.1515907,0.92401123
1.1516057,0.87777996
1.1516207,0.87777996
1.1516358,0.87777996
1.1516508,0.87777996
1.1516658,0.8315482
1.1516808,0.8315482
1.1516958,0.8315482
1.1517109,0.8315482
1.1517259,0.8315482
1.1517409,0.7853174
1.1517559,0.7853174
1.151771,0.7853174
1.151786,0.7853174
1.151801,0.7390857
1.151816,0.7390857
1.151831,0.7390857
1.151846,0.7390857
1.1518611,0.6928544
1.1518761,0.6928544
1.1518911,0.6928544
1.1519061,0.6928544
1.1519212,0.6928544
1.1519362,0.64662313
1.1519512,0.64662313
1.1519662,0.64662313
1.1519812,0.64662313
1.1519963,0.60039186
1.1520113,0.60039186
1.1520263,0.60039186
1.1520413,0.60039186
1.1520563,0.60039186
1.1520714,0.5541601
1.1520864,0.5541601
1.1521014,0.5541601
1.1521164,0.5541601
1.1521314,0.50792885
1.1521465,0.50792885
1.1521615,0.50792885
1.1521765,0.50792885
1.1521915,0.50792885
1.1522065,0.46169758
1.1522216,0.46169758
1.1522366,0.46169758
1.1522516,0.46169758
1.1522666,0.4154663
1.1522816,0.4154663
1.1522967,0.4154663
1.1523117,0.4154663
1.1523267,0.36923456
1.1523417,0.36923456
1.1523567,0.36923456
1.1523718,0.36923456
1.1523868,0.36923456
1.1524018,0.3230033
1.1524168,0.3230033
1.1524318,0.3230033
1.1524469,0.3230033
1.1524619,0.27677202
1.1524769,0.27677202
1.1524919,0.27677202
1.152507,0.27677202
1.152522,0.23054075
1.152537,0.23054075
1.152552,0.23054075
1.152567,0.23054075
1.152582,0.23054075
1.1525971,0.184309
1.1526121,0.184309
1.1526271,0.184309
1.1526421,0.184309
1.1526572,0.13807821
1.1526722,0.13807821
1.1526872,0.13807821
1.1527022,0.13807821
1.1527172,0.13807821
1.1527323,0.091846466
1.1527473,0.091846466
1.1527623,0.091846466
1.1527773,0.091846466
1.1527923,0.091846466
1.1528074,0.045615196
1.1528224,0.045615196
1.1528374,0.045615196
1.1528524,0.045615196
1.1528674,-6.160736E-4
1.1528825,-6.160736E-4
1.1528975,-6.160736E-4
1.1529125,-6.160736E-4
1.1529275,-0.046847343
1.1529425,-0.046847343
1.1529576,-0.046847343
1.1529726,-0.046847343
1.1529876,-0.09307861
1.1530026,-0.09307861
1.1530176,-0.09307861
1.1530327,-0.09307861
1.1530477,-0.09307861
1.1530627,-0.13931036
1.1530777,-0.13931036
1.1530927,-0.13931036
1.1531078,-0.13931036
1.1531228,-0.18554163
1.1531378,-0.18554163
1.1531528,-0.18554163
1.1531678,-0.18554163
1.1531829,-0.18554163
1.1531979,-0.2317729
1.1532129,-0.2317729
1.1532279,-0.2317729
1.153243,-0.2317729
1.153258,-0.2317729
1.153273,-0.27800417
1.153288,-0.27800417
1.153303,-0.27800417
1.153318,-0.27800417
1.1533331,-0.32423592
1.1533481,-0.32423592
1.1533631,-0.32423592
1.1533781,-0.32423592
1.1533931,-0.32423592
1.1534082,-0.3704667
1.1534232,-0.3704667
1.1534382,-0.3704667
1.1534532,-0.3704667
1.1534684,-0.41669846
1.1534834,-0.41669846
1.1534984,-0.41669846
1.1535134,-0.41669846
1.1535285,-0.41669846
1.1535435,-0.46292973
1.1535585,-0.46292973
1.1535735,-0.46292973
1.1535885,-0.46292973
1.1536036,-0.5091615
1.1536186,-0.5091615
1.1536336,-0.5091615
1.1536486,-0.5091615
1.1536636,-0.5091615
1.1536787,-0.55539227
1.1536937,-0.55539227
1.1537087,-0.55539227
1.1537237,-0.55539227
1.1537387,-0.601624
1.1537538,-0.601624
1.1537688,-0.601624
1.1537838,-0.601624
1.1537988,-0.601624
1.1538138,-0.6478553
1.1538289,-0.6478553
1.1538439,-0.6478553
1.1538589,-0.6478553
1.1538739,-0.6478553
1.153889,-0.694087
1.153904,-0.694087
1.153919,-0.694087
1.153934,-0.694087
1.153949,-0.7403178
1.153964,-0.7403178
1.1539791,-0.7403178
1.1539941,-0.7403178
1.1540091,-0.7403178
1.1540241,-0.78654957
1.1540391,-0.78654957
1.1540542,-0.78654957
1.1540692,-0.78654957
1.1540842,-0.78654957
1.1540992,-0.83278084
1.1541142,-0.83278084
1.1541293,-0.83278084
1.1541443,-0.83278084
1.1541593,-0.83278084
1.1541743,-0.8790121
1.1541893,-0.8790121
1.1542044,-0.8790121
1.1542194,-0.8790121
1.1542344,-0.9252434
1.1542494,-0.9252434
1.1542645,-0.9252434
1.1542795,-0.9252434
1.1542945,-0.9252434
1.1543095,-0.9714751
1.1543245,-0.9714751
1.1543396,-0.9714751
1.1543546,-0.9714751
1.1543696,-0.9714751
1.1543846,-1.0177064
1.1543996,-1.0177064
1.1544147,-1.0177064
1.1544297,-1.0177064
1.1544447,-1.0639377
1.1544597,-1.0639377
1.1544747,-1.0639377
1.1544898,-1.0639377
1.1545048,-1.0639377
1.1545198,-1.1101689
1.1545348,-1.1101689
1.1545498,-1.1101689
1.1545649,-1.1101689
1.1545799,-1.1101689
1.1545949,-1.1564007
1.1546099,-1.1564007
1.1546249,-1.1564007
1.15464,-1.1564007
1.154655,-1.1564007
1.15467,-1.202632
1.154685,-1.202632
1.1547,-1.202632
1.1547151,-1.202632
1.1547301,-1.2488632
1.1547451,-1.2488632
1.1547601,-1.2488632
1.1547751,-1.2488632
1.1547902,-1.2488632
1.1548052,-1.2950945
1.1548202,-1.2950945
1.1548352,-1.2950945
1.1548502,-1.2950945
1.1548653,-1.2950945
1.1548803,-1.3413262
1.1548953,-1.3413262
1.1549103,-1.3413262
1.1549253,-1.3413262
1.1549404,-1.3413262
1.1549554,-1.387557
1.1549704,-1.387557
1.1549854,-1.387557
1.1550004,-1.387557
1.1550155,-1.387557
1.1550305,-1.4337888
1.1550455,-1.4337888
1.1550605,-1.4337888
1.1550756,-1.4337888
1.1550906,-1.4337888
1.1551056,-1.48002
1.1551206,-1.48002
1.1551356,-1.48002
1.1551507,-1.48002
1.1551657,-1.48002
1.1551807,-1.48002
1.1551957,-1.48002
1.1552107,-1.5262513
1.1552258,-1.5262513
1.1552408,-1.5262513
1.1552558,-1.5262513
1.1552708,-1.5262513
1.1552858,-1.5724826
1.1553009,-1.5724826
1.1553159,-1.5724826
1.1553309,-1.5724826
1.1553459,-1.5724826
1.1553609,-1.6187139
1.155376,-1.6187139
1.155391,-1.6187139
1.155406,-1.6187139
1.155421,-1.6187139
1.155436,-1.6187139
1.155451,-1.6187139
1.1554661,-1.6187139
1.1554811,-1.6187139
1.1554961,-1.5724826
1.1555111,-1.5724826
1.1555262,-1.5724826
1.1555412,-1.5724826
1.1555562,-1.5262513
1.1555712,-1.5262513
1.1555862,-1.5262513
1.1556013,-1.5262513
1.1556163,-1.5262513
1.1556313,-1.48002
1.1556463,-1.48002
1.1556613,-1.48002
1.1556764,-1.48002
1.1556914,-1.48002
1.1557064,-1.48002
1.1557214,-1.48002
1.1557364,-1.4337888
1.1557515,-1.4337888
1.1557665,-1.4337888
1.1557815,-1.4337888
1.1557965,-1.4337888
1.1558115,-1.387557
1.1558266,-1.387557
1.1558416,-1.387557
1.1558566,-1.387557
1.1558716,-1.3413262
1.1558867,-1.3413262
1.1559017,-1.3413262
1.1559167,-1.3413262
1.1559317,-1.3413262
1.1559467,-1.2950945
1.1559618,-1.2950945
1.1559768,-1.2950945
1.1559918,-1.2950945
1.1560068,-1.2488632
1.1560218,-1.2488632
1.1560369,-1.2488632
1.1560519,-1.2488632
1.1560669,-1.2488632
1.1560819,-1.202632
1.1560969,-1.202632
1.156112,-1.202632
1.156127,-1.202632
1.156142,-1.202632
1.156157,-1.1564007
1.156172,-1.1564007
1.156187,-1.1564007
1.1562021,-1.1564007
1.1562171,-1.1101689
1.1562321,-1.1101689
1.1562471,-1.1101689
1.1562622,-1.1101689
1.1562772,-1.1101689
1.1562922,-1.0639377
1.1563072,-1.0639377
1.1563222,-1.0639377
1.1563373,-1.0639377
1.1563523,-1.0639377
1.1563673,-1.0177064
1.1563823,-1.0177064
1.1563973,-1.0177064
1.1564124,-1.0177064
1.1564274,-0.9714751
1.1564424,-0.9714751
1.1564574,-0.9714751
1.1564724,-0.9714751
1.1564875,-0.9714751
1.1565025,-0.9252434
1.1565175,-0.9252434
1.1565325,-0.9252434
1.1565475,-0.9252434
1.1565626,-0.9252434
1.1565776,-0.8790121
1.1565926,-0.8790121
1.1566076,-0.8790121
1.1566226,-0.8790121
1.1566377,-0.83278084
1.1566527,-0.83278084
1.1566677,-0.83278084
1.1566827,-0.83278084
1.1566978,-0.83278084
1.1567128,-0.78654957
1.1567278,-0.78654957
1.1567428,-0.78654957
1.1567578,-0.78654957
1.1567729,-0.7403178
1.1567879,-0.7403178
1.1568029,-0.7403178
1.1568179,-0.7403178
1.1568329,-0.7403178
1.156848,-0.694087
1.156863,-0.694087
1.156878,-0.694087
1.156893,-0.694087
1.156908,-0.694087
1.156923,-0.6478553
1.1569381,-0.6478553
1.1569531,-0.6478553
1.1569681,-0.6478553
1.1569831,-0.601624
1.1569983,-0.601624
1.1570133,-0.601624
1.1570283,-0.601624
1.1570433,-0.601624
1.1570584,-0.55539227
1.1570734,-0.55539227
1.1570884,-0.55539227
1.1571034,-0.55539227
1.1571184,-0.55539227
1.1571335,-0.5091615
1.1571485,-0.5091615
1.1571635,-0.5091615
1.1571785,-0.5091615
1.1571935,-0.5091615
1.1572086,-0.46292973
1.1572236,-0.46292973
1.1572386,-0.46292973
1.1572536,-0.46292973
1.1572686,-0.41669846
1.1572837,-0.41669846
1.1572987,-0.41669846
1.1573137,-0.41669846
1.1573287,-0.41669846
1.1573437,-0.3704667
1.1573588,-0.3704667
1.1573738,-0.3704667
1.1573888,-0.3704667
1.1574038,-0.32423592
1.1574188,-0.32423592
1.1574339,-0.32423592
1.1574489,-0.32423592
1.1574639,-0.32423592
1.1574789,-0.27800417
1.157494,-0.27800417
1.157509,-0.27800417
1.157524,-0.27800417
1.157539,-0.27800417
1.157554,-0.2317729
1.157569,-0.2317729
1.1575841,-0.2317729
1.1575991,-0.2317729
1.1576141,-0.18554163
1.1576291,-0.18554163
1.1576442,-0.18554163
1.1576592,-0.18554163
1.1576742,-0.18554163
1.1576892,-0.13931036
1.1577042,-0.13931036
1.1577193,-0.13931036
1.1577343,-0.13931036
1.1577493,-0.13931036
1.1577643,-0.09307861
1.1577793,-0.09307861
1.1577944,-0.09307861
1.1578094,-0.09307861
1.1578244,-0.09307861
1.1578394,-0.046847343
1.1578544,-0.046847343
1.1578695,-0.046847343
1.1578845,-0.046847343
1.1578995,-6.160736E-4
1.1579145,-6.160736E-4
1.1579295,-6.160736E-4
1.1579446,-6.160736E-4
1.1579596,0.045615196
1.1579746,0.045615196
1.1579896,0.045615196
1.1580046,0.045615196
1.1580197,0.045615196
1.1580347,0.091846466
1.1580497,0.091846466
1.1580647,0.091846466
1.1580797,0.091846466
1.1580948,0.091846466
1.1581098,0.13807821
1.1581248,0.13807821
1.1581398,0.13807821
1.1581548,0.13807821
1.1581699,0.13807821
1.1581849,0.184309
1.1581999,0.184309
1.1582149,0.184309
1.15823,0.184309
1.158245,0.23054075
1.15826,0.23054075
1.158275,0.23054075
1.15829,0.23054075
1.158305,0.23054075
1.1583201,0.27677202
1.1583351,0.27677202
1.1583501,0.27677202
1.1583651,0.27677202
1.1583802,0.27677202
1.1583952,0.3230033
1.1584102,0.3230033
1.1584252,0.3230033
1.1584402,0.3230033
1.1584553,0.36923456
1.1584703,0.36923456
1.1584853,0.36923456
1.1585003,0.36923456
1.1585153,0.36923456
1.1585304,0.4154663
1.1585454,0.4154663
1.1585604,0.4154663
1.1585754,0.4154663
1.1585904,0.4154663
1.1586055,0.46169758
1.1586205,0.46169758
1.1586355,0.46169758
1.1586505,0.46169758
1.1586655,0.50792885
1.1586806,0.50792885
1.1586956,0.50792885
1.1587106,0.50792885
1.1587256,0.50792885
1.1587406,0.5541601
1.1587557,0.5541601
1.1587707,0.5541601
1.1587857,0.5541601
1.1588007,0.5541601
1.1588157,0.60039186
1.1588308,0.60039186
1.1588458,0.60039186
1.1588608,0.60039186
1.1588758,0.60039186
1.1588908,0.64662313
1.1589059,0.64662313
1.1589209,0.64662313
1.1589359,0.64662313
1.1589509,0.64662313
1.158966,0.6928544
1.158981,0.6928544
1.158996,0.6928544
1.159011,0.6928544
1.159026,0.7390857
1.159041,0.7390857
1.1590561,0.7390857
1.1590711,0.7390857
1.1590861,0.7390857
1.1591011,0.7853174
1.1591161,0.7853174
1.1591312,0.7853174
1.1591462,0.7853174
1.1591612,0.7853174
1.1591762,0.8315482
1.1591913,0.8315482
1.1592063,0.8315482
1.1592213,0.8315482
1.1592363,0.8315482
1.1592513,0.87777996
1.1592664,0.87777996
1.1592814,0.87777996
1.1592964,0.87777996
1.1593114,0.87777996
1.1593264,0.92401123
1.1593415,0.92401123
1.1593565,0.92401123
1.1593715,0.92401123
1.1593865,0.92401123
1.1594015,0.970243
1.1594166,0.970243
1.1594316,0.970243
1.1594466,0.970243
1.1594616,0.970243
1.1594766,1.0164738
1.1594917,1.0164738
1.1595067,1.0164738
1.1595217,1.0164738
1.1595367,1.0627055
1.1595517,1.0627055
1.1595668,1.0627055
1.1595818,1.0627055
1.1595968,1.0627055
1.1596118,1.1089368
1.1596268,1.1089368
1.1596419,1.1089368
1.1596569,1.1089368
1.1596719,1.1089368
1.1596869,1.1551685
1.159702,1.1551685
1.159717,1.1551685
1.159732,1.1551685
1.159747,1.1551685
1.159762,1.2013993
1.159777,1.2013993
1.1597921,1.2013993
1.1598071,1.2013993
1.1598221,1.2013993
1.1598371,1.2476311
1.1598521,1.2476311
1.1598672,1.2476311
1.1598822,1.2476311
1.1598972,1.2476311
1.1599122,1.2938623
1.1599272,1.2938623
1.1599423,1.2938623
1.1599573,1.2938623
1.1599723,1.2938623
1.1599873,1.3400936
1.1600024,1.3400936
1.1600174,1.3400936
1.1600324,1.3400936
1.1600474,1.3400936
1.1600624,1.3863249
1.1600775,1.3863249
1.1600925,1.3863249
1.1601075,1.3863249
1.1601225,1.3863249
1.1601375,1.4325566
1.1601526,1.4325566
1.1601676,1.4325566
1.1601826,1.4325566
1.1601976,1.4325566
1.1602126,1.4787879
1.1602277,1.4787879
1.1602427,1.4787879
1.1602577,1.4787879
1.1602727,1.4787879
1.1602877,1.4787879
1.1603028,1.4787879
1.1603178,1.5250192
1.1603328,1.5250192
1.1603478,1.5250192
1.1603628,1.5250192
1.1603779,1.5250192
1.1603929,1.5712504
1.1604079,1.5712504
1.1604229,1.5712504
1.160438,1.5712504
1.160453,1.5712504
1.160468,1.5712504
1.160483,1.6174817
1.160498,1.6174817
1.1605132,1.6174817
1.1605282,1.6174817
1.1605432,1.6174817
1.1605582,1.6637135
1.1605732,1.6637135
1.1605883,1.6637135
1.1606033,1.6637135
1.1606183,1.6637135
1.1606333,1.7099442
1.1606483,1.7099442
1.1606634,1.7099442
1.1606784,1.7099442
1.1606934,1.7099442
1.1607084,1.756176
1.1607234,1.756176
1.1607385,1.756176
1.1607535,1.756176
1.1607685,1.756176
1.1607835,1.756176
1.1607985,1.756176
1.1608136,1.7099442
1.1608286,1.7099442
1.1608436,1.7099442
1.1608586,1.7099442
1.1608737,1.6637135
1.1608887,1.6637135
1.1609037,1.6637135
1.1609187,1.6637135
1.1609337,1.6637135
1.1609488,1.6174817
1.1609638,1.6174817
1.1609788,1.6174817
1.1609938,1.6174817
1.1610088,1.5712504
1.1610239,1.5712504
1.1610389,1.5712504
1.1610539,1.5712504
1.1610689,1.5250192
1.1610839,1.5250192
1.161099,1.5250192
1.161114,1.5250192
1.161129,1.5250192
1.161144,1.4787879
1.161159,1.4787879
1.161174,1.4787879
1.1611891,1.4787879
1.1612041,1.4787879
1.1612191,1.4787879
1.1612341,1.4325566
1.1612492,1.4325566
1.1612642,1.4325566
1.1612792,1.4325566
1.1612942,1.4325566
1.1613092,1.3863249
1.1613243,1.3863249
1.1613393,1.3863249
1.1613543,1.3863249
1.1613693,1.3400936
1.1613843,1.3400936
1.1613994,1.3400936
1.1614144,1.3400936
1.1614294,1.3400936
1.1614444,1.2938623
1.1614594,1.2938623
1.1614745,1.2938623
1.1614895,1.2938623
1.1615045,1.2476311
1.1615195,1.2476311
1.1615345,1.2476311
1.1615496,1.2476311
1.1615646,1.2013993
1.1615796,1.2013993
1.1615946,1.2013993
1.1616096,1.2013993
1.1616247,1.2013993
1.1616397,1.1551685
1.1616547,1.1551685
1.1616697,1.1551685
1.1616848,1.1551685
1.1616998,1.1089368
1.1617148,1.1089368
1.1617298,1.1089368
1.1617448,1.1089368
1.1617599,1.1089368
1.1617749,1.0627055
1.1617899,1.0627055
1.1618049,1.0627055
1.1618199,1.0627055
1.161835,1.0164738
1.16185,1.0164738
1.161865,1.0164738
1.16188,1.0164738
1.161895,0.970243
1.16191,0.970243
1.1619251,0.970243
1.1619401,0.970243
1.1619551,0.970243
1.1619701,0.92401123
1.1619852,0.92401123
1.1620002,0.92401123
1.1620152,0.92401123
1.1620302,0.87777996
1.1620452,0.87777996
1.1620603,0.87777996
1.1620753,0.87777996
1.1620903,0.87777996
1.1621053,0.8315482
1.1621203,0.8315482
1.1621354,0.8315482
1.1621504,0.8315482
1.1621654,0.7853174
1.1621804,0.7853174
1.1621954,0.7853174
1.1622105,0.7853174
1.1622255,0.7853174
1.1622405,0.7390857
1.1622555,0.7390857
1.1622705,0.7390857
1.1622856,0.7390857
1.1623006,0.6928544
1.1623156,0.6928544
1.1623306,0.6928544
1.1623456,0.6928544
1.1623607,0.6928544
1.1623757,0.64662313
1.1623907,0.64662313
1.1624057,0.64662313
1.1624207,0.64662313
1.1624358,0.60039186
1.1624508,0.60039186
1.1624658,0.60039186
1.1624808,0.60039186
1.1624959,0.5541601
1.1625109,0.5541601
1.1625259,0.5541601
1.1625409,0.5541601
1.1625559,0.5541601
1.162571,0.50792885
1.162586,0.50792885
1.162601,0.50792885
1.162616,0.50792885
1.162631,0.46169758
1.162646,0.46169758
1.1626611,0.46169758
1.1626761,0.46169758
1.1626911,0.46169758
1.1627061,0.4154663
1.1627212,0.4154663
1.1627362,0.4154663
1.1627512,0.4154663
1.1627662,0.36923456
1.1627812,0.36923456
1.1627963,0.36923456
1.1628113,0.36923456
1.1628263,0.3230033
1.1628413,0.3230033
1.1628563,0.3230033
1.1628714,0.3230033
1.1628864,0.3230033
1.1629014,0.27677202
1.1629164,0.27677202
1.1629314,0.27677202
1.1629465,0.27677202
1.1629615,0.23054075
1.1629765,0.23054075
1.1629915,0.23054075
1.1630065,0.23054075
1.1630216,0.23054075
1.1630366,0.184309
1.1630516,0.184309
1.1630666,0.184309
1.1630816,0.184309
1.1630967,0.13807821
1.1631117,0.13807821
1.1631267,0.13807821
1.1631417,0.13807821
1.1631567,0.13807821
1.1631718,0.091846466
1.1631868,0.091846466
1.1632018,0.091846466
1.1632168,0.091846466
1.1632318,0.045615196
1.1632469,0.045615196
1.1632619,0.045615196
1.1632769,0.045615196
1.1632919,0.045615196
1.163307,-6.160736E-4
1.163322,-6.160736E-4
1.163337,-6.160736E-4
1.163352,-6.160736E-4
1.163367,-0.046847343
1.163382,-0.046847343
1.1633971,-0.046847343
1.1634121,-0.046847343
1.1634271,-0.09307861
1.1634421,-0.09307861
1.1634572,-0.09307861
1.1634722,-0.09307861
1.1634872,-0.13931036
1.1635022,-0.13931036
1.1635172,-0.13931036
1.1635323,-0.13931036
1.1635473,-0.13931036
1.1635623,-0.18554163
1.1635773,-0.18554163
1.1635923,-0.18554163
1.1636074,-0.18554163
1.1636224,-0.2317729
1.1636374,-0.2317729
1.1636524,-0.2317729
1.1636674,-0.2317729
1.1636825,-0.2317729
1.1636975,-0.27800417
1.1637125,-0.27800417
1.1637275,-0.27800417
1.1637425,-0.27800417
1.1637576,-0.27800417
1.1637726,-0.32423592
1.1637876,-0.32423592
1.1638026,-0.32423592
1.1638176,-0.32423592
1.1638327,-0.3704667
1.1638477,-0.3704667
1.1638627,-0.3704667
1.1638777,-0.3704667
1.1638927,-0.3704667
1.1639078,-0.41669846
1.1639228,-0.41669846
1.1639378,-0.41669846
1.1639528,-0.41669846
1.1639678,-0.46292973
1.1639829,-0.46292973
1.1639979,-0.46292973
1.1640129,-0.46292973
1.1640279,-0.46292973
1.1640431,-0.5091615
1.1640581,-0.5091615
1.1640731,-0.5091615
1.1640881,-0.5091615
1.1641032,-0.55539227
1.1641182,-0.55539227
1.1641332,-0.55539227
1.1641482,-0.55539227
1.1641632,-0.55539227
1.1641783,-0.601624
1.1641933,-0.601624
1.1642083,-0.601624
1.1642233,-0.601624
1.1642383,-0.601624
1.1642534,-0.6478553
1.1642684,-0.6478553
1.1642834,-0.6478553
1.1642984,-0.6478553
1.1643134,-0.694087
1.1643285,-0.694087
1.1643435,-0.694087
1.1643585,-0.694087
1.1643735,-0.694087
1.1643885,-0.7403178
1.1644036,-0.7403178
1.1644186,-0.7403178
1.1644336,-0.7403178
1.1644486,-0.7403178
1.1644636,-0.78654957
1.1644787,-0.78654957
1.1644937,-0.78654957
1.1645087,-0.78654957
1.1645237,-0.78654957
1.1645387,-0.83278084
1.1645538,-0.83278084
1.1645688,-0.83278084
1.1645838,-0.83278084
1.1645988,-0.8790121
1.1646138,-0.8790121
1.1646289,-0.8790121
1.1646439,-0.8790121
1.1646589,-0.8790121
1.1646739,-0.9252434
1.164689,-0.9252434
1.164704,-0.9252434
1.164719,-0.9252434
1.164734,-0.9714751
1.164749,-0.9714751
1.164764,-0.9714751
1.1647791,-0.9714751
1.1647941,-0.9714751
1.1648091,-1.0177064
1.1648241,-1.0177064
1.1648391,-1.0177064
1.1648542,-1.0177064
1.1648692,-1.0177064
1.1648842,-1.0639377
1.1648992,-1.0639377
1.1649143,-1.0639377
1.1649293,-1.0639377
1.1649443,-1.0639377
1.1649593,-1.1101689
1.1649743,-1.1101689
1.1649894,-1.1101689
1.1650044,-1.1101689
1.1650194,-1.1564007
1.1650344,-1.1564007
1.1650494,-1.1564007
1.1650645,-1.1564007
1.1650795,-1.1564007
1.1650945,-1.202632
1.1651095,-1.202632
1.1651245,-1.202632
1.1651396,-1.202632
1.1651546,-1.202632
1.1651696,-1.2488632
1.1651846,-1.2488632
1.1651996,-1.2488632
1.1652147,-1.2488632
1.1652297,-1.2488632
1.1652447,-1.2950945
1.1652597,-1.2950945
1.1652747,-1.2950945
1.1652898,-1.2950945
1.1653048,-1.3413262
1.1653198,-1.3413262
1.1653348,-1.3413262
1.1653498,-1.3413262
1.1653649,-1.3413262
1.1653799,-1.387557
1.1653949,-1.387557
1.1654099,-1.387557
1.165425,-1.387557
1.16544,-1.387557
1.165455,-1.4337888
1.16547,-1.4337888
1.165485,-1.4337888
1.1655,-1.4337888
1.1655151,-1.4337888
1.1655301,-1.48002
1.1655451,-1.48002
1.1655601,-1.48002
1.1655751,-1.48002
1.1655902,-1.48002
1.1656052,-1.48002
1.1656202,-1.48002
1.1656352,-1.48002
1.1656502,-1.5262513
1.1656653,-1.5262513
1.1656803,-1.5262513
1.1656953,-1.5262513
1.1657103,-1.5262513
1.1657254,-1.5724826
1.1657404,-1.5724826
1.1657554,-1.5724826
1.1657704,-1.5724826
1.1657854,-1.5724826
1.1658005,-1.6187139
1.1658155,-1.6187139
1.1658305,-1.6187139
1.1658455,-1.6187139
1.1658605,-1.6187139
1.1658756,-1.6187139
1.1658906,-1.6187139
1.1659056,-1.6187139
1.1659206,-1.5724826
1.1659356,-1.5724826
1.1659507,-1.5724826
1.1659657,-1.5724826
1.1659807,-1.5724826
1.1659957,-1.5262513
1.1660107,-1.5262513
1.1660258,-1.5262513
1.1660408,-1.5262513
1.1660558,-1.48002
1.1660708,-1.48002
1.1660858,-1.48002
1.1661009,-1.48002
1.1661159,-1.48002
1.1661309,-1.48002
1.1661459,-1.48002
1.166161,-1.48002
1.166176,-1.4337888
1.166191,-1.4337888
1.166206,-1.4337888
1.166221,-1.4337888
1.166236,-1.387557
1.1662511,-1.387557
1.1662661,-1.387557
1.1662811,-1.387557
1.1662961,-1.387557
1.1663111,-1.3413262
1.1663262,-1.3413262
1.1663412,-1.3413262
1.1663562,-1.3413262
1.1663712,-1.2950945
1.1663862,-1.2950945
1.1664013,-1.2950945
1.1664163,-1.2950945
1.1664313,-1.2950945
1.1664463,-1.2488632
1.1664613,-1.2488632
1.1664764,-1.2488632
1.1664914,-1.2488632
1.1665064,-1.2488632
1.1665214,-1.202632
1.1665365,-1.202632
1.1665515,-1.202632
1.1665665,-1.202632
1.1665815,-1.1564007
1.1665965,-1.1564007
1.1666116,-1.1564007
1.1666266,-1.1564007
1.1666416,-1.1564007
1.1666566,-1.1101689
1.1666716,-1.1101689
1.1666867,-1.1101689
1.1667017,-1.1101689
1.1667167,-1.0639377
1.1667317,-1.0639377
1.1667467,-1.0639377
1.1667618,-1.0639377
1.1667768,-1.0639377
1.1667918,-1.0177064
1.1668068,-1.0177064
1.1668218,-1.0177064
1.1668369,-1.0177064
1.1668519,-1.0177064
1.1668669,-0.9714751
1.1668819,-0.9714751
1.1668969,-0.9714751
1.166912,-0.9714751
1.166927,-0.9252434
1.166942,-0.9252434
1.166957,-0.9252434
1.166972,-0.9252434
1.1669871,-0.9252434
1.1670021,-0.8790121
1.1670171,-0.8790121
1.1670321,-0.8790121
1.1670471,-0.8790121
1.1670622,-0.8790121
1.1670772,-0.83278084
1.1670922,-0.83278084
1.1671072,-0.83278084
1.1671222,-0.83278084
1.1671373,-0.78654957
1.1671523,-0.78654957
1.1671673,-0.78654957
1.1671823,-0.78654957
1.1671973,-0.78654957
1.1672124,-0.7403178
1.1672274,-0.7403178
1.1672424,-0.7403178
1.1672574,-0.7403178
1.1672724,-0.7403178
1.1672875,-0.694087
1.1673025,-0.694087
1.1673175,-0.694087
1.1673325,-0.694087
1.1673476,-0.694087
1.1673626,-0.6478553
1.1673776,-0.6478553
1.1673926,-0.6478553
1.1674076,-0.6478553
1.1674227,-0.601624
1.1674377,-0.601624
1.1674527,-0.601624
1.1674677,-0.601624
1.1674827,-0.601624
1.1674978,-0.55539227
1.1675128,-0.55539227
1.1675278,-0.55539227
1.1675428,-0.55539227
1.167558,-0.5091615
1.167573,-0.5091615
1.167588,-0.5091615
1.167603,-0.5091615
1.167618,-0.5091615
1.167633,-0.46292973
1.1676481,-0.46292973
1.1676631,-0.46292973
1.1676781,-0.46292973
1.1676931,-0.46292973
1.1677082,-0.41669846
1.1677232,-0.41669846
1.1677382,-0.41669846
1.1677532,-0.41669846
1.1677682,-0.41669846
1.1677833,-0.3704667
1.1677983,-0.3704667
1.1678133,-0.3704667
1.1678283,-0.3704667
1.1678433,-0.32423592
1.1678584,-0.32423592
1.1678734,-0.32423592
1.1678884,-0.32423592
1.1679034,-0.32423592
1.1679184,-0.27800417
1.1679335,-0.27800417
1.1679485,-0.27800417
1.1679635,-0.27800417
1.1679785,-0.2317729
1.1679935,-0.2317729
1.1680086,-0.2317729
1.1680236,-0.2317729
1.1680386,-0.2317729
1.1680536,-0.18554163
1.1680686,-0.18554163
1.1680837,-0.18554163
1.1680987,-0.18554163
1.1681137,-0.18554163
1.1681287,-0.13931036
1.1681437,-0.13931036
1.1681588,-0.13931036
1.1681738,-0.13931036
1.1681888,-0.09307861
1.1682038,-0.09307861
1.1682189,-0.09307861
1.1682339,-0.09307861
1.1682489,-0.09307861
1.1682639,-0.046847343
1.1682789,-0.046847343
1.168294,-0.046847343
1.168309,-0.046847343
1.168324,-0.046847343
1.168339,-6.160736E-4
1.168354,-6.160736E-4
1.168369,-6.160736E-4
1.1683841,-6.160736E-4
1.1683991,0.045615196
1.1684141,0.045615196
1.1684291,0.045615196
1.1684442,0.045615196
1.1684592,0.045615196
1.1684742,0.091846466
1.1684892,0.091846466
1.1685042,0.091846466
1.1685193,0.091846466
1.1685343,0.13807821
1.1685493,0.13807821
1.1685643,0.13807821
1.1685793,0.13807821
1.1685944,0.13807821
1.1686094,0.184309
1.1686244,0.184309
1.1686394,0.184309
1.1686544,0.184309
1.1686695,0.184309
1.1686845,0.23054075
1.1686995,0.23054075
1.1687145,0.23054075
1.1687295,0.23054075
1.1687446,0.23054075
1.1687596,0.27677202
1.1687746,0.27677202
1.1687896,0.27677202
1.1688046,0.27677202
1.1688197,0.3230033
1.1688347,0.3230033
1.1688497,0.3230033
1.1688647,0.3230033
1.1688797,0.3230033
1.1688948,0.36923456
1.1689098,0.36923456
1.1689248,0.36923456
1.1689398,0.36923456
1.1689548,0.36923456
1.1689699,0.4154663
1.1689849,0.4154663
1.1689999,0.4154663
1.1690149,0.4154663
1.16903,0.46169758
1.169045,0.46169758
1.16906,0.46169758
1.169075,0.46169758
1.16909,0.46169758
1.169105,0.50792885
1.1691201,0.50792885
1.1691351,0.50792885
1.1691501,0.50792885
1.1691651,0.50792885
1.1691802,0.5541601
1.1691952,0.5541601
1.1692102,0.5541601
1.1692252,0.5541601
1.1692402,0.5541601
1.1692553,0.60039186
1.1692703,0.60039186
1.1692853,0.60039186
1.1693003,0.60039186
1.1693153,0.64662313
1.1693304,0.64662313
1.1693454,0.64662313
1.1693604,0.64662313
1.1693754,0.64662313
1.1693904,0.6928544
1.1694055,0.6928544
1.1694205,0.6928544
1.1694355,0.6928544
1.1694505,0.6928544
1.1694655,0.7390857
1.1694806,0.7390857
1.1694956,0.7390857
1.1695106,0.7390857
1.1695256,0.7390857
1.1695406,0.7853174
1.1695557,0.7853174
1.1695707,0.7853174
1.1695857,0.7853174
1.1696007,0.7853174
1.1696157,0.8315482
1.1696308,0.8315482
1.1696458,0.8315482
1.1696608,0.8315482
1.1696758,0.8315482
1.1696908,0.87777996
1.1697059,0.87777996
1.1697209,0.87777996
1.1697359,0.87777996
1.1697509,0.92401123
1.169766,0.92401123
1.169781,0.92401123
1.169796,0.92401123
1.169811,0.92401123
1.169826,0.970243
1.169841,0.970243
1.1698561,0.970243
1.1698711,0.970243
1.1698861,0.970243
1.1699011,1.0164738
1.1699162,1.0164738
1.1699312,1.0164738
1.1699462,1.0164738
1.1699612,1.0164738
1.1699762,1.0627055
1.1699913,1.0627055
1.1700063,1.0627055
1.1700213,1.0627055
1.1700363,1.0627055
1.1700513,1.1089368
1.1700664,1.1089368
1.1700814,1.1089368
1.1700964,1.1089368
1.1701114,1.1089368
1.1701264,1.1551685
1.1701415,1.1551685
1.1701565,1.1551685
1.1701715,1.1551685
1.1701865,1.1551685
1.1702015,1.2013993
1.1702166,1.2013993
1.1702316,1.2013993
1.1702466,1.2013993
1.1702616,1.2013993
1.1702766,1.2476311
1.1702917,1.2476311
1.1703067,1.2476311
1.1703217,1.2476311
1.1703367,1.2938623
1.1703517,1.2938623
1.1703668,1.2938623
1.1703818,1.2938623
1.1703968,1.2938623
1.1704118,1.2938623
1.1704268,1.3400936
1.1704419,1.3400936
1.1704569,1.3400936
1.1704719,1.3400936
1.1704869,1.3863249
1.170502,1.3863249
1.170517,1.3863249
1.170532,1.3863249
1.170547,1.3863249
1.170562,1.4325566
1.170577,1.4325566
1.1705921,1.4325566
1.1706071,1.4325566
1.1706221,1.4325566
1.1706371,1.4325566
1.1706522,1.4787879
1.1706672,1.4787879
1.1706822,1.4787879
1.1706972,1.4787879
1.1707122,1.4787879
1.1707273,1.4787879
1.1707423,1.4787879
1.1707573,1.5250192
1.1707723,1.5250192
1.1707873,1.5250192
1.1708024,1.5250192
1.1708174,1.5250192
1.1708324,1.5712504
1.1708474,1.5712504
1.1708624,1.5712504
1.1708775,1.5712504
1.1708925,1.5712504
1.1709075,1.6174817
1.1709225,1.6174817
1.1709375,1.6174817
1.1709526,1.6174817
1.1709676,1.6174817
1.1709826,1.6637135
1.1709976,1.6637135
1.1710126,1.6637135
1.1710277,1.6637135
1.1710427,1.6637135
1.1710577,1.6637135
1.1710727,1.7099442
1.1710879,1.7099442
1.1711029,1.7099442
1.1711179,1.7099442
1.1711329,1.7099442
1.171148,1.756176
1.171163,1.756176
1.171178,1.756176
1.171193,1.756176
1.171208,1.756176
1.171223,1.756176
1.1712381,1.756176
1.1712531,1.7099442
1.1712681,1.7099442
1.1712831,1.7099442
1.1712981,1.7099442
1.1713132,1.6637135
1.1713282,1.6637135
1.1713432,1.6637135
1.1713582,1.6637135
1.1713732,1.6174817
1.1713883,1.6174817
1.1714033,1.6174817
1.1714183,1.6174817
1.1714333,1.6174817
1.1714483,1.5712504
1.1714634,1.5712504
1.1714784,1.5712504
1.1714934,1.5712504
1.1715084,1.5250192
1.1715235,1.5250192
1.1715385,1.5250192
1.1715535,1.5250192
1.1715685,1.4787879
1.1715835,1.4787879
1.1715986,1.4787879
1.1716136,1.4787879
1.1716286,1.4787879
1.1716436,1.4787879
1.1716586,1.4787879
1.1716737,1.4325566
1.1716887,1.4325566
1.1717037,1.4325566
1.1717187,1.4325566
1.1717337,1.4325566
1.1717488,1.3863249
1.1717638,1.3863249
1.1717788,1.3863249
1.1717938,1.3863249
1.1718088,1.3400936
1.1718239,1.3400936
1.1718389,1.3400936
1.1718539,1.3400936
1.1718689,1.2938623
1.171884,1.2938623
1.171899,1.2938623
1.171914,1.2938623
1.171929,1.2938623
1.171944,1.2476311
1.171959,1.2476311
1.1719741,1.2476311
1.1719891,1.2476311
1.1720041,1.2013993
1.1720191,1.2013993
1.1720341,1.2013993
1.1720492,1.2013993
1.1720642,1.2013993
1.1720792,1.1551685
1.1720942,1.1551685
1.1721092,1.1551685
1.1721243,1.1551685
1.1721393,1.1089368
1.1721543,1.1089368
1.1721693,1.1089368
1.1721843,1.1089368
1.1721994,1.0627055
1.1722144,1.0627055
1.1722294,1.0627055
1.1722444,1.0627055
1.1722594,1.0627055
1.1722745,1.0164738
1.1722895,1.0164738
1.1723045,1.0164738
1.1723195,1.0164738
1.1723346,0.970243
1.1723496,0.970243
1.1723646,0.970243
1.1723796,0.970243
1.1723946,0.970243
1.1724097,0.92401123
1.1724247,0.92401123
1.1724397,0.92401123
1.1724547,0.92401123
1.1724697,0.87777996
1.1724848,0.87777996
1.1724998,0.87777996
1.1725148,0.87777996
1.1725298,0.8315482
1.1725448,0.8315482
1.1725599,0.8315482
1.1725749,0.8315482
1.1725899,0.8315482
1.1726049,0.7853174
1.1726199,0.7853174
1.172635,0.7853174
1.17265,0.7853174
1.172665,0.7390857
1.17268,0.7390857
1.172695,0.7390857
1.1727101,0.7390857
1.1727251,0.7390857
1.1727401,0.6928544
1.1727551,0.6928544
1.1727701,0.6928544
1.1727852,0.6928544
1.1728002,0.64662313
1.1728152,0.64662313
1.1728302,0.64662313
1.1728452,0.64662313
1.1728603,0.60039186
1.1728753,0.60039186
1.1728903,0.60039186
1.1729053,0.60039186
1.1729203,0.60039186
1.1729354,0.5541601
1.1729504,0.5541601
1.1729654,0.5541601
1.1729804,0.5541601
1.1729954,0.50792885
1.1730105,0.50792885
1.1730255,0.50792885
1.1730405,0.50792885
1.1730555,0.50792885
1.1730705,0.46169758
1.1730856,0.46169758
1.1731006,0.46169758
1.1731156,0.46169758
1.1731306,0.4154663
1.1731457,0.4154663
1.1731607,0.4154663
1.1731757,0.4154663
1.1731907,0.4154663
1.1732057,0.36923456
1.1732208,0.36923456
1.1732358,0.36923456
1.1732508,0.36923456
1.1732658,0.3230033
1.1732808,0.3230033
1.1732959,0.3230033
1.1733109,0.3230033
1.1733259,0.27677202
1.1733409,0.27677202
1.1733559,0.27677202
1.173371,0.27677202
1.173386,0.27677202
1.173401,0.23054075
1.173416,0.23054075
1.173431,0.23054075
1.173446,0.23054075
1.1734611,0.184309
1.1734761,0.184309
1.1734911,0.184309
1.1735061,0.184309
1.1735212,0.184309
1.1735362,0.13807821
1.1735512,0.13807821
1.1735662,0.13807821
1.1735812,0.13807821
1.1735963,0.091846466
1.1736113,0.091846466
1.1736263,0.091846466
1.1736413,0.091846466
1.1736563,0.045615196
1.1736714,0.045615196
1.1736864,0.045615196
1.1737014,0.045615196
1.1737164,0.045615196
1.1737314,-6.160736E-4
1.1737465,-6.160736E-4
1.1737615,-6.160736E-4
1.1737765,-6.160736E-4
1.1737915,-0.046847343
1.1738065,-0.046847343
1.1738216,-0.046847343
1.1738366,-0.046847343
1.1738516,-0.046847343
1.1738666,-0.09307861
1.1738816,-0.09307861
1.1738967,-0.09307861
1.1739117,-0.09307861
1.1739267,-0.13931036
1.1739417,-0.13931036
1.1739568,-0.13931036
1.1739718,-0.13931036
1.1739868,-0.13931036
1.1740018,-0.18554163
1.1740168,-0.18554163
1.1740319,-0.18554163
1.1740469,-0.18554163
1.1740619,-0.2317729
1.1740769,-0.2317729
1.1740919,-0.2317729
1.174107,-0.2317729
1.174122,-0.2317729
1.174137,-0.27800417
1.174152,-0.27800417
1.174167,-0.27800417
1.174182,-0.27800417
1.1741971,-0.32423592
1.1742121,-0.32423592
1.1742271,-0.32423592
1.1742421,-0.32423592
1.1742572,-0.32423592
1.1742722,-0.3704667
1.1742872,-0.3704667
1.1743022,-0.3704667
1.1743172,-0.3704667
1.1743323,-0.41669846
1.1743473,-0.41669846
1.1743623,-0.41669846
1.1743773,-0.41669846
1.1743923,-0.41669846
1.1744074,-0.46292973
1.1744224,-0.46292973
1.1744374,-0.46292973
1.1744524,-0.46292973
1.1744674,-0.46292973
1.1744825,-0.5091615
1.1744975,-0.5091615
1.1745125,-0.5091615
1.1745275,-0.5091615
1.1745425,-0.55539227
1.1745576,-0.55539227
1.1745726,-0.55539227
1.1745876,-0.55539227
1.1746027,-0.55539227
1.1746178,-0.601624
1.1746328,-0.601624
1.1746478,-0.601624
1.1746628,-0.601624
1.1746778,-0.6478553
1.1746929,-0.6478553
1.1747079,-0.6478553
1.1747229,-0.6478553
1.1747379,-0.6478553
1.174753,-0.694087
1.174768,-0.694087
1.174783,-0.694087
1.174798,-0.694087
1.174813,-0.694087
1.174828,-0.7403178
1.1748431,-0.7403178
1.1748581,-0.7403178
1.1748731,-0.7403178
1.1748881,-0.7403178
1.1749032,-0.78654957
1.1749182,-0.78654957
1.1749332,-0.78654957
1.1749482,-0.78654957
1.1749632,-0.83278084
1.1749783,-0.83278084
1.1749933,-0.83278084
1.1750083,-0.83278084
1.1750233,-0.83278084
1.1750383,-0.8790121
1.1750534,-0.8790121
1.1750684,-0.8790121
1.1750834,-0.8790121
1.1750984,-0.9252434
1.1751134,-0.9252434
1.1751285,-0.9252434
1.1751435,-0.9252434
1.1751585,-0.9252434
1.1751735,-0.9714751
1.1751885,-0.9714751
1.1752036,-0.9714751
1.1752186,-0.9714751
1.1752336,-0.9714751
1.1752486,-1.0177064
1.1752636,-1.0177064
1.1752787,-1.0177064
1.1752937,-1.0177064
1.1753087,-1.0639377
1.1753237,-1.0639377
1.1753387,-1.0639377
1.1753538,-1.0639377
1.1753688,-1.0639377
1.1753838,-1.1101689
1.1753988,-1.1101689
1.1754138,-1.1101689
1.1754289,-1.1101689
1.1754439,-1.1101689
1.1754589,-1.1564007
1.1754739,-1.1564007
1.175489,-1.1564007
1.175504,-1.1564007
1.175519,-1.1564007
1.175534,-1.202632
1.175549,-1.202632
1.175564,-1.202632
1.1755791,-1.202632
1.1755941,-1.202632
1.1756091,-1.2488632
1.1756241,-1.2488632
1.1756392,-1.2488632
1.1756542,-1.2488632
1.1756692,-1.2950945
1.1756842,-1.2950945
1.1756992,-1.2950945
1.1757143,-1.2950945
1.1757293,-1.2950945
1.1757443,-1.3413262
1.1757593,-1.3413262
1.1757743,-1.3413262
1.1757894,-1.3413262
1.1758044,-1.3413262
1.1758194,-1.387557
1.1758344,-1.387557
1.1758494,-1.387557
1.1758645,-1.387557
1.1758795,-1.387557
1.1758945,-1.4337888
1.1759095,-1.4337888
1.1759245,-1.4337888
1.1759396,-1.4337888
1.1759546,-1.4337888
1.1759696,-1.48002
1.1759846,-1.48002
1.1759996,-1.48002
1.1760147,-1.48002
1.1760297,-1.48002
1.1760447,-1.48002
1.1760597,-1.48002
1.1760747,-1.48002
1.1760898,-1.5262513
1.1761048,-1.5262513
1.1761198,-1.5262513
1.1761348,-1.5262513
1.1761498,-1.5724826
1.1761649,-1.5724826
1.1761799,-1.5724826
1.1761949,-1.5724826
1.1762099,-1.5724826
1.176225,-1.6187139
1.17624,-1.6187139
1.176255,-1.6187139
1.17627,-1.6187139
1.176285,-1.6187139
1.1763,-1.6187139
1.1763151,-1.6187139
1.1763301,-1.6187139
1.1763451,-1.6187139
1.1763601,-1.5724826
1.1763752,-1.5724826
1.1763902,-1.5724826
1.1764052,-1.5724826
1.1764202,-1.5724826
1.1764352,-1.5262513
1.1764503,-1.5262513
1.1764653,-1.5262513
1.1764803,-1.5262513
1.1764953,-1.48002
1.1765103,-1.48002
1.1765254,-1.48002
1.1765404,-1.48002
1.1765554,-1.48002
1.1765704,-1.48002
1.1765854,-1.48002
1.1766005,-1.4337888
1.1766155,-1.4337888
1.1766305,-1.4337888
1.1766455,-1.4337888
1.1766605,-1.4337888
1.1766756,-1.387557
1.1766906,-1.387557
1.1767056,-1.387557
1.1767206,-1.387557
1.1767356,-1.3413262
1.1767507,-1.3413262
1.1767657,-1.3413262
1.1767807,-1.3413262
1.1767957,-1.3413262
1.1768107,-1.2950945
1.1768258,-1.2950945
1.1768408,-1.2950945
1.1768558,-1.2950945
1.1768708,-1.2950945
1.1768858,-1.2488632
1.1769009,-1.2488632
1.1769159,-1.2488632
1.1769309,-1.2488632
1.1769459,-1.202632
1.176961,-1.202632
1.176976,-1.202632
1.176991,-1.202632
1.177006,-1.202632
1.177021,-1.1564007
1.177036,-1.1564007
1.1770511,-1.1564007
1.1770661,-1.1564007
1.1770811,-1.1564007
1.1770961,-1.1101689
1.1771111,-1.1101689
1.1771262,-1.1101689
1.1771412,-1.1101689
1.1771562,-1.0639377
1.1771712,-1.0639377
1.1771863,-1.0639377
1.1772013,-1.0639377
1.1772163,-1.0639377
1.1772313,-1.0177064
1.1772463,-1.0177064
1.1772614,-1.0177064
1.1772764,-1.0177064
1.1772914,-1.0177064
1.1773064,-0.9714751
1.1773214,-0.9714751
1.1773365,-0.9714751
1.1773515,-0.9714751
1.1773665,-0.9252434
1.1773815,-0.9252434
1.1773965,-0.9252434
1.1774116,-0.9252434
1.1774266,-0.9252434
1.1774416,-0.8790121
1.1774566,-0.8790121
1.1774716,-0.8790121
1.1774867,-0.8790121
1.1775017,-0.83278084
1.1775167,-0.83278084
1.1775317,-0.83278084
1.1775467,-0.83278084
1.1775618,-0.83278084
1.1775768,-0.78654957
1.1775918,-0.78654957
1.1776068,-0.78654957
1.1776218,-0.78654957
1.1776369,-0.78654957
1.1776519,-0.7403178
1.1776669,-0.7403178
1.1776819,-0.7403178
1.177697,-0.7403178
1.177712,-0.7403178
1.177727,-0.694087
1.177742,-0.694087
1.177757,-0.694087
1.177772,-0.694087
1.1777871,-0.6478553
1.1778021,-0.6478553
1.1778171,-0.6478553
1.1778321,-0.6478553
1.1778471,-0.6478553
1.1778622,-0.601624
1.1778772,-0.601624
1.1778922,-0.601624
1.1779072,-0.601624
1.1779222,-0.55539227
1.1779373,-0.55539227
1.1779523,-0.55539227
1.1779673,-0.55539227
1.1779823,-0.55539227
1.1779974,-0.5091615
1.1780124,-0.5091615
1.1780274,-0.5091615
1.1780424,-0.5091615
1.1780574,-0.5091615
1.1780725,-0.46292973
1.1780875,-0.46292973
1.1781025,-0.46292973
1.1781175,-0.46292973
1.1781327,-0.46292973
1.1781477,-0.41669846
1.1781627,-0.41669846
1.1781777,-0.41669846
1.1781927,-0.41669846
1.1782078,-0.3704667
1.1782228,-0.3704667
1.1782378,-0.3704667
1.1782528,-0.3704667
1.1782678,-0.3704667
1.1782829,-0.32423592
1.1782979,-0.32423592
1.1783129,-0.32423592
1.1783279,-0.32423592
1.1783429,-0.27800417
1.178358,-0.27800417
1.178373,-0.27800417
1.178388,-0.27800417
1.178403,-0.27800417
1.178418,-0.2317729
1.1784331,-0.2317729
1.1784481,-0.2317729
1.1784631,-0.2317729
1.1784781,-0.2317729
1.1784931,-0.18554163
1.1785082,-0.18554163
1.1785232,-0.18554163
1.1785382,-0.18554163
1.1785532,-0.13931036
1.1785682,-0.13931036
1.1785833,-0.13931036
1.1785983,-0.13931036
1.1786133,-0.13931036
1.1786283,-0.09307861
1.1786433,-0.09307861
1.1786584,-0.09307861
1.1786734,-0.09307861
1.1786884,-0.09307861
1.1787034,-0.046847343
1.1787184,-0.046847343
1.1787335,-0.046847343
1.1787485,-0.046847343
1.1787635,-6.160736E-4
1.1787785,-6.160736E-4
1.1787935,-6.160736E-4
1.1788086,-6.160736E-4
1.1788236,-6.160736E-4
1.1788386,0.045615196
1.1788536,0.045615196
1.1788687,0.045615196
1.1788837,0.045615196
1.1788987,0.091846466
1.1789137,0.091846466
1.1789287,0.091846466
1.1789438,0.091846466
1.1789588,0.091846466
1.1789738,0.13807821
1.1789888,0.13807821
1.1790038,0.13807821
1.1790189,0.13807821
1.1790339,0.13807821
1.1790489,0.184309
1.1790639,0.184309
1.1790789,0.184309
1.179094,0.184309
1.179109,0.23054075
1.179124,0.23054075
1.179139,0.23054075
1.179154,0.23054075
1.179169,0.23054075
1.1791841,0.27677202
1.1791991,0.27677202
1.1792141,0.27677202
1.1792291,0.27677202
1.1792442,0.27677202
1.1792592,0.3230033
1.1792742,0.3230033
1.1792892,0.3230033
1.1793042,0.3230033
1.1793193,0.36923456
1.1793343,0.36923456
1.1793493,0.36923456
1.1793643,0.36923456
1.1793793,0.36923456
1.1793944,0.4154663
1.1794094,0.4154663
1.1794244,0.4154663
1.1794394,0.4154663
1.1794544,0.4154663
1.1794695,0.46169758
1.1794845,0.46169758
1.1794995,0.46169758
1.1795145,0.46169758
1.1795295,0.46169758
1.1795446,0.50792885
1.1795596,0.50792885
1.1795746,0.50792885
1.1795896,0.50792885
1.1796046,0.5541601
1.1796197,0.5541601
1.1796347,0.5541601
1.1796497,0.5541601
1.1796647,0.5541601
1.1796798,0.60039186
1.1796948,0.60039186
1.1797098,0.60039186
1.1797248,0.60039186
1.1797398,0.60039186
1.1797549,0.64662313
1.1797699,0.64662313
1.1797849,0.64662313
1.1797999,0.64662313
1.1798149,0.64662313
1.17983,0.6928544
1.179845,0.6928544
1.17986,0.6928544
1.179875,0.6928544
1.17989,0.7390857
1.179905,0.7390857
1.1799201,0.7390857
1.1799351,0.7390857
1.1799501,0.7390857
1.1799651,0.7390857
1.1799802,0.7853174
1.1799952,0.7853174
1.1800102,0.7853174
1.1800252,0.7853174
1.1800402,0.8315482
1.1800553,0.8315482
1.1800703,0.8315482
1.1800853,0.8315482
1.1801003,0.8315482
1.1801153,0.87777996
1.1801304,0.87777996
1.1801454,0.87777996
1.1801604,0.87777996
1.1801754,0.87777996
1.1801904,0.92401123
1.1802055,0.92401123
1.1802205,0.92401123
1.1802355,0.92401123
1.1802505,0.92401123
1.1802655,0.970243
1.1802806,0.970243
1.1802956,0.970243
1.1803106,0.970243
1.1803256,0.970243
1.1803406,1.0164738
1.1803557,1.0164738
1.1803707,1.0164738
1.1803857,1.0164738
1.1804007,1.0164738
1.1804157,1.0627055
1.1804308,1.0627055
1.1804458,1.0627055
1.1804608,1.0627055
1.1804758,1.0627055
1.1804909,1.1089368
1.1805059,1.1089368
1.1805209,1.1089368
1.1805359,1.1089368
1.1805509,1.1551685
1.180566,1.1551685
1.180581,1.1551685
1.180596,1.1551685
1.180611,1.1551685
1.180626,1.2013993
1.180641,1.2013993
1.1806561,1.2013993
1.1806711,1.2013993
1.1806861,1.2013993
1.1807011,1.2476311
1.1807162,1.2476311
1.1807312,1.2476311
1.1807462,1.2476311
1.1807612,1.2476311
1.1807762,1.2938623
1.1807913,1.2938623
1.1808063,1.2938623
1.1808213,1.2938623
1.1808363,1.2938623
1.1808513,1.3400936
1.1808664,1.3400936
1.1808814,1.3400936
1.1808964,1.3400936
1.1809114,1.3400936
1.1809264,1.3863249
1.1809415,1.3863249
1.1809565,1.3863249
1.1809715,1.3863249
1.1809865,1.3863249
1.1810015,1.4325566
1.1810166,1.4325566
1.1810316,1.4325566
1.1810466,1.4325566
1.1810616,1.4325566
1.1810766,1.4787879
1.1810917,1.4787879
1.1811067,1.4787879
1.1811217,1.4787879
1.1811367,1.4787879
1.1811517,1.4787879
1.1811668,1.4787879
1.1811818,1.4787879
1.1811968,1.5250192
1.1812118,1.5250192
1.1812268,1.5250192
1.1812419,1.5250192
1.1812569,1.5250192
1.1812719,1.5712504
1.1812869,1.5712504
1.181302,1.5712504
1.181317,1.5712504
1.181332,1.5712504
1.181347,1.6174817
1.181362,1.6174817
1.181377,1.6174817
1.1813921,1.6174817
1.1814071,1.6174817
1.1814221,1.6637135
1.1814371,1.6637135
1.1814522,1.6637135
1.1814672,1.6637135
1.1814822,1.6637135
1.1814972,1.7099442
1.1815122,1.7099442
1.1815273,1.7099442
1.1815423,1.7099442
1.1815573,1.7099442
1.1815723,1.756176
1.1815873,1.756176
1.1816024,1.756176
1.1816174,1.756176
1.1816324,1.756176
1.1816475,1.756176
1.1816626,1.756176
1.1816776,1.756176
1.1816926,1.7099442
1.1817076,1.7099442
1.1817226,1.7099442
1.1817377,1.7099442
1.1817527,1.6637135
1.1817677,1.6637135
1.1817827,1.6637135
1.1817977,1.6637135
1.1818128,1.6174817
1.1818278,1.6174817
1.1818428,1.6174817
1.1818578,1.6174817
1.1818728,1.5712504
1.1818879,1.5712504
1.1819029,1.5712504
1.1819179,1.5712504
1.1819329,1.5712504
1.181948,1.5250192
1.181963,1.5250192
1.181978,1.5250192
1.181993,1.5250192
1.182008,1.4787879
1.182023,1.4787879
1.1820381,1.4787879
1.1820531,1.4787879
1.1820681,1.4787879
1.1820831,1.4787879
1.1820982,1.4787879
1.1821132,1.4325566
1.1821282,1.4325566
1.1821432,1.4325566
1.1821582,1.4325566
1.1821733,1.3863249
1.1821883,1.3863249
1.1822033,1.3863249
1.1822183,1.3863249
1.1822333,1.3863249
1.1822484,1.3400936
1.1822634,1.3400936
1.1822784,1.3400936
1.1822934,1.3400936
1.1823084,1.2938623
1.1823235,1.2938623
1.1823385,1.2938623
1.1823535,1.2938623
1.1823685,1.2476311
1.1823835,1.2476311
1.1823986,1.2476311
1.1824136,1.2476311
1.1824286,1.2476311
1.1824436,1.2013993
1.1824586,1.2013993
1.1824737,1.2013993
1.1824887,1.2013993
1.1825037,1.1551685
1.1825187,1.1551685
1.1825337,1.1551685
1.1825488,1.1551685
1.1825638,1.1551685
1.1825788,1.1089368
1.1825938,1.1089368
1.1826088,1.1089368
1.1826239,1.1089368
1.1826389,1.0627055
1.1826539,1.0627055
1.1826689,1.0627055
1.182684,1.0627055
1.182699,1.0164738
1.182714,1.0164738
1.182729,1.0164738
1.182744,1.0164738
1.182759,1.0164738
1.1827741,0.970243
1.1827891,0.970243
1.1828041,0.970243
1.1828191,0.970243
1.1828341,0.92401123
1.1828492,0.92401123
1.1828642,0.92401123
1.1828792,0.92401123
1.1828942,0.92401123
1.1829093,0.87777996
1.1829243,0.87777996
1.1829393,0.87777996
1.1829543,0.87777996
1.1829693,0.8315482
1.1829844,0.8315482
1.1829994,0.8315482
1.1830144,0.8315482
1.1830294,0.7853174
1.1830444,0.7853174
1.1830595,0.7853174
1.1830745,0.7853174
1.1830895,0.7853174
1.1831045,0.7390857
1.1831195,0.7390857
1.1831346,0.7390857
1.1831496,0.7390857
1.1831646,0.6928544
1.1831796,0.6928544
1.1831946,0.6928544
1.1832097,0.6928544
1.1832247,0.6928544
1.1832397,0.64662313
1.1832547,0.64662313
1.1832697,0.64662313
1.1832848,0.64662313
1.1832998,0.60039186
1.1833148,0.60039186
1.1833298,0.60039186
1.1833448,0.60039186
1.1833599,0.5541601
1.1833749,0.5541601
1.1833899,0.5541601
1.1834049,0.5541601
1.18342,0.5541601
1.183435,0.50792885
1.18345,0.50792885
1.183465,0.50792885
1.18348,0.50792885
1.183495,0.46169758
1.1835101,0.46169758
1.1835251,0.46169758
1.1835401,0.46169758
1.1835551,0.46169758
1.1835701,0.4154663
1.1835852,0.4154663
1.1836002,0.4154663
1.1836152,0.4154663
1.1836302,0.36923456
1.1836452,0.36923456
1.1836603,0.36923456
1.1836753,0.36923456
1.1836903,0.3230033
1.1837053,0.3230033
1.1837204,0.3230033
1.1837354,0.3230033
1.1837504,0.3230033
1.1837654,0.27677202
1.1837804,0.27677202
1.1837955,0.27677202
1.1838105,0.27677202
1.1838255,0.23054075
1.1838405,0.23054075
1.1838555,0.23054075
1.1838706,0.23054075
1.1838856,0.23054075
1.1839006,0.184309
1.1839156,0.184309
1.1839306,0.184309
1.1839457,0.184309
1.1839607,0.13807821
1.1839757,0.13807821
1.1839907,0.13807821
1.1840057,0.13807821
1.1840208,0.13807821
1.1840358,0.091846466
1.1840508,0.091846466
1.1840658,0.091846466
1.1840808,0.091846466
1.1840959,0.045615196
1.1841109,0.045615196
1.1841259,0.045615196
1.1841409,0.045615196
1.184156,0.045615196
1.184171,-6.160736E-4
1.184186,-6.160736E-4
1.184201,-6.160736E-4
1.184216,-6.160736E-4
1.184231,-0.046847343
1.1842461,-0.046847343
1.1842611,-0.046847343
1.1842761,-0.046847343
1.1842911,-0.09307861
1.1843061,-0.09307861
1.1843212,-0.09307861
1.1843362,-0.09307861
1.1843512,-0.09307861
1.1843662,-0.13931036
1.1843812,-0.13931036
1.1843963,-0.13931036
1.1844113,-0.13931036
1.1844263,-0.18554163
1.1844413,-0.18554163
1.1844563,-0.18554163
1.1844714,-0.18554163
1.1844864,-0.18554163
1.1845014,-0.2317729
1.1845164,-0.2317729
1.1845315,-0.2317729
1.1845465,-0.2317729
1.1845615,-0.27800417
1.1845765,-0.27800417
1.1845915,-0.27800417
1.1846066,-0.27800417
1.1846216,-0.27800417
1.1846366,-0.32423592
1.1846516,-0.32423592
1.1846666,-0.32423592
1.1846817,-0.32423592
1.1846967,-0.3704667
1.1847117,-0.3704667
1.1847267,-0.3704667
1.1847417,-0.3704667
1.1847568,-0.3704667
1.1847718,-0.41669846
1.1847868,-0.41669846
1.1848018,-0.41669846
1.1848168,-0.41669846
1.1848319,-0.46292973
1.1848469,-0.46292973
1.1848619,-0.46292973
1.1848769,-0.46292973
1.1848919,-0.46292973
1.184907,-0.5091615
1.184922,-0.5091615
1.184937,-0.5091615
1.184952,-0.5091615
1.184967,-0.5091615
1.1849821,-0.55539227
1.1849971,-0.55539227
1.1850121,-0.55539227
1.1850271,-0.55539227
1.1850421,-0.601624
1.1850572,-0.601624
1.1850722,-0.601624
1.1850872,-0.601624
1.1851022,-0.601624
1.1851172,-0.6478553
1.1851323,-0.6478553
1.1851473,-0.6478553
1.1851623,-0.6478553
1.1851774,-0.6478553
1.1851925,-0.694087
1.1852075,-0.694087
1.1852225,-0.694087
1.1852375,-0.694087
1.1852525,-0.7403178
1.1852676,-0.7403178
1.1852826,-0.7403178
1.1852976,-0.7403178
1.1853126,-0.7403178
1.1853276,-0.78654957
1.1853427,-0.78654957
1.1853577,-0.78654957
1.1853727,-0.78654957
1.1853877,-0.78654957
1.1854028,-0.83278084
1.1854178,-0.83278084
1.1854328,-0.83278084
1.1854478,-0.83278084
1.1854628,-0.8790121
1.1854779,-0.8790121
1.1854929,-0.8790121
1.1855079,-0.8790121
1.1855229,-0.8790121
1.1855379,-0.9252434
1.185553,-0.9252434
1.185568,-0.9252434
1.185583,-0.9252434
1.185598,-0.9252434
1.185613,-0.9714751
1.185628,-0.9714751
1.1856431,-0.9714751
1.1856581,-0.9714751
1.1856731,-1.0177064
1.1856881,-1.0177064
1.1857032,-1.0177064
1.1857182,-1.0177064
1.1857332,-1.0177064
1.1857482,-1.0639377
1.1857632,-1.0639377
1.1857783,-1.0639377
1.1857933,-1.0639377
1.1858083,-1.0639377
1.1858233,-1.1101689
1.1858383,-1.1101689
1.1858534,-1.1101689
1.1858684,-1.1101689
1.1858834,-1.1564007
1.1858984,-1.1564007
1.1859134,-1.1564007
1.1859285,-1.1564007
1.1859435,-1.1564007
1.1859585,-1.1564007
1.1859735,-1.202632
1.1859885,-1.202632
1.1860036,-1.202632
1.1860186,-1.202632
1.1860336,-1.2488632
1.1860486,-1.2488632
1.1860636,-1.2488632
1.1860787,-1.2488632
1.1860937,-1.2488632
1.1861087,-1.2950945
1.1861237,-1.2950945
1.1861387,-1.2950945
1.1861538,-1.2950945
1.1861688,-1.2950945
1.1861838,-1.3413262
1.1861988,-1.3413262
1.1862139,-1.3413262
1.1862289,-1.3413262
1.1862439,-1.3413262
1.1862589,-1.387557
1.1862739,-1.387557
1.186289,-1.387557
1.186304,-1.387557
1.186319,-1.387557
1.186334,-1.4337888
1.186349,-1.4337888
1.186364,-1.4337888
1.1863791,-1.4337888
1.1863941,-1.48002
1.1864091,-1.48002
1.1864241,-1.48002
1.1864392,-1.48002
1.1864542,-1.48002
1.1864692,-1.48002
1.1864842,-1.48002
1.1864992,-1.48002
1.1865143,-1.5262513
1.1865293,-1.5262513
1.1865443,-1.5262513
1.1865593,-1.5262513
1.1865743,-1.5262513
1.1865894,-1.5724826
1.1866044,-1.5724826
1.1866194,-1.5724826
1.1866344,-1.5724826
1.1866494,-1.5724826
1.1866645,-1.6187139
1.1866795,-1.6187139
1.1866945,-1.6187139
1.1867095,-1.6187139
1.1867245,-1.6187139
1.1867396,-1.6187139
1.1867546,-1.6187139
1.1867696,-1.6187139
1.1867846,-1.6187139
1.1867996,-1.5724826
1.1868147,-1.5724826
1.1868297,-1.5724826
1.1868447,-1.5724826
1.1868597,-1.5262513
1.1868747,-1.5262513
1.1868898,-1.5262513
1.1869048,-1.5262513
1.1869198,-1.5262513
1.1869348,-1.48002
1.1869498,-1.48002
1.1869649,-1.48002
1.1869799,-1.48002
1.1869949,-1.48002
1.1870099,-1.48002
1.187025,-1.48002
1.18704,-1.4337888
1.187055,-1.4337888
1.18707,-1.4337888
1.187085,-1.4337888
1.1871,-1.387557
1.1871151,-1.387557
1.1871301,-1.387557
1.1871451,-1.387557
1.1871601,-1.387557
1.1871752,-1.3413262
1.1871902,-1.3413262
1.1872052,-1.3413262
1.1872202,-1.3413262
1.1872352,-1.3413262
1.1872503,-1.2950945
1.1872653,-1.2950945
1.1872803,-1.2950945
1.1872953,-1.2950945
1.1873103,-1.2488632
1.1873254,-1.2488632
1.1873404,-1.2488632
1.1873554,-1.2488632
1.1873704,-1.2488632
1.1873854,-1.202632
1.1874005,-1.202632
1.1874155,-1.202632
1.1874305,-1.202632
1.1874455,-1.202632
1.1874605,-1.1564007
1.1874756,-1.1564007
1.1874906,-1.1564007
1.1875056,-1.1564007
1.1875206,-1.1101689
1.1875356,-1.1101689
1.1875507,-1.1101689
1.1875657,-1.1101689
1.1875807,-1.1101689
1.1875957,-1.0639377
1.1876107,-1.0639377
1.1876258,-1.0639377
1.1876408,-1.0639377
1.1876558,-1.0177064
1.1876708,-1.0177064
1.1876858,-1.0177064
1.1877009,-1.0177064
1.1877159,-1.0177064
1.1877309,-0.9714751
1.1877459,-0.9714751
1.187761,-0.9714751
1.187776,-0.9714751
1.187791,-0.9714751
1.187806,-0.9252434
1.187821,-0.9252434
1.187836,-0.9252434
1.1878511,-0.9252434
1.1878661,-0.8790121
1.1878811,-0.8790121
1.1878961,-0.8790121
1.1879112,-0.8790121
1.1879262,-0.8790121
1.1879412,-0.83278084
1.1879562,-0.83278084
1.1879712,-0.83278084
1.1879863,-0.83278084
1.1880013,-0.83278084
1.1880163,-0.78654957
1.1880313,-0.78654957
1.1880463,-0.78654957
1.1880614,-0.78654957
1.1880764,-0.7403178
1.1880914,-0.7403178
1.1881064,-0.7403178
1.1881214,-0.7403178
1.1881365,-0.7403178
1.1881515,-0.694087
1.1881665,-0.694087
1.1881815,-0.694087
1.1881965,-0.694087
1.1882116,-0.694087
1.1882266,-0.6478553
1.1882416,-0.6478553
1.1882566,-0.6478553
1.1882716,-0.6478553
1.1882867,-0.601624
1.1883017,-0.601624
1.1883167,-0.601624
1.1883317,-0.601624
1.1883467,-0.601624
1.1883618,-0.55539227
1.1883768,-0.55539227
1.1883918,-0.55539227
1.1884068,-0.55539227
1.1884218,-0.55539227
1.1884369,-0.5091615
1.1884519,-0.5091615
1.1884669,-0.5091615
1.1884819,-0.5091615
1.188497,-0.46292973
1.188512,-0.46292973
1.188527,-0.46292973
1.188542,-0.46292973
1.188557,-0.46292973
1.188572,-0.41669846
1.1885871,-0.41669846
1.1886021,-0.41669846
1.1886171,-0.41669846
1.1886321,-0.41669846
1.1886472,-0.3704667
1.1886622,-0.3704667
1.1886772,-0.3704667
1.1886923,-0.3704667
1.1887074,-0.32423592
1.1887224,-0.32423592
1.1887374,-0.32423592
1.1887524,-0.32423592
1.1887674,-0.32423592
1.1887825,-0.27800417
1.1887975,-0.27800417
1.1888125,-0.27800417
1.1888275,-0.27800417
1.1888425,-0.27800417
1.1888576,-0.2317729
1.1888726,-0.2317729
1.1888876,-0.2317729
1.1889026,-0.2317729
1.1889176,-0.18554163
1.1889327,-0.18554163
1.1889477,-0.18554163
1.1889627,-0.18554163
1.1889777,-0.18554163
1.1889927,-0.13931036
1.1890078,-0.13931036
1.1890228,-0.13931036
1.1890378,-0.13931036
1.1890528,-0.09307861
1.1890678,-0.09307861
1.1890829,-0.09307861
1.1890979,-0.09307861
1.1891129,-0.09307861
1.1891279,-0.046847343
1.189143,-0.046847343
1.189158,-0.046847343
1.189173,-0.046847343
1.189188,-0.046847343
1.189203,-6.160736E-4
1.189218,-6.160736E-4
1.1892331,-6.160736E-4
1.1892481,-6.160736E-4
1.1892631,0.045615196
1.1892781,0.045615196
1.1892931,0.045615196
1.1893082,0.045615196
1.1893232,0.045615196
1.1893382,0.091846466
1.1893532,0.091846466
1.1893682,0.091846466
1.1893833,0.091846466
1.1893983,0.091846466
1.1894133,0.13807821
1.1894283,0.13807821
1.1894433,0.13807821
1.1894584,0.13807821
1.1894734,0.184309
1.1894884,0.184309
1.1895034,0.184309
1.1895185,0.184309
1.1895335,0.184309
1.1895485,0.23054075
1.1895635,0.23054075
1.1895785,0.23054075
1.1895936,0.23054075
1.1896086,0.23054075
1.1896236,0.27677202
1.1896386,0.27677202
1.1896536,0.27677202
1.1896687,0.27677202
1.1896837,0.3230033
1.1896987,0.3230033
1.1897137,0.3230033
1.1897287,0.3230033
1.1897438,0.3230033
1.1897588,0.36923456
1.1897738,0.36923456
1.1897888,0.36923456
1.1898038,0.36923456
1.1898189,0.36923456
1.1898339,0.4154663
1.1898489,0.4154663
1.1898639,0.4154663
1.189879,0.4154663
1.189894,0.46169758
1.189909,0.46169758
1.189924,0.46169758
1.189939,0.46169758
1.189954,0.46169758
1.1899691,0.50792885
1.1899841,0.50792885
1.1899991,0.50792885
1.1900141,0.50792885
1.1900291,0.50792885
1.1900442,0.5541601
1.1900592,0.5541601
1.1900742,0.5541601
1.1900892,0.5541601
1.1901042,0.5541601
1.1901193,0.60039186
1.1901343,0.60039186
1.1901493,0.60039186
1.1901643,0.60039186
1.1901793,0.60039186
1.1901944,0.64662313
1.1902094,0.64662313
1.1902244,0.64662313
1.1902394,0.64662313
1.1902544,0.6928544
1.1902695,0.6928544
1.1902845,0.6928544
1.1902995,0.6928544
1.1903145,0.6928544
1.1903296,0.7390857
1.1903446,0.7390857
1.1903596,0.7390857
1.1903746,0.7390857
1.1903896,0.7390857
1.1904047,0.7853174
1.1904197,0.7853174
1.1904347,0.7853174
1.1904497,0.7853174
1.1904647,0.7853174
1.1904798,0.8315482
1.1904948,0.8315482
1.1905098,0.8315482
1.1905248,0.8315482
1.1905398,0.8315482
1.1905549,0.87777996
1.1905699,0.87777996
1.1905849,0.87777996
1.1905999,0.87777996
1.1906149,0.87777996
1.19063,0.92401123
1.190645,0.92401123
1.19066,0.92401123
1.190675,0.92401123
1.19069,0.970243
1.1907051,0.970243
1.1907201,0.970243
1.1907351,0.970243
1.1907501,0.970243
1.1907651,1.0164738
1.1907802,1.0164738
1.1907952,1.0164738
1.1908102,1.0164738
1.1908252,1.0164738
1.1908402,1.0627055
1.1908553,1.0627055
1.1908703,1.0627055
1.1908853,1.0627055
1.1909003,1.0627055
1.1909153,1.1089368
1.1909304,1.1089368
1.1909454,1.1089368
1.1909604,1.1089368
1.1909754,1.1089368
1.1909904,1.1551685
1.1910055,1.1551685
1.1910205,1.1551685
1.1910355,1.1551685
1.1910505,1.1551685
1.1910655,1.2013993
1.1910806,1.2013993
1.1910956,1.2013993
1.1911106,1.2013993
1.1911256,1.2013993
1.1911407,1.2476311
1.1911557,1.2476311
1.1911707,1.2476311
1.1911857,1.2476311
1.1912007,1.2476311
1.1912158,1.2938623
1.1912308,1.2938623
1.1912458,1.2938623
1.1912608,1.2938623
1.1912758,1.2938623
1.1912909,1.3400936
1.1913059,1.3400936
1.1913209,1.3400936
1.1913359,1.3400936
1.1913509,1.3400936
1.191366,1.3863249
1.191381,1.3863249
1.191396,1.3863249
1.191411,1.3863249
1.191426,1.4325566
1.191441,1.4325566
1.1914561,1.4325566
1.1914711,1.4325566
1.1914861,1.4325566
1.1915011,1.4325566
1.1915162,1.4787879
1.1915312,1.4787879
1.1915462,1.4787879
1.1915612,1.4787879
1.1915762,1.4787879
1.1915913,1.4787879
1.1916063,1.4787879
1.1916213,1.5250192
1.1916363,1.5250192
1.1916513,1.5250192
1.1916664,1.5250192
1.1916814,1.5250192
1.1916964,1.5712504
1.1917114,1.5712504
1.1917264,1.5712504
1.1917415,1.5712504
1.1917565,1.5712504
1.1917715,1.5712504
1.1917865,1.6174817
1.1918015,1.6174817
1.1918166,1.6174817
1.1918316,1.6174817
1.1918466,1.6174817
1.1918616,1.6637135
1.1918766,1.6637135
1.1918917,1.6637135
1.1919067,1.6637135
1.1919217,1.6637135
1.1919367,1.7099442
1.1919518,1.7099442
1.1919668,1.7099442
1.1919818,1.7099442
1.1919968,1.7099442
1.1920118,1.756176
1.1920269,1.756176
1.1920419,1.756176
1.1920569,1.756176
1.1920719,1.756176
1.1920869,1.756176
1.192102,1.756176
1.192117,1.7099442
1.192132,1.7099442
1.192147,1.7099442
1.192162,1.7099442
1.192177,1.6637135
1.1921921,1.6637135
1.1922071,1.6637135
1.1922222,1.6637135
1.1922373,1.6174817
1.1922523,1.6174817
1.1922673,1.6174817
1.1922823,1.6174817
1.1922973,1.6174817
1.1923124,1.5712504
1.1923274,1.5712504
1.1923424,1.5712504
1.1923574,1.5712504
1.1923724,1.5250192
1.1923875,1.5250192
1.1924025,1.5250192
1.1924175,1.5250192
1.1924325,1.4787879
1.1924475,1.4787879
1.1924626,1.4787879
1.1924776,1.4787879
1.1924926,1.4787879
1.1925076,1.4787879
1.1925226,1.4787879
1.1925377,1.4325566
1.1925527,1.4325566
1.1925677,1.4325566
1.1925827,1.4325566
1.1925977,1.4325566
1.1926128,1.3863249
1.1926278,1.3863249
1.1926428,1.3863249
1.1926578,1.3863249
1.1926728,1.3400936
1.1926879,1.3400936
1.1927029,1.3400936
1.1927179,1.3400936
1.1927329,1.3400936
1.192748,1.2938623
1.192763,1.2938623
1.192778,1.2938623
1.192793,1.2938623
1.192808,1.2476311
1.192823,1.2476311
1.1928381,1.2476311
1.1928531,1.2476311
1.1928681,1.2476311
1.1928831,1.2013993
1.1928982,1.2013993
1.1929132,1.2013993
1.1929282,1.2013993
1.1929432,1.1551685
1.1929582,1.1551685
1.1929733,1.1551685
1.1929883,1.1551685
1.1930033,1.1089368
1.1930183,1.1089368
1.1930333,1.1089368
1.1930484,1.1089368
1.1930634,1.1089368
1.1930784,1.0627055
1.1930934,1.0627055
1.1931084,1.0627055
1.1931235,1.0627055
1.1931385,1.0164738
1.1931535,1.0164738
1.1931685,1.0164738
1.1931835,1.0164738
1.1931986,0.970243
1.1932136,0.970243
1.1932286,0.970243
1.1932436,0.970243
1.1932586,0.970243
1.1932737,0.92401123
1.1932887,0.92401123
1.1933037,0.92401123
1.1933187,0.92401123
1.1933337,0.87777996
1.1933488,0.87777996
1.1933638,0.87777996
1.1933788,0.87777996
1.1933938,0.8315482
1.1934088,0.8315482
1.1934239,0.8315482
1.1934389,0.8315482
1.1934539,0.8315482
1.1934689,0.7853174
1.193484,0.7853174
1.193499,0.7853174
1.193514,0.7853174
1.193529,0.7390857
1.193544,0.7390857
1.193559,0.7390857
1.1935741,0.7390857
1.1935891,0.7390857
1.1936041,0.6928544
1.1936191,0.6928544
1.1936342,0.6928544
1.1936492,0.6928544
1.1936642,0.64662313
1.1936792,0.64662313
1.1936942,0.64662313
1.1937093,0.64662313
1.1937243,0.60039186
1.1937393,0.60039186
1.1937543,0.60039186
1.1937693,0.60039186
1.1937844,0.60039186
1.1937994,0.5541601
1.1938144,0.5541601
1.1938294,0.5541601
1.1938444,0.5541601
1.1938595,0.50792885
1.1938745,0.50792885
1.1938895,0.50792885
1.1939045,0.50792885
1.1939195,0.50792885
1.1939346,0.46169758
1.1939496,0.46169758
1.1939646,0.46169758
1.1939796,0.46169758
1.1939946,0.4154663
1.1940097,0.4154663
1.1940247,0.4154663
1.1940397,0.4154663
1.1940547,0.4154663
1.1940697,0.36923456
1.1940848,0.36923456
1.1940998,0.36923456
1.1941148,0.36923456
1.1941298,0.3230033
1.1941448,0.3230033
1.1941599,0.3230033
1.1941749,0.3230033
1.1941899,0.3230033
1.1942049,0.27677202
1.19422,0.27677202
1.194235,0.27677202
1.19425,0.27677202
1.194265,0.23054075
1.19428,0.23054075
1.194295,0.23054075
1.1943101,0.23054075
1.1943251,0.184309
1.1943401,0.184309
1.1943551,0.184309
1.1943702,0.184309
1.1943852,0.184309
1.1944002,0.13807821
1.1944152,0.13807821
1.1944302,0.13807821
1.1944453,0.13807821
1.1944603,0.091846466
1.1944753,0.091846466
1.1944903,0.091846466
1.1945053,0.091846466
1.1945204,0.091846466
1.1945354,0.045615196
1.1945504,0.045615196
1.1945654,0.045615196
1.1945804,0.045615196
1.1945955,-6.160736E-4
1.1946105,-6.160736E-4
1.1946255,-6.160736E-4
1.1946405,-6.160736E-4
1.1946555,-0.046847343
1.1946706,-0.046847343
1.1946856,-0.046847343
1.1947006,-0.046847343
1.1947156,-0.046847343
1.1947306,-0.09307861
1.1947457,-0.09307861
1.1947607,-0.09307861
1.1947757,-0.09307861
1.1947907,-0.13931036
1.1948057,-0.13931036
1.1948208,-0.13931036
1.1948358,-0.13931036
1.1948508,-0.13931036
1.1948658,-0.18554163
1.1948808,-0.18554163
1.1948959,-0.18554163
1.1949109,-0.18554163
1.1949259,-0.2317729
1.1949409,-0.2317729
1.194956,-0.2317729
1.194971,-0.2317729
1.194986,-0.2317729
1.195001,-0.27800417
1.195016,-0.27800417
1.195031,-0.27800417
1.1950461,-0.27800417
1.1950611,-0.27800417
1.1950761,-0.32423592
1.1950911,-0.32423592
1.1951061,-0.32423592
1.1951212,-0.32423592
1.1951362,-0.3704667
1.1951512,-0.3704667
1.1951662,-0.3704667
1.1951813,-0.3704667
1.1951963,-0.41669846
1.1952113,-0.41669846
1.1952263,-0.41669846
1.1952413,-0.41669846
1.1952564,-0.41669846
1.1952714,-0.46292973
1.1952864,-0.46292973
1.1953014,-0.46292973
1.1953164,-0.46292973
1.1953315,-0.46292973
1.1953465,-0.5091615
1.1953615,-0.5091615
1.1953765,-0.5091615
1.1953915,-0.5091615
1.1954066,-0.55539227
1.1954216,-0.55539227
1.1954366,-0.55539227
1.1954516,-0.55539227
1.1954666,-0.55539227
1.1954817,-0.601624
1.1954967,-0.601624
1.1955117,-0.601624
1.1955267,-0.601624
1.1955417,-0.6478553
1.1955568,-0.6478553
1.1955718,-0.6478553
1.1955868,-0.6478553
1.1956018,-0.6478553
1.1956168,-0.694087
1.1956319,-0.694087
1.1956469,-0.694087
1.1956619,-0.694087
1.1956769,-0.694087
1.195692,-0.7403178
1.195707,-0.7403178
1.195722,-0.7403178
1.1957371,-0.7403178
1.1957521,-0.7403178
1.1957672,-0.78654957
1.1957822,-0.78654957
1.1957972,-0.78654957
1.1958122,-0.78654957
1.1958272,-0.83278084
1.1958423,-0.83278084
1.1958573,-0.83278084
1.1958723,-0.83278084
1.1958873,-0.83278084
1.1959023,-0.8790121
1.1959174,-0.8790121
1.1959324,-0.8790121
1.1959474,-0.8790121
1.1959624,-0.9252434
1.1959774,-0.9252434
1.1959925,-0.9252434
1.1960075,-0.9252434
1.1960225,-0.9252434
1.1960375,-0.9714751
1.1960526,-0.9714751
1.1960676,-0.9714751
1.1960826,-0.9714751
1.1960976,-0.9714751
1.1961126,-1.0177064
1.1961277,-1.0177064
1.1961427,-1.0177064
1.1961577,-1.0177064
1.1961727,-1.0177064
1.1961877,-1.0639377
1.1962028,-1.0639377
1.1962178,-1.0639377
1.1962328,-1.0639377
1.1962478,-1.0639377
1.1962628,-1.1101689
1.1962779,-1.1101689
1.1962929,-1.1101689
1.1963079,-1.1101689
1.1963229,-1.1564007
1.1963379,-1.1564007
1.196353,-1.1564007
1.196368,-1.1564007
1.196383,-1.1564007
1.196398,-1.202632
1.196413,-1.202632
1.1964281,-1.202632
1.1964431,-1.202632
1.1964581,-1.202632
1.1964731,-1.2488632
1.1964881,-1.2488632
1.1965032,-1.2488632
1.1965182,-1.2488632
1.1965332,-1.2488632
1.1965482,-1.2950945
1.1965632,-1.2950945
1.1965783,-1.2950945
1.1965933,-1.2950945
1.1966083,-1.3413262
1.1966233,-1.3413262
1.1966383,-1.3413262
1.1966534,-1.3413262
1.1966684,-1.3413262
1.1966834,-1.387557
1.1966984,-1.387557
1.1967134,-1.387557
1.1967285,-1.387557
1.1967435,-1.387557
1.1967585,-1.4337888
1.1967735,-1.4337888
1.1967885,-1.4337888
1.1968036,-1.4337888
1.1968186,-1.4337888
1.1968336,-1.48002
1.1968486,-1.48002
1.1968637,-1.48002
1.1968787,-1.48002
1.1968937,-1.48002
1.1969087,-1.48002
1.1969237,-1.48002
1.1969388,-1.48002
1.1969538,-1.5262513
1.1969688,-1.5262513
1.1969838,-1.5262513
1.1969988,-1.5262513
1.1970139,-1.5262513
1.1970289,-1.5724826
1.1970439,-1.5724826
1.1970589,-1.5724826
1.1970739,-1.5724826
1.197089,-1.6187139
1.197104,-1.6187139
1.197119,-1.6187139
1.197134,-1.6187139
1.197149,-1.6187139
1.197164,-1.6187139
1.1971791,-1.6187139
1.1971941,-1.6187139
1.1972091,-1.6187139
1.1972241,-1.5724826
1.1972392,-1.5724826
1.1972542,-1.5724826
1.1972692,-1.5724826
1.1972842,-1.5262513
1.1972992,-1.5262513
1.1973143,-1.5262513
1.1973293,-1.5262513
1.1973443,-1.5262513
1.1973593,-1.48002
1.1973743,-1.48002
1.1973894,-1.48002
1.1974044,-1.48002
1.1974194,-1.48002
1.1974344,-1.48002
1.1974494,-1.48002
1.1974645,-1.4337888
1.1974795,-1.4337888
1.1974945,-1.4337888
1.1975095,-1.4337888
1.1975245,-1.4337888
1.1975396,-1.387557
1.1975546,-1.387557
1.1975696,-1.387557
1.1975846,-1.387557
1.1975996,-1.387557
1.1976147,-1.3413262
1.1976297,-1.3413262
1.1976447,-1.3413262
1.1976597,-1.3413262
1.1976748,-1.2950945
1.1976898,-1.2950945
1.1977048,-1.2950945
1.1977198,-1.2950945
1.1977348,-1.2950945
1.1977499,-1.2488632
1.1977649,-1.2488632
1.1977799,-1.2488632
1.1977949,-1.2488632
1.1978099,-1.2488632
1.197825,-1.202632
1.19784,-1.202632
1.197855,-1.202632
1.19787,-1.202632
1.197885,-1.1564007
1.1979,-1.1564007
1.1979151,-1.1564007
1.1979301,-1.1564007
1.1979451,-1.1564007
1.1979601,-1.1101689
1.1979752,-1.1101689
1.1979902,-1.1101689
1.1980052,-1.1101689
1.1980202,-1.0639377
1.1980352,-1.0639377
1.1980503,-1.0639377
1.1980653,-1.0639377
1.1980803,-1.0639377
1.1980953,-1.0177064
1.1981103,-1.0177064
1.1981254,-1.0177064
1.1981404,-1.0177064
1.1981554,-1.0177064
1.1981704,-0.9714751
1.1981854,-0.9714751
1.1982005,-0.9714751
1.1982155,-0.9714751
1.1982305,-0.9252434
1.1982455,-0.9252434
1.1982605,-0.9252434
1.1982756,-0.9252434
1.1982906,-0.9252434
1.1983056,-0.8790121
1.1983206,-0.8790121
1.1983356,-0.8790121
1.1983507,-0.8790121
1.1983657,-0.8790121
1.1983807,-0.83278084
1.1983957,-0.83278084
1.1984107,-0.83278084
1.1984258,-0.83278084
1.1984408,-0.78654957
1.1984558,-0.78654957
1.1984708,-0.78654957
1.1984859,-0.78654957
1.1985009,-0.78654957
1.1985159,-0.7403178
1.1985309,-0.7403178
1.1985459,-0.7403178
1.198561,-0.7403178
1.198576,-0.7403178
1.198591,-0.694087
1.198606,-0.694087
1.198621,-0.694087
1.198636,-0.694087
1.1986511,-0.6478553
1.1986661,-0.6478553
1.1986811,-0.6478553
1.1986961,-0.6478553
1.1987112,-0.6478553
1.1987262,-0.601624
1.1987412,-0.601624
1.1987562,-0.601624
1.1987712,-0.601624
1.1987863,-0.601624
1.1988013,-0.55539227
1.1988163,-0.55539227
1.1988313,-0.55539227
1.1988463,-0.55539227
1.1988614,-0.5091615
1.1988764,-0.5091615
1.1988914,-0.5091615
1.1989064,-0.5091615
1.1989214,-0.5091615
1.1989365,-0.46292973
1.1989515,-0.46292973
1.1989665,-0.46292973
1.1989815,-0.46292973
1.1989965,-0.46292973
1.1990116,-0.41669846
1.1990266,-0.41669846
1.1990416,-0.41669846
1.1990566,-0.41669846
1.1990716,-0.3704667
1.1990867,-0.3704667
1.1991017,-0.3704667
1.1991167,-0.3704667
1.1991317,-0.3704667
1.1991467,-0.32423592
1.1991618,-0.32423592
1.1991768,-0.32423592
1.1991918,-0.32423592
1.1992068,-0.32423592
1.1992218,-0.27800417
1.1992369,-0.27800417
1.1992519,-0.27800417
1.199267,-0.27800417
1.199282,-0.2317729
1.1992971,-0.2317729
1.1993121,-0.2317729
1.1993271,-0.2317729
1.1993421,-0.2317729
1.1993572,-0.18554163
1.1993722,-0.18554163
1.1993872,-0.18554163
1.1994022,-0.18554163
1.1994172,-0.13931036
1.1994323,-0.13931036
1.1994473,-0.13931036
1.1994623,-0.13931036
1.1994773,-0.13931036
1.1994923,-0.13931036
1.1995074,-0.09307861
1.1995224,-0.09307861
1.1995374,-0.09307861
1.1995524,-0.09307861
1.1995674,-0.046847343
1.1995825,-0.046847343
1.1995975,-0.046847343
1.1996125,-0.046847343
1.1996275,-0.046847343
1.1996425,-6.160736E-4
1.1996576,-6.160736E-4
1.1996726,-6.160736E-4
1.1996876,-6.160736E-4
1.1997026,0.045615196
1.1997176,0.045615196
1.1997327,0.045615196
1.1997477,0.045615196
1.1997627,0.045615196
1.1997777,0.091846466
1.1997927,0.091846466
1.1998078,0.091846466
1.1998228,0.091846466
1.1998378,0.13807821
1.1998528,0.13807821
1.1998678,0.13807821
1.1998829,0.13807821
1.1998979,0.13807821
1.1999129,0.184309
1.1999279,0.184309
1.199943,0.184309
1.199958,0.184309
1.199973,0.184309
1.199988,0.23054075
1.200003,0.23054075
1.200018,0.23054075
1.2000331,0.23054075
1.2000481,0.27677202
1.2000631,0.27677202
1.2000781,0.27677202
1.2000932,0.27677202
1.2001082,0.27677202
1.2001232,0.3230033
1.2001382,0.3230033
1.2001532,0.3230033
1.2001683,0.3230033
1.2001833,0.3230033
1.2001983,0.36923456
1.2002133,0.36923456
1.2002283,0.36923456
1.2002434,0.36923456
1.2002584,0.4154663
1.2002734,0.4154663
1.2002884,0.4154663
1.2003034,0.4154663
1.2003185,0.4154663
1.2003335,0.46169758
1.2003485,0.46169758
1.2003635,0.46169758
1.2003785,0.46169758
1.2003936,0.46169758
1.2004086,0.50792885
1.2004236,0.50792885
1.2004386,0.50792885
1.2004536,0.50792885
1.2004687,0.50792885
1.2004837,0.5541601
1.2004987,0.5541601
1.2005137,0.5541601
1.2005287,0.5541601
1.2005438,0.60039186
1.2005588,0.60039186
1.2005738,0.60039186
1.2005888,0.60039186
1.2006038,0.60039186
1.2006189,0.64662313
1.2006339,0.64662313
1.2006489,0.64662313
1.2006639,0.64662313
1.200679,0.64662313
1.200694,0.6928544
1.200709,0.6928544
1.200724,0.6928544
1.200739,0.6928544
1.200754,0.6928544
1.2007691,0.7390857
1.2007841,0.7390857
1.2007991,0.7390857
1.2008141,0.7390857
1.2008291,0.7390857
1.2008442,0.7853174
1.2008592,0.7853174
1.2008742,0.7853174
1.2008892,0.7853174
1.2009043,0.8315482
1.2009193,0.8315482
1.2009343,0.8315482
1.2009493,0.8315482
1.2009643,0.8315482
1.2009794,0.87777996
1.2009944,0.87777996
1.2010094,0.87777996
1.2010244,0.87777996
1.2010394,0.87777996
1.2010545,0.92401123
1.2010695,0.92401123
1.2010845,0.92401123
1.2010995,0.92401123
1.2011145,0.92401123
1.2011296,0.970243
1.2011446,0.970243
1.2011596,0.970243
1.2011746,0.970243
1.2011896,0.970243
1.2012047,1.0164738
1.2012197,1.0164738
1.2012347,1.0164738
1.2012497,1.0164738
1.2012647,1.0164738
1.2012798,1.0627055
1.2012948,1.0627055
1.2013098,1.0627055
1.2013248,1.0627055
1.2013398,1.0627055
1.2013549,1.1089368
1.2013699,1.1089368
1.2013849,1.1089368
1.2013999,1.1089368
1.201415,1.1089368
1.20143,1.1551685
1.201445,1.1551685
1.20146,1.1551685
1.201475,1.1551685
1.20149,1.1551685
1.2015051,1.2013993
1.2015201,1.2013993
1.2015351,1.2013993
1.2015501,1.2013993
1.2015651,1.2476311
1.2015802,1.2476311
1.2015952,1.2476311
1.2016102,1.2476311
1.2016252,1.2476311
1.2016402,1.2938623
1.2016553,1.2938623
1.2016703,1.2938623
1.2016853,1.2938623
1.2017003,1.2938623
1.2017154,1.3400936
1.2017304,1.3400936
1.2017454,1.3400936
1.2017604,1.3400936
1.2017754,1.3400936
1.2017905,1.3863249
1.2018055,1.3863249
1.2018205,1.3863249
1.2018355,1.3863249
1.2018505,1.3863249
1.2018656,1.4325566
1.2018806,1.4325566
1.2018956,1.4325566
1.2019106,1.4325566
1.2019256,1.4325566
1.2019407,1.4787879
1.2019557,1.4787879
1.2019707,1.4787879
1.2019857,1.4787879
1.2020007,1.4787879
1.2020158,1.4787879
1.2020308,1.4787879
1.2020458,1.4787879
1.2020608,1.5250192
1.2020758,1.5250192
1.2020909,1.5250192
1.2021059,1.5250192
1.2021209,1.5250192
1.2021359,1.5712504
1.202151,1.5712504
1.202166,1.5712504
1.202181,1.5712504
1.202196,1.5712504
1.202211,1.6174817
1.202226,1.6174817
1.2022411,1.6174817
1.2022561,1.6174817
1.2022711,1.6174817
1.2022861,1.6637135
1.2023011,1.6637135
1.2023162,1.6637135
1.2023312,1.6637135
1.2023462,1.6637135
1.2023612,1.7099442
1.2023762,1.7099442
1.2023913,1.7099442
1.2024063,1.7099442
1.2024213,1.7099442
1.2024363,1.7099442
1.2024513,1.756176
1.2024664,1.756176
1.2024814,1.756176
1.2024964,1.756176
1.2025114,1.756176
1.2025265,1.756176
1.2025415,1.756176
1.2025565,1.7099442
1.2025715,1.7099442
1.2025865,1.7099442
1.2026016,1.7099442
1.2026166,1.6637135
1.2026316,1.6637135
1.2026466,1.6637135
1.2026616,1.6637135
1.2026767,1.6174817
1.2026917,1.6174817
1.2027067,1.6174817
1.2027217,1.6174817
1.2027367,1.5712504
1.2027518,1.5712504
1.2027668,1.5712504
1.2027819,1.5712504
1.2027969,1.5712504
1.202812,1.5250192
1.202827,1.5250192
1.202842,1.5250192
1.202857,1.5250192
1.202872,1.4787879
1.202887,1.4787879
1.2029021,1.4787879
1.2029171,1.4787879
1.2029321,1.4787879
1.2029471,1.4787879
1.2029622,1.4787879
1.2029772,1.4325566
1.2029922,1.4325566
1.2030072,1.4325566
1.2030222,1.4325566
1.2030373,1.3863249
1.2030523,1.3863249
1.2030673,1.3863249
1.2030823,1.3863249
1.2030973,1.3863249
1.2031124,1.3400936
1.2031274,1.3400936
1.2031424,1.3400936
1.2031574,1.3400936
1.2031724,1.2938623
1.2031875,1.2938623
1.2032025,1.2938623
1.2032175,1.2938623
1.2032325,1.2476311
1.2032475,1.2476311
1.2032626,1.2476311
1.2032776,1.2476311
1.2032926,1.2476311
1.2033076,1.2013993
1.2033226,1.2013993
1.2033377,1.2013993
1.2033527,1.2013993
1.2033677,1.1551685
1.2033827,1.1551685
1.2033978,1.1551685
1.2034128,1.1551685
1.2034278,1.1551685
1.2034428,1.1089368
1.2034578,1.1089368
1.2034729,1.1089368
1.2034879,1.1089368
1.2035029,1.0627055
1.2035179,1.0627055
1.2035329,1.0627055
1.203548,1.0627055
1.203563,1.0627055
1.203578,1.0164738
1.203593,1.0164738
1.203608,1.0164738
1.203623,1.0164738
1.2036381,0.970243
1.2036531,0.970243
1.2036681,0.970243
1.2036831,0.970243
1.2036982,0.92401123
1.2037132,0.92401123
1.2037282,0.92401123
1.2037432,0.92401123
1.2037582,0.92401123
1.2037733,0.87777996
1.2037883,0.87777996
1.2038033,0.87777996
1.2038183,0.87777996
1.2038333,0.8315482
1.2038484,0.8315482
1.2038634,0.8315482
1.2038784,0.8315482
1.2038934,0.7853174
1.2039084,0.7853174
1.2039235,0.7853174
1.2039385,0.7853174
1.2039535,0.7853174
1.2039685,0.7390857
1.2039835,0.7390857
1.2039986,0.7390857
1.2040136,0.7390857
1.2040286,0.6928544
1.2040436,0.6928544
1.2040586,0.6928544
1.2040737,0.6928544
1.2040887,0.6928544
1.2041037,0.64662313
1.2041187,0.64662313
1.2041337,0.64662313
1.2041488,0.64662313
1.2041638,0.60039186
1.2041788,0.60039186
1.2041938,0.60039186
1.2042089,0.60039186
1.2042239,0.60039186
1.2042389,0.5541601
1.2042539,0.5541601
1.2042689,0.5541601
1.204284,0.5541601
1.204299,0.50792885
1.204314,0.50792885
1.204329,0.50792885
1.204344,0.50792885
1.204359,0.50792885
1.2043741,0.46169758
1.2043891,0.46169758
1.2044041,0.46169758
1.2044191,0.46169758
1.2044342,0.4154663
1.2044492,0.4154663
1.2044642,0.4154663
1.2044792,0.4154663
1.2044942,0.36923456
1.2045093,0.36923456
1.2045243,0.36923456
1.2045393,0.36923456
1.2045543,0.36923456
1.2045693,0.3230033
1.2045844,0.3230033
1.2045994,0.3230033
1.2046144,0.3230033
1.2046294,0.27677202
1.2046444,0.27677202
1.2046595,0.27677202
1.2046745,0.27677202
1.2046895,0.27677202
1.2047045,0.23054075
1.2047195,0.23054075
1.2047346,0.23054075
1.2047496,0.23054075
1.2047646,0.184309
1.2047796,0.184309
1.2047946,0.184309
1.2048097,0.184309
1.2048247,0.184309
1.2048397,0.13807821
1.2048547,0.13807821
1.2048697,0.13807821
1.2048848,0.13807821
1.2048998,0.091846466
1.2049148,0.091846466
1.2049298,0.091846466
1.2049448,0.091846466
1.2049599,0.045615196
1.2049749,0.045615196
1.2049899,0.045615196
1.2050049,0.045615196
1.20502,0.045615196
1.205035,-6.160736E-4
1.20505,-6.160736E-4
1.205065,-6.160736E-4
1.20508,-6.160736E-4
1.205095,-0.046847343
1.2051101,-0.046847343
1.2051251,-0.046847343
1.2051401,-0.046847343
1.2051551,-0.09307861
1.2051702,-0.09307861
1.2051852,-0.09307861
1.2052002,-0.09307861
1.2052152,-0.09307861
1.2052302,-0.13931036
1.2052453,-0.13931036
1.2052603,-0.13931036
1.2052753,-0.13931036
1.2052903,-0.13931036
1.2053053,-0.18554163
1.2053204,-0.18554163
1.2053354,-0.18554163
1.2053504,-0.18554163
1.2053654,-0.2317729
1.2053804,-0.2317729
1.2053955,-0.2317729
1.2054105,-0.2317729
1.2054255,-0.27800417
1.2054405,-0.27800417
1.2054555,-0.27800417
1.2054706,-0.27800417
1.2054856,-0.27800417
1.2055006,-0.32423592
1.2055156,-0.32423592
1.2055306,-0.32423592
1.2055457,-0.32423592
1.2055607,-0.32423592
1.2055757,-0.3704667
1.2055907,-0.3704667
1.2056057,-0.3704667
1.2056208,-0.3704667
1.2056358,-0.41669846
1.2056508,-0.41669846
1.2056658,-0.41669846
1.2056808,-0.41669846
1.2056959,-0.41669846
1.2057109,-0.46292973
1.2057259,-0.46292973
1.2057409,-0.46292973
1.205756,-0.46292973
1.205771,-0.5091615
1.205786,-0.5091615
1.205801,-0.5091615
1.205816,-0.5091615
1.205831,-0.5091615
1.2058461,-0.55539227
1.2058611,-0.55539227
1.2058761,-0.55539227
1.2058911,-0.55539227
1.2059062,-0.601624
1.2059212,-0.601624
1.2059362,-0.601624
1.2059512,-0.601624
1.2059662,-0.601624
1.2059813,-0.6478553
1.2059963,-0.6478553
1.2060113,-0.6478553
1.2060263,-0.6478553
1.2060413,-0.6478553
1.2060564,-0.694087
1.2060714,-0.694087
1.2060864,-0.694087
1.2061014,-0.694087
1.2061164,-0.7403178
1.2061315,-0.7403178
1.2061465,-0.7403178
1.2061615,-0.7403178
1.2061765,-0.7403178
1.2061915,-0.78654957
1.2062066,-0.78654957
1.2062216,-0.78654957
1.2062366,-0.78654957
1.2062516,-0.78654957
1.2062666,-0.83278084
1.2062817,-0.83278084
1.2062968,-0.83278084
1.2063118,-0.83278084
1.2063268,-0.83278084
1.2063419,-0.8790121
1.2063569,-0.8790121
1.2063719,-0.8790121
1.2063869,-0.8790121
1.206402,-0.9252434
1.206417,-0.9252434
1.206432,-0.9252434
1.206447,-0.9252434
1.206462,-0.9252434
1.206477,-0.9714751
1.2064921,-0.9714751
1.2065071,-0.9714751
1.2065221,-0.9714751
1.2065371,-0.9714751
1.2065521,-1.0177064
1.2065672,-1.0177064
1.2065822,-1.0177064
1.2065972,-1.0177064
1.2066122,-1.0639377
1.2066272,-1.0639377
1.2066423,-1.0639377
1.2066573,-1.0639377
1.2066723,-1.0639377
1.2066873,-1.1101689
1.2067024,-1.1101689
1.2067174,-1.1101689
1.2067324,-1.1101689
1.2067474,-1.1101689
1.2067624,-1.1564007
1.2067775,-1.1564007
1.2067925,-1.1564007
1.2068075,-1.1564007
1.2068225,-1.1564007
1.2068375,-1.202632
1.2068526,-1.202632
1.2068676,-1.202632
1.2068826,-1.202632
1.2068976,-1.2488632
1.2069126,-1.2488632
1.2069277,-1.2488632
1.2069427,-1.2488632
1.2069577,-1.2488632
1.2069727,-1.2950945
1.2069877,-1.2950945
1.2070028,-1.2950945
1.2070178,-1.2950945
1.2070328,-1.2950945
1.2070478,-1.3413262
1.2070628,-1.3413262
1.2070779,-1.3413262
1.2070929,-1.3413262
1.2071079,-1.3413262
1.2071229,-1.387557
1.207138,-1.387557
1.207153,-1.387557
1.207168,-1.387557
1.207183,-1.387557
1.207198,-1.4337888
1.207213,-1.4337888
1.2072281,-1.4337888
1.2072431,-1.4337888
1.2072581,-1.4337888
1.2072731,-1.48002
1.2072881,-1.48002
1.2073032,-1.48002
1.2073182,-1.48002
1.2073332,-1.48002
1.2073482,-1.48002
1.2073632,-1.48002
1.2073783,-1.5262513
1.2073933,-1.5262513
1.2074083,-1.5262513
1.2074233,-1.5262513
1.2074383,-1.5262513
1.2074534,-1.5724826
1.2074684,-1.5724826
1.2074834,-1.5724826
1.2074984,-1.5724826
1.2075135,-1.5724826
1.2075285,-1.6187139
1.2075435,-1.6187139
1.2075585,-1.6187139
1.2075735,-1.6187139
1.2075886,-1.6187139
1.2076036,-1.6187139
1.2076186,-1.6187139
1.2076336,-1.6187139
1.2076486,-1.6187139
1.2076637,-1.5724826
1.2076787,-1.5724826
1.2076937,-1.5724826
1.2077087,-1.5724826
1.2077237,-1.5262513
1.2077388,-1.5262513
1.2077538,-1.5262513
1.2077688,-1.5262513
1.2077838,-1.5262513
1.2077988,-1.48002
1.2078139,-1.48002
1.2078289,-1.48002
1.2078439,-1.48002
1.2078589,-1.48002
1.207874,-1.48002
1.207889,-1.48002
1.207904,-1.4337888
1.207919,-1.4337888
1.207934,-1.4337888
1.207949,-1.4337888
1.2079641,-1.4337888
1.2079791,-1.387557
1.2079941,-1.387557
1.2080091,-1.387557
1.2080241,-1.387557
1.2080392,-1.3413262
1.2080542,-1.3413262
1.2080692,-1.3413262
1.2080842,-1.3413262
1.2080992,-1.3413262
1.2081143,-1.2950945
1.2081293,-1.2950945
1.2081443,-1.2950945
1.2081593,-1.2950945
1.2081743,-1.2488632
1.2081894,-1.2488632
1.2082044,-1.2488632
1.2082194,-1.2488632
1.2082344,-1.2488632
1.2082494,-1.202632
1.2082645,-1.202632
1.2082795,-1.202632
1.2082945,-1.202632
1.2083095,-1.202632
1.2083246,-1.1564007
1.2083396,-1.1564007
1.2083546,-1.1564007
1.2083696,-1.1564007
1.2083846,-1.1564007
1.2083997,-1.1101689
1.2084147,-1.1101689
1.2084297,-1.1101689
1.2084447,-1.1101689
1.2084597,-1.0639377
1.2084748,-1.0639377
1.2084898,-1.0639377
1.2085048,-1.0639377
1.2085198,-1.0639377
1.2085348,-1.0177064
1.2085499,-1.0177064
1.2085649,-1.0177064
1.2085799,-1.0177064
1.2085949,-0.9714751
1.2086099,-0.9714751
1.208625,-0.9714751
1.20864,-0.9714751
1.208655,-0.9714751
1.20867,-0.9252434
1.208685,-0.9252434
1.2087001,-0.9252434
1.2087151,-0.9252434
1.2087301,-0.8790121
1.2087451,-0.8790121
1.2087601,-0.8790121
1.2087752,-0.8790121
1.2087902,-0.8790121
1.2088052,-0.83278084
1.2088202,-0.83278084
1.2088352,-0.83278084
1.2088503,-0.83278084
1.2088653,-0.83278084
1.2088803,-0.78654957
1.2088953,-0.78654957
1.2089103,-0.78654957
1.2089254,-0.78654957
1.2089404,-0.78654957
1.2089554,-0.7403178
1.2089704,-0.7403178
1.2089854,-0.7403178
1.2090005,-0.7403178
1.2090155,-0.694087
1.2090305,-0.694087
1.2090455,-0.694087
1.2090605,-0.694087
1.2090756,-0.694087
1.2090906,-0.6478553
1.2091056,-0.6478553
1.2091206,-0.6478553
1.2091357,-0.6478553
1.2091507,-0.601624
1.2091657,-0.601624
1.2091807,-0.601624
1.2091957,-0.601624
1.2092108,-0.601624
1.2092258,-0.55539227
1.2092408,-0.55539227
1.2092558,-0.55539227
1.2092708,-0.55539227
1.2092859,-0.55539227
1.2093009,-0.5091615
1.2093159,-0.5091615
1.2093309,-0.5091615
1.2093459,-0.5091615
1.209361,-0.5091615
1.209376,-0.46292973
1.209391,-0.46292973
1.209406,-0.46292973
1.209421,-0.46292973
1.209436,-0.41669846
1.2094511,-0.41669846
1.2094661,-0.41669846
1.2094811,-0.41669846
1.2094961,-0.41669846
1.2095112,-0.3704667
1.2095262,-0.3704667
1.2095412,-0.3704667
1.2095562,-0.3704667
1.2095712,-0.3704667
1.2095863,-0.32423592
1.2096013,-0.32423592
1.2096163,-0.32423592
1.2096313,-0.32423592
1.2096463,-0.27800417
1.2096614,-0.27800417
1.2096764,-0.27800417
1.2096914,-0.27800417
1.2097064,-0.27800417
1.2097214,-0.2317729
1.2097365,-0.2317729
1.2097515,-0.2317729
1.2097665,-0.2317729
1.2097815,-0.18554163
1.2097965,-0.18554163
1.2098116,-0.18554163
1.2098267,-0.18554163
1.2098417,-0.18554163
1.2098567,-0.13931036
1.2098718,-0.13931036
1.2098868,-0.13931036
1.2099018,-0.13931036
1.2099168,-0.13931036
1.2099319,-0.09307861
1.2099469,-0.09307861
1.2099619,-0.09307861
1.2099769,-0.09307861
1.2099919,-0.09307861
1.210007,-0.046847343
1.210022,-0.046847343
1.210037,-0.046847343
1.210052,-0.046847343
1.210067,-6.160736E-4
1.210082,-6.160736E-4
1.2100971,-6.160736E-4
1.2101121,-6.160736E-4
1.2101271,0.045615196
1.2101421,0.045615196
1.2101572,0.045615196
1.2101722,0.045615196
1.2101872,0.045615196
1.2102022,0.091846466
1.2102172,0.091846466
1.2102323,0.091846466
1.2102473,0.091846466
1.2102623,0.091846466
1.2102773,0.13807821
1.2102923,0.13807821
1.2103074,0.13807821
1.2103224,0.13807821
1.2103374,0.13807821
1.2103524,0.184309
1.2103674,0.184309
1.2103825,0.184309
1.2103975,0.184309
1.2104125,0.23054075
1.2104275,0.23054075
1.2104425,0.23054075
1.2104576,0.23054075
1.2104726,0.23054075
1.2104876,0.27677202
1.2105026,0.27677202
1.2105176,0.27677202
1.2105327,0.27677202
1.2105477,0.27677202
1.2105627,0.3230033
1.2105777,0.3230033
1.2105927,0.3230033
1.2106078,0.3230033
1.2106228,0.3230033
1.2106378,0.36923456
1.2106528,0.36923456
1.2106678,0.36923456
1.2106829,0.36923456
1.2106979,0.4154663
1.2107129,0.4154663
1.2107279,0.4154663
1.210743,0.4154663
1.210758,0.4154663
1.210773,0.46169758
1.210788,0.46169758
1.210803,0.46169758
1.210818,0.46169758
1.2108331,0.50792885
1.2108481,0.50792885
1.2108631,0.50792885
1.2108781,0.50792885
1.2108932,0.50792885
1.2109082,0.5541601
1.2109232,0.5541601
1.2109382,0.5541601
1.2109532,0.5541601
1.2109683,0.5541601
1.2109833,0.60039186
1.2109983,0.60039186
1.2110133,0.60039186
1.2110283,0.60039186
1.2110434,0.60039186
1.2110584,0.64662313
1.2110734,0.64662313
1.2110884,0.64662313
1.2111034,0.64662313
1.2111185,0.64662313
1.2111335,0.6928544
1.2111485,0.6928544
1.2111635,0.6928544
1.2111785,0.6928544
1.2111936,0.7390857
1.2112086,0.7390857
1.2112236,0.7390857
1.2112386,0.7390857
1.2112536,0.7390857
1.2112687,0.7853174
1.2112837,0.7853174
1.2112987,0.7853174
1.2113137,0.7853174
1.2113287,0.7853174
1.2113438,0.8315482
1.2113588,0.8315482
1.2113738,0.8315482
1.2113888,0.8315482
1.2114038,0.8315482
1.2114189,0.87777996
1.2114339,0.87777996
1.2114489,0.87777996
1.2114639,0.87777996
1.211479,0.87777996
1.211494,0.92401123
1.211509,0.92401123
1.211524,0.92401123
1.211539,0.92401123
1.211554,0.92401123
1.2115691,0.970243
1.2115841,0.970243
1.2115991,0.970243
1.2116141,0.970243
1.2116292,0.970243
1.2116442,1.0164738
1.2116592,1.0164738
1.2116742,1.0164738
1.2116892,1.0164738
1.2117043,1.0627055
1.2117193,1.0627055
1.2117343,1.0627055
1.2117493,1.0627055
1.2117643,1.0627055
1.2117794,1.1089368
1.2117944,1.1089368
1.2118094,1.1089368
1.2118244,1.1089368
1.2118394,1.1089368
1.2118545,1.1551685
1.2118695,1.1551685
1.2118845,1.1551685
1.2118995,1.1551685
1.2119145,1.1551685
1.2119296,1.2013993
1.2119446,1.2013993
1.2119596,1.2013993
1.2119746,1.2013993
1.2119896,1.2013993
1.2120047,1.2476311
1.2120197,1.2476311
1.2120347,1.2476311
1.2120497,1.2476311
1.2120647,1.2476311
1.2120798,1.2938623
1.2120948,1.2938623
1.2121098,1.2938623
1.2121248,1.2938623
1.2121398,1.2938623
1.2121549,1.3400936
1.2121699,1.3400936
1.2121849,1.3400936
1.2121999,1.3400936
1.212215,1.3400936
1.21223,1.3863249
1.212245,1.3863249
1.21226,1.3863249
1.212275,1.3863249
1.21229,1.3863249
1.2123051,1.4325566
1.2123201,1.4325566
1.2123351,1.4325566
1.2123501,1.4325566
1.2123652,1.4325566
1.2123802,1.4787879
1.2123952,1.4787879
1.2124102,1.4787879
1.2124252,1.4787879
1.2124403,1.4787879
1.2124553,1.4787879
1.2124703,1.4787879
1.2124853,1.4787879
1.2125003,1.5250192
1.2125154,1.5250192
1.2125304,1.5250192
1.2125454,1.5250192
1.2125604,1.5250192
1.2125754,1.5712504
1.2125905,1.5712504
1.2126055,1.5712504
1.2126205,1.5712504
1.2126355,1.5712504
1.2126505,1.6174817
1.2126656,1.6174817
1.2126806,1.6174817
1.2126956,1.6174817
1.2127106,1.6174817
1.2127256,1.6637135
1.2127407,1.6637135
1.2127557,1.6637135
1.2127707,1.6637135
1.2127857,1.6637135
1.2128007,1.7099442
1.2128158,1.7099442
1.2128308,1.7099442
1.2128458,1.7099442
1.2128608,1.7099442
1.2128758,1.756176
1.2128909,1.756176
1.2129059,1.756176
1.2129209,1.756176
1.2129359,1.756176
1.212951,1.756176
1.212966,1.756176
1.212981,1.7099442
1.212996,1.7099442
1.213011,1.7099442
1.213026,1.7099442
1.2130411,1.6637135
1.2130561,1.6637135
1.2130711,1.6637135
1.2130861,1.6637135
1.2131011,1.6637135
1.2131162,1.6174817
1.2131312,1.6174817
1.2131462,1.6174817
1.2131612,1.6174817
1.2131763,1.5712504
1.2131913,1.5712504
1.2132063,1.5712504
1.2132213,1.5712504
1.2132363,1.5250192
1.2132514,1.5250192
1.2132664,1.5250192
1.2132814,1.5250192
1.2132964,1.5250192
1.2133114,1.4787879
1.2133265,1.4787879
1.2133416,1.4787879
1.2133566,1.4787879
1.2133716,1.4787879
1.2133867,1.4787879
1.2134017,1.4787879
1.2134167,1.4325566
1.2134317,1.4325566
1.2134467,1.4325566
1.2134618,1.4325566
1.2134768,1.3863249
1.2134918,1.3863249
1.2135068,1.3863249
1.2135218,1.3863249
1.2135369,1.3400936
1.2135519,1.3400936
1.2135669,1.3400936
1.2135819,1.3400936
1.2135969,1.3400936
1.213612,1.2938623
1.213627,1.2938623
1.213642,1.2938623
1.213657,1.2938623
1.213672,1.2476311
1.2136871,1.2476311
1.2137021,1.2476311
1.2137171,1.2476311
1.2137321,1.2476311
1.2137471,1.2013993
1.2137622,1.2013993
1.2137772,1.2013993
1.2137922,1.2013993
1.2138072,1.1551685
1.2138222,1.1551685
1.2138373,1.1551685
1.2138523,1.1551685
1.2138673,1.1089368
1.2138823,1.1089368
1.2138973,1.1089368
1.2139124,1.1089368
1.2139274,1.1089368
1.2139424,1.0627055
1.2139574,1.0627055
1.2139724,1.0627055
1.2139875,1.0627055
1.2140025,1.0164738
1.2140175,1.0164738
1.2140325,1.0164738
1.2140476,1.0164738
1.2140626,0.970243
1.2140776,0.970243
1.2140926,0.970243
1.2141076,0.970243
1.2141227,0.970243
1.2141377,0.92401123
1.2141527,0.92401123
1.2141677,0.92401123
1.2141827,0.92401123
1.2141978,0.87777996
1.2142128,0.87777996
1.2142278,0.87777996
1.2142428,0.87777996
1.2142578,0.87777996
1.2142729,0.8315482
1.2142879,0.8315482
1.2143029,0.8315482
1.2143179,0.8315482
1.2143329,0.7853174
1.214348,0.7853174
1.214363,0.7853174
1.214378,0.7853174
1.214393,0.7390857
1.214408,0.7390857
1.2144231,0.7390857
1.2144381,0.7390857
1.2144531,0.7390857
1.2144681,0.6928544
1.2144831,0.6928544
1.2144982,0.6928544
1.2145132,0.6928544
1.2145282,0.64662313
1.2145432,0.64662313
1.2145582,0.64662313
1.2145733,0.64662313
1.2145883,0.64662313
1.2146033,0.60039186
1.2146183,0.60039186
1.2146333,0.60039186
1.2146484,0.60039186
1.2146634,0.5541601
1.2146784,0.5541601
1.2146934,0.5541601
1.2147084,0.5541601
1.2147235,0.5541601
1.2147385,0.50792885
1.2147535,0.50792885
1.2147685,0.50792885
1.2147835,0.50792885
1.2147986,0.46169758
1.2148136,0.46169758
1.2148286,0.46169758
1.2148436,0.46169758
1.2148587,0.4154663
1.2148737,0.4154663
1.2148887,0.4154663
1.2149037,0.4154663
1.2149187,0.4154663
1.2149338,0.36923456
1.2149488,0.36923456
1.2149638,0.36923456
1.2149788,0.36923456
1.2149938,0.3230033
1.2150089,0.3230033
1.2150239,0.3230033
1.2150389,0.3230033
1.2150539,0.3230033
1.2150689,0.27677202
1.215084,0.27677202
1.215099,0.27677202
1.215114,0.27677202
1.215129,0.23054075
1.215144,0.23054075
1.215159,0.23054075
1.2151741,0.23054075
1.2151891,0.23054075
1.2152041,0.184309
1.2152191,0.184309
1.2152342,0.184309
1.2152492,0.184309
1.2152642,0.13807821
1.2152792,0.13807821
1.2152942,0.13807821
1.2153093,0.13807821
1.2153243,0.091846466
1.2153393,0.091846466
1.2153543,0.091846466
1.2153693,0.091846466
1.2153844,0.091846466
1.2153994,0.045615196
1.2154144,0.045615196
1.2154294,0.045615196
1.2154444,0.045615196
1.2154595,0.045615196
1.2154745,-6.160736E-4
1.2154895,-6.160736E-4
1.2155045,-6.160736E-4
1.2155195,-6.160736E-4
1.2155346,-0.046847343
1.2155496,-0.046847343
1.2155646,-0.046847343
1.2155796,-0.046847343
1.2155946,-0.09307861
1.2156097,-0.09307861
1.2156247,-0.09307861
1.2156397,-0.09307861
1.2156547,-0.09307861
1.2156698,-0.13931036
1.2156848,-0.13931036
1.2156998,-0.13931036
1.2157148,-0.13931036
1.2157298,-0.18554163
1.2157449,-0.18554163
1.2157599,-0.18554163
1.2157749,-0.18554163
1.2157899,-0.18554163
1.2158049,-0.2317729
1.21582,-0.2317729
1.215835,-0.2317729
1.21585,-0.2317729
1.215865,-0.27800417
1.21588,-0.27800417
1.215895,-0.27800417
1.2159101,-0.27800417
1.2159251,-0.27800417
1.2159401,-0.32423592
1.2159551,-0.32423592
1.2159702,-0.32423592
1.2159852,-0.32423592
1.2160002,-0.3704667
1.2160152,-0.3704667
1.2160302,-0.3704667
1.2160453,-0.3704667
1.2160603,-0.3704667
1.2160753,-0.41669846
1.2160903,-0.41669846
1.2161053,-0.41669846
1.2161204,-0.41669846
1.2161354,-0.46292973
1.2161504,-0.46292973
1.2161654,-0.46292973
1.2161804,-0.46292973
1.2161955,-0.46292973
1.2162105,-0.5091615
1.2162255,-0.5091615
1.2162405,-0.5091615
1.2162555,-0.5091615
1.2162706,-0.55539227
1.2162856,-0.55539227
1.2163006,-0.55539227
1.2163156,-0.55539227
1.2163306,-0.55539227
1.2163457,-0.601624
1.2163607,-0.601624
1.2163757,-0.601624
1.2163907,-0.601624
1.2164057,-0.601624
1.2164208,-0.6478553
1.2164358,-0.6478553
1.2164508,-0.6478553
1.2164658,-0.6478553
1.2164809,-0.694087
1.2164959,-0.694087
1.2165109,-0.694087
1.2165259,-0.694087
1.2165409,-0.694087
1.216556,-0.7403178
1.216571,-0.7403178
1.216586,-0.7403178
1.216601,-0.7403178
1.216616,-0.7403178
1.216631,-0.78654957
1.2166461,-0.78654957
1.2166611,-0.78654957
1.2166761,-0.78654957
1.2166911,-0.83278084
1.2167062,-0.83278084
1.2167212,-0.83278084
1.2167362,-0.83278084
1.2167512,-0.83278084
1.2167662,-0.8790121
1.2167813,-0.8790121
1.2167963,-0.8790121
1.2168113,-0.8790121
1.2168263,-0.8790121
1.2168413,-0.9252434
1.2168564,-0.9252434
1.2168715,-0.9252434
1.2168865,-0.9252434
1.2169015,-0.9714751
1.2169166,-0.9714751
1.2169316,-0.9714751
1.2169466,-0.9714751
1.2169616,-0.9714751
1.2169766,-1.0177064
1.2169917,-1.0177064
1.2170067,-1.0177064
1.2170217,-1.0177064
1.2170367,-1.0177064
1.2170517,-1.0639377
1.2170668,-1.0639377
1.2170818,-1.0639377
1.2170968,-1.0639377
1.2171118,-1.0639377
1.2171268,-1.1101689
1.2171419,-1.1101689
1.2171569,-1.1101689
1.2171719,-1.1101689
1.2171869,-1.1564007
1.217202,-1.1564007
1.217217,-1.1564007
1.217232,-1.1564007
1.217247,-1.1564007
1.217262,-1.202632
1.217277,-1.202632
1.2172921,-1.202632
1.2173071,-1.202632
1.2173221,-1.202632
1.2173371,-1.2488632
1.2173522,-1.2488632
1.2173672,-1.2488632
1.2173822,-1.2488632
1.2173972,-1.2488632
1.2174122,-1.2950945
1.2174273,-1.2950945
1.2174423,-1.2950945
1.2174573,-1.2950945
1.2174723,-1.2950945
1.2174873,-1.3413262
1.2175024,-1.3413262
1.2175174,-1.3413262
1.2175324,-1.3413262
1.2175474,-1.387557
1.2175624,-1.387557
1.2175775,-1.387557
1.2175925,-1.387557
1.2176075,-1.387557
1.2176225,-1.4337888
1.2176375,-1.4337888
1.2176526,-1.4337888
1.2176676,-1.4337888
1.2176826,-1.4337888
1.2176976,-1.48002
1.2177126,-1.48002
1.2177277,-1.48002
1.2177427,-1.48002
1.2177577,-1.48002
1.2177727,-1.48002
1.2177877,-1.48002
1.2178028,-1.48002
1.2178178,-1.5262513
1.2178328,-1.5262513
1.2178478,-1.5262513
1.2178628,-1.5262513
1.2178779,-1.5262513
1.2178929,-1.5724826
1.2179079,-1.5724826
1.2179229,-1.5724826
1.217938,-1.5724826
1.217953,-1.5724826
1.217968,-1.6187139
1.217983,-1.6187139
1.217998,-1.6187139
1.218013,-1.6187139
1.2180281,-1.6187139
1.2180431,-1.6187139
1.2180581,-1.6187139
1.2180731,-1.6187139
1.2180882,-1.5724826
1.2181032,-1.5724826
1.2181182,-1.5724826
1.2181332,-1.5724826
1.2181482,-1.5724826
1.2181633,-1.5262513
1.2181783,-1.5262513
1.2181933,-1.5262513
1.2182083,-1.5262513
1.2182233,-1.48002
1.2182384,-1.48002
1.2182534,-1.48002
1.2182684,-1.48002
1.2182834,-1.48002
1.2182984,-1.48002
1.2183135,-1.48002
1.2183285,-1.4337888
1.2183435,-1.4337888
1.2183585,-1.4337888
1.2183735,-1.4337888
1.2183886,-1.4337888
1.2184036,-1.387557
1.2184186,-1.387557
1.2184336,-1.387557
1.2184486,-1.387557
1.2184637,-1.387557
1.2184787,-1.3413262
1.2184937,-1.3413262
1.2185087,-1.3413262
1.2185237,-1.3413262
1.2185388,-1.2950945
1.2185538,-1.2950945
1.2185688,-1.2950945
1.2185838,-1.2950945
1.2185988,-1.2950945
1.2186139,-1.2488632
1.2186289,-1.2488632
1.2186439,-1.2488632
1.2186589,-1.2488632
1.218674,-1.202632
1.218689,-1.202632
1.218704,-1.202632
1.218719,-1.202632
1.218734,-1.202632
1.218749,-1.1564007
1.2187641,-1.1564007
1.2187791,-1.1564007
1.2187941,-1.1564007
1.2188091,-1.1564007
1.2188241,-1.1101689
1.2188392,-1.1101689
1.2188542,-1.1101689
1.2188692,-1.1101689
1.2188842,-1.1101689
1.2188993,-1.0639377
1.2189143,-1.0639377
1.2189293,-1.0639377
1.2189443,-1.0639377
1.2189593,-1.0177064
1.2189744,-1.0177064
1.2189894,-1.0177064
1.2190044,-1.0177064
1.2190194,-1.0177064
1.2190344,-0.9714751
1.2190495,-0.9714751
1.2190645,-0.9714751
1.2190795,-0.9714751
1.2190945,-0.9252434
1.2191095,-0.9252434
1.2191246,-0.9252434
1.2191396,-0.9252434
1.2191546,-0.9252434
1.2191696,-0.8790121
1.2191846,-0.8790121
1.2191997,-0.8790121
1.2192147,-0.8790121
1.2192297,-0.8790121
1.2192447,-0.83278084
1.2192597,-0.83278084
1.2192748,-0.83278084
1.2192898,-0.83278084
1.2193048,-0.83278084
1.2193198,-0.78654957
1.2193348,-0.78654957
1.2193499,-0.78654957
1.2193649,-0.78654957
1.2193799,-0.7403178
1.2193949,-0.7403178
1.21941,-0.7403178
1.219425,-0.7403178
1.21944,-0.7403178
1.219455,-0.694087
1.21947,-0.694087
1.219485,-0.694087
1.2195001,-0.694087
1.2195151,-0.694087
1.2195301,-0.6478553
1.2195451,-0.6478553
1.2195601,-0.6478553
1.2195752,-0.6478553
1.2195902,-0.601624
1.2196052,-0.601624
1.2196202,-0.601624
1.2196352,-0.601624
1.2196503,-0.601624
1.2196653,-0.55539227
1.2196803,-0.55539227
1.2196953,-0.55539227
1.2197104,-0.55539227
1.2197254,-0.55539227
1.2197404,-0.5091615
1.2197554,-0.5091615
1.2197704,-0.5091615
1.2197855,-0.5091615
1.2198005,-0.46292973
1.2198155,-0.46292973
1.2198305,-0.46292973
1.2198455,-0.46292973
1.2198606,-0.46292973
1.2198756,-0.41669846
1.2198906,-0.41669846
1.2199056,-0.41669846
1.2199206,-0.41669846
1.2199357,-0.41669846
1.2199507,-0.3704667
1.2199657,-0.3704667
1.2199807,-0.3704667
1.2199957,-0.3704667
1.2200108,-0.32423592
1.2200258,-0.32423592
1.2200408,-0.32423592
1.2200558,-0.32423592
1.2200708,-0.32423592
1.2200859,-0.27800417
1.2201009,-0.27800417
1.2201159,-0.27800417
1.2201309,-0.27800417
1.220146,-0.27800417
1.220161,-0.2317729
1.220176,-0.2317729
1.220191,-0.2317729
1.220206,-0.2317729
1.220221,-0.18554163
1.2202361,-0.18554163
1.2202511,-0.18554163
1.2202661,-0.18554163
1.2202811,-0.18554163
1.2202961,-0.13931036
1.2203112,-0.13931036
1.2203262,-0.13931036
1.2203412,-0.13931036
1.2203562,-0.13931036
1.2203712,-0.09307861
1.2203864,-0.09307861
1.2204014,-0.09307861
1.2204164,-0.09307861
1.2204314,-0.046847343
1.2204465,-0.046847343
1.2204615,-0.046847343
1.2204765,-0.046847343
1.2204915,-0.046847343
1.2205065,-6.160736E-4
1.2205216,-6.160736E-4
1.2205366,-6.160736E-4
1.2205516,-6.160736E-4
1.2205666,0.045615196
1.2205817,0.045615196
1.2205967,0.045615196
1.2206117,0.045615196
1.2206267,0.045615196
1.2206417,0.091846466
1.2206568,0.091846466
1.2206718,0.091846466
1.2206868,0.091846466
1.2207018,0.091846466
1.2207168,0.13807821
1.2207319,0.13807821
1.2207469,0.13807821
1.2207619,0.13807821
1.2207769,0.184309
1.2207919,0.184309
1.220807,0.184309
1.220822,0.184309
1.220837,0.184309
1.220852,0.23054075
1.220867,0.23054075
1.220882,0.23054075
1.2208971,0.23054075
1.2209121,0.27677202
1.2209271,0.27677202
1.2209421,0.27677202
1.2209572,0.27677202
1.2209722,0.27677202
1.2209872,0.3230033
1.2210022,0.3230033
1.2210172,0.3230033
1.2210323,0.3230033
1.2210473,0.3230033
1.2210623,0.36923456
1.2210773,0.36923456
1.2210923,0.36923456
1.2211074,0.36923456
1.2211224,0.36923456
1.2211374,0.4154663
1.2211524,0.4154663
1.2211674,0.4154663
1.2211825,0.4154663
1.2211975,0.46169758
1.2212125,0.46169758
1.2212275,0.46169758
1.2212425,0.46169758
1.2212576,0.46169758
1.2212726,0.50792885
1.2212876,0.50792885
1.2213026,0.50792885
1.2213176,0.50792885
1.2213327,0.50792885
1.2213477,0.5541601
1.2213627,0.5541601
1.2213777,0.5541601
1.2213928,0.5541601
1.2214078,0.5541601
1.2214228,0.60039186
1.2214378,0.60039186
1.2214528,0.60039186
1.2214679,0.60039186
1.2214829,0.64662313
1.2214979,0.64662313
1.2215129,0.64662313
1.2215279,0.64662313
1.221543,0.64662313
1.221558,0.6928544
1.221573,0.6928544
1.221588,0.6928544
1.221603,0.6928544
1.221618,0.6928544
1.2216331,0.7390857
1.2216481,0.7390857
1.2216631,0.7390857
1.2216781,0.7390857
1.2216932,0.7390857
1.2217082,0.7853174
1.2217232,0.7853174
1.2217382,0.7853174
1.2217532,0.7853174
1.2217683,0.7853174
1.2217833,0.8315482
1.2217983,0.8315482
1.2218133,0.8315482
1.2218283,0.8315482
1.2218434,0.8315482
1.2218584,0.87777996
1.2218734,0.87777996
1.2218884,0.87777996
1.2219034,0.87777996
1.2219185,0.87777996
1.2219335,0.92401123
1.2219485,0.92401123
1.2219635,0.92401123
1.2219785,0.92401123
1.2219936,0.970243
1.2220086,0.970243
1.2220236,0.970243
1.2220386,0.970243
1.2220536,0.970243
1.2220687,1.0164738
1.2220837,1.0164738
1.2220987,1.0164738
1.2221137,1.0164738
1.2221287,1.0164738
1.2221438,1.0627055
1.2221588,1.0627055
1.2221738,1.0627055
1.2221888,1.0627055
1.2222039,1.0627055
1.2222189,1.1089368
1.2222339,1.1089368
1.2222489,1.1089368
1.2222639,1.1089368
1.222279,1.1089368
1.222294,1.1551685
1.222309,1.1551685
1.222324,1.1551685
1.222339,1.1551685
1.222354,1.2013993
1.2223691,1.2013993
1.2223841,1.2013993
1.2223991,1.2013993
1.2224141,1.2013993
1.2224292,1.2013993
1.2224442,1.2476311
1.2224592,1.2476311
1.2224742,1.2476311
1.2224892,1.2476311
1.2225043,1.2938623
1.2225193,1.2938623
1.2225343,1.2938623
1.2225493,1.2938623
1.2225643,1.2938623
1.2225794,1.3400936
1.2225944,1.3400936
1.2226094,1.3400936
1.2226244,1.3400936
1.2226394,1.3400936
1.2226545,1.3863249
1.2226695,1.3863249
1.2226845,1.3863249
1.2226995,1.3863249
1.2227145,1.3863249
1.2227296,1.4325566
1.2227446,1.4325566
1.2227596,1.4325566
1.2227746,1.4325566
1.2227896,1.4325566
1.2228047,1.4787879
1.2228197,1.4787879
1.2228347,1.4787879
1.2228497,1.4787879
1.2228647,1.4787879
1.2228798,1.4787879
1.2228948,1.4787879
1.2229098,1.4787879
1.2229248,1.5250192
1.2229398,1.5250192
1.2229549,1.5250192
1.2229699,1.5250192
1.2229849,1.5250192
1.2229999,1.5712504
1.223015,1.5712504
1.22303,1.5712504
1.223045,1.5712504
1.22306,1.5712504
1.223075,1.6174817
1.22309,1.6174817
1.2231051,1.6174817
1.2231201,1.6174817
1.2231351,1.6174817
1.2231501,1.6174817
1.2231652,1.6637135
1.2231802,1.6637135
1.2231952,1.6637135
1.2232102,1.6637135
1.2232252,1.6637135
1.2232403,1.7099442
1.2232553,1.7099442
1.2232703,1.7099442
1.2232853,1.7099442
1.2233003,1.7099442
1.2233154,1.756176
1.2233304,1.756176
1.2233454,1.756176
1.2233604,1.756176
1.2233754,1.756176
1.2233905,1.756176
1.2234055,1.756176
1.2234205,1.7099442
1.2234355,1.7099442
1.2234505,1.7099442
1.2234656,1.7099442
1.2234806,1.6637135
1.2234956,1.6637135
1.2235106,1.6637135
1.2235256,1.6637135
1.2235407,1.6174817
1.2235557,1.6174817
1.2235707,1.6174817
1.2235857,1.6174817
1.2236007,1.6174817
1.2236158,1.5712504
1.2236308,1.5712504
1.2236458,1.5712504
1.2236608,1.5712504
1.2236758,1.5250192
1.2236909,1.5250192
1.2237059,1.5250192
1.2237209,1.5250192
1.2237359,1.4787879
1.223751,1.4787879
1.223766,1.4787879
1.223781,1.4787879
1.223796,1.4787879
1.223811,1.4787879
1.223826,1.4787879
1.2238411,1.4325566
1.2238561,1.4325566
1.2238711,1.4325566
1.2238861,1.4325566
1.2239012,1.4325566
1.2239163,1.3863249
1.2239313,1.3863249
1.2239463,1.3863249
1.2239614,1.3863249
1.2239764,1.3400936
1.2239914,1.3400936
1.2240064,1.3400936
1.2240214,1.3400936
1.2240365,1.2938623
1.2240515,1.2938623
1.2240665,1.2938623
1.2240815,1.2938623
1.2240965,1.2938623
1.2241116,1.2476311
1.2241266,1.2476311
1.2241416,1.2476311
1.2241566,1.2476311
1.2241716,1.2013993
1.2241867,1.2013993
1.2242017,1.2013993
1.2242167,1.2013993
1.2242317,1.1551685
1.2242467,1.1551685
1.2242618,1.1551685
1.2242768,1.1551685
1.2242918,1.1551685
1.2243068,1.1089368
1.2243218,1.1089368
1.2243369,1.1089368
1.2243519,1.1089368
1.2243669,1.0627055
1.2243819,1.0627055
1.224397,1.0627055
1.224412,1.0627055
1.224427,1.0627055
1.224442,1.0164738
1.224457,1.0164738
1.224472,1.0164738
1.2244871,1.0164738
1.2245021,0.970243
1.2245171,0.970243
1.2245321,0.970243
1.2245471,0.970243
1.2245622,0.970243
1.2245772,0.92401123
1.2245922,0.92401123
1.2246072,0.92401123
1.2246222,0.92401123
1.2246373,0.87777996
1.2246523,0.87777996
1.2246673,0.87777996
1.2246823,0.87777996
1.2246974,0.8315482
1.2247124,0.8315482
1.2247274,0.8315482
1.2247424,0.8315482
1.2247574,0.8315482
1.2247725,0.7853174
1.2247875,0.7853174
1.2248025,0.7853174
1.2248175,0.7853174
1.2248325,0.7390857
1.2248476,0.7390857
1.2248626,0.7390857
1.2248776,0.7390857
1.2248926,0.7390857
1.2249076,0.6928544
1.2249227,0.6928544
1.2249377,0.6928544
1.2249527,0.6928544
1.2249677,0.64662313
1.2249827,0.64662313
1.2249978,0.64662313
1.2250128,0.64662313
1.2250278,0.64662313
1.2250428,0.60039186
1.2250578,0.60039186
1.2250729,0.60039186
1.2250879,0.60039186
1.2251029,0.5541601
1.2251179,0.5541601
1.225133,0.5541601
1.225148,0.5541601
1.225163,0.50792885
1.225178,0.50792885
1.225193,0.50792885
1.225208,0.50792885
1.2252231,0.50792885
1.2252381,0.46169758
1.2252531,0.46169758
1.2252681,0.46169758
1.2252831,0.46169758
1.2252982,0.4154663
1.2253132,0.4154663
1.2253282,0.4154663
1.2253432,0.4154663
1.2253582,0.4154663
1.2253733,0.36923456
1.2253883,0.36923456
1.2254033,0.36923456
1.2254183,0.36923456
1.2254333,0.3230033
1.2254484,0.3230033
1.2254634,0.3230033
1.2254784,0.3230033
1.2254934,0.27677202
1.2255085,0.27677202
1.2255235,0.27677202
1.2255385,0.27677202
1.2255535,0.27677202
1.2255685,0.23054075
1.2255836,0.23054075
1.2255986,0.23054075
1.2256136,0.23054075
1.2256286,0.184309
1.2256436,0.184309
1.2256587,0.184309
1.2256737,0.184309
1.2256887,0.184309
1.2257037,0.13807821
1.2257187,0.13807821
1.2257338,0.13807821
1.2257488,0.13807821
1.2257638,0.091846466
1.2257788,0.091846466
1.2257938,0.091846466
1.2258089,0.091846466
1.2258239,0.091846466
1.2258389,0.045615196
1.2258539,0.045615196
1.2258689,0.045615196
1.225884,0.045615196
1.225899,-6.160736E-4
1.225914,-6.160736E-4
1.225929,-6.160736E-4
1.225944,-6.160736E-4
1.2259591,-0.046847343
1.2259741,-0.046847343
1.2259891,-0.046847343
1.2260041,-0.046847343
1.2260191,-0.046847343
1.2260342,-0.09307861
1.2260492,-0.09307861
1.2260642,-0.09307861
1.2260792,-0.09307861
1.2260942,-0.13931036
1.2261093,-0.13931036
1.2261243,-0.13931036
1.2261393,-0.13931036
1.2261543,-0.13931036
1.2261693,-0.18554163
1.2261844,-0.18554163
1.2261994,-0.18554163
1.2262144,-0.18554163
1.2262294,-0.2317729
1.2262444,-0.2317729
1.2262595,-0.2317729
1.2262745,-0.2317729
1.2262895,-0.2317729
1.2263045,-0.27800417
1.2263196,-0.27800417
1.2263346,-0.27800417
1.2263496,-0.27800417
1.2263646,-0.32423592
1.2263796,-0.32423592
1.2263947,-0.32423592
1.2264097,-0.32423592
1.2264247,-0.32423592
1.2264397,-0.3704667
1.2264547,-0.3704667
1.2264698,-0.3704667
1.2264848,-0.3704667
1.2264998,-0.41669846
1.2265148,-0.41669846
1.2265298,-0.41669846
1.2265449,-0.41669846
1.2265599,-0.41669846
1.2265749,-0.46292973
1.2265899,-0.46292973
1.2266049,-0.46292973
1.22662,-0.46292973
1.226635,-0.46292973
1.22665,-0.5091615
1.226665,-0.5091615
1.22668,-0.5091615
1.2266951,-0.5091615
1.2267101,-0.55539227
1.2267251,-0.55539227
1.2267401,-0.55539227
1.2267551,-0.55539227
1.2267702,-0.55539227
1.2267852,-0.601624
1.2268002,-0.601624
1.2268152,-0.601624
1.2268302,-0.601624
1.2268453,-0.6478553
1.2268603,-0.6478553
1.2268753,-0.6478553
1.2268903,-0.6478553
1.2269053,-0.6478553
1.2269204,-0.694087
1.2269354,-0.694087
1.2269504,-0.694087
1.2269654,-0.694087
1.2269804,-0.7403178
1.2269955,-0.7403178
1.2270105,-0.7403178
1.2270255,-0.7403178
1.2270405,-0.7403178
1.2270555,-0.78654957
1.2270706,-0.78654957
1.2270856,-0.78654957
1.2271006,-0.78654957
1.2271156,-0.78654957
1.2271307,-0.83278084
1.2271457,-0.83278084
1.2271607,-0.83278084
1.2271757,-0.83278084
1.2271907,-0.83278084
1.2272058,-0.8790121
1.2272208,-0.8790121
1.2272358,-0.8790121
1.2272508,-0.8790121
1.2272658,-0.9252434
1.2272809,-0.9252434
1.2272959,-0.9252434
1.2273109,-0.9252434
1.2273259,-0.9252434
1.2273409,-0.9714751
1.227356,-0.9714751
1.227371,-0.9714751
1.227386,-0.9714751
1.227401,-0.9714751
1.227416,-1.0177064
1.2274312,-1.0177064
1.2274462,-1.0177064
1.2274612,-1.0177064
1.2274762,-1.0177064
1.2274913,-1.0639377
1.2275063,-1.0639377
1.2275213,-1.0639377
1.2275363,-1.0639377
1.2275513,-1.1101689
1.2275664,-1.1101689
1.2275814,-1.1101689
1.2275964,-1.1101689
1.2276114,-1.1101689
1.2276264,-1.1564007
1.2276415,-1.1564007
1.2276565,-1.1564007
1.2276715,-1.1564007
1.2276865,-1.1564007
1.2277015,-1.202632
1.2277166,-1.202632
1.2277316,-1.202632
1.2277466,-1.202632
1.2277616,-1.2488632
1.2277766,-1.2488632
1.2277917,-1.2488632
1.2278067,-1.2488632
1.2278217,-1.2488632
1.2278367,-1.2950945
1.2278517,-1.2950945
1.2278668,-1.2950945
1.2278818,-1.2950945
1.2278968,-1.2950945
1.2279118,-1.3413262
1.2279269,-1.3413262
1.2279419,-1.3413262
1.2279569,-1.3413262
1.2279719,-1.3413262
1.2279869,-1.387557
1.228002,-1.387557
1.228017,-1.387557
1.228032,-1.387557
1.228047,-1.387557
1.228062,-1.4337888
1.228077,-1.4337888
1.2280921,-1.4337888
1.2281071,-1.4337888
1.2281221,-1.4337888
1.2281371,-1.48002
1.2281522,-1.48002
1.2281672,-1.48002
1.2281822,-1.48002
1.2281972,-1.48002
1.2282122,-1.48002
1.2282273,-1.48002
1.2282423,-1.5262513
1.2282573,-1.5262513
1.2282723,-1.5262513
1.2282873,-1.5262513
1.2283024,-1.5262513
1.2283174,-1.5724826
1.2283324,-1.5724826
1.2283474,-1.5724826
1.2283624,-1.5724826
1.2283775,-1.5724826
1.2283925,-1.5724826
1.2284075,-1.6187139
1.2284225,-1.6187139
1.2284375,-1.6187139
1.2284526,-1.6187139
1.2284676,-1.6187139
1.2284826,-1.6187139
1.2284976,-1.6187139
1.2285126,-1.6187139
1.2285277,-1.5724826
1.2285427,-1.5724826
1.2285577,-1.5724826
1.2285727,-1.5724826
1.2285877,-1.5724826
1.2286028,-1.5262513
1.2286178,-1.5262513
1.2286328,-1.5262513
1.2286478,-1.5262513
1.2286628,-1.48002
1.2286779,-1.48002
1.2286929,-1.48002
1.2287079,-1.48002
1.2287229,-1.48002
1.228738,-1.48002
1.228753,-1.48002
1.228768,-1.4337888
1.228783,-1.4337888
1.228798,-1.4337888
1.228813,-1.4337888
1.2288281,-1.4337888
1.2288431,-1.387557
1.2288581,-1.387557
1.2288731,-1.387557
1.2288882,-1.387557
1.2289032,-1.3413262
1.2289182,-1.3413262
1.2289332,-1.3413262
1.2289482,-1.3413262
1.2289633,-1.3413262
1.2289783,-1.2950945
1.2289933,-1.2950945
1.2290083,-1.2950945
1.2290233,-1.2950945
1.2290384,-1.2950945
1.2290534,-1.2488632
1.2290684,-1.2488632
1.2290834,-1.2488632
1.2290984,-1.2488632
1.2291135,-1.202632
1.2291285,-1.202632
1.2291435,-1.202632
1.2291585,-1.202632
1.2291735,-1.202632
1.2291886,-1.1564007
1.2292036,-1.1564007
1.2292186,-1.1564007
1.2292336,-1.1564007
1.2292486,-1.1564007
1.2292637,-1.1101689
1.2292787,-1.1101689
1.2292937,-1.1101689
1.2293087,-1.1101689
1.2293237,-1.0639377
1.2293388,-1.0639377
1.2293538,-1.0639377
1.2293688,-1.0639377
1.2293838,-1.0639377
1.2293988,-1.0177064
1.2294139,-1.0177064
1.2294289,-1.0177064
1.2294439,-1.0177064
1.2294589,-0.9714751
1.229474,-0.9714751
1.229489,-0.9714751
1.229504,-0.9714751
1.229519,-0.9714751
1.229534,-0.9252434
1.229549,-0.9252434
1.2295641,-0.9252434
1.2295791,-0.9252434
1.2295941,-0.9252434
1.2296091,-0.8790121
1.2296242,-0.8790121
1.2296392,-0.8790121
1.2296542,-0.8790121
1.2296692,-0.83278084
1.2296842,-0.83278084
1.2296993,-0.83278084
1.2297143,-0.83278084
1.2297293,-0.83278084
1.2297443,-0.78654957
1.2297593,-0.78654957
1.2297744,-0.78654957
1.2297894,-0.78654957
1.2298044,-0.78654957
1.2298194,-0.7403178
1.2298344,-0.7403178
1.2298495,-0.7403178
1.2298645,-0.7403178
1.2298795,-0.694087
1.2298945,-0.694087
1.2299095,-0.694087
1.2299246,-0.694087
1.2299396,-0.694087
1.2299546,-0.6478553
1.2299696,-0.6478553
1.2299846,-0.6478553
1.2299997,-0.6478553
1.2300147,-0.6478553
1.2300297,-0.601624
1.2300447,-0.601624
1.2300597,-0.601624
1.2300748,-0.601624
1.2300898,-0.55539227
1.2301048,-0.55539227
1.2301198,-0.55539227
1.2301348,-0.55539227
1.2301499,-0.55539227
1.2301649,-0.5091615
1.2301799,-0.5091615
1.2301949,-0.5091615
1.23021,-0.5091615
1.230225,-0.5091615
1.23024,-0.46292973
1.230255,-0.46292973
1.23027,-0.46292973
1.230285,-0.46292973
1.2303001,-0.46292973
1.2303151,-0.41669846
1.2303301,-0.41669846
1.2303451,-0.41669846
1.2303602,-0.41669846
1.2303752,-0.3704667
1.2303902,-0.3704667
1.2304052,-0.3704667
1.2304202,-0.3704667
1.2304353,-0.3704667
1.2304503,-0.32423592
1.2304653,-0.32423592
1.2304803,-0.32423592
1.2304953,-0.32423592
1.2305104,-0.27800417
1.2305254,-0.27800417
1.2305404,-0.27800417
1.2305554,-0.27800417
1.2305704,-0.27800417
1.2305855,-0.2317729
1.2306005,-0.2317729
1.2306155,-0.2317729
1.2306305,-0.2317729
1.2306455,-0.2317729
1.2306606,-0.18554163
1.2306756,-0.18554163
1.2306906,-0.18554163
1.2307056,-0.18554163
1.2307206,-0.13931036
1.2307357,-0.13931036
1.2307507,-0.13931036
1.2307657,-0.13931036
1.2307807,-0.13931036
1.2307957,-0.09307861
1.2308108,-0.09307861
1.2308258,-0.09307861
1.2308408,-0.09307861
1.2308558,-0.09307861
1.2308708,-0.046847343
1.2308859,-0.046847343
1.2309009,-0.046847343
1.2309159,-0.046847343
1.2309309,-6.160736E-4
1.230946,-6.160736E-4
1.2309611,-6.160736E-4
1.2309761,-6.160736E-4
1.2309911,0.045615196
1.2310061,0.045615196
1.2310212,0.045615196
1.2310362,0.045615196
1.2310512,0.045615196
1.2310662,0.091846466
1.2310812,0.091846466
1.2310963,0.091846466
1.2311113,0.091846466
1.2311263,0.091846466
1.2311413,0.13807821
1.2311563,0.13807821
1.2311714,0.13807821
1.2311864,0.13807821
1.2312014,0.13807821
1.2312164,0.184309
1.2312315,0.184309
1.2312465,0.184309
1.2312615,0.184309
1.2312765,0.23054075
1.2312915,0.23054075
1.2313066,0.23054075
1.2313216,0.23054075
1.2313366,0.23054075
1.2313516,0.27677202
1.2313666,0.27677202
1.2313817,0.27677202
1.2313967,0.27677202
1.2314117,0.27677202
1.2314267,0.3230033
1.2314417,0.3230033
1.2314568,0.3230033
1.2314718,0.3230033
1.2314868,0.3230033
1.2315018,0.36923456
1.2315168,0.36923456
1.2315319,0.36923456
1.2315469,0.36923456
1.2315619,0.4154663
1.2315769,0.4154663
1.2315919,0.4154663
1.231607,0.4154663
1.231622,0.4154663
1.231637,0.46169758
1.231652,0.46169758
1.231667,0.46169758
1.2316821,0.46169758
1.2316971,0.46169758
1.2317121,0.50792885
1.2317271,0.50792885
1.2317421,0.50792885
1.2317572,0.50792885
1.2317722,0.5541601
1.2317872,0.5541601
1.2318022,0.5541601
1.2318172,0.5541601
1.2318323,0.5541601
1.2318473,0.60039186
1.2318623,0.60039186
1.2318773,0.60039186
1.2318923,0.60039186
1.2319074,0.60039186
1.2319224,0.64662313
1.2319374,0.64662313
1.2319524,0.64662313
1.2319674,0.64662313
1.2319825,0.64662313
1.2319975,0.6928544
1.2320125,0.6928544
1.2320275,0.6928544
1.2320426,0.6928544
1.2320576,0.6928544
1.2320726,0.7390857
1.2320876,0.7390857
1.2321026,0.7390857
1.2321177,0.7390857
1.2321327,0.7853174
1.2321477,0.7853174
1.2321627,0.7853174
1.2321777,0.7853174
1.2321928,0.7853174
1.2322078,0.8315482
1.2322228,0.8315482
1.2322378,0.8315482
1.2322528,0.8315482
1.2322679,0.8315482
1.2322829,0.87777996
1.2322979,0.87777996
1.2323129,0.87777996
1.2323279,0.87777996
1.232343,0.87777996
1.232358,0.92401123
1.232373,0.92401123
1.232388,0.92401123
1.232403,0.92401123
1.2324181,0.92401123
1.2324331,0.970243
1.2324481,0.970243
1.2324631,0.970243
1.2324781,0.970243
1.2324932,0.970243
1.2325082,1.0164738
1.2325232,1.0164738
1.2325382,1.0164738
1.2325532,1.0164738
1.2325683,1.0164738
1.2325833,1.0627055
1.2325983,1.0627055
1.2326133,1.0627055
1.2326283,1.0627055
1.2326434,1.1089368
1.2326584,1.1089368
1.2326734,1.1089368
1.2326884,1.1089368
1.2327034,1.1089368
1.2327185,1.1551685
1.2327335,1.1551685
1.2327485,1.1551685
1.2327635,1.1551685
1.2327785,1.1551685
1.2327936,1.2013993
1.2328086,1.2013993
1.2328236,1.2013993
1.2328386,1.2013993
1.2328537,1.2013993
1.2328687,1.2476311
1.2328837,1.2476311
1.2328987,1.2476311
1.2329137,1.2476311
1.2329288,1.2476311
1.2329438,1.2938623
1.2329588,1.2938623
1.2329738,1.2938623
1.2329888,1.2938623
1.2330039,1.2938623
1.2330189,1.3400936
1.2330339,1.3400936
1.2330489,1.3400936
1.2330639,1.3400936
1.233079,1.3400936
1.233094,1.3863249
1.233109,1.3863249
1.233124,1.3863249
1.233139,1.3863249
1.233154,1.3863249
1.2331691,1.4325566
1.2331841,1.4325566
1.2331991,1.4325566
1.2332141,1.4325566
1.2332292,1.4325566
1.2332442,1.4787879
1.2332592,1.4787879
1.2332742,1.4787879
1.2332892,1.4787879
1.2333043,1.4787879
1.2333193,1.4787879
1.2333343,1.4787879
1.2333493,1.4787879
1.2333643,1.5250192
1.2333794,1.5250192
1.2333944,1.5250192
1.2334094,1.5250192
1.2334244,1.5250192
1.2334394,1.5712504
1.2334545,1.5712504
1.2334695,1.5712504
1.2334845,1.5712504
1.2334995,1.5712504
1.2335145,1.6174817
1.2335296,1.6174817
1.2335446,1.6174817
1.2335596,1.6174817
1.2335746,1.6174817
1.2335896,1.6637135
1.2336047,1.6637135
1.2336197,1.6637135
1.2336347,1.6637135
1.2336497,1.6637135
1.2336648,1.7099442
1.2336798,1.7099442
1.2336948,1.7099442
1.2337098,1.7099442
1.2337248,1.7099442
1.2337399,1.756176
1.2337549,1.756176
1.2337699,1.756176
1.2337849,1.756176
1.2337999,1.756176
1.233815,1.756176
1.23383,1.756176
1.233845,1.7099442
1.23386,1.7099442
1.233875,1.7099442
1.23389,1.7099442
1.2339051,1.7099442
1.2339201,1.6637135
1.2339351,1.6637135
1.2339501,1.6637135
1.2339652,1.6637135
1.2339802,1.6174817
1.2339952,1.6174817
1.2340102,1.6174817
1.2340252,1.6174817
1.2340403,1.5712504
1.2340553,1.5712504
1.2340703,1.5712504
1.2340853,1.5712504
1.2341003,1.5250192
1.2341154,1.5250192
1.2341304,1.5250192
1.2341454,1.5250192
1.2341604,1.5250192
1.2341754,1.4787879
1.2341905,1.4787879
1.2342055,1.4787879
1.2342205,1.4787879
1.2342355,1.4787879
1.2342505,1.4787879
1.2342656,1.4787879
1.2342806,1.4325566
1.2342956,1.4325566
1.2343106,1.4325566
1.2343256,1.4325566
1.2343407,1.3863249
1.2343557,1.3863249
1.2343707,1.3863249
1.2343857,1.3863249
1.2344007,1.3863249
1.2344158,1.3400936
1.2344308,1.3400936
1.2344458,1.3400936
1.2344608,1.3400936
1.234476,1.2938623
1.234491,1.2938623
1.234506,1.2938623
1.234521,1.2938623
1.234536,1.2938623
1.2345511,1.2476311
1.2345661,1.2476311
1.2345811,1.2476311
1.2345961,1.2476311
1.2346112,1.2013993
1.2346262,1.2013993
1.2346412,1.2013993
1.2346562,1.2013993
1.2346712,1.1551685
1.2346863,1.1551685
1.2347013,1.1551685
1.2347163,1.1551685
1.2347313,1.1551685
1.2347463,1.1089368
1.2347614,1.1089368
1.2347764,1.1089368
1.2347914,1.1089368
1.2348064,1.0627055
1.2348214,1.0627055
1.2348365,1.0627055
1.2348515,1.0627055
1.2348665,1.0164738
1.2348815,1.0164738
1.2348965,1.0164738
1.2349116,1.0164738
1.2349266,1.0164738
1.2349416,0.970243
1.2349566,0.970243
1.2349716,0.970243
1.2349867,0.970243
1.2350017,0.92401123
1.2350167,0.92401123
1.2350317,0.92401123
1.2350467,0.92401123
1.2350618,0.92401123
1.2350768,0.87777996
1.2350918,0.87777996
1.2351068,0.87777996
1.2351218,0.87777996
1.2351369,0.8315482
1.2351519,0.8315482
1.2351669,0.8315482
1.2351819,0.8315482
1.235197,0.7853174
1.235212,0.7853174
1.235227,0.7853174
1.235242,0.7853174
1.235257,0.7853174
1.235272,0.7390857
1.2352871,0.7390857
1.2353021,0.7390857
1.2353171,0.7390857
1.2353321,0.6928544
1.2353472,0.6928544
1.2353622,0.6928544
1.2353772,0.6928544
1.2353922,0.6928544
1.2354072,0.64662313
1.2354223,0.64662313
1.2354373,0.64662313
1.2354523,0.64662313
1.2354673,0.60039186
1.2354823,0.60039186
1.2354974,0.60039186
1.2355124,0.60039186
1.2355274,0.60039186
1.2355424,0.5541601
1.2355574,0.5541601
1.2355725,0.5541601
1.2355875,0.5541601
1.2356025,0.50792885
1.2356175,0.50792885
1.2356325,0.50792885
1.2356476,0.50792885
1.2356626,0.46169758
1.2356776,0.46169758
1.2356926,0.46169758
1.2357076,0.46169758
1.2357227,0.46169758
1.2357377,0.4154663
1.2357527,0.4154663
1.2357677,0.4154663
1.2357827,0.4154663
1.2357978,0.36923456
1.2358128,0.36923456
1.2358278,0.36923456
1.2358428,0.36923456
1.2358578,0.3230033
1.2358729,0.3230033
1.2358879,0.3230033
1.2359029,0.3230033
1.2359179,0.3230033
1.235933,0.27677202
1.235948,0.27677202
1.235963,0.27677202
1.235978,0.27677202
1.235993,0.27677202
1.236008,0.23054075
1.2360231,0.23054075
1.2360381,0.23054075
1.2360531,0.23054075
1.2360681,0.184309
1.2360831,0.184309
1.2360982,0.184309
1.2361132,0.184309
1.2361282,0.13807821
1.2361432,0.13807821
1.2361583,0.13807821
1.2361733,0.13807821
1.2361883,0.13807821
1.2362033,0.091846466
1.2362183,0.091846466
1.2362334,0.091846466
1.2362484,0.091846466
1.2362634,0.045615196
1.2362784,0.045615196
1.2362934,0.045615196
1.2363085,0.045615196
1.2363235,0.045615196
1.2363385,-6.160736E-4
1.2363535,-6.160736E-4
1.2363685,-6.160736E-4
1.2363836,-6.160736E-4
1.2363986,-0.046847343
1.2364136,-0.046847343
1.2364286,-0.046847343
1.2364436,-0.046847343
1.2364587,-0.09307861
1.2364737,-0.09307861
1.2364887,-0.09307861
1.2365037,-0.09307861
1.2365187,-0.09307861
1.2365338,-0.13931036
1.2365488,-0.13931036
1.2365638,-0.13931036
1.2365788,-0.13931036
1.2365938,-0.18554163
1.2366089,-0.18554163
1.2366239,-0.18554163
1.2366389,-0.18554163
1.2366539,-0.18554163
1.236669,-0.2317729
1.236684,-0.2317729
1.236699,-0.2317729
1.236714,-0.2317729
1.236729,-0.27800417
1.236744,-0.27800417
1.2367591,-0.27800417
1.2367741,-0.27800417
1.2367891,-0.27800417
1.2368041,-0.32423592
1.2368191,-0.32423592
1.2368342,-0.32423592
1.2368492,-0.32423592
1.2368642,-0.3704667
1.2368792,-0.3704667
1.2368942,-0.3704667
1.2369093,-0.3704667
1.2369243,-0.3704667
1.2369393,-0.41669846
1.2369543,-0.41669846
1.2369694,-0.41669846
1.2369844,-0.41669846
1.2369994,-0.46292973
1.2370144,-0.46292973
1.2370294,-0.46292973
1.2370445,-0.46292973
1.2370595,-0.46292973
1.2370745,-0.5091615
1.2370895,-0.5091615
1.2371045,-0.5091615
1.2371196,-0.5091615
1.2371346,-0.55539227
1.2371496,-0.55539227
1.2371646,-0.55539227
1.2371796,-0.55539227
1.2371947,-0.55539227
1.2372097,-0.601624
1.2372247,-0.601624
1.2372397,-0.601624
1.2372547,-0.601624
1.2372698,-0.601624
1.2372848,-0.6478553
1.2372998,-0.6478553
1.2373148,-0.6478553
1.2373298,-0.6478553
1.2373449,-0.6478553
1.2373599,-0.694087
1.2373749,-0.694087
1.2373899,-0.694087
1.237405,-0.694087
1.23742,-0.7403178
1.237435,-0.7403178
1.23745,-0.7403178
1.237465,-0.7403178
1.23748,-0.7403178
1.2374951,-0.78654957
1.2375101,-0.78654957
1.2375251,-0.78654957
1.2375401,-0.78654957
1.2375551,-0.78654957
1.2375702,-0.83278084
1.2375852,-0.83278084
1.2376002,-0.83278084
1.2376152,-0.83278084
1.2376302,-0.8790121
1.2376453,-0.8790121
1.2376603,-0.8790121
1.2376753,-0.8790121
1.2376903,-0.8790121
1.2377053,-0.9252434
1.2377204,-0.9252434
1.2377354,-0.9252434
1.2377504,-0.9252434
1.2377654,-0.9252434
1.2377805,-0.9714751
1.2377955,-0.9714751
1.2378105,-0.9714751
1.2378255,-0.9714751
1.2378405,-1.0177064
1.2378556,-1.0177064
1.2378706,-1.0177064
1.2378856,-1.0177064
1.2379006,-1.0177064
1.2379156,-1.0639377
1.2379307,-1.0639377
1.2379457,-1.0639377
1.2379607,-1.0639377
1.2379757,-1.0639377
1.2379907,-1.1101689
1.2380059,-1.1101689
1.2380209,-1.1101689
1.2380359,-1.1101689
1.2380509,-1.1101689
1.238066,-1.1564007
1.238081,-1.1564007
1.238096,-1.1564007
1.238111,-1.1564007
1.238126,-1.202632
1.2381411,-1.202632
1.2381561,-1.202632
1.2381711,-1.202632
1.2381861,-1.202632
1.2382011,-1.2488632
1.2382162,-1.2488632
1.2382312,-1.2488632
1.2382462,-1.2488632
1.2382612,-1.2488632
1.2382762,-1.2950945
1.2382913,-1.2950945
1.2383063,-1.2950945
1.2383213,-1.2950945
1.2383363,-1.2950945
1.2383513,-1.3413262
1.2383664,-1.3413262
1.2383814,-1.3413262
1.2383964,-1.3413262
1.2384114,-1.3413262
1.2384264,-1.387557
1.2384415,-1.387557
1.2384565,-1.387557
1.2384715,-1.387557
1.2384865,-1.387557
1.2385015,-1.4337888
1.2385166,-1.4337888
1.2385316,-1.4337888
1.2385466,-1.4337888
1.2385616,-1.48002
1.2385767,-1.48002
1.2385917,-1.48002
1.2386067,-1.48002
1.2386217,-1.48002
1.2386367,-1.48002
1.2386518,-1.48002
1.2386668,-1.48002
1.2386818,-1.5262513
1.2386968,-1.5262513
1.2387118,-1.5262513
1.2387269,-1.5262513
1.2387419,-1.5262513
1.2387569,-1.5724826
1.2387719,-1.5724826
1.2387869,-1.5724826
1.238802,-1.5724826
1.238817,-1.5724826
1.238832,-1.6187139
1.238847,-1.6187139
1.238862,-1.6187139
1.238877,-1.6187139
1.2388921,-1.6187139
1.2389071,-1.6187139
1.2389221,-1.6187139
1.2389371,-1.6187139
1.2389522,-1.5724826
1.2389672,-1.5724826
1.2389822,-1.5724826
1.2389972,-1.5724826
1.2390122,-1.5724826
1.2390273,-1.5262513
1.2390423,-1.5262513
1.2390573,-1.5262513
1.2390723,-1.5262513
1.2390873,-1.48002
1.2391024,-1.48002
1.2391174,-1.48002
1.2391324,-1.48002
1.2391474,-1.48002
1.2391624,-1.48002
1.2391775,-1.48002
1.2391925,-1.48002
1.2392075,-1.4337888
1.2392225,-1.4337888
1.2392375,-1.4337888
1.2392526,-1.4337888
1.2392676,-1.387557
1.2392826,-1.387557
1.2392976,-1.387557
1.2393126,-1.387557
1.2393277,-1.387557
1.2393427,-1.3413262
1.2393577,-1.3413262
1.2393727,-1.3413262
1.2393878,-1.3413262
1.2394028,-1.3413262
1.2394178,-1.2950945
1.2394328,-1.2950945
1.2394478,-1.2950945
1.2394629,-1.2950945
1.2394779,-1.2488632
1.2394929,-1.2488632
1.2395079,-1.2488632
1.2395229,-1.2488632
1.239538,-1.2488632
1.239553,-1.202632
1.239568,-1.202632
1.239583,-1.202632
1.239598,-1.202632
1.239613,-1.202632
1.2396281,-1.1564007
1.2396431,-1.1564007
1.2396581,-1.1564007
1.2396731,-1.1564007
1.2396882,-1.1101689
1.2397032,-1.1101689
1.2397182,-1.1101689
1.2397332,-1.1101689
1.2397482,-1.1101689
1.2397633,-1.0639377
1.2397783,-1.0639377
1.2397933,-1.0639377
1.2398083,-1.0639377
1.2398233,-1.0639377
1.2398384,-1.0177064
1.2398534,-1.0177064
1.2398684,-1.0177064
1.2398834,-1.0177064
1.2398984,-0.9714751
1.2399135,-0.9714751
1.2399285,-0.9714751
1.2399435,-0.9714751
1.2399585,-0.9714751
1.2399735,-0.9252434
1.2399886,-0.9252434
1.2400036,-0.9252434
1.2400186,-0.9252434
1.2400336,-0.8790121
1.2400486,-0.8790121
1.2400637,-0.8790121
1.2400787,-0.8790121
1.2400937,-0.8790121
1.2401087,-0.83278084
1.2401237,-0.83278084
1.2401388,-0.83278084
1.2401538,-0.83278084
1.2401688,-0.83278084
1.2401838,-0.78654957
1.2401989,-0.78654957
1.2402139,-0.78654957
1.2402289,-0.78654957
1.2402439,-0.7403178
1.2402589,-0.7403178
1.240274,-0.7403178
1.240289,-0.7403178
1.240304,-0.7403178
1.240319,-0.694087
1.240334,-0.694087
1.240349,-0.694087
1.2403641,-0.694087
1.2403791,-0.694087
1.2403941,-0.6478553
1.2404091,-0.6478553
1.2404242,-0.6478553
1.2404392,-0.6478553
1.2404542,-0.601624
1.2404692,-0.601624
1.2404842,-0.601624
1.2404993,-0.601624
1.2405143,-0.601624
1.2405293,-0.55539227
1.2405443,-0.55539227
1.2405593,-0.55539227
1.2405744,-0.55539227
1.2405894,-0.55539227
1.2406044,-0.5091615
1.2406194,-0.5091615
1.2406344,-0.5091615
1.2406495,-0.5091615
1.2406645,-0.46292973
1.2406795,-0.46292973
1.2406945,-0.46292973
1.2407095,-0.46292973
1.2407246,-0.46292973
1.2407396,-0.41669846
1.2407546,-0.41669846
1.2407696,-0.41669846
1.2407846,-0.41669846
1.2407997,-0.41669846
1.2408147,-0.3704667
1.2408297,-0.3704667
1.2408447,-0.3704667
1.2408597,-0.3704667
1.2408748,-0.3704667
1.2408898,-0.32423592
1.2409048,-0.32423592
1.2409198,-0.32423592
1.2409348,-0.32423592
1.2409499,-0.27800417
1.2409649,-0.27800417
1.2409799,-0.27800417
1.2409949,-0.27800417
1.24101,-0.27800417
1.241025,-0.2317729
1.24104,-0.2317729
1.241055,-0.2317729
1.24107,-0.2317729
1.241085,-0.18554163
1.2411001,-0.18554163
1.2411151,-0.18554163
1.2411301,-0.18554163
1.2411451,-0.18554163
1.2411602,-0.13931036
1.2411752,-0.13931036
1.2411902,-0.13931036
1.2412052,-0.13931036
1.2412202,-0.13931036
1.2412353,-0.09307861
1.2412503,-0.09307861
1.2412653,-0.09307861
1.2412803,-0.09307861
1.2412953,-0.046847343
1.2413104,-0.046847343
1.2413254,-0.046847343
1.2413404,-0.046847343
1.2413554,-0.046847343
1.2413704,-6.160736E-4
1.2413855,-6.160736E-4
1.2414005,-6.160736E-4
1.2414155,-6.160736E-4
1.2414305,0.045615196
1.2414455,0.045615196
1.2414606,0.045615196
1.2414756,0.045615196
1.2414906,0.045615196
1.2415056,0.091846466
1.2415208,0.091846466
1.2415358,0.091846466
1.2415508,0.091846466
1.2415658,0.091846466
1.2415808,0.13807821
1.2415959,0.13807821
1.2416109,0.13807821
1.2416259,0.13807821
1.2416409,0.184309
1.241656,0.184309
1.241671,0.184309
1.241686,0.184309
1.241701,0.184309
1.241716,0.23054075
1.241731,0.23054075
1.2417461,0.23054075
1.2417611,0.23054075
1.2417761,0.23054075
1.2417911,0.27677202
1.2418061,0.27677202
1.2418212,0.27677202
1.2418362,0.27677202
1.2418512,0.3230033
1.2418662,0.3230033
1.2418813,0.3230033
1.2418963,0.3230033
1.2419113,0.3230033
1.2419263,0.36923456
1.2419413,0.36923456
1.2419564,0.36923456
1.2419714,0.36923456
1.2419864,0.36923456
1.2420014,0.4154663
1.2420164,0.4154663
1.2420315,0.4154663
1.2420465,0.4154663
1.2420615,0.4154663
1.2420765,0.46169758
1.2420915,0.46169758
1.2421066,0.46169758
1.2421216,0.46169758
1.2421366,0.50792885
1.2421516,0.50792885
1.2421666,0.50792885
1.2421817,0.50792885
1.2421967,0.50792885
1.2422117,0.5541601
1.2422267,0.5541601
1.2422417,0.5541601
1.2422568,0.5541601
1.2422718,0.5541601
1.2422868,0.60039186
1.2423018,0.60039186
1.2423168,0.60039186
1.2423319,0.60039186
1.2423469,0.60039186
1.2423619,0.64662313
1.2423769,0.64662313
1.242392,0.64662313
1.242407,0.64662313
1.242422,0.6928544
1.242437,0.6928544
1.242452,0.6928544
1.242467,0.6928544
1.2424821,0.6928544
1.2424971,0.7390857
1.2425121,0.7390857
1.2425271,0.7390857
1.2425421,0.7390857
1.2425572,0.7390857
1.2425722,0.7853174
1.2425872,0.7853174
1.2426022,0.7853174
1.2426172,0.7853174
1.2426323,0.7853174
1.2426473,0.8315482
1.2426623,0.8315482
1.2426773,0.8315482
1.2426924,0.8315482
1.2427074,0.8315482
1.2427224,0.87777996
1.2427374,0.87777996
1.2427524,0.87777996
1.2427675,0.87777996
1.2427825,0.87777996
1.2427975,0.92401123
1.2428125,0.92401123
1.2428275,0.92401123
1.2428426,0.92401123
1.2428576,0.970243
1.2428726,0.970243
1.2428876,0.970243
1.2429026,0.970243
1.2429177,0.970243
1.2429327,1.0164738
1.2429477,1.0164738
1.2429627,1.0164738
1.2429777,1.0164738
1.2429928,1.0164738
1.2430078,1.0627055
1.2430228,1.0627055
1.2430378,1.0627055
1.2430528,1.0627055
1.2430679,1.0627055
1.2430829,1.1089368
1.2430979,1.1089368
1.2431129,1.1089368
1.243128,1.1089368
1.243143,1.1089368
1.243158,1.1551685
1.243173,1.1551685
1.243188,1.1551685
1.243203,1.1551685
1.2432181,1.1551685
1.2432331,1.2013993
1.2432481,1.2013993
1.2432631,1.2013993
1.2432781,1.2013993
1.2432932,1.2013993
1.2433082,1.2476311
1.2433232,1.2476311
1.2433382,1.2476311
1.2433532,1.2476311
1.2433683,1.2476311
1.2433833,1.2938623
1.2433983,1.2938623
1.2434133,1.2938623
1.2434283,1.2938623
1.2434434,1.2938623
1.2434584,1.3400936
1.2434734,1.3400936
1.2434884,1.3400936
1.2435035,1.3400936
1.2435185,1.3400936
1.2435335,1.3863249
1.2435485,1.3863249
1.2435635,1.3863249
1.2435786,1.3863249
1.2435936,1.3863249
1.2436086,1.4325566
1.2436236,1.4325566
1.2436386,1.4325566
1.2436537,1.4325566
1.2436687,1.4325566
1.2436837,1.4787879
1.2436987,1.4787879
1.2437137,1.4787879
1.2437288,1.4787879
1.2437438,1.4787879
1.2437588,1.4787879
1.2437738,1.4787879
1.2437888,1.5250192
1.2438039,1.5250192
1.2438189,1.5250192
1.2438339,1.5250192
1.2438489,1.5250192
1.2438639,1.5712504
1.243879,1.5712504
1.243894,1.5712504
1.243909,1.5712504
1.243924,1.5712504
1.243939,1.5712504
1.2439541,1.6174817
1.2439691,1.6174817
1.2439841,1.6174817
1.2439991,1.6174817
1.2440141,1.6174817
1.2440292,1.6637135
1.2440442,1.6637135
1.2440592,1.6637135
1.2440742,1.6637135
1.2440892,1.6637135
1.2441043,1.7099442
1.2441193,1.7099442
1.2441343,1.7099442
1.2441493,1.7099442
1.2441643,1.7099442
1.2441794,1.756176
1.2441944,1.756176
1.2442094,1.756176
1.2442244,1.756176
1.2442394,1.756176
1.2442545,1.756176
1.2442695,1.756176
1.2442845,1.7099442
1.2442995,1.7099442
1.2443146,1.7099442
1.2443296,1.7099442
1.2443446,1.6637135
1.2443596,1.6637135
1.2443746,1.6637135
1.2443897,1.6637135
1.2444047,1.6174817
1.2444197,1.6174817
1.2444347,1.6174817
1.2444497,1.6174817
1.2444648,1.6174817
1.2444798,1.5712504
1.2444948,1.5712504
1.2445098,1.5712504
1.2445248,1.5712504
1.2445399,1.5250192
1.2445549,1.5250192
1.2445699,1.5250192
1.2445849,1.5250192
1.2445999,1.5250192
1.244615,1.4787879
1.24463,1.4787879
1.244645,1.4787879
1.24466,1.4787879
1.244675,1.4787879
1.2446901,1.4787879
1.2447051,1.4325566
1.2447201,1.4325566
1.2447351,1.4325566
1.2447501,1.4325566
1.2447652,1.4325566
1.2447802,1.3863249
1.2447952,1.3863249
1.2448102,1.3863249
1.2448252,1.3863249
1.2448403,1.3400936
1.2448553,1.3400936
1.2448703,1.3400936
1.2448853,1.3400936
1.2449003,1.2938623
1.2449154,1.2938623
1.2449304,1.2938623
1.2449454,1.2938623
1.2449604,1.2938623
1.2449754,1.2476311
1.2449905,1.2476311
1.2450055,1.2476311
1.2450205,1.2476311
1.2450355,1.2013993
1.2450507,1.2013993
1.2450657,1.2013993
1.2450807,1.2013993
1.2450957,1.2013993
1.2451108,1.1551685
1.2451258,1.1551685
1.2451408,1.1551685
1.2451558,1.1551685
1.2451708,1.1089368
1.2451859,1.1089368
1.2452009,1.1089368
1.2452159,1.1089368
1.2452309,1.0627055
1.2452459,1.0627055
1.245261,1.0627055
1.245276,1.0627055
1.245291,1.0627055
1.245306,1.0164738
1.245321,1.0164738
1.245336,1.0164738
1.2453511,1.0164738
1.2453661,0.970243
1.2453811,0.970243
1.2453961,0.970243
1.2454112,0.970243
1.2454262,0.970243
1.2454412,0.92401123
1.2454562,0.92401123
1.2454712,0.92401123
1.2454863,0.92401123
1.2455013,0.87777996
1.2455163,0.87777996
1.2455313,0.87777996
1.2455463,0.87777996
1.2455614,0.8315482
1.2455764,0.8315482
1.2455914,0.8315482
1.2456064,0.8315482
1.2456214,0.8315482
1.2456365,0.7853174
1.2456515,0.7853174
1.2456665,0.7853174
1.2456815,0.7853174
1.2456965,0.7390857
1.2457116,0.7390857
1.2457266,0.7390857
1.2457416,0.7390857
1.2457566,0.7390857
1.2457716,0.6928544
1.2457867,0.6928544
1.2458017,0.6928544
1.2458167,0.6928544
1.2458317,0.64662313
1.2458467,0.64662313
1.2458618,0.64662313
1.2458768,0.64662313
1.2458918,0.60039186
1.2459068,0.60039186
1.2459219,0.60039186
1.2459369,0.60039186
1.2459519,0.60039186
1.2459669,0.5541601
1.2459819,0.5541601
1.245997,0.5541601
1.246012,0.5541601
1.246027,0.5541601
1.246042,0.50792885
1.246057,0.50792885
1.246072,0.50792885
1.2460871,0.50792885
1.2461021,0.46169758
1.2461171,0.46169758
1.2461321,0.46169758
1.2461472,0.46169758
1.2461622,0.4154663
1.2461772,0.4154663
1.2461922,0.4154663
1.2462072,0.4154663
1.2462223,0.4154663
1.2462373,0.36923456
1.2462523,0.36923456
1.2462673,0.36923456
1.2462823,0.36923456
1.2462974,0.3230033
1.2463124,0.3230033
1.2463274,0.3230033
1.2463424,0.3230033
1.2463574,0.3230033
1.2463725,0.27677202
1.2463875,0.27677202
1.2464025,0.27677202
1.2464175,0.27677202
1.2464325,0.23054075
1.2464476,0.23054075
1.2464626,0.23054075
1.2464776,0.23054075
1.2464926,0.184309
1.2465076,0.184309
1.2465227,0.184309
1.2465377,0.184309
1.2465527,0.184309
1.2465677,0.13807821
1.2465827,0.13807821
1.2465978,0.13807821
1.2466128,0.13807821
1.2466278,0.091846466
1.2466428,0.091846466
1.2466578,0.091846466
1.2466729,0.091846466
1.2466879,0.091846466
1.2467029,0.045615196
1.2467179,0.045615196
1.246733,0.045615196
1.246748,0.045615196
1.246763,-6.160736E-4
1.246778,-6.160736E-4
1.246793,-6.160736E-4
1.246808,-6.160736E-4
1.2468231,-0.046847343
1.2468381,-0.046847343
1.2468531,-0.046847343
1.2468681,-0.046847343
1.2468832,-0.046847343
1.2468982,-0.09307861
1.2469132,-0.09307861
1.2469282,-0.09307861
1.2469432,-0.09307861
1.2469583,-0.13931036
1.2469733,-0.13931036
1.2469883,-0.13931036
1.2470033,-0.13931036
1.2470183,-0.13931036
1.2470334,-0.18554163
1.2470484,-0.18554163
1.2470634,-0.18554163
1.2470784,-0.18554163
1.2470934,-0.2317729
1.2471085,-0.2317729
1.2471235,-0.2317729
1.2471385,-0.2317729
1.2471535,-0.2317729
1.2471685,-0.27800417
1.2471836,-0.27800417
1.2471986,-0.27800417
1.2472136,-0.27800417
1.2472286,-0.32423592
1.2472436,-0.32423592
1.2472587,-0.32423592
1.2472737,-0.32423592
1.2472887,-0.32423592
1.2473037,-0.3704667
1.2473187,-0.3704667
1.2473338,-0.3704667
1.2473488,-0.3704667
1.2473638,-0.3704667
1.2473788,-0.41669846
1.2473938,-0.41669846
1.2474089,-0.41669846
1.2474239,-0.41669846
1.2474389,-0.46292973
1.2474539,-0.46292973
1.247469,-0.46292973
1.247484,-0.46292973
1.247499,-0.46292973
1.247514,-0.5091615
1.247529,-0.5091615
1.247544,-0.5091615
1.2475591,-0.5091615
1.2475741,-0.55539227
1.2475891,-0.55539227
1.2476041,-0.55539227
1.2476192,-0.55539227
1.2476342,-0.55539227
1.2476492,-0.601624
1.2476642,-0.601624
1.2476792,-0.601624
1.2476943,-0.601624
1.2477093,-0.6478553
1.2477243,-0.6478553
1.2477393,-0.6478553
1.2477543,-0.6478553
1.2477694,-0.6478553
1.2477844,-0.694087
1.2477994,-0.694087
1.2478144,-0.694087
1.2478294,-0.694087
1.2478445,-0.694087
1.2478595,-0.7403178
1.2478745,-0.7403178
1.2478895,-0.7403178
1.2479045,-0.7403178
1.2479196,-0.7403178
1.2479346,-0.78654957
1.2479496,-0.78654957
1.2479646,-0.78654957
1.2479796,-0.78654957
1.2479947,-0.83278084
1.2480097,-0.83278084
1.2480247,-0.83278084
1.2480397,-0.83278084
1.2480547,-0.83278084
1.2480698,-0.8790121
1.2480848,-0.8790121
1.2480998,-0.8790121
1.2481148,-0.8790121
1.2481298,-0.9252434
1.2481449,-0.9252434
1.2481599,-0.9252434
1.2481749,-0.9252434
1.2481899,-0.9252434
1.248205,-0.9714751
1.24822,-0.9714751
1.248235,-0.9714751
1.24825,-0.9714751
1.248265,-0.9714751
1.24828,-1.0177064
1.2482951,-1.0177064
1.2483101,-1.0177064
1.2483251,-1.0177064
1.2483401,-1.0177064
1.2483552,-1.0639377
1.2483702,-1.0639377
1.2483852,-1.0639377
1.2484002,-1.0639377
1.2484152,-1.1101689
1.2484303,-1.1101689
1.2484453,-1.1101689
1.2484603,-1.1101689
1.2484753,-1.1101689
1.2484903,-1.1564007
1.2485054,-1.1564007
1.2485204,-1.1564007
1.2485354,-1.1564007
1.2485504,-1.1564007
1.2485656,-1.202632
1.2485806,-1.202632
1.2485956,-1.202632
1.2486106,-1.202632
1.2486256,-1.202632
1.2486407,-1.2488632
1.2486557,-1.2488632
1.2486707,-1.2488632
1.2486857,-1.2488632
1.2487007,-1.2488632
1.2487158,-1.2950945
1.2487308,-1.2950945
1.2487458,-1.2950945
1.2487608,-1.2950945
1.2487758,-1.3413262
1.2487909,-1.3413262
1.2488059,-1.3413262
1.2488209,-1.3413262
1.2488359,-1.3413262
1.248851,-1.387557
1.248866,-1.387557
1.248881,-1.387557
1.248896,-1.387557
1.248911,-1.387557
1.248926,-1.4337888
1.2489411,-1.4337888
1.2489561,-1.4337888
1.2489711,-1.4337888
1.2489861,-1.4337888
1.2490011,-1.48002
1.2490162,-1.48002
1.2490312,-1.48002
1.2490462,-1.48002
1.2490612,-1.48002
1.2490762,-1.48002
1.2490913,-1.48002
1.2491063,-1.48002
1.2491213,-1.5262513
1.2491363,-1.5262513
1.2491513,-1.5262513
1.2491664,-1.5262513
1.2491814,-1.5262513
1.2491964,-1.5724826
1.2492114,-1.5724826
1.2492265,-1.5724826
1.2492415,-1.5724826
1.2492565,-1.5724826
1.2492715,-1.6187139
1.2492865,-1.6187139
1.2493016,-1.6187139
1.2493166,-1.6187139
1.2493316,-1.6187139
1.2493466,-1.6187139
1.2493616,-1.6187139
1.2493767,-1.6187139
1.2493917,-1.5724826
1.2494067,-1.5724826
1.2494217,-1.5724826
1.2494367,-1.5724826
1.2494518,-1.5262513
1.2494668,-1.5262513
1.2494818,-1.5262513
1.2494968,-1.5262513
1.2495118,-1.5262513
1.2495269,-1.48002
1.2495419,-1.48002
1.2495569,-1.48002
1.2495719,-1.48002
1.2495869,-1.48002
1.249602,-1.48002
1.249617,-1.48002
1.249632,-1.4337888
1.249647,-1.4337888
1.249662,-1.4337888
1.2496771,-1.4337888
1.2496921,-1.4337888
1.2497071,-1.387557
1.2497221,-1.387557
1.2497371,-1.387557
1.2497522,-1.387557
1.2497672,-1.387557
1.2497822,-1.3413262
1.2497972,-1.3413262
1.2498122,-1.3413262
1.2498273,-1.3413262
1.2498423,-1.2950945
1.2498573,-1.2950945
1.2498723,-1.2950945
1.2498873,-1.2950945
1.2499024,-1.2950945
1.2499174,-1.2488632
1.2499324,-1.2488632
1.2499474,-1.2488632
1.2499624,-1.2488632
1.2499775,-1.202632
1.2499925,-1.202632
1.2500075,-1.202632
1.2500225,-1.202632
1.2500376,-1.202632
1.2500526,-1.1564007
1.2500676,-1.1564007
1.2500826,-1.1564007
1.2500976,-1.1564007
1.2501127,-1.1564007
1.2501277,-1.1101689
1.2501427,-1.1101689
1.2501577,-1.1101689
1.2501727,-1.1101689
1.2501878,-1.0639377
1.2502028,-1.0639377
1.2502178,-1.0639377
1.2502328,-1.0639377
1.2502478,-1.0639377
1.2502629,-1.0177064
1.2502779,-1.0177064
1.2502929,-1.0177064
1.2503079,-1.0177064
1.2503229,-1.0177064
1.250338,-0.9714751
1.250353,-0.9714751
1.250368,-0.9714751
1.250383,-0.9714751
1.250398,-0.9252434
1.2504131,-0.9252434
1.2504281,-0.9252434
1.2504431,-0.9252434
1.2504581,-0.9252434
1.2504731,-0.8790121
1.2504882,-0.8790121
1.2505032,-0.8790121
1.2505182,-0.8790121
1.2505332,-0.83278084
1.2505482,-0.83278084
1.2505633,-0.83278084
1.2505783,-0.83278084
1.2505933,-0.83278084
1.2506083,-0.78654957
1.2506233,-0.78654957
1.2506384,-0.78654957
1.2506534,-0.78654957
1.2506684,-0.78654957
1.2506834,-0.7403178
1.2506984,-0.7403178
1.2507135,-0.7403178
1.2507285,-0.7403178
1.2507435,-0.7403178
1.2507585,-0.694087
1.2507735,-0.694087
1.2507886,-0.694087
1.2508036,-0.694087
1.2508186,-0.6478553
1.2508336,-0.6478553
1.2508487,-0.6478553
1.2508637,-0.6478553
1.2508787,-0.6478553
1.2508937,-0.601624
1.2509087,-0.601624
1.2509238,-0.601624
1.2509388,-0.601624
1.2509538,-0.601624
1.2509688,-0.55539227
1.2509838,-0.55539227
1.2509989,-0.55539227
1.2510139,-0.55539227
1.2510289,-0.5091615
1.2510439,-0.5091615
1.2510589,-0.5091615
1.251074,-0.5091615
1.251089,-0.5091615
1.251104,-0.46292973
1.251119,-0.46292973
1.251134,-0.46292973
1.251149,-0.46292973
1.2511641,-0.41669846
1.2511791,-0.41669846
1.2511941,-0.41669846
1.2512091,-0.41669846
1.2512242,-0.41669846
1.2512392,-0.3704667
1.2512542,-0.3704667
1.2512692,-0.3704667
1.2512842,-0.3704667
1.2512993,-0.3704667
1.2513143,-0.32423592
1.2513293,-0.32423592
1.2513443,-0.32423592
1.2513593,-0.32423592
1.2513744,-0.32423592
1.2513894,-0.27800417
1.2514044,-0.27800417
1.2514194,-0.27800417
1.2514344,-0.27800417
1.2514495,-0.2317729
1.2514645,-0.2317729
1.2514795,-0.2317729
1.2514945,-0.2317729
1.2515095,-0.2317729
1.2515246,-0.18554163
1.2515396,-0.18554163
1.2515546,-0.18554163
1.2515696,-0.18554163
1.2515846,-0.18554163
1.2515997,-0.13931036
1.2516147,-0.13931036
1.2516297,-0.13931036
1.2516447,-0.13931036
1.2516598,-0.09307861
1.2516748,-0.09307861
1.2516898,-0.09307861
1.2517048,-0.09307861
1.2517198,-0.09307861
1.2517349,-0.046847343
1.2517499,-0.046847343
1.2517649,-0.046847343
1.2517799,-0.046847343
1.2517949,-0.046847343
1.25181,-6.160736E-4
1.251825,-6.160736E-4
1.25184,-6.160736E-4
1.251855,-6.160736E-4
1.25187,0.045615196
1.251885,0.045615196
1.2519001,0.045615196
1.2519151,0.045615196
1.2519301,0.091846466
1.2519451,0.091846466
1.2519602,0.091846466
1.2519752,0.091846466
1.2519902,0.091846466
1.2520052,0.13807821
1.2520202,0.13807821
1.2520353,0.13807821
1.2520503,0.13807821
1.2520653,0.13807821
1.2520803,0.184309
1.2520955,0.184309
1.2521105,0.184309
1.2521255,0.184309
1.2521405,0.184309
1.2521555,0.23054075
1.2521706,0.23054075
1.2521856,0.23054075
1.2522006,0.23054075
1.2522156,0.27677202
1.2522306,0.27677202
1.2522457,0.27677202
1.2522607,0.27677202
1.2522757,0.27677202
1.2522907,0.3230033
1.2523057,0.3230033
1.2523208,0.3230033
1.2523358,0.3230033
1.2523508,0.3230033
1.2523658,0.36923456
1.2523808,0.36923456
1.2523959,0.36923456
1.2524109,0.36923456
1.2524259,0.4154663
1.2524409,0.4154663
1.252456,0.4154663
1.252471,0.4154663
1.252486,0.4154663
1.252501,0.46169758
1.252516,0.46169758
1.252531,0.46169758
1.2525461,0.46169758
1.2525611,0.46169758
1.2525761,0.50792885
1.2525911,0.50792885
1.2526062,0.50792885
1.2526212,0.50792885
1.2526362,0.5541601
1.2526512,0.5541601
1.2526662,0.5541601
1.2526813,0.5541601
1.2526963,0.5541601
1.2527113,0.60039186
1.2527263,0.60039186
1.2527413,0.60039186
1.2527564,0.60039186
1.2527714,0.60039186
1.2527864,0.64662313
1.2528014,0.64662313
1.2528164,0.64662313
1.2528315,0.64662313
1.2528465,0.64662313
1.2528615,0.6928544
1.2528765,0.6928544
1.2528915,0.6928544
1.2529066,0.6928544
1.2529216,0.6928544
1.2529366,0.7390857
1.2529516,0.7390857
1.2529666,0.7390857
1.2529817,0.7390857
1.2529967,0.7390857
1.2530117,0.7853174
1.2530267,0.7853174
1.2530417,0.7853174
1.2530568,0.7853174
1.2530718,0.8315482
1.2530868,0.8315482
1.2531018,0.8315482
1.2531168,0.8315482
1.2531319,0.8315482
1.2531469,0.87777996
1.2531619,0.87777996
1.2531769,0.87777996
1.253192,0.87777996
1.253207,0.87777996
1.253222,0.92401123
1.253237,0.92401123
1.253252,0.92401123
1.253267,0.92401123
1.2532821,0.92401123
1.2532971,0.970243
1.2533121,0.970243
1.2533271,0.970243
1.2533422,0.970243
1.2533572,0.970243
1.2533722,1.0164738
1.2533872,1.0164738
1.2534022,1.0164738
1.2534173,1.0164738
1.2534323,1.0164738
1.2534473,1.0627055
1.2534623,1.0627055
1.2534773,1.0627055
1.2534924,1.0627055
1.2535074,1.0627055
1.2535224,1.1089368
1.2535374,1.1089368
1.2535524,1.1089368
1.2535675,1.1089368
1.2535825,1.1551685
1.2535975,1.1551685
1.2536125,1.1551685
1.2536275,1.1551685
1.2536426,1.1551685
1.2536576,1.1551685
1.2536726,1.2013993
1.2536876,1.2013993
1.2537026,1.2013993
1.2537177,1.2013993
1.2537327,1.2476311
1.2537477,1.2476311
1.2537627,1.2476311
1.2537777,1.2476311
1.2537928,1.2476311
1.2538078,1.2938623
1.2538228,1.2938623
1.2538378,1.2938623
1.2538528,1.2938623
1.2538679,1.2938623
1.2538829,1.3400936
1.2538979,1.3400936
1.2539129,1.3400936
1.253928,1.3400936
1.253943,1.3400936
1.253958,1.3863249
1.253973,1.3863249
1.253988,1.3863249
1.254003,1.3863249
1.2540181,1.3863249
1.2540331,1.4325566
1.2540481,1.4325566
1.2540631,1.4325566
1.2540781,1.4325566
1.2540932,1.4325566
1.2541082,1.4787879
1.2541232,1.4787879
1.2541382,1.4787879
1.2541533,1.4787879
1.2541683,1.4787879
1.2541833,1.4787879
1.2541983,1.4787879
1.2542133,1.4787879
1.2542284,1.5250192
1.2542434,1.5250192
1.2542584,1.5250192
1.2542734,1.5250192
1.2542884,1.5250192
1.2543035,1.5712504
1.2543185,1.5712504
1.2543335,1.5712504
1.2543485,1.5712504
1.2543635,1.5712504
1.2543786,1.6174817
1.2543936,1.6174817
1.2544086,1.6174817
1.2544236,1.6174817
1.2544386,1.6174817
1.2544537,1.6637135
1.2544687,1.6637135
1.2544837,1.6637135
1.2544987,1.6637135
1.2545137,1.6637135
1.2545288,1.7099442
1.2545438,1.7099442
1.2545588,1.7099442
1.2545738,1.7099442
1.2545888,1.7099442
1.2546039,1.756176
1.2546189,1.756176
1.2546339,1.756176
1.2546489,1.756176
1.254664,1.756176
1.254679,1.756176
1.254694,1.756176
1.254709,1.7099442
1.254724,1.7099442
1.254739,1.7099442
1.2547541,1.7099442
1.2547691,1.7099442
1.2547841,1.6637135
1.2547991,1.6637135
1.2548141,1.6637135
1.2548292,1.6637135
1.2548442,1.6174817
1.2548592,1.6174817
1.2548742,1.6174817
1.2548892,1.6174817
1.2549043,1.5712504
1.2549193,1.5712504
1.2549343,1.5712504
1.2549493,1.5712504
1.2549644,1.5712504
1.2549794,1.5250192
1.2549944,1.5250192
1.2550094,1.5250192
1.2550244,1.5250192
1.2550395,1.4787879
1.2550545,1.4787879
1.2550695,1.4787879
1.2550845,1.4787879
1.2550995,1.4787879
1.2551146,1.4787879
1.2551296,1.4787879
1.2551446,1.4325566
1.2551596,1.4325566
1.2551746,1.4325566
1.2551897,1.4325566
1.2552047,1.3863249
1.2552197,1.3863249
1.2552347,1.3863249
1.2552497,1.3863249
1.2552648,1.3863249
1.2552798,1.3400936
1.2552948,1.3400936
1.2553098,1.3400936
1.2553248,1.3400936
1.2553399,1.2938623
1.2553549,1.2938623
1.2553699,1.2938623
1.2553849,1.2938623
1.2554,1.2938623
1.255415,1.2476311
1.25543,1.2476311
1.255445,1.2476311
1.25546,1.2476311
1.255475,1.2013993
1.2554901,1.2013993
1.2555051,1.2013993
1.2555201,1.2013993
1.2555351,1.1551685
1.2555501,1.1551685
1.2555652,1.1551685
1.2555802,1.1551685
1.2555952,1.1551685
1.2556103,1.1089368
1.2556254,1.1089368
1.2556404,1.1089368
1.2556554,1.1089368
1.2556704,1.0627055
1.2556854,1.0627055
1.2557005,1.0627055
1.2557155,1.0627055
1.2557305,1.0164738
1.2557455,1.0164738
1.2557606,1.0164738
1.2557756,1.0164738
1.2557906,1.0164738
1.2558056,0.970243
1.2558206,0.970243
1.2558357,0.970243
1.2558507,0.970243
1.2558657,0.92401123
1.2558807,0.92401123
1.2558957,0.92401123
1.2559108,0.92401123
1.2559258,0.92401123
1.2559408,0.87777996
1.2559558,0.87777996
1.2559708,0.87777996
1.2559859,0.87777996
1.2560009,0.8315482
1.2560159,0.8315482
1.2560309,0.8315482
1.2560459,0.8315482
1.256061,0.7853174
1.256076,0.7853174
1.256091,0.7853174
1.256106,0.7853174
1.256121,0.7853174
1.2561361,0.7390857
1.2561511,0.7390857
1.2561661,0.7390857
1.2561811,0.7390857
1.2561961,0.6928544
1.2562112,0.6928544
1.2562262,0.6928544
1.2562412,0.6928544
1.2562562,0.6928544
1.2562712,0.64662313
1.2562863,0.64662313
1.2563013,0.64662313
1.2563163,0.64662313
1.2563313,0.60039186
1.2563463,0.60039186
1.2563614,0.60039186
1.2563764,0.60039186
1.2563914,0.60039186
1.2564064,0.5541601
1.2564214,0.5541601
1.2564365,0.5541601
1.2564515,0.5541601
1.2564665,0.50792885
1.2564815,0.50792885
1.2564965,0.50792885
1.2565116,0.50792885
1.2565266,0.46169758
1.2565416,0.46169758
1.2565566,0.46169758
1.2565717,0.46169758
1.2565867,0.46169758
1.2566017,0.4154663
1.2566167,0.4154663
1.2566317,0.4154663
1.2566468,0.4154663
1.2566618,0.36923456
1.2566768,0.36923456
1.2566918,0.36923456
1.2567068,0.36923456
1.2567219,0.36923456
1.2567369,0.3230033
1.2567519,0.3230033
1.2567669,0.3230033
1.2567819,0.3230033
1.256797,0.27677202
1.256812,0.27677202
1.256827,0.27677202
1.256842,0.27677202
1.256857,0.27677202
1.256872,0.23054075
1.2568871,0.23054075
1.2569021,0.23054075
1.2569171,0.23054075
1.2569321,0.184309
1.2569472,0.184309
1.2569622,0.184309
1.2569772,0.184309
1.2569922,0.13807821
1.2570072,0.13807821
1.2570223,0.13807821
1.2570373,0.13807821
1.2570523,0.13807821
1.2570673,0.091846466
1.2570823,0.091846466
1.2570974,0.091846466
1.2571124,0.091846466
1.2571274,0.045615196
1.2571424,0.045615196
1.2571574,0.045615196
1.2571725,0.045615196
1.2571875,0.045615196
1.2572025,-6.160736E-4
1.2572175,-6.160736E-4
1.2572325,-6.160736E-4
1.2572476,-6.160736E-4
1.2572626,-0.046847343
1.2572776,-0.046847343
1.2572926,-0.046847343
1.2573076,-0.046847343
1.2573227,-0.09307861
1.2573377,-0.09307861
1.2573527,-0.09307861
1.2573677,-0.09307861
1.2573828,-0.09307861
1.2573978,-0.13931036
1.2574128,-0.13931036
1.2574278,-0.13931036
1.2574428,-0.13931036
1.2574579,-0.13931036
1.2574729,-0.18554163
1.2574879,-0.18554163
1.2575029,-0.18554163
1.2575179,-0.18554163
1.257533,-0.2317729
1.257548,-0.2317729
1.257563,-0.2317729
1.257578,-0.2317729
1.257593,-0.27800417
1.257608,-0.27800417
1.2576231,-0.27800417
1.2576381,-0.27800417
1.2576531,-0.27800417
1.2576681,-0.32423592
1.2576832,-0.32423592
1.2576982,-0.32423592
1.2577132,-0.32423592
1.2577282,-0.32423592
1.2577432,-0.3704667
1.2577583,-0.3704667
1.2577733,-0.3704667
1.2577883,-0.3704667
1.2578033,-0.41669846
1.2578183,-0.41669846
1.2578334,-0.41669846
1.2578484,-0.41669846
1.2578634,-0.41669846
1.2578784,-0.46292973
1.2578934,-0.46292973
1.2579085,-0.46292973
1.2579235,-0.46292973
1.2579385,-0.5091615
1.2579535,-0.5091615
1.2579685,-0.5091615
1.2579836,-0.5091615
1.2579986,-0.5091615
1.2580136,-0.55539227
1.2580286,-0.55539227
1.2580436,-0.55539227
1.2580587,-0.55539227
1.2580737,-0.601624
1.2580887,-0.601624
1.2581037,-0.601624
1.2581187,-0.601624
1.2581338,-0.601624
1.2581488,-0.6478553
1.2581638,-0.6478553
1.2581788,-0.6478553
1.2581939,-0.6478553
1.2582089,-0.6478553
1.2582239,-0.694087
1.2582389,-0.694087
1.2582539,-0.694087
1.258269,-0.694087
1.258284,-0.7403178
1.258299,-0.7403178
1.258314,-0.7403178
1.258329,-0.7403178
1.258344,-0.7403178
1.2583591,-0.78654957
1.2583741,-0.78654957
1.2583891,-0.78654957
1.2584041,-0.78654957
1.2584192,-0.78654957
1.2584342,-0.83278084
1.2584492,-0.83278084
1.2584642,-0.83278084
1.2584792,-0.83278084
1.2584943,-0.8790121
1.2585093,-0.8790121
1.2585243,-0.8790121
1.2585393,-0.8790121
1.2585543,-0.8790121
1.2585694,-0.9252434
1.2585844,-0.9252434
1.2585994,-0.9252434
1.2586144,-0.9252434
1.2586294,-0.9714751
1.2586445,-0.9714751
1.2586595,-0.9714751
1.2586745,-0.9714751
1.2586895,-0.9714751
1.2587045,-0.9714751
1.2587196,-1.0177064
1.2587346,-1.0177064
1.2587496,-1.0177064
1.2587646,-1.0177064
1.2587796,-1.0639377
1.2587947,-1.0639377
1.2588097,-1.0639377
1.2588247,-1.0639377
1.2588397,-1.0639377
1.2588547,-1.1101689
1.2588698,-1.1101689
1.2588848,-1.1101689
1.2588998,-1.1101689
1.2589148,-1.1101689
1.2589298,-1.1564007
1.2589449,-1.1564007
1.2589599,-1.1564007
1.2589749,-1.1564007
1.2589899,-1.202632
1.259005,-1.202632
1.25902,-1.202632
1.259035,-1.202632
1.25905,-1.202632
1.259065,-1.2488632
1.25908,-1.2488632
1.2590951,-1.2488632
1.2591101,-1.2488632
1.2591251,-1.2488632
1.2591403,-1.2950945
1.2591553,-1.2950945
1.2591703,-1.2950945
1.2591853,-1.2950945
1.2592003,-1.2950945
1.2592154,-1.3413262
1.2592304,-1.3413262
1.2592454,-1.3413262
1.2592604,-1.3413262
1.2592754,-1.3413262
1.2592905,-1.387557
1.2593055,-1.387557
1.2593205,-1.387557
1.2593355,-1.387557
1.2593505,-1.387557
1.2593656,-1.4337888
1.2593806,-1.4337888
1.2593956,-1.4337888
1.2594106,-1.4337888
1.2594256,-1.4337888
1.2594407,-1.48002
1.2594557,-1.48002
1.2594707,-1.48002
1.2594857,-1.48002
1.2595007,-1.48002
1.2595158,-1.48002
1.2595308,-1.48002
1.2595458,-1.5262513
1.2595608,-1.5262513
1.2595758,-1.5262513
1.2595909,-1.5262513
1.2596059,-1.5262513
1.2596209,-1.5724826
1.2596359,-1.5724826
1.259651,-1.5724826
1.259666,-1.5724826
1.259681,-1.5724826
1.259696,-1.6187139
1.259711,-1.6187139
1.259726,-1.6187139
1.2597411,-1.6187139
1.2597561,-1.6187139
1.2597711,-1.6187139
1.2597861,-1.6187139
1.2598011,-1.6187139
1.2598162,-1.6187139
1.2598312,-1.5724826
1.2598462,-1.5724826
1.2598612,-1.5724826
1.2598763,-1.5724826
1.2598913,-1.5262513
1.2599063,-1.5262513
1.2599213,-1.5262513
1.2599363,-1.5262513
1.2599514,-1.5262513
1.2599664,-1.48002
1.2599814,-1.48002
1.2599964,-1.48002
1.2600114,-1.48002
1.2600265,-1.48002
1.2600415,-1.48002
1.2600565,-1.48002
1.2600715,-1.4337888
1.2600865,-1.4337888
1.2601016,-1.4337888
1.2601166,-1.4337888
1.2601316,-1.4337888
1.2601466,-1.387557
1.2601616,-1.387557
1.2601767,-1.387557
1.2601917,-1.387557
1.2602067,-1.3413262
1.2602217,-1.3413262
1.2602367,-1.3413262
1.2602518,-1.3413262
1.2602668,-1.3413262
1.2602818,-1.2950945
1.2602968,-1.2950945
1.2603118,-1.2950945
1.2603269,-1.2950945
1.2603419,-1.2488632
1.2603569,-1.2488632
1.2603719,-1.2488632
1.260387,-1.2488632
1.260402,-1.2488632
1.260417,-1.202632
1.260432,-1.202632
1.260447,-1.202632
1.260462,-1.202632
1.2604771,-1.202632
1.2604921,-1.1564007
1.2605071,-1.1564007
1.2605221,-1.1564007
1.2605371,-1.1564007
1.2605522,-1.1101689
1.2605672,-1.1101689
1.2605822,-1.1101689
1.2605972,-1.1101689
1.2606122,-1.1101689
1.2606273,-1.0639377
1.2606423,-1.0639377
1.2606573,-1.0639377
1.2606723,-1.0639377
1.2606874,-1.0177064
1.2607024,-1.0177064
1.2607174,-1.0177064
1.2607324,-1.0177064
1.2607474,-1.0177064
1.2607625,-0.9714751
1.2607775,-0.9714751
1.2607925,-0.9714751
1.2608075,-0.9714751
1.2608225,-0.9714751
1.2608376,-0.9252434
1.2608526,-0.9252434
1.2608676,-0.9252434
1.2608826,-0.9252434
1.2608976,-0.8790121
1.2609127,-0.8790121
1.2609277,-0.8790121
1.2609427,-0.8790121
1.2609577,-0.8790121
1.2609727,-0.83278084
1.2609878,-0.83278084
1.2610028,-0.83278084
1.2610178,-0.83278084
1.2610328,-0.83278084
1.2610478,-0.78654957
1.2610629,-0.78654957
1.2610779,-0.78654957
1.2610929,-0.78654957
1.2611079,-0.7403178
1.261123,-0.7403178
1.261138,-0.7403178
1.261153,-0.7403178
1.261168,-0.7403178
1.261183,-0.694087
1.261198,-0.694087
1.2612131,-0.694087
1.2612281,-0.694087
1.2612431,-0.694087
1.2612581,-0.6478553
1.2612731,-0.6478553
1.2612882,-0.6478553
1.2613032,-0.6478553
1.2613182,-0.6478553
1.2613332,-0.601624
1.2613482,-0.601624
1.2613633,-0.601624
1.2613783,-0.601624
1.2613933,-0.55539227
1.2614083,-0.55539227
1.2614233,-0.55539227
1.2614384,-0.55539227
1.2614534,-0.55539227
1.2614684,-0.5091615
1.2614834,-0.5091615
1.2614985,-0.5091615
1.2615135,-0.5091615
1.2615285,-0.46292973
1.2615435,-0.46292973
1.2615585,-0.46292973
1.2615736,-0.46292973
1.2615886,-0.46292973
1.2616036,-0.41669846
1.2616186,-0.41669846
1.2616336,-0.41669846
1.2616487,-0.41669846
1.2616637,-0.41669846
1.2616787,-0.3704667
1.2616937,-0.3704667
1.2617087,-0.3704667
1.2617238,-0.3704667
1.2617388,-0.32423592
1.2617538,-0.32423592
1.2617688,-0.32423592
1.2617838,-0.32423592
1.2617989,-0.32423592
1.2618139,-0.27800417
1.2618289,-0.27800417
1.2618439,-0.27800417
1.2618589,-0.27800417
1.261874,-0.27800417
1.261889,-0.2317729
1.261904,-0.2317729
1.261919,-0.2317729
1.261934,-0.2317729
1.2619491,-0.2317729
1.2619641,-0.18554163
1.2619791,-0.18554163
1.2619941,-0.18554163
1.2620091,-0.18554163
1.2620242,-0.13931036
1.2620392,-0.13931036
1.2620542,-0.13931036
1.2620692,-0.13931036
1.2620842,-0.13931036
1.2620993,-0.09307861
1.2621143,-0.09307861
1.2621293,-0.09307861
1.2621443,-0.09307861
1.2621593,-0.046847343
1.2621744,-0.046847343
1.2621894,-0.046847343
1.2622044,-0.046847343
1.2622194,-0.046847343
1.2622344,-6.160736E-4
1.2622495,-6.160736E-4
1.2622645,-6.160736E-4
1.2622795,-6.160736E-4
1.2622945,0.045615196
1.2623096,0.045615196
1.2623246,0.045615196
1.2623396,0.045615196
1.2623546,0.045615196
1.2623696,0.091846466
1.2623847,0.091846466
1.2623997,0.091846466
1.2624147,0.091846466
1.2624297,0.091846466
1.2624447,0.13807821
1.2624598,0.13807821
1.2624748,0.13807821
1.2624898,0.13807821
1.2625048,0.184309
1.2625198,0.184309
1.2625349,0.184309
1.2625499,0.184309
1.2625649,0.184309
1.2625799,0.23054075
1.2625949,0.23054075
1.26261,0.23054075
1.262625,0.23054075
1.26264,0.23054075
1.2626551,0.27677202
1.2626702,0.27677202
1.2626852,0.27677202
1.2627002,0.27677202
1.2627152,0.3230033
1.2627302,0.3230033
1.2627453,0.3230033
1.2627603,0.3230033
1.2627753,0.3230033
1.2627903,0.36923456
1.2628053,0.36923456
1.2628204,0.36923456
1.2628354,0.36923456
1.2628504,0.36923456
1.2628654,0.4154663
1.2628804,0.4154663
1.2628955,0.4154663
1.2629105,0.4154663
1.2629255,0.4154663
1.2629405,0.46169758
1.2629555,0.46169758
1.2629706,0.46169758
1.2629856,0.46169758
1.2630006,0.50792885
1.2630156,0.50792885
1.2630306,0.50792885
1.2630457,0.50792885
1.2630607,0.50792885
1.2630757,0.5541601
1.2630907,0.5541601
1.2631058,0.5541601
1.2631208,0.5541601
1.2631358,0.5541601
1.2631508,0.60039186
1.2631658,0.60039186
1.2631809,0.60039186
1.2631959,0.60039186
1.2632109,0.60039186
1.2632259,0.64662313
1.2632409,0.64662313
1.263256,0.64662313
1.263271,0.64662313
1.263286,0.6928544
1.263301,0.6928544
1.263316,0.6928544
1.263331,0.6928544
1.2633461,0.6928544
1.2633611,0.7390857
1.2633761,0.7390857
1.2633911,0.7390857
1.2634062,0.7390857
1.2634212,0.7390857
1.2634362,0.7853174
1.2634512,0.7853174
1.2634662,0.7853174
1.2634813,0.7853174
1.2634963,0.7853174
1.2635113,0.8315482
1.2635263,0.8315482
1.2635413,0.8315482
1.2635564,0.8315482
1.2635714,0.8315482
1.2635864,0.87777996
1.2636014,0.87777996
1.2636164,0.87777996
1.2636315,0.87777996
1.2636465,0.87777996
1.2636615,0.92401123
1.2636765,0.92401123
1.2636915,0.92401123
1.2637066,0.92401123
1.2637216,0.970243
1.2637366,0.970243
1.2637516,0.970243
1.2637666,0.970243
1.2637817,0.970243
1.2637967,1.0164738
1.2638117,1.0164738
1.2638267,1.0164738
1.2638417,1.0164738
1.2638568,1.0164738
1.2638718,1.0627055
1.2638868,1.0627055
1.2639018,1.0627055
1.2639169,1.0627055
1.2639319,1.0627055
1.2639469,1.1089368
1.2639619,1.1089368
1.2639769,1.1089368
1.263992,1.1089368
1.264007,1.1089368
1.264022,1.1551685
1.264037,1.1551685
1.264052,1.1551685
1.264067,1.1551685
1.2640821,1.1551685
1.2640971,1.2013993
1.2641121,1.2013993
1.2641271,1.2013993
1.2641422,1.2013993
1.2641572,1.2013993
1.2641722,1.2476311
1.2641872,1.2476311
1.2642022,1.2476311
1.2642173,1.2476311
1.2642323,1.2476311
1.2642473,1.2938623
1.2642623,1.2938623
1.2642773,1.2938623
1.2642924,1.2938623
1.2643074,1.2938623
1.2643224,1.3400936
1.2643374,1.3400936
1.2643524,1.3400936
1.2643675,1.3400936
1.2643825,1.3400936
1.2643975,1.3863249
1.2644125,1.3863249
1.2644275,1.3863249
1.2644426,1.3863249
1.2644576,1.3863249
1.2644726,1.4325566
1.2644876,1.4325566
1.2645026,1.4325566
1.2645177,1.4325566
1.2645327,1.4325566
1.2645477,1.4787879
1.2645627,1.4787879
1.2645777,1.4787879
1.2645928,1.4787879
1.2646078,1.4787879
1.2646228,1.4787879
1.2646378,1.4787879
1.2646528,1.4787879
1.2646679,1.5250192
1.2646829,1.5250192
1.2646979,1.5250192
1.2647129,1.5250192
1.264728,1.5712504
1.264743,1.5712504
1.264758,1.5712504
1.264773,1.5712504
1.264788,1.5712504
1.264803,1.5712504
1.2648181,1.6174817
1.2648331,1.6174817
1.2648481,1.6174817
1.2648631,1.6174817
1.2648782,1.6174817
1.2648932,1.6637135
1.2649082,1.6637135
1.2649232,1.6637135
1.2649382,1.6637135
1.2649533,1.6637135
1.2649683,1.7099442
1.2649833,1.7099442
1.2649983,1.7099442
1.2650133,1.7099442
1.2650284,1.7099442
1.2650434,1.756176
1.2650584,1.756176
1.2650734,1.756176
1.2650884,1.756176
1.2651035,1.756176
1.2651185,1.756176
1.2651335,1.756176
1.2651485,1.7099442
1.2651635,1.7099442
1.2651786,1.7099442
1.2651936,1.7099442
1.2652086,1.6637135
1.2652236,1.6637135
1.2652386,1.6637135
1.2652537,1.6637135
1.2652687,1.6637135
1.2652837,1.6174817
1.2652987,1.6174817
1.2653137,1.6174817
1.2653288,1.6174817
1.2653438,1.5712504
1.2653588,1.5712504
1.2653738,1.5712504
1.2653888,1.5712504
1.2654039,1.5250192
1.2654189,1.5250192
1.2654339,1.5250192
1.2654489,1.5250192
1.265464,1.5250192
1.265479,1.4787879
1.265494,1.4787879
1.265509,1.4787879
1.265524,1.4787879
1.265539,1.4787879
1.2655541,1.4787879
1.2655691,1.4325566
1.2655841,1.4325566
1.2655991,1.4325566
1.2656142,1.4325566
1.2656292,1.4325566
1.2656442,1.3863249
1.2656592,1.3863249
1.2656742,1.3863249
1.2656893,1.3863249
1.2657043,1.3400936
1.2657193,1.3400936
1.2657343,1.3400936
1.2657493,1.3400936
1.2657644,1.3400936
1.2657794,1.2938623
1.2657944,1.2938623
1.2658094,1.2938623
1.2658244,1.2938623
1.2658395,1.2476311
1.2658545,1.2476311
1.2658695,1.2476311
1.2658845,1.2476311
1.2658995,1.2013993
1.2659146,1.2013993
1.2659296,1.2013993
1.2659446,1.2013993
1.2659596,1.2013993
1.2659746,1.1551685
1.2659897,1.1551685
1.2660047,1.1551685
1.2660197,1.1551685
1.2660347,1.1089368
1.2660497,1.1089368
1.2660648,1.1089368
1.2660798,1.1089368
1.2660948,1.0627055
1.2661098,1.0627055
1.2661248,1.0627055
1.2661399,1.0627055
1.2661549,1.0627055
1.2661699,1.0164738
1.266185,1.0164738
1.2662001,1.0164738
1.2662151,1.0164738
1.2662301,0.970243
1.2662451,0.970243
1.2662601,0.970243
1.2662752,0.970243
1.2662902,0.970243
1.2663052,0.92401123
1.2663202,0.92401123
1.2663352,0.92401123
1.2663503,0.92401123
1.2663653,0.87777996
1.2663803,0.87777996
1.2663953,0.87777996
1.2664104,0.87777996
1.2664254,0.8315482
1.2664404,0.8315482
1.2664554,0.8315482
1.2664704,0.8315482
1.2664855,0.8315482
1.2665005,0.7853174
1.2665155,0.7853174
1.2665305,0.7853174
1.2665455,0.7853174
1.2665606,0.7853174
1.2665756,0.7390857
1.2665906,0.7390857
1.2666056,0.7390857
1.2666206,0.7390857
1.2666357,0.6928544
1.2666507,0.6928544
1.2666657,0.6928544
1.2666807,0.6928544
1.2666957,0.64662313
1.2667108,0.64662313
1.2667258,0.64662313
1.2667408,0.64662313
1.2667558,0.64662313
1.2667708,0.60039186
1.2667859,0.60039186
1.2668009,0.60039186
1.2668159,0.60039186
1.2668309,0.5541601
1.266846,0.5541601
1.266861,0.5541601
1.266876,0.5541601
1.266891,0.5541601
1.266906,0.50792885
1.266921,0.50792885
1.2669361,0.50792885
1.2669511,0.50792885
1.2669661,0.46169758
1.2669811,0.46169758
1.2669961,0.46169758
1.2670112,0.46169758
1.2670262,0.4154663
1.2670412,0.4154663
1.2670562,0.4154663
1.2670712,0.4154663
1.2670863,0.4154663
1.2671013,0.36923456
1.2671163,0.36923456
1.2671313,0.36923456
1.2671463,0.36923456
1.2671614,0.3230033
1.2671764,0.3230033
1.2671914,0.3230033
1.2672064,0.3230033
1.2672215,0.3230033
1.2672365,0.27677202
1.2672515,0.27677202
1.2672665,0.27677202
1.2672815,0.27677202
1.2672966,0.23054075
1.2673116,0.23054075
1.2673266,0.23054075
1.2673416,0.23054075
1.2673566,0.23054075
1.2673717,0.184309
1.2673867,0.184309
1.2674017,0.184309
1.2674167,0.184309
1.2674317,0.13807821
1.2674468,0.13807821
1.2674618,0.13807821
1.2674768,0.13807821
1.2674918,0.091846466
1.2675068,0.091846466
1.2675219,0.091846466
1.2675369,0.091846466
1.2675519,0.091846466
1.2675669,0.045615196
1.2675819,0.045615196
1.267597,0.045615196
1.267612,0.045615196
1.267627,-6.160736E-4
1.267642,-6.160736E-4
1.267657,-6.160736E-4
1.2676721,-6.160736E-4
1.2676871,-6.160736E-4
1.2677021,-0.046847343
1.2677171,-0.046847343
1.2677321,-0.046847343
1.2677472,-0.046847343
1.2677622,-0.09307861
1.2677772,-0.09307861
1.2677922,-0.09307861
1.2678072,-0.09307861
1.2678223,-0.13931036
1.2678373,-0.13931036
1.2678523,-0.13931036
1.2678673,-0.13931036
1.2678823,-0.13931036
1.2678974,-0.18554163
1.2679124,-0.18554163
1.2679274,-0.18554163
1.2679424,-0.18554163
1.2679574,-0.2317729
1.2679725,-0.2317729
1.2679875,-0.2317729
1.2680025,-0.2317729
1.2680175,-0.2317729
1.2680326,-0.27800417
1.2680476,-0.27800417
1.2680626,-0.27800417
1.2680776,-0.27800417
1.2680926,-0.27800417
1.2681077,-0.32423592
1.2681227,-0.32423592
1.2681377,-0.32423592
1.2681527,-0.32423592
1.2681677,-0.3704667
1.2681828,-0.3704667
1.2681978,-0.3704667
1.2682128,-0.3704667
1.2682278,-0.41669846
1.2682428,-0.41669846
1.2682579,-0.41669846
1.2682729,-0.41669846
1.2682879,-0.41669846
1.2683029,-0.46292973
1.2683179,-0.46292973
1.268333,-0.46292973
1.268348,-0.46292973
1.268363,-0.46292973
1.268378,-0.5091615
1.268393,-0.5091615
1.2684081,-0.5091615
1.2684231,-0.5091615
1.2684381,-0.55539227
1.2684531,-0.55539227
1.2684681,-0.55539227
1.2684832,-0.55539227
1.2684982,-0.55539227
1.2685132,-0.601624
1.2685282,-0.601624
1.2685432,-0.601624
1.2685583,-0.601624
1.2685733,-0.6478553
1.2685883,-0.6478553
1.2686033,-0.6478553
1.2686183,-0.6478553
1.2686334,-0.6478553
1.2686484,-0.694087
1.2686634,-0.694087
1.2686784,-0.694087
1.2686934,-0.694087
1.2687085,-0.694087
1.2687235,-0.7403178
1.2687385,-0.7403178
1.2687535,-0.7403178
1.2687685,-0.7403178
1.2687836,-0.7403178
1.2687986,-0.78654957
1.2688136,-0.78654957
1.2688286,-0.78654957
1.2688437,-0.78654957
1.2688587,-0.83278084
1.2688737,-0.83278084
1.2688887,-0.83278084
1.2689037,-0.83278084
1.2689188,-0.83278084
1.2689338,-0.8790121
1.2689488,-0.8790121
1.2689638,-0.8790121
1.2689788,-0.8790121
1.2689939,-0.8790121
1.2690089,-0.9252434
1.2690239,-0.9252434
1.2690389,-0.9252434
1.2690539,-0.9252434
1.269069,-0.9714751
1.269084,-0.9714751
1.269099,-0.9714751
1.269114,-0.9714751
1.269129,-0.9714751
1.269144,-1.0177064
1.2691591,-1.0177064
1.2691741,-1.0177064
1.2691891,-1.0177064
1.2692041,-1.0177064
1.2692192,-1.0639377
1.2692342,-1.0639377
1.2692492,-1.0639377
1.2692642,-1.0639377
1.2692792,-1.0639377
1.2692943,-1.1101689
1.2693093,-1.1101689
1.2693243,-1.1101689
1.2693393,-1.1101689
1.2693543,-1.1564007
1.2693694,-1.1564007
1.2693844,-1.1564007
1.2693994,-1.1564007
1.2694144,-1.1564007
1.2694294,-1.202632
1.2694445,-1.202632
1.2694595,-1.202632
1.2694745,-1.202632
1.2694895,-1.202632
1.2695045,-1.2488632
1.2695196,-1.2488632
1.2695346,-1.2488632
1.2695496,-1.2488632
1.2695646,-1.2488632
1.2695796,-1.2950945
1.2695947,-1.2950945
1.2696097,-1.2950945
1.2696247,-1.2950945
1.2696397,-1.2950945
1.2696548,-1.3413262
1.2696698,-1.3413262
1.2696848,-1.3413262
1.2696999,-1.3413262
1.269715,-1.387557
1.26973,-1.387557
1.269745,-1.387557
1.26976,-1.387557
1.269775,-1.387557
1.26979,-1.4337888
1.2698051,-1.4337888
1.2698201,-1.4337888
1.2698351,-1.4337888
1.2698501,-1.4337888
1.2698652,-1.48002
1.2698802,-1.48002
1.2698952,-1.48002
1.2699102,-1.48002
1.2699252,-1.48002
1.2699403,-1.48002
1.2699553,-1.48002
1.2699703,-1.48002
1.2699853,-1.5262513
1.2700003,-1.5262513
1.2700154,-1.5262513
1.2700304,-1.5262513
1.2700454,-1.5262513
1.2700604,-1.5724826
1.2700754,-1.5724826
1.2700905,-1.5724826
1.2701055,-1.5724826
1.2701205,-1.5724826
1.2701355,-1.6187139
1.2701505,-1.6187139
1.2701656,-1.6187139
1.2701806,-1.6187139
1.2701956,-1.6187139
1.2702106,-1.6187139
1.2702256,-1.6187139
1.2702407,-1.6187139
1.2702557,-1.5724826
1.2702707,-1.5724826
1.2702857,-1.5724826
1.2703007,-1.5724826
1.2703158,-1.5724826
1.2703308,-1.5262513
1.2703458,-1.5262513
1.2703608,-1.5262513
1.2703758,-1.5262513
1.2703909,-1.48002
1.2704059,-1.48002
1.2704209,-1.48002
1.2704359,-1.48002
1.270451,-1.48002
1.270466,-1.48002
1.270481,-1.48002
1.270496,-1.4337888
1.270511,-1.4337888
1.270526,-1.4337888
1.2705411,-1.4337888
1.2705561,-1.4337888
1.2705711,-1.387557
1.2705861,-1.387557
1.2706012,-1.387557
1.2706162,-1.387557
1.2706312,-1.387557
1.2706462,-1.3413262
1.2706612,-1.3413262
1.2706763,-1.3413262
1.2706913,-1.3413262
1.2707063,-1.2950945
1.2707213,-1.2950945
1.2707363,-1.2950945
1.2707514,-1.2950945
1.2707664,-1.2950945
1.2707814,-1.2488632
1.2707964,-1.2488632
1.2708114,-1.2488632
1.2708265,-1.2488632
1.2708415,-1.2488632
1.2708565,-1.202632
1.2708715,-1.202632
1.2708865,-1.202632
1.2709016,-1.202632
1.2709166,-1.1564007
1.2709316,-1.1564007
1.2709466,-1.1564007
1.2709616,-1.1564007
1.2709767,-1.1564007
1.2709917,-1.1101689
1.2710067,-1.1101689
1.2710217,-1.1101689
1.2710367,-1.1101689
1.2710518,-1.0639377
1.2710668,-1.0639377
1.2710818,-1.0639377
1.2710968,-1.0639377
1.2711118,-1.0639377
1.2711269,-1.0177064
1.2711419,-1.0177064
1.2711569,-1.0177064
1.2711719,-1.0177064
1.271187,-1.0177064
1.271202,-0.9714751
1.271217,-0.9714751
1.271232,-0.9714751
1.271247,-0.9714751
1.271262,-0.9252434
1.2712771,-0.9252434
1.2712921,-0.9252434
1.2713071,-0.9252434
1.2713221,-0.9252434
1.2713372,-0.8790121
1.2713522,-0.8790121
1.2713672,-0.8790121
1.2713822,-0.8790121
1.2713972,-0.8790121
1.2714123,-0.83278084
1.2714273,-0.83278084
1.2714423,-0.83278084
1.2714573,-0.83278084
1.2714723,-0.78654957
1.2714874,-0.78654957
1.2715024,-0.78654957
1.2715174,-0.78654957
1.2715324,-0.78654957
1.2715474,-0.7403178
1.2715625,-0.7403178
1.2715775,-0.7403178
1.2715925,-0.7403178
1.2716075,-0.7403178
1.2716225,-0.694087
1.2716376,-0.694087
1.2716526,-0.694087
1.2716676,-0.694087
1.2716826,-0.6478553
1.2716976,-0.6478553
1.2717127,-0.6478553
1.2717277,-0.6478553
1.2717427,-0.6478553
1.2717577,-0.601624
1.2717727,-0.601624
1.2717878,-0.601624
1.2718028,-0.601624
1.2718178,-0.601624
1.2718328,-0.55539227
1.2718478,-0.55539227
1.2718629,-0.55539227
1.2718779,-0.55539227
1.2718929,-0.5091615
1.2719079,-0.5091615
1.271923,-0.5091615
1.271938,-0.5091615
1.271953,-0.5091615
1.271968,-0.46292973
1.271983,-0.46292973
1.271998,-0.46292973
1.2720131,-0.46292973
1.2720281,-0.46292973
1.2720431,-0.41669846
1.2720581,-0.41669846
1.2720731,-0.41669846
1.2720882,-0.41669846
1.2721032,-0.3704667
1.2721182,-0.3704667
1.2721332,-0.3704667
1.2721483,-0.3704667
1.2721633,-0.3704667
1.2721783,-0.32423592
1.2721933,-0.32423592
1.2722083,-0.32423592
1.2722234,-0.32423592
1.2722384,-0.32423592
1.2722534,-0.27800417
1.2722684,-0.27800417
1.2722834,-0.27800417
1.2722985,-0.27800417
1.2723135,-0.2317729
1.2723285,-0.2317729
1.2723435,-0.2317729
1.2723585,-0.2317729
1.2723736,-0.2317729
1.2723886,-0.18554163
1.2724036,-0.18554163
1.2724186,-0.18554163
1.2724336,-0.18554163
1.2724487,-0.18554163
1.2724637,-0.13931036
1.2724787,-0.13931036
1.2724937,-0.13931036
1.2725087,-0.13931036
1.2725238,-0.09307861
1.2725388,-0.09307861
1.2725538,-0.09307861
1.2725688,-0.09307861
1.2725838,-0.09307861
1.2725989,-0.046847343
1.2726139,-0.046847343
1.2726289,-0.046847343
1.2726439,-0.046847343
1.272659,-0.046847343
1.272674,-6.160736E-4
1.272689,-6.160736E-4
1.272704,-6.160736E-4
1.272719,-6.160736E-4
1.272734,0.045615196
1.2727491,0.045615196
1.2727641,0.045615196
1.2727791,0.045615196
1.2727941,0.091846466
1.2728091,0.091846466
1.2728242,0.091846466
1.2728392,0.091846466
1.2728542,0.091846466
1.2728692,0.13807821
1.2728842,0.13807821
1.2728993,0.13807821
1.2729143,0.13807821
1.2729293,0.13807821
1.2729443,0.184309
1.2729594,0.184309
1.2729744,0.184309
1.2729894,0.184309
1.2730044,0.184309
1.2730194,0.23054075
1.2730345,0.23054075
1.2730495,0.23054075
1.2730645,0.23054075
1.2730795,0.27677202
1.2730945,0.27677202
1.2731096,0.27677202
1.2731246,0.27677202
1.2731396,0.27677202
1.2731546,0.3230033
1.2731696,0.3230033
1.2731847,0.3230033
1.2731997,0.3230033
1.2732147,0.3230033
1.2732298,0.36923456
1.2732449,0.36923456
1.2732599,0.36923456
1.2732749,0.36923456
1.2732899,0.4154663
1.2733049,0.4154663
1.27332,0.4154663
1.273335,0.4154663
1.27335,0.4154663
1.273365,0.46169758
1.27338,0.46169758
1.2733951,0.46169758
1.2734101,0.46169758
1.2734251,0.46169758
1.2734401,0.50792885
1.2734551,0.50792885
1.2734702,0.50792885
1.2734852,0.50792885
1.2735002,0.50792885
1.2735152,0.5541601
1.2735302,0.5541601
1.2735453,0.5541601
1.2735603,0.5541601
1.2735753,0.5541601
1.2735903,0.60039186
1.2736053,0.60039186
1.2736204,0.60039186
1.2736354,0.60039186
1.2736504,0.64662313
1.2736654,0.64662313
1.2736804,0.64662313
1.2736955,0.64662313
1.2737105,0.64662313
1.2737255,0.6928544
1.2737405,0.6928544
1.2737556,0.6928544
1.2737706,0.6928544
1.2737856,0.6928544
1.2738006,0.7390857
1.2738156,0.7390857
1.2738307,0.7390857
1.2738457,0.7390857
1.2738607,0.7390857
1.2738757,0.7853174
1.2738907,0.7853174
1.2739058,0.7853174
1.2739208,0.7853174
1.2739358,0.8315482
1.2739508,0.8315482
1.2739658,0.8315482
1.2739809,0.8315482
1.2739959,0.8315482
1.2740109,0.87777996
1.2740259,0.87777996
1.2740409,0.87777996
1.274056,0.87777996
1.274071,0.87777996
1.274086,0.92401123
1.274101,0.92401123
1.274116,0.92401123
1.2741311,0.92401123
1.2741461,0.92401123
1.2741611,0.970243
1.2741761,0.970243
1.2741911,0.970243
1.2742062,0.970243
1.2742212,0.970243
1.2742362,1.0164738
1.2742512,1.0164738
1.2742662,1.0164738
1.2742813,1.0164738
1.2742963,1.0164738
1.2743113,1.0627055
1.2743263,1.0627055
1.2743413,1.0627055
1.2743564,1.0627055
1.2743714,1.0627055
1.2743864,1.1089368
1.2744014,1.1089368
1.2744164,1.1089368
1.2744315,1.1089368
1.2744465,1.1089368
1.2744615,1.1551685
1.2744765,1.1551685
1.2744915,1.1551685
1.2745066,1.1551685
1.2745216,1.1551685
1.2745366,1.2013993
1.2745516,1.2013993
1.2745667,1.2013993
1.2745817,1.2013993
1.2745967,1.2476311
1.2746117,1.2476311
1.2746267,1.2476311
1.2746418,1.2476311
1.2746568,1.2476311
1.2746718,1.2938623
1.2746868,1.2938623
1.2747018,1.2938623
1.2747169,1.2938623
1.2747319,1.2938623
1.2747469,1.3400936
1.2747619,1.3400936
1.2747769,1.3400936
1.274792,1.3400936
1.274807,1.3400936
1.274822,1.3863249
1.274837,1.3863249
1.274852,1.3863249
1.274867,1.3863249
1.2748821,1.3863249
1.2748971,1.4325566
1.2749121,1.4325566
1.2749271,1.4325566
1.2749422,1.4325566
1.2749572,1.4325566
1.2749722,1.4787879
1.2749872,1.4787879
1.2750022,1.4787879
1.2750173,1.4787879
1.2750323,1.4787879
1.2750473,1.4787879
1.2750623,1.4787879
1.2750773,1.4787879
1.2750924,1.5250192
1.2751074,1.5250192
1.2751224,1.5250192
1.2751374,1.5250192
1.2751524,1.5250192
1.2751675,1.5712504
1.2751825,1.5712504
1.2751975,1.5712504
1.2752125,1.5712504
1.2752275,1.5712504
1.2752426,1.6174817
1.2752576,1.6174817
1.2752726,1.6174817
1.2752876,1.6174817
1.2753026,1.6174817
1.2753177,1.6637135
1.2753327,1.6637135
1.2753477,1.6637135
1.2753627,1.6637135
1.2753778,1.6637135
1.2753928,1.7099442
1.2754078,1.7099442
1.2754228,1.7099442
1.2754378,1.7099442
1.2754529,1.7099442
1.2754679,1.7099442
1.2754829,1.756176
1.2754979,1.756176
1.2755129,1.756176
1.275528,1.756176
1.275543,1.756176
1.275558,1.756176
1.275573,1.7099442
1.275588,1.7099442
1.275603,1.7099442
1.2756181,1.7099442
1.2756331,1.7099442
1.2756481,1.6637135
1.2756631,1.6637135
1.2756782,1.6637135
1.2756932,1.6637135
1.2757082,1.6174817
1.2757232,1.6174817
1.2757382,1.6174817
1.2757533,1.6174817
1.2757683,1.6174817
1.2757833,1.5712504
1.2757983,1.5712504
1.2758133,1.5712504
1.2758284,1.5712504
1.2758434,1.5250192
1.2758584,1.5250192
1.2758734,1.5250192
1.2758884,1.5250192
1.2759035,1.4787879
1.2759185,1.4787879
1.2759335,1.4787879
1.2759485,1.4787879
1.2759635,1.4787879
1.2759786,1.4787879
1.2759936,1.4787879
1.2760086,1.4325566
1.2760236,1.4325566
1.2760386,1.4325566
1.2760537,1.4325566
1.2760687,1.3863249
1.2760837,1.3863249
1.2760987,1.3863249
1.2761137,1.3863249
1.2761288,1.3863249
1.2761438,1.3400936
1.2761588,1.3400936
1.2761738,1.3400936
1.2761889,1.3400936
1.2762039,1.2938623
1.2762189,1.2938623
1.2762339,1.2938623
1.2762489,1.2938623
1.276264,1.2938623
1.276279,1.2476311
1.276294,1.2476311
1.276309,1.2476311
1.276324,1.2476311
1.276339,1.2013993
1.2763541,1.2013993
1.2763691,1.2013993
1.2763841,1.2013993
1.2763991,1.1551685
1.2764142,1.1551685
1.2764292,1.1551685
1.2764442,1.1551685
1.2764592,1.1551685
1.2764742,1.1089368
1.2764893,1.1089368
1.2765043,1.1089368
1.2765193,1.1089368
1.2765343,1.0627055
1.2765493,1.0627055
1.2765644,1.0627055
1.2765794,1.0627055
1.2765944,1.0627055
1.2766094,1.0164738
1.2766244,1.0164738
1.2766395,1.0164738
1.2766545,1.0164738
1.2766695,0.970243
1.2766845,0.970243
1.2766995,0.970243
1.2767146,0.970243
1.2767296,0.92401123
1.2767447,0.92401123
1.2767597,0.92401123
1.2767748,0.92401123
1.2767898,0.92401123
1.2768048,0.87777996
1.2768198,0.87777996
1.2768348,0.87777996
1.2768499,0.87777996
1.2768649,0.8315482
1.2768799,0.8315482
1.2768949,0.8315482
1.27691,0.8315482
1.276925,0.8315482
1.27694,0.7853174
1.276955,0.7853174
1.27697,0.7853174
1.276985,0.7853174
1.2770001,0.7390857
1.2770151,0.7390857
1.2770301,0.7390857
1.2770451,0.7390857
1.2770602,0.6928544
1.2770752,0.6928544
1.2770902,0.6928544
1.2771052,0.6928544
1.2771202,0.6928544
1.2771353,0.64662313
1.2771503,0.64662313
1.2771653,0.64662313
1.2771803,0.64662313
1.2771953,0.60039186
1.2772104,0.60039186
1.2772254,0.60039186
1.2772404,0.60039186
1.2772554,0.60039186
1.2772704,0.5541601
1.2772855,0.5541601
1.2773005,0.5541601
1.2773155,0.5541601
1.2773305,0.50792885
1.2773455,0.50792885
1.2773606,0.50792885
1.2773756,0.50792885
1.2773906,0.46169758
1.2774056,0.46169758
1.2774206,0.46169758
1.2774357,0.46169758
1.2774507,0.46169758
1.2774657,0.4154663
1.2774807,0.4154663
1.2774957,0.4154663
1.2775108,0.4154663
1.2775258,0.36923456
1.2775408,0.36923456
1.2775558,0.36923456
1.2775708,0.36923456
1.2775859,0.36923456
1.2776009,0.3230033
1.2776159,0.3230033
1.2776309,0.3230033
1.277646,0.3230033
1.277661,0.27677202
1.277676,0.27677202
1.277691,0.27677202
1.277706,0.27677202
1.277721,0.27677202
1.2777361,0.23054075
1.2777511,0.23054075
1.2777661,0.23054075
1.2777811,0.23054075
1.2777961,0.184309
1.2778112,0.184309
1.2778262,0.184309
1.2778412,0.184309
1.2778562,0.13807821
1.2778713,0.13807821
1.2778863,0.13807821
1.2779013,0.13807821
1.2779163,0.13807821
1.2779313,0.091846466
1.2779464,0.091846466
1.2779614,0.091846466
1.2779764,0.091846466
1.2779914,0.091846466
1.2780064,0.045615196
1.2780215,0.045615196
1.2780365,0.045615196
1.2780515,0.045615196
1.2780665,-6.160736E-4
1.2780815,-6.160736E-4
1.2780966,-6.160736E-4
1.2781116,-6.160736E-4
1.2781266,-0.046847343
1.2781416,-0.046847343
1.2781566,-0.046847343
1.2781717,-0.046847343
1.2781867,-0.09307861
1.2782017,-0.09307861
1.2782167,-0.09307861
1.2782317,-0.09307861
1.2782468,-0.09307861
1.2782618,-0.13931036
1.2782768,-0.13931036
1.2782918,-0.13931036
1.2783068,-0.13931036
1.2783219,-0.13931036
1.2783369,-0.18554163
1.2783519,-0.18554163
1.2783669,-0.18554163
1.278382,-0.18554163
1.278397,-0.2317729
1.278412,-0.2317729
1.278427,-0.2317729
1.278442,-0.2317729
1.278457,-0.2317729
1.2784721,-0.27800417
1.2784871,-0.27800417
1.2785021,-0.27800417
1.2785171,-0.27800417
1.2785321,-0.32423592
1.2785472,-0.32423592
1.2785622,-0.32423592
1.2785772,-0.32423592
1.2785922,-0.32423592
1.2786072,-0.3704667
1.2786223,-0.3704667
1.2786373,-0.3704667
1.2786523,-0.3704667
1.2786673,-0.41669846
1.2786824,-0.41669846
1.2786974,-0.41669846
1.2787124,-0.41669846
1.2787274,-0.41669846
1.2787424,-0.46292973
1.2787575,-0.46292973
1.2787725,-0.46292973
1.2787875,-0.46292973
1.2788025,-0.5091615
1.2788175,-0.5091615
1.2788326,-0.5091615
1.2788476,-0.5091615
1.2788626,-0.5091615
1.2788776,-0.55539227
1.2788926,-0.55539227
1.2789077,-0.55539227
1.2789227,-0.55539227
1.2789377,-0.55539227
1.2789527,-0.601624
1.2789677,-0.601624
1.2789828,-0.601624
1.2789978,-0.601624
1.2790128,-0.6478553
1.2790278,-0.6478553
1.2790428,-0.6478553
1.2790579,-0.6478553
1.2790729,-0.6478553
1.2790879,-0.694087
1.2791029,-0.694087
1.279118,-0.694087
1.279133,-0.694087
1.279148,-0.694087
1.279163,-0.7403178
1.279178,-0.7403178
1.279193,-0.7403178
1.2792081,-0.7403178
1.2792231,-0.78654957
1.2792381,-0.78654957
1.2792531,-0.78654957
1.2792681,-0.78654957
1.2792832,-0.78654957
1.2792982,-0.83278084
1.2793132,-0.83278084
1.2793282,-0.83278084
1.2793432,-0.83278084
1.2793583,-0.83278084
1.2793733,-0.8790121
1.2793883,-0.8790121
1.2794033,-0.8790121
1.2794183,-0.8790121
1.2794334,-0.9252434
1.2794484,-0.9252434
1.2794634,-0.9252434
1.2794784,-0.9252434
1.2794935,-0.9252434
1.2795085,-0.9714751
1.2795235,-0.9714751
1.2795385,-0.9714751
1.2795535,-0.9714751
1.2795686,-1.0177064
1.2795836,-1.0177064
1.2795986,-1.0177064
1.2796136,-1.0177064
1.2796286,-1.0177064
1.2796437,-1.0639377
1.2796587,-1.0639377
1.2796737,-1.0639377
1.2796887,-1.0639377
1.2797037,-1.0639377
1.2797188,-1.1101689
1.2797338,-1.1101689
1.2797488,-1.1101689
1.2797638,-1.1101689
1.2797788,-1.1101689
1.2797939,-1.1564007
1.2798089,-1.1564007
1.2798239,-1.1564007
1.2798389,-1.1564007
1.2798539,-1.202632
1.279869,-1.202632
1.279884,-1.202632
1.279899,-1.202632
1.279914,-1.202632
1.279929,-1.2488632
1.2799441,-1.2488632
1.2799591,-1.2488632
1.2799741,-1.2488632
1.2799891,-1.2488632
1.2800041,-1.2950945
1.2800192,-1.2950945
1.2800342,-1.2950945
1.2800492,-1.2950945
1.2800642,-1.2950945
1.2800792,-1.3413262
1.2800943,-1.3413262
1.2801093,-1.3413262
1.2801243,-1.3413262
1.2801393,-1.3413262
1.2801543,-1.387557
1.2801694,-1.387557
1.2801844,-1.387557
1.2801994,-1.387557
1.2802144,-1.387557
1.2802294,-1.4337888
1.2802445,-1.4337888
1.2802596,-1.4337888
1.2802746,-1.4337888
1.2802896,-1.4337888
1.2803047,-1.48002
1.2803197,-1.48002
1.2803347,-1.48002
1.2803497,-1.48002
1.2803648,-1.48002
1.2803798,-1.48002
1.2803948,-1.48002
1.2804098,-1.5262513
1.2804248,-1.5262513
1.2804399,-1.5262513
1.2804549,-1.5262513
1.2804699,-1.5262513
1.2804849,-1.5724826
1.2804999,-1.5724826
1.280515,-1.5724826
1.28053,-1.5724826
1.280545,-1.5724826
1.28056,-1.6187139
1.280575,-1.6187139
1.28059,-1.6187139
1.2806051,-1.6187139
1.2806201,-1.6187139
1.2806351,-1.6187139
1.2806501,-1.6187139
1.2806652,-1.6187139
1.2806802,-1.5724826
1.2806952,-1.5724826
1.2807102,-1.5724826
1.2807252,-1.5724826
1.2807403,-1.5724826
1.2807553,-1.5262513
1.2807703,-1.5262513
1.2807853,-1.5262513
1.2808003,-1.5262513
1.2808154,-1.5262513
1.2808304,-1.48002
1.2808454,-1.48002
1.2808604,-1.48002
1.2808754,-1.48002
1.2808905,-1.48002
1.2809055,-1.48002
1.2809205,-1.48002
1.2809355,-1.4337888
1.2809505,-1.4337888
1.2809656,-1.4337888
1.2809806,-1.4337888
1.2809956,-1.4337888
1.2810106,-1.387557
1.2810256,-1.387557
1.2810407,-1.387557
1.2810557,-1.387557
1.2810707,-1.3413262
1.2810857,-1.3413262
1.2811007,-1.3413262
1.2811158,-1.3413262
1.2811308,-1.3413262
1.2811458,-1.2950945
1.2811608,-1.2950945
1.2811759,-1.2950945
1.2811909,-1.2950945
1.2812059,-1.2950945
1.2812209,-1.2488632
1.2812359,-1.2488632
1.281251,-1.2488632
1.281266,-1.2488632
1.281281,-1.202632
1.281296,-1.202632
1.281311,-1.202632
1.281326,-1.202632
1.2813411,-1.202632
1.2813561,-1.1564007
1.2813711,-1.1564007
1.2813861,-1.1564007
1.2814012,-1.1564007
1.2814162,-1.1564007
1.2814312,-1.1101689
1.2814462,-1.1101689
1.2814612,-1.1101689
1.2814763,-1.1101689
1.2814913,-1.0639377
1.2815063,-1.0639377
1.2815213,-1.0639377
1.2815363,-1.0639377
1.2815514,-1.0639377
1.2815664,-1.0177064
1.2815814,-1.0177064
1.2815964,-1.0177064
1.2816114,-1.0177064
1.2816265,-0.9714751
1.2816415,-0.9714751
1.2816565,-0.9714751
1.2816715,-0.9714751
1.2816865,-0.9714751
1.2817016,-0.9252434
1.2817166,-0.9252434
1.2817316,-0.9252434
1.2817466,-0.9252434
1.2817616,-0.9252434
1.2817767,-0.8790121
1.2817917,-0.8790121
1.2818067,-0.8790121
1.2818217,-0.8790121
1.2818367,-0.83278084
1.2818518,-0.83278084
1.2818668,-0.83278084
1.2818818,-0.83278084
1.2818968,-0.83278084
1.2819118,-0.78654957
1.2819269,-0.78654957
1.2819419,-0.78654957
1.2819569,-0.78654957
1.2819719,-0.7403178
1.281987,-0.7403178
1.282002,-0.7403178
1.282017,-0.7403178
1.282032,-0.7403178
1.282047,-0.694087
1.282062,-0.694087
1.2820771,-0.694087
1.2820921,-0.694087
1.2821071,-0.694087
1.2821221,-0.6478553
1.2821372,-0.6478553
1.2821522,-0.6478553
1.2821672,-0.6478553
1.2821822,-0.6478553
1.2821972,-0.601624
1.2822123,-0.601624
1.2822273,-0.601624
1.2822423,-0.601624
1.2822573,-0.55539227
1.2822723,-0.55539227
1.2822874,-0.55539227
1.2823024,-0.55539227
1.2823174,-0.55539227
1.2823324,-0.5091615
1.2823474,-0.5091615
1.2823625,-0.5091615
1.2823775,-0.5091615
1.2823925,-0.5091615
1.2824075,-0.46292973
1.2824225,-0.46292973
1.2824376,-0.46292973
1.2824526,-0.46292973
1.2824676,-0.41669846
1.2824826,-0.41669846
1.2824976,-0.41669846
1.2825127,-0.41669846
1.2825277,-0.41669846
1.2825427,-0.3704667
1.2825577,-0.3704667
1.2825727,-0.3704667
1.2825878,-0.3704667
1.2826028,-0.3704667
1.2826178,-0.32423592
1.2826328,-0.32423592
1.2826478,-0.32423592
1.2826629,-0.32423592
1.2826779,-0.27800417
1.2826929,-0.27800417
1.2827079,-0.27800417
1.282723,-0.27800417
1.282738,-0.27800417
1.282753,-0.2317729
1.282768,-0.2317729
1.282783,-0.2317729
1.282798,-0.2317729
1.2828131,-0.2317729
1.2828281,-0.18554163
1.2828431,-0.18554163
1.2828581,-0.18554163
1.2828732,-0.18554163
1.2828882,-0.13931036
1.2829032,-0.13931036
1.2829182,-0.13931036
1.2829332,-0.13931036
1.2829483,-0.13931036
1.2829633,-0.09307861
1.2829783,-0.09307861
1.2829933,-0.09307861
1.2830083,-0.09307861
1.2830234,-0.09307861
1.2830384,-0.046847343
1.2830534,-0.046847343
1.2830684,-0.046847343
1.2830834,-0.046847343
1.2830985,-6.160736E-4
1.2831135,-6.160736E-4
1.2831285,-6.160736E-4
1.2831435,-6.160736E-4
1.2831585,0.045615196
1.2831736,0.045615196
1.2831886,0.045615196
1.2832036,0.045615196
1.2832186,0.045615196
1.2832336,0.091846466
1.2832487,0.091846466
1.2832637,0.091846466
1.2832787,0.091846466
1.2832937,0.091846466
1.2833087,0.13807821
1.2833238,0.13807821
1.2833388,0.13807821
1.2833538,0.13807821
1.2833688,0.13807821
1.2833838,0.184309
1.2833989,0.184309
1.2834139,0.184309
1.2834289,0.184309
1.2834439,0.23054075
1.283459,0.23054075
1.283474,0.23054075
1.283489,0.23054075
1.283504,0.23054075
1.283519,0.27677202
1.283534,0.27677202
1.2835491,0.27677202
1.2835641,0.27677202
1.2835791,0.27677202
1.2835941,0.3230033
1.2836092,0.3230033
1.2836242,0.3230033
1.2836392,0.3230033
1.2836542,0.36923456
1.2836692,0.36923456
1.2836843,0.36923456
1.2836993,0.36923456
1.2837143,0.36923456
1.2837293,0.4154663
1.2837443,0.4154663
1.2837594,0.4154663
1.2837744,0.4154663
1.2837895,0.4154663
1.2838045,0.46169758
1.2838196,0.46169758
1.2838346,0.46169758
1.2838496,0.46169758
1.2838646,0.46169758
1.2838796,0.50792885
1.2838947,0.50792885
1.2839097,0.50792885
1.2839247,0.50792885
1.2839397,0.5541601
1.2839547,0.5541601
1.2839698,0.5541601
1.2839848,0.5541601
1.2839998,0.5541601
1.2840148,0.60039186
1.2840298,0.60039186
1.2840449,0.60039186
1.2840599,0.60039186
1.2840749,0.64662313
1.2840899,0.64662313
1.284105,0.64662313
1.28412,0.64662313
1.284135,0.64662313
1.28415,0.6928544
1.284165,0.6928544
1.28418,0.6928544
1.2841951,0.6928544
1.2842101,0.6928544
1.2842251,0.7390857
1.2842401,0.7390857
1.2842551,0.7390857
1.2842702,0.7390857
1.2842852,0.7390857
1.2843002,0.7853174
1.2843152,0.7853174
1.2843302,0.7853174
1.2843453,0.7853174
1.2843603,0.7853174
1.2843753,0.8315482
1.2843903,0.8315482
1.2844054,0.8315482
1.2844204,0.8315482
1.2844354,0.8315482
1.2844504,0.87777996
1.2844654,0.87777996
1.2844805,0.87777996
1.2844955,0.87777996
1.2845105,0.87777996
1.2845255,0.92401123
1.2845405,0.92401123
1.2845556,0.92401123
1.2845706,0.92401123
1.2845856,0.970243
1.2846006,0.970243
1.2846156,0.970243
1.2846307,0.970243
1.2846457,0.970243
1.2846607,1.0164738
1.2846757,1.0164738
1.2846907,1.0164738
1.2847058,1.0164738
1.2847208,1.0164738
1.2847358,1.0627055
1.2847508,1.0627055
1.2847658,1.0627055
1.2847809,1.0627055
1.2847959,1.0627055
1.2848109,1.1089368
1.2848259,1.1089368
1.284841,1.1089368
1.284856,1.1089368
1.284871,1.1089368
1.284886,1.1551685
1.284901,1.1551685
1.284916,1.1551685
1.2849311,1.1551685
1.2849461,1.1551685
1.2849611,1.2013993
1.2849761,1.2013993
1.2849911,1.2013993
1.2850062,1.2013993
1.2850212,1.2013993
1.2850362,1.2476311
1.2850512,1.2476311
1.2850662,1.2476311
1.2850813,1.2476311
1.2850963,1.2476311
1.2851113,1.2938623
1.2851263,1.2938623
1.2851413,1.2938623
1.2851564,1.2938623
1.2851714,1.2938623
1.2851864,1.3400936
1.2852014,1.3400936
1.2852165,1.3400936
1.2852315,1.3400936
1.2852465,1.3400936
1.2852615,1.3863249
1.2852765,1.3863249
1.2852916,1.3863249
1.2853066,1.3863249
1.2853216,1.3863249
1.2853366,1.4325566
1.2853516,1.4325566
1.2853667,1.4325566
1.2853817,1.4325566
1.2853967,1.4325566
1.2854117,1.4787879
1.2854267,1.4787879
1.2854418,1.4787879
1.2854568,1.4787879
1.2854718,1.4787879
1.2854868,1.4787879
1.2855018,1.4787879
1.2855169,1.4787879
1.2855319,1.5250192
1.2855469,1.5250192
1.2855619,1.5250192
1.2855769,1.5250192
1.285592,1.5250192
1.285607,1.5712504
1.285622,1.5712504
1.285637,1.5712504
1.285652,1.5712504
1.2856671,1.5712504
1.2856821,1.6174817
1.2856971,1.6174817
1.2857121,1.6174817
1.2857271,1.6174817
1.2857422,1.6174817
1.2857572,1.6174817
1.2857722,1.6637135
1.2857872,1.6637135
1.2858022,1.6637135
1.2858173,1.6637135
1.2858323,1.6637135
1.2858473,1.7099442
1.2858623,1.7099442
1.2858773,1.7099442
1.2858924,1.7099442
1.2859074,1.756176
1.2859224,1.756176
1.2859374,1.756176
1.2859524,1.756176
1.2859675,1.756176
1.2859825,1.756176
1.2859975,1.756176
1.2860125,1.7099442
1.2860276,1.7099442
1.2860426,1.7099442
1.2860576,1.7099442
1.2860726,1.6637135
1.2860876,1.6637135
1.2861027,1.6637135
1.2861177,1.6637135
1.2861327,1.6637135
1.2861477,1.6174817
1.2861627,1.6174817
1.2861778,1.6174817
1.2861928,1.6174817
1.2862078,1.5712504
1.2862228,1.5712504
1.2862378,1.5712504
1.2862529,1.5712504
1.2862679,1.5250192
1.2862829,1.5250192
1.2862979,1.5250192
1.2863129,1.5250192
1.286328,1.5250192
1.286343,1.4787879
1.286358,1.4787879
1.286373,1.4787879
1.286388,1.4787879
1.2864031,1.4787879
1.2864181,1.4787879
1.2864331,1.4787879
1.2864481,1.4325566
1.2864631,1.4325566
1.2864782,1.4325566
1.2864932,1.4325566
1.2865082,1.3863249
1.2865232,1.3863249
1.2865382,1.3863249
1.2865533,1.3863249
1.2865683,1.3400936
1.2865833,1.3400936
1.2865983,1.3400936
1.2866133,1.3400936
1.2866284,1.3400936
1.2866434,1.2938623
1.2866584,1.2938623
1.2866734,1.2938623
1.2866884,1.2938623
1.2867035,1.2476311
1.2867185,1.2476311
1.2867335,1.2476311
1.2867485,1.2476311
1.2867635,1.2476311
1.2867786,1.2013993
1.2867936,1.2013993
1.2868086,1.2013993
1.2868236,1.2013993
1.2868387,1.1551685
1.2868537,1.1551685
1.2868687,1.1551685
1.2868837,1.1551685
1.2868987,1.1089368
1.2869138,1.1089368
1.2869288,1.1089368
1.2869438,1.1089368
1.2869588,1.1089368
1.2869738,1.0627055
1.2869889,1.0627055
1.2870039,1.0627055
1.2870189,1.0627055
1.2870339,1.0164738
1.2870489,1.0164738
1.287064,1.0164738
1.287079,1.0164738
1.287094,1.0164738
1.287109,0.970243
1.287124,0.970243
1.287139,0.970243
1.2871541,0.970243
1.2871691,0.92401123
1.2871841,0.92401123
1.2871991,0.92401123
1.2872142,0.92401123
1.2872292,0.87777996
1.2872442,0.87777996
1.2872592,0.87777996
1.2872742,0.87777996
1.2872893,0.87777996
1.2873044,0.8315482
1.2873194,0.8315482
1.2873344,0.8315482
1.2873495,0.8315482
1.2873645,0.7853174
1.2873795,0.7853174
1.2873945,0.7853174
1.2874095,0.7853174
1.2874246,0.7390857
1.2874396,0.7390857
1.2874546,0.7390857
1.2874696,0.7390857
1.2874846,0.7390857
1.2874997,0.6928544
1.2875147,0.6928544
1.2875297,0.6928544
1.2875447,0.6928544
1.2875597,0.64662313
1.2875748,0.64662313
1.2875898,0.64662313
1.2876048,0.64662313
1.2876198,0.64662313
1.2876348,0.60039186
1.2876499,0.60039186
1.2876649,0.60039186
1.2876799,0.60039186
1.2876949,0.5541601
1.28771,0.5541601
1.287725,0.5541601
1.28774,0.5541601
1.287755,0.5541601
1.28777,0.50792885
1.287785,0.50792885
1.2878001,0.50792885
1.2878151,0.50792885
1.2878301,0.46169758
1.2878451,0.46169758
1.2878602,0.46169758
1.2878752,0.46169758
1.2878902,0.46169758
1.2879052,0.4154663
1.2879202,0.4154663
1.2879353,0.4154663
1.2879503,0.4154663
1.2879653,0.36923456
1.2879803,0.36923456
1.2879953,0.36923456
1.2880104,0.36923456
1.2880254,0.3230033
1.2880404,0.3230033
1.2880554,0.3230033
1.2880704,0.3230033
1.2880855,0.3230033
1.2881005,0.27677202
1.2881155,0.27677202
1.2881305,0.27677202
1.2881455,0.27677202
1.2881606,0.23054075
1.2881756,0.23054075
1.2881906,0.23054075
1.2882056,0.23054075
1.2882206,0.23054075
1.2882357,0.184309
1.2882507,0.184309
1.2882657,0.184309
1.2882807,0.184309
1.2882957,0.13807821
1.2883108,0.13807821
1.2883258,0.13807821
1.2883408,0.13807821
1.2883558,0.13807821
1.2883708,0.091846466
1.2883859,0.091846466
1.2884009,0.091846466
1.2884159,0.091846466
1.2884309,0.045615196
1.288446,0.045615196
1.288461,0.045615196
1.288476,0.045615196
1.288491,0.045615196
1.288506,-6.160736E-4
1.288521,-6.160736E-4
1.2885361,-6.160736E-4
1.2885511,-6.160736E-4
1.2885661,-0.046847343
1.2885811,-0.046847343
1.2885962,-0.046847343
1.2886112,-0.046847343
1.2886262,-0.09307861
1.2886412,-0.09307861
1.2886562,-0.09307861
1.2886713,-0.09307861
1.2886863,-0.13931036
1.2887013,-0.13931036
1.2887163,-0.13931036
1.2887313,-0.13931036
1.2887464,-0.13931036
1.2887614,-0.18554163
1.2887764,-0.18554163
1.2887914,-0.18554163
1.2888064,-0.18554163
1.2888215,-0.18554163
1.2888365,-0.2317729
1.2888515,-0.2317729
1.2888665,-0.2317729
1.2888815,-0.2317729
1.2888966,-0.27800417
1.2889116,-0.27800417
1.2889266,-0.27800417
1.2889416,-0.27800417
1.2889566,-0.27800417
1.2889717,-0.32423592
1.2889867,-0.32423592
1.2890017,-0.32423592
1.2890167,-0.32423592
1.2890317,-0.3704667
1.2890468,-0.3704667
1.2890618,-0.3704667
1.2890768,-0.3704667
1.2890918,-0.3704667
1.2891068,-0.41669846
1.2891219,-0.41669846
1.2891369,-0.41669846
1.2891519,-0.41669846
1.2891669,-0.46292973
1.289182,-0.46292973
1.289197,-0.46292973
1.289212,-0.46292973
1.289227,-0.46292973
1.289242,-0.5091615
1.289257,-0.5091615
1.2892721,-0.5091615
1.2892871,-0.5091615
1.2893021,-0.55539227
1.2893171,-0.55539227
1.2893322,-0.55539227
1.2893472,-0.55539227
1.2893622,-0.55539227
1.2893772,-0.601624
1.2893922,-0.601624
1.2894073,-0.601624
1.2894223,-0.601624
1.2894373,-0.601624
1.2894523,-0.6478553
1.2894673,-0.6478553
1.2894824,-0.6478553
1.2894974,-0.6478553
1.2895124,-0.694087
1.2895274,-0.694087
1.2895424,-0.694087
1.2895575,-0.694087
1.2895725,-0.694087
1.2895875,-0.7403178
1.2896025,-0.7403178
1.2896175,-0.7403178
1.2896326,-0.7403178
1.2896476,-0.7403178
1.2896626,-0.78654957
1.2896776,-0.78654957
1.2896926,-0.78654957
1.2897077,-0.78654957
1.2897227,-0.78654957
1.2897377,-0.83278084
1.2897527,-0.83278084
1.2897677,-0.83278084
1.2897828,-0.83278084
1.2897978,-0.8790121
1.2898128,-0.8790121
1.2898278,-0.8790121
1.2898428,-0.8790121
1.2898579,-0.8790121
1.2898729,-0.9252434
1.2898879,-0.9252434
1.2899029,-0.9252434
1.289918,-0.9252434
1.289933,-0.9252434
1.289948,-0.9714751
1.289963,-0.9714751
1.289978,-0.9714751
1.289993,-0.9714751
1.2900081,-1.0177064
1.2900231,-1.0177064
1.2900381,-1.0177064
1.2900531,-1.0177064
1.2900681,-1.0177064
1.2900832,-1.0639377
1.2900982,-1.0639377
1.2901132,-1.0639377
1.2901282,-1.0639377
1.2901433,-1.0639377
1.2901583,-1.1101689
1.2901733,-1.1101689
1.2901883,-1.1101689
1.2902033,-1.1101689
1.2902184,-1.1564007
1.2902334,-1.1564007
1.2902484,-1.1564007
1.2902634,-1.1564007
1.2902784,-1.1564007
1.2902935,-1.202632
1.2903085,-1.202632
1.2903235,-1.202632
1.2903385,-1.202632
1.2903535,-1.202632
1.2903686,-1.2488632
1.2903836,-1.2488632
1.2903986,-1.2488632
1.2904136,-1.2488632
1.2904286,-1.2488632
1.2904437,-1.2950945
1.2904587,-1.2950945
1.2904737,-1.2950945
1.2904887,-1.2950945
1.2905037,-1.2950945
1.2905188,-1.3413262
1.2905338,-1.3413262
1.2905488,-1.3413262
1.2905638,-1.3413262
1.2905788,-1.3413262
1.2905939,-1.387557
1.2906089,-1.387557
1.2906239,-1.387557
1.2906389,-1.387557
1.290654,-1.387557
1.290669,-1.4337888
1.290684,-1.4337888
1.290699,-1.4337888
1.290714,-1.4337888
1.290729,-1.48002
1.2907441,-1.48002
1.2907591,-1.48002
1.2907741,-1.48002
1.2907891,-1.48002
1.2908041,-1.48002
1.2908192,-1.48002
1.2908343,-1.48002
1.2908493,-1.5262513
1.2908643,-1.5262513
1.2908794,-1.5262513
1.2908944,-1.5262513
1.2909094,-1.5262513
1.2909244,-1.5724826
1.2909395,-1.5724826
1.2909545,-1.5724826
1.2909695,-1.5724826
1.2909845,-1.5724826
1.2909995,-1.6187139
1.2910146,-1.6187139
1.2910296,-1.6187139
1.2910446,-1.6187139
1.2910596,-1.6187139
1.2910746,-1.6187139
1.2910897,-1.6187139
1.2911047,-1.6187139
1.2911197,-1.5724826
1.2911347,-1.5724826
1.2911497,-1.5724826
1.2911648,-1.5724826
1.2911798,-1.5724826
1.2911948,-1.5262513
1.2912098,-1.5262513
1.2912248,-1.5262513
1.2912399,-1.5262513
1.2912549,-1.5262513
1.2912699,-1.48002
1.2912849,-1.48002
1.2912999,-1.48002
1.291315,-1.48002
1.29133,-1.48002
1.291345,-1.48002
1.29136,-1.4337888
1.291375,-1.4337888
1.2913901,-1.4337888
1.2914051,-1.4337888
1.2914201,-1.4337888
1.2914351,-1.387557
1.2914501,-1.387557
1.2914652,-1.387557
1.2914802,-1.387557
1.2914952,-1.387557
1.2915102,-1.3413262
1.2915252,-1.3413262
1.2915403,-1.3413262
1.2915553,-1.3413262
1.2915703,-1.2950945
1.2915853,-1.2950945
1.2916003,-1.2950945
1.2916154,-1.2950945
1.2916304,-1.2950945
1.2916454,-1.2488632
1.2916604,-1.2488632
1.2916754,-1.2488632
1.2916905,-1.2488632
1.2917055,-1.2488632
1.2917205,-1.202632
1.2917355,-1.202632
1.2917506,-1.202632
1.2917656,-1.202632
1.2917806,-1.1564007
1.2917956,-1.1564007
1.2918106,-1.1564007
1.2918257,-1.1564007
1.2918407,-1.1564007
1.2918557,-1.1101689
1.2918707,-1.1101689
1.2918857,-1.1101689
1.2919008,-1.1101689
1.2919158,-1.1101689
1.2919308,-1.0639377
1.2919458,-1.0639377
1.2919608,-1.0639377
1.2919759,-1.0639377
1.2919909,-1.0177064
1.2920059,-1.0177064
1.2920209,-1.0177064
1.2920359,-1.0177064
1.292051,-1.0177064
1.292066,-0.9714751
1.292081,-0.9714751
1.292096,-0.9714751
1.292111,-0.9714751
1.292126,-0.9714751
1.2921411,-0.9252434
1.2921561,-0.9252434
1.2921711,-0.9252434
1.2921861,-0.9252434
1.2922012,-0.8790121
1.2922162,-0.8790121
1.2922312,-0.8790121
1.2922462,-0.8790121
1.2922612,-0.8790121
1.2922763,-0.83278084
1.2922913,-0.83278084
1.2923063,-0.83278084
1.2923213,-0.83278084
1.2923363,-0.78654957
1.2923514,-0.78654957
1.2923664,-0.78654957
1.2923814,-0.78654957
1.2923964,-0.78654957
1.2924114,-0.7403178
1.2924265,-0.7403178
1.2924415,-0.7403178
1.2924565,-0.7403178
1.2924715,-0.7403178
1.2924865,-0.694087
1.2925016,-0.694087
1.2925166,-0.694087
1.2925316,-0.694087
1.2925466,-0.694087
1.2925617,-0.6478553
1.2925767,-0.6478553
1.2925917,-0.6478553
1.2926067,-0.6478553
1.2926217,-0.601624
1.2926368,-0.601624
1.2926518,-0.601624
1.2926668,-0.601624
1.2926818,-0.601624
1.2926968,-0.55539227
1.2927119,-0.55539227
1.2927269,-0.55539227
1.2927419,-0.55539227
1.2927569,-0.55539227
1.2927719,-0.5091615
1.292787,-0.5091615
1.292802,-0.5091615
1.292817,-0.5091615
1.292832,-0.46292973
1.292847,-0.46292973
1.292862,-0.46292973
1.2928771,-0.46292973
1.2928921,-0.46292973
1.2929071,-0.41669846
1.2929221,-0.41669846
1.2929372,-0.41669846
1.2929522,-0.41669846
1.2929672,-0.41669846
1.2929822,-0.3704667
1.2929972,-0.3704667
1.2930123,-0.3704667
1.2930273,-0.3704667
1.2930423,-0.32423592
1.2930573,-0.32423592
1.2930723,-0.32423592
1.2930874,-0.32423592
1.2931024,-0.32423592
1.2931174,-0.27800417
1.2931324,-0.27800417
1.2931474,-0.27800417
1.2931625,-0.27800417
1.2931775,-0.2317729
1.2931925,-0.2317729
1.2932075,-0.2317729
1.2932225,-0.2317729
1.2932376,-0.2317729
1.2932526,-0.18554163
1.2932676,-0.18554163
1.2932826,-0.18554163
1.2932976,-0.18554163
1.2933127,-0.18554163
1.2933277,-0.13931036
1.2933427,-0.13931036
1.2933577,-0.13931036
1.2933728,-0.13931036
1.2933878,-0.13931036
1.2934028,-0.09307861
1.2934178,-0.09307861
1.2934328,-0.09307861
1.2934479,-0.09307861
1.2934629,-0.046847343
1.2934779,-0.046847343
1.2934929,-0.046847343
1.2935079,-0.046847343
1.293523,-0.046847343
1.293538,-6.160736E-4
1.293553,-6.160736E-4
1.293568,-6.160736E-4
1.293583,-6.160736E-4
1.293598,0.045615196
1.2936131,0.045615196
1.2936281,0.045615196
1.2936431,0.045615196
1.2936581,0.045615196
1.2936732,0.091846466
1.2936882,0.091846466
1.2937032,0.091846466
1.2937182,0.091846466
1.2937332,0.13807821
1.2937483,0.13807821
1.2937633,0.13807821
1.2937783,0.13807821
1.2937933,0.13807821
1.2938083,0.184309
1.2938234,0.184309
1.2938384,0.184309
1.2938534,0.184309
1.2938684,0.184309
1.2938834,0.23054075
1.2938985,0.23054075
1.2939135,0.23054075
1.2939285,0.23054075
1.2939435,0.27677202
1.2939585,0.27677202
1.2939736,0.27677202
1.2939886,0.27677202
1.2940036,0.27677202
1.2940186,0.3230033
1.2940336,0.3230033
1.2940487,0.3230033
1.2940637,0.3230033
1.2940787,0.3230033
1.2940937,0.36923456
1.2941087,0.36923456
1.2941238,0.36923456
1.2941388,0.36923456
1.2941538,0.36923456
1.2941688,0.4154663
1.2941839,0.4154663
1.2941989,0.4154663
1.2942139,0.4154663
1.2942289,0.46169758
1.2942439,0.46169758
1.294259,0.46169758
1.294274,0.46169758
1.294289,0.46169758
1.294304,0.50792885
1.294319,0.50792885
1.294334,0.50792885
1.2943492,0.50792885
1.2943642,0.50792885
1.2943792,0.5541601
1.2943943,0.5541601
1.2944093,0.5541601
1.2944243,0.5541601
1.2944393,0.5541601
1.2944543,0.60039186
1.2944694,0.60039186
1.2944844,0.60039186
1.2944994,0.60039186
1.2945144,0.60039186
1.2945294,0.64662313
1.2945445,0.64662313
1.2945595,0.64662313
1.2945745,0.64662313
1.2945895,0.6928544
1.2946045,0.6928544
1.2946196,0.6928544
1.2946346,0.6928544
1.2946496,0.6928544
1.2946646,0.7390857
1.2946796,0.7390857
1.2946947,0.7390857
1.2947097,0.7390857
1.2947247,0.7390857
1.2947397,0.7853174
1.2947547,0.7853174
1.2947698,0.7853174
1.2947848,0.7853174
1.2947998,0.7853174
1.2948148,0.8315482
1.2948298,0.8315482
1.2948449,0.8315482
1.2948599,0.8315482
1.2948749,0.8315482
1.2948899,0.87777996
1.294905,0.87777996
1.29492,0.87777996
1.294935,0.87777996
1.29495,0.92401123
1.294965,0.92401123
1.29498,0.92401123
1.2949951,0.92401123
1.2950101,0.92401123
1.2950251,0.970243
1.2950401,0.970243
1.2950552,0.970243
1.2950702,0.970243
1.2950852,0.970243
1.2951002,1.0164738
1.2951152,1.0164738
1.2951303,1.0164738
1.2951453,1.0164738
1.2951603,1.0164738
1.2951753,1.0627055
1.2951903,1.0627055
1.2952054,1.0627055
1.2952204,1.0627055
1.2952354,1.0627055
1.2952504,1.1089368
1.2952654,1.1089368
1.2952805,1.1089368
1.2952955,1.1089368
1.2953105,1.1089368
1.2953255,1.1551685
1.2953405,1.1551685
1.2953556,1.1551685
1.2953706,1.1551685
1.2953856,1.1551685
1.2954006,1.2013993
1.2954156,1.2013993
1.2954307,1.2013993
1.2954457,1.2013993
1.2954607,1.2013993
1.2954757,1.2476311
1.2954907,1.2476311
1.2955058,1.2476311
1.2955208,1.2476311
1.2955358,1.2476311
1.2955508,1.2938623
1.2955658,1.2938623
1.2955809,1.2938623
1.2955959,1.2938623
1.2956109,1.2938623
1.2956259,1.3400936
1.295641,1.3400936
1.295656,1.3400936
1.295671,1.3400936
1.295686,1.3400936
1.295701,1.3863249
1.295716,1.3863249
1.2957311,1.3863249
1.2957461,1.3863249
1.2957611,1.3863249
1.2957761,1.4325566
1.2957911,1.4325566
1.2958062,1.4325566
1.2958212,1.4325566
1.2958362,1.4325566
1.2958512,1.4787879
1.2958663,1.4787879
1.2958813,1.4787879
1.2958963,1.4787879
1.2959113,1.4787879
1.2959263,1.4787879
1.2959414,1.4787879
1.2959564,1.5250192
1.2959714,1.5250192
1.2959864,1.5250192
1.2960014,1.5250192
1.2960165,1.5250192
1.2960315,1.5712504
1.2960465,1.5712504
1.2960615,1.5712504
1.2960765,1.5712504
1.2960916,1.5712504
1.2961066,1.5712504
1.2961216,1.6174817
1.2961366,1.6174817
1.2961516,1.6174817
1.2961667,1.6174817
1.2961817,1.6174817
1.2961967,1.6637135
1.2962117,1.6637135
1.2962267,1.6637135
1.2962418,1.6637135
1.2962568,1.6637135
1.2962718,1.7099442
1.2962868,1.7099442
1.2963018,1.7099442
1.2963169,1.7099442
1.2963319,1.7099442
1.2963469,1.756176
1.2963619,1.756176
1.296377,1.756176
1.296392,1.756176
1.296407,1.756176
1.296422,1.756176
1.296437,1.756176
1.296452,1.7099442
1.2964671,1.7099442
1.2964821,1.7099442
1.2964971,1.7099442
1.2965121,1.6637135
1.2965271,1.6637135
1.2965422,1.6637135
1.2965572,1.6637135
1.2965722,1.6174817
1.2965872,1.6174817
1.2966022,1.6174817
1.2966173,1.6174817
1.2966323,1.6174817
1.2966473,1.5712504
1.2966623,1.5712504
1.2966774,1.5712504
1.2966924,1.5712504
1.2967074,1.5250192
1.2967224,1.5250192
1.2967374,1.5250192
1.2967525,1.5250192
1.2967675,1.5250192
1.2967825,1.4787879
1.2967975,1.4787879
1.2968125,1.4787879
1.2968276,1.4787879
1.2968426,1.4787879
1.2968576,1.4787879
1.2968726,1.4325566
1.2968876,1.4325566
1.2969027,1.4325566
1.2969177,1.4325566
1.2969327,1.3863249
1.2969477,1.3863249
1.2969627,1.3863249
1.2969778,1.3863249
1.2969928,1.3863249
1.2970078,1.3400936
1.2970228,1.3400936
1.2970378,1.3400936
1.2970529,1.3400936
1.2970679,1.2938623
1.2970829,1.2938623
1.2970979,1.2938623
1.297113,1.2938623
1.297128,1.2938623
1.297143,1.2476311
1.297158,1.2476311
1.297173,1.2476311
1.297188,1.2476311
1.2972031,1.2013993
1.2972181,1.2013993
1.2972331,1.2013993
1.2972481,1.2013993
1.2972631,1.2013993
1.2972782,1.1551685
1.2972932,1.1551685
1.2973082,1.1551685
1.2973232,1.1551685
1.2973382,1.1089368
1.2973533,1.1089368
1.2973683,1.1089368
1.2973833,1.1089368
1.2973983,1.0627055
1.2974133,1.0627055
1.2974284,1.0627055
1.2974434,1.0627055
1.2974584,1.0627055
1.2974734,1.0164738
1.2974885,1.0164738
1.2975035,1.0164738
1.2975185,1.0164738
1.2975335,0.970243
1.2975485,0.970243
1.2975636,0.970243
1.2975786,0.970243
1.2975936,0.970243
1.2976086,0.92401123
1.2976236,0.92401123
1.2976387,0.92401123
1.2976537,0.92401123
1.2976687,0.87777996
1.2976837,0.87777996
1.2976987,0.87777996
1.2977138,0.87777996
1.2977288,0.8315482
1.2977438,0.8315482
1.2977588,0.8315482
1.2977738,0.8315482
1.2977889,0.8315482
1.2978039,0.7853174
1.2978189,0.7853174
1.2978339,0.7853174
1.2978489,0.7853174
1.297864,0.7390857
1.2978791,0.7390857
1.2978941,0.7390857
1.2979091,0.7390857
1.2979242,0.7390857
1.2979392,0.6928544
1.2979542,0.6928544
1.2979692,0.6928544
1.2979842,0.6928544
1.2979993,0.64662313
1.2980143,0.64662313
1.2980293,0.64662313
1.2980443,0.64662313
1.2980593,0.64662313
1.2980744,0.60039186
1.2980894,0.60039186
1.2981044,0.60039186
1.2981194,0.60039186
1.2981344,0.5541601
1.2981495,0.5541601
1.2981645,0.5541601
1.2981795,0.5541601
1.2981945,0.50792885
1.2982095,0.50792885
1.2982246,0.50792885
1.2982396,0.50792885
1.2982546,0.50792885
1.2982696,0.46169758
1.2982846,0.46169758
1.2982997,0.46169758
1.2983147,0.46169758
1.2983297,0.4154663
1.2983447,0.4154663
1.2983598,0.4154663
1.2983748,0.4154663
1.2983898,0.4154663
1.2984048,0.36923456
1.2984198,0.36923456
1.2984349,0.36923456
1.2984499,0.36923456
1.2984649,0.3230033
1.2984799,0.3230033
1.2984949,0.3230033
1.29851,0.3230033
1.298525,0.3230033
1.29854,0.27677202
1.298555,0.27677202
1.29857,0.27677202
1.298585,0.27677202
1.2986001,0.23054075
1.2986151,0.23054075
1.2986301,0.23054075
1.2986451,0.23054075
1.2986602,0.184309
1.2986752,0.184309
1.2986902,0.184309
1.2987052,0.184309
1.2987202,0.184309
1.2987353,0.13807821
1.2987503,0.13807821
1.2987653,0.13807821
1.2987803,0.13807821
1.2987953,0.091846466
1.2988104,0.091846466
1.2988254,0.091846466
1.2988404,0.091846466
1.2988554,0.091846466
1.2988704,0.045615196
1.2988855,0.045615196
1.2989005,0.045615196
1.2989155,0.045615196
1.2989305,-6.160736E-4
1.2989455,-6.160736E-4
1.2989606,-6.160736E-4
1.2989756,-6.160736E-4
1.2989906,-0.046847343
1.2990056,-0.046847343
1.2990206,-0.046847343
1.2990357,-0.046847343
1.2990507,-0.046847343
1.2990657,-0.09307861
1.2990807,-0.09307861
1.2990957,-0.09307861
1.2991108,-0.09307861
1.2991258,-0.13931036
1.2991408,-0.13931036
1.2991558,-0.13931036
1.2991709,-0.13931036
1.2991859,-0.13931036
1.2992009,-0.18554163
1.2992159,-0.18554163
1.2992309,-0.18554163
1.299246,-0.18554163
1.299261,-0.2317729
1.299276,-0.2317729
1.299291,-0.2317729
1.299306,-0.2317729
1.299321,-0.2317729
1.2993361,-0.27800417
1.2993511,-0.27800417
1.2993661,-0.27800417
1.2993811,-0.27800417
1.2993962,-0.32423592
1.2994112,-0.32423592
1.2994262,-0.32423592
1.2994412,-0.32423592
1.2994562,-0.32423592
1.2994713,-0.3704667
1.2994863,-0.3704667
1.2995013,-0.3704667
1.2995163,-0.3704667
1.2995313,-0.41669846
1.2995464,-0.41669846
1.2995614,-0.41669846
1.2995764,-0.41669846
1.2995914,-0.41669846
1.2996064,-0.46292973
1.2996215,-0.46292973
1.2996365,-0.46292973
1.2996515,-0.46292973
1.2996665,-0.5091615
1.2996815,-0.5091615
1.2996966,-0.5091615
1.2997116,-0.5091615
1.2997266,-0.5091615
1.2997416,-0.55539227
1.2997566,-0.55539227
1.2997717,-0.55539227
1.2997867,-0.55539227
1.2998017,-0.55539227
1.2998167,-0.601624
1.2998317,-0.601624
1.2998468,-0.601624
1.2998618,-0.601624
1.2998768,-0.6478553
1.2998918,-0.6478553
1.2999068,-0.6478553
1.2999219,-0.6478553
1.2999369,-0.6478553
1.2999519,-0.694087
1.2999669,-0.694087
1.299982,-0.694087
1.299997,-0.694087
1.300012,-0.7403178
1.300027,-0.7403178
1.300042,-0.7403178
1.300057,-0.7403178
1.3000721,-0.7403178
1.3000871,-0.78654957
1.3001021,-0.78654957
1.3001171,-0.78654957
1.3001322,-0.78654957
1.3001472,-0.78654957
1.3001622,-0.83278084
1.3001772,-0.83278084
1.3001922,-0.83278084
1.3002073,-0.83278084
1.3002223,-0.83278084
1.3002373,-0.8790121
1.3002523,-0.8790121
1.3002673,-0.8790121
1.3002824,-0.8790121
1.3002974,-0.9252434
1.3003124,-0.9252434
1.3003274,-0.9252434
1.3003424,-0.9252434
1.3003575,-0.9252434
1.3003725,-0.9714751
1.3003875,-0.9714751
1.3004025,-0.9714751
1.3004175,-0.9714751
1.3004326,-0.9714751
1.3004476,-1.0177064
1.3004626,-1.0177064
1.3004776,-1.0177064
1.3004926,-1.0177064
1.3005077,-1.0177064
1.3005227,-1.0639377
1.3005377,-1.0639377
1.3005527,-1.0639377
1.3005677,-1.0639377
1.3005828,-1.1101689
1.3005978,-1.1101689
1.3006128,-1.1101689
1.3006278,-1.1101689
1.3006428,-1.1101689
1.3006579,-1.1564007
1.3006729,-1.1564007
1.3006879,-1.1564007
1.3007029,-1.1564007
1.300718,-1.1564007
1.300733,-1.202632
1.300748,-1.202632
1.300763,-1.202632
1.300778,-1.202632
1.300793,-1.202632
1.3008081,-1.2488632
1.3008231,-1.2488632
1.3008381,-1.2488632
1.3008531,-1.2488632
1.3008682,-1.2950945
1.3008832,-1.2950945
1.3008982,-1.2950945
1.3009132,-1.2950945
1.3009282,-1.2950945
1.3009433,-1.3413262
1.3009583,-1.3413262
1.3009733,-1.3413262
1.3009883,-1.3413262
1.3010033,-1.3413262
1.3010184,-1.387557
1.3010334,-1.387557
1.3010484,-1.387557
1.3010634,-1.387557
1.3010784,-1.387557
1.3010935,-1.4337888
1.3011085,-1.4337888
1.3011235,-1.4337888
1.3011385,-1.4337888
1.3011535,-1.4337888
1.3011686,-1.48002
1.3011836,-1.48002
1.3011986,-1.48002
1.3012136,-1.48002
1.3012286,-1.48002
1.3012437,-1.48002
1.3012587,-1.48002
1.3012737,-1.48002
1.3012887,-1.5262513
1.3013037,-1.5262513
1.3013188,-1.5262513
1.3013338,-1.5262513
1.3013488,-1.5262513
1.3013638,-1.5724826
1.3013788,-1.5724826
1.301394,-1.5724826
1.301409,-1.5724826
1.301424,-1.6187139
1.301439,-1.6187139
1.3014541,-1.6187139
1.3014691,-1.6187139
1.3014841,-1.6187139
1.3014991,-1.6187139
1.3015141,-1.6187139
1.3015292,-1.6187139
1.3015442,-1.6187139
1.3015592,-1.5724826
1.3015742,-1.5724826
1.3015893,-1.5724826
1.3016043,-1.5724826
1.3016193,-1.5262513
1.3016343,-1.5262513
1.3016493,-1.5262513
1.3016644,-1.5262513
1.3016794,-1.5262513
1.3016944,-1.48002
1.3017094,-1.48002
1.3017244,-1.48002
1.3017395,-1.48002
1.3017545,-1.48002
1.3017695,-1.48002
1.3017845,-1.48002
1.3017995,-1.4337888
1.3018146,-1.4337888
1.3018296,-1.4337888
1.3018446,-1.4337888
1.3018596,-1.4337888
1.3018746,-1.387557
1.3018897,-1.387557
1.3019047,-1.387557
1.3019197,-1.387557
1.3019347,-1.3413262
1.3019497,-1.3413262
1.3019648,-1.3413262
1.3019798,-1.3413262
1.3019948,-1.3413262
1.3020098,-1.2950945
1.3020248,-1.2950945
1.3020399,-1.2950945
1.3020549,-1.2950945
1.3020699,-1.2950945
1.3020849,-1.2488632
1.3021,-1.2488632
1.302115,-1.2488632
1.30213,-1.2488632
1.302145,-1.202632
1.30216,-1.202632
1.302175,-1.202632
1.3021901,-1.202632
1.3022051,-1.202632
1.3022201,-1.1564007
1.3022351,-1.1564007
1.3022501,-1.1564007
1.3022652,-1.1564007
1.3022802,-1.1564007
1.3022952,-1.1101689
1.3023102,-1.1101689
1.3023252,-1.1101689
1.3023403,-1.1101689
1.3023553,-1.0639377
1.3023703,-1.0639377
1.3023853,-1.0639377
1.3024004,-1.0639377
1.3024154,-1.0639377
1.3024304,-1.0177064
1.3024454,-1.0177064
1.3024604,-1.0177064
1.3024755,-1.0177064
1.3024905,-1.0177064
1.3025055,-0.9714751
1.3025205,-0.9714751
1.3025355,-0.9714751
1.3025506,-0.9714751
1.3025656,-0.9252434
1.3025806,-0.9252434
1.3025956,-0.9252434
1.3026106,-0.9252434
1.3026257,-0.9252434
1.3026407,-0.8790121
1.3026557,-0.8790121
1.3026707,-0.8790121
1.3026857,-0.8790121
1.3027008,-0.83278084
1.3027158,-0.83278084
1.3027308,-0.83278084
1.3027458,-0.83278084
1.3027608,-0.83278084
1.3027759,-0.78654957
1.3027909,-0.78654957
1.3028059,-0.78654957
1.3028209,-0.78654957
1.302836,-0.78654957
1.302851,-0.7403178
1.302866,-0.7403178
1.302881,-0.7403178
1.302896,-0.7403178
1.302911,-0.694087
1.3029261,-0.694087
1.3029411,-0.694087
1.3029561,-0.694087
1.3029711,-0.694087
1.3029861,-0.6478553
1.3030012,-0.6478553
1.3030162,-0.6478553
1.3030312,-0.6478553
1.3030462,-0.6478553
1.3030612,-0.601624
1.3030763,-0.601624
1.3030913,-0.601624
1.3031063,-0.601624
1.3031213,-0.601624
1.3031363,-0.55539227
1.3031514,-0.55539227
1.3031664,-0.55539227
1.3031814,-0.55539227
1.3031964,-0.5091615
1.3032115,-0.5091615
1.3032265,-0.5091615
1.3032415,-0.5091615
1.3032565,-0.5091615
1.3032715,-0.46292973
1.3032866,-0.46292973
1.3033016,-0.46292973
1.3033166,-0.46292973
1.3033316,-0.46292973
1.3033466,-0.41669846
1.3033617,-0.41669846
1.3033767,-0.41669846
1.3033917,-0.41669846
1.3034067,-0.3704667
1.3034217,-0.3704667
1.3034368,-0.3704667
1.3034518,-0.3704667
1.3034668,-0.3704667
1.3034818,-0.32423592
1.3034968,-0.32423592
1.3035119,-0.32423592
1.3035269,-0.32423592
1.3035419,-0.27800417
1.3035569,-0.27800417
1.3035719,-0.27800417
1.303587,-0.27800417
1.303602,-0.27800417
1.303617,-0.2317729
1.303632,-0.2317729
1.303647,-0.2317729
1.3036621,-0.2317729
1.3036771,-0.2317729
1.3036921,-0.18554163
1.3037071,-0.18554163
1.3037221,-0.18554163
1.3037372,-0.18554163
1.3037522,-0.13931036
1.3037672,-0.13931036
1.3037822,-0.13931036
1.3037972,-0.13931036
1.3038123,-0.13931036
1.3038273,-0.09307861
1.3038423,-0.09307861
1.3038573,-0.09307861
1.3038723,-0.09307861
1.3038874,-0.09307861
1.3039024,-0.046847343
1.3039174,-0.046847343
1.3039324,-0.046847343
1.3039474,-0.046847343
1.3039625,-6.160736E-4
1.3039775,-6.160736E-4
1.3039925,-6.160736E-4
1.3040075,-6.160736E-4
1.3040226,0.045615196
1.3040376,0.045615196
1.3040526,0.045615196
1.3040676,0.045615196
1.3040826,0.045615196
1.3040977,0.091846466
1.3041127,0.091846466
1.3041277,0.091846466
1.3041427,0.091846466
1.3041577,0.091846466
1.3041728,0.13807821
1.3041878,0.13807821
1.3042028,0.13807821
1.3042178,0.13807821
1.3042328,0.13807821
1.3042479,0.184309
1.3042629,0.184309
1.3042779,0.184309
1.3042929,0.184309
1.3043079,0.184309
1.304323,0.23054075
1.304338,0.23054075
1.304353,0.23054075
1.304368,0.23054075
1.304383,0.27677202
1.3043981,0.27677202
1.3044131,0.27677202
1.3044281,0.27677202
1.3044431,0.27677202
1.3044581,0.3230033
1.3044732,0.3230033
1.3044882,0.3230033
1.3045032,0.3230033
1.3045182,0.3230033
1.3045332,0.36923456
1.3045483,0.36923456
1.3045633,0.36923456
1.3045783,0.36923456
1.3045933,0.4154663
1.3046083,0.4154663
1.3046234,0.4154663
1.3046384,0.4154663
1.3046534,0.4154663
1.3046684,0.46169758
1.3046834,0.46169758
1.3046985,0.46169758
1.3047135,0.46169758
1.3047285,0.46169758
1.3047435,0.50792885
1.3047585,0.50792885
1.3047736,0.50792885
1.3047886,0.50792885
1.3048036,0.50792885
1.3048186,0.5541601
1.3048337,0.5541601
1.3048487,0.5541601
1.3048637,0.5541601
1.3048787,0.60039186
1.3048937,0.60039186
1.3049088,0.60039186
1.3049239,0.60039186
1.3049389,0.60039186
1.3049539,0.64662313
1.304969,0.64662313
1.304984,0.64662313
1.304999,0.64662313
1.305014,0.64662313
1.305029,0.6928544
1.305044,0.6928544
1.3050591,0.6928544
1.3050741,0.6928544
1.3050891,0.6928544
1.3051041,0.7390857
1.3051192,0.7390857
1.3051342,0.7390857
1.3051492,0.7390857
1.3051642,0.7390857
1.3051792,0.7853174
1.3051943,0.7853174
1.3052093,0.7853174
1.3052243,0.7853174
1.3052393,0.8315482
1.3052543,0.8315482
1.3052694,0.8315482
1.3052844,0.8315482
1.3052994,0.8315482
1.3053144,0.87777996
1.3053294,0.87777996
1.3053445,0.87777996
1.3053595,0.87777996
1.3053745,0.87777996
1.3053895,0.92401123
1.3054045,0.92401123
1.3054196,0.92401123
1.3054346,0.92401123
1.3054496,0.92401123
1.3054646,0.970243
1.3054796,0.970243
1.3054947,0.970243
1.3055097,0.970243
1.3055247,0.970243
1.3055397,1.0164738
1.3055547,1.0164738
1.3055698,1.0164738
1.3055848,1.0164738
1.3055998,1.0164738
1.3056148,1.0627055
1.3056298,1.0627055
1.3056449,1.0627055
1.3056599,1.0627055
1.3056749,1.1089368
1.3056899,1.1089368
1.305705,1.1089368
1.30572,1.1089368
1.305735,1.1089368
1.30575,1.1551685
1.305765,1.1551685
1.30578,1.1551685
1.3057951,1.1551685
1.3058101,1.1551685
1.3058251,1.2013993
1.3058401,1.2013993
1.3058552,1.2013993
1.3058702,1.2013993
1.3058852,1.2013993
1.3059002,1.2476311
1.3059152,1.2476311
1.3059303,1.2476311
1.3059453,1.2476311
1.3059603,1.2476311
1.3059753,1.2938623
1.3059903,1.2938623
1.3060054,1.2938623
1.3060204,1.2938623
1.3060354,1.2938623
1.3060504,1.3400936
1.3060654,1.3400936
1.3060805,1.3400936
1.3060955,1.3400936
1.3061105,1.3400936
1.3061255,1.3863249
1.3061405,1.3863249
1.3061556,1.3863249
1.3061706,1.3863249
1.3061856,1.3863249
1.3062006,1.4325566
1.3062156,1.4325566
1.3062307,1.4325566
1.3062457,1.4325566
1.3062607,1.4325566
1.3062757,1.4787879
1.3062907,1.4787879
1.3063058,1.4787879
1.3063208,1.4787879
1.3063358,1.4787879
1.3063508,1.4787879
1.3063658,1.4787879
1.3063809,1.4787879
1.3063959,1.5250192
1.3064109,1.5250192
1.3064259,1.5250192
1.306441,1.5250192
1.306456,1.5250192
1.306471,1.5712504
1.306486,1.5712504
1.306501,1.5712504
1.306516,1.5712504
1.3065311,1.5712504
1.3065461,1.6174817
1.3065611,1.6174817
1.3065761,1.6174817
1.3065912,1.6174817
1.3066062,1.6174817
1.3066212,1.6637135
1.3066362,1.6637135
1.3066512,1.6637135
1.3066663,1.6637135
1.3066813,1.6637135
1.3066963,1.7099442
1.3067113,1.7099442
1.3067263,1.7099442
1.3067414,1.7099442
1.3067564,1.7099442
1.3067714,1.756176
1.3067864,1.756176
1.3068014,1.756176
1.3068165,1.756176
1.3068315,1.756176
1.3068465,1.756176
1.3068615,1.756176
1.3068765,1.7099442
1.3068916,1.7099442
1.3069066,1.7099442
1.3069216,1.7099442
1.3069366,1.7099442
1.3069516,1.6637135
1.3069667,1.6637135
1.3069817,1.6637135
1.3069967,1.6637135
1.3070117,1.6174817
1.3070267,1.6174817
1.3070418,1.6174817
1.3070568,1.6174817
1.3070718,1.5712504
1.3070868,1.5712504
1.3071018,1.5712504
1.3071169,1.5712504
1.3071319,1.5712504
1.3071469,1.5250192
1.3071619,1.5250192
1.307177,1.5250192
1.307192,1.5250192
1.307207,1.4787879
1.307222,1.4787879
1.307237,1.4787879
1.307252,1.4787879
1.3072671,1.4787879
1.3072821,1.4787879
1.3072971,1.4787879
1.3073121,1.4325566
1.3073272,1.4325566
1.3073422,1.4325566
1.3073572,1.4325566
1.3073722,1.3863249
1.3073872,1.3863249
1.3074023,1.3863249
1.3074173,1.3863249
1.3074323,1.3863249
1.3074473,1.3400936
1.3074623,1.3400936
1.3074774,1.3400936
1.3074924,1.3400936
1.3075074,1.2938623
1.3075224,1.2938623
1.3075374,1.2938623
1.3075525,1.2938623
1.3075675,1.2476311
1.3075825,1.2476311
1.3075975,1.2476311
1.3076125,1.2476311
1.3076276,1.2476311
1.3076426,1.2013993
1.3076576,1.2013993
1.3076726,1.2013993
1.3076876,1.2013993
1.3077027,1.1551685
1.3077177,1.1551685
1.3077327,1.1551685
1.3077477,1.1551685
1.3077627,1.1551685
1.3077778,1.1089368
1.3077928,1.1089368
1.3078078,1.1089368
1.3078228,1.1089368
1.3078378,1.0627055
1.3078529,1.0627055
1.3078679,1.0627055
1.3078829,1.0627055
1.3078979,1.0164738
1.307913,1.0164738
1.307928,1.0164738
1.307943,1.0164738
1.307958,1.0164738
1.307973,0.970243
1.307988,0.970243
1.3080031,0.970243
1.3080181,0.970243
1.3080331,0.92401123
1.3080481,0.92401123
1.3080631,0.92401123
1.3080782,0.92401123
1.3080932,0.87777996
1.3081082,0.87777996
1.3081232,0.87777996
1.3081383,0.87777996
1.3081533,0.87777996
1.3081683,0.8315482
1.3081833,0.8315482
1.3081983,0.8315482
1.3082134,0.8315482
1.3082284,0.7853174
1.3082434,0.7853174
1.3082584,0.7853174
1.3082734,0.7853174
1.3082885,0.7853174
1.3083035,0.7390857
1.3083185,0.7390857
1.3083335,0.7390857
1.3083485,0.7390857
1.3083636,0.6928544
1.3083786,0.6928544
1.3083936,0.6928544
1.3084086,0.6928544
1.3084236,0.6928544
1.3084388,0.64662313
1.3084538,0.64662313
1.3084688,0.64662313
1.3084838,0.64662313
1.3084989,0.60039186
1.3085139,0.60039186
1.3085289,0.60039186
1.3085439,0.60039186
1.308559,0.5541601
1.308574,0.5541601
1.308589,0.5541601
1.308604,0.5541601
1.308619,0.5541601
1.308634,0.50792885
1.3086491,0.50792885
1.3086641,0.50792885
1.3086791,0.50792885
1.3086941,0.46169758
1.3087091,0.46169758
1.3087242,0.46169758
1.3087392,0.46169758
1.3087542,0.46169758
1.3087692,0.4154663
1.3087842,0.4154663
1.3087993,0.4154663
1.3088143,0.4154663
1.3088293,0.36923456
1.3088443,0.36923456
1.3088593,0.36923456
1.3088744,0.36923456
1.3088894,0.3230033
1.3089044,0.3230033
1.3089194,0.3230033
1.3089345,0.3230033
1.3089495,0.3230033
1.3089645,0.27677202
1.3089795,0.27677202
1.3089945,0.27677202
1.3090096,0.27677202
1.3090246,0.23054075
1.3090396,0.23054075
1.3090546,0.23054075
1.3090696,0.23054075
1.3090847,0.23054075
1.3090997,0.184309
1.3091147,0.184309
1.3091297,0.184309
1.3091447,0.184309
1.3091598,0.13807821
1.3091748,0.13807821
1.3091898,0.13807821
1.3092048,0.13807821
1.3092198,0.13807821
1.3092349,0.091846466
1.3092499,0.091846466
1.3092649,0.091846466
1.3092799,0.091846466
1.3092949,0.045615196
1.30931,0.045615196
1.309325,0.045615196
1.30934,0.045615196
1.309355,0.045615196
1.30937,-6.160736E-4
1.3093851,-6.160736E-4
1.3094001,-6.160736E-4
1.3094151,-6.160736E-4
1.3094301,-0.046847343
1.3094451,-0.046847343
1.3094602,-0.046847343
1.3094752,-0.046847343
1.3094902,-0.09307861
1.3095052,-0.09307861
1.3095202,-0.09307861
1.3095353,-0.09307861
1.3095503,-0.09307861
1.3095653,-0.13931036
1.3095803,-0.13931036
1.3095953,-0.13931036
1.3096104,-0.13931036
1.3096254,-0.18554163
1.3096404,-0.18554163
1.3096554,-0.18554163
1.3096704,-0.18554163
1.3096855,-0.18554163
1.3097005,-0.2317729
1.3097155,-0.2317729
1.3097305,-0.2317729
1.3097456,-0.2317729
1.3097606,-0.27800417
1.3097756,-0.27800417
1.3097906,-0.27800417
1.3098056,-0.27800417
1.3098207,-0.27800417
1.3098357,-0.32423592
1.3098507,-0.32423592
1.3098657,-0.32423592
1.3098807,-0.32423592
1.3098958,-0.3704667
1.3099108,-0.3704667
1.3099258,-0.3704667
1.3099408,-0.3704667
1.3099558,-0.3704667
1.3099709,-0.41669846
1.3099859,-0.41669846
1.3100009,-0.41669846
1.3100159,-0.41669846
1.3100309,-0.41669846
1.310046,-0.46292973
1.310061,-0.46292973
1.310076,-0.46292973
1.310091,-0.46292973
1.310106,-0.5091615
1.310121,-0.5091615
1.3101361,-0.5091615
1.3101511,-0.5091615
1.3101661,-0.5091615
1.3101811,-0.55539227
1.3101962,-0.55539227
1.3102112,-0.55539227
1.3102262,-0.55539227
1.3102412,-0.601624
1.3102562,-0.601624
1.3102713,-0.601624
1.3102863,-0.601624
1.3103013,-0.601624
1.3103163,-0.6478553
1.3103313,-0.6478553
1.3103464,-0.6478553
1.3103614,-0.6478553
1.3103764,-0.6478553
1.3103914,-0.694087
1.3104064,-0.694087
1.3104215,-0.694087
1.3104365,-0.694087
1.3104515,-0.7403178
1.3104665,-0.7403178
1.3104815,-0.7403178
1.3104966,-0.7403178
1.3105116,-0.7403178
1.3105266,-0.78654957
1.3105416,-0.78654957
1.3105567,-0.78654957
1.3105717,-0.78654957
1.3105867,-0.78654957
1.3106017,-0.83278084
1.3106167,-0.83278084
1.3106318,-0.83278084
1.3106468,-0.83278084
1.3106618,-0.8790121
1.3106768,-0.8790121
1.3106918,-0.8790121
1.3107069,-0.8790121
1.3107219,-0.8790121
1.3107369,-0.9252434
1.3107519,-0.9252434
1.3107669,-0.9252434
1.310782,-0.9252434
1.310797,-0.9252434
1.310812,-0.9714751
1.310827,-0.9714751
1.310842,-0.9714751
1.310857,-0.9714751
1.3108721,-1.0177064
1.3108871,-1.0177064
1.3109021,-1.0177064
1.3109171,-1.0177064
1.3109322,-1.0177064
1.3109472,-1.0639377
1.3109622,-1.0639377
1.3109772,-1.0639377
1.3109922,-1.0639377
1.3110073,-1.0639377
1.3110223,-1.1101689
1.3110373,-1.1101689
1.3110523,-1.1101689
1.3110673,-1.1101689
1.3110824,-1.1101689
1.3110974,-1.1564007
1.3111124,-1.1564007
1.3111274,-1.1564007
1.3111424,-1.1564007
1.3111575,-1.202632
1.3111725,-1.202632
1.3111875,-1.202632
1.3112025,-1.202632
1.3112175,-1.202632
1.3112326,-1.2488632
1.3112476,-1.2488632
1.3112626,-1.2488632
1.3112776,-1.2488632
1.3112926,-1.2488632
1.3113077,-1.2950945
1.3113227,-1.2950945
1.3113377,-1.2950945
1.3113527,-1.2950945
1.3113678,-1.2950945
1.3113828,-1.3413262
1.3113978,-1.3413262
1.3114128,-1.3413262
1.3114278,-1.3413262
1.3114429,-1.3413262
1.3114579,-1.387557
1.3114729,-1.387557
1.3114879,-1.387557
1.3115029,-1.387557
1.311518,-1.4337888
1.311533,-1.4337888
1.311548,-1.4337888
1.311563,-1.4337888
1.311578,-1.4337888
1.311593,-1.48002
1.3116081,-1.48002
1.3116231,-1.48002
1.3116381,-1.48002
1.3116531,-1.48002
1.3116682,-1.48002
1.3116832,-1.48002
1.3116982,-1.48002
1.3117132,-1.5262513
1.3117282,-1.5262513
1.3117433,-1.5262513
1.3117583,-1.5262513
1.3117733,-1.5262513
1.3117883,-1.5724826
1.3118033,-1.5724826
1.3118184,-1.5724826
1.3118334,-1.5724826
1.3118484,-1.5724826
1.3118634,-1.6187139
1.3118784,-1.6187139
1.3118935,-1.6187139
1.3119085,-1.6187139
1.3119235,-1.6187139
1.3119385,-1.6187139
1.3119535,-1.6187139
1.3119687,-1.6187139
1.3119837,-1.5724826
1.3119987,-1.5724826
1.3120137,-1.5724826
1.3120288,-1.5724826
1.3120438,-1.5724826
1.3120588,-1.5262513
1.3120738,-1.5262513
1.3120888,-1.5262513
1.3121039,-1.5262513
1.3121189,-1.5262513
1.3121339,-1.48002
1.3121489,-1.48002
1.312164,-1.48002
1.312179,-1.48002
1.312194,-1.48002
1.312209,-1.48002
1.312224,-1.48002
1.312239,-1.4337888
1.3122541,-1.4337888
1.3122691,-1.4337888
1.3122841,-1.4337888
1.3122991,-1.387557
1.3123142,-1.387557
1.3123292,-1.387557
1.3123442,-1.387557
1.3123592,-1.387557
1.3123742,-1.3413262
1.3123893,-1.3413262
1.3124043,-1.3413262
1.3124193,-1.3413262
1.3124343,-1.3413262
1.3124493,-1.2950945
1.3124644,-1.2950945
1.3124794,-1.2950945
1.3124944,-1.2950945
1.3125094,-1.2488632
1.3125244,-1.2488632
1.3125395,-1.2488632
1.3125545,-1.2488632
1.3125695,-1.2488632
1.3125845,-1.202632
1.3125995,-1.202632
1.3126146,-1.202632
1.3126296,-1.202632
1.3126446,-1.1564007
1.3126596,-1.1564007
1.3126746,-1.1564007
1.3126897,-1.1564007
1.3127047,-1.1564007
1.3127197,-1.1101689
1.3127347,-1.1101689
1.3127497,-1.1101689
1.3127648,-1.1101689
1.3127798,-1.1101689
1.3127948,-1.0639377
1.3128098,-1.0639377
1.3128248,-1.0639377
1.3128399,-1.0639377
1.3128549,-1.0177064
1.3128699,-1.0177064
1.3128849,-1.0177064
1.3129,-1.0177064
1.312915,-1.0177064
1.31293,-0.9714751
1.312945,-0.9714751
1.31296,-0.9714751
1.312975,-0.9714751
1.3129901,-0.9714751
1.3130051,-0.9252434
1.3130201,-0.9252434
1.3130351,-0.9252434
1.3130502,-0.9252434
1.3130652,-0.8790121
1.3130802,-0.8790121
1.3130952,-0.8790121
1.3131102,-0.8790121
1.3131253,-0.8790121
1.3131403,-0.83278084
1.3131553,-0.83278084
1.3131703,-0.83278084
1.3131853,-0.83278084
1.3132004,-0.83278084
1.3132154,-0.78654957
1.3132304,-0.78654957
1.3132454,-0.78654957
1.3132604,-0.78654957
1.3132755,-0.7403178
1.3132905,-0.7403178
1.3133055,-0.7403178
1.3133205,-0.7403178
1.3133355,-0.7403178
1.3133506,-0.694087
1.3133656,-0.694087
1.3133806,-0.694087
1.3133956,-0.694087
1.3134106,-0.694087
1.3134257,-0.6478553
1.3134407,-0.6478553
1.3134557,-0.6478553
1.3134707,-0.6478553
1.3134857,-0.601624
1.3135008,-0.601624
1.3135158,-0.601624
1.3135308,-0.601624
1.3135458,-0.601624
1.3135608,-0.55539227
1.3135759,-0.55539227
1.3135909,-0.55539227
1.3136059,-0.55539227
1.3136209,-0.55539227
1.313636,-0.5091615
1.313651,-0.5091615
1.313666,-0.5091615
1.313681,-0.5091615
1.313696,-0.46292973
1.313711,-0.46292973
1.3137261,-0.46292973
1.3137411,-0.46292973
1.3137561,-0.46292973
1.3137711,-0.41669846
1.3137861,-0.41669846
1.3138012,-0.41669846
1.3138162,-0.41669846
1.3138312,-0.41669846
1.3138462,-0.3704667
1.3138613,-0.3704667
1.3138763,-0.3704667
1.3138913,-0.3704667
1.3139063,-0.32423592
1.3139213,-0.32423592
1.3139364,-0.32423592
1.3139514,-0.32423592
1.3139664,-0.32423592
1.3139814,-0.27800417
1.3139964,-0.27800417
1.3140115,-0.27800417
1.3140265,-0.27800417
1.3140415,-0.27800417
1.3140565,-0.2317729
1.3140715,-0.2317729
1.3140866,-0.2317729
1.3141016,-0.2317729
1.3141166,-0.18554163
1.3141316,-0.18554163
1.3141466,-0.18554163
1.3141617,-0.18554163
1.3141767,-0.18554163
1.3141917,-0.13931036
1.3142067,-0.13931036
1.3142217,-0.13931036
1.3142368,-0.13931036
1.3142518,-0.13931036
1.3142668,-0.09307861
1.3142818,-0.09307861
1.3142968,-0.09307861
1.3143119,-0.09307861
1.3143269,-0.046847343
1.3143419,-0.046847343
1.3143569,-0.046847343
1.314372,-0.046847343
1.314387,-0.046847343
1.314402,-6.160736E-4
1.314417,-6.160736E-4
1.314432,-6.160736E-4
1.314447,-6.160736E-4
1.3144621,0.045615196
1.3144771,0.045615196
1.3144921,0.045615196
1.3145071,0.045615196
1.3145221,0.045615196
1.3145372,0.091846466
1.3145522,0.091846466
1.3145672,0.091846466
1.3145822,0.091846466
1.3145972,0.091846466
1.3146123,0.13807821
1.3146273,0.13807821
1.3146423,0.13807821
1.3146573,0.13807821
1.3146724,0.184309
1.3146874,0.184309
1.3147024,0.184309
1.3147174,0.184309
1.3147324,0.184309
1.3147475,0.23054075
1.3147625,0.23054075
1.3147775,0.23054075
1.3147925,0.23054075
1.3148075,0.23054075
1.3148226,0.27677202
1.3148376,0.27677202
1.3148526,0.27677202
1.3148676,0.27677202
1.3148826,0.27677202
1.3148977,0.3230033
1.3149127,0.3230033
1.3149277,0.3230033
1.3149427,0.3230033
1.3149577,0.36923456
1.3149728,0.36923456
1.3149878,0.36923456
1.3150028,0.36923456
1.3150178,0.36923456
1.3150328,0.4154663
1.3150479,0.4154663
1.3150629,0.4154663
1.3150779,0.4154663
1.3150929,0.46169758
1.315108,0.46169758
1.315123,0.46169758
1.315138,0.46169758
1.315153,0.46169758
1.315168,0.50792885
1.315183,0.50792885
1.3151981,0.50792885
1.3152131,0.50792885
1.3152281,0.50792885
1.3152431,0.5541601
1.3152581,0.5541601
1.3152732,0.5541601
1.3152882,0.5541601
1.3153032,0.5541601
1.3153182,0.60039186
1.3153332,0.60039186
1.3153483,0.60039186
1.3153633,0.60039186
1.3153783,0.60039186
1.3153933,0.64662313
1.3154083,0.64662313
1.3154234,0.64662313
1.3154384,0.64662313
1.3154534,0.6928544
1.3154684,0.6928544
1.3154836,0.6928544
1.3154986,0.6928544
1.3155136,0.6928544
1.3155286,0.7390857
1.3155437,0.7390857
1.3155587,0.7390857
1.3155737,0.7390857
1.3155887,0.7390857
1.3156037,0.7853174
1.3156188,0.7853174
1.3156338,0.7853174
1.3156488,0.7853174
1.3156638,0.7853174
1.3156788,0.8315482
1.3156939,0.8315482
1.3157089,0.8315482
1.3157239,0.8315482
1.3157389,0.8315482
1.3157539,0.87777996
1.315769,0.87777996
1.315784,0.87777996
1.315799,0.87777996
1.315814,0.87777996
1.315829,0.92401123
1.315844,0.92401123
1.3158591,0.92401123
1.3158741,0.92401123
1.3158891,0.970243
1.3159041,0.970243
1.3159192,0.970243
1.3159342,0.970243
1.3159492,0.970243
1.3159642,1.0164738
1.3159792,1.0164738
1.3159943,1.0164738
1.3160093,1.0164738
1.3160243,1.0164738
1.3160393,1.0627055
1.3160543,1.0627055
1.3160694,1.0627055
1.3160844,1.0627055
1.3160994,1.0627055
1.3161144,1.1089368
1.3161294,1.1089368
1.3161445,1.1089368
1.3161595,1.1089368
1.3161745,1.1089368
1.3161895,1.1551685
1.3162045,1.1551685
1.3162196,1.1551685
1.3162346,1.1551685
1.3162496,1.1551685
1.3162646,1.2013993
1.3162796,1.2013993
1.3162947,1.2013993
1.3163097,1.2013993
1.3163247,1.2013993
1.3163397,1.2476311
1.3163548,1.2476311
1.3163698,1.2476311
1.3163848,1.2476311
1.3163998,1.2476311
1.3164148,1.2938623
1.3164299,1.2938623
1.3164449,1.2938623
1.3164599,1.2938623
1.3164749,1.2938623
1.3164899,1.3400936
1.316505,1.3400936
1.31652,1.3400936
1.316535,1.3400936
1.31655,1.3400936
1.316565,1.3863249
1.31658,1.3863249
1.3165951,1.3863249
1.3166101,1.3863249
1.3166251,1.3863249
1.3166401,1.4325566
1.3166552,1.4325566
1.3166702,1.4325566
1.3166852,1.4325566
1.3167002,1.4325566
1.3167152,1.4787879
1.3167303,1.4787879
1.3167453,1.4787879
1.3167603,1.4787879
1.3167753,1.4787879
1.3167903,1.4787879
1.3168054,1.4787879
1.3168204,1.5250192
1.3168354,1.5250192
1.3168504,1.5250192
1.3168654,1.5250192
1.3168805,1.5250192
1.3168955,1.5250192
1.3169105,1.5712504
1.3169255,1.5712504
1.3169405,1.5712504
1.3169556,1.5712504
1.3169706,1.5712504
1.3169856,1.6174817
1.3170006,1.6174817
1.3170156,1.6174817
1.3170307,1.6174817
1.3170457,1.6174817
1.3170607,1.6637135
1.3170757,1.6637135
1.3170907,1.6637135
1.3171058,1.6637135
1.3171208,1.6637135
1.3171358,1.7099442
1.3171508,1.7099442
1.3171659,1.7099442
1.3171809,1.7099442
1.3171959,1.7099442
1.3172109,1.756176
1.3172259,1.756176
1.317241,1.756176
1.317256,1.756176
1.317271,1.756176
1.317286,1.756176
1.317301,1.756176
1.317316,1.7099442
1.3173311,1.7099442
1.3173461,1.7099442
1.3173611,1.7099442
1.3173761,1.6637135
1.3173912,1.6637135
1.3174062,1.6637135
1.3174212,1.6637135
1.3174362,1.6174817
1.3174512,1.6174817
1.3174663,1.6174817
1.3174813,1.6174817
1.3174963,1.6174817
1.3175113,1.5712504
1.3175263,1.5712504
1.3175414,1.5712504
1.3175564,1.5712504
1.3175714,1.5250192
1.3175864,1.5250192
1.3176014,1.5250192
1.3176165,1.5250192
1.3176315,1.5250192
1.3176465,1.4787879
1.3176615,1.4787879
1.3176765,1.4787879
1.3176916,1.4787879
1.3177066,1.4787879
1.3177216,1.4787879
1.3177366,1.4325566
1.3177516,1.4325566
1.3177667,1.4325566
1.3177817,1.4325566
1.3177967,1.4325566
1.3178117,1.3863249
1.3178267,1.3863249
1.3178418,1.3863249
1.3178568,1.3863249
1.3178718,1.3400936
1.3178868,1.3400936
1.3179018,1.3400936
1.3179169,1.3400936
1.3179319,1.2938623
1.3179469,1.2938623
1.3179619,1.2938623
1.317977,1.2938623
1.317992,1.2938623
1.318007,1.2476311
1.318022,1.2476311
1.318037,1.2476311
1.318052,1.2476311
1.3180671,1.2013993
1.3180821,1.2013993
1.3180971,1.2013993
1.3181121,1.2013993
1.3181272,1.1551685
1.3181422,1.1551685
1.3181572,1.1551685
1.3181722,1.1551685
1.3181872,1.1551685
1.3182023,1.1089368
1.3182173,1.1089368
1.3182323,1.1089368
1.3182473,1.1089368
1.3182623,1.0627055
1.3182774,1.0627055
1.3182924,1.0627055
1.3183074,1.0627055
1.3183224,1.0627055
1.3183374,1.0164738
1.3183525,1.0164738
1.3183675,1.0164738
1.3183825,1.0164738
1.3183975,0.970243
1.3184125,0.970243
1.3184276,0.970243
1.3184426,0.970243
1.3184576,0.970243
1.3184726,0.92401123
1.3184876,0.92401123
1.3185027,0.92401123
1.3185177,0.92401123
1.3185327,0.87777996
1.3185477,0.87777996
1.3185627,0.87777996
1.3185778,0.87777996
1.3185928,0.8315482
1.3186078,0.8315482
1.3186228,0.8315482
1.3186378,0.8315482
1.3186529,0.8315482
1.3186679,0.7853174
1.3186829,0.7853174
1.3186979,0.7853174
1.318713,0.7853174
1.318728,0.7390857
1.318743,0.7390857
1.318758,0.7390857
1.318773,0.7390857
1.318788,0.7390857
1.3188031,0.6928544
1.3188181,0.6928544
1.3188331,0.6928544
1.3188481,0.6928544
1.3188632,0.64662313
1.3188782,0.64662313
1.3188932,0.64662313
1.3189082,0.64662313
1.3189232,0.64662313
1.3189383,0.60039186
1.3189533,0.60039186
1.3189683,0.60039186
1.3189833,0.60039186
1.3189983,0.5541601
1.3190135,0.5541601
1.3190285,0.5541601
1.3190435,0.5541601
1.3190585,0.50792885
1.3190736,0.50792885
1.3190886,0.50792885
1.3191036,0.50792885
1.3191186,0.50792885
1.3191336,0.46169758
1.3191487,0.46169758
1.3191637,0.46169758
1.3191787,0.46169758
1.3191937,0.4154663
1.3192087,0.4154663
1.3192238,0.4154663
1.3192388,0.4154663
1.3192538,0.4154663
1.3192688,0.36923456
1.3192838,0.36923456
1.3192989,0.36923456
1.3193139,0.36923456
1.3193289,0.3230033
1.3193439,0.3230033
1.319359,0.3230033
1.319374,0.3230033
1.319389,0.3230033
1.319404,0.27677202
1.319419,0.27677202
1.319434,0.27677202
1.3194491,0.27677202
1.3194641,0.23054075
1.3194791,0.23054075
1.3194941,0.23054075
1.3195091,0.23054075
1.3195242,0.23054075
1.3195392,0.184309
1.3195542,0.184309
1.3195692,0.184309
1.3195843,0.184309
1.3195993,0.13807821
1.3196143,0.13807821
1.3196293,0.13807821
1.3196443,0.13807821
1.3196594,0.091846466
1.3196744,0.091846466
1.3196894,0.091846466
1.3197044,0.091846466
1.3197194,0.091846466
1.3197345,0.045615196
1.3197495,0.045615196
1.3197645,0.045615196
1.3197795,0.045615196
1.3197945,-6.160736E-4
1.3198096,-6.160736E-4
1.3198246,-6.160736E-4
1.3198396,-6.160736E-4
1.3198546,-0.046847343
1.3198696,-0.046847343
1.3198847,-0.046847343
1.3198997,-0.046847343
1.3199147,-0.046847343
1.3199297,-0.09307861
1.3199447,-0.09307861
1.3199598,-0.09307861
1.3199748,-0.09307861
1.3199898,-0.13931036
1.3200048,-0.13931036
1.3200198,-0.13931036
1.3200349,-0.13931036
1.3200499,-0.13931036
1.3200649,-0.18554163
1.3200799,-0.18554163
1.320095,-0.18554163
1.32011,-0.18554163
1.320125,-0.2317729
1.32014,-0.2317729
1.320155,-0.2317729
1.32017,-0.2317729
1.3201851,-0.2317729
1.3202001,-0.27800417
1.3202151,-0.27800417
1.3202301,-0.27800417
1.3202451,-0.27800417
1.3202602,-0.32423592
1.3202752,-0.32423592
1.3202902,-0.32423592
1.3203052,-0.32423592
1.3203202,-0.32423592
1.3203353,-0.3704667
1.3203503,-0.3704667
1.3203653,-0.3704667
1.3203803,-0.3704667
1.3203954,-0.41669846
1.3204104,-0.41669846
1.3204254,-0.41669846
1.3204404,-0.41669846
1.3204554,-0.41669846
1.3204705,-0.46292973
1.3204855,-0.46292973
1.3205005,-0.46292973
1.3205155,-0.46292973
1.3205305,-0.46292973
1.3205456,-0.5091615
1.3205606,-0.5091615
1.3205756,-0.5091615
1.3205906,-0.5091615
1.3206056,-0.55539227
1.3206207,-0.55539227
1.3206357,-0.55539227
1.3206507,-0.55539227
1.3206657,-0.55539227
1.3206807,-0.601624
1.3206958,-0.601624
1.3207108,-0.601624
1.3207258,-0.601624
1.3207408,-0.6478553
1.3207558,-0.6478553
1.3207709,-0.6478553
1.3207859,-0.6478553
1.3208009,-0.6478553
1.3208159,-0.694087
1.320831,-0.694087
1.320846,-0.694087
1.320861,-0.694087
1.320876,-0.694087
1.320891,-0.7403178
1.320906,-0.7403178
1.3209211,-0.7403178
1.3209361,-0.7403178
1.3209511,-0.78654957
1.3209661,-0.78654957
1.3209811,-0.78654957
1.3209962,-0.78654957
1.3210112,-0.78654957
1.3210262,-0.83278084
1.3210412,-0.83278084
1.3210562,-0.83278084
1.3210713,-0.83278084
1.3210863,-0.83278084
1.3211013,-0.8790121
1.3211163,-0.8790121
1.3211313,-0.8790121
1.3211464,-0.8790121
1.3211614,-0.9252434
1.3211764,-0.9252434
1.3211914,-0.9252434
1.3212065,-0.9252434
1.3212215,-0.9252434
1.3212365,-0.9714751
1.3212515,-0.9714751
1.3212665,-0.9714751
1.3212816,-0.9714751
1.3212966,-0.9714751
1.3213116,-1.0177064
1.3213266,-1.0177064
1.3213416,-1.0177064
1.3213567,-1.0177064
1.3213717,-1.0177064
1.3213867,-1.0639377
1.3214017,-1.0639377
1.3214167,-1.0639377
1.3214318,-1.0639377
1.3214468,-1.1101689
1.3214618,-1.1101689
1.3214768,-1.1101689
1.3214918,-1.1101689
1.3215069,-1.1101689
1.3215219,-1.1564007
1.3215369,-1.1564007
1.3215519,-1.1564007
1.3215669,-1.1564007
1.321582,-1.1564007
1.321597,-1.202632
1.321612,-1.202632
1.321627,-1.202632
1.321642,-1.202632
1.3216571,-1.202632
1.3216721,-1.2488632
1.3216871,-1.2488632
1.3217021,-1.2488632
1.3217171,-1.2488632
1.3217322,-1.2950945
1.3217472,-1.2950945
1.3217622,-1.2950945
1.3217772,-1.2950945
1.3217922,-1.2950945
1.3218073,-1.3413262
1.3218223,-1.3413262
1.3218373,-1.3413262
1.3218523,-1.3413262
1.3218673,-1.3413262
1.3218824,-1.387557
1.3218974,-1.387557
1.3219124,-1.387557
1.3219274,-1.387557
1.3219424,-1.387557
1.3219575,-1.4337888
1.3219725,-1.4337888
1.3219875,-1.4337888
1.3220025,-1.4337888
1.3220176,-1.4337888
1.3220326,-1.48002
1.3220476,-1.48002
1.3220626,-1.48002
1.3220776,-1.48002
1.3220927,-1.48002
1.3221077,-1.48002
1.3221227,-1.48002
1.3221377,-1.48002
1.3221527,-1.5262513
1.3221678,-1.5262513
1.3221828,-1.5262513
1.3221978,-1.5262513
1.3222128,-1.5262513
1.3222278,-1.5724826
1.3222429,-1.5724826
1.3222579,-1.5724826
1.3222729,-1.5724826
1.3222879,-1.5724826
1.3223029,-1.6187139
1.322318,-1.6187139
1.322333,-1.6187139
1.322348,-1.6187139
1.322363,-1.6187139
1.322378,-1.6187139
1.3223931,-1.6187139
1.3224081,-1.6187139
1.3224231,-1.5724826
1.3224381,-1.5724826
1.3224531,-1.5724826
1.3224682,-1.5724826
1.3224832,-1.5724826
1.3224982,-1.5262513
1.3225132,-1.5262513
1.3225284,-1.5262513
1.3225434,-1.5262513
1.3225584,-1.48002
1.3225734,-1.48002
1.3225884,-1.48002
1.3226035,-1.48002
1.3226185,-1.48002
1.3226335,-1.48002
1.3226485,-1.48002
1.3226635,-1.4337888
1.3226786,-1.4337888
1.3226936,-1.4337888
1.3227086,-1.4337888
1.3227236,-1.4337888
1.3227386,-1.387557
1.3227537,-1.387557
1.3227687,-1.387557
1.3227837,-1.387557
1.3227987,-1.3413262
1.3228137,-1.3413262
1.3228288,-1.3413262
1.3228438,-1.3413262
1.3228588,-1.3413262
1.3228738,-1.2950945
1.3228889,-1.2950945
1.3229039,-1.2950945
1.3229189,-1.2950945
1.3229339,-1.2950945
1.3229489,-1.2488632
1.322964,-1.2488632
1.322979,-1.2488632
1.322994,-1.2488632
1.323009,-1.202632
1.323024,-1.202632
1.323039,-1.202632
1.3230541,-1.202632
1.3230691,-1.202632
1.3230841,-1.1564007
1.3230991,-1.1564007
1.3231142,-1.1564007
1.3231292,-1.1564007
1.3231442,-1.1564007
1.3231592,-1.1101689
1.3231742,-1.1101689
1.3231893,-1.1101689
1.3232043,-1.1101689
1.3232193,-1.0639377
1.3232343,-1.0639377
1.3232493,-1.0639377
1.3232644,-1.0639377
1.3232794,-1.0639377
1.3232944,-1.0177064
1.3233094,-1.0177064
1.3233244,-1.0177064
1.3233395,-1.0177064
1.3233545,-1.0177064
1.3233695,-0.9714751
1.3233845,-0.9714751
1.3233995,-0.9714751
1.3234146,-0.9714751
1.3234296,-0.9252434
1.3234446,-0.9252434
1.3234596,-0.9252434
1.3234746,-0.9252434
1.3234897,-0.9252434
1.3235047,-0.8790121
1.3235197,-0.8790121
1.3235347,-0.8790121
1.3235497,-0.8790121
1.3235648,-0.8790121
1.3235798,-0.83278084
1.3235948,-0.83278084
1.3236098,-0.83278084
1.3236248,-0.83278084
1.3236399,-0.78654957
1.3236549,-0.78654957
1.3236699,-0.78654957
1.3236849,-0.78654957
1.3237,-0.78654957
1.323715,-0.7403178
1.32373,-0.7403178
1.323745,-0.7403178
1.32376,-0.7403178
1.323775,-0.7403178
1.3237901,-0.694087
1.3238051,-0.694087
1.3238201,-0.694087
1.3238351,-0.694087
1.3238502,-0.694087
1.3238652,-0.6478553
1.3238802,-0.6478553
1.3238952,-0.6478553
1.3239102,-0.6478553
1.3239253,-0.601624
1.3239403,-0.601624
1.3239553,-0.601624
1.3239703,-0.601624
1.3239853,-0.601624
1.3240004,-0.55539227
1.3240154,-0.55539227
1.3240304,-0.55539227
1.3240454,-0.55539227
1.3240604,-0.5091615
1.3240755,-0.5091615
1.3240905,-0.5091615
1.3241055,-0.5091615
1.3241205,-0.5091615
1.3241355,-0.46292973
1.3241506,-0.46292973
1.3241656,-0.46292973
1.3241806,-0.46292973
1.3241956,-0.46292973
1.3242106,-0.41669846
1.3242257,-0.41669846
1.3242407,-0.41669846
1.3242557,-0.41669846
1.3242707,-0.3704667
1.3242857,-0.3704667
1.3243008,-0.3704667
1.3243158,-0.3704667
1.3243308,-0.3704667
1.3243458,-0.32423592
1.3243608,-0.32423592
1.3243759,-0.32423592
1.3243909,-0.32423592
1.3244059,-0.32423592
1.3244209,-0.27800417
1.324436,-0.27800417
1.324451,-0.27800417
1.324466,-0.27800417
1.324481,-0.2317729
1.324496,-0.2317729
1.324511,-0.2317729
1.3245261,-0.2317729
1.3245411,-0.2317729
1.3245561,-0.18554163
1.3245711,-0.18554163
1.3245862,-0.18554163
1.3246012,-0.18554163
1.3246162,-0.18554163
1.3246312,-0.13931036
1.3246462,-0.13931036
1.3246613,-0.13931036
1.3246763,-0.13931036
1.3246913,-0.09307861
1.3247063,-0.09307861
1.3247213,-0.09307861
1.3247364,-0.09307861
1.3247514,-0.09307861
1.3247664,-0.046847343
1.3247814,-0.046847343
1.3247964,-0.046847343
1.3248115,-0.046847343
1.3248265,-0.046847343
1.3248415,-6.160736E-4
1.3248565,-6.160736E-4
1.3248715,-6.160736E-4
1.3248866,-6.160736E-4
1.3249016,0.045615196
1.3249166,0.045615196
1.3249316,0.045615196
1.3249466,0.045615196
1.3249617,0.091846466
1.3249767,0.091846466
1.3249917,0.091846466
1.3250067,0.091846466
1.3250217,0.091846466
1.3250368,0.13807821
1.3250518,0.13807821
1.3250668,0.13807821
1.3250818,0.13807821
1.3250968,0.13807821
1.3251119,0.184309
1.3251269,0.184309
1.3251419,0.184309
1.3251569,0.184309
1.325172,0.184309
1.325187,0.23054075
1.325202,0.23054075
1.325217,0.23054075
1.325232,0.23054075
1.325247,0.27677202
1.3252621,0.27677202
1.3252771,0.27677202
1.3252921,0.27677202
1.3253071,0.27677202
1.3253222,0.3230033
1.3253372,0.3230033
1.3253522,0.3230033
1.3253672,0.3230033
1.3253822,0.3230033
1.3253973,0.36923456
1.3254123,0.36923456
1.3254273,0.36923456
1.3254423,0.36923456
1.3254573,0.4154663
1.3254724,0.4154663
1.3254874,0.4154663
1.3255024,0.4154663
1.3255174,0.4154663
1.3255324,0.46169758
1.3255475,0.46169758
1.3255625,0.46169758
1.3255775,0.46169758
1.3255925,0.46169758
1.3256075,0.50792885
1.3256226,0.50792885
1.3256376,0.50792885
1.3256526,0.50792885
1.3256676,0.50792885
1.3256826,0.5541601
1.3256977,0.5541601
1.3257127,0.5541601
1.3257277,0.5541601
1.3257427,0.60039186
1.3257577,0.60039186
1.3257728,0.60039186
1.3257878,0.60039186
1.3258028,0.60039186
1.3258178,0.64662313
1.3258328,0.64662313
1.3258479,0.64662313
1.3258629,0.64662313
1.3258779,0.64662313
1.3258929,0.6928544
1.325908,0.6928544
1.325923,0.6928544
1.325938,0.6928544
1.325953,0.6928544
1.325968,0.7390857
1.325983,0.7390857
1.3259981,0.7390857
1.3260131,0.7390857
1.3260281,0.7390857
1.3260431,0.7853174
1.3260583,0.7853174
1.3260733,0.7853174
1.3260883,0.7853174
1.3261033,0.8315482
1.3261184,0.8315482
1.3261334,0.8315482
1.3261484,0.8315482
1.3261634,0.8315482
1.3261784,0.87777996
1.3261935,0.87777996
1.3262085,0.87777996
1.3262235,0.87777996
1.3262385,0.87777996
1.3262535,0.92401123
1.3262686,0.92401123
1.3262836,0.92401123
1.3262986,0.92401123
1.3263136,0.92401123
1.3263286,0.970243
1.3263437,0.970243
1.3263587,0.970243
1.3263737,0.970243
1.3263887,0.970243
1.3264037,1.0164738
1.3264188,1.0164738
1.3264338,1.0164738
1.3264488,1.0164738
1.3264638,1.0164738
1.3264788,1.0627055
1.3264939,1.0627055
1.3265089,1.0627055
1.3265239,1.0627055
1.3265389,1.1089368
1.326554,1.1089368
1.326569,1.1089368
1.326584,1.1089368
1.326599,1.1089368
1.326614,1.1089368
1.326629,1.1551685
1.3266441,1.1551685
1.3266591,1.1551685
1.3266741,1.1551685
1.3266891,1.2013993
1.3267041,1.2013993
1.3267192,1.2013993
1.3267342,1.2013993
1.3267492,1.2013993
1.3267642,1.2476311
1.3267792,1.2476311
1.3267943,1.2476311
1.3268093,1.2476311
1.3268243,1.2476311
1.3268393,1.2938623
1.3268543,1.2938623
1.3268694,1.2938623
1.3268844,1.2938623
1.3268994,1.2938623
1.3269144,1.3400936
1.3269295,1.3400936
1.3269445,1.3400936
1.3269595,1.3400936
1.3269745,1.3400936
1.3269895,1.3863249
1.3270046,1.3863249
1.3270196,1.3863249
1.3270346,1.3863249
1.3270496,1.3863249
1.3270646,1.4325566
1.3270797,1.4325566
1.3270947,1.4325566
1.3271097,1.4325566
1.3271247,1.4325566
1.3271397,1.4787879
1.3271548,1.4787879
1.3271698,1.4787879
1.3271848,1.4787879
1.3271998,1.4787879
1.3272148,1.4787879
1.3272299,1.4787879
1.3272449,1.4787879
1.3272599,1.5250192
1.3272749,1.5250192
1.3272899,1.5250192
1.327305,1.5250192
1.32732,1.5250192
1.327335,1.5712504
1.32735,1.5712504
1.327365,1.5712504
1.3273801,1.5712504
1.3273951,1.5712504
1.3274101,1.6174817
1.3274251,1.6174817
1.3274401,1.6174817
1.3274552,1.6174817
1.3274702,1.6174817
1.3274852,1.6637135
1.3275002,1.6637135
1.3275152,1.6637135
1.3275303,1.6637135
1.3275453,1.6637135
1.3275603,1.7099442
1.3275753,1.7099442
1.3275903,1.7099442
1.3276054,1.7099442
1.3276204,1.7099442
1.3276354,1.7099442
1.3276504,1.756176
1.3276654,1.756176
1.3276805,1.756176
1.3276955,1.756176
1.3277105,1.756176
1.3277255,1.756176
1.3277406,1.756176
1.3277556,1.7099442
1.3277706,1.7099442
1.3277856,1.7099442
1.3278006,1.7099442
1.3278157,1.6637135
1.3278307,1.6637135
1.3278457,1.6637135
1.3278607,1.6637135
1.3278757,1.6174817
1.3278908,1.6174817
1.3279058,1.6174817
1.3279208,1.6174817
1.3279358,1.5712504
1.3279508,1.5712504
1.3279659,1.5712504
1.3279809,1.5712504
1.3279959,1.5712504
1.3280109,1.5250192
1.3280259,1.5250192
1.328041,1.5250192
1.328056,1.5250192
1.328071,1.4787879
1.328086,1.4787879
1.328101,1.4787879
1.328116,1.4787879
1.3281311,1.4787879
1.3281461,1.4787879
1.3281611,1.4787879
1.3281761,1.4325566
1.3281912,1.4325566
1.3282062,1.4325566
1.3282212,1.4325566
1.3282362,1.3863249
1.3282512,1.3863249
1.3282663,1.3863249
1.3282813,1.3863249
1.3282963,1.3863249
1.3283113,1.3400936
1.3283263,1.3400936
1.3283414,1.3400936
1.3283564,1.3400936
1.3283714,1.2938623
1.3283864,1.2938623
1.3284014,1.2938623
1.3284165,1.2938623
1.3284315,1.2476311
1.3284465,1.2476311
1.3284615,1.2476311
1.3284765,1.2476311
1.3284916,1.2476311
1.3285066,1.2013993
1.3285216,1.2013993
1.3285366,1.2013993
1.3285517,1.2013993
1.3285667,1.1551685
1.3285817,1.1551685
1.3285967,1.1551685
1.3286117,1.1551685
1.3286268,1.1551685
1.3286418,1.1089368
1.3286568,1.1089368
1.3286718,1.1089368
1.3286868,1.1089368
1.3287019,1.0627055
1.3287169,1.0627055
1.3287319,1.0627055
1.3287469,1.0627055
1.3287619,1.0164738
1.328777,1.0164738
1.328792,1.0164738
1.328807,1.0164738
1.328822,1.0164738
1.328837,0.970243
1.328852,0.970243
1.3288671,0.970243
1.3288821,0.970243
1.3288971,0.92401123
1.3289121,0.92401123
1.3289272,0.92401123
1.3289422,0.92401123
1.3289572,0.92401123
1.3289722,0.87777996
1.3289872,0.87777996
1.3290023,0.87777996
1.3290173,0.87777996
1.3290323,0.8315482
1.3290473,0.8315482
1.3290623,0.8315482
1.3290774,0.8315482
1.3290924,0.7853174
1.3291074,0.7853174
1.3291224,0.7853174
1.3291374,0.7853174
1.3291525,0.7853174
1.3291675,0.7390857
1.3291825,0.7390857
1.3291975,0.7390857
1.3292125,0.7390857
1.3292276,0.6928544
1.3292426,0.6928544
1.3292576,0.6928544
1.3292726,0.6928544
1.3292876,0.6928544
1.3293027,0.64662313
1.3293177,0.64662313
1.3293327,0.64662313
1.3293477,0.64662313
1.3293628,0.60039186
1.3293778,0.60039186
1.3293928,0.60039186
1.3294078,0.60039186
1.3294228,0.60039186
1.3294379,0.5541601
1.3294529,0.5541601
1.3294679,0.5541601
1.3294829,0.5541601
1.3294979,0.50792885
1.329513,0.50792885
1.329528,0.50792885
1.329543,0.50792885
1.329558,0.46169758
1.3295732,0.46169758
1.3295882,0.46169758
1.3296032,0.46169758
1.3296182,0.46169758
1.3296332,0.4154663
1.3296483,0.4154663
1.3296633,0.4154663
1.3296783,0.4154663
1.3296933,0.36923456
1.3297083,0.36923456
1.3297234,0.36923456
1.3297384,0.36923456
1.3297534,0.36923456
1.3297684,0.3230033
1.3297834,0.3230033
1.3297985,0.3230033
1.3298135,0.3230033
1.3298285,0.27677202
1.3298435,0.27677202
1.3298585,0.27677202
1.3298736,0.27677202
1.3298886,0.27677202
1.3299036,0.23054075
1.3299186,0.23054075
1.3299336,0.23054075
1.3299487,0.23054075
1.3299637,0.184309
1.3299787,0.184309
1.3299937,0.184309
1.3300087,0.184309
1.3300238,0.13807821
1.3300388,0.13807821
1.3300538,0.13807821
1.3300688,0.13807821
1.3300838,0.13807821
1.3300989,0.091846466
1.3301139,0.091846466
1.3301289,0.091846466
1.3301439,0.091846466
1.330159,0.045615196
1.330174,0.045615196
1.330189,0.045615196
1.330204,0.045615196
1.330219,0.045615196
1.330234,-6.160736E-4
1.3302491,-6.160736E-4
1.3302641,-6.160736E-4
1.3302791,-6.160736E-4
1.3302941,-0.046847343
1.3303092,-0.046847343
1.3303242,-0.046847343
1.3303392,-0.046847343
1.3303542,-0.09307861
1.3303692,-0.09307861
1.3303843,-0.09307861
1.3303993,-0.09307861
1.3304143,-0.09307861
1.3304293,-0.13931036
1.3304443,-0.13931036
1.3304594,-0.13931036
1.3304744,-0.13931036
1.3304894,-0.18554163
1.3305044,-0.18554163
1.3305194,-0.18554163
1.3305345,-0.18554163
1.3305495,-0.18554163
1.3305645,-0.2317729
1.3305795,-0.2317729
1.3305945,-0.2317729
1.3306096,-0.2317729
1.3306246,-0.27800417
1.3306396,-0.27800417
1.3306546,-0.27800417
1.3306696,-0.27800417
1.3306847,-0.27800417
1.3306997,-0.32423592
1.3307147,-0.32423592
1.3307297,-0.32423592
1.3307447,-0.32423592
1.3307598,-0.32423592
1.3307748,-0.3704667
1.3307898,-0.3704667
1.3308048,-0.3704667
1.3308198,-0.3704667
1.3308349,-0.41669846
1.3308499,-0.41669846
1.3308649,-0.41669846
1.3308799,-0.41669846
1.330895,-0.41669846
1.33091,-0.46292973
1.330925,-0.46292973
1.33094,-0.46292973
1.330955,-0.46292973
1.33097,-0.5091615
1.3309851,-0.5091615
1.3310001,-0.5091615
1.3310151,-0.5091615
1.3310301,-0.5091615
1.3310452,-0.55539227
1.3310602,-0.55539227
1.3310752,-0.55539227
1.3310902,-0.55539227
1.3311052,-0.601624
1.3311203,-0.601624
1.3311353,-0.601624
1.3311503,-0.601624
1.3311653,-0.601624
1.3311803,-0.6478553
1.3311954,-0.6478553
1.3312104,-0.6478553
1.3312254,-0.6478553
1.3312404,-0.6478553
1.3312554,-0.694087
1.3312705,-0.694087
1.3312855,-0.694087
1.3313005,-0.694087
1.3313155,-0.7403178
1.3313305,-0.7403178
1.3313456,-0.7403178
1.3313606,-0.7403178
1.3313756,-0.7403178
1.3313906,-0.78654957
1.3314056,-0.78654957
1.3314207,-0.78654957
1.3314357,-0.78654957
1.3314507,-0.78654957
1.3314657,-0.83278084
1.3314807,-0.83278084
1.3314958,-0.83278084
1.3315108,-0.83278084
1.3315258,-0.8790121
1.3315408,-0.8790121
1.3315558,-0.8790121
1.3315709,-0.8790121
1.3315859,-0.8790121
1.3316009,-0.9252434
1.3316159,-0.9252434
1.331631,-0.9252434
1.331646,-0.9252434
1.331661,-0.9252434
1.331676,-0.9714751
1.331691,-0.9714751
1.331706,-0.9714751
1.3317211,-0.9714751
1.3317361,-0.9714751
1.3317511,-1.0177064
1.3317661,-1.0177064
1.3317811,-1.0177064
1.3317962,-1.0177064
1.3318112,-1.0639377
1.3318262,-1.0639377
1.3318412,-1.0639377
1.3318563,-1.0639377
1.3318713,-1.0639377
1.3318863,-1.1101689
1.3319013,-1.1101689
1.3319163,-1.1101689
1.3319314,-1.1101689
1.3319464,-1.1101689
1.3319614,-1.1564007
1.3319764,-1.1564007
1.3319914,-1.1564007
1.3320065,-1.1564007
1.3320215,-1.1564007
1.3320365,-1.202632
1.3320515,-1.202632
1.3320665,-1.202632
1.3320816,-1.202632
1.3320966,-1.2488632
1.3321116,-1.2488632
1.3321266,-1.2488632
1.3321416,-1.2488632
1.3321567,-1.2488632
1.3321717,-1.2950945
1.3321867,-1.2950945
1.3322017,-1.2950945
1.3322167,-1.2950945
1.3322318,-1.2950945
1.3322468,-1.3413262
1.3322618,-1.3413262
1.3322768,-1.3413262
1.3322918,-1.3413262
1.3323069,-1.3413262
1.3323219,-1.387557
1.3323369,-1.387557
1.3323519,-1.387557
1.332367,-1.387557
1.332382,-1.387557
1.332397,-1.4337888
1.332412,-1.4337888
1.332427,-1.4337888
1.332442,-1.4337888
1.3324571,-1.4337888
1.3324721,-1.48002
1.3324871,-1.48002
1.3325021,-1.48002
1.3325171,-1.48002
1.3325322,-1.48002
1.3325472,-1.48002
1.3325622,-1.48002
1.3325772,-1.5262513
1.3325922,-1.5262513
1.3326073,-1.5262513
1.3326223,-1.5262513
1.3326373,-1.5262513
1.3326523,-1.5724826
1.3326674,-1.5724826
1.3326824,-1.5724826
1.3326974,-1.5724826
1.3327124,-1.5724826
1.3327274,-1.6187139
1.3327425,-1.6187139
1.3327575,-1.6187139
1.3327725,-1.6187139
1.3327875,-1.6187139
1.3328025,-1.6187139
1.3328176,-1.6187139
1.3328326,-1.6187139
1.3328476,-1.6187139
1.3328626,-1.5724826
1.3328776,-1.5724826
1.3328927,-1.5724826
1.3329077,-1.5724826
1.3329227,-1.5262513
1.3329377,-1.5262513
1.3329527,-1.5262513
1.3329678,-1.5262513
1.3329828,-1.5262513
1.3329978,-1.48002
1.3330128,-1.48002
1.3330278,-1.48002
1.3330429,-1.48002
1.3330579,-1.48002
1.3330729,-1.48002
1.3330879,-1.48002
1.3331031,-1.4337888
1.3331181,-1.4337888
1.3331331,-1.4337888
1.3331481,-1.4337888
1.3331631,-1.4337888
1.3331782,-1.387557
1.3331932,-1.387557
1.3332082,-1.387557
1.3332232,-1.387557
1.3332382,-1.3413262
1.3332533,-1.3413262
1.3332683,-1.3413262
1.3332833,-1.3413262
1.3332983,-1.3413262
1.3333133,-1.2950945
1.3333284,-1.2950945
1.3333434,-1.2950945
1.3333584,-1.2950945
1.3333734,-1.2950945
1.3333884,-1.2488632
1.3334035,-1.2488632
1.3334185,-1.2488632
1.3334335,-1.2488632
1.3334485,-1.202632
1.3334635,-1.202632
1.3334786,-1.202632
1.3334936,-1.202632
1.3335086,-1.202632
1.3335236,-1.1564007
1.3335387,-1.1564007
1.3335537,-1.1564007
1.3335687,-1.1564007
1.3335837,-1.1101689
1.3335987,-1.1101689
1.3336138,-1.1101689
1.3336288,-1.1101689
1.3336438,-1.1101689
1.3336588,-1.0639377
1.3336738,-1.0639377
1.3336889,-1.0639377
1.3337039,-1.0639377
1.3337189,-1.0639377
1.3337339,-1.0177064
1.3337489,-1.0177064
1.333764,-1.0177064
1.333779,-1.0177064
1.333794,-0.9714751
1.333809,-0.9714751
1.333824,-0.9714751
1.333839,-0.9714751
1.3338541,-0.9714751
1.3338691,-0.9252434
1.3338841,-0.9252434
1.3338991,-0.9252434
1.3339142,-0.9252434
1.3339292,-0.8790121
1.3339442,-0.8790121
1.3339592,-0.8790121
1.3339742,-0.8790121
1.3339893,-0.8790121
1.3340043,-0.83278084
1.3340193,-0.83278084
1.3340343,-0.83278084
1.3340493,-0.83278084
1.3340644,-0.83278084
1.3340794,-0.78654957
1.3340944,-0.78654957
1.3341094,-0.78654957
1.3341244,-0.78654957
1.3341395,-0.78654957
1.3341545,-0.7403178
1.3341695,-0.7403178
1.3341845,-0.7403178
1.3341995,-0.7403178
1.3342146,-0.694087
1.3342296,-0.694087
1.3342446,-0.694087
1.3342596,-0.694087
1.3342746,-0.694087
1.3342897,-0.6478553
1.3343047,-0.6478553
1.3343197,-0.6478553
1.3343347,-0.6478553
1.3343498,-0.6478553
1.3343648,-0.601624
1.3343798,-0.601624
1.3343948,-0.601624
1.3344098,-0.601624
1.3344249,-0.55539227
1.3344399,-0.55539227
1.3344549,-0.55539227
1.3344699,-0.55539227
1.3344849,-0.55539227
1.3345,-0.5091615
1.334515,-0.5091615
1.33453,-0.5091615
1.334545,-0.5091615
1.33456,-0.5091615
1.334575,-0.46292973
1.3345901,-0.46292973
1.3346051,-0.46292973
1.3346201,-0.46292973
1.3346351,-0.41669846
1.3346502,-0.41669846
1.3346652,-0.41669846
1.3346802,-0.41669846
1.3346952,-0.41669846
1.3347102,-0.3704667
1.3347253,-0.3704667
1.3347403,-0.3704667
1.3347553,-0.3704667
1.3347703,-0.32423592
1.3347853,-0.32423592
1.3348004,-0.32423592
1.3348154,-0.32423592
1.3348304,-0.32423592
1.3348454,-0.27800417
1.3348604,-0.27800417
1.3348755,-0.27800417
1.3348905,-0.27800417
1.3349055,-0.27800417
1.3349205,-0.2317729
1.3349355,-0.2317729
1.3349506,-0.2317729
1.3349656,-0.2317729
1.3349806,-0.18554163
1.3349956,-0.18554163
1.3350106,-0.18554163
1.3350257,-0.18554163
1.3350407,-0.18554163
1.3350557,-0.13931036
1.3350707,-0.13931036
1.3350857,-0.13931036
1.3351008,-0.13931036
1.3351158,-0.13931036
1.3351308,-0.09307861
1.3351458,-0.09307861
1.3351609,-0.09307861
1.3351759,-0.09307861
1.3351909,-0.046847343
1.3352059,-0.046847343
1.3352209,-0.046847343
1.335236,-0.046847343
1.335251,-0.046847343
1.335266,-6.160736E-4
1.335281,-6.160736E-4
1.335296,-6.160736E-4
1.335311,-6.160736E-4
1.3353261,0.045615196
1.3353411,0.045615196
1.3353561,0.045615196
1.3353711,0.045615196
1.3353862,0.045615196
1.3354012,0.091846466
1.3354162,0.091846466
1.3354312,0.091846466
1.3354462,0.091846466
1.3354613,0.091846466
1.3354763,0.13807821
1.3354913,0.13807821
1.3355063,0.13807821
1.3355213,0.13807821
1.3355364,0.13807821
1.3355514,0.184309
1.3355664,0.184309
1.3355814,0.184309
1.3355964,0.184309
1.3356115,0.23054075
1.3356265,0.23054075
1.3356415,0.23054075
1.3356565,0.23054075
1.3356715,0.23054075
1.3356866,0.27677202
1.3357016,0.27677202
1.3357166,0.27677202
1.3357316,0.27677202
1.3357466,0.3230033
1.3357617,0.3230033
1.3357767,0.3230033
1.3357917,0.3230033
1.3358067,0.3230033
1.3358217,0.36923456
1.3358368,0.36923456
1.3358518,0.36923456
1.3358668,0.36923456
1.3358818,0.36923456
1.3358968,0.4154663
1.3359119,0.4154663
1.3359269,0.4154663
1.3359419,0.4154663
1.3359569,0.4154663
1.335972,0.46169758
1.335987,0.46169758
1.336002,0.46169758
1.336017,0.46169758
1.336032,0.50792885
1.336047,0.50792885
1.3360621,0.50792885
1.3360771,0.50792885
1.3360921,0.50792885
1.3361071,0.5541601
1.3361222,0.5541601
1.3361372,0.5541601
1.3361522,0.5541601
1.3361672,0.5541601
1.3361822,0.60039186
1.3361973,0.60039186
1.3362123,0.60039186
1.3362273,0.60039186
1.3362423,0.60039186
1.3362573,0.64662313
1.3362724,0.64662313
1.3362874,0.64662313
1.3363024,0.64662313
1.3363174,0.6928544
1.3363324,0.6928544
1.3363475,0.6928544
1.3363625,0.6928544
1.3363775,0.6928544
1.3363925,0.7390857
1.3364075,0.7390857
1.3364226,0.7390857
1.3364376,0.7390857
1.3364526,0.7390857
1.3364676,0.7853174
1.3364826,0.7853174
1.3364977,0.7853174
1.3365127,0.7853174
1.3365277,0.7853174
1.3365427,0.8315482
1.3365577,0.8315482
1.3365728,0.8315482
1.3365878,0.8315482
1.3366028,0.8315482
1.336618,0.87777996
1.336633,0.87777996
1.336648,0.87777996
1.336663,0.87777996
1.336678,0.87777996
1.336693,0.92401123
1.3367081,0.92401123
1.3367231,0.92401123
1.3367381,0.92401123
1.3367531,0.92401123
1.3367682,0.970243
1.3367832,0.970243
1.3367982,0.970243
1.3368132,0.970243
1.3368282,0.970243
1.3368433,1.0164738
1.3368583,1.0164738
1.3368733,1.0164738
1.3368883,1.0164738
1.3369033,1.0627055
1.3369184,1.0627055
1.3369334,1.0627055
1.3369484,1.0627055
1.3369634,1.0627055
1.3369784,1.1089368
1.3369935,1.1089368
1.3370085,1.1089368
1.3370235,1.1089368
1.3370385,1.1089368
1.3370535,1.1551685
1.3370686,1.1551685
1.3370836,1.1551685
1.3370986,1.1551685
1.3371136,1.1551685
1.3371286,1.2013993
1.3371437,1.2013993
1.3371587,1.2013993
1.3371737,1.2013993
1.3371887,1.2013993
1.3372037,1.2476311
1.3372188,1.2476311
1.3372338,1.2476311
1.3372488,1.2476311
1.3372638,1.2476311
1.3372788,1.2938623
1.3372939,1.2938623
1.3373089,1.2938623
1.3373239,1.2938623
1.3373389,1.2938623
1.337354,1.3400936
1.337369,1.3400936
1.337384,1.3400936
1.337399,1.3400936
1.337414,1.3400936
1.337429,1.3863249
1.3374441,1.3863249
1.3374591,1.3863249
1.3374741,1.3863249
1.3374891,1.3863249
1.3375041,1.4325566
1.3375192,1.4325566
1.3375342,1.4325566
1.3375492,1.4325566
1.3375642,1.4325566
1.3375793,1.4787879
1.3375943,1.4787879
1.3376093,1.4787879
1.3376243,1.4787879
1.3376393,1.4787879
1.3376544,1.4787879
1.3376694,1.4787879
1.3376844,1.4787879
1.3376994,1.5250192
1.3377144,1.5250192
1.3377295,1.5250192
1.3377445,1.5250192
1.3377595,1.5250192
1.3377745,1.5712504
1.3377895,1.5712504
1.3378046,1.5712504
1.3378196,1.5712504
1.3378346,1.5712504
1.3378496,1.6174817
1.3378646,1.6174817
1.3378797,1.6174817
1.3378947,1.6174817
1.3379097,1.6174817
1.3379247,1.6637135
1.3379397,1.6637135
1.3379548,1.6637135
1.3379698,1.6637135
1.3379848,1.6637135
1.3379998,1.7099442
1.3380148,1.7099442
1.3380299,1.7099442
1.3380449,1.7099442
1.3380599,1.7099442
1.3380749,1.756176
1.33809,1.756176
1.338105,1.756176
1.33812,1.756176
1.338135,1.756176
1.33815,1.756176
1.338165,1.756176
1.3381801,1.7099442
1.3381951,1.7099442
1.3382101,1.7099442
1.3382251,1.7099442
1.3382401,1.6637135
1.3382552,1.6637135
1.3382702,1.6637135
1.3382852,1.6637135
1.3383002,1.6637135
1.3383152,1.6174817
1.3383303,1.6174817
1.3383453,1.6174817
1.3383603,1.6174817
1.3383753,1.5712504
1.3383904,1.5712504
1.3384054,1.5712504
1.3384204,1.5712504
1.3384354,1.5250192
1.3384504,1.5250192
1.3384655,1.5250192
1.3384805,1.5250192
1.3384955,1.5250192
1.3385105,1.4787879
1.3385255,1.4787879
1.3385406,1.4787879
1.3385556,1.4787879
1.3385706,1.4787879
1.3385856,1.4787879
1.3386006,1.4325566
1.3386157,1.4325566
1.3386307,1.4325566
1.3386457,1.4325566
1.3386607,1.4325566
1.3386757,1.3863249
1.3386908,1.3863249
1.3387058,1.3863249
1.3387208,1.3863249
1.3387358,1.3400936
1.3387508,1.3400936
1.3387659,1.3400936
1.3387809,1.3400936
1.3387959,1.3400936
1.3388109,1.2938623
1.338826,1.2938623
1.338841,1.2938623
1.338856,1.2938623
1.338871,1.2476311
1.338886,1.2476311
1.338901,1.2476311
1.3389161,1.2476311
1.3389311,1.2476311
1.3389461,1.2013993
1.3389611,1.2013993
1.3389761,1.2013993
1.3389912,1.2013993
1.3390062,1.1551685
1.3390212,1.1551685
1.3390362,1.1551685
1.3390512,1.1551685
1.3390663,1.1089368
1.3390813,1.1089368
1.3390963,1.1089368
1.3391113,1.1089368
1.3391263,1.1089368
1.3391414,1.0627055
1.3391564,1.0627055
1.3391714,1.0627055
1.3391864,1.0627055
1.3392015,1.0164738
1.3392165,1.0164738
1.3392315,1.0164738
1.3392465,1.0164738
1.3392615,0.970243
1.3392766,0.970243
1.3392916,0.970243
1.3393066,0.970243
1.3393216,0.970243
1.3393366,0.92401123
1.3393517,0.92401123
1.3393667,0.92401123
1.3393817,0.92401123
1.3393967,0.87777996
1.3394117,0.87777996
1.3394268,0.87777996
1.3394418,0.87777996
1.3394568,0.87777996
1.3394718,0.8315482
1.3394868,0.8315482
1.3395019,0.8315482
1.3395169,0.8315482
1.3395319,0.7853174
1.3395469,0.7853174
1.3395619,0.7853174
1.339577,0.7853174
1.339592,0.7390857
1.339607,0.7390857
1.339622,0.7390857
1.339637,0.7390857
1.3396521,0.7390857
1.3396671,0.6928544
1.3396821,0.6928544
1.3396971,0.6928544
1.3397121,0.6928544
1.3397272,0.64662313
1.3397422,0.64662313
1.3397572,0.64662313
1.3397722,0.64662313
1.3397872,0.64662313
1.3398023,0.60039186
1.3398173,0.60039186
1.3398323,0.60039186
1.3398473,0.60039186
1.3398623,0.5541601
1.3398774,0.5541601
1.3398924,0.5541601
1.3399074,0.5541601
1.3399224,0.50792885
1.3399374,0.50792885
1.3399525,0.50792885
1.3399675,0.50792885
1.3399825,0.50792885
1.3399975,0.46169758
1.3400126,0.46169758
1.3400276,0.46169758
1.3400426,0.46169758
1.3400576,0.4154663
1.3400726,0.4154663
1.3400877,0.4154663
1.3401027,0.4154663
1.3401177,0.4154663
1.3401327,0.36923456
1.3401479,0.36923456
1.3401629,0.36923456
1.3401779,0.36923456
1.3401929,0.3230033
1.3402079,0.3230033
1.340223,0.3230033
1.340238,0.3230033
1.340253,0.3230033
1.340268,0.27677202
1.340283,0.27677202
1.340298,0.27677202
1.3403131,0.27677202
1.3403281,0.23054075
1.3403431,0.23054075
1.3403581,0.23054075
1.3403732,0.23054075
1.3403882,0.23054075
1.3404032,0.184309
1.3404182,0.184309
1.3404332,0.184309
1.3404483,0.184309
1.3404633,0.13807821
1.3404783,0.13807821
1.3404933,0.13807821
1.3405083,0.13807821
1.3405234,0.13807821
1.3405384,0.091846466
1.3405534,0.091846466
1.3405684,0.091846466
1.3405834,0.091846466
1.3405985,0.045615196
1.3406135,0.045615196
1.3406285,0.045615196
1.3406435,0.045615196
1.3406585,0.045615196
1.3406736,-6.160736E-4
1.3406886,-6.160736E-4
1.3407036,-6.160736E-4
1.3407186,-6.160736E-4
1.3407336,-0.046847343
1.3407487,-0.046847343
1.3407637,-0.046847343
1.3407787,-0.046847343
1.3407937,-0.09307861
1.3408087,-0.09307861
1.3408238,-0.09307861
1.3408388,-0.09307861
1.3408538,-0.09307861
1.3408688,-0.13931036
1.3408839,-0.13931036
1.3408989,-0.13931036
1.3409139,-0.13931036
1.3409289,-0.18554163
1.3409439,-0.18554163
1.340959,-0.18554163
1.340974,-0.18554163
1.340989,-0.2317729
1.341004,-0.2317729
1.341019,-0.2317729
1.341034,-0.2317729
1.3410491,-0.2317729
1.3410641,-0.27800417
1.3410791,-0.27800417
1.3410941,-0.27800417
1.3411092,-0.27800417
1.3411242,-0.32423592
1.3411392,-0.32423592
1.3411542,-0.32423592
1.3411692,-0.32423592
1.3411843,-0.32423592
1.3411993,-0.3704667
1.3412143,-0.3704667
1.3412293,-0.3704667
1.3412443,-0.3704667
1.3412594,-0.41669846
1.3412744,-0.41669846
1.3412894,-0.41669846
1.3413044,-0.41669846
1.3413194,-0.41669846
1.3413345,-0.46292973
1.3413495,-0.46292973
1.3413645,-0.46292973
1.3413795,-0.46292973
1.3413945,-0.46292973
1.3414096,-0.5091615
1.3414246,-0.5091615
1.3414396,-0.5091615
1.3414546,-0.5091615
1.3414696,-0.55539227
1.3414847,-0.55539227
1.3414997,-0.55539227
1.3415147,-0.55539227
1.3415297,-0.55539227
1.3415447,-0.601624
1.3415598,-0.601624
1.3415748,-0.601624
1.3415898,-0.601624
1.3416048,-0.6478553
1.3416198,-0.6478553
1.3416349,-0.6478553
1.3416499,-0.6478553
1.3416649,-0.6478553
1.3416799,-0.694087
1.341695,-0.694087
1.34171,-0.694087
1.341725,-0.694087
1.34174,-0.694087
1.341755,-0.7403178
1.34177,-0.7403178
1.3417851,-0.7403178
1.3418001,-0.7403178
1.3418151,-0.7403178
1.3418301,-0.78654957
1.3418452,-0.78654957
1.3418602,-0.78654957
1.3418752,-0.78654957
1.3418902,-0.83278084
1.3419052,-0.83278084
1.3419203,-0.83278084
1.3419353,-0.83278084
1.3419503,-0.83278084
1.3419653,-0.8790121
1.3419803,-0.8790121
1.3419954,-0.8790121
1.3420104,-0.8790121
1.3420254,-0.8790121
1.3420404,-0.9252434
1.3420554,-0.9252434
1.3420705,-0.9252434
1.3420855,-0.9252434
1.3421005,-0.9714751
1.3421155,-0.9714751
1.3421305,-0.9714751
1.3421456,-0.9714751
1.3421606,-0.9714751
1.3421756,-1.0177064
1.3421906,-1.0177064
1.3422056,-1.0177064
1.3422207,-1.0177064
1.3422357,-1.0177064
1.3422507,-1.0639377
1.3422657,-1.0639377
1.3422807,-1.0639377
1.3422958,-1.0639377
1.3423108,-1.0639377
1.3423258,-1.1101689
1.3423408,-1.1101689
1.3423558,-1.1101689
1.3423709,-1.1101689
1.3423859,-1.1564007
1.3424009,-1.1564007
1.3424159,-1.1564007
1.342431,-1.1564007
1.342446,-1.1564007
1.342461,-1.202632
1.342476,-1.202632
1.342491,-1.202632
1.342506,-1.202632
1.3425211,-1.202632
1.3425361,-1.2488632
1.3425511,-1.2488632
1.3425661,-1.2488632
1.3425812,-1.2488632
1.3425962,-1.2488632
1.3426112,-1.2950945
1.3426262,-1.2950945
1.3426412,-1.2950945
1.3426563,-1.2950945
1.3426713,-1.3413262
1.3426863,-1.3413262
1.3427013,-1.3413262
1.3427163,-1.3413262
1.3427314,-1.3413262
1.3427464,-1.387557
1.3427614,-1.387557
1.3427764,-1.387557
1.3427914,-1.387557
1.3428065,-1.387557
1.3428215,-1.4337888
1.3428365,-1.4337888
1.3428515,-1.4337888
1.3428665,-1.4337888
1.3428816,-1.4337888
1.3428966,-1.48002
1.3429116,-1.48002
1.3429266,-1.48002
1.3429416,-1.48002
1.3429567,-1.48002
1.3429717,-1.48002
1.3429867,-1.48002
1.3430017,-1.48002
1.3430167,-1.5262513
1.3430318,-1.5262513
1.3430468,-1.5262513
1.3430618,-1.5262513
1.3430768,-1.5262513
1.3430918,-1.5724826
1.3431069,-1.5724826
1.3431219,-1.5724826
1.3431369,-1.5724826
1.3431519,-1.5724826
1.343167,-1.6187139
1.343182,-1.6187139
1.343197,-1.6187139
1.343212,-1.6187139
1.343227,-1.6187139
1.343242,-1.6187139
1.3432571,-1.6187139
1.3432721,-1.6187139
1.3432871,-1.5724826
1.3433021,-1.5724826
1.3433172,-1.5724826
1.3433322,-1.5724826
1.3433472,-1.5724826
1.3433622,-1.5262513
1.3433772,-1.5262513
1.3433923,-1.5262513
1.3434073,-1.5262513
1.3434223,-1.48002
1.3434373,-1.48002
1.3434523,-1.48002
1.3434674,-1.48002
1.3434824,-1.48002
1.3434974,-1.48002
1.3435124,-1.48002
1.3435274,-1.48002
1.3435425,-1.4337888
1.3435575,-1.4337888
1.3435725,-1.4337888
1.3435875,-1.4337888
1.3436025,-1.387557
1.3436176,-1.387557
1.3436326,-1.387557
1.3436476,-1.387557
1.3436627,-1.387557
1.3436778,-1.3413262
1.3436928,-1.3413262
1.3437078,-1.3413262
1.3437228,-1.3413262
1.3437378,-1.2950945
1.3437529,-1.2950945
1.3437679,-1.2950945
1.3437829,-1.2950945
1.3437979,-1.2950945
1.343813,-1.2488632
1.343828,-1.2488632
1.343843,-1.2488632
1.343858,-1.2488632
1.343873,-1.2488632
1.343888,-1.202632
1.3439031,-1.202632
1.3439181,-1.202632
1.3439331,-1.202632
1.3439481,-1.1564007
1.3439631,-1.1564007
1.3439782,-1.1564007
1.3439932,-1.1564007
1.3440082,-1.1564007
1.3440232,-1.1101689
1.3440382,-1.1101689
1.3440533,-1.1101689
1.3440683,-1.1101689
1.3440833,-1.0639377
1.3440983,-1.0639377
1.3441133,-1.0639377
1.3441284,-1.0639377
1.3441434,-1.0639377
1.3441584,-1.0177064
1.3441734,-1.0177064
1.3441885,-1.0177064
1.3442035,-1.0177064
1.3442185,-1.0177064
1.3442335,-0.9714751
1.3442485,-0.9714751
1.3442636,-0.9714751
1.3442786,-0.9714751
1.3442936,-0.9252434
1.3443086,-0.9252434
1.3443236,-0.9252434
1.3443387,-0.9252434
1.3443537,-0.9252434
1.3443687,-0.8790121
1.3443837,-0.8790121
1.3443987,-0.8790121
1.3444138,-0.8790121
1.3444288,-0.8790121
1.3444438,-0.83278084
1.3444588,-0.83278084
1.3444738,-0.83278084
1.3444889,-0.83278084
1.3445039,-0.78654957
1.3445189,-0.78654957
1.3445339,-0.78654957
1.344549,-0.78654957
1.344564,-0.78654957
1.344579,-0.7403178
1.344594,-0.7403178
1.344609,-0.7403178
1.344624,-0.7403178
1.3446391,-0.7403178
1.3446541,-0.694087
1.3446691,-0.694087
1.3446841,-0.694087
1.3446991,-0.694087
1.3447142,-0.6478553
1.3447292,-0.6478553
1.3447442,-0.6478553
1.3447592,-0.6478553
1.3447742,-0.6478553
1.3447893,-0.601624
1.3448043,-0.601624
1.3448193,-0.601624
1.3448343,-0.601624
1.3448493,-0.601624
1.3448644,-0.55539227
1.3448794,-0.55539227
1.3448944,-0.55539227
1.3449094,-0.55539227
1.3449244,-0.55539227
1.3449395,-0.5091615
1.3449545,-0.5091615
1.3449695,-0.5091615
1.3449845,-0.5091615
1.3449996,-0.46292973
1.3450146,-0.46292973
1.3450296,-0.46292973
1.3450446,-0.46292973
1.3450596,-0.46292973
1.3450747,-0.41669846
1.3450897,-0.41669846
1.3451047,-0.41669846
1.3451197,-0.41669846
1.3451347,-0.3704667
1.3451498,-0.3704667
1.3451648,-0.3704667
1.3451798,-0.3704667
1.3451948,-0.3704667
1.3452098,-0.32423592
1.3452249,-0.32423592
1.3452399,-0.32423592
1.3452549,-0.32423592
1.3452699,-0.32423592
1.3452849,-0.27800417
1.3453,-0.27800417
1.345315,-0.27800417
1.34533,-0.27800417
1.345345,-0.27800417
1.34536,-0.2317729
1.3453751,-0.2317729
1.3453901,-0.2317729
1.3454051,-0.2317729
1.3454201,-0.18554163
1.3454351,-0.18554163
1.3454502,-0.18554163
1.3454652,-0.18554163
1.3454802,-0.18554163
1.3454952,-0.13931036
1.3455102,-0.13931036
1.3455253,-0.13931036
1.3455403,-0.13931036
1.3455553,-0.13931036
1.3455703,-0.09307861
1.3455853,-0.09307861
1.3456004,-0.09307861
1.3456154,-0.09307861
1.3456304,-0.046847343
1.3456454,-0.046847343
1.3456604,-0.046847343
1.3456755,-0.046847343
1.3456905,-0.046847343
1.3457055,-6.160736E-4
1.3457205,-6.160736E-4
1.3457355,-6.160736E-4
1.3457506,-6.160736E-4
1.3457656,0.045615196
1.3457806,0.045615196
1.3457956,0.045615196
1.3458107,0.045615196
1.3458257,0.045615196
1.3458407,0.091846466
1.3458557,0.091846466
1.3458707,0.091846466
1.3458858,0.091846466
1.3459008,0.13807821
1.3459158,0.13807821
1.3459308,0.13807821
1.3459458,0.13807821
1.3459609,0.13807821
1.3459759,0.184309
1.3459909,0.184309
1.3460059,0.184309
1.3460209,0.184309
1.346036,0.184309
1.346051,0.23054075
1.346066,0.23054075
1.346081,0.23054075
1.346096,0.23054075
1.346111,0.27677202
1.3461261,0.27677202
1.3461411,0.27677202
1.3461561,0.27677202
1.3461711,0.27677202
1.3461862,0.3230033
1.3462012,0.3230033
1.3462162,0.3230033
1.3462312,0.3230033
1.3462462,0.3230033
1.3462613,0.36923456
1.3462763,0.36923456
1.3462913,0.36923456
1.3463063,0.36923456
1.3463213,0.4154663
1.3463364,0.4154663
1.3463514,0.4154663
1.3463664,0.4154663
1.3463814,0.4154663
1.3463964,0.46169758
1.3464115,0.46169758
1.3464265,0.46169758
1.3464415,0.46169758
1.3464565,0.46169758
1.3464715,0.50792885
1.3464866,0.50792885
1.3465016,0.50792885
1.3465166,0.50792885
1.3465316,0.50792885
1.3465466,0.5541601
1.3465617,0.5541601
1.3465767,0.5541601
1.3465917,0.5541601
1.3466067,0.5541601
1.3466218,0.60039186
1.3466368,0.60039186
1.3466518,0.60039186
1.3466668,0.60039186
1.3466818,0.64662313
1.3466969,0.64662313
1.3467119,0.64662313
1.3467269,0.64662313
1.3467419,0.64662313
1.3467569,0.6928544
1.346772,0.6928544
1.346787,0.6928544
1.346802,0.6928544
1.346817,0.6928544
1.346832,0.7390857
1.346847,0.7390857
1.3468621,0.7390857
1.3468771,0.7390857
1.3468921,0.7390857
1.3469071,0.7853174
1.3469222,0.7853174
1.3469372,0.7853174
1.3469522,0.7853174
1.3469672,0.7853174
1.3469822,0.8315482
1.3469973,0.8315482
1.3470123,0.8315482
1.3470273,0.8315482
1.3470423,0.87777996
1.3470573,0.87777996
1.3470724,0.87777996
1.3470874,0.87777996
1.3471024,0.87777996
1.3471174,0.87777996
1.3471324,0.92401123
1.3471475,0.92401123
1.3471625,0.92401123
1.3471775,0.92401123
1.3471926,0.970243
1.3472077,0.970243
1.3472227,0.970243
1.3472377,0.970243
1.3472527,0.970243
1.3472677,1.0164738
1.3472828,1.0164738
1.3472978,1.0164738
1.3473128,1.0164738
1.3473278,1.0164738
1.3473428,1.0627055
1.3473579,1.0627055
1.3473729,1.0627055
1.3473879,1.0627055
1.3474029,1.0627055
1.347418,1.1089368
1.347433,1.1089368
1.347448,1.1089368
1.347463,1.1089368
1.347478,1.1089368
1.347493,1.1551685
1.3475081,1.1551685
1.3475231,1.1551685
1.3475381,1.1551685
1.3475531,1.2013993
1.3475682,1.2013993
1.3475832,1.2013993
1.3475982,1.2013993
1.3476132,1.2013993
1.3476282,1.2013993
1.3476433,1.2476311
1.3476583,1.2476311
1.3476733,1.2476311
1.3476883,1.2476311
1.3477033,1.2938623
1.3477184,1.2938623
1.3477334,1.2938623
1.3477484,1.2938623
1.3477634,1.2938623
1.3477784,1.3400936
1.3477935,1.3400936
1.3478085,1.3400936
1.3478235,1.3400936
1.3478385,1.3400936
1.3478535,1.3863249
1.3478686,1.3863249
1.3478836,1.3863249
1.3478986,1.3863249
1.3479136,1.3863249
1.3479286,1.4325566
1.3479437,1.4325566
1.3479587,1.4325566
1.3479737,1.4325566
1.3479887,1.4325566
1.3480037,1.4787879
1.3480188,1.4787879
1.3480338,1.4787879
1.3480488,1.4787879
1.3480638,1.4787879
1.3480788,1.4787879
1.3480939,1.4787879
1.3481089,1.4787879
1.3481239,1.5250192
1.3481389,1.5250192
1.348154,1.5250192
1.348169,1.5250192
1.348184,1.5250192
1.348199,1.5712504
1.348214,1.5712504
1.348229,1.5712504
1.3482441,1.5712504
1.3482591,1.5712504
1.3482741,1.6174817
1.3482891,1.6174817
1.3483042,1.6174817
1.3483192,1.6174817
1.3483342,1.6174817
1.3483492,1.6637135
1.3483642,1.6637135
1.3483793,1.6637135
1.3483943,1.6637135
1.3484093,1.6637135
1.3484243,1.7099442
1.3484393,1.7099442
1.3484544,1.7099442
1.3484694,1.7099442
1.3484844,1.7099442
1.3484994,1.7099442
1.3485144,1.756176
1.3485295,1.756176
1.3485445,1.756176
1.3485595,1.756176
1.3485745,1.756176
1.3485895,1.756176
1.3486046,1.756176
1.3486196,1.7099442
1.3486346,1.7099442
1.3486496,1.7099442
1.3486646,1.7099442
1.3486797,1.6637135
1.3486947,1.6637135
1.3487097,1.6637135
1.3487247,1.6637135
1.3487397,1.6174817
1.3487548,1.6174817
1.3487698,1.6174817
1.3487848,1.6174817
1.3487998,1.6174817
1.3488148,1.5712504
1.3488299,1.5712504
1.3488449,1.5712504
1.3488599,1.5712504
1.3488749,1.5250192
1.34889,1.5250192
1.348905,1.5250192
1.34892,1.5250192
1.348935,1.4787879
1.34895,1.4787879
1.348965,1.4787879
1.3489801,1.4787879
1.3489951,1.4787879
1.3490101,1.4787879
1.3490251,1.4787879
1.3490402,1.4325566
1.3490552,1.4325566
1.3490702,1.4325566
1.3490852,1.4325566
1.3491002,1.4325566
1.3491153,1.3863249
1.3491303,1.3863249
1.3491453,1.3863249
1.3491603,1.3863249
1.3491753,1.3400936
1.3491904,1.3400936
1.3492054,1.3400936
1.3492204,1.3400936
1.3492354,1.2938623
1.3492504,1.2938623
1.3492655,1.2938623
1.3492805,1.2938623
1.3492955,1.2938623
1.3493105,1.2476311
1.3493255,1.2476311
1.3493406,1.2476311
1.3493556,1.2476311
1.3493706,1.2013993
1.3493856,1.2013993
1.3494006,1.2013993
1.3494157,1.2013993
1.3494307,1.1551685
1.3494457,1.1551685
1.3494607,1.1551685
1.3494757,1.1551685
1.3494908,1.1551685
1.3495058,1.1089368
1.3495208,1.1089368
1.3495358,1.1089368
1.3495508,1.1089368
1.3495659,1.0627055
1.3495809,1.0627055
1.3495959,1.0627055
1.3496109,1.0627055
1.349626,1.0164738
1.349641,1.0164738
1.349656,1.0164738
1.349671,1.0164738
1.349686,1.0164738
1.349701,0.970243
1.3497161,0.970243
1.3497311,0.970243
1.3497461,0.970243
1.3497611,0.92401123
1.3497761,0.92401123
1.3497912,0.92401123
1.3498062,0.92401123
1.3498212,0.92401123
1.3498362,0.87777996
1.3498513,0.87777996
1.3498663,0.87777996
1.3498813,0.87777996
1.3498963,0.8315482
1.3499113,0.8315482
1.3499264,0.8315482
1.3499414,0.8315482
1.3499564,0.7853174
1.3499714,0.7853174
1.3499864,0.7853174
1.3500015,0.7853174
1.3500165,0.7853174
1.3500315,0.7390857
1.3500465,0.7390857
1.3500615,0.7390857
1.3500766,0.7390857
1.3500916,0.6928544
1.3501066,0.6928544
1.3501216,0.6928544
1.3501366,0.6928544
1.3501517,0.6928544
1.3501667,0.64662313
1.3501817,0.64662313
1.3501967,0.64662313
1.3502117,0.64662313
1.3502268,0.60039186
1.3502418,0.60039186
1.3502568,0.60039186
1.3502718,0.60039186
1.3502868,0.60039186
1.3503019,0.5541601
1.3503169,0.5541601
1.3503319,0.5541601
1.3503469,0.5541601
1.350362,0.50792885
1.350377,0.50792885
1.350392,0.50792885
1.350407,0.50792885
1.350422,0.50792885
1.350437,0.46169758
1.3504521,0.46169758
1.3504671,0.46169758
1.3504821,0.46169758
1.3504971,0.4154663
1.3505121,0.4154663
1.3505272,0.4154663
1.3505422,0.4154663
1.3505572,0.4154663
1.3505722,0.36923456
1.3505872,0.36923456
1.3506023,0.36923456
1.3506173,0.36923456
1.3506323,0.3230033
1.3506473,0.3230033
1.3506624,0.3230033
1.3506774,0.3230033
1.3506924,0.3230033
1.3507075,0.27677202
1.3507226,0.27677202
1.3507376,0.27677202
1.3507526,0.27677202
1.3507676,0.23054075
1.3507826,0.23054075
1.3507977,0.23054075
1.3508127,0.23054075
1.3508277,0.184309
1.3508427,0.184309
1.3508577,0.184309
1.3508728,0.184309
1.3508878,0.184309
1.3509028,0.13807821
1.3509178,0.13807821
1.3509328,0.13807821
1.3509479,0.13807821
1.3509629,0.091846466
1.3509779,0.091846466
1.3509929,0.091846466
1.3510079,0.091846466
1.351023,0.091846466
1.351038,0.045615196
1.351053,0.045615196
1.351068,0.045615196
1.351083,0.045615196
1.3510981,-6.160736E-4
1.3511131,-6.160736E-4
1.3511281,-6.160736E-4
1.3511431,-6.160736E-4
1.3511581,-0.046847343
1.3511732,-0.046847343
1.3511882,-0.046847343
1.3512032,-0.046847343
1.3512182,-0.046847343
1.3512332,-0.09307861
1.3512483,-0.09307861
1.3512633,-0.09307861
1.3512783,-0.09307861
1.3512933,-0.13931036
1.3513083,-0.13931036
1.3513234,-0.13931036
1.3513384,-0.13931036
1.3513534,-0.13931036
1.3513684,-0.18554163
1.3513834,-0.18554163
1.3513985,-0.18554163
1.3514135,-0.18554163
1.3514285,-0.2317729
1.3514435,-0.2317729
1.3514585,-0.2317729
1.3514736,-0.2317729
1.3514886,-0.2317729
1.3515036,-0.27800417
1.3515186,-0.27800417
1.3515337,-0.27800417
1.3515487,-0.27800417
1.3515637,-0.32423592
1.3515787,-0.32423592
1.3515937,-0.32423592
1.3516088,-0.32423592
1.3516238,-0.32423592
1.3516388,-0.3704667
1.3516538,-0.3704667
1.3516688,-0.3704667
1.3516839,-0.3704667
1.3516989,-0.41669846
1.3517139,-0.41669846
1.3517289,-0.41669846
1.3517439,-0.41669846
1.351759,-0.41669846
1.351774,-0.46292973
1.351789,-0.46292973
1.351804,-0.46292973
1.351819,-0.46292973
1.351834,-0.5091615
1.3518491,-0.5091615
1.3518641,-0.5091615
1.3518791,-0.5091615
1.3518941,-0.5091615
1.3519092,-0.55539227
1.3519242,-0.55539227
1.3519392,-0.55539227
1.3519542,-0.55539227
1.3519692,-0.55539227
1.3519843,-0.601624
1.3519993,-0.601624
1.3520143,-0.601624
1.3520293,-0.601624
1.3520443,-0.6478553
1.3520594,-0.6478553
1.3520744,-0.6478553
1.3520894,-0.6478553
1.3521044,-0.6478553
1.3521194,-0.694087
1.3521345,-0.694087
1.3521495,-0.694087
1.3521645,-0.694087
1.3521795,-0.7403178
1.3521945,-0.7403178
1.3522096,-0.7403178
1.3522246,-0.7403178
1.3522396,-0.7403178
1.3522546,-0.78654957
1.3522696,-0.78654957
1.3522847,-0.78654957
1.3522997,-0.78654957
1.3523147,-0.78654957
1.3523297,-0.83278084
1.3523448,-0.83278084
1.3523598,-0.83278084
1.3523748,-0.83278084
1.3523898,-0.83278084
1.3524048,-0.8790121
1.3524199,-0.8790121
1.3524349,-0.8790121
1.3524499,-0.8790121
1.3524649,-0.9252434
1.3524799,-0.9252434
1.352495,-0.9252434
1.35251,-0.9252434
1.352525,-0.9252434
1.35254,-0.9714751
1.352555,-0.9714751
1.35257,-0.9714751
1.3525851,-0.9714751
1.3526001,-0.9714751
1.3526151,-1.0177064
1.3526301,-1.0177064
1.3526452,-1.0177064
1.3526602,-1.0177064
1.3526752,-1.0639377
1.3526902,-1.0639377
1.3527052,-1.0639377
1.3527203,-1.0639377
1.3527353,-1.0639377
1.3527503,-1.1101689
1.3527653,-1.1101689
1.3527803,-1.1101689
1.3527954,-1.1101689
1.3528104,-1.1101689
1.3528254,-1.1564007
1.3528404,-1.1564007
1.3528554,-1.1564007
1.3528705,-1.1564007
1.3528855,-1.1564007
1.3529005,-1.202632
1.3529155,-1.202632
1.3529305,-1.202632
1.3529456,-1.202632
1.3529606,-1.2488632
1.3529756,-1.2488632
1.3529906,-1.2488632
1.3530056,-1.2488632
1.3530207,-1.2488632
1.3530357,-1.2950945
1.3530507,-1.2950945
1.3530657,-1.2950945
1.3530807,-1.2950945
1.3530958,-1.2950945
1.3531108,-1.3413262
1.3531258,-1.3413262
1.3531408,-1.3413262
1.3531559,-1.3413262
1.3531709,-1.3413262
1.3531859,-1.387557
1.3532009,-1.387557
1.3532159,-1.387557
1.353231,-1.387557
1.353246,-1.387557
1.353261,-1.4337888
1.353276,-1.4337888
1.353291,-1.4337888
1.353306,-1.4337888
1.3533211,-1.4337888
1.3533361,-1.48002
1.3533511,-1.48002
1.3533661,-1.48002
1.3533812,-1.48002
1.3533962,-1.48002
1.3534112,-1.48002
1.3534262,-1.48002
1.3534412,-1.5262513
1.3534563,-1.5262513
1.3534713,-1.5262513
1.3534863,-1.5262513
1.3535013,-1.5262513
1.3535163,-1.5724826
1.3535314,-1.5724826
1.3535464,-1.5724826
1.3535614,-1.5724826
1.3535764,-1.5724826
1.3535914,-1.6187139
1.3536065,-1.6187139
1.3536215,-1.6187139
1.3536365,-1.6187139
1.3536515,-1.6187139
1.3536665,-1.6187139
1.3536816,-1.6187139
1.3536966,-1.6187139
1.3537116,-1.6187139
1.3537266,-1.5724826
1.3537416,-1.5724826
1.3537567,-1.5724826
1.3537717,-1.5724826
1.3537867,-1.5262513
1.3538017,-1.5262513
1.3538167,-1.5262513
1.3538318,-1.5262513
1.3538468,-1.5262513
1.3538618,-1.48002
1.3538768,-1.48002
1.3538918,-1.48002
1.3539069,-1.48002
1.3539219,-1.48002
1.3539369,-1.48002
1.3539519,-1.48002
1.353967,-1.4337888
1.353982,-1.4337888
1.353997,-1.4337888
1.354012,-1.4337888
1.354027,-1.4337888
1.354042,-1.387557
1.3540571,-1.387557
1.3540721,-1.387557
1.3540871,-1.387557
1.3541021,-1.3413262
1.3541172,-1.3413262
1.3541322,-1.3413262
1.3541472,-1.3413262
1.3541622,-1.3413262
1.3541772,-1.2950945
1.3541923,-1.2950945
1.3542073,-1.2950945
1.3542224,-1.2950945
1.3542374,-1.2950945
1.3542525,-1.2488632
1.3542675,-1.2488632
1.3542825,-1.2488632
1.3542975,-1.2488632
1.3543125,-1.202632
1.3543276,-1.202632
1.3543426,-1.202632
1.3543576,-1.202632
1.3543726,-1.202632
1.3543876,-1.1564007
1.3544027,-1.1564007
1.3544177,-1.1564007
1.3544327,-1.1564007
1.3544477,-1.1101689
1.3544627,-1.1101689
1.3544778,-1.1101689
1.3544928,-1.1101689
1.3545078,-1.1101689
1.3545228,-1.0639377
1.3545378,-1.0639377
1.3545529,-1.0639377
1.3545679,-1.0639377
1.3545829,-1.0639377
1.3545979,-1.0177064
1.354613,-1.0177064
1.354628,-1.0177064
1.354643,-1.0177064
1.354658,-0.9714751
1.354673,-0.9714751
1.354688,-0.9714751
1.3547031,-0.9714751
1.3547181,-0.9714751
1.3547331,-0.9252434
1.3547481,-0.9252434
1.3547632,-0.9252434
1.3547782,-0.9252434
1.3547932,-0.8790121
1.3548082,-0.8790121
1.3548232,-0.8790121
1.3548383,-0.8790121
1.3548533,-0.8790121
1.3548683,-0.83278084
1.3548833,-0.83278084
1.3548983,-0.83278084
1.3549134,-0.83278084
1.3549284,-0.83278084
1.3549434,-0.78654957
1.3549584,-0.78654957
1.3549734,-0.78654957
1.3549885,-0.78654957
1.3550035,-0.78654957
1.3550185,-0.7403178
1.3550335,-0.7403178
1.3550485,-0.7403178
1.3550636,-0.7403178
1.3550786,-0.694087
1.3550936,-0.694087
1.3551086,-0.694087
1.3551236,-0.694087
1.3551387,-0.694087
1.3551537,-0.6478553
1.3551687,-0.6478553
1.3551837,-0.6478553
1.3551987,-0.6478553
1.3552138,-0.6478553
1.3552288,-0.601624
1.3552438,-0.601624
1.3552588,-0.601624
1.3552738,-0.601624
1.3552889,-0.55539227
1.3553039,-0.55539227
1.3553189,-0.55539227
1.3553339,-0.55539227
1.355349,-0.55539227
1.355364,-0.5091615
1.355379,-0.5091615
1.355394,-0.5091615
1.355409,-0.5091615
1.355424,-0.5091615
1.3554391,-0.46292973
1.3554541,-0.46292973
1.3554691,-0.46292973
1.3554841,-0.46292973
1.3554991,-0.46292973
1.3555142,-0.41669846
1.3555292,-0.41669846
1.3555442,-0.41669846
1.3555592,-0.41669846
1.3555743,-0.3704667
1.3555893,-0.3704667
1.3556043,-0.3704667
1.3556193,-0.3704667
1.3556343,-0.3704667
1.3556494,-0.32423592
1.3556644,-0.32423592
1.3556794,-0.32423592
1.3556944,-0.32423592
1.3557094,-0.27800417
1.3557245,-0.27800417
1.3557395,-0.27800417
1.3557545,-0.27800417
1.3557695,-0.27800417
1.3557845,-0.2317729
1.3557996,-0.2317729
1.3558146,-0.2317729
1.3558296,-0.2317729
1.3558446,-0.2317729
1.3558596,-0.18554163
1.3558747,-0.18554163
1.3558897,-0.18554163
1.3559047,-0.18554163
1.3559197,-0.13931036
1.3559347,-0.13931036
1.3559498,-0.13931036
1.3559648,-0.13931036
1.3559798,-0.13931036
1.3559948,-0.09307861
1.3560098,-0.09307861
1.3560249,-0.09307861
1.3560399,-0.09307861
1.3560549,-0.09307861
1.3560699,-0.046847343
1.356085,-0.046847343
1.3561,-0.046847343
1.356115,-0.046847343
1.35613,-6.160736E-4
1.356145,-6.160736E-4
1.35616,-6.160736E-4
1.3561751,-6.160736E-4
1.3561901,0.045615196
1.3562051,0.045615196
1.3562201,0.045615196
1.3562351,0.045615196
1.3562502,0.045615196
1.3562652,0.091846466
1.3562802,0.091846466
1.3562952,0.091846466
1.3563102,0.091846466
1.3563253,0.091846466
1.3563403,0.13807821
1.3563553,0.13807821
1.3563703,0.13807821
1.3563854,0.13807821
1.3564004,0.13807821
1.3564154,0.184309
1.3564304,0.184309
1.3564454,0.184309
1.3564605,0.184309
1.3564755,0.23054075
1.3564905,0.23054075
1.3565055,0.23054075
1.3565205,0.23054075
1.3565356,0.23054075
1.3565506,0.27677202
1.3565656,0.27677202
1.3565806,0.27677202
1.3565956,0.27677202
1.3566107,0.27677202
1.3566257,0.3230033
1.3566407,0.3230033
1.3566557,0.3230033
1.3566707,0.3230033
1.3566858,0.36923456
1.3567008,0.36923456
1.3567158,0.36923456
1.3567308,0.36923456
1.3567458,0.36923456
1.3567609,0.4154663
1.3567759,0.4154663
1.3567909,0.4154663
1.3568059,0.4154663
1.356821,0.4154663
1.356836,0.46169758
1.356851,0.46169758
1.356866,0.46169758
1.356881,0.46169758
1.356896,0.46169758
1.3569111,0.50792885
1.3569261,0.50792885
1.3569411,0.50792885
1.3569561,0.50792885
1.3569711,0.5541601
1.3569862,0.5541601
1.3570012,0.5541601
1.3570162,0.5541601
1.3570312,0.5541601
1.3570462,0.60039186
1.3570613,0.60039186
1.3570763,0.60039186
1.3570913,0.60039186
1.3571063,0.60039186
1.3571213,0.64662313
1.3571364,0.64662313
1.3571514,0.64662313
1.3571664,0.64662313
1.3571814,0.64662313
1.3571965,0.6928544
1.3572115,0.6928544
1.3572265,0.6928544
1.3572415,0.6928544
1.3572565,0.7390857
1.3572716,0.7390857
1.3572866,0.7390857
1.3573016,0.7390857
1.3573166,0.7390857
1.3573316,0.7853174
1.3573467,0.7853174
1.3573617,0.7853174
1.3573767,0.7853174
1.3573917,0.7853174
1.3574067,0.8315482
1.3574218,0.8315482
1.3574368,0.8315482
1.3574518,0.8315482
1.3574668,0.8315482
1.3574818,0.87777996
1.3574969,0.87777996
1.3575119,0.87777996
1.3575269,0.87777996
1.3575419,0.87777996
1.3575569,0.92401123
1.357572,0.92401123
1.357587,0.92401123
1.357602,0.92401123
1.357617,0.92401123
1.357632,0.970243
1.3576471,0.970243
1.3576621,0.970243
1.3576771,0.970243
1.3576921,0.970243
1.3577071,1.0164738
1.3577222,1.0164738
1.3577372,1.0164738
1.3577523,1.0164738
1.3577673,1.0627055
1.3577824,1.0627055
1.3577974,1.0627055
1.3578124,1.0627055
1.3578274,1.0627055
1.3578424,1.1089368
1.3578575,1.1089368
1.3578725,1.1089368
1.3578875,1.1089368
1.3579025,1.1089368
1.3579175,1.1551685
1.3579326,1.1551685
1.3579476,1.1551685
1.3579626,1.1551685
1.3579776,1.1551685
1.3579926,1.2013993
1.3580077,1.2013993
1.3580227,1.2013993
1.3580377,1.2013993
1.3580527,1.2013993
1.3580678,1.2476311
1.3580828,1.2476311
1.3580978,1.2476311
1.3581128,1.2476311
1.3581278,1.2476311
1.3581429,1.2938623
1.3581579,1.2938623
1.3581729,1.2938623
1.3581879,1.2938623
1.3582029,1.2938623
1.358218,1.3400936
1.358233,1.3400936
1.358248,1.3400936
1.358263,1.3400936
1.358278,1.3400936
1.358293,1.3863249
1.3583081,1.3863249
1.3583231,1.3863249
1.3583381,1.3863249
1.3583531,1.3863249
1.3583682,1.4325566
1.3583832,1.4325566
1.3583982,1.4325566
1.3584132,1.4325566
1.3584282,1.4325566
1.3584433,1.4787879
1.3584583,1.4787879
1.3584733,1.4787879
1.3584883,1.4787879
1.3585033,1.4787879
1.3585184,1.4787879
1.3585334,1.4787879
1.3585484,1.5250192
1.3585634,1.5250192
1.3585784,1.5250192
1.3585935,1.5250192
1.3586085,1.5250192
1.3586235,1.5250192
1.3586385,1.5712504
1.3586535,1.5712504
1.3586686,1.5712504
1.3586836,1.5712504
1.3586986,1.5712504
1.3587136,1.6174817
1.3587286,1.6174817
1.3587437,1.6174817
1.3587587,1.6174817
1.3587737,1.6174817
1.3587887,1.6637135
1.3588037,1.6637135
1.3588188,1.6637135
1.3588338,1.6637135
1.3588488,1.6637135
1.3588638,1.7099442
1.3588789,1.7099442
1.3588939,1.7099442
1.3589089,1.7099442
1.3589239,1.7099442
1.3589389,1.756176
1.358954,1.756176
1.358969,1.756176
1.358984,1.756176
1.358999,1.756176
1.359014,1.756176
1.359029,1.756176
1.3590441,1.7099442
1.3590591,1.7099442
1.3590741,1.7099442
1.3590891,1.7099442
1.3591042,1.6637135
1.3591192,1.6637135
1.3591342,1.6637135
1.3591492,1.6637135
1.3591642,1.6637135
1.3591793,1.6174817
1.3591943,1.6174817
1.3592093,1.6174817
1.3592243,1.6174817
1.3592393,1.5712504
1.3592544,1.5712504
1.3592694,1.5712504
1.3592844,1.5712504
1.3592994,1.5250192
1.3593144,1.5250192
1.3593295,1.5250192
1.3593445,1.5250192
1.3593595,1.5250192
1.3593745,1.4787879
1.3593895,1.4787879
1.3594046,1.4787879
1.3594196,1.4787879
1.3594346,1.4787879
1.3594496,1.4787879
1.3594646,1.4787879
1.3594797,1.4325566
1.3594947,1.4325566
1.3595097,1.4325566
1.3595247,1.4325566
1.3595397,1.3863249
1.3595548,1.3863249
1.3595698,1.3863249
1.3595848,1.3863249
1.3595998,1.3400936
1.3596148,1.3400936
1.3596299,1.3400936
1.3596449,1.3400936
1.3596599,1.3400936
1.3596749,1.2938623
1.35969,1.2938623
1.359705,1.2938623
1.35972,1.2938623
1.359735,1.2476311
1.35975,1.2476311
1.359765,1.2476311
1.3597801,1.2476311
1.3597951,1.2476311
1.3598101,1.2013993
1.3598251,1.2013993
1.3598402,1.2013993
1.3598552,1.2013993
1.3598702,1.1551685
1.3598852,1.1551685
1.3599002,1.1551685
1.3599153,1.1551685
1.3599303,1.1089368
1.3599453,1.1089368
1.3599603,1.1089368
1.3599753,1.1089368
1.3599904,1.1089368
1.3600054,1.0627055
1.3600204,1.0627055
1.3600354,1.0627055
1.3600504,1.0627055
1.3600655,1.0164738
1.3600805,1.0164738
1.3600955,1.0164738
1.3601105,1.0164738
1.3601255,0.970243
1.3601406,0.970243
1.3601556,0.970243
1.3601706,0.970243
1.3601856,0.970243
1.3602006,0.92401123
1.3602157,0.92401123
1.3602307,0.92401123
1.3602457,0.92401123
1.3602607,0.87777996
1.3602757,0.87777996
1.3602908,0.87777996
1.3603058,0.87777996
1.3603208,0.87777996
1.3603358,0.8315482
1.3603508,0.8315482
1.3603659,0.8315482
1.3603809,0.8315482
1.3603959,0.7853174
1.3604109,0.7853174
1.360426,0.7853174
1.360441,0.7853174
1.360456,0.7853174
1.360471,0.7390857
1.360486,0.7390857
1.360501,0.7390857
1.3605161,0.7390857
1.3605311,0.6928544
1.3605461,0.6928544
1.3605611,0.6928544
1.3605762,0.6928544
1.3605912,0.64662313
1.3606062,0.64662313
1.3606212,0.64662313
1.3606362,0.64662313
1.3606513,0.64662313
1.3606663,0.60039186
1.3606813,0.60039186
1.3606963,0.60039186
1.3607113,0.60039186
1.3607264,0.5541601
1.3607414,0.5541601
1.3607564,0.5541601
1.3607714,0.5541601
1.3607864,0.5541601
1.3608015,0.50792885
1.3608165,0.50792885
1.3608315,0.50792885
1.3608465,0.50792885
1.3608615,0.46169758
1.3608766,0.46169758
1.3608916,0.46169758
1.3609066,0.46169758
1.3609216,0.46169758
1.3609366,0.4154663
1.3609517,0.4154663
1.3609667,0.4154663
1.3609817,0.4154663
1.3609967,0.36923456
1.3610117,0.36923456
1.3610268,0.36923456
1.3610418,0.36923456
1.3610568,0.3230033
1.3610718,0.3230033
1.3610868,0.3230033
1.3611019,0.3230033
1.3611169,0.3230033
1.3611319,0.27677202
1.3611469,0.27677202
1.361162,0.27677202
1.361177,0.27677202
1.361192,0.23054075
1.361207,0.23054075
1.361222,0.23054075
1.361237,0.23054075
1.3612521,0.23054075
1.3612672,0.184309
1.3612822,0.184309
1.3612972,0.184309
1.3613123,0.184309
1.3613273,0.13807821
1.3613423,0.13807821
1.3613573,0.13807821
1.3613724,0.13807821
1.3613874,0.13807821
1.3614024,0.091846466
1.3614174,0.091846466
1.3614324,0.091846466
1.3614475,0.091846466
1.3614625,0.045615196
1.3614775,0.045615196
1.3614925,0.045615196
1.3615075,0.045615196
1.3615226,0.045615196
1.3615376,-6.160736E-4
1.3615526,-6.160736E-4
1.3615676,-6.160736E-4
1.3615826,-6.160736E-4
1.3615977,-0.046847343
1.3616127,-0.046847343
1.3616277,-0.046847343
1.3616427,-0.046847343
1.3616577,-0.09307861
1.3616728,-0.09307861
1.3616878,-0.09307861
1.3617028,-0.09307861
1.3617178,-0.09307861
1.3617328,-0.13931036
1.3617479,-0.13931036
1.3617629,-0.13931036
1.3617779,-0.13931036
1.3617929,-0.18554163
1.361808,-0.18554163
1.361823,-0.18554163
1.361838,-0.18554163
1.361853,-0.18554163
1.361868,-0.2317729
1.361883,-0.2317729
1.3618981,-0.2317729
1.3619131,-0.2317729
1.3619281,-0.27800417
1.3619431,-0.27800417
1.3619581,-0.27800417
1.3619732,-0.27800417
1.3619882,-0.27800417
1.3620032,-0.32423592
1.3620182,-0.32423592
1.3620332,-0.32423592
1.3620483,-0.32423592
1.3620633,-0.3704667
1.3620783,-0.3704667
1.3620933,-0.3704667
1.3621083,-0.3704667
1.3621234,-0.3704667
1.3621384,-0.41669846
1.3621534,-0.41669846
1.3621684,-0.41669846
1.3621835,-0.41669846
1.3621985,-0.46292973
1.3622135,-0.46292973
1.3622285,-0.46292973
1.3622435,-0.46292973
1.3622586,-0.46292973
1.3622736,-0.5091615
1.3622886,-0.5091615
1.3623036,-0.5091615
1.3623186,-0.5091615
1.3623337,-0.55539227
1.3623487,-0.55539227
1.3623637,-0.55539227
1.3623787,-0.55539227
1.3623937,-0.55539227
1.3624088,-0.601624
1.3624238,-0.601624
1.3624388,-0.601624
1.3624538,-0.601624
1.3624688,-0.601624
1.3624839,-0.6478553
1.3624989,-0.6478553
1.3625139,-0.6478553
1.3625289,-0.6478553
1.362544,-0.694087
1.362559,-0.694087
1.362574,-0.694087
1.362589,-0.694087
1.362604,-0.694087
1.362619,-0.7403178
1.3626341,-0.7403178
1.3626491,-0.7403178
1.3626641,-0.7403178
1.3626791,-0.7403178
1.3626941,-0.78654957
1.3627092,-0.78654957
1.3627242,-0.78654957
1.3627392,-0.78654957
1.3627542,-0.83278084
1.3627692,-0.83278084
1.3627843,-0.83278084
1.3627993,-0.83278084
1.3628143,-0.83278084
1.3628293,-0.8790121
1.3628443,-0.8790121
1.3628594,-0.8790121
1.3628744,-0.8790121
1.3628894,-0.8790121
1.3629044,-0.9252434
1.3629194,-0.9252434
1.3629345,-0.9252434
1.3629495,-0.9252434
1.3629645,-0.9252434
1.3629795,-0.9714751
1.3629946,-0.9714751
1.3630096,-0.9714751
1.3630246,-0.9714751
1.3630396,-1.0177064
1.3630546,-1.0177064
1.3630697,-1.0177064
1.3630847,-1.0177064
1.3630997,-1.0177064
1.3631147,-1.0639377
1.3631297,-1.0639377
1.3631448,-1.0639377
1.3631598,-1.0639377
1.3631748,-1.0639377
1.3631898,-1.1101689
1.3632048,-1.1101689
1.3632199,-1.1101689
1.3632349,-1.1101689
1.3632499,-1.1101689
1.3632649,-1.1564007
1.3632799,-1.1564007
1.363295,-1.1564007
1.36331,-1.1564007
1.363325,-1.202632
1.36334,-1.202632
1.363355,-1.202632
1.3633701,-1.202632
1.3633851,-1.202632
1.3634001,-1.2488632
1.3634151,-1.2488632
1.3634301,-1.2488632
1.3634452,-1.2488632
1.3634602,-1.2488632
1.3634752,-1.2950945
1.3634902,-1.2950945
1.3635052,-1.2950945
1.3635203,-1.2950945
1.3635353,-1.2950945
1.3635503,-1.3413262
1.3635653,-1.3413262
1.3635803,-1.3413262
1.3635954,-1.3413262
1.3636104,-1.3413262
1.3636254,-1.387557
1.3636404,-1.387557
1.3636554,-1.387557
1.3636705,-1.387557
1.3636855,-1.387557
1.3637005,-1.4337888
1.3637155,-1.4337888
1.3637305,-1.4337888
1.3637456,-1.4337888
1.3637606,-1.48002
1.3637756,-1.48002
1.3637906,-1.48002
1.3638057,-1.48002
1.3638207,-1.48002
1.3638357,-1.48002
1.3638507,-1.48002
1.3638657,-1.48002
1.3638808,-1.5262513
1.3638958,-1.5262513
1.3639108,-1.5262513
1.3639258,-1.5262513
1.3639408,-1.5262513
1.3639559,-1.5724826
1.3639709,-1.5724826
1.3639859,-1.5724826
1.3640009,-1.5724826
1.3640159,-1.5724826
1.364031,-1.6187139
1.364046,-1.6187139
1.364061,-1.6187139
1.364076,-1.6187139
1.364091,-1.6187139
1.364106,-1.6187139
1.3641211,-1.6187139
1.3641361,-1.6187139
1.3641511,-1.5724826
1.3641661,-1.5724826
1.3641812,-1.5724826
1.3641962,-1.5724826
1.3642112,-1.5724826
1.3642262,-1.5262513
1.3642412,-1.5262513
1.3642563,-1.5262513
1.3642713,-1.5262513
1.3642863,-1.48002
1.3643013,-1.48002
1.3643163,-1.48002
1.3643314,-1.48002
1.3643464,-1.48002
1.3643614,-1.48002
1.3643764,-1.48002
1.3643914,-1.4337888
1.3644065,-1.4337888
1.3644215,-1.4337888
1.3644365,-1.4337888
1.3644515,-1.4337888
1.3644665,-1.387557
1.3644816,-1.387557
1.3644966,-1.387557
1.3645116,-1.387557
1.3645266,-1.387557
1.3645416,-1.3413262
1.3645567,-1.3413262
1.3645717,-1.3413262
1.3645867,-1.3413262
1.3646017,-1.2950945
1.3646168,-1.2950945
1.3646318,-1.2950945
1.3646468,-1.2950945
1.3646618,-1.2950945
1.3646768,-1.2488632
1.3646919,-1.2488632
1.3647069,-1.2488632
1.3647219,-1.2488632
1.3647369,-1.2488632
1.3647519,-1.202632
1.364767,-1.202632
1.364782,-1.202632
1.3647971,-1.202632
1.3648121,-1.1564007
1.3648272,-1.1564007
1.3648422,-1.1564007
1.3648572,-1.1564007
1.3648722,-1.1564007
1.3648872,-1.1101689
1.3649023,-1.1101689
1.3649173,-1.1101689
1.3649323,-1.1101689
1.3649473,-1.1101689
1.3649623,-1.0639377
1.3649774,-1.0639377
1.3649924,-1.0639377
1.3650074,-1.0639377
1.3650224,-1.0177064
1.3650374,-1.0177064
1.3650525,-1.0177064
1.3650675,-1.0177064
1.3650825,-1.0177064
1.3650975,-0.9714751
1.3651125,-0.9714751
1.3651276,-0.9714751
1.3651426,-0.9714751
1.3651576,-0.9252434
1.3651726,-0.9252434
1.3651876,-0.9252434
1.3652027,-0.9252434
1.3652177,-0.9252434
1.3652327,-0.8790121
1.3652477,-0.8790121
1.3652627,-0.8790121
1.3652778,-0.8790121
1.3652928,-0.8790121
1.3653078,-0.83278084
1.3653228,-0.83278084
1.3653378,-0.83278084
1.3653529,-0.83278084
1.3653679,-0.78654957
1.3653829,-0.78654957
1.3653979,-0.78654957
1.365413,-0.78654957
1.365428,-0.78654957
1.365443,-0.7403178
1.365458,-0.7403178
1.365473,-0.7403178
1.365488,-0.7403178
1.3655031,-0.7403178
1.3655181,-0.694087
1.3655331,-0.694087
1.3655481,-0.694087
1.3655632,-0.694087
1.3655782,-0.694087
1.3655932,-0.6478553
1.3656082,-0.6478553
1.3656232,-0.6478553
1.3656383,-0.6478553
1.3656533,-0.601624
1.3656683,-0.601624
1.3656833,-0.601624
1.3656983,-0.601624
1.3657134,-0.601624
1.3657284,-0.55539227
1.3657434,-0.55539227
1.3657584,-0.55539227
1.3657734,-0.55539227
1.3657885,-0.55539227
1.3658035,-0.5091615
1.3658185,-0.5091615
1.3658335,-0.5091615
1.3658485,-0.5091615
1.3658636,-0.46292973
1.3658786,-0.46292973
1.3658936,-0.46292973
1.3659086,-0.46292973
1.3659236,-0.46292973
1.3659387,-0.41669846
1.3659537,-0.41669846
1.3659687,-0.41669846
1.3659837,-0.41669846
1.3659987,-0.41669846
1.3660138,-0.3704667
1.3660288,-0.3704667
1.3660438,-0.3704667
1.3660588,-0.3704667
1.3660738,-0.32423592
1.3660889,-0.32423592
1.3661039,-0.32423592
1.3661189,-0.32423592
1.3661339,-0.32423592
1.366149,-0.27800417
1.366164,-0.27800417
1.366179,-0.27800417
1.366194,-0.27800417
1.366209,-0.2317729
1.366224,-0.2317729
1.3662391,-0.2317729
1.3662541,-0.2317729
1.3662691,-0.2317729
1.3662841,-0.18554163
1.3662992,-0.18554163
1.3663142,-0.18554163
1.3663292,-0.18554163
1.3663442,-0.18554163
1.3663592,-0.13931036
1.3663743,-0.13931036
1.3663893,-0.13931036
1.3664043,-0.13931036
1.3664193,-0.13931036
1.3664343,-0.09307861
1.3664494,-0.09307861
1.3664644,-0.09307861
1.3664794,-0.09307861
1.3664944,-0.046847343
1.3665094,-0.046847343
1.3665245,-0.046847343
1.3665395,-0.046847343
1.3665545,-0.046847343
1.3665695,-6.160736E-4
1.3665845,-6.160736E-4
1.3665996,-6.160736E-4
1.3666146,-6.160736E-4
1.3666296,0.045615196
1.3666446,0.045615196
1.3666596,0.045615196
1.3666747,0.045615196
1.3666897,0.045615196
1.3667047,0.091846466
1.3667197,0.091846466
1.3667347,0.091846466
1.3667498,0.091846466
1.3667648,0.13807821
1.3667798,0.13807821
1.3667948,0.13807821
1.3668098,0.13807821
1.3668249,0.13807821
1.3668399,0.184309
1.3668549,0.184309
1.3668699,0.184309
1.366885,0.184309
1.3669,0.184309
1.366915,0.23054075
1.36693,0.23054075
1.366945,0.23054075
1.36696,0.23054075
1.3669751,0.23054075
1.3669901,0.27677202
1.3670051,0.27677202
1.3670201,0.27677202
1.3670352,0.27677202
1.3670502,0.3230033
1.3670652,0.3230033
1.3670802,0.3230033
1.3670952,0.3230033
1.3671103,0.3230033
1.3671253,0.36923456
1.3671403,0.36923456
1.3671553,0.36923456
1.3671703,0.36923456
1.3671854,0.36923456
1.3672004,0.4154663
1.3672154,0.4154663
1.3672304,0.4154663
1.3672454,0.4154663
1.3672605,0.46169758
1.3672755,0.46169758
1.3672905,0.46169758
1.3673055,0.46169758
1.3673205,0.46169758
1.3673356,0.50792885
1.3673506,0.50792885
1.3673656,0.50792885
1.3673806,0.50792885
1.3673956,0.50792885
1.3674107,0.5541601
1.3674257,0.5541601
1.3674407,0.5541601
1.3674557,0.5541601
1.3674707,0.5541601
1.3674858,0.60039186
1.3675008,0.60039186
1.3675158,0.60039186
1.3675308,0.60039186
1.3675458,0.64662313
1.3675609,0.64662313
1.3675759,0.64662313
1.3675909,0.64662313
1.3676059,0.64662313
1.367621,0.6928544
1.367636,0.6928544
1.367651,0.6928544
1.367666,0.6928544
1.367681,0.6928544
1.367696,0.7390857
1.3677111,0.7390857
1.3677261,0.7390857
1.3677411,0.7390857
1.3677561,0.7390857
1.3677711,0.7853174
1.3677862,0.7853174
1.3678012,0.7853174
1.3678162,0.7853174
1.3678312,0.7853174
1.3678463,0.8315482
1.3678613,0.8315482
1.3678763,0.8315482
1.3678913,0.8315482
1.3679063,0.8315482
1.3679214,0.87777996
1.3679364,0.87777996
1.3679514,0.87777996
1.3679664,0.87777996
1.3679814,0.87777996
1.3679965,0.92401123
1.3680115,0.92401123
1.3680265,0.92401123
1.3680415,0.92401123
1.3680565,0.970243
1.3680716,0.970243
1.3680866,0.970243
1.3681016,0.970243
1.3681166,0.970243
1.3681316,1.0164738
1.3681467,1.0164738
1.3681617,1.0164738
1.3681767,1.0164738
1.3681917,1.0164738
1.3682067,1.0627055
1.3682218,1.0627055
1.3682368,1.0627055
1.3682518,1.0627055
1.3682668,1.0627055
1.3682818,1.1089368
1.3682969,1.1089368
1.368312,1.1089368
1.368327,1.1089368
1.368342,1.1551685
1.3683571,1.1551685
1.3683721,1.1551685
1.3683871,1.1551685
1.3684021,1.1551685
1.3684171,1.1551685
1.3684322,1.2013993
1.3684472,1.2013993
1.3684622,1.2013993
1.3684772,1.2013993
1.3684922,1.2013993
1.3685073,1.2476311
1.3685223,1.2476311
1.3685373,1.2476311
1.3685523,1.2476311
1.3685673,1.2938623
1.3685824,1.2938623
1.3685974,1.2938623
1.3686124,1.2938623
1.3686274,1.2938623
1.3686424,1.3400936
1.3686575,1.3400936
1.3686725,1.3400936
1.3686875,1.3400936
1.3687025,1.3400936
1.3687176,1.3863249
1.3687326,1.3863249
1.3687476,1.3863249
1.3687626,1.3863249
1.3687776,1.3863249
1.3687927,1.4325566
1.3688077,1.4325566
1.3688227,1.4325566
1.3688377,1.4325566
1.3688527,1.4325566
1.3688678,1.4787879
1.3688828,1.4787879
1.3688978,1.4787879
1.3689128,1.4787879
1.3689278,1.4787879
1.3689429,1.4787879
1.3689579,1.4787879
1.3689729,1.4787879
1.3689879,1.5250192
1.3690029,1.5250192
1.369018,1.5250192
1.369033,1.5250192
1.369048,1.5250192
1.369063,1.5712504
1.369078,1.5712504
1.3690931,1.5712504
1.3691081,1.5712504
1.3691231,1.5712504
1.3691381,1.6174817
1.3691531,1.6174817
1.3691682,1.6174817
1.3691832,1.6174817
1.3691982,1.6174817
1.3692132,1.6637135
1.3692282,1.6637135
1.3692433,1.6637135
1.3692583,1.6637135
1.3692733,1.6637135
1.3692883,1.7099442
1.3693033,1.7099442
1.3693184,1.7099442
1.3693334,1.7099442
1.3693484,1.7099442
1.3693634,1.7099442
1.3693784,1.756176
1.3693935,1.756176
1.3694085,1.756176
1.3694235,1.756176
1.3694385,1.756176
1.3694535,1.756176
1.3694686,1.756176
1.3694836,1.7099442
1.3694986,1.7099442
1.3695136,1.7099442
1.3695287,1.7099442
1.3695437,1.6637135
1.3695587,1.6637135
1.3695737,1.6637135
1.3695887,1.6637135
1.3696038,1.6174817
1.3696188,1.6174817
1.3696338,1.6174817
1.3696488,1.6174817
1.3696638,1.6174817
1.3696789,1.5712504
1.3696939,1.5712504
1.3697089,1.5712504
1.3697239,1.5712504
1.3697389,1.5250192
1.369754,1.5250192
1.369769,1.5250192
1.369784,1.5250192
1.369799,1.4787879
1.369814,1.4787879
1.369829,1.4787879
1.3698441,1.4787879
1.3698591,1.4787879
1.3698741,1.4787879
1.3698891,1.4787879
1.3699042,1.4325566
1.3699192,1.4325566
1.3699342,1.4325566
1.3699492,1.4325566
1.3699642,1.3863249
1.3699793,1.3863249
1.3699943,1.3863249
1.3700093,1.3863249
1.3700243,1.3863249
1.3700393,1.3400936
1.3700544,1.3400936
1.3700694,1.3400936
1.3700844,1.3400936
1.3700994,1.2938623
1.3701144,1.2938623
1.3701295,1.2938623
1.3701445,1.2938623
1.3701595,1.2938623
1.3701745,1.2476311
1.3701895,1.2476311
1.3702046,1.2476311
1.3702196,1.2476311
1.3702346,1.2013993
1.3702496,1.2013993
1.3702646,1.2013993
1.3702797,1.2013993
1.3702947,1.1551685
1.3703097,1.1551685
1.3703247,1.1551685
1.3703398,1.1551685
1.3703548,1.1551685
1.3703698,1.1089368
1.3703848,1.1089368
1.3703998,1.1089368
1.3704149,1.1089368
1.3704299,1.0627055
1.3704449,1.0627055
1.3704599,1.0627055
1.3704749,1.0627055
1.37049,1.0627055
1.370505,1.0164738
1.37052,1.0164738
1.370535,1.0164738
1.37055,1.0164738
1.370565,0.970243
1.3705801,0.970243
1.3705951,0.970243
1.3706101,0.970243
1.3706251,0.970243
1.3706402,0.92401123
1.3706552,0.92401123
1.3706702,0.92401123
1.3706852,0.92401123
1.3707002,0.87777996
1.3707153,0.87777996
1.3707303,0.87777996
1.3707453,0.87777996
1.3707603,0.8315482
1.3707753,0.8315482
1.3707904,0.8315482
1.3708054,0.8315482
1.3708204,0.8315482
1.3708354,0.7853174
1.3708504,0.7853174
1.3708655,0.7853174
1.3708805,0.7853174
1.3708955,0.7390857
1.3709105,0.7390857
1.3709255,0.7390857
1.3709406,0.7390857
1.3709556,0.7390857
1.3709706,0.6928544
1.3709856,0.6928544
1.3710006,0.6928544
1.3710157,0.6928544
1.3710307,0.64662313
1.3710457,0.64662313
1.3710607,0.64662313
1.3710757,0.64662313
1.3710908,0.64662313
1.3711058,0.60039186
1.3711208,0.60039186
1.3711358,0.60039186
1.3711509,0.60039186
1.3711659,0.5541601
1.3711809,0.5541601
1.3711959,0.5541601
1.3712109,0.5541601
1.371226,0.50792885
1.371241,0.50792885
1.371256,0.50792885
1.371271,0.50792885
1.371286,0.50792885
1.371301,0.46169758
1.3713161,0.46169758
1.3713311,0.46169758
1.3713461,0.46169758
1.3713611,0.4154663
1.3713762,0.4154663
1.3713912,0.4154663
1.3714062,0.4154663
1.3714212,0.4154663
1.3714362,0.36923456
1.3714513,0.36923456
1.3714663,0.36923456
1.3714813,0.36923456
1.3714963,0.3230033
1.3715113,0.3230033
1.3715264,0.3230033
1.3715414,0.3230033
1.3715564,0.27677202
1.3715714,0.27677202
1.3715864,0.27677202
1.3716015,0.27677202
1.3716165,0.27677202
1.3716315,0.23054075
1.3716465,0.23054075
1.3716615,0.23054075
1.3716766,0.23054075
1.3716916,0.184309
1.3717066,0.184309
1.3717216,0.184309
1.3717366,0.184309
1.3717517,0.184309
1.3717667,0.13807821
1.3717817,0.13807821
1.3717967,0.13807821
1.3718117,0.13807821
1.3718268,0.091846466
1.3718419,0.091846466
1.3718569,0.091846466
1.371872,0.091846466
1.371887,0.091846466
1.371902,0.045615196
1.371917,0.045615196
1.371932,0.045615196
1.371947,0.045615196
1.3719621,-6.160736E-4
1.3719771,-6.160736E-4
1.3719921,-6.160736E-4
1.3720071,-6.160736E-4
1.3720222,-0.046847343
1.3720372,-0.046847343
1.3720522,-0.046847343
1.3720672,-0.046847343
1.3720822,-0.046847343
1.3720973,-0.09307861
1.3721123,-0.09307861
1.3721273,-0.09307861
1.3721423,-0.09307861
1.3721573,-0.13931036
1.3721724,-0.13931036
1.3721874,-0.13931036
1.3722024,-0.13931036
1.3722174,-0.13931036
1.3722324,-0.18554163
1.3722475,-0.18554163
1.3722625,-0.18554163
1.3722775,-0.18554163
1.3722925,-0.2317729
1.3723075,-0.2317729
1.3723226,-0.2317729
1.3723376,-0.2317729
1.3723526,-0.2317729
1.3723676,-0.27800417
1.3723826,-0.27800417
1.3723977,-0.27800417
1.3724127,-0.27800417
1.3724277,-0.32423592
1.3724427,-0.32423592
1.3724577,-0.32423592
1.3724728,-0.32423592
1.3724878,-0.32423592
1.3725028,-0.3704667
1.3725178,-0.3704667
1.3725328,-0.3704667
1.3725479,-0.3704667
1.3725629,-0.41669846
1.3725779,-0.41669846
1.3725929,-0.41669846
1.372608,-0.41669846
1.372623,-0.41669846
1.372638,-0.46292973
1.372653,-0.46292973
1.372668,-0.46292973
1.372683,-0.46292973
1.3726981,-0.5091615
1.3727131,-0.5091615
1.3727281,-0.5091615
1.3727431,-0.5091615
1.3727582,-0.5091615
1.3727732,-0.55539227
1.3727882,-0.55539227
1.3728032,-0.55539227
1.3728182,-0.55539227
1.3728333,-0.55539227
1.3728483,-0.601624
1.3728633,-0.601624
1.3728783,-0.601624
1.3728933,-0.601624
1.3729084,-0.6478553
1.3729234,-0.6478553
1.3729384,-0.6478553
1.3729534,-0.6478553
1.3729684,-0.6478553
1.3729835,-0.694087
1.3729985,-0.694087
1.3730135,-0.694087
1.3730285,-0.694087
1.3730435,-0.694087
1.3730586,-0.7403178
1.3730736,-0.7403178
1.3730886,-0.7403178
1.3731036,-0.7403178
1.3731186,-0.78654957
1.3731337,-0.78654957
1.3731487,-0.78654957
1.3731637,-0.78654957
1.3731787,-0.78654957
1.3731937,-0.83278084
1.3732088,-0.83278084
1.3732238,-0.83278084
1.3732388,-0.83278084
1.3732538,-0.83278084
1.3732688,-0.8790121
1.3732839,-0.8790121
1.3732989,-0.8790121
1.3733139,-0.8790121
1.3733289,-0.9252434
1.373344,-0.9252434
1.373359,-0.9252434
1.373374,-0.9252434
1.373389,-0.9252434
1.373404,-0.9714751
1.373419,-0.9714751
1.3734341,-0.9714751
1.3734491,-0.9714751
1.3734641,-0.9714751
1.3734791,-1.0177064
1.3734941,-1.0177064
1.3735092,-1.0177064
1.3735242,-1.0177064
1.3735392,-1.0177064
1.3735542,-1.0639377
1.3735693,-1.0639377
1.3735843,-1.0639377
1.3735993,-1.0639377
1.3736143,-1.1101689
1.3736293,-1.1101689
1.3736444,-1.1101689
1.3736594,-1.1101689
1.3736744,-1.1101689
1.3736894,-1.1564007
1.3737044,-1.1564007
1.3737195,-1.1564007
1.3737345,-1.1564007
1.3737495,-1.1564007
1.3737645,-1.202632
1.3737795,-1.202632
1.3737946,-1.202632
1.3738096,-1.202632
1.3738246,-1.202632
1.3738396,-1.2488632
1.3738546,-1.2488632
1.3738697,-1.2488632
1.3738847,-1.2488632
1.3738997,-1.2950945
1.3739147,-1.2950945
1.3739297,-1.2950945
1.3739448,-1.2950945
1.3739598,-1.2950945
1.3739748,-1.3413262
1.3739898,-1.3413262
1.3740048,-1.3413262
1.3740199,-1.3413262
1.3740349,-1.3413262
1.3740499,-1.387557
1.3740649,-1.387557
1.37408,-1.387557
1.374095,-1.387557
1.37411,-1.387557
1.374125,-1.4337888
1.37414,-1.4337888
1.374155,-1.4337888
1.3741701,-1.4337888
1.3741851,-1.4337888
1.3742001,-1.48002
1.3742151,-1.48002
1.3742301,-1.48002
1.3742452,-1.48002
1.3742602,-1.48002
1.3742752,-1.48002
1.3742902,-1.48002
1.3743052,-1.48002
1.3743203,-1.5262513
1.3743353,-1.5262513
1.3743503,-1.5262513
1.3743653,-1.5262513
1.3743804,-1.5724826
1.3743954,-1.5724826
1.3744104,-1.5724826
1.3744254,-1.5724826
1.3744404,-1.5724826
1.3744555,-1.6187139
1.3744705,-1.6187139
1.3744855,-1.6187139
1.3745005,-1.6187139
1.3745155,-1.6187139
1.3745306,-1.6187139
1.3745456,-1.6187139
1.3745606,-1.6187139
1.3745756,-1.6187139
1.3745906,-1.5724826
1.3746057,-1.5724826
1.3746207,-1.5724826
1.3746357,-1.5724826
1.3746507,-1.5262513
1.3746657,-1.5262513
1.3746808,-1.5262513
1.3746958,-1.5262513
1.3747108,-1.5262513
1.3747258,-1.48002
1.3747408,-1.48002
1.3747559,-1.48002
1.3747709,-1.48002
1.3747859,-1.48002
1.3748009,-1.48002
1.374816,-1.48002
1.374831,-1.4337888
1.374846,-1.4337888
1.374861,-1.4337888
1.374876,-1.4337888
1.374891,-1.4337888
1.3749061,-1.387557
1.3749211,-1.387557
1.3749361,-1.387557
1.3749511,-1.387557
1.3749661,-1.3413262
1.3749812,-1.3413262
1.3749962,-1.3413262
1.3750112,-1.3413262
1.3750262,-1.3413262
1.3750412,-1.2950945
1.3750563,-1.2950945
1.3750713,-1.2950945
1.3750863,-1.2950945
1.3751013,-1.2950945
1.3751163,-1.2488632
1.3751314,-1.2488632
1.3751464,-1.2488632
1.3751614,-1.2488632
1.3751764,-1.202632
1.3751915,-1.202632
1.3752065,-1.202632
1.3752215,-1.202632
1.3752365,-1.202632
1.3752515,-1.1564007
1.3752666,-1.1564007
1.3752816,-1.1564007
1.3752966,-1.1564007
1.3753116,-1.1564007
1.3753266,-1.1101689
1.3753417,-1.1101689
1.3753568,-1.1101689
1.3753718,-1.1101689
1.3753868,-1.0639377
1.3754019,-1.0639377
1.3754169,-1.0639377
1.3754319,-1.0639377
1.3754469,-1.0639377
1.3754619,-1.0177064
1.375477,-1.0177064
1.375492,-1.0177064
1.375507,-1.0177064
1.375522,-0.9714751
1.375537,-0.9714751
1.375552,-0.9714751
1.3755671,-0.9714751
1.3755821,-0.9714751
1.3755971,-0.9252434
1.3756121,-0.9252434
1.3756272,-0.9252434
1.3756422,-0.9252434
1.3756572,-0.9252434
1.3756722,-0.8790121
1.3756872,-0.8790121
1.3757023,-0.8790121
1.3757173,-0.8790121
1.3757323,-0.83278084
1.3757473,-0.83278084
1.3757623,-0.83278084
1.3757774,-0.83278084
1.3757924,-0.83278084
1.3758074,-0.78654957
1.3758224,-0.78654957
1.3758374,-0.78654957
1.3758525,-0.78654957
1.3758675,-0.78654957
1.3758825,-0.7403178
1.3758975,-0.7403178
1.3759125,-0.7403178
1.3759276,-0.7403178
1.3759426,-0.694087
1.3759576,-0.694087
1.3759726,-0.694087
1.3759876,-0.694087
1.3760027,-0.694087
1.3760177,-0.6478553
1.3760327,-0.6478553
1.3760477,-0.6478553
1.3760628,-0.6478553
1.3760778,-0.6478553
1.3760928,-0.601624
1.3761078,-0.601624
1.3761228,-0.601624
1.3761379,-0.601624
1.3761529,-0.55539227
1.3761679,-0.55539227
1.3761829,-0.55539227
1.3761979,-0.55539227
1.376213,-0.55539227
1.376228,-0.5091615
1.376243,-0.5091615
1.376258,-0.5091615
1.376273,-0.5091615
1.376288,-0.5091615
1.3763031,-0.46292973
1.3763181,-0.46292973
1.3763331,-0.46292973
1.3763481,-0.46292973
1.3763632,-0.46292973
1.3763782,-0.41669846
1.3763932,-0.41669846
1.3764082,-0.41669846
1.3764232,-0.41669846
1.3764383,-0.3704667
1.3764533,-0.3704667
1.3764683,-0.3704667
1.3764833,-0.3704667
1.3764983,-0.3704667
1.3765134,-0.32423592
1.3765284,-0.32423592
1.3765434,-0.32423592
1.3765584,-0.32423592
1.3765734,-0.27800417
1.3765885,-0.27800417
1.3766035,-0.27800417
1.3766185,-0.27800417
1.3766335,-0.27800417
1.3766485,-0.2317729
1.3766636,-0.2317729
1.3766786,-0.2317729
1.3766936,-0.2317729
1.3767086,-0.2317729
1.3767236,-0.18554163
1.3767387,-0.18554163
1.3767537,-0.18554163
1.3767687,-0.18554163
1.3767837,-0.13931036
1.3767987,-0.13931036
1.3768138,-0.13931036
1.3768288,-0.13931036
1.3768438,-0.13931036
1.3768588,-0.09307861
1.3768739,-0.09307861
1.3768889,-0.09307861
1.3769039,-0.09307861
1.3769189,-0.09307861
1.3769339,-0.046847343
1.376949,-0.046847343
1.376964,-0.046847343
1.376979,-0.046847343
1.376994,-6.160736E-4
1.377009,-6.160736E-4
1.377024,-6.160736E-4
1.3770391,-6.160736E-4
1.3770541,-6.160736E-4
1.3770691,0.045615196
1.3770841,0.045615196
1.3770992,0.045615196
1.3771142,0.045615196
1.3771292,0.091846466
1.3771442,0.091846466
1.3771592,0.091846466
1.3771743,0.091846466
1.3771893,0.091846466
1.3772043,0.13807821
1.3772193,0.13807821
1.3772343,0.13807821
1.3772494,0.13807821
1.3772644,0.13807821
1.3772794,0.184309
1.3772944,0.184309
1.3773094,0.184309
1.3773245,0.184309
1.3773395,0.23054075
1.3773545,0.23054075
1.3773695,0.23054075
1.3773845,0.23054075
1.3773996,0.23054075
1.3774146,0.27677202
1.3774296,0.27677202
1.3774446,0.27677202
1.3774596,0.27677202
1.3774747,0.27677202
1.3774897,0.3230033
1.3775047,0.3230033
1.3775197,0.3230033
1.3775347,0.3230033
1.3775498,0.3230033
1.3775648,0.36923456
1.3775798,0.36923456
1.3775948,0.36923456
1.3776098,0.36923456
1.3776249,0.4154663
1.3776399,0.4154663
1.3776549,0.4154663
1.3776699,0.4154663
1.377685,0.4154663
1.3777,0.46169758
1.377715,0.46169758
1.37773,0.46169758
1.377745,0.46169758
1.37776,0.46169758
1.3777751,0.50792885
1.3777901,0.50792885
1.3778051,0.50792885
1.3778201,0.50792885
1.3778352,0.5541601
1.3778502,0.5541601
1.3778652,0.5541601
1.3778802,0.5541601
1.3778952,0.5541601
1.3779103,0.60039186
1.3779253,0.60039186
1.3779403,0.60039186
1.3779553,0.60039186
1.3779703,0.60039186
1.3779854,0.64662313
1.3780004,0.64662313
1.3780154,0.64662313
1.3780304,0.64662313
1.3780454,0.64662313
1.3780605,0.6928544
1.3780755,0.6928544
1.3780905,0.6928544
1.3781055,0.6928544
1.3781205,0.6928544
1.3781356,0.7390857
1.3781506,0.7390857
1.3781656,0.7390857
1.3781806,0.7390857
1.3781956,0.7853174
1.3782107,0.7853174
1.3782257,0.7853174
1.3782407,0.7853174
1.3782557,0.7853174
1.3782707,0.8315482
1.3782858,0.8315482
1.3783008,0.8315482
1.3783158,0.8315482
1.3783308,0.8315482
1.3783458,0.87777996
1.3783609,0.87777996
1.3783759,0.87777996
1.3783909,0.87777996
1.3784059,0.87777996
1.378421,0.92401123
1.378436,0.92401123
1.378451,0.92401123
1.378466,0.92401123
1.378481,0.92401123
1.378496,0.970243
1.3785111,0.970243
1.3785261,0.970243
1.3785411,0.970243
1.3785561,0.970243
1.3785712,1.0164738
1.3785862,1.0164738
1.3786012,1.0164738
1.3786162,1.0164738
1.3786312,1.0164738
1.3786463,1.0627055
1.3786613,1.0627055
1.3786763,1.0627055
1.3786913,1.0627055
1.3787063,1.0627055
1.3787214,1.1089368
1.3787364,1.1089368
1.3787514,1.1089368
1.3787664,1.1089368
1.3787814,1.1551685
1.3787965,1.1551685
1.3788115,1.1551685
1.3788265,1.1551685
1.3788415,1.1551685
1.3788565,1.2013993
1.3788716,1.2013993
1.3788867,1.2013993
1.3789017,1.2013993
1.3789167,1.2013993
1.3789318,1.2476311
1.3789468,1.2476311
1.3789618,1.2476311
1.3789768,1.2476311
1.3789918,1.2476311
1.3790069,1.2938623
1.3790219,1.2938623
1.3790369,1.2938623
1.3790519,1.2938623
1.379067,1.2938623
1.379082,1.3400936
1.379097,1.3400936
1.379112,1.3400936
1.379127,1.3400936
1.379142,1.3400936
1.3791571,1.3863249
1.3791721,1.3863249
1.3791871,1.3863249
1.3792021,1.3863249
1.3792171,1.3863249
1.3792322,1.4325566
1.3792472,1.4325566
1.3792622,1.4325566
1.3792772,1.4325566
1.3792922,1.4325566
1.3793073,1.4787879
1.3793223,1.4787879
1.3793373,1.4787879
1.3793523,1.4787879
1.3793674,1.4787879
1.3793824,1.4787879
1.3793974,1.4787879
1.3794124,1.4787879
1.3794274,1.5250192
1.3794425,1.5250192
1.3794575,1.5250192
1.3794725,1.5250192
1.3794875,1.5250192
1.3795025,1.5712504
1.3795176,1.5712504
1.3795326,1.5712504
1.3795476,1.5712504
1.3795626,1.5712504
1.3795776,1.6174817
1.3795927,1.6174817
1.3796077,1.6174817
1.3796227,1.6174817
1.3796377,1.6174817
1.3796527,1.6637135
1.3796678,1.6637135
1.3796828,1.6637135
1.3796978,1.6637135
1.3797128,1.6637135
1.3797278,1.7099442
1.3797429,1.7099442
1.3797579,1.7099442
1.3797729,1.7099442
1.3797879,1.7099442
1.379803,1.756176
1.379818,1.756176
1.379833,1.756176
1.379848,1.756176
1.379863,1.756176
1.379878,1.756176
1.3798931,1.756176
1.3799081,1.7099442
1.3799231,1.7099442
1.3799381,1.7099442
1.3799531,1.7099442
1.3799682,1.6637135
1.3799832,1.6637135
1.3799982,1.6637135
1.3800132,1.6637135
1.3800282,1.6637135
1.3800433,1.6174817
1.3800583,1.6174817
1.3800733,1.6174817
1.3800883,1.6174817
1.3801033,1.5712504
1.3801184,1.5712504
1.3801334,1.5712504
1.3801484,1.5712504
1.3801634,1.5250192
1.3801785,1.5250192
1.3801935,1.5250192
1.3802085,1.5250192
1.3802235,1.5250192
1.3802385,1.4787879
1.3802536,1.4787879
1.3802686,1.4787879
1.3802836,1.4787879
1.3802986,1.4787879
1.3803136,1.4787879
1.3803287,1.4787879
1.3803437,1.4325566
1.3803587,1.4325566
1.3803737,1.4325566
1.3803887,1.4325566
1.3804038,1.3863249
1.3804188,1.3863249
1.3804338,1.3863249
1.3804488,1.3863249
1.3804638,1.3863249
1.3804789,1.3400936
1.3804939,1.3400936
1.3805089,1.3400936
1.3805239,1.3400936
1.380539,1.2938623
1.380554,1.2938623
1.380569,1.2938623
1.380584,1.2938623
1.380599,1.2476311
1.380614,1.2476311
1.3806291,1.2476311
1.3806441,1.2476311
1.3806591,1.2476311
1.3806741,1.2013993
1.3806891,1.2013993
1.3807042,1.2013993
1.3807192,1.2013993
1.3807342,1.1551685
1.3807492,1.1551685
1.3807642,1.1551685
1.3807793,1.1551685
1.3807943,1.1551685
1.3808093,1.1089368
1.3808243,1.1089368
1.3808393,1.1089368
1.3808544,1.1089368
1.3808694,1.0627055
1.3808844,1.0627055
1.3808994,1.0627055
1.3809144,1.0627055
1.3809295,1.0164738
1.3809445,1.0164738
1.3809595,1.0164738
1.3809745,1.0164738
1.3809896,1.0164738
1.3810046,0.970243
1.3810196,0.970243
1.3810346,0.970243
1.3810496,0.970243
1.3810647,0.92401123
1.3810797,0.92401123
1.3810947,0.92401123
1.3811097,0.92401123
1.3811247,0.87777996
1.3811398,0.87777996
1.3811548,0.87777996
1.3811698,0.87777996
1.3811848,0.87777996
1.3811998,0.8315482
1.3812149,0.8315482
1.3812299,0.8315482
1.3812449,0.8315482
1.3812599,0.7853174
1.3812749,0.7853174
1.38129,0.7853174
1.381305,0.7853174
1.38132,0.7853174
1.381335,0.7390857
1.38135,0.7390857
1.3813651,0.7390857
1.3813801,0.7390857
1.3813951,0.6928544
1.3814101,0.6928544
1.3814251,0.6928544
1.3814402,0.6928544
1.3814552,0.64662313
1.3814702,0.64662313
1.3814852,0.64662313
1.3815002,0.64662313
1.3815153,0.64662313
1.3815303,0.60039186
1.3815453,0.60039186
1.3815603,0.60039186
1.3815753,0.60039186
1.3815904,0.5541601
1.3816054,0.5541601
1.3816204,0.5541601
1.3816354,0.5541601
1.3816504,0.5541601
1.3816655,0.50792885
1.3816805,0.50792885
1.3816955,0.50792885
1.3817105,0.50792885
1.3817255,0.46169758
1.3817406,0.46169758
1.3817556,0.46169758
1.3817706,0.46169758
1.3817856,0.46169758
1.3818007,0.4154663
1.3818157,0.4154663
1.3818307,0.4154663
1.3818457,0.4154663
1.3818607,0.36923456
1.3818758,0.36923456
1.3818908,0.36923456
1.3819058,0.36923456
1.3819208,0.3230033
1.3819358,0.3230033
1.3819509,0.3230033
1.3819659,0.3230033
1.3819809,0.3230033
1.3819959,0.27677202
1.3820109,0.27677202
1.382026,0.27677202
1.382041,0.27677202
1.382056,0.23054075
1.382071,0.23054075
1.382086,0.23054075
1.382101,0.23054075
1.3821161,0.23054075
1.3821311,0.184309
1.3821461,0.184309
1.3821611,0.184309
1.3821762,0.184309
1.3821912,0.13807821
1.3822062,0.13807821
1.3822212,0.13807821
1.3822362,0.13807821
1.3822513,0.13807821
1.3822663,0.091846466
1.3822813,0.091846466
1.3822963,0.091846466
1.3823113,0.091846466
1.3823264,0.045615196
1.3823414,0.045615196
1.3823564,0.045615196
1.3823714,0.045615196
1.3823864,0.045615196
1.3824016,-6.160736E-4
1.3824166,-6.160736E-4
1.3824316,-6.160736E-4
1.3824466,-6.160736E-4
1.3824617,-0.046847343
1.3824767,-0.046847343
1.3824917,-0.046847343
1.3825067,-0.046847343
1.3825217,-0.09307861
1.3825368,-0.09307861
1.3825518,-0.09307861
1.3825668,-0.09307861
1.3825818,-0.09307861
1.3825969,-0.13931036
1.3826119,-0.13931036
1.3826269,-0.13931036
1.3826419,-0.13931036
1.3826569,-0.18554163
1.382672,-0.18554163
1.382687,-0.18554163
1.382702,-0.18554163
1.382717,-0.18554163
1.382732,-0.2317729
1.382747,-0.2317729
1.3827621,-0.2317729
1.3827771,-0.2317729
1.3827921,-0.27800417
1.3828071,-0.27800417
1.3828222,-0.27800417
1.3828372,-0.27800417
1.3828522,-0.27800417
1.3828672,-0.32423592
1.3828822,-0.32423592
1.3828973,-0.32423592
1.3829123,-0.32423592
1.3829273,-0.3704667
1.3829423,-0.3704667
1.3829573,-0.3704667
1.3829724,-0.3704667
1.3829874,-0.3704667
1.3830024,-0.41669846
1.3830174,-0.41669846
1.3830324,-0.41669846
1.3830475,-0.41669846
1.3830625,-0.41669846
1.3830775,-0.46292973
1.3830925,-0.46292973
1.3831075,-0.46292973
1.3831226,-0.46292973
1.3831376,-0.5091615
1.3831526,-0.5091615
1.3831676,-0.5091615
1.3831826,-0.5091615
1.3831977,-0.5091615
1.3832127,-0.55539227
1.3832277,-0.55539227
1.3832427,-0.55539227
1.3832577,-0.55539227
1.3832728,-0.601624
1.3832878,-0.601624
1.3833028,-0.601624
1.3833178,-0.601624
1.3833328,-0.601624
1.3833479,-0.6478553
1.3833629,-0.6478553
1.3833779,-0.6478553
1.3833929,-0.6478553
1.383408,-0.6478553
1.383423,-0.694087
1.383438,-0.694087
1.383453,-0.694087
1.383468,-0.694087
1.383483,-0.7403178
1.3834981,-0.7403178
1.3835131,-0.7403178
1.3835281,-0.7403178
1.3835431,-0.7403178
1.3835582,-0.78654957
1.3835732,-0.78654957
1.3835882,-0.78654957
1.3836032,-0.78654957
1.3836182,-0.78654957
1.3836333,-0.83278084
1.3836483,-0.83278084
1.3836633,-0.83278084
1.3836783,-0.83278084
1.3836933,-0.8790121
1.3837084,-0.8790121
1.3837234,-0.8790121
1.3837384,-0.8790121
1.3837534,-0.8790121
1.3837684,-0.9252434
1.3837835,-0.9252434
1.3837985,-0.9252434
1.3838135,-0.9252434
1.3838285,-0.9252434
1.3838435,-0.9714751
1.3838586,-0.9714751
1.3838736,-0.9714751
1.3838886,-0.9714751
1.3839036,-1.0177064
1.3839186,-1.0177064
1.3839337,-1.0177064
1.3839487,-1.0177064
1.3839637,-1.0177064
1.3839787,-1.0639377
1.3839937,-1.0639377
1.3840088,-1.0639377
1.3840238,-1.0639377
1.3840388,-1.0639377
1.3840538,-1.1101689
1.3840688,-1.1101689
1.3840839,-1.1101689
1.3840989,-1.1101689
1.3841139,-1.1101689
1.3841289,-1.1564007
1.384144,-1.1564007
1.384159,-1.1564007
1.384174,-1.1564007
1.384189,-1.202632
1.384204,-1.202632
1.384219,-1.202632
1.3842341,-1.202632
1.3842491,-1.202632
1.3842641,-1.2488632
1.3842791,-1.2488632
1.3842942,-1.2488632
1.3843092,-1.2488632
1.3843242,-1.2488632
1.3843392,-1.2950945
1.3843542,-1.2950945
1.3843693,-1.2950945
1.3843843,-1.2950945
1.3843993,-1.2950945
1.3844143,-1.3413262
1.3844293,-1.3413262
1.3844444,-1.3413262
1.3844594,-1.3413262
1.3844744,-1.3413262
1.3844894,-1.387557
1.3845044,-1.387557
1.3845195,-1.387557
1.3845345,-1.387557
1.3845495,-1.387557
1.3845645,-1.4337888
1.3845795,-1.4337888
1.3845946,-1.4337888
1.3846096,-1.4337888
1.3846246,-1.48002
1.3846396,-1.48002
1.3846546,-1.48002
1.3846697,-1.48002
1.3846847,-1.48002
1.3846997,-1.48002
1.3847147,-1.48002
1.3847297,-1.48002
1.3847448,-1.5262513
1.3847598,-1.5262513
1.3847748,-1.5262513
1.3847898,-1.5262513
1.3848048,-1.5262513
1.3848199,-1.5724826
1.3848349,-1.5724826
1.3848499,-1.5724826
1.3848649,-1.5724826
1.38488,-1.5724826
1.384895,-1.6187139
1.38491,-1.6187139
1.384925,-1.6187139
1.38494,-1.6187139
1.384955,-1.6187139
1.3849701,-1.6187139
1.3849851,-1.6187139
1.3850001,-1.6187139
1.3850151,-1.5724826
1.3850302,-1.5724826
1.3850452,-1.5724826
1.3850602,-1.5724826
1.3850752,-1.5724826
1.3850902,-1.5262513
1.3851053,-1.5262513
1.3851203,-1.5262513
1.3851353,-1.5262513
1.3851503,-1.48002
1.3851653,-1.48002
1.3851804,-1.48002
1.3851954,-1.48002
1.3852104,-1.48002
1.3852254,-1.48002
1.3852404,-1.48002
1.3852555,-1.48002
1.3852705,-1.4337888
1.3852855,-1.4337888
1.3853005,-1.4337888
1.3853155,-1.4337888
1.3853306,-1.387557
1.3853456,-1.387557
1.3853606,-1.387557
1.3853756,-1.387557
1.3853906,-1.387557
1.3854057,-1.3413262
1.3854207,-1.3413262
1.3854357,-1.3413262
1.3854507,-1.3413262
1.3854657,-1.3413262
1.3854808,-1.2950945
1.3854958,-1.2950945
1.3855108,-1.2950945
1.3855258,-1.2950945
1.3855408,-1.2488632
1.3855559,-1.2488632
1.3855709,-1.2488632
1.3855859,-1.2488632
1.3856009,-1.2488632
1.385616,-1.202632
1.385631,-1.202632
1.385646,-1.202632
1.385661,-1.202632
1.385676,-1.1564007
1.385691,-1.1564007
1.3857061,-1.1564007
1.3857211,-1.1564007
1.3857361,-1.1564007
1.3857511,-1.1101689
1.3857661,-1.1101689
1.3857812,-1.1101689
1.3857962,-1.1101689
1.3858112,-1.1101689
1.3858262,-1.0639377
1.3858413,-1.0639377
1.3858563,-1.0639377
1.3858713,-1.0639377
1.3858863,-1.0639377
1.3859013,-1.0177064
1.3859164,-1.0177064
1.3859315,-1.0177064
1.3859465,-1.0177064
1.3859615,-0.9714751
1.3859766,-0.9714751
1.3859916,-0.9714751
1.3860066,-0.9714751
1.3860216,-0.9714751
1.3860366,-0.9252434
1.3860517,-0.9252434
1.3860667,-0.9252434
1.3860817,-0.9252434
1.3860967,-0.8790121
1.3861117,-0.8790121
1.3861268,-0.8790121
1.3861418,-0.8790121
1.3861568,-0.8790121
1.3861718,-0.83278084
1.3861868,-0.83278084
1.3862019,-0.83278084
1.3862169,-0.83278084
1.3862319,-0.83278084
1.3862469,-0.78654957
1.3862619,-0.78654957
1.386277,-0.78654957
1.386292,-0.78654957
1.386307,-0.7403178
1.386322,-0.7403178
1.386337,-0.7403178
1.3863521,-0.7403178
1.3863671,-0.7403178
1.3863821,-0.694087
1.3863971,-0.694087
1.3864121,-0.694087
1.3864272,-0.694087
1.3864422,-0.6478553
1.3864572,-0.6478553
1.3864722,-0.6478553
1.3864872,-0.6478553
1.3865023,-0.6478553
1.3865173,-0.601624
1.3865323,-0.601624
1.3865473,-0.601624
1.3865623,-0.601624
1.3865774,-0.601624
1.3865924,-0.55539227
1.3866074,-0.55539227
1.3866224,-0.55539227
1.3866374,-0.55539227
1.3866525,-0.55539227
1.3866675,-0.5091615
1.3866825,-0.5091615
1.3866975,-0.5091615
1.3867126,-0.5091615
1.3867276,-0.46292973
1.3867426,-0.46292973
1.3867576,-0.46292973
1.3867726,-0.46292973
1.3867877,-0.46292973
1.3868027,-0.41669846
1.3868177,-0.41669846
1.3868327,-0.41669846
1.3868477,-0.41669846
1.3868628,-0.41669846
1.3868778,-0.3704667
1.3868928,-0.3704667
1.3869078,-0.3704667
1.3869228,-0.3704667
1.3869379,-0.32423592
1.3869529,-0.32423592
1.3869679,-0.32423592
1.3869829,-0.32423592
1.3869979,-0.32423592
1.387013,-0.27800417
1.387028,-0.27800417
1.387043,-0.27800417
1.387058,-0.27800417
1.387073,-0.27800417
1.3870881,-0.2317729
1.3871031,-0.2317729
1.3871181,-0.2317729
1.3871331,-0.2317729
1.3871481,-0.18554163
1.3871632,-0.18554163
1.3871782,-0.18554163
1.3871932,-0.18554163
1.3872082,-0.18554163
1.3872232,-0.13931036
1.3872383,-0.13931036
1.3872533,-0.13931036
1.3872683,-0.13931036
1.3872833,-0.13931036
1.3872983,-0.09307861
1.3873134,-0.09307861
1.3873284,-0.09307861
1.3873434,-0.09307861
1.3873584,-0.046847343
1.3873734,-0.046847343
1.3873885,-0.046847343
1.3874035,-0.046847343
1.3874185,-0.046847343
1.3874335,-6.160736E-4
1.3874485,-6.160736E-4
1.3874636,-6.160736E-4
1.3874786,-6.160736E-4
1.3874936,0.045615196
1.3875086,0.045615196
1.3875237,0.045615196
1.3875387,0.045615196
1.3875537,0.045615196
1.3875687,0.091846466
1.3875837,0.091846466
1.3875988,0.091846466
1.3876138,0.091846466
1.3876288,0.13807821
1.3876438,0.13807821
1.3876588,0.13807821
1.3876739,0.13807821
1.3876889,0.13807821
1.3877039,0.184309
1.3877189,0.184309
1.3877339,0.184309
1.387749,0.184309
1.387764,0.184309
1.387779,0.23054075
1.387794,0.23054075
1.387809,0.23054075
1.387824,0.23054075
1.3878391,0.27677202
1.3878541,0.27677202
1.3878691,0.27677202
1.3878841,0.27677202
1.3878992,0.27677202
1.3879142,0.3230033
1.3879292,0.3230033
1.3879442,0.3230033
1.3879592,0.3230033
1.3879743,0.3230033
1.3879893,0.36923456
1.3880043,0.36923456
1.3880193,0.36923456
1.3880343,0.36923456
1.3880494,0.36923456
1.3880644,0.4154663
1.3880794,0.4154663
1.3880944,0.4154663
1.3881094,0.4154663
1.3881245,0.4154663
1.3881395,0.46169758
1.3881545,0.46169758
1.3881695,0.46169758
1.3881845,0.46169758
1.3881996,0.46169758
1.3882146,0.50792885
1.3882296,0.50792885
1.3882446,0.50792885
1.3882596,0.50792885
1.3882747,0.5541601
1.3882897,0.5541601
1.3883047,0.5541601
1.3883197,0.5541601
1.3883348,0.5541601
1.3883498,0.60039186
1.3883648,0.60039186
1.3883798,0.60039186
1.3883948,0.60039186
1.3884099,0.60039186
1.3884249,0.64662313
1.3884399,0.64662313
1.3884549,0.64662313
1.3884699,0.64662313
1.388485,0.6928544
1.3885,0.6928544
1.388515,0.6928544
1.38853,0.6928544
1.388545,0.6928544
1.38856,0.7390857
1.3885751,0.7390857
1.3885901,0.7390857
1.3886051,0.7390857
1.3886201,0.7390857
1.3886352,0.7853174
1.3886502,0.7853174
1.3886652,0.7853174
1.3886802,0.7853174
1.3886952,0.7853174
1.3887103,0.8315482
1.3887253,0.8315482
1.3887403,0.8315482
1.3887553,0.8315482
1.3887703,0.8315482
1.3887854,0.87777996
1.3888004,0.87777996
1.3888154,0.87777996
1.3888304,0.87777996
1.3888454,0.87777996
1.3888605,0.92401123
1.3888755,0.92401123
1.3888905,0.92401123
1.3889055,0.92401123
1.3889205,0.970243
1.3889356,0.970243
1.3889506,0.970243
1.3889656,0.970243
1.3889806,0.970243
1.3889956,1.0164738
1.3890107,1.0164738
1.3890257,1.0164738
1.3890407,1.0164738
1.3890557,1.0164738
1.3890707,1.0627055
1.3890858,1.0627055
1.3891008,1.0627055
1.3891158,1.0627055
1.3891308,1.0627055
1.3891459,1.1089368
1.3891609,1.1089368
1.3891759,1.1089368
1.3891909,1.1089368
1.3892059,1.1089368
1.389221,1.1551685
1.389236,1.1551685
1.389251,1.1551685
1.389266,1.1551685
1.389281,1.2013993
1.389296,1.2013993
1.3893111,1.2013993
1.3893261,1.2013993
1.3893411,1.2013993
1.3893561,1.2476311
1.3893712,1.2476311
1.3893862,1.2476311
1.3894012,1.2476311
1.3894162,1.2476311
1.3894312,1.2476311
1.3894464,1.2938623
1.3894614,1.2938623
1.3894764,1.2938623
1.3894914,1.2938623
1.3895065,1.2938623
1.3895215,1.3400936
1.3895365,1.3400936
1.3895515,1.3400936
1.3895665,1.3400936
1.3895816,1.3400936
1.3895966,1.3863249
1.3896116,1.3863249
1.3896266,1.3863249
1.3896416,1.3863249
1.3896567,1.3863249
1.3896717,1.4325566
1.3896867,1.4325566
1.3897017,1.4325566
1.3897167,1.4325566
1.3897318,1.4325566
1.3897468,1.4787879
1.3897618,1.4787879
1.3897768,1.4787879
1.3897918,1.4787879
1.3898069,1.4787879
1.3898219,1.4787879
1.3898369,1.4787879
1.3898519,1.5250192
1.389867,1.5250192
1.389882,1.5250192
1.389897,1.5250192
1.389912,1.5250192
1.389927,1.5250192
1.389942,1.5712504
1.3899571,1.5712504
1.3899721,1.5712504
1.3899871,1.5712504
1.3900021,1.6174817
1.3900172,1.6174817
1.3900322,1.6174817
1.3900472,1.6174817
1.3900622,1.6174817
1.3900772,1.6174817
1.3900923,1.6637135
1.3901073,1.6637135
1.3901223,1.6637135
1.3901373,1.6637135
1.3901523,1.6637135
1.3901674,1.7099442
1.3901824,1.7099442
1.3901974,1.7099442
1.3902124,1.7099442
1.3902274,1.7099442
1.3902425,1.756176
1.3902575,1.756176
1.3902725,1.756176
1.3902875,1.756176
1.3903025,1.756176
1.3903176,1.756176
1.3903326,1.756176
1.3903476,1.7099442
1.3903626,1.7099442
1.3903776,1.7099442
1.3903927,1.7099442
1.3904077,1.6637135
1.3904227,1.6637135
1.3904377,1.6637135
1.3904527,1.6637135
1.3904678,1.6174817
1.3904828,1.6174817
1.3904978,1.6174817
1.3905128,1.6174817
1.3905278,1.6174817
1.3905429,1.5712504
1.3905579,1.5712504
1.3905729,1.5712504
1.3905879,1.5712504
1.390603,1.5250192
1.390618,1.5250192
1.390633,1.5250192
1.390648,1.5250192
1.390663,1.5250192
1.390678,1.4787879
1.3906931,1.4787879
1.3907081,1.4787879
1.3907231,1.4787879
1.3907381,1.4787879
1.3907531,1.4787879
1.3907682,1.4325566
1.3907832,1.4325566
1.3907982,1.4325566
1.3908132,1.4325566
1.3908283,1.4325566
1.3908433,1.3863249
1.3908583,1.3863249
1.3908733,1.3863249
1.3908883,1.3863249
1.3909034,1.3400936
1.3909184,1.3400936
1.3909334,1.3400936
1.3909484,1.3400936
1.3909634,1.3400936
1.3909785,1.2938623
1.3909935,1.2938623
1.3910085,1.2938623
1.3910235,1.2938623
1.3910385,1.2476311
1.3910536,1.2476311
1.3910686,1.2476311
1.3910836,1.2476311
1.3910986,1.2013993
1.3911136,1.2013993
1.3911287,1.2013993
1.3911437,1.2013993
1.3911587,1.2013993
1.3911737,1.1551685
1.3911887,1.1551685
1.3912038,1.1551685
1.3912188,1.1551685
1.3912338,1.1089368
1.3912488,1.1089368
1.3912638,1.1089368
1.3912789,1.1089368
1.3912939,1.0627055
1.3913089,1.0627055
1.3913239,1.0627055
1.391339,1.0627055
1.391354,1.0627055
1.391369,1.0164738
1.391384,1.0164738
1.391399,1.0164738
1.391414,1.0164738
1.3914291,0.970243
1.3914441,0.970243
1.3914591,0.970243
1.3914741,0.970243
1.3914891,0.970243
1.3915042,0.92401123
1.3915192,0.92401123
1.3915342,0.92401123
1.3915492,0.92401123
1.3915642,0.87777996
1.3915793,0.87777996
1.3915943,0.87777996
1.3916093,0.87777996
1.3916243,0.8315482
1.3916394,0.8315482
1.3916544,0.8315482
1.3916694,0.8315482
1.3916844,0.8315482
1.3916994,0.7853174
1.3917145,0.7853174
1.3917295,0.7853174
1.3917445,0.7853174
1.3917595,0.7390857
1.3917745,0.7390857
1.3917896,0.7390857
1.3918046,0.7390857
1.3918196,0.7390857
1.3918346,0.6928544
1.3918496,0.6928544
1.3918647,0.6928544
1.3918797,0.6928544
1.3918947,0.64662313
1.3919097,0.64662313
1.3919247,0.64662313
1.3919398,0.64662313
1.3919548,0.64662313
1.3919698,0.60039186
1.3919848,0.60039186
1.3919998,0.60039186
1.3920149,0.60039186
1.3920299,0.5541601
1.3920449,0.5541601
1.3920599,0.5541601
1.392075,0.5541601
1.39209,0.5541601
1.392105,0.50792885
1.39212,0.50792885
1.392135,0.50792885
1.39215,0.50792885
1.3921651,0.46169758
1.3921801,0.46169758
1.3921951,0.46169758
1.3922101,0.46169758
1.3922251,0.46169758
1.3922402,0.4154663
1.3922552,0.4154663
1.3922702,0.4154663
1.3922852,0.4154663
1.3923002,0.36923456
1.3923153,0.36923456
1.3923303,0.36923456
1.3923453,0.36923456
1.3923603,0.3230033
1.3923753,0.3230033
1.3923904,0.3230033
1.3924054,0.3230033
1.3924204,0.3230033
1.3924354,0.27677202
1.3924505,0.27677202
1.3924655,0.27677202
1.3924805,0.27677202
1.3924955,0.23054075
1.3925105,0.23054075
1.3925256,0.23054075
1.3925406,0.23054075
1.3925556,0.23054075
1.3925706,0.184309
1.3925856,0.184309
1.3926007,0.184309
1.3926157,0.184309
1.3926307,0.13807821
1.3926457,0.13807821
1.3926607,0.13807821
1.3926758,0.13807821
1.3926908,0.091846466
1.3927058,0.091846466
1.3927208,0.091846466
1.3927358,0.091846466
1.3927509,0.091846466
1.3927659,0.045615196
1.3927809,0.045615196
1.3927959,0.045615196
1.392811,0.045615196
1.392826,-6.160736E-4
1.392841,-6.160736E-4
1.392856,-6.160736E-4
1.392871,-6.160736E-4
1.392886,-6.160736E-4
1.3929011,-0.046847343
1.3929161,-0.046847343
1.3929311,-0.046847343
1.3929461,-0.046847343
1.3929611,-0.09307861
1.3929763,-0.09307861
1.3929913,-0.09307861
1.3930063,-0.09307861
1.3930213,-0.13931036
1.3930364,-0.13931036
1.3930514,-0.13931036
1.3930664,-0.13931036
1.3930814,-0.13931036
1.3930964,-0.18554163
1.3931115,-0.18554163
1.3931265,-0.18554163
1.3931415,-0.18554163
1.3931565,-0.2317729
1.3931715,-0.2317729
1.3931866,-0.2317729
1.3932016,-0.2317729
1.3932166,-0.2317729
1.3932316,-0.27800417
1.3932467,-0.27800417
1.3932617,-0.27800417
1.3932767,-0.27800417
1.3932917,-0.32423592
1.3933067,-0.32423592
1.3933218,-0.32423592
1.3933368,-0.32423592
1.3933518,-0.32423592
1.3933668,-0.3704667
1.3933818,-0.3704667
1.3933969,-0.3704667
1.3934119,-0.3704667
1.3934269,-0.41669846
1.3934419,-0.41669846
1.3934569,-0.41669846
1.393472,-0.41669846
1.393487,-0.41669846
1.393502,-0.46292973
1.393517,-0.46292973
1.393532,-0.46292973
1.393547,-0.46292973
1.3935621,-0.46292973
1.3935771,-0.5091615
1.3935921,-0.5091615
1.3936071,-0.5091615
1.3936222,-0.5091615
1.3936372,-0.55539227
1.3936522,-0.55539227
1.3936672,-0.55539227
1.3936822,-0.55539227
1.3936973,-0.55539227
1.3937123,-0.601624
1.3937273,-0.601624
1.3937423,-0.601624
1.3937573,-0.601624
1.3937724,-0.601624
1.3937874,-0.6478553
1.3938024,-0.6478553
1.3938174,-0.6478553
1.3938324,-0.6478553
1.3938475,-0.694087
1.3938625,-0.694087
1.3938775,-0.694087
1.3938925,-0.694087
1.3939075,-0.7403178
1.3939226,-0.7403178
1.3939376,-0.7403178
1.3939526,-0.7403178
1.3939676,-0.7403178
1.3939826,-0.78654957
1.3939977,-0.78654957
1.3940127,-0.78654957
1.3940277,-0.78654957
1.3940427,-0.78654957
1.3940578,-0.83278084
1.3940728,-0.83278084
1.3940878,-0.83278084
1.3941028,-0.83278084
1.3941178,-0.83278084
1.3941329,-0.8790121
1.3941479,-0.8790121
1.3941629,-0.8790121
1.3941779,-0.8790121
1.3941929,-0.8790121
1.394208,-0.9252434
1.394223,-0.9252434
1.394238,-0.9252434
1.394253,-0.9252434
1.394268,-0.9714751
1.394283,-0.9714751
1.3942981,-0.9714751
1.3943131,-0.9714751
1.3943281,-0.9714751
1.3943431,-1.0177064
1.3943582,-1.0177064
1.3943732,-1.0177064
1.3943882,-1.0177064
1.3944032,-1.0177064
1.3944182,-1.0639377
1.3944333,-1.0639377
1.3944483,-1.0639377
1.3944633,-1.0639377
1.3944783,-1.0639377
1.3944933,-1.1101689
1.3945084,-1.1101689
1.3945234,-1.1101689
1.3945384,-1.1101689
1.3945534,-1.1564007
1.3945684,-1.1564007
1.3945835,-1.1564007
1.3945985,-1.1564007
1.3946135,-1.1564007
1.3946285,-1.202632
1.3946435,-1.202632
1.3946586,-1.202632
1.3946736,-1.202632
1.3946886,-1.202632
1.3947036,-1.2488632
1.3947186,-1.2488632
1.3947337,-1.2488632
1.3947487,-1.2488632
1.3947637,-1.2950945
1.3947787,-1.2950945
1.3947937,-1.2950945
1.3948088,-1.2950945
1.3948238,-1.2950945
1.3948388,-1.3413262
1.3948538,-1.3413262
1.3948689,-1.3413262
1.3948839,-1.3413262
1.3948989,-1.3413262
1.3949139,-1.387557
1.3949289,-1.387557
1.394944,-1.387557
1.394959,-1.387557
1.394974,-1.387557
1.394989,-1.4337888
1.395004,-1.4337888
1.395019,-1.4337888
1.3950341,-1.4337888
1.3950491,-1.4337888
1.3950641,-1.48002
1.3950791,-1.48002
1.3950942,-1.48002
1.3951092,-1.48002
1.3951242,-1.48002
1.3951392,-1.48002
1.3951542,-1.48002
1.3951693,-1.48002
1.3951843,-1.5262513
1.3951993,-1.5262513
1.3952143,-1.5262513
1.3952293,-1.5262513
1.3952444,-1.5262513
1.3952594,-1.5724826
1.3952744,-1.5724826
1.3952894,-1.5724826
1.3953044,-1.5724826
1.3953195,-1.5724826
1.3953345,-1.6187139
1.3953495,-1.6187139
1.3953645,-1.6187139
1.3953795,-1.6187139
1.3953946,-1.6187139
1.3954096,-1.6187139
1.3954246,-1.6187139
1.3954396,-1.6187139
1.3954546,-1.5724826
1.3954697,-1.5724826
1.3954847,-1.5724826
1.3954997,-1.5724826
1.3955147,-1.5262513
1.3955297,-1.5262513
1.3955448,-1.5262513
1.3955598,-1.5262513
1.3955748,-1.5262513
1.3955898,-1.48002
1.3956048,-1.48002
1.3956199,-1.48002
1.3956349,-1.48002
1.3956499,-1.48002
1.3956649,-1.48002
1.39568,-1.48002
1.395695,-1.4337888
1.39571,-1.4337888
1.395725,-1.4337888
1.39574,-1.4337888
1.395755,-1.4337888
1.3957701,-1.387557
1.3957851,-1.387557
1.3958001,-1.387557
1.3958151,-1.387557
1.3958302,-1.387557
1.3958452,-1.3413262
1.3958602,-1.3413262
1.3958752,-1.3413262
1.3958902,-1.3413262
1.3959053,-1.2950945
1.3959203,-1.2950945
1.3959353,-1.2950945
1.3959503,-1.2950945
1.3959653,-1.2950945
1.3959804,-1.2488632
1.3959954,-1.2488632
1.3960104,-1.2488632
1.3960254,-1.2488632
1.3960404,-1.202632
1.3960555,-1.202632
1.3960705,-1.202632
1.3960855,-1.202632
1.3961005,-1.202632
1.3961155,-1.1564007
1.3961306,-1.1564007
1.3961456,-1.1564007
1.3961606,-1.1564007
1.3961756,-1.1564007
1.3961906,-1.1101689
1.3962057,-1.1101689
1.3962207,-1.1101689
1.3962357,-1.1101689
1.3962507,-1.0639377
1.3962657,-1.0639377
1.3962808,-1.0639377
1.3962958,-1.0639377
1.3963108,-1.0639377
1.3963258,-1.0177064
1.3963408,-1.0177064
1.3963559,-1.0177064
1.3963709,-1.0177064
1.3963859,-1.0177064
1.3964009,-0.9714751
1.396416,-0.9714751
1.396431,-0.9714751
1.396446,-0.9714751
1.396461,-0.9252434
1.396476,-0.9252434
1.3964912,-0.9252434
1.3965062,-0.9252434
1.3965212,-0.9252434
1.3965362,-0.8790121
1.3965513,-0.8790121
1.3965663,-0.8790121
1.3965813,-0.8790121
1.3965963,-0.8790121
1.3966113,-0.83278084
1.3966264,-0.83278084
1.3966414,-0.83278084
1.3966564,-0.83278084
1.3966714,-0.78654957
1.3966864,-0.78654957
1.3967015,-0.78654957
1.3967165,-0.78654957
1.3967315,-0.78654957
1.3967465,-0.7403178
1.3967615,-0.7403178
1.3967766,-0.7403178
1.3967916,-0.7403178
1.3968066,-0.7403178
1.3968216,-0.694087
1.3968366,-0.694087
1.3968517,-0.694087
1.3968667,-0.694087
1.3968817,-0.6478553
1.3968967,-0.6478553
1.3969117,-0.6478553
1.3969268,-0.6478553
1.3969418,-0.6478553
1.3969568,-0.601624
1.3969718,-0.601624
1.3969868,-0.601624
1.3970019,-0.601624
1.3970169,-0.601624
1.3970319,-0.55539227
1.3970469,-0.55539227
1.397062,-0.55539227
1.397077,-0.55539227
1.397092,-0.5091615
1.397107,-0.5091615
1.397122,-0.5091615
1.397137,-0.5091615
1.3971521,-0.5091615
1.3971671,-0.46292973
1.3971821,-0.46292973
1.3971971,-0.46292973
1.3972121,-0.46292973
1.3972272,-0.46292973
1.3972422,-0.41669846
1.3972572,-0.41669846
1.3972722,-0.41669846
1.3972872,-0.41669846
1.3973023,-0.3704667
1.3973173,-0.3704667
1.3973323,-0.3704667
1.3973473,-0.3704667
1.3973624,-0.3704667
1.3973774,-0.32423592
1.3973924,-0.32423592
1.3974074,-0.32423592
1.3974224,-0.32423592
1.3974375,-0.32423592
1.3974525,-0.27800417
1.3974675,-0.27800417
1.3974825,-0.27800417
1.3974975,-0.27800417
1.3975126,-0.2317729
1.3975276,-0.2317729
1.3975426,-0.2317729
1.3975576,-0.2317729
1.3975726,-0.2317729
1.3975877,-0.18554163
1.3976027,-0.18554163
1.3976177,-0.18554163
1.3976327,-0.18554163
1.3976477,-0.18554163
1.3976628,-0.13931036
1.3976778,-0.13931036
1.3976928,-0.13931036
1.3977078,-0.13931036
1.3977228,-0.09307861
1.3977379,-0.09307861
1.3977529,-0.09307861
1.3977679,-0.09307861
1.3977829,-0.09307861
1.397798,-0.046847343
1.397813,-0.046847343
1.397828,-0.046847343
1.397843,-0.046847343
1.397858,-0.046847343
1.397873,-6.160736E-4
1.3978881,-6.160736E-4
1.3979031,-6.160736E-4
1.3979181,-6.160736E-4
1.3979331,0.045615196
1.3979481,0.045615196
1.3979632,0.045615196
1.3979782,0.045615196
1.3979932,0.091846466
1.3980082,0.091846466
1.3980232,0.091846466
1.3980383,0.091846466
1.3980533,0.091846466
1.3980683,0.13807821
1.3980833,0.13807821
1.3980983,0.13807821
1.3981134,0.13807821
1.3981284,0.13807821
1.3981434,0.184309
1.3981584,0.184309
1.3981735,0.184309
1.3981885,0.184309
1.3982035,0.184309
1.3982185,0.23054075
1.3982335,0.23054075
1.3982486,0.23054075
1.3982636,0.23054075
1.3982786,0.27677202
1.3982936,0.27677202
1.3983086,0.27677202
1.3983237,0.27677202
1.3983387,0.27677202
1.3983537,0.3230033
1.3983687,0.3230033
1.3983837,0.3230033
1.3983988,0.3230033
1.3984138,0.3230033
1.3984288,0.36923456
1.3984438,0.36923456
1.3984588,0.36923456
1.3984739,0.36923456
1.3984889,0.36923456
1.3985039,0.4154663
1.3985189,0.4154663
1.3985339,0.4154663
1.398549,0.4154663
1.398564,0.46169758
1.398579,0.46169758
1.398594,0.46169758
1.398609,0.46169758
1.3986241,0.46169758
1.3986391,0.50792885
1.3986541,0.50792885
1.3986691,0.50792885
1.3986841,0.50792885
1.3986992,0.50792885
1.3987142,0.5541601
1.3987292,0.5541601
1.3987442,0.5541601
1.3987592,0.5541601
1.3987743,0.60039186
1.3987893,0.60039186
1.3988043,0.60039186
1.3988193,0.60039186
1.3988343,0.60039186
1.3988494,0.64662313
1.3988644,0.64662313
1.3988794,0.64662313
1.3988944,0.64662313
1.3989094,0.64662313
1.3989245,0.6928544
1.3989395,0.6928544
1.3989545,0.6928544
1.3989695,0.6928544
1.3989846,0.6928544
1.3989996,0.7390857
1.3990146,0.7390857
1.3990296,0.7390857
1.3990446,0.7390857
1.3990597,0.7390857
1.3990747,0.7853174
1.3990897,0.7853174
1.3991047,0.7853174
1.3991197,0.7853174
1.3991348,0.7853174
1.3991498,0.8315482
1.3991648,0.8315482
1.3991798,0.8315482
1.3991948,0.8315482
1.3992099,0.8315482
1.3992249,0.87777996
1.3992399,0.87777996
1.3992549,0.87777996
1.3992699,0.87777996
1.399285,0.92401123
1.3993,0.92401123
1.399315,0.92401123
1.39933,0.92401123
1.399345,0.92401123
1.3993601,0.970243
1.3993751,0.970243
1.3993901,0.970243
1.3994051,0.970243
1.3994201,0.970243
1.3994352,1.0164738
1.3994502,1.0164738
1.3994652,1.0164738
1.3994802,1.0164738
1.3994952,1.0164738
1.3995103,1.0627055
1.3995253,1.0627055
1.3995403,1.0627055
1.3995553,1.0627055
1.3995703,1.0627055
1.3995854,1.1089368
1.3996004,1.1089368
1.3996154,1.1089368
1.3996304,1.1089368
1.3996454,1.1551685
1.3996605,1.1551685
1.3996755,1.1551685
1.3996905,1.1551685
1.3997055,1.1551685
1.3997205,1.2013993
1.3997356,1.2013993
1.3997506,1.2013993
1.3997656,1.2013993
1.3997806,1.2013993
1.3997957,1.2476311
1.3998107,1.2476311
1.3998257,1.2476311
1.3998407,1.2476311
1.3998557,1.2476311
1.3998708,1.2938623
1.3998858,1.2938623
1.3999008,1.2938623
1.3999158,1.2938623
1.3999308,1.2938623
1.3999459,1.3400936
1.3999609,1.3400936
1.3999759,1.3400936
1.3999909,1.3400936
1.4000059,1.3400936
1.4000211,1.3863249
1.4000361,1.3863249
1.4000511,1.3863249
1.4000661,1.3863249
1.4000812,1.3863249
1.4000962,1.4325566
1.4001112,1.4325566
1.4001262,1.4325566
1.4001412,1.4325566
1.4001563,1.4325566
1.4001713,1.4787879
1.4001863,1.4787879
1.4002013,1.4787879
1.4002163,1.4787879
1.4002314,1.4787879
1.4002464,1.4787879
1.4002614,1.4787879
1.4002764,1.4787879
1.4002914,1.5250192
1.4003065,1.5250192
1.4003215,1.5250192
1.4003365,1.5250192
1.4003515,1.5250192
1.4003665,1.5712504
1.4003816,1.5712504
1.4003966,1.5712504
1.4004116,1.5712504
1.4004266,1.5712504
1.4004416,1.6174817
1.4004567,1.6174817
1.4004717,1.6174817
1.4004867,1.6174817
1.4005017,1.6174817
1.4005167,1.6637135
1.4005318,1.6637135
1.4005468,1.6637135
1.4005618,1.6637135
1.4005768,1.6637135
1.4005919,1.7099442
1.4006069,1.7099442
1.4006219,1.7099442
1.4006369,1.7099442
1.4006519,1.7099442
1.400667,1.756176
1.400682,1.756176
1.400697,1.756176
1.400712,1.756176
1.400727,1.756176
1.400742,1.756176
1.4007571,1.756176
1.4007721,1.7099442
1.4007871,1.7099442
1.4008021,1.7099442
1.4008172,1.7099442
1.4008322,1.7099442
1.4008472,1.6637135
1.4008622,1.6637135
1.4008772,1.6637135
1.4008923,1.6637135
1.4009073,1.6174817
1.4009223,1.6174817
1.4009373,1.6174817
1.4009523,1.6174817
1.4009674,1.5712504
1.4009824,1.5712504
1.4009974,1.5712504
1.4010124,1.5712504
1.4010274,1.5712504
1.4010425,1.5250192
1.4010575,1.5250192
1.4010725,1.5250192
1.4010875,1.5250192
1.4011025,1.4787879
1.4011176,1.4787879
1.4011326,1.4787879
1.4011476,1.4787879
1.4011626,1.4787879
1.4011776,1.4787879
1.4011927,1.4787879
1.4012077,1.4325566
1.4012227,1.4325566
1.4012377,1.4325566
1.4012527,1.4325566
1.4012678,1.3863249
1.4012828,1.3863249
1.4012978,1.3863249
1.4013128,1.3863249
1.4013278,1.3863249
1.4013429,1.3400936
1.4013579,1.3400936
1.4013729,1.3400936
1.4013879,1.3400936
1.401403,1.2938623
1.401418,1.2938623
1.401433,1.2938623
1.401448,1.2938623
1.401463,1.2938623
1.401478,1.2476311
1.4014931,1.2476311
1.4015081,1.2476311
1.4015231,1.2476311
1.4015381,1.2013993
1.4015532,1.2013993
1.4015682,1.2013993
1.4015832,1.2013993
1.4015982,1.1551685
1.4016132,1.1551685
1.4016283,1.1551685
1.4016433,1.1551685
1.4016583,1.1551685
1.4016733,1.1089368
1.4016883,1.1089368
1.4017034,1.1089368
1.4017184,1.1089368
1.4017334,1.0627055
1.4017484,1.0627055
1.4017634,1.0627055
1.4017785,1.0627055
1.4017935,1.0164738
1.4018085,1.0164738
1.4018235,1.0164738
1.4018385,1.0164738
1.4018536,1.0164738
1.4018686,0.970243
1.4018836,0.970243
1.4018986,0.970243
1.4019136,0.970243
1.4019287,0.92401123
1.4019437,0.92401123
1.4019587,0.92401123
1.4019737,0.92401123
1.4019887,0.92401123
1.4020038,0.87777996
1.4020188,0.87777996
1.4020338,0.87777996
1.4020488,0.87777996
1.4020638,0.8315482
1.4020789,0.8315482
1.4020939,0.8315482
1.4021089,0.8315482
1.4021239,0.7853174
1.402139,0.7853174
1.402154,0.7853174
1.402169,0.7853174
1.402184,0.7853174
1.402199,0.7390857
1.402214,0.7390857
1.4022291,0.7390857
1.4022441,0.7390857
1.4022591,0.6928544
1.4022741,0.6928544
1.4022892,0.6928544
1.4023042,0.6928544
1.4023192,0.6928544
1.4023342,0.64662313
1.4023492,0.64662313
1.4023643,0.64662313
1.4023793,0.64662313
1.4023943,0.60039186
1.4024093,0.60039186
1.4024243,0.60039186
1.4024394,0.60039186
1.4024544,0.60039186
1.4024694,0.5541601
1.4024844,0.5541601
1.4024994,0.5541601
1.4025145,0.5541601
1.4025295,0.50792885
1.4025445,0.50792885
1.4025595,0.50792885
1.4025745,0.50792885
1.4025896,0.46169758
1.4026046,0.46169758
1.4026196,0.46169758
1.4026346,0.46169758
1.4026496,0.46169758
1.4026647,0.4154663
1.4026797,0.4154663
1.4026947,0.4154663
1.4027097,0.4154663
1.4027247,0.36923456
1.4027398,0.36923456
1.4027548,0.36923456
1.4027698,0.36923456
1.4027848,0.3230033
1.4027998,0.3230033
1.4028149,0.3230033
1.4028299,0.3230033
1.4028449,0.3230033
1.4028599,0.27677202
1.402875,0.27677202
1.40289,0.27677202
1.402905,0.27677202
1.40292,0.27677202
1.402935,0.23054075
1.40295,0.23054075
1.4029651,0.23054075
1.4029801,0.23054075
1.4029951,0.184309
1.4030101,0.184309
1.4030252,0.184309
1.4030402,0.184309
1.4030552,0.184309
1.4030702,0.13807821
1.4030852,0.13807821
1.4031003,0.13807821
1.4031153,0.13807821
1.4031303,0.091846466
1.4031453,0.091846466
1.4031603,0.091846466
1.4031754,0.091846466
1.4031904,0.091846466
1.4032054,0.045615196
1.4032204,0.045615196
1.4032354,0.045615196
1.4032505,0.045615196
1.4032655,-6.160736E-4
1.4032805,-6.160736E-4
1.4032955,-6.160736E-4
1.4033105,-6.160736E-4
1.4033256,-0.046847343
1.4033406,-0.046847343
1.4033556,-0.046847343
1.4033706,-0.046847343
1.4033856,-0.09307861
1.4034007,-0.09307861
1.4034157,-0.09307861
1.4034307,-0.09307861
1.4034457,-0.09307861
1.4034607,-0.13931036
1.4034758,-0.13931036
1.4034908,-0.13931036
1.4035058,-0.13931036
1.4035208,-0.13931036
1.403536,-0.18554163
1.403551,-0.18554163
1.403566,-0.18554163
1.403581,-0.18554163
1.403596,-0.2317729
1.4036111,-0.2317729
1.4036261,-0.2317729
1.4036411,-0.2317729
1.4036561,-0.2317729
1.4036711,-0.27800417
1.4036862,-0.27800417
1.4037012,-0.27800417
1.4037162,-0.27800417
1.4037312,-0.32423592
1.4037462,-0.32423592
1.4037613,-0.32423592
1.4037763,-0.32423592
1.4037913,-0.32423592
1.4038063,-0.3704667
1.4038213,-0.3704667
1.4038364,-0.3704667
1.4038514,-0.3704667
1.4038664,-0.41669846
1.4038814,-0.41669846
1.4038965,-0.41669846
1.4039115,-0.41669846
1.4039265,-0.41669846
1.4039415,-0.46292973
1.4039565,-0.46292973
1.4039716,-0.46292973
1.4039866,-0.46292973
1.4040016,-0.5091615
1.4040166,-0.5091615
1.4040316,-0.5091615
1.4040467,-0.5091615
1.4040617,-0.5091615
1.4040767,-0.55539227
1.4040917,-0.55539227
1.4041067,-0.55539227
1.4041218,-0.55539227
1.4041368,-0.601624
1.4041518,-0.601624
1.4041668,-0.601624
1.4041818,-0.601624
1.4041969,-0.601624
1.4042119,-0.6478553
1.4042269,-0.6478553
1.4042419,-0.6478553
1.4042569,-0.6478553
1.404272,-0.6478553
1.404287,-0.694087
1.404302,-0.694087
1.404317,-0.694087
1.404332,-0.694087
1.4043471,-0.7403178
1.4043621,-0.7403178
1.4043771,-0.7403178
1.4043921,-0.7403178
1.4044071,-0.7403178
1.4044222,-0.78654957
1.4044372,-0.78654957
1.4044522,-0.78654957
1.4044672,-0.78654957
1.4044822,-0.78654957
1.4044973,-0.83278084
1.4045123,-0.83278084
1.4045273,-0.83278084
1.4045423,-0.83278084
1.4045573,-0.83278084
1.4045724,-0.8790121
1.4045874,-0.8790121
1.4046024,-0.8790121
1.4046174,-0.8790121
1.4046324,-0.9252434
1.4046475,-0.9252434
1.4046625,-0.9252434
1.4046775,-0.9252434
1.4046925,-0.9252434
1.4047076,-0.9714751
1.4047226,-0.9714751
1.4047376,-0.9714751
1.4047526,-0.9714751
1.4047676,-0.9714751
1.4047827,-1.0177064
1.4047977,-1.0177064
1.4048127,-1.0177064
1.4048277,-1.0177064
1.4048427,-1.0639377
1.4048578,-1.0639377
1.4048728,-1.0639377
1.4048878,-1.0639377
1.4049028,-1.0639377
1.4049178,-1.1101689
1.4049329,-1.1101689
1.4049479,-1.1101689
1.4049629,-1.1101689
1.4049779,-1.1101689
1.4049929,-1.1564007
1.405008,-1.1564007
1.405023,-1.1564007
1.405038,-1.1564007
1.405053,-1.1564007
1.405068,-1.202632
1.4050831,-1.202632
1.4050981,-1.202632
1.4051131,-1.202632
1.4051281,-1.2488632
1.4051431,-1.2488632
1.4051582,-1.2488632
1.4051732,-1.2488632
1.4051882,-1.2488632
1.4052032,-1.2950945
1.4052182,-1.2950945
1.4052333,-1.2950945
1.4052483,-1.2950945
1.4052633,-1.2950945
1.4052783,-1.3413262
1.4052933,-1.3413262
1.4053084,-1.3413262
1.4053234,-1.3413262
1.4053384,-1.3413262
1.4053534,-1.387557
1.4053684,-1.387557
1.4053835,-1.387557
1.4053985,-1.387557
1.4054135,-1.387557
1.4054285,-1.4337888
1.4054435,-1.4337888
1.4054586,-1.4337888
1.4054736,-1.4337888
1.4054886,-1.4337888
1.4055036,-1.48002
1.4055187,-1.48002
1.4055337,-1.48002
1.4055487,-1.48002
1.4055637,-1.48002
1.4055787,-1.48002
1.4055938,-1.48002
1.4056088,-1.5262513
1.4056238,-1.5262513
1.4056388,-1.5262513
1.4056538,-1.5262513
1.4056689,-1.5262513
1.4056839,-1.5724826
1.4056989,-1.5724826
1.4057139,-1.5724826
1.4057289,-1.5724826
1.405744,-1.5724826
1.405759,-1.6187139
1.405774,-1.6187139
1.405789,-1.6187139
1.405804,-1.6187139
1.405819,-1.6187139
1.4058341,-1.6187139
1.4058491,-1.6187139
1.4058641,-1.6187139
1.4058791,-1.6187139
1.4058942,-1.5724826
1.4059092,-1.5724826
1.4059242,-1.5724826
1.4059392,-1.5724826
1.4059542,-1.5262513
1.4059693,-1.5262513
1.4059843,-1.5262513
1.4059993,-1.5262513
1.4060143,-1.5262513
1.4060293,-1.48002
1.4060444,-1.48002
1.4060594,-1.48002
1.4060744,-1.48002
1.4060894,-1.48002
1.4061044,-1.48002
1.4061195,-1.48002
1.4061345,-1.4337888
1.4061495,-1.4337888
1.4061645,-1.4337888
1.4061795,-1.4337888
1.4061946,-1.387557
1.4062096,-1.387557
1.4062246,-1.387557
1.4062396,-1.387557
1.4062546,-1.387557
1.4062697,-1.3413262
1.4062847,-1.3413262
1.4062997,-1.3413262
1.4063147,-1.3413262
1.4063298,-1.3413262
1.4063448,-1.2950945
1.4063598,-1.2950945
1.4063748,-1.2950945
1.4063898,-1.2950945
1.4064049,-1.2488632
1.4064199,-1.2488632
1.4064349,-1.2488632
1.4064499,-1.2488632
1.4064649,-1.2488632
1.40648,-1.202632
1.406495,-1.202632
1.40651,-1.202632
1.406525,-1.202632
1.40654,-1.202632
1.406555,-1.1564007
1.4065701,-1.1564007
1.4065851,-1.1564007
1.4066001,-1.1564007
1.4066151,-1.1101689
1.4066302,-1.1101689
1.4066452,-1.1101689
1.4066602,-1.1101689
1.4066752,-1.1101689
1.4066902,-1.0639377
1.4067053,-1.0639377
1.4067203,-1.0639377
1.4067353,-1.0639377
1.4067503,-1.0639377
1.4067653,-1.0177064
1.4067804,-1.0177064
1.4067954,-1.0177064
1.4068104,-1.0177064
1.4068254,-0.9714751
1.4068404,-0.9714751
1.4068555,-0.9714751
1.4068705,-0.9714751
1.4068855,-0.9714751
1.4069005,-0.9252434
1.4069155,-0.9252434
1.4069306,-0.9252434
1.4069456,-0.9252434
1.4069606,-0.9252434
1.4069756,-0.8790121
1.4069906,-0.8790121
1.4070057,-0.8790121
1.4070207,-0.8790121
1.4070357,-0.83278084
1.4070507,-0.83278084
1.4070659,-0.83278084
1.4070809,-0.83278084
1.4070959,-0.83278084
1.4071109,-0.78654957
1.407126,-0.78654957
1.407141,-0.78654957
1.407156,-0.78654957
1.407171,-0.7403178
1.407186,-0.7403178
1.407201,-0.7403178
1.4072161,-0.7403178
1.4072311,-0.7403178
1.4072461,-0.694087
1.4072611,-0.694087
1.4072762,-0.694087
1.4072912,-0.694087
1.4073062,-0.694087
1.4073212,-0.6478553
1.4073362,-0.6478553
1.4073513,-0.6478553
1.4073663,-0.6478553
1.4073813,-0.6478553
1.4073963,-0.601624
1.4074113,-0.601624
1.4074264,-0.601624
1.4074414,-0.601624
1.4074564,-0.55539227
1.4074714,-0.55539227
1.4074864,-0.55539227
1.4075015,-0.55539227
1.4075165,-0.55539227
1.4075315,-0.5091615
1.4075465,-0.5091615
1.4075615,-0.5091615
1.4075766,-0.5091615
1.4075916,-0.5091615
1.4076066,-0.46292973
1.4076216,-0.46292973
1.4076366,-0.46292973
1.4076517,-0.46292973
1.4076667,-0.46292973
1.4076817,-0.41669846
1.4076967,-0.41669846
1.4077117,-0.41669846
1.4077268,-0.41669846
1.4077418,-0.3704667
1.4077568,-0.3704667
1.4077718,-0.3704667
1.4077868,-0.3704667
1.4078019,-0.3704667
1.4078169,-0.32423592
1.4078319,-0.32423592
1.4078469,-0.32423592
1.407862,-0.32423592
1.407877,-0.27800417
1.407892,-0.27800417
1.407907,-0.27800417
1.407922,-0.27800417
1.407937,-0.27800417
1.4079521,-0.2317729
1.4079671,-0.2317729
1.4079821,-0.2317729
1.4079971,-0.2317729
1.4080122,-0.18554163
1.4080272,-0.18554163
1.4080422,-0.18554163
1.4080572,-0.18554163
1.4080722,-0.18554163
1.4080873,-0.13931036
1.4081023,-0.13931036
1.4081173,-0.13931036
1.4081323,-0.13931036
1.4081473,-0.13931036
1.4081624,-0.09307861
1.4081774,-0.09307861
1.4081924,-0.09307861
1.4082074,-0.09307861
1.4082224,-0.046847343
1.4082375,-0.046847343
1.4082525,-0.046847343
1.4082675,-0.046847343
1.4082825,-0.046847343
1.4082975,-6.160736E-4
1.4083126,-6.160736E-4
1.4083276,-6.160736E-4
1.4083426,-6.160736E-4
1.4083576,0.045615196
1.4083726,0.045615196
1.4083877,0.045615196
1.4084027,0.045615196
1.4084177,0.045615196
1.4084327,0.091846466
1.4084477,0.091846466
1.4084628,0.091846466
1.4084778,0.091846466
1.4084928,0.091846466
1.4085078,0.13807821
1.4085228,0.13807821
1.4085379,0.13807821
1.4085529,0.13807821
1.4085679,0.184309
1.4085829,0.184309
1.408598,0.184309
1.408613,0.184309
1.408628,0.184309
1.408643,0.23054075
1.408658,0.23054075
1.408673,0.23054075
1.4086881,0.23054075
1.4087031,0.23054075
1.4087181,0.27677202
1.4087331,0.27677202
1.4087481,0.27677202
1.4087632,0.27677202
1.4087782,0.27677202
1.4087932,0.3230033
1.4088082,0.3230033
1.4088233,0.3230033
1.4088383,0.3230033
1.4088533,0.36923456
1.4088683,0.36923456
1.4088833,0.36923456
1.4088984,0.36923456
1.4089134,0.36923456
1.4089284,0.4154663
1.4089434,0.4154663
1.4089584,0.4154663
1.4089735,0.4154663
1.4089885,0.4154663
1.4090035,0.46169758
1.4090185,0.46169758
1.4090335,0.46169758
1.4090486,0.46169758
1.4090636,0.50792885
1.4090786,0.50792885
1.4090936,0.50792885
1.4091086,0.50792885
1.4091237,0.50792885
1.4091387,0.5541601
1.4091537,0.5541601
1.4091687,0.5541601
1.4091837,0.5541601
1.4091988,0.5541601
1.4092138,0.60039186
1.4092288,0.60039186
1.4092438,0.60039186
1.4092588,0.60039186
1.4092739,0.60039186
1.4092889,0.64662313
1.4093039,0.64662313
1.4093189,0.64662313
1.409334,0.64662313
1.409349,0.64662313
1.409364,0.6928544
1.409379,0.6928544
1.409394,0.6928544
1.409409,0.6928544
1.4094241,0.7390857
1.4094391,0.7390857
1.4094541,0.7390857
1.4094691,0.7390857
1.4094841,0.7390857
1.4094992,0.7853174
1.4095142,0.7853174
1.4095292,0.7853174
1.4095442,0.7853174
1.4095592,0.7853174
1.4095743,0.8315482
1.4095893,0.8315482
1.4096043,0.8315482
1.4096193,0.8315482
1.4096344,0.8315482
1.4096494,0.87777996
1.4096644,0.87777996
1.4096794,0.87777996
1.4096944,0.87777996
1.4097095,0.87777996
1.4097245,0.92401123
1.4097395,0.92401123
1.4097545,0.92401123
1.4097695,0.92401123
1.4097846,0.92401123
1.4097996,0.970243
1.4098146,0.970243
1.4098296,0.970243
1.4098446,0.970243
1.4098597,0.970243
1.4098747,1.0164738
1.4098897,1.0164738
1.4099047,1.0164738
1.4099197,1.0164738
1.4099348,1.0627055
1.4099498,1.0627055
1.4099648,1.0627055
1.4099798,1.0627055
1.4099948,1.0627055
1.4100099,1.1089368
1.4100249,1.1089368
1.4100399,1.1089368
1.4100549,1.1089368
1.41007,1.1089368
1.410085,1.1551685
1.4101,1.1551685
1.410115,1.1551685
1.41013,1.1551685
1.410145,1.1551685
1.4101601,1.2013993
1.4101751,1.2013993
1.4101901,1.2013993
1.4102051,1.2013993
1.4102201,1.2013993
1.4102352,1.2476311
1.4102502,1.2476311
1.4102652,1.2476311
1.4102802,1.2476311
1.4102952,1.2476311
1.4103103,1.2938623
1.4103253,1.2938623
1.4103403,1.2938623
1.4103553,1.2938623
1.4103703,1.2938623
1.4103854,1.3400936
1.4104004,1.3400936
1.4104154,1.3400936
1.4104304,1.3400936
1.4104455,1.3400936
1.4104605,1.3863249
1.4104755,1.3863249
1.4104905,1.3863249
1.4105055,1.3863249
1.4105206,1.3863249
1.4105356,1.4325566
1.4105506,1.4325566
1.4105656,1.4325566
1.4105808,1.4325566
1.4105958,1.4325566
1.4106108,1.4787879
1.4106258,1.4787879
1.4106408,1.4787879
1.4106559,1.4787879
1.4106709,1.4787879
1.4106859,1.4787879
1.4107009,1.4787879
1.4107159,1.5250192
1.410731,1.5250192
1.410746,1.5250192
1.410761,1.5250192
1.410776,1.5250192
1.410791,1.5712504
1.4108061,1.5712504
1.4108211,1.5712504
1.4108361,1.5712504
1.4108511,1.5712504
1.4108661,1.5712504
1.4108812,1.6174817
1.4108962,1.6174817
1.4109112,1.6174817
1.4109262,1.6174817
1.4109412,1.6174817
1.4109563,1.6637135
1.4109713,1.6637135
1.4109863,1.6637135
1.4110013,1.6637135
1.4110163,1.6637135
1.4110314,1.7099442
1.4110464,1.7099442
1.4110614,1.7099442
1.4110764,1.7099442
1.4110914,1.7099442
1.4111065,1.756176
1.4111215,1.756176
1.4111365,1.756176
1.4111515,1.756176
1.4111665,1.756176
1.4111816,1.756176
1.4111966,1.756176
1.4112116,1.7099442
1.4112266,1.7099442
1.4112417,1.7099442
1.4112567,1.7099442
1.4112717,1.6637135
1.4112867,1.6637135
1.4113017,1.6637135
1.4113168,1.6637135
1.4113318,1.6637135
1.4113468,1.6174817
1.4113618,1.6174817
1.4113768,1.6174817
1.4113919,1.6174817
1.4114069,1.5712504
1.4114219,1.5712504
1.4114369,1.5712504
1.4114519,1.5712504
1.411467,1.5250192
1.411482,1.5250192
1.411497,1.5250192
1.411512,1.5250192
1.411527,1.5250192
1.411542,1.4787879
1.4115571,1.4787879
1.4115721,1.4787879
1.4115871,1.4787879
1.4116021,1.4787879
1.4116172,1.4787879
1.4116322,1.4325566
1.4116472,1.4325566
1.4116622,1.4325566
1.4116772,1.4325566
1.4116923,1.4325566
1.4117073,1.3863249
1.4117223,1.3863249
1.4117373,1.3863249
1.4117523,1.3863249
1.4117674,1.3400936
1.4117824,1.3400936
1.4117974,1.3400936
1.4118124,1.3400936
1.4118274,1.3400936
1.4118425,1.2938623
1.4118575,1.2938623
1.4118725,1.2938623
1.4118875,1.2938623
1.4119025,1.2476311
1.4119176,1.2476311
1.4119326,1.2476311
1.4119476,1.2476311
1.4119626,1.2013993
1.4119776,1.2013993
1.4119927,1.2013993
1.4120077,1.2013993
1.4120227,1.2013993
1.4120377,1.1551685
1.4120528,1.1551685
1.4120678,1.1551685
1.4120828,1.1551685
1.4120978,1.1089368
1.4121128,1.1089368
1.4121279,1.1089368
1.4121429,1.1089368
1.4121579,1.1089368
1.4121729,1.0627055
1.4121879,1.0627055
1.412203,1.0627055
1.412218,1.0627055
1.412233,1.0164738
1.412248,1.0164738
1.412263,1.0164738
1.412278,1.0164738
1.4122931,1.0164738
1.4123081,0.970243
1.4123231,0.970243
1.4123381,0.970243
1.4123532,0.970243
1.4123682,0.92401123
1.4123832,0.92401123
1.4123982,0.92401123
1.4124132,0.92401123
1.4124283,0.87777996
1.4124433,0.87777996
1.4124583,0.87777996
1.4124733,0.87777996
1.4124883,0.87777996
1.4125034,0.8315482
1.4125184,0.8315482
1.4125334,0.8315482
1.4125484,0.8315482
1.4125634,0.7853174
1.4125785,0.7853174
1.4125935,0.7853174
1.4126085,0.7853174
1.4126235,0.7390857
1.4126385,0.7390857
1.4126536,0.7390857
1.4126686,0.7390857
1.4126836,0.7390857
1.4126986,0.6928544
1.4127136,0.6928544
1.4127287,0.6928544
1.4127437,0.6928544
1.4127587,0.64662313
1.4127737,0.64662313
1.4127887,0.64662313
1.4128038,0.64662313
1.4128188,0.64662313
1.4128338,0.60039186
1.4128488,0.60039186
1.4128639,0.60039186
1.4128789,0.60039186
1.4128939,0.5541601
1.4129089,0.5541601
1.4129239,0.5541601
1.412939,0.5541601
1.412954,0.50792885
1.412969,0.50792885
1.412984,0.50792885
1.412999,0.50792885
1.413014,0.50792885
1.4130291,0.46169758
1.4130441,0.46169758
1.4130591,0.46169758
1.4130741,0.46169758
1.4130892,0.4154663
1.4131042,0.4154663
1.4131192,0.4154663
1.4131342,0.4154663
1.4131492,0.4154663
1.4131643,0.36923456
1.4131793,0.36923456
1.4131943,0.36923456
1.4132093,0.36923456
1.4132243,0.3230033
1.4132394,0.3230033
1.4132544,0.3230033
1.4132694,0.3230033
1.4132844,0.3230033
1.4132994,0.27677202
1.4133145,0.27677202
1.4133295,0.27677202
1.4133445,0.27677202
1.4133595,0.23054075
1.4133745,0.23054075
1.4133896,0.23054075
1.4134046,0.23054075
1.4134196,0.23054075
1.4134346,0.184309
1.4134496,0.184309
1.4134647,0.184309
1.4134797,0.184309
1.4134947,0.13807821
1.4135097,0.13807821
1.4135247,0.13807821
1.4135398,0.13807821
1.4135548,0.13807821
1.4135698,0.091846466
1.4135848,0.091846466
1.4135998,0.091846466
1.4136149,0.091846466
1.4136299,0.045615196
1.4136449,0.045615196
1.4136599,0.045615196
1.413675,0.045615196
1.41369,0.045615196
1.413705,-6.160736E-4
1.41372,-6.160736E-4
1.413735,-6.160736E-4
1.41375,-0.046847343
1.4137651,-0.046847343
1.4137801,-0.046847343
1.4137951,-0.046847343
1.4138101,-0.046847343
1.4138252,-0.09307861
1.4138402,-0.09307861
1.4138552,-0.09307861
1.4138702,-0.09307861
1.4138852,-0.13931036
1.4139003,-0.13931036
1.4139153,-0.13931036
1.4139303,-0.13931036
1.4139453,-0.13931036
1.4139603,-0.18554163
1.4139754,-0.18554163
1.4139904,-0.18554163
1.4140054,-0.18554163
1.4140204,-0.2317729
1.4140354,-0.2317729
1.4140505,-0.2317729
1.4140655,-0.2317729
1.4140805,-0.2317729
1.4140955,-0.27800417
1.4141107,-0.27800417
1.4141257,-0.27800417
1.4141407,-0.27800417
1.4141557,-0.32423592
1.4141707,-0.32423592
1.4141858,-0.32423592
1.4142008,-0.32423592
1.4142158,-0.32423592
1.4142308,-0.3704667
1.4142458,-0.3704667
1.4142609,-0.3704667
1.4142759,-0.3704667
1.4142909,-0.41669846
1.4143059,-0.41669846
1.414321,-0.41669846
1.414336,-0.41669846
1.414351,-0.41669846
1.414366,-0.46292973
1.414381,-0.46292973
1.414396,-0.46292973
1.4144111,-0.46292973
1.4144261,-0.5091615
1.4144411,-0.5091615
1.4144561,-0.5091615
1.4144711,-0.5091615
1.4144862,-0.5091615
1.4145012,-0.55539227
1.4145162,-0.55539227
1.4145312,-0.55539227
1.4145463,-0.55539227
1.4145613,-0.55539227
1.4145763,-0.601624
1.4145913,-0.601624
1.4146063,-0.601624
1.4146214,-0.601624
1.4146364,-0.601624
1.4146514,-0.6478553
1.4146664,-0.6478553
1.4146814,-0.6478553
1.4146965,-0.6478553
1.4147115,-0.694087
1.4147265,-0.694087
1.4147415,-0.694087
1.4147565,-0.694087
1.4147716,-0.694087
1.4147866,-0.7403178
1.4148016,-0.7403178
1.4148166,-0.7403178
1.4148316,-0.7403178
1.4148467,-0.7403178
1.4148617,-0.78654957
1.4148767,-0.78654957
1.4148917,-0.78654957
1.4149067,-0.78654957
1.4149218,-0.83278084
1.4149368,-0.83278084
1.4149518,-0.83278084
1.4149668,-0.83278084
1.4149818,-0.83278084
1.4149969,-0.8790121
1.4150119,-0.8790121
1.4150269,-0.8790121
1.4150419,-0.8790121
1.415057,-0.8790121
1.415072,-0.9252434
1.415087,-0.9252434
1.415102,-0.9252434
1.415117,-0.9252434
1.415132,-0.9252434
1.4151471,-0.9714751
1.4151621,-0.9714751
1.4151771,-0.9714751
1.4151921,-0.9714751
1.4152071,-1.0177064
1.4152222,-1.0177064
1.4152372,-1.0177064
1.4152522,-1.0177064
1.4152672,-1.0177064
1.4152822,-1.0639377
1.4152973,-1.0639377
1.4153123,-1.0639377
1.4153273,-1.0639377
1.4153423,-1.0639377
1.4153574,-1.1101689
1.4153724,-1.1101689
1.4153874,-1.1101689
1.4154024,-1.1101689
1.4154174,-1.1564007
1.4154325,-1.1564007
1.4154475,-1.1564007
1.4154625,-1.1564007
1.4154775,-1.1564007
1.4154925,-1.202632
1.4155076,-1.202632
1.4155226,-1.202632
1.4155376,-1.202632
1.4155526,-1.202632
1.4155676,-1.2488632
1.4155827,-1.2488632
1.4155977,-1.2488632
1.4156127,-1.2488632
1.4156277,-1.2488632
1.4156427,-1.2950945
1.4156578,-1.2950945
1.4156728,-1.2950945
1.4156878,-1.2950945
1.4157028,-1.2950945
1.4157178,-1.3413262
1.4157329,-1.3413262
1.4157479,-1.3413262
1.4157629,-1.3413262
1.4157779,-1.3413262
1.415793,-1.387557
1.415808,-1.387557
1.415823,-1.387557
1.415838,-1.387557
1.415853,-1.4337888
1.415868,-1.4337888
1.4158831,-1.4337888
1.4158981,-1.4337888
1.4159131,-1.4337888
1.4159281,-1.48002
1.4159431,-1.48002
1.4159582,-1.48002
1.4159732,-1.48002
1.4159882,-1.48002
1.4160032,-1.48002
1.4160182,-1.48002
1.4160333,-1.48002
1.4160483,-1.5262513
1.4160633,-1.5262513
1.4160783,-1.5262513
1.4160933,-1.5262513
1.4161084,-1.5262513
1.4161234,-1.5724826
1.4161384,-1.5724826
1.4161534,-1.5724826
1.4161685,-1.5724826
1.4161835,-1.6187139
1.4161985,-1.6187139
1.4162135,-1.6187139
1.4162285,-1.6187139
1.4162436,-1.6187139
1.4162586,-1.6187139
1.4162736,-1.6187139
1.4162886,-1.6187139
1.4163036,-1.6187139
1.4163187,-1.5724826
1.4163337,-1.5724826
1.4163487,-1.5724826
1.4163637,-1.5724826
1.4163787,-1.5724826
1.4163938,-1.5262513
1.4164088,-1.5262513
1.4164238,-1.5262513
1.4164388,-1.5262513
1.4164538,-1.48002
1.4164689,-1.48002
1.4164839,-1.48002
1.4164989,-1.48002
1.4165139,-1.48002
1.4165289,-1.48002
1.416544,-1.48002
1.416559,-1.4337888
1.416574,-1.4337888
1.416589,-1.4337888
1.416604,-1.4337888
1.4166191,-1.4337888
1.4166341,-1.387557
1.4166491,-1.387557
1.4166641,-1.387557
1.4166791,-1.387557
1.4166942,-1.387557
1.4167092,-1.3413262
1.4167242,-1.3413262
1.4167392,-1.3413262
1.4167542,-1.3413262
1.4167693,-1.2950945
1.4167843,-1.2950945
1.4167993,-1.2950945
1.4168143,-1.2950945
1.4168293,-1.2950945
1.4168444,-1.2488632
1.4168594,-1.2488632
1.4168744,-1.2488632
1.4168894,-1.2488632
1.4169044,-1.2488632
1.4169195,-1.202632
1.4169345,-1.202632
1.4169495,-1.202632
1.4169645,-1.202632
1.4169796,-1.1564007
1.4169946,-1.1564007
1.4170096,-1.1564007
1.4170246,-1.1564007
1.4170396,-1.1564007
1.4170547,-1.1101689
1.4170697,-1.1101689
1.4170847,-1.1101689
1.4170997,-1.1101689
1.4171147,-1.0639377
1.4171298,-1.0639377
1.4171448,-1.0639377
1.4171598,-1.0639377
1.4171748,-1.0639377
1.4171898,-1.0177064
1.4172049,-1.0177064
1.4172199,-1.0177064
1.4172349,-1.0177064
1.4172499,-1.0177064
1.4172649,-0.9714751
1.41728,-0.9714751
1.417295,-0.9714751
1.41731,-0.9714751
1.417325,-0.9252434
1.41734,-0.9252434
1.4173551,-0.9252434
1.4173701,-0.9252434
1.4173851,-0.9252434
1.4174001,-0.8790121
1.4174151,-0.8790121
1.4174302,-0.8790121
1.4174452,-0.8790121
1.4174602,-0.8790121
1.4174752,-0.83278084
1.4174902,-0.83278084
1.4175053,-0.83278084
1.4175203,-0.83278084
1.4175353,-0.78654957
1.4175503,-0.78654957
1.4175653,-0.78654957
1.4175804,-0.78654957
1.4175954,-0.78654957
1.4176104,-0.7403178
1.4176255,-0.7403178
1.4176406,-0.7403178
1.4176556,-0.7403178
1.4176706,-0.7403178
1.4176856,-0.694087
1.4177006,-0.694087
1.4177157,-0.694087
1.4177307,-0.694087
1.4177457,-0.6478553
1.4177607,-0.6478553
1.4177758,-0.6478553
1.4177908,-0.6478553
1.4178058,-0.6478553
1.4178208,-0.601624
1.4178358,-0.601624
1.4178509,-0.601624
1.4178659,-0.601624
1.4178809,-0.601624
1.4178959,-0.55539227
1.4179109,-0.55539227
1.417926,-0.55539227
1.417941,-0.55539227
1.417956,-0.5091615
1.417971,-0.5091615
1.417986,-0.5091615
1.418001,-0.5091615
1.4180161,-0.5091615
1.4180311,-0.46292973
1.4180461,-0.46292973
1.4180611,-0.46292973
1.4180762,-0.46292973
1.4180912,-0.46292973
1.4181062,-0.41669846
1.4181212,-0.41669846
1.4181362,-0.41669846
1.4181513,-0.41669846
1.4181663,-0.3704667
1.4181813,-0.3704667
1.4181963,-0.3704667
1.4182113,-0.3704667
1.4182264,-0.3704667
1.4182414,-0.32423592
1.4182564,-0.32423592
1.4182714,-0.32423592
1.4182864,-0.32423592
1.4183015,-0.32423592
1.4183165,-0.27800417
1.4183315,-0.27800417
1.4183465,-0.27800417
1.4183615,-0.27800417
1.4183766,-0.2317729
1.4183916,-0.2317729
1.4184066,-0.2317729
1.4184216,-0.2317729
1.4184366,-0.2317729
1.4184517,-0.18554163
1.4184667,-0.18554163
1.4184817,-0.18554163
1.4184967,-0.18554163
1.4185117,-0.18554163
1.4185268,-0.13931036
1.4185418,-0.13931036
1.4185568,-0.13931036
1.4185718,-0.13931036
1.4185869,-0.09307861
1.4186019,-0.09307861
1.4186169,-0.09307861
1.4186319,-0.09307861
1.4186469,-0.09307861
1.418662,-0.046847343
1.418677,-0.046847343
1.418692,-0.046847343
1.418707,-0.046847343
1.418722,-0.046847343
1.418737,-6.160736E-4
1.4187521,-6.160736E-4
1.4187671,-6.160736E-4
1.4187821,-6.160736E-4
1.4187971,0.045615196
1.4188122,0.045615196
1.4188272,0.045615196
1.4188422,0.045615196
1.4188572,0.045615196
1.4188722,0.091846466
1.4188873,0.091846466
1.4189023,0.091846466
1.4189173,0.091846466
1.4189323,0.13807821
1.4189473,0.13807821
1.4189624,0.13807821
1.4189774,0.13807821
1.4189924,0.13807821
1.4190074,0.184309
1.4190224,0.184309
1.4190375,0.184309
1.4190525,0.184309
1.4190675,0.184309
1.4190825,0.23054075
1.4190975,0.23054075
1.4191126,0.23054075
1.4191276,0.23054075
1.4191426,0.27677202
1.4191576,0.27677202
1.4191726,0.27677202
1.4191877,0.27677202
1.4192027,0.27677202
1.4192177,0.3230033
1.4192327,0.3230033
1.4192477,0.3230033
1.4192628,0.3230033
1.4192778,0.3230033
1.4192928,0.36923456
1.4193078,0.36923456
1.4193228,0.36923456
1.4193379,0.36923456
1.4193529,0.4154663
1.4193679,0.4154663
1.4193829,0.4154663
1.419398,0.4154663
1.419413,0.4154663
1.419428,0.46169758
1.419443,0.46169758
1.419458,0.46169758
1.419473,0.46169758
1.4194881,0.46169758
1.4195031,0.50792885
1.4195181,0.50792885
1.4195331,0.50792885
1.4195482,0.50792885
1.4195632,0.50792885
1.4195782,0.5541601
1.4195932,0.5541601
1.4196082,0.5541601
1.4196233,0.5541601
1.4196383,0.60039186
1.4196533,0.60039186
1.4196683,0.60039186
1.4196833,0.60039186
1.4196984,0.60039186
1.4197134,0.64662313
1.4197284,0.64662313
1.4197434,0.64662313
1.4197584,0.64662313
1.4197735,0.64662313
1.4197885,0.6928544
1.4198035,0.6928544
1.4198185,0.6928544
1.4198335,0.6928544
1.4198486,0.6928544
1.4198636,0.7390857
1.4198786,0.7390857
1.4198936,0.7390857
1.4199086,0.7390857
1.4199237,0.7390857
1.4199387,0.7853174
1.4199537,0.7853174
1.4199687,0.7853174
1.4199837,0.7853174
1.4199988,0.7853174
1.4200138,0.8315482
1.4200288,0.8315482
1.4200438,0.8315482
1.4200588,0.8315482
1.4200739,0.8315482
1.4200889,0.87777996
1.4201039,0.87777996
1.4201189,0.87777996
1.420134,0.87777996
1.420149,0.92401123
1.420164,0.92401123
1.420179,0.92401123
1.420194,0.92401123
1.420209,0.92401123
1.4202241,0.970243
1.4202391,0.970243
1.4202541,0.970243
1.4202691,0.970243
1.4202842,0.970243
1.4202992,1.0164738
1.4203142,1.0164738
1.4203292,1.0164738
1.4203442,1.0164738
1.4203593,1.0164738
1.4203743,1.0627055
1.4203893,1.0627055
1.4204043,1.0627055
1.4204193,1.0627055
1.4204344,1.0627055
1.4204494,1.1089368
1.4204644,1.1089368
1.4204794,1.1089368
1.4204944,1.1089368
1.4205095,1.1089368
1.4205245,1.1551685
1.4205395,1.1551685
1.4205545,1.1551685
1.4205695,1.1551685
1.4205846,1.1551685
1.4205996,1.2013993
1.4206146,1.2013993
1.4206296,1.2013993
1.4206446,1.2013993
1.4206597,1.2476311
1.4206747,1.2476311
1.4206897,1.2476311
1.4207047,1.2476311
1.4207197,1.2476311
1.4207348,1.2938623
1.4207498,1.2938623
1.4207648,1.2938623
1.4207798,1.2938623
1.4207948,1.2938623
1.4208099,1.3400936
1.4208249,1.3400936
1.4208399,1.3400936
1.4208549,1.3400936
1.42087,1.3400936
1.420885,1.3400936
1.4209,1.3863249
1.420915,1.3863249
1.42093,1.3863249
1.420945,1.3863249
1.4209601,1.4325566
1.4209751,1.4325566
1.4209901,1.4325566
1.4210051,1.4325566
1.4210202,1.4325566
1.4210352,1.4325566
1.4210502,1.4787879
1.4210652,1.4787879
1.4210802,1.4787879
1.4210953,1.4787879
1.4211103,1.4787879
1.4211253,1.4787879
1.4211403,1.4787879
1.4211555,1.5250192
1.4211705,1.5250192
1.4211855,1.5250192
1.4212005,1.5250192
1.4212155,1.5250192
1.4212306,1.5712504
1.4212456,1.5712504
1.4212606,1.5712504
1.4212756,1.5712504
1.4212906,1.5712504
1.4213057,1.6174817
1.4213207,1.6174817
1.4213357,1.6174817
1.4213507,1.6174817
1.4213657,1.6174817
1.4213808,1.6637135
1.4213958,1.6637135
1.4214108,1.6637135
1.4214258,1.6637135
1.4214408,1.6637135
1.4214559,1.6637135
1.4214709,1.7099442
1.4214859,1.7099442
1.4215009,1.7099442
1.421516,1.7099442
1.421531,1.7099442
1.421546,1.756176
1.421561,1.756176
1.421576,1.756176
1.421591,1.756176
1.4216061,1.756176
1.4216211,1.756176
1.4216361,1.756176
1.4216511,1.7099442
1.4216661,1.7099442
1.4216812,1.7099442
1.4216962,1.7099442
1.4217112,1.6637135
1.4217262,1.6637135
1.4217412,1.6637135
1.4217563,1.6637135
1.4217713,1.6174817
1.4217863,1.6174817
1.4218013,1.6174817
1.4218163,1.6174817
1.4218314,1.6174817
1.4218464,1.5712504
1.4218614,1.5712504
1.4218764,1.5712504
1.4218915,1.5712504
1.4219065,1.5250192
1.4219215,1.5250192
1.4219365,1.5250192
1.4219515,1.5250192
1.4219666,1.4787879
1.4219816,1.4787879
1.4219966,1.4787879
1.4220116,1.4787879
1.4220266,1.4787879
1.4220417,1.4787879
1.4220567,1.4787879
1.4220717,1.4325566
1.4220867,1.4325566
1.4221017,1.4325566
1.4221168,1.4325566
1.4221318,1.3863249
1.4221468,1.3863249
1.4221618,1.3863249
1.4221768,1.3863249
1.4221919,1.3863249
1.4222069,1.3400936
1.4222219,1.3400936
1.4222369,1.3400936
1.4222519,1.3400936
1.422267,1.2938623
1.422282,1.2938623
1.422297,1.2938623
1.422312,1.2938623
1.422327,1.2938623
1.4223421,1.2476311
1.4223571,1.2476311
1.4223721,1.2476311
1.4223871,1.2476311
1.4224021,1.2013993
1.4224172,1.2013993
1.4224322,1.2013993
1.4224472,1.2013993
1.4224622,1.1551685
1.4224772,1.1551685
1.4224923,1.1551685
1.4225073,1.1551685
1.4225223,1.1551685
1.4225373,1.1089368
1.4225523,1.1089368
1.4225674,1.1089368
1.4225824,1.1089368
1.4225974,1.0627055
1.4226124,1.0627055
1.4226274,1.0627055
1.4226425,1.0627055
1.4226575,1.0164738
1.4226725,1.0164738
1.4226875,1.0164738
1.4227026,1.0164738
1.4227176,1.0164738
1.4227326,0.970243
1.4227476,0.970243
1.4227626,0.970243
1.4227777,0.970243
1.4227927,0.92401123
1.4228077,0.92401123
1.4228227,0.92401123
1.4228377,0.92401123
1.4228528,0.92401123
1.4228678,0.87777996
1.4228828,0.87777996
1.4228978,0.87777996
1.4229128,0.87777996
1.4229279,0.8315482
1.4229429,0.8315482
1.4229579,0.8315482
1.4229729,0.8315482
1.4229879,0.8315482
1.423003,0.7853174
1.423018,0.7853174
1.423033,0.7853174
1.423048,0.7853174
1.423063,0.7390857
1.4230781,0.7390857
1.4230931,0.7390857
1.4231081,0.7390857
1.4231231,0.7390857
1.4231381,0.6928544
1.4231532,0.6928544
1.4231682,0.6928544
1.4231832,0.6928544
1.4231982,0.64662313
1.4232132,0.64662313
1.4232283,0.64662313
1.4232433,0.64662313
1.4232583,0.60039186
1.4232733,0.60039186
1.4232883,0.60039186
1.4233034,0.60039186
1.4233184,0.60039186
1.4233334,0.5541601
1.4233484,0.5541601
1.4233634,0.5541601
1.4233785,0.5541601
1.4233935,0.50792885
1.4234085,0.50792885
1.4234235,0.50792885
1.4234385,0.50792885
1.4234536,0.50792885
1.4234686,0.46169758
1.4234836,0.46169758
1.4234986,0.46169758
1.4235137,0.46169758
1.4235287,0.4154663
1.4235437,0.4154663
1.4235587,0.4154663
1.4235737,0.4154663
1.4235888,0.36923456
1.4236038,0.36923456
1.4236188,0.36923456
1.4236338,0.36923456
1.4236488,0.36923456
1.4236639,0.3230033
1.4236789,0.3230033
1.4236939,0.3230033
1.4237089,0.3230033
1.4237239,0.27677202
1.423739,0.27677202
1.423754,0.27677202
1.423769,0.27677202
1.423784,0.27677202
1.423799,0.23054075
1.423814,0.23054075
1.4238291,0.23054075
1.4238441,0.23054075
1.4238591,0.184309
1.4238741,0.184309
1.4238892,0.184309
1.4239042,0.184309
1.4239192,0.13807821
1.4239342,0.13807821
1.4239492,0.13807821
1.4239643,0.13807821
1.4239793,0.13807821
1.4239943,0.091846466
1.4240093,0.091846466
1.4240243,0.091846466
1.4240394,0.091846466
1.4240544,0.045615196
1.4240694,0.045615196
1.4240844,0.045615196
1.4240994,0.045615196
1.4241145,0.045615196
1.4241295,-6.160736E-4
1.4241445,-6.160736E-4
1.4241595,-6.160736E-4
1.4241745,-6.160736E-4
1.4241896,-0.046847343
1.4242046,-0.046847343
1.4242196,-0.046847343
1.4242346,-0.046847343
1.4242496,-0.09307861
1.4242647,-0.09307861
1.4242797,-0.09307861
1.4242947,-0.09307861
1.4243097,-0.09307861
1.4243248,-0.13931036
1.4243398,-0.13931036
1.4243548,-0.13931036
1.4243698,-0.13931036
1.4243848,-0.13931036
1.4243999,-0.18554163
1.4244149,-0.18554163
1.4244299,-0.18554163
1.4244449,-0.18554163
1.4244599,-0.2317729
1.424475,-0.2317729
1.42449,-0.2317729
1.424505,-0.2317729
1.42452,-0.27800417
1.424535,-0.27800417
1.42455,-0.27800417
1.4245651,-0.27800417
1.4245801,-0.27800417
1.4245951,-0.32423592
1.4246101,-0.32423592
1.4246252,-0.32423592
1.4246402,-0.32423592
1.4246552,-0.32423592
1.4246703,-0.3704667
1.4246854,-0.3704667
1.4247004,-0.3704667
1.4247154,-0.3704667
1.4247304,-0.41669846
1.4247454,-0.41669846
1.4247605,-0.41669846
1.4247755,-0.41669846
1.4247905,-0.41669846
1.4248055,-0.46292973
1.4248205,-0.46292973
1.4248356,-0.46292973
1.4248506,-0.46292973
1.4248656,-0.5091615
1.4248806,-0.5091615
1.4248956,-0.5091615
1.4249107,-0.5091615
1.4249257,-0.5091615
1.4249407,-0.55539227
1.4249557,-0.55539227
1.4249707,-0.55539227
1.4249858,-0.55539227
1.4250008,-0.55539227
1.4250158,-0.601624
1.4250308,-0.601624
1.4250458,-0.601624
1.4250609,-0.601624
1.4250759,-0.6478553
1.4250909,-0.6478553
1.4251059,-0.6478553
1.425121,-0.6478553
1.425136,-0.6478553
1.425151,-0.694087
1.425166,-0.694087
1.425181,-0.694087
1.425196,-0.694087
1.4252111,-0.7403178
1.4252261,-0.7403178
1.4252411,-0.7403178
1.4252561,-0.7403178
1.4252712,-0.7403178
1.4252862,-0.78654957
1.4253012,-0.78654957
1.4253162,-0.78654957
1.4253312,-0.78654957
1.4253463,-0.78654957
1.4253613,-0.83278084
1.4253763,-0.83278084
1.4253913,-0.83278084
1.4254063,-0.83278084
1.4254214,-0.8790121
1.4254364,-0.8790121
1.4254514,-0.8790121
1.4254664,-0.8790121
1.4254814,-0.8790121
1.4254965,-0.9252434
1.4255115,-0.9252434
1.4255265,-0.9252434
1.4255415,-0.9252434
1.4255565,-0.9252434
1.4255716,-0.9714751
1.4255866,-0.9714751
1.4256016,-0.9714751
1.4256166,-0.9714751
1.4256316,-0.9714751
1.4256467,-1.0177064
1.4256617,-1.0177064
1.4256767,-1.0177064
1.4256917,-1.0177064
1.4257067,-1.0639377
1.4257218,-1.0639377
1.4257368,-1.0639377
1.4257518,-1.0639377
1.4257668,-1.0639377
1.4257818,-1.1101689
1.4257969,-1.1101689
1.4258119,-1.1101689
1.4258269,-1.1101689
1.4258419,-1.1101689
1.425857,-1.1564007
1.425872,-1.1564007
1.425887,-1.1564007
1.425902,-1.1564007
1.425917,-1.1564007
1.425932,-1.202632
1.4259471,-1.202632
1.4259621,-1.202632
1.4259771,-1.202632
1.4259921,-1.202632
1.4260072,-1.2488632
1.4260222,-1.2488632
1.4260372,-1.2488632
1.4260522,-1.2488632
1.4260672,-1.2950945
1.4260823,-1.2950945
1.4260973,-1.2950945
1.4261123,-1.2950945
1.4261273,-1.2950945
1.4261423,-1.3413262
1.4261574,-1.3413262
1.4261724,-1.3413262
1.4261874,-1.3413262
1.4262024,-1.3413262
1.4262174,-1.387557
1.4262325,-1.387557
1.4262475,-1.387557
1.4262625,-1.387557
1.4262775,-1.387557
1.4262925,-1.4337888
1.4263076,-1.4337888
1.4263226,-1.4337888
1.4263376,-1.4337888
1.4263526,-1.4337888
1.4263676,-1.48002
1.4263827,-1.48002
1.4263977,-1.48002
1.4264127,-1.48002
1.4264277,-1.48002
1.4264427,-1.48002
1.4264578,-1.48002
1.4264728,-1.5262513
1.4264878,-1.5262513
1.4265028,-1.5262513
1.4265178,-1.5262513
1.4265329,-1.5262513
1.4265479,-1.5724826
1.4265629,-1.5724826
1.4265779,-1.5724826
1.426593,-1.5724826
1.426608,-1.5724826
1.426623,-1.6187139
1.426638,-1.6187139
1.426653,-1.6187139
1.426668,-1.6187139
1.4266831,-1.6187139
1.4266981,-1.6187139
1.4267131,-1.6187139
1.4267281,-1.6187139
1.4267431,-1.6187139
1.4267582,-1.5724826
1.4267732,-1.5724826
1.4267882,-1.5724826
1.4268032,-1.5724826
1.4268183,-1.5262513
1.4268333,-1.5262513
1.4268483,-1.5262513
1.4268633,-1.5262513
1.4268783,-1.5262513
1.4268934,-1.48002
1.4269084,-1.48002
1.4269234,-1.48002
1.4269384,-1.48002
1.4269534,-1.48002
1.4269685,-1.48002
1.4269835,-1.48002
1.4269985,-1.4337888
1.4270135,-1.4337888
1.4270285,-1.4337888
1.4270436,-1.4337888
1.4270586,-1.4337888
1.4270736,-1.387557
1.4270886,-1.387557
1.4271036,-1.387557
1.4271187,-1.387557
1.4271337,-1.3413262
1.4271487,-1.3413262
1.4271637,-1.3413262
1.4271787,-1.3413262
1.4271938,-1.3413262
1.4272088,-1.2950945
1.4272238,-1.2950945
1.4272388,-1.2950945
1.4272538,-1.2950945
1.4272689,-1.2488632
1.4272839,-1.2488632
1.4272989,-1.2488632
1.4273139,-1.2488632
1.427329,-1.2488632
1.427344,-1.202632
1.427359,-1.202632
1.427374,-1.202632
1.427389,-1.202632
1.427404,-1.202632
1.4274191,-1.1564007
1.4274341,-1.1564007
1.4274491,-1.1564007
1.4274641,-1.1564007
1.4274791,-1.1564007
1.4274942,-1.1101689
1.4275092,-1.1101689
1.4275242,-1.1101689
1.4275392,-1.1101689
1.4275542,-1.0639377
1.4275693,-1.0639377
1.4275843,-1.0639377
1.4275993,-1.0639377
1.4276143,-1.0639377
1.4276294,-1.0177064
1.4276444,-1.0177064
1.4276594,-1.0177064
1.4276744,-1.0177064
1.4276894,-0.9714751
1.4277045,-0.9714751
1.4277195,-0.9714751
1.4277345,-0.9714751
1.4277495,-0.9714751
1.4277645,-0.9252434
1.4277796,-0.9252434
1.4277946,-0.9252434
1.4278096,-0.9252434
1.4278246,-0.9252434
1.4278396,-0.8790121
1.4278547,-0.8790121
1.4278697,-0.8790121
1.4278847,-0.8790121
1.4278997,-0.83278084
1.4279147,-0.83278084
1.4279298,-0.83278084
1.4279448,-0.83278084
1.4279598,-0.83278084
1.4279748,-0.78654957
1.4279898,-0.78654957
1.4280049,-0.78654957
1.4280199,-0.78654957
1.4280349,-0.78654957
1.4280499,-0.7403178
1.428065,-0.7403178
1.42808,-0.7403178
1.428095,-0.7403178
1.42811,-0.694087
1.428125,-0.694087
1.42814,-0.694087
1.4281551,-0.694087
1.4281701,-0.694087
1.4281852,-0.6478553
1.4282002,-0.6478553
1.4282153,-0.6478553
1.4282303,-0.6478553
1.4282453,-0.6478553
1.4282603,-0.601624
1.4282753,-0.601624
1.4282904,-0.601624
1.4283054,-0.601624
1.4283204,-0.55539227
1.4283354,-0.55539227
1.4283504,-0.55539227
1.4283655,-0.55539227
1.4283805,-0.55539227
1.4283955,-0.5091615
1.4284105,-0.5091615
1.4284256,-0.5091615
1.4284406,-0.5091615
1.4284556,-0.46292973
1.4284706,-0.46292973
1.4284856,-0.46292973
1.4285007,-0.46292973
1.4285157,-0.46292973
1.4285307,-0.41669846
1.4285457,-0.41669846
1.4285607,-0.41669846
1.4285758,-0.41669846
1.4285908,-0.41669846
1.4286058,-0.3704667
1.4286208,-0.3704667
1.4286358,-0.3704667
1.4286509,-0.3704667
1.4286659,-0.32423592
1.4286809,-0.32423592
1.4286959,-0.32423592
1.4287109,-0.32423592
1.428726,-0.32423592
1.428741,-0.27800417
1.428756,-0.27800417
1.428771,-0.27800417
1.428786,-0.27800417
1.4288011,-0.27800417
1.4288161,-0.2317729
1.4288311,-0.2317729
1.4288461,-0.2317729
1.4288611,-0.2317729
1.4288762,-0.2317729
1.4288912,-0.18554163
1.4289062,-0.18554163
1.4289212,-0.18554163
1.4289362,-0.18554163
1.4289513,-0.13931036
1.4289663,-0.13931036
1.4289813,-0.13931036
1.4289963,-0.13931036
1.4290113,-0.13931036
1.4290264,-0.09307861
1.4290414,-0.09307861
1.4290564,-0.09307861
1.4290714,-0.09307861
1.4290864,-0.09307861
1.4291015,-0.046847343
1.4291165,-0.046847343
1.4291315,-0.046847343
1.4291465,-0.046847343
1.4291615,-6.160736E-4
1.4291766,-6.160736E-4
1.4291916,-6.160736E-4
1.4292066,-6.160736E-4
1.4292216,-6.160736E-4
1.4292367,0.045615196
1.4292517,0.045615196
1.4292667,0.045615196
1.4292817,0.045615196
1.4292967,0.091846466
1.4293118,0.091846466
1.4293268,0.091846466
1.4293418,0.091846466
1.4293568,0.091846466
1.4293718,0.13807821
1.4293869,0.13807821
1.4294019,0.13807821
1.4294169,0.13807821
1.4294319,0.13807821
1.4294469,0.184309
1.429462,0.184309
1.429477,0.184309
1.429492,0.184309
1.429507,0.23054075
1.429522,0.23054075
1.429537,0.23054075
1.4295521,0.23054075
1.4295671,0.23054075
1.4295821,0.27677202
1.4295971,0.27677202
1.4296122,0.27677202
1.4296272,0.27677202
1.4296422,0.27677202
1.4296572,0.3230033
1.4296722,0.3230033
1.4296873,0.3230033
1.4297023,0.3230033
1.4297173,0.3230033
1.4297323,0.36923456
1.4297473,0.36923456
1.4297624,0.36923456
1.4297774,0.36923456
1.4297924,0.4154663
1.4298074,0.4154663
1.4298224,0.4154663
1.4298375,0.4154663
1.4298525,0.4154663
1.4298675,0.46169758
1.4298825,0.46169758
1.4298975,0.46169758
1.4299126,0.46169758
1.4299276,0.46169758
1.4299426,0.50792885
1.4299576,0.50792885
1.4299726,0.50792885
1.4299877,0.50792885
1.4300027,0.5541601
1.4300177,0.5541601
1.4300327,0.5541601
1.4300478,0.5541601
1.4300628,0.5541601
1.4300778,0.60039186
1.4300928,0.60039186
1.4301078,0.60039186
1.4301229,0.60039186
1.4301379,0.60039186
1.4301529,0.64662313
1.4301679,0.64662313
1.4301829,0.64662313
1.430198,0.64662313
1.430213,0.64662313
1.430228,0.6928544
1.430243,0.6928544
1.430258,0.6928544
1.430273,0.6928544
1.4302881,0.7390857
1.4303031,0.7390857
1.4303181,0.7390857
1.4303331,0.7390857
1.4303482,0.7390857
1.4303632,0.7853174
1.4303782,0.7853174
1.4303932,0.7853174
1.4304082,0.7853174
1.4304233,0.7853174
1.4304383,0.8315482
1.4304533,0.8315482
1.4304683,0.8315482
1.4304833,0.8315482
1.4304984,0.8315482
1.4305134,0.87777996
1.4305284,0.87777996
1.4305434,0.87777996
1.4305584,0.87777996
1.4305735,0.87777996
1.4305885,0.92401123
1.4306035,0.92401123
1.4306185,0.92401123
1.4306335,0.92401123
1.4306486,0.92401123
1.4306636,0.970243
1.4306786,0.970243
1.4306936,0.970243
1.4307086,0.970243
1.4307237,0.970243
1.4307387,1.0164738
1.4307537,1.0164738
1.4307687,1.0164738
1.4307837,1.0164738
1.4307988,1.0627055
1.4308138,1.0627055
1.4308288,1.0627055
1.4308438,1.0627055
1.4308589,1.0627055
1.4308739,1.1089368
1.4308889,1.1089368
1.4309039,1.1089368
1.4309189,1.1089368
1.430934,1.1089368
1.430949,1.1551685
1.430964,1.1551685
1.430979,1.1551685
1.430994,1.1551685
1.431009,1.1551685
1.4310241,1.2013993
1.4310391,1.2013993
1.4310541,1.2013993
1.4310691,1.2013993
1.4310842,1.2013993
1.4310992,1.2476311
1.4311142,1.2476311
1.4311292,1.2476311
1.4311442,1.2476311
1.4311593,1.2476311
1.4311743,1.2938623
1.4311893,1.2938623
1.4312043,1.2938623
1.4312193,1.2938623
1.4312344,1.2938623
1.4312494,1.3400936
1.4312644,1.3400936
1.4312794,1.3400936
1.4312944,1.3400936
1.4313095,1.3400936
1.4313245,1.3863249
1.4313395,1.3863249
1.4313545,1.3863249
1.4313695,1.3863249
1.4313846,1.3863249
1.4313996,1.4325566
1.4314146,1.4325566
1.4314296,1.4325566
1.4314446,1.4325566
1.4314597,1.4325566
1.4314747,1.4787879
1.4314897,1.4787879
1.4315047,1.4787879
1.4315197,1.4787879
1.4315348,1.4787879
1.4315498,1.4787879
1.4315648,1.4787879
1.4315798,1.4787879
1.4315948,1.5250192
1.4316099,1.5250192
1.4316249,1.5250192
1.4316399,1.5250192
1.4316549,1.5250192
1.43167,1.5712504
1.431685,1.5712504
1.4317,1.5712504
1.4317151,1.5712504
1.4317302,1.5712504
1.4317452,1.6174817
1.4317602,1.6174817
1.4317752,1.6174817
1.4317902,1.6174817
1.4318053,1.6174817
1.4318203,1.6637135
1.4318353,1.6637135
1.4318503,1.6637135
1.4318653,1.6637135
1.4318804,1.6637135
1.4318954,1.7099442
1.4319104,1.7099442
1.4319254,1.7099442
1.4319404,1.7099442
1.4319555,1.7099442
1.4319705,1.756176
1.4319855,1.756176
1.4320005,1.756176
1.4320155,1.756176
1.4320306,1.756176
1.4320456,1.756176
1.4320606,1.756176
1.4320756,1.7099442
1.4320906,1.7099442
1.4321057,1.7099442
1.4321207,1.7099442
1.4321357,1.6637135
1.4321507,1.6637135
1.4321657,1.6637135
1.4321808,1.6637135
1.4321958,1.6637135
1.4322108,1.6174817
1.4322258,1.6174817
1.4322408,1.6174817
1.4322559,1.6174817
1.4322709,1.5712504
1.4322859,1.5712504
1.4323009,1.5712504
1.432316,1.5712504
1.432331,1.5250192
1.432346,1.5250192
1.432361,1.5250192
1.432376,1.5250192
1.432391,1.5250192
1.4324061,1.4787879
1.4324211,1.4787879
1.4324361,1.4787879
1.4324511,1.4787879
1.4324661,1.4787879
1.4324812,1.4787879
1.4324962,1.4787879
1.4325112,1.4325566
1.4325262,1.4325566
1.4325413,1.4325566
1.4325563,1.4325566
1.4325713,1.3863249
1.4325863,1.3863249
1.4326013,1.3863249
1.4326164,1.3863249
1.4326314,1.3400936
1.4326464,1.3400936
1.4326614,1.3400936
1.4326764,1.3400936
1.4326915,1.3400936
1.4327065,1.2938623
1.4327215,1.2938623
1.4327365,1.2938623
1.4327515,1.2938623
1.4327666,1.2476311
1.4327816,1.2476311
1.4327966,1.2476311
1.4328116,1.2476311
1.4328266,1.2476311
1.4328417,1.2013993
1.4328567,1.2013993
1.4328717,1.2013993
1.4328867,1.2013993
1.4329017,1.1551685
1.4329168,1.1551685
1.4329318,1.1551685
1.4329468,1.1551685
1.4329618,1.1551685
1.4329768,1.1089368
1.4329919,1.1089368
1.4330069,1.1089368
1.4330219,1.1089368
1.4330369,1.0627055
1.433052,1.0627055
1.433067,1.0627055
1.433082,1.0627055
1.433097,1.0164738
1.433112,1.0164738
1.433127,1.0164738
1.4331421,1.0164738
1.4331571,0.970243
1.4331721,0.970243
1.4331871,0.970243
1.4332021,0.970243
1.4332172,0.970243
1.4332322,0.92401123
1.4332472,0.92401123
1.4332622,0.92401123
1.4332772,0.92401123
1.4332923,0.87777996
1.4333073,0.87777996
1.4333223,0.87777996
1.4333373,0.87777996
1.4333524,0.87777996
1.4333674,0.8315482
1.4333824,0.8315482
1.4333974,0.8315482
1.4334124,0.8315482
1.4334275,0.7853174
1.4334425,0.7853174
1.4334575,0.7853174
1.4334725,0.7853174
1.4334875,0.7390857
1.4335026,0.7390857
1.4335176,0.7390857
1.4335326,0.7390857
1.4335476,0.7390857
1.4335626,0.6928544
1.4335777,0.6928544
1.4335927,0.6928544
1.4336077,0.6928544
1.4336227,0.64662313
1.4336377,0.64662313
1.4336528,0.64662313
1.4336678,0.64662313
1.4336828,0.64662313
1.4336978,0.60039186
1.4337128,0.60039186
1.4337279,0.60039186
1.4337429,0.60039186
1.4337579,0.5541601
1.4337729,0.5541601
1.433788,0.5541601
1.433803,0.5541601
1.433818,0.5541601
1.433833,0.50792885
1.433848,0.50792885
1.433863,0.50792885
1.4338781,0.50792885
1.4338931,0.46169758
1.4339081,0.46169758
1.4339231,0.46169758
1.4339381,0.46169758
1.4339532,0.4154663
1.4339682,0.4154663
1.4339832,0.4154663
1.4339982,0.4154663
1.4340132,0.4154663
1.4340283,0.36923456
1.4340433,0.36923456
1.4340583,0.36923456
1.4340733,0.36923456
1.4340883,0.3230033
1.4341034,0.3230033
1.4341184,0.3230033
1.4341334,0.3230033
1.4341484,0.3230033
1.4341635,0.27677202
1.4341785,0.27677202
1.4341935,0.27677202
1.4342085,0.27677202
1.4342235,0.23054075
1.4342386,0.23054075
1.4342536,0.23054075
1.4342686,0.23054075
1.4342836,0.23054075
1.4342986,0.184309
1.4343137,0.184309
1.4343287,0.184309
1.4343437,0.184309
1.4343587,0.13807821
1.4343737,0.13807821
1.4343888,0.13807821
1.4344038,0.13807821
1.4344188,0.091846466
1.4344338,0.091846466
1.4344488,0.091846466
1.4344639,0.091846466
1.4344789,0.091846466
1.4344939,0.045615196
1.4345089,0.045615196
1.4345239,0.045615196
1.434539,0.045615196
1.434554,0.045615196
1.434569,-6.160736E-4
1.434584,-6.160736E-4
1.434599,-6.160736E-4
1.4346141,-0.046847343
1.4346291,-0.046847343
1.4346441,-0.046847343
1.4346591,-0.046847343
1.4346741,-0.046847343
1.4346892,-0.09307861
1.4347042,-0.09307861
1.4347192,-0.09307861
1.4347342,-0.09307861
1.4347492,-0.09307861
1.4347643,-0.13931036
1.4347793,-0.13931036
1.4347943,-0.13931036
1.4348093,-0.13931036
1.4348243,-0.18554163
1.4348394,-0.18554163
1.4348544,-0.18554163
1.4348694,-0.18554163
1.4348844,-0.18554163
1.4348994,-0.2317729
1.4349145,-0.2317729
1.4349295,-0.2317729
1.4349445,-0.2317729
1.4349595,-0.27800417
1.4349746,-0.27800417
1.4349896,-0.27800417
1.4350046,-0.27800417
1.4350196,-0.27800417
1.4350346,-0.32423592
1.4350497,-0.32423592
1.4350647,-0.32423592
1.4350797,-0.32423592
1.4350947,-0.3704667
1.4351097,-0.3704667
1.4351248,-0.3704667
1.4351398,-0.3704667
1.4351548,-0.41669846
1.4351698,-0.41669846
1.4351848,-0.41669846
1.4351999,-0.41669846
1.4352149,-0.41669846
1.43523,-0.46292973
1.435245,-0.46292973
1.43526,-0.46292973
1.4352751,-0.46292973
1.4352901,-0.46292973
1.4353051,-0.5091615
1.4353201,-0.5091615
1.4353352,-0.5091615
1.4353502,-0.5091615
1.4353652,-0.55539227
1.4353802,-0.55539227
1.4353952,-0.55539227
1.4354103,-0.55539227
1.4354253,-0.55539227
1.4354403,-0.601624
1.4354553,-0.601624
1.4354703,-0.601624
1.4354854,-0.601624
1.4355004,-0.601624
1.4355154,-0.6478553
1.4355304,-0.6478553
1.4355454,-0.6478553
1.4355605,-0.6478553
1.4355755,-0.694087
1.4355905,-0.694087
1.4356055,-0.694087
1.4356205,-0.694087
1.4356356,-0.694087
1.4356506,-0.7403178
1.4356656,-0.7403178
1.4356806,-0.7403178
1.4356956,-0.7403178
1.4357107,-0.7403178
1.4357257,-0.78654957
1.4357407,-0.78654957
1.4357557,-0.78654957
1.4357708,-0.78654957
1.4357858,-0.78654957
1.4358008,-0.83278084
1.4358158,-0.83278084
1.4358308,-0.83278084
1.4358459,-0.83278084
1.4358609,-0.8790121
1.4358759,-0.8790121
1.4358909,-0.8790121
1.4359059,-0.8790121
1.435921,-0.8790121
1.435936,-0.9252434
1.435951,-0.9252434
1.435966,-0.9252434
1.435981,-0.9252434
1.435996,-0.9252434
1.4360111,-0.9714751
1.4360261,-0.9714751
1.4360411,-0.9714751
1.4360561,-0.9714751
1.4360712,-1.0177064
1.4360862,-1.0177064
1.4361012,-1.0177064
1.4361162,-1.0177064
1.4361312,-1.0177064
1.4361463,-1.0639377
1.4361613,-1.0639377
1.4361763,-1.0639377
1.4361913,-1.0639377
1.4362063,-1.0639377
1.4362214,-1.1101689
1.4362364,-1.1101689
1.4362514,-1.1101689
1.4362664,-1.1101689
1.4362814,-1.1101689
1.4362965,-1.1564007
1.4363115,-1.1564007
1.4363265,-1.1564007
1.4363415,-1.1564007
1.4363565,-1.202632
1.4363716,-1.202632
1.4363866,-1.202632
1.4364016,-1.202632
1.4364166,-1.202632
1.4364316,-1.2488632
1.4364467,-1.2488632
1.4364617,-1.2488632
1.4364767,-1.2488632
1.4364917,-1.2488632
1.4365067,-1.2950945
1.4365218,-1.2950945
1.4365368,-1.2950945
1.4365518,-1.2950945
1.4365668,-1.2950945
1.4365819,-1.3413262
1.4365969,-1.3413262
1.4366119,-1.3413262
1.4366269,-1.3413262
1.4366419,-1.3413262
1.436657,-1.387557
1.436672,-1.387557
1.436687,-1.387557
1.436702,-1.387557
1.436717,-1.387557
1.436732,-1.4337888
1.4367471,-1.4337888
1.4367621,-1.4337888
1.4367771,-1.4337888
1.4367921,-1.48002
1.4368072,-1.48002
1.4368222,-1.48002
1.4368372,-1.48002
1.4368522,-1.48002
1.4368672,-1.48002
1.4368823,-1.48002
1.4368973,-1.48002
1.4369123,-1.5262513
1.4369273,-1.5262513
1.4369423,-1.5262513
1.4369574,-1.5262513
1.4369724,-1.5262513
1.4369874,-1.5724826
1.4370024,-1.5724826
1.4370174,-1.5724826
1.4370325,-1.5724826
1.4370475,-1.5724826
1.4370625,-1.6187139
1.4370775,-1.6187139
1.4370925,-1.6187139
1.4371076,-1.6187139
1.4371226,-1.6187139
1.4371376,-1.6187139
1.4371526,-1.6187139
1.4371676,-1.6187139
1.4371827,-1.5724826
1.4371977,-1.5724826
1.4372127,-1.5724826
1.4372277,-1.5724826
1.4372427,-1.5724826
1.4372578,-1.5262513
1.4372728,-1.5262513
1.4372878,-1.5262513
1.4373028,-1.5262513
1.4373178,-1.48002
1.4373329,-1.48002
1.4373479,-1.48002
1.4373629,-1.48002
1.4373779,-1.48002
1.437393,-1.48002
1.437408,-1.48002
1.437423,-1.48002
1.437438,-1.4337888
1.437453,-1.4337888
1.437468,-1.4337888
1.4374831,-1.4337888
1.4374981,-1.387557
1.4375131,-1.387557
1.4375281,-1.387557
1.4375432,-1.387557
1.4375582,-1.387557
1.4375732,-1.3413262
1.4375882,-1.3413262
1.4376032,-1.3413262
1.4376183,-1.3413262
1.4376333,-1.2950945
1.4376483,-1.2950945
1.4376633,-1.2950945
1.4376783,-1.2950945
1.4376934,-1.2950945
1.4377084,-1.2488632
1.4377234,-1.2488632
1.4377384,-1.2488632
1.4377534,-1.2488632
1.4377685,-1.2488632
1.4377835,-1.202632
1.4377985,-1.202632
1.4378135,-1.202632
1.4378285,-1.202632
1.4378436,-1.1564007
1.4378586,-1.1564007
1.4378736,-1.1564007
1.4378886,-1.1564007
1.4379036,-1.1564007
1.4379187,-1.1101689
1.4379337,-1.1101689
1.4379487,-1.1101689
1.4379637,-1.1101689
1.4379787,-1.1101689
1.4379938,-1.0639377
1.4380088,-1.0639377
1.4380238,-1.0639377
1.4380388,-1.0639377
1.4380538,-1.0177064
1.4380689,-1.0177064
1.4380839,-1.0177064
1.4380989,-1.0177064
1.4381139,-1.0177064
1.438129,-0.9714751
1.438144,-0.9714751
1.438159,-0.9714751
1.438174,-0.9714751
1.438189,-0.9714751
1.438204,-0.9252434
1.4382191,-0.9252434
1.4382341,-0.9252434
1.4382491,-0.9252434
1.4382641,-0.8790121
1.4382792,-0.8790121
1.4382942,-0.8790121
1.4383092,-0.8790121
1.4383242,-0.8790121
1.4383392,-0.83278084
1.4383543,-0.83278084
1.4383693,-0.83278084
1.4383843,-0.83278084
1.4383993,-0.83278084
1.4384143,-0.78654957
1.4384294,-0.78654957
1.4384444,-0.78654957
1.4384594,-0.78654957
1.4384744,-0.7403178
1.4384894,-0.7403178
1.4385045,-0.7403178
1.4385195,-0.7403178
1.4385345,-0.7403178
1.4385495,-0.694087
1.4385645,-0.694087
1.4385796,-0.694087
1.4385946,-0.694087
1.4386096,-0.694087
1.4386246,-0.6478553
1.4386396,-0.6478553
1.4386547,-0.6478553
1.4386697,-0.6478553
1.4386847,-0.601624
1.4386997,-0.601624
1.4387147,-0.601624
1.4387298,-0.601624
1.4387448,-0.601624
1.4387599,-0.55539227
1.438775,-0.55539227
1.43879,-0.55539227
1.438805,-0.55539227
1.43882,-0.55539227
1.438835,-0.5091615
1.43885,-0.5091615
1.4388651,-0.5091615
1.4388801,-0.5091615
1.4388951,-0.46292973
1.4389101,-0.46292973
1.4389251,-0.46292973
1.4389402,-0.46292973
1.4389552,-0.46292973
1.4389702,-0.41669846
1.4389852,-0.41669846
1.4390002,-0.41669846
1.4390153,-0.41669846
1.4390303,-0.41669846
1.4390453,-0.3704667
1.4390603,-0.3704667
1.4390754,-0.3704667
1.4390904,-0.3704667
1.4391054,-0.32423592
1.4391204,-0.32423592
1.4391354,-0.32423592
1.4391505,-0.32423592
1.4391655,-0.32423592
1.4391805,-0.27800417
1.4391955,-0.27800417
1.4392105,-0.27800417
1.4392256,-0.27800417
1.4392406,-0.27800417
1.4392556,-0.2317729
1.4392706,-0.2317729
1.4392856,-0.2317729
1.4393007,-0.2317729
1.4393157,-0.18554163
1.4393307,-0.18554163
1.4393457,-0.18554163
1.4393607,-0.18554163
1.4393758,-0.18554163
1.4393908,-0.13931036
1.4394058,-0.13931036
1.4394208,-0.13931036
1.4394358,-0.13931036
1.4394509,-0.09307861
1.4394659,-0.09307861
1.4394809,-0.09307861
1.4394959,-0.09307861
1.439511,-0.09307861
1.439526,-0.046847343
1.439541,-0.046847343
1.439556,-0.046847343
1.439571,-0.046847343
1.439586,-0.046847343
1.4396011,-6.160736E-4
1.4396161,-6.160736E-4
1.4396311,-6.160736E-4
1.4396461,-6.160736E-4
1.4396611,0.045615196
1.4396762,0.045615196
1.4396912,0.045615196
1.4397062,0.045615196
1.4397212,0.045615196
1.4397362,0.091846466
1.4397513,0.091846466
1.4397663,0.091846466
1.4397813,0.091846466
1.4397963,0.13807821
1.4398113,0.13807821
1.4398264,0.13807821
1.4398414,0.13807821
1.4398564,0.13807821
1.4398714,0.184309
1.4398865,0.184309
1.4399015,0.184309
1.4399165,0.184309
1.4399315,0.184309
1.4399465,0.23054075
1.4399616,0.23054075
1.4399766,0.23054075
1.4399916,0.23054075
1.4400066,0.23054075
1.4400216,0.27677202
1.4400367,0.27677202
1.4400517,0.27677202
1.4400667,0.27677202
1.4400817,0.3230033
1.4400967,0.3230033
1.4401118,0.3230033
1.4401268,0.3230033
1.4401418,0.3230033
1.4401568,0.36923456
1.4401718,0.36923456
1.4401869,0.36923456
1.4402019,0.36923456
1.4402169,0.36923456
1.4402319,0.4154663
1.4402469,0.4154663
1.440262,0.4154663
1.440277,0.4154663
1.440292,0.46169758
1.440307,0.46169758
1.440322,0.46169758
1.4403371,0.46169758
1.4403521,0.46169758
1.4403671,0.50792885
1.4403821,0.50792885
1.4403971,0.50792885
1.4404122,0.50792885
1.4404272,0.50792885
1.4404422,0.5541601
1.4404572,0.5541601
1.4404722,0.5541601
1.4404873,0.5541601
1.4405023,0.5541601
1.4405173,0.60039186
1.4405323,0.60039186
1.4405473,0.60039186
1.4405624,0.60039186
1.4405774,0.64662313
1.4405924,0.64662313
1.4406074,0.64662313
1.4406224,0.64662313
1.4406375,0.64662313
1.4406525,0.6928544
1.4406675,0.6928544
1.4406825,0.6928544
1.4406976,0.6928544
1.4407126,0.6928544
1.4407276,0.7390857
1.4407426,0.7390857
1.4407576,0.7390857
1.4407727,0.7390857
1.4407877,0.7390857
1.4408027,0.7853174
1.4408177,0.7853174
1.4408327,0.7853174
1.4408478,0.7853174
1.4408628,0.7853174
1.4408778,0.8315482
1.4408928,0.8315482
1.4409078,0.8315482
1.4409229,0.8315482
1.4409379,0.87777996
1.4409529,0.87777996
1.4409679,0.87777996
1.4409829,0.87777996
1.440998,0.87777996
1.441013,0.92401123
1.441028,0.92401123
1.441043,0.92401123
1.441058,0.92401123
1.4410731,0.92401123
1.4410881,0.970243
1.4411031,0.970243
1.4411181,0.970243
1.4411331,0.970243
1.4411482,0.970243
1.4411632,1.0164738
1.4411782,1.0164738
1.4411932,1.0164738
1.4412082,1.0164738
1.4412233,1.0164738
1.4412383,1.0627055
1.4412533,1.0627055
1.4412683,1.0627055
1.4412833,1.0627055
1.4412984,1.0627055
1.4413134,1.1089368
1.4413284,1.1089368
1.4413434,1.1089368
1.4413584,1.1089368
1.4413735,1.1089368
1.4413885,1.1551685
1.4414035,1.1551685
1.4414185,1.1551685
1.4414335,1.1551685
1.4414486,1.1551685
1.4414636,1.2013993
1.4414786,1.2013993
1.4414936,1.2013993
1.4415087,1.2013993
1.4415237,1.2013993
1.4415387,1.2476311
1.4415537,1.2476311
1.4415687,1.2476311
1.4415838,1.2476311
1.4415988,1.2476311
1.4416138,1.2938623
1.4416288,1.2938623
1.4416438,1.2938623
1.4416589,1.2938623
1.4416739,1.3400936
1.4416889,1.3400936
1.4417039,1.3400936
1.4417189,1.3400936
1.441734,1.3400936
1.441749,1.3400936
1.441764,1.3863249
1.441779,1.3863249
1.441794,1.3863249
1.441809,1.3863249
1.4418241,1.4325566
1.4418391,1.4325566
1.4418541,1.4325566
1.4418691,1.4325566
1.4418842,1.4325566
1.4418992,1.4325566
1.4419142,1.4787879
1.4419292,1.4787879
1.4419442,1.4787879
1.4419593,1.4787879
1.4419743,1.4787879
1.4419893,1.4787879
1.4420043,1.4787879
1.4420193,1.5250192
1.4420344,1.5250192
1.4420494,1.5250192
1.4420644,1.5250192
1.4420794,1.5250192
1.4420944,1.5250192
1.4421095,1.5712504
1.4421245,1.5712504
1.4421395,1.5712504
1.4421545,1.5712504
1.4421695,1.5712504
1.4421846,1.6174817
1.4421996,1.6174817
1.4422146,1.6174817
1.4422296,1.6174817
1.4422446,1.6174817
1.4422597,1.6637135
1.4422748,1.6637135
1.4422898,1.6637135
1.4423048,1.6637135
1.4423199,1.7099442
1.4423349,1.7099442
1.4423499,1.7099442
1.4423649,1.7099442
1.44238,1.7099442
1.442395,1.7099442
1.44241,1.756176
1.442425,1.756176
1.44244,1.756176
1.442455,1.756176
1.4424701,1.756176
1.4424851,1.756176
1.4425001,1.756176
1.4425151,1.7099442
1.4425302,1.7099442
1.4425452,1.7099442
1.4425602,1.7099442
1.4425752,1.6637135
1.4425902,1.6637135
1.4426053,1.6637135
1.4426203,1.6637135
1.4426353,1.6174817
1.4426503,1.6174817
1.4426653,1.6174817
1.4426804,1.6174817
1.4426954,1.6174817
1.4427104,1.5712504
1.4427254,1.5712504
1.4427404,1.5712504
1.4427555,1.5712504
1.4427705,1.5250192
1.4427855,1.5250192
1.4428005,1.5250192
1.4428155,1.5250192
1.4428306,1.4787879
1.4428456,1.4787879
1.4428606,1.4787879
1.4428756,1.4787879
1.4428906,1.4787879
1.4429057,1.4787879
1.4429207,1.4787879
1.4429357,1.4325566
1.4429507,1.4325566
1.4429657,1.4325566
1.4429808,1.4325566
1.4429958,1.3863249
1.4430108,1.3863249
1.4430258,1.3863249
1.4430408,1.3863249
1.4430559,1.3863249
1.4430709,1.3400936
1.4430859,1.3400936
1.4431009,1.3400936
1.443116,1.3400936
1.443131,1.2938623
1.443146,1.2938623
1.443161,1.2938623
1.443176,1.2938623
1.443191,1.2938623
1.4432061,1.2476311
1.4432211,1.2476311
1.4432361,1.2476311
1.4432511,1.2476311
1.4432662,1.2013993
1.4432812,1.2013993
1.4432962,1.2013993
1.4433112,1.2013993
1.4433262,1.2013993
1.4433413,1.1551685
1.4433563,1.1551685
1.4433713,1.1551685
1.4433863,1.1551685
1.4434013,1.1089368
1.4434164,1.1089368
1.4434314,1.1089368
1.4434464,1.1089368
1.4434614,1.0627055
1.4434764,1.0627055
1.4434915,1.0627055
1.4435065,1.0627055
1.4435215,1.0627055
1.4435365,1.0164738
1.4435515,1.0164738
1.4435666,1.0164738
1.4435816,1.0164738
1.4435966,0.970243
1.4436116,0.970243
1.4436266,0.970243
1.4436417,0.970243
1.4436567,0.970243
1.4436717,0.92401123
1.4436867,0.92401123
1.4437017,0.92401123
1.4437168,0.92401123
1.4437318,0.87777996
1.4437468,0.87777996
1.4437618,0.87777996
1.4437768,0.87777996
1.4437919,0.8315482
1.4438069,0.8315482
1.4438219,0.8315482
1.4438369,0.8315482
1.443852,0.8315482
1.443867,0.7853174
1.443882,0.7853174
1.443897,0.7853174
1.443912,0.7853174
1.443927,0.7390857
1.4439421,0.7390857
1.4439571,0.7390857
1.4439721,0.7390857
1.4439871,0.7390857
1.4440022,0.6928544
1.4440172,0.6928544
1.4440322,0.6928544
1.4440472,0.6928544
1.4440622,0.64662313
1.4440773,0.64662313
1.4440923,0.64662313
1.4441073,0.64662313
1.4441223,0.60039186
1.4441373,0.60039186
1.4441524,0.60039186
1.4441674,0.60039186
1.4441824,0.60039186
1.4441974,0.5541601
1.4442124,0.5541601
1.4442275,0.5541601
1.4442425,0.5541601
1.4442575,0.50792885
1.4442725,0.50792885
1.4442875,0.50792885
1.4443026,0.50792885
1.4443176,0.50792885
1.4443326,0.46169758
1.4443476,0.46169758
1.4443626,0.46169758
1.4443777,0.46169758
1.4443927,0.4154663
1.4444077,0.4154663
1.4444227,0.4154663
1.4444377,0.4154663
1.4444528,0.36923456
1.4444678,0.36923456
1.4444828,0.36923456
1.4444978,0.36923456
1.4445128,0.36923456
1.4445279,0.3230033
1.4445429,0.3230033
1.4445579,0.3230033
1.4445729,0.3230033
1.444588,0.27677202
1.444603,0.27677202
1.444618,0.27677202
1.444633,0.27677202
1.444648,0.27677202
1.444663,0.23054075
1.4446781,0.23054075
1.4446931,0.23054075
1.4447081,0.23054075
1.4447231,0.23054075
1.4447381,0.184309
1.4447532,0.184309
1.4447682,0.184309
1.4447832,0.184309
1.4447982,0.13807821
1.4448133,0.13807821
1.4448283,0.13807821
1.4448433,0.13807821
1.4448583,0.091846466
1.4448733,0.091846466
1.4448884,0.091846466
1.4449034,0.091846466
1.4449184,0.091846466
1.4449334,0.045615196
1.4449484,0.045615196
1.4449635,0.045615196
1.4449785,0.045615196
1.4449935,-6.160736E-4
1.4450085,-6.160736E-4
1.4450235,-6.160736E-4
1.4450386,-6.160736E-4
1.4450536,-0.046847343
1.4450686,-0.046847343
1.4450836,-0.046847343
1.4450986,-0.046847343
1.4451137,-0.046847343
1.4451287,-0.09307861
1.4451437,-0.09307861
1.4451587,-0.09307861
1.4451737,-0.09307861
1.4451888,-0.13931036
1.4452038,-0.13931036
1.4452188,-0.13931036
1.4452338,-0.13931036
1.4452488,-0.13931036
1.4452639,-0.18554163
1.4452789,-0.18554163
1.4452939,-0.18554163
1.4453089,-0.18554163
1.445324,-0.2317729
1.445339,-0.2317729
1.445354,-0.2317729
1.445369,-0.2317729
1.445384,-0.2317729
1.445399,-0.27800417
1.4454141,-0.27800417
1.4454291,-0.27800417
1.4454441,-0.27800417
1.4454591,-0.32423592
1.4454741,-0.32423592
1.4454892,-0.32423592
1.4455042,-0.32423592
1.4455192,-0.32423592
1.4455342,-0.3704667
1.4455492,-0.3704667
1.4455643,-0.3704667
1.4455793,-0.3704667
1.4455943,-0.41669846
1.4456093,-0.41669846
1.4456244,-0.41669846
1.4456394,-0.41669846
1.4456544,-0.41669846
1.4456694,-0.46292973
1.4456844,-0.46292973
1.4456995,-0.46292973
1.4457145,-0.46292973
1.4457295,-0.46292973
1.4457445,-0.5091615
1.4457595,-0.5091615
1.4457746,-0.5091615
1.4457896,-0.5091615
1.4458047,-0.55539227
1.4458197,-0.55539227
1.4458348,-0.55539227
1.4458498,-0.55539227
1.4458648,-0.55539227
1.4458798,-0.601624
1.4458948,-0.601624
1.4459099,-0.601624
1.4459249,-0.601624
1.4459399,-0.6478553
1.4459549,-0.6478553
1.4459699,-0.6478553
1.445985,-0.6478553
1.446,-0.6478553
1.446015,-0.694087
1.44603,-0.694087
1.446045,-0.694087
1.4460601,-0.694087
1.4460751,-0.694087
1.4460901,-0.7403178
1.4461051,-0.7403178
1.4461201,-0.7403178
1.4461352,-0.7403178
1.4461502,-0.78654957
1.4461652,-0.78654957
1.4461802,-0.78654957
1.4461952,-0.78654957
1.4462103,-0.78654957
1.4462253,-0.83278084
1.4462403,-0.83278084
1.4462553,-0.83278084
1.4462703,-0.83278084
1.4462854,-0.83278084
1.4463004,-0.8790121
1.4463154,-0.8790121
1.4463304,-0.8790121
1.4463454,-0.8790121
1.4463605,-0.9252434
1.4463755,-0.9252434
1.4463905,-0.9252434
1.4464055,-0.9252434
1.4464206,-0.9252434
1.4464356,-0.9714751
1.4464506,-0.9714751
1.4464656,-0.9714751
1.4464806,-0.9714751
1.4464957,-0.9714751
1.4465107,-1.0177064
1.4465257,-1.0177064
1.4465407,-1.0177064
1.4465557,-1.0177064
1.4465708,-1.0177064
1.4465858,-1.0639377
1.4466008,-1.0639377
1.4466158,-1.0639377
1.4466308,-1.0639377
1.4466459,-1.1101689
1.4466609,-1.1101689
1.4466759,-1.1101689
1.4466909,-1.1101689
1.4467059,-1.1101689
1.446721,-1.1564007
1.446736,-1.1564007
1.446751,-1.1564007
1.446766,-1.1564007
1.446781,-1.1564007
1.4467961,-1.202632
1.4468111,-1.202632
1.4468261,-1.202632
1.4468411,-1.202632
1.4468561,-1.202632
1.4468712,-1.2488632
1.4468862,-1.2488632
1.4469012,-1.2488632
1.4469162,-1.2488632
1.4469312,-1.2950945
1.4469463,-1.2950945
1.4469613,-1.2950945
1.4469763,-1.2950945
1.4469913,-1.2950945
1.4470063,-1.3413262
1.4470214,-1.3413262
1.4470364,-1.3413262
1.4470514,-1.3413262
1.4470664,-1.3413262
1.4470814,-1.387557
1.4470965,-1.387557
1.4471115,-1.387557
1.4471265,-1.387557
1.4471415,-1.387557
1.4471565,-1.4337888
1.4471716,-1.4337888
1.4471866,-1.4337888
1.4472016,-1.4337888
1.4472166,-1.4337888
1.4472317,-1.48002
1.4472467,-1.48002
1.4472617,-1.48002
1.4472767,-1.48002
1.4472917,-1.48002
1.4473068,-1.48002
1.4473218,-1.48002
1.4473368,-1.5262513
1.4473518,-1.5262513
1.4473668,-1.5262513
1.4473819,-1.5262513
1.4473969,-1.5262513
1.4474119,-1.5262513
1.4474269,-1.5724826
1.4474419,-1.5724826
1.447457,-1.5724826
1.447472,-1.5724826
1.447487,-1.6187139
1.447502,-1.6187139
1.447517,-1.6187139
1.447532,-1.6187139
1.4475471,-1.6187139
1.4475621,-1.6187139
1.4475771,-1.6187139
1.4475921,-1.6187139
1.4476072,-1.6187139
1.4476222,-1.5724826
1.4476372,-1.5724826
1.4476522,-1.5724826
1.4476672,-1.5724826
1.4476823,-1.5262513
1.4476973,-1.5262513
1.4477123,-1.5262513
1.4477273,-1.5262513
1.4477423,-1.5262513
1.4477574,-1.48002
1.4477724,-1.48002
1.4477874,-1.48002
1.4478024,-1.48002
1.4478174,-1.48002
1.4478325,-1.48002
1.4478475,-1.48002
1.4478625,-1.4337888
1.4478775,-1.4337888
1.4478925,-1.4337888
1.4479076,-1.4337888
1.4479226,-1.4337888
1.4479376,-1.387557
1.4479526,-1.387557
1.4479676,-1.387557
1.4479827,-1.387557
1.4479977,-1.3413262
1.4480127,-1.3413262
1.4480277,-1.3413262
1.4480428,-1.3413262
1.4480578,-1.3413262
1.4480728,-1.2950945
1.4480878,-1.2950945
1.4481028,-1.2950945
1.4481179,-1.2950945
1.4481329,-1.2950945
1.4481479,-1.2488632
1.4481629,-1.2488632
1.4481779,-1.2488632
1.448193,-1.2488632
1.448208,-1.202632
1.448223,-1.202632
1.448238,-1.202632
1.448253,-1.202632
1.448268,-1.202632
1.4482831,-1.1564007
1.4482981,-1.1564007
1.4483131,-1.1564007
1.4483281,-1.1564007
1.4483432,-1.1564007
1.4483582,-1.1101689
1.4483732,-1.1101689
1.4483882,-1.1101689
1.4484032,-1.1101689
1.4484183,-1.0639377
1.4484333,-1.0639377
1.4484483,-1.0639377
1.4484633,-1.0639377
1.4484783,-1.0639377
1.4484934,-1.0177064
1.4485084,-1.0177064
1.4485234,-1.0177064
1.4485384,-1.0177064
1.4485534,-0.9714751
1.4485685,-0.9714751
1.4485835,-0.9714751
1.4485985,-0.9714751
1.4486135,-0.9714751
1.4486285,-0.9252434
1.4486436,-0.9252434
1.4486586,-0.9252434
1.4486736,-0.9252434
1.4486886,-0.9252434
1.4487036,-0.8790121
1.4487187,-0.8790121
1.4487337,-0.8790121
1.4487487,-0.8790121
1.4487637,-0.83278084
1.4487787,-0.83278084
1.4487938,-0.83278084
1.4488088,-0.83278084
1.4488238,-0.83278084
1.4488388,-0.78654957
1.4488539,-0.78654957
1.4488689,-0.78654957
1.4488839,-0.78654957
1.4488989,-0.78654957
1.4489139,-0.7403178
1.448929,-0.7403178
1.448944,-0.7403178
1.448959,-0.7403178
1.448974,-0.7403178
1.448989,-0.694087
1.449004,-0.694087
1.4490191,-0.694087
1.4490341,-0.694087
1.4490491,-0.6478553
1.4490641,-0.6478553
1.4490792,-0.6478553
1.4490942,-0.6478553
1.4491092,-0.6478553
1.4491242,-0.601624
1.4491392,-0.601624
1.4491543,-0.601624
1.4491693,-0.601624
1.4491843,-0.55539227
1.4491993,-0.55539227
1.4492143,-0.55539227
1.4492294,-0.55539227
1.4492444,-0.55539227
1.4492594,-0.5091615
1.4492744,-0.5091615
1.4492894,-0.5091615
1.4493045,-0.5091615
1.4493196,-0.5091615
1.4493346,-0.46292973
1.4493496,-0.46292973
1.4493647,-0.46292973
1.4493797,-0.46292973
1.4493947,-0.41669846
1.4494097,-0.41669846
1.4494247,-0.41669846
1.4494398,-0.41669846
1.4494548,-0.41669846
1.4494698,-0.3704667
1.4494848,-0.3704667
1.4494998,-0.3704667
1.4495149,-0.3704667
1.4495299,-0.3704667
1.4495449,-0.32423592
1.4495599,-0.32423592
1.449575,-0.32423592
1.44959,-0.32423592
1.449605,-0.32423592
1.44962,-0.27800417
1.449635,-0.27800417
1.44965,-0.27800417
1.4496651,-0.27800417
1.4496801,-0.2317729
1.4496951,-0.2317729
1.4497101,-0.2317729
1.4497252,-0.2317729
1.4497402,-0.2317729
1.4497552,-0.18554163
1.4497702,-0.18554163
1.4497852,-0.18554163
1.4498003,-0.18554163
1.4498153,-0.13931036
1.4498303,-0.13931036
1.4498453,-0.13931036
1.4498603,-0.13931036
1.4498754,-0.13931036
1.4498904,-0.09307861
1.4499054,-0.09307861
1.4499204,-0.09307861
1.4499354,-0.09307861
1.4499505,-0.09307861
1.4499655,-0.046847343
1.4499805,-0.046847343
1.4499955,-0.046847343
1.4500105,-0.046847343
1.4500256,-0.046847343
1.4500406,-6.160736E-4
1.4500556,-6.160736E-4
1.4500706,-6.160736E-4
1.4500856,-6.160736E-4
1.4501007,0.045615196
1.4501157,0.045615196
1.4501307,0.045615196
1.4501457,0.045615196
1.4501607,0.091846466
1.4501758,0.091846466
1.4501908,0.091846466
1.4502058,0.091846466
1.4502208,0.091846466
1.4502358,0.13807821
1.4502509,0.13807821
1.4502659,0.13807821
1.4502809,0.13807821
1.4502959,0.13807821
1.450311,0.184309
1.450326,0.184309
1.450341,0.184309
1.450356,0.184309
1.450371,0.23054075
1.450386,0.23054075
1.4504011,0.23054075
1.4504161,0.23054075
1.4504311,0.23054075
1.4504461,0.27677202
1.4504611,0.27677202
1.4504762,0.27677202
1.4504912,0.27677202
1.4505062,0.27677202
1.4505212,0.3230033
1.4505363,0.3230033
1.4505513,0.3230033
1.4505663,0.3230033
1.4505813,0.3230033
1.4505963,0.36923456
1.4506114,0.36923456
1.4506264,0.36923456
1.4506414,0.36923456
1.4506564,0.4154663
1.4506714,0.4154663
1.4506865,0.4154663
1.4507015,0.4154663
1.4507165,0.4154663
1.4507315,0.46169758
1.4507465,0.46169758
1.4507616,0.46169758
1.4507766,0.46169758
1.4507916,0.46169758
1.4508066,0.50792885
1.4508216,0.50792885
1.4508367,0.50792885
1.4508517,0.50792885
1.4508667,0.5541601
1.4508817,0.5541601
1.4508967,0.5541601
1.4509118,0.5541601
1.4509268,0.5541601
1.4509418,0.60039186
1.4509568,0.60039186
1.4509718,0.60039186
1.4509869,0.60039186
1.4510019,0.60039186
1.4510169,0.64662313
1.4510319,0.64662313
1.451047,0.64662313
1.451062,0.64662313
1.451077,0.64662313
1.451092,0.6928544
1.451107,0.6928544
1.451122,0.6928544
1.4511371,0.6928544
1.4511521,0.6928544
1.4511671,0.7390857
1.4511821,0.7390857
1.4511971,0.7390857
1.4512122,0.7390857
1.4512272,0.7853174
1.4512422,0.7853174
1.4512572,0.7853174
1.4512722,0.7853174
1.4512873,0.7853174
1.4513023,0.8315482
1.4513173,0.8315482
1.4513323,0.8315482
1.4513474,0.8315482
1.4513624,0.8315482
1.4513774,0.87777996
1.4513924,0.87777996
1.4514074,0.87777996
1.4514225,0.87777996
1.4514375,0.87777996
1.4514525,0.92401123
1.4514675,0.92401123
1.4514825,0.92401123
1.4514976,0.92401123
1.4515126,0.92401123
1.4515276,0.970243
1.4515426,0.970243
1.4515576,0.970243
1.4515727,0.970243
1.4515877,0.970243
1.4516027,1.0164738
1.4516177,1.0164738
1.4516327,1.0164738
1.4516478,1.0164738
1.4516628,1.0164738
1.4516778,1.0627055
1.4516928,1.0627055
1.4517078,1.0627055
1.4517229,1.0627055
1.4517379,1.1089368
1.4517529,1.1089368
1.4517679,1.1089368
1.451783,1.1089368
1.451798,1.1089368
1.451813,1.1551685
1.451828,1.1551685
1.451843,1.1551685
1.451858,1.1551685
1.4518731,1.1551685
1.4518881,1.2013993
1.4519031,1.2013993
1.4519181,1.2013993
1.4519331,1.2013993
1.4519482,1.2013993
1.4519632,1.2476311
1.4519782,1.2476311
1.4519932,1.2476311
1.4520082,1.2476311
1.4520233,1.2476311
1.4520383,1.2938623
1.4520533,1.2938623
1.4520683,1.2938623
1.4520833,1.2938623
1.4520984,1.2938623
1.4521134,1.3400936
1.4521284,1.3400936
1.4521434,1.3400936
1.4521585,1.3400936
1.4521735,1.3400936
1.4521885,1.3863249
1.4522035,1.3863249
1.4522185,1.3863249
1.4522336,1.3863249
1.4522486,1.3863249
1.4522636,1.4325566
1.4522786,1.4325566
1.4522936,1.4325566
1.4523087,1.4325566
1.4523237,1.4325566
1.4523387,1.4787879
1.4523537,1.4787879
1.4523687,1.4787879
1.4523838,1.4787879
1.4523988,1.4787879
1.4524138,1.4787879
1.4524288,1.4787879
1.4524438,1.4787879
1.4524589,1.5250192
1.4524739,1.5250192
1.4524889,1.5250192
1.4525039,1.5250192
1.4525189,1.5250192
1.452534,1.5712504
1.452549,1.5712504
1.452564,1.5712504
1.452579,1.5712504
1.452594,1.5712504
1.4526091,1.6174817
1.4526241,1.6174817
1.4526391,1.6174817
1.4526541,1.6174817
1.4526691,1.6174817
1.4526842,1.6637135
1.4526992,1.6637135
1.4527142,1.6637135
1.4527292,1.6637135
1.4527442,1.6637135
1.4527593,1.7099442
1.4527743,1.7099442
1.4527893,1.7099442
1.4528043,1.7099442
1.4528193,1.7099442
1.4528344,1.756176
1.4528495,1.756176
1.4528645,1.756176
1.4528795,1.756176
1.4528946,1.756176
1.4529096,1.756176
1.4529246,1.756176
1.4529396,1.7099442
1.4529546,1.7099442
1.4529697,1.7099442
1.4529847,1.7099442
1.4529997,1.7099442
1.4530147,1.6637135
1.4530298,1.6637135
1.4530448,1.6637135
1.4530598,1.6637135
1.4530748,1.6174817
1.4530898,1.6174817
1.4531049,1.6174817
1.4531199,1.6174817
1.4531349,1.5712504
1.4531499,1.5712504
1.4531649,1.5712504
1.45318,1.5712504
1.453195,1.5712504
1.45321,1.5250192
1.453225,1.5250192
1.45324,1.5250192
1.453255,1.5250192
1.4532701,1.4787879
1.4532851,1.4787879
1.4533001,1.4787879
1.4533151,1.4787879
1.4533302,1.4787879
1.4533452,1.4787879
1.4533602,1.4325566
1.4533752,1.4325566
1.4533902,1.4325566
1.4534053,1.4325566
1.4534203,1.4325566
1.4534353,1.3863249
1.4534503,1.3863249
1.4534653,1.3863249
1.4534804,1.3863249
1.4534954,1.3400936
1.4535104,1.3400936
1.4535254,1.3400936
1.4535404,1.3400936
1.4535555,1.3400936
1.4535705,1.2938623
1.4535855,1.2938623
1.4536005,1.2938623
1.4536155,1.2938623
1.4536306,1.2476311
1.4536456,1.2476311
1.4536606,1.2476311
1.4536756,1.2476311
1.4536906,1.2013993
1.4537057,1.2013993
1.4537207,1.2013993
1.4537357,1.2013993
1.4537507,1.2013993
1.4537657,1.1551685
1.4537808,1.1551685
1.4537958,1.1551685
1.4538108,1.1551685
1.4538258,1.1551685
1.4538409,1.1089368
1.4538559,1.1089368
1.4538709,1.1089368
1.4538859,1.1089368
1.4539009,1.0627055
1.453916,1.0627055
1.453931,1.0627055
1.453946,1.0627055
1.453961,1.0164738
1.453976,1.0164738
1.453991,1.0164738
1.4540061,1.0164738
1.4540211,1.0164738
1.4540361,0.970243
1.4540511,0.970243
1.4540662,0.970243
1.4540812,0.970243
1.4540962,0.92401123
1.4541112,0.92401123
1.4541262,0.92401123
1.4541413,0.92401123
1.4541563,0.92401123
1.4541713,0.87777996
1.4541863,0.87777996
1.4542013,0.87777996
1.4542164,0.87777996
1.4542314,0.8315482
1.4542464,0.8315482
1.4542614,0.8315482
1.4542764,0.8315482
1.4542915,0.7853174
1.4543065,0.7853174
1.4543215,0.7853174
1.4543365,0.7853174
1.4543515,0.7853174
1.4543666,0.7390857
1.4543816,0.7390857
1.4543966,0.7390857
1.4544116,0.7390857
1.4544266,0.6928544
1.4544417,0.6928544
1.4544567,0.6928544
1.4544717,0.6928544
1.4544867,0.6928544
1.4545017,0.64662313
1.4545168,0.64662313
1.4545318,0.64662313
1.4545468,0.64662313
1.4545618,0.60039186
1.4545768,0.60039186
1.4545919,0.60039186
1.4546069,0.60039186
1.4546219,0.5541601
1.4546369,0.5541601
1.454652,0.5541601
1.454667,0.5541601
1.454682,0.5541601
1.454697,0.50792885
1.454712,0.50792885
1.454727,0.50792885
1.4547421,0.50792885
1.4547571,0.46169758
1.4547721,0.46169758
1.4547871,0.46169758
1.4548022,0.46169758
1.4548172,0.46169758
1.4548322,0.4154663
1.4548472,0.4154663
1.4548622,0.4154663
1.4548773,0.4154663
1.4548923,0.36923456
1.4549073,0.36923456
1.4549223,0.36923456
1.4549373,0.36923456
1.4549524,0.36923456
1.4549674,0.3230033
1.4549824,0.3230033
1.4549974,0.3230033
1.4550124,0.3230033
1.4550275,0.27677202
1.4550425,0.27677202
1.4550575,0.27677202
1.4550725,0.27677202
1.4550875,0.23054075
1.4551026,0.23054075
1.4551176,0.23054075
1.4551326,0.23054075
1.4551476,0.23054075
1.4551626,0.184309
1.4551777,0.184309
1.4551927,0.184309
1.4552077,0.184309
1.4552227,0.13807821
1.4552377,0.13807821
1.4552528,0.13807821
1.4552678,0.13807821
1.4552828,0.13807821
1.4552978,0.091846466
1.4553128,0.091846466
1.4553279,0.091846466
1.4553429,0.091846466
1.4553579,0.045615196
1.4553729,0.045615196
1.455388,0.045615196
1.455403,0.045615196
1.455418,0.045615196
1.455433,-6.160736E-4
1.455448,-6.160736E-4
1.455463,-6.160736E-4
1.4554781,-6.160736E-4
1.4554931,-0.046847343
1.4555081,-0.046847343
1.4555231,-0.046847343
1.4555382,-0.046847343
1.4555532,-0.09307861
1.4555682,-0.09307861
1.4555832,-0.09307861
1.4555982,-0.09307861
1.4556133,-0.09307861
1.4556283,-0.13931036
1.4556433,-0.13931036
1.4556583,-0.13931036
1.4556733,-0.13931036
1.4556884,-0.18554163
1.4557034,-0.18554163
1.4557184,-0.18554163
1.4557334,-0.18554163
1.4557484,-0.18554163
1.4557635,-0.2317729
1.4557785,-0.2317729
1.4557935,-0.2317729
1.4558085,-0.2317729
1.4558235,-0.27800417
1.4558386,-0.27800417
1.4558536,-0.27800417
1.4558686,-0.27800417
1.4558836,-0.27800417
1.4558986,-0.32423592
1.4559137,-0.32423592
1.4559287,-0.32423592
1.4559437,-0.32423592
1.4559587,-0.3704667
1.4559737,-0.3704667
1.4559888,-0.3704667
1.4560038,-0.3704667
1.4560188,-0.3704667
1.4560338,-0.41669846
1.4560488,-0.41669846
1.4560639,-0.41669846
1.4560789,-0.41669846
1.4560939,-0.41669846
1.4561089,-0.46292973
1.456124,-0.46292973
1.456139,-0.46292973
1.456154,-0.46292973
1.456169,-0.5091615
1.456184,-0.5091615
1.456199,-0.5091615
1.4562141,-0.5091615
1.4562291,-0.5091615
1.4562441,-0.55539227
1.4562591,-0.55539227
1.4562742,-0.55539227
1.4562892,-0.55539227
1.4563042,-0.601624
1.4563192,-0.601624
1.4563342,-0.601624
1.4563493,-0.601624
1.4563644,-0.601624
1.4563794,-0.6478553
1.4563944,-0.6478553
1.4564095,-0.6478553
1.4564245,-0.6478553
1.4564395,-0.694087
1.4564545,-0.694087
1.4564695,-0.694087
1.4564846,-0.694087
1.4564996,-0.694087
1.4565146,-0.7403178
1.4565296,-0.7403178
1.4565446,-0.7403178
1.4565597,-0.7403178
1.4565747,-0.7403178
1.4565897,-0.78654957
1.4566047,-0.78654957
1.4566197,-0.78654957
1.4566348,-0.78654957
1.4566498,-0.78654957
1.4566648,-0.83278084
1.4566798,-0.83278084
1.4566948,-0.83278084
1.4567099,-0.83278084
1.4567249,-0.8790121
1.4567399,-0.8790121
1.4567549,-0.8790121
1.45677,-0.8790121
1.456785,-0.8790121
1.4568,-0.9252434
1.456815,-0.9252434
1.45683,-0.9252434
1.456845,-0.9252434
1.4568601,-0.9252434
1.4568751,-0.9714751
1.4568901,-0.9714751
1.4569051,-0.9714751
1.4569201,-0.9714751
1.4569352,-0.9714751
1.4569502,-1.0177064
1.4569652,-1.0177064
1.4569802,-1.0177064
1.4569952,-1.0177064
1.4570103,-1.0639377
1.4570253,-1.0639377
1.4570403,-1.0639377
1.4570553,-1.0639377
1.4570704,-1.0639377
1.4570854,-1.1101689
1.4571004,-1.1101689
1.4571154,-1.1101689
1.4571304,-1.1101689
1.4571455,-1.1101689
1.4571605,-1.1564007
1.4571755,-1.1564007
1.4571905,-1.1564007
1.4572055,-1.1564007
1.4572206,-1.202632
1.4572356,-1.202632
1.4572506,-1.202632
1.4572656,-1.202632
1.4572806,-1.202632
1.4572957,-1.2488632
1.4573107,-1.2488632
1.4573257,-1.2488632
1.4573407,-1.2488632
1.4573557,-1.2488632
1.4573708,-1.2950945
1.4573858,-1.2950945
1.4574008,-1.2950945
1.4574158,-1.2950945
1.4574308,-1.2950945
1.4574459,-1.3413262
1.4574609,-1.3413262
1.4574759,-1.3413262
1.4574909,-1.3413262
1.457506,-1.3413262
1.457521,-1.387557
1.457536,-1.387557
1.457551,-1.387557
1.457566,-1.387557
1.457581,-1.387557
1.4575961,-1.4337888
1.4576111,-1.4337888
1.4576261,-1.4337888
1.4576411,-1.4337888
1.4576561,-1.4337888
1.4576712,-1.48002
1.4576862,-1.48002
1.4577012,-1.48002
1.4577162,-1.48002
1.4577312,-1.48002
1.4577463,-1.48002
1.4577613,-1.48002
1.4577763,-1.5262513
1.4577913,-1.5262513
1.4578063,-1.5262513
1.4578214,-1.5262513
1.4578364,-1.5262513
1.4578514,-1.5724826
1.4578664,-1.5724826
1.4578815,-1.5724826
1.4578965,-1.5724826
1.4579115,-1.5724826
1.4579265,-1.6187139
1.4579415,-1.6187139
1.4579566,-1.6187139
1.4579716,-1.6187139
1.4579866,-1.6187139
1.4580016,-1.6187139
1.4580166,-1.6187139
1.4580317,-1.6187139
1.4580467,-1.5724826
1.4580617,-1.5724826
1.4580767,-1.5724826
1.4580917,-1.5724826
1.4581068,-1.5724826
1.4581218,-1.5262513
1.4581368,-1.5262513
1.4581518,-1.5262513
1.4581668,-1.5262513
1.4581819,-1.5262513
1.4581969,-1.48002
1.4582119,-1.48002
1.4582269,-1.48002
1.4582419,-1.48002
1.458257,-1.48002
1.458272,-1.48002
1.458287,-1.48002
1.458302,-1.4337888
1.458317,-1.4337888
1.4583321,-1.4337888
1.4583471,-1.4337888
1.4583621,-1.387557
1.4583771,-1.387557
1.4583921,-1.387557
1.4584072,-1.387557
1.4584222,-1.387557
1.4584372,-1.3413262
1.4584522,-1.3413262
1.4584672,-1.3413262
1.4584823,-1.3413262
1.4584973,-1.3413262
1.4585123,-1.2950945
1.4585273,-1.2950945
1.4585423,-1.2950945
1.4585574,-1.2950945
1.4585724,-1.2488632
1.4585874,-1.2488632
1.4586024,-1.2488632
1.4586174,-1.2488632
1.4586325,-1.2488632
1.4586475,-1.202632
1.4586625,-1.202632
1.4586775,-1.202632
1.4586926,-1.202632
1.4587076,-1.202632
1.4587226,-1.1564007
1.4587376,-1.1564007
1.4587526,-1.1564007
1.4587677,-1.1564007
1.4587827,-1.1101689
1.4587977,-1.1101689
1.4588127,-1.1101689
1.4588277,-1.1101689
1.4588428,-1.1101689
1.4588578,-1.0639377
1.4588728,-1.0639377
1.4588878,-1.0639377
1.4589028,-1.0639377
1.4589179,-1.0177064
1.4589329,-1.0177064
1.4589479,-1.0177064
1.4589629,-1.0177064
1.4589779,-1.0177064
1.458993,-0.9714751
1.459008,-0.9714751
1.459023,-0.9714751
1.459038,-0.9714751
1.459053,-0.9714751
1.4590681,-0.9252434
1.4590831,-0.9252434
1.4590981,-0.9252434
1.4591131,-0.9252434
1.4591281,-0.8790121
1.4591432,-0.8790121
1.4591582,-0.8790121
1.4591732,-0.8790121
1.4591882,-0.8790121
1.4592032,-0.83278084
1.4592183,-0.83278084
1.4592333,-0.83278084
1.4592483,-0.83278084
1.4592633,-0.83278084
1.4592783,-0.78654957
1.4592934,-0.78654957
1.4593084,-0.78654957
1.4593234,-0.78654957
1.4593384,-0.7403178
1.4593534,-0.7403178
1.4593685,-0.7403178
1.4593835,-0.7403178
1.4593985,-0.7403178
1.4594135,-0.694087
1.4594285,-0.694087
1.4594436,-0.694087
1.4594586,-0.694087
1.4594736,-0.694087
1.4594886,-0.6478553
1.4595037,-0.6478553
1.4595187,-0.6478553
1.4595337,-0.6478553
1.4595487,-0.6478553
1.4595637,-0.601624
1.4595788,-0.601624
1.4595938,-0.601624
1.4596088,-0.601624
1.4596238,-0.55539227
1.4596388,-0.55539227
1.4596539,-0.55539227
1.4596689,-0.55539227
1.4596839,-0.55539227
1.4596989,-0.5091615
1.4597139,-0.5091615
1.459729,-0.5091615
1.459744,-0.5091615
1.459759,-0.46292973
1.459774,-0.46292973
1.459789,-0.46292973
1.459804,-0.46292973
1.4598191,-0.46292973
1.4598341,-0.41669846
1.4598491,-0.41669846
1.4598641,-0.41669846
1.4598792,-0.41669846
1.4598943,-0.41669846
1.4599093,-0.3704667
1.4599243,-0.3704667
1.4599394,-0.3704667
1.4599544,-0.3704667
1.4599694,-0.32423592
1.4599844,-0.32423592
1.4599994,-0.32423592
1.4600145,-0.32423592
1.4600295,-0.32423592
1.4600445,-0.27800417
1.4600595,-0.27800417
1.4600745,-0.27800417
1.4600896,-0.27800417
1.4601046,-0.27800417
1.4601196,-0.2317729
1.4601346,-0.2317729
1.4601496,-0.2317729
1.4601647,-0.2317729
1.4601797,-0.18554163
1.4601947,-0.18554163
1.4602097,-0.18554163
1.4602247,-0.18554163
1.4602398,-0.18554163
1.4602548,-0.13931036
1.4602698,-0.13931036
1.4602848,-0.13931036
1.4602998,-0.13931036
1.4603149,-0.13931036
1.4603299,-0.09307861
1.4603449,-0.09307861
1.4603599,-0.09307861
1.460375,-0.09307861
1.46039,-0.046847343
1.460405,-0.046847343
1.46042,-0.046847343
1.460435,-0.046847343
1.46045,-0.046847343
1.4604651,-6.160736E-4
1.4604801,-6.160736E-4
1.4604951,-6.160736E-4
1.4605101,-6.160736E-4
1.4605252,0.045615196
1.4605402,0.045615196
1.4605552,0.045615196
1.4605702,0.045615196
1.4605852,0.045615196
1.4606003,0.091846466
1.4606153,0.091846466
1.4606303,0.091846466
1.4606453,0.091846466
1.4606603,0.13807821
1.4606754,0.13807821
1.4606904,0.13807821
1.4607054,0.13807821
1.4607204,0.13807821
1.4607354,0.184309
1.4607505,0.184309
1.4607655,0.184309
1.4607805,0.184309
1.4607955,0.184309
1.4608105,0.23054075
1.4608256,0.23054075
1.4608406,0.23054075
1.4608556,0.23054075
1.4608706,0.23054075
1.4608856,0.27677202
1.4609007,0.27677202
1.4609157,0.27677202
1.4609307,0.27677202
1.4609457,0.27677202
1.4609607,0.3230033
1.4609758,0.3230033
1.4609908,0.3230033
1.4610058,0.3230033
1.4610208,0.36923456
1.4610358,0.36923456
1.4610509,0.36923456
1.4610659,0.36923456
1.4610809,0.36923456
1.4610959,0.4154663
1.461111,0.4154663
1.461126,0.4154663
1.461141,0.4154663
1.461156,0.46169758
1.461171,0.46169758
1.461186,0.46169758
1.4612011,0.46169758
1.4612161,0.46169758
1.4612311,0.50792885
1.4612461,0.50792885
1.4612612,0.50792885
1.4612762,0.50792885
1.4612912,0.50792885
1.4613062,0.5541601
1.4613212,0.5541601
1.4613363,0.5541601
1.4613513,0.5541601
1.4613663,0.5541601
1.4613813,0.60039186
1.4613963,0.60039186
1.4614114,0.60039186
1.4614264,0.60039186
1.4614414,0.64662313
1.4614564,0.64662313
1.4614714,0.64662313
1.4614865,0.64662313
1.4615015,0.64662313
1.4615165,0.64662313
1.4615315,0.6928544
1.4615465,0.6928544
1.4615616,0.6928544
1.4615766,0.6928544
1.4615916,0.7390857
1.4616066,0.7390857
1.4616216,0.7390857
1.4616367,0.7390857
1.4616517,0.7390857
1.4616667,0.7853174
1.4616817,0.7853174
1.4616967,0.7853174
1.4617118,0.7853174
1.4617268,0.7853174
1.4617418,0.8315482
1.4617568,0.8315482
1.4617718,0.8315482
1.4617869,0.8315482
1.4618019,0.8315482
1.4618169,0.87777996
1.4618319,0.87777996
1.461847,0.87777996
1.461862,0.87777996
1.461877,0.92401123
1.461892,0.92401123
1.461907,0.92401123
1.461922,0.92401123
1.4619371,0.92401123
1.4619521,0.970243
1.4619671,0.970243
1.4619821,0.970243
1.4619972,0.970243
1.4620122,0.970243
1.4620272,1.0164738
1.4620422,1.0164738
1.4620572,1.0164738
1.4620723,1.0164738
1.4620873,1.0164738
1.4621023,1.0627055
1.4621173,1.0627055
1.4621323,1.0627055
1.4621474,1.0627055
1.4621624,1.0627055
1.4621774,1.1089368
1.4621924,1.1089368
1.4622074,1.1089368
1.4622225,1.1089368
1.4622375,1.1089368
1.4622525,1.1551685
1.4622675,1.1551685
1.4622825,1.1551685
1.4622976,1.1551685
1.4623126,1.1551685
1.4623276,1.2013993
1.4623426,1.2013993
1.4623576,1.2013993
1.4623727,1.2013993
1.4623877,1.2013993
1.4624027,1.2476311
1.4624177,1.2476311
1.4624327,1.2476311
1.4624478,1.2476311
1.4624628,1.2476311
1.4624778,1.2938623
1.4624928,1.2938623
1.4625078,1.2938623
1.4625229,1.2938623
1.4625379,1.2938623
1.4625529,1.3400936
1.4625679,1.3400936
1.462583,1.3400936
1.462598,1.3400936
1.462613,1.3400936
1.462628,1.3863249
1.462643,1.3863249
1.462658,1.3863249
1.4626731,1.3863249
1.4626881,1.3863249
1.4627031,1.4325566
1.4627181,1.4325566
1.4627331,1.4325566
1.4627482,1.4325566
1.4627632,1.4325566
1.4627782,1.4787879
1.4627932,1.4787879
1.4628083,1.4787879
1.4628233,1.4787879
1.4628383,1.4787879
1.4628533,1.4787879
1.4628683,1.4787879
1.4628834,1.5250192
1.4628984,1.5250192
1.4629134,1.5250192
1.4629284,1.5250192
1.4629434,1.5250192
1.4629585,1.5712504
1.4629735,1.5712504
1.4629885,1.5712504
1.4630035,1.5712504
1.4630185,1.5712504
1.4630336,1.6174817
1.4630486,1.6174817
1.4630636,1.6174817
1.4630786,1.6174817
1.4630936,1.6174817
1.4631087,1.6174817
1.4631237,1.6637135
1.4631387,1.6637135
1.4631537,1.6637135
1.4631687,1.6637135
1.4631838,1.6637135
1.4631988,1.7099442
1.4632138,1.7099442
1.4632288,1.7099442
1.4632438,1.7099442
1.4632589,1.7099442
1.4632739,1.756176
1.4632889,1.756176
1.4633039,1.756176
1.463319,1.756176
1.463334,1.756176
1.463349,1.756176
1.463364,1.756176
1.463379,1.7099442
1.463394,1.7099442
1.4634092,1.7099442
1.4634242,1.7099442
1.4634392,1.6637135
1.4634542,1.6637135
1.4634693,1.6637135
1.4634843,1.6637135
1.4634993,1.6174817
1.4635143,1.6174817
1.4635293,1.6174817
1.4635444,1.6174817
1.4635594,1.6174817
1.4635744,1.5712504
1.4635894,1.5712504
1.4636045,1.5712504
1.4636195,1.5712504
1.4636345,1.5250192
1.4636495,1.5250192
1.4636645,1.5250192
1.4636796,1.5250192
1.4636946,1.5250192
1.4637096,1.4787879
1.4637246,1.4787879
1.4637396,1.4787879
1.4637547,1.4787879
1.4637697,1.4787879
1.4637847,1.4787879
1.4637997,1.4325566
1.4638147,1.4325566
1.4638298,1.4325566
1.4638448,1.4325566
1.4638598,1.4325566
1.4638748,1.3863249
1.4638898,1.3863249
1.4639049,1.3863249
1.4639199,1.3863249
1.4639349,1.3400936
1.4639499,1.3400936
1.4639649,1.3400936
1.46398,1.3400936
1.463995,1.2938623
1.46401,1.2938623
1.464025,1.2938623
1.46404,1.2938623
1.4640551,1.2938623
1.4640701,1.2476311
1.4640851,1.2476311
1.4641001,1.2476311
1.4641151,1.2476311
1.4641302,1.2013993
1.4641452,1.2013993
1.4641602,1.2013993
1.4641752,1.2013993
1.4641902,1.2013993
1.4642053,1.1551685
1.4642203,1.1551685
1.4642353,1.1551685
1.4642503,1.1551685
1.4642653,1.1089368
1.4642804,1.1089368
1.4642954,1.1089368
1.4643104,1.1089368
1.4643254,1.0627055
1.4643404,1.0627055
1.4643555,1.0627055
1.4643705,1.0627055
1.4643855,1.0627055
1.4644005,1.0164738
1.4644156,1.0164738
1.4644306,1.0164738
1.4644456,1.0164738
1.4644606,0.970243
1.4644756,0.970243
1.4644907,0.970243
1.4645057,0.970243
1.4645207,0.92401123
1.4645357,0.92401123
1.4645507,0.92401123
1.4645658,0.92401123
1.4645808,0.92401123
1.4645958,0.87777996
1.4646108,0.87777996
1.4646258,0.87777996
1.4646409,0.87777996
1.4646559,0.8315482
1.4646709,0.8315482
1.4646859,0.8315482
1.4647009,0.8315482
1.464716,0.8315482
1.464731,0.7853174
1.464746,0.7853174
1.464761,0.7853174
1.464776,0.7853174
1.464791,0.7390857
1.4648061,0.7390857
1.4648211,0.7390857
1.4648361,0.7390857
1.4648511,0.7390857
1.4648662,0.6928544
1.4648812,0.6928544
1.4648962,0.6928544
1.4649112,0.6928544
1.4649262,0.64662313
1.4649413,0.64662313
1.4649563,0.64662313
1.4649713,0.64662313
1.4649863,0.60039186
1.4650013,0.60039186
1.4650164,0.60039186
1.4650314,0.60039186
1.4650464,0.60039186
1.4650614,0.5541601
1.4650764,0.5541601
1.4650915,0.5541601
1.4651065,0.5541601
1.4651215,0.50792885
1.4651365,0.50792885
1.4651515,0.50792885
1.4651666,0.50792885
1.4651816,0.50792885
1.4651966,0.46169758
1.4652116,0.46169758
1.4652267,0.46169758
1.4652417,0.46169758
1.4652567,0.4154663
1.4652717,0.4154663
1.4652867,0.4154663
1.4653018,0.4154663
1.4653168,0.4154663
1.4653318,0.36923456
1.4653468,0.36923456
1.4653618,0.36923456
1.4653769,0.36923456
1.4653919,0.3230033
1.4654069,0.3230033
1.4654219,0.3230033
1.4654369,0.3230033
1.465452,0.3230033
1.465467,0.27677202
1.465482,0.27677202
1.465497,0.27677202
1.465512,0.27677202
1.465527,0.23054075
1.4655421,0.23054075
1.4655571,0.23054075
1.4655721,0.23054075
1.4655871,0.23054075
1.4656022,0.184309
1.4656172,0.184309
1.4656322,0.184309
1.4656472,0.184309
1.4656622,0.13807821
1.4656773,0.13807821
1.4656923,0.13807821
1.4657073,0.13807821
1.4657223,0.091846466
1.4657373,0.091846466
1.4657524,0.091846466
1.4657674,0.091846466
1.4657824,0.091846466
1.4657974,0.045615196
1.4658124,0.045615196
1.4658275,0.045615196
1.4658425,0.045615196
1.4658575,-6.160736E-4
1.4658725,-6.160736E-4
1.4658875,-6.160736E-4
1.4659026,-6.160736E-4
1.4659176,-0.046847343
1.4659326,-0.046847343
1.4659476,-0.046847343
1.4659626,-0.046847343
1.4659777,-0.046847343
1.4659927,-0.09307861
1.4660077,-0.09307861
1.4660227,-0.09307861
1.4660378,-0.09307861
1.4660528,-0.13931036
1.4660678,-0.13931036
1.4660828,-0.13931036
1.4660978,-0.13931036
1.4661129,-0.13931036
1.4661279,-0.18554163
1.4661429,-0.18554163
1.4661579,-0.18554163
1.4661729,-0.18554163
1.466188,-0.2317729
1.466203,-0.2317729
1.466218,-0.2317729
1.466233,-0.2317729
1.466248,-0.2317729
1.466263,-0.27800417
1.4662781,-0.27800417
1.4662931,-0.27800417
1.4663081,-0.27800417
1.4663231,-0.32423592
1.4663382,-0.32423592
1.4663532,-0.32423592
1.4663682,-0.32423592
1.4663832,-0.32423592
1.4663982,-0.3704667
1.4664133,-0.3704667
1.4664283,-0.3704667
1.4664433,-0.3704667
1.4664583,-0.41669846
1.4664733,-0.41669846
1.4664884,-0.41669846
1.4665034,-0.41669846
1.4665184,-0.41669846
1.4665334,-0.46292973
1.4665484,-0.46292973
1.4665635,-0.46292973
1.4665785,-0.46292973
1.4665935,-0.46292973
1.4666085,-0.5091615
1.4666235,-0.5091615
1.4666386,-0.5091615
1.4666536,-0.5091615
1.4666686,-0.55539227
1.4666836,-0.55539227
1.4666986,-0.55539227
1.4667137,-0.55539227
1.4667287,-0.55539227
1.4667437,-0.601624
1.4667587,-0.601624
1.4667737,-0.601624
1.4667888,-0.601624
1.4668038,-0.6478553
1.4668188,-0.6478553
1.4668338,-0.6478553
1.4668489,-0.6478553
1.4668639,-0.6478553
1.4668789,-0.694087
1.4668939,-0.694087
1.4669089,-0.694087
1.466924,-0.694087
1.4669391,-0.694087
1.4669541,-0.7403178
1.4669691,-0.7403178
1.4669842,-0.7403178
1.4669992,-0.7403178
1.4670142,-0.7403178
1.4670292,-0.78654957
1.4670442,-0.78654957
1.4670593,-0.78654957
1.4670743,-0.78654957
1.4670893,-0.83278084
1.4671043,-0.83278084
1.4671193,-0.83278084
1.4671344,-0.83278084
1.4671494,-0.83278084
1.4671644,-0.8790121
1.4671794,-0.8790121
1.4671944,-0.8790121
1.4672095,-0.8790121
1.4672245,-0.8790121
1.4672395,-0.9252434
1.4672545,-0.9252434
1.4672695,-0.9252434
1.4672846,-0.9252434
1.4672996,-0.9714751
1.4673146,-0.9714751
1.4673296,-0.9714751
1.4673446,-0.9714751
1.4673597,-0.9714751
1.4673747,-1.0177064
1.4673897,-1.0177064
1.4674047,-1.0177064
1.4674197,-1.0177064
1.4674348,-1.0177064
1.4674498,-1.0639377
1.4674648,-1.0639377
1.4674798,-1.0639377
1.4674948,-1.0639377
1.4675099,-1.1101689
1.4675249,-1.1101689
1.4675399,-1.1101689
1.4675549,-1.1101689
1.46757,-1.1101689
1.467585,-1.1564007
1.4676,-1.1564007
1.467615,-1.1564007
1.46763,-1.1564007
1.467645,-1.1564007
1.4676601,-1.202632
1.4676751,-1.202632
1.4676901,-1.202632
1.4677051,-1.202632
1.4677202,-1.202632
1.4677352,-1.2488632
1.4677502,-1.2488632
1.4677652,-1.2488632
1.4677802,-1.2488632
1.4677953,-1.2488632
1.4678103,-1.2950945
1.4678253,-1.2950945
1.4678403,-1.2950945
1.4678553,-1.2950945
1.4678704,-1.3413262
1.4678854,-1.3413262
1.4679004,-1.3413262
1.4679154,-1.3413262
1.4679304,-1.3413262
1.4679455,-1.387557
1.4679605,-1.387557
1.4679755,-1.387557
1.4679905,-1.387557
1.4680055,-1.387557
1.4680206,-1.4337888
1.4680356,-1.4337888
1.4680506,-1.4337888
1.4680656,-1.4337888
1.4680806,-1.4337888
1.4680957,-1.48002
1.4681107,-1.48002
1.4681257,-1.48002
1.4681407,-1.48002
1.4681557,-1.48002
1.4681708,-1.48002
1.4681858,-1.48002
1.4682008,-1.48002
1.4682158,-1.5262513
1.4682308,-1.5262513
1.4682459,-1.5262513
1.4682609,-1.5262513
1.4682759,-1.5262513
1.4682909,-1.5724826
1.468306,-1.5724826
1.468321,-1.5724826
1.468336,-1.5724826
1.468351,-1.5724826
1.468366,-1.6187139
1.468381,-1.6187139
1.4683961,-1.6187139
1.4684111,-1.6187139
1.4684261,-1.6187139
1.4684411,-1.6187139
1.4684561,-1.6187139
1.4684712,-1.6187139
1.4684862,-1.5724826
1.4685012,-1.5724826
1.4685162,-1.5724826
1.4685313,-1.5724826
1.4685463,-1.5724826
1.4685613,-1.5262513
1.4685763,-1.5262513
1.4685913,-1.5262513
1.4686064,-1.5262513
1.4686214,-1.48002
1.4686364,-1.48002
1.4686514,-1.48002
1.4686664,-1.48002
1.4686815,-1.48002
1.4686965,-1.48002
1.4687115,-1.48002
1.4687265,-1.4337888
1.4687415,-1.4337888
1.4687566,-1.4337888
1.4687716,-1.4337888
1.4687866,-1.4337888
1.4688016,-1.387557
1.4688166,-1.387557
1.4688317,-1.387557
1.4688467,-1.387557
1.4688617,-1.387557
1.4688767,-1.3413262
1.4688917,-1.3413262
1.4689068,-1.3413262
1.4689218,-1.3413262
1.4689368,-1.2950945
1.4689518,-1.2950945
1.4689668,-1.2950945
1.4689819,-1.2950945
1.4689969,-1.2950945
1.4690119,-1.2488632
1.4690269,-1.2488632
1.469042,-1.2488632
1.469057,-1.2488632
1.469072,-1.202632
1.469087,-1.202632
1.469102,-1.202632
1.469117,-1.202632
1.4691321,-1.202632
1.4691471,-1.1564007
1.4691621,-1.1564007
1.4691771,-1.1564007
1.4691921,-1.1564007
1.4692072,-1.1564007
1.4692222,-1.1101689
1.4692372,-1.1101689
1.4692522,-1.1101689
1.4692672,-1.1101689
1.4692823,-1.0639377
1.4692973,-1.0639377
1.4693123,-1.0639377
1.4693273,-1.0639377
1.4693424,-1.0639377
1.4693574,-1.0177064
1.4693724,-1.0177064
1.4693874,-1.0177064
1.4694024,-1.0177064
1.4694175,-1.0177064
1.4694325,-0.9714751
1.4694475,-0.9714751
1.4694625,-0.9714751
1.4694775,-0.9714751
1.4694926,-0.9252434
1.4695076,-0.9252434
1.4695226,-0.9252434
1.4695376,-0.9252434
1.4695526,-0.9252434
1.4695677,-0.8790121
1.4695827,-0.8790121
1.4695977,-0.8790121
1.4696127,-0.8790121
1.4696277,-0.8790121
1.4696428,-0.83278084
1.4696578,-0.83278084
1.4696728,-0.83278084
1.4696878,-0.83278084
1.4697028,-0.78654957
1.4697179,-0.78654957
1.4697329,-0.78654957
1.4697479,-0.78654957
1.4697629,-0.78654957
1.469778,-0.7403178
1.469793,-0.7403178
1.469808,-0.7403178
1.469823,-0.7403178
1.469838,-0.7403178
1.469853,-0.694087
1.4698681,-0.694087
1.4698831,-0.694087
1.4698981,-0.694087
1.4699131,-0.6478553
1.4699281,-0.6478553
1.4699432,-0.6478553
1.4699582,-0.6478553
1.4699732,-0.6478553
1.4699882,-0.601624
1.4700032,-0.601624
1.4700183,-0.601624
1.4700333,-0.601624
1.4700483,-0.601624
1.4700633,-0.55539227
1.4700783,-0.55539227
1.4700934,-0.55539227
1.4701084,-0.55539227
1.4701234,-0.5091615
1.4701384,-0.5091615
1.4701535,-0.5091615
1.4701685,-0.5091615
1.4701835,-0.5091615
1.4701985,-0.46292973
1.4702135,-0.46292973
1.4702286,-0.46292973
1.4702436,-0.46292973
1.4702586,-0.46292973
1.4702736,-0.41669846
1.4702886,-0.41669846
1.4703037,-0.41669846
1.4703187,-0.41669846
1.4703337,-0.3704667
1.4703487,-0.3704667
1.4703637,-0.3704667
1.4703788,-0.3704667
1.4703938,-0.3704667
1.4704088,-0.32423592
1.4704238,-0.32423592
1.4704388,-0.32423592
1.470454,-0.32423592
1.470469,-0.32423592
1.470484,-0.27800417
1.470499,-0.27800417
1.470514,-0.27800417
1.4705291,-0.27800417
1.4705441,-0.2317729
1.4705591,-0.2317729
1.4705741,-0.2317729
1.4705892,-0.2317729
1.4706042,-0.2317729
1.4706192,-0.18554163
1.4706342,-0.18554163
1.4706492,-0.18554163
1.4706643,-0.18554163
1.4706793,-0.18554163
1.4706943,-0.13931036
1.4707093,-0.13931036
1.4707243,-0.13931036
1.4707394,-0.13931036
1.4707544,-0.09307861
1.4707694,-0.09307861
1.4707844,-0.09307861
1.4707994,-0.09307861
1.4708145,-0.09307861
1.4708295,-0.046847343
1.4708445,-0.046847343
1.4708595,-0.046847343
1.4708745,-0.046847343
1.4708896,-0.046847343
1.4709046,-6.160736E-4
1.4709196,-6.160736E-4
1.4709346,-6.160736E-4
1.4709496,-6.160736E-4
1.4709647,0.045615196
1.4709797,0.045615196
1.4709947,0.045615196
1.4710097,0.045615196
1.4710248,0.091846466
1.4710398,0.091846466
1.4710548,0.091846466
1.4710698,0.091846466
1.4710848,0.091846466
1.4710999,0.13807821
1.4711149,0.13807821
1.4711299,0.13807821
1.4711449,0.13807821
1.4711599,0.13807821
1.471175,0.184309
1.47119,0.184309
1.471205,0.184309
1.47122,0.184309
1.471235,0.184309
1.47125,0.23054075
1.4712651,0.23054075
1.4712801,0.23054075
1.4712951,0.23054075
1.4713101,0.27677202
1.4713252,0.27677202
1.4713402,0.27677202
1.4713552,0.27677202
1.4713702,0.27677202
1.4713852,0.3230033
1.4714003,0.3230033
1.4714153,0.3230033
1.4714303,0.3230033
1.4714453,0.3230033
1.4714603,0.36923456
1.4714754,0.36923456
1.4714904,0.36923456
1.4715054,0.36923456
1.4715204,0.4154663
1.4715354,0.4154663
1.4715505,0.4154663
1.4715655,0.4154663
1.4715805,0.4154663
1.4715955,0.46169758
1.4716105,0.46169758
1.4716256,0.46169758
1.4716406,0.46169758
1.4716556,0.46169758
1.4716706,0.50792885
1.4716856,0.50792885
1.4717007,0.50792885
1.4717157,0.50792885
1.4717307,0.50792885
1.4717457,0.5541601
1.4717607,0.5541601
1.4717758,0.5541601
1.4717908,0.5541601
1.4718058,0.60039186
1.4718208,0.60039186
1.4718359,0.60039186
1.4718509,0.60039186
1.4718659,0.60039186
1.4718809,0.64662313
1.4718959,0.64662313
1.471911,0.64662313
1.471926,0.64662313
1.471941,0.64662313
1.471956,0.6928544
1.471971,0.6928544
1.471986,0.6928544
1.4720011,0.6928544
1.4720161,0.6928544
1.4720311,0.7390857
1.4720461,0.7390857
1.4720612,0.7390857
1.4720762,0.7390857
1.4720912,0.7853174
1.4721062,0.7853174
1.4721212,0.7853174
1.4721363,0.7853174
1.4721513,0.7853174
1.4721663,0.8315482
1.4721813,0.8315482
1.4721963,0.8315482
1.4722114,0.8315482
1.4722264,0.8315482
1.4722414,0.87777996
1.4722564,0.87777996
1.4722714,0.87777996
1.4722865,0.87777996
1.4723015,0.87777996
1.4723165,0.92401123
1.4723315,0.92401123
1.4723465,0.92401123
1.4723616,0.92401123
1.4723766,0.92401123
1.4723916,0.970243
1.4724066,0.970243
1.4724216,0.970243
1.4724367,0.970243
1.4724517,0.970243
1.4724667,1.0164738
1.4724817,1.0164738
1.4724967,1.0164738
1.4725118,1.0164738
1.4725268,1.0164738
1.4725418,1.0627055
1.4725568,1.0627055
1.4725718,1.0627055
1.4725869,1.0627055
1.4726019,1.0627055
1.4726169,1.1089368
1.4726319,1.1089368
1.472647,1.1089368
1.472662,1.1089368
1.472677,1.1551685
1.472692,1.1551685
1.472707,1.1551685
1.472722,1.1551685
1.4727371,1.1551685
1.4727521,1.2013993
1.4727671,1.2013993
1.4727821,1.2013993
1.4727972,1.2013993
1.4728122,1.2013993
1.4728272,1.2476311
1.4728422,1.2476311
1.4728572,1.2476311
1.4728723,1.2476311
1.4728873,1.2476311
1.4729023,1.2938623
1.4729173,1.2938623
1.4729323,1.2938623
1.4729474,1.2938623
1.4729624,1.2938623
1.4729774,1.3400936
1.4729924,1.3400936
1.4730074,1.3400936
1.4730225,1.3400936
1.4730375,1.3400936
1.4730525,1.3863249
1.4730675,1.3863249
1.4730825,1.3863249
1.4730976,1.3863249
1.4731126,1.3863249
1.4731276,1.4325566
1.4731426,1.4325566
1.4731576,1.4325566
1.4731727,1.4325566
1.4731877,1.4325566
1.4732027,1.4787879
1.4732177,1.4787879
1.4732327,1.4787879
1.4732478,1.4787879
1.4732628,1.4787879
1.4732778,1.4787879
1.4732928,1.4787879
1.4733078,1.4787879
1.4733229,1.5250192
1.4733379,1.5250192
1.4733529,1.5250192
1.4733679,1.5250192
1.473383,1.5250192
1.473398,1.5712504
1.473413,1.5712504
1.473428,1.5712504
1.473443,1.5712504
1.473458,1.5712504
1.4734731,1.6174817
1.4734881,1.6174817
1.4735031,1.6174817
1.4735181,1.6174817
1.4735332,1.6174817
1.4735482,1.6637135
1.4735632,1.6637135
1.4735782,1.6637135
1.4735932,1.6637135
1.4736083,1.6637135
1.4736233,1.7099442
1.4736383,1.7099442
1.4736533,1.7099442
1.4736683,1.7099442
1.4736834,1.7099442
1.4736984,1.7099442
1.4737134,1.756176
1.4737284,1.756176
1.4737434,1.756176
1.4737585,1.756176
1.4737735,1.756176
1.4737885,1.756176
1.4738035,1.7099442
1.4738185,1.7099442
1.4738336,1.7099442
1.4738486,1.7099442
1.4738636,1.7099442
1.4738786,1.6637135
1.4738936,1.6637135
1.4739087,1.6637135
1.4739237,1.6637135
1.4739387,1.6174817
1.4739537,1.6174817
1.4739687,1.6174817
1.4739839,1.6174817
1.4739989,1.5712504
1.4740139,1.5712504
1.474029,1.5712504
1.474044,1.5712504
1.474059,1.5712504
1.474074,1.5250192
1.474089,1.5250192
1.474104,1.5250192
1.4741191,1.5250192
1.4741341,1.4787879
1.4741491,1.4787879
1.4741641,1.4787879
1.4741791,1.4787879
1.4741942,1.4787879
1.4742092,1.4787879
1.4742242,1.4787879
1.4742392,1.4325566
1.4742543,1.4325566
1.4742693,1.4325566
1.4742843,1.4325566
1.4742993,1.3863249
1.4743143,1.3863249
1.4743294,1.3863249
1.4743444,1.3863249
1.4743594,1.3863249
1.4743744,1.3400936
1.4743894,1.3400936
1.4744045,1.3400936
1.4744195,1.3400936
1.4744345,1.2938623
1.4744495,1.2938623
1.4744645,1.2938623
1.4744796,1.2938623
1.4744946,1.2476311
1.4745096,1.2476311
1.4745246,1.2476311
1.4745396,1.2476311
1.4745547,1.2476311
1.4745697,1.2013993
1.4745847,1.2013993
1.4745997,1.2013993
1.4746147,1.2013993
1.4746298,1.1551685
1.4746448,1.1551685
1.4746598,1.1551685
1.4746748,1.1551685
1.4746898,1.1551685
1.4747049,1.1089368
1.4747199,1.1089368
1.4747349,1.1089368
1.4747499,1.1089368
1.474765,1.0627055
1.47478,1.0627055
1.474795,1.0627055
1.47481,1.0627055
1.474825,1.0164738
1.47484,1.0164738
1.4748551,1.0164738
1.4748701,1.0164738
1.4748851,1.0164738
1.4749001,0.970243
1.4749151,0.970243
1.4749302,0.970243
1.4749452,0.970243
1.4749602,0.92401123
1.4749752,0.92401123
1.4749902,0.92401123
1.4750053,0.92401123
1.4750203,0.87777996
1.4750353,0.87777996
1.4750503,0.87777996
1.4750654,0.87777996
1.4750804,0.87777996
1.4750954,0.8315482
1.4751104,0.8315482
1.4751254,0.8315482
1.4751405,0.8315482
1.4751555,0.7853174
1.4751705,0.7853174
1.4751855,0.7853174
1.4752005,0.7853174
1.4752156,0.7853174
1.4752306,0.7390857
1.4752456,0.7390857
1.4752606,0.7390857
1.4752756,0.7390857
1.4752907,0.6928544
1.4753057,0.6928544
1.4753207,0.6928544
1.4753357,0.6928544
1.4753507,0.6928544
1.4753658,0.64662313
1.4753808,0.64662313
1.4753958,0.64662313
1.4754108,0.64662313
1.4754258,0.60039186
1.4754409,0.60039186
1.4754559,0.60039186
1.4754709,0.60039186
1.4754859,0.60039186
1.475501,0.5541601
1.475516,0.5541601
1.475531,0.5541601
1.475546,0.5541601
1.475561,0.50792885
1.475576,0.50792885
1.4755911,0.50792885
1.4756061,0.50792885
1.4756211,0.46169758
1.4756361,0.46169758
1.4756511,0.46169758
1.4756662,0.46169758
1.4756812,0.46169758
1.4756962,0.4154663
1.4757112,0.4154663
1.4757262,0.4154663
1.4757413,0.4154663
1.4757563,0.4154663
1.4757713,0.36923456
1.4757863,0.36923456
1.4758013,0.36923456
1.4758164,0.36923456
1.4758314,0.3230033
1.4758464,0.3230033
1.4758614,0.3230033
1.4758765,0.3230033
1.4758915,0.27677202
1.4759065,0.27677202
1.4759215,0.27677202
1.4759365,0.27677202
1.4759516,0.27677202
1.4759666,0.23054075
1.4759816,0.23054075
1.4759966,0.23054075
1.4760116,0.23054075
1.4760267,0.184309
1.4760417,0.184309
1.4760567,0.184309
1.4760717,0.184309
1.4760867,0.13807821
1.4761018,0.13807821
1.4761168,0.13807821
1.4761318,0.13807821
1.4761468,0.13807821
1.4761618,0.091846466
1.4761769,0.091846466
1.4761919,0.091846466
1.4762069,0.091846466
1.4762219,0.045615196
1.4762369,0.045615196
1.476252,0.045615196
1.476267,0.045615196
1.476282,0.045615196
1.476297,-6.160736E-4
1.476312,-6.160736E-4
1.4763271,-6.160736E-4
1.4763421,-6.160736E-4
1.4763571,-0.046847343
1.4763721,-0.046847343
1.4763871,-0.046847343
1.4764022,-0.046847343
1.4764172,-0.09307861
1.4764322,-0.09307861
1.4764472,-0.09307861
1.4764622,-0.09307861
1.4764773,-0.09307861
1.4764923,-0.13931036
1.4765073,-0.13931036
1.4765223,-0.13931036
1.4765373,-0.13931036
1.4765524,-0.18554163
1.4765674,-0.18554163
1.4765824,-0.18554163
1.4765974,-0.18554163
1.4766124,-0.18554163
1.4766275,-0.2317729
1.4766425,-0.2317729
1.4766575,-0.2317729
1.4766725,-0.2317729
1.4766876,-0.27800417
1.4767026,-0.27800417
1.4767176,-0.27800417
1.4767326,-0.27800417
1.4767476,-0.27800417
1.4767627,-0.32423592
1.4767777,-0.32423592
1.4767927,-0.32423592
1.4768077,-0.32423592
1.4768227,-0.32423592
1.4768378,-0.3704667
1.4768528,-0.3704667
1.4768678,-0.3704667
1.4768828,-0.3704667
1.4768978,-0.41669846
1.4769129,-0.41669846
1.4769279,-0.41669846
1.4769429,-0.41669846
1.4769579,-0.46292973
1.4769729,-0.46292973
1.476988,-0.46292973
1.477003,-0.46292973
1.477018,-0.46292973
1.477033,-0.5091615
1.477048,-0.5091615
1.4770631,-0.5091615
1.4770781,-0.5091615
1.4770931,-0.5091615
1.4771081,-0.55539227
1.4771231,-0.55539227
1.4771382,-0.55539227
1.4771532,-0.55539227
1.4771682,-0.601624
1.4771832,-0.601624
1.4771982,-0.601624
1.4772133,-0.601624
1.4772283,-0.601624
1.4772433,-0.6478553
1.4772583,-0.6478553
1.4772733,-0.6478553
1.4772884,-0.6478553
1.4773034,-0.6478553
1.4773184,-0.694087
1.4773334,-0.694087
1.4773484,-0.694087
1.4773635,-0.694087
1.4773785,-0.7403178
1.4773935,-0.7403178
1.4774085,-0.7403178
1.4774235,-0.7403178
1.4774386,-0.7403178
1.4774536,-0.78654957
1.4774686,-0.78654957
1.4774836,-0.78654957
1.4774988,-0.78654957
1.4775138,-0.78654957
1.4775288,-0.83278084
1.4775438,-0.83278084
1.4775589,-0.83278084
1.4775739,-0.83278084
1.4775889,-0.83278084
1.4776039,-0.8790121
1.4776189,-0.8790121
1.477634,-0.8790121
1.477649,-0.8790121
1.477664,-0.9252434
1.477679,-0.9252434
1.477694,-0.9252434
1.477709,-0.9252434
1.4777241,-0.9252434
1.4777391,-0.9714751
1.4777541,-0.9714751
1.4777691,-0.9714751
1.4777842,-0.9714751
1.4777992,-1.0177064
1.4778142,-1.0177064
1.4778292,-1.0177064
1.4778442,-1.0177064
1.4778593,-1.0177064
1.4778743,-1.0639377
1.4778893,-1.0639377
1.4779043,-1.0639377
1.4779193,-1.0639377
1.4779344,-1.0639377
1.4779494,-1.1101689
1.4779644,-1.1101689
1.4779794,-1.1101689
1.4779944,-1.1101689
1.4780095,-1.1101689
1.4780245,-1.1564007
1.4780395,-1.1564007
1.4780545,-1.1564007
1.4780695,-1.1564007
1.4780846,-1.1564007
1.4780996,-1.202632
1.4781146,-1.202632
1.4781296,-1.202632
1.4781446,-1.202632
1.4781597,-1.2488632
1.4781747,-1.2488632
1.4781897,-1.2488632
1.4782047,-1.2488632
1.4782197,-1.2488632
1.4782348,-1.2950945
1.4782498,-1.2950945
1.4782648,-1.2950945
1.4782798,-1.2950945
1.4782948,-1.2950945
1.4783099,-1.3413262
1.4783249,-1.3413262
1.4783399,-1.3413262
1.4783549,-1.3413262
1.47837,-1.3413262
1.478385,-1.387557
1.4784,-1.387557
1.478415,-1.387557
1.47843,-1.387557
1.478445,-1.387557
1.4784601,-1.4337888
1.4784751,-1.4337888
1.4784901,-1.4337888
1.4785051,-1.4337888
1.4785202,-1.4337888
1.4785352,-1.48002
1.4785502,-1.48002
1.4785652,-1.48002
1.4785802,-1.48002
1.4785953,-1.48002
1.4786103,-1.48002
1.4786253,-1.48002
1.4786403,-1.5262513
1.4786553,-1.5262513
1.4786704,-1.5262513
1.4786854,-1.5262513
1.4787004,-1.5262513
1.4787154,-1.5724826
1.4787304,-1.5724826
1.4787455,-1.5724826
1.4787605,-1.5724826
1.4787755,-1.5724826
1.4787905,-1.6187139
1.4788055,-1.6187139
1.4788206,-1.6187139
1.4788356,-1.6187139
1.4788506,-1.6187139
1.4788656,-1.6187139
1.4788806,-1.6187139
1.4788957,-1.6187139
1.4789107,-1.6187139
1.4789257,-1.5724826
1.4789407,-1.5724826
1.4789557,-1.5724826
1.4789708,-1.5724826
1.4789858,-1.5262513
1.4790008,-1.5262513
1.4790158,-1.5262513
1.4790308,-1.5262513
1.4790459,-1.5262513
1.4790609,-1.48002
1.4790759,-1.48002
1.4790909,-1.48002
1.479106,-1.48002
1.479121,-1.48002
1.479136,-1.48002
1.479151,-1.48002
1.479166,-1.4337888
1.479181,-1.4337888
1.4791961,-1.4337888
1.4792111,-1.4337888
1.4792261,-1.387557
1.4792411,-1.387557
1.4792562,-1.387557
1.4792712,-1.387557
1.4792862,-1.387557
1.4793012,-1.3413262
1.4793162,-1.3413262
1.4793313,-1.3413262
1.4793463,-1.3413262
1.4793613,-1.3413262
1.4793763,-1.2950945
1.4793913,-1.2950945
1.4794064,-1.2950945
1.4794214,-1.2950945
1.4794364,-1.2488632
1.4794514,-1.2488632
1.4794664,-1.2488632
1.4794815,-1.2488632
1.4794965,-1.2488632
1.4795115,-1.202632
1.4795265,-1.202632
1.4795415,-1.202632
1.4795566,-1.202632
1.4795716,-1.202632
1.4795866,-1.1564007
1.4796016,-1.1564007
1.4796166,-1.1564007
1.4796317,-1.1564007
1.4796467,-1.1101689
1.4796617,-1.1101689
1.4796767,-1.1101689
1.4796917,-1.1101689
1.4797068,-1.1101689
1.4797218,-1.0639377
1.4797368,-1.0639377
1.4797518,-1.0639377
1.4797668,-1.0639377
1.4797819,-1.0639377
1.4797969,-1.0177064
1.4798119,-1.0177064
1.4798269,-1.0177064
1.479842,-1.0177064
1.479857,-0.9714751
1.479872,-0.9714751
1.479887,-0.9714751
1.479902,-0.9714751
1.479917,-0.9714751
1.4799321,-0.9252434
1.4799471,-0.9252434
1.4799621,-0.9252434
1.4799771,-0.9252434
1.4799922,-0.8790121
1.4800072,-0.8790121
1.4800222,-0.8790121
1.4800372,-0.8790121
1.4800522,-0.8790121
1.4800673,-0.83278084
1.4800823,-0.83278084
1.4800973,-0.83278084
1.4801123,-0.83278084
1.4801273,-0.83278084
1.4801424,-0.78654957
1.4801574,-0.78654957
1.4801724,-0.78654957
1.4801874,-0.78654957
1.4802024,-0.7403178
1.4802175,-0.7403178
1.4802325,-0.7403178
1.4802475,-0.7403178
1.4802625,-0.7403178
1.4802775,-0.694087
1.4802926,-0.694087
1.4803076,-0.694087
1.4803226,-0.694087
1.4803376,-0.694087
1.4803526,-0.6478553
1.4803677,-0.6478553
1.4803827,-0.6478553
1.4803977,-0.6478553
1.4804127,-0.6478553
1.4804277,-0.601624
1.4804428,-0.601624
1.4804578,-0.601624
1.4804728,-0.601624
1.4804878,-0.55539227
1.4805028,-0.55539227
1.4805179,-0.55539227
1.4805329,-0.55539227
1.4805479,-0.55539227
1.4805629,-0.5091615
1.480578,-0.5091615
1.480593,-0.5091615
1.480608,-0.5091615
1.480623,-0.46292973
1.480638,-0.46292973
1.480653,-0.46292973
1.4806681,-0.46292973
1.4806831,-0.46292973
1.4806981,-0.41669846
1.4807131,-0.41669846
1.4807281,-0.41669846
1.4807432,-0.41669846
1.4807582,-0.41669846
1.4807732,-0.3704667
1.4807882,-0.3704667
1.4808033,-0.3704667
1.4808183,-0.3704667
1.4808333,-0.3704667
1.4808483,-0.32423592
1.4808633,-0.32423592
1.4808784,-0.32423592
1.4808934,-0.32423592
1.4809084,-0.27800417
1.4809234,-0.27800417
1.4809384,-0.27800417
1.4809535,-0.27800417
1.4809685,-0.27800417
1.4809835,-0.2317729
1.4809985,-0.2317729
1.4810135,-0.2317729
1.4810287,-0.2317729
1.4810437,-0.18554163
1.4810587,-0.18554163
1.4810737,-0.18554163
1.4810888,-0.18554163
1.4811038,-0.18554163
1.4811188,-0.13931036
1.4811338,-0.13931036
1.4811488,-0.13931036
1.4811639,-0.13931036
1.4811789,-0.13931036
1.4811939,-0.09307861
1.4812089,-0.09307861
1.481224,-0.09307861
1.481239,-0.09307861
1.481254,-0.09307861
1.481269,-0.046847343
1.481284,-0.046847343
1.481299,-0.046847343
1.4813141,-0.046847343
1.4813291,-6.160736E-4
1.4813441,-6.160736E-4
1.4813591,-6.160736E-4
1.4813741,-6.160736E-4
1.4813892,0.045615196
1.4814042,0.045615196
1.4814192,0.045615196
1.4814342,0.045615196
1.4814492,0.045615196
1.4814643,0.091846466
1.4814793,0.091846466
1.4814943,0.091846466
1.4815093,0.091846466
1.4815243,0.091846466
1.4815394,0.13807821
1.4815544,0.13807821
1.4815694,0.13807821
1.4815844,0.13807821
1.4815995,0.184309
1.4816145,0.184309
1.4816295,0.184309
1.4816445,0.184309
1.4816595,0.184309
1.4816746,0.23054075
1.4816896,0.23054075
1.4817046,0.23054075
1.4817196,0.23054075
1.4817346,0.23054075
1.4817497,0.27677202
1.4817647,0.27677202
1.4817797,0.27677202
1.4817947,0.27677202
1.4818097,0.27677202
1.4818248,0.3230033
1.4818398,0.3230033
1.4818548,0.3230033
1.4818698,0.3230033
1.4818848,0.36923456
1.4818999,0.36923456
1.4819149,0.36923456
1.4819299,0.36923456
1.4819449,0.36923456
1.4819599,0.4154663
1.481975,0.4154663
1.48199,0.4154663
1.482005,0.4154663
1.48202,0.4154663
1.482035,0.46169758
1.4820501,0.46169758
1.4820651,0.46169758
1.4820801,0.46169758
1.4820951,0.50792885
1.4821101,0.50792885
1.4821252,0.50792885
1.4821402,0.50792885
1.4821552,0.50792885
1.4821702,0.5541601
1.4821852,0.5541601
1.4822003,0.5541601
1.4822153,0.5541601
1.4822303,0.5541601
1.4822453,0.60039186
1.4822603,0.60039186
1.4822754,0.60039186
1.4822904,0.60039186
1.4823054,0.60039186
1.4823204,0.64662313
1.4823354,0.64662313
1.4823505,0.64662313
1.4823655,0.64662313
1.4823805,0.64662313
1.4823955,0.6928544
1.4824106,0.6928544
1.4824256,0.6928544
1.4824406,0.6928544
1.4824556,0.7390857
1.4824706,0.7390857
1.4824857,0.7390857
1.4825007,0.7390857
1.4825157,0.7390857
1.4825307,0.7853174
1.4825457,0.7853174
1.4825608,0.7853174
1.4825758,0.7853174
1.4825908,0.7853174
1.4826058,0.8315482
1.4826208,0.8315482
1.4826359,0.8315482
1.4826509,0.8315482
1.4826659,0.8315482
1.4826809,0.87777996
1.4826959,0.87777996
1.482711,0.87777996
1.482726,0.87777996
1.482741,0.87777996
1.482756,0.92401123
1.482771,0.92401123
1.482786,0.92401123
1.4828011,0.92401123
1.4828161,0.92401123
1.4828311,0.970243
1.4828461,0.970243
1.4828612,0.970243
1.4828762,0.970243
1.4828912,0.970243
1.4829062,1.0164738
1.4829212,1.0164738
1.4829363,1.0164738
1.4829513,1.0164738
1.4829663,1.0627055
1.4829813,1.0627055
1.4829963,1.0627055
1.4830114,1.0627055
1.4830264,1.0627055
1.4830414,1.1089368
1.4830564,1.1089368
1.4830714,1.1089368
1.4830865,1.1089368
1.4831015,1.1089368
1.4831165,1.1551685
1.4831315,1.1551685
1.4831465,1.1551685
1.4831616,1.1551685
1.4831766,1.1551685
1.4831916,1.2013993
1.4832066,1.2013993
1.4832217,1.2013993
1.4832367,1.2013993
1.4832517,1.2013993
1.4832667,1.2476311
1.4832817,1.2476311
1.4832968,1.2476311
1.4833118,1.2476311
1.4833268,1.2476311
1.4833418,1.2938623
1.4833568,1.2938623
1.4833719,1.2938623
1.4833869,1.2938623
1.4834019,1.2938623
1.4834169,1.3400936
1.4834319,1.3400936
1.483447,1.3400936
1.483462,1.3400936
1.483477,1.3400936
1.483492,1.3863249
1.483507,1.3863249
1.483522,1.3863249
1.4835371,1.3863249
1.4835521,1.3863249
1.4835671,1.4325566
1.4835821,1.4325566
1.4835972,1.4325566
1.4836122,1.4325566
1.4836272,1.4325566
1.4836422,1.4787879
1.4836572,1.4787879
1.4836723,1.4787879
1.4836873,1.4787879
1.4837023,1.4787879
1.4837173,1.4787879
1.4837323,1.4787879
1.4837474,1.4787879
1.4837624,1.5250192
1.4837774,1.5250192
1.4837924,1.5250192
1.4838074,1.5250192
1.4838225,1.5250192
1.4838375,1.5712504
1.4838525,1.5712504
1.4838675,1.5712504
1.4838825,1.5712504
1.4838976,1.5712504
1.4839126,1.6174817
1.4839276,1.6174817
1.4839426,1.6174817
1.4839576,1.6174817
1.4839727,1.6174817
1.4839877,1.6637135
1.4840027,1.6637135
1.4840177,1.6637135
1.4840328,1.6637135
1.4840478,1.6637135
1.4840628,1.7099442
1.4840778,1.7099442
1.4840928,1.7099442
1.4841079,1.7099442
1.4841229,1.7099442
1.4841379,1.756176
1.4841529,1.756176
1.4841679,1.756176
1.484183,1.756176
1.484198,1.756176
1.484213,1.756176
1.484228,1.756176
1.484243,1.7099442
1.484258,1.7099442
1.4842731,1.7099442
1.4842881,1.7099442
1.4843031,1.6637135
1.4843181,1.6637135
1.4843332,1.6637135
1.4843482,1.6637135
1.4843632,1.6637135
1.4843782,1.6174817
1.4843932,1.6174817
1.4844083,1.6174817
1.4844233,1.6174817
1.4844383,1.5712504
1.4844533,1.5712504
1.4844683,1.5712504
1.4844834,1.5712504
1.4844984,1.5250192
1.4845134,1.5250192
1.4845284,1.5250192
1.4845436,1.5250192
1.4845586,1.5250192
1.4845736,1.4787879
1.4845886,1.4787879
1.4846036,1.4787879
1.4846187,1.4787879
1.4846337,1.4787879
1.4846487,1.4787879
1.4846637,1.4325566
1.4846787,1.4325566
1.4846938,1.4325566
1.4847088,1.4325566
1.4847238,1.4325566
1.4847388,1.3863249
1.4847538,1.3863249
1.4847689,1.3863249
1.4847839,1.3863249
1.4847989,1.3400936
1.4848139,1.3400936
1.484829,1.3400936
1.484844,1.3400936
1.484859,1.3400936
1.484874,1.2938623
1.484889,1.2938623
1.484904,1.2938623
1.4849191,1.2938623
1.4849341,1.2476311
1.4849491,1.2476311
1.4849641,1.2476311
1.4849792,1.2476311
1.4849942,1.2013993
1.4850092,1.2013993
1.4850242,1.2013993
1.4850392,1.2013993
1.4850543,1.2013993
1.4850693,1.1551685
1.4850843,1.1551685
1.4850993,1.1551685
1.4851143,1.1551685
1.4851294,1.1089368
1.4851444,1.1089368
1.4851594,1.1089368
1.4851744,1.1089368
1.4851894,1.1089368
1.4852045,1.0627055
1.4852195,1.0627055
1.4852345,1.0627055
1.4852495,1.0627055
1.4852645,1.0164738
1.4852796,1.0164738
1.4852946,1.0164738
1.4853096,1.0164738
1.4853246,0.970243
1.4853396,0.970243
1.4853547,0.970243
1.4853697,0.970243
1.4853847,0.970243
1.4853997,0.92401123
1.4854147,0.92401123
1.4854298,0.92401123
1.4854448,0.92401123
1.4854598,0.87777996
1.4854748,0.87777996
1.4854898,0.87777996
1.4855049,0.87777996
1.4855199,0.87777996
1.4855349,0.8315482
1.4855499,0.8315482
1.485565,0.8315482
1.48558,0.8315482
1.485595,0.7853174
1.48561,0.7853174
1.485625,0.7853174
1.48564,0.7853174
1.4856551,0.7390857
1.4856701,0.7390857
1.4856851,0.7390857
1.4857001,0.7390857
1.4857152,0.7390857
1.4857302,0.6928544
1.4857452,0.6928544
1.4857602,0.6928544
1.4857752,0.6928544
1.4857903,0.6928544
1.4858053,0.64662313
1.4858203,0.64662313
1.4858353,0.64662313
1.4858503,0.64662313
1.4858654,0.60039186
1.4858804,0.60039186
1.4858954,0.60039186
1.4859104,0.60039186
1.4859254,0.5541601
1.4859405,0.5541601
1.4859555,0.5541601
1.4859705,0.5541601
1.4859855,0.5541601
1.4860005,0.50792885
1.4860156,0.50792885
1.4860306,0.50792885
1.4860456,0.50792885
1.4860606,0.46169758
1.4860756,0.46169758
1.4860907,0.46169758
1.4861057,0.46169758
1.4861207,0.46169758
1.4861357,0.4154663
1.4861507,0.4154663
1.4861658,0.4154663
1.4861808,0.4154663
1.4861958,0.36923456
1.4862108,0.36923456
1.4862258,0.36923456
1.4862409,0.36923456
1.4862559,0.3230033
1.4862709,0.3230033
1.4862859,0.3230033
1.486301,0.3230033
1.486316,0.3230033
1.486331,0.27677202
1.486346,0.27677202
1.486361,0.27677202
1.486376,0.27677202
1.4863911,0.23054075
1.4864061,0.23054075
1.4864211,0.23054075
1.4864361,0.23054075
1.4864511,0.23054075
1.4864662,0.184309
1.4864812,0.184309
1.4864962,0.184309
1.4865112,0.184309
1.4865263,0.13807821
1.4865413,0.13807821
1.4865563,0.13807821
1.4865713,0.13807821
1.4865863,0.13807821
1.4866014,0.091846466
1.4866164,0.091846466
1.4866314,0.091846466
1.4866464,0.091846466
1.4866614,0.045615196
1.4866765,0.045615196
1.4866915,0.045615196
1.4867065,0.045615196
1.4867215,-6.160736E-4
1.4867365,-6.160736E-4
1.4867516,-6.160736E-4
1.4867666,-6.160736E-4
1.4867816,-6.160736E-4
1.4867966,-0.046847343
1.4868116,-0.046847343
1.4868267,-0.046847343
1.4868417,-0.046847343
1.4868567,-0.09307861
1.4868717,-0.09307861
1.4868867,-0.09307861
1.4869018,-0.09307861
1.4869168,-0.09307861
1.4869318,-0.13931036
1.4869468,-0.13931036
1.4869618,-0.13931036
1.4869769,-0.13931036
1.4869919,-0.18554163
1.4870069,-0.18554163
1.4870219,-0.18554163
1.487037,-0.18554163
1.487052,-0.18554163
1.487067,-0.2317729
1.487082,-0.2317729
1.487097,-0.2317729
1.487112,-0.2317729
1.4871271,-0.27800417
1.4871421,-0.27800417
1.4871571,-0.27800417
1.4871721,-0.27800417
1.4871871,-0.27800417
1.4872022,-0.32423592
1.4872172,-0.32423592
1.4872322,-0.32423592
1.4872472,-0.32423592
1.4872622,-0.3704667
1.4872773,-0.3704667
1.4872923,-0.3704667
1.4873073,-0.3704667
1.4873223,-0.3704667
1.4873374,-0.41669846
1.4873524,-0.41669846
1.4873674,-0.41669846
1.4873824,-0.41669846
1.4873974,-0.46292973
1.4874125,-0.46292973
1.4874275,-0.46292973
1.4874425,-0.46292973
1.4874575,-0.46292973
1.4874725,-0.5091615
1.4874876,-0.5091615
1.4875026,-0.5091615
1.4875176,-0.5091615
1.4875326,-0.55539227
1.4875476,-0.55539227
1.4875627,-0.55539227
1.4875777,-0.55539227
1.4875927,-0.55539227
1.4876077,-0.601624
1.4876227,-0.601624
1.4876378,-0.601624
1.4876528,-0.601624
1.4876678,-0.601624
1.4876828,-0.6478553
1.4876978,-0.6478553
1.4877129,-0.6478553
1.4877279,-0.6478553
1.4877429,-0.694087
1.4877579,-0.694087
1.487773,-0.694087
1.487788,-0.694087
1.487803,-0.694087
1.487818,-0.7403178
1.487833,-0.7403178
1.487848,-0.7403178
1.4878631,-0.7403178
1.4878781,-0.7403178
1.4878931,-0.78654957
1.4879081,-0.78654957
1.4879231,-0.78654957
1.4879382,-0.78654957
1.4879532,-0.78654957
1.4879682,-0.83278084
1.4879832,-0.83278084
1.4879982,-0.83278084
1.4880133,-0.83278084
1.4880283,-0.8790121
1.4880433,-0.8790121
1.4880583,-0.8790121
1.4880735,-0.8790121
1.4880885,-0.8790121
1.4881035,-0.9252434
1.4881185,-0.9252434
1.4881335,-0.9252434
1.4881486,-0.9252434
1.4881636,-0.9714751
1.4881786,-0.9714751
1.4881936,-0.9714751
1.4882087,-0.9714751
1.4882237,-0.9714751
1.4882387,-1.0177064
1.4882537,-1.0177064
1.4882687,-1.0177064
1.4882838,-1.0177064
1.4882988,-1.0177064
1.4883138,-1.0639377
1.4883288,-1.0639377
1.4883438,-1.0639377
1.4883589,-1.0639377
1.4883739,-1.0639377
1.4883889,-1.1101689
1.4884039,-1.1101689
1.4884189,-1.1101689
1.488434,-1.1101689
1.488449,-1.1564007
1.488464,-1.1564007
1.488479,-1.1564007
1.488494,-1.1564007
1.488509,-1.1564007
1.4885241,-1.202632
1.4885391,-1.202632
1.4885541,-1.202632
1.4885691,-1.202632
1.4885842,-1.202632
1.4885992,-1.2488632
1.4886142,-1.2488632
1.4886292,-1.2488632
1.4886442,-1.2488632
1.4886593,-1.2488632
1.4886743,-1.2950945
1.4886893,-1.2950945
1.4887043,-1.2950945
1.4887193,-1.2950945
1.4887344,-1.2950945
1.4887494,-1.3413262
1.4887644,-1.3413262
1.4887794,-1.3413262
1.4887944,-1.3413262
1.4888095,-1.3413262
1.4888245,-1.387557
1.4888395,-1.387557
1.4888545,-1.387557
1.4888695,-1.387557
1.4888846,-1.4337888
1.4888996,-1.4337888
1.4889146,-1.4337888
1.4889296,-1.4337888
1.4889446,-1.4337888
1.4889597,-1.4337888
1.4889747,-1.48002
1.4889897,-1.48002
1.4890047,-1.48002
1.4890198,-1.48002
1.4890348,-1.48002
1.4890498,-1.48002
1.4890648,-1.48002
1.4890798,-1.5262513
1.4890949,-1.5262513
1.4891099,-1.5262513
1.4891249,-1.5262513
1.4891399,-1.5262513
1.4891549,-1.5724826
1.48917,-1.5724826
1.489185,-1.5724826
1.4892,-1.5724826
1.489215,-1.5724826
1.48923,-1.6187139
1.489245,-1.6187139
1.4892601,-1.6187139
1.4892751,-1.6187139
1.4892901,-1.6187139
1.4893051,-1.6187139
1.4893202,-1.6187139
1.4893352,-1.6187139
1.4893502,-1.5724826
1.4893652,-1.5724826
1.4893802,-1.5724826
1.4893953,-1.5724826
1.4894103,-1.5724826
1.4894253,-1.5262513
1.4894403,-1.5262513
1.4894553,-1.5262513
1.4894704,-1.5262513
1.4894854,-1.48002
1.4895004,-1.48002
1.4895154,-1.48002
1.4895304,-1.48002
1.4895455,-1.48002
1.4895605,-1.48002
1.4895755,-1.48002
1.4895905,-1.4337888
1.4896055,-1.4337888
1.4896206,-1.4337888
1.4896356,-1.4337888
1.4896506,-1.4337888
1.4896656,-1.387557
1.4896806,-1.387557
1.4896957,-1.387557
1.4897107,-1.387557
1.4897257,-1.387557
1.4897407,-1.3413262
1.4897557,-1.3413262
1.4897708,-1.3413262
1.4897858,-1.3413262
1.4898008,-1.2950945
1.4898158,-1.2950945
1.4898309,-1.2950945
1.4898459,-1.2950945
1.4898609,-1.2950945
1.4898759,-1.2488632
1.4898909,-1.2488632
1.489906,-1.2488632
1.489921,-1.2488632
1.489936,-1.2488632
1.489951,-1.202632
1.489966,-1.202632
1.489981,-1.202632
1.4899961,-1.202632
1.4900111,-1.1564007
1.4900261,-1.1564007
1.4900411,-1.1564007
1.4900562,-1.1564007
1.4900712,-1.1564007
1.4900862,-1.1101689
1.4901012,-1.1101689
1.4901162,-1.1101689
1.4901313,-1.1101689
1.4901463,-1.0639377
1.4901613,-1.0639377
1.4901763,-1.0639377
1.4901913,-1.0639377
1.4902064,-1.0639377
1.4902214,-1.0177064
1.4902364,-1.0177064
1.4902514,-1.0177064
1.4902664,-1.0177064
1.4902815,-1.0177064
1.4902965,-0.9714751
1.4903115,-0.9714751
1.4903265,-0.9714751
1.4903415,-0.9714751
1.4903566,-0.9252434
1.4903716,-0.9252434
1.4903866,-0.9252434
1.4904016,-0.9252434
1.4904166,-0.9252434
1.4904317,-0.8790121
1.4904467,-0.8790121
1.4904617,-0.8790121
1.4904767,-0.8790121
1.4904917,-0.8790121
1.4905068,-0.83278084
1.4905218,-0.83278084
1.4905368,-0.83278084
1.4905518,-0.83278084
1.4905668,-0.83278084
1.4905819,-0.78654957
1.4905969,-0.78654957
1.4906119,-0.78654957
1.4906269,-0.78654957
1.490642,-0.7403178
1.490657,-0.7403178
1.490672,-0.7403178
1.490687,-0.7403178
1.490702,-0.7403178
1.490717,-0.694087
1.4907321,-0.694087
1.4907471,-0.694087
1.4907621,-0.694087
1.4907771,-0.6478553
1.4907922,-0.6478553
1.4908072,-0.6478553
1.4908222,-0.6478553
1.4908372,-0.6478553
1.4908522,-0.601624
1.4908673,-0.601624
1.4908823,-0.601624
1.4908973,-0.601624
1.4909123,-0.601624
1.4909273,-0.55539227
1.4909424,-0.55539227
1.4909574,-0.55539227
1.4909724,-0.55539227
1.4909874,-0.5091615
1.4910024,-0.5091615
1.4910175,-0.5091615
1.4910325,-0.5091615
1.4910475,-0.5091615
1.4910625,-0.46292973
1.4910775,-0.46292973
1.4910926,-0.46292973
1.4911076,-0.46292973
1.4911226,-0.46292973
1.4911376,-0.41669846
1.4911526,-0.41669846
1.4911677,-0.41669846
1.4911827,-0.41669846
1.4911977,-0.3704667
1.4912127,-0.3704667
1.4912277,-0.3704667
1.4912428,-0.3704667
1.4912578,-0.3704667
1.4912728,-0.32423592
1.4912878,-0.32423592
1.4913028,-0.32423592
1.4913179,-0.32423592
1.4913329,-0.32423592
1.4913479,-0.27800417
1.4913629,-0.27800417
1.491378,-0.27800417
1.491393,-0.27800417
1.491408,-0.2317729
1.491423,-0.2317729
1.491438,-0.2317729
1.491453,-0.2317729
1.4914681,-0.2317729
1.4914831,-0.18554163
1.4914981,-0.18554163
1.4915131,-0.18554163
1.4915282,-0.18554163
1.4915432,-0.18554163
1.4915582,-0.13931036
1.4915732,-0.13931036
1.4915884,-0.13931036
1.4916034,-0.13931036
1.4916184,-0.09307861
1.4916334,-0.09307861
1.4916484,-0.09307861
1.4916635,-0.09307861
1.4916785,-0.09307861
1.4916935,-0.046847343
1.4917085,-0.046847343
1.4917235,-0.046847343
1.4917386,-0.046847343
1.4917536,-0.046847343
1.4917686,-6.160736E-4
1.4917836,-6.160736E-4
1.4917986,-6.160736E-4
1.4918137,-6.160736E-4
1.4918287,0.045615196
1.4918437,0.045615196
1.4918587,0.045615196
1.4918737,0.045615196
1.4918888,0.091846466
1.4919038,0.091846466
1.4919188,0.091846466
1.4919338,0.091846466
1.4919488,0.091846466
1.4919639,0.13807821
1.4919789,0.13807821
1.4919939,0.13807821
1.4920089,0.13807821
1.492024,0.13807821
1.492039,0.184309
1.492054,0.184309
1.492069,0.184309
1.492084,0.184309
1.492099,0.184309
1.4921141,0.23054075
1.4921291,0.23054075
1.4921441,0.23054075
1.4921591,0.23054075
1.4921741,0.27677202
1.4921892,0.27677202
1.4922042,0.27677202
1.4922192,0.27677202
1.4922342,0.27677202
1.4922493,0.3230033
1.4922643,0.3230033
1.4922793,0.3230033
1.4922943,0.3230033
1.4923093,0.3230033
1.4923244,0.36923456
1.4923394,0.36923456
1.4923544,0.36923456
1.4923694,0.36923456
1.4923844,0.4154663
1.4923995,0.4154663
1.4924145,0.4154663
1.4924295,0.4154663
1.4924445,0.4154663
1.4924595,0.46169758
1.4924746,0.46169758
1.4924896,0.46169758
1.4925046,0.46169758
1.4925196,0.46169758
1.4925346,0.50792885
1.4925497,0.50792885
1.4925647,0.50792885
1.4925797,0.50792885
1.4925947,0.50792885
1.4926097,0.5541601
1.4926248,0.5541601
1.4926398,0.5541601
1.4926548,0.5541601
1.4926698,0.5541601
1.4926848,0.60039186
1.4926999,0.60039186
1.4927149,0.60039186
1.4927299,0.60039186
1.4927449,0.64662313
1.49276,0.64662313
1.492775,0.64662313
1.49279,0.64662313
1.492805,0.64662313
1.49282,0.6928544
1.492835,0.6928544
1.4928501,0.6928544
1.4928651,0.6928544
1.4928801,0.6928544
1.4928951,0.7390857
1.4929101,0.7390857
1.4929252,0.7390857
1.4929402,0.7390857
1.4929552,0.7390857
1.4929702,0.7853174
1.4929852,0.7853174
1.4930003,0.7853174
1.4930153,0.7853174
1.4930303,0.8315482
1.4930453,0.8315482
1.4930604,0.8315482
1.4930754,0.8315482
1.4930904,0.8315482
1.4931054,0.87777996
1.4931204,0.87777996
1.4931355,0.87777996
1.4931505,0.87777996
1.4931655,0.87777996
1.4931805,0.92401123
1.4931955,0.92401123
1.4932106,0.92401123
1.4932256,0.92401123
1.4932406,0.92401123
1.4932556,0.970243
1.4932706,0.970243
1.4932857,0.970243
1.4933007,0.970243
1.4933157,0.970243
1.4933307,1.0164738
1.4933457,1.0164738
1.4933608,1.0164738
1.4933758,1.0164738
1.4933908,1.0164738
1.4934058,1.0627055
1.4934208,1.0627055
1.4934359,1.0627055
1.4934509,1.0627055
1.4934659,1.0627055
1.4934809,1.1089368
1.493496,1.1089368
1.493511,1.1089368
1.493526,1.1089368
1.493541,1.1089368
1.493556,1.1551685
1.493571,1.1551685
1.4935861,1.1551685
1.4936011,1.1551685
1.4936161,1.1551685
1.4936311,1.2013993
1.4936461,1.2013993
1.4936612,1.2013993
1.4936762,1.2013993
1.4936912,1.2013993
1.4937062,1.2476311
1.4937212,1.2476311
1.4937363,1.2476311
1.4937513,1.2476311
1.4937663,1.2938623
1.4937813,1.2938623
1.4937963,1.2938623
1.4938114,1.2938623
1.4938264,1.2938623
1.4938414,1.2938623
1.4938564,1.3400936
1.4938715,1.3400936
1.4938865,1.3400936
1.4939015,1.3400936
1.4939165,1.3863249
1.4939315,1.3863249
1.4939466,1.3863249
1.4939616,1.3863249
1.4939766,1.3863249
1.4939916,1.4325566
1.4940066,1.4325566
1.4940217,1.4325566
1.4940367,1.4325566
1.4940517,1.4325566
1.4940667,1.4325566
1.4940817,1.4787879
1.4940968,1.4787879
1.4941118,1.4787879
1.4941268,1.4787879
1.4941418,1.4787879
1.4941568,1.4787879
1.4941719,1.4787879
1.4941869,1.5250192
1.4942019,1.5250192
1.4942169,1.5250192
1.4942319,1.5250192
1.494247,1.5250192
1.494262,1.5712504
1.494277,1.5712504
1.494292,1.5712504
1.494307,1.5712504
1.4943221,1.5712504
1.4943371,1.6174817
1.4943521,1.6174817
1.4943671,1.6174817
1.4943821,1.6174817
1.4943972,1.6174817
1.4944122,1.6637135
1.4944272,1.6637135
1.4944422,1.6637135
1.4944572,1.6637135
1.4944723,1.6637135
1.4944873,1.7099442
1.4945023,1.7099442
1.4945173,1.7099442
1.4945323,1.7099442
1.4945474,1.7099442
1.4945624,1.756176
1.4945774,1.756176
1.4945924,1.756176
1.4946074,1.756176
1.4946225,1.756176
1.4946375,1.756176
1.4946525,1.756176
1.4946675,1.756176
1.4946826,1.7099442
1.4946976,1.7099442
1.4947126,1.7099442
1.4947276,1.7099442
1.4947426,1.6637135
1.4947577,1.6637135
1.4947727,1.6637135
1.4947877,1.6637135
1.4948027,1.6174817
1.4948177,1.6174817
1.4948328,1.6174817
1.4948478,1.6174817
1.4948628,1.6174817
1.4948778,1.5712504
1.4948928,1.5712504
1.4949079,1.5712504
1.4949229,1.5712504
1.4949379,1.5250192
1.4949529,1.5250192
1.4949679,1.5250192
1.494983,1.5250192
1.494998,1.4787879
1.495013,1.4787879
1.495028,1.4787879
1.495043,1.4787879
1.4950581,1.4787879
1.4950731,1.4787879
1.4950881,1.4787879
1.4951032,1.4325566
1.4951183,1.4325566
1.4951333,1.4325566
1.4951483,1.4325566
1.4951633,1.3863249
1.4951783,1.3863249
1.4951934,1.3863249
1.4952084,1.3863249
1.4952234,1.3863249
1.4952384,1.3400936
1.4952534,1.3400936
1.4952685,1.3400936
1.4952835,1.3400936
1.4952985,1.2938623
1.4953135,1.2938623
1.4953285,1.2938623
1.4953436,1.2938623
1.4953586,1.2938623
1.4953736,1.2476311
1.4953886,1.2476311
1.4954036,1.2476311
1.4954187,1.2476311
1.4954337,1.2013993
1.4954487,1.2013993
1.4954637,1.2013993
1.4954787,1.2013993
1.4954938,1.2013993
1.4955088,1.1551685
1.4955238,1.1551685
1.4955388,1.1551685
1.4955539,1.1551685
1.4955689,1.1089368
1.4955839,1.1089368
1.4955989,1.1089368
1.4956139,1.1089368
1.495629,1.0627055
1.495644,1.0627055
1.495659,1.0627055
1.495674,1.0627055
1.495689,1.0627055
1.495704,1.0164738
1.4957191,1.0164738
1.4957341,1.0164738
1.4957491,1.0164738
1.4957641,0.970243
1.4957792,0.970243
1.4957942,0.970243
1.4958092,0.970243
1.4958242,0.92401123
1.4958392,0.92401123
1.4958543,0.92401123
1.4958693,0.92401123
1.4958843,0.92401123
1.4958993,0.87777996
1.4959143,0.87777996
1.4959294,0.87777996
1.4959444,0.87777996
1.4959594,0.8315482
1.4959744,0.8315482
1.4959894,0.8315482
1.4960045,0.8315482
1.4960195,0.8315482
1.4960345,0.7853174
1.4960495,0.7853174
1.4960645,0.7853174
1.4960796,0.7853174
1.4960946,0.7390857
1.4961096,0.7390857
1.4961246,0.7390857
1.4961396,0.7390857
1.4961547,0.6928544
1.4961697,0.6928544
1.4961847,0.6928544
1.4961997,0.6928544
1.4962147,0.6928544
1.4962298,0.64662313
1.4962448,0.64662313
1.4962598,0.64662313
1.4962748,0.64662313
1.4962898,0.60039186
1.4963049,0.60039186
1.4963199,0.60039186
1.4963349,0.60039186
1.4963499,0.60039186
1.496365,0.5541601
1.49638,0.5541601
1.496395,0.5541601
1.49641,0.5541601
1.496425,0.50792885
1.49644,0.50792885
1.4964551,0.50792885
1.4964701,0.50792885
1.4964851,0.50792885
1.4965001,0.46169758
1.4965152,0.46169758
1.4965302,0.46169758
1.4965452,0.46169758
1.4965602,0.4154663
1.4965752,0.4154663
1.4965903,0.4154663
1.4966053,0.4154663
1.4966203,0.36923456
1.4966353,0.36923456
1.4966503,0.36923456
1.4966654,0.36923456
1.4966804,0.36923456
1.4966954,0.3230033
1.4967104,0.3230033
1.4967254,0.3230033
1.4967405,0.3230033
1.4967555,0.27677202
1.4967705,0.27677202
1.4967855,0.27677202
1.4968005,0.27677202
1.4968156,0.27677202
1.4968306,0.23054075
1.4968456,0.23054075
1.4968606,0.23054075
1.4968756,0.23054075
1.4968907,0.184309
1.4969057,0.184309
1.4969207,0.184309
1.4969357,0.184309
1.4969507,0.184309
1.4969658,0.13807821
1.4969808,0.13807821
1.4969958,0.13807821
1.4970108,0.13807821
1.4970258,0.091846466
1.4970409,0.091846466
1.4970559,0.091846466
1.4970709,0.091846466
1.4970859,0.045615196
1.497101,0.045615196
1.497116,0.045615196
1.497131,0.045615196
1.497146,0.045615196
1.497161,-6.160736E-4
1.497176,-6.160736E-4
1.4971911,-6.160736E-4
1.4972061,-6.160736E-4
1.4972211,-0.046847343
1.4972361,-0.046847343
1.4972512,-0.046847343
1.4972662,-0.046847343
1.4972812,-0.046847343
1.4972962,-0.09307861
1.4973112,-0.09307861
1.4973263,-0.09307861
1.4973413,-0.09307861
1.4973563,-0.13931036
1.4973713,-0.13931036
1.4973863,-0.13931036
1.4974014,-0.13931036
1.4974164,-0.13931036
1.4974314,-0.18554163
1.4974464,-0.18554163
1.4974614,-0.18554163
1.4974765,-0.18554163
1.4974915,-0.2317729
1.4975065,-0.2317729
1.4975215,-0.2317729
1.4975365,-0.2317729
1.4975516,-0.2317729
1.4975666,-0.27800417
1.4975816,-0.27800417
1.4975966,-0.27800417
1.4976116,-0.27800417
1.4976267,-0.32423592
1.4976417,-0.32423592
1.4976567,-0.32423592
1.4976717,-0.32423592
1.4976867,-0.32423592
1.4977018,-0.3704667
1.4977168,-0.3704667
1.4977318,-0.3704667
1.4977468,-0.3704667
1.4977618,-0.41669846
1.4977769,-0.41669846
1.4977919,-0.41669846
1.4978069,-0.41669846
1.4978219,-0.41669846
1.497837,-0.46292973
1.497852,-0.46292973
1.497867,-0.46292973
1.497882,-0.46292973
1.497897,-0.5091615
1.497912,-0.5091615
1.4979271,-0.5091615
1.4979421,-0.5091615
1.4979571,-0.5091615
1.4979721,-0.55539227
1.4979872,-0.55539227
1.4980022,-0.55539227
1.4980172,-0.55539227
1.4980322,-0.601624
1.4980472,-0.601624
1.4980623,-0.601624
1.4980773,-0.601624
1.4980923,-0.601624
1.4981073,-0.6478553
1.4981223,-0.6478553
1.4981374,-0.6478553
1.4981524,-0.6478553
1.4981674,-0.6478553
1.4981824,-0.694087
1.4981974,-0.694087
1.4982125,-0.694087
1.4982275,-0.694087
1.4982425,-0.694087
1.4982575,-0.7403178
1.4982725,-0.7403178
1.4982876,-0.7403178
1.4983026,-0.7403178
1.4983176,-0.78654957
1.4983326,-0.78654957
1.4983476,-0.78654957
1.4983627,-0.78654957
1.4983777,-0.78654957
1.4983927,-0.83278084
1.4984077,-0.83278084
1.4984227,-0.83278084
1.4984378,-0.83278084
1.4984528,-0.83278084
1.4984678,-0.8790121
1.4984828,-0.8790121
1.4984978,-0.8790121
1.4985129,-0.8790121
1.4985279,-0.9252434
1.4985429,-0.9252434
1.4985579,-0.9252434
1.498573,-0.9252434
1.498588,-0.9252434
1.498603,-0.9714751
1.498618,-0.9714751
1.4986331,-0.9714751
1.4986482,-0.9714751
1.4986632,-0.9714751
1.4986782,-1.0177064
1.4986932,-1.0177064
1.4987082,-1.0177064
1.4987233,-1.0177064
1.4987383,-1.0639377
1.4987533,-1.0639377
1.4987683,-1.0639377
1.4987833,-1.0639377
1.4987984,-1.0639377
1.4988134,-1.1101689
1.4988284,-1.1101689
1.4988434,-1.1101689
1.4988585,-1.1101689
1.4988735,-1.1101689
1.4988885,-1.1564007
1.4989035,-1.1564007
1.4989185,-1.1564007
1.4989336,-1.1564007
1.4989486,-1.1564007
1.4989636,-1.202632
1.4989786,-1.202632
1.4989936,-1.202632
1.4990087,-1.202632
1.4990237,-1.2488632
1.4990387,-1.2488632
1.4990537,-1.2488632
1.4990687,-1.2488632
1.4990838,-1.2488632
1.4990988,-1.2950945
1.4991138,-1.2950945
1.4991288,-1.2950945
1.4991438,-1.2950945
1.4991589,-1.2950945
1.4991739,-1.3413262
1.4991889,-1.3413262
1.4992039,-1.3413262
1.499219,-1.3413262
1.499234,-1.3413262
1.499249,-1.387557
1.499264,-1.387557
1.499279,-1.387557
1.499294,-1.387557
1.4993091,-1.387557
1.4993241,-1.4337888
1.4993391,-1.4337888
1.4993541,-1.4337888
1.4993691,-1.4337888
1.4993842,-1.4337888
1.4993992,-1.48002
1.4994142,-1.48002
1.4994292,-1.48002
1.4994442,-1.48002
1.4994593,-1.48002
1.4994743,-1.48002
1.4994893,-1.48002
1.4995043,-1.5262513
1.4995193,-1.5262513
1.4995344,-1.5262513
1.4995494,-1.5262513
1.4995644,-1.5262513
1.4995794,-1.5724826
1.4995944,-1.5724826
1.4996095,-1.5724826
1.4996245,-1.5724826
1.4996395,-1.5724826
1.4996545,-1.6187139
1.4996696,-1.6187139
1.4996846,-1.6187139
1.4996996,-1.6187139
1.4997146,-1.6187139
1.4997296,-1.6187139
1.4997447,-1.6187139
1.4997597,-1.6187139
1.4997747,-1.6187139
1.4997897,-1.5724826
1.4998047,-1.5724826
1.4998198,-1.5724826
1.4998348,-1.5724826
1.4998498,-1.5262513
1.4998648,-1.5262513
1.4998798,-1.5262513
1.4998949,-1.5262513
1.4999099,-1.5262513
1.4999249,-1.48002
1.4999399,-1.48002
1.4999549,-1.48002
1.49997,-1.48002
1.499985,-1.48002
1.5,-1.48002
1.500015,-1.48002
1.50003,-1.4337888
1.5000451,-1.4337888
1.5000601,-1.4337888
1.5000751,-1.4337888
1.5000901,-1.387557
1.5001051,-1.387557
1.5001202,-1.387557
1.5001352,-1.387557
1.5001502,-1.387557
1.5001652,-1.3413262
1.5001802,-1.3413262
1.5001953,-1.3413262
1.5002103,-1.3413262
1.5002253,-1.3413262
1.5002403,-1.2950945
1.5002553,-1.2950945
1.5002704,-1.2950945
1.5002854,-1.2950945
1.5003004,-1.2950945
1.5003154,-1.2488632
1.5003304,-1.2488632
1.5003455,-1.2488632
1.5003605,-1.2488632
1.5003755,-1.202632
1.5003905,-1.202632
1.5004056,-1.202632
1.5004206,-1.202632
1.5004356,-1.202632
1.5004506,-1.1564007
1.5004656,-1.1564007
1.5004807,-1.1564007
1.5004957,-1.1564007
1.5005107,-1.1564007
1.5005257,-1.1101689
1.5005407,-1.1101689
1.5005558,-1.1101689
1.5005708,-1.1101689
1.5005858,-1.0639377
1.5006008,-1.0639377
1.5006158,-1.0639377
1.5006309,-1.0639377
1.5006459,-1.0639377
1.5006609,-1.0177064
1.5006759,-1.0177064
1.5006909,-1.0177064
1.500706,-1.0177064
1.500721,-0.9714751
1.500736,-0.9714751
1.500751,-0.9714751
1.500766,-0.9714751
1.500781,-0.9714751
1.5007961,-0.9252434
1.5008111,-0.9252434
1.5008261,-0.9252434
1.5008411,-0.9252434
1.5008562,-0.8790121
1.5008712,-0.8790121
1.5008862,-0.8790121
1.5009012,-0.8790121
1.5009162,-0.8790121
1.5009313,-0.83278084
1.5009463,-0.83278084
1.5009613,-0.83278084
1.5009763,-0.83278084
1.5009913,-0.83278084
1.5010064,-0.78654957
1.5010214,-0.78654957
1.5010364,-0.78654957
1.5010514,-0.78654957
1.5010664,-0.78654957
1.5010815,-0.7403178
1.5010965,-0.7403178
1.5011115,-0.7403178
1.5011265,-0.7403178
1.5011415,-0.694087
1.5011566,-0.694087
1.5011716,-0.694087
1.5011866,-0.694087
1.5012016,-0.694087
1.5012167,-0.6478553
1.5012317,-0.6478553
1.5012467,-0.6478553
1.5012617,-0.6478553
1.5012767,-0.6478553
1.5012918,-0.601624
1.5013068,-0.601624
1.5013218,-0.601624
1.5013368,-0.601624
1.5013518,-0.55539227
1.5013669,-0.55539227
1.5013819,-0.55539227
1.5013969,-0.55539227
1.5014119,-0.55539227
1.5014269,-0.5091615
1.501442,-0.5091615
1.501457,-0.5091615
1.501472,-0.5091615
1.501487,-0.5091615
1.501502,-0.46292973
1.501517,-0.46292973
1.5015321,-0.46292973
1.5015471,-0.46292973
1.5015621,-0.46292973
1.5015771,-0.41669846
1.5015922,-0.41669846
1.5016072,-0.41669846
1.5016222,-0.41669846
1.5016372,-0.3704667
1.5016522,-0.3704667
1.5016673,-0.3704667
1.5016823,-0.3704667
1.5016973,-0.3704667
1.5017123,-0.32423592
1.5017273,-0.32423592
1.5017424,-0.32423592
1.5017574,-0.32423592
1.5017724,-0.27800417
1.5017874,-0.27800417
1.5018024,-0.27800417
1.5018175,-0.27800417
1.5018325,-0.27800417
1.5018475,-0.2317729
1.5018625,-0.2317729
1.5018775,-0.2317729
1.5018926,-0.2317729
1.5019076,-0.2317729
1.5019226,-0.18554163
1.5019376,-0.18554163
1.5019526,-0.18554163
1.5019677,-0.18554163
1.5019827,-0.13931036
1.5019977,-0.13931036
1.5020127,-0.13931036
1.5020278,-0.13931036
1.5020428,-0.13931036
1.5020578,-0.09307861
1.5020728,-0.09307861
