Time,CH1
0.0,0.50792885
2.0E-6,1.3863249
4.0E-6,2.172258
6.0E-6,2.9119601
8.0E-6,3.420505
1.0E-5,1.5712504
1.2E-5,-1.7574081
1.4E-5,-3.8378198
1.6E-5,-3.6528945
1.8E-5,-3.1905808
2.0E-5,-2.589573
2.2E-5,-1.8036394
2.4E-5,-0.9714751
2.6E-5,-0.046847343
2.8E-5,0.87777996
3.0E-5,1.7099442
3.2E-5,2.4958777
3.4E-5,3.1431174
3.6E-5,3.605431
3.8E-5,3.8828197
4.0E-5,3.92905
4.2E-5,3.7903562
4.4E-5,3.4667363
4.6E-5,2.9119601
4.8E-5,2.2184901
5.0E-5,1.4325566
5.2E-5,0.5541601
5.4E-5,-0.3704667
5.6E-5,-1.2488632
5.8E-5,-2.0347965
6.0E-5,-2.7744985
6.2E-5,-3.3755062
6.4E-5,-3.745357
6.6E-5,-3.9302826
6.8E-5,-3.9302826
7.0E-5,-3.6991258
7.2E-5,-3.2830436
7.4E-5,-2.6820357
7.6E-5,-1.9423337
7.8E-5,-1.1101689
8.0E-5,-0.18554163
8.2E-5,0.7390857
8.4E-5,1.5712504
8.6E-5,2.357184
8.8E-5,3.050654
9.0E-5,3.5591989
9.2E-5,3.8365874
9.4E-5,3.9752812
9.6E-5,3.8365874
9.8E-5,3.5591989
1.0E-4,3.050654
1.02E-4,2.357184
1.04E-4,1.5712504
1.06E-4,0.7390857
1.08E-4,-0.18554163
1.1E-4,-1.1101689
1.12E-4,-1.8961024
1.14E-4,-2.6358042
1.16E-4,-3.2830436
1.17999996E-4,-3.6991258
1.2E-4,-3.9302826
1.22E-4,-3.9302826
1.24E-4,-3.745357
1.26E-4,-3.3755062
1.28E-4,-2.7744985
1.3E-4,-2.081028
1.32E-4,-1.2488632
1.34E-4,-0.3704667
1.36E-4,0.5541601
1.38E-4,1.4787879
1.4E-4,2.2647214
1.42E-4,2.9581914
1.44E-4,3.4667363
1.46E-4,3.7903562
1.48E-4,3.9752812
1.4999999E-4,3.8828197
1.52E-4,3.605431
1.54E-4,3.1431174
1.56E-4,2.4958777
1.58E-4,1.7099442
1.6E-4,0.87777996
1.62E-4,-0.046847343
1.64E-4,-0.9252434
1.66E-4,-1.7574081
1.68E-4,-2.5433414
1.7E-4,-3.1443493
1.72E-4,-3.6528945
1.74E-4,-3.8840513
1.76E-4,-3.9302826
1.78E-4,-3.7915885
1.8E-4,-3.4217377
1.82E-4,-2.9131925
1.84E-4,-2.2197218
1.86E-4,-1.387557
1.88E-4,-0.5091615
1.9E-4,0.4154663
1.92E-4,1.2938623
1.94E-4,2.126027
1.96E-4,2.8194976
1.98E-4,3.3742738
2.0E-4,3.7903562
2.02E-4,3.92905
2.04E-4,3.92905
2.06E-4,3.6516623
2.08E-4,3.23558
2.1E-4,2.6345725
2.12E-4,1.8486385
2.14E-4,1.0627055
2.16E-4,0.13807821
2.18E-4,-0.78654957
2.2E-4,-1.6187139
2.22E-4,-2.4046474
2.24E-4,-3.0518866
2.26E-4,-3.5604317
2.28E-4,-3.8840513
2.3E-4,-3.976514
2.32E-4,-3.8378198
2.34E-4,-3.5142004
2.3599999E-4,-3.0056553
2.38E-4,-2.3584158
2.4E-4,-1.5262513
2.42E-4,-0.6478553
2.44E-4,0.27677202
2.46E-4,1.1551685
2.48E-4,1.9873328
2.5E-4,2.727035
2.52E-4,3.3280425
2.54E-4,3.6978936
2.56E-4,3.92905
2.58E-4,3.92905
2.6E-4,3.744125
2.62E-4,3.3280425
2.64E-4,2.727035
2.66E-4,1.9873328
2.68E-4,1.2013993
2.7E-4,0.27677202
2.72E-4,-0.601624
2.74E-4,-1.48002
2.76E-4,-2.2659533
2.78E-4,-2.9594238
2.8E-4,-3.467969
2.82E-4,-3.8378198
2.84E-4,-3.976514
2.86E-4,-3.8840513
2.88E-4,-3.6066632
2.9E-4,-3.098118
2.92E-4,-2.4508786
2.94E-4,-1.6649456
2.96E-4,-0.83278084
2.98E-4,0.091846466
2.9999999E-4,1.0164738
3.02E-4,1.8486385
3.04E-4,2.5883412
3.06E-4,3.23558
3.08E-4,3.6516623
3.1E-4,3.92905
3.12E-4,3.92905
3.14E-4,3.7903562
3.16E-4,3.420505
3.18E-4,2.8657289
3.2E-4,2.126027
3.22E-4,1.3400936
3.24E-4,0.46169758
3.26E-4,-0.46292973
3.28E-4,-1.3413262
3.3E-4,-2.1272593
3.32E-4,-2.866961
3.34E-4,-3.4217377
3.36E-4,-3.7915885
3.38E-4,-3.9302826
3.4E-4,-3.8840513
3.4199998E-4,-3.6528945
3.44E-4,-3.1905808
3.46E-4,-2.589573
3.48E-4,-1.8036394
3.5E-4,-0.9714751
3.52E-4,-0.046847343
3.54E-4,0.8315482
3.56E-4,1.7099442
3.58E-4,2.4496465
3.6E-4,3.0968862
3.62E-4,3.605431
3.64E-4,3.8828197
3.66E-4,3.9752812
3.68E-4,3.8365874
3.7E-4,3.4667363
3.72E-4,2.9581914
3.74E-4,2.2647214
3.76E-4,1.4787879
3.78E-4,0.60039186
3.8E-4,-0.32423592
3.82E-4,-1.202632
3.84E-4,-1.9885652
3.86E-4,-2.728267
3.88E-4,-3.329275
3.9E-4,-3.745357
3.92E-4,-3.9302826
3.94E-4,-3.9302826
3.96E-4,-3.6991258
3.98E-4,-3.2830436
4.0E-4,-2.728267
4.02E-4,-1.9885652
4.04E-4,-1.1564007
4.06E-4,-0.2317729
4.08E-4,0.6928544
4.1E-4,1.5712504
4.12E-4,2.357184
4.14E-4,3.0044227
4.16E-4,3.5129685
4.18E-4,3.8365874
4.2E-4,3.9752812
4.22E-4,3.8828197
4.24E-4,3.5591989
4.26E-4,3.050654
4.28E-4,2.4034152
4.3E-4,0.27677202
4.32E-4,-0.6478553
4.34E-4,0.23054075
4.36E-4,1.1089368
4.38E-4,1.9411016
4.4E-4,2.6808028
4.42E-4,3.2818112
4.44E-4,3.744125
4.46E-4,3.9752812
4.48E-4,3.9752812
4.5E-4,3.7903562
4.52E-4,3.420505
4.54E-4,2.8657289
4.56E-4,2.126027
4.58E-4,1.3400936
4.6E-4,0.4154663
4.62E-4,-0.5091615
4.64E-4,-1.387557
4.66E-4,-2.1734905
4.68E-4,-2.866961
4.7E-4,-3.4217377
4.7199999E-4,-3.7915885
4.74E-4,-3.9302826
4.76E-4,-3.8840513
4.78E-4,-3.6066632
4.8E-4,-3.1443493
4.82E-4,-2.5433414
4.84E-4,-1.7574081
4.86E-4,-0.9252434
4.88E-4,-6.160736E-4
4.9E-4,0.92401123
4.92E-4,1.756176
4.94E-4,2.542109
4.96E-4,3.1431174
4.98E-4,3.605431
5.0E-4,3.8828197
5.02E-4,3.9752812
5.04E-4,3.7903562
5.06E-4,3.4667363
5.08E-4,2.9119601
5.1E-4,2.2184901
5.12E-4,1.4325566
5.14E-4,0.5541601
5.16E-4,-0.3704667
5.18E-4,-1.2488632
5.2E-4,-2.0347965
5.22E-4,-2.7744985
5.24E-4,-3.3755062
5.26E-4,-3.745357
5.28E-4,-3.9302826
5.3E-4,-3.9302826
5.32E-4,-3.6991258
5.34E-4,-3.2830436
5.36E-4,-2.6820357
5.38E-4,-1.8961024
5.4E-4,-1.0639377
5.42E-4,-0.18554163
5.44E-4,0.7390857
5.46E-4,1.6174817
5.48E-4,2.4034152
5.5E-4,3.050654
5.52E-4,3.5591989
5.54E-4,3.8365874
5.56E-4,3.9752812
5.58E-4,3.8365874
5.6E-4,3.5129685
5.62E-4,3.050654
5.64E-4,2.357184
5.66E-4,1.5712504
5.68E-4,0.7390857
5.7E-4,-0.18554163
5.72E-4,-1.1101689
5.74E-4,-1.8961024
5.76E-4,-2.6820357
5.78E-4,-3.2830436
5.8E-4,-3.6991258
5.82E-4,-3.9302826
5.84E-4,-3.9302826
5.86E-4,-3.745357
5.88E-4,-3.329275
5.9E-4,-2.7744985
5.92E-4,-2.0347965
5.94E-4,-1.2488632
5.96E-4,-0.32423592
5.98E-4,0.60039186
5.9999997E-4,1.4787879
6.02E-4,2.2647214
6.04E-4,2.9581914
6.06E-4,3.4667363
6.08E-4,3.8365874
6.1E-4,3.9752812
6.12E-4,3.8828197
6.14E-4,3.605431
6.16E-4,3.1431174
6.18E-4,2.4958777
6.2E-4,1.7099442
6.22E-4,0.87777996
6.24E-4,-0.046847343
6.26E-4,-0.9252434
6.28E-4,-1.7574081
6.3E-4,-2.5433414
6.32E-4,-3.1905808
6.34E-4,-3.6528945
6.36E-4,-3.8840513
6.38E-4,-3.9302826
6.4E-4,-3.7915885
6.42E-4,-3.4217377
6.44E-4,-2.9131925
6.46E-4,-2.1734905
6.48E-4,-1.387557
6.5E-4,-0.5091615
6.52E-4,0.4154663
6.54E-4,1.3400936
6.56E-4,2.126027
6.58E-4,2.8194976
6.6E-4,3.420505
6.62E-4,3.7903562
6.64E-4,3.92905
6.66E-4,3.92905
6.68E-4,3.6516623
6.7E-4,3.23558
6.72E-4,2.5883412
6.74E-4,1.8486385
6.76E-4,1.0164738
6.78E-4,0.13807821
6.8E-4,-0.78654957
6.82E-4,-1.6187139
6.8399997E-4,-2.4046474
6.86E-4,-3.098118
6.88E-4,-3.5604317
6.9E-4,-3.8840513
6.92E-4,-3.976514
6.94E-4,-3.8378198
6.96E-4,-3.5142004
6.98E-4,-3.0056553
7.0E-4,-2.3121846
7.02E-4,-1.5262513
7.04E-4,-0.6478553
7.06E-4,0.27677202
7.08E-4,1.1551685
7.1E-4,1.9873328
7.12E-4,2.727035
7.14E-4,3.3280425
7.16E-4,3.744125
7.18E-4,3.92905
7.2E-4,3.92905
7.22E-4,3.744125
7.24E-4,3.3280425
7.26E-4,2.727035
7.28E-4,1.9873328
7.2999997E-4,1.2013993
7.32E-4,0.27677202
7.34E-4,-0.6478553
7.36E-4,-1.48002
7.38E-4,-2.2659533
7.4E-4,-2.9594238
7.42E-4,-3.5142004
7.44E-4,-3.8378198
7.46E-4,-3.976514
7.48E-4,-3.8840513
7.5E-4,-3.5604317
7.52E-4,-3.098118
7.54E-4,-2.4508786
7.56E-4,-1.6649456
7.58E-4,-0.78654957
7.6E-4,0.091846466
7.62E-4,1.0164738
7.64E-4,1.8486385
7.66E-4,2.5883412
7.68E-4,3.23558
7.7E-4,3.6516623
7.72E-4,3.92905
7.74E-4,3.92905
7.76E-4,3.7903562
7.78E-4,3.420505
7.8E-4,2.8194976
7.82E-4,2.126027
7.84E-4,1.3400936
7.86E-4,0.46169758
7.88E-4,-0.46292973
7.9E-4,-1.387557
7.92E-4,-2.1734905
7.94E-4,-2.866961
7.96E-4,-3.4217377
7.98E-4,-3.7915885
8.0E-4,-3.9302826
8.02E-4,-3.8840513
8.04E-4,-3.6528945
8.06E-4,-3.1905808
8.08E-4,-2.589573
8.1E-4,-1.8036394
8.12E-4,-0.9714751
8.1399997E-4,-0.046847343
8.16E-4,0.87777996
8.18E-4,1.7099442
8.2E-4,2.4958777
8.22E-4,3.1431174
8.24E-4,3.605431
8.26E-4,3.8828197
8.28E-4,3.9752812
8.3E-4,3.8365874
8.32E-4,3.4667363
8.34E-4,2.9581914
8.36E-4,2.2647214
8.38E-4,1.4787879
8.4E-4,0.60039186
8.42E-4,-0.32423592
8.44E-4,-1.202632
8.46E-4,-2.0347965
8.48E-4,-2.728267
8.5E-4,-1.9423337
8.52E-4,1.7099442
8.54E-4,3.92905
8.56E-4,3.9752812
8.58E-4,3.744125
8.6E-4,3.2818112
8.62E-4,2.6808028
8.64E-4,1.9411016
8.66E-4,1.1551685
8.68E-4,0.23054075
8.7E-4,-0.694087
8.72E-4,-1.5262513
8.74E-4,-2.3121846
8.76E-4,-3.0056553
8.78E-4,-3.5142004
8.8E-4,-3.8378198
8.82E-4,-3.9302826
8.84E-4,-3.8378198
8.86E-4,-3.5604317
8.88E-4,-3.0518866
8.9E-4,-2.4046474
8.92E-4,-1.5724826
8.94E-4,-0.7403178
8.96E-4,0.184309
8.9799997E-4,1.1089368
9.0E-4,1.9411016
9.02E-4,2.6808028
9.04E-4,3.2818112
9.06E-4,3.6978936
9.08E-4,3.92905
9.1E-4,3.92905
9.12E-4,3.744125
9.14E-4,3.3742738
9.16E-4,2.8194976
9.18E-4,2.0797954
9.2E-4,1.2938623
9.22E-4,0.36923456
9.24E-4,-0.55539227
9.26E-4,-1.4337888
9.28E-4,-2.2197218
9.3E-4,-2.9131925
9.32E-4,-3.467969
9.34E-4,-3.7915885
9.36E-4,-3.9302826
9.38E-4,-3.8840513
9.4E-4,-3.6066632
9.42E-4,-3.1443493
9.4399997E-4,-2.5433414
9.46E-4,-1.7574081
9.48E-4,-0.8790121
9.5E-4,-6.160736E-4
9.52E-4,0.92401123
9.54E-4,1.756176
9.56E-4,2.542109
9.58E-4,3.1893477
9.6E-4,3.6516623
9.62E-4,3.8828197
9.64E-4,3.9752812
9.66E-4,3.7903562
9.68E-4,3.4667363
9.7E-4,2.9119601
9.72E-4,2.2184901
9.74E-4,1.4325566
9.76E-4,0.5541601
9.78E-4,-0.3704667
9.8E-4,-1.2950945
9.82E-4,-2.081028
9.84E-4,-2.7744985
9.859999E-4,-3.3755062
9.88E-4,-3.745357
9.9E-4,-3.9302826
9.92E-4,-3.9302826
9.94E-4,-3.6991258
9.96E-4,-3.236812
9.98E-4,-2.6358042
0.001,-1.8961024
0.001002,-1.0639377
0.001004,-0.13931036
0.001006,0.7853174
0.001008,1.6174817
0.00101,2.4034152
0.001012,3.050654
0.001014,3.5591989
0.001016,3.8828197
0.001018,3.9752812
0.00102,3.8365874
0.001022,3.5129685
0.001024,3.0044227
0.001026,2.357184
0.001028,1.5250192
0.00103,0.6928544
0.001032,-0.2317729
0.001034,-1.1101689
0.001036,-1.9423337
0.001038,-2.6820357
0.00104,-3.2830436
0.001042,-3.6991258
0.001044,-3.9302826
0.001046,-3.9302826
0.001048,-3.745357
0.00105,-3.329275
0.001052,-2.7744985
0.001054,-2.0347965
0.001056,-1.202632
0.001058,-0.32423592
0.00106,0.60039186
0.001062,1.4787879
0.001064,2.2647214
0.001066,2.9581914
0.001068,3.5129685
0.00107,3.8365874
0.001072,3.9752812
0.001074,3.8828197
0.001076,3.605431
0.001078,3.0968862
0.00108,2.4496465
0.001082,1.7099442
0.001084,0.8315482
0.001086,-0.046847343
0.001088,-0.9714751
0.00109,-1.8036394
0.001092,-2.5433414
0.001094,-3.1905808
0.001096,-3.6528945
0.001098,-3.8840513
0.0011,-3.9302826
0.001102,-3.7915885
0.001104,-3.4217377
0.001106,-2.866961
0.001108,-2.1734905
0.00111,-1.387557
0.001112,-0.46292973
0.001114,0.46169758
0.001116,1.3400936
0.001118,2.172258
0.00112,2.8657289
0.001122,3.420505
0.001124,3.7903562
0.001126,3.92905
0.001128,3.92905
0.00113,3.6516623
0.001132,3.1893477
0.001134,2.5883412
0.001136,1.8486385
0.001138,1.0164738
0.00114,0.091846466
0.001142,-0.83278084
0.001144,-1.6649456
0.001146,-2.4508786
0.001148,-3.098118
0.00115,-3.5604317
0.001152,-3.8840513
0.0011539999,-3.976514
0.001156,-3.8378198
0.001158,-3.5142004
0.00116,-2.9594238
0.001162,-2.3121846
0.001164,-1.48002
0.001166,-0.6478553
0.001168,0.27677202
0.00117,1.2013993
0.001172,2.033564
0.001174,2.727035
0.001176,3.3280425
0.001178,3.744125
0.00118,3.92905
0.001182,3.92905
0.001184,3.6978936
0.001186,3.2818112
0.001188,2.727035
0.00119,1.9873328
0.001192,1.1551685
0.001194,0.27677202
0.001196,-0.6478553
0.001198,-1.5262513
0.0011999999,-2.3121846
0.001202,-3.0056553
0.001204,-3.5142004
0.001206,-3.8378198
0.001208,-3.976514
0.00121,-3.8840513
0.001212,-3.5604317
0.001214,-3.098118
0.001216,-2.4508786
0.001218,-1.6187139
0.00122,-0.78654957
0.001222,0.13807821
0.001224,1.0627055
0.001226,1.8948698
0.001228,2.6345725
0.00123,3.23558
0.001232,3.6978936
0.001234,3.92905
0.001236,3.92905
0.001238,3.7903562
0.00124,3.3742738
0.001242,2.8194976
0.001244,2.126027
0.0012459999,1.2938623
0.001248,0.4154663
0.00125,-0.5091615
0.001252,-1.387557
0.001254,-2.1734905
0.001256,-2.866961
0.001258,-3.4217377
0.00126,-3.7915885
0.001262,-3.9302826
0.001264,-3.8840513
0.001266,-3.6528945
0.001268,-3.1905808
0.00127,-1.8036394
0.001272,1.3863249
0.001274,0.87777996
0.001276,-0.046847343
0.001278,-0.9252434
0.00128,-1.7574081
0.001282,-2.5433414
0.001284,-3.1905808
0.001286,-3.6528945
0.001288,-3.9302826
0.00129,-3.976514
0.001292,-3.8378198
0.001294,-3.5142004
0.001296,-2.9594238
0.001298,-2.2659533
0.0013,-1.48002
0.001302,-0.601624
0.001304,0.3230033
0.001306,1.2476311
0.001308,2.033564
0.00131,2.7732663
0.001312,3.3280425
0.001314,3.744125
0.001316,3.92905
0.001318,3.92905
0.00132,3.6978936
0.001322,3.2818112
0.001324,2.6808028
0.001326,1.9411016
0.001328,1.1089368
0.00133,0.184309
0.001332,-0.7403178
0.001334,-1.5724826
0.001336,-2.3584158
0.001338,-3.0518866
0.00134,-3.5142004
0.001342,-3.8378198
0.001344,-3.976514
0.001346,-3.8378198
0.001348,-3.5604317
0.00135,-3.0518866
0.001352,-2.4046474
0.001354,-1.5724826
0.001356,-0.7403178
0.001358,0.184309
0.00136,1.1089368
0.001362,1.9411016
0.001364,2.6808028
0.001366,3.2818112
0.0013679999,3.6978936
0.00137,3.92905
0.001372,3.92905
0.001374,3.744125
0.001376,3.3742738
0.001378,2.7732663
0.00138,2.0797954
0.001382,1.2476311
0.001384,0.36923456
0.001386,-0.55539227
0.001388,-1.4337888
0.00139,-2.2197218
0.001392,-2.9131925
0.001394,-3.467969
0.001396,-3.7915885
0.001398,-3.9302826
0.0014,-3.8840513
0.001402,-3.6066632
0.001404,-3.1443493
0.001406,-2.4971101
0.001408,-1.7111769
0.00141,-0.8790121
0.001412,0.045615196
0.0014139999,0.970243
0.001416,1.8024073
0.001418,2.542109
0.00142,3.1893477
0.001422,3.6516623
0.001424,3.8828197
0.001426,3.9752812
0.001428,3.7903562
0.00143,3.420505
0.001432,2.9119601
0.001434,2.2184901
0.001436,1.3863249
0.001438,0.50792885
0.00144,-0.41669846
0.001442,-1.2950945
0.001444,-2.081028
0.001446,-2.8207297
0.001448,-3.3755062
0.00145,-3.745357
0.001452,-3.9302826
0.001454,-3.9302826
0.001456,-3.6528945
0.001458,-3.236812
0.0014599999,-2.6358042
0.001462,-1.8961024
0.001464,-1.0177064
0.001466,-0.13931036
0.001468,0.7853174
0.00147,1.6637135
0.001472,2.4034152
0.001474,3.0968862
0.001476,3.5591989
0.001478,3.8828197
0.00148,3.9752812
0.001482,3.8365874
0.001484,3.5129685
0.001486,3.0044227
0.001488,2.3109517
0.00149,1.5250192
0.001492,0.6928544
0.001494,-0.2317729
0.001496,-1.1564007
0.001498,-1.9423337
0.0015,-2.6820357
0.001502,-3.2830436
0.001504,-3.6991258
0.001506,-3.9302826
0.001508,-3.9302826
0.00151,-3.745357
0.001512,-3.329275
0.001514,-2.728267
0.001516,-2.0347965
0.001518,-1.202632
0.00152,-0.27800417
0.001522,0.64662313
0.001524,1.4787879
0.001526,2.3109517
0.001528,2.9581914
0.00153,3.5129685
0.001532,3.8365874
0.001534,3.9752812
0.001536,3.8828197
0.001538,3.605431
0.00154,3.0968862
0.001542,2.4496465
0.001544,1.6637135
0.001546,0.8315482
0.001548,-0.09307861
0.00155,-0.9714751
0.001552,-1.8036394
0.001554,-2.589573
0.001556,-3.1905808
0.001558,-3.6528945
0.00156,-3.8840513
0.001562,-3.9302826
0.001564,-3.7915885
0.001566,-3.4217377
0.001568,-2.866961
0.00157,-2.1734905
0.001572,-1.3413262
0.001574,-0.46292973
0.001576,0.46169758
0.001578,1.3863249
0.00158,2.172258
0.0015819999,2.8657289
0.001584,3.420505
0.001586,3.7903562
0.001588,3.92905
0.00159,3.8828197
0.001592,3.6516623
0.001594,3.1893477
0.001596,2.5883412
0.001598,1.8024073
0.0016,0.970243
0.001602,0.091846466
0.001604,-0.83278084
0.001606,-1.6649456
0.001608,-2.4508786
0.00161,-3.098118
0.001612,-3.6066632
0.001614,-3.8840513
0.001616,-3.976514
0.001618,-3.8378198
0.00162,-3.467969
0.001622,-2.9594238
0.001624,-2.2659533
0.001626,-1.48002
0.0016279999,-0.601624
0.00163,0.3230033
0.001632,1.2013993
0.001634,2.033564
0.001636,2.7732663
0.001638,3.3280425
0.00164,3.744125
0.001642,3.92905
0.001644,3.92905
0.001646,3.6978936
0.001648,3.2818112
0.00165,2.6808028
0.001652,1.9411016
0.001654,1.1551685
0.001656,0.23054075
0.001658,-0.694087
0.00166,-1.5262513
0.001662,-2.3121846
0.001664,-3.0056553
0.001666,-3.5142004
0.001668,-3.8378198
0.00167,-3.976514
0.001672,-3.8840513
0.0016739999,-3.5604317
0.001676,-3.0518866
0.001678,-2.4046474
0.00168,-1.6187139
0.001682,-0.78654957
0.001684,0.13807821
0.001686,1.0627055
0.001688,1.8948698
0.00169,1.756176
0.001692,-1.5724826
0.001694,-3.6528945
0.001696,-3.976514
0.001698,-3.976514
0.0017,-3.7915885
0.001702,-3.4217377
0.001704,-2.866961
0.001706,-2.1272593
0.001708,-1.2950945
0.00171,-0.41669846
0.001712,0.50792885
0.001714,1.3863249
0.001716,2.2184901
0.001718,2.9119601
0.00172,3.420505
0.001722,3.7903562
0.001724,3.92905
0.001726,3.8828197
0.001728,3.605431
0.00173,3.1431174
0.001732,2.4958777
0.001734,1.756176
0.001736,0.92401123
0.001738,-6.160736E-4
0.00174,-0.9252434
0.001742,-1.7574081
0.001744,-2.4971101
0.001746,-3.1443493
0.001748,-3.6066632
0.0017499999,-3.8840513
0.001752,-3.976514
0.001754,-3.7915885
0.001756,-3.467969
0.001758,-2.9131925
0.00176,-2.2197218
0.001762,-1.4337888
0.001764,-0.55539227
0.001766,0.36923456
0.001768,1.2938623
0.00177,2.0797954
0.001772,2.8194976
0.001774,3.3742738
0.001776,3.744125
0.001778,3.92905
0.00178,3.92905
0.001782,3.6978936
0.001784,3.23558
0.001786,2.6345725
0.001788,1.8948698
0.00179,1.0627055
0.001792,0.184309
0.001794,-0.7403178
0.0017959999,-1.5724826
0.001798,-2.3584158
0.0018,-3.0518866
0.001802,-3.5604317
0.001804,-3.8378198
0.001806,-3.976514
0.001808,-3.8378198
0.00181,-3.5142004
0.001812,-3.0518866
0.001814,-2.3584158
0.001816,-1.5724826
0.001818,-0.694087
0.00182,0.23054075
0.001822,1.1089368
0.001824,1.9411016
0.001826,2.6808028
0.001828,3.2818112
0.00183,3.6978936
0.001832,3.92905
0.001834,3.92905
0.001836,3.744125
0.001838,3.3280425
0.00184,2.7732663
0.0018419999,2.033564
0.001844,1.2476311
0.001846,0.3230033
0.001848,-0.601624
0.00185,-1.48002
0.001852,-2.2659533
0.001854,-2.9594238
0.001856,-3.467969
0.001858,-3.7915885
0.00186,-3.976514
0.001862,-3.8840513
0.001864,-3.6066632
0.001866,-3.1443493
0.001868,-2.4971101
0.00187,-1.7111769
0.001872,-0.8790121
0.001874,0.045615196
0.001876,0.970243
0.001878,1.8024073
0.00188,2.5883412
0.001882,3.1893477
0.001884,3.6516623
0.001886,3.8828197
0.0018879999,3.92905
0.00189,3.7903562
0.001892,3.420505
0.001894,2.8657289
0.001896,2.172258
0.001898,1.3863249
0.0019,0.50792885
0.001902,-0.41669846
0.001904,-1.2950945
0.001906,-2.1272593
0.001908,-2.8207297
0.00191,-3.3755062
0.001912,-3.7915885
0.001914,-3.9302826
0.001916,-3.9302826
0.001918,-3.6528945
0.00192,-3.236812
0.001922,-2.6358042
0.001924,-1.8498712
0.001926,-1.0177064
0.001928,-0.09307861
0.00193,0.8315482
0.001932,1.6637135
0.0019339999,2.4496465
0.001936,3.0968862
0.001938,3.605431
0.00194,3.8828197
0.001942,3.9752812
0.001944,3.8365874
0.001946,3.5129685
0.001948,3.0044227
0.00195,2.3109517
0.001952,1.4787879
0.001954,0.64662313
0.001956,-0.27800417
0.001958,-1.1564007
0.00196,-1.9885652
0.001962,-2.728267
0.001964,-3.2830436
0.001966,-3.6991258
0.001968,-3.9302826
0.00197,-3.9302826
0.0019719999,-3.745357
0.001974,-3.329275
0.001976,-2.728267
0.001978,-1.9885652
0.00198,-1.1564007
0.001982,-0.27800417
0.001984,0.64662313
0.001986,1.5250192
0.001988,2.3109517
0.00199,3.0044227
0.001992,3.5129685
0.001994,3.8365874
0.001996,3.9752812
0.001998,3.8828197
0.002,3.5591989
0.002002,3.0968862
0.002004,2.4496465
0.002006,1.6637135
0.002008,0.7853174
0.00201,-0.09307861
0.002012,-1.0177064
0.002014,-1.8498712
0.002016,-2.589573
0.002018,-3.236812
0.00202,-3.6528945
0.002022,-3.9302826
0.002024,-3.9302826
0.002026,-3.7915885
0.002028,-3.4217377
0.00203,-2.866961
0.002032,-2.1272593
0.002034,-1.3413262
0.002036,-0.41669846
0.002038,0.50792885
0.00204,1.3863249
0.002042,2.172258
0.002044,2.8657289
0.002046,3.420505
0.002048,3.7903562
0.00205,3.92905
0.002052,3.8828197
0.002054,3.6516623
0.002056,3.1893477
0.002058,2.542109
0.00206,1.8024073
0.002062,0.970243
0.002064,0.045615196
0.002066,-0.8790121
0.002068,-1.7111769
0.00207,-2.4508786
0.002072,-3.098118
0.002074,-3.6066632
0.002076,-3.8840513
0.002078,-3.976514
0.00208,-3.8378198
0.002082,-3.467969
0.002084,-2.9594238
0.002086,-2.2659533
0.002088,-1.48002
0.00209,-0.601624
0.002092,0.3230033
0.0020939999,1.2476311
0.002096,2.033564
0.002098,2.7732663
0.0021,3.3742738
0.002102,3.744125
0.002104,3.92905
0.002106,3.92905
0.002108,3.6978936
0.00211,2.8657289
0.002112,-0.55539227
0.002114,-1.8498712
0.002116,-1.0639377
0.002118,-0.13931036
0.00212,0.7390857
0.002122,1.6174817
0.002124,2.4034152
0.002126,3.050654
0.002128,3.5591989
0.00213,3.8828197
0.002132,3.9752812
0.002134,3.8828197
0.002136,3.5591989
0.002138,3.050654
0.00214,2.4034152
0.002142,1.6174817
0.002144,0.7853174
0.002146,-0.13931036
0.002148,-1.0639377
0.00215,-1.8961024
0.002152,-2.6358042
0.002154,-3.236812
0.002156,-3.6528945
0.002158,-3.9302826
0.00216,-3.9302826
0.002162,-3.745357
0.002164,-3.3755062
0.002166,-2.8207297
0.002168,-2.081028
0.00217,-1.2488632
0.002172,-0.3704667
0.002174,0.5541601
0.002176,1.4325566
0.002178,2.2184901
0.00218,2.9119601
0.002182,3.4667363
0.002184,3.7903562
0.0021859999,3.9752812
0.002188,3.8828197
0.00219,3.605431
0.002192,3.1431174
0.002194,2.4958777
0.002196,1.756176
0.002198,0.92401123
0.0022,-6.160736E-4
0.002202,-0.9252434
0.002204,-1.7574081
0.002206,-2.4971101
0.002208,-3.1443493
0.00221,-3.6066632
0.002212,-3.8840513
0.002214,-3.976514
0.002216,-3.7915885
0.002218,-3.467969
0.00222,-2.9131925
0.002222,-2.2197218
0.002224,-1.4337888
0.002226,-0.5091615
0.002228,0.4154663
0.00223,1.2938623
0.002232,2.0797954
0.002234,2.8194976
0.002236,3.3742738
0.002238,3.744125
0.00224,3.92905
0.002242,3.92905
0.002244,3.6978936
0.002246,3.23558
0.002248,2.6345725
0.00225,1.8948698
0.002252,1.0627055
0.002254,0.13807821
0.002256,-0.7403178
0.002258,-1.6187139
0.00226,-2.4046474
0.002262,-3.0518866
0.002264,-3.5604317
0.002266,-3.8378198
0.002268,-3.976514
0.00227,-3.8378198
0.002272,-3.5142004
0.002274,-3.0056553
0.002276,-2.3584158
0.0022779999,-1.5262513
0.00228,-0.694087
0.002282,0.23054075
0.002284,1.1551685
0.002286,1.9411016
0.002288,2.6808028
0.00229,3.2818112
0.002292,3.6978936
0.002294,3.92905
0.002296,3.92905
0.002298,3.744125
0.0023,3.3280425
0.002302,2.727035
0.002304,2.033564
0.002306,1.2013993
0.0023079999,0.3230033
0.00231,-0.601624
0.002312,-1.48002
0.002314,-2.2659533
0.002316,-2.9594238
0.002318,-3.467969
0.00232,-3.8378198
0.002322,-3.976514
0.002324,-3.8840513
0.002326,-3.6066632
0.002328,-3.098118
0.00233,-2.4971101
0.002332,-1.7111769
0.002334,-0.83278084
0.002336,0.091846466
0.002338,0.970243
0.00234,1.8024073
0.002342,2.5883412
0.002344,3.1893477
0.002346,3.6516623
0.002348,3.8828197
0.00235,3.92905
0.002352,3.7903562
0.002354,3.420505
0.002356,2.8657289
0.002358,2.172258
0.00236,1.3863249
0.002362,0.46169758
0.002364,-0.46292973
0.002366,-1.3413262
0.002368,-2.1272593
0.00237,-2.8207297
0.002372,-3.4217377
0.002374,-3.7915885
0.002376,-3.9302826
0.002378,-3.8840513
0.00238,-3.6528945
0.002382,-3.236812
0.002384,-2.589573
0.002386,-1.8498712
0.002388,-1.0177064
0.00239,-0.09307861
0.002392,0.8315482
0.002394,1.6637135
0.002396,2.4496465
0.002398,3.0968862
0.0023999999,3.605431
0.002402,3.8828197
0.002404,3.9752812
0.002406,3.8365874
0.002408,3.5129685
0.00241,2.9581914
0.002412,2.3109517
0.002414,1.4787879
0.002416,0.64662313
0.002418,-0.27800417
0.00242,-1.202632
0.002422,-1.9885652
0.002424,-2.728267
0.002426,-3.329275
0.002428,-3.745357
0.00243,-3.9302826
0.002432,-3.9302826
0.002434,-3.6991258
0.002436,-3.329275
0.002438,-2.728267
0.00244,-1.9885652
0.002442,-1.1564007
0.002444,-0.2317729
0.002446,0.6928544
0.002448,1.5250192
0.00245,2.3109517
0.002452,3.0044227
0.002454,3.5129685
0.002456,3.8365874
0.002458,3.9752812
0.00246,3.8828197
0.002462,3.5591989
0.002464,3.050654
0.002466,2.4034152
0.002468,1.6174817
0.00247,0.7853174
0.002472,-0.13931036
0.002474,-1.0177064
0.002476,-1.8498712
0.002478,-2.589573
0.00248,-3.236812
0.002482,-3.6528945
0.002484,-3.9302826
0.002486,-3.9302826
0.002488,-3.745357
0.00249,-3.3755062
0.0024919999,-2.8207297
0.002494,-2.1272593
0.002496,-1.2950945
0.002498,-0.41669846
0.0025,0.50792885
0.002502,1.3863249
0.002504,2.2184901
0.002506,2.9119601
0.002508,3.420505
0.00251,3.7903562
0.002512,3.9752812
0.002514,3.8828197
0.002516,3.6516623
0.002518,3.1893477
0.00252,2.542109
0.0025219999,1.756176
0.002524,0.92401123
0.002526,0.045615196
0.002528,-0.8790121
0.00253,-1.387557
0.002532,2.033564
0.002534,3.1893477
0.002536,3.6516623
0.002538,3.92905
0.00254,4.0215135
0.002542,3.8365874
0.002544,3.5129685
0.002546,2.9581914
0.002548,2.2647214
0.00255,1.4787879
0.002552,0.60039186
0.002554,-0.32423592
0.002556,-1.202632
0.002558,-2.0347965
0.00256,-2.728267
0.002562,-3.329275
0.002564,-3.745357
0.002566,-3.9302826
0.002568,-3.8840513
0.00257,-3.6991258
0.002572,-3.236812
0.002574,-2.6820357
0.002576,-1.8961024
0.002578,-1.0639377
0.00258,-0.18554163
0.002582,0.7390857
0.002584,1.6174817
0.002586,2.4034152
0.002588,3.050654
0.00259,3.5591989
0.002592,3.8365874
0.002594,3.9752812
0.002596,3.8365874
0.002598,3.5591989
0.0026,3.050654
0.002602,2.357184
0.002604,1.5712504
0.002606,0.7390857
0.002608,-0.18554163
0.00261,-1.1101689
0.002612,-1.8961024
0.0026139999,-2.6358042
0.002616,-3.236812
0.002618,-3.6991258
0.00262,-3.9302826
0.002622,-3.9302826
0.002624,-3.745357
0.002626,-3.3755062
0.002628,-2.7744985
0.00263,-2.081028
0.002632,-1.2488632
0.002634,-0.32423592
0.002636,0.60039186
0.002638,1.4787879
0.00264,2.2647214
0.002642,2.9581914
0.002644,3.4667363
0.002646,3.8365874
0.002648,3.9752812
0.00265,3.8828197
0.002652,3.605431
0.002654,3.1431174
0.002656,2.4958777
0.002658,1.7099442
0.00266,0.87777996
0.002662,-0.046847343
0.002664,-0.9252434
0.002666,-1.7574081
0.002668,-2.5433414
0.00267,-3.1905808
0.002672,-3.6528945
0.002674,-3.8840513
0.002676,-3.9302826
0.002678,-3.7915885
0.00268,-3.4217377
0.002682,-2.9131925
0.002684,-2.2197218
0.002686,-1.387557
0.002688,-0.5091615
0.00269,0.4154663
0.002692,1.3400936
0.002694,2.126027
0.002696,2.8194976
0.002698,3.3742738
0.0027,3.7903562
0.002702,3.92905
0.002704,3.92905
0.0027059999,3.6516623
0.002708,3.23558
0.00271,2.6345725
0.002712,1.8486385
0.002714,1.0164738
0.002716,0.13807821
0.002718,-0.78654957
0.00272,-1.6187139
0.002722,-2.4046474
0.002724,-3.0518866
0.002726,-3.5604317
0.002728,-3.8840513
0.00273,-3.976514
0.002732,-3.8378198
0.002734,-3.5142004
0.0027359999,-3.0056553
0.002738,-2.3121846
0.00274,-1.5262513
0.002742,-0.6478553
0.002744,0.27677202
0.002746,1.1551685
0.002748,1.9873328
0.00275,2.727035
0.002752,3.3280425
0.002754,3.6978936
0.002756,3.92905
0.002758,3.92905
0.00276,3.744125
0.002762,3.3280425
0.002764,2.727035
0.002766,1.9873328
0.002768,1.2013993
0.00277,0.27677202
0.002772,-0.6478553
0.002774,-1.48002
0.002776,-2.2659533
0.002778,-2.9594238
0.00278,-3.5142004
0.002782,-3.8378198
0.002784,-3.976514
0.002786,-3.8840513
0.002788,-3.6066632
0.00279,-3.098118
0.002792,-2.4508786
0.002794,-1.6649456
0.002796,-0.83278084
0.002798,0.091846466
0.0028,1.0164738
0.002802,1.8486385
0.002804,2.5883412
0.002806,3.23558
0.002808,3.6516623
0.00281,3.92905
0.002812,3.92905
0.002814,3.7903562
0.002816,3.420505
0.002818,2.8657289
0.00282,2.126027
0.002822,1.3400936
0.002824,0.46169758
0.002826,-0.46292973
0.0028279999,-1.3413262
0.00283,-2.1272593
0.002832,-2.866961
0.002834,-3.4217377
0.002836,-3.7915885
0.002838,-3.9302826
0.00284,-3.8840513
0.002842,-3.6528945
0.002844,-3.1905808
0.002846,-2.589573
0.002848,-1.8036394
0.00285,-0.9714751
0.002852,-0.046847343
0.002854,0.87777996
0.002856,1.7099442
0.002858,2.4958777
0.00286,3.1431174
0.002862,3.605431
0.002864,3.8828197
0.002866,3.9752812
0.002868,3.8365874
0.00287,3.4667363
0.002872,2.9581914
0.002874,2.2647214
0.002876,1.4787879
0.002878,0.60039186
0.00288,-0.32423592
0.002882,-1.202632
0.002884,-2.0347965
0.002886,-2.728267
0.002888,-3.329275
0.00289,-3.745357
0.002892,-3.9302826
0.002894,-3.9302826
0.002896,-3.6991258
0.002898,-3.2830436
0.0029,-2.6820357
0.002902,-1.9423337
0.002904,-1.1101689
0.002906,-0.2317729
0.002908,0.6928544
0.00291,1.5712504
0.002912,2.357184
0.002914,3.0044227
0.002916,3.5129685
0.002918,3.8365874
0.0029199999,3.9752812
0.002922,3.8365874
0.002924,3.5591989
0.002926,3.050654
0.002928,2.4034152
0.00293,1.6174817
0.002932,0.7853174
0.002934,-0.13931036
0.002936,-1.0639377
0.002938,-1.8961024
0.00294,-2.6358042
0.002942,-3.236812
0.002944,-3.6991258
0.002946,-3.9302826
0.002948,-3.9302826
0.0029499999,-3.6991258
0.002952,-0.46292973
0.002954,2.542109
0.002956,2.033564
0.002958,1.2476311
0.00296,0.36923456
0.002962,-0.55539227
0.002964,-1.4337888
0.002966,-2.2197218
0.002968,-2.9131925
0.00297,-3.467969
0.002972,-3.8378198
0.002974,-3.976514
0.002976,-3.9302826
0.002978,-3.6528945
0.00298,-3.1905808
0.002982,-2.5433414
0.002984,-1.7574081
0.002986,-0.9252434
0.002988,-6.160736E-4
0.00299,0.92401123
0.002992,1.756176
0.002994,2.4958777
0.002996,3.1431174
0.002998,3.605431
0.003,3.8828197
0.003002,3.9752812
0.003004,3.7903562
0.003006,3.4667363
0.003008,2.9119601
0.00301,2.2184901
0.003012,1.4325566
0.003014,0.5541601
0.003016,-0.3704667
0.003018,-1.2488632
0.00302,-2.081028
0.003022,-2.7744985
0.003024,-3.3755062
0.003026,-3.745357
0.003028,-3.9302826
0.00303,-3.9302826
0.003032,-3.6991258
0.003034,-3.236812
0.003036,-2.6820357
0.003038,-1.8961024
0.00304,-1.0639377
0.0030419999,-0.18554163
0.003044,0.7390857
0.003046,1.6174817
0.003048,2.4034152
0.00305,3.050654
0.003052,3.5591989
0.003054,3.8828197
0.003056,3.9752812
0.003058,3.8365874
0.00306,3.5129685
0.003062,3.0044227
0.003064,2.357184
0.003066,1.5712504
0.003068,0.6928544
0.00307,-0.18554163
0.003072,-1.1101689
0.003074,-1.9423337
0.003076,-2.6820357
0.003078,-3.2830436
0.00308,-3.6991258
0.003082,-3.9302826
0.003084,-3.9302826
0.003086,-3.745357
0.003088,-3.329275
0.00309,-2.7744985
0.003092,-2.0347965
0.003094,-1.2488632
0.003096,-0.32423592
0.003098,0.60039186
0.0031,1.4787879
0.003102,2.2647214
0.003104,2.9581914
0.003106,3.4667363
0.003108,3.8365874
0.00311,3.9752812
0.003112,3.8828197
0.003114,3.605431
0.003116,3.1431174
0.003118,2.4958777
0.00312,1.7099442
0.003122,0.87777996
0.003124,-0.046847343
0.003126,-0.9714751
0.003128,-1.8036394
0.00313,-2.5433414
0.003132,-3.1905808
0.0031339999,-3.6528945
0.003136,-3.8840513
0.003138,-3.9302826
0.00314,-3.7915885
0.003142,-3.4217377
0.003144,-2.866961
0.003146,-2.1734905
0.003148,-1.387557
0.00315,-0.5091615
0.003152,0.46169758
0.003154,1.3400936
0.003156,2.126027
0.003158,2.8657289
0.00316,3.420505
0.003162,3.7903562
0.0031639999,3.92905
0.003166,3.92905
0.003168,3.6516623
0.00317,3.23558
0.003172,2.5883412
0.003174,1.8486385
0.003176,1.0164738
0.003178,0.13807821
0.00318,-0.78654957
0.003182,-1.6187139
0.003184,-2.4046474
0.003186,-3.098118
0.003188,-3.5604317
0.00319,-3.8840513
0.003192,-3.976514
0.003194,-3.8378198
0.003196,-3.5142004
0.003198,-3.0056553
0.0032,-2.3121846
0.003202,-1.5262513
0.003204,-0.6478553
0.003206,0.27677202
0.003208,1.2013993
0.00321,1.9873328
0.003212,2.727035
0.003214,3.3280425
0.003216,3.744125
0.003218,3.92905
0.00322,3.92905
0.003222,3.6978936
0.003224,3.3280425
0.003226,2.727035
0.003228,1.9873328
0.00323,1.1551685
0.003232,0.27677202
0.003234,-0.6478553
0.003236,-1.48002
0.003238,-2.3121846
0.00324,-2.9594238
0.003242,-3.5142004
0.003244,-3.8378198
0.003246,-3.976514
0.003248,-3.8840513
0.00325,-3.5604317
0.003252,-3.098118
0.003254,-2.4508786
0.0032559999,-1.6649456
0.003258,-0.78654957
0.00326,0.13807821
0.003262,1.0164738
0.003264,1.8486385
0.003266,2.6345725
0.003268,3.23558
0.00327,3.6516623
0.003272,3.92905
0.003274,3.92905
0.003276,3.7903562
0.003278,3.3742738
0.00328,2.8194976
0.003282,2.126027
0.003284,1.3400936
0.0032859999,0.4154663
0.003288,-0.46292973
0.00329,-1.387557
0.003292,-2.1734905
0.003294,-2.866961
0.003296,-3.4217377
0.003298,-3.7915885
0.0033,-3.9302826
0.003302,-3.8840513
0.003304,-3.6528945
0.003306,-3.1905808
0.003308,-2.589573
0.00331,-1.8036394
0.003312,-0.9714751
0.003314,-0.046847343
0.003316,0.87777996
0.003318,1.7099442
0.00332,2.4958777
0.003322,3.1431174
0.003324,3.605431
0.003326,3.8828197
0.003328,3.9752812
0.00333,3.8365874
0.003332,3.4667363
0.003334,2.9581914
0.003336,2.2647214
0.003338,1.4787879
0.00334,0.60039186
0.003342,-0.32423592
0.003344,-1.202632
0.003346,-2.0347965
0.0033479999,-2.7744985
0.00335,-3.329275
0.003352,-3.745357
0.003354,-3.9302826
0.003356,-3.9302826
0.003358,-3.6991258
0.00336,-3.2830436
0.003362,-2.6820357
0.003364,-1.9423337
0.003366,-1.1101689
0.003368,-0.18554163
0.00337,0.8315482
0.003372,-1.5724826
0.003374,-2.4046474
0.003376,-3.098118
0.0033779999,-3.6066632
0.00338,-3.8840513
0.003382,-4.022745
0.003384,-3.8840513
0.003386,-3.6066632
0.003388,-3.098118
0.00339,-2.4508786
0.003392,-1.6187139
0.003394,-0.78654957
0.003396,0.13807821
0.003398,1.0627055
0.0034,1.8948698
0.003402,2.6345725
0.003404,3.23558
0.003406,3.6516623
0.003408,3.8828197
0.00341,3.92905
0.003412,3.744125
0.003414,3.3280425
0.003416,2.7732663
0.003418,2.0797954
0.00342,1.2476311
0.003422,0.36923456
0.003424,-0.55539227
0.003426,-1.4337888
0.003428,-2.2197218
0.00343,-2.9131925
0.003432,-3.467969
0.003434,-3.7915885
0.003436,-3.976514
0.003438,-3.8840513
0.00344,-3.6066632
0.003442,-3.1443493
0.003444,-2.5433414
0.003446,-1.7574081
0.003448,-0.8790121
0.00345,-6.160736E-4
0.003452,0.92401123
0.003454,1.756176
0.003456,2.542109
0.003458,3.1893477
0.00346,3.6516623
0.003462,3.8828197
0.003464,3.9752812
0.003466,3.7903562
0.003468,3.4667363
0.0034699999,2.9119601
0.003472,2.2184901
0.003474,1.4325566
0.003476,0.50792885
0.003478,-0.3704667
0.00348,-1.2950945
0.003482,-2.081028
0.003484,-2.8207297
0.003486,-3.3755062
0.003488,-3.745357
0.00349,-3.9302826
0.003492,-3.9302826
0.003494,-3.6991258
0.003496,-3.236812
0.003498,-2.6358042
0.0034999999,-1.8961024
0.003502,-1.0639377
0.003504,-0.13931036
0.003506,0.7853174
0.003508,1.6174817
0.00351,2.4034152
0.003512,3.050654
0.003514,3.5591989
0.003516,3.8828197
0.003518,3.9752812
0.00352,3.8365874
0.003522,3.5129685
0.003524,3.0044227
0.003526,2.3109517
0.003528,1.5250192
0.00353,0.6928544
0.003532,-0.2317729
0.003534,-1.1101689
0.003536,-1.9423337
0.003538,-2.6820357
0.00354,-3.2830436
0.003542,-3.6991258
0.003544,-3.9302826
0.003546,-3.9302826
0.003548,-3.745357
0.00355,-3.329275
0.003552,-2.7744985
0.003554,-2.0347965
0.003556,-1.202632
0.003558,-0.32423592
0.00356,0.60039186
0.0035619999,1.4787879
0.003564,2.2647214
0.003566,2.9581914
0.003568,3.5129685
0.00357,3.8365874
0.003572,3.9752812
0.003574,3.8828197
0.003576,3.605431
0.003578,3.0968862
0.00358,2.4496465
0.003582,1.6637135
0.003584,0.8315482
0.003586,-0.09307861
0.003588,-0.9714751
0.00359,-1.8036394
0.0035919999,-2.5433414
0.003594,-3.1905808
0.003596,-3.6528945
0.003598,-3.8840513
0.0036,-3.9302826
0.003602,-3.7915885
0.003604,-3.4217377
0.003606,-2.866961
0.003608,-2.1734905
0.00361,-1.3413262
0.003612,-0.46292973
0.003614,0.46169758
0.003616,1.3400936
0.003618,2.172258
0.00362,2.8657289
0.003622,3.420505
0.003624,3.7903562
0.003626,3.92905
0.003628,3.92905
0.00363,3.6516623
0.003632,3.1893477
0.003634,2.5883412
0.003636,1.8486385
0.003638,1.0164738
0.00364,0.091846466
0.003642,-0.83278084
0.003644,-1.6649456
0.003646,-2.4508786
0.003648,-3.098118
0.00365,-3.5604317
0.003652,-3.8840513
0.003654,-3.976514
0.003656,-3.8378198
0.003658,-3.5142004
0.00366,-2.9594238
0.003662,-2.3121846
0.003664,-1.48002
0.003666,-0.601624
0.003668,0.3230033
0.00367,1.2013993
0.003672,2.033564
0.003674,2.727035
0.003676,3.3280425
0.003678,3.744125
0.00368,3.92905
0.003682,3.92905
0.0036839999,3.6978936
0.003686,3.2818112
0.003688,2.6808028
0.00369,1.9873328
0.003692,1.1551685
0.003694,0.23054075
0.003696,-0.6478553
0.003698,-1.5262513
0.0037,-2.3121846
0.003702,-3.0056553
0.003704,-3.5142004
0.003706,-3.8378198
0.003708,-3.976514
0.00371,-3.8840513
0.003712,-3.5604317
0.0037139999,-3.098118
0.003716,-2.4046474
0.003718,-1.6187139
0.00372,-0.78654957
0.003722,0.13807821
0.003724,1.0627055
0.003726,1.8948698
0.003728,2.6345725
0.00373,3.23558
0.003732,3.6978936
0.003734,3.92905
0.003736,3.92905
0.003738,3.744125
0.00374,3.3742738
0.003742,2.8194976
0.003744,2.126027
0.003746,1.2938623
0.003748,0.4154663
0.00375,-0.5091615
0.003752,-1.387557
0.003754,-2.1734905
0.003756,-2.866961
0.003758,-3.4217377
0.00376,-3.7915885
0.003762,-3.9302826
0.003764,-3.8840513
0.003766,-3.6528945
0.003768,-3.1905808
0.00377,-2.5433414
0.003772,-1.7574081
0.003774,-0.9252434
0.0037759999,-6.160736E-4
0.003778,0.87777996
0.00378,1.756176
0.003782,2.4958777
0.003784,3.1431174
0.003786,3.605431
0.003788,3.8828197
0.00379,3.9752812
0.003792,0.970243
0.003794,-2.3121846
0.003796,-2.9131925
0.003798,-2.2197218
0.0038,-1.4337888
0.003802,-0.55539227
0.003804,0.36923456
0.0038059999,1.2476311
0.003808,2.0797954
0.00381,2.8194976
0.003812,3.3742738
0.003814,3.744125
0.003816,3.92905
0.003818,3.92905
0.00382,3.6978936
0.003822,3.2818112
0.003824,2.6808028
0.003826,1.9411016
0.003828,1.1089368
0.00383,0.184309
0.003832,-0.7403178
0.003834,-1.5724826
0.003836,-2.3584158
0.003838,-3.0518866
0.00384,-3.5604317
0.003842,-3.8378198
0.003844,-3.976514
0.003846,-3.8378198
0.003848,-3.5604317
0.00385,-3.0518866
0.003852,-2.3584158
0.003854,-1.5724826
0.003856,-0.7403178
0.003858,0.184309
0.00386,1.1089368
0.003862,1.9411016
0.003864,2.6808028
0.003866,3.2818112
0.0038679999,3.6978936
0.00387,3.92905
0.003872,3.92905
0.003874,3.744125
0.003876,3.3280425
0.003878,2.7732663
0.00388,2.033564
0.003882,1.2476311
0.003884,0.36923456
0.003886,-0.55539227
0.003888,-1.4337888
0.00389,-2.2197218
0.003892,-2.9131925
0.003894,-3.467969
0.003896,-3.7915885
0.0038979999,-3.976514
0.0039,-3.8840513
0.003902,-3.6066632
0.003904,-3.1443493
0.003906,-2.4971101
0.003908,-1.7111769
0.00391,-0.8790121
0.003912,0.045615196
0.003914,0.970243
0.003916,1.8024073
0.003918,2.542109
0.00392,3.1893477
0.003922,3.6516623
0.003924,3.8828197
0.003926,3.92905
0.003928,3.7903562
0.00393,3.420505
0.003932,2.8657289
0.003934,2.172258
0.003936,1.3863249
0.003938,0.50792885
0.00394,-0.41669846
0.003942,-1.2950945
0.0039439998,-2.081028
0.003946,-2.8207297
0.003948,-3.3755062
0.00395,-3.745357
0.003952,-3.9302826
0.003954,-3.9302826
0.003956,-3.6528945
0.003958,-3.236812
0.00396,-2.6358042
0.003962,-1.8961024
0.003964,-1.0177064
0.003966,-0.13931036
0.003968,0.7853174
0.00397,1.6637135
0.003972,2.4496465
0.003974,3.0968862
0.003976,3.5591989
0.003978,3.8828197
0.00398,3.9752812
0.003982,3.8365874
0.003984,3.5129685
0.003986,3.0044227
0.003988,2.3109517
0.00399,1.5250192
0.003992,0.64662313
0.003994,-0.2317729
0.003996,-1.1564007
0.003998,-1.9423337
0.004,-2.6820357
0.004002,-3.2830436
0.004004,-3.6991258
0.004006,-3.9302826
0.004008,-3.9302826
0.00401,-3.745357
0.004012,-3.329275
0.004014,-2.728267
0.004016,-2.0347965
0.004018,-1.202632
0.00402,-0.27800417
0.004022,0.64662313
0.004024,1.4787879
0.004026,2.3109517
0.004028,3.0044227
0.00403,3.5129685
0.004032,3.8365874
0.004034,3.9752812
0.004036,3.8828197
0.004038,3.5591989
0.00404,3.0968862
0.004042,2.4496465
0.004044,1.6637135
0.004046,0.8315482
0.004048,-0.09307861
0.00405,-0.9714751
0.004052,-1.8036394
0.004054,-2.589573
0.004056,-3.1905808
0.004058,-3.6528945
0.00406,-3.8840513
0.004062,-3.9302826
0.004064,-3.7915885
0.0040659998,-3.4217377
0.004068,-2.866961
0.00407,-2.1734905
0.004072,-1.3413262
0.004074,-0.46292973
0.004076,0.46169758
0.004078,1.3863249
0.00408,2.172258
0.004082,2.8657289
0.004084,3.420505
0.004086,3.7903562
0.004088,3.9752812
0.00409,3.8828197
0.004092,3.6516623
0.004094,3.1893477
0.004096,2.5883412
0.004098,1.8024073
0.0041,0.970243
0.004102,0.091846466
0.004104,-0.83278084
0.004106,-1.6649456
0.004108,-2.4508786
0.00411,-3.098118
0.004112,-3.6066632
0.004114,-3.8840513
0.004116,-3.976514
0.004118,-3.8378198
0.00412,-3.467969
0.004122,-2.9594238
0.004124,-2.2659533
0.004126,-1.48002
0.004128,-0.601624
0.00413,0.3230033
0.004132,1.2013993
0.004134,2.033564
0.004136,2.7732663
0.004138,3.3280425
0.00414,3.744125
0.004142,3.92905
0.004144,3.92905
0.004146,3.6978936
0.004148,3.2818112
0.00415,2.6808028
0.004152,1.9411016
0.004154,1.1551685
0.004156,0.23054075
0.004158,-0.694087
0.00416,-1.5262513
0.004162,-2.3121846
0.004164,-3.0056553
0.004166,-3.5142004
0.004168,-3.8378198
0.00417,-3.976514
0.004172,-3.8840513
0.004174,-3.5604317
0.004176,-3.0518866
0.004178,-2.4046474
0.00418,-1.6187139
0.004182,-0.7403178
0.004184,0.13807821
0.004186,1.0627055
0.0041879998,1.8948698
0.00419,2.6345725
0.004192,3.23558
0.004194,3.6978936
0.004196,3.92905
0.004198,3.92905
0.0042,3.744125
0.004202,3.3742738
0.004204,2.8194976
0.004206,2.0797954
0.004208,1.2938623
0.00421,0.36923456
0.004212,0.64662313
0.004214,1.4787879
0.004216,2.3109517
0.004218,3.0044227
0.00422,3.5129685
0.004222,3.8828197
0.004224,4.0215135
0.004226,3.92905
0.004228,3.6516623
0.00423,3.1893477
0.004232,2.542109
0.004234,1.8024073
0.004236,0.970243
0.004238,0.045615196
0.00424,-0.8790121
0.004242,-1.7111769
0.004244,-2.4971101
0.004246,-3.1443493
0.004248,-3.6066632
0.0042499998,-3.8840513
0.004252,-3.9302826
0.004254,-3.7915885
0.004256,-3.4217377
0.004258,-2.9131925
0.00426,-2.2197218
0.004262,-1.4337888
0.004264,-0.5091615
0.004266,0.4154663
0.004268,1.2938623
0.00427,2.0797954
0.004272,2.8194976
0.004274,3.3742738
0.004276,3.744125
0.004278,3.92905
0.00428,3.92905
0.004282,3.6978936
0.004284,3.23558
0.004286,2.6345725
0.004288,1.8948698
0.00429,1.0627055
0.004292,0.184309
0.004294,-0.7403178
0.004296,-1.5724826
0.004298,-2.3584158
0.0043,-3.0518866
0.004302,-3.5604317
0.004304,-3.8378198
0.004306,-3.976514
0.004308,-3.8378198
0.0043099998,-3.5142004
0.004312,-3.0056553
0.004314,-2.3584158
0.004316,-1.5724826
0.004318,-0.694087
0.00432,0.23054075
0.004322,1.1089368
0.004324,1.9411016
0.004326,2.6808028
0.004328,3.2818112
0.00433,3.6978936
0.004332,3.92905
0.004334,3.92905
0.004336,3.744125
0.004338,3.3280425
0.00434,2.7732663
0.004342,2.033564
0.004344,1.2013993
0.004346,0.3230033
0.004348,-0.601624
0.00435,-1.48002
0.004352,-2.2659533
0.004354,-2.9594238
0.004356,-3.467969
0.004358,-3.8378198
0.00436,-3.976514
0.004362,-3.8840513
0.004364,-3.6066632
0.004366,-3.1443493
0.004368,-2.4971101
0.00437,-1.7111769
0.0043719998,-0.83278084
0.004374,0.045615196
0.004376,0.970243
0.004378,1.8024073
0.00438,2.5883412
0.004382,3.1893477
0.004384,3.6516623
0.004386,3.8828197
0.004388,3.9752812
0.00439,3.7903562
0.004392,3.420505
0.004394,2.8657289
0.004396,2.172258
0.004398,1.3863249
0.0044,0.50792885
0.004402,-0.41669846
0.004404,-1.3413262
0.004406,-2.1272593
0.004408,-2.8207297
0.00441,-3.3755062
0.004412,-3.7915885
0.004414,-3.9302826
0.004416,-3.9302826
0.004418,-3.6528945
0.00442,-3.236812
0.004422,-2.6358042
0.004424,-1.8498712
0.004426,-1.0177064
0.004428,-0.09307861
0.00443,0.8315482
0.004432,1.6637135
0.004434,2.4496465
0.004436,3.0968862
0.004438,3.605431
0.00444,3.8828197
0.004442,3.9752812
0.004444,3.8365874
0.004446,3.5129685
0.004448,2.9581914
0.00445,2.3109517
0.004452,1.4787879
0.004454,0.64662313
0.004456,-0.27800417
0.004458,-1.1564007
0.00446,-1.9885652
0.004462,-2.728267
0.004464,-3.329275
0.004466,-3.6991258
0.004468,-3.9302826
0.00447,-3.9302826
0.004472,-3.6991258
0.004474,-3.329275
0.004476,-2.728267
0.004478,-1.9885652
0.00448,-1.1564007
0.004482,-0.27800417
0.004484,0.64662313
0.004486,1.5250192
0.004488,2.3109517
0.00449,3.0044227
0.004492,3.5129685
0.0044939998,3.8365874
0.004496,3.9752812
0.004498,3.8828197
0.0045,3.5591989
0.004502,3.0968862
0.004504,2.4496465
0.004506,1.6637135
0.004508,0.7853174
0.00451,-0.09307861
0.004512,-1.0177064
0.004514,-1.8498712
0.004516,-2.589573
0.004518,-3.236812
0.00452,-3.6528945
0.004522,-3.9302826
0.004524,-3.9302826
0.004526,-3.7915885
0.004528,-3.3755062
0.00453,-2.8207297
0.004532,-2.1272593
0.004534,-1.3413262
0.004536,-0.41669846
0.004538,0.50792885
0.00454,1.3863249
0.004542,2.172258
0.004544,2.9119601
0.004546,3.420505
0.004548,3.7903562
0.00455,3.9752812
0.004552,3.8828197
0.004554,3.6516623
0.0045559998,3.1893477
0.004558,2.542109
0.00456,1.8024073
0.004562,0.970243
0.004564,0.045615196
0.004566,-0.8790121
0.004568,-1.7111769
0.00457,-2.4508786
0.004572,-3.1443493
0.004574,-3.6066632
0.004576,-3.8840513
0.004578,-3.976514
0.00458,-3.7915885
0.004582,-3.467969
0.004584,-2.9594238
0.004586,-2.2659533
0.004588,-1.48002
0.00459,-0.601624
0.004592,0.3230033
0.004594,1.2476311
0.004596,2.033564
0.004598,2.7732663
0.0046,3.3742738
0.004602,3.744125
0.004604,3.92905
0.004606,3.92905
0.004608,3.6978936
0.00461,3.2818112
0.004612,2.6808028
0.004614,1.9411016
0.0046159998,1.1089368
0.004618,0.23054075
0.00462,-0.694087
0.004622,-1.5724826
0.004624,-2.3584158
0.004626,-3.0056553
0.004628,-3.5142004
0.00463,-3.8378198
0.004632,-1.8036394
0.004634,1.8948698
0.004636,3.5129685
0.004638,3.050654
0.00464,2.4034152
0.004642,1.5712504
0.004644,0.7390857
0.004646,-0.18554163
0.004648,-1.0639377
0.00465,-1.8961024
0.004652,-2.6358042
0.004654,-3.236812
0.004656,-3.6991258
0.004658,-3.9302826
0.00466,-3.9302826
0.004662,-3.745357
0.004664,-3.3755062
0.004666,-2.8207297
0.004668,-2.081028
0.00467,-1.2488632
0.004672,-0.3704667
0.004674,0.5541601
0.004676,1.4325566
0.0046779998,2.2184901
0.00468,2.9119601
0.004682,3.4667363
0.004684,3.8365874
0.004686,3.9752812
0.004688,3.8828197
0.00469,3.605431
0.004692,3.1431174
0.004694,2.4958777
0.004696,1.756176
0.004698,0.92401123
0.0047,-6.160736E-4
0.004702,-0.9252434
0.004704,-1.7574081
0.004706,-2.4971101
0.004708,-3.1443493
0.00471,-3.6066632
0.004712,-3.8840513
0.004714,-3.9302826
0.004716,-3.7915885
0.004718,-3.467969
0.00472,-2.9131925
0.004722,-2.2197218
0.004724,-1.4337888
0.004726,-0.5091615
0.004728,0.4154663
0.00473,1.2938623
0.004732,2.126027
0.004734,2.8194976
0.004736,3.3742738
0.0047379998,3.7903562
0.00474,3.92905
0.004742,3.92905
0.004744,3.6978936
0.004746,3.23558
0.004748,2.6345725
0.00475,1.8948698
0.004752,1.0627055
0.004754,0.13807821
0.004756,-0.7403178
0.004758,-1.6187139
0.00476,-2.4046474
0.004762,-3.0518866
0.004764,-3.5604317
0.004766,-3.8378198
0.004768,-3.976514
0.00477,-3.8378198
0.004772,-3.5142004
0.004774,-3.0056553
0.004776,-2.3584158
0.004778,-1.5262513
0.00478,-0.694087
0.004782,0.23054075
0.004784,1.1551685
0.004786,1.9873328
0.004788,2.727035
0.00479,3.2818112
0.004792,3.6978936
0.004794,3.92905
0.004796,3.92905
0.004798,3.744125
0.0047999998,3.3280425
0.004802,2.727035
0.004804,2.033564
0.004806,1.2013993
0.004808,0.3230033
0.00481,-0.601624
0.004812,-1.48002
0.004814,-2.2659533
0.004816,-2.9594238
0.004818,-3.467969
0.00482,-3.8378198
0.004822,-3.9302826
0.004824,-3.8840513
0.004826,-3.6066632
0.004828,-3.098118
0.00483,-2.4508786
0.004832,-1.7111769
0.004834,-0.83278084
0.004836,0.091846466
0.004838,1.0164738
0.00484,1.8486385
0.004842,2.5883412
0.004844,3.1893477
0.004846,3.6516623
0.004848,3.92905
0.00485,3.92905
0.004852,3.7903562
0.004854,3.420505
0.004856,2.8657289
0.004858,2.172258
0.00486,1.3400936
0.004862,0.46169758
0.004864,-0.46292973
0.004866,-1.3413262
0.004868,-2.1272593
0.00487,-2.8207297
0.004872,-3.4217377
0.004874,-3.7915885
0.004876,-3.9302826
0.004878,-3.8840513
0.00488,-3.6528945
0.004882,-3.1905808
0.004884,-2.589573
0.004886,-1.8498712
0.004888,-1.0177064
0.00489,-0.09307861
0.004892,0.8315482
0.004894,1.6637135
0.004896,2.4496465
0.004898,3.0968862
0.0049,3.605431
0.004902,3.8828197
0.004904,3.9752812
0.004906,3.8365874
0.004908,3.4667363
0.00491,2.9581914
0.004912,2.2647214
0.004914,1.4787879
0.004916,0.64662313
0.004918,-0.27800417
0.00492,-1.202632
0.0049219998,-1.9885652
0.004924,-2.728267
0.004926,-3.329275
0.004928,-3.745357
0.00493,-3.9302826
0.004932,-3.9302826
0.004934,-3.6991258
0.004936,-3.2830436
0.004938,-2.728267
0.00494,-1.9885652
0.004942,-1.1564007
0.004944,-0.2317729
0.004946,0.6928544
0.004948,1.5250192
0.00495,2.3109517
0.004952,3.0044227
0.004954,3.5129685
0.004956,3.8365874
0.004958,3.9752812
0.00496,3.8828197
0.004962,3.5591989
0.004964,3.050654
0.004966,2.4034152
0.004968,1.6174817
0.00497,0.7853174
0.004972,-0.13931036
0.004974,-1.0177064
0.004976,-1.8498712
0.004978,-2.589573
0.00498,-3.236812
0.004982,-3.6528945
0.0049839998,-3.9302826
0.004986,-3.9302826
0.004988,-3.745357
0.00499,-3.3755062
0.004992,-2.8207297
0.004994,-2.1272593
0.004996,-1.2950945
0.004998,-0.41669846
0.005,0.50792885
0.005002,1.4325566
0.005004,2.2184901
0.005006,2.9119601
0.005008,3.4667363
0.00501,3.7903562
0.005012,3.9752812
0.005014,3.8828197
0.005016,3.6516623
0.005018,3.1893477
0.00502,2.542109
0.005022,1.756176
0.005024,0.92401123
0.005026,0.045615196
0.005028,-0.8790121
0.00503,-1.7111769
0.005032,-2.4971101
0.005034,-3.1443493
0.005036,-3.6066632
0.005038,-3.8840513
0.00504,-3.9302826
0.005042,-3.7915885
0.0050439998,-3.467969
0.005046,-2.9594238
0.005048,-2.2659533
0.00505,-1.4337888
0.005052,0.23054075
0.005054,-0.46292973
0.005056,-1.3413262
0.005058,-2.1272593
0.00506,-2.8207297
0.005062,-3.4217377
0.005064,-3.7915885
0.005066,-3.976514
0.005068,-3.976514
0.00507,-3.745357
0.005072,-3.2830436
0.005074,-2.728267
0.005076,-1.9423337
0.005078,-1.1101689
0.00508,-0.2317729
0.005082,0.7390857
0.005084,1.5712504
0.005086,2.357184
0.005088,3.0044227
0.00509,3.5129685
0.005092,3.8365874
0.005094,3.92905
0.005096,3.8365874
0.005098,3.5129685
0.0051,3.0044227
0.005102,2.357184
0.005104,1.5712504
0.0051059998,0.6928544
0.005108,-0.18554163
0.00511,-1.1101689
0.005112,-1.9423337
0.005114,-2.6820357
0.005116,-3.2830436
0.005118,-3.6991258
0.00512,-3.9302826
0.005122,-3.9302826
0.005124,-3.745357
0.005126,-3.3755062
0.005128,-2.7744985
0.00513,-2.081028
0.005132,-1.2488632
0.005134,-0.32423592
0.005136,0.60039186
0.005138,1.4787879
0.00514,2.2647214
0.005142,2.9581914
0.005144,3.4667363
0.005146,3.8365874
0.005148,3.9752812
0.00515,3.8828197
0.005152,3.605431
0.005154,3.1431174
0.005156,2.4958777
0.005158,1.7099442
0.00516,0.87777996
0.005162,-0.046847343
0.005164,-0.9252434
0.0051659998,-1.7574081
0.005168,-2.5433414
0.00517,-3.1905808
0.005172,-3.6528945
0.005174,-3.8840513
0.005176,-3.9302826
0.005178,-3.7915885
0.00518,-3.4217377
0.005182,-2.9131925
0.005184,-2.1734905
0.005186,-1.387557
0.005188,-0.5091615
0.00519,0.4154663
0.005192,1.3400936
0.005194,2.126027
0.005196,2.8194976
0.005198,3.420505
0.0052,3.7903562
0.005202,3.92905
0.005204,3.92905
0.005206,3.6516623
0.005208,3.23558
0.00521,2.5883412
0.005212,1.8486385
0.005214,1.0164738
0.005216,0.13807821
0.005218,-0.78654957
0.00522,-1.6187139
0.005222,-2.4046474
0.005224,-3.0518866
0.005226,-3.5604317
0.0052279998,-3.8840513
0.00523,-3.976514
0.005232,-3.8378198
0.005234,-3.5142004
0.005236,-3.0056553
0.005238,-2.3121846
0.00524,-1.5262513
0.005242,-0.6478553
0.005244,0.27677202
0.005246,1.1551685
0.005248,1.9873328
0.00525,2.727035
0.005252,3.3280425
0.005254,3.6978936
0.005256,3.92905
0.005258,3.92905
0.00526,3.744125
0.005262,3.3280425
0.005264,2.727035
0.005266,1.9873328
0.005268,1.2013993
0.00527,0.27677202
0.005272,-0.6478553
0.005274,-1.48002
0.005276,-2.2659533
0.005278,-2.9594238
0.00528,-3.5142004
0.005282,-3.8378198
0.005284,-3.976514
0.005286,-3.8840513
0.005288,-3.5604317
0.00529,-3.098118
0.005292,-2.4508786
0.005294,-1.6649456
0.005296,-0.83278084
0.005298,0.091846466
0.0053,1.0164738
0.005302,1.8486385
0.005304,2.5883412
0.005306,3.23558
0.005308,3.6516623
0.00531,3.92905
0.005312,3.92905
0.005314,3.7903562
0.005316,3.420505
0.005318,2.8194976
0.00532,2.126027
0.005322,1.3400936
0.005324,0.46169758
0.005326,-0.46292973
0.005328,-1.3413262
0.00533,-2.1734905
0.005332,-2.866961
0.005334,-3.4217377
0.005336,-3.7915885
0.005338,-3.9302826
0.00534,-3.8840513
0.005342,-3.6528945
0.005344,-3.1905808
0.005346,-2.589573
0.005348,-1.8036394
0.0053499998,-0.9714751
0.005352,-0.046847343
0.005354,0.87777996
0.005356,1.7099442
0.005358,2.4958777
0.00536,3.1431174
0.005362,3.605431
0.005364,3.8828197
0.005366,3.9752812
0.005368,3.8365874
0.00537,3.4667363
0.005372,2.9581914
0.005374,2.2647214
0.005376,1.4787879
0.005378,0.60039186
0.00538,-0.32423592
0.005382,-1.202632
0.005384,-2.0347965
0.005386,-2.728267
0.005388,-3.329275
0.00539,-3.745357
0.005392,-3.9302826
0.005394,-3.9302826
0.005396,-3.6991258
0.005398,-3.2830436
0.0054,-2.6820357
0.005402,-1.9423337
0.005404,-1.1101689
0.005406,-0.2317729
0.005408,0.6928544
0.00541,1.5712504
0.0054119998,2.357184
0.005414,3.0044227
0.005416,3.5129685
0.005418,3.8365874
0.00542,3.9752812
0.005422,3.8365874
0.005424,3.5591989
0.005426,3.050654
0.005428,2.4034152
0.00543,1.6174817
0.005432,0.7390857
0.005434,-0.13931036
0.005436,-1.0639377
0.005438,-1.8961024
0.00544,-2.6358042
0.005442,-3.236812
0.005444,-3.6991258
0.005446,-3.9302826
0.005448,-3.9302826
0.00545,-3.745357
0.005452,-3.3755062
0.005454,-2.8207297
0.005456,-2.081028
0.005458,-1.2950945
0.00546,-0.3704667
0.005462,0.5541601
0.005464,1.4325566
0.005466,2.2184901
0.005468,2.9119601
0.00547,3.4667363
0.0054719998,1.8948698
0.005474,-1.48002
0.005476,-3.7915885
0.005478,-3.6528945
0.00548,-3.1905808
0.005482,-2.5433414
0.005484,-1.7574081
0.005486,-0.9252434
0.005488,-6.160736E-4
0.00549,0.92401123
0.005492,1.756176
0.005494,2.4958777
0.005496,3.1431174
0.005498,3.605431
0.0055,3.8828197
0.005502,3.92905
0.005504,3.7903562
0.005506,3.4667363
0.005508,2.9119601
0.00551,2.2184901
0.005512,1.4325566
0.005514,0.5541601
0.005516,-0.3704667
0.005518,-1.2488632
0.00552,-2.081028
0.005522,-2.7744985
0.005524,-3.3755062
0.005526,-3.745357
0.005528,-3.9302826
0.00553,-3.9302826
0.005532,-3.6991258
0.0055339998,-3.2830436
0.005536,-2.6820357
0.005538,-1.8961024
0.00554,-1.0639377
0.005542,-0.18554163
0.005544,0.7390857
0.005546,1.6174817
0.005548,2.4034152
0.00555,3.050654
0.005552,3.5591989
0.005554,3.8365874
0.005556,3.9752812
0.005558,3.8365874
0.00556,3.5129685
0.005562,3.0044227
0.005564,2.357184
0.005566,1.5712504
0.005568,0.6928544
0.00557,-0.2317729
0.005572,-1.1101689
0.005574,-1.9423337
0.005576,-2.6820357
0.005578,-3.2830436
0.00558,-3.6991258
0.005582,-3.9302826
0.005584,-3.9302826
0.005586,-3.745357
0.005588,-3.329275
0.00559,-2.7744985
0.005592,-2.0347965
0.0055939998,-1.2488632
0.005596,-0.32423592
0.005598,0.60039186
0.0056,1.4787879
0.005602,2.2647214
0.005604,2.9581914
0.005606,3.4667363
0.005608,3.8365874
0.00561,3.9752812
0.005612,3.8828197
0.005614,3.605431
0.005616,3.0968862
0.005618,2.4958777
0.00562,1.7099442
0.005622,0.87777996
0.005624,-0.046847343
0.005626,-0.9714751
0.005628,-1.8036394
0.00563,-2.5433414
0.005632,-3.1905808
0.005634,-3.6528945
0.005636,-3.8840513
0.005638,-3.9302826
0.00564,-3.7915885
0.005642,-3.4217377
0.005644,-2.866961
0.005646,-2.1734905
0.005648,-1.387557
0.00565,-0.46292973
0.005652,0.46169758
0.005654,1.3400936
0.0056559998,2.126027
0.005658,2.8657289
0.00566,3.420505
0.005662,3.7903562
0.005664,3.92905
0.005666,3.92905
0.005668,3.6516623
0.00567,3.23558
0.005672,2.5883412
0.005674,1.8486385
0.005676,1.0164738
0.005678,0.091846466
0.00568,-0.78654957
0.005682,-1.6649456
0.005684,-2.4046474
0.005686,-3.098118
0.005688,-3.5604317
0.00569,-3.8840513
0.005692,-3.976514
0.005694,-3.8378198
0.005696,-3.5142004
0.005698,-3.0056553
0.0057,-2.3121846
0.005702,-1.5262513
0.005704,-0.6478553
0.005706,0.27677202
0.005708,1.2013993
0.00571,1.9873328
0.005712,2.727035
0.005714,3.3280425
0.005716,3.744125
0.005718,3.92905
0.00572,3.92905
0.005722,3.6978936
0.005724,3.2818112
0.005726,2.727035
0.005728,1.9873328
0.00573,1.1551685
0.005732,0.27677202
0.005734,-0.6478553
0.005736,-1.48002
0.005738,-2.3121846
0.00574,-2.9594238
0.005742,-3.5142004
0.005744,-3.8378198
0.005746,-3.976514
0.005748,-3.8840513
0.00575,-3.5604317
0.005752,-3.098118
0.005754,-2.4508786
0.005756,-1.6649456
0.005758,-0.78654957
0.00576,0.13807821
0.005762,1.0164738
0.005764,1.8486385
0.005766,2.6345725
0.005768,3.23558
0.00577,3.6516623
0.005772,3.92905
0.005774,3.92905
0.005776,3.7903562
0.0057779998,3.3742738
0.00578,2.8194976
0.005782,2.126027
0.005784,1.3400936
0.005786,0.4154663
0.005788,-0.5091615
0.00579,-1.387557
0.005792,-2.1734905
0.005794,-2.866961
0.005796,-3.4217377
0.005798,-3.7915885
0.0058,-3.9302826
0.005802,-3.8840513
0.005804,-3.6528945
0.005806,-3.1905808
0.005808,-2.5433414
0.00581,-1.8036394
0.005812,-0.9714751
0.005814,-0.046847343
0.005816,0.87777996
0.005818,1.7099442
0.00582,2.4958777
0.005822,3.1431174
0.005824,3.605431
0.005826,3.8828197
0.005828,3.9752812
0.00583,3.8365874
0.005832,3.4667363
0.005834,2.9581914
0.005836,2.2647214
0.005838,1.4787879
0.0058399998,0.60039186
0.005842,-0.32423592
0.005844,-1.202632
0.005846,-2.0347965
0.005848,-2.7744985
0.00585,-3.329275
0.005852,-3.745357
0.005854,-3.9302826
0.005856,-3.9302826
0.005858,-3.6991258
0.00586,-3.2830436
0.005862,-2.6820357
0.005864,-1.9423337
0.005866,-1.1101689
0.005868,-0.18554163
0.00587,0.7390857
0.005872,1.5712504
0.005874,2.357184
0.005876,3.050654
0.005878,3.5591989
0.00588,3.8365874
0.005882,3.9752812
0.005884,3.8365874
0.005886,3.5591989
0.005888,3.050654
0.00589,2.4034152
0.005892,0.4154663
0.005894,-0.601624
0.005896,0.27677202
0.005898,1.1551685
0.0058999998,1.9873328
0.005902,2.727035
0.005904,3.3280425
0.005906,3.744125
0.005908,3.9752812
0.00591,3.9752812
0.005912,3.7903562
0.005914,3.3742738
0.005916,2.8194976
0.005918,2.0797954
0.00592,1.2938623
0.005922,0.4154663
0.005924,-0.55539227
0.005926,-1.4337888
0.005928,-2.2197218
0.00593,-2.9131925
0.005932,-3.4217377
0.005934,-3.7915885
0.005936,-3.9302826
0.005938,-3.8840513
0.00594,-3.6066632
0.005942,-3.1443493
0.005944,-2.4971101
0.005946,-1.7111769
0.005948,-0.8790121
0.00595,0.045615196
0.005952,0.970243
0.005954,1.8024073
0.005956,2.542109
0.005958,3.1893477
0.00596,3.6516623
0.0059619998,3.8828197
0.005964,3.9752812
0.005966,3.7903562
0.005968,3.4667363
0.00597,2.9119601
0.005972,2.2184901
0.005974,1.4325566
0.005976,0.50792885
0.005978,-0.41669846
0.00598,-1.2950945
0.005982,-2.081028
0.005984,-2.8207297
0.005986,-3.3755062
0.005988,-3.745357
0.00599,-3.9302826
0.005992,-3.9302826
0.005994,-3.6991258
0.005996,-3.236812
0.005998,-2.6358042
0.006,-1.8961024
0.006002,-1.0639377
0.006004,-0.13931036
0.006006,0.7853174
0.006008,1.6174817
0.00601,2.4034152
0.006012,3.0968862
0.006014,3.5591989
0.006016,3.8828197
0.006018,3.9752812
0.00602,3.8365874
0.0060219998,3.5129685
0.006024,3.0044227
0.006026,2.3109517
0.006028,1.5250192
0.00603,0.6928544
0.006032,-0.2317729
0.006034,-1.1564007
0.006036,-1.9423337
0.006038,-2.6820357
0.00604,-3.2830436
0.006042,-3.6991258
0.006044,-3.9302826
0.006046,-3.9302826
0.006048,-3.745357
0.00605,-3.329275
0.006052,-2.7744985
0.006054,-2.0347965
0.006056,-1.202632
0.006058,-0.27800417
0.00606,0.64662313
0.006062,1.4787879
0.006064,2.3109517
0.006066,2.9581914
0.006068,3.5129685
0.00607,3.8365874
0.006072,3.9752812
0.006074,3.8828197
0.006076,3.605431
0.006078,3.0968862
0.00608,2.4496465
0.006082,1.6637135
0.0060839998,0.8315482
0.006086,-0.09307861
0.006088,-0.9714751
0.00609,-1.8036394
0.006092,-2.589573
0.006094,-3.1905808
0.006096,-3.6528945
0.006098,-3.8840513
0.0061,-3.9302826
0.006102,-3.7915885
0.006104,-3.4217377
0.006106,-2.866961
0.006108,-2.1734905
0.00611,-1.3413262
0.006112,-0.46292973
0.006114,0.46169758
0.006116,1.3400936
0.006118,2.172258
0.00612,2.8657289
0.006122,3.420505
0.006124,3.7903562
0.006126,3.92905
0.006128,3.8828197
0.00613,3.6516623
0.006132,3.1893477
0.006134,2.5883412
0.006136,1.8024073
0.006138,0.970243
0.00614,0.091846466
0.006142,-0.83278084
0.006144,-1.6649456
0.0061459998,-2.4508786
0.006148,-3.098118
0.00615,-3.6066632
0.006152,-3.8840513
0.006154,-3.976514
0.006156,-3.8378198
0.006158,-3.5142004
0.00616,-2.9594238
0.006162,-2.3121846
0.006164,-1.48002
0.006166,-0.601624
0.006168,0.3230033
0.00617,1.2013993
0.006172,2.033564
0.006174,2.7732663
0.006176,3.3280425
0.006178,3.744125
0.00618,3.92905
0.006182,3.92905
0.006184,3.6978936
0.006186,3.2818112
0.006188,2.6808028
0.00619,1.9411016
0.006192,1.1551685
0.006194,0.23054075
0.006196,-0.694087
0.006198,-1.5262513
0.0062,-2.3121846
0.006202,-3.0056553
0.006204,-3.5142004
0.0062059998,-3.8378198
0.006208,-3.976514
0.00621,-3.8840513
0.006212,-3.5604317
0.006214,-3.098118
0.006216,-2.4046474
0.006218,-1.6187139
0.00622,-0.78654957
0.006222,0.13807821
0.006224,1.0627055
0.006226,1.8948698
0.006228,2.6345725
0.00623,3.23558
0.006232,3.6978936
0.006234,3.92905
0.006236,3.92905
0.006238,3.744125
0.00624,3.3742738
0.006242,2.8194976
0.006244,2.0797954
0.006246,1.2938623
0.006248,0.4154663
0.00625,-0.5091615
0.006252,-1.387557
0.006254,-2.1734905
0.006256,-2.866961
0.006258,-3.4217377
0.00626,-3.7915885
0.006262,-3.9302826
0.006264,-3.8840513
0.006266,-3.6528945
0.0062679998,-3.1905808
0.00627,-2.5433414
0.006272,-1.7574081
0.006274,-0.9252434
0.006276,-6.160736E-4
0.006278,0.87777996
0.00628,1.756176
0.006282,2.4958777
0.006284,3.1431174
0.006286,3.605431
0.006288,3.8828197
0.00629,3.9752812
0.006292,3.7903562
0.006294,3.4667363
0.006296,2.9119601
0.006298,2.2184901
0.0063,1.4325566
0.006302,0.5541601
0.006304,-0.3704667
0.006306,-1.2488632
0.006308,-2.0347965
0.00631,-2.7744985
0.006312,-2.2659533
0.006314,1.3863249
0.006316,3.8828197
0.006318,3.92905
0.00632,3.6978936
0.006322,3.2818112
0.006324,2.6808028
0.006326,1.9411016
0.0063279998,1.1089368
0.00633,0.23054075
0.006332,-0.694087
0.006334,-1.5724826
0.006336,-2.3584158
0.006338,-3.0056553
0.00634,-3.5142004
0.006342,-3.8378198
0.006344,-3.9302826
0.006346,-3.8378198
0.006348,-3.5142004
0.00635,-3.0518866
0.006352,-2.3584158
0.006354,-1.5724826
0.006356,-0.694087
0.006358,0.23054075
0.00636,1.1089368
0.006362,1.9411016
0.006364,2.6808028
0.006366,3.2818112
0.006368,3.6978936
0.00637,3.92905
0.006372,3.92905
0.006374,3.744125
0.006376,3.3742738
0.006378,2.7732663
0.00638,2.0797954
0.006382,1.2476311
0.006384,0.36923456
0.006386,-0.55539227
0.006388,-1.4337888
0.0063899998,-2.2197218
0.006392,-2.9131925
0.006394,-3.467969
0.006396,-3.7915885
0.006398,-3.9302826
0.0064,-3.8840513
0.006402,-3.6066632
0.006404,-3.1443493
0.006406,-2.4971101
0.006408,-1.7111769
0.00641,-0.8790121
0.006412,0.045615196
0.006414,0.970243
0.006416,1.8024073
0.006418,2.542109
0.00642,3.1893477
0.006422,3.6516623
0.006424,3.8828197
0.006426,3.9752812
0.006428,3.7903562
0.00643,3.420505
0.006432,2.8657289
0.006434,2.172258
0.006436,1.3863249
0.006438,0.50792885
0.00644,-0.41669846
0.006442,-1.2950945
0.006444,-2.081028
0.006446,-2.8207297
0.006448,-3.3755062
0.0064499998,-3.745357
0.006452,-3.9302826
0.006454,-3.9302826
0.006456,-3.6528945
0.006458,-3.236812
0.00646,-2.6358042
0.006462,-1.8498712
0.006464,-1.0177064
0.006466,-0.13931036
0.006468,0.7853174
0.00647,1.6637135
0.006472,2.4496465
0.006474,3.0968862
0.006476,3.5591989
0.006478,3.8828197
0.00648,3.9752812
0.006482,3.8365874
0.006484,3.5129685
0.006486,3.0044227
0.006488,2.3109517
0.00649,1.5250192
0.006492,0.64662313
0.006494,-0.2317729
0.006496,-1.1564007
0.006498,-1.9423337
0.0065,-2.6820357
0.006502,-3.2830436
0.006504,-3.6991258
0.006506,-3.9302826
0.006508,-3.9302826
0.00651,-3.745357
0.0065119998,-3.329275
0.006514,-2.728267
0.006516,-1.9885652
0.006518,-1.202632
0.00652,-0.27800417
0.006522,0.64662313
0.006524,1.5250192
0.006526,2.3109517
0.006528,3.0044227
0.00653,3.5129685
0.006532,3.8365874
0.006534,3.9752812
0.006536,3.8828197
0.006538,3.605431
0.00654,3.0968862
0.006542,2.4496465
0.006544,1.6637135
0.006546,0.8315482
0.006548,-0.09307861
0.00655,-1.0177064
0.006552,-1.8036394
0.006554,-2.589573
0.006556,-3.1905808
0.006558,-3.6528945
0.00656,-3.8840513
0.006562,-3.9302826
0.006564,-3.7915885
0.006566,-3.4217377
0.006568,-2.866961
0.00657,-2.1272593
0.0065719998,-1.3413262
0.0065739998,-0.46292973
0.006576,0.50792885
0.006578,1.3863249
0.00658,2.172258
0.006582,2.8657289
0.006584,3.420505
0.006586,3.7903562
0.006588,3.9752812
0.00659,3.8828197
0.006592,3.6516623
0.006594,3.1893477
0.006596,2.5883412
0.006598,1.8024073
0.0066,0.970243
0.006602,0.045615196
0.006604,-0.83278084
0.006606,-1.6649456
0.006608,-2.4508786
0.00661,-3.098118
0.006612,-3.6066632
0.006614,-3.8840513
0.006616,-3.976514
0.006618,-3.8378198
0.00662,-3.467969
0.006622,-2.9594238
0.006624,-2.2659533
0.006626,-1.48002
0.006628,-0.601624
0.00663,0.3230033
0.006632,1.2476311
0.0066339998,2.033564
0.006636,2.7732663
0.006638,3.3280425
0.00664,3.744125
0.006642,3.92905
0.006644,3.92905
0.006646,3.6978936
0.006648,3.2818112
0.00665,2.6808028
0.006652,1.9411016
0.006654,1.1089368
0.006656,0.23054075
0.006658,-0.694087
0.00666,-1.5262513
0.006662,-2.3121846
0.006664,-3.0056553
0.006666,-3.5142004
0.006668,-3.8378198
0.00667,-3.976514
0.006672,-3.8378198
0.006674,-3.5604317
0.006676,-3.0518866
0.006678,-2.4046474
0.00668,-1.6187139
0.006682,-0.7403178
0.006684,0.184309
0.006686,1.0627055
0.006688,1.8948698
0.00669,2.6345725
0.006692,3.23558
0.006694,3.6978936
0.0066959998,3.92905
0.006698,3.92905
0.0067,3.744125
0.006702,3.3742738
0.006704,2.8194976
0.006706,2.0797954
0.006708,1.2938623
0.00671,0.36923456
0.006712,-0.5091615
0.006714,-1.4337888
0.006716,-2.2197218
0.006718,-2.9131925
0.00672,-3.467969
0.006722,-3.7915885
0.006724,-3.9302826
0.006726,-3.8840513
0.006728,-3.6066632
0.00673,-3.1443493
0.006732,-1.9885652
0.006734,1.2938623
0.006736,0.8315482
0.006738,-0.046847343
0.00674,-0.9714751
0.006742,-1.8036394
0.006744,-2.5433414
0.006746,-3.1905808
0.006748,-3.6528945
0.00675,-3.9302826
0.006752,-3.976514
0.006754,-3.8378198
0.0067559998,-3.467969
0.006758,-2.9594238
0.00676,-2.2659533
0.006762,-1.4337888
0.006764,-0.55539227
0.006766,0.36923456
0.006768,1.2938623
0.00677,2.0797954
0.006772,2.7732663
0.006774,3.3742738
0.006776,3.744125
0.006778,3.92905
0.00678,3.92905
0.006782,3.6516623
0.006784,3.23558
0.006786,2.6345725
0.006788,1.8948698
0.00679,1.0627055
0.006792,0.13807821
0.006794,-0.7403178
0.006796,-1.6187139
0.006798,-2.4046474
0.0068,-3.0518866
0.006802,-3.5604317
0.006804,-3.8378198
0.006806,-3.976514
0.006808,-3.8378198
0.00681,-3.5142004
0.006812,-3.0056553
0.006814,-2.3584158
0.006816,-1.5724826
0.0068179998,-0.694087
0.00682,0.23054075
0.006822,1.1551685
0.006824,1.9411016
0.006826,2.6808028
0.006828,3.2818112
0.00683,3.6978936
0.006832,3.92905
0.006834,3.92905
0.006836,3.744125
0.006838,3.3280425
0.00684,2.7732663
0.006842,2.033564
0.006844,1.2013993
0.006846,0.3230033
0.006848,-0.601624
0.00685,-1.48002
0.006852,-2.2659533
0.006854,-2.9594238
0.006856,-3.467969
0.006858,-3.8378198
0.00686,-3.976514
0.006862,-3.8840513
0.006864,-3.6066632
0.006866,-3.1443493
0.006868,-2.4971101
0.00687,-1.7111769
0.006872,-0.83278084
0.006874,0.091846466
0.006876,0.970243
0.0068779998,1.8024073
0.00688,2.5883412
0.006882,3.1893477
0.006884,3.6516623
0.006886,3.8828197
0.006888,3.9752812
0.00689,3.7903562
0.006892,3.420505
0.006894,2.8657289
0.006896,2.172258
0.006898,1.3863249
0.0069,0.46169758
0.006902,-0.41669846
0.006904,-1.3413262
0.006906,-2.1272593
0.006908,-2.8207297
0.00691,-3.3755062
0.006912,-3.7915885
0.006914,-3.9302826
0.006916,-3.8840513
0.006918,-3.6528945
0.00692,-3.236812
0.006922,-2.589573
0.006924,-1.8498712
0.006926,-1.0177064
0.006928,-0.09307861
0.00693,0.8315482
0.006932,1.6637135
0.006934,2.4496465
0.006936,3.0968862
0.006938,3.605431
0.0069399998,3.8828197
0.006942,3.9752812
0.006944,3.8365874
0.006946,3.5129685
0.006948,2.9581914
0.00695,2.3109517
0.006952,1.4787879
0.006954,0.64662313
0.006956,-0.27800417
0.006958,-1.1564007
0.00696,-1.9885652
0.006962,-2.728267
0.006964,-3.329275
0.006966,-3.745357
0.006968,-3.9302826
0.00697,-3.9302826
0.006972,-3.6991258
0.006974,-3.329275
0.006976,-2.728267
0.006978,-1.9885652
0.00698,-1.1564007
0.006982,-0.2317729
0.006984,0.64662313
0.006986,1.5250192
0.006988,2.3109517
0.00699,3.0044227
0.006992,3.5129685
0.006994,3.8365874
0.006996,3.9752812
0.006998,3.8828197
0.0069999998,3.5591989
0.0070019998,3.0968862
0.007004,2.4034152
0.007006,1.6174817
0.007008,0.7853174
0.00701,-0.13931036
0.007012,-1.0177064
0.007014,-1.8498712
0.007016,-2.589573
0.007018,-3.236812
0.00702,-3.6528945
0.007022,-3.9302826
0.007024,-3.9302826
0.007026,-3.7915885
0.007028,-3.3755062
0.00703,-2.8207297
0.007032,-2.1272593
0.007034,-1.2950945
0.007036,-0.41669846
0.007038,0.50792885
0.00704,1.3863249
0.007042,2.172258
0.007044,2.9119601
0.007046,3.420505
0.007048,3.7903562
0.00705,3.9752812
0.007052,3.8828197
0.007054,3.6516623
0.007056,3.1893477
0.007058,2.542109
0.00706,1.8024073
0.0070619998,0.970243
0.007064,0.045615196
0.007066,-0.8790121
0.007068,-1.7111769
0.00707,-2.4971101
0.007072,-3.1443493
0.007074,-3.6066632
0.007076,-3.8840513
0.007078,-3.976514
0.00708,-3.7915885
0.007082,-3.467969
0.007084,-2.9594238
0.007086,-2.2659533
0.007088,-1.48002
0.00709,-0.55539227
0.007092,0.36923456
0.007094,1.2476311
0.007096,2.0797954
0.007098,2.7732663
0.0071,3.3742738
0.007102,3.744125
0.007104,3.92905
0.007106,3.92905
0.007108,3.6978936
0.00711,3.2818112
0.007112,2.6808028
0.007114,1.9411016
0.007116,1.1089368
0.007118,0.184309
0.00712,-0.694087
0.007122,-1.5724826
0.0071239998,-2.3584158
0.007126,-3.0056553
0.007128,-3.5142004
0.00713,-3.8378198
0.007132,-3.976514
0.007134,-3.8378198
0.007136,-3.5604317
0.007138,-3.0518866
0.00714,-2.4046474
0.007142,-1.5724826
0.007144,-0.7403178
0.007146,0.184309
0.007148,1.1089368
0.00715,1.9411016
0.007152,2.126027
0.007154,-1.2488632
0.007156,-3.6528945
0.007158,-3.976514
0.00716,-3.976514
0.007162,-3.7915885
0.007164,-3.3755062
0.007166,-2.8207297
0.007168,-2.1272593
0.00717,-1.2950945
0.007172,-0.3704667
0.007174,0.5541601
0.007176,1.4325566
0.007178,2.2184901
0.00718,2.9119601
0.007182,3.4667363
0.0071839998,3.7903562
0.007186,3.92905
0.007188,3.8828197
0.00719,3.605431
0.007192,3.1431174
0.007194,2.4958777
0.007196,1.7099442
0.007198,0.87777996
0.0072,-0.046847343
0.007202,-0.9252434
0.007204,-1.7574081
0.007206,-2.5433414
0.007208,-3.1905808
0.00721,-3.6528945
0.007212,-3.8840513
0.007214,-3.976514
0.007216,-3.7915885
0.007218,-3.467969
0.00722,-2.9131925
0.007222,-2.2197218
0.007224,-1.4337888
0.007226,-0.5091615
0.007228,0.4154663
0.00723,1.2938623
0.007232,2.126027
0.007234,2.8194976
0.007236,3.3742738
0.007238,3.744125
0.00724,3.92905
0.007242,3.92905
0.007244,3.6516623
0.0072459998,3.23558
0.007248,2.6345725
0.00725,1.8948698
0.007252,1.0627055
0.007254,0.13807821
0.007256,-0.78654957
0.007258,-1.6187139
0.00726,-2.4046474
0.007262,-3.0518866
0.007264,-3.5604317
0.007266,-3.8840513
0.007268,-3.976514
0.00727,-3.8378198
0.007272,-3.5142004
0.007274,-3.0056553
0.007276,-2.3584158
0.007278,-1.5262513
0.00728,-0.694087
0.007282,0.23054075
0.007284,1.1551685
0.007286,1.9873328
0.007288,2.727035
0.00729,3.2818112
0.007292,3.6978936
0.007294,3.92905
0.007296,3.92905
0.007298,3.744125
0.0073,3.3280425
0.007302,2.727035
0.007304,2.033564
0.0073059998,1.2013993
0.007308,0.3230033
0.00731,-0.601624
0.007312,-1.48002
0.007314,-2.2659533
0.007316,-2.9594238
0.007318,-3.467969
0.00732,-3.8378198
0.007322,-3.976514
0.007324,-3.8840513
0.007326,-3.6066632
0.007328,-3.098118
0.00733,-2.4508786
0.007332,-1.6649456
0.007334,-0.83278084
0.007336,0.091846466
0.007338,1.0164738
0.00734,1.8486385
0.007342,2.5883412
0.007344,3.1893477
0.007346,3.6516623
0.007348,3.92905
0.00735,3.92905
0.007352,3.7903562
0.007354,3.420505
0.007356,2.8657289
0.007358,2.172258
0.00736,1.3400936
0.007362,0.46169758
0.007364,-0.46292973
0.007366,-1.3413262
0.0073679998,-2.1272593
0.00737,-2.866961
0.007372,-3.4217377
0.007374,-3.7915885
0.007376,-3.9302826
0.007378,-3.8840513
0.00738,-3.6528945
0.007382,-3.1905808
0.007384,-2.589573
0.007386,-1.8498712
0.007388,-0.9714751
0.00739,-0.09307861
0.007392,0.8315482
0.007394,1.7099442
0.007396,2.4496465
0.007398,3.0968862
0.0074,3.605431
0.007402,3.8828197
0.007404,3.9752812
0.007406,3.8365874
0.007408,3.4667363
0.00741,2.9581914
0.007412,2.2647214
0.007414,1.4787879
0.007416,0.60039186
0.007418,-0.27800417
0.00742,-1.202632
0.007422,-1.9885652
0.007424,-2.728267
0.007426,-3.329275
0.0074279997,-3.745357
0.0074299998,-3.9302826
0.007432,-3.9302826
0.007434,-3.6991258
0.007436,-3.2830436
0.007438,-2.728267
0.00744,-1.9885652
0.007442,-1.1564007
0.007444,-0.2317729
0.007446,0.6928544
0.007448,1.5250192
0.00745,2.357184
0.007452,3.0044227
0.007454,3.5129685
0.007456,3.8365874
0.007458,3.9752812
0.00746,3.8828197
0.007462,3.5591989
0.007464,3.050654
0.007466,2.4034152
0.007468,1.6174817
0.00747,0.7853174
0.007472,-0.13931036
0.007474,-1.0177064
0.007476,-1.8498712
0.007478,-2.6358042
0.00748,-3.236812
0.007482,-3.6528945
0.007484,-3.9302826
0.007486,-3.9302826
0.007488,-3.745357
0.0074899998,-3.3755062
0.007492,-2.8207297
0.007494,-2.1272593
0.007496,-1.2950945
0.007498,-0.41669846
0.0075,0.50792885
0.007502,1.4325566
0.007504,2.2184901
0.007506,2.9119601
0.007508,3.4667363
0.00751,3.7903562
0.007512,3.9752812
0.007514,3.8828197
0.007516,3.6516623
0.007518,3.1431174
0.00752,2.542109
0.007522,1.756176
0.007524,0.92401123
0.007526,0.045615196
0.007528,-0.8790121
0.00753,-1.7111769
0.007532,-2.4971101
0.007534,-3.1443493
0.007536,-3.6066632
0.007538,-3.8840513
0.00754,-3.976514
0.007542,-3.7915885
0.007544,-3.467969
0.007546,-2.9131925
0.007548,-2.2659533
0.00755,-1.4337888
0.0075519998,-0.55539227
0.007554,0.36923456
0.007556,1.2476311
0.007558,2.0797954
0.00756,2.7732663
0.007562,3.3742738
0.007564,3.744125
0.007566,3.92905
0.007568,3.92905
0.00757,3.6978936
0.007572,3.050654
0.007574,-0.32423592
0.007576,-1.8036394
0.007578,-1.0177064
0.00758,-0.13931036
0.007582,0.7853174
0.007584,1.6637135
0.007586,2.4496465
0.007588,3.0968862
0.00759,3.605431
0.007592,3.8828197
0.007594,3.9752812
0.007596,3.8828197
0.007598,3.5591989
0.0076,3.050654
0.007602,2.357184
0.007604,1.5712504
0.007606,0.7390857
0.007608,-0.18554163
0.00761,-1.1101689
0.0076119998,-1.8961024
0.007614,-2.6358042
0.007616,-3.236812
0.007618,-3.6991258
0.00762,-3.9302826
0.007622,-3.9302826
0.007624,-3.745357
0.007626,-3.329275
0.007628,-2.7744985
0.00763,-2.0347965
0.007632,-1.2488632
0.007634,-0.32423592
0.007636,0.60039186
0.007638,1.4787879
0.00764,2.2647214
0.007642,2.9581914
0.007644,3.4667363
0.007646,3.8365874
0.007648,3.9752812
0.00765,3.8828197
0.007652,3.605431
0.007654,3.1431174
0.007656,2.4958777
0.007658,1.7099442
0.00766,0.87777996
0.007662,-0.046847343
0.007664,-0.9714751
0.007666,-1.7574081
0.007668,-2.5433414
0.00767,-3.1905808
0.007672,-3.6528945
0.0076739998,-3.8840513
0.007676,-3.9302826
0.007678,-3.7915885
0.00768,-3.4217377
0.007682,-2.9131925
0.007684,-2.1734905
0.007686,-1.387557
0.007688,-0.5091615
0.00769,0.4154663
0.007692,1.3400936
0.007694,2.126027
0.007696,2.8194976
0.007698,3.420505
0.0077,3.7903562
0.007702,3.92905
0.007704,3.92905
0.007706,3.6516623
0.007708,3.23558
0.00771,2.5883412
0.007712,1.8486385
0.007714,1.0164738
0.007716,0.13807821
0.007718,-0.78654957
0.00772,-1.6187139
0.007722,-2.4046474
0.007724,-3.098118
0.007726,-3.5604317
0.007728,-3.8840513
0.00773,-3.976514
0.007732,-3.8378198
0.0077339998,-3.5142004
0.0077359998,-3.0056553
0.007738,-2.3121846
0.00774,-1.5262513
0.007742,-0.6478553
0.007744,0.27677202
0.007746,1.1551685
0.007748,1.9873328
0.00775,2.727035
0.007752,3.3280425
0.007754,3.744125
0.007756,3.92905
0.007758,3.92905
0.00776,3.6978936
0.007762,3.3280425
0.007764,2.727035
0.007766,1.9873328
0.007768,1.2013993
0.00777,0.27677202
0.007772,-0.6478553
0.007774,-1.48002
0.007776,-2.2659533
0.007778,-2.9594238
0.00778,-3.5142004
0.007782,-3.8378198
0.007784,-3.976514
0.007786,-3.8840513
0.007788,-3.5604317
0.00779,-3.098118
0.007792,-2.4508786
0.007794,-1.6649456
0.0077959998,-0.78654957
0.007798,0.091846466
0.0078,1.0164738
0.007802,1.8486385
0.007804,2.5883412
0.007806,3.23558
0.007808,3.6516623
0.00781,3.92905
0.007812,3.92905
0.007814,3.7903562
0.007816,3.420505
0.007818,2.8194976
0.00782,2.126027
0.007822,1.3400936
0.007824,0.46169758
0.0078259995,-0.46292973
0.007828,-1.387557
0.00783,-2.1734905
0.007832,-2.866961
0.007834,-3.4217377
0.007836,-3.7915885
0.007838,-3.9302826
0.00784,-3.8840513
0.007842,-3.6528945
0.007844,-3.1905808
0.007846,-2.589573
0.007848,-1.8036394
0.00785,-0.9714751
0.007852,-0.046847343
0.007854,0.87777996
0.007856,1.7099442
0.007858,2.4958777
0.00786,3.1431174
0.007862,3.605431
0.007864,3.8828197
0.007866,3.9752812
0.007868,3.8365874
0.00787,3.4667363
0.007872,2.9581914
0.007874,2.2647214
0.007876,1.4787879
0.007878,0.60039186
0.00788,-0.32423592
0.007882,-1.202632
0.007884,-2.0347965
0.007886,-2.728267
0.0078879995,-3.329275
0.00789,-3.745357
0.007892,-3.9302826
0.007894,-3.9302826
0.007896,-3.6991258
0.007898,-3.2830436
0.0079,-2.6820357
0.007902,-1.9423337
0.007904,-1.1101689
0.007906,-0.2317729
0.007908,0.6928544
0.00791,1.5712504
0.007912,2.357184
0.007914,3.050654
0.007916,3.5129685
0.007918,3.8365874
0.00792,3.9752812
0.007922,3.8365874
0.007924,3.5591989
0.007926,3.050654
0.007928,2.4034152
0.00793,1.6174817
0.007932,0.7390857
0.007934,-0.18554163
0.007936,-1.0639377
0.007938,-1.8961024
0.00794,-2.6358042
0.007942,-3.236812
0.007944,-3.6991258
0.007946,-3.9302826
0.007948,-3.9302826
0.0079499995,-3.745357
0.007952,-3.3755062
0.007954,-2.8207297
0.007956,-2.081028
0.007958,-1.2950945
0.00796,-0.3704667
0.007962,0.5541601
0.007964,1.4325566
0.007966,2.2184901
0.007968,2.9119601
0.00797,3.4667363
0.007972,3.7903562
0.007974,3.9752812
0.007976,3.8828197
0.007978,3.605431
0.00798,3.1431174
0.007982,2.4958777
0.007984,1.756176
0.007986,0.92401123
0.007988,-6.160736E-4
0.00799,-0.9252434
0.007992,-1.6649456
0.007994,1.7099442
0.007996,3.1893477
0.007998,3.6978936
0.008,3.92905
0.008002,4.0215135
0.008004,3.8365874
0.008006,3.4667363
0.008008,2.9581914
0.00801,2.2647214
0.008012,1.4787879
0.008014,0.5541601
0.008016,-0.3704667
0.008018,-1.2488632
0.00802,-2.0347965
0.008022,-2.7744985
0.008024,-3.329275
0.008026,-3.745357
0.008028,-3.9302826
0.00803,-3.8840513
0.008032,-3.6528945
0.008034,-3.236812
0.008036,-2.6358042
0.008038,-1.8961024
0.00804,-1.0639377
0.008042,-0.13931036
0.008044,0.7853174
0.008046,1.6174817
0.008048,2.4034152
0.00805,3.050654
0.008052,3.5591989
0.008054,3.8828197
0.008056,3.9752812
0.008058,3.8365874
0.00806,3.5129685
0.008062,3.0044227
0.008064,2.357184
0.008066,1.5712504
0.008068,0.6928544
0.0080699995,-0.2317729
0.008072,-1.1101689
0.008074,-1.9423337
0.008076,-2.6820357
0.008078,-3.2830436
0.00808,-3.6991258
0.008082,-3.9302826
0.008084,-3.9302826
0.008086,-3.745357
0.008088,-3.329275
0.00809,-2.7744985
0.008092,-2.0347965
0.008094,-1.202632
0.008096,-0.32423592
0.008098,0.60039186
0.0081,1.4787879
0.008102,2.2647214
0.008104,2.9581914
0.008106,3.4667363
0.008108,3.8365874
0.00811,3.9752812
0.008112,3.8828197
0.008114,3.605431
0.008116,3.0968862
0.008118,2.4958777
0.00812,1.7099442
0.008122,0.87777996
0.008124,-0.046847343
0.008126,-0.9714751
0.008128,-1.8036394
0.00813,-2.5433414
0.0081319995,-3.1905808
0.008134,-3.6528945
0.008136,-3.8840513
0.008138,-3.9302826
0.00814,-3.7915885
0.008142,-3.4217377
0.008144,-2.866961
0.008146,-2.1734905
0.008148,-1.387557
0.00815,-0.46292973
0.008152,0.46169758
0.008154,1.3400936
0.008156,2.126027
0.008158,2.8657289
0.00816,3.420505
0.008162,3.7903562
0.008164,3.92905
0.008166,3.92905
0.008168,3.6516623
0.00817,3.23558
0.008172,2.5883412
0.008174,1.8486385
0.008176,1.0164738
0.008178,0.091846466
0.00818,-0.78654957
0.008182,-1.6649456
0.008184,-2.4508786
0.008186,-3.098118
0.008188,-3.5604317
0.00819,-3.8840513
0.008192,-3.976514
0.0081939995,-3.8378198
0.008196,-3.5142004
0.008198,-3.0056553
0.0082,-2.3121846
0.008202,-1.48002
0.008204,-0.6478553
0.008206,0.27677202
0.008208,1.2013993
0.00821,1.9873328
0.008212,2.727035
0.008214,3.3280425
0.008216,3.744125
0.008218,3.92905
0.00822,3.92905
0.008222,3.6978936
0.008224,3.2818112
0.008226,2.727035
0.008228,1.9873328
0.00823,1.1551685
0.008232,0.27677202
0.008234,-0.6478553
0.008236,-1.5262513
0.008238,-2.3121846
0.00824,-3.0056553
0.008242,-3.5142004
0.008244,-3.8378198
0.008246,-3.976514
0.008248,-3.8840513
0.00825,-3.5604317
0.008252,-3.098118
0.008254,-2.4508786
0.008256,-1.6649456
0.008258,-0.78654957
0.00826,0.13807821
0.008262,1.0164738
0.008264,1.8486385
0.008266,2.6345725
0.008268,3.23558
0.00827,3.6516623
0.008272,3.92905
0.008274,3.92905
0.008276,3.744125
0.008278,3.3742738
0.00828,2.8194976
0.008282,2.126027
0.008284,1.2938623
0.008286,0.4154663
0.008288,-0.5091615
0.00829,-1.387557
0.008292,-2.1734905
0.008294,-2.866961
0.008296,-3.4217377
0.008298,-3.7915885
0.0083,-3.9302826
0.008302,-3.8840513
0.008304,-3.6528945
0.008306,-3.1905808
0.008308,-2.5433414
0.00831,-1.8036394
0.008312,-0.9714751
0.008314,-0.046847343
0.008316,0.87777996
0.008318,1.7099442
0.00832,2.4958777
0.008322,3.1431174
0.008324,3.605431
0.008326,3.8828197
0.008328,3.9752812
0.00833,3.8365874
0.008332,3.4667363
0.008334,2.9119601
0.008336,2.2647214
0.008338,1.4787879
0.00834,0.60039186
0.008342,-0.32423592
0.008344,-1.2488632
0.008346,-2.0347965
0.008348,-2.7744985
0.00835,-3.329275
0.008352,-3.745357
0.008354,-3.9302826
0.008356,-3.9302826
0.008358,-3.6991258
0.00836,-3.2830436
0.008362,-2.6820357
0.008364,-1.9423337
0.008366,-1.1101689
0.008368,-0.18554163
0.00837,0.7390857
0.008372,1.5712504
0.008374,2.357184
0.0083759995,3.050654
0.008378,3.5591989
0.00838,3.8365874
0.008382,3.9752812
0.008384,3.8365874
0.008386,3.5591989
0.008388,3.050654
0.00839,2.357184
0.008392,1.5712504
0.008394,0.7390857
0.008396,-0.18554163
0.008398,-1.0639377
0.0084,-1.8961024
0.008402,-2.6358042
0.008404,-3.236812
0.008406,-3.6991258
0.008408,-3.9302826
0.00841,-3.9302826
0.008412,-3.8840513
0.008414,-0.7403178
0.008416,2.4496465
0.008418,2.033564
0.00842,1.2013993
0.008422,0.3230033
0.008424,-0.601624
0.008426,-1.48002
0.008428,-2.2659533
0.00843,-2.9594238
0.008432,-3.467969
0.008434,-3.8378198
0.008436,-3.976514
0.0084379995,-3.8840513
0.00844,-3.6066632
0.008442,-3.1443493
0.008444,-2.5433414
0.008446,-1.7574081
0.008448,-0.8790121
0.00845,0.045615196
0.008452,0.92401123
0.008454,1.756176
0.008456,2.542109
0.008458,3.1893477
0.00846,3.6516623
0.008462,3.8828197
0.008464,3.92905
0.008466,3.7903562
0.008468,3.420505
0.00847,2.9119601
0.008472,2.172258
0.008474,1.3863249
0.008476,0.50792885
0.008478,-0.41669846
0.00848,-1.2950945
0.008482,-2.081028
0.008484,-2.8207297
0.008486,-3.3755062
0.008488,-3.745357
0.00849,-3.9302826
0.008492,-3.9302826
0.008494,-3.6528945
0.008496,-3.236812
0.008498,-2.6358042
0.0084999995,-1.8961024
0.008502,-1.0639377
0.008504,-0.13931036
0.008506,0.7853174
0.008508,1.6174817
0.00851,2.4034152
0.008512,3.0968862
0.008514,3.5591989
0.008516,3.8828197
0.008518,3.9752812
0.00852,3.8365874
0.008522,3.5129685
0.008524,3.0044227
0.008526,2.3109517
0.008528,1.5250192
0.00853,0.6928544
0.008532,-0.2317729
0.008534,-1.1564007
0.008536,-1.9423337
0.008538,-2.6820357
0.00854,-3.2830436
0.008542,-3.6991258
0.008544,-3.9302826
0.008546,-3.9302826
0.008548,-3.745357
0.00855,-3.329275
0.008552,-2.728267
0.008554,-2.0347965
0.008556,-1.202632
0.008558,-0.27800417
0.00856,0.64662313
0.008562,1.4787879
0.008564,2.3109517
0.008566,2.9581914
0.008568,3.5129685
0.00857,3.8365874
0.008572,3.9752812
0.008574,3.8828197
0.008576,3.605431
0.008578,3.0968862
0.00858,2.4496465
0.008582,1.6637135
0.008584,0.8315482
0.008586,-0.09307861
0.008588,-0.9714751
0.00859,-1.8036394
0.008592,-2.589573
0.008594,-3.1905808
0.008596,-3.6528945
0.008598,-3.8840513
0.0086,-3.9302826
0.008602,-3.7915885
0.008604,-3.4217377
0.008606,-2.866961
0.008608,-2.1734905
0.00861,-1.3413262
0.008612,-0.46292973
0.008614,0.46169758
0.008616,1.3863249
0.008618,2.172258
0.0086199995,2.8657289
0.008622,3.420505
0.008624,3.7903562
0.008626,3.9752812
0.008628,3.8828197
0.00863,3.6516623
0.008632,3.1893477
0.008634,2.5883412
0.008636,1.8024073
0.008638,0.970243
0.00864,0.091846466
0.008642,-0.83278084
0.008644,-1.6649456
0.008646,-2.4508786
0.008648,-3.098118
0.00865,-3.6066632
0.008652,-3.8840513
0.008654,-3.976514
0.008656,-3.8378198
0.008658,-3.467969
0.00866,-2.9594238
0.008662,-2.2659533
0.008664,-1.48002
0.008666,-0.601624
0.008668,0.3230033
0.00867,1.2013993
0.008672,2.033564
0.008674,2.7732663
0.008676,3.3280425
0.008678,3.744125
0.00868,3.92905
0.0086819995,3.92905
0.008684,3.6978936
0.008686,3.2818112
0.008688,2.6808028
0.00869,1.9411016
0.008692,1.1551685
0.008694,0.23054075
0.008696,-0.694087
0.008698,-1.5262513
0.0087,-2.3121846
0.008702,-3.0056553
0.008704,-3.5142004
0.008706,-3.8378198
0.008708,-3.976514
0.00871,-3.8378198
0.008712,-3.5604317
0.008714,-3.0518866
0.008716,-2.4046474
0.008718,-1.6187139
0.00872,-0.78654957
0.008722,0.13807821
0.008724,1.0627055
0.008726,1.8948698
0.008728,2.6345725
0.00873,3.23558
0.008732,3.6978936
0.008734,3.92905
0.008736,3.92905
0.008738,3.744125
0.00874,3.3742738
0.008742,2.8194976
0.0087439995,2.0797954
0.008746,1.2938623
0.008748,0.4154663
0.00875,-0.5091615
0.008752,-1.387557
0.008754,-2.1734905
0.008756,-2.9131925
0.008758,-3.4217377
0.00876,-3.7915885
0.008762,-3.9302826
0.008764,-3.8840513
0.008766,-3.6066632
0.008768,-3.1905808
0.00877,-2.5433414
0.008772,-1.7574081
0.008774,-0.9252434
0.008776,-6.160736E-4
0.008778,0.92401123
0.00878,1.756176
0.008782,2.4958777
0.008784,3.1431174
0.008786,3.605431
0.008788,3.8828197
0.00879,3.9752812
0.008792,3.7903562
0.008794,3.4667363
0.008796,2.9119601
0.008798,2.2184901
0.0088,1.4325566
0.008802,0.5541601
0.008804,-0.3704667
0.0088059995,-1.2488632
0.008808,-2.081028
0.00881,-2.7744985
0.008812,-3.3755062
0.008814,-3.745357
0.008816,-3.9302826
0.008818,-3.9302826
0.00882,-3.6991258
0.008822,-3.2830436
0.008824,-2.6820357
0.008826,-1.8961024
0.008828,-1.0639377
0.00883,-0.18554163
0.008832,0.7390857
0.008834,-1.5262513
0.008836,-2.4508786
0.008838,-3.098118
0.00884,-3.6066632
0.008842,-3.9302826
0.008844,-4.022745
0.008846,-3.8840513
0.008848,-3.5604317
0.00885,-3.098118
0.008852,-2.4046474
0.008854,-1.6187139
0.008856,-0.7403178
0.008858,0.184309
0.00886,1.1089368
0.008862,1.8948698
0.008864,2.6808028
0.008866,3.2818112
0.008868,3.6978936
0.00887,3.92905
0.008872,3.92905
0.008874,3.744125
0.008876,3.3280425
0.008878,2.7732663
0.00888,2.033564
0.008882,1.2476311
0.008884,0.3230033
0.008886,-0.601624
0.008888,-1.48002
0.00889,-2.2659533
0.008892,-2.9594238
0.008894,-3.467969
0.008896,-3.8378198
0.008898,-3.976514
0.0089,-3.8840513
0.008902,-3.6066632
0.008904,-3.1443493
0.008906,-2.4971101
0.008908,-1.7111769
0.00891,-0.8790121
0.008912,0.045615196
0.008914,0.970243
0.008916,1.8024073
0.008918,2.542109
0.00892,3.1893477
0.008922,3.6516623
0.008924,3.8828197
0.0089259995,3.92905
0.008928,3.7903562
0.00893,3.420505
0.008932,2.8657289
0.008934,2.172258
0.008936,1.3863249
0.008938,0.50792885
0.00894,-0.41669846
0.008942,-1.2950945
0.008944,-2.1272593
0.008946,-2.8207297
0.008948,-3.3755062
0.00895,-3.7915885
0.008952,-3.9302826
0.008954,-3.9302826
0.008956,-3.6528945
0.008958,-3.236812
0.00896,-2.6358042
0.008962,-1.8498712
0.008964,-1.0177064
0.008966,-0.09307861
0.008968,0.7853174
0.00897,1.6637135
0.008972,2.4496465
0.008974,3.0968862
0.008976,3.5591989
0.008978,3.8828197
0.00898,3.9752812
0.008982,3.8365874
0.008984,3.5129685
0.008986,3.0044227
0.0089879995,2.3109517
0.00899,1.5250192
0.008992,0.64662313
0.008994,-0.27800417
0.008996,-1.1564007
0.008998,-1.9885652
0.009,-2.6820357
0.009002,-3.2830436
0.009004,-3.6991258
0.009006,-3.9302826
0.009008,-3.9302826
0.00901,-3.745357
0.009012,-3.329275
0.009014,-2.728267
0.009016,-1.9885652
0.009018,-1.202632
0.00902,-0.27800417
0.009022,0.64662313
0.009024,1.5250192
0.009026,2.3109517
0.009028,3.0044227
0.00903,3.5129685
0.009032,3.8365874
0.009034,3.9752812
0.009036,3.8828197
0.009038,3.5591989
0.00904,3.0968862
0.009042,2.4496465
0.009044,1.6637135
0.009046,0.8315482
0.009048,-0.09307861
0.0090499995,-1.0177064
0.009052,-1.8498712
0.009054,-2.589573
0.009056,-3.1905808
0.009058,-3.6528945
0.00906,-3.8840513
0.009062,-3.9302826
0.009064,-3.7915885
0.009066,-3.4217377
0.009068,-2.866961
0.00907,-2.1272593
0.009072,-1.3413262
0.009074,-0.41669846
0.009076,0.50792885
0.009078,1.3863249
0.00908,2.172258
0.009082,2.8657289
0.009084,3.420505
0.009086,3.7903562
0.009088,3.92905
0.00909,3.8828197
0.009092,3.6516623
0.009094,3.1893477
0.009096,2.542109
0.009098,1.8024073
0.0091,0.970243
0.009102,0.045615196
0.009104,-0.83278084
0.009106,-1.6649456
0.009108,-2.4508786
0.00911,-3.098118
0.0091119995,-3.6066632
0.009114,-3.8840513
0.009116,-3.976514
0.009118,-3.8378198
0.00912,-3.467969
0.009122,-2.9594238
0.009124,-2.2659533
0.009126,-1.48002
0.009128,-0.601624
0.00913,0.3230033
0.009132,1.2476311
0.009134,2.033564
0.009136,2.7732663
0.009138,3.3280425
0.00914,3.744125
0.009142,3.92905
0.009144,3.92905
0.009146,3.6978936
0.009148,3.2818112
0.00915,2.6808028
0.009152,1.9411016
0.009154,1.1089368
0.009156,0.23054075
0.009158,-0.694087
0.00916,-1.5262513
0.009162,-2.3121846
0.009164,-3.0056553
0.009166,-3.5142004
0.009168,-3.8378198
0.00917,-3.976514
0.009172,-3.8378198
0.009174,-3.5604317
0.009176,-3.0518866
0.009178,-2.4046474
0.00918,-1.6187139
0.009182,-0.7403178
0.009184,0.184309
0.009186,1.0627055
0.009188,1.8948698
0.00919,2.6345725
0.009192,3.2818112
0.009194,3.6978936
0.009196,3.92905
0.009198,3.92905
0.0092,3.744125
0.009202,3.3742738
0.009204,2.8194976
0.009206,2.0797954
0.009208,1.2938623
0.00921,0.36923456
0.009212,-0.55539227
0.009214,-1.4337888
0.009216,-2.2197218
0.009218,-2.9131925
0.00922,-3.467969
0.009222,-3.7915885
0.009224,-3.9302826
0.009226,-3.8840513
0.009228,-3.6066632
0.00923,-3.1443493
0.0092319995,-2.5433414
0.009234,-1.7574081
0.009236,-0.9252434
0.009238,-6.160736E-4
0.00924,0.92401123
0.009242,1.756176
0.009244,2.542109
0.009246,3.1431174
0.009248,3.605431
0.00925,3.8828197
0.009252,3.9752812
0.009254,1.2476311
0.009256,-2.081028
0.009258,-2.866961
0.00926,-2.2197218
0.009262,-1.387557
0.009264,-0.5091615
0.009266,0.4154663
0.009268,1.2938623
0.00927,2.126027
0.009272,2.8194976
0.009274,3.3742738
0.009276,3.7903562
0.009278,3.92905
0.00928,3.92905
0.009282,3.6978936
0.009284,3.23558
0.009286,2.6345725
0.009288,1.8948698
0.00929,1.0627055
0.009292,0.13807821
0.0092939995,-0.7403178
0.009296,-1.6187139
0.009298,-2.4046474
0.0093,-3.0518866
0.009302,-3.5604317
0.009304,-3.8378198
0.009306,-3.976514
0.009308,-3.8378198
0.00931,-3.5142004
0.009312,-3.0056553
0.009314,-2.3584158
0.009316,-1.5262513
0.009318,-0.694087
0.00932,0.23054075
0.009322,1.1551685
0.009324,1.9411016
0.009326,2.6808028
0.009328,3.2818112
0.00933,3.6978936
0.009332,3.92905
0.009334,3.92905
0.009336,3.744125
0.009338,3.3280425
0.00934,2.727035
0.009342,2.033564
0.009344,1.2013993
0.009346,0.3230033
0.009348,-0.601624
0.00935,-1.48002
0.009352,-2.2659533
0.009354,-2.9594238
0.0093559995,-3.467969
0.009358,-3.8378198
0.00936,-3.976514
0.009362,-3.8840513
0.009364,-3.6066632
0.009366,-3.1443493
0.009368,-2.4971101
0.00937,-1.7111769
0.009372,-0.83278084
0.009374,0.091846466
0.009376,0.970243
0.009378,1.8024073
0.00938,2.5883412
0.009382,3.1893477
0.009384,3.6516623
0.009386,3.8828197
0.009388,3.92905
0.00939,3.7903562
0.009392,3.420505
0.009394,2.8657289
0.009396,2.172258
0.009398,1.3863249
0.0094,0.46169758
0.009402,-0.46292973
0.009404,-1.3413262
0.009406,-2.1272593
0.009408,-2.8207297
0.00941,-3.4217377
0.009412,-3.7915885
0.009414,-3.9302826
0.009416,-3.8840513
0.009418,-3.6528945
0.00942,-3.236812
0.009422,-2.589573
0.009424,-1.8498712
0.009426,-1.0177064
0.009428,-0.09307861
0.00943,0.8315482
0.009432,1.6637135
0.009434,2.4496465
0.009436,3.0968862
0.009438,3.605431
0.00944,3.8828197
0.009442,3.9752812
0.009444,3.8365874
0.009446,3.5129685
0.009448,2.9581914
0.00945,2.3109517
0.009452,1.4787879
0.009454,0.64662313
0.009456,-0.27800417
0.009458,-1.202632
0.00946,-1.9885652
0.009462,-2.728267
0.009464,-3.329275
0.009466,-3.745357
0.009468,-3.9302826
0.00947,-3.9302826
0.009472,-3.6991258
0.009474,-3.2830436
0.0094759995,-2.728267
0.009478,-1.9885652
0.00948,-1.1564007
0.009482,-0.2317729
0.009484,0.6928544
0.009486,1.5250192
0.009488,2.3109517
0.00949,3.0044227
0.009492,3.5129685
0.009494,3.8365874
0.009496,3.9752812
0.009498,3.8828197
0.0095,3.5591989
0.009502,3.0968862
0.009504,2.4034152
0.009506,1.6174817
0.009508,0.7853174
0.00951,-0.13931036
0.009512,-1.0177064
0.009514,-1.8498712
0.009516,-2.589573
0.009518,-3.236812
0.00952,-3.6528945
0.009522,-3.9302826
0.009524,-3.9302826
0.009526,-3.745357
0.009528,-3.3755062
0.00953,-2.8207297
0.009532,-2.1272593
0.009534,-1.2950945
0.009536,-0.41669846
0.0095379995,0.50792885
0.00954,1.3863249
0.009542,2.2184901
0.009544,2.9119601
0.009546,3.420505
0.009548,3.7903562
0.00955,3.9752812
0.009552,3.8828197
0.009554,3.6516623
0.009556,3.1893477
0.009558,2.542109
0.00956,1.8024073
0.009562,0.92401123
0.009564,0.045615196
0.009566,-0.8790121
0.009568,-1.7111769
0.00957,-2.4971101
0.009572,-3.1443493
0.009574,-3.6066632
0.009576,-3.8840513
0.009578,-3.976514
0.00958,-3.7915885
0.009582,-3.467969
0.009584,-2.9594238
0.009586,-2.2659533
0.009588,-1.48002
0.00959,-0.55539227
0.009592,0.36923456
0.009594,1.2476311
0.009596,2.0797954
0.009598,2.7732663
0.0095999995,3.3742738
0.009602,3.744125
0.009604,3.92905
0.009606,3.92905
0.009608,3.6978936
0.00961,3.2818112
0.009612,2.6808028
0.009614,1.9411016
0.009616,1.1089368
0.009618,0.184309
0.00962,-0.7403178
0.009622,-1.5724826
0.009624,-2.3584158
0.009626,-3.0056553
0.009628,-3.5142004
0.00963,-3.8378198
0.009632,-3.976514
0.009634,-3.8378198
0.009636,-3.5604317
0.009638,-3.0518866
0.00964,-2.4046474
0.009642,-1.5724826
0.009644,-0.7403178
0.009646,0.184309
0.009648,1.1089368
0.00965,1.9411016
0.009652,2.6808028
0.009654,3.2818112
0.009656,3.6978936
0.009658,3.92905
0.00966,3.92905
0.0096619995,3.744125
0.009664,3.3742738
0.009666,2.7732663
0.009668,2.0797954
0.00967,1.2476311
0.009672,0.36923456
0.009674,0.64662313
0.009676,1.5250192
0.009678,2.3109517
0.00968,3.0044227
0.009682,3.5129685
0.009684,3.8828197
0.009686,4.0215135
0.009688,3.92905
0.00969,3.6516623
0.009692,3.1893477
0.009694,2.542109
0.009696,1.756176
0.009698,0.92401123
0.0097,-6.160736E-4
0.009702,-0.8790121
0.009704,-1.7574081
0.009706,-2.4971101
0.009708,-3.1443493
0.00971,-3.6066632
0.009712,-3.8840513
0.009714,-3.9302826
0.009716,-3.7915885
0.009718,-3.4217377
0.00972,-2.9131925
0.009722,-2.1734905
0.009724,-1.387557
0.009726,-0.5091615
0.009728,0.4154663
0.00973,1.3400936
0.009732,2.126027
0.009734,2.8194976
0.009736,3.420505
0.009738,3.7903562
0.00974,3.92905
0.009742,3.92905
0.009744,3.6978936
0.009746,3.23558
0.009748,2.6345725
0.00975,1.8948698
0.009752,1.0627055
0.009754,0.13807821
0.009756,-0.78654957
0.009758,-1.6187139
0.00976,-2.4046474
0.009762,-3.0518866
0.009764,-3.5604317
0.009766,-3.8378198
0.009768,-3.9302826
0.00977,-3.8378198
0.009772,-3.5142004
0.009774,-3.0056553
0.009776,-2.3584158
0.009778,-1.5262513
0.00978,-0.694087
0.0097819995,0.23054075
0.009784,1.1551685
0.009786,1.9873328
0.009788,2.727035
0.00979,3.3280425
0.009792,3.6978936
0.009794,3.92905
0.009796,3.92905
0.009798,3.744125
0.0098,3.3280425
0.009802,2.727035
0.009804,2.033564
0.009806,1.2013993
0.009808,0.3230033
0.00981,-0.601624
0.009812,-1.48002
0.009814,-2.2659533
0.009816,-2.9594238
0.009818,-3.467969
0.00982,-3.8378198
0.009822,-3.976514
0.009824,-3.8840513
0.009826,-3.6066632
0.009828,-3.098118
0.00983,-2.4508786
0.009832,-1.6649456
0.009834,-0.83278084
0.009836,0.091846466
0.009838,1.0164738
0.00984,1.8486385
0.009842,2.5883412
0.0098439995,3.1893477
0.009846,3.6516623
0.009848,3.92905
0.00985,3.92905
0.009852,3.7903562
0.009854,3.420505
0.009856,2.8657289
0.009858,2.126027
0.00986,1.3400936
0.009862,0.46169758
0.009864,-0.46292973
0.009866,-1.3413262
0.009868,-2.1272593
0.00987,-2.866961
0.009872,-3.4217377
0.009874,-3.7915885
0.009876,-3.9302826
0.009878,-3.8840513
0.00988,-3.6528945
0.009882,-3.1905808
0.009884,-2.589573
0.009886,-1.8036394
0.009888,-0.9714751
0.00989,-0.09307861
0.009892,0.8315482
0.009894,1.7099442
0.009896,2.4496465
0.009898,3.0968862
0.0099,3.605431
0.009902,3.8828197
0.009904,3.9752812
0.0099059995,3.8365874
0.009908,3.4667363
0.00991,2.9581914
0.009912,2.2647214
0.009914,1.4787879
0.009916,0.60039186
0.009918,-0.27800417
0.00992,-1.202632
0.009922,-1.9885652
0.009924,-2.728267
0.009926,-3.329275
0.009928,-3.745357
0.00993,-3.9302826
0.009932,-3.9302826
0.009934,-3.6991258
0.009936,-3.2830436
0.009938,-2.728267
0.00994,-1.9885652
0.009942,-1.1564007
0.009944,-0.2317729
0.009946,0.6928544
0.009948,1.5250192
0.00995,2.357184
0.009952,3.0044227
0.009954,3.5129685
0.009956,3.8365874
0.009958,3.9752812
0.00996,3.8828197
0.009962,3.5591989
0.009964,3.050654
0.009966,2.4034152
0.0099679995,1.6174817
0.00997,0.7853174
0.009972,-0.13931036
0.009974,-1.0639377
0.009976,-1.8498712
0.009978,-2.6358042
0.00998,-3.236812
0.009982,-3.6528945
0.009984,-3.9302826
0.009986,-3.9302826
0.009988,-3.745357
0.00999,-3.3755062
0.009992,-2.8207297
0.009994,-2.1272593
0.009996,-1.2950945
0.009998,-0.3704667
0.01,0.5541601
0.010002,1.4325566
0.010004,2.2184901
0.010006,2.9119601
0.010008,3.4667363
0.01001,3.7903562
0.010012,3.9752812
0.010014,3.8828197
0.010016,3.6516623
0.010018,3.1431174
0.01002,2.542109
0.010022,1.756176
0.010024,0.92401123
0.010026,-6.160736E-4
0.010028,-0.8790121
0.01003,-1.7111769
0.010032,-2.4971101
0.010034,-3.1443493
0.010036,-3.6066632
0.010038,-3.8840513
0.01004,-3.976514
0.010042,-3.7915885
0.010044,-3.467969
0.010046,-2.9131925
0.010048,-2.2197218
0.01005,-1.4337888
0.010052,-0.55539227
0.010054,0.36923456
0.010056,1.2938623
0.010058,2.0797954
0.01006,2.8194976
0.010062,3.3742738
0.010064,3.744125
0.010066,3.92905
0.010068,3.92905
0.01007,3.6978936
0.010072,3.23558
0.010074,2.6345725
0.010076,1.8948698
0.010078,1.0627055
0.01008,0.184309
0.010082,-0.7403178
0.010084,-1.5724826
0.010086,-2.3584158
0.0100879995,-3.0518866
0.01009,-3.5604317
0.010092,-3.8378198
0.010094,-2.081028
0.010096,1.5712504
0.010098,3.4667363
0.0101,3.0044227
0.010102,2.357184
0.010104,1.5712504
0.010106,0.6928544
0.010108,-0.2317729
0.01011,-1.1101689
0.010112,-1.9423337
0.010114,-2.6820357
0.010116,-3.2830436
0.010118,-3.6991258
0.01012,-3.9302826
0.010122,-3.9302826
0.010124,-3.745357
0.010126,-3.329275
0.010128,-2.7744985
0.01013,-2.0347965
0.010132,-1.2488632
0.010134,-0.32423592
0.010136,0.60039186
0.010138,1.4787879
0.01014,2.2647214
0.010142,2.9581914
0.010144,3.4667363
0.010146,3.8365874
0.010148,3.9752812
0.0101499995,3.8828197
0.010152,3.605431
0.010154,3.1431174
0.010156,2.4958777
0.010158,1.7099442
0.01016,0.87777996
0.010162,-0.046847343
0.010164,-0.9714751
0.010166,-1.8036394
0.010168,-2.5433414
0.01017,-3.1905808
0.010172,-3.6528945
0.010174,-3.8840513
0.010176,-3.9302826
0.010178,-3.7915885
0.01018,-3.4217377
0.010182,-2.866961
0.010184,-2.1734905
0.010186,-1.387557
0.010188,-0.46292973
0.01019,0.46169758
0.010192,1.3400936
0.010194,2.126027
0.010196,2.8657289
0.010198,3.420505
0.0102,3.7903562
0.010202,3.92905
0.010204,3.92905
0.010206,3.6516623
0.010208,3.23558
0.01021,2.5883412
0.0102119995,1.8486385
0.010214,1.0164738
0.010216,0.13807821
0.010218,-0.78654957
0.01022,-1.6187139
0.010222,-2.4046474
0.010224,-3.098118
0.010226,-3.5604317
0.010228,-3.8840513
0.01023,-3.976514
0.010232,-3.8378198
0.010234,-3.5142004
0.010236,-3.0056553
0.010238,-2.3121846
0.01024,-1.5262513
0.010242,-0.6478553
0.010244,0.27677202
0.010246,1.2013993
0.010248,1.9873328
0.01025,2.727035
0.010252,3.3280425
0.010254,3.744125
0.010256,3.92905
0.010258,3.92905
0.01026,3.744125
0.010262,3.3280425
0.010264,2.727035
0.010266,1.9873328
0.010268,1.1551685
0.01027,0.27677202
0.010272,-0.6478553
0.010274,-1.48002
0.010276,-2.3121846
0.010278,-2.9594238
0.01028,-3.5142004
0.010282,-3.8378198
0.010284,-3.976514
0.010286,-3.8840513
0.010288,-3.5604317
0.01029,-3.098118
0.010292,-2.4508786
0.010294,-1.6649456
0.010296,-0.78654957
0.010298,0.13807821
0.0103,1.0164738
0.010302,1.8486385
0.010304,2.6345725
0.010306,3.23558
0.010308,3.6516623
0.01031,3.92905
0.010312,3.92905
0.010314,3.7903562
0.010316,3.3742738
0.010318,2.8194976
0.01032,2.126027
0.010322,1.3400936
0.010324,0.4154663
0.010326,-0.5091615
0.010328,-1.387557
0.01033,-2.1734905
0.0103319995,-2.866961
0.010334,-3.4217377
0.010336,-3.7915885
0.010338,-3.9302826
0.01034,-3.8840513
0.010342,-3.6528945
0.010344,-3.1905808
0.010346,-2.589573
0.010348,-1.8036394
0.01035,-0.9714751
0.010352,-0.046847343
0.010354,0.87777996
0.010356,1.7099442
0.010358,2.4958777
0.01036,3.1431174
0.010362,3.605431
0.010364,3.8828197
0.010366,3.9752812
0.010368,3.8365874
0.01037,3.4667363
0.010372,2.9581914
0.010374,2.2647214
0.010376,1.4787879
0.010378,0.60039186
0.01038,-0.32423592
0.010382,-1.202632
0.010384,-2.0347965
0.010386,-2.7744985
0.010388,-3.329275
0.01039,-3.745357
0.010392,-3.9302826
0.0103939995,-3.9302826
0.010396,-3.6991258
0.010398,-3.2830436
0.0104,-2.6820357
0.010402,-1.9423337
0.010404,-1.1101689
0.010406,-0.18554163
0.010408,0.6928544
0.01041,1.5712504
0.010412,2.357184
0.010414,3.050654
0.010416,3.5591989
0.010418,3.8365874
0.01042,3.9752812
0.010422,3.8365874
0.010424,3.5591989
0.010426,3.050654
0.010428,2.4034152
0.01043,1.6174817
0.010432,0.7390857
0.010434,-0.18554163
0.010436,-1.0639377
0.010438,-1.8961024
0.01044,-2.6358042
0.010442,-3.236812
0.010444,-3.6991258
0.010446,-3.9302826
0.010448,-3.9302826
0.01045,-3.745357
0.010452,-3.3755062
0.010454,-2.8207297
0.0104559995,-2.081028
0.010458,-1.2488632
0.01046,-0.3704667
0.010462,0.5541601
0.010464,1.4325566
0.010466,2.2184901
0.010468,2.9119601
0.01047,3.4667363
0.010472,3.7903562
0.010474,3.9752812
0.010476,3.8828197
0.010478,3.605431
0.01048,3.1431174
0.010482,2.4958777
0.010484,1.756176
0.010486,0.92401123
0.010488,-6.160736E-4
0.01049,-0.9252434
0.010492,-1.7574081
0.010494,-2.4971101
0.010496,-3.1443493
0.010498,-3.6066632
0.0105,-3.8840513
0.010502,-3.9302826
0.010504,-3.7915885
0.010506,-3.467969
0.010508,-2.9131925
0.01051,-2.2197218
0.010512,-1.4337888
0.010514,0.13807821
0.010516,-0.46292973
0.0105179995,-1.3413262
0.01052,-2.1272593
0.010522,-2.866961
0.010524,-3.4217377
0.010526,-3.7915885
0.010528,-3.976514
0.01053,-3.976514
0.010532,-3.745357
0.010534,-3.2830436
0.010536,-2.6820357
0.010538,-1.9423337
0.01054,-1.1101689
0.010542,-0.18554163
0.010544,0.7390857
0.010546,1.6174817
0.010548,2.4034152
0.01055,3.050654
0.010552,3.5591989
0.010554,3.8365874
0.010556,3.92905
0.010558,3.8365874
0.01056,3.5129685
0.010562,3.0044227
0.010564,2.3109517
0.010566,1.5250192
0.010568,0.6928544
0.01057,-0.2317729
0.010572,-1.1101689
0.010574,-1.9423337
0.010576,-2.6820357
0.010578,-3.2830436
0.01058,-3.6991258
0.010582,-3.9302826
0.010584,-3.9302826
0.010586,-3.745357
0.010588,-3.329275
0.01059,-2.7744985
0.010592,-2.0347965
0.010594,-1.202632
0.010596,-0.32423592
0.010598,0.60039186
0.0106,1.4787879
0.010602,2.2647214
0.010604,2.9581914
0.010606,3.4667363
0.010608,3.8365874
0.01061,3.9752812
0.010612,3.8828197
0.010614,3.605431
0.010616,3.0968862
0.010618,2.4496465
0.01062,1.7099442
0.010622,0.8315482
0.010624,-0.046847343
0.010626,-0.9714751
0.010628,-1.8036394
0.01063,-2.5433414
0.010632,-3.1905808
0.010634,-3.6528945
0.010636,-3.8840513
0.0106379995,-3.9302826
0.01064,-3.7915885
0.010642,-3.4217377
0.010644,-2.866961
0.010646,-2.1734905
0.010648,-1.387557
0.01065,-0.46292973
0.010652,0.46169758
0.010654,1.3400936
0.010656,2.126027
0.010658,2.8657289
0.01066,3.420505
0.010662,3.7903562
0.010664,3.92905
0.010666,3.92905
0.010668,3.6516623
0.01067,3.1893477
0.010672,2.5883412
0.010674,1.8486385
0.010676,1.0164738
0.010678,0.091846466
0.01068,-0.83278084
0.010682,-1.6649456
0.010684,-2.4508786
0.010686,-3.098118
0.010688,-3.5604317
0.01069,-3.8840513
0.010692,-3.976514
0.010694,-3.8378198
0.010696,-3.5142004
0.010698,-3.0056553
0.0106999995,-2.3121846
0.010702,-1.48002
0.010704,-0.6478553
0.010706,0.27677202
0.010708,1.2013993
0.01071,2.033564
0.010712,2.727035
0.010714,3.3280425
0.010716,3.744125
0.010718,3.92905
0.01072,3.92905
0.010722,3.6978936
0.010724,3.2818112
0.010726,2.727035
0.010728,1.9873328
0.01073,1.1551685
0.010732,0.27677202
0.010734,-0.6478553
0.010736,-1.5262513
0.010738,-2.3121846
0.01074,-3.0056553
0.010742,-3.5142004
0.010744,-3.8378198
0.010746,-3.976514
0.010748,-3.8840513
0.01075,-3.5604317
0.010752,-3.098118
0.010754,-2.4508786
0.010756,-1.6187139
0.010758,-0.78654957
0.01076,0.13807821
0.0107619995,1.0627055
0.010764,1.8948698
0.010766,2.6345725
0.010768,3.23558
0.01077,3.6978936
0.010772,3.92905
0.010774,3.92905
0.010776,3.744125
0.010778,3.3742738
0.01078,2.8194976
0.010782,2.126027
0.010784,1.2938623
0.010786,0.4154663
0.010788,-0.5091615
0.01079,-1.387557
0.010792,-2.1734905
0.010794,-2.866961
0.010796,-3.4217377
0.010798,-3.7915885
0.0108,-3.9302826
0.010802,-3.8840513
0.010804,-3.6528945
0.010806,-3.1905808
0.010808,-2.5433414
0.01081,-1.8036394
0.010812,-0.9252434
0.010814,-0.046847343
0.010816,0.87777996
0.010818,1.7099442
0.01082,2.4958777
0.010822,3.1431174
0.0108239995,3.605431
0.010826,3.8828197
0.010828,3.9752812
0.01083,3.7903562
0.010832,3.4667363
0.010834,2.9119601
0.010836,2.2184901
0.010838,1.4787879
0.01084,0.5541601
0.010842,-0.32423592
0.010844,-1.2488632
0.010846,-2.0347965
0.010848,-2.7744985
0.01085,-3.329275
0.010852,-3.745357
0.010854,-3.9302826
0.010856,-3.9302826
0.010858,-3.6991258
0.01086,-3.2830436
0.010862,-2.6820357
0.010864,-1.9423337
0.010866,-1.1101689
0.010868,-0.18554163
0.01087,0.7390857
0.010872,1.5712504
0.010874,2.357184
0.010876,3.050654
0.010878,3.5591989
0.01088,3.8365874
0.0108819995,3.9752812
0.010884,3.8365874
0.010886,3.5591989
0.010888,3.050654
0.01089,2.357184
0.010892,1.5712504
0.010894,0.7390857
0.010896,-0.18554163
0.010898,-1.0639377
0.0109,-1.8961024
0.010902,-2.6358042
0.010904,-3.2830436
0.010906,-3.6991258
0.010908,-3.9302826
0.01091,-3.9302826
0.010912,-3.745357
0.010914,-3.3755062
0.010916,-2.7744985
0.010918,-2.081028
0.01092,-1.2488632
0.010922,-0.3704667
0.010924,0.5541601
0.010926,1.4787879
0.010928,2.2647214
0.01093,2.9581914
0.010932,3.4667363
0.010934,2.2184901
0.010936,-1.202632
0.010938,-3.745357
0.01094,-3.6066632
0.010942,-3.1443493
0.0109439995,-2.4971101
0.010946,-1.7574081
0.010948,-0.8790121
0.01095,0.045615196
0.010952,0.92401123
0.010954,1.8024073
0.010956,2.542109
0.010958,3.1893477
0.01096,3.6516623
0.010962,3.8828197
0.010964,3.92905
0.010966,3.7903562
0.010968,3.420505
0.01097,2.8657289
0.010972,2.172258
0.010974,1.3863249
0.010976,0.50792885
0.010978,-0.41669846
0.01098,-1.2950945
0.010982,-2.081028
0.010984,-2.8207297
0.010986,-3.3755062
0.010988,-3.7915885
0.01099,-3.9302826
0.010992,-3.9302826
0.010994,-3.6991258
0.010996,-3.236812
0.010998,-2.6358042
0.011,-1.8961024
0.011002,-1.0177064
0.011004,-0.13931036
0.0110059995,0.7853174
0.011008,1.6637135
0.01101,2.4034152
0.011012,3.0968862
0.011014,3.5591989
0.011016,3.8828197
0.011018,3.9752812
0.01102,3.8365874
0.011022,3.5129685
0.011024,3.0044227
0.011026,2.3109517
0.011028,1.5250192
0.01103,0.64662313
0.011032,-0.2317729
0.011034,-1.1564007
0.011036,-1.9423337
0.011038,-2.6820357
0.01104,-3.2830436
0.011042,-3.6991258
0.011044,-3.9302826
0.011046,-3.9302826
0.011048,-3.745357
0.01105,-3.329275
0.011052,-2.728267
0.011054,-2.0347965
0.011056,-1.202632
0.011058,-0.27800417
0.01106,0.64662313
0.011062,1.4787879
0.011064,2.3109517
0.011066,2.9581914
0.0110679995,3.5129685
0.01107,3.8365874
0.011072,3.9752812
0.011074,3.8828197
0.011076,3.5591989
0.011078,3.0968862
0.01108,2.4496465
0.011082,1.6637135
0.011084,0.8315482
0.011086,-0.09307861
0.011088,-0.9714751
0.01109,-1.8036394
0.011092,-2.589573
0.011094,-3.1905808
0.011096,-3.6528945
0.011098,-3.8840513
0.0111,-3.9302826
0.011102,-3.7915885
0.011104,-3.4217377
0.011106,-2.866961
0.011108,-2.1272593
0.01111,-1.3413262
0.011112,-0.46292973
0.011114,0.46169758
0.011116,1.3863249
0.011118,2.172258
0.01112,2.8657289
0.011122,3.420505
0.011124,3.7903562
0.011126,3.92905
0.011128,3.8828197
0.0111299995,3.6516623
0.011132,3.1893477
0.011134,2.5883412
0.011136,1.8024073
0.011138,0.970243
0.01114,0.091846466
0.011142,-0.83278084
0.011144,-1.6649456
0.011146,-2.4508786
0.011148,-3.098118
0.01115,-3.6066632
0.011152,-3.8840513
0.011154,-3.976514
0.011156,-3.8378198
0.011158,-3.467969
0.01116,-2.9594238
0.011162,-2.2659533
0.011164,-1.48002
0.011166,-0.601624
0.011168,0.3230033
0.01117,1.2013993
0.011172,2.033564
0.011174,2.7732663
0.011176,3.3280425
0.011178,3.744125
0.01118,3.92905
0.011182,3.92905
0.011184,3.6978936
0.011186,3.2818112
0.0111879995,2.6808028
0.01119,1.9411016
0.011192,1.1551685
0.011194,0.23054075
0.011196,-0.694087
0.011198,-1.5262513
0.0112,-2.3121846
0.011202,-3.0056553
0.011204,-3.5142004
0.011206,-3.8378198
0.011208,-3.976514
0.01121,-3.8378198
0.011212,-3.5604317
0.011214,-3.0518866
0.011216,-2.4046474
0.011218,-1.6187139
0.01122,-0.7403178
0.011222,0.13807821
0.011224,1.0627055
0.011226,1.8948698
0.011228,2.6345725
0.01123,3.23558
0.011232,3.6978936
0.011234,3.92905
0.011236,3.92905
0.011238,3.744125
0.01124,3.3742738
0.011242,2.8194976
0.011244,2.0797954
0.011246,1.2938623
0.011248,0.36923456
0.0112499995,-0.5091615
0.011252,-1.4337888
0.011254,-2.2197218
0.011256,-2.9131925
0.011258,-3.4217377
0.01126,-3.7915885
0.011262,-3.9302826
0.011264,-3.8840513
0.011266,-3.6066632
0.011268,-3.1443493
0.01127,-2.5433414
0.011272,-1.7574081
0.011274,-0.9252434
0.011276,-6.160736E-4
0.011278,0.92401123
0.01128,1.756176
0.011282,2.542109
0.011284,3.1431174
0.011286,3.605431
0.011288,3.8828197
0.01129,3.9752812
0.011292,3.7903562
0.011294,3.4667363
0.011296,2.9119601
0.011298,2.2184901
0.0113,1.4325566
0.011302,0.5541601
0.011304,-0.3704667
0.011306,-1.2488632
0.011308,-2.081028
0.01131,-2.7744985
0.0113119995,-3.3755062
0.011314,-3.745357
0.011316,-3.9302826
0.011318,-3.9302826
0.01132,-3.6991258
0.011322,-3.236812
0.011324,-2.6820357
0.011326,-1.8961024
0.011328,-1.0639377
0.01133,-0.18554163
0.011332,0.7390857
0.011334,1.6174817
0.011336,2.4034152
0.011338,3.050654
0.01134,3.5591989
0.011342,3.8828197
0.011344,3.9752812
0.011346,3.8365874
0.011348,3.5129685
0.01135,3.0044227
0.011352,2.357184
0.011354,0.5541601
0.011356,-0.601624
0.011358,0.27677202
0.01136,1.2013993
0.011362,2.033564
0.011364,2.727035
0.011366,3.3280425
0.011368,3.744125
0.01137,3.9752812
0.011372,3.9752812
0.0113739995,3.7903562
0.011376,3.3742738
0.011378,2.8194976
0.01138,2.0797954
0.011382,1.2476311
0.011384,0.36923456
0.011386,-0.55539227
0.011388,-1.4337888
0.01139,-2.2197218
0.011392,-2.9131925
0.011394,-3.467969
0.011396,-3.7915885
0.011398,-3.9302826
0.0114,-3.8840513
0.011402,-3.6066632
0.011404,-3.1443493
0.011406,-2.4971101
0.011408,-1.7111769
0.01141,-0.83278084
0.011412,0.045615196
0.011414,0.970243
0.011416,1.8024073
0.011418,2.5883412
0.01142,3.1893477
0.011422,3.6516623
0.011424,3.92905
0.011426,3.9752812
0.011428,3.7903562
0.01143,3.420505
0.011432,2.8657289
0.011434,2.172258
0.011436,1.3863249
0.011438,0.50792885
0.01144,-0.41669846
0.011442,-1.2950945
0.011444,-2.1272593
0.011446,-2.8207297
0.011448,-3.3755062
0.01145,-3.7915885
0.011452,-3.9302826
0.011454,-3.9302826
0.011456,-3.6528945
0.011458,-3.236812
0.01146,-2.6358042
0.011462,-1.8498712
0.011464,-1.0177064
0.011466,-0.09307861
0.011468,0.8315482
0.01147,1.6637135
0.011472,2.4496465
0.011474,3.0968862
0.011476,3.5591989
0.011478,3.8828197
0.01148,3.9752812
0.011482,3.8365874
0.011484,3.5129685
0.011486,3.0044227
0.011488,2.3109517
0.01149,1.5250192
0.011492,0.64662313
0.0114939995,-0.27800417
0.011496,-1.1564007
0.011498,-1.9885652
0.0115,-2.728267
0.011502,-3.329275
0.011504,-3.6991258
0.011506,-3.9302826
0.011508,-3.9302826
0.01151,-3.745357
0.011512,-3.329275
0.011514,-2.728267
0.011516,-1.9885652
0.011518,-1.1564007
0.01152,-0.27800417
0.011522,0.64662313
0.011524,1.5250192
0.011526,2.3109517
0.011528,3.0044227
0.01153,3.5129685
0.011532,3.8365874
0.011534,3.9752812
0.011536,3.8828197
0.011538,3.5591989
0.01154,3.0968862
0.011542,2.4496465
0.011544,1.6637135
0.011546,0.8315482
0.011548,-0.09307861
0.01155,-1.0177064
0.011552,-1.8498712
0.011554,-2.589573
0.0115559995,-3.236812
0.011558,-3.6528945
0.01156,-3.9302826
0.011562,-3.9302826
0.011564,-3.7915885
0.011566,-3.4217377
0.011568,-2.866961
0.01157,-2.1272593
0.011572,-1.3413262
0.011574,-0.41669846
0.011576,0.50792885
0.011578,1.3863249
0.01158,2.172258
0.011582,2.8657289
0.011584,3.420505
0.011586,3.7903562
0.011588,3.9752812
0.01159,3.8828197
0.011592,3.6516623
0.011594,3.1893477
0.011596,2.542109
0.011598,1.8024073
0.0116,0.970243
0.011602,0.045615196
0.011604,-0.83278084
0.011606,-1.7111769
0.011608,-2.4508786
0.01161,-3.098118
0.011612,-3.6066632
0.011614,-3.8840513
0.011616,-3.976514
0.0116179995,-3.8378198
0.01162,-3.467969
0.011622,-2.9594238
0.011624,-2.2659533
0.011626,-1.48002
0.011628,-0.601624
0.01163,0.3230033
0.011632,1.2476311
0.011634,2.033564
0.011636,2.7732663
0.011638,3.3742738
0.01164,3.744125
0.011642,3.92905
0.011644,3.92905
0.011646,3.6978936
0.011648,3.2818112
0.01165,2.6808028
0.011652,1.9411016
0.011654,1.1089368
0.011656,0.23054075
0.011658,-0.694087
0.01166,-1.5262513
0.011662,-2.3584158
0.011664,-3.0056553
0.011666,-3.5142004
0.011668,-3.8378198
0.01167,-3.976514
0.011672,-3.8378198
0.011674,-3.5604317
0.011676,-3.0518866
0.011678,-2.4046474
0.0116799995,-1.6187139
0.011682,-0.7403178
0.011684,0.184309
0.011686,1.0627055
0.011688,1.8948698
0.01169,2.6345725
0.011692,3.2818112
0.011694,3.6978936
0.011696,3.92905
0.011698,3.92905
0.0117,3.744125
0.011702,3.3742738
0.011704,2.7732663
0.011706,2.0797954
0.011708,1.2476311
0.01171,0.36923456
0.011712,-0.55539227
0.011714,-1.4337888
0.011716,-2.2197218
0.011718,-2.9131925
0.01172,-3.467969
0.011722,-3.7915885
0.011724,-3.9302826
0.011726,-3.8840513
0.011728,-3.6066632
0.01173,-3.1443493
0.011732,-2.5433414
0.011734,-1.7574081
0.011736,-0.8790121
0.0117379995,-6.160736E-4
0.01174,0.92401123
0.011742,1.756176
0.011744,2.542109
0.011746,3.1893477
0.011748,3.6516623
0.01175,3.8828197
0.011752,3.9752812
0.011754,3.7903562
0.011756,3.420505
0.011758,2.9119601
0.01176,2.2184901
0.011762,1.4325566
0.011764,0.5541601
0.011766,-0.3704667
0.011768,-1.2950945
0.01177,-2.081028
0.011772,-2.7744985
0.011774,-2.5433414
0.011776,1.0164738
0.011778,3.8365874
0.01178,3.92905
0.011782,3.6978936
0.011784,3.2818112
0.011786,2.6345725
0.011788,1.8948698
0.01179,1.0627055
0.011792,0.184309
0.011794,-0.7403178
0.011796,-1.5724826
0.011798,-2.3584158
0.0117999995,-3.0518866
0.011802,-3.5604317
0.011804,-3.8378198
0.011806,-3.9302826
0.011808,-3.8378198
0.01181,-3.5142004
0.011812,-3.0056553
0.011814,-2.3121846
0.011816,-1.5262513
0.011818,-0.694087
0.01182,0.23054075
0.011822,1.1551685
0.011824,1.9873328
0.011826,2.727035
0.011828,3.2818112
0.01183,3.6978936
0.011832,3.92905
0.011834,3.92905
0.011836,3.744125
0.011838,3.3280425
0.01184,2.7732663
0.011842,2.033564
0.011844,1.2013993
0.011846,0.3230033
0.011848,-0.601624
0.01185,-1.48002
0.011852,-2.2659533
0.011854,-2.9594238
0.011856,-3.467969
0.011858,-3.8378198
0.01186,-3.9302826
0.0118619995,-3.8840513
0.011864,-3.6066632
0.011866,-3.098118
0.011868,-2.4508786
0.01187,-1.7111769
0.011872,-0.83278084
0.011874,0.091846466
0.011876,1.0164738
0.011878,1.8486385
0.01188,2.5883412
0.011882,3.1893477
0.011884,3.6516623
0.011886,3.92905
0.011888,3.9752812
0.01189,3.7903562
0.011892,3.420505
0.011894,2.8657289
0.011896,2.172258
0.011898,1.3863249
0.0119,0.46169758
0.011902,-0.46292973
0.011904,-1.3413262
0.011906,-2.1272593
0.011908,-2.8207297
0.01191,-3.4217377
0.011912,-3.7915885
0.011914,-3.9302826
0.011916,-3.8840513
0.011918,-3.6528945
0.01192,-3.1905808
0.011922,-2.589573
0.0119239995,-1.8498712
0.011926,-1.0177064
0.011928,-0.09307861
0.01193,0.8315482
0.011932,1.6637135
0.011934,2.4496465
0.011936,3.0968862
0.011938,3.605431
0.01194,3.8828197
0.011942,3.9752812
0.011944,3.8365874
0.011946,3.5129685
0.011948,2.9581914
0.01195,2.2647214
0.011952,1.4787879
0.011954,0.64662313
0.011956,-0.27800417
0.011958,-1.202632
0.01196,-1.9885652
0.011962,-2.728267
0.011964,-3.329275
0.011966,-3.745357
0.011968,-3.9302826
0.01197,-3.9302826
0.011972,-3.6991258
0.011974,-3.2830436
0.011976,-2.728267
0.011978,-1.9885652
0.01198,-1.1564007
0.011982,-0.2317729
0.011984,0.6928544
0.0119859995,1.5250192
0.011988,2.3109517
0.01199,3.0044227
0.011992,3.5129685
0.011994,3.8365874
0.011996,3.9752812
0.011998,3.8828197
0.012,3.5591989
0.012002,3.050654
0.012004,2.4034152
0.012006,1.6174817
0.012008,0.7853174
0.01201,-0.13931036
0.012012,-1.0177064
0.012014,-1.8498712
0.012016,-2.589573
0.012018,-3.236812
0.01202,-3.6528945
0.012022,-3.9302826
0.012024,-3.9302826
0.012026,-3.745357
0.012028,-3.3755062
0.01203,-2.8207297
0.012032,-2.1272593
0.012034,-1.2950945
0.012036,-0.41669846
0.012038,0.50792885
0.01204,1.4325566
0.012042,2.2184901
0.0120439995,2.9119601
0.012046,3.4667363
0.012048,3.7903562
0.01205,3.92905
0.012052,3.8828197
0.012054,3.6516623
0.012056,3.1893477
0.012058,2.542109
0.01206,1.756176
0.012062,0.92401123
0.012064,0.045615196
0.012066,-0.8790121
0.012068,-1.7111769
0.01207,-2.4971101
0.012072,-3.1443493
0.012074,-3.6066632
0.012076,-3.8840513
0.012078,-3.9302826
0.01208,-3.7915885
0.012082,-3.467969
0.012084,-2.9594238
0.012086,-2.2659533
0.012088,-1.4337888
0.01209,-0.55539227
0.012092,0.36923456
0.012094,1.2476311
0.012096,2.0797954
0.012098,2.7732663
0.0121,3.3742738
0.012102,3.744125
0.012104,3.92905
0.0121059995,3.92905
0.012108,3.6978936
0.01211,3.2818112
0.012112,2.6808028
0.012114,1.8948698
0.012116,1.1089368
0.012118,0.184309
0.01212,-0.7403178
0.012122,-1.5724826
0.012124,-2.3584158
0.012126,-3.0518866
0.012128,-3.5604317
0.01213,-3.8378198
0.012132,-3.976514
0.012134,-3.8378198
0.012136,-3.5604317
0.012138,-3.0518866
0.01214,-2.3584158
0.012142,-1.5724826
0.012144,-0.7403178
0.012146,0.184309
0.012148,1.1089368
0.01215,1.9411016
0.012152,2.6808028
0.012154,3.2818112
0.012156,3.6978936
0.012158,3.92905
0.01216,3.92905
0.012162,3.744125
0.012164,3.3280425
0.012166,2.7732663
0.0121679995,2.033564
0.01217,1.2476311
0.012172,0.36923456
0.012174,-0.55539227
0.012176,-1.4337888
0.012178,-2.2197218
0.01218,-2.9131925
0.012182,-3.467969
0.012184,-3.7915885
0.012186,-3.9302826
0.012188,-3.8840513
0.01219,-3.6066632
0.012192,-3.1443493
0.012194,-2.1734905
0.012196,1.1551685
0.012198,0.7853174
0.0122,-0.09307861
0.012202,-1.0177064
0.012204,-1.8036394
0.012206,-2.589573
0.012208,-3.236812
0.01221,-3.6991258
0.012212,-3.9302826
0.012214,-3.976514
0.012216,-3.8378198
0.012218,-3.467969
0.01222,-2.9131925
0.012222,-2.2197218
0.012224,-1.4337888
0.012226,-0.5091615
0.012228,0.4154663
0.0122299995,1.2938623
0.012232,2.0797954
0.012234,2.8194976
0.012236,3.3742738
0.012238,3.744125
0.01224,3.92905
0.012242,3.8828197
0.012244,3.6516623
0.012246,3.23558
0.012248,2.5883412
0.01225,1.8486385
0.012252,1.0164738
0.012254,0.13807821
0.012256,-0.78654957
0.012258,-1.6187139
0.01226,-2.4046474
0.012262,-3.0518866
0.012264,-3.5604317
0.012266,-3.8840513
0.012268,-3.976514
0.01227,-3.8378198
0.012272,-3.5142004
0.012274,-3.0056553
0.012276,-2.3121846
0.012278,-1.5262513
0.01228,-0.6478553
0.012282,0.27677202
0.012284,1.1551685
0.012286,1.9873328
0.012288,2.727035
0.01229,3.3280425
0.0122919995,3.6978936
0.012294,3.92905
0.012296,3.92905
0.012298,3.744125
0.0123,3.3280425
0.012302,2.727035
0.012304,1.9873328
0.012306,1.2013993
0.012308,0.27677202
0.01231,-0.601624
0.012312,-1.48002
0.012314,-2.2659533
0.012316,-2.9594238
0.012318,-3.5142004
0.01232,-3.8378198
0.012322,-3.976514
0.012324,-3.8840513
0.012326,-3.6066632
0.012328,-3.098118
0.01233,-2.4508786
0.012332,-1.6649456
0.012334,-0.83278084
0.012336,0.091846466
0.012338,1.0164738
0.01234,1.8486385
0.012342,2.5883412
0.012344,3.23558
0.012346,3.6516623
0.012348,3.92905
0.0123499995,3.92905
0.012352,3.7903562
0.012354,3.420505
0.012356,2.8657289
0.012358,2.126027
0.01236,1.3400936
0.012362,0.46169758
0.012364,-0.46292973
0.012366,-1.3413262
0.012368,-2.1272593
0.01237,-2.866961
0.012372,-3.4217377
0.012374,-3.7915885
0.012376,-3.9302826
0.012378,-3.8840513
0.01238,-3.6528945
0.012382,-3.1905808
0.012384,-2.589573
0.012386,-1.8036394
0.012388,-0.9714751
0.01239,-0.046847343
0.012392,0.8315482
0.012394,1.7099442
0.012396,2.4958777
0.012398,3.1431174
0.0124,3.605431
0.012402,3.8828197
0.012404,3.9752812
0.012406,3.8365874
0.012408,3.4667363
0.01241,2.9581914
0.0124119995,2.2647214
0.012414,1.4787879
0.012416,0.60039186
0.012418,-0.32423592
0.01242,-1.202632
0.012422,-1.9885652
0.012424,-2.728267
0.012426,-3.329275
0.012428,-3.745357
0.01243,-3.9302826
0.012432,-3.9302826
0.012434,-3.6991258
0.012436,-3.2830436
0.012438,-2.728267
0.01244,-1.9423337
0.012442,-1.1564007
0.012444,-0.2317729
0.012446,0.6928544
0.012448,1.5712504
0.01245,2.357184
0.012452,3.0044227
0.012454,3.5129685
0.012456,3.8365874
0.012458,3.9752812
0.01246,3.8828197
0.012462,3.5591989
0.012464,3.050654
0.012466,2.4034152
0.012468,1.6174817
0.01247,0.7853174
0.012472,-0.13931036
0.0124739995,-1.0639377
0.012476,-1.8961024
0.012478,-2.6358042
0.01248,-3.236812
0.012482,-3.6991258
0.012484,-3.9302826
0.012486,-3.9302826
0.012488,-3.745357
0.01249,-3.3755062
0.012492,-2.8207297
0.012494,-2.081028
0.012496,-1.2950945
0.012498,-0.3704667
0.0125,0.5541601
0.012502,1.4325566
0.012504,2.2184901
0.012506,2.9119601
0.012508,3.4667363
0.01251,3.7903562
0.012512,3.9752812
0.012514,3.8828197
0.012516,3.605431
0.012518,3.1431174
0.01252,2.542109
0.012522,1.756176
0.012524,0.92401123
0.012526,-6.160736E-4
0.012528,-0.8790121
0.01253,-1.7111769
0.012532,-2.4971101
0.012534,-3.1443493
0.0125359995,-3.6066632
0.012538,-3.8840513
0.01254,-3.9302826
0.012542,-3.7915885
0.012544,-3.467969
0.012546,-2.9131925
0.012548,-2.2197218
0.01255,-1.4337888
0.012552,-0.55539227
0.012554,0.36923456
0.012556,1.2938623
0.012558,2.0797954
0.01256,2.8194976
0.012562,3.3742738
0.012564,3.744125
0.012566,3.92905
0.012568,3.92905
0.01257,3.6978936
0.012572,3.23558
0.012574,2.6345725
0.012576,1.8948698
0.012578,1.0627055
0.01258,0.184309
0.012582,-0.7403178
0.012584,-1.5724826
0.012586,-2.3584158
0.012588,-3.0518866
0.01259,-3.5604317
0.012592,-3.8378198
0.0125939995,-3.976514
0.012596,-3.8378198
0.012598,-3.5142004
0.0126,-3.0518866
0.012602,-2.3584158
0.012604,-1.5724826
0.012606,-0.694087
0.012608,0.23054075
0.01261,1.1089368
0.012612,1.9411016
0.012614,2.4034152
0.012616,-0.9252434
0.012618,-3.6066632
0.01262,-3.976514
0.012622,-3.976514
0.012624,-3.7915885
0.012626,-3.3755062
0.012628,-2.8207297
0.01263,-2.081028
0.012632,-1.2488632
0.012634,-0.3704667
0.012636,0.60039186
0.012638,1.4787879
0.01264,2.2647214
0.012642,2.9581914
0.012644,3.4667363
0.012646,3.7903562
0.012648,3.92905
0.01265,3.8828197
0.012652,3.605431
0.012654,3.0968862
0.0126559995,2.4496465
0.012658,1.7099442
0.01266,0.8315482
0.012662,-0.046847343
0.012664,-0.9714751
0.012666,-1.8036394
0.012668,-2.5433414
0.01267,-3.1905808
0.012672,-3.6528945
0.012674,-3.8840513
0.012676,-3.976514
0.012678,-3.7915885
0.01268,-3.4217377
0.012682,-2.866961
0.012684,-2.1734905
0.012686,-1.387557
0.012688,-0.5091615
0.01269,0.46169758
0.012692,1.3400936
0.012694,2.126027
0.012696,2.8657289
0.012698,3.420505
0.0127,3.7903562
0.012702,3.92905
0.012704,3.8828197
0.012706,3.6516623
0.012708,3.1893477
0.01271,2.5883412
0.012712,1.8486385
0.012714,1.0164738
0.012716,0.091846466
0.0127179995,-0.78654957
0.01272,-1.6649456
0.012722,-2.4046474
0.012724,-3.098118
0.012726,-3.5604317
0.012728,-3.8840513
0.01273,-3.976514
0.012732,-3.8378198
0.012734,-3.5142004
0.012736,-3.0056553
0.012738,-2.3121846
0.01274,-1.5262513
0.012742,-0.6478553
0.012744,0.27677202
0.012746,1.2013993
0.012748,1.9873328
0.01275,2.727035
0.012752,3.3280425
0.012754,3.744125
0.012756,3.92905
0.012758,3.92905
0.01276,3.6978936
0.012762,3.2818112
0.012764,2.727035
0.012766,1.9873328
0.012768,1.1551685
0.01277,0.27677202
0.012772,-0.6478553
0.012774,-1.48002
0.012776,-2.3121846
0.012778,-2.9594238
0.0127799995,-3.5142004
0.012782,-3.8378198
0.012784,-3.976514
0.012786,-3.8840513
0.012788,-3.5604317
0.01279,-3.098118
0.012792,-2.4508786
0.012794,-1.6649456
0.012796,-0.78654957
0.012798,0.13807821
0.0128,1.0164738
0.012802,1.8486385
0.012804,2.6345725
0.012806,3.23558
0.012808,3.6516623
0.01281,3.92905
0.012812,3.92905
0.012814,3.7903562
0.012816,3.3742738
0.012818,2.8194976
0.01282,2.126027
0.012822,1.3400936
0.012824,0.4154663
0.012826,-0.5091615
0.012828,-1.387557
0.01283,-2.1734905
0.012832,-2.866961
0.012834,-3.4217377
0.012836,-3.7915885
0.012838,-3.9302826
0.01284,-3.8840513
0.0128419995,-3.6528945
0.012844,-3.1905808
0.012846,-2.5433414
0.012848,-1.8036394
0.01285,-0.9714751
0.012852,-0.046847343
0.012854,0.87777996
0.012856,1.7099442
0.012858,2.4958777
0.01286,3.1431174
0.012862,3.605431
0.012864,3.8828197
0.012866,3.9752812
0.012868,3.8365874
0.01287,3.4667363
0.012872,2.9581914
0.012874,2.2647214
0.012876,1.4787879
0.012878,0.60039186
0.01288,-0.32423592
0.012882,-1.2488632
0.012884,-2.0347965
0.012886,-2.7744985
0.012888,-3.329275
0.01289,-3.745357
0.012892,-3.9302826
0.012894,-3.9302826
0.012896,-3.6991258
0.012898,-3.2830436
0.0128999995,-2.6820357
0.012902,-1.9423337
0.012904,-1.1101689
0.012906,-0.18554163
0.012908,0.7390857
0.01291,1.5712504
0.012912,2.357184
0.012914,3.050654
0.012916,3.5591989
0.012918,3.8365874
0.01292,3.9752812
0.012922,3.8365874
0.012924,3.5591989
0.012926,3.050654
0.012928,2.357184
0.01293,1.5712504
0.012932,0.7390857
0.012934,-0.18554163
0.012936,-1.0639377
0.012938,-1.8961024
0.01294,-2.6358042
0.012942,-3.236812
0.012944,-3.6991258
0.012946,-3.9302826
0.012948,-3.9302826
0.01295,-3.745357
0.012952,-3.3755062
0.012954,-2.8207297
0.012956,-2.081028
0.012958,-1.2488632
0.01296,-0.3704667
0.0129619995,0.5541601
0.012964,1.4325566
0.012966,2.2184901
0.012968,2.9119601
0.01297,3.4667363
0.012972,3.7903562
0.012974,3.9752812
0.012976,3.8828197
0.012978,3.605431
0.01298,3.1431174
0.012982,2.4958777
0.012984,1.756176
0.012986,0.87777996
0.012988,-6.160736E-4
0.01299,-0.9252434
0.012992,-1.7574081
0.012994,-2.4971101
0.012996,-3.1443493
0.012998,-3.6066632
0.013,-3.8840513
0.013002,-3.9302826
0.013004,-3.7915885
0.013006,-3.467969
0.013008,-2.9131925
0.01301,-2.2197218
0.013012,-1.4337888
0.013014,-0.5091615
0.013016,0.4154663
0.013018,1.2938623
0.01302,2.126027
0.013022,2.8194976
0.0130239995,3.3742738
0.013026,3.744125
0.013028,3.92905
0.01303,3.92905
0.013032,3.6978936
0.013034,3.1893477
0.013036,-0.09307861
0.013038,-1.7574081
0.01304,-1.0177064
0.013042,-0.09307861
0.013044,0.8315482
0.013046,1.6637135
0.013048,2.4496465
0.01305,3.0968862
0.013052,3.605431
0.013054,3.8828197
0.013056,3.9752812
0.013058,3.8828197
0.01306,3.5591989
0.013062,3.050654
0.013064,2.357184
0.013066,1.5712504
0.013068,0.6928544
0.01307,-0.2317729
0.013072,-1.1101689
0.013074,-1.9423337
0.013076,-2.6820357
0.013078,-3.2830436
0.01308,-3.6991258
0.013082,-3.9302826
0.013084,-3.9302826
0.0130859995,-3.745357
0.013088,-3.329275
0.01309,-2.7744985
0.013092,-2.0347965
0.013094,-1.202632
0.013096,-0.32423592
0.013098,0.60039186
0.0131,1.4787879
0.013102,2.2647214
0.013104,2.9581914
0.013106,3.5129685
0.013108,3.8365874
0.01311,3.9752812
0.013112,3.8828197
0.013114,3.605431
0.013116,3.0968862
0.013118,2.4496465
0.01312,1.7099442
0.013122,0.8315482
0.013124,-0.09307861
0.013126,-0.9714751
0.013128,-1.8036394
0.01313,-2.5433414
0.013132,-3.1905808
0.013134,-3.6528945
0.013136,-3.8840513
0.013138,-3.9302826
0.01314,-3.7915885
0.013142,-3.4217377
0.0131439995,-2.866961
0.013146,-2.1734905
0.0131479995,-1.3413262
0.01315,-0.46292973
0.013152,0.46169758
0.013154,1.3400936
0.013156,2.172258
0.013158,2.8657289
0.01316,3.420505
0.013162,3.7903562
0.013164,3.92905
0.013166,3.92905
0.013168,3.6516623
0.01317,3.1893477
0.013172,2.5883412
0.013174,1.8486385
0.013176,1.0164738
0.013178,0.091846466
0.01318,-0.83278084
0.013182,-1.6649456
0.013184,-2.4508786
0.013186,-3.098118
0.013188,-3.6066632
0.01319,-3.8840513
0.013192,-3.976514
0.013194,-3.8378198
0.013196,-3.5142004
0.013198,-2.9594238
0.0132,-2.3121846
0.013202,-1.48002
0.013204,-0.601624
0.0132059995,0.27677202
0.013208,1.2013993
0.01321,2.033564
0.013212,2.727035
0.013214,3.3280425
0.013216,3.744125
0.013218,3.92905
0.01322,3.92905
0.013222,3.6978936
0.013224,3.2818112
0.013226,2.727035
0.013228,1.9873328
0.01323,1.1551685
0.013232,0.23054075
0.013234,-0.6478553
0.013236,-1.5262513
0.013238,-2.3121846
0.01324,-3.0056553
0.013242,-3.5142004
0.013244,-3.8378198
0.013246,-3.976514
0.013248,-3.8840513
0.01325,-3.5604317
0.013252,-3.098118
0.013254,-2.4046474
0.013256,-1.6187139
0.013258,-0.78654957
0.01326,0.13807821
0.013262,1.0627055
0.013264,1.8948698
0.013266,2.6345725
0.0132679995,3.23558
0.01327,3.6978936
0.013272,3.92905
0.013274,3.92905
0.013276,3.744125
0.013278,3.3742738
0.01328,2.8194976
0.013282,2.126027
0.013284,1.2938623
0.013286,0.4154663
0.013288,-0.5091615
0.01329,-1.387557
0.013292,-2.1734905
0.013294,-2.866961
0.013296,-3.4217377
0.013298,-3.7915885
0.0133,-3.9302826
0.013302,-3.8840513
0.013304,-3.6528945
0.013306,-3.1905808
0.013308,-2.5433414
0.01331,-1.8036394
0.013312,-0.9252434
0.013314,-0.046847343
0.013316,0.87777996
0.013318,1.756176
0.01332,2.4958777
0.013322,3.1431174
0.013324,3.605431
0.013326,3.8828197
0.013328,3.9752812
0.0133299995,3.7903562
0.013332,3.4667363
0.013334,2.9119601
0.013336,2.2184901
0.013338,1.4787879
0.01334,0.5541601
0.013342,-0.3704667
0.013344,-1.2488632
0.013346,-2.0347965
0.013348,-2.7744985
0.01335,-3.329275
0.013352,-3.745357
0.013354,-3.9302826
0.013356,-3.9302826
0.013358,-3.6991258
0.01336,-3.2830436
0.013362,-2.6820357
0.013364,-1.9423337
0.013366,-1.1101689
0.013368,-0.18554163
0.01337,0.7390857
0.013372,1.5712504
0.013374,2.4034152
0.013376,3.050654
0.013378,3.5591989
0.01338,3.8365874
0.013382,3.9752812
0.013384,3.8365874
0.013386,3.5591989
0.013388,3.050654
0.01339,2.357184
0.0133919995,1.5712504
0.013394,0.7390857
0.013396,-0.18554163
0.013398,-1.1101689
0.0134,-1.8961024
0.013402,-2.6358042
0.013404,-3.2830436
0.013406,-3.6991258
0.013408,-3.9302826
0.01341,-3.9302826
0.013412,-3.745357
0.013414,-3.3755062
0.013416,-2.7744985
0.013418,-2.081028
0.01342,-1.2488632
0.013422,-0.32423592
0.013424,0.60039186
0.013426,1.4787879
0.013428,2.2647214
0.01343,2.9581914
0.013432,3.4667363
0.013434,3.8365874
0.013436,3.9752812
0.013438,3.8828197
0.01344,3.605431
0.013442,3.1431174
0.013444,2.4958777
0.013446,1.7099442
0.013448,0.87777996
0.0134499995,-0.046847343
0.013452,-0.9252434
0.0134539995,-1.8961024
0.013456,1.3400936
0.013458,3.23558
0.01346,3.6978936
0.013462,3.92905
0.013464,3.9752812
0.013466,3.8365874
0.013468,3.4667363
0.01347,2.9119601
0.013472,2.2184901
0.013474,1.4325566
0.013476,0.5541601
0.013478,-0.3704667
0.01348,-1.2950945
0.013482,-2.081028
0.013484,-2.7744985
0.013486,-3.3755062
0.013488,-3.745357
0.01349,-3.9302826
0.013492,-3.8840513
0.013494,-3.6528945
0.013496,-3.236812
0.013498,-2.589573
0.0135,-1.8498712
0.013502,-1.0177064
0.013504,-0.09307861
0.013506,0.8315482
0.013508,1.6637135
0.01351,2.4496465
0.0135119995,3.0968862
0.013514,3.605431
0.013516,3.8828197
0.013518,3.9752812
0.01352,3.8365874
0.013522,3.5129685
0.013524,3.0044227
0.013526,2.3109517
0.013528,1.5250192
0.01353,0.64662313
0.013532,-0.2317729
0.013534,-1.1564007
0.013536,-1.9423337
0.013538,-2.6820357
0.01354,-3.2830436
0.013542,-3.6991258
0.013544,-3.9302826
0.013546,-3.9302826
0.013548,-3.745357
0.01355,-3.329275
0.013552,-2.728267
0.013554,-1.9885652
0.013556,-1.202632
0.013558,-0.27800417
0.01356,0.64662313
0.013562,1.5250192
0.013564,2.3109517
0.013566,3.0044227
0.013568,3.5129685
0.01357,3.8365874
0.013572,3.9752812
0.0135739995,3.8828197
0.013576,3.605431
0.013578,3.0968862
0.01358,2.4496465
0.013582,1.6637135
0.013584,0.8315482
0.013586,-0.09307861
0.013588,-1.0177064
0.01359,-1.8036394
0.013592,-2.589573
0.013594,-3.1905808
0.013596,-3.6528945
0.013598,-3.8840513
0.0136,-3.9302826
0.013602,-3.7915885
0.013604,-3.4217377
0.013606,-2.866961
0.013608,-2.1272593
0.01361,-1.3413262
0.013612,-0.41669846
0.013614,0.50792885
0.013616,1.3863249
0.013618,2.172258
0.01362,2.8657289
0.013622,3.420505
0.013624,3.7903562
0.013626,3.9752812
0.013628,3.8828197
0.01363,3.6516623
0.013632,3.1893477
0.013634,2.5883412
0.0136359995,1.8024073
0.013638,0.970243
0.01364,0.045615196
0.013642,-0.83278084
0.013644,-1.6649456
0.013646,-2.4508786
0.013648,-3.098118
0.01365,-3.6066632
0.013652,-3.8840513
0.013654,-3.976514
0.013656,-3.8378198
0.013658,-3.467969
0.01366,-2.9594238
0.013662,-2.2659533
0.013664,-1.48002
0.013666,-0.601624
0.013668,0.3230033
0.01367,1.2476311
0.013672,2.033564
0.013674,2.7732663
0.013676,3.3280425
0.013678,3.744125
0.01368,3.92905
0.013682,3.92905
0.013684,3.6978936
0.013686,3.2818112
0.013688,2.6808028
0.01369,1.9411016
0.013692,1.1089368
0.013694,0.23054075
0.013696,-0.694087
0.0136979995,-1.5262513
0.0137,-2.3121846
0.013702,-3.0056553
0.013704,-3.5142004
0.013706,-3.8378198
0.013708,-3.976514
0.01371,-3.8378198
0.013712,-3.5604317
0.013714,-3.0518866
0.013716,-2.4046474
0.013718,-1.6187139
0.01372,-0.7403178
0.013722,0.184309
0.013724,1.0627055
0.013726,1.8948698
0.013728,2.6345725
0.01373,3.23558
0.013732,3.6978936
0.013734,3.92905
0.013736,3.92905
0.013738,3.744125
0.01374,3.3742738
0.013742,2.8194976
0.013744,2.0797954
0.013746,1.2938623
0.013748,0.36923456
0.01375,-0.5091615
0.013752,-1.4337888
0.013754,-2.2197218
0.0137559995,-2.9131925
0.013758,-3.467969
0.01376,-3.7915885
0.013762,-3.9302826
0.013764,-3.8840513
0.013766,-3.6066632
0.013768,-3.1443493
0.01377,-2.5433414
0.013772,-1.7574081
0.013774,-0.9252434
0.013776,-6.160736E-4
0.013778,0.92401123
0.01378,1.756176
0.013782,2.542109
0.013784,3.1431174
0.013786,3.605431
0.013788,3.8828197
0.01379,3.9752812
0.013792,3.7903562
0.013794,3.4667363
0.013796,2.9119601
0.013798,2.2184901
0.0138,1.4325566
0.013802,0.5541601
0.013804,-0.3704667
0.013806,-1.2488632
0.013808,-2.081028
0.01381,-2.7744985
0.013812,-3.3755062
0.013814,-3.745357
0.013816,-3.9302826
0.0138179995,-3.9302826
0.01382,-3.6991258
0.013822,-3.236812
0.013824,-2.6358042
0.013826,-1.8961024
0.013828,-1.0639377
0.01383,-0.13931036
0.013832,0.7853174
0.013834,1.6174817
0.013836,2.4034152
0.013838,3.050654
0.01384,3.5591989
0.013842,3.8828197
0.013844,3.9752812
0.013846,3.8365874
0.013848,3.5129685
0.01385,3.0044227
0.013852,2.357184
0.013854,1.5712504
0.013856,0.6928544
0.013858,-0.2317729
0.01386,-1.1101689
0.013862,-1.9423337
0.013864,-2.6820357
0.013866,-3.2830436
0.013868,-3.6991258
0.01387,-3.9302826
0.013872,-3.9302826
0.013874,-3.745357
0.013876,-0.9714751
0.013878,2.357184
0.0138799995,1.9873328
0.013882,1.2013993
0.013884,0.27677202
0.013886,-0.601624
0.013888,-1.48002
0.01389,-2.2659533
0.013892,-2.9594238
0.013894,-3.5142004
0.013896,-3.8378198
0.013898,-3.976514
0.0139,-3.8840513
0.013902,-3.6066632
0.013904,-3.1443493
0.013906,-2.4971101
0.013908,-1.7111769
0.01391,-0.8790121
0.013912,0.045615196
0.013914,0.970243
0.013916,1.8024073
0.013918,2.542109
0.01392,3.1893477
0.013922,3.6516623
0.013924,3.8828197
0.013926,3.92905
0.013928,3.7903562
0.01393,3.420505
0.013932,2.8657289
0.013934,2.172258
0.013936,1.3863249
0.013938,0.50792885
0.01394,-0.41669846
0.0139419995,-1.3413262
0.013944,-2.1272593
0.013946,-2.8207297
0.013948,-3.3755062
0.01395,-3.7915885
0.013952,-3.9302826
0.013954,-3.9302826
0.013956,-3.6528945
0.013958,-3.236812
0.01396,-2.589573
0.013962,-1.8498712
0.013964,-1.0177064
0.013966,-0.09307861
0.013968,0.8315482
0.01397,1.6637135
0.013972,2.4496465
0.013974,3.0968862
0.013976,3.605431
0.013978,3.8828197
0.01398,3.9752812
0.013982,3.8365874
0.013984,3.5129685
0.013986,3.0044227
0.013988,2.3109517
0.01399,1.5250192
0.013992,0.64662313
0.013994,-0.27800417
0.013996,-1.1564007
0.013998,-1.9885652
0.0139999995,-2.728267
0.014002,-3.329275
0.0140039995,-3.6991258
0.014006,-3.9302826
0.014008,-3.9302826
0.01401,-3.6991258
0.014012,-3.329275
0.014014,-2.728267
0.014016,-1.9885652
0.014018,-1.1564007
0.01402,-0.27800417
0.014022,0.64662313
0.014024,1.5250192
0.014026,2.3109517
0.014028,3.0044227
0.01403,3.5129685
0.014032,3.8365874
0.014034,3.9752812
0.014036,3.8828197
0.014038,3.5591989
0.01404,3.0968862
0.014042,2.4496465
0.014044,1.6637135
0.014046,0.7853174
0.014048,-0.09307861
0.01405,-1.0177064
0.014052,-1.8498712
0.014054,-2.589573
0.014056,-3.236812
0.014058,-3.6528945
0.01406,-3.9302826
0.0140619995,-3.9302826
0.014064,-3.7915885
0.014066,-3.3755062
0.014068,-2.866961
0.01407,-2.1272593
0.014072,-1.3413262
0.014074,-0.41669846
0.014076,0.50792885
0.014078,1.3863249
0.01408,2.172258
0.014082,2.9119601
0.014084,3.420505
0.014086,3.7903562
0.014088,3.9752812
0.01409,3.8828197
0.014092,3.6516623
0.014094,3.1893477
0.014096,2.542109
0.014098,1.8024073
0.0141,0.970243
0.014102,0.045615196
0.014104,-0.8790121
0.014106,-1.7111769
0.014108,-2.4508786
0.01411,-3.098118
0.014112,-3.6066632
0.014114,-3.8840513
0.014116,-3.976514
0.014118,-3.8378198
0.01412,-3.467969
0.014122,-2.9594238
0.0141239995,-2.2659533
0.014126,-1.48002
0.014128,-0.601624
0.01413,0.3230033
0.014132,1.2476311
0.014134,2.033564
0.014136,2.7732663
0.014138,3.3742738
0.01414,3.744125
0.014142,3.92905
0.014144,3.92905
0.014146,3.6978936
0.014148,3.2818112
0.01415,2.6808028
0.014152,1.9411016
0.014154,1.1089368
0.014156,0.23054075
0.014158,-0.694087
0.01416,-1.5724826
0.014162,-2.3584158
0.014164,-3.0056553
0.014166,-3.5142004
0.014168,-3.8378198
0.01417,-3.976514
0.014172,-3.8378198
0.014174,-3.5604317
0.014176,-3.0518866
0.014178,-2.4046474
0.01418,-1.6187139
0.014182,-0.7403178
0.014184,0.184309
0.0141859995,1.1089368
0.014188,1.8948698
0.01419,2.6808028
0.014192,3.2818112
0.014194,3.6978936
0.014196,3.92905
0.014198,3.92905
0.0142,3.744125
0.014202,3.3742738
0.014204,2.7732663
0.014206,2.0797954
0.014208,1.2476311
0.01421,0.36923456
0.014212,-0.55539227
0.014214,-1.4337888
0.014216,-2.2197218
0.014218,-2.9131925
0.01422,-3.467969
0.014222,-3.7915885
0.014224,-3.9302826
0.014226,-3.8840513
0.014228,-3.6066632
0.01423,-3.1443493
0.014232,-2.4971101
0.014234,-1.7574081
0.014236,-0.8790121
0.014238,0.045615196
0.01424,0.92401123
0.014242,1.756176
0.014244,2.542109
0.014246,3.1893477
0.0142479995,3.6516623
0.01425,3.8828197
0.014252,3.9752812
0.014254,3.7903562
0.014256,3.420505
0.014258,2.9119601
0.01426,2.2184901
0.014262,1.4325566
0.014264,0.50792885
0.014266,-0.3704667
0.014268,-1.2950945
0.01427,-2.081028
0.014272,-2.8207297
0.014274,-3.3755062
0.014276,-3.745357
0.014278,-3.9302826
0.01428,-3.9302826
0.014282,-3.6991258
0.014284,-3.236812
0.014286,-2.6358042
0.014288,-1.8961024
0.01429,-1.0639377
0.014292,-0.13931036
0.014294,0.7853174
0.014296,-1.4337888
0.014298,-2.4508786
0.0143,-3.1443493
0.014302,-3.6066632
0.014304,-3.9302826
0.0143059995,-4.022745
0.014308,-3.8840513
0.0143099995,-3.5604317
0.014312,-3.0518866
0.014314,-2.3584158
0.014316,-1.5724826
0.014318,-0.694087
0.01432,0.23054075
0.014322,1.1089368
0.014324,1.9411016
0.014326,2.6808028
0.014328,3.2818112
0.01433,3.6978936
0.014332,3.92905
0.014334,3.92905
0.014336,3.6978936
0.014338,3.3280425
0.01434,2.727035
0.014342,1.9873328
0.014344,1.2013993
0.014346,0.27677202
0.014348,-0.601624
0.01435,-1.48002
0.014352,-2.2659533
0.014354,-2.9594238
0.014356,-3.5142004
0.014358,-3.8378198
0.01436,-3.976514
0.014362,-3.8840513
0.014364,-3.6066632
0.014366,-3.098118
0.0143679995,-2.4971101
0.01437,-1.7111769
0.014372,-0.83278084
0.014374,0.091846466
0.014376,0.970243
0.014378,1.8486385
0.01438,2.5883412
0.014382,3.1893477
0.014384,3.6516623
0.014386,3.8828197
0.014388,3.92905
0.01439,3.7903562
0.014392,3.420505
0.014394,2.8657289
0.014396,2.172258
0.014398,1.3400936
0.0144,0.46169758
0.014402,-0.46292973
0.014404,-1.3413262
0.014406,-2.1272593
0.014408,-2.866961
0.01441,-3.4217377
0.014412,-3.7915885
0.014414,-3.9302826
0.014416,-3.8840513
0.014418,-3.6528945
0.01442,-3.1905808
0.014422,-2.589573
0.014424,-1.8498712
0.014426,-0.9714751
0.014428,-0.09307861
0.0144299995,0.8315482
0.014432,1.7099442
0.014434,2.4496465
0.014436,3.0968862
0.014438,3.605431
0.01444,3.8828197
0.014442,3.9752812
0.014444,3.8365874
0.014446,3.4667363
0.014448,2.9581914
0.01445,2.2647214
0.014452,1.4787879
0.014454,0.60039186
0.014456,-0.27800417
0.014458,-1.202632
0.01446,-1.9885652
0.014462,-2.728267
0.014464,-3.329275
0.014466,-3.745357
0.014468,-3.9302826
0.01447,-3.9302826
0.014472,-3.6991258
0.014474,-3.2830436
0.014476,-2.728267
0.014478,-1.9885652
0.01448,-1.1564007
0.014482,-0.2317729
0.014484,0.6928544
0.014486,1.5250192
0.014488,2.357184
0.01449,3.0044227
0.0144919995,3.5129685
0.014494,3.8365874
0.014496,3.9752812
0.014498,3.8828197
0.0145,3.5591989
0.014502,3.050654
0.014504,2.4034152
0.014506,1.6174817
0.014508,0.7853174
0.01451,-0.13931036
0.014512,-1.0177064
0.014514,-1.8498712
0.014516,-2.6358042
0.014518,-3.236812
0.01452,-3.6528945
0.014522,-3.9302826
0.014524,-3.9302826
0.014526,-3.745357
0.014528,-3.3755062
0.01453,-2.8207297
0.014532,-2.1272593
0.014534,-1.2950945
0.014536,-0.41669846
0.014538,0.50792885
0.01454,1.4325566
0.014542,2.2184901
0.014544,2.9119601
0.014546,3.4667363
0.014548,3.7903562
0.0145499995,3.9752812
0.014552,3.8828197
0.0145539995,3.605431
0.014556,3.1431174
0.014558,2.542109
0.01456,1.756176
0.014562,0.92401123
0.014564,0.045615196
0.014566,-0.8790121
0.014568,-1.7111769
0.01457,-2.4971101
0.014572,-3.1443493
0.014574,-3.6066632
0.014576,-3.8840513
0.014578,-3.976514
0.01458,-3.7915885
0.014582,-3.467969
0.014584,-2.9131925
0.014586,-2.2659533
0.014588,-1.4337888
0.01459,-0.55539227
0.014592,0.36923456
0.014594,1.2476311
0.014596,2.0797954
0.014598,2.7732663
0.0146,3.3742738
0.014602,3.744125
0.014604,3.92905
0.014606,3.92905
0.014608,3.6978936
0.01461,3.23558
0.0146119995,2.6345725
0.014614,1.8948698
0.014616,1.1089368
0.014618,0.184309
0.01462,-0.7403178
0.014622,-1.5724826
0.014624,-2.3584158
0.014626,-3.0518866
0.014628,-3.5604317
0.01463,-3.8378198
0.014632,-3.976514
0.014634,-3.8378198
0.014636,-3.5604317
0.014638,-3.0518866
0.01464,-2.3584158
0.014642,-1.5724826
0.014644,-0.694087
0.014646,0.23054075
0.014648,1.1089368
0.01465,1.9411016
0.014652,2.6808028
0.014654,3.2818112
0.014656,3.6978936
0.014658,3.92905
0.01466,3.92905
0.014662,3.744125
0.014664,3.3280425
0.014666,2.7732663
0.014668,2.033564
0.01467,1.2476311
0.014672,0.3230033
0.0146739995,-0.55539227
0.014676,-1.4337888
0.014678,-2.2197218
0.01468,-2.9131925
0.014682,-3.467969
0.014684,-3.7915885
0.014686,-3.9302826
0.014688,-3.8840513
0.01469,-3.6066632
0.014692,-3.1443493
0.014694,-2.4971101
0.014696,-1.7111769
0.014698,-0.8790121
0.0147,0.045615196
0.014702,0.970243
0.014704,1.8024073
0.014706,2.542109
0.014708,3.1893477
0.01471,3.6516623
0.014712,3.8828197
0.014714,3.9752812
0.014716,1.4787879
0.014718,-1.8036394
0.01472,-2.866961
0.014722,-2.1734905
0.014724,-1.387557
0.014726,-0.46292973
0.014728,0.46169758
0.01473,1.3400936
0.014732,2.126027
0.014734,2.8657289
0.0147359995,3.420505
0.014738,3.7903562
0.01474,3.9752812
0.014742,3.92905
0.014744,3.6978936
0.014746,3.23558
0.014748,2.6345725
0.01475,1.8486385
0.014752,1.0164738
0.014754,0.13807821
0.014756,-0.78654957
0.014758,-1.6187139
0.01476,-2.4046474
0.014762,-3.0518866
0.014764,-3.5604317
0.014766,-3.8840513
0.014768,-3.976514
0.01477,-3.8378198
0.014772,-3.5142004
0.014774,-3.0056553
0.014776,-2.3121846
0.014778,-1.5262513
0.01478,-0.6478553
0.014782,0.27677202
0.014784,1.1551685
0.014786,1.9873328
0.014788,2.727035
0.01479,3.3280425
0.014792,3.6978936
0.014794,3.92905
0.014796,3.92905
0.0147979995,3.744125
0.0148,3.3280425
0.014802,2.727035
0.014804,1.9873328
0.014806,1.2013993
0.014808,0.27677202
0.01481,-0.6478553
0.014812,-1.48002
0.014814,-2.2659533
0.014816,-2.9594238
0.014818,-3.5142004
0.01482,-3.8378198
0.014822,-3.976514
0.014824,-3.8840513
0.014826,-3.6066632
0.014828,-3.098118
0.01483,-2.4508786
0.014832,-1.6649456
0.014834,-0.83278084
0.014836,0.091846466
0.014838,1.0164738
0.01484,1.8486385
0.014842,2.5883412
0.014844,3.23558
0.014846,3.6516623
0.014848,3.92905
0.01485,3.92905
0.014852,3.7903562
0.014854,3.420505
0.0148559995,2.8657289
0.014858,2.126027
0.0148599995,1.3400936
0.014862,0.46169758
0.014864,-0.46292973
0.014866,-1.3413262
0.014868,-2.1272593
0.01487,-2.866961
0.014872,-3.4217377
0.014874,-3.7915885
0.014876,-3.9302826
0.014878,-3.8840513
0.01488,-3.6528945
0.014882,-3.1905808
0.014884,-2.589573
0.014886,-1.8036394
0.014888,-0.9714751
0.01489,-0.046847343
0.014892,0.87777996
0.014894,1.7099442
0.014896,2.4958777
0.014898,3.1431174
0.0149,3.605431
0.014902,3.8828197
0.014904,3.9752812
0.014906,3.8365874
0.014908,3.4667363
0.01491,2.9581914
0.014912,2.2647214
0.014914,1.4787879
0.014916,0.60039186
0.0149179995,-0.32423592
0.01492,-1.202632
0.014922,-2.0347965
0.014924,-2.728267
0.014926,-3.329275
0.014928,-3.745357
0.01493,-3.9302826
0.014932,-3.9302826
0.014934,-3.6991258
0.014936,-3.2830436
0.014938,-2.6820357
0.01494,-1.9423337
0.014942,-1.1101689
0.014944,-0.2317729
0.014946,0.6928544
0.014948,1.5712504
0.01495,2.357184
0.014952,3.0044227
0.014954,3.5129685
0.014956,3.8365874
0.014958,3.9752812
0.01496,3.8828197
0.014962,3.5591989
0.014964,3.050654
0.014966,2.4034152
0.014968,1.6174817
0.01497,0.7390857
0.014972,-0.13931036
0.014974,-1.0639377
0.014976,-1.8961024
0.014978,-2.6358042
0.0149799995,-3.236812
0.014982,-3.6991258
0.014984,-3.9302826
0.014986,-3.9302826
0.014988,-3.745357
0.01499,-3.3755062
0.014992,-2.8207297
0.014994,-2.081028
0.014996,-1.2950945
0.014998,-0.3704667
0.015,0.5541601
0.015002,1.4325566
0.015004,2.2184901
0.015006,2.9119601
0.015008,3.4667363
0.01501,3.7903562
0.015012,3.9752812
0.015014,3.8828197
0.015016,3.605431
0.015018,3.1431174
0.01502,2.542109
0.015022,1.756176
0.015024,0.92401123
0.015026,-6.160736E-4
0.015028,-0.9252434
0.01503,-1.7574081
0.015032,-2.4971101
0.015034,-3.1443493
0.015036,-3.6066632
0.015038,-3.8840513
0.01504,-3.9302826
0.0150419995,-3.7915885
0.015044,-3.467969
0.015046,-2.9131925
0.015048,-2.2197218
0.01505,-1.4337888
0.015052,-0.55539227
0.015054,0.36923456
0.015056,1.2938623
0.015058,2.0797954
0.01506,2.8194976
0.015062,3.3742738
0.015064,3.744125
0.015066,3.92905
0.015068,3.92905
0.01507,3.6978936
0.015072,3.23558
0.015074,2.6345725
0.015076,1.8948698
0.015078,1.0627055
0.01508,0.184309
0.015082,-0.7403178
0.015084,-1.5724826
0.015086,-2.3584158
0.015088,-3.0518866
0.01509,-3.5604317
0.015092,-3.8378198
0.015094,-3.976514
0.015096,-3.8378198
0.015098,-3.5142004
0.0151,-3.0518866
0.015102,-2.3584158
0.0151039995,-1.5724826
0.015106,-0.694087
0.015108,0.23054075
0.01511,1.1551685
0.015112,1.9411016
0.015114,2.6808028
0.015116,3.2818112
0.015118,3.6978936
0.01512,3.92905
0.015122,3.92905
0.015124,3.744125
0.015126,3.3280425
0.015128,2.7732663
0.01513,2.033564
0.015132,1.2476311
0.015134,0.3230033
0.015136,0.6928544
0.015138,1.5712504
0.01514,2.357184
0.015142,3.050654
0.015144,3.5591989
0.015146,3.8828197
0.015148,4.0215135
0.01515,3.92905
0.015152,3.6516623
0.015154,3.1431174
0.015156,2.4958777
0.015158,1.7099442
0.01516,0.87777996
0.0151619995,-0.046847343
0.015164,-0.9252434
0.0151659995,-1.7574081
0.015168,-2.5433414
0.01517,-3.1443493
0.015172,-3.6066632
0.015174,-3.8840513
0.015176,-3.9302826
0.015178,-3.7915885
0.01518,-3.4217377
0.015182,-2.866961
0.015184,-2.1734905
0.015186,-1.3413262
0.015188,-0.46292973
0.01519,0.46169758
0.015192,1.3400936
0.015194,2.172258
0.015196,2.8657289
0.015198,3.420505
0.0152,3.7903562
0.015202,3.9752812
0.015204,3.92905
0.015206,3.6516623
0.015208,3.23558
0.01521,2.5883412
0.015212,1.8486385
0.015214,1.0164738
0.015216,0.091846466
0.015218,-0.78654957
0.01522,-1.6649456
0.015222,-2.4046474
0.0152239995,-3.098118
0.015226,-3.5604317
0.015228,-3.8840513
0.01523,-3.976514
0.015232,-3.8378198
0.015234,-3.5142004
0.015236,-3.0056553
0.015238,-2.3121846
0.01524,-1.48002
0.015242,-0.6478553
0.015244,0.27677202
0.015246,1.2013993
0.015248,1.9873328
0.01525,2.727035
0.015252,3.3280425
0.015254,3.744125
0.015256,3.92905
0.015258,3.92905
0.01526,3.6978936
0.015262,3.2818112
0.015264,2.727035
0.015266,1.9873328
0.015268,1.1551685
0.01527,0.27677202
0.015272,-0.6478553
0.015274,-1.5262513
0.015276,-2.3121846
0.015278,-3.0056553
0.01528,-3.5142004
0.015282,-3.8378198
0.015284,-3.976514
0.0152859995,-3.8840513
0.015288,-3.5604317
0.01529,-3.098118
0.015292,-2.4508786
0.015294,-1.6649456
0.015296,-0.78654957
0.015298,0.13807821
0.0153,1.0164738
0.015302,1.8486385
0.015304,2.6345725
0.015306,3.23558
0.015308,3.6516623
0.01531,3.92905
0.015312,3.92905
0.015314,3.7903562
0.015316,3.3742738
0.015318,2.8194976
0.01532,2.126027
0.015322,1.2938623
0.015324,0.4154663
0.015326,-0.5091615
0.015328,-1.387557
0.01533,-2.1734905
0.015332,-2.866961
0.015334,-3.4217377
0.015336,-3.7915885
0.015338,-3.9302826
0.01534,-3.8840513
0.015342,-3.6528945
0.015344,-3.1905808
0.015346,-2.5433414
0.0153479995,-1.8036394
0.01535,-0.9714751
0.015352,-0.046847343
0.015354,0.87777996
0.015356,1.7099442
0.015358,2.4958777
0.01536,3.1431174
0.015362,3.605431
0.015364,3.8828197
0.015366,3.9752812
0.015368,3.8365874
0.01537,3.4667363
0.015372,2.9581914
0.015374,2.2647214
0.015376,1.4787879
0.015378,0.60039186
0.01538,-0.32423592
0.015382,-1.2488632
0.015384,-2.0347965
0.015386,-2.7744985
0.015388,-3.329275
0.01539,-3.745357
0.015392,-3.9302826
0.015394,-3.9302826
0.015396,-3.6991258
0.015398,-3.2830436
0.0154,-2.6820357
0.015402,-1.9423337
0.015404,-1.1101689
0.0154059995,-0.18554163
0.015408,0.7390857
0.0154099995,1.5712504
0.015412,2.357184
0.015414,3.050654
0.015416,3.5591989
0.015418,3.8365874
0.01542,3.9752812
0.015422,3.8365874
0.015424,3.5591989
0.015426,3.050654
0.015428,2.357184
0.01543,1.5712504
0.015432,0.7390857
0.015434,-0.18554163
0.015436,-1.0639377
0.015438,-1.8961024
0.01544,-2.6358042
0.015442,-3.236812
0.015444,-3.6991258
0.015446,-3.9302826
0.015448,-3.9302826
0.01545,-3.745357
0.015452,-3.3755062
0.015454,-2.7744985
0.015456,-2.081028
0.015458,-1.2488632
0.01546,-0.3704667
0.015462,0.5541601
0.015464,1.4787879
0.015466,2.2647214
0.0154679995,2.9119601
0.01547,3.4667363
0.0154719995,3.7903562
0.015474,3.9752812
0.015476,3.8828197
0.015478,3.605431
0.01548,3.1431174
0.015482,2.4958777
0.015484,1.7099442
0.015486,0.87777996
0.015488,-6.160736E-4
0.01549,-0.9252434
0.015492,-1.7574081
0.015494,-2.5433414
0.015496,-3.1443493
0.015498,-3.6066632
0.0155,-3.8840513
0.015502,-3.9302826
0.015504,-3.7915885
0.015506,-3.467969
0.015508,-2.9131925
0.01551,-2.2197218
0.015512,-1.387557
0.015514,-0.5091615
0.015516,0.4154663
0.015518,1.2938623
0.01552,2.126027
0.015522,2.8194976
0.015524,3.3742738
0.015526,3.7903562
0.015528,3.92905
0.0155299995,3.92905
0.015532,3.6978936
0.015534,3.23558
0.015536,2.6345725
0.015538,1.8948698
0.01554,1.0627055
0.015542,0.13807821
0.015544,-0.78654957
0.015546,-1.6187139
0.015548,-2.4046474
0.01555,-3.0518866
0.015552,-3.5604317
0.015554,-3.8840513
0.015556,-2.4046474
0.015558,1.2938623
0.01556,3.420505
0.015562,3.0044227
0.015564,2.3109517
0.015566,1.5250192
0.015568,0.6928544
0.01557,-0.2317729
0.015572,-1.1564007
0.015574,-1.9423337
0.015576,-2.6820357
0.015578,-3.2830436
0.01558,-3.6991258
0.015582,-3.9302826
0.015584,-3.9302826
0.015586,-3.745357
0.015588,-3.329275
0.01559,-2.7744985
0.0155919995,-2.0347965
0.015594,-1.202632
0.015596,-0.27800417
0.015598,0.64662313
0.0156,1.4787879
0.015602,2.3109517
0.015604,2.9581914
0.015606,3.5129685
0.015608,3.8365874
0.01561,3.9752812
0.015612,3.8828197
0.015614,3.605431
0.015616,3.0968862
0.015618,2.4496465
0.01562,1.6637135
0.015622,0.8315482
0.015624,-0.09307861
0.015626,-0.9714751
0.015628,-1.8036394
0.01563,-2.5433414
0.015632,-3.1905808
0.015634,-3.6528945
0.015636,-3.8840513
0.015638,-3.9302826
0.01564,-3.7915885
0.015642,-3.4217377
0.015644,-2.866961
0.015646,-2.1734905
0.015648,-1.3413262
0.01565,-0.46292973
0.015651999,0.46169758
0.015654,1.3400936
0.015656,2.172258
0.015658,2.8657289
0.01566,3.420505
0.015662,3.7903562
0.015664,3.92905
0.015666,3.92905
0.015668,3.6516623
0.01567,3.1893477
0.015672,2.5883412
0.015674,1.8486385
0.015676,1.0164738
0.015678,0.091846466
0.01568,-0.83278084
0.015682,-1.6649456
0.015684,-2.4508786
0.015686,-3.098118
0.015688,-3.5604317
0.01569,-3.8840513
0.015692,-3.9302826
0.015694,-3.8378198
0.015696,-3.5142004
0.015698,-2.9594238
0.0157,-2.3121846
0.015702,-1.48002
0.015704,-0.601624
0.015706,0.3230033
0.015708,1.2013993
0.01571,2.033564
0.015712,2.7732663
0.015713999,3.3280425
0.015716,3.744125
0.015718,3.92905
0.01572,3.92905
0.015722,3.6978936
0.015724,3.2818112
0.015726,2.6808028
0.015728,1.9873328
0.01573,1.1551685
0.015732,0.23054075
0.015734,-0.6478553
0.015736,-1.5262513
0.015738,-2.3121846
0.01574,-3.0056553
0.015742,-3.5142004
0.015744,-3.8378198
0.015746,-3.976514
0.015748,-3.8378198
0.01575,-3.5604317
0.015752,-3.098118
0.015754,-2.4046474
0.015756,-1.6187139
0.015758,-0.78654957
0.01576,0.13807821
0.015762,1.0627055
0.015764,1.8948698
0.015766,2.6345725
0.015768,3.23558
0.01577,3.6978936
0.015772,3.92905
0.015774,3.92905
0.015775999,3.744125
0.015778,3.3742738
0.01578,2.8194976
0.015782,2.0797954
0.015784,1.2938623
0.015786,0.4154663
0.015788,-0.5091615
0.01579,-1.387557
0.015792,-2.1734905
0.015794,-2.866961
0.015796,-3.4217377
0.015798,-3.7915885
0.0158,-3.9302826
0.015802,-3.8840513
0.015804,-3.6528945
0.015806,-3.1905808
0.015808,-2.5433414
0.01581,-1.7574081
0.015812,-0.9252434
0.015814,-6.160736E-4
0.015816,0.87777996
0.015818,1.756176
0.01582,2.4958777
0.015822,3.1431174
0.015824,3.605431
0.015826,3.8828197
0.015828,3.9752812
0.01583,3.7903562
0.015832,3.4667363
0.015834,2.9119601
0.015836,2.2184901
0.015837999,1.4325566
0.01584,0.5541601
0.015842,-0.3704667
0.015844,-1.2488632
0.015846,-2.0347965
0.015848,-2.7744985
0.01585,-3.3755062
0.015852,-3.745357
0.015854,-3.9302826
0.015856,-3.9302826
0.015858,-3.6991258
0.01586,-3.2830436
0.015862,-2.6820357
0.015864,-1.9423337
0.015866,-1.0639377
0.015868,-0.18554163
0.01587,0.7390857
0.015872,1.6174817
0.015874,2.4034152
0.015876,3.050654
0.015878,3.5591989
0.01588,3.8365874
0.015882,3.9752812
0.015884,3.8365874
0.015886,3.5591989
0.015888,3.050654
0.01589,2.357184
0.015892,1.5712504
0.015894,0.7390857
0.015896,-0.18554163
0.015898,-1.1101689
0.015899999,-1.8961024
0.015902,-2.6358042
0.015904,-3.2830436
0.015906,-3.6991258
0.015908,-3.9302826
0.01591,-3.9302826
0.015912,-3.745357
0.015914,-3.329275
0.015916,-2.7744985
0.015918,-2.081028
0.01592,-1.2488632
0.015922,-0.32423592
0.015924,0.60039186
0.015926,1.4787879
0.015928,2.2647214
0.01593,2.9581914
0.015932,3.4667363
0.015934,3.8365874
0.015936,3.9752812
0.015938,3.8828197
0.01594,3.605431
0.015942,3.1431174
0.015944,2.4958777
0.015946,1.7099442
0.015948,0.87777996
0.01595,-0.046847343
0.015952,-0.9252434
0.015954,-1.7574081
0.015956,-2.5433414
0.015958,-3.1905808
0.01596,-3.6528945
0.015962,-3.8840513
0.015964,-3.9302826
0.015966,-3.7915885
0.015968,-3.4217377
0.01597,-2.9131925
0.015972,-2.1734905
0.015974,-1.387557
0.015976,0.091846466
0.015978,-0.5091615
0.01598,-1.387557
0.015982,-2.1734905
0.015984,-2.9131925
0.015986,-3.467969
0.015988,-3.8378198
0.01599,-3.976514
0.015992,-3.976514
0.015994,-3.6991258
0.015996,-3.2830436
0.015998,-2.6358042
0.016,-1.8961024
0.016002,-1.0639377
0.016004,-0.13931036
0.016006,0.7853174
0.016008,1.6174817
0.01601,2.4034152
0.016012,3.050654
0.016014,3.5591989
0.016016,3.8365874
0.016018,3.92905
0.01602,3.8365874
0.016022,3.5129685
0.016024,2.9581914
0.016026,2.3109517
0.016028,1.5250192
0.01603,0.64662313
0.016032,-0.27800417
0.016034,-1.1564007
0.016036,-1.9885652
0.016038,-2.728267
0.01604,-3.329275
0.016042,-3.6991258
0.016044,-3.9302826
0.016046,-3.9302826
0.016048,-3.745357
0.01605,-3.329275
0.016052,-2.728267
0.016054,-1.9885652
0.016056,-1.202632
0.016058,-0.27800417
0.01606,0.64662313
0.016062,1.5250192
0.016064,2.3109517
0.016066,3.0044227
0.016068,3.5129685
0.01607,3.8365874
0.016072,3.9752812
0.016074,3.8828197
0.016076,3.5591989
0.016078,3.0968862
0.01608,2.4496465
0.016082,1.6637135
0.016084,0.8315482
0.016086,-0.09307861
0.016088,-1.0177064
0.01609,-1.8498712
0.016092,-2.589573
0.016094,-3.1905808
0.016096,-3.6528945
0.016098,-3.9302826
0.0161,-3.9302826
0.016102,-3.7915885
0.016104,-3.4217377
0.016106,-2.866961
0.016108,-2.1272593
0.01611,-1.3413262
0.016112,-0.41669846
0.016114,0.50792885
0.016116,1.3863249
0.016118,2.172258
0.01612,2.8657289
0.016122,3.420505
0.016124,3.7903562
0.016126,3.9752812
0.016128,3.8828197
0.01613,3.6516623
0.016132,3.1893477
0.016134,2.542109
0.016136,1.8024073
0.016138,0.970243
0.016139999,0.045615196
0.016142,-0.83278084
0.016144,-1.7111769
0.016146,-2.4508786
0.016148,-3.098118
0.01615,-3.6066632
0.016152,-3.8840513
0.016154,-3.976514
0.016156,-3.8378198
0.016158,-3.467969
0.01616,-2.9594238
0.016162,-2.2659533
0.016164,-1.48002
0.016166,-0.601624
0.016168,0.3230033
0.01617,1.2476311
0.016172,2.033564
0.016174,2.7732663
0.016176,3.3280425
0.016178,3.744125
0.01618,3.92905
0.016182,3.92905
0.016184,3.6978936
0.016186,3.2818112
0.016188,2.6808028
0.01619,1.9411016
0.016192,1.1089368
0.016194,0.23054075
0.016196,-0.694087
0.016198,-1.5262513
0.0162,-2.3121846
0.016201999,-3.0056553
0.016204,-3.5142004
0.016206,-3.8378198
0.016208,-3.976514
0.01621,-3.8378198
0.016212,-3.5604317
0.016214,-3.0518866
0.016216,-2.4046474
0.016218,-1.6187139
0.01622,-0.7403178
0.016222,0.184309
0.016224,1.0627055
0.016226,1.8948698
0.016228,2.6345725
0.01623,3.2818112
0.016232,3.6978936
0.016234,3.92905
0.016236,3.92905
0.016238,3.744125
0.01624,3.3742738
0.016242,2.8194976
0.016244,2.0797954
0.016246,1.2938623
0.016248,0.36923456
0.01625,-0.55539227
0.016252,-1.4337888
0.016254,-2.2197218
0.016256,-2.9131925
0.016258,-3.467969
0.01626,-3.7915885
0.016262,-3.976514
0.016263999,-3.8840513
0.016266,-3.6066632
0.016268,-3.1443493
0.01627,-2.5433414
0.016272,-1.7574081
0.016274,-0.9252434
0.016276,-6.160736E-4
0.016278,0.92401123
0.01628,1.756176
0.016282,2.542109
0.016284,3.1431174
0.016286,3.6516623
0.016288,3.8828197
0.01629,3.9752812
0.016292,3.7903562
0.016294,3.4667363
0.016296,2.9119601
0.016298,2.2184901
0.0163,1.4325566
0.016302,0.5541601
0.016304,-0.3704667
0.016306,-1.2488632
0.016308,-2.081028
0.01631,-2.7744985
0.016312,-3.3755062
0.016314,-3.745357
0.016316,-3.9302826
0.016318,-3.9302826
0.01632,-3.6991258
0.016322,-3.236812
0.016324,-2.6358042
0.016325999,-1.8961024
0.016328,-1.0639377
0.01633,-0.13931036
0.016332,0.7853174
0.016334,1.6174817
0.016336,2.4034152
0.016338,3.050654
0.01634,3.5591989
0.016342,3.8828197
0.016344,3.9752812
0.016346,3.8365874
0.016348,3.5129685
0.01635,3.0044227
0.016352,2.357184
0.016354,1.5712504
0.016356,0.6928544
0.016358,-0.2317729
0.01636,-1.1101689
0.016362,-1.9423337
0.016364,-2.6820357
0.016366,-3.2830436
0.016368,-3.6991258
0.01637,-3.9302826
0.016372,-3.9302826
0.016374,-3.745357
0.016376,-3.329275
0.016378,-2.7744985
0.01638,-2.0347965
0.016382,-1.202632
0.016384,-0.32423592
0.016386,0.60039186
0.016387999,1.4787879
0.01639,2.2647214
0.016392,2.9581914
0.016394,3.4667363
0.016396,2.542109
0.016398,-0.9252434
0.0164,-3.6528945
0.016402,-3.6066632
0.016404,-3.1443493
0.016406,-2.4971101
0.016408,-1.7111769
0.01641,-0.8790121
0.016412,0.045615196
0.016414,0.970243
0.016416,1.8024073
0.016418,2.542109
0.01642,3.1893477
0.016422,3.6516623
0.016424,3.8828197
0.016426,3.92905
0.016428,3.7903562
0.01643,3.420505
0.016432,2.8657289
0.016434,2.172258
0.016436,1.3863249
0.016438,0.46169758
0.01644,-0.46292973
0.016442,-1.3413262
0.016444,-2.1272593
0.016446,-2.8207297
0.016448,-3.4217377
0.016449999,-3.7915885
0.016452,-3.9302826
0.016454,-3.9302826
0.016456,-3.6528945
0.016458,-3.236812
0.01646,-2.6358042
0.016462,-1.8498712
0.016464,-1.0177064
0.016466,-0.09307861
0.016468,0.8315482
0.01647,1.6637135
0.016472,2.4496465
0.016474,3.0968862
0.016476,3.605431
0.016478,3.8828197
0.01648,3.9752812
0.016482,3.8365874
0.016484,3.5129685
0.016486,2.9581914
0.016488,2.3109517
0.01649,1.4787879
0.016492,0.64662313
0.016494,-0.27800417
0.016496,-1.1564007
0.016498,-1.9885652
0.0165,-2.728267
0.016502,-3.329275
0.016504,-3.745357
0.016506,-3.9302826
0.016508,-3.9302826
0.01651,-3.6991258
0.016512,-3.329275
0.016514,-2.728267
0.016516,-1.9885652
0.016518,-1.1564007
0.01652,-0.27800417
0.016522,0.64662313
0.016524,1.5250192
0.016526,2.3109517
0.016528,3.0044227
0.01653,3.5129685
0.016532,3.8365874
0.016534,3.9752812
0.016536,3.8828197
0.016538,3.5591989
0.01654,3.0968862
0.016542,2.4034152
0.016544,1.6637135
0.016546,0.7853174
0.016548,-0.13931036
0.01655,-1.0177064
0.016552,-1.8498712
0.016554,-2.589573
0.016556,-3.236812
0.016558,-3.6528945
0.01656,-3.9302826
0.016562,-3.9302826
0.016564,-3.7915885
0.016566,-3.3755062
0.016568,-2.8207297
0.01657,-2.1272593
0.016572,-1.3413262
0.016574,-0.41669846
0.016576,0.50792885
0.016578,1.3863249
0.01658,2.172258
0.016582,2.9119601
0.016584,3.420505
0.016586,3.7903562
0.016588,3.9752812
0.01659,3.8828197
0.016592,3.6516623
0.016594,3.1893477
0.016596,2.542109
0.016598,1.8024073
0.0166,0.970243
0.016602,0.045615196
0.016604,-0.8790121
0.016606,-1.7111769
0.016608,-2.4971101
0.01661,-3.1443493
0.016612,-3.6066632
0.016614,-3.8840513
0.016616,-3.976514
0.016618,-3.8378198
0.01662,-3.467969
0.016622,-2.9594238
0.016624,-2.2659533
0.016626,-1.48002
0.016628,-0.55539227
0.01663,0.3230033
0.016632,1.2476311
0.016634,2.0797954
0.016636,2.7732663
0.016638,3.3742738
0.01664,3.744125
0.016642,3.92905
0.016644,3.92905
0.016646,3.6978936
0.016648,3.2818112
0.01665,2.6808028
0.016652,1.9411016
0.016654,1.1089368
0.016656,0.184309
0.016658,-0.694087
0.01666,-1.5724826
0.016662,-2.3584158
0.016664,-3.0056553
0.016666,-3.5142004
0.016668,-3.8378198
0.01667,-3.976514
0.016672,-3.8378198
0.016674,-3.5604317
0.016676,-3.0518866
0.016678,-2.4046474
0.01668,-1.5724826
0.016682,-0.7403178
0.016684,0.184309
0.016686,1.1089368
0.016688,1.9411016
0.016689999,2.6808028
0.016692,3.2818112
0.016694,3.6978936
0.016696,3.92905
0.016698,3.92905
0.0167,3.744125
0.016702,3.3742738
0.016704,2.7732663
0.016706,2.0797954
0.016708,1.2476311
0.01671,0.36923456
0.016712,-0.55539227
0.016714,-1.4337888
0.016716,-2.2197218
0.016718,-2.9131925
0.01672,-3.467969
0.016722,-3.7915885
0.016724,-3.9302826
0.016726,-3.8840513
0.016728,-3.6066632
0.01673,-3.1443493
0.016732,-2.4971101
0.016734,-1.7574081
0.016736,-0.8790121
0.016738,0.045615196
0.01674,0.92401123
0.016742,1.756176
0.016744,2.542109
0.016746,3.1893477
0.016748,3.6516623
0.01675,3.8828197
0.016751999,3.9752812
0.016754,3.7903562
0.016756,3.420505
0.016758,2.9119601
0.01676,2.2184901
0.016762,1.4325566
0.016764,0.50792885
0.016766,-0.41669846
0.016768,-1.2950945
0.01677,-2.081028
0.016772,-2.8207297
0.016774,-3.3755062
0.016776,-3.745357
0.016778,-3.9302826
0.01678,-3.9302826
0.016782,-3.6991258
0.016784,-3.236812
0.016786,-2.6358042
0.016788,-1.8961024
0.01679,-1.0639377
0.016792,-0.13931036
0.016794,0.7853174
0.016796,1.6174817
0.016798,2.4034152
0.0168,3.0968862
0.016802,3.5591989
0.016804,3.8828197
0.016806,3.9752812
0.016808,3.8365874
0.01681,3.5129685
0.016812,3.0044227
0.016813999,2.3109517
0.016816,0.7390857
0.016818,-0.5091615
0.01682,0.3230033
0.016822,1.2476311
0.016824,2.033564
0.016826,2.7732663
0.016828,3.3742738
0.01683,3.7903562
0.016832,3.9752812
0.016834,3.9752812
0.016836,3.7903562
0.016838,3.3742738
0.01684,2.7732663
0.016842,2.033564
0.016844,1.2476311
0.016846,0.3230033
0.016848,-0.601624
0.01685,-1.48002
0.016852,-2.2659533
0.016854,-2.9594238
0.016856,-3.467969
0.016858,-3.7915885
0.01686,-3.9302826
0.016862,-3.8840513
0.016864,-3.5604317
0.016866,-3.098118
0.016868,-2.4508786
0.01687,-1.6649456
0.016872,-0.83278084
0.016874,0.091846466
0.016875999,1.0164738
0.016878,1.8486385
0.01688,2.5883412
0.016882,3.23558
0.016884,3.6516623
0.016886,3.92905
0.016888,3.92905
0.01689,3.7903562
0.016892,3.420505
0.016894,2.8657289
0.016896,2.172258
0.016898,1.3400936
0.0169,0.46169758
0.016902,-0.46292973
0.016904,-1.3413262
0.016906,-2.1272593
0.016908,-2.866961
0.01691,-3.4217377
0.016912,-3.7915885
0.016914,-3.9302826
0.016916,-3.8840513
0.016918,-3.6528945
0.01692,-3.1905808
0.016922,-2.589573
0.016924,-1.8036394
0.016926,-0.9714751
0.016928,-0.09307861
0.01693,0.8315482
0.016932,1.7099442
0.016934,2.4496465
0.016936,3.0968862
0.016937999,3.605431
0.01694,3.8828197
0.016942,3.9752812
0.016944,3.8365874
0.016946,3.4667363
0.016948,2.9581914
0.01695,2.2647214
0.016952,1.4787879
0.016954,0.60039186
0.016956,-0.32423592
0.016958,-1.202632
0.01696,-1.9885652
0.016962,-2.728267
0.016964,-3.329275
0.016966,-3.745357
0.016968,-3.9302826
0.01697,-3.9302826
0.016972,-3.6991258
0.016974,-3.2830436
0.016976,-2.728267
0.016978,-1.9885652
0.01698,-1.1564007
0.016982,-0.2317729
0.016984,0.6928544
0.016986,1.5250192
0.016988,2.357184
0.01699,3.0044227
0.016992,3.5129685
0.016994,3.8365874
0.016996,3.9752812
0.016998,3.8828197
0.016999999,3.5591989
0.017002,3.050654
0.017004,2.4034152
0.017006,1.6174817
0.017008,0.7853174
0.01701,-0.13931036
0.017012,-1.0639377
0.017014,-1.8498712
0.017016,-2.6358042
0.017018,-3.236812
0.01702,-3.6528945
0.017022,-3.9302826
0.017024,-3.9302826
0.017026,-3.745357
0.017028,-3.3755062
0.01703,-2.8207297
0.017032,-2.1272593
0.017034,-1.2950945
0.017036,-0.3704667
0.017038,0.5541601
0.01704,1.4325566
0.017042,2.2184901
0.017044,2.9119601
0.017046,3.4667363
0.017048,3.7903562
0.01705,3.9752812
0.017052,3.8828197
0.017054,3.605431
0.017056,3.1431174
0.017058,2.542109
0.01706,1.756176
0.017061999,0.92401123
0.017064,-6.160736E-4
0.017066,-0.8790121
0.017068,-1.7111769
0.01707,-2.4971101
0.017072,-3.1443493
0.017074,-3.6066632
0.017076,-3.8840513
0.017078,-3.9302826
0.01708,-3.7915885
0.017082,-3.467969
0.017084,-2.9131925
0.017086,-2.2197218
0.017088,-1.4337888
0.01709,-0.55539227
0.017092,0.36923456
0.017094,1.2938623
0.017096,2.0797954
0.017098,2.8194976
0.0171,3.3742738
0.017102,3.744125
0.017104,3.92905
0.017106,3.92905
0.017108,3.6978936
0.01711,3.23558
0.017112,2.6345725
0.017114,1.8948698
0.017116,1.0627055
0.017118,0.184309
0.01712,-0.7403178
0.017122,-1.5724826
0.017124,-2.3584158
0.017126,-3.0518866
0.017128,-3.5604317
0.01713,-3.8378198
0.017132,-3.976514
0.017134,-3.8378198
0.017136,-3.5142004
0.017138,-3.0518866
0.01714,-2.3584158
0.017142,-1.5724826
0.017144,-0.694087
0.017146,0.23054075
0.017148,1.1089368
0.01715,1.9411016
0.017152,2.6808028
0.017154,3.2818112
0.017156,3.6978936
0.017158,3.92905
0.01716,3.92905
0.017162,3.744125
0.017164,3.3280425
0.017166,2.7732663
0.017168,2.033564
0.01717,1.2476311
0.017172,0.3230033
0.017174,-0.601624
0.017176,-1.48002
0.017178,-2.2197218
0.01718,-2.9131925
0.017182,-3.467969
0.017184,-3.8378198
0.017186,-3.976514
0.017188,-3.8840513
0.01719,-3.6066632
0.017192,-3.1443493
0.017194,-2.4971101
0.017196,-1.7111769
0.017198,-0.8790121
0.0172,0.045615196
0.017202,0.970243
0.017204,1.8024073
0.017206,2.542109
0.017208,3.1893477
0.01721,3.6516623
0.017212,3.8828197
0.017214,3.92905
0.017216,3.7903562
0.017218,3.420505
0.01722,2.8657289
0.017222,2.172258
0.017224,1.3863249
0.017226,0.50792885
0.017228,-0.41669846
0.01723,-1.2950945
0.017232,-2.1272593
0.017234,-2.8207297
0.017236,-2.866961
0.017238,0.64662313
0.017239999,3.7903562
0.017242,3.92905
0.017244,3.6978936
0.017246,3.23558
0.017248,2.6345725
0.01725,1.8948698
0.017252,1.0627055
0.017254,0.13807821
0.017256,-0.78654957
0.017258,-1.6187139
0.01726,-2.4046474
0.017262,-3.0518866
0.017264,-3.5604317
0.017266,-3.8378198
0.017268,-3.9302826
0.01727,-3.8378198
0.017272,-3.5142004
0.017274,-3.0056553
0.017276,-2.3121846
0.017278,-1.5262513
0.01728,-0.6478553
0.017282,0.27677202
0.017284,1.2013993
0.017286,1.9873328
0.017288,2.727035
0.01729,3.3280425
0.017292,3.744125
0.017294,3.92905
0.017296,3.92905
0.017298,3.744125
0.0173,3.3280425
0.017301999,2.727035
0.017304,1.9873328
0.017306,1.2013993
0.017308,0.27677202
0.01731,-0.6478553
0.017312,-1.48002
0.017314,-2.2659533
0.017316,-2.9594238
0.017318,-3.5142004
0.01732,-3.8378198
0.017322,-3.976514
0.017324,-3.8840513
0.017326,-3.5604317
0.017328,-3.098118
0.01733,-2.4508786
0.017332,-1.6649456
0.017334,-0.78654957
0.017336,0.091846466
0.017338,1.0164738
0.01734,1.8486385
0.017342,2.5883412
0.017344,3.23558
0.017346,3.6516623
0.017348,3.92905
0.01735,3.92905
0.017352,3.7903562
0.017354,3.420505
0.017356,2.8657289
0.017358,2.126027
0.01736,1.3400936
0.017362,0.46169758
0.017363999,-0.46292973
0.017366,-1.3413262
0.017368,-2.1734905
0.01737,-2.866961
0.017372,-3.4217377
0.017374,-3.7915885
0.017376,-3.9302826
0.017378,-3.8840513
0.01738,-3.6528945
0.017382,-3.1905808
0.017384,-2.589573
0.017386,-1.8036394
0.017388,-0.9714751
0.01739,-0.046847343
0.017392,0.87777996
0.017394,1.7099442
0.017396,2.4958777
0.017398,3.1431174
0.0174,3.605431
0.017402,3.8828197
0.017404,3.9752812
0.017406,3.8365874
0.017408,3.4667363
0.01741,2.9581914
0.017412,2.2647214
0.017414,1.4787879
0.017416,0.60039186
0.017418,-0.32423592
0.01742,-1.202632
0.017422,-2.0347965
0.017424,-2.728267
0.017425999,-3.329275
0.017428,-3.745357
0.01743,-3.9302826
0.017432,-3.9302826
0.017434,-3.6991258
0.017436,-3.2830436
0.017438,-2.6820357
0.01744,-1.9423337
0.017442,-1.1101689
0.017444,-0.2317729
0.017446,0.6928544
0.017448,1.5712504
0.01745,2.357184
0.017452,3.0044227
0.017454,3.5129685
0.017456,3.8365874
0.017458,3.9752812
0.01746,3.8828197
0.017462,3.5591989
0.017464,3.050654
0.017466,2.4034152
0.017468,1.6174817
0.01747,0.7390857
0.017472,-0.13931036
0.017474,-1.0639377
0.017476,-1.8961024
0.017478,-2.6358042
0.01748,-3.236812
0.017482,-3.6991258
0.017484,-3.9302826
0.017486,-3.9302826
0.017487999,-3.745357
0.01749,-3.3755062
0.017492,-2.8207297
0.017494,-2.081028
0.017496,-1.2950945
0.017498,-0.3704667
0.0175,0.5541601
0.017502,1.4325566
0.017504,2.2184901
0.017506,2.9119601
0.017508,3.4667363
0.01751,3.7903562
0.017512,3.9752812
0.017514,3.8828197
0.017516,3.605431
0.017518,3.1431174
0.01752,2.542109
0.017522,1.756176
0.017524,0.92401123
0.017526,-6.160736E-4
0.017528,-0.9252434
0.01753,-1.7574081
0.017532,-2.4971101
0.017534,-3.1443493
0.017536,-3.6066632
0.017538,-3.8840513
0.01754,-3.9302826
0.017542,-3.7915885
0.017544,-3.467969
0.017546,-2.9131925
0.017548,-2.2197218
0.017549999,-1.4337888
0.017552,-0.55539227
0.017554,0.36923456
0.017556,1.2938623
0.017558,2.0797954
0.01756,2.8194976
0.017562,3.3742738
0.017564,3.744125
0.017566,3.92905
0.017568,3.92905
0.01757,3.6978936
0.017572,3.23558
0.017574,2.6345725
0.017576,1.8948698
0.017578,1.0627055
0.01758,0.184309
0.017582,-0.7403178
0.017584,-1.6187139
0.017586,-2.4046474
0.017588,-3.0518866
0.01759,-3.5604317
0.017592,-3.8378198
0.017594,-3.976514
0.017596,-3.8378198
0.017598,-3.5142004
0.0176,-3.0056553
0.017602,-2.3584158
0.017604,-1.5724826
0.017606,-0.694087
0.017608,0.23054075
0.01761,1.1551685
0.017611999,1.9411016
0.017614,2.6808028
0.017616,3.2818112
0.017618,3.6978936
0.01762,3.92905
0.017622,3.92905
0.017624,3.744125
0.017626,3.3280425
0.017628,2.7732663
0.01763,2.033564
0.017632,1.2013993
0.017634,0.3230033
0.017636,-0.601624
0.017638,-1.48002
0.01764,-2.2659533
0.017642,-2.9594238
0.017644,-3.467969
0.017646,-3.8378198
0.017648,-3.976514
0.01765,-3.8840513
0.017652,-3.6066632
0.017654,-3.1443493
0.017656,-2.3121846
0.017658,1.0627055
0.01766,0.7853174
0.017662,-0.13931036
0.017664,-1.0177064
0.017666,-1.8498712
0.017668,-2.6358042
0.01767,-3.236812
0.017672,-3.6991258
0.017674,-3.9302826
0.017676,-3.976514
0.017678,-3.8378198
0.01768,-3.467969
0.017682,-2.9131925
0.017684,-2.2197218
0.017686,-1.387557
0.017688,-0.5091615
0.01769,0.4154663
0.017692,1.3400936
0.017694,2.126027
0.017696,2.8194976
0.017698,3.420505
0.0177,3.7903562
0.017702,3.92905
0.017704,3.8828197
0.017706,3.6516623
0.017708,3.1893477
0.01771,2.5883412
0.017712,1.8486385
0.017714,1.0164738
0.017716,0.091846466
0.017718,-0.83278084
0.01772,-1.6649456
0.017722,-2.4508786
0.017724,-3.098118
0.017726,-3.6066632
0.017728,-3.8840513
0.01773,-3.976514
0.017732,-3.8378198
0.017734,-3.5142004
0.017736,-3.0056553
0.017738,-2.3121846
0.01774,-1.48002
0.017742,-0.6478553
0.017744,0.27677202
0.017746,1.2013993
0.017748,2.033564
0.01775,2.727035
0.017752,3.3280425
0.017754,3.744125
0.017756,3.92905
0.017758,3.92905
0.01776,3.6978936
0.017762,3.2818112
0.017764,2.727035
0.017766,1.9873328
0.017768,1.1551685
0.01777,0.27677202
0.017772,-0.6478553
0.017774,-1.5262513
0.017776,-2.3121846
0.017778,-3.0056553
0.01778,-3.5142004
0.017782,-3.8378198
0.017784,-3.976514
0.017786,-3.8840513
0.017788,-3.5604317
0.01779,-3.098118
0.017792,-2.4508786
0.017794,-1.6187139
0.017796,-0.78654957
0.017798,0.13807821
0.0178,1.0627055
0.017802,1.8948698
0.017804,2.6345725
0.017806,3.23558
0.017808,3.6978936
0.01781,3.92905
0.017812,3.92905
0.017814,3.744125
0.017816,3.3742738
0.017818,2.8194976
0.01782,2.126027
0.017822,1.2938623
0.017824,0.4154663
0.017826,-0.5091615
0.017828,-1.387557
0.01783,-2.1734905
0.017832,-2.866961
0.017834,-3.4217377
0.017836,-3.7915885
0.017838,-3.9302826
0.01784,-3.8840513
0.017842,-3.6528945
0.017844,-3.1905808
0.017846,-2.5433414
0.017848,-1.8036394
0.01785,-0.9252434
0.017851999,-0.046847343
0.017854,0.87777996
0.017856,1.7099442
0.017858,2.4958777
0.01786,3.1431174
0.017862,3.605431
0.017864,3.8828197
0.017866,3.9752812
0.017868,3.7903562
0.01787,3.4667363
0.017872,2.9119601
0.017874,2.2647214
0.017876,1.4787879
0.017878,0.5541601
0.01788,-0.32423592
0.017882,-1.2488632
0.017884,-2.0347965
0.017886,-2.7744985
0.017888,-3.329275
0.01789,-3.745357
0.017892,-3.9302826
0.017894,-3.9302826
0.017896,-3.6991258
0.017898,-3.2830436
0.0179,-2.6820357
0.017902,-1.9423337
0.017904,-1.1101689
0.017906,-0.18554163
0.017908,0.7390857
0.01791,1.5712504
0.017912,2.357184
0.017913999,3.050654
0.017916,3.5591989
0.017918,3.8365874
0.01792,3.9752812
0.017922,3.8365874
0.017924,3.5591989
0.017926,3.050654
0.017928,2.357184
0.01793,1.5712504
0.017932,0.7390857
0.017934,-0.18554163
0.017936,-1.0639377
0.017938,-1.8961024
0.01794,-2.6358042
0.017942,-3.236812
0.017944,-3.6991258
0.017946,-3.9302826
0.017948,-3.9302826
0.01795,-3.745357
0.017952,-3.3755062
0.017954,-2.7744985
0.017956,-2.081028
0.017958,-1.2488632
0.01796,-0.32423592
0.017962,0.5541601
0.017964,1.4787879
0.017966,2.2647214
0.017968,2.9581914
0.01797,3.4667363
0.017972,3.8365874
0.017974,3.9752812
0.017975999,3.8828197
0.017978,3.605431
0.01798,3.1431174
0.017982,2.4958777
0.017984,1.7099442
0.017986,0.87777996
0.017988,-0.046847343
0.01799,-0.9252434
0.017992,-1.7574081
0.017994,-2.5433414
0.017996,-3.1443493
0.017998,-3.6066632
0.018,-3.8840513
0.018002,-3.9302826
0.018004,-3.7915885
0.018006,-3.4217377
0.018008,-2.9131925
0.01801,-2.2197218
0.018012,-1.387557
0.018014,-0.5091615
0.018016,0.4154663
0.018018,1.2938623
0.01802,2.126027
0.018022,2.8194976
0.018024,3.3742738
0.018026,3.7903562
0.018028,3.92905
0.01803,3.92905
0.018032,3.6978936
0.018034,3.23558
0.018036,2.6345725
0.018037999,1.8486385
0.01804,1.0627055
0.018042,0.13807821
0.018044,-0.78654957
0.018046,-1.6187139
0.018048,-2.4046474
0.01805,-3.0518866
0.018052,-3.5604317
0.018054,-3.8840513
0.018056,-3.976514
0.018058,-3.8378198
0.01806,-3.5142004
0.018062,-3.0056553
0.018064,-2.3121846
0.018066,-1.5262513
0.018068,-0.6478553
0.01807,0.27677202
0.018072,1.1551685
0.018074,1.9873328
0.018076,2.6808028
0.018078,-0.55539227
0.01808,-3.5142004
0.018082,-3.976514
0.018084,-3.976514
0.018086,-3.745357
0.018088,-3.3755062
0.01809,-2.7744985
0.018092,-2.0347965
0.018094,-1.202632
0.018096,-0.32423592
0.018098,0.60039186
0.018099999,1.4787879
0.018102,2.2647214
0.018104,2.9581914
0.018106,3.4667363
0.018108,3.7903562
0.01811,3.92905
0.018112,3.8828197
0.018114,3.5591989
0.018116,3.0968862
0.018118,2.4496465
0.01812,1.6637135
0.018122,0.8315482
0.018124,-0.09307861
0.018126,-0.9714751
0.018128,-1.8036394
0.01813,-2.589573
0.018132,-3.1905808
0.018134,-3.6528945
0.018136,-3.9302826
0.018138,-3.976514
0.01814,-3.7915885
0.018142,-3.4217377
0.018144,-2.866961
0.018146,-2.1734905
0.018148,-1.3413262
0.01815,-0.46292973
0.018152,0.46169758
0.018154,1.3400936
0.018156,2.172258
0.018158,2.8657289
0.01816,3.420505
0.018161999,3.7903562
0.018164,3.92905
0.018166,3.8828197
0.018168,3.6516623
0.01817,3.1893477
0.018172,2.5883412
0.018174,1.8024073
0.018176,0.970243
0.018178,0.091846466
0.01818,-0.83278084
0.018182,-1.6649456
0.018184,-2.4508786
0.018186,-3.098118
0.018188,-3.6066632
0.01819,-3.8840513
0.018192,-3.976514
0.018194,-3.8378198
0.018196,-3.5142004
0.018198,-2.9594238
0.0182,-2.3121846
0.018202,-1.48002
0.018204,-0.601624
0.018206,0.3230033
0.018208,1.2013993
0.01821,2.033564
0.018212,2.7732663
0.018214,3.3280425
0.018216,3.744125
0.018218,3.92905
0.01822,3.92905
0.018222,3.6978936
0.018223999,3.2818112
0.018226,2.6808028
0.018228,1.9411016
0.01823,1.1551685
0.018232,0.23054075
0.018234,-0.694087
0.018236,-1.5262513
0.018238,-2.3121846
0.01824,-3.0056553
0.018242,-3.5142004
0.018244,-3.8378198
0.018246,-3.976514
0.018248,-3.8840513
0.01825,-3.5604317
0.018252,-3.0518866
0.018254,-2.4046474
0.018256,-1.6187139
0.018258,-0.78654957
0.01826,0.13807821
0.018262,1.0627055
0.018264,1.8948698
0.018266,2.6345725
0.018268,3.23558
0.01827,3.6978936
0.018272,3.92905
0.018274,3.92905
0.018276,3.744125
0.018278,3.3742738
0.01828,2.8194976
0.018282,2.0797954
0.018284,1.2938623
0.018286,0.4154663
0.018288,-0.5091615
0.01829,-1.387557
0.018292,-2.1734905
0.018294,-2.9131925
0.018296,-3.4217377
0.018298,-3.7915885
0.0183,-3.9302826
0.018302,-3.8840513
0.018304,-3.6528945
0.018306,-3.1905808
0.018308,-2.5433414
0.01831,-1.7574081
0.018312,-0.9252434
0.018314,-6.160736E-4
0.018316,0.92401123
0.018318,1.756176
0.01832,2.4958777
0.018322,3.1431174
0.018324,3.605431
0.018326,3.8828197
0.018328,3.9752812
0.01833,3.7903562
0.018332,3.4667363
0.018334,2.9119601
0.018336,2.2184901
0.018338,1.4325566
0.01834,0.5541601
0.018342,-0.3704667
0.018344,-1.2488632
0.018346,-2.0347965
0.018348,-2.7744985
0.01835,-3.3755062
0.018352,-3.745357
0.018354,-3.9302826
0.018356,-3.9302826
0.018358,-3.6991258
0.01836,-3.2830436
0.018362,-2.6820357
0.018364,-1.8961024
0.018366,-1.0639377
0.018368,-0.18554163
0.01837,0.7390857
0.018372,1.6174817
0.018374,2.4034152
0.018376,3.050654
0.018378,3.5591989
0.01838,3.8365874
0.018382,3.9752812
0.018384,3.8365874
0.018386,3.5129685
0.018388,3.050654
0.01839,2.357184
0.018392,1.5712504
0.018394,0.6928544
0.018396,-0.18554163
0.018398,-1.1101689
0.0184,-1.8961024
0.018401999,-2.6820357
0.018404,-3.2830436
0.018406,-3.6991258
0.018408,-3.9302826
0.01841,-3.9302826
0.018412,-3.745357
0.018414,-3.329275
0.018416,-2.7744985
0.018418,-2.0347965
0.01842,-1.2488632
0.018422,-0.32423592
0.018424,0.60039186
0.018426,1.4787879
0.018428,2.2647214
0.01843,2.9581914
0.018432,3.4667363
0.018434,3.8365874
0.018436,3.9752812
0.018438,3.8828197
0.01844,3.605431
0.018442,3.1431174
0.018444,2.4958777
0.018446,1.7099442
0.018448,0.87777996
0.01845,-0.046847343
0.018452,-0.9252434
0.018454,-1.7574081
0.018456,-2.5433414
0.018458,-3.1905808
0.01846,-3.6528945
0.018462,-3.8840513
0.018463999,-3.9302826
0.018466,-3.7915885
0.018468,-3.4217377
0.01847,-2.9131925
0.018472,-2.1734905
0.018474,-1.387557
0.018476,-0.5091615
0.018478,0.4154663
0.01848,1.3400936
0.018482,2.126027
0.018484,2.8194976
0.018486,3.420505
0.018488,3.7903562
0.01849,3.92905
0.018492,3.92905
0.018494,3.6516623
0.018496,3.4667363
0.018498,0.13807821
0.0185,-1.7111769
0.018502,-0.9714751
0.018504,-0.046847343
0.018506,0.87777996
0.018508,1.7099442
0.01851,2.4958777
0.018512,3.1431174
0.018514,3.605431
0.018516,3.8828197
0.018518,3.9752812
0.01852,3.8365874
0.018522,3.5129685
0.018524,3.0044227
0.018525999,2.3109517
0.018528,1.5250192
0.01853,0.64662313
0.018532,-0.2317729
0.018534,-1.1564007
0.018536,-1.9423337
0.018538,-2.6820357
0.01854,-3.2830436
0.018542,-3.6991258
0.018544,-3.9302826
0.018546,-3.9302826
0.018548,-3.6991258
0.01855,-3.329275
0.018552,-2.728267
0.018554,-1.9885652
0.018556,-1.1564007
0.018558,-0.27800417
0.01856,0.64662313
0.018562,1.5250192
0.018564,2.3109517
0.018566,3.0044227
0.018568,3.5129685
0.01857,3.8365874
0.018572,3.9752812
0.018574,3.8828197
0.018576,3.5591989
0.018578,3.0968862
0.01858,2.4496465
0.018582,1.6637135
0.018584,0.7853174
0.018586,-0.09307861
0.018587999,-1.0177064
0.01859,-1.8498712
0.018592,-2.589573
0.018594,-3.236812
0.018596,-3.6528945
0.018598,-3.9302826
0.0186,-3.9302826
0.018602,-3.7915885
0.018604,-3.4217377
0.018606,-2.866961
0.018608,-2.1272593
0.01861,-1.3413262
0.018612,-0.41669846
0.018614,0.50792885
0.018616,1.3863249
0.018618,2.172258
0.01862,2.8657289
0.018622,3.420505
0.018624,3.7903562
0.018626,3.92905
0.018628,3.8828197
0.01863,3.6516623
0.018632,3.1893477
0.018634,2.542109
0.018636,1.8024073
0.018638,0.970243
0.01864,0.045615196
0.018642,-0.8790121
0.018644,-1.7111769
0.018646,-2.4508786
0.018648,-3.098118
0.018649999,-3.6066632
0.018652,-3.8840513
0.018654,-3.976514
0.018656,-3.8378198
0.018658,-3.467969
0.01866,-2.9594238
0.018662,-2.2659533
0.018664,-1.48002
0.018666,-0.601624
0.018668,0.3230033
0.01867,1.2476311
0.018672,2.033564
0.018674,2.7732663
0.018676,3.3280425
0.018678,3.744125
0.01868,3.92905
0.018682,3.92905
0.018684,3.6978936
0.018686,3.2818112
0.018688,2.6808028
0.01869,1.9411016
0.018692,1.1089368
0.018694,0.23054075
0.018696,-0.694087
0.018698,-1.5262513
0.0187,-2.3584158
0.018702,-3.0056553
0.018704,-3.5142004
0.018706,-3.8378198
0.018708,-3.976514
0.01871,-3.8378198
0.018711999,-3.5604317
0.018714,-3.0518866
0.018716,-2.4046474
0.018718,-1.6187139
0.01872,-0.7403178
0.018722,0.184309
0.018724,1.0627055
0.018726,1.8948698
0.018728,2.6345725
0.01873,3.2818112
0.018732,3.6978936
0.018734,3.92905
0.018736,3.92905
0.018738,3.744125
0.01874,3.3742738
0.018742,2.7732663
0.018744,2.0797954
0.018746,1.2476311
0.018748,0.36923456
0.01875,-0.55539227
0.018752,-1.4337888
0.018754,-2.2197218
0.018756,-2.9131925
0.018758,-3.467969
0.01876,-3.7915885
0.018762,-3.9302826
0.018764,-3.8840513
0.018766,-3.6066632
0.018768,-3.1443493
0.01877,-2.5433414
0.018772,-1.7574081
0.018773999,-0.8790121
0.018776,-6.160736E-4
0.018778,0.92401123
0.01878,1.756176
0.018782,2.542109
0.018784,3.1893477
0.018786,3.6516623
0.018788,3.8828197
0.01879,3.9752812
0.018792,3.7903562
0.018794,3.4667363
0.018796,2.9119601
0.018798,2.2184901
0.0188,1.4325566
0.018802,0.5541601
0.018804,-0.3704667
0.018806,-1.2950945
0.018808,-2.081028
0.01881,-2.7744985
0.018812,-3.3755062
0.018814,-3.745357
0.018816,-3.9302826
0.018818,-3.9302826
0.01882,-3.6991258
0.018822,-3.236812
0.018824,-2.6358042
0.018826,-1.8961024
0.018828,-1.0639377
0.01883,-0.13931036
0.018832,0.7853174
0.018834,1.6174817
0.018836,2.4034152
0.018838,3.050654
0.01884,3.5591989
0.018842,3.8828197
0.018844,3.9752812
0.018846,3.8365874
0.018848,3.5129685
0.01885,3.0044227
0.018852,2.357184
0.018854,1.5250192
0.018856,0.6928544
0.018858,-0.2317729
0.01886,-1.1101689
0.018862,-1.9423337
0.018864,-2.6820357
0.018866,-3.2830436
0.018868,-3.6991258
0.01887,-3.9302826
0.018872,-3.9302826
0.018874,-3.745357
0.018876,-3.329275
0.018878,-2.7744985
0.01888,-2.0347965
0.018882,-1.202632
0.018884,-0.32423592
0.018886,0.60039186
0.018888,1.4787879
0.01889,2.2647214
0.018892,2.9581914
0.018894,3.5129685
0.018896,3.8365874
0.018898,3.9752812
0.0189,3.8828197
0.018902,3.605431
0.018904,3.0968862
0.018906,2.4496465
0.018908,1.7099442
0.01891,0.8315482
0.018912,-0.046847343
0.018914,-0.9714751
0.018916,-1.8036394
0.018918,0.92401123
0.01892,3.1893477
0.018922,3.6978936
0.018924,3.9752812
0.018926,3.9752812
0.018928,3.8365874
0.01893,3.4667363
0.018932,2.9119601
0.018934,2.2184901
0.018936,1.3863249
0.018938,0.50792885
0.01894,-0.41669846
0.018942,-1.2950945
0.018944,-2.081028
0.018946,-2.8207297
0.018948,-3.3755062
0.01895,-3.745357
0.018951999,-3.9302826
0.018954,-3.8840513
0.018956,-3.6528945
0.018958,-3.1905808
0.01896,-2.589573
0.018962,-1.8498712
0.018964,-0.9714751
0.018966,-0.09307861
0.018968,0.8315482
0.01897,1.6637135
0.018972,2.4496465
0.018974,3.0968862
0.018976,3.605431
0.018978,3.8828197
0.01898,3.9752812
0.018982,3.8365874
0.018984,3.5129685
0.018986,2.9581914
0.018988,2.3109517
0.01899,1.4787879
0.018992,0.64662313
0.018994,-0.27800417
0.018996,-1.1564007
0.018998,-1.9885652
0.019,-2.728267
0.019002,-3.329275
0.019004,-3.6991258
0.019006,-3.9302826
0.019008,-3.9302826
0.01901,-3.6991258
0.019012,-3.2830436
0.019013999,-2.728267
0.019016,-1.9885652
0.019018,-1.1564007
0.01902,-0.2317729
0.019022,0.6928544
0.019024,1.5250192
0.019026,2.3109517
0.019028,3.0044227
0.01903,3.5129685
0.019032,3.8365874
0.019034,3.9752812
0.019036,3.8828197
0.019038,3.5591989
0.01904,3.0968862
0.019042,2.4034152
0.019044,1.6174817
0.019046,0.7853174
0.019048,-0.13931036
0.01905,-1.0177064
0.019052,-1.8498712
0.019054,-2.589573
0.019056,-3.236812
0.019058,-3.6528945
0.01906,-3.9302826
0.019062,-3.9302826
0.019064,-3.745357
0.019066,-3.3755062
0.019068,-2.8207297
0.01907,-2.1272593
0.019072,-1.2950945
0.019074,-0.41669846
0.019075999,0.50792885
0.019078,1.3863249
0.01908,2.2184901
0.019082,2.9119601
0.019084,3.420505
0.019086,3.7903562
0.019088,3.9752812
0.01909,3.8828197
0.019092,3.6516623
0.019094,3.1893477
0.019096,2.542109
0.019098,1.8024073
0.0191,0.92401123
0.019102,0.045615196
0.019104,-0.8790121
0.019106,-1.7111769
0.019108,-2.4971101
0.01911,-3.1443493
0.019112,-3.6066632
0.019114,-3.8840513
0.019116,-3.976514
0.019118,-3.7915885
0.01912,-3.467969
0.019122,-2.9594238
0.019124,-2.2659533
0.019126,-1.48002
0.019128,-0.55539227
0.01913,0.36923456
0.019132,1.2476311
0.019134,2.0797954
0.019136,2.7732663
0.019137999,3.3742738
0.01914,3.744125
0.019142,3.92905
0.019144,3.92905
0.019146,3.6978936
0.019148,3.2818112
0.01915,2.6808028
0.019152,1.9411016
0.019154,1.1089368
0.019156,0.184309
0.019158,-0.694087
0.01916,-1.5724826
0.019162,-2.3584158
0.019164,-3.0056553
0.019166,-3.5142004
0.019168,-3.8378198
0.01917,-3.976514
0.019172,-3.8378198
0.019174,-3.5604317
0.019176,-3.0518866
0.019178,-2.4046474
0.01918,-1.5724826
0.019182,-0.7403178
0.019184,0.184309
0.019186,1.1089368
0.019188,1.9411016
0.01919,2.6808028
0.019192,3.2818112
0.019194,3.6978936
0.019196,3.92905
0.019198,3.92905
0.019199999,3.744125
0.019202,3.3742738
0.019204,2.7732663
0.019206,2.0797954
0.019208,1.2476311
0.01921,0.36923456
0.019212,-0.55539227
0.019214,-1.4337888
0.019216,-2.2197218
0.019218,-2.9131925
0.01922,-3.467969
0.019222,-3.7915885
0.019224,-3.976514
0.019226,-3.8840513
0.019228,-3.6066632
0.01923,-3.1443493
0.019232,-2.4971101
0.019234,-1.7111769
0.019236,-0.8790121
0.019238,0.045615196
0.01924,0.92401123
0.019242,1.8024073
0.019244,2.542109
0.019246,3.1893477
0.019248,3.6516623
0.01925,3.8828197
0.019252,3.9752812
0.019254,3.7903562
0.019256,3.420505
0.019258,2.9119601
0.01926,2.2184901
0.019261999,1.3863249
0.019264,0.50792885
0.019266,-0.41669846
0.019268,-1.2950945
0.01927,-2.081028
0.019272,-2.8207297
0.019274,-3.3755062
0.019276,-3.745357
0.019278,-3.9302826
0.01928,-3.9302826
0.019282,-3.6528945
0.019284,-3.236812
0.019286,-2.6358042
0.019288,-1.8961024
0.01929,-1.0639377
0.019292,-0.13931036
0.019294,0.7853174
0.019296,1.6637135
0.019298,2.4034152
0.0193,3.0968862
0.019302,3.5591989
0.019304,3.8828197
0.019306,3.9752812
0.019308,3.8365874
0.01931,3.5129685
0.019312,3.0044227
0.019314,2.3109517
0.019316,1.5250192
0.019318,0.6928544
0.01932,-0.2317729
0.019322,-1.1564007
0.019323999,-1.9423337
0.019326,-2.6820357
0.019328,-3.2830436
0.01933,-3.6991258
0.019332,-3.9302826
0.019334,-3.9302826
0.019336,-3.745357
0.019338,-1.202632
0.01934,2.2184901
0.019342,1.9411016
0.019344,1.1551685
0.019346,0.27677202
0.019348,-0.6478553
0.01935,-1.5262513
0.019352,-2.3121846
0.019354,-3.0056553
0.019356,-3.5142004
0.019358,-3.8378198
0.01936,-3.976514
0.019362,-3.8840513
0.019364,-3.6066632
0.019366,-3.1443493
0.019368,-2.4971101
0.01937,-1.6649456
0.019372,-0.83278084
0.019374,0.091846466
0.019376,1.0164738
0.019378,1.8486385
0.01938,2.5883412
0.019382,3.1893477
0.019384,3.6516623
0.019385999,3.8828197
0.019388,3.92905
0.01939,3.7903562
0.019392,3.420505
0.019394,2.8657289
0.019396,2.126027
0.019398,1.3400936
0.0194,0.46169758
0.019402,-0.46292973
0.019404,-1.3413262
0.019406,-2.1272593
0.019408,-2.866961
0.01941,-3.4217377
0.019412,-3.7915885
0.019414,-3.9302826
0.019416,-3.8840513
0.019418,-3.6528945
0.01942,-3.1905808
0.019422,-2.589573
0.019424,-1.8036394
0.019426,-0.9714751
0.019428,-0.046847343
0.01943,0.8315482
0.019432,1.7099442
0.019434,2.4958777
0.019436,3.1431174
0.019438,3.605431
0.01944,3.8828197
0.019442,3.9752812
0.019444,3.8365874
0.019446,3.4667363
0.019448,2.9581914
0.01945,2.2647214
0.019452,1.4787879
0.019454,0.60039186
0.019456,-0.32423592
0.019458,-1.202632
0.01946,-1.9885652
0.019462,-2.728267
0.019464,-3.329275
0.019466,-3.745357
0.019468,-3.9302826
0.01947,-3.9302826
0.019472,-3.6991258
0.019474,-3.2830436
0.019476,-2.6820357
0.019478,-1.9423337
0.01948,-1.1101689
0.019482,-0.2317729
0.019484,0.6928544
0.019486,1.5712504
0.019488,2.357184
0.01949,3.0044227
0.019492,3.5129685
0.019494,3.8365874
0.019496,3.9752812
0.019498,3.8828197
0.0195,3.5591989
0.019501999,3.050654
0.019504,2.4034152
0.019506,1.6174817
0.019508,0.7853174
0.01951,-0.13931036
0.019512,-1.0639377
0.019514,-1.8498712
0.019516,-2.6358042
0.019518,-3.236812
0.01952,-3.6991258
0.019522,-3.9302826
0.019524,-3.9302826
0.019526,-3.745357
0.019528,-3.3755062
0.01953,-2.8207297
0.019532,-2.081028
0.019534,-1.2950945
0.019536,-0.3704667
0.019538,0.5541601
0.01954,1.4325566
0.019542,2.2184901
0.019544,2.9119601
0.019546,3.4667363
0.019548,3.7903562
0.01955,3.9752812
0.019552,3.8828197
0.019554,3.605431
0.019556,3.1431174
0.019558,2.542109
0.01956,1.756176
0.019562,0.92401123
0.019563999,-6.160736E-4
0.019566,-0.8790121
0.019568,-1.7111769
0.01957,-2.4971101
0.019572,-3.1443493
0.019574,-3.6066632
0.019576,-3.8840513
0.019578,-3.976514
0.01958,-3.7915885
0.019582,-3.467969
0.019584,-2.9131925
0.019586,-2.2197218
0.019588,-1.4337888
0.01959,-0.55539227
0.019592,0.36923456
0.019594,1.2938623
0.019596,2.0797954
0.019598,2.8194976
0.0196,3.3742738
0.019602,3.744125
0.019604,3.92905
0.019606,3.92905
0.019608,3.6978936
0.01961,3.23558
0.019612,2.6345725
0.019614,1.8948698
0.019616,1.0627055
0.019618,0.184309
0.01962,-0.7403178
0.019622,-1.5724826
0.019624,-2.3584158
0.019625999,-3.0518866
0.019628,-3.5604317
0.01963,-3.8378198
0.019632,-3.976514
0.019634,-3.8378198
0.019636,-3.5142004
0.019638,-3.0518866
0.01964,-2.3584158
0.019642,-1.5724826
0.019644,-0.694087
0.019646,0.23054075
0.019648,1.1089368
0.01965,1.9411016
0.019652,2.6808028
0.019654,3.2818112
0.019656,3.6978936
0.019658,3.92905
0.01966,3.92905
0.019662,3.744125
0.019664,3.3280425
0.019666,2.7732663
0.019668,2.033564
0.01967,1.2476311
0.019672,0.3230033
0.019674,-0.601624
0.019676,-1.48002
0.019678,-2.2659533
0.01968,-2.9131925
0.019682,-3.467969
0.019684,-3.7915885
0.019686,-3.976514
0.019687999,-3.8840513
0.01969,-3.6066632
0.019692,-3.1443493
0.019694,-2.4971101
0.019696,-1.7111769
0.019698,-0.8790121
0.0197,0.045615196
0.019702,0.970243
0.019704,1.8024073
0.019706,2.5883412
0.019708,3.1893477
0.01971,3.6516623
0.019712,3.8828197
0.019714,3.9752812
0.019716,3.7903562
0.019718,3.420505
0.01972,2.8657289
0.019722,2.172258
0.019724,1.3863249
0.019726,0.50792885
0.019728,-0.41669846
0.01973,-1.2950945
0.019732,-2.1272593
0.019734,-2.8207297
0.019736,-3.3755062
0.019738,-3.7915885
0.01974,-3.9302826
0.019742,-3.9302826
0.019744,-3.6528945
0.019746,-3.236812
0.019748,-2.6358042
0.019749999,-1.8498712
0.019752,-1.0177064
0.019754,-0.09307861
0.019756,0.8315482
0.019758,-1.2488632
0.01976,-2.4971101
0.019762,-3.1443493
0.019764,-3.6528945
0.019766,-3.9302826
0.019768,-4.022745
0.01977,-3.8840513
0.019772,-3.5604317
0.019774,-3.0518866
0.019776,-2.3584158
0.019778,-1.5262513
0.01978,-0.694087
0.019782,0.23054075
0.019784,1.1551685
0.019786,1.9873328
0.019788,2.727035
0.01979,3.2818112
0.019792,3.6978936
0.019794,3.92905
0.019796,3.92905
0.019798,3.6978936
0.0198,3.2818112
0.019802,2.727035
0.019804,1.9873328
0.019806,1.1551685
0.019808,0.27677202
0.01981,-0.6478553
0.019811999,-1.48002
0.019814,-2.3121846
0.019816,-2.9594238
0.019818,-3.5142004
0.01982,-3.8378198
0.019822,-3.976514
0.019824,-3.8840513
0.019826,-3.6066632
0.019828,-3.098118
0.01983,-2.4508786
0.019832,-1.6649456
0.019834,-0.78654957
0.019836,0.091846466
0.019838,1.0164738
0.01984,1.8486385
0.019842,2.5883412
0.019844,3.23558
0.019846,3.6516623
0.019848,3.92905
0.01985,3.92905
0.019852,3.7903562
0.019854,3.3742738
0.019856,2.8194976
0.019858,2.126027
0.01986,1.3400936
0.019862,0.4154663
0.019864,-0.46292973
0.019866,-1.387557
0.019868,-2.1734905
0.01987,-2.866961
0.019872,-3.4217377
0.019873999,-3.7915885
0.019876,-3.9302826
0.019878,-3.8840513
0.01988,-3.6528945
0.019882,-3.1905808
0.019884,-2.589573
0.019886,-1.8036394
0.019888,-0.9714751
0.01989,-0.046847343
0.019892,0.87777996
0.019894,1.7099442
0.019896,2.4958777
0.019898,3.1431174
0.0199,3.605431
0.019902,3.8828197
0.019904,3.9752812
0.019906,3.8365874
0.019908,3.4667363
0.01991,2.9581914
0.019912,2.2647214
0.019914,1.4787879
0.019916,0.60039186
0.019918,-0.32423592
0.01992,-1.202632
0.019922,-2.0347965
0.019924,-2.7744985
0.019926,-3.329275
0.019928,-3.745357
0.01993,-3.9302826
0.019932,-3.9302826
0.019934,-3.6991258
0.019935999,-3.2830436
0.019938,-2.6820357
0.01994,-1.9423337
0.019942,-1.1101689
0.019944,-0.2317729
0.019946,0.6928544
0.019948,1.5712504
0.01995,2.357184
0.019952,3.050654
0.019954,3.5591989
0.019956,3.8365874
0.019958,3.9752812
0.01996,3.8365874
0.019962,3.5591989
0.019964,3.050654
0.019966,2.4034152
0.019968,1.6174817
0.01997,0.7390857
0.019972,-0.18554163
0.019974,-1.0639377
0.019976,-1.8961024
0.019978,-2.6358042
0.01998,-3.236812
0.019982,-3.6991258
0.019984,-3.9302826
0.019986,-3.9302826
0.019988,-3.745357
0.01999,-3.3755062
0.019992,-2.8207297
0.019994,-2.081028
0.019996,-1.2950945
0.019998,-0.3704667
0.02,0.5541601
0.020002,1.4325566
0.020004,2.2184901
0.020006,2.9119601
0.020008,3.4667363
0.02001,3.7903562
0.020012,3.9752812
0.020014,3.8828197
0.020016,3.605431
0.020018,3.1431174
0.02002,2.4958777
0.020022,1.756176
0.020024,0.92401123
0.020026,-6.160736E-4
0.020028,-0.9252434
0.02003,-1.7574081
0.020032,-2.4971101
0.020034,-3.1443493
0.020036,-3.6066632
0.020038,-3.8840513
0.02004,-3.9302826
0.020042,-3.7915885
0.020044,-3.467969
0.020046,-2.9131925
0.020048,-2.2197218
0.02005,-1.4337888
0.020052,-0.5091615
0.020054,0.4154663
0.020056,1.2938623
0.020058,2.0797954
0.02006,2.8194976
0.020062,3.3742738
0.020064,3.744125
0.020066,3.92905
0.020068,3.92905
0.02007,3.6978936
0.020072,3.23558
0.020074,2.6345725
0.020076,1.8948698
0.020078,1.0627055
0.02008,0.13807821
0.020082,-0.7403178
0.020084,-1.6187139
0.020086,-2.4046474
0.020088,-3.0518866
0.02009,-3.5604317
0.020092,-3.8378198
0.020094,-3.976514
0.020096,-3.8378198
0.020098,-3.5142004
0.0201,-3.0056553
0.020102,-2.3584158
0.020104,-1.5262513
0.020106,-0.694087
0.020108,0.23054075
0.02011,1.1551685
0.020112,1.9411016
0.020113999,2.6808028
0.020116,3.2818112
0.020118,3.6978936
0.02012,3.92905
0.020122,3.92905
0.020124,3.744125
0.020126,3.3280425
0.020128,2.7732663
0.02013,2.033564
0.020132,1.2013993
0.020134,0.3230033
0.020136,-0.601624
0.020138,-1.48002
0.02014,-2.2659533
0.020142,-2.9594238
0.020144,-3.467969
0.020146,-3.8378198
0.020148,-3.976514
0.02015,-3.8840513
0.020152,-3.6066632
0.020154,-3.1443493
0.020156,-2.4971101
0.020158,-1.7111769
0.02016,-0.83278084
0.020162,0.091846466
0.020164,0.970243
0.020166,1.8024073
0.020168,2.5883412
0.02017,3.1893477
0.020172,3.6516623
0.020174,3.92905
0.020175999,3.9752812
0.020178,1.756176
0.02018,-1.5724826
0.020182,-2.8207297
0.020184,-2.1272593
0.020186,-1.3413262
0.020188,-0.46292973
0.02019,0.46169758
0.020192,1.3863249
0.020194,2.172258
0.020196,2.8657289
0.020198,3.420505
0.0202,3.7903562
0.020202,3.9752812
0.020204,3.92905
0.020206,3.6516623
0.020208,3.23558
0.02021,2.5883412
0.020212,1.8486385
0.020214,1.0164738
0.020216,0.091846466
0.020218,-0.83278084
0.02022,-1.6649456
0.020222,-2.4508786
0.020224,-3.098118
0.020226,-3.5604317
0.020228,-3.8840513
0.02023,-3.976514
0.020232,-3.8378198
0.020234,-3.5142004
0.020236,-2.9594238
0.020237999,-2.3121846
0.02024,-1.48002
0.020242,-0.601624
0.020244,0.3230033
0.020246,1.2013993
0.020248,2.033564
0.02025,2.727035
0.020252,3.3280425
0.020254,3.744125
0.020256,3.92905
0.020258,3.92905
0.02026,3.6978936
0.020262,3.2818112
0.020264,2.727035
0.020266,1.9873328
0.020268,1.1551685
0.02027,0.23054075
0.020272,-0.6478553
0.020274,-1.5262513
0.020276,-2.3121846
0.020278,-3.0056553
0.02028,-3.5142004
0.020282,-3.8378198
0.020284,-3.976514
0.020286,-3.8840513
0.020288,-3.5604317
0.02029,-3.098118
0.020292,-2.4508786
0.020294,-1.6187139
0.020296,-0.78654957
0.020298,0.13807821
0.020299999,1.0627055
0.020302,1.8948698
0.020304,2.6345725
0.020306,3.23558
0.020308,3.6978936
0.02031,3.92905
0.020312,3.92905
0.020314,3.744125
0.020316,3.3742738
0.020318,2.8194976
0.02032,2.126027
0.020322,1.2938623
0.020324,0.4154663
0.020326,-0.5091615
0.020328,-1.387557
0.02033,-2.1734905
0.020332,-2.866961
0.020334,-3.4217377
0.020336,-3.7915885
0.020338,-3.9302826
0.02034,-3.8840513
0.020342,-3.6528945
0.020344,-3.1905808
0.020346,-2.5433414
0.020348,-1.8036394
0.02035,-0.9252434
0.020352,-0.046847343
0.020354,0.87777996
0.020356,1.756176
0.020358,2.4958777
0.02036,3.1431174
0.020361999,3.605431
0.020364,3.8828197
0.020366,3.9752812
0.020368,3.7903562
0.02037,3.4667363
0.020372,2.9119601
0.020374,2.2184901
0.020376,1.4325566
0.020378,0.5541601
0.02038,-0.3704667
0.020382,-1.2488632
0.020384,-2.0347965
0.020386,-2.7744985
0.020388,-3.3755062
0.02039,-3.745357
0.020392,-3.9302826
0.020394,-3.9302826
0.020396,-3.6991258
0.020398,-3.2830436
0.0204,-2.6820357
0.020402,-1.9423337
0.020404,-1.1101689
0.020406,-0.18554163
0.020408,0.7390857
0.02041,1.5712504
0.020412,2.4034152
0.020414,3.050654
0.020416,3.5591989
0.020418,3.8365874
0.02042,3.9752812
0.020422,3.8365874
0.020423999,3.5591989
0.020426,3.050654
0.020428,2.357184
0.02043,1.5712504
0.020432,0.7390857
0.020434,-0.18554163
0.020436,-1.1101689
0.020438,-1.8961024
0.02044,-2.6358042
0.020442,-3.2830436
0.020444,-3.6991258
0.020446,-3.9302826
0.020448,-3.9302826
0.02045,-3.745357
0.020452,-3.3755062
0.020454,-2.7744985
0.020456,-2.081028
0.020458,-1.2488632
0.02046,-0.32423592
0.020462,0.60039186
0.020464,1.4787879
0.020466,2.2647214
0.020468,2.9581914
0.02047,3.4667363
0.020472,3.8365874
0.020474,3.9752812
0.020476,3.8828197
0.020478,3.605431
0.02048,3.1431174
0.020482,2.4958777
0.020484,1.7099442
0.020485999,0.87777996
0.020488,-0.046847343
0.02049,-0.9252434
0.020492,-1.7574081
0.020494,-2.5433414
0.020496,-3.1905808
0.020498,-3.6528945
0.0205,-3.8840513
0.020502,-3.9302826
0.020504,-3.7915885
0.020506,-3.4217377
0.020508,-2.9131925
0.02051,-2.2197218
0.020512,-1.387557
0.020514,-0.5091615
0.020516,0.4154663
0.020518,1.3400936
0.02052,2.126027
0.020522,2.8194976
0.020524,3.3742738
0.020526,3.7903562
0.020528,3.92905
0.02053,3.92905
0.020532,3.6516623
0.020534,3.23558
0.020536,2.6345725
0.020538,1.8486385
0.02054,1.0164738
0.020542,0.13807821
0.020544,-0.78654957
0.020546,-1.6187139
0.020548,-2.4046474
0.02055,-3.0518866
0.020552,-3.5604317
0.020554,-3.8840513
0.020556,-3.976514
0.020558,-3.8378198
0.02056,-3.5142004
0.020562,-3.0056553
0.020564,-2.3121846
0.020566,-1.5262513
0.020568,-0.6478553
0.02057,0.27677202
0.020572,1.1551685
0.020574,1.9873328
0.020576,2.727035
0.020578,3.3280425
0.02058,3.744125
0.020582,3.92905
0.020584,3.92905
0.020586,3.744125
0.020588,3.3280425
0.02059,2.727035
0.020592,1.9873328
0.020594,1.2013993
0.020596,0.27677202
0.020598,0.6928544
0.0206,1.5712504
0.020602,2.357184
0.020604,3.050654
0.020606,3.5591989
0.020608,3.8828197
0.02061,4.0215135
0.020612,3.92905
0.020614,3.6516623
0.020616,3.1431174
0.020618,2.4958777
0.02062,1.7099442
0.020622,0.87777996
0.020624,-0.046847343
0.020626,-0.9714751
0.020628,-1.8036394
0.02063,-2.5433414
0.020632,-3.1905808
0.020634,-3.6528945
0.020636,-3.8840513
0.020638,-3.9302826
0.02064,-3.745357
0.020642,-3.3755062
0.020644,-2.866961
0.020646,-2.1272593
0.020648,-1.3413262
0.02065,-0.41669846
0.020652,0.50792885
0.020654,1.3863249
0.020656,2.172258
0.020658,2.8657289
0.02066,3.420505
0.020662,3.7903562
0.020663999,3.9752812
0.020666,3.92905
0.020668,3.6516623
0.02067,3.1893477
0.020672,2.5883412
0.020674,1.8024073
0.020676,0.970243
0.020678,0.091846466
0.02068,-0.83278084
0.020682,-1.6649456
0.020684,-2.4508786
0.020686,-3.098118
0.020688,-3.6066632
0.02069,-3.8840513
0.020692,-3.976514
0.020694,-3.8378198
0.020696,-3.467969
0.020698,-2.9594238
0.0207,-2.2659533
0.020702,-1.48002
0.020704,-0.601624
0.020706,0.3230033
0.020708,1.2013993
0.02071,2.033564
0.020712,2.7732663
0.020714,3.3280425
0.020716,3.744125
0.020718,3.92905
0.02072,3.92905
0.020722,3.6978936
0.020724,3.2818112
0.020725999,2.6808028
0.020728,1.9411016
0.02073,1.1551685
0.020732,0.23054075
0.020734,-0.694087
0.020736,-1.5262513
0.020738,-2.3121846
0.02074,-3.0056553
0.020742,-3.5142004
0.020744,-3.8378198
0.020746,-3.976514
0.020748,-3.8378198
0.02075,-3.5604317
0.020752,-3.0518866
0.020754,-2.4046474
0.020756,-1.6187139
0.020758,-0.78654957
0.02076,0.13807821
0.020762,1.0627055
0.020764,1.8948698
0.020766,2.6345725
0.020768,3.23558
0.02077,3.6978936
0.020772,3.92905
0.020774,3.92905
0.020776,3.744125
0.020778,3.3742738
0.02078,2.8194976
0.020782,2.0797954
0.020784,1.2938623
0.020786,0.4154663
0.020787999,-0.5091615
0.02079,-1.387557
0.020792,-2.1734905
0.020794,-2.9131925
0.020796,-3.4217377
0.020798,-3.7915885
0.0208,-3.9302826
0.020802,-3.8840513
0.020804,-3.6066632
0.020806,-3.1905808
0.020808,-2.5433414
0.02081,-1.7574081
0.020812,-0.9252434
0.020814,-6.160736E-4
0.020816,0.92401123
0.020818,1.756176
0.02082,2.542109
0.020822,3.1431174
0.020824,3.605431
0.020826,3.8828197
0.020828,3.9752812
0.02083,3.7903562
0.020832,3.4667363
0.020834,2.9119601
0.020836,2.2184901
0.020838,1.4325566
0.02084,0.5541601
0.020842,-0.3704667
0.020844,-1.2488632
0.020846,-2.081028
0.020848,-2.7744985
0.020849999,-3.3755062
0.020852,-3.745357
0.020854,-3.9302826
0.020856,-3.9302826
0.020858,-3.6991258
0.02086,-3.236812
0.020862,-2.6820357
0.020864,-1.8961024
0.020866,-1.0639377
0.020868,-0.18554163
0.02087,0.7390857
0.020872,1.6174817
0.020874,2.4034152
0.020876,3.050654
0.020878,3.5591989
0.02088,3.8828197
0.020882,3.9752812
0.020884,3.8365874
0.020886,3.5129685
0.020888,3.0044227
0.02089,2.357184
0.020892,1.5712504
0.020894,0.6928544
0.020896,-0.18554163
0.020898,-1.1101689
0.0209,-1.9423337
0.020902,-2.6820357
0.020904,-3.2830436
0.020906,-3.6991258
0.020908,-3.9302826
0.02091,-3.9302826
0.020911999,-3.745357
0.020914,-3.329275
0.020916,-2.7744985
0.020918,-2.0347965
0.02092,-1.2488632
0.020922,-0.32423592
0.020924,0.60039186
0.020926,1.4787879
0.020928,2.2647214
0.02093,2.9581914
0.020932,3.4667363
0.020934,3.8365874
0.020936,3.9752812
0.020938,3.8828197
0.02094,3.605431
0.020942,3.1431174
0.020944,2.4958777
0.020946,1.7099442
0.020948,0.87777996
0.02095,-0.046847343
0.020952,-0.9714751
0.020954,-1.8036394
0.020956,-2.5433414
0.020958,-3.1905808
0.02096,-3.6528945
0.020962,-3.8840513
0.020964,-3.9302826
0.020966,-3.7915885
0.020968,-3.4217377
0.02097,-2.866961
0.020972,-2.1734905
0.020973999,-1.387557
0.020976,-0.5091615
0.020978,0.46169758
0.02098,1.3400936
0.020982,2.126027
0.020984,2.8657289
0.020986,3.420505
0.020988,3.7903562
0.02099,3.92905
0.020992,3.92905
0.020994,3.6516623
0.020996,3.23558
0.020998,2.5883412
0.021,1.8486385
0.021002,1.0164738
0.021004,0.13807821
0.021006,-0.78654957
0.021008,-1.6187139
0.02101,-2.4046474
0.021012,-3.098118
0.021014,-3.5604317
0.021016,-3.8840513
0.021018,-2.6358042
0.02102,0.970243
0.021022,3.3742738
0.021024,2.9581914
0.021026,2.3109517
0.021028,1.4787879
0.02103,0.64662313
0.021032,-0.27800417
0.021034,-1.1564007
0.021035999,-1.9885652
0.021038,-2.728267
0.02104,-3.329275
0.021042,-3.6991258
0.021044,-3.9302826
0.021046,-3.9302826
0.021048,-3.6991258
0.02105,-3.329275
0.021052,-2.728267
0.021054,-1.9885652
0.021056,-1.1564007
0.021058,-0.27800417
0.02106,0.64662313
0.021062,1.5250192
0.021064,2.3109517
0.021066,3.0044227
0.021068,3.5129685
0.02107,3.8365874
0.021072,3.9752812
0.021074,3.8828197
0.021076,3.5591989
0.021078,3.0968862
0.02108,2.4496465
0.021082,1.6637135
0.021084,0.7853174
0.021086,-0.09307861
0.021088,-1.0177064
0.02109,-1.8498712
0.021092,-2.589573
0.021094,-3.236812
0.021096,-3.6528945
0.021097999,-3.8840513
0.0211,-3.9302826
0.021102,-3.7915885
0.021104,-3.3755062
0.021106,-2.8207297
0.021108,-2.1272593
0.02111,-1.3413262
0.021112,-0.41669846
0.021114,0.50792885
0.021116,1.3863249
0.021118,2.172258
0.02112,2.9119601
0.021122,3.420505
0.021124,3.7903562
0.021126,3.9752812
0.021128,3.8828197
0.02113,3.6516623
0.021132,3.1893477
0.021134,2.542109
0.021136,1.8024073
0.021138,0.970243
0.02114,0.045615196
0.021142,-0.8790121
0.021144,-1.7111769
0.021146,-2.4508786
0.021148,-3.098118
0.02115,-3.6066632
0.021152,-3.8840513
0.021154,-3.976514
0.021156,-3.7915885
0.021158,-3.467969
0.02116,-2.9594238
0.021162,-2.2659533
0.021164,-1.48002
0.021166,-0.601624
0.021168,0.3230033
0.02117,1.2476311
0.021172,2.033564
0.021174,2.7732663
0.021176,3.3742738
0.021178,3.744125
0.02118,3.92905
0.021182,3.92905
0.021184,3.6978936
0.021186,3.2818112
0.021188,2.6808028
0.02119,1.9411016
0.021192,1.1089368
0.021194,0.23054075
0.021196,-0.694087
0.021198,-1.5724826
0.0212,-2.3584158
0.021202,-3.0056553
0.021204,-3.5142004
0.021206,-3.8378198
0.021208,-3.976514
0.02121,-3.8378198
0.021212,-3.5604317
0.021213999,-3.0518866
0.021216,-2.4046474
0.021218,-1.5724826
0.02122,-0.7403178
0.021222,0.184309
0.021224,1.1089368
0.021226,1.8948698
0.021228,2.6808028
0.02123,3.2818112
0.021232,3.6978936
0.021234,3.92905
0.021236,3.92905
0.021238,3.744125
0.02124,3.3742738
0.021242,2.7732663
0.021244,2.0797954
0.021246,1.2476311
0.021248,0.36923456
0.02125,-0.55539227
0.021252,-1.4337888
0.021254,-2.2197218
0.021256,-2.9131925
0.021258,-3.467969
0.02126,-3.7915885
0.021262,-3.9302826
0.021264,-3.8840513
0.021266,-3.6066632
0.021268,-3.1443493
0.02127,-2.4971101
0.021272,-1.7574081
0.021274,-0.8790121
0.021275999,0.045615196
0.021278,0.92401123
0.02128,1.756176
0.021282,2.542109
0.021284,3.1893477
0.021286,3.6516623
0.021288,3.8828197
0.02129,3.9752812
0.021292,3.7903562
0.021294,3.4667363
0.021296,2.9119601
0.021298,2.2184901
0.0213,1.4325566
0.021302,0.50792885
0.021304,-0.3704667
0.021306,-1.2950945
0.021308,-2.081028
0.02131,-2.8207297
0.021312,-3.3755062
0.021314,-3.745357
0.021316,-3.9302826
0.021318,-3.9302826
0.02132,-3.6991258
0.021322,-3.236812
0.021324,-2.6358042
0.021326,-1.8961024
0.021328,-1.0639377
0.02133,-0.13931036
0.021332,0.7853174
0.021334,1.6174817
0.021336,2.4034152
0.021337999,3.0968862
0.02134,3.5591989
0.021342,3.8828197
0.021344,3.9752812
0.021346,3.8365874
0.021348,3.5129685
0.02135,3.0044227
0.021352,2.357184
0.021354,1.5250192
0.021356,0.6928544
0.021358,-0.2317729
0.02136,-1.1101689
0.021362,-1.9423337
0.021364,-2.6820357
0.021366,-3.2830436
0.021368,-3.6991258
0.02137,-3.9302826
0.021372,-3.9302826
0.021374,-3.745357
0.021376,-3.329275
0.021378,-2.7744985
0.02138,-2.0347965
0.021382,-1.202632
0.021384,-0.27800417
0.021386,0.60039186
0.021388,1.4787879
0.02139,2.2647214
0.021392,2.9581914
0.021394,3.5129685
0.021396,3.8365874
0.021398,3.9752812
0.021399999,3.8828197
0.021402,3.605431
0.021404,3.0968862
0.021406,2.4496465
0.021408,1.6637135
0.02141,0.8315482
0.021412,-0.09307861
0.021414,-0.9714751
0.021416,-1.8036394
0.021418,-2.5433414
0.02142,-3.1905808
0.021422,-3.6528945
0.021424,-3.8840513
0.021426,-3.9302826
0.021428,-3.7915885
0.02143,-3.4217377
0.021432,-2.866961
0.021434,-2.1734905
0.021436,-1.3413262
0.021438,-6.160736E-4
0.02144,-0.55539227
0.021442,-1.4337888
0.021444,-2.2197218
0.021446,-2.9131925
0.021448,-3.467969
0.02145,-3.8378198
0.021452,-4.022745
0.021454,-3.976514
0.021456,-3.6991258
0.021458,-3.236812
0.02146,-2.6358042
0.021461999,-1.8961024
0.021464,-1.0177064
0.021466,-0.13931036
0.021468,0.7853174
0.02147,1.6637135
0.021472,2.4496465
0.021474,3.0968862
0.021476,3.5591989
0.021478,3.8365874
0.02148,3.92905
0.021482,3.7903562
0.021484,3.4667363
0.021486,2.9581914
0.021488,2.2647214
0.02149,1.4787879
0.021492,0.60039186
0.021494,-0.27800417
0.021496,-1.202632
0.021498,-1.9885652
0.0215,-2.728267
0.021502,-3.329275
0.021504,-3.745357
0.021506,-3.9302826
0.021508,-3.9302826
0.02151,-3.6991258
0.021512,-3.2830436
0.021514,-2.728267
0.021516,-1.9885652
0.021518,-1.1564007
0.02152,-0.2317729
0.021522,0.6928544
0.021523999,1.5250192
0.021526,2.3109517
0.021528,3.0044227
0.02153,3.5129685
0.021532,3.8365874
0.021534,3.9752812
0.021536,3.8828197
0.021538,3.5591989
0.02154,3.050654
0.021542,2.4034152
0.021544,1.6174817
0.021546,0.7853174
0.021548,-0.13931036
0.02155,-1.0177064
0.021552,-1.8498712
0.021554,-2.589573
0.021556,-3.236812
0.021558,-3.6528945
0.02156,-3.9302826
0.021562,-3.9302826
0.021564,-3.745357
0.021566,-3.3755062
0.021568,-2.8207297
0.02157,-2.1272593
0.021572,-1.2950945
0.021574,-0.41669846
0.021576,0.50792885
0.021578,1.4325566
0.02158,2.2184901
0.021582,2.9119601
0.021584,3.4667363
0.021585999,3.7903562
0.021588,3.9752812
0.02159,3.8828197
0.021592,3.6516623
0.021594,3.1893477
0.021596,2.542109
0.021598,1.756176
0.0216,0.92401123
0.021602,0.045615196
0.021604,-0.8790121
0.021606,-1.7111769
0.021608,-2.4971101
0.02161,-3.1443493
0.021612,-3.6066632
0.021614,-3.8840513
0.021616,-3.976514
0.021618,-3.7915885
0.02162,-3.467969
0.021622,-2.9594238
0.021624,-2.2659533
0.021626,-1.4337888
0.021628,-0.55539227
0.02163,0.36923456
0.021632,1.2476311
0.021634,2.0797954
0.021636,2.7732663
0.021638,3.3742738
0.02164,3.744125
0.021642,3.92905
0.021644,3.92905
0.021646,3.6978936
0.021647999,3.2818112
0.02165,2.6808028
0.021652,1.9411016
0.021654,1.1089368
0.021656,0.184309
0.021658,-0.7403178
0.02166,-1.5724826
0.021662,-2.3584158
0.021664,-3.0518866
0.021666,-3.5604317
0.021668,-3.8378198
0.02167,-3.976514
0.021672,-3.8378198
0.021674,-3.5604317
0.021676,-3.0518866
0.021678,-2.3584158
0.02168,-1.5724826
0.021682,-0.7403178
0.021684,0.184309
0.021686,1.1089368
0.021688,1.9411016
0.02169,2.6808028
0.021692,3.2818112
0.021694,3.6978936
0.021696,3.92905
0.021698,3.92905
0.0217,3.744125
0.021702,3.3742738
0.021704,2.7732663
0.021706,2.0797954
0.021708,1.2476311
0.02171,0.36923456
0.021712,-0.55539227
0.021714,-1.4337888
0.021716,-2.2197218
0.021718,-2.9131925
0.02172,-3.467969
0.021722,-3.7915885
0.021724,-3.9302826
0.021726,-3.8840513
0.021728,-3.6066632
0.02173,-3.1443493
0.021732,-2.4971101
0.021734,-1.7111769
0.021736,-0.8790121
0.021738,0.045615196
0.02174,0.970243
0.021742,1.8024073
0.021744,2.542109
0.021746,3.1893477
0.021748,3.6516623
0.02175,3.8828197
0.021752,3.9752812
0.021754,3.7903562
0.021756,3.420505
0.021758,2.8657289
0.02176,2.172258
0.021762,1.3863249
0.021763999,0.50792885
0.021766,-0.41669846
0.021768,-1.2950945
0.02177,-2.081028
0.021772,-2.8207297
0.021774,-3.3755062
0.021776,-3.745357
0.021778,-3.9302826
0.02178,-3.9302826
0.021782,-3.6528945
0.021784,-3.236812
0.021786,-2.6358042
0.021788,-1.8961024
0.02179,-1.0177064
0.021792,-0.13931036
0.021794,0.7853174
0.021796,1.6637135
0.021798,2.4496465
0.0218,3.0968862
0.021802,3.5591989
0.021804,3.8828197
0.021806,3.9752812
0.021808,3.8365874
0.02181,3.5129685
0.021812,3.0044227
0.021814,2.3109517
0.021816,1.5250192
0.021818,0.64662313
0.02182,-0.2317729
0.021822,-1.1564007
0.021824,-1.9423337
0.021825999,-2.6820357
0.021828,-3.2830436
0.02183,-3.6991258
0.021832,-3.9302826
0.021834,-3.9302826
0.021836,-3.745357
0.021838,-3.329275
0.02184,-2.728267
0.021842,-2.0347965
0.021844,-1.202632
0.021846,-0.27800417
0.021848,0.64662313
0.02185,1.4787879
0.021852,2.3109517
0.021854,3.0044227
0.021856,3.5129685
0.021858,2.8194976
0.02186,-0.6478553
0.021862,-3.5604317
0.021864,-3.6066632
0.021866,-3.098118
0.021868,-2.4508786
0.02187,-1.6649456
0.021872,-0.83278084
0.021874,0.091846466
0.021876,1.0164738
0.021878,1.8486385
0.02188,2.5883412
0.021882,3.1893477
0.021884,3.6516623
0.021886,3.8828197
0.021887999,3.92905
0.02189,3.7903562
0.021892,3.3742738
0.021894,2.8194976
0.021896,2.126027
0.021898,1.3400936
0.0219,0.46169758
0.021902,-0.46292973
0.021904,-1.3413262
0.021906,-2.1734905
0.021908,-2.866961
0.02191,-3.4217377
0.021912,-3.7915885
0.021914,-3.9302826
0.021916,-3.8840513
0.021918,-3.6528945
0.02192,-3.1905808
0.021922,-2.589573
0.021924,-1.8036394
0.021926,-0.9714751
0.021928,-0.046847343
0.02193,0.87777996
0.021932,1.7099442
0.021934,2.4958777
0.021936,3.1431174
0.021938,3.605431
0.02194,3.8828197
0.021942,3.9752812
0.021944,3.8365874
0.021946,3.4667363
0.021948,2.9581914
0.021949999,2.2647214
0.021952,1.4787879
0.021954,0.60039186
0.021956,-0.32423592
0.021958,-1.202632
0.02196,-2.0347965
0.021962,-2.728267
0.021964,-3.329275
0.021966,-3.745357
0.021968,-3.9302826
0.02197,-3.9302826
0.021972,-3.6991258
0.021974,-3.2830436
0.021976,-2.6820357
0.021978,-1.9423337
0.02198,-1.1101689
0.021982,-0.2317729
0.021984,0.6928544
0.021986,1.5712504
0.021988,2.357184
0.02199,3.0044227
0.021992,3.5129685
0.021994,3.8365874
0.021996,3.9752812
0.021998,3.8365874
0.022,3.5591989
0.022002,3.050654
0.022004,2.4034152
0.022006,1.6174817
0.022008,0.7390857
0.02201,-0.13931036
0.022011999,-1.0639377
0.022014,-1.8961024
0.022016,-2.6358042
0.022018,-3.236812
0.02202,-3.6991258
0.022022,-3.9302826
0.022024,-3.9302826
0.022026,-3.745357
0.022028,-3.3755062
0.02203,-2.8207297
0.022032,-2.081028
0.022034,-1.2950945
0.022036,-0.3704667
0.022038,0.5541601
0.02204,1.4325566
0.022042,2.2184901
0.022044,2.9119601
0.022046,3.4667363
0.022048,3.7903562
0.02205,3.9752812
0.022052,3.8828197
0.022054,3.605431
0.022056,3.1431174
0.022058,2.542109
0.02206,1.756176
0.022062,0.92401123
0.022064,-6.160736E-4
0.022066,-0.9252434
0.022068,-1.7574081
0.02207,-2.4971101
0.022072,-3.1443493
0.022073999,-3.6066632
0.022076,-3.8840513
0.022078,-3.976514
0.02208,-3.7915885
0.022082,-3.467969
0.022084,-2.9131925
0.022086,-2.2197218
0.022088,-1.4337888
0.02209,-0.55539227
0.022092,0.36923456
0.022094,1.2938623
0.022096,2.0797954
0.022098,2.8194976
0.0221,3.3742738
0.022102,3.744125
0.022104,3.92905
0.022106,3.92905
0.022108,3.6978936
0.02211,3.23558
0.022112,2.6345725
0.022114,1.8948698
0.022116,1.0627055
0.022118,0.184309
0.02212,-0.7403178
0.022122,-1.5724826
0.022124,-2.3584158
0.022126,-3.0518866
0.022128,-3.5604317
0.02213,-3.8378198
0.022132,-3.976514
0.022134,-3.8378198
0.022135999,-3.5142004
0.022138,-3.0518866
0.02214,-2.3584158
0.022142,-1.5724826
0.022144,-0.694087
0.022146,0.23054075
0.022148,1.1551685
0.02215,1.9411016
0.022152,2.6808028
0.022154,3.2818112
0.022156,3.6978936
0.022158,3.92905
0.02216,3.92905
0.022162,3.744125
0.022164,3.3280425
0.022166,2.7732663
0.022168,2.033564
0.02217,1.2013993
0.022172,0.3230033
0.022174,-0.601624
0.022176,-1.48002
0.022178,-2.2659533
0.02218,-2.9594238
0.022182,-3.467969
0.022184,-3.8378198
0.022186,-3.976514
0.022188,-3.8840513
0.02219,-3.6066632
0.022192,-3.1443493
0.022194,-2.4971101
0.022196,-1.7111769
0.022197999,-0.83278084
0.0222,0.045615196
0.022202,0.970243
0.022204,1.8024073
0.022206,2.5883412
0.022208,3.1893477
0.02221,3.6516623
0.022212,3.8828197
0.022214,3.92905
0.022216,3.7903562
0.022218,3.420505
0.02222,2.8657289
0.022222,2.172258
0.022224,1.3863249
0.022226,0.50792885
0.022228,-0.41669846
0.02223,-1.3413262
0.022232,-2.1272593
0.022234,-2.8207297
0.022236,-3.3755062
0.022238,-3.7915885
0.02224,-3.9302826
0.022242,-3.9302826
0.022244,-3.6528945
0.022246,-3.236812
0.022248,-2.589573
0.02225,-1.8498712
0.022252,-1.0177064
0.022254,-0.09307861
0.022256,0.8315482
0.022258,1.6637135
0.022259999,2.4496465
0.022262,3.0968862
0.022264,3.605431
0.022266,3.8828197
0.022268,3.9752812
0.02227,3.8365874
0.022272,3.5129685
0.022274,2.9581914
0.022276,2.3109517
0.022278,0.92401123
0.02228,-0.5091615
0.022282,0.36923456
0.022284,1.2476311
0.022286,2.0797954
0.022288,2.8194976
0.02229,3.3742738
0.022292,3.7903562
0.022294,3.9752812
0.022296,3.9752812
0.022298,3.744125
0.0223,3.3280425
0.022302,2.7732663
0.022304,2.033564
0.022306,1.2013993
0.022308,0.3230033
0.02231,-0.601624
0.022312,-1.48002
0.022314,-2.2659533
0.022316,-2.9594238
0.022318,-3.467969
0.02232,-3.8378198
0.022322,-3.9302826
0.022324,-3.8378198
0.022326,-3.5604317
0.022328,-3.098118
0.02233,-2.4508786
0.022332,-1.6649456
0.022334,-0.78654957
0.022336,0.13807821
0.022338,1.0164738
0.02234,1.8486385
0.022342,2.6345725
0.022344,3.23558
0.022346,3.6978936
0.022348,3.92905
0.02235,3.9752812
0.022352,3.7903562
0.022354,3.420505
0.022356,2.8194976
0.022358,2.126027
0.02236,1.3400936
0.022362,0.4154663
0.022364,-0.46292973
0.022366,-1.387557
0.022368,-2.1734905
0.02237,-2.866961
0.022372,-3.4217377
0.022374,-3.7915885
0.022375999,-3.9302826
0.022378,-3.8840513
0.02238,-3.6528945
0.022382,-3.1905808
0.022384,-2.589573
0.022386,-1.8036394
0.022388,-0.9714751
0.02239,-0.046847343
0.022392,0.87777996
0.022394,1.7099442
0.022396,2.4958777
0.022398,3.1431174
0.0224,3.605431
0.022402,3.8828197
0.022404,3.9752812
0.022406,3.8365874
0.022408,3.4667363
0.02241,2.9581914
0.022412,2.2647214
0.022414,1.4787879
0.022416,0.60039186
0.022418,-0.32423592
0.02242,-1.202632
0.022422,-2.0347965
0.022424,-2.7744985
0.022426,-3.329275
0.022428,-3.745357
0.02243,-3.9302826
0.022432,-3.9302826
0.022434,-3.6991258
0.022436,-3.2830436
0.022437999,-2.6820357
0.02244,-1.9423337
0.022442,-1.1101689
0.022444,-0.18554163
0.022446,0.7390857
0.022448,1.5712504
0.02245,2.357184
0.022452,3.050654
0.022454,3.5591989
0.022456,3.8365874
0.022458,3.9752812
0.02246,3.8365874
0.022462,3.5591989
0.022464,3.050654
0.022466,2.4034152
0.022468,1.6174817
0.02247,0.7390857
0.022472,-0.18554163
0.022474,-1.0639377
0.022476,-1.8961024
0.022478,-2.6358042
0.02248,-3.236812
0.022482,-3.6991258
0.022484,-3.9302826
0.022486,-3.9302826
0.022488,-3.745357
0.02249,-3.3755062
0.022492,-2.8207297
0.022494,-2.081028
0.022496,-1.2488632
0.022498,-0.3704667
0.022499999,0.5541601
0.022502,1.4325566
0.022504,2.2184901
0.022506,2.9119601
0.022508,3.4667363
0.02251,3.7903562
0.022512,3.9752812
0.022514,3.8828197
0.022516,3.605431
0.022518,3.1431174
0.02252,2.4958777
0.022522,1.756176
0.022524,0.92401123
0.022526,-6.160736E-4
0.022528,-0.9252434
0.02253,-1.7574081
0.022532,-2.4971101
0.022534,-3.1443493
0.022536,-3.6066632
0.022538,-3.8840513
0.02254,-3.9302826
0.022542,-3.7915885
0.022544,-3.467969
0.022546,-2.9131925
0.022548,-2.2197218
0.02255,-1.4337888
0.022552,-0.5091615
0.022554,0.4154663
0.022556,1.2938623
0.022558,2.126027
0.02256,2.8194976
0.022561999,3.3742738
0.022564,3.744125
0.022566,3.92905
0.022568,3.92905
0.02257,3.6978936
0.022572,3.23558
0.022574,2.6345725
0.022576,1.8948698
0.022578,1.0627055
0.02258,0.13807821
0.022582,-0.7403178
0.022584,-1.6187139
0.022586,-2.4046474
0.022588,-3.0518866
0.02259,-3.5604317
0.022592,-3.8378198
0.022594,-3.976514
0.022596,-3.8378198
0.022598,-3.5142004
0.0226,-3.0056553
0.022602,-2.3584158
0.022604,-1.5262513
0.022606,-0.694087
0.022608,0.23054075
0.02261,1.1551685
0.022612,1.9873328
0.022614,2.6808028
0.022616,3.2818112
0.022618,3.6978936
0.02262,3.92905
0.022622,3.92905
0.022623999,3.744125
0.022626,3.3280425
0.022628,2.727035
0.02263,2.033564
0.022632,1.2013993
0.022634,0.3230033
0.022636,-0.601624
0.022638,-1.48002
0.02264,-2.2659533
0.022642,-2.9594238
0.022644,-3.467969
0.022646,-3.8378198
0.022648,-3.976514
0.02265,-3.8840513
0.022652,-3.6066632
0.022654,-3.098118
0.022656,-2.4971101
0.022658,-1.7111769
0.02266,-0.83278084
0.022662,0.091846466
0.022664,1.0164738
0.022666,1.8486385
0.022668,2.5883412
0.02267,3.1893477
0.022672,3.6516623
0.022674,3.92905
0.022676,3.92905
0.022678,3.7903562
0.02268,3.420505
0.022682,2.8657289
0.022684,2.172258
0.022685999,1.3400936
0.022688,0.46169758
0.02269,-0.46292973
0.022692,-1.3413262
0.022694,-2.1272593
0.022696,-2.8207297
0.022698,-3.098118
0.0227,0.3230033
0.022702,3.6516623
0.022704,3.92905
0.022706,3.6978936
0.022708,3.23558
0.02271,2.5883412
0.022712,1.8486385
0.022714,1.0164738
0.022716,0.091846466
0.022718,-0.83278084
0.02272,-1.6649456
0.022722,-2.4508786
0.022724,-3.098118
0.022726,-3.5604317
0.022728,-3.8840513
0.02273,-3.9302826
0.022732,-3.8378198
0.022734,-3.467969
0.022736,-2.9594238
0.022738,-2.2659533
0.02274,-1.48002
0.022742,-0.601624
0.022744,0.3230033
0.022746,1.2013993
0.022747999,2.033564
0.02275,2.7732663
0.022752,3.3280425
0.022754,3.744125
0.022756,3.92905
0.022758,3.92905
0.02276,3.6978936
0.022762,3.2818112
0.022764,2.727035
0.022766,1.9873328
0.022768,1.1551685
0.02277,0.23054075
0.022772,-0.6478553
0.022774,-1.5262513
0.022776,-2.3121846
0.022778,-3.0056553
0.02278,-3.5142004
0.022782,-3.8378198
0.022784,-3.976514
0.022786,-3.8378198
0.022788,-3.5604317
0.02279,-3.0518866
0.022792,-2.4046474
0.022794,-1.6187139
0.022796,-0.78654957
0.022798,0.13807821
0.0228,1.0627055
0.022802,1.8948698
0.022804,2.6345725
0.022806,3.23558
0.022808,3.6978936
0.022809999,3.92905
0.022812,3.92905
0.022814,3.744125
0.022816,3.3742738
0.022818,2.8194976
0.02282,2.126027
0.022822,1.2938623
0.022824,0.4154663
0.022826,-0.5091615
0.022828,-1.387557
0.02283,-2.1734905
0.022832,-2.866961
0.022834,-3.4217377
0.022836,-3.7915885
0.022838,-3.9302826
0.02284,-3.8840513
0.022842,-3.6528945
0.022844,-3.1905808
0.022846,-2.5433414
0.022848,-1.7574081
0.02285,-0.9252434
0.022852,-6.160736E-4
0.022854,0.92401123
0.022856,1.756176
0.022858,2.4958777
0.02286,3.1431174
0.022862,3.605431
0.022864,3.8828197
0.022866,3.9752812
0.022868,3.7903562
0.02287,3.4667363
0.022872,2.9119601
0.022874,2.2184901
0.022876,1.4325566
0.022878,0.5541601
0.02288,-0.3704667
0.022882,-1.2488632
0.022884,-2.0347965
0.022886,-2.7744985
0.022888,-3.3755062
0.02289,-3.745357
0.022892,-3.9302826
0.022894,-3.9302826
0.022896,-3.6991258
0.022898,-3.2830436
0.0229,-2.6820357
0.022902,-1.9423337
0.022904,-1.1101689
0.022906,-0.18554163
0.022908,0.7390857
0.02291,1.6174817
0.022912,2.4034152
0.022914,3.050654
0.022916,3.5591989
0.022918,3.8365874
0.02292,3.9752812
0.022922,3.8365874
0.022924,3.5591989
0.022925999,3.050654
0.022928,2.357184
0.02293,1.5712504
0.022932,0.7390857
0.022934,-0.18554163
0.022936,-1.1101689
0.022938,-1.8961024
0.02294,-2.6358042
0.022942,-3.2830436
0.022944,-3.6991258
0.022946,-3.9302826
0.022948,-3.9302826
0.02295,-3.745357
0.022952,-3.3755062
0.022954,-2.7744985
0.022956,-2.081028
0.022958,-1.2488632
0.02296,-0.32423592
0.022962,0.60039186
0.022964,1.4787879
0.022966,2.2647214
0.022968,2.9581914
0.02297,3.4667363
0.022972,3.8365874
0.022974,3.9752812
0.022976,3.8828197
0.022978,3.605431
0.02298,3.1431174
0.022982,2.4958777
0.022984,1.7099442
0.022986,0.87777996
0.022987999,-0.046847343
0.02299,-0.9252434
0.022992,-1.7574081
0.022994,-2.5433414
0.022996,-3.1905808
0.022998,-3.6528945
0.023,-3.8840513
0.023002,-3.9302826
0.023004,-3.7915885
0.023006,-3.4217377
0.023008,-2.9131925
0.02301,-2.1734905
0.023012,-1.387557
0.023014,-0.5091615
0.023016,0.4154663
0.023018,1.3400936
0.02302,2.126027
0.023022,2.8194976
0.023024,3.420505
0.023026,3.7903562
0.023028,3.92905
0.02303,3.92905
0.023032,3.6516623
0.023034,3.23558
0.023036,2.6345725
0.023038,1.8486385
0.02304,1.0164738
0.023042,0.13807821
0.023044,-0.78654957
0.023046,-1.6187139
0.023048,-2.4046474
0.023049999,-3.0518866
0.023052,-3.5604317
0.023054,-3.8840513
0.023056,-3.976514
0.023058,-3.8378198
0.02306,-3.5142004
0.023062,-3.0056553
0.023064,-2.3121846
0.023066,-1.5262513
0.023068,-0.6478553
0.02307,0.27677202
0.023072,1.1551685
0.023074,1.9873328
0.023076,2.727035
0.023078,3.3280425
0.02308,3.744125
0.023082,3.92905
0.023084,3.92905
0.023086,3.744125
0.023088,3.3280425
0.02309,2.727035
0.023092,1.9873328
0.023094,1.2013993
0.023096,0.27677202
0.023098,-0.6478553
0.0231,-1.48002
0.023102,-2.2659533
0.023104,-2.9594238
0.023106,-3.5142004
0.023108,-3.8378198
0.02311,-3.976514
0.023111999,-3.8840513
0.023114,-3.5604317
0.023116,-3.098118
0.023118,-2.4046474
0.02312,0.92401123
0.023122,0.7390857
0.023124,-0.18554163
0.023126,-1.0639377
0.023128,-1.8961024
0.02313,-2.6358042
0.023132,-3.236812
0.023134,-3.6991258
0.023136,-3.9302826
0.023138,-3.976514
0.02314,-3.7915885
0.023142,-3.4217377
0.023144,-2.866961
0.023146,-2.1734905
0.023148,-1.387557
0.02315,-0.46292973
0.023152,0.46169758
0.023154,1.3400936
0.023156,2.172258
0.023158,2.8657289
0.02316,3.420505
0.023162,3.7903562
0.023164,3.92905
0.023166,3.8828197
0.023168,3.6516623
0.02317,3.1893477
0.023172,2.542109
0.023173999,1.8024073
0.023176,0.970243
0.023178,0.045615196
0.02318,-0.83278084
0.023182,-1.6649456
0.023184,-2.4508786
0.023186,-3.098118
0.023188,-3.6066632
0.02319,-3.8840513
0.023192,-3.976514
0.023194,-3.8378198
0.023196,-3.467969
0.023198,-2.9594238
0.0232,-2.2659533
0.023202,-1.48002
0.023204,-0.601624
0.023206,0.3230033
0.023208,1.2013993
0.02321,2.033564
0.023212,2.7732663
0.023214,3.3280425
0.023216,3.744125
0.023218,3.92905
0.02322,3.92905
0.023222,3.6978936
0.023224,3.2818112
0.023226,2.6808028
0.023228,1.9411016
0.02323,1.1089368
0.023232,0.23054075
0.023234,-0.694087
0.023235999,-1.5262513
0.023238,-2.3121846
0.02324,-3.0056553
0.023242,-3.5142004
0.023244,-3.8378198
0.023246,-3.976514
0.023248,-3.8378198
0.02325,-3.5604317
0.023252,-3.0518866
0.023254,-2.4046474
0.023256,-1.6187139
0.023258,-0.7403178
0.02326,0.184309
0.023262,1.0627055
0.023264,1.8948698
0.023266,2.6345725
0.023268,3.23558
0.02327,3.6978936
0.023272,3.92905
0.023274,3.92905
0.023276,3.744125
0.023278,3.3742738
0.02328,2.8194976
0.023282,2.0797954
0.023284,1.2938623
0.023286,0.36923456
0.023288,-0.5091615
0.02329,-1.4337888
0.023292,-2.2197218
0.023294,-2.9131925
0.023296,-3.467969
0.023297999,-3.7915885
0.0233,-3.9302826
0.023302,-3.8840513
0.023304,-3.6066632
0.023306,-3.1443493
0.023308,-2.5433414
0.02331,-1.7574081
0.023312,-0.9252434
0.023314,-6.160736E-4
0.023316,0.92401123
0.023318,1.756176
0.02332,2.542109
0.023322,3.1431174
0.023324,3.605431
0.023326,3.8828197
0.023328,3.9752812
0.02333,3.7903562
0.023332,3.4667363
0.023334,2.9119601
0.023336,2.2184901
0.023338,1.4325566
0.02334,0.5541601
0.023342,-0.3704667
0.023344,-1.2488632
0.023346,-2.081028
0.023348,-2.7744985
0.02335,-3.3755062
0.023352,-3.745357
0.023354,-3.9302826
0.023356,-3.9302826
0.023358,-3.6991258
0.023359999,-3.236812
0.023362,-2.6358042
0.023364,-1.8961024
0.023366,-1.0639377
0.023368,-0.13931036
0.02337,0.7390857
0.023372,1.6174817
0.023374,2.4034152
0.023376,3.050654
0.023378,3.5591989
0.02338,3.8828197
0.023382,3.9752812
0.023384,3.8365874
0.023386,3.5129685
0.023388,3.0044227
0.02339,2.357184
0.023392,1.5712504
0.023394,0.6928544
0.023396,-0.2317729
0.023398,-1.1101689
0.0234,-1.9423337
0.023402,-2.6820357
0.023404,-3.2830436
0.023406,-3.6991258
0.023408,-3.9302826
0.02341,-3.9302826
0.023412,-3.745357
0.023414,-3.329275
0.023416,-2.7744985
0.023418,-2.0347965
0.02342,-1.2488632
0.023421999,-0.32423592
0.023424,0.60039186
0.023426,1.4787879
0.023428,2.2647214
0.02343,2.9581914
0.023432,3.4667363
0.023434,3.8365874
0.023436,3.9752812
0.023438,3.8828197
0.02344,3.605431
0.023442,3.1431174
0.023444,2.4958777
0.023446,1.7099442
0.023448,0.87777996
0.02345,-0.046847343
0.023452,-0.9714751
0.023454,-1.8036394
0.023456,-2.5433414
0.023458,-3.1905808
0.02346,-3.6528945
0.023462,-3.8840513
0.023464,-3.9302826
0.023466,-3.7915885
0.023468,-3.4217377
0.02347,-2.866961
0.023472,-2.1734905
0.023474,-1.387557
0.023475999,-0.46292973
0.023478,0.46169758
0.02348,1.3400936
0.023482,2.126027
0.023484,2.8657289
0.023486,3.420505
0.023488,3.7903562
0.02349,3.92905
0.023492,3.92905
0.023494,3.6516623
0.023496,3.23558
0.023498,2.5883412
0.0235,1.8486385
0.023502,1.0164738
0.023504,0.091846466
0.023506,-0.78654957
0.023508,-1.6649456
0.02351,-2.4046474
0.023512,-3.098118
0.023514,-3.5604317
0.023516,-3.8840513
0.023518,-3.976514
0.02352,-3.8378198
0.023522,-3.5142004
0.023524,-3.0056553
0.023526,-2.3121846
0.023528,-1.5262513
0.02353,-0.6478553
0.023532,0.27677202
0.023534,1.2013993
0.023536,1.9873328
0.023537999,2.9119601
0.02354,-0.27800417
0.023542,-3.3755062
0.023544,-3.976514
0.023546,-3.976514
0.023548,-3.745357
0.02355,-3.329275
0.023552,-2.7744985
0.023554,-2.0347965
0.023556,-1.202632
0.023558,-0.27800417
0.02356,0.64662313
0.023562,1.5250192
0.023564,2.3109517
0.023566,3.0044227
0.023568,3.5129685
0.02357,3.8365874
0.023572,3.92905
0.023574,3.8365874
0.023576,3.5591989
0.023578,3.050654
0.02358,2.4034152
0.023582,1.6174817
0.023584,0.7853174
0.023586,-0.13931036
0.023588,-1.0177064
0.02359,-1.8498712
0.023592,-2.589573
0.023594,-3.236812
0.023596,-3.6528945
0.023598,-3.9302826
0.023599999,-3.9302826
0.023602,-3.7915885
0.023604,-3.4217377
0.023606,-2.866961
0.023608,-2.1272593
0.02361,-1.3413262
0.023612,-0.41669846
0.023614,0.50792885
0.023616,1.3863249
0.023618,2.172258
0.02362,2.9119601
0.023622,3.420505
0.023624,3.7903562
0.023626,3.92905
0.023628,3.8828197
0.02363,3.6516623
0.023632,3.1893477
0.023634,2.542109
0.023636,1.8024073
0.023638,0.970243
0.02364,0.045615196
0.023642,-0.8790121
0.023644,-1.7111769
0.023646,-2.4971101
0.023648,-3.1443493
0.02365,-3.6066632
0.023652,-3.8840513
0.023654,-3.976514
0.023656,-3.8378198
0.023658,-3.467969
0.02366,-2.9594238
0.023661999,-2.2659533
0.023664,-1.48002
0.023666,-0.55539227
0.023668,0.3230033
0.02367,1.2476311
0.023672,2.0797954
0.023674,2.7732663
0.023676,3.3742738
0.023678,3.744125
0.02368,3.92905
0.023682,3.92905
0.023684,3.6978936
0.023686,3.2818112
0.023688,2.6808028
0.02369,1.9411016
0.023692,1.1089368
0.023694,0.184309
0.023696,-0.694087
0.023698,-1.5724826
0.0237,-2.3584158
0.023702,-3.0056553
0.023704,-3.5142004
0.023706,-3.8378198
0.023708,-3.976514
0.02371,-3.8378198
0.023712,-3.5604317
0.023714,-3.0518866
0.023716,-2.4046474
0.023718,-1.5724826
0.02372,-0.7403178
0.023722,0.184309
0.023723999,1.1089368
0.023726,1.9411016
0.023728,2.6808028
0.02373,3.2818112
0.023732,3.6978936
0.023734,3.92905
0.023736,3.92905
0.023738,3.744125
0.02374,3.3742738
0.023742,2.7732663
0.023744,2.0797954
0.023746,1.2476311
0.023748,0.36923456
0.02375,-0.55539227
0.023752,-1.4337888
0.023754,-2.2197218
0.023756,-2.9131925
0.023758,-3.467969
0.02376,-3.7915885
0.023762,-3.9302826
0.023764,-3.8840513
0.023766,-3.6066632
0.023768,-3.1443493
0.02377,-2.4971101
0.023772,-1.7574081
0.023774,-0.8790121
0.023776,0.045615196
0.023778,0.92401123
0.02378,1.756176
0.023782,2.542109
0.023784,3.1893477
0.023785999,3.6516623
0.023788,3.8828197
0.02379,3.9752812
0.023792,3.7903562
0.023794,3.420505
0.023796,2.9119601
0.023798,2.2184901
0.0238,1.3863249
0.023802,0.50792885
0.023804,-0.41669846
0.023806,-1.2950945
0.023808,-2.081028
0.02381,-2.8207297
0.023812,-3.3755062
0.023814,-3.745357
0.023816,-3.9302826
0.023818,-3.9302826
0.02382,-3.6991258
0.023822,-3.236812
0.023824,-2.6358042
0.023826,-1.8961024
0.023828,-1.0639377
0.02383,-0.13931036
0.023832,0.7853174
0.023834,1.6174817
0.023836,2.4034152
0.023838,3.0968862
0.02384,3.5591989
0.023842,3.8828197
0.023844,3.9752812
0.023846,3.8365874
0.023847999,3.5129685
0.02385,3.0044227
0.023852,2.3109517
0.023854,1.5250192
0.023856,0.6928544
0.023858,-0.2317729
0.02386,-1.1564007
0.023862,-1.9423337
0.023864,-2.6820357
0.023866,-3.2830436
0.023868,-3.6991258
0.02387,-3.9302826
0.023872,-3.9302826
0.023874,-3.745357
0.023876,-3.329275
0.023878,-2.7744985
0.02388,-2.0347965
0.023882,-1.202632
0.023884,-0.27800417
0.023886,0.64662313
0.023888,1.4787879
0.02389,2.3109517
0.023892,2.9581914
0.023894,3.5129685
0.023896,3.8365874
0.023898,3.9752812
0.0239,3.8828197
0.023902,3.605431
0.023904,3.0968862
0.023906,2.4496465
0.023908,1.6637135
0.023909999,0.8315482
0.023912,-0.09307861
0.023914,-0.9714751
0.023916,-1.8036394
0.023918,-2.589573
0.02392,-3.1905808
0.023922,-3.6528945
0.023924,-3.8840513
0.023926,-3.9302826
0.023928,-3.7915885
0.02393,-3.4217377
0.023932,-2.866961
0.023934,-2.1734905
0.023936,-1.3413262
0.023938,-0.46292973
0.02394,0.46169758
0.023942,1.3863249
0.023944,2.172258
0.023946,2.8657289
0.023948,3.420505
0.02395,3.7903562
0.023952,3.92905
0.023954,3.8828197
0.023956,3.6516623
0.023958,3.1893477
0.02396,0.3230033
0.023962,-1.6649456
0.023964,-0.9252434
0.023966,-6.160736E-4
0.023968,0.87777996
0.02397,1.756176
0.023971999,2.4958777
0.023974,3.1431174
0.023976,3.6516623
0.023978,3.92905
0.02398,3.9752812
0.023982,3.8365874
0.023984,3.5129685
0.023986,3.0044227
0.023988,2.3109517
0.02399,1.5250192
0.023992,0.64662313
0.023994,-0.27800417
0.023996,-1.1564007
0.023998,-1.9885652
0.024,-2.728267
0.024002,-3.329275
0.024004,-3.6991258
0.024006,-3.9302826
0.024008,-3.9302826
0.02401,-3.6991258
0.024012,-3.2830436
0.024014,-2.728267
0.024016,-1.9885652
0.024018,-1.1564007
0.02402,-0.2317729
0.024022,0.6928544
0.024024,1.5250192
0.024025999,2.357184
0.024028,3.0044227
0.02403,3.5129685
0.024032,3.8365874
0.024034,3.9752812
0.024036,3.8828197
0.024038,3.5591989
0.02404,3.050654
0.024042,2.4034152
0.024044,1.6174817
0.024046,0.7853174
0.024048,-0.13931036
0.02405,-1.0177064
0.024052,-1.8498712
0.024054,-2.589573
0.024056,-3.236812
0.024058,-3.6528945
0.02406,-3.9302826
0.024062,-3.9302826
0.024064,-3.745357
0.024066,-3.3755062
0.024068,-2.8207297
0.02407,-2.1272593
0.024072,-1.2950945
0.024074,-0.41669846
0.024076,0.50792885
0.024078,1.4325566
0.02408,2.2184901
0.024082,2.9119601
0.024084,3.4667363
0.024086,3.7903562
0.024087999,3.9752812
0.02409,3.8828197
0.024092,3.605431
0.024094,3.1893477
0.024096,2.542109
0.024098,1.756176
0.0241,0.92401123
0.024102,0.045615196
0.024104,-0.8790121
0.024106,-1.7111769
0.024108,-2.4971101
0.02411,-3.1443493
0.024112,-3.6066632
0.024114,-3.8840513
0.024116,-3.976514
0.024118,-3.7915885
0.02412,-3.467969
0.024122,-2.9594238
0.024124,-2.2659533
0.024126,-1.4337888
0.024128,-0.55539227
0.02413,0.36923456
0.024132,1.2476311
0.024134,2.0797954
0.024136,2.7732663
0.024138,3.3742738
0.02414,3.744125
0.024142,3.92905
0.024144,3.92905
0.024146,3.6978936
0.024148,3.2818112
0.024149999,2.6808028
0.024152,1.8948698
0.024154,1.1089368
0.024156,0.184309
0.024158,-0.7403178
0.02416,-1.5724826
0.024162,-2.3584158
0.024164,-3.0518866
0.024166,-3.5604317
0.024168,-3.8378198
0.02417,-3.976514
0.024172,-3.8378198
0.024174,-3.5604317
0.024176,-3.0518866
0.024178,-2.3584158
0.02418,-1.5724826
0.024182,-0.7403178
0.024184,0.184309
0.024186,1.1089368
0.024188,1.9411016
0.02419,2.6808028
0.024192,3.2818112
0.024194,3.6978936
0.024196,3.92905
0.024198,3.92905
0.0242,3.744125
0.024202,3.3280425
0.024204,2.7732663
0.024206,2.033564
0.024208,1.2476311
0.02421,0.36923456
0.024211999,-0.55539227
0.024214,-1.4337888
0.024216,-2.2197218
0.024218,-2.9131925
0.02422,-3.467969
0.024222,-3.7915885
0.024224,-3.9302826
0.024226,-3.8840513
0.024228,-3.6066632
0.02423,-3.1443493
0.024232,-2.4971101
0.024234,-1.7111769
0.024236,-0.8790121
0.024238,0.045615196
0.02424,0.970243
0.024242,1.8024073
0.024244,2.542109
0.024246,3.1893477
0.024248,3.6516623
0.02425,3.8828197
0.024252,3.92905
0.024254,3.7903562
0.024256,3.420505
0.024258,2.8657289
0.02426,2.172258
0.024262,1.3863249
0.024264,0.50792885
0.024266,-0.41669846
0.024268,-1.2950945
0.02427,-2.081028
0.024272,-2.8207297
0.024273999,-3.3755062
0.024276,-3.745357
0.024278,-3.9302826
0.02428,-3.9302826
0.024282,-3.6528945
0.024284,-3.236812
0.024286,-2.6358042
0.024288,-1.8498712
0.02429,-1.0177064
0.024292,-0.13931036
0.024294,0.7853174
0.024296,1.6637135
0.024298,2.4496465
0.0243,3.0968862
0.024302,3.5591989
0.024304,3.8828197
0.024306,3.9752812
0.024308,3.8365874
0.02431,3.5129685
0.024312,3.0044227
0.024314,2.3109517
0.024316,1.5250192
0.024318,0.64662313
0.02432,-0.27800417
0.024322,-1.1564007
0.024324,-1.9885652
0.024326,-2.6820357
0.024328,-3.2830436
0.02433,-3.6991258
0.024332,-3.9302826
0.024334,-3.9302826
0.024335999,-3.745357
0.024338,-3.329275
0.02434,-2.728267
0.024342,-1.9885652
0.024344,-1.202632
0.024346,-0.27800417
0.024348,0.64662313
0.02435,1.5250192
0.024352,2.3109517
0.024354,3.0044227
0.024356,3.5129685
0.024358,3.8365874
0.02436,3.9752812
0.024362,3.8828197
0.024364,3.5591989
0.024366,3.0968862
0.024368,2.4496465
0.02437,1.6637135
0.024372,0.8315482
0.024374,-0.09307861
0.024376,-1.0177064
0.024378,-1.8036394
0.02438,0.50792885
0.024382,3.1893477
0.024384,3.6978936
0.024386,3.9752812
0.024388,3.9752812
0.02439,3.8365874
0.024392,3.420505
0.024394,2.8657289
0.024396,2.172258
0.024397999,1.3863249
0.0244,0.46169758
0.024402,-0.46292973
0.024404,-1.3413262
0.024406,-2.1272593
0.024408,-2.8207297
0.02441,-3.4217377
0.024412,-3.7915885
0.024414,-3.9302826
0.024416,-3.8840513
0.024418,-3.6528945
0.02442,-3.1905808
0.024422,-2.5433414
0.024424,-1.8036394
0.024426,-0.9714751
0.024428,-0.046847343
0.02443,0.87777996
0.024432,1.7099442
0.024434,2.4958777
0.024436,3.1431174
0.024438,3.605431
0.02444,3.8828197
0.024442,3.9752812
0.024444,3.8365874
0.024446,3.4667363
0.024448,2.9581914
0.02445,2.2647214
0.024452,1.4787879
0.024454,0.60039186
0.024456,-0.32423592
0.024458,-1.202632
0.024459999,-2.0347965
0.024462,-2.728267
0.024464,-3.329275
0.024466,-3.745357
0.024468,-3.9302826
0.02447,-3.9302826
0.024472,-3.6991258
0.024474,-3.2830436
0.024476,-2.6820357
0.024478,-1.9423337
0.02448,-1.1101689
0.024482,-0.2317729
0.024484,0.6928544
0.024486,1.5712504
0.024488,2.357184
0.02449,3.050654
0.024492,3.5129685
0.024494,3.8365874
0.024496,3.9752812
0.024498,3.8365874
0.0245,3.5591989
0.024502,3.050654
0.024504,2.4034152
0.024506,1.6174817
0.024508,0.7390857
0.02451,-0.13931036
0.024512,-1.0639377
0.024514,-1.8961024
0.024516,-2.6358042
0.024518,-3.236812
0.02452,-3.6991258
0.024521999,-3.9302826
0.024524,-3.9302826
0.024526,-3.745357
0.024528,-3.3755062
0.02453,-2.8207297
0.024532,-2.081028
0.024534,-1.2950945
0.024536,-0.3704667
0.024538,0.5541601
0.02454,1.4325566
0.024542,2.2184901
0.024544,2.9119601
0.024546,3.4667363
0.024548,3.7903562
0.02455,3.9752812
0.024552,3.8828197
0.024554,3.605431
0.024556,3.1431174
0.024558,2.4958777
0.02456,1.756176
0.024562,0.92401123
0.024564,-6.160736E-4
0.024566,-0.9252434
0.024568,-1.7574081
0.02457,-2.4971101
0.024572,-3.1443493
0.024574,-3.6066632
0.024576,-3.8840513
0.024578,-3.9302826
0.02458,-3.7915885
0.024582,-3.467969
0.024583999,-2.9131925
0.024586,-2.2197218
0.024588,-1.4337888
0.02459,-0.55539227
0.024592,0.36923456
0.024594,1.2938623
0.024596,2.0797954
0.024598,2.8194976
0.0246,3.3742738
0.024602,3.744125
0.024604,3.92905
0.024606,3.92905
0.024608,3.6978936
0.02461,3.23558
0.024612,2.6345725
0.024614,1.8948698
0.024616,1.0627055
0.024618,0.184309
0.02462,-0.7403178
0.024622,-1.6187139
0.024624,-2.4046474
0.024626,-3.0518866
0.024628,-3.5604317
0.02463,-3.8378198
0.024632,-3.976514
0.024634,-3.8378198
0.024636,-3.5142004
0.024637999,-3.0056553
0.02464,-2.3584158
0.024642,-1.5724826
0.024644,-0.694087
0.024646,0.23054075
0.024648,1.1551685
0.02465,1.9411016
0.024652,2.6808028
0.024654,3.2818112
0.024656,3.6978936
0.024658,3.92905
0.02466,3.92905
0.024662,3.744125
0.024664,3.3280425
0.024666,2.7732663
0.024668,2.033564
0.02467,1.2013993
0.024672,0.3230033
0.024674,-0.601624
0.024676,-1.48002
0.024678,-2.2659533
0.02468,-2.9594238
0.024682,-3.467969
0.024684,-3.8378198
0.024686,-3.976514
0.024688,-3.8840513
0.02469,-3.6066632
0.024692,-3.1443493
0.024694,-2.4971101
0.024696,-1.7111769
0.024698,-0.83278084
0.024699999,0.091846466
0.024702,0.970243
0.024704,1.8024073
0.024706,2.5883412
0.024708,3.1893477
0.02471,3.6516623
0.024712,3.8828197
0.024714,3.92905
0.024716,3.7903562
0.024718,3.420505
0.02472,2.8657289
0.024722,2.172258
0.024724,1.3863249
0.024726,0.46169758
0.024728,-0.41669846
0.02473,-1.3413262
0.024732,-2.1272593
0.024734,-2.8207297
0.024736,-3.4217377
0.024738,-3.7915885
0.02474,-3.9302826
0.024742,-3.9302826
0.024744,-3.6528945
0.024746,-3.236812
0.024748,-2.589573
0.02475,-1.8498712
0.024752,-1.0177064
0.024754,-0.09307861
0.024756,0.8315482
0.024758,1.6637135
0.02476,2.4496465
0.024761999,3.0968862
0.024764,3.605431
0.024766,3.8828197
0.024768,3.9752812
0.02477,3.8365874
0.024772,3.5129685
0.024774,2.9581914
0.024776,2.3109517
0.024778,1.4787879
0.02478,0.64662313
0.024782,-0.27800417
0.024784,-1.1564007
0.024786,-1.9885652
0.024788,-2.728267
0.02479,-3.329275
0.024792,-3.6991258
0.024794,-3.9302826
0.024796,-3.9302826
0.024798,-3.6991258
0.0248,-1.48002
0.024802,2.0797954
0.024804,1.9411016
0.024806,1.1089368
0.024808,0.23054075
0.02481,-0.694087
0.024812,-1.5262513
0.024814,-2.3121846
0.024816,-3.0056553
0.024818,-3.5142004
0.02482,-3.8378198
0.024822,-3.976514
0.024823999,-3.8840513
0.024826,-3.6066632
0.024828,-3.098118
0.02483,-2.4508786
0.024832,-1.6649456
0.024834,-0.78654957
0.024836,0.13807821
0.024838,1.0164738
0.02484,1.8486385
0.024842,2.6345725
0.024844,3.23558
0.024846,3.6516623
0.024848,3.92905
0.02485,3.92905
0.024852,3.7903562
0.024854,3.3742738
0.024856,2.8194976
0.024858,2.126027
0.02486,1.2938623
0.024862,0.4154663
0.024864,-0.5091615
0.024866,-1.387557
0.024868,-2.1734905
0.02487,-2.866961
0.024872,-3.4217377
0.024874,-3.7915885
0.024876,-3.9302826
0.024878,-3.8840513
0.02488,-3.6528945
0.024882,-3.1905808
0.024884,-2.5433414
0.024885999,-1.8036394
0.024888,-0.9714751
0.02489,-0.046847343
0.024892,0.87777996
0.024894,1.7099442
0.024896,2.4958777
0.024898,3.1431174
0.0249,3.605431
0.024902,3.8828197
0.024904,3.9752812
0.024906,3.8365874
0.024908,3.4667363
0.02491,2.9581914
0.024912,2.2647214
0.024914,1.4787879
0.024916,0.60039186
0.024918,-0.32423592
0.02492,-1.2488632
0.024922,-2.0347965
0.024924,-2.7744985
0.024926,-3.329275
0.024928,-3.745357
0.02493,-3.9302826
0.024932,-3.9302826
0.024934,-3.6991258
0.024936,-3.2830436
0.024938,-2.6820357
0.02494,-1.9423337
0.024942,-1.1101689
0.024944,-0.18554163
0.024946,0.7390857
0.024947999,1.5712504
0.02495,2.357184
0.024952,3.050654
0.024954,3.5591989
0.024956,3.8365874
0.024958,3.9752812
0.02496,3.8365874
0.024962,3.5591989
0.024964,3.050654
0.024966,2.4034152
0.024968,1.5712504
0.02497,0.7390857
0.024972,-0.18554163
0.024974,-1.0639377
0.024976,-1.8961024
0.024978,-2.6358042
0.02498,-3.236812
0.024982,-3.6991258
0.024984,-3.9302826
0.024986,-3.9302826
0.024988,-3.745357
0.02499,-3.3755062
0.024992,-2.7744985
0.024994,-2.081028
0.024996,-1.2488632
0.024998,-0.3704667
0.025,0.5541601
0.025002,1.4787879
0.025004,2.2184901
0.025006,2.9119601
0.025008,3.4667363
0.025009999,3.7903562
0.025012,3.9752812
0.025014,3.8828197
0.025016,3.605431
0.025018,3.1431174
0.02502,2.4958777
0.025022,1.756176
0.025024,0.87777996
0.025026,-6.160736E-4
0.025028,-0.9252434
0.02503,-1.7574081
0.025032,-2.4971101
0.025034,-3.1443493
0.025036,-3.6066632
0.025038,-3.8840513
0.02504,-3.9302826
0.025042,-3.7915885
0.025044,-3.4217377
0.025046,-2.9131925
0.025048,-2.2197218
0.02505,-1.4337888
0.025052,-0.5091615
0.025054,0.4154663
0.025056,1.2938623
0.025058,2.126027
0.02506,2.8194976
0.025062,3.3742738
0.025064,3.7903562
0.025066,3.92905
0.025068,3.92905
0.02507,3.6978936
0.025071999,3.23558
0.025074,2.6345725
0.025076,1.8948698
0.025078,1.0627055
0.02508,0.13807821
0.025082,-0.78654957
0.025084,-1.6187139
0.025086,-2.4046474
0.025088,-3.0518866
0.02509,-3.5604317
0.025092,-3.8378198
0.025094,-3.976514
0.025096,-3.8378198
0.025098,-3.5142004
0.0251,-3.0056553
0.025102,-2.3584158
0.025104,-1.5262513
0.025106,-0.694087
0.025108,0.23054075
0.02511,1.1551685
0.025112,1.9873328
0.025114,2.727035
0.025116,3.2818112
0.025118,3.6978936
0.02512,3.92905
0.025122,3.92905
0.025124,3.744125
0.025126,3.3280425
0.025128,2.727035
0.02513,2.033564
0.025132,1.2013993
0.025133999,0.3230033
0.025136,-0.601624
0.025138,-1.48002
0.02514,-2.2659533
0.025142,-2.9594238
0.025144,-3.467969
0.025146,-3.8378198
0.025148,-3.976514
0.02515,-3.8840513
0.025152,-3.6066632
0.025154,-3.098118
0.025156,-2.4508786
0.025158,-1.6649456
0.02516,-0.83278084
0.025162,0.091846466
0.025164,1.0164738
0.025166,1.8486385
0.025168,2.5883412
0.02517,3.1893477
0.025172,3.6516623
0.025174,3.92905
0.025176,3.92905
0.025178,3.7903562
0.02518,3.420505
0.025182,2.8657289
0.025184,2.172258
0.025186,1.3400936
0.025187999,0.46169758
0.02519,-0.46292973
0.025192,-1.3413262
0.025194,-2.1272593
0.025196,-2.866961
0.025198,-3.4217377
0.0252,-3.7915885
0.025202,-3.9302826
0.025204,-3.8840513
0.025206,-3.6528945
0.025208,-3.1905808
0.02521,-2.589573
0.025212,-1.8498712
0.025214,-0.9714751
0.025216,-0.09307861
0.025218,0.8315482
0.02522,-0.9714751
0.025222,-2.4971101
0.025224,-3.1443493
0.025226,-3.6528945
0.025228,-3.9302826
0.02523,-4.022745
0.025232,-3.8840513
0.025234,-3.5142004
0.025236,-3.0056553
0.025238,-2.3121846
0.02524,-1.5262513
0.025242,-0.6478553
0.025244,0.27677202
0.025246,1.2013993
0.025248,1.9873328
0.025249999,2.727035
0.025252,3.3280425
0.025254,3.6978936
0.025256,3.92905
0.025258,3.92905
0.02526,3.6978936
0.025262,3.2818112
0.025264,2.6808028
0.025266,1.9411016
0.025268,1.1551685
0.02527,0.23054075
0.025272,-0.694087
0.025274,-1.5262513
0.025276,-2.3121846
0.025278,-3.0056553
0.02528,-3.5142004
0.025282,-3.8378198
0.025284,-3.976514
0.025286,-3.8840513
0.025288,-3.5604317
0.02529,-3.098118
0.025292,-2.4046474
0.025294,-1.6187139
0.025296,-0.78654957
0.025298,0.13807821
0.0253,1.0627055
0.025302,1.8948698
0.025304,2.6345725
0.025306,3.23558
0.025308,3.6978936
0.02531,3.92905
0.025311999,3.92905
0.025314,3.744125
0.025316,3.3742738
0.025318,2.8194976
0.02532,2.0797954
0.025322,1.2938623
0.025324,0.4154663
0.025326,-0.5091615
0.025328,-1.387557
0.02533,-2.1734905
0.025332,-2.866961
0.025334,-3.4217377
0.025336,-3.7915885
0.025338,-3.9302826
0.02534,-3.8840513
0.025342,-3.6066632
0.025344,-3.1905808
0.025346,-2.5433414
0.025348,-1.7574081
0.02535,-0.9252434
0.025352,-6.160736E-4
0.025354,0.92401123
0.025356,1.756176
0.025358,2.4958777
0.02536,3.1431174
0.025362,3.605431
0.025364,3.8828197
0.025366,3.9752812
0.025368,3.7903562
0.02537,3.4667363
0.025372,2.9119601
0.025373999,2.2184901
0.025376,1.4325566
0.025378,0.5541601
0.02538,-0.3704667
0.025382,-1.2488632
0.025384,-2.0347965
0.025386,-2.7744985
0.025388,-3.3755062
0.02539,-3.745357
0.025392,-3.9302826
0.025394,-3.9302826
0.025396,-3.6991258
0.025398,-3.2830436
0.0254,-2.6820357
0.025402,-1.8961024
0.025404,-1.0639377
0.025406,-0.18554163
0.025408,0.7390857
0.02541,1.6174817
0.025412,2.4034152
0.025414,3.050654
0.025416,3.5591989
0.025418,3.8365874
0.02542,3.9752812
0.025422,3.8365874
0.025424,3.5129685
0.025426,3.0044227
0.025428,2.357184
0.02543,1.5712504
0.025432,0.6928544
0.025434,-0.18554163
0.025435999,-1.1101689
0.025438,-1.8961024
0.02544,-2.6820357
0.025442,-3.2830436
0.025444,-3.6991258
0.025446,-3.9302826
0.025448,-3.9302826
0.02545,-3.745357
0.025452,-3.329275
0.025454,-2.7744985
0.025456,-2.0347965
0.025458,-1.2488632
0.02546,-0.32423592
0.025462,0.60039186
0.025464,1.4787879
0.025466,2.2647214
0.025468,2.9581914
0.02547,3.4667363
0.025472,3.8365874
0.025474,3.9752812
0.025476,3.8828197
0.025478,3.605431
0.02548,3.1431174
0.025482,2.4958777
0.025484,1.7099442
0.025486,0.87777996
0.025488,-0.046847343
0.02549,-0.9252434
0.025492,-1.7574081
0.025494,-2.5433414
0.025496,-3.1905808
0.025497999,-3.6528945
0.0255,-3.8840513
0.025502,-3.9302826
0.025504,-3.7915885
0.025506,-3.4217377
0.025508,-2.9131925
0.02551,-2.1734905
0.025512,-1.387557
0.025514,-0.5091615
0.025516,0.4154663
0.025518,1.3400936
0.02552,2.126027
0.025522,2.8194976
0.025524,3.420505
0.025526,3.7903562
0.025528,3.92905
0.02553,3.92905
0.025532,3.6516623
0.025534,3.23558
0.025536,2.5883412
0.025538,1.8486385
0.02554,1.0164738
0.025542,0.13807821
0.025544,-0.78654957
0.025546,-1.6187139
0.025548,-2.4046474
0.02555,-3.098118
0.025552,-3.5604317
0.025554,-3.8840513
0.025556,-3.976514
0.025558,-3.8378198
0.025559999,-3.5142004
0.025562,-3.0056553
0.025564,-2.3121846
0.025566,-1.5262513
0.025568,-0.6478553
0.02557,0.27677202
0.025572,1.2013993
0.025574,1.9873328
0.025576,2.727035
0.025578,3.3280425
0.02558,3.744125
0.025582,3.92905
0.025584,3.92905
0.025586,3.6978936
0.025588,3.3280425
0.02559,2.727035
0.025592,1.9873328
0.025594,1.2013993
0.025596,0.27677202
0.025598,-0.6478553
0.0256,-1.48002
0.025602,-2.2659533
0.025604,-2.9594238
0.025606,-3.5142004
0.025608,-3.8378198
0.02561,-3.976514
0.025612,-3.8840513
0.025614,-3.5604317
0.025616,-3.098118
0.025618,-2.4508786
0.02562,-1.6649456
0.025621999,-0.78654957
0.025624,0.091846466
0.025626,1.0164738
0.025628,1.8486385
0.02563,2.5883412
0.025632,3.23558
0.025634,3.6516623
0.025636,3.92905
0.025638,3.92905
0.02564,1.9873328
0.025642,-1.3413262
0.025644,-2.7744985
0.025646,-2.1272593
0.025648,-1.2950945
0.02565,-0.41669846
0.025652,0.50792885
0.025654,1.3863249
0.025656,2.172258
0.025658,2.9119601
0.02566,3.420505
0.025662,3.7903562
0.025664,3.9752812
0.025666,3.92905
0.025668,3.6516623
0.02567,3.1893477
0.025672,2.5883412
0.025674,1.8024073
0.025676,0.970243
0.025678,0.091846466
0.02568,-0.83278084
0.025682,-1.6649456
0.025683999,-2.4508786
0.025686,-3.098118
0.025688,-3.6066632
0.02569,-3.8840513
0.025692,-3.9302826
0.025694,-3.8378198
0.025696,-3.467969
0.025698,-2.9594238
0.0257,-2.2659533
0.025702,-1.48002
0.025704,-0.601624
0.025706,0.3230033
0.025708,1.2476311
0.02571,2.033564
0.025712,2.7732663
0.025714,3.3280425
0.025716,3.744125
0.025718,3.92905
0.02572,3.92905
0.025722,3.6978936
0.025724,3.2818112
0.025726,2.6808028
0.025728,1.9411016
0.02573,1.1089368
0.025732,0.23054075
0.025734,-0.694087
0.025736,-1.5262513
0.025737999,-2.3121846
0.02574,-3.0056553
0.025742,-3.5142004
0.025744,-3.8378198
0.025745999,-3.976514
0.025748,-3.8378198
0.02575,-3.5604317
0.025752,-3.0518866
0.025754,-2.4046474
0.025756,-1.6187139
0.025758,-0.7403178
0.02576,0.184309
0.025762,1.0627055
0.025764,1.8948698
0.025766,2.6345725
0.025768,3.23558
0.02577,3.6978936
0.025772,3.92905
0.025774,3.92905
0.025776,3.744125
0.025778,3.3742738
0.02578,2.8194976
0.025782,2.0797954
0.025784,1.2938623
0.025786,0.36923456
0.025788,-0.55539227
0.02579,-1.4337888
0.025792,-2.2197218
0.025794,-2.9131925
0.025796,-3.467969
0.025798,-3.7915885
0.025799999,-3.9302826
0.025802,-3.8840513
0.025804,-3.6066632
0.025806,-3.1443493
0.025808,-2.5433414
0.02581,-1.7574081
0.025812,-0.9252434
0.025814,-6.160736E-4
0.025816,0.92401123
0.025818,1.756176
0.02582,2.542109
0.025822,3.1431174
0.025824,3.6516623
0.025826,3.8828197
0.025828,3.9752812
0.02583,3.7903562
0.025832,3.4667363
0.025834,2.9119601
0.025836,2.2184901
0.025838,1.4325566
0.02584,0.5541601
0.025842,-0.3704667
0.025844,-1.2488632
0.025846,-2.081028
0.025848,-2.7744985
0.02585,-3.3755062
0.025852,-3.745357
0.025854,-3.9302826
0.025856,-3.9302826
0.025858,-3.6991258
0.02586,-3.236812
0.025861999,-2.6358042
0.025864,-1.8961024
0.025866,-1.0639377
0.025868,-0.13931036
0.02587,0.7853174
0.025872,1.6174817
0.025874,2.4034152
0.025876,3.050654
0.025878,3.5591989
0.02588,3.8828197
0.025882,3.9752812
0.025884,3.8365874
0.025886,3.5129685
0.025888,3.0044227
0.02589,2.357184
0.025892,1.5712504
0.025894,0.6928544
0.025896,-0.2317729
0.025898,-1.1101689
0.0259,-1.9423337
0.025902,-2.6820357
0.025904,-3.2830436
0.025906,-3.6991258
0.025908,-3.9302826
0.02591,-3.9302826
0.025912,-3.745357
0.025914,-3.329275
0.025916,-2.7744985
0.025918,-2.0347965
0.02592,-1.202632
0.025922,-0.32423592
0.025923999,0.60039186
0.025926,1.4787879
0.025928,2.2647214
0.02593,2.9581914
0.025932,3.4667363
0.025934,3.8365874
0.025936,3.9752812
0.025938,3.8828197
0.02594,3.605431
0.025942,3.0968862
0.025944,2.4496465
0.025946,1.7099442
0.025948,0.8315482
0.02595,-0.046847343
0.025952,-0.9714751
0.025954,-1.8036394
0.025956,-2.5433414
0.025958,-3.1905808
0.02596,-3.6528945
0.025962,-3.8840513
0.025964,-3.9302826
0.025966,-3.7915885
0.025968,-3.4217377
0.02597,-2.866961
0.025972,-2.1734905
0.025974,-1.387557
0.025976,-0.46292973
0.025978,0.46169758
0.02598,1.3400936
0.025982,2.126027
0.025984,2.8657289
0.025985999,3.420505
0.025988,3.7903562
0.02599,3.92905
0.025992,3.92905
0.025994,3.6516623
0.025996,3.23558
0.025998,2.5883412
0.026,1.8486385
0.026002,1.0164738
0.026004,0.091846466
0.026006,-0.83278084
0.026008,-1.6649456
0.02601,-2.4508786
0.026012,-3.098118
0.026014,-3.5604317
0.026016,-3.8840513
0.026018,-3.976514
0.02602,-3.8378198
0.026022,-3.5142004
0.026024,-3.0056553
0.026026,-2.3121846
0.026028,-1.48002
0.02603,-0.6478553
0.026032,0.27677202
0.026034,1.2013993
0.026036,1.9873328
0.026038,2.727035
0.02604,3.3280425
0.026042,3.744125
0.026044,3.92905
0.026046,3.92905
0.026047999,3.6978936
0.02605,3.2818112
0.026052,2.727035
0.026054,1.9873328
0.026056,1.1551685
0.026058,0.27677202
0.02606,0.64662313
0.026062,1.6174817
0.026064,2.4034152
0.026066,3.050654
0.026068,3.605431
0.02607,3.8828197
0.026072,4.0215135
0.026074,3.92905
0.026076,3.605431
0.026078,3.1431174
0.02608,2.4496465
0.026082,1.6637135
0.026084,0.8315482
0.026086,-0.09307861
0.026088,-1.0177064
0.02609,-1.8036394
0.026092,-2.589573
0.026094,-3.1905808
0.026096,-3.6528945
0.026098,-3.8840513
0.0261,-3.9302826
0.026102,-3.745357
0.026104,-3.3755062
0.026106,-2.8207297
0.026108,-2.1272593
0.026109999,-1.2950945
0.026112,-0.41669846
0.026114,0.50792885
0.026116,1.4325566
0.026118,2.2184901
0.02612,2.9119601
0.026122,3.4667363
0.026124,3.7903562
0.026126,3.9752812
0.026128,3.8828197
0.02613,3.6516623
0.026132,3.1893477
0.026134,2.542109
0.026136,1.8024073
0.026138,0.970243
0.02614,0.045615196
0.026142,-0.8790121
0.026144,-1.7111769
0.026146,-2.4971101
0.026148,-3.1443493
0.02615,-3.6066632
0.026152,-3.8840513
0.026154,-3.9302826
0.026156,-3.7915885
0.026158,-3.467969
0.02616,-2.9594238
0.026162,-2.2659533
0.026164,-1.48002
0.026166,-0.55539227
0.026168,0.36923456
0.02617,1.2476311
0.026171999,2.0797954
0.026174,2.7732663
0.026176,3.3742738
0.026178,3.744125
0.02618,3.92905
0.026182,3.92905
0.026184,3.6978936
0.026186,3.2818112
0.026188,2.6808028
0.02619,1.9411016
0.026192,1.1089368
0.026194,0.184309
0.026196,-0.694087
0.026198,-1.5724826
0.0262,-2.3584158
0.026202,-3.0056553
0.026204,-3.5142004
0.026206,-3.8378198
0.026208,-3.976514
0.02621,-3.8378198
0.026212,-3.5604317
0.026214,-3.0518866
0.026216,-2.4046474
0.026218,-1.5724826
0.02622,-0.7403178
0.026222,0.184309
0.026224,1.1089368
0.026226,1.9411016
0.026228,2.6808028
0.02623,3.2818112
0.026232,3.6978936
0.026233999,3.92905
0.026236,3.92905
0.026238,3.744125
0.02624,3.3742738
0.026242,2.7732663
0.026244,2.0797954
0.026246,1.2476311
0.026248,0.36923456
0.02625,-0.55539227
0.026252,-1.4337888
0.026254,-2.2197218
0.026256,-2.9131925
0.026258,-3.467969
0.02626,-3.7915885
0.026262,-3.976514
0.026264,-3.8840513
0.026266,-3.6066632
0.026268,-3.1443493
0.02627,-2.4971101
0.026272,-1.7111769
0.026274,-0.8790121
0.026276,0.045615196
0.026278,0.92401123
0.02628,1.8024073
0.026282,2.542109
0.026284,3.1893477
0.026286,3.6516623
0.026287999,3.8828197
0.02629,3.9752812
0.026292,3.7903562
0.026294,3.420505
0.026295999,2.9119601
0.026298,2.172258
0.0263,1.3863249
0.026302,0.50792885
0.026304,-0.41669846
0.026306,-1.2950945
0.026308,-2.081028
0.02631,-2.8207297
0.026312,-3.3755062
0.026314,-3.745357
0.026316,-3.9302826
0.026318,-3.9302826
0.02632,-3.6528945
0.026322,-3.236812
0.026324,-2.6358042
0.026326,-1.8961024
0.026328,-1.0639377
0.02633,-0.13931036
0.026332,0.7853174
0.026334,1.6174817
0.026336,2.4034152
0.026338,3.0968862
0.02634,3.5591989
0.026342,3.8828197
0.026344,3.9752812
0.026346,3.8365874
0.026348,3.5129685
0.026349999,3.0044227
0.026352,2.3109517
0.026354,1.5250192
0.026356,0.6928544
0.026358,-0.2317729
0.02636,-1.1564007
0.026362,-1.9423337
0.026364,-2.6820357
0.026366,-3.2830436
0.026368,-3.6991258
0.02637,-3.9302826
0.026372,-3.9302826
0.026374,-3.745357
0.026376,-3.329275
0.026378,-2.728267
0.02638,-2.0347965
0.026382,-1.202632
0.026384,-0.27800417
0.026386,0.64662313
0.026388,1.4787879
0.02639,2.3109517
0.026392,2.9581914
0.026394,3.5129685
0.026396,3.8365874
0.026398,3.9752812
0.0264,3.8828197
0.026402,3.605431
0.026404,3.0968862
0.026406,2.4496465
0.026408,1.6637135
0.02641,0.8315482
0.026411999,-0.09307861
0.026414,-0.9714751
0.026416,-1.8036394
0.026418,-2.589573
0.02642,-3.1905808
0.026422,-3.6528945
0.026424,-3.8840513
0.026426,-3.9302826
0.026428,-3.7915885
0.02643,-3.4217377
0.026432,-2.866961
0.026434,-2.1734905
0.026436,-1.3413262
0.026438,-0.46292973
0.02644,0.46169758
0.026442,1.3863249
0.026444,2.172258
0.026446,2.8657289
0.026448,3.420505
0.02645,3.7903562
0.026452,3.92905
0.026454,3.8828197
0.026456,3.6516623
0.026458,3.1893477
0.02646,2.5883412
0.026462,1.8024073
0.026464,0.970243
0.026466,0.091846466
0.026468,-0.83278084
0.02647,-1.6649456
0.026472,-2.4508786
0.026473999,-3.098118
0.026476,-3.6066632
0.026478,-3.8840513
0.02648,-2.9131925
0.026482,0.6928544
0.026484,3.3280425
0.026486,2.9581914
0.026488,2.2647214
0.02649,1.4787879
0.026492,0.60039186
0.026494,-0.32423592
0.026496,-1.202632
0.026498,-1.9885652
0.0265,-2.728267
0.026502,-3.329275
0.026504,-3.745357
0.026506,-3.9302826
0.026508,-3.9302826
0.02651,-3.6991258
0.026512,-3.2830436
0.026514,-2.728267
0.026516,-1.9885652
0.026518,-1.1564007
0.02652,-0.2317729
0.026522,0.6928544
0.026524,1.5250192
0.026526,2.357184
0.026528,3.0044227
0.02653,3.5129685
0.026532,3.8365874
0.026534,3.9752812
0.026535999,3.8828197
0.026538,3.5591989
0.02654,3.050654
0.026542,2.4034152
0.026544,1.6174817
0.026546,0.7853174
0.026548,-0.13931036
0.02655,-1.0639377
0.026552,-1.8498712
0.026554,-2.6358042
0.026556,-3.236812
0.026558,-3.6528945
0.02656,-3.9302826
0.026562,-3.9302826
0.026564,-3.745357
0.026566,-3.3755062
0.026568,-2.8207297
0.02657,-2.1272593
0.026572,-1.2950945
0.026574,-0.3704667
0.026576,0.5541601
0.026578,1.4325566
0.02658,2.2184901
0.026582,2.9119601
0.026584,3.4667363
0.026586,3.7903562
0.026588,3.9752812
0.02659,3.8828197
0.026592,3.6516623
0.026594,3.1431174
0.026596,2.542109
0.026597999,1.756176
0.0266,0.92401123
0.026602,0.045615196
0.026604,-0.8790121
0.026606,-1.7111769
0.026608,-2.4971101
0.02661,-3.1443493
0.026612,-3.6066632
0.026614,-3.8840513
0.026616,-3.9302826
0.026618,-3.7915885
0.02662,-3.467969
0.026622,-2.9131925
0.026624,-2.2197218
0.026626,-1.4337888
0.026628,-0.55539227
0.02663,0.36923456
0.026632,1.2476311
0.026634,2.0797954
0.026636,2.8194976
0.026638,3.3742738
0.02664,3.744125
0.026642,3.92905
0.026644,3.92905
0.026646,3.6978936
0.026648,3.23558
0.02665,2.6345725
0.026652,1.8948698
0.026654,1.1089368
0.026656,0.184309
0.026658,-0.7403178
0.026659999,-1.5724826
0.026662,-2.3584158
0.026664,-3.0518866
0.026666,-3.5604317
0.026668,-3.8378198
0.02667,-3.976514
0.026672,-3.8378198
0.026674,-3.5142004
0.026676,-3.0518866
0.026678,-2.3584158
0.02668,-1.5724826
0.026682,-0.694087
0.026684,0.23054075
0.026686,1.1089368
0.026688,1.9411016
0.02669,2.6808028
0.026692,3.2818112
0.026694,3.6978936
0.026696,3.92905
0.026698,3.92905
0.0267,3.744125
0.026702,3.3280425
0.026704,2.7732663
0.026706,2.033564
0.026708,1.2476311
0.02671,0.3230033
0.026712,-0.55539227
0.026714,-1.48002
0.026716,-2.2197218
0.026718,-2.9131925
0.02672,-3.467969
0.026721999,-3.7915885
0.026724,-3.9302826
0.026726,-3.8840513
0.026728,-3.6066632
0.02673,-3.1443493
0.026732,-2.4971101
0.026734,-1.7111769
0.026736,-0.8790121
0.026738,0.045615196
0.02674,0.970243
0.026742,1.8024073
0.026744,2.542109
0.026746,3.1893477
0.026748,3.6516623
0.02675,3.8828197
0.026752,3.9752812
0.026754,3.7903562
0.026756,3.420505
0.026758,2.8657289
0.02676,2.172258
0.026762,1.3863249
0.026764,0.50792885
0.026766,-0.41669846
0.026768,-1.2950945
0.02677,-2.1272593
0.026772,-2.8207297
0.026774,-3.3755062
0.026776,-3.745357
0.026778,-3.9302826
0.02678,-3.9302826
0.026782,-3.6528945
0.026783999,-3.236812
0.026786,-2.6358042
0.026788,-1.8498712
0.02679,-1.0177064
0.026792,-0.09307861
0.026794,0.7853174
0.026796,1.6637135
0.026798,2.4496465
0.0268,3.0968862
0.026802,3.5591989
0.026804,3.8828197
0.026806,3.9752812
0.026808,3.8365874
0.02681,3.5129685
0.026812,3.0044227
0.026814,2.3109517
0.026816,1.5250192
0.026818,0.64662313
0.02682,-0.27800417
0.026822,-1.1564007
0.026824,-1.9885652
0.026826,-2.728267
0.026828,-3.2830436
0.02683,-3.6991258
0.026832,-3.9302826
0.026834,-3.9302826
0.026836,-3.6991258
0.026837999,-3.329275
0.02684,-2.728267
0.026842,-1.9885652
0.026844,-1.202632
0.026845999,-0.27800417
0.026848,0.64662313
0.02685,1.5250192
0.026852,2.3109517
0.026854,3.0044227
0.026856,3.5129685
0.026858,3.8365874
0.02686,3.9752812
0.026862,3.8828197
0.026864,3.5591989
0.026866,3.0968862
0.026868,2.4496465
0.02687,1.6637135
0.026872,0.8315482
0.026874,-0.09307861
0.026876,-1.0177064
0.026878,-1.8498712
0.02688,-2.589573
0.026882,-3.1905808
0.026884,-3.6528945
0.026886,-3.8840513
0.026888,-3.9302826
0.02689,-3.7915885
0.026892,-3.4217377
0.026894,-2.866961
0.026896,-2.1272593
0.026898,-1.3413262
0.026899999,-0.09307861
0.026902,-0.55539227
0.026904,-1.4337888
0.026906,-2.2197218
0.026907999,-2.9131925
0.02691,-3.467969
0.026912,-3.8378198
0.026914,-4.022745
0.026916,-3.9302826
0.026918,-3.6991258
0.02692,-3.236812
0.026922,-2.589573
0.026924,-1.8498712
0.026926,-1.0177064
0.026928,-0.09307861
0.02693,0.8315482
0.026932,1.7099442
0.026934,2.4496465
0.026936,3.0968862
0.026938,3.605431
0.02694,3.8828197
0.026942,3.92905
0.026944,3.7903562
0.026946,3.4667363
0.026948,2.9119601
0.02695,2.2647214
0.026952,1.4787879
0.026954,0.60039186
0.026956,-0.32423592
0.026958,-1.2488632
0.02696,-2.0347965
0.026961999,-2.7744985
0.026964,-3.329275
0.026966,-3.745357
0.026968,-3.9302826
0.02697,-3.9302826
0.026972,-3.6991258
0.026974,-3.2830436
0.026976,-2.6820357
0.026978,-1.9423337
0.02698,-1.1101689
0.026982,-0.2317729
0.026984,0.6928544
0.026986,1.5712504
0.026988,2.357184
0.02699,3.050654
0.026992,3.5129685
0.026994,3.8365874
0.026996,3.9752812
0.026998,3.8365874
0.027,3.5591989
0.027002,3.050654
0.027004,2.4034152
0.027006,1.6174817
0.027008,0.7390857
0.02701,-0.18554163
0.027012,-1.0639377
0.027014,-1.8961024
0.027016,-2.6358042
0.027018,-3.236812
0.02702,-3.6991258
0.027022,-3.9302826
0.027023999,-3.9302826
0.027026,-3.745357
0.027028,-3.3755062
0.02703,-2.8207297
0.027032,-2.081028
0.027034,-1.2950945
0.027036,-0.3704667
0.027038,0.5541601
0.02704,1.4325566
0.027042,2.2184901
0.027044,2.9119601
0.027046,3.4667363
0.027048,3.7903562
0.02705,3.9752812
0.027052,3.8828197
0.027054,3.605431
0.027056,3.1431174
0.027058,2.4958777
0.02706,1.756176
0.027062,0.92401123
0.027064,-6.160736E-4
0.027066,-0.9252434
0.027068,-1.7574081
0.02707,-2.4971101
0.027072,-3.1443493
0.027074,-3.6066632
0.027076,-3.8840513
0.027078,-3.9302826
0.02708,-3.7915885
0.027082,-3.467969
0.027084,-2.9131925
0.027085999,-2.2197218
0.027088,-1.4337888
0.02709,-0.5091615
0.027092,0.4154663
0.027094,1.2938623
0.027096,2.0797954
0.027098,2.8194976
0.0271,3.3742738
0.027102,3.744125
0.027104,3.92905
0.027106,3.92905
0.027108,3.6978936
0.02711,3.23558
0.027112,2.6345725
0.027114,1.8948698
0.027116,1.0627055
0.027118,0.13807821
0.02712,-0.7403178
0.027122,-1.6187139
0.027124,-2.4046474
0.027126,-3.0518866
0.027128,-3.5604317
0.02713,-3.8378198
0.027132,-3.976514
0.027134,-3.8378198
0.027136,-3.5142004
0.027138,-3.0056553
0.02714,-2.3584158
0.027142,-1.5262513
0.027144,-0.694087
0.027146,0.23054075
0.027147999,1.1551685
0.02715,1.9411016
0.027152,2.6808028
0.027154,3.2818112
0.027156,3.6978936
0.027158,3.92905
0.02716,3.92905
0.027162,3.744125
0.027164,3.3280425
0.027166,2.7732663
0.027168,2.033564
0.02717,1.2013993
0.027172,0.3230033
0.027174,-0.601624
0.027176,-1.48002
0.027178,-2.2659533
0.02718,-2.9594238
0.027182,-3.467969
0.027184,-3.8378198
0.027186,-3.976514
0.027188,-3.8840513
0.02719,-3.6066632
0.027192,-3.098118
0.027194,-2.4971101
0.027196,-1.7111769
0.027198,-0.83278084
0.0272,0.091846466
0.027202,0.970243
0.027204,1.8024073
0.027206,2.5883412
0.027208,3.1893477
0.027209999,3.6516623
0.027212,3.92905
0.027214,3.92905
0.027216,3.7903562
0.027218,3.420505
0.02722,2.8657289
0.027222,2.172258
0.027224,1.3863249
0.027226,0.46169758
0.027228,-0.46292973
0.02723,-1.3413262
0.027232,-2.1272593
0.027234,-2.8207297
0.027236,-3.4217377
0.027238,-3.7915885
0.02724,-3.9302826
0.027242,-3.8840513
0.027244,-3.6528945
0.027246,-3.236812
0.027248,-2.589573
0.02725,-1.8498712
0.027252,-1.0177064
0.027254,-0.09307861
0.027256,0.8315482
0.027258,1.6637135
0.02726,2.4496465
0.027262,3.0968862
0.027264,3.605431
0.027266,3.8828197
0.027268,3.9752812
0.02727,3.8365874
0.027271999,3.5129685
0.027274,2.9581914
0.027276,2.3109517
0.027278,1.4787879
0.02728,0.64662313
0.027282,-0.27800417
0.027284,-1.202632
0.027286,-1.9885652
0.027288,-2.728267
0.02729,-3.329275
0.027292,-3.745357
0.027294,-3.9302826
0.027296,-3.9302826
0.027298,-3.6991258
0.0273,-3.2830436
0.027302,-2.728267
0.027304,-1.9885652
0.027306,-1.1564007
0.027308,-0.2317729
0.02731,0.6928544
0.027312,1.5250192
0.027314,2.3109517
0.027316,3.0044227
0.027318,3.5129685
0.02732,3.0968862
0.027322,-0.32423592
0.027324,-3.4217377
0.027326,-3.5604317
0.027328,-3.098118
0.02733,-2.4508786
0.027332,-1.6649456
0.027333999,-0.78654957
0.027336,0.13807821
0.027338,1.0164738
0.02734,1.8486385
0.027342,2.6345725
0.027344,3.23558
0.027346,3.6516623
0.027348,3.92905
0.02735,3.92905
0.027352,3.744125
0.027354,3.3742738
0.027356,2.8194976
0.027358,2.126027
0.02736,1.2938623
0.027362,0.4154663
0.027364,-0.5091615
0.027366,-1.387557
0.027368,-2.1734905
0.02737,-2.866961
0.027372,-3.4217377
0.027374,-3.7915885
0.027376,-3.976514
0.027378,-3.8840513
0.02738,-3.6528945
0.027382,-3.1905808
0.027384,-2.5433414
0.027386,-1.8036394
0.027388,-0.9714751
0.02739,-0.046847343
0.027392,0.87777996
0.027394,1.7099442
0.027395999,2.4958777
0.027398,3.1431174
0.0274,3.605431
0.027402,3.8828197
0.027404,3.9752812
0.027406,3.7903562
0.027408,3.4667363
0.02741,2.9119601
0.027412,2.2184901
0.027414,1.4787879
0.027416,0.5541601
0.027418,-0.32423592
0.02742,-1.2488632
0.027422,-2.0347965
0.027424,-2.7744985
0.027426,-3.329275
0.027428,-3.745357
0.02743,-3.9302826
0.027432,-3.9302826
0.027434,-3.6991258
0.027436,-3.2830436
0.027438,-2.6820357
0.02744,-1.9423337
0.027442,-1.1101689
0.027444,-0.18554163
0.027446,0.7390857
0.027448,1.5712504
0.027449999,2.357184
0.027452,3.050654
0.027454,3.5591989
0.027456,3.8365874
0.027457999,3.9752812
0.02746,3.8365874
0.027462,3.5591989
0.027464,3.050654
0.027466,2.357184
0.027468,1.5712504
0.02747,0.7390857
0.027472,-0.18554163
0.027474,-1.0639377
0.027476,-1.8961024
0.027478,-2.6358042
0.02748,-3.236812
0.027482,-3.6991258
0.027484,-3.9302826
0.027486,-3.9302826
0.027488,-3.745357
0.02749,-3.3755062
0.027492,-2.7744985
0.027494,-2.081028
0.027496,-1.2488632
0.027498,-0.3704667
0.0275,0.5541601
0.027502,1.4787879
0.027504,2.2647214
0.027506,2.9119601
0.027508,3.4667363
0.02751,3.8365874
0.027511999,3.9752812
0.027514,3.8828197
0.027516,3.605431
0.027518,3.1431174
0.02752,2.4958777
0.027522,1.7099442
0.027524,0.87777996
0.027526,-0.046847343
0.027528,-0.9252434
0.02753,-1.7574081
0.027532,-2.5433414
0.027534,-3.1443493
0.027536,-3.6528945
0.027538,-3.8840513
0.02754,-3.9302826
0.027542,-3.7915885
0.027544,-3.4217377
0.027546,-2.9131925
0.027548,-2.2197218
0.02755,-1.387557
0.027552,-0.5091615
0.027554,0.4154663
0.027556,1.2938623
0.027558,2.126027
0.02756,2.8194976
0.027562,3.3742738
0.027564,3.7903562
0.027566,3.92905
0.027568,3.92905
0.02757,3.6516623
0.027572,3.23558
0.027573999,2.6345725
0.027576,1.8486385
0.027578,1.0627055
0.02758,0.13807821
0.027582,-0.78654957
0.027584,-1.6187139
0.027586,-2.4046474
0.027588,-3.0518866
0.02759,-3.5604317
0.027592,-3.8840513
0.027594,-3.976514
0.027596,-3.8378198
0.027598,-3.5142004
0.0276,-3.0056553
0.027602,-2.3584158
0.027604,-1.5262513
0.027606,-0.694087
0.027608,0.23054075
0.02761,1.1551685
0.027612,1.9873328
0.027614,2.727035
0.027616,3.2818112
0.027618,3.6978936
0.02762,3.92905
0.027622,3.92905
0.027624,3.744125
0.027626,3.3280425
0.027628,2.727035
0.02763,2.033564
0.027632,1.2013993
0.027634,0.27677202
0.027635999,-0.601624
0.027638,-1.48002
0.02764,-2.2659533
0.027642,-2.9594238
0.027644,-3.467969
0.027646,-3.8378198
0.027648,-3.976514
0.02765,-3.8840513
0.027652,-3.6066632
0.027654,-3.098118
0.027656,-2.4508786
0.027658,-1.6649456
0.02766,-0.83278084
0.027662,0.091846466
0.027664,1.0164738
0.027666,1.8486385
0.027668,2.5883412
0.02767,3.1893477
0.027672,3.6516623
0.027674,3.92905
0.027676,3.92905
0.027678,3.7903562
0.02768,3.420505
0.027682,2.8657289
0.027684,2.126027
0.027686,1.3400936
0.027688,0.46169758
0.02769,-0.46292973
0.027692,-1.3413262
0.027694,-2.1272593
0.027696,-2.866961
0.027697999,-3.4217377
0.0277,-3.7915885
0.027702,-3.9302826
0.027704,-3.8840513
0.027706,-3.6528945
0.027708,-3.1905808
0.02771,-2.589573
0.027712,-1.8036394
0.027714,-0.9714751
0.027716,-0.09307861
0.027718,0.8315482
0.02772,1.7099442
0.027722,2.4496465
0.027724,3.0968862
0.027726,3.605431
0.027728,3.8828197
0.02773,3.9752812
0.027732,3.8365874
0.027734,3.4667363
0.027736,2.9581914
0.027738,2.2647214
0.02774,1.1089368
0.027742,-0.46292973
0.027744,0.4154663
0.027746,1.2938623
0.027748,2.0797954
0.02775,2.8194976
0.027752,3.420505
0.027754,3.7903562
0.027756,3.9752812
0.027758,3.9752812
0.027759999,3.744125
0.027762,3.3280425
0.027764,2.727035
0.027766,1.9873328
0.027768,1.1551685
0.02777,0.27677202
0.027772,-0.6478553
0.027774,-1.5262513
0.027776,-2.3121846
0.027778,-3.0056553
0.02778,-3.5142004
0.027782,-3.8378198
0.027784,-3.9302826
0.027786,-3.8378198
0.027788,-3.5604317
0.02779,-3.0518866
0.027792,-2.4046474
0.027794,-1.6187139
0.027796,-0.7403178
0.027798,0.184309
0.0278,1.0627055
0.027802,1.8948698
0.027804,2.6345725
0.027806,3.23558
0.027808,3.6978936
0.02781,3.92905
0.027812,3.92905
0.027814,3.744125
0.027816,3.3742738
0.027818,2.8194976
0.02782,2.0797954
0.027821999,1.2938623
0.027824,0.4154663
0.027826,-0.5091615
0.027828,-1.387557
0.02783,-2.1734905
0.027832,-2.9131925
0.027834,-3.4217377
0.027836,-3.7915885
0.027838,-3.9302826
0.02784,-3.8840513
0.027842,-3.6066632
0.027844,-3.1443493
0.027846,-2.5433414
0.027848,-1.7574081
0.02785,-0.9252434
0.027852,-6.160736E-4
0.027854,0.92401123
0.027856,1.756176
0.027858,2.542109
0.02786,3.1431174
0.027862,3.605431
0.027864,3.8828197
0.027866,3.9752812
0.027868,3.7903562
0.02787,3.4667363
0.027872,2.9119601
0.027874,2.2184901
0.027876,1.4325566
0.027878,0.5541601
0.02788,-0.3704667
0.027882,-1.2488632
0.027883999,-2.081028
0.027886,-2.7744985
0.027888,-3.3755062
0.02789,-3.745357
0.027892,-3.9302826
0.027894,-3.9302826
0.027896,-3.6991258
0.027898,-3.2830436
0.0279,-2.6358042
0.027902,-1.8961024
0.027904,-1.0639377
0.027906,-0.18554163
0.027908,0.7390857
0.02791,1.6174817
0.027912,2.4034152
0.027914,3.050654
0.027916,3.5591989
0.027918,3.8365874
0.02792,3.9752812
0.027922,3.8365874
0.027924,3.5129685
0.027926,3.0044227
0.027928,2.357184
0.02793,1.5712504
0.027932,0.6928544
0.027934,-0.2317729
0.027936,-1.1101689
0.027938,-1.9423337
0.02794,-2.6820357
0.027942,-3.2830436
0.027944,-3.6991258
0.027945999,-3.9302826
0.027948,-3.9302826
0.02795,-3.745357
0.027952,-3.329275
0.027954,-2.7744985
0.027956,-2.0347965
0.027958,-1.2488632
0.02796,-0.32423592
0.027962,0.60039186
0.027964,1.4787879
0.027966,2.2647214
0.027968,2.9581914
0.02797,3.4667363
0.027972,3.8365874
0.027974,3.9752812
0.027976,3.8828197
0.027978,3.605431
0.02798,3.1431174
0.027982,2.4958777
0.027984,1.7099442
0.027986,0.87777996
0.027988,-0.046847343
0.02799,-0.9714751
0.027992,-1.8036394
0.027994,-2.5433414
0.027996,-3.1905808
0.027998,-3.6528945
0.027999999,-3.8840513
0.028002,-3.9302826
0.028004,-3.7915885
0.028006,-3.4217377
0.028007999,-2.866961
0.02801,-2.1734905
0.028012,-1.387557
0.028014,-0.5091615
0.028016,0.4154663
0.028018,1.3400936
0.02802,2.126027
0.028022,2.8657289
0.028024,3.420505
0.028026,3.7903562
0.028028,3.92905
0.02803,3.92905
0.028032,3.6516623
0.028034,3.23558
0.028036,2.5883412
0.028038,1.8486385
0.02804,1.0164738
0.028042,0.091846466
0.028044,-0.78654957
0.028046,-1.6649456
0.028048,-2.4046474
0.02805,-3.098118
0.028052,-3.5604317
0.028054,-3.8840513
0.028056,-3.976514
0.028058,-3.8378198
0.02806,-3.5142004
0.028061999,-3.0056553
0.028064,-2.3121846
0.028066,-1.5262513
0.028068,-0.6478553
0.02807,0.27677202
0.028072,1.2013993
0.028074,1.9873328
0.028076,2.727035
0.028078,3.3280425
0.02808,3.744125
0.028082,3.92905
0.028084,3.92905
0.028086,3.744125
0.028088,3.3280425
0.02809,2.727035
0.028092,1.9873328
0.028094,1.1551685
0.028096,0.27677202
0.028098,-0.6478553
0.0281,-1.48002
0.028102,-2.3121846
0.028104,-2.9594238
0.028106,-3.5142004
0.028108,-3.8378198
0.02811,-3.976514
0.028112,-3.8840513
0.028114,-3.5604317
0.028116,-3.098118
0.028118,-2.4508786
0.02812,-1.6649456
0.028122,-0.78654957
0.028123999,0.13807821
0.028126,1.0164738
0.028128,1.8486385
0.02813,2.6345725
0.028132,3.23558
0.028134,3.6516623
0.028136,3.92905
0.028138,3.92905
0.02814,3.7903562
0.028142,3.3742738
0.028144,2.8194976
0.028146,2.126027
0.028148,1.3400936
0.02815,0.4154663
0.028152,-0.5091615
0.028154,-1.387557
0.028156,-2.1734905
0.028158,-2.866961
0.02816,-3.329275
0.028162,-0.046847343
0.028164,3.5129685
0.028166,3.92905
0.028168,3.6516623
0.02817,3.1893477
0.028172,2.5883412
0.028174,1.8024073
0.028176,0.970243
0.028178,0.091846466
0.02818,-0.83278084
0.028182,-1.6649456
0.028184,-2.4508786
0.028185999,-3.098118
0.028188,-3.6066632
0.02819,-3.8840513
0.028192,-3.9302826
0.028194,-3.7915885
0.028196,-3.467969
0.028198,-2.9594238
0.0282,-2.2659533
0.028202,-1.48002
0.028204,-0.601624
0.028206,0.3230033
0.028208,1.2476311
0.02821,2.033564
0.028212,2.7732663
0.028214,3.3742738
0.028216,3.744125
0.028218,3.92905
0.02822,3.92905
0.028222,3.6978936
0.028224,3.2818112
0.028226,2.6808028
0.028228,1.9411016
0.02823,1.1089368
0.028232,0.23054075
0.028234,-0.694087
0.028236,-1.5262513
0.028238,-2.3121846
0.02824,-3.0056553
0.028242,-3.5142004
0.028244,-3.8378198
0.028246,-3.9302826
0.028247999,-3.8378198
0.02825,-3.5604317
0.028252,-3.0518866
0.028254,-2.4046474
0.028256,-1.6187139
0.028258,-0.7403178
0.02826,0.184309
0.028262,1.0627055
0.028264,1.8948698
0.028266,2.6345725
0.028268,3.2818112
0.02827,3.6978936
0.028272,3.92905
0.028274,3.92905
0.028276,3.744125
0.028278,3.3742738
0.02828,2.8194976
0.028282,2.0797954
0.028284,1.2938623
0.028286,0.36923456
0.028288,-0.55539227
0.02829,-1.4337888
0.028292,-2.2197218
0.028294,-2.9131925
0.028296,-3.467969
0.028298,-3.7915885
0.0283,-3.9302826
0.028302,-3.8840513
0.028304,-3.6066632
0.028306,-3.1443493
0.028308,-2.5433414
0.028309999,-1.7574081
0.028312,-0.9252434
0.028314,-6.160736E-4
0.028316,0.92401123
0.028318,1.756176
0.02832,2.542109
0.028322,3.1893477
0.028324,3.6516623
0.028326,3.8828197
0.028328,3.9752812
0.02833,3.7903562
0.028332,3.4667363
0.028334,2.9119601
0.028336,2.2184901
0.028338,1.4325566
0.02834,0.5541601
0.028342,-0.3704667
0.028344,-1.2950945
0.028346,-2.081028
0.028348,-2.7744985
0.02835,-3.3755062
0.028352,-3.745357
0.028354,-3.9302826
0.028356,-3.9302826
0.028358,-3.6991258
0.02836,-3.236812
0.028362,-2.6358042
0.028364,-1.8961024
0.028366,-1.0639377
0.028368,-0.13931036
0.02837,0.7853174
0.028371999,1.6174817
0.028374,2.4034152
0.028376,3.050654
0.028378,3.5591989
0.02838,3.8828197
0.028382,3.9752812
0.028384,3.8365874
0.028386,3.5129685
0.028388,3.0044227
0.02839,2.357184
0.028392,1.5250192
0.028394,0.6928544
0.028396,-0.2317729
0.028398,-1.1101689
0.0284,-1.9423337
0.028402,-2.6820357
0.028404,-3.2830436
0.028406,-3.6991258
0.028408,-3.9302826
0.02841,-3.9302826
0.028412,-3.745357
0.028414,-3.329275
0.028416,-2.7744985
0.028418,-2.0347965
0.02842,-1.202632
0.028422,-0.32423592
0.028424,0.60039186
0.028426,1.4787879
0.028428,2.2647214
0.02843,2.9581914
0.028432,3.5129685
0.028433999,3.8365874
0.028436,3.9752812
0.028438,3.8828197
0.02844,3.605431
0.028442,3.0968862
0.028444,2.4496465
0.028446,1.7099442
0.028448,0.8315482
0.02845,-0.046847343
0.028452,-0.9714751
0.028454,-1.8036394
0.028456,-2.5433414
0.028458,-3.1905808
0.02846,-3.6528945
0.028462,-3.8840513
0.028464,-3.9302826
0.028466,-3.7915885
0.028468,-3.4217377
0.02847,-2.866961
0.028472,-2.1734905
0.028474,-1.387557
0.028476,-0.46292973
0.028478,0.46169758
0.02848,1.3400936
0.028482,2.126027
0.028484,2.8657289
0.028486,3.420505
0.028488,3.7903562
0.02849,3.92905
0.028492,3.92905
0.028494,3.6516623
0.028495999,3.1893477
0.028498,2.5883412
0.0285,1.8486385
0.028502,1.0164738
0.028504,0.091846466
0.028506,-0.83278084
0.028508,-1.6649456
0.02851,-2.4508786
0.028512,-3.098118
0.028514,-3.5604317
0.028516,-3.8840513
0.028518,-3.976514
0.02852,-3.8378198
0.028522,-3.5142004
0.028524,-3.0056553
0.028526,-2.3121846
0.028528,-1.48002
0.02853,-0.6478553
0.028532,0.27677202
0.028534,1.2013993
0.028536,2.033564
0.028538,2.727035
0.02854,3.3280425
0.028542,3.744125
0.028544,3.92905
0.028546,3.92905
0.028548,3.6978936
0.028549999,3.2818112
0.028552,2.727035
0.028554,1.9873328
0.028556,1.1551685
0.028557999,0.27677202
0.02856,-0.6478553
0.028562,-1.5262513
0.028564,-2.3121846
0.028566,-3.0056553
0.028568,-3.5142004
0.02857,-3.8378198
0.028572,-3.976514
0.028574,-3.8840513
0.028576,-3.5604317
0.028578,-3.098118
0.02858,-2.589573
0.028582,0.7853174
0.028584,0.6928544
0.028586,-0.18554163
0.028588,-1.1101689
0.02859,-1.8961024
0.028592,-2.6820357
0.028594,-3.2830436
0.028596,-3.6991258
0.028598,-3.976514
0.0286,-3.976514
0.028602,-3.7915885
0.028604,-3.4217377
0.028606,-2.866961
0.028608,-2.1272593
0.02861,-1.3413262
0.028611999,-0.41669846
0.028614,0.50792885
0.028616,1.3863249
0.028618,2.172258
0.028619999,2.8657289
0.028622,3.420505
0.028624,3.7903562
0.028626,3.92905
0.028628,3.8828197
0.02863,3.605431
0.028632,3.1431174
0.028634,2.542109
0.028636,1.756176
0.028638,0.92401123
0.02864,0.045615196
0.028642,-0.8790121
0.028644,-1.7111769
0.028646,-2.4971101
0.028648,-3.1443493
0.02865,-3.6066632
0.028652,-3.8840513
0.028654,-3.976514
0.028656,-3.7915885
0.028658,-3.467969
0.02866,-2.9594238
0.028662,-2.2659533
0.028664,-1.48002
0.028666,-0.55539227
0.028668,0.36923456
0.02867,1.2476311
0.028672,2.0797954
0.028673999,2.7732663
0.028676,3.3742738
0.028678,3.744125
0.02868,3.92905
0.028682,3.92905
0.028684,3.6978936
0.028686,3.2818112
0.028688,2.6808028
0.02869,1.9411016
0.028692,1.1089368
0.028694,0.184309
0.028696,-0.7403178
0.028698,-1.5724826
0.0287,-2.3584158
0.028702,-3.0518866
0.028704,-3.5604317
0.028706,-3.8378198
0.028708,-3.976514
0.02871,-3.8378198
0.028712,-3.5604317
0.028714,-3.0518866
0.028716,-2.3584158
0.028718,-1.5724826
0.02872,-0.7403178
0.028722,0.184309
0.028724,1.1089368
0.028726,1.9411016
0.028728,2.6808028
0.02873,3.2818112
0.028732,3.6978936
0.028734,3.92905
0.028735999,3.92905
0.028738,3.744125
0.02874,3.3280425
0.028742,2.7732663
0.028744,2.033564
0.028746,1.2476311
0.028748,0.36923456
0.02875,-0.55539227
0.028752,-1.4337888
0.028754,-2.2197218
0.028756,-2.9131925
0.028758,-3.467969
0.02876,-3.7915885
0.028762,-3.9302826
0.028764,-3.8840513
0.028766,-3.6066632
0.028768,-3.1443493
0.02877,-2.4971101
0.028772,-1.7111769
0.028774,-0.8790121
0.028776,0.045615196
0.028778,0.970243
0.02878,1.8024073
0.028782,2.542109
0.028784,3.1893477
0.028786,3.6516623
0.028788,3.8828197
0.02879,3.9752812
0.028792,3.7903562
0.028794,3.420505
0.028796,2.8657289
0.028797999,2.172258
0.0288,1.3863249
0.028802,0.50792885
0.028804,-0.41669846
0.028806,-1.2950945
0.028808,-2.081028
0.02881,-2.8207297
0.028812,-3.3755062
0.028814,-3.745357
0.028816,-3.9302826
0.028818,-3.9302826
0.02882,-3.6528945
0.028822,-3.236812
0.028824,-2.6358042
0.028826,-1.8498712
0.028828,-1.0177064
0.02883,-0.13931036
0.028832,0.7853174
0.028834,1.6637135
0.028836,2.4496465
0.028838,3.0968862
0.02884,3.5591989
0.028842,3.8828197
0.028844,3.9752812
0.028846,3.8365874
0.028848,3.5129685
0.02885,3.0044227
0.028852,2.3109517
0.028854,1.5250192
0.028856,0.64662313
0.028858,-0.2317729
0.028859999,-1.1564007
0.028862,-1.9423337
0.028864,-2.6820357
0.028866,-3.2830436
0.028868,-3.6991258
0.02887,-3.9302826
0.028872,-3.9302826
0.028874,-3.745357
0.028876,-3.329275
0.028878,-2.728267
0.02888,-2.0347965
0.028882,-1.202632
0.028884,-0.27800417
0.028886,0.64662313
0.028888,1.4787879
0.02889,2.3109517
0.028892,3.0044227
0.028894,3.5129685
0.028896,3.8365874
0.028898,3.9752812
0.0289,3.8828197
0.028902,3.5591989
0.028904,3.0968862
0.028906,2.4496465
0.028908,1.6637135
0.02891,0.8315482
0.028912,-0.09307861
0.028914,-0.9714751
0.028916,-1.8036394
0.028918,-2.589573
0.02892,-3.1905808
0.028921999,-3.6528945
0.028924,-3.8840513
0.028926,-3.9302826
0.028928,-3.7915885
0.02893,-3.4217377
0.028932,-2.866961
0.028934,-2.1734905
0.028936,-1.3413262
0.028938,-0.46292973
0.02894,0.46169758
0.028942,1.3863249
0.028944,2.172258
0.028946,2.8657289
0.028948,3.420505
0.02895,3.7903562
0.028952,3.92905
0.028954,3.8828197
0.028956,3.6516623
0.028958,3.1893477
0.02896,2.5883412
0.028962,1.8024073
0.028964,0.970243
0.028966,0.091846466
0.028968,-0.83278084
0.02897,-1.6649456
0.028972,-2.4508786
0.028974,-3.098118
0.028976,-3.6066632
0.028978,-3.8840513
0.02898,-3.976514
0.028982,-3.8378198
0.028983999,-3.467969
0.028986,-2.9594238
0.028988,-2.2659533
0.02899,-1.48002
0.028992,-0.601624
0.028994,0.3230033
0.028996,1.2013993
0.028998,2.033564
0.029,2.7732663
0.029002,0.091846466
0.029004,-3.1443493
0.029006,-3.976514
0.029008,-3.976514
0.02901,-3.745357
0.029012,-3.329275
0.029014,-2.728267
0.029016,-1.9885652
0.029018,-1.1564007
0.02902,-0.2317729
0.029022,0.6928544
0.029024,1.5250192
0.029026,2.3109517
0.029028,3.0044227
0.02903,3.5129685
0.029032,3.8365874
0.029034,3.92905
0.029036,3.8365874
0.029038,3.5591989
0.02904,3.050654
0.029042,2.4034152
0.029044,1.6174817
0.029045999,0.7390857
0.029048,-0.13931036
0.02905,-1.0639377
0.029052,-1.8961024
0.029054,-2.6358042
0.029056,-3.236812
0.029058,-3.6991258
0.02906,-3.9302826
0.029062,-3.9302826
0.029064,-3.745357
0.029066,-3.3755062
0.029068,-2.8207297
0.02907,-2.1272593
0.029072,-1.2950945
0.029074,-0.41669846
0.029076,0.5541601
0.029078,1.4325566
0.02908,2.2184901
0.029082,2.9119601
0.029084,3.4667363
0.029086,3.7903562
0.029088,3.92905
0.02909,3.8828197
0.029092,3.605431
0.029094,3.1431174
0.029096,2.542109
0.029098,1.756176
0.029099999,0.92401123
0.029102,-6.160736E-4
0.029104,-0.8790121
0.029106,-1.7111769
0.029107999,-2.4971101
0.02911,-3.1443493
0.029112,-3.6066632
0.029114,-3.8840513
0.029116,-3.976514
0.029118,-3.7915885
0.02912,-3.467969
0.029122,-2.9131925
0.029124,-2.2197218
0.029126,-1.4337888
0.029128,-0.55539227
0.02913,0.36923456
0.029132,1.2938623
0.029134,2.0797954
0.029136,2.8194976
0.029138,3.3742738
0.02914,3.744125
0.029142,3.92905
0.029144,3.92905
0.029146,3.6978936
0.029148,3.23558
0.02915,2.6345725
0.029152,1.8948698
0.029154,1.0627055
0.029156,0.184309
0.029158,-0.7403178
0.02916,-1.5724826
0.029161999,-2.3584158
0.029164,-3.0518866
0.029166,-3.5604317
0.029168,-3.8378198
0.029169999,-3.976514
0.029172,-3.8378198
0.029174,-3.5142004
0.029176,-3.0518866
0.029178,-2.3584158
0.02918,-1.5724826
0.029182,-0.694087
0.029184,0.23054075
0.029186,1.1089368
0.029188,1.9411016
0.02919,2.6808028
0.029192,3.2818112
0.029194,3.6978936
0.029196,3.92905
0.029198,3.92905
0.0292,3.744125
0.029202,3.3280425
0.029204,2.7732663
0.029206,2.033564
0.029208,1.2476311
0.02921,0.3230033
0.029212,-0.601624
0.029214,-1.48002
0.029216,-2.2197218
0.029218,-2.9131925
0.02922,-3.467969
0.029222,-3.8378198
0.029223999,-3.976514
0.029226,-3.8840513
0.029228,-3.6066632
0.02923,-3.1443493
0.029232,-2.4971101
0.029234,-1.7111769
0.029236,-0.8790121
0.029238,0.045615196
0.02924,0.970243
0.029242,1.8024073
0.029244,2.542109
0.029246,3.1893477
0.029248,3.6516623
0.02925,3.8828197
0.029252,3.9752812
0.029254,3.7903562
0.029256,3.420505
0.029258,2.8657289
0.02926,2.172258
0.029262,1.3863249
0.029264,0.50792885
0.029266,-0.41669846
0.029268,-1.2950945
0.02927,-2.1272593
0.029272,-2.8207297
0.029274,-3.3755062
0.029276,-3.7915885
0.029278,-3.9302826
0.02928,-3.9302826
0.029282,-3.6528945
0.029284,-3.236812
0.029285999,-2.6358042
0.029288,-1.8498712
0.02929,-1.0177064
0.029292,-0.09307861
0.029294,0.8315482
0.029296,1.6637135
0.029298,2.4496465
0.0293,3.0968862
0.029302,3.5591989
0.029304,3.8828197
0.029306,3.9752812
0.029308,3.8365874
0.02931,3.5129685
0.029312,3.0044227
0.029314,2.3109517
0.029316,1.5250192
0.029318,0.64662313
0.02932,-0.27800417
0.029322,-1.1564007
0.029324,-1.9885652
0.029326,-2.728267
0.029328,-3.2830436
0.02933,-3.6991258
0.029332,-3.9302826
0.029334,-3.9302826
0.029336,-3.745357
0.029338,-3.329275
0.02934,-2.728267
0.029342,-1.9885652
0.029344,-1.1564007
0.029346,-0.27800417
0.029347999,0.64662313
0.02935,1.5250192
0.029352,2.3109517
0.029354,3.0044227
0.029356,3.5129685
0.029358,3.8365874
0.02936,3.9752812
0.029362,3.8828197
0.029364,3.5591989
0.029366,3.0968862
0.029368,2.4496465
0.02937,1.6637135
0.029372,0.7853174
0.029374,-0.09307861
0.029376,-1.0177064
0.029378,-1.8498712
0.02938,-2.589573
0.029382,-3.236812
0.029384,-3.6528945
0.029386,-3.9302826
0.029388,-3.9302826
0.02939,-3.7915885
0.029392,-3.4217377
0.029394,-2.866961
0.029396,-2.1272593
0.029398,-1.3413262
0.0294,-0.41669846
0.029402,0.50792885
0.029404,1.3863249
0.029406,2.172258
0.029408,2.8657289
0.029409999,3.420505
0.029412,3.7903562
0.029414,3.9752812
0.029416,3.8828197
0.029418,3.6516623
0.02942,3.1893477
0.029422,0.5541601
0.029424,-1.6187139
0.029426,-0.8790121
0.029428,-6.160736E-4
0.02943,0.92401123
0.029432,1.756176
0.029434,2.542109
0.029436,3.1893477
0.029438,3.6516623
0.02944,3.92905
0.029442,3.9752812
0.029444,3.8365874
0.029446,3.5129685
0.029448,2.9581914
0.02945,2.2647214
0.029452,1.4787879
0.029454,0.60039186
0.029456,-0.32423592
0.029458,-1.202632
0.02946,-2.0347965
0.029462,-2.728267
0.029464,-3.329275
0.029466,-3.745357
0.029468,-3.9302826
0.02947,-3.9302826
0.029471999,-3.6991258
0.029474,-3.2830436
0.029476,-2.6820357
0.029478,-1.9423337
0.02948,-1.1101689
0.029482,-0.18554163
0.029484,0.7390857
0.029486,1.5712504
0.029488,2.357184
0.02949,3.050654
0.029492,3.5591989
0.029494,3.8365874
0.029496,3.9752812
0.029498,3.8365874
0.0295,3.5591989
0.029502,3.050654
0.029504,2.4034152
0.029506,1.5712504
0.029508,0.7390857
0.02951,-0.18554163
0.029512,-1.0639377
0.029514,-1.8961024
0.029516,-2.6358042
0.029518,-3.236812
0.02952,-3.6991258
0.029522,-3.9302826
0.029524,-3.9302826
0.029526,-3.745357
0.029528,-3.3755062
0.02953,-2.8207297
0.029532,-2.081028
0.029533999,-1.2488632
0.029536,-0.3704667
0.029538,0.5541601
0.02954,1.4325566
0.029542,2.2184901
0.029544,2.9119601
0.029546,3.4667363
0.029548,3.7903562
0.02955,3.9752812
0.029552,3.8828197
0.029554,3.605431
0.029556,3.1431174
0.029558,2.4958777
0.02956,1.756176
0.029562,0.87777996
0.029564,-6.160736E-4
0.029566,-0.9252434
0.029568,-1.7574081
0.02957,-2.4971101
0.029572,-3.1443493
0.029574,-3.6066632
0.029576,-3.8840513
0.029578,-3.976514
0.02958,-3.7915885
0.029582,-3.467969
0.029584,-2.9131925
0.029586,-2.2197218
0.029588,-1.4337888
0.02959,-0.5091615
0.029592,0.4154663
0.029594,1.2938623
0.029595999,2.126027
0.029598,2.8194976
0.0296,3.3742738
0.029602,3.744125
0.029604,3.92905
0.029606,3.92905
0.029608,3.6978936
0.02961,3.23558
0.029612,2.6345725
0.029614,1.8948698
0.029616,1.0627055
0.029618,0.13807821
0.02962,-0.78654957
0.029622,-1.6187139
0.029624,-2.4046474
0.029626,-3.0518866
0.029628,-3.5604317
0.02963,-3.8378198
0.029632,-3.976514
0.029634,-3.8378198
0.029636,-3.5142004
0.029638,-3.0056553
0.02964,-2.3584158
0.029642,-1.5262513
0.029644,-0.694087
0.029646,0.23054075
0.029648,1.1551685
0.02965,1.9873328
0.029652,2.6808028
0.029654,3.2818112
0.029656,3.6978936
0.029657999,3.92905
0.02966,3.92905
0.029662,3.744125
0.029664,3.3280425
0.029666,2.727035
0.029668,2.033564
0.02967,1.2013993
0.029672,0.3230033
0.029674,-0.601624
0.029676,-1.48002
0.029678,-2.2659533
0.02968,-2.9594238
0.029682,-3.467969
0.029684,-3.8378198
0.029686,-3.976514
0.029688,-3.8840513
0.02969,-3.6066632
0.029692,-3.098118
0.029694,-2.4508786
0.029696,-1.7111769
0.029698,-0.83278084
0.0297,0.091846466
0.029702,0.970243
0.029704,1.8486385
0.029706,2.5883412
0.029708,3.1893477
0.02971,3.6516623
0.029711999,3.8828197
0.029714,3.92905
0.029716,3.7903562
0.029718,3.420505
0.029719999,2.8657289
0.029722,2.172258
0.029724,1.3400936
0.029726,0.46169758
0.029728,-0.46292973
0.02973,-1.3413262
0.029732,-2.1272593
0.029734,-2.8207297
0.029736,-3.4217377
0.029738,-3.7915885
0.02974,-3.9302826
0.029742,-3.8840513
0.029744,-3.6528945
0.029746,-3.1905808
0.029748,-2.589573
0.02975,-1.8498712
0.029752,-1.0177064
0.029754,-0.09307861
0.029756,0.8315482
0.029758,1.6637135
0.02976,2.4496465
0.029762,3.0968862
0.029764,3.605431
0.029766,3.8828197
0.029768,3.9752812
0.02977,3.8365874
0.029772,3.5129685
0.029773999,2.9581914
0.029776,2.2647214
0.029778,1.4787879
0.02978,0.64662313
0.029781999,-0.27800417
0.029784,-1.202632
0.029786,-1.9885652
0.029788,-2.728267
0.02979,-3.329275
0.029792,-3.745357
0.029794,-3.9302826
0.029796,-3.9302826
0.029798,-3.6991258
0.0298,-3.2830436
0.029802,-2.728267
0.029804,-1.9885652
0.029806,-1.1564007
0.029808,-0.2317729
0.02981,0.6928544
0.029812,1.5250192
0.029814,2.3109517
0.029816,3.0044227
0.029818,3.5129685
0.02982,3.8365874
0.029822,3.9752812
0.029824,3.8828197
0.029826,3.5591989
0.029828,3.050654
0.02983,2.4034152
0.029832,1.6174817
0.029834,0.7853174
0.029835999,-0.13931036
0.029838,-1.0177064
0.02984,-1.8498712
0.029842,0.13807821
0.029844,3.1431174
0.029846,3.744125
0.029848,3.9752812
0.02985,3.9752812
0.029852,3.7903562
0.029854,3.420505
0.029856,2.8657289
0.029858,2.126027
0.02986,1.3400936
0.029862,0.46169758
0.029864,-0.46292973
0.029866,-1.387557
0.029868,-2.1734905
0.02987,-2.866961
0.029872,-3.4217377
0.029874,-3.7915885
0.029876,-3.9302826
0.029878,-3.8840513
0.02988,-3.6066632
0.029882,-3.1443493
0.029884,-2.5433414
0.029886,-1.7574081
0.029888,-0.9252434
0.02989,-6.160736E-4
0.029892,0.87777996
0.029894,1.756176
0.029896,2.4958777
0.029897999,3.1431174
0.0299,3.605431
0.029902,3.8828197
0.029904,3.9752812
0.029906,3.8365874
0.029908,3.4667363
0.02991,2.9581914
0.029912,2.2647214
0.029914,1.4787879
0.029916,0.5541601
0.029918,-0.32423592
0.02992,-1.2488632
0.029922,-2.0347965
0.029924,-2.7744985
0.029926,-3.329275
0.029928,-3.745357
0.02993,-3.9302826
0.029932,-3.9302826
0.029934,-3.6991258
0.029936,-3.2830436
0.029938,-2.6820357
0.02994,-1.9423337
0.029942,-1.1101689
0.029944,-0.18554163
0.029946,0.7390857
0.029948,1.5712504
0.02995,2.357184
0.029952,3.050654
0.029954,3.5591989
0.029956,3.8365874
0.029958,3.9752812
0.029959999,3.8365874
0.029962,3.5591989
0.029964,3.050654
0.029966,2.357184
0.029968,1.5712504
0.02997,0.7390857
0.029972,-0.18554163
0.029974,-1.1101689
0.029976,-1.8961024
0.029978,-2.6358042
0.02998,-3.2830436
0.029982,-3.6991258
0.029984,-3.9302826
0.029986,-3.9302826
0.029988,-3.745357
0.02999,-3.3755062
0.029992,-2.7744985
0.029994,-2.081028
0.029996,-1.2488632
0.029998,-0.32423592
0.03,0.5541601
0.030002,1.4787879
0.030004,2.2647214
0.030006,2.9581914
0.030008,3.4667363
0.03001,3.8365874
0.030012,3.9752812
0.030014,3.8828197
0.030016,3.605431
0.030018,3.1431174
0.03002,2.4958777
0.030021999,1.7099442
0.030024,0.87777996
0.030026,-0.046847343
0.030028,-0.9252434
0.03003,-1.7574081
0.030032,-2.5433414
0.030034,-3.1443493
0.030036,-3.6528945
0.030038,-3.8840513
0.03004,-3.9302826
0.030042,-3.7915885
0.030044,-3.4217377
0.030046,-2.9131925
0.030048,-2.2197218
0.03005,-1.387557
0.030052,-0.5091615
0.030054,0.4154663
0.030056,1.2938623
0.030058,2.126027
0.03006,2.8194976
0.030062,3.3742738
0.030064,3.7903562
0.030066,3.92905
0.030068,3.92905
0.03007,3.6516623
0.030072,3.23558
0.030074,2.6345725
0.030076,1.8486385
0.030078,1.0164738
0.03008,0.13807821
0.030082,-0.78654957
0.030083999,-1.6187139
0.030086,-2.4046474
0.030088,-3.0518866
0.03009,-3.5604317
0.030092,-3.8840513
0.030094,-3.976514
0.030096,-3.8378198
0.030098,-3.5142004
0.0301,-3.0056553
0.030102,-2.3121846
0.030104,-1.5262513
0.030106,-0.6478553
0.030108,0.27677202
0.03011,1.1551685
0.030112,1.9873328
0.030114,2.727035
0.030116,3.3280425
0.030118,3.6978936
0.03012,3.92905
0.030122,3.92905
0.030124,3.744125
0.030126,3.3280425
0.030128,2.727035
0.03013,1.9873328
0.030132,1.2013993
0.030134,0.27677202
0.030136,-0.601624
0.030138,-1.48002
0.03014,-2.2659533
0.030142,-2.9594238
0.030144,-3.467969
0.030145999,-3.8378198
0.030148,-3.976514
0.03015,-3.8840513
0.030152,-3.6066632
0.030154,-3.098118
0.030156,-2.4508786
0.030158,-1.6649456
0.03016,-0.83278084
0.030162,0.091846466
0.030164,1.0164738
0.030166,1.8486385
0.030168,2.5883412
0.03017,3.23558
0.030172,3.6516623
0.030174,3.92905
0.030176,3.92905
0.030178,3.7903562
0.03018,3.420505
0.030182,2.8657289
0.030184,2.126027
0.030186,1.3400936
0.030188,0.46169758
0.03019,-0.46292973
0.030192,-1.3413262
0.030194,-2.1272593
0.030196,-2.866961
0.030198,-3.4217377
0.0302,-3.7915885
0.030202,-3.9302826
0.030204,-3.8840513
0.030206,-3.6528945
0.030207999,-3.1905808
0.03021,-2.589573
0.030212,-1.8036394
0.030214,-0.9714751
0.030216,-0.046847343
0.030218,0.8315482
0.03022,1.7099442
0.030222,2.4496465
0.030224,3.1431174
0.030226,3.605431
0.030228,3.8828197
0.03023,3.9752812
0.030232,3.8365874
0.030234,3.4667363
0.030236,2.9581914
0.030238,2.2647214
0.03024,1.4787879
0.030242,0.60039186
0.030244,-0.32423592
0.030246,-1.202632
0.030248,-1.9885652
0.03025,-2.728267
0.030252,-3.329275
0.030254,-3.745357
0.030256,-3.9302826
0.030258,-3.9302826
0.03026,-3.6991258
0.030261999,-1.6649456
0.030264,1.8948698
0.030266,1.8948698
0.030268,1.0627055
0.030269999,0.184309
0.030272,-0.7403178
0.030274,-1.5724826
0.030276,-2.3584158
0.030278,-3.0518866
0.03028,-3.5604317
0.030282,-3.8840513
0.030284,-3.976514
0.030286,-3.8840513
0.030288,-3.5604317
0.03029,-3.098118
0.030292,-2.4046474
0.030294,-1.6187139
0.030296,-0.78654957
0.030298,0.13807821
0.0303,1.0627055
0.030302,1.8948698
0.030304,2.6345725
0.030306,3.23558
0.030308,3.6978936
0.03031,3.92905
0.030312,3.92905
0.030314,3.744125
0.030316,3.3742738
0.030318,2.8194976
0.03032,2.0797954
0.030322,1.2938623
0.030323999,0.36923456
0.030326,-0.5091615
0.030328,-1.4337888
0.03033,-2.2197218
0.030331999,-2.9131925
0.030334,-3.467969
0.030336,-3.7915885
0.030338,-3.976514
0.03034,-3.8840513
0.030342,-3.6066632
0.030344,-3.1443493
0.030346,-2.5433414
0.030348,-1.7574081
0.03035,-0.9252434
0.030352,-6.160736E-4
0.030354,0.92401123
0.030356,1.756176
0.030358,2.542109
0.03036,3.1431174
0.030362,3.605431
0.030364,3.8828197
0.030366,3.9752812
0.030368,3.7903562
0.03037,3.4667363
0.030372,2.9119601
0.030374,2.2184901
0.030376,1.4325566
0.030378,0.5541601
0.03038,-0.3704667
0.030382,-1.2488632
0.030384,-2.081028
0.030385999,-2.7744985
0.030388,-3.3755062
0.03039,-3.745357
0.030392,-3.9302826
0.030394,-3.9302826
0.030396,-3.6991258
0.030398,-3.236812
0.0304,-2.6358042
0.030402,-1.8961024
0.030404,-1.0639377
0.030406,-0.13931036
0.030408,0.7390857
0.03041,1.6174817
0.030412,2.4034152
0.030414,3.050654
0.030416,3.5591989
0.030418,3.8828197
0.03042,3.9752812
0.030422,3.8365874
0.030424,3.5129685
0.030426,3.0044227
0.030428,2.357184
0.03043,1.5712504
0.030432,0.6928544
0.030434,-0.2317729
0.030436,-1.1101689
0.030438,-1.9423337
0.03044,-2.6820357
0.030442,-3.2830436
0.030444,-3.6991258
0.030446,-3.9302826
0.030447999,-3.9302826
0.03045,-3.745357
0.030452,-3.329275
0.030454,-2.7744985
0.030456,-2.0347965
0.030458,-1.202632
0.03046,-0.32423592
0.030462,0.60039186
0.030464,1.4787879
0.030466,2.2647214
0.030468,2.9581914
0.03047,3.4667363
0.030472,3.8365874
0.030474,3.9752812
0.030476,3.8828197
0.030478,3.605431
0.03048,3.1431174
0.030482,2.4958777
0.030484,1.7099442
0.030486,0.87777996
0.030488,-0.046847343
0.03049,-0.9714751
0.030492,-1.8036394
0.030494,-2.5433414
0.030496,-3.1905808
0.030498,-3.6528945
0.0305,-3.8840513
0.030502,-3.9302826
0.030504,-3.7915885
0.030506,-3.4217377
0.030508,-2.866961
0.030509999,-2.1734905
0.030512,-1.387557
0.030514,-0.46292973
0.030516,0.46169758
0.030518,1.3400936
0.03052,2.126027
0.030522,2.8657289
0.030524,3.420505
0.030526,3.7903562
0.030528,3.92905
0.03053,3.92905
0.030532,3.6516623
0.030534,3.23558
0.030536,2.5883412
0.030538,1.8486385
0.03054,1.0164738
0.030542,0.091846466
0.030544,-0.78654957
0.030546,-1.6649456
0.030548,-2.4046474
0.03055,-3.098118
0.030552,-3.5604317
0.030554,-3.8840513
0.030556,-3.976514
0.030558,-3.8378198
0.03056,-3.5142004
0.030562,-3.0056553
0.030564,-2.3121846
0.030566,-1.48002
0.030568,-0.6478553
0.03057,0.27677202
0.030571999,1.2013993
0.030574,1.9873328
0.030576,2.727035
0.030578,3.3280425
0.03058,3.744125
0.030582,3.92905
0.030584,3.92905
0.030586,3.6978936
0.030588,3.3280425
0.03059,2.727035
0.030592,1.9873328
0.030594,1.1551685
0.030596,0.27677202
0.030598,-0.6478553
0.0306,-1.48002
0.030602,-2.3121846
0.030604,-2.9594238
0.030606,-3.5142004
0.030608,-3.8378198
0.03061,-3.976514
0.030612,-3.8840513
0.030614,-3.5604317
0.030616,-3.098118
0.030618,-2.4508786
0.03062,-1.6649456
0.030622,-0.78654957
0.030624,0.13807821
0.030626,1.0164738
0.030628,1.8486385
0.03063,2.6345725
0.030632,3.23558
0.030633999,3.6516623
0.030636,3.92905
0.030638,3.92905
0.03064,3.7903562
0.030642,3.3742738
0.030644,2.8194976
0.030646,2.126027
0.030648,1.3400936
0.03065,0.4154663
0.030652,-0.5091615
0.030654,-1.387557
0.030656,-2.1734905
0.030658,-2.866961
0.03066,-3.4217377
0.030662,-3.7915885
0.030664,-3.9302826
0.030666,-3.8840513
0.030668,-3.6528945
0.03067,-3.1905808
0.030672,-2.589573
0.030674,-1.8036394
0.030676,-0.9714751
0.030678,-0.046847343
0.03068,0.87777996
0.030682,-0.601624
0.030684,-2.4971101
0.030686,-3.1905808
0.030688,-3.6528945
0.03069,-3.9302826
0.030692,-4.022745
0.030694,-3.8840513
0.030695999,-3.5142004
0.030698,-3.0056553
0.0307,-2.3121846
0.030702,-1.48002
0.030704,-0.601624
0.030706,0.3230033
0.030708,1.2013993
0.03071,2.033564
0.030712,2.7732663
0.030714,3.3280425
0.030716,3.744125
0.030718,3.92905
0.03072,3.92905
0.030722,3.6978936
0.030724,3.2818112
0.030726,2.6808028
0.030728,1.9411016
0.03073,1.1089368
0.030732,0.184309
0.030734,-0.694087
0.030736,-1.5724826
0.030738,-2.3584158
0.03074,-3.0056553
0.030742,-3.5142004
0.030744,-3.8378198
0.030746,-3.976514
0.030748,-3.8378198
0.03075,-3.5604317
0.030752,-3.0518866
0.030754,-2.4046474
0.030756,-1.6187139
0.030757999,-0.7403178
0.03076,0.184309
0.030762,1.0627055
0.030764,1.8948698
0.030766,2.6345725
0.030768,3.2818112
0.03077,3.6978936
0.030772,3.92905
0.030774,3.92905
0.030776,3.744125
0.030778,3.3742738
0.03078,2.7732663
0.030782,2.0797954
0.030784,1.2476311
0.030786,0.36923456
0.030788,-0.55539227
0.03079,-1.4337888
0.030792,-2.2197218
0.030794,-2.9131925
0.030796,-3.467969
0.030798,-3.7915885
0.0308,-3.9302826
0.030802,-3.8840513
0.030804,-3.6066632
0.030806,-3.1443493
0.030808,-2.5433414
0.03081,-1.7574081
0.030811999,-0.8790121
0.030814,-6.160736E-4
0.030816,0.92401123
0.030818,1.756176
0.030819999,2.542109
0.030822,3.1893477
0.030824,3.6516623
0.030826,3.8828197
0.030828,3.92905
0.03083,3.7903562
0.030832,3.4667363
0.030834,2.9119601
0.030836,2.2184901
0.030838,1.4325566
0.03084,0.50792885
0.030842,-0.3704667
0.030844,-1.2950945
0.030846,-2.081028
0.030848,-2.8207297
0.03085,-3.3755062
0.030852,-3.745357
0.030854,-3.9302826
0.030856,-3.9302826
0.030858,-3.6991258
0.03086,-3.236812
0.030862,-2.6358042
0.030864,-1.8961024
0.030866,-1.0639377
0.030868,-0.13931036
0.03087,0.7853174
0.030872,1.6174817
0.030873999,2.4034152
0.030876,3.050654
0.030878,3.5591989
0.03088,3.8828197
0.030881999,3.9752812
0.030884,3.8365874
0.030886,3.5129685
0.030888,3.0044227
0.03089,2.357184
0.030892,1.5250192
0.030894,0.6928544
0.030896,-0.2317729
0.030898,-1.1101689
0.0309,-1.9423337
0.030902,-2.6820357
0.030904,-3.2830436
0.030906,-3.6991258
0.030908,-3.9302826
0.03091,-3.9302826
0.030912,-3.745357
0.030914,-3.329275
0.030916,-2.7744985
0.030918,-2.0347965
0.03092,-1.202632
0.030922,-0.32423592
0.030924,0.60039186
0.030926,1.4787879
0.030928,2.2647214
0.03093,2.9581914
0.030932,3.5129685
0.030934,3.8365874
0.030935999,3.9752812
0.030938,3.8828197
0.03094,3.605431
0.030942,3.0968862
0.030943999,2.4496465
0.030946,1.6637135
0.030948,0.8315482
0.03095,-0.046847343
0.030952,-0.9714751
0.030954,-1.8036394
0.030956,-2.5433414
0.030958,-3.1905808
0.03096,-3.6528945
0.030962,-3.8840513
0.030964,-3.9302826
0.030966,-3.7915885
0.030968,-3.4217377
0.03097,-2.866961
0.030972,-2.1734905
0.030974,-1.3413262
0.030976,-0.46292973
0.030978,0.46169758
0.03098,1.3400936
0.030982,2.172258
0.030984,2.8657289
0.030986,3.420505
0.030988,3.7903562
0.03099,3.92905
0.030992,3.92905
0.030994,3.6516623
0.030996,3.1893477
0.030997999,2.5883412
0.031,1.8486385
0.031002,1.0164738
0.031004,0.091846466
0.031006,-0.83278084
0.031008,-1.6649456
0.03101,-2.4508786
0.031012,-3.098118
0.031014,-3.5604317
0.031016,-3.8840513
0.031018,-3.976514
0.03102,-3.8378198
0.031022,-3.5142004
0.031024,-2.9594238
0.031026,-2.3121846
0.031028,-1.48002
0.03103,-0.601624
0.031032,0.3230033
0.031034,1.2013993
0.031036,2.033564
0.031038,2.727035
0.03104,3.3280425
0.031042,3.744125
0.031044,3.92905
0.031046,3.92905
0.031048,3.6978936
0.03105,3.2818112
0.031052,2.727035
0.031054,1.9873328
0.031056,1.1551685
0.031058,0.27677202
0.031059999,-0.6478553
0.031062,-1.5262513
0.031064,-2.3121846
0.031066,-3.0056553
0.031068,-3.5142004
0.03107,-3.8378198
0.031072,-3.976514
0.031074,-3.8840513
0.031076,-3.5604317
0.031078,-3.098118
0.03108,-2.4046474
0.031082,-1.6187139
0.031084,-0.78654957
0.031086,0.13807821
0.031088,1.0627055
0.03109,1.8948698
0.031092,2.6345725
0.031094,3.23558
0.031096,3.6978936
0.031098,3.92905
0.0311,3.92905
0.031102,2.2647214
0.031104,-1.1101689
0.031106,-2.728267
0.031108,-2.081028
0.03111,-1.2950945
0.031112,-0.3704667
0.031114,0.5541601
0.031116,1.4325566
0.031118,2.2184901
0.03112,2.9119601
0.031121999,3.4667363
0.031124,3.7903562
0.031126,3.9752812
0.031128,3.8828197
0.03113,3.6516623
0.031132,3.1893477
0.031134,2.542109
0.031136,1.8024073
0.031138,0.92401123
0.03114,0.045615196
0.031142,-0.8790121
0.031144,-1.7111769
0.031146,-2.4971101
0.031148,-3.1443493
0.03115,-3.6066632
0.031152,-3.8840513
0.031154,-3.976514
0.031156,-3.7915885
0.031158,-3.467969
0.03116,-2.9594238
0.031162,-2.2659533
0.031164,-1.4337888
0.031166,-0.55539227
0.031168,0.36923456
0.03117,1.2476311
0.031172,2.0797954
0.031174,2.7732663
0.031176,3.3742738
0.031178,3.744125
0.03118,3.92905
0.031182,3.92905
0.031183999,3.6978936
0.031186,3.2818112
0.031188,2.6345725
0.03119,1.8948698
0.031192,1.1089368
0.031194,0.184309
0.031196,-0.7403178
0.031198,-1.5724826
0.0312,-2.3584158
0.031202,-3.0518866
0.031204,-3.5604317
0.031206,-3.8378198
0.031208,-3.976514
0.03121,-3.8378198
0.031212,-3.5604317
0.031214,-3.0518866
0.031216,-2.3584158
0.031218,-1.5724826
0.03122,-0.7403178
0.031222,0.184309
0.031224,1.1089368
0.031226,1.9411016
0.031228,2.6808028
0.03123,3.2818112
0.031232,3.6978936
0.031234,3.92905
0.031236,3.92905
0.031238,3.744125
0.03124,3.3280425
0.031242,2.7732663
0.031244,2.033564
0.031245999,1.2476311
0.031248,0.3230033
0.03125,-0.55539227
0.031252,-1.4337888
0.031254,-2.2197218
0.031256,-2.9131925
0.031258,-3.467969
0.03126,-3.7915885
0.031262,-3.976514
0.031264,-3.8840513
0.031266,-3.6066632
0.031268,-3.1443493
0.03127,-2.4971101
0.031272,-1.7111769
0.031274,-0.8790121
0.031276,0.045615196
0.031278,0.970243
0.03128,1.8024073
0.031282,2.542109
0.031284,3.1893477
0.031286,3.6516623
0.031288,3.8828197
0.03129,3.9752812
0.031292,3.7903562
0.031294,3.420505
0.031296,2.8657289
0.031298,2.172258
0.0313,1.3863249
0.031302,0.50792885
0.031303998,-0.41669846
0.031306,-1.2950945
0.031308,-2.081028
0.03131,-2.8207297
0.031312,-3.3755062
0.031314,-3.745357
0.031316,-3.9302826
0.031318,-3.9302826
0.03132,-3.6528945
0.031322,-3.236812
0.031324,-2.6358042
0.031326,-1.8498712
0.031328,-1.0177064
0.03133,-0.13931036
0.031332,0.7853174
0.031334,1.6637135
0.031336,2.4496465
0.031338,3.0968862
0.03134,3.5591989
0.031342,3.8828197
0.031344,3.9752812
0.031346,3.8365874
0.031348,3.5129685
0.03135,3.0044227
0.031352,2.3109517
0.031354,1.5250192
0.031356,0.64662313
0.031358,-0.2317729
0.03136,-1.1564007
0.031362,-1.9423337
0.031364,-2.6820357
0.031365998,-3.2830436
0.031368,-3.6991258
0.03137,-3.9302826
0.031372,-3.9302826
0.031374,-3.745357
0.031376,-3.329275
0.031378,-2.728267
0.03138,-1.9885652
0.031382,-1.202632
0.031384,-0.27800417
0.031386,0.64662313
0.031388,1.5250192
0.03139,2.3109517
0.031392,3.0044227
0.031394,3.5129685
0.031396,3.8365874
0.031398,3.9752812
0.0314,3.8828197
0.031402,3.5591989
0.031404,3.0968862
0.031406,2.4496465
0.031408,1.6637135
0.03141,0.8315482
0.031412,-0.09307861
0.031414,-1.0177064
0.031416,-1.8036394
0.031418,-2.589573
0.03142,-3.1905808
0.031422,-3.6528945
0.031424,-3.8840513
0.031426,-3.9302826
0.031427998,-3.7915885
0.03143,-3.4217377
0.031432,-2.866961
0.031434,-2.1272593
0.031436,-1.3413262
0.031438,-0.46292973
0.03144,0.50792885
0.031442,1.3863249
0.031444,2.172258
0.031446,2.8657289
0.031448,3.420505
0.03145,3.7903562
0.031452,3.92905
0.031454,3.8828197
0.031456,3.6516623
0.031458,3.1893477
0.03146,2.542109
0.031462,1.8024073
0.031464,0.970243
0.031466,0.091846466
0.031468,-0.83278084
0.03147,-1.6649456
0.031472,-2.4508786
0.031474,-3.098118
0.031476,-3.6066632
0.031478,-3.8840513
0.03148,-3.976514
0.031482,-3.8378198
0.031484,-3.467969
0.031486,-2.9594238
0.031488,-2.2659533
0.031489998,-1.48002
0.031492,-0.601624
0.031494,0.3230033
0.031496,1.2476311
0.031498,2.033564
0.0315,2.7732663
0.031502,3.3280425
0.031504,3.744125
0.031506,3.92905
0.031508,3.92905
0.03151,3.6978936
0.031512,3.2818112
0.031514,2.6808028
0.031516,1.9411016
0.031518,1.1089368
0.03152,0.23054075
0.031522,0.60039186
0.031524,1.6174817
0.031526,2.4034152
0.031528,3.0968862
0.03153,3.605431
0.031532,3.8828197
0.031534,4.0215135
0.031536,3.92905
0.031538,3.605431
0.03154,3.0968862
0.031542,2.4496465
0.031544,1.6637135
0.031546,0.7853174
0.031548,-0.13931036
0.03155,-1.0177064
0.031551998,-1.8498712
0.031554,-2.589573
0.031556,-3.236812
0.031558,-3.6528945
0.03156,-3.8840513
0.031562,-3.9302826
0.031564,-3.745357
0.031566,-3.3755062
0.031568,-2.8207297
0.03157,-2.081028
0.031572,-1.2950945
0.031574,-0.3704667
0.031576,0.5541601
0.031578,1.4325566
0.03158,2.2184901
0.031582,2.9119601
0.031584,3.4667363
0.031586,3.7903562
0.031588,3.9752812
0.03159,3.8828197
0.031592,3.605431
0.031594,3.1431174
0.031596,2.542109
0.031598,1.756176
0.0316,0.92401123
0.031602,-6.160736E-4
0.031604,-0.8790121
0.031606,-1.7111769
0.031608,-2.4971101
0.03161,-3.1443493
0.031612,-3.6066632
0.031613998,-3.8840513
0.031616,-3.9302826
0.031618,-3.7915885
0.03162,-3.467969
0.031622,-2.9131925
0.031624,-2.2197218
0.031626,-1.4337888
0.031628,-0.55539227
0.03163,0.36923456
0.031632,1.2938623
0.031634,2.0797954
0.031636,2.8194976
0.031638,3.3742738
0.03164,3.744125
0.031642,3.92905
0.031644,3.92905
0.031646,3.6978936
0.031648,3.23558
0.03165,2.6345725
0.031652,1.8948698
0.031654,1.0627055
0.031656,0.184309
0.031658,-0.7403178
0.03166,-1.5724826
0.031662,-2.3584158
0.031664,-3.0518866
0.031666,-3.5604317
0.031668,-3.8378198
0.03167,-3.976514
0.031672,-3.8378198
0.031674,-3.5142004
0.031675998,-3.0518866
0.031678,-2.3584158
0.03168,-1.5724826
0.031682,-0.694087
0.031684,0.23054075
0.031686,1.1089368
0.031688,1.9411016
0.03169,2.6808028
0.031692,3.2818112
0.031694,3.6978936
0.031696,3.92905
0.031698,3.92905
0.0317,3.744125
0.031702,3.3280425
0.031704,2.7732663
0.031706,2.033564
0.031708,1.2476311
0.03171,0.3230033
0.031712,-0.601624
0.031714,-1.48002
0.031716,-2.2659533
0.031718,-2.9594238
0.03172,-3.467969
0.031722,-3.8378198
0.031724,-3.976514
0.031726,-3.8840513
0.031728,-3.6066632
0.03173,-3.1443493
0.031732,-2.4971101
0.031734,-1.7111769
0.031736,-0.8790121
0.031737998,0.045615196
0.03174,0.970243
0.031742,1.8024073
0.031744,2.5883412
0.031746,3.1893477
0.031748,3.6516623
0.03175,3.8828197
0.031752,3.9752812
0.031754,3.7903562
0.031756,3.420505
0.031758,2.8657289
0.03176,2.172258
0.031762,1.3863249
0.031764,0.50792885
0.031766,-0.41669846
0.031768,-1.3413262
0.03177,-2.1272593
0.031772,-2.8207297
0.031774,-3.3755062
0.031776,-3.7915885
0.031778,-3.9302826
0.03178,-3.9302826
0.031782,-3.6528945
0.031784,-3.236812
0.031786,-2.589573
0.031788,-1.8498712
0.03179,-1.0177064
0.031792,-0.09307861
0.031794,0.8315482
0.031796,1.6637135
0.031798,2.4496465
0.031799998,3.0968862
0.031802,3.605431
0.031804,3.8828197
0.031806,3.9752812
0.031808,3.8365874
0.03181,3.5129685
0.031812,3.0044227
0.031814,2.3109517
0.031816,1.5250192
0.031818,0.64662313
0.03182,-0.27800417
0.031822,-1.1564007
0.031824,-1.9885652
0.031826,-2.728267
0.031828,-3.329275
0.03183,-3.6991258
0.031832,-3.9302826
0.031834,-3.9302826
0.031836,-3.745357
0.031838,-3.329275
0.03184,-2.728267
0.031842,-1.9885652
0.031844,-1.1564007
0.031846,-0.27800417
0.031848,0.64662313
0.03185,1.5250192
0.031852,2.3109517
0.031854,3.0044227
0.031856,3.5129685
0.031858,3.8365874
0.03186,3.9752812
0.031862,3.8828197
0.031864,3.5591989
0.031866,3.0968862
0.031868,2.4496465
0.03187,1.6637135
0.031872,0.7853174
0.031874,-0.09307861
0.031876,-1.0177064
0.031878,-1.8498712
0.03188,-2.589573
0.031882,-3.236812
0.031884,-3.6528945
0.031886,-3.9302826
0.031888,-3.9302826
0.03189,-3.7915885
0.031892,-3.3755062
0.031894,-2.8207297
0.031896,-2.1272593
0.031898,-1.3413262
0.0319,-0.41669846
0.031902,0.50792885
0.031904,1.3863249
0.031906,2.172258
0.031908,2.8657289
0.03191,3.420505
0.031912,3.7903562
0.031914,3.92905
0.031916,3.8828197
0.031918,3.6516623
0.03192,3.1893477
0.031922,2.542109
0.031924,1.8024073
0.031926,0.970243
0.031928,0.045615196
0.03193,-0.8790121
0.031932,-1.7111769
0.031934,-2.4508786
0.031936,-3.1443493
0.031938,-3.6066632
0.03194,-3.8840513
0.031942,-3.1443493
0.031944,0.36923456
0.031946,3.2818112
0.031948,2.9119601
0.03195,2.2184901
0.031952,1.4325566
0.031954,0.5541601
0.031956,-0.32423592
0.031958,-1.2488632
0.03196,-2.0347965
0.031962,-2.7744985
0.031964,-3.329275
0.031966,-3.745357
0.031968,-3.9302826
0.03197,-3.9302826
0.031972,-3.6991258
0.031974,-3.2830436
0.031976,-2.6820357
0.031978,-1.9423337
0.03198,-1.1101689
0.031982,-0.18554163
0.031984,0.7390857
0.031986,1.5712504
0.031988,2.357184
0.03199,3.050654
0.031992,3.5591989
0.031994,3.8365874
0.031996,3.9752812
0.031998,3.8365874
0.032,3.5591989
0.032002,3.050654
0.032004,2.357184
0.032006,1.5712504
0.032008,0.7390857
0.03201,-0.18554163
0.032012,-1.0639377
0.032014,-1.8961024
0.032016,-2.6358042
0.032018,-3.236812
0.03202,-3.6991258
0.032022,-3.9302826
0.032024,-3.9302826
0.032026,-3.745357
0.032028,-3.3755062
0.03203,-2.7744985
0.032032,-2.081028
0.032034,-1.2488632
0.032036,-0.3704667
0.032038,0.5541601
0.03204,1.4787879
0.032042,2.2647214
0.032044,2.9119601
0.032046,3.4667363
0.032048,3.8365874
0.03205,3.9752812
0.032052,3.8828197
0.032054,3.605431
0.032056,3.1431174
0.032058,2.4958777
0.03206,1.756176
0.032062,0.87777996
0.032064,-6.160736E-4
0.032066,-0.9252434
0.032068,-1.7574081
0.03207,-2.4971101
0.032072,-3.1443493
0.032074,-3.6066632
0.032076,-3.8840513
0.032078,-3.9302826
0.03208,-3.7915885
0.032082,-3.4217377
0.032084,-2.9131925
0.032086,-2.2197218
0.032088,-1.4337888
0.03209,-0.5091615
0.032092,0.4154663
0.032094,1.2938623
0.032096,2.126027
0.032098,2.8194976
0.0321,3.3742738
0.032102,3.744125
0.032104,3.92905
0.032106,3.92905
0.032108,3.6978936
0.03211,3.23558
0.032112,2.6345725
0.032114,1.8948698
0.032116,1.0627055
0.032118,0.13807821
0.03212,-0.78654957
0.032122,-1.6187139
0.032124,-2.4046474
0.032126,-3.0518866
0.032128,-3.5604317
0.03213,-3.8378198
0.032132,-3.976514
0.032134,-3.8378198
0.032136,-3.5142004
0.032138,-3.0056553
0.03214,-2.3584158
0.032142,-1.5262513
0.032144,-0.694087
0.032146,0.23054075
0.032148,1.1551685
0.03215,1.9873328
0.032152,2.727035
0.032154,3.2818112
0.032156,3.6978936
0.032158,3.92905
0.03216,3.92905
0.032162,3.744125
0.032164,3.3280425
0.032166,2.727035
0.032168,2.033564
0.03217,1.2013993
0.032172,0.3230033
0.032174,-0.601624
0.032176,-1.48002
0.032178,-2.2659533
0.03218,-2.9594238
0.032182,-3.467969
0.032184,-3.8378198
0.032186,-3.9302826
0.032188,-3.8840513
0.03219,-3.6066632
0.032192,-3.098118
0.032194,-2.4508786
0.032196,-1.6649456
0.032198,-0.83278084
0.0322,0.091846466
0.032202,1.0164738
0.032204,1.8486385
0.032206,2.5883412
0.032208,3.23558
0.03221,3.6516623
0.032212,3.92905
0.032214,3.92905
0.032216,3.7903562
0.032217998,3.420505
0.03222,2.8657289
0.032222,2.172258
0.032224,1.3400936
0.032226,0.46169758
0.032228,-0.46292973
0.03223,-1.3413262
0.032232,-2.1272593
0.032234,-2.866961
0.032236,-3.4217377
0.032238,-3.7915885
0.03224,-3.9302826
0.032242,-3.8840513
0.032244,-3.6528945
0.032246,-3.1905808
0.032248,-2.589573
0.03225,-1.8498712
0.032252,-0.9714751
0.032254,-0.09307861
0.032256,0.8315482
0.032258,1.7099442
0.03226,2.4496465
0.032262,3.0968862
0.032264,3.605431
0.032266,3.8828197
0.032268,3.9752812
0.03227,3.8365874
0.032272,3.4667363
0.032274,2.9581914
0.032276,2.2647214
0.032278,1.4787879
0.032279998,0.64662313
0.032282,-0.27800417
0.032284,-1.202632
0.032286,-1.9885652
0.032288,-2.728267
0.03229,-3.329275
0.032292,-3.745357
0.032294,-3.9302826
0.032296,-3.9302826
0.032298,-3.6991258
0.0323,-3.2830436
0.032302,-2.728267
0.032304,-1.9885652
0.032306,-1.1564007
0.032308,-0.2317729
0.03231,0.6928544
0.032312,1.5250192
0.032314,2.357184
0.032316,3.0044227
0.032318,3.5129685
0.03232,3.8365874
0.032322,3.9752812
0.032324,3.8828197
0.032326,3.5591989
0.032328,3.050654
0.03233,2.4034152
0.032332,1.6174817
0.032334,0.7853174
0.032336,-0.13931036
0.032338,-1.0177064
0.03234,-1.8498712
0.032341998,-2.589573
0.032344,-3.236812
0.032346,-3.6528945
0.032348,-3.9302826
0.03235,-3.9302826
0.032352,-3.745357
0.032354,-3.3755062
0.032356,-2.8207297
0.032358,-2.1272593
0.03236,-1.2950945
0.032362,-0.13931036
0.032364,-0.601624
0.032366,-1.48002
0.032368,-2.2659533
0.03237,-2.9594238
0.032372,-3.5142004
0.032374,-3.8378198
0.032376,-4.022745
0.032378,-3.9302826
0.03238,-3.6991258
0.032382,-3.236812
0.032384,-2.589573
0.032386,-1.8036394
0.032388,-0.9714751
0.03239,-0.046847343
0.032392,0.87777996
0.032394,1.7099442
0.032396,2.4958777
0.032398,3.1431174
0.0324,3.605431
0.032402,3.8828197
0.032403998,3.92905
0.032406,3.7903562
0.032408,3.4667363
0.03241,2.9119601
0.032412,2.2184901
0.032414,1.4325566
0.032416,0.5541601
0.032418,-0.3704667
0.03242,-1.2488632
0.032422,-2.081028
0.032424,-2.7744985
0.032426,-3.3755062
0.032428,-3.745357
0.03243,-3.9302826
0.032432,-3.9302826
0.032434,-3.6991258
0.032436,-3.2830436
0.032438,-2.6820357
0.03244,-1.9423337
0.032442,-1.1101689
0.032444,-0.18554163
0.032446,0.7390857
0.032448,1.5712504
0.03245,2.4034152
0.032452,3.050654
0.032454,3.5591989
0.032456,3.8365874
0.032458,3.9752812
0.03246,3.8365874
0.032462,3.5129685
0.032464,3.050654
0.032465998,2.357184
0.032468,1.5712504
0.03247,0.7390857
0.032472,-0.18554163
0.032474,-1.1101689
0.032476,-1.8961024
0.032478,-2.6358042
0.03248,-3.2830436
0.032482,-3.6991258
0.032484,-3.9302826
0.032486,-3.9302826
0.032488,-3.745357
0.03249,-3.3755062
0.032492,-2.7744985
0.032494,-2.081028
0.032496,-1.2488632
0.032498,-0.32423592
0.0325,0.60039186
0.032502,1.4787879
0.032504,2.2647214
0.032506,2.9581914
0.032508,3.4667363
0.03251,3.8365874
0.032512,3.9752812
0.032514,3.8828197
0.032516,3.605431
0.032518,3.1431174
0.03252,2.4958777
0.032522,1.7099442
0.032524,0.87777996
0.032526,-0.046847343
0.032527998,-0.9252434
0.03253,-1.7574081
0.032532,-2.5433414
0.032534,-3.1905808
0.032536,-3.6528945
0.032538,-3.8840513
0.03254,-3.9302826
0.032542,-3.7915885
0.032544,-3.4217377
0.032546,-2.9131925
0.032548,-2.1734905
0.03255,-1.387557
0.032552,-0.5091615
0.032554,0.4154663
0.032556,1.3400936
0.032558,2.126027
0.03256,2.8194976
0.032562,3.3742738
0.032564,3.7903562
0.032566,3.92905
0.032568,3.92905
0.03257,3.6516623
0.032572,3.23558
0.032574,2.6345725
0.032576,1.8486385
0.032578,1.0164738
0.03258,0.13807821
0.032582,-0.78654957
0.032584,-1.6187139
0.032586,-2.4046474
0.032588,-3.0518866
0.032589998,-3.5604317
0.032592,-3.8840513
0.032594,-3.976514
0.032596,-3.8378198
0.032598,-3.5142004
0.0326,-3.0056553
0.032602,-2.3121846
0.032604,-1.5262513
0.032606,-0.6478553
0.032608,0.27677202
0.03261,1.1551685
0.032612,1.9873328
0.032614,2.727035
0.032616,3.3280425
0.032618,3.6978936
0.03262,3.92905
0.032622,3.92905
0.032624,3.744125
0.032626,3.3280425
0.032628,2.727035
0.03263,1.9873328
0.032632,1.2013993
0.032634,0.27677202
0.032636,-0.6478553
0.032638,-1.48002
0.03264,-2.2659533
0.032642,-2.9594238
0.032644,-3.5142004
0.032646,-3.8378198
0.032648,-3.976514
0.03265,-3.8840513
0.032651998,-3.5604317
0.032654,-3.098118
0.032656,-2.4508786
0.032658,-1.6649456
0.03266,-0.83278084
0.032662,0.091846466
0.032664,1.0164738
0.032666,1.8486385
0.032668,2.5883412
0.03267,3.23558
0.032672,3.6516623
0.032674,3.92905
0.032676,3.92905
0.032678,3.7903562
0.03268,3.420505
0.032682,2.8657289
0.032684,2.126027
0.032686,1.3400936
0.032688,0.46169758
0.03269,-0.46292973
0.032692,-1.3413262
0.032694,-2.1272593
0.032696,-2.866961
0.032698,-3.4217377
0.0327,-3.7915885
0.032702,-3.9302826
0.032704,-3.8840513
0.032706,-3.6528945
0.032708,-3.1905808
0.03271,-2.589573
0.032712,-1.8036394
0.032713998,-0.9714751
0.032716,-0.046847343
0.032718,0.87777996
0.03272,1.7099442
0.032722,2.4958777
0.032724,3.1431174
0.032726,3.605431
0.032728,3.8828197
0.03273,3.9752812
0.032732,3.8365874
0.032734,3.4667363
0.032736,2.9581914
0.032738,2.2647214
0.03274,1.4787879
0.032742,0.60039186
0.032744,-0.32423592
0.032746,-1.202632
0.032748,-2.0347965
0.03275,-2.728267
0.032752,-3.329275
0.032754,-3.745357
0.032756,-3.9302826
0.032758,-3.9302826
0.03276,-3.6991258
0.032762,-3.2830436
0.032764,-2.6820357
0.032766,-1.9423337
0.032768,-1.1101689
0.03277,-0.2317729
0.032772,0.6928544
0.032774,1.5712504
0.032775998,2.357184
0.032778,3.0044227
0.03278,3.5129685
0.032782,3.3280425
0.032784,-0.046847343
0.032786,-3.236812
0.032788,-3.5604317
0.03279,-3.0518866
0.032792,-2.4046474
0.032794,-1.6187139
0.032796,-0.7403178
0.032798,0.184309
0.0328,1.0627055
0.032802,1.8948698
0.032804,2.6345725
0.032806,3.23558
0.032808,3.6978936
0.03281,3.92905
0.032812,3.92905
0.032814,3.744125
0.032816,3.3742738
0.032818,2.7732663
0.03282,2.0797954
0.032822,1.2938623
0.032824,0.36923456
0.032826,-0.55539227
0.032828,-1.4337888
0.03283,-2.2197218
0.032832,-2.9131925
0.032834,-3.467969
0.032836,-3.7915885
0.032837998,-3.976514
0.03284,-3.8840513
0.032842,-3.6066632
0.032844,-3.1443493
0.032846,-2.5433414
0.032848,-1.7574081
0.03285,-0.9252434
0.032852,-6.160736E-4
0.032854,0.92401123
0.032856,1.756176
0.032858,2.542109
0.03286,3.1431174
0.032862,3.605431
0.032864,3.8828197
0.032866,3.92905
0.032868,3.7903562
0.03287,3.4667363
0.032872,2.9119601
0.032874,2.2184901
0.032876,1.4325566
0.032878,0.5541601
0.03288,-0.3704667
0.032882,-1.2950945
0.032884,-2.081028
0.032886,-2.7744985
0.032888,-3.3755062
0.03289,-3.745357
0.032892,-3.9302826
0.032894,-3.9302826
0.032896,-3.6991258
0.032898,-3.236812
0.032899998,-2.6358042
0.032902,-1.8961024
0.032904,-1.0639377
0.032906,-0.13931036
0.032908,0.7853174
0.03291,1.6174817
0.032912,2.4034152
0.032914,3.050654
0.032916,3.5591989
0.032918,3.8365874
0.03292,3.9752812
0.032922,3.8365874
0.032924,3.5129685
0.032926,3.0044227
0.032928,2.357184
0.03293,1.5712504
0.032932,0.6928544
0.032934,-0.2317729
0.032936,-1.1101689
0.032938,-1.9423337
0.03294,-2.6820357
0.032942,-3.2830436
0.032944,-3.6991258
0.032946,-3.9302826
0.032948,-3.9302826
0.03295,-3.745357
0.032952,-3.329275
0.032954,-2.7744985
0.032956,-2.0347965
0.032958,-1.202632
0.03296,-0.32423592
0.032961998,0.60039186
0.032964,1.4787879
0.032966,2.2647214
0.032968,2.9581914
0.03297,3.4667363
0.032972,3.8365874
0.032974,3.9752812
0.032976,3.8828197
0.032978,3.605431
0.03298,3.0968862
0.032982,2.4496465
0.032984,1.7099442
0.032986,0.8315482
0.032988,-0.046847343
0.03299,-0.9714751
0.032992,-1.8036394
0.032994,-2.5433414
0.032996,-3.1905808
0.032998,-3.6528945
0.033,-3.8840513
0.033002,-3.9302826
0.033004,-3.7915885
0.033006,-3.4217377
0.033008,-2.866961
0.03301,-2.1734905
0.033012,-1.387557
0.033014,-0.46292973
0.033016,0.46169758
0.033018,1.3400936
0.03302,2.126027
0.033022,2.8657289
0.033024,3.420505
0.033026,3.7903562
0.033028,3.92905
0.03303,3.92905
0.033032,3.6516623
0.033034,3.23558
0.033036,2.5883412
0.033038,1.8486385
0.03304,1.0164738
0.033042,0.091846466
0.033044,-0.83278084
0.033046,-1.6649456
0.033048,-2.4508786
0.03305,-3.098118
0.033052,-3.5604317
0.033054,-3.8840513
0.033056,-3.976514
0.033058,-3.8378198
0.03306,-3.5142004
0.033062,-3.0056553
0.033064,-2.3121846
0.033066,-1.48002
0.033068,-0.6478553
0.03307,0.27677202
0.033072,1.2013993
0.033074,1.9873328
0.033076,2.727035
0.033078,3.3280425
0.03308,3.744125
0.033082,3.92905
0.033084,3.92905
0.033086,3.6978936
0.033088,3.2818112
0.03309,2.727035
0.033092,1.9873328
0.033094,1.1551685
0.033096,0.27677202
0.033098,-0.6478553
0.0331,-1.5262513
0.033102,-2.3121846
0.033104,-3.0056553
0.033106,-3.5142004
0.033108,-3.8378198
0.03311,-3.976514
0.033112,-3.8840513
0.033114,-3.5604317
0.033116,-3.098118
0.033118,-2.4508786
0.03312,-1.6649456
0.033122,-0.78654957
0.033124,0.13807821
0.033126,1.0164738
0.033128,1.8486385
0.03313,2.6345725
0.033132,3.23558
0.033134,3.6516623
0.033136,3.92905
0.033138,3.92905
0.03314,3.7903562
0.033142,3.3742738
0.033144,2.8194976
0.033146,2.126027
0.033148,1.2938623
0.03315,0.4154663
0.033152,-0.5091615
0.033154,-1.387557
0.033156,-2.1734905
0.033158,-2.866961
0.03316,-3.4217377
0.033162,-3.7915885
0.033164,-3.9302826
0.033166,-3.8840513
0.033168,-3.6528945
0.03317,-3.1905808
0.033172,-2.5433414
0.033174,-1.8036394
0.033176,-0.9252434
0.033178,-0.046847343
0.03318,0.87777996
0.033182,1.7099442
0.033184,2.4958777
0.033186,3.1431174
0.033188,3.605431
0.03319,3.8828197
0.033192,3.9752812
0.033194,3.8365874
0.033196,3.4667363
0.033198,2.9119601
0.0332,2.2647214
0.033202,1.2476311
0.033204,-0.41669846
0.033206,0.4154663
0.033208,1.3400936
0.03321,2.126027
0.033212,2.8657289
0.033214,3.420505
0.033216,3.7903562
0.033218,3.9752812
0.03322,3.9752812
0.033222,3.744125
0.033224,3.3280425
0.033226,2.727035
0.033228,1.9873328
0.03323,1.1551685
0.033232,0.23054075
0.033234,-0.694087
0.033236,-1.5262513
0.033238,-2.3121846
0.03324,-3.0056553
0.033242,-3.5142004
0.033244,-3.8378198
0.033246,-3.9302826
0.033248,-3.8378198
0.03325,-3.5142004
0.033252,-3.0518866
0.033254,-2.3584158
0.033256,-1.5724826
0.033258,-0.7403178
0.03326,0.184309
0.033262,1.1089368
0.033264,1.9411016
0.033266,2.6808028
0.033268,3.2818112
0.03327,3.6978936
0.033272,3.92905
0.033274,3.92905
0.033276,3.744125
0.033278,3.3742738
0.03328,2.7732663
0.033282,2.0797954
0.033284,1.2476311
0.033286,0.36923456
0.033288,-0.55539227
0.03329,-1.4337888
0.033292,-2.2197218
0.033294,-2.9131925
0.033296,-3.467969
0.033298,-3.7915885
0.0333,-3.9302826
0.033302,-3.8840513
0.033304,-3.6066632
0.033306,-3.1443493
0.033308,-2.4971101
0.03331,-1.7574081
0.033312,-0.8790121
0.033314,0.045615196
0.033316,0.92401123
0.033318,1.756176
0.03332,2.542109
0.033322,3.1893477
0.033324,3.6516623
0.033326,3.8828197
0.033328,3.9752812
0.03333,3.7903562
0.033332,3.420505
0.033334,2.9119601
0.033336,2.2184901
0.033338,1.4325566
0.03334,0.50792885
0.033342,-0.41669846
0.033344,-1.2950945
0.033346,-2.081028
0.033348,-2.8207297
0.03335,-3.3755062
0.033352,-3.745357
0.033354,-3.9302826
0.033356,-3.9302826
0.033358,-3.6991258
0.03336,-3.236812
0.033362,-2.6358042
0.033364,-1.8961024
0.033366,-1.0639377
0.033368,-0.13931036
0.03337,0.7853174
0.033372,1.6174817
0.033374,2.4034152
0.033376,3.0968862
0.033378,3.5591989
0.033379998,3.8828197
0.033382,3.9752812
0.033384,3.8365874
0.033386,3.5129685
0.033388,3.0044227
0.03339,2.3109517
0.033392,1.5250192
0.033394,0.6928544
0.033396,-0.2317729
0.033398,-1.1564007
0.0334,-1.9423337
0.033402,-2.6820357
0.033404,-3.2830436
0.033406,-3.6991258
0.033408,-3.9302826
0.03341,-3.9302826
0.033412,-3.745357
0.033414,-3.329275
0.033416,-2.7744985
0.033418,-2.0347965
0.03342,-1.202632
0.033422,-0.27800417
0.033424,0.64662313
0.033426,1.4787879
0.033428,2.3109517
0.03343,2.9581914
0.033432,3.5129685
0.033434,3.8365874
0.033436,3.9752812
0.033438,3.8828197
0.03344,3.605431
0.033441998,3.0968862
0.033444,2.4496465
0.033446,1.6637135
0.033448,0.8315482
0.03345,-0.09307861
0.033452,-0.9714751
0.033454,-1.8036394
0.033456,-2.589573
0.033458,-3.1905808
0.03346,-3.6528945
0.033462,-3.8840513
0.033464,-3.9302826
0.033466,-3.7915885
0.033468,-3.4217377
0.03347,-2.866961
0.033472,-2.1734905
0.033474,-1.3413262
0.033476,-0.46292973
0.033478,0.46169758
0.03348,1.3400936
0.033482,2.172258
0.033484,2.8657289
0.033486,3.420505
0.033488,3.7903562
0.03349,3.92905
0.033492,3.8828197
0.033494,3.6516623
0.033496,3.1893477
0.033498,2.5883412
0.0335,1.8024073
0.033502,1.0164738
0.033503998,0.091846466
0.033506,-0.83278084
0.033508,-1.6649456
0.03351,-2.4508786
0.033512,-3.098118
0.033514,-3.6066632
0.033516,-3.8840513
0.033518,-3.976514
0.03352,-3.8378198
0.033522,-3.5142004
0.033524,-2.9594238
0.033526,-2.3121846
0.033528,-1.48002
0.03353,-0.601624
0.033532,0.3230033
0.033534,1.2013993
0.033536,2.033564
0.033538,2.7732663
0.03354,3.3280425
0.033542,3.744125
0.033544,3.92905
0.033546,3.92905
0.033548,3.6978936
0.03355,3.2818112
0.033552,2.6808028
0.033554,1.9873328
0.033556,1.1551685
0.033558,0.23054075
0.03356,-0.694087
0.033562,-1.5262513
0.033564,-2.3121846
0.033565998,-3.0056553
0.033568,-3.5142004
0.03357,-3.8378198
0.033572,-3.976514
0.033574,-3.8840513
0.033576,-3.5604317
0.033578,-3.098118
0.03358,-2.4046474
0.033582,-1.6187139
0.033584,-0.78654957
0.033586,0.13807821
0.033588,1.0627055
0.03359,1.8948698
0.033592,2.6345725
0.033594,3.23558
0.033596,3.6978936
0.033598,3.92905
0.0336,3.92905
0.033602,3.744125
0.033604,3.3742738
0.033606,2.8194976
0.033608,2.0797954
0.03361,1.2938623
0.033612,0.4154663
0.033614,-0.5091615
0.033616,-1.387557
0.033618,-2.1734905
0.03362,-2.866961
0.033622,-3.5604317
0.033624,-0.41669846
0.033626,3.2818112
0.033627998,3.92905
0.03363,3.6516623
0.033632,3.1893477
0.033634,2.542109
0.033636,1.8024073
0.033638,0.92401123
0.03364,0.045615196
0.033642,-0.8790121
0.033644,-1.7111769
0.033646,-2.4971101
0.033648,-3.1443493
0.03365,-3.6066632
0.033652,-3.8840513
0.033654,-3.9302826
0.033656,-3.7915885
0.033658,-3.467969
0.03366,-2.9131925
0.033662,-2.2197218
0.033664,-1.4337888
0.033666,-0.55539227
0.033668,0.36923456
0.03367,1.2938623
0.033672,2.0797954
0.033674,2.8194976
0.033676,3.3742738
0.033678,3.744125
0.03368,3.92905
0.033682,3.92905
0.033684,3.6978936
0.033686,3.2818112
0.033688,2.6808028
0.033689998,1.8948698
0.033692,1.1089368
0.033694,0.184309
0.033696,-0.7403178
0.033698,-1.5724826
0.0337,-2.3584158
0.033702,-3.0518866
0.033704,-3.5604317
0.033706,-3.8378198
0.033708,-3.976514
0.03371,-3.8378198
0.033712,-3.5142004
0.033714,-3.0518866
0.033716,-2.3584158
0.033718,-1.5724826
0.03372,-0.694087
0.033722,0.23054075
0.033724,1.1089368
0.033726,1.9411016
0.033728,2.6808028
0.03373,3.2818112
0.033732,3.6978936
0.033734,3.92905
0.033736,3.92905
0.033738,3.744125
0.03374,3.3280425
0.033742,2.7732663
0.033744,2.033564
0.033746,1.2476311
0.033748,0.3230033
0.03375,-0.55539227
0.033751998,-1.48002
0.033754,-2.2197218
0.033756,-2.9131925
0.033758,-3.467969
0.03376,-3.7915885
0.033762,-3.976514
0.033764,-3.8840513
0.033766,-3.6066632
0.033768,-3.1443493
0.03377,-2.4971101
0.033772,-1.7111769
0.033774,-0.8790121
0.033776,0.045615196
0.033778,0.970243
0.03378,1.8024073
0.033782,2.542109
0.033784,3.1893477
0.033786,3.6516623
0.033788,3.8828197
0.03379,3.9752812
0.033792,3.7903562
0.033794,3.420505
0.033796,2.8657289
0.033798,2.172258
0.0338,1.3863249
0.033802,0.50792885
0.033804,-0.41669846
0.033806,-1.2950945
0.033808,-2.1272593
0.03381,-2.8207297
0.033812,-3.3755062
0.033813998,-3.745357
0.033816,-3.9302826
0.033818,-3.9302826
0.03382,-3.6528945
0.033822,-3.236812
0.033824,-2.6358042
0.033826,-1.8498712
0.033828,-1.0177064
0.03383,-0.09307861
0.033832,0.7853174
0.033834,1.6637135
0.033836,2.4496465
0.033838,3.0968862
0.03384,3.5591989
0.033842,3.8828197
0.033844,3.9752812
0.033846,3.8365874
0.033848,3.5129685
0.03385,3.0044227
0.033852,2.3109517
0.033854,1.5250192
0.033856,0.64662313
0.033858,-0.27800417
0.03386,-1.1564007
0.033862,-1.9885652
0.033864,-2.6820357
0.033866,-3.2830436
0.033868,-3.6991258
0.03387,-3.9302826
0.033872,-3.9302826
0.033874,-3.745357
0.033875998,-3.329275
0.033878,-2.728267
0.03388,-1.9885652
0.033882,-1.1564007
0.033884,-0.27800417
0.033886,0.64662313
0.033888,1.5250192
0.03389,2.3109517
0.033892,3.0044227
0.033894,3.5129685
0.033896,3.8365874
0.033898,3.9752812
0.0339,3.8828197
0.033902,3.5591989
0.033904,3.0968862
0.033906,2.4496465
0.033908,1.6637135
0.03391,0.8315482
0.033912,-0.09307861
0.033914,-1.0177064
0.033916,-1.8498712
0.033918,-2.589573
0.03392,-3.1905808
0.033922,-3.6528945
0.033924,-3.8840513
0.033926,-3.9302826
0.033928,-3.7915885
0.03393,-3.4217377
0.033932,-2.866961
0.033934,-2.1272593
0.033936,-1.3413262
0.033937998,-0.41669846
0.03394,0.50792885
0.033942,1.3863249
0.033944,2.172258
0.033946,2.8657289
0.033948,3.420505
0.03395,3.7903562
0.033952,3.92905
0.033954,3.8828197
0.033956,3.6516623
0.033958,3.1893477
0.03396,2.542109
0.033962,1.8024073
0.033964,0.970243
0.033966,0.045615196
0.033968,-0.83278084
0.03397,-1.7111769
0.033972,-2.4508786
0.033974,-3.098118
0.033976,-3.6066632
0.033978,-3.8840513
0.03398,-3.976514
0.033982,-3.8378198
0.033984,-3.467969
0.033986,-2.9594238
0.033988,-2.2659533
0.03399,-1.48002
0.033992,-0.601624
0.033994,0.3230033
0.033996,1.2476311
0.033998,2.033564
0.033999998,2.7732663
0.034002,3.3280425
0.034004,3.744125
0.034006,3.92905
0.034008,3.92905
0.03401,3.6978936
0.034012,3.2818112
0.034014,2.6808028
0.034016,1.9411016
0.034018,1.1089368
0.03402,0.23054075
0.034022,-0.694087
0.034024,-1.5262513
0.034026,-2.3584158
0.034028,-3.0056553
0.03403,-3.5142004
0.034032,-3.8378198
0.034034,-3.976514
0.034036,-3.8378198
0.034038,-3.5604317
0.03404,-3.0518866
0.034042,-2.4046474
0.034044,0.60039186
0.034046,0.64662313
0.034048,-0.2317729
0.03405,-1.1101689
0.034052,-1.9423337
0.034054,-2.6820357
0.034056,-3.2830436
0.034058,-3.745357
0.03406,-3.976514
0.034061998,-3.976514
0.034064,-3.7915885
0.034066,-3.4217377
0.034068,-2.8207297
0.03407,-2.1272593
0.034072,-1.2950945
0.034074,-0.41669846
0.034076,0.50792885
0.034078,1.4325566
0.03408,2.2184901
0.034082,2.9119601
0.034084,3.420505
0.034086,3.7903562
0.034088,3.92905
0.03409,3.8828197
0.034092,3.605431
0.034094,3.1431174
0.034096,2.4958777
0.034098,1.756176
0.0341,0.92401123
0.034102,-6.160736E-4
0.034104,-0.9252434
0.034106,-1.7574081
0.034108,-2.4971101
0.03411,-3.1443493
0.034112,-3.6066632
0.034114,-3.8840513
0.034116,-3.976514
0.034118,-3.7915885
0.03412,-3.467969
0.034122,-2.9131925
0.034123998,-2.2197218
0.034126,-1.4337888
0.034128,-0.55539227
0.03413,0.36923456
0.034132,1.2938623
0.034134,2.0797954
0.034136,2.8194976
0.034138,3.3742738
0.03414,3.744125
0.034142,3.92905
0.034144,3.92905
0.034146,3.6978936
0.034148,3.23558
0.03415,2.6345725
0.034152,1.8948698
0.034154,1.0627055
0.034156,0.184309
0.034158,-0.7403178
0.03416,-1.5724826
0.034162,-2.3584158
0.034164,-3.0518866
0.034166,-3.5604317
0.034168,-3.8378198
0.03417,-3.976514
0.034172,-3.8378198
0.034174,-3.5142004
0.034176,-3.0056553
0.034178,-2.3584158
0.03418,-1.5724826
0.034182,-0.694087
0.034184,0.23054075
0.034186,1.1551685
0.034188,1.9411016
0.03419,2.6808028
0.034192,3.2818112
0.034194,3.6978936
0.034196,3.92905
0.034198,3.92905
0.0342,3.744125
0.034202,3.3280425
0.034204,2.7732663
0.034206,2.033564
0.034208,1.2013993
0.03421,0.3230033
0.034212,-0.601624
0.034214,-1.48002
0.034216,-2.2659533
0.034218,-2.9594238
0.03422,-3.467969
0.034222,-3.8378198
0.034224,-3.976514
0.034226,-3.8840513
0.034228,-3.6066632
0.03423,-3.1443493
0.034232,-2.4971101
0.034234,-1.7111769
0.034236,-0.83278084
0.034238,0.045615196
0.03424,0.970243
0.034242,1.8024073
0.034244,2.5883412
0.034246,3.1893477
0.034248,3.6516623
0.03425,3.8828197
0.034252,3.9752812
0.034254,3.7903562
0.034256,3.420505
0.034258,2.8657289
0.03426,2.172258
0.034262,1.3863249
0.034264,0.50792885
0.034266,-0.41669846
0.034268,-1.3413262
0.03427,-2.1272593
0.034272,-2.8207297
0.034274,-3.3755062
0.034276,-3.7915885
0.034278,-3.9302826
0.03428,-3.9302826
0.034282,-3.6528945
0.034284,-3.236812
0.034286,-2.589573
0.034288,-1.8498712
0.03429,-1.0177064
0.034292,-0.09307861
0.034294,0.8315482
0.034296,1.6637135
0.034298,2.4496465
0.0343,3.0968862
0.034302,3.605431
0.034304,3.8828197
0.034306,3.9752812
0.034308,3.8365874
0.03431,3.5129685
0.034312,2.9581914
0.034314,2.3109517
0.034316,1.4787879
0.034318,0.64662313
0.03432,-0.27800417
0.034322,-1.1564007
0.034324,-1.9885652
0.034326,-2.728267
0.034328,-3.329275
0.03433,-3.6991258
0.034332,-3.9302826
0.034334,-3.9302826
0.034336,-3.6991258
0.034338,-3.329275
0.03434,-2.728267
0.034342,-1.9885652
0.034344,-1.1564007
0.034346,-0.27800417
0.034348,0.64662313
0.03435,1.5250192
0.034352,2.3109517
0.034354,3.0044227
0.034356,3.5129685
0.034358,3.8365874
0.03436,3.9752812
0.034362,3.8828197
0.034364,3.5591989
0.034366,3.0968862
0.034368,2.4496465
0.03437,1.6637135
0.034372,0.7853174
0.034374,-0.13931036
0.034376,-1.0177064
0.034378,-1.8498712
0.03438,-2.589573
0.034382,-3.236812
0.034384,-3.6528945
0.034386,-3.9302826
0.034388,-3.9302826
0.03439,-3.7915885
0.034392,-3.3755062
0.034394,-2.8207297
0.034396,-2.1272593
0.034398,-1.2950945
0.0344,-0.41669846
0.034402,0.50792885
0.034404,1.3863249
0.034406,2.2184901
0.034408,2.9119601
0.03441,3.420505
0.034412,3.7903562
0.034414,3.9752812
0.034416,3.8828197
0.034418,3.6516623
0.03442,3.1893477
0.034422,2.542109
0.034424,1.8024073
0.034426,0.970243
0.034428,0.045615196
0.03443,-0.8790121
0.034432,-1.7111769
0.034434,-2.4971101
0.034436,-3.1443493
0.034438,-3.6066632
0.03444,-3.8840513
0.034442,-3.976514
0.034444,-3.8378198
0.034446,-3.467969
0.034448,-2.9594238
0.03445,-2.2659533
0.034452,-1.48002
0.034454,-0.55539227
0.034456,0.36923456
0.034458,1.2476311
0.03446,2.0797954
0.034462,2.7732663
0.034464,0.4154663
0.034466,-2.866961
0.034468,-3.976514
0.03447,-3.976514
0.034472,-3.745357
0.034474,-3.2830436
0.034476,-2.728267
0.034478,-1.9423337
0.034479998,-1.1101689
0.034482,-0.2317729
0.034484,0.6928544
0.034486,1.5712504
0.034488,2.357184
0.03449,3.0044227
0.034492,3.5129685
0.034494,3.8365874
0.034496,3.92905
0.034498,3.8365874
0.0345,3.5129685
0.034502,3.0044227
0.034504,2.357184
0.034506,1.5712504
0.034508,0.7390857
0.03451,-0.18554163
0.034512,-1.1101689
0.034514,-1.8961024
0.034516,-2.6358042
0.034518,-3.2830436
0.03452,-3.6991258
0.034522,-3.9302826
0.034524,-3.9302826
0.034526,-3.745357
0.034528,-3.3755062
0.03453,-2.8207297
0.034532,-2.081028
0.034534,-1.2488632
0.034536,-0.3704667
0.034538,0.5541601
0.03454,1.4787879
0.034541998,2.2647214
0.034544,2.9119601
0.034546,3.4667363
0.034548,3.7903562
0.03455,3.9752812
0.034552,3.8828197
0.034554,3.605431
0.034556,3.1431174
0.034558,2.4958777
0.03456,1.7099442
0.034562,0.87777996
0.034564,-0.046847343
0.034566,-0.9252434
0.034568,-1.7574081
0.03457,-2.5433414
0.034572,-3.1443493
0.034574,-3.6528945
0.034576,-3.8840513
0.034578,-3.9302826
0.03458,-3.7915885
0.034582,-3.4217377
0.034584,-2.9131925
0.034586,-2.2197218
0.034588,-1.387557
0.03459,-0.5091615
0.034592,0.4154663
0.034594,1.2938623
0.034596,2.126027
0.034598,2.8194976
0.0346,3.3742738
0.034602,3.7903562
0.034603998,3.92905
0.034606,3.92905
0.034608,3.6516623
0.03461,3.23558
0.034612,2.6345725
0.034614,1.8486385
0.034616,1.0627055
0.034618,0.13807821
0.03462,-0.78654957
0.034622,-1.6187139
0.034624,-2.4046474
0.034626,-3.0518866
0.034628,-3.5604317
0.03463,-3.8840513
0.034632,-3.976514
0.034634,-3.8378198
0.034636,-3.5142004
0.034638,-3.0056553
0.03464,-2.3584158
0.034642,-1.5262513
0.034644,-0.6478553
0.034646,0.23054075
0.034648,1.1551685
0.03465,1.9873328
0.034652,2.727035
0.034654,3.2818112
0.034656,3.6978936
0.034658,3.92905
0.03466,3.92905
0.034662,3.744125
0.034664,3.3280425
0.034665998,2.727035
0.034668,1.9873328
0.03467,1.2013993
0.034672,0.27677202
0.034674,-0.601624
0.034676,-1.48002
0.034678,-2.2659533
0.03468,-2.9594238
0.034682,-3.467969
0.034684,-3.8378198
0.034686,-3.976514
0.034688,-3.8840513
0.03469,-3.6066632
0.034692,-3.098118
0.034694,-2.4508786
0.034696,-1.6649456
0.034698,-0.83278084
0.0347,0.091846466
0.034702,1.0164738
0.034704,1.8486385
0.034706,2.5883412
0.034708,3.23558
0.03471,3.6516623
0.034712,3.92905
0.034714,3.92905
0.034716,3.7903562
0.034718,3.420505
0.03472,2.8657289
0.034722,2.126027
0.034724,1.3400936
0.034726,0.46169758
0.034727998,-0.46292973
0.03473,-1.3413262
0.034732,-2.1272593
0.034734,-2.866961
0.034736,-3.4217377
0.034738,-3.7915885
0.03474,-3.9302826
0.034742,-3.8840513
0.034744,-3.6528945
0.034746,-3.1905808
0.034748,-2.589573
0.03475,-1.8036394
0.034752,-0.9714751
0.034754,-0.09307861
0.034756,0.8315482
0.034758,1.7099442
0.03476,2.4496465
0.034762,3.0968862
0.034764,3.605431
0.034766,3.8828197
0.034768,3.9752812
0.03477,3.8365874
0.034772,3.4667363
0.034774,2.9581914
0.034776,2.2647214
0.034778,1.4787879
0.03478,0.60039186
0.034782,-0.32423592
0.034784,-1.202632
0.034786,-1.9885652
0.034788,-2.728267
0.034789998,-3.329275
0.034792,-3.745357
0.034794,-3.9302826
0.034796,-3.9302826
0.034798,-3.6991258
0.0348,-3.2830436
0.034802,-2.728267
0.034804,-1.9885652
0.034806,-1.1564007
0.034808,-0.2317729
0.03481,0.6928544
0.034812,1.5250192
0.034814,2.357184
0.034816,3.0044227
0.034818,3.5129685
0.03482,3.8365874
0.034822,3.9752812
0.034824,3.8828197
0.034826,3.5591989
0.034828,3.050654
0.03483,2.4034152
0.034832,1.6174817
0.034834,0.7853174
0.034836,-0.13931036
0.034838,-1.0639377
0.03484,-1.8498712
0.034842,-2.6358042
0.034844,-3.236812
0.034846,-3.6528945
0.034848,-3.9302826
0.03485,-3.9302826
0.034851998,-3.745357
0.034854,-3.3755062
0.034856,-2.8207297
0.034858,-2.1272593
0.03486,-1.2950945
0.034862,-0.3704667
0.034864,0.5541601
0.034866,1.4325566
0.034868,2.2184901
0.03487,2.9119601
0.034872,3.4667363
0.034874,3.7903562
0.034876,3.9752812
0.034878,3.8828197
0.03488,3.605431
0.034882,3.1431174
0.034884,0.7390857
0.034886,-1.5262513
0.034888,-0.8790121
0.03489,0.045615196
0.034892,0.970243
0.034894,1.8024073
0.034896,2.542109
0.034898,3.1893477
0.0349,3.6516623
0.034902,3.92905
0.034904,3.9752812
0.034906,3.8365874
0.034908,3.4667363
0.03491,2.9581914
0.034912,2.2647214
0.034913998,1.4787879
0.034916,0.60039186
0.034918,-0.32423592
0.03492,-1.2488632
0.034922,-2.0347965
0.034924,-2.7744985
0.034926,-3.329275
0.034928,-3.745357
0.03493,-3.9302826
0.034932,-3.9302826
0.034934,-3.6991258
0.034936,-3.236812
0.034938,-2.6820357
0.03494,-1.8961024
0.034942,-1.0639377
0.034944,-0.18554163
0.034946,0.7390857
0.034948,1.6174817
0.03495,2.4034152
0.034952,3.050654
0.034954,3.5591989
0.034956,3.8365874
0.034958,3.9752812
0.03496,3.8365874
0.034962,3.5129685
0.034964,3.050654
0.034966,2.357184
0.034968,1.5712504
0.03497,0.7390857
0.034972,-0.18554163
0.034974,-1.1101689
0.034975998,-1.8961024
0.034978,-2.6820357
0.03498,-3.2830436
0.034982,-3.6991258
0.034984,-3.9302826
0.034986,-3.9302826
0.034988,-3.745357
0.03499,-3.3755062
0.034992,-2.7744985
0.034994,-2.081028
0.034996,-1.2488632
0.034998,-0.32423592
0.035,0.60039186
0.035002,1.4787879
0.035004,2.2647214
0.035006,2.9581914
0.035008,3.4667363
0.03501,3.8365874
0.035012,3.9752812
0.035014,3.8828197
0.035016,3.605431
0.035018,3.1431174
0.03502,2.4958777
0.035022,1.7099442
0.035024,0.87777996
0.035026,-0.046847343
0.035028,-0.9252434
0.03503,-1.7574081
0.035032,-2.5433414
0.035034,-3.1905808
0.035036,-3.6528945
0.035037998,-3.8840513
0.03504,-3.9302826
0.035042,-3.7915885
0.035044,-3.4217377
0.035046,-2.9131925
0.035048,-2.1734905
0.03505,-1.387557
0.035052,-0.5091615
0.035054,0.4154663
0.035056,1.3400936
0.035058,2.126027
0.03506,2.8194976
0.035062,3.3742738
0.035064,3.7903562
0.035066,3.92905
0.035068,3.92905
0.03507,3.6516623
0.035072,3.23558
0.035074,2.5883412
0.035076,1.8486385
0.035078,1.0164738
0.03508,0.13807821
0.035082,-0.78654957
0.035084,-1.6187139
0.035086,-2.4046474
0.035088,-3.0518866
0.03509,-3.5604317
0.035092,-3.8840513
0.035094,-3.976514
0.035096,-3.8378198
0.035098,-3.5142004
0.035099998,-3.0056553
0.035102,-2.3121846
0.035104,-1.5262513
0.035106,-0.6478553
0.035108,0.27677202
0.03511,1.1551685
0.035112,1.9873328
0.035114,2.727035
0.035116,3.3280425
0.035118,3.6978936
0.03512,3.92905
0.035122,3.92905
0.035124,3.744125
0.035126,3.3280425
0.035128,2.727035
0.03513,1.9873328
0.035132,1.2013993
0.035134,0.27677202
0.035136,-0.6478553
0.035138,-1.48002
0.03514,-2.2659533
0.035142,-2.9594238
0.035144,-3.5142004
0.035146,-3.8378198
0.035148,-3.976514
0.03515,-3.8840513
0.035152,-3.5604317
0.035154,-3.098118
0.035156,-2.4508786
0.035158,-1.6649456
0.03516,-0.83278084
0.035161998,0.091846466
0.035164,1.0164738
0.035166,1.8486385
0.035168,2.5883412
0.03517,3.23558
0.035172,3.6516623
0.035174,3.92905
0.035176,3.92905
0.035178,3.7903562
0.03518,3.420505
0.035182,2.8194976
0.035184,2.126027
0.035186,1.3400936
0.035188,0.46169758
0.03519,-0.46292973
0.035192,-1.387557
0.035194,-2.1734905
0.035196,-2.866961
0.035198,-3.4217377
0.0352,-3.7915885
0.035202,-3.9302826
0.035204,-3.8840513
0.035206,-3.6528945
0.035208,-3.1905808
0.03521,-2.589573
0.035212,-1.8036394
0.035214,-0.9714751
0.035216,-0.046847343
0.035218,0.87777996
0.03522,1.7099442
0.035222,2.4958777
0.035223998,3.1431174
0.035226,3.605431
0.035228,3.8828197
0.03523,3.9752812
0.035232,3.8365874
0.035234,3.4667363
0.035236,2.9581914
0.035238,2.2647214
0.03524,1.4787879
0.035242,0.60039186
0.035244,-0.32423592
0.035246,-1.202632
0.035248,-2.0347965
0.03525,-2.728267
0.035252,-3.329275
0.035254,-3.745357
0.035256,-3.9302826
0.035258,-3.9302826
0.03526,-3.6991258
0.035262,-3.2830436
0.035264,-2.6820357
0.035266,-1.9423337
0.035268,-1.1101689
0.03527,-0.2317729
0.035272,0.6928544
0.035274,1.5712504
0.035276,2.357184
0.035278,3.050654
0.03528,3.5129685
0.035282,3.8365874
0.035284,3.9752812
0.035285998,3.8365874
0.035288,3.5591989
0.03529,3.050654
0.035292,2.4034152
0.035294,1.6174817
0.035296,0.7390857
0.035298,-0.13931036
0.0353,-1.0639377
0.035302,-1.8961024
0.035304,-0.2317729
0.035306,3.050654
0.035308,3.744125
0.03531,3.9752812
0.035312,3.9752812
0.035314,3.7903562
0.035316,3.420505
0.035318,2.8194976
0.03532,2.126027
0.035322,1.2938623
0.035324,0.4154663
0.035326,-0.5091615
0.035328,-1.387557
0.03533,-2.1734905
0.035332,-2.866961
0.035334,-3.4217377
0.035336,-3.7915885
0.035338,-3.9302826
0.03534,-3.8840513
0.035342,-3.6066632
0.035344,-3.1443493
0.035346,-2.4971101
0.035348,-1.7574081
0.03535,-0.8790121
0.035352,0.045615196
0.035354,0.92401123
0.035356,1.756176
0.035358,2.542109
0.03536,3.1893477
0.035362,3.6516623
0.035364,3.8828197
0.035366,3.9752812
0.035368,3.7903562
0.03537,3.4667363
0.035372,2.9119601
0.035374,2.2184901
0.035376,1.4325566
0.035378,0.5541601
0.03538,-0.3704667
0.035382,-1.2488632
0.035384,-2.081028
0.035386,-2.7744985
0.035388,-3.3755062
0.03539,-3.745357
0.035392,-3.9302826
0.035394,-3.9302826
0.035396,-3.6991258
0.035398,-3.236812
0.0354,-2.6358042
0.035402,-1.8961024
0.035404,-1.0639377
0.035406,-0.13931036
0.035408,0.7853174
0.03541,1.6174817
0.035412,2.4034152
0.035414,3.050654
0.035416,3.5591989
0.035418,3.8828197
0.03542,3.9752812
0.035422,3.8365874
0.035424,3.5129685
0.035426,3.0044227
0.035428,2.357184
0.03543,1.5250192
0.035432,0.6928544
0.035434,-0.2317729
0.035436,-1.1101689
0.035438,-1.9423337
0.03544,-2.6820357
0.035442,-3.2830436
0.035444,-3.6991258
0.035446,-3.9302826
0.035448,-3.9302826
0.03545,-3.745357
0.035452,-3.329275
0.035454,-2.7744985
0.035456,-2.0347965
0.035458,-1.202632
0.03546,-0.32423592
0.035462,0.60039186
0.035464,1.4787879
0.035466,2.2647214
0.035468,2.9581914
0.03547,3.4667363
0.035472,3.8365874
0.035474,3.9752812
0.035476,3.8828197
0.035478,3.605431
0.03548,3.0968862
0.035482,2.4496465
0.035484,1.7099442
0.035486,0.8315482
0.035488,-0.046847343
0.03549,-0.9714751
0.035492,-1.8036394
0.035494,-2.5433414
0.035496,-3.1905808
0.035498,-3.6528945
0.0355,-3.8840513
0.035502,-3.9302826
0.035504,-3.7915885
0.035506,-3.4217377
0.035508,-2.866961
0.03551,-2.1734905
0.035512,-1.387557
0.035514,-0.46292973
0.035516,0.46169758
0.035518,1.3400936
0.03552,2.172258
0.035522,2.8657289
0.035524,3.420505
0.035526,3.7903562
0.035528,3.92905
0.03553,3.92905
0.035532,3.6516623
0.035534,3.1893477
0.035536,2.5883412
0.035538,1.8486385
0.03554,1.0164738
0.035542,0.091846466
0.035544,-0.83278084
0.035546,-1.6649456
0.035548,-2.4508786
0.03555,-3.098118
0.035552,-3.5604317
0.035554,-3.8840513
0.035556,-3.976514
0.035558,-3.8378198
0.03556,-3.5142004
0.035562,-2.9594238
0.035564,-2.3121846
0.035566,-1.48002
0.035568,-0.6478553
0.03557,0.27677202
0.035572,1.2013993
0.035574,1.9873328
0.035576,2.727035
0.035578,3.3280425
0.03558,3.744125
0.035582,3.92905
0.035584,3.92905
0.035586,3.6978936
0.035588,3.2818112
0.03559,2.727035
0.035592,1.9873328
0.035594,1.1551685
0.035596,0.27677202
0.035598,-0.6478553
0.0356,-1.5262513
0.035602,-2.3121846
0.035604,-3.0056553
0.035606,-3.5142004
0.035608,-3.8378198
0.03561,-3.976514
0.035612,-3.8840513
0.035614,-3.5604317
0.035616,-3.098118
0.035618,-2.4508786
0.03562,-1.6187139
0.035622,-0.78654957
0.035624,0.13807821
0.035626,1.0627055
0.035628,1.8948698
0.03563,2.6345725
0.035632,3.23558
0.035634,3.6978936
0.035636,3.92905
0.035638,3.92905
0.03564,3.744125
0.035641998,3.3742738
0.035644,2.8194976
0.035646,2.126027
0.035648,1.2938623
0.03565,0.4154663
0.035652,-0.5091615
0.035654,-1.387557
0.035656,-2.1734905
0.035658,-2.866961
0.03566,-3.4217377
0.035662,-3.7915885
0.035664,-3.9302826
0.035666,-3.8840513
0.035668,-3.6528945
0.03567,-3.1905808
0.035672,-2.5433414
0.035674,-1.8036394
0.035676,-0.9252434
0.035678,-0.046847343
0.03568,0.87777996
0.035682,1.7099442
0.035684,2.4958777
0.035686,3.1431174
0.035688,3.605431
0.03569,3.8828197
0.035692,3.9752812
0.035694,3.7903562
0.035696,3.4667363
0.035698,2.9119601
0.0357,2.2647214
0.035702,1.4787879
0.035703998,0.5541601
0.035706,-0.32423592
0.035708,-1.2488632
0.03571,-2.0347965
0.035712,-2.7744985
0.035714,-3.329275
0.035716,-3.745357
0.035718,-3.9302826
0.03572,-3.9302826
0.035722,-3.6991258
0.035724,-1.8961024
0.035726,1.756176
0.035728,1.8486385
0.03573,1.0627055
0.035732,0.13807821
0.035734,-0.7403178
0.035736,-1.6187139
0.035738,-2.4046474
0.03574,-3.0518866
0.035742,-3.5604317
0.035744,-3.8840513
0.035746,-3.976514
0.035748,-3.8840513
0.03575,-3.5604317
0.035752,-3.0518866
0.035754,-2.4046474
0.035756,-1.6187139
0.035758,-0.7403178
0.03576,0.184309
0.035762,1.1089368
0.035764,1.8948698
0.035765998,2.6808028
0.035768,3.2818112
0.03577,3.6978936
0.035772,3.92905
0.035774,3.92905
0.035776,3.744125
0.035778,3.3742738
0.03578,2.7732663
0.035782,2.0797954
0.035784,1.2476311
0.035786,0.36923456
0.035788,-0.55539227
0.03579,-1.4337888
0.035792,-2.2197218
0.035794,-2.9131925
0.035796,-3.467969
0.035798,-3.7915885
0.0358,-3.9302826
0.035802,-3.8840513
0.035804,-3.6066632
0.035806,-3.1443493
0.035808,-2.4971101
0.03581,-1.7574081
0.035812,-0.8790121
0.035814,0.045615196
0.035816,0.92401123
0.035818,1.8024073
0.03582,2.542109
0.035822,3.1893477
0.035824,3.6516623
0.035826,3.8828197
0.035827998,3.9752812
0.03583,3.7903562
0.035832,3.420505
0.035834,2.9119601
0.035836,2.2184901
0.035838,1.3863249
0.03584,0.50792885
0.035842,-0.41669846
0.035844,-1.2950945
0.035846,-2.081028
0.035848,-2.8207297
0.03585,-3.3755062
0.035852,-3.745357
0.035854,-3.9302826
0.035856,-3.9302826
0.035858,-3.6528945
0.03586,-3.236812
0.035862,-2.6358042
0.035864,-1.8961024
0.035866,-1.0639377
0.035868,-0.13931036
0.03587,0.7853174
0.035872,1.6174817
0.035874,2.4034152
0.035876,3.0968862
0.035878,3.5591989
0.03588,3.8828197
0.035882,3.9752812
0.035884,3.8365874
0.035886,3.5129685
0.035888,3.0044227
0.035889998,2.3109517
0.035892,1.5250192
0.035894,0.6928544
0.035896,-0.2317729
0.035898,-1.1564007
0.0359,-1.9423337
0.035902,-2.6820357
0.035904,-3.2830436
0.035906,-3.6991258
0.035908,-3.9302826
0.03591,-3.9302826
0.035912,-3.745357
0.035914,-3.329275
0.035916,-2.728267
0.035918,-2.0347965
0.03592,-1.202632
0.035922,-0.27800417
0.035924,0.64662313
0.035926,1.4787879
0.035928,2.3109517
0.03593,2.9581914
0.035932,3.5129685
0.035934,3.8365874
0.035936,3.9752812
0.035938,3.8828197
0.03594,3.605431
0.035942,3.0968862
0.035944,2.4496465
0.035946,1.6637135
0.035948,0.8315482
0.03595,-0.09307861
0.035951998,-0.9714751
0.035954,-1.8036394
0.035956,-2.589573
0.035958,-3.1905808
0.03596,-3.6528945
0.035962,-3.8840513
0.035964,-3.9302826
0.035966,-3.7915885
0.035968,-3.4217377
0.03597,-2.866961
0.035972,-2.1734905
0.035974,-1.3413262
0.035976,-0.46292973
0.035978,0.46169758
0.03598,1.3863249
0.035982,2.172258
0.035984,2.8657289
0.035986,3.420505
0.035988,3.7903562
0.03599,3.92905
0.035992,3.8828197
0.035994,3.6516623
0.035996,3.1893477
0.035998,2.5883412
0.036,1.8024073
0.036002,0.970243
0.036004,0.091846466
0.036006,-0.83278084
0.036008,-1.6649456
0.03601,-2.4508786
0.036012,-3.098118
0.036013998,-3.6066632
0.036016,-3.8840513
0.036018,-3.976514
0.03602,-3.8378198
0.036022,-3.467969
0.036024,-2.9594238
0.036026,-2.2659533
0.036028,-1.48002
0.03603,-0.601624
0.036032,0.3230033
0.036034,1.2013993
0.036036,2.033564
0.036038,2.7732663
0.03604,3.3280425
0.036042,3.744125
0.036044,3.92905
0.036046,3.92905
0.036048,3.6978936
0.03605,3.2818112
0.036052,2.6808028
0.036054,1.9411016
0.036056,1.1551685
0.036058,0.23054075
0.03606,-0.694087
0.036062,-1.5262513
0.036064,-2.3121846
0.036066,-3.0056553
0.036068,-3.5142004
0.03607,-3.8378198
0.036072,-3.976514
0.036074,-3.8840513
0.036075998,-3.5604317
0.036078,-3.0518866
0.03608,-2.4046474
0.036082,-1.6187139
0.036084,-0.78654957
0.036086,0.13807821
0.036088,1.0627055
0.03609,1.8948698
0.036092,2.6345725
0.036094,3.23558
0.036096,3.6978936
0.036098,3.92905
0.0361,3.92905
0.036102,3.744125
0.036104,3.3742738
0.036106,2.8194976
0.036108,2.0797954
0.03611,1.2938623
0.036112,0.4154663
0.036114,-0.5091615
0.036116,-1.387557
0.036118,-2.1734905
0.03612,-2.866961
0.036122,-3.4217377
0.036124,-3.7915885
0.036126,-3.9302826
0.036128,-3.8840513
0.03613,-3.6066632
0.036132,-3.1905808
0.036134,-2.5433414
0.036136,-1.7574081
0.036137998,-0.9252434
0.03614,-6.160736E-4
0.036142,0.92401123
0.036144,-0.2317729
0.036146,-2.4971101
0.036148,-3.1905808
0.03615,-3.6528945
0.036152,-3.9302826
0.036154,-4.022745
0.036156,-3.8378198
0.036158,-3.5142004
0.03616,-2.9594238
0.036162,-2.2659533
0.036164,-1.48002
0.036166,-0.601624
0.036168,0.36923456
0.03617,1.2476311
0.036172,2.0797954
0.036174,2.7732663
0.036176,3.3742738
0.036178,3.744125
0.03618,3.92905
0.036182,3.8828197
0.036184,3.6516623
0.036186,3.23558
0.036188,2.6345725
0.03619,1.8948698
0.036192,1.0627055
0.036194,0.184309
0.036196,-0.7403178
0.036198,-1.5724826
0.036199998,-2.3584158
0.036202,-3.0518866
0.036204,-3.5604317
0.036206,-3.8378198
0.036208,-3.976514
0.03621,-3.8378198
0.036212,-3.5604317
0.036214,-3.0518866
0.036216,-2.3584158
0.036218,-1.5724826
0.03622,-0.694087
0.036222,0.23054075
0.036224,1.1089368
0.036226,1.9411016
0.036228,2.6808028
0.03623,3.2818112
0.036232,3.6978936
0.036234,3.92905
0.036236,3.92905
0.036238,3.744125
0.03624,3.3280425
0.036242,2.7732663
0.036244,2.033564
0.036246,1.2476311
0.036248,0.3230033
0.03625,-0.601624
0.036252,-1.48002
0.036254,-2.2659533
0.036256,-2.9594238
0.036258,-3.467969
0.03626,-3.8378198
0.036261998,-3.976514
0.036264,-3.8840513
0.036266,-3.6066632
0.036268,-3.1443493
0.03627,-2.4971101
0.036272,-1.7111769
0.036274,-0.8790121
0.036276,0.045615196
0.036278,0.970243
0.03628,1.8024073
0.036282,2.542109
0.036284,3.1893477
0.036286,3.6516623
0.036288,3.8828197
0.03629,3.9752812
0.036292,3.7903562
0.036294,3.420505
0.036296,2.8657289
0.036298,2.172258
0.0363,1.3863249
0.036302,0.50792885
0.036304,-0.41669846
0.036306,-1.2950945
0.036308,-2.1272593
0.03631,-2.8207297
0.036312,-3.3755062
0.036314,-3.7915885
0.036316,-3.9302826
0.036318,-3.9302826
0.03632,-3.6528945
0.036322,-3.236812
0.036323998,-2.6358042
0.036326,-1.8498712
0.036328,-1.0177064
0.03633,-0.09307861
0.036332,0.8315482
0.036334,1.6637135
0.036336,2.4496465
0.036338,3.0968862
0.03634,3.5591989
0.036342,3.8828197
0.036344,3.9752812
0.036346,3.8365874
0.036348,3.5129685
0.03635,3.0044227
0.036352,2.3109517
0.036354,1.5250192
0.036356,0.64662313
0.036358,-0.27800417
0.03636,-1.1564007
0.036362,-1.9885652
0.036364,-2.728267
0.036366,-3.2830436
0.036368,-3.6991258
0.03637,-3.9302826
0.036372,-3.9302826
0.036374,-3.745357
0.036376,-3.329275
0.036378,-2.728267
0.03638,-1.9885652
0.036382,-1.1564007
0.036384,-0.27800417
0.036385998,0.64662313
0.036388,1.5250192
0.03639,2.3109517
0.036392,3.0044227
0.036394,3.5129685
0.036396,3.8365874
0.036398,3.9752812
0.0364,3.8828197
0.036402,3.5591989
0.036404,3.0968862
0.036406,2.4496465
0.036408,1.6637135
0.03641,0.8315482
0.036412,-0.09307861
0.036414,-1.0177064
0.036416,-1.8498712
0.036418,-2.589573
0.03642,-3.1905808
0.036422,-3.6528945
0.036424,-3.8840513
0.036426,-3.9302826
0.036428,-3.7915885
0.03643,-3.4217377
0.036432,-2.866961
0.036434,-2.1272593
0.036436,-1.3413262
0.036438,-0.41669846
0.03644,0.50792885
0.036442,1.3863249
0.036444,2.172258
0.036446,2.8657289
0.036447998,3.420505
0.03645,3.7903562
0.036452,3.92905
0.036454,3.8828197
0.036456,3.6516623
0.036458,3.1893477
0.03646,2.542109
0.036462,1.8024073
0.036464,0.970243
0.036466,0.045615196
0.036468,-0.8790121
0.03647,-1.7111769
0.036472,-2.4508786
0.036474,-3.098118
0.036476,-3.6066632
0.036478,-3.8840513
0.03648,-3.976514
0.036482,-3.8378198
0.036484,-3.467969
0.036486,-2.9594238
0.036488,-2.2659533
0.03649,-1.48002
0.036492,-0.601624
0.036494,0.3230033
0.036496,1.2476311
0.036498,2.033564
0.0365,2.7732663
0.036502,3.3742738
0.036504,3.744125
0.036506,3.92905
0.036508,3.92905
0.03651,3.6978936
0.036512,3.2818112
0.036514,2.6808028
0.036516,1.9411016
0.036518,1.1089368
0.03652,0.23054075
0.036522,-0.694087
0.036524,-1.5724826
0.036526,-2.3584158
0.036528,-3.0056553
0.03653,-3.5142004
0.036532,-3.8378198
0.036534,-3.976514
0.036536,-3.8378198
0.036538,-3.5604317
0.03654,-3.0518866
0.036542,-2.4046474
0.036544,-1.6187139
0.036546,-0.7403178
0.036548,0.184309
0.03655,1.0627055
0.036552,1.8948698
0.036554,2.6345725
0.036556,3.2818112
0.036558,3.6978936
0.03656,3.92905
0.036562,3.92905
0.036564,2.542109
0.036566,-0.83278084
0.036568,-2.6820357
0.03657,-2.0347965
0.036572,-1.2488632
0.036574,-0.32423592
0.036576,0.5541601
0.036578,1.4787879
0.03658,2.2647214
0.036582,2.9581914
0.036584,3.4667363
0.036586,3.8365874
0.036588,3.9752812
0.03659,3.8828197
0.036592,3.605431
0.036594,3.1431174
0.036596,2.542109
0.036598,1.756176
0.0366,0.92401123
0.036602,-6.160736E-4
0.036604,-0.9252434
0.036606,-1.7574081
0.036608,-2.4971101
0.03661,-3.1443493
0.036612,-3.6066632
0.036614,-3.8840513
0.036616,-3.9302826
0.036618,-3.7915885
0.03662,-3.467969
0.036622,-2.9131925
0.036624,-2.2197218
0.036626,-1.4337888
0.036628,-0.5091615
0.03663,0.4154663
0.036632,1.2938623
0.036634,2.0797954
0.036636,2.8194976
0.036638,3.3742738
0.03664,3.744125
0.036642,3.92905
0.036644,3.92905
0.036646,3.6978936
0.036648,3.23558
0.03665,2.6345725
0.036652,1.8948698
0.036654,1.0627055
0.036656,0.13807821
0.036658,-0.7403178
0.03666,-1.6187139
0.036662,-2.4046474
0.036664,-3.0518866
0.036666,-3.5604317
0.036668,-3.8378198
0.03667,-3.976514
0.036672,-3.8378198
0.036674,-3.5142004
0.036676,-3.0056553
0.036678,-2.3584158
0.03668,-1.5724826
0.036682,-0.694087
0.036684,0.23054075
0.036686,1.1551685
0.036688,1.9411016
0.03669,2.6808028
0.036692,3.2818112
0.036694,3.6978936
0.036696,3.92905
0.036698,3.92905
0.0367,3.744125
0.036702,3.3280425
0.036704,2.7732663
0.036706,2.033564
0.036708,1.2013993
0.03671,0.3230033
0.036712,-0.601624
0.036714,-1.48002
0.036716,-2.2659533
0.036718,-2.9594238
0.03672,-3.467969
0.036722,-3.8378198
0.036724,-3.976514
0.036726,-3.8840513
0.036728,-3.6066632
0.03673,-3.1443493
0.036732,-2.4971101
0.036734,-1.7111769
0.036736,-0.83278084
0.036738,0.091846466
0.03674,0.970243
0.036741998,1.8024073
0.036744,2.5883412
0.036746,3.1893477
0.036748,3.6516623
0.03675,3.8828197
0.036752,3.92905
0.036754,3.7903562
0.036756,3.420505
0.036758,2.8657289
0.03676,2.172258
0.036762,1.3863249
0.036764,0.46169758
0.036766,-0.46292973
0.036768,-1.3413262
0.03677,-2.1272593
0.036772,-2.8207297
0.036774,-3.4217377
0.036776,-3.7915885
0.036778,-3.9302826
0.03678,-3.9302826
0.036782,-3.6528945
0.036784,-3.236812
0.036786,-2.589573
0.036788,-1.8498712
0.03679,-1.0177064
0.036792,-0.09307861
0.036794,0.8315482
0.036796,1.6637135
0.036798,2.4496465
0.0368,3.0968862
0.036802,3.605431
0.036803998,3.8828197
0.036806,3.9752812
0.036808,3.8365874
0.03681,3.5129685
0.036812,2.9581914
0.036814,2.3109517
0.036816,1.4787879
0.036818,0.64662313
0.03682,-0.27800417
0.036822,-1.202632
0.036824,-1.9885652
0.036826,-2.728267
0.036828,-3.329275
0.03683,-3.745357
0.036832,-3.9302826
0.036834,-3.9302826
0.036836,-3.6991258
0.036838,-3.329275
0.03684,-2.728267
0.036842,-1.9885652
0.036844,-1.1564007
0.036846,-0.2317729
0.036848,0.6928544
0.03685,1.5250192
0.036852,2.3109517
0.036854,3.0044227
0.036856,3.5129685
0.036858,3.8365874
0.03686,3.9752812
0.036862,3.8828197
0.036864,3.5591989
0.036865998,3.0968862
0.036868,2.4034152
0.03687,1.6174817
0.036872,0.7853174
0.036874,-0.13931036
0.036876,-1.0177064
0.036878,-1.8498712
0.03688,-2.589573
0.036882,-3.236812
0.036884,-3.6528945
0.036886,-3.9302826
0.036888,-3.9302826
0.03689,-3.7915885
0.036892,-3.3755062
0.036894,-2.8207297
0.036896,-2.1272593
0.036898,-1.2950945
0.0369,-0.41669846
0.036902,0.50792885
0.036904,1.3863249
0.036906,2.2184901
0.036908,2.9119601
0.03691,3.420505
0.036912,3.7903562
0.036914,3.9752812
0.036916,3.8828197
0.036918,3.6516623
0.03692,3.1893477
0.036922,2.542109
0.036924,1.8024073
0.036926,0.92401123
0.036927998,0.045615196
0.03693,-0.8790121
0.036932,-1.7111769
0.036934,-2.4971101
0.036936,-3.1443493
0.036938,-3.6066632
0.03694,-3.8840513
0.036942,-3.976514
0.036944,-3.7915885
0.036946,-3.467969
0.036948,-2.9594238
0.03695,-2.2659533
0.036952,-1.48002
0.036954,-0.55539227
0.036956,0.36923456
0.036958,1.2476311
0.03696,2.0797954
0.036962,2.7732663
0.036964,3.3742738
0.036966,3.744125
0.036968,3.92905
0.03697,3.92905
0.036972,3.6978936
0.036974,3.2818112
0.036976,2.6808028
0.036978,1.9411016
0.03698,1.1089368
0.036982,0.184309
0.036984,0.4154663
0.036986,1.6637135
0.036988,2.4496465
0.036989998,3.0968862
0.036992,3.605431
0.036994,3.92905
0.036996,4.0215135
0.036998,3.8828197
0.037,3.605431
0.037002,3.0968862
0.037004,2.4034152
0.037006,1.6174817
0.037008,0.7390857
0.03701,-0.13931036
0.037012,-1.0639377
0.037014,-1.8961024
0.037016,-2.6358042
0.037018,-3.236812
0.03702,-3.6528945
0.037022,-3.8840513
0.037024,-3.9302826
0.037026,-3.745357
0.037028,-3.329275
0.03703,-2.7744985
0.037032,-2.0347965
0.037034,-1.2488632
0.037036,-0.32423592
0.037038,0.60039186
0.03704,1.4787879
0.037042,2.2647214
0.037044,2.9581914
0.037046,3.4667363
0.037048,3.8365874
0.03705,3.9752812
0.037051998,3.8828197
0.037054,3.605431
0.037056,3.1431174
0.037058,2.4958777
0.03706,1.7099442
0.037062,0.87777996
0.037064,-0.046847343
0.037066,-0.9252434
0.037068,-1.7574081
0.03707,-2.5433414
0.037072,-3.1443493
0.037074,-3.6066632
0.037076,-3.8840513
0.037078,-3.9302826
0.03708,-3.7915885
0.037082,-3.4217377
0.037084,-2.9131925
0.037086,-2.2197218
0.037088,-1.387557
0.03709,-0.5091615
0.037092,0.4154663
0.037094,1.2938623
0.037096,2.126027
0.037098,2.8194976
0.0371,3.3742738
0.037102,3.7903562
0.037104,3.92905
0.037106,3.92905
0.037108,3.6516623
0.03711,3.23558
0.037112,2.6345725
0.037113998,1.8486385
0.037116,1.0164738
0.037118,0.13807821
0.03712,-0.78654957
0.037122,-1.6187139
0.037124,-2.4046474
0.037126,-3.0518866
0.037128,-3.5604317
0.03713,-3.8840513
0.037132,-3.976514
0.037134,-3.8378198
0.037136,-3.5142004
0.037138,-3.0056553
0.03714,-2.3121846
0.037142,-1.5262513
0.037144,-0.6478553
0.037146,0.27677202
0.037148,1.1551685
0.03715,1.9873328
0.037152,2.727035
0.037154,3.3280425
0.037156,3.6978936
0.037158,3.92905
0.03716,3.92905
0.037162,3.744125
0.037164,3.3280425
0.037166,2.727035
0.037168,1.9873328
0.03717,1.2013993
0.037172,0.27677202
0.037174,-0.6478553
0.037175998,-1.48002
0.037178,-2.2659533
0.03718,-2.9594238
0.037182,-3.5142004
0.037184,-3.8378198
0.037186,-3.976514
0.037188,-3.8840513
0.03719,-3.6066632
0.037192,-3.098118
0.037194,-2.4508786
0.037196,-1.6649456
0.037198,-0.83278084
0.0372,0.091846466
0.037202,1.0164738
0.037204,1.8486385
0.037206,2.5883412
0.037208,3.23558
0.03721,3.6516623
0.037212,3.92905
0.037214,3.92905
0.037216,3.7903562
0.037218,3.420505
0.03722,2.8657289
0.037222,2.126027
0.037224,1.3400936
0.037226,0.46169758
0.037228,-0.46292973
0.03723,-1.3413262
0.037232,-2.1272593
0.037234,-2.866961
0.037236,-3.4217377
0.037237998,-3.7915885
0.03724,-3.9302826
0.037242,-3.8840513
0.037244,-3.6528945
0.037246,-3.1905808
0.037248,-2.589573
0.03725,-1.8036394
0.037252,-0.9714751
0.037254,-0.046847343
0.037256,0.8315482
0.037258,1.7099442
0.03726,2.4958777
0.037262,3.1431174
0.037264,3.605431
0.037266,3.8828197
0.037268,3.9752812
0.03727,3.8365874
0.037272,3.4667363
0.037274,2.9581914
0.037276,2.2647214
0.037278,1.4787879
0.03728,0.60039186
0.037282,-0.32423592
0.037284,-1.202632
0.037286,-1.9885652
0.037288,-2.728267
0.03729,-3.329275
0.037292,-3.745357
0.037294,-3.9302826
0.037296,-3.9302826
0.037298,-3.6991258
0.037299998,-3.2830436
0.037302,-2.6820357
0.037304,-1.9423337
0.037306,-1.1564007
0.037308,-0.2317729
0.03731,0.6928544
0.037312,1.5712504
0.037314,2.357184
0.037316,3.0044227
0.037318,3.5129685
0.03732,3.8365874
0.037322,3.9752812
0.037324,3.8828197
0.037326,3.5591989
0.037328,3.050654
0.03733,2.4034152
0.037332,1.6174817
0.037334,0.7853174
0.037336,-0.13931036
0.037338,-1.0639377
0.03734,-1.8498712
0.037342,-2.6358042
0.037344,-3.236812
0.037346,-3.6991258
0.037348,-3.9302826
0.03735,-3.9302826
0.037352,-3.745357
0.037354,-3.3755062
0.037356,-2.8207297
0.037358,-2.081028
0.03736,-1.2950945
0.037361998,-0.3704667
0.037364,0.5541601
0.037366,1.4325566
0.037368,2.2184901
0.03737,2.9119601
0.037372,3.4667363
0.037374,3.7903562
0.037376,3.9752812
0.037378,3.8828197
0.03738,3.605431
0.037382,3.1431174
0.037384,2.542109
0.037386,1.756176
0.037388,0.92401123
0.03739,-6.160736E-4
0.037392,-0.8790121
0.037394,-1.7111769
0.037396,-2.4971101
0.037398,-3.1443493
0.0374,-3.6066632
0.037402,-3.8840513
0.037404,-3.3755062
0.037406,0.091846466
0.037408,3.1893477
0.03741,2.9119601
0.037412,2.2184901
0.037414,1.4325566
0.037416,0.5541601
0.037418,-0.3704667
0.03742,-1.2488632
0.037422,-2.081028
0.037423998,-2.7744985
0.037426,-3.3755062
0.037428,-3.745357
0.03743,-3.9302826
0.037432,-3.9302826
0.037434,-3.6991258
0.037436,-3.2830436
0.037438,-2.6820357
0.03744,-1.8961024
0.037442,-1.0639377
0.037444,-0.18554163
0.037446,0.7390857
0.037448,1.6174817
0.03745,2.4034152
0.037452,3.050654
0.037454,3.5591989
0.037456,3.8828197
0.037458,3.9752812
0.03746,3.8365874
0.037462,3.5129685
0.037464,3.0044227
0.037466,2.357184
0.037468,1.5712504
0.03747,0.6928544
0.037472,-0.18554163
0.037474,-1.1101689
0.037476,-1.9423337
0.037478,-2.6820357
0.03748,-3.2830436
0.037482,-3.6991258
0.037484,-3.9302826
0.037485998,-3.9302826
0.037488,-3.745357
0.03749,-3.329275
0.037492,-2.7744985
0.037494,-2.0347965
0.037496,-1.2488632
0.037498,-0.32423592
0.0375,0.60039186
0.037502,1.4787879
0.037504,2.2647214
0.037506,2.9581914
0.037508,3.4667363
0.03751,3.8365874
0.037512,3.9752812
0.037514,3.8828197
0.037516,3.605431
0.037518,3.1431174
0.03752,2.4958777
0.037522,1.7099442
0.037524,0.87777996
0.037526,-0.046847343
0.037528,-0.9714751
0.03753,-1.7574081
0.037532,-2.5433414
0.037534,-3.1905808
0.037536,-3.6528945
0.037538,-3.8840513
0.03754,-3.9302826
0.037542,-3.7915885
0.037544,-3.4217377
0.037546,-2.866961
0.037547998,-2.1734905
0.03755,-1.387557
0.037552,-0.5091615
0.037554,0.4154663
0.037556,1.3400936
0.037558,2.126027
0.03756,2.8657289
0.037562,3.420505
0.037564,3.7903562
0.037566,3.92905
0.037568,3.92905
0.03757,3.6516623
0.037572,3.23558
0.037574,2.5883412
0.037576,1.8486385
0.037578,1.0164738
0.03758,0.13807821
0.037582,-0.78654957
0.037584,-1.6187139
0.037586,-2.4046474
0.037588,-3.098118
0.03759,-3.5604317
0.037592,-3.8840513
0.037594,-3.976514
0.037596,-3.8378198
0.037598,-3.5142004
0.0376,-3.0056553
0.037602,-2.3121846
0.037604,-1.5262513
0.037606,-0.6478553
0.037608,0.27677202
0.037609998,1.2013993
0.037612,1.9873328
0.037614,2.727035
0.037616,3.3280425
0.037618,3.744125
0.03762,3.92905
0.037622,3.92905
0.037624,3.6978936
0.037626,3.3280425
0.037628,2.727035
0.03763,1.9873328
0.037632,1.2013993
0.037634,0.27677202
0.037636,-0.6478553
0.037638,-1.48002
0.03764,-2.3121846
0.037642,-2.9594238
0.037644,-3.5142004
0.037646,-3.8378198
0.037648,-3.976514
0.03765,-3.8840513
0.037652,-3.5604317
0.037654,-3.098118
0.037656,-2.4508786
0.037658,-1.6649456
0.03766,-0.78654957
0.037662,0.13807821
0.037664,1.0164738
0.037666,1.8486385
0.037668,2.6345725
0.03767,3.23558
0.037672,3.6516623
0.037674,3.92905
0.037676,3.92905
0.037678,3.7903562
0.03768,3.420505
0.037682,2.8194976
0.037684,2.126027
0.037686,1.3400936
0.037688,0.4154663
0.03769,-0.46292973
0.037692,-1.387557
0.037694,-2.1734905
0.037696,-2.866961
0.037698,-3.4217377
0.0377,-3.7915885
0.037702,-3.9302826
0.037704,-3.8840513
0.037706,-3.6528945
0.037708,-3.1905808
0.03771,-2.589573
0.037712,-1.8036394
0.037714,-0.9714751
0.037716,-0.046847343
0.037718,0.87777996
0.03772,1.7099442
0.037722,2.4958777
0.037724,3.1431174
0.037726,3.605431
0.037728,3.8828197
0.03773,3.9752812
0.037732,3.8365874
0.037734,3.4667363
0.037736,2.9581914
0.037738,2.2647214
0.03774,1.4787879
0.037742,0.60039186
0.037744,-0.32423592
0.037746,-1.202632
0.037748,-2.0347965
0.03775,-2.728267
0.037752,-3.329275
0.037754,-3.745357
0.037756,-3.9302826
0.037758,-3.9302826
0.03776,-3.6991258
0.037762,-3.2830436
0.037764,-2.6820357
0.037766,-1.9423337
0.037768,-1.1101689
0.03777,-0.2317729
0.037772,0.7390857
0.037774,1.5712504
0.037776,2.357184
0.037778,3.050654
0.03778,3.5591989
0.037782,3.8365874
0.037784,3.9752812
0.037786,3.8365874
0.037788,3.5591989
0.03779,3.050654
0.037792,2.4034152
0.037794,1.6174817
0.037796,0.7390857
0.037798,-0.18554163
0.0378,-1.0639377
0.037802,-1.8961024
0.037804,-2.6358042
0.037806,-3.236812
0.037808,-3.6991258
0.03781,-3.9302826
0.037812,-3.9302826
0.037814,-3.745357
0.037816,-3.3755062
0.037818,-2.8207297
0.03782,-2.081028
0.037822,-1.2488632
0.037824,-0.2317729
0.037826,-0.6478553
0.037828,-1.48002
0.03783,-2.2659533
0.037832,-2.9594238
0.037834,-3.5142004
0.037836,-3.8840513
0.037838,-4.022745
0.03784,-3.9302826
0.037842,-3.6528945
0.037844,-3.1905808
0.037846,-2.5433414
0.037848,-1.8036394
0.03785,-0.9252434
0.037852,-6.160736E-4
0.037854,0.92401123
0.037856,1.756176
0.037858,2.4958777
0.03786,3.1431174
0.037862,3.605431
0.037864,3.8828197
0.037866,3.92905
0.037868,3.7903562
0.03787,3.420505
0.037872,2.8657289
0.037874,2.2184901
0.037876,1.3863249
0.037878,0.50792885
0.03788,-0.41669846
0.037882,-1.2950945
0.037884,-2.081028
0.037886,-2.8207297
0.037888,-3.3755062
0.03789,-3.745357
0.037892,-3.9302826
0.037894,-3.9302826
0.037896,-3.6991258
0.037898,-3.236812
0.0379,-2.6358042
0.037902,-1.8961024
0.037903998,-1.0639377
0.037906,-0.13931036
0.037908,0.7853174
0.03791,1.6174817
0.037912,2.4034152
0.037914,3.050654
0.037916,3.5591989
0.037918,3.8828197
0.03792,3.9752812
0.037922,3.8365874
0.037924,3.5129685
0.037926,3.0044227
0.037928,2.3109517
0.03793,1.5250192
0.037932,0.6928544
0.037934,-0.2317729
0.037936,-1.1101689
0.037938,-1.9423337
0.03794,-2.6820357
0.037942,-3.2830436
0.037944,-3.6991258
0.037946,-3.9302826
0.037948,-3.9302826
0.03795,-3.745357
0.037952,-3.329275
0.037954,-2.7744985
0.037956,-2.0347965
0.037958,-1.202632
0.03796,-0.32423592
0.037962,0.60039186
0.037964,1.4787879
0.037965998,2.2647214
0.037968,2.9581914
0.03797,3.5129685
0.037972,3.8365874
0.037974,3.9752812
0.037976,3.8828197
0.037978,3.605431
0.03798,3.0968862
0.037982,2.4496465
0.037984,1.7099442
0.037986,0.8315482
0.037988,-0.09307861
0.03799,-0.9714751
0.037992,-1.8036394
0.037994,-2.5433414
0.037996,-3.1905808
0.037998,-3.6528945
0.038,-3.8840513
0.038002,-3.9302826
0.038004,-3.7915885
0.038006,-3.4217377
0.038008,-2.866961
0.03801,-2.1734905
0.038012,-1.3413262
0.038014,-0.46292973
0.038016,0.46169758
0.038018,1.3400936
0.03802,2.172258
0.038022,2.8657289
0.038024,3.420505
0.038026,3.7903562
0.038027998,3.92905
0.03803,3.92905
0.038032,3.6516623
0.038034,3.1893477
0.038036,2.5883412
0.038038,1.8486385
0.03804,1.0164738
0.038042,0.091846466
0.038044,-0.83278084
0.038046,-1.6649456
0.038048,-2.4508786
0.03805,-3.098118
0.038052,-3.5604317
0.038054,-3.8840513
0.038056,-3.976514
0.038058,-3.8378198
0.03806,-3.5142004
0.038062,-2.9594238
0.038064,-2.3121846
0.038066,-1.48002
0.038068,-0.6478553
0.03807,0.3230033
0.038072,1.2013993
0.038074,2.033564
0.038076,2.727035
0.038078,3.3280425
0.03808,3.744125
0.038082,3.92905
0.038084,3.92905
0.038086,3.6978936
0.038088,3.2818112
0.038089998,2.6808028
0.038092,1.9873328
0.038094,1.1551685
0.038096,0.23054075
0.038098,-0.6478553
0.0381,-1.5262513
0.038102,-2.3121846
0.038104,-3.0056553
0.038106,-3.5142004
0.038108,-3.8378198
0.03811,-3.976514
0.038112,-3.8840513
0.038114,-3.5604317
0.038116,-3.098118
0.038118,-2.4046474
0.03812,-1.6187139
0.038122,-0.78654957
0.038124,0.13807821
0.038126,1.0627055
0.038128,1.8948698
0.03813,2.6345725
0.038132,3.23558
0.038134,3.6978936
0.038136,3.92905
0.038138,3.92905
0.03814,3.744125
0.038142,3.3742738
0.038144,2.8194976
0.038146,2.126027
0.038148,1.2938623
0.03815,0.4154663
0.038151998,-0.5091615
0.038154,-1.387557
0.038156,-2.1734905
0.038158,-2.866961
0.03816,-3.4217377
0.038162,-3.7915885
0.038164,-3.9302826
0.038166,-3.8840513
0.038168,-3.6528945
0.03817,-3.1905808
0.038172,-2.5433414
0.038174,-1.7574081
0.038176,-0.9252434
0.038178,-6.160736E-4
0.03818,0.87777996
0.038182,1.756176
0.038184,2.4958777
0.038186,3.1431174
0.038188,3.605431
0.03819,3.8828197
0.038192,3.9752812
0.038194,3.7903562
0.038196,3.4667363
0.038198,2.9119601
0.0382,2.2184901
0.038202,1.4325566
0.038204,0.5541601
0.038206,-0.3704667
0.038208,-1.2488632
0.03821,-2.0347965
0.038212,-2.7744985
0.038213998,-3.329275
0.038216,-3.745357
0.038218,-3.9302826
0.03822,-3.9302826
0.038222,-3.6991258
0.038224,-3.2830436
0.038226,-2.6820357
0.038228,-1.9423337
0.03823,-1.1101689
0.038232,-0.18554163
0.038234,0.7390857
0.038236,1.5712504
0.038238,2.4034152
0.03824,3.050654
0.038242,3.5591989
0.038244,3.5591989
0.038246,0.23054075
0.038248,-3.0518866
0.03825,-3.5604317
0.038252,-3.0518866
0.038254,-2.4046474
0.038256,-1.5724826
0.038258,-0.7403178
0.03826,0.184309
0.038262,1.1089368
0.038264,1.9411016
0.038266,2.6808028
0.038268,3.2818112
0.03827,3.6978936
0.038272,3.92905
0.038274,3.92905
0.038275998,3.744125
0.038278,3.3280425
0.03828,2.7732663
0.038282,2.033564
0.038284,1.2476311
0.038286,0.36923456
0.038288,-0.55539227
0.03829,-1.4337888
0.038292,-2.2197218
0.038294,-2.9131925
0.038296,-3.467969
0.038298,-3.7915885
0.0383,-3.976514
0.038302,-3.8840513
0.038304,-3.6066632
0.038306,-3.1443493
0.038308,-2.4971101
0.03831,-1.7111769
0.038312,-0.8790121
0.038314,0.045615196
0.038316,0.92401123
0.038318,1.8024073
0.03832,2.542109
0.038322,3.1893477
0.038324,3.6516623
0.038326,3.8828197
0.038328,3.92905
0.03833,3.7903562
0.038332,3.420505
0.038334,2.9119601
0.038336,2.172258
0.038337998,1.3863249
0.03834,0.50792885
0.038342,-0.41669846
0.038344,-1.2950945
0.038346,-2.081028
0.038348,-2.8207297
0.03835,-3.3755062
0.038352,-3.745357
0.038354,-3.9302826
0.038356,-3.9302826
0.038358,-3.6991258
0.03836,-3.236812
0.038362,-2.6358042
0.038364,-1.8961024
0.038366,-1.0177064
0.038368,-0.13931036
0.03837,0.7853174
0.038372,1.6637135
0.038374,2.4034152
0.038376,3.0968862
0.038378,3.5591989
0.03838,3.8828197
0.038382,3.9752812
0.038384,3.8365874
0.038386,3.5129685
0.038388,3.0044227
0.03839,2.3109517
0.038392,1.5250192
0.038394,0.64662313
0.038396,-0.2317729
0.038398,-1.1564007
0.038399998,-1.9423337
0.038402,-2.6820357
0.038404,-3.2830436
0.038406,-3.6991258
0.038408,-3.9302826
0.03841,-3.9302826
0.038412,-3.745357
0.038414,-3.329275
0.038416,-2.728267
0.038418,-2.0347965
0.03842,-1.202632
0.038422,-0.27800417
0.038424,0.64662313
0.038426,1.4787879
0.038428,2.3109517
0.03843,2.9581914
0.038432,3.5129685
0.038434,3.8365874
0.038436,3.9752812
0.038438,3.8828197
0.03844,3.5591989
0.038442,3.0968862
0.038444,2.4496465
0.038446,1.6637135
0.038448,0.8315482
0.03845,-0.09307861
0.038452,-0.9714751
0.038454,-1.8036394
0.038456,-2.589573
0.038458,-3.1905808
0.03846,-3.6528945
0.038461998,-3.8840513
0.038464,-3.9302826
0.038466,-3.7915885
0.038468,-3.4217377
0.03847,-2.866961
0.038472,-2.1734905
0.038474,-1.3413262
0.038476,-0.46292973
0.038478,0.46169758
0.03848,1.3863249
0.038482,2.172258
0.038484,2.8657289
0.038486,3.420505
0.038488,3.7903562
0.03849,3.92905
0.038492,3.8828197
0.038494,3.6516623
0.038496,3.1893477
0.038498,2.5883412
0.0385,1.8024073
0.038502,0.970243
0.038504,0.091846466
0.038506,-0.83278084
0.038508,-1.6649456
0.03851,-2.4508786
0.038512,-3.098118
0.038514,-3.6066632
0.038516,-3.8840513
0.038518,-3.976514
0.03852,-3.8378198
0.038522,-3.467969
0.038523998,-2.9594238
0.038526,-2.2659533
0.038528,-1.48002
0.03853,-0.601624
0.038532,0.3230033
0.038534,1.2013993
0.038536,2.033564
0.038538,2.7732663
0.03854,3.3280425
0.038542,3.744125
0.038544,3.92905
0.038546,3.92905
0.038548,3.6978936
0.03855,3.2818112
0.038552,2.6808028
0.038554,1.9411016
0.038556,1.1551685
0.038558,0.23054075
0.03856,-0.694087
0.038562,-1.5262513
0.038564,-2.3121846
0.038566,-3.0056553
0.038568,-3.5142004
0.03857,-3.8378198
0.038572,-3.976514
0.038574,-3.8840513
0.038576,-3.5604317
0.038578,-3.0518866
0.03858,-2.4046474
0.038582,-1.6187139
0.038584,-0.78654957
0.038585998,0.13807821
0.038588,1.0627055
0.03859,1.8948698
0.038592,2.6345725
0.038594,3.23558
0.038596,3.6978936
0.038598,3.92905
0.0386,3.92905
0.038602,3.744125
0.038604,3.3742738
0.038606,2.8194976
0.038608,2.0797954
0.03861,1.2938623
0.038612,0.4154663
0.038614,-0.5091615
0.038616,-1.387557
0.038618,-2.2197218
0.03862,-2.9131925
0.038622,-3.4217377
0.038624,-3.7915885
0.038626,-3.976514
0.038628,-3.8840513
0.03863,-3.6066632
0.038632,-3.1905808
0.038634,-2.5433414
0.038636,-1.7574081
0.038638,-0.9252434
0.03864,-6.160736E-4
0.038642,0.92401123
0.038644,1.756176
0.038646,2.4958777
0.038647998,3.1431174
0.03865,3.605431
0.038652,3.8828197
0.038654,3.9752812
0.038656,3.7903562
0.038658,3.4667363
0.03866,2.9119601
0.038662,2.2184901
0.038664,1.5250192
0.038666,-0.3704667
0.038668,0.46169758
0.03867,1.3400936
0.038672,2.172258
0.038674,2.8657289
0.038676,3.420505
0.038678,3.8365874
0.03868,3.9752812
0.038682,3.9752812
0.038684,3.744125
0.038686,3.2818112
0.038688,2.6808028
0.03869,1.9411016
0.038692,1.1089368
0.038694,0.184309
0.038696,-0.7403178
0.038698,-1.5724826
0.0387,-2.3584158
0.038702,-3.0056553
0.038704,-3.5142004
0.038706,-3.8378198
0.038708,-3.9302826
0.038709998,-3.8378198
0.038712,-3.5142004
0.038714,-3.0056553
0.038716,-2.3584158
0.038718,-1.5724826
0.03872,-0.694087
0.038722,0.23054075
0.038724,1.1551685
0.038726,1.9411016
0.038728,2.6808028
0.03873,3.2818112
0.038732,3.6978936
0.038734,3.92905
0.038736,3.92905
0.038738,3.744125
0.03874,3.3280425
0.038742,2.7732663
0.038744,2.033564
0.038746,1.2476311
0.038748,0.3230033
0.03875,-0.601624
0.038752,-1.48002
0.038754,-2.2659533
0.038756,-2.9594238
0.038758,-3.467969
0.03876,-3.8378198
0.038762,-3.976514
0.038764,-3.8840513
0.038766,-3.6066632
0.038768,-3.1443493
0.03877,-2.4971101
0.038771998,-1.7111769
0.038774,-0.8790121
0.038776,0.045615196
0.038778,0.970243
0.03878,1.8024073
0.038782,2.5883412
0.038784,3.1893477
0.038786,3.6516623
0.038788,3.8828197
0.03879,3.92905
0.038792,3.7903562
0.038794,3.420505
0.038796,2.8657289
0.038798,2.172258
0.0388,1.3863249
0.038802,0.50792885
0.038804,-0.41669846
0.038806,-1.3413262
0.038808,-2.1272593
0.03881,-2.8207297
0.038812,-3.3755062
0.038814,-3.7915885
0.038816,-3.9302826
0.038818,-3.9302826
0.03882,-3.6528945
0.038822,-3.236812
0.038824,-2.589573
0.038826,-1.8498712
0.038828,-1.0177064
0.03883,-0.09307861
0.038832,0.8315482
0.038834,1.6637135
0.038836,2.4496465
0.038838,3.0968862
0.03884,3.605431
0.038842,3.8828197
0.038844,3.9752812
0.038846,3.8365874
0.038848,3.5129685
0.03885,2.9581914
0.038852,2.3109517
0.038854,1.4787879
0.038856,0.64662313
0.038858,-0.27800417
0.03886,-1.1564007
0.038862,-1.9885652
0.038864,-2.728267
0.038866,-3.329275
0.038868,-3.6991258
0.03887,-3.9302826
0.038872,-3.9302826
0.038874,-3.6991258
0.038876,-3.329275
0.038878,-2.728267
0.03888,-1.9885652
0.038882,-1.1564007
0.038884,-0.27800417
0.038886,0.64662313
0.038888,1.5250192
0.03889,2.3109517
0.038892,3.0044227
0.038894,3.5129685
0.038896,3.8365874
0.038898,3.9752812
0.0389,3.8828197
0.038902,3.5591989
0.038904,3.0968862
0.038906,2.4496465
0.038908,1.6637135
0.03891,0.7853174
0.038912,-0.09307861
0.038914,-1.0177064
0.038916,-1.8498712
0.038918,-2.589573
0.03892,-3.236812
0.038922,-3.6528945
0.038924,-3.9302826
0.038926,-3.9302826
0.038928,-3.7915885
0.03893,-3.4217377
0.038932,-2.8207297
0.038934,-2.1272593
0.038936,-1.3413262
0.038938,-0.41669846
0.03894,0.50792885
0.038942,1.3863249
0.038944,2.172258
0.038946,2.8657289
0.038948,3.420505
0.03895,3.7903562
0.038952,3.92905
0.038954,3.8828197
0.038956,3.6516623
0.038958,3.1893477
0.03896,2.542109
0.038962,1.8024073
0.038964,0.970243
0.038966,0.045615196
0.038968,-0.8790121
0.03897,-1.7111769
0.038972,-2.4508786
0.038974,-3.098118
0.038976,-3.6066632
0.038978,-3.8840513
0.03898,-3.976514
0.038982,-3.8378198
0.038984,-3.467969
0.038986,-2.9594238
0.038988,-2.2659533
0.03899,-1.48002
0.038992,-0.601624
0.038994,0.3230033
0.038996,1.2476311
0.038998,2.033564
0.039,2.7732663
0.039002,3.3742738
0.039003998,3.744125
0.039006,3.92905
0.039008,3.92905
0.03901,3.6978936
0.039012,3.2818112
0.039014,2.6808028
0.039016,1.9411016
0.039018,1.1089368
0.03902,0.23054075
0.039022,-0.694087
0.039024,-1.5724826
0.039026,-2.3584158
0.039028,-3.0056553
0.03903,-3.5142004
0.039032,-3.8378198
0.039034,-3.976514
0.039036,-3.8378198
0.039038,-3.5604317
0.03904,-3.0518866
0.039042,-2.4046474
0.039044,-1.6187139
0.039046,-0.7403178
0.039048,0.184309
0.03905,1.1089368
0.039052,1.8948698
0.039054,2.6808028
0.039056,3.2818112
0.039058,3.6978936
0.03906,3.92905
0.039062,3.92905
0.039064,3.744125
0.039065998,3.3742738
0.039068,2.7732663
0.03907,2.0797954
0.039072,1.2476311
0.039074,0.36923456
0.039076,-0.55539227
0.039078,-1.4337888
0.03908,-2.2197218
0.039082,-2.9131925
0.039084,-3.467969
0.039086,-0.7403178
0.039088,3.0044227
0.03909,3.8828197
0.039092,3.6516623
0.039094,3.1431174
0.039096,2.542109
0.039098,1.756176
0.0391,0.92401123
0.039102,-6.160736E-4
0.039104,-0.9252434
0.039106,-1.7574081
0.039108,-2.4971101
0.03911,-3.1443493
0.039112,-3.6066632
0.039114,-3.8840513
0.039116,-3.9302826
0.039118,-3.7915885
0.03912,-3.4217377
0.039122,-2.9131925
0.039124,-2.2197218
0.039126,-1.4337888
0.039127998,-0.5091615
0.03913,0.4154663
0.039132,1.2938623
0.039134,2.126027
0.039136,2.8194976
0.039138,3.3742738
0.03914,3.7903562
0.039142,3.92905
0.039144,3.92905
0.039146,3.6978936
0.039148,3.23558
0.03915,2.6345725
0.039152,1.8948698
0.039154,1.0627055
0.039156,0.13807821
0.039158,-0.7403178
0.03916,-1.6187139
0.039162,-2.4046474
0.039164,-3.0518866
0.039166,-3.5604317
0.039168,-3.8378198
0.03917,-3.976514
0.039172,-3.8378198
0.039174,-3.5142004
0.039176,-3.0056553
0.039178,-2.3584158
0.03918,-1.5262513
0.039182,-0.694087
0.039184,0.23054075
0.039186,1.1551685
0.039188,1.9873328
0.039189998,2.6808028
0.039192,3.2818112
0.039194,3.6978936
0.039196,3.92905
0.039198,3.92905
0.0392,3.744125
0.039202,3.3280425
0.039204,2.727035
0.039206,2.033564
0.039208,1.2013993
0.03921,0.3230033
0.039212,-0.601624
0.039214,-1.48002
0.039216,-2.2659533
0.039218,-2.9594238
0.03922,-3.467969
0.039222,-3.8378198
0.039224,-3.976514
0.039226,-3.8840513
0.039228,-3.6066632
0.03923,-3.098118
0.039232,-2.4971101
0.039234,-1.7111769
0.039236,-0.83278084
0.039238,0.091846466
0.03924,0.970243
0.039242,1.8024073
0.039244,2.5883412
0.039246,3.1893477
0.039248,3.6516623
0.03925,3.92905
0.039251998,3.92905
0.039254,3.7903562
0.039256,3.420505
0.039258,2.8657289
0.03926,2.172258
0.039262,1.3863249
0.039264,0.46169758
0.039266,-0.46292973
0.039268,-1.3413262
0.03927,-2.1272593
0.039272,-2.8207297
0.039274,-3.4217377
0.039276,-3.7915885
0.039278,-3.9302826
0.03928,-3.8840513
0.039282,-3.6528945
0.039284,-3.236812
0.039286,-2.589573
0.039288,-1.8498712
0.03929,-1.0177064
0.039292,-0.09307861
0.039294,0.8315482
0.039296,1.6637135
0.039298,2.4496465
0.0393,3.0968862
0.039302,3.605431
0.039304,3.8828197
0.039306,3.9752812
0.039308,3.8365874
0.03931,3.5129685
0.039312,2.9581914
0.039313998,2.3109517
0.039316,1.4787879
0.039318,0.64662313
0.03932,-0.27800417
0.039322,-1.202632
0.039324,-1.9885652
0.039326,-2.728267
0.039328,-3.329275
0.03933,-3.745357
0.039332,-3.9302826
0.039334,-3.9302826
0.039336,-3.6991258
0.039338,-3.2830436
0.03934,-2.728267
0.039342,-1.9885652
0.039344,-1.1564007
0.039346,-0.2317729
0.039348,0.6928544
0.03935,1.5250192
0.039352,2.3109517
0.039354,3.0044227
0.039356,3.5129685
0.039358,3.8365874
0.03936,3.9752812
0.039362,3.8828197
0.039364,3.5591989
0.039366,3.050654
0.039368,2.4034152
0.03937,1.6174817
0.039372,0.7853174
0.039374,-0.13931036
0.039375998,-1.0177064
0.039378,-1.8498712
0.03938,-2.589573
0.039382,-3.236812
0.039384,-3.6528945
0.039386,-3.9302826
0.039388,-3.9302826
0.03939,-3.745357
0.039392,-3.3755062
0.039394,-2.8207297
0.039396,-2.1272593
0.039398,-1.2950945
0.0394,-0.41669846
0.039402,0.50792885
0.039404,1.3863249
0.039406,2.2184901
0.039408,2.9119601
0.03941,3.420505
0.039412,3.7903562
0.039414,3.92905
0.039416,3.8828197
0.039418,3.6516623
0.03942,3.1893477
0.039422,2.542109
0.039424,1.756176
0.039426,0.92401123
0.039428,0.045615196
0.03943,-0.8790121
0.039432,-1.7111769
0.039434,-2.4971101
0.039436,-3.1443493
0.039437998,-3.6066632
0.03944,-3.8840513
0.039442,-3.976514
0.039444,-3.7915885
0.039446,-3.467969
0.039448,-2.9594238
0.03945,-2.2659533
0.039452,-1.4337888
0.039454,-0.55539227
0.039456,0.36923456
0.039458,1.2476311
0.03946,2.0797954
0.039462,2.7732663
0.039464,3.3742738
0.039466,3.744125
0.039468,3.92905
0.03947,3.92905
0.039472,3.6978936
0.039474,3.2818112
0.039476,2.6808028
0.039478,1.8948698
0.03948,1.1089368
0.039482,0.184309
0.039484,-0.7403178
0.039486,-1.5724826
0.039488,-2.3584158
0.03949,-3.0056553
0.039492,-3.5604317
0.039494,-3.8378198
0.039496,-3.976514
0.039498,-3.8378198
0.039499998,-3.5604317
0.039502,-3.0518866
0.039504,-2.4046474
0.039506,0.46169758
0.039508,0.64662313
0.03951,-0.27800417
0.039512,-1.1564007
0.039514,-1.9885652
0.039516,-2.728267
0.039518,-3.329275
0.03952,-3.745357
0.039522,-3.976514
0.039524,-3.976514
0.039526,-3.7915885
0.039528,-3.3755062
0.03953,-2.8207297
0.039532,-2.081028
0.039534,-1.2950945
0.039536,-0.3704667
0.039538,0.5541601
0.03954,1.4325566
0.039542,2.2184901
0.039544,2.9119601
0.039546,3.4667363
0.039548,3.7903562
0.03955,3.92905
0.039552,3.8828197
0.039554,3.605431
0.039556,3.1431174
0.039558,2.4958777
0.03956,1.7099442
0.039561998,0.87777996
0.039564,-0.046847343
0.039566,-0.9252434
0.039568,-1.7574081
0.03957,-2.5433414
0.039572,-3.1905808
0.039574,-3.6528945
0.039576,-3.8840513
0.039578,-3.9302826
0.03958,-3.7915885
0.039582,-3.4217377
0.039584,-2.9131925
0.039586,-2.2197218
0.039588,-1.387557
0.03959,-0.5091615
0.039592,0.4154663
0.039594,1.3400936
0.039596,2.126027
0.039598,2.8194976
0.0396,3.3742738
0.039602,3.7903562
0.039604,3.92905
0.039606,3.92905
0.039608,3.6516623
0.03961,3.23558
0.039612,2.5883412
0.039614,1.8486385
0.039616,1.0164738
0.039618,0.13807821
0.03962,-0.78654957
0.039622,-1.6187139
0.039623998,-2.4046474
0.039626,-3.0518866
0.039628,-3.5604317
0.03963,-3.8840513
0.039632,-3.976514
0.039634,-3.8378198
0.039636,-3.5142004
0.039638,-3.0056553
0.03964,-2.3121846
0.039642,-1.5262513
0.039644,-0.6478553
0.039646,0.27677202
0.039648,1.1551685
0.03965,1.9873328
0.039652,2.727035
0.039654,3.3280425
0.039656,3.6978936
0.039658,3.92905
0.03966,3.92905
0.039662,3.744125
0.039664,3.3280425
0.039666,2.727035
0.039668,1.9873328
0.03967,1.2013993
0.039672,0.27677202
0.039674,-0.6478553
0.039676,-1.48002
0.039678,-2.2659533
0.03968,-2.9594238
0.039682,-3.5142004
0.039684,-3.8378198
0.039685998,-3.976514
0.039688,-3.8840513
0.03969,-3.5604317
0.039692,-3.098118
0.039694,-2.4508786
0.039696,-1.6649456
0.039698,-0.83278084
0.0397,0.091846466
0.039702,1.0164738
0.039704,1.8486385
0.039706,2.5883412
0.039708,3.23558
0.03971,3.6516623
0.039712,3.92905
0.039714,3.92905
0.039716,3.7903562
0.039718,3.420505
0.03972,2.8657289
0.039722,2.126027
0.039724,1.3400936
0.039726,0.46169758
0.039728,-0.46292973
0.03973,-1.3413262
0.039732,-2.1272593
0.039734,-2.866961
0.039736,-3.4217377
0.039738,-3.7915885
0.03974,-3.9302826
0.039742,-3.8840513
0.039744,-3.6528945
0.039746,-3.1905808
0.039747998,-2.589573
0.03975,-1.8036394
0.039752,-0.9714751
0.039754,-0.046847343
0.039756,0.87777996
0.039758,1.7099442
0.03976,2.4958777
0.039762,3.1431174
0.039764,3.605431
0.039766,3.8828197
0.039768,3.9752812
0.03977,3.8365874
0.039772,3.4667363
0.039774,2.9581914
0.039776,2.2647214
0.039778,1.4787879
0.03978,0.60039186
0.039782,-0.32423592
0.039784,-1.202632
0.039786,-2.0347965
0.039788,-2.728267
0.03979,-3.329275
0.039792,-3.745357
0.039794,-3.9302826
0.039796,-3.9302826
0.039798,-3.6991258
0.0398,-3.2830436
0.039802,-2.6820357
0.039804,-1.9423337
0.039806,-1.1101689
0.039808,-0.2317729
0.039809998,0.6928544
0.039812,1.5712504
0.039814,2.357184
0.039816,3.0044227
0.039818,3.5129685
0.03982,3.8365874
0.039822,3.9752812
0.039824,3.8828197
0.039826,3.5591989
0.039828,3.050654
0.03983,2.4034152
0.039832,1.6174817
0.039834,0.7390857
0.039836,-0.13931036
0.039838,-1.0639377
0.03984,-1.8961024
0.039842,-2.6358042
0.039844,-3.236812
0.039846,-3.6991258
0.039848,-3.9302826
0.03985,-3.9302826
0.039852,-3.745357
0.039854,-3.3755062
0.039856,-2.8207297
0.039858,-2.081028
0.03986,-1.2950945
0.039862,-0.3704667
0.039864,0.5541601
0.039866,1.4325566
0.039868,2.2184901
0.03987,2.9119601
0.039871998,3.4667363
0.039874,3.7903562
0.039876,3.9752812
0.039878,3.8828197
0.03988,3.605431
0.039882,3.1431174
0.039884,2.542109
0.039886,1.756176
0.039888,0.92401123
0.03989,-6.160736E-4
0.039892,-0.8790121
0.039894,-1.7574081
0.039896,-2.4971101
0.039898,-3.1443493
0.0399,-3.6066632
0.039902,-3.8840513
0.039904,-3.9302826
0.039906,-3.7915885
0.039908,-3.467969
0.03991,-2.9131925
0.039912,-2.2197218
0.039914,-1.4337888
0.039916,-0.55539227
0.039918,0.36923456
0.03992,1.2938623
0.039922,2.0797954
0.039924,2.8194976
0.039926,0.7390857
0.039928,-2.589573
0.03993,-3.976514
0.039932,-3.9302826
0.039934,-3.6991258
0.039936,-3.2830436
0.039938,-2.6820357
0.03994,-1.9423337
0.039942,-1.1101689
0.039944,-0.18554163
0.039946,0.7390857
0.039948,1.5712504
0.03995,2.357184
0.039952,3.050654
0.039954,3.5591989
0.039956,3.8365874
0.039958,3.92905
0.03996,3.8365874
0.039962,3.5129685
0.039964,3.0044227
0.039966,2.357184
0.039968,1.5712504
0.03997,0.6928544
0.039972,-0.2317729
0.039974,-1.1101689
0.039976,-1.9423337
0.039978,-2.6820357
0.03998,-3.2830436
0.039982,-3.6991258
0.039984,-3.9302826
0.039986,-3.9302826
0.039988,-3.745357
0.03999,-3.329275
0.039992,-2.7744985
0.039994,-2.0347965
0.039996,-1.2488632
0.039998,-0.32423592
0.04,0.60039186
0.040002,1.4787879
0.040004,2.2647214
0.040006,2.9581914
0.040008,3.4667363
0.04001,3.8365874
0.040012,3.9752812
0.040014,3.8828197
0.040016,3.605431
0.040018,3.0968862
0.04002,2.4958777
0.040022,1.7099442
0.040024,0.87777996
0.040026,-0.046847343
0.040028,-0.9714751
0.04003,-1.8036394
0.040032,-2.5433414
0.040034,-3.1905808
0.040036,-3.6528945
0.040038,-3.8840513
0.04004,-3.9302826
0.040042,-3.7915885
0.040044,-3.4217377
0.040046,-2.866961
0.040048,-2.1734905
0.04005,-1.387557
0.040052,-0.46292973
0.040054,0.46169758
0.040056,1.3400936
0.040058,2.126027
0.04006,2.8657289
0.040062,3.420505
0.040064,3.7903562
0.040066,3.92905
0.040068,3.92905
0.04007,3.6516623
0.040072,3.23558
0.040074,2.5883412
0.040076,1.8486385
0.040078,1.0164738
0.04008,0.091846466
0.040082,-0.78654957
0.040084,-1.6649456
0.040086,-2.4046474
0.040088,-3.098118
0.04009,-3.5604317
0.040092,-3.8840513
0.040094,-3.976514
0.040096,-3.8378198
0.040098,-3.5142004
0.0401,-3.0056553
0.040102,-2.3121846
0.040104,-1.5262513
0.040106,-0.6478553
0.040108,0.27677202
0.04011,1.2013993
0.040112,1.9873328
0.040114,2.727035
0.040116,3.3280425
0.040118,3.744125
0.04012,3.92905
0.040122,3.92905
0.040124,3.6978936
0.040126,3.3280425
0.040128,2.727035
0.04013,1.9873328
0.040132,1.1551685
0.040134,0.27677202
0.040136,-0.6478553
0.040138,-1.48002
0.04014,-2.3121846
0.040142,-2.9594238
0.040144,-3.5142004
0.040146,-3.8378198
0.040148,-3.976514
0.04015,-3.8840513
0.040152,-3.5604317
0.040154,-3.098118
0.040156,-2.4508786
0.040158,-1.6649456
0.04016,-0.78654957
0.040162,0.13807821
0.040164,1.0164738
0.040165998,1.8486385
0.040168,2.6345725
0.04017,3.23558
0.040172,3.6516623
0.040174,3.92905
0.040176,3.92905
0.040178,3.744125
0.04018,3.3742738
0.040182,2.8194976
0.040184,2.126027
0.040186,1.3400936
0.040188,0.4154663
0.04019,-0.5091615
0.040192,-1.387557
0.040194,-2.1734905
0.040196,-2.866961
0.040198,-3.4217377
0.0402,-3.7915885
0.040202,-3.9302826
0.040204,-3.8840513
0.040206,-3.6528945
0.040208,-3.1905808
0.04021,-2.589573
0.040212,-1.8036394
0.040214,-0.9714751
0.040216,-0.046847343
0.040218,0.87777996
0.04022,1.7099442
0.040222,2.4958777
0.040224,3.1431174
0.040226,3.605431
0.040227998,3.8828197
0.04023,3.9752812
0.040232,3.8365874
0.040234,3.4667363
0.040236,2.9581914
0.040238,2.2647214
0.04024,1.4787879
0.040242,0.60039186
0.040244,-0.32423592
0.040246,-1.2488632
0.040248,-2.0347965
0.04025,-2.7744985
0.040252,-3.329275
0.040254,-3.745357
0.040256,-3.9302826
0.040258,-3.9302826
0.04026,-3.6991258
0.040262,-3.2830436
0.040264,-2.6820357
0.040266,-1.9423337
0.040268,-1.1101689
0.04027,-0.18554163
0.040272,0.7390857
0.040274,1.5712504
0.040276,2.357184
0.040278,3.050654
0.04028,3.5591989
0.040282,3.8365874
0.040284,3.9752812
0.040286,3.8365874
0.040288,3.5591989
0.040289998,3.050654
0.040292,2.4034152
0.040294,1.6174817
0.040296,0.7390857
0.040298,-0.18554163
0.0403,-1.0639377
0.040302,-1.8961024
0.040304,-2.6358042
0.040306,-3.236812
0.040308,-3.6991258
0.04031,-3.9302826
0.040312,-3.9302826
0.040314,-3.745357
0.040316,-3.3755062
0.040318,-2.8207297
0.04032,-2.081028
0.040322,-1.2488632
0.040324,-0.3704667
0.040326,0.5541601
0.040328,1.4325566
0.04033,2.2184901
0.040332,2.9119601
0.040334,3.4667363
0.040336,3.7903562
0.040338,3.92905
0.04034,3.8828197
0.040342,3.605431
0.040344,3.1431174
0.040346,0.970243
0.040348,-1.48002
0.04035,-0.83278084
0.040351998,0.091846466
0.040354,1.0164738
0.040356,1.8486385
0.040358,2.5883412
0.04036,3.23558
0.040362,3.6978936
0.040364,3.92905
0.040366,3.9752812
0.040368,3.8365874
0.04037,3.4667363
0.040372,2.9119601
0.040374,2.2184901
0.040376,1.4325566
0.040378,0.5541601
0.04038,-0.3704667
0.040382,-1.2488632
0.040384,-2.081028
0.040386,-2.7744985
0.040388,-3.3755062
0.04039,-3.745357
0.040392,-3.9302826
0.040394,-3.8840513
0.040396,-3.6528945
0.040398,-3.236812
0.0404,-2.6358042
0.040402,-1.8961024
0.040404,-1.0639377
0.040406,-0.13931036
0.040408,0.7853174
0.04041,1.6174817
0.040412,2.4034152
0.040413998,3.0968862
0.040416,3.5591989
0.040418,3.8828197
0.04042,3.9752812
0.040422,3.8365874
0.040424,3.5129685
0.040426,3.0044227
0.040428,2.3109517
0.04043,1.5250192
0.040432,0.6928544
0.040434,-0.2317729
0.040436,-1.1564007
0.040438,-1.9423337
0.04044,-2.6820357
0.040442,-3.2830436
0.040444,-3.6991258
0.040446,-3.9302826
0.040448,-3.9302826
0.04045,-3.745357
0.040452,-3.329275
0.040454,-2.7744985
0.040456,-2.0347965
0.040458,-1.202632
0.04046,-0.27800417
0.040462,0.64662313
0.040464,1.4787879
0.040466,2.3109517
0.040468,2.9581914
0.04047,3.5129685
0.040472,3.8365874
0.040474,3.9752812
0.040475998,3.8828197
0.040478,3.605431
0.04048,3.0968862
0.040482,2.4496465
0.040484,1.6637135
0.040486,0.8315482
0.040488,-0.09307861
0.04049,-0.9714751
0.040492,-1.8036394
0.040494,-2.589573
0.040496,-3.1905808
0.040498,-3.6528945
0.0405,-3.8840513
0.040502,-3.9302826
0.040504,-3.7915885
0.040506,-3.4217377
0.040508,-2.866961
0.04051,-2.1734905
0.040512,-1.3413262
0.040514,-0.46292973
0.040516,0.46169758
0.040518,1.3400936
0.04052,2.172258
0.040522,2.8657289
0.040524,3.420505
0.040526,3.7903562
0.040528,3.92905
0.04053,3.8828197
0.040532,3.6516623
0.040534,3.1893477
0.040536,2.5883412
0.040537998,1.8024073
0.04054,0.970243
0.040542,0.091846466
0.040544,-0.83278084
0.040546,-1.6649456
0.040548,-2.4508786
0.04055,-3.098118
0.040552,-3.6066632
0.040554,-3.8840513
0.040556,-3.976514
0.040558,-3.8378198
0.04056,-3.5142004
0.040562,-2.9594238
0.040564,-2.3121846
0.040566,-1.48002
0.040568,-0.601624
0.04057,0.3230033
0.040572,1.2013993
0.040574,2.033564
0.040576,2.727035
0.040578,3.3280425
0.04058,3.744125
0.040582,3.92905
0.040584,3.92905
0.040586,3.6978936
0.040588,3.2818112
0.04059,2.6808028
0.040592,1.9411016
0.040594,1.1551685
0.040596,0.23054075
0.040598,-0.694087
0.040599998,-1.5262513
0.040602,-2.3121846
0.040604,-3.0056553
0.040606,-3.5142004
0.040608,-3.8378198
0.04061,-3.976514
0.040612,-3.8840513
0.040614,-3.5604317
0.040616,-3.098118
0.040618,-2.4046474
0.04062,-1.6187139
0.040622,-0.78654957
0.040624,0.13807821
0.040626,1.0627055
0.040628,1.8948698
0.04063,2.6345725
0.040632,3.23558
0.040634,3.6978936
0.040636,3.92905
0.040638,3.92905
0.04064,3.744125
0.040642,3.3742738
0.040644,2.8194976
0.040646,2.0797954
0.040648,1.2938623
0.04065,0.4154663
0.040652,-0.5091615
0.040654,-1.387557
0.040656,-2.1734905
0.040658,-2.866961
0.04066,-3.4217377
0.040661998,-3.7915885
0.040664,-3.9302826
0.040666,-3.8840513
0.040668,-3.6528945
0.04067,-3.1905808
0.040672,-2.5433414
0.040674,-1.7574081
0.040676,-0.9252434
0.040678,-6.160736E-4
0.04068,0.87777996
0.040682,1.756176
0.040684,2.4958777
0.040686,3.1431174
0.040688,3.605431
0.04069,3.8828197
0.040692,3.9752812
0.040694,3.7903562
0.040696,3.4667363
0.040698,2.9119601
0.0407,2.2184901
0.040702,1.4325566
0.040704,0.5541601
0.040706,-0.3704667
0.040708,-1.2488632
0.04071,-2.0347965
0.040712,-2.7744985
0.040714,-3.3755062
0.040716,-3.745357
0.040718,-3.9302826
0.04072,-3.9302826
0.040722,-3.6991258
0.040723998,-3.2830436
0.040726,-2.6820357
0.040728,-1.9423337
0.04073,-1.1101689
0.040732,-0.18554163
0.040734,0.7390857
0.040736,1.6174817
0.040738,2.4034152
0.04074,3.050654
0.040742,3.5591989
0.040744,3.8365874
0.040746,3.9752812
0.040748,3.8365874
0.04075,3.5129685
0.040752,3.050654
0.040754,2.357184
0.040756,1.5712504
0.040758,0.7390857
0.04076,-0.18554163
0.040762,-1.1101689
0.040764,-1.8961024
0.040766,-0.6478553
0.040768,2.9119601
0.04077,3.744125
0.040772,3.9752812
0.040774,3.9752812
0.040776,3.7903562
0.040778,3.3742738
0.04078,2.8194976
0.040782,2.0797954
0.040784,1.2938623
0.040785998,0.36923456
0.040788,-0.55539227
0.04079,-1.4337888
0.040792,-2.2197218
0.040794,-2.9131925
0.040796,-3.467969
0.040798,-3.7915885
0.0408,-3.9302826
0.040802,-3.8840513
0.040804,-3.6066632
0.040806,-3.1443493
0.040808,-2.4971101
0.04081,-1.7111769
0.040812,-0.8790121
0.040814,0.045615196
0.040816,0.970243
0.040818,1.8024073
0.04082,2.542109
0.040822,3.1893477
0.040824,3.6516623
0.040826,3.92905
0.040828,3.9752812
0.04083,3.7903562
0.040832,3.420505
0.040834,2.8657289
0.040836,2.172258
0.040838,1.3863249
0.04084,0.50792885
0.040842,-0.41669846
0.040844,-1.2950945
0.040846,-2.081028
0.040847998,-2.8207297
0.04085,-3.3755062
0.040852,-3.745357
0.040854,-3.9302826
0.040856,-3.9302826
0.040858,-3.6528945
0.04086,-3.236812
0.040862,-2.6358042
0.040864,-1.8498712
0.040866,-1.0177064
0.040868,-0.13931036
0.04087,0.7853174
0.040872,1.6637135
0.040874,2.4496465
0.040876,3.0968862
0.040878,3.5591989
0.04088,3.8828197
0.040882,3.9752812
0.040884,3.8365874
0.040886,3.5129685
0.040888,3.0044227
0.04089,2.3109517
0.040892,1.5250192
0.040894,0.64662313
0.040896,-0.2317729
0.040898,-1.1564007
0.0409,-1.9423337
0.040902,-2.6820357
0.040904,-3.2830436
0.040906,-3.6991258
0.040908,-3.9302826
0.040909998,-3.9302826
0.040912,-3.745357
0.040914,-3.329275
0.040916,-2.728267
0.040918,-1.9885652
0.04092,-1.202632
0.040922,-0.27800417
0.040924,0.64662313
0.040926,1.4787879
0.040928,2.3109517
0.04093,3.0044227
0.040932,3.5129685
0.040934,3.8365874
0.040936,3.9752812
0.040938,3.8828197
0.04094,3.5591989
0.040942,3.0968862
0.040944,2.4496465
0.040946,1.6637135
0.040948,0.8315482
0.04095,-0.09307861
0.040952,-1.0177064
0.040954,-1.8036394
0.040956,-2.589573
0.040958,-3.1905808
0.04096,-3.6528945
0.040962,-3.8840513
0.040964,-3.9302826
0.040966,-3.7915885
0.040968,-3.4217377
0.04097,-2.866961
0.040971998,-2.1272593
0.040974,-1.3413262
0.040976,-0.46292973
0.040978,0.46169758
0.04098,1.3863249
0.040982,2.172258
0.040984,2.8657289
0.040986,3.420505
0.040988,3.7903562
0.04099,3.92905
0.040992,3.8828197
0.040994,3.6516623
0.040996,3.1893477
0.040998,2.5883412
0.041,1.8024073
0.041002,0.970243
0.041004,0.091846466
0.041006,-0.83278084
0.041008,-1.6649456
0.04101,-2.4508786
0.041012,-3.098118
0.041014,-3.6066632
0.041016,-3.8840513
0.041018,-3.976514
0.04102,-3.8378198
0.041022,-3.467969
0.041024,-2.9594238
0.041026,-2.2659533
0.041028,-1.48002
0.04103,-0.601624
0.041032,0.3230033
0.041033998,1.2476311
0.041036,2.033564
0.041038,2.7732663
0.04104,3.3280425
0.041042,3.744125
0.041044,3.92905
0.041046,3.92905
0.041048,3.6978936
0.04105,3.2818112
0.041052,2.6808028
0.041054,1.9411016
0.041056,1.1089368
0.041058,0.23054075
0.04106,-0.694087
0.041062,-1.5262513
0.041064,-2.3121846
0.041066,-3.0056553
0.041068,-3.5142004
0.04107,-3.8378198
0.041072,-3.976514
0.041074,-3.8378198
0.041076,-3.5604317
0.041078,-3.0518866
0.04108,-2.4046474
0.041082,-1.6187139
0.041084,-0.7403178
0.041086,0.184309
0.041088,1.0627055
0.04109,1.8948698
0.041092,2.6345725
0.041094,3.23558
0.041096,3.6978936
0.041098,3.92905
0.0411,3.92905
0.041102,3.744125
0.041104,3.3742738
0.041106,2.8194976
0.041108,2.0797954
0.04111,1.2938623
0.041112,0.36923456
0.041114,-0.5091615
0.041116,-1.4337888
0.041118,-2.2197218
0.04112,-2.9131925
0.041122,-3.467969
0.041124,-3.7915885
0.041126,-3.9302826
0.041128,-3.8840513
0.04113,-3.6066632
0.041132,-3.1443493
0.041134,-2.5433414
0.041136,-1.7574081
0.041138,-0.9252434
0.04114,-6.160736E-4
0.041142,0.92401123
0.041144,1.756176
0.041146,2.542109
0.041148,3.1431174
0.04115,3.605431
0.041152,3.8828197
0.041154,3.9752812
0.041156,3.7903562
0.041158,3.4667363
0.04116,2.9119601
0.041162,2.2184901
0.041164,1.4325566
0.041166,0.5541601
0.041168,-0.3704667
0.04117,-1.2488632
0.041172,-2.081028
0.041174,-2.7744985
0.041176,-3.3755062
0.041178,-3.745357
0.04118,-3.9302826
0.041182,-3.9302826
0.041184,-3.6991258
0.041186,-2.1272593
0.041188,1.5250192
0.04119,1.8024073
0.041192,1.0164738
0.041194,0.13807821
0.041196,-0.78654957
0.041198,-1.6187139
0.0412,-2.4046474
0.041202,-3.098118
0.041204,-3.5604317
0.041206,-3.8840513
0.041208,-3.976514
0.04121,-3.8840513
0.041212,-3.5604317
0.041214,-3.0518866
0.041216,-2.3584158
0.041218,-1.5724826
0.04122,-0.694087
0.041222,0.23054075
0.041224,1.1089368
0.041226,1.9411016
0.041228,2.6808028
0.04123,3.2818112
0.041232,3.6978936
0.041234,3.92905
0.041236,3.92905
0.041238,3.744125
0.04124,3.3280425
0.041242,2.7732663
0.041244,2.033564
0.041246,1.2013993
0.041248,0.3230033
0.04125,-0.601624
0.041252,-1.48002
0.041254,-2.2659533
0.041256,-2.9594238
0.041258,-3.467969
0.04126,-3.8378198
0.041262,-3.976514
0.041264,-3.8840513
0.041265998,-3.6066632
0.041268,-3.1443493
0.04127,-2.4971101
0.041272,-1.7111769
0.041274,-0.83278084
0.041276,0.091846466
0.041278,0.970243
0.04128,1.8024073
0.041282,2.5883412
0.041284,3.1893477
0.041286,3.6516623
0.041288,3.8828197
0.04129,3.92905
0.041292,3.7903562
0.041294,3.420505
0.041296,2.8657289
0.041298,2.172258
0.0413,1.3863249
0.041302,0.46169758
0.041304,-0.41669846
0.041306,-1.3413262
0.041308,-2.1272593
0.04131,-2.8207297
0.041312,-3.3755062
0.041314,-3.7915885
0.041316,-3.9302826
0.041318,-3.8840513
0.04132,-3.6528945
0.041322,-3.236812
0.041324,-2.589573
0.041326,-1.8498712
0.041327998,-1.0177064
0.04133,-0.09307861
0.041332,0.8315482
0.041334,1.6637135
0.041336,2.4496465
0.041338,3.0968862
0.04134,3.605431
0.041342,3.8828197
0.041344,3.9752812
0.041346,3.8365874
0.041348,3.5129685
0.04135,2.9581914
0.041352,2.3109517
0.041354,1.4787879
0.041356,0.64662313
0.041358,-0.27800417
0.04136,-1.1564007
0.041362,-1.9885652
0.041364,-2.728267
0.041366,-3.329275
0.041368,-3.6991258
0.04137,-3.9302826
0.041372,-3.9302826
0.041374,-3.6991258
0.041376,-3.329275
0.041378,-2.728267
0.04138,-1.9885652
0.041382,-1.1564007
0.041384,-0.27800417
0.041386,0.64662313
0.041388,1.5250192
0.041389998,2.3109517
0.041392,3.0044227
0.041394,3.5129685
0.041396,3.8365874
0.041398,3.9752812
0.0414,3.8828197
0.041402,3.5591989
0.041404,3.0968862
0.041406,2.4034152
0.041408,1.6637135
0.04141,0.7853174
0.041412,-0.13931036
0.041414,-1.0177064
0.041416,-1.8498712
0.041418,-2.589573
0.04142,-3.236812
0.041422,-3.6528945
0.041424,-3.9302826
0.041426,-3.9302826
0.041428,-3.7915885
0.04143,-3.3755062
0.041432,-2.8207297
0.041434,-2.1272593
0.041436,-1.2950945
0.041438,-0.41669846
0.04144,0.50792885
0.041442,1.3863249
0.041444,2.172258
0.041446,2.9119601
0.041448,3.420505
0.04145,3.7903562
0.041451998,3.9752812
0.041454,3.8828197
0.041456,3.6516623
0.041458,3.1893477
0.04146,2.542109
0.041462,1.8024073
0.041464,0.970243
0.041466,0.045615196
0.041468,-0.8790121
0.04147,-1.7111769
0.041472,-2.4971101
0.041474,-3.1443493
0.041476,-3.6066632
0.041478,-3.8840513
0.04148,-3.976514
0.041482,-3.7915885
0.041484,-3.467969
0.041486,-2.9594238
0.041488,-2.2659533
0.04149,-1.48002
0.041492,-0.55539227
0.041494,0.36923456
0.041496,1.2476311
0.041498,2.0797954
0.0415,2.7732663
0.041502,3.3742738
0.041504,3.744125
0.041506,3.92905
0.041508,3.92905
0.04151,3.6978936
0.041512,3.2818112
0.041513998,2.6808028
0.041516,1.9411016
0.041518,1.1089368
0.04152,0.184309
0.041522,-0.694087
0.041524,-1.5724826
0.041526,-2.3584158
0.041528,-3.0056553
0.04153,-3.5142004
0.041532,-3.8378198
0.041534,-3.976514
0.041536,-3.8378198
0.041538,-3.5604317
0.04154,-3.0518866
0.041542,-2.4046474
0.041544,-1.5724826
0.041546,-0.7403178
0.041548,0.184309
0.04155,1.1089368
0.041552,1.9411016
0.041554,2.6808028
0.041556,3.2818112
0.041558,3.6978936
0.04156,3.92905
0.041562,3.92905
0.041564,3.744125
0.041566,3.3742738
0.041568,2.7732663
0.04157,2.0797954
0.041572,1.2476311
0.041574,0.36923456
0.041575998,-0.55539227
0.041578,-1.4337888
0.04158,-2.2197218
0.041582,-2.9131925
0.041584,-3.467969
0.041586,-3.7915885
0.041588,-3.976514
0.04159,-3.8840513
0.041592,-3.6066632
0.041594,-3.1443493
0.041596,-2.4971101
0.041598,-1.7574081
0.0416,-0.8790121
0.041602,0.045615196
0.041604,0.92401123
0.041606,0.13807821
0.041608,-2.4971101
0.04161,-3.236812
0.041612,-3.6991258
0.041614,-3.9302826
0.041616,-3.976514
0.041618,-3.8378198
0.04162,-3.467969
0.041622,-2.9594238
0.041624,-2.2659533
0.041626,-1.4337888
0.041628,-0.55539227
0.04163,0.36923456
0.041632,1.2938623
0.041634,2.0797954
0.041636,2.8194976
0.041637998,3.3742738
0.04164,3.744125
0.041642,3.92905
0.041644,3.8828197
0.041646,3.6516623
0.041648,3.23558
0.04165,2.6345725
0.041652,1.8486385
0.041654,1.0627055
0.041656,0.13807821
0.041658,-0.78654957
0.04166,-1.6187139
0.041662,-2.4046474
0.041664,-3.0518866
0.041666,-3.5604317
0.041668,-3.8840513
0.04167,-3.976514
0.041672,-3.8378198
0.041674,-3.5142004
0.041676,-3.0056553
0.041678,-2.3584158
0.04168,-1.5262513
0.041682,-0.694087
0.041684,0.23054075
0.041686,1.1551685
0.041688,1.9873328
0.04169,2.727035
0.041692,3.2818112
0.041694,3.6978936
0.041696,3.92905
0.041698,3.92905
0.041699998,3.744125
0.041702,3.3280425
0.041704,2.727035
0.041706,2.033564
0.041708,1.2013993
0.04171,0.3230033
0.041712,-0.601624
0.041714,-1.48002
0.041716,-2.2659533
0.041718,-2.9594238
0.04172,-3.467969
0.041722,-3.8378198
0.041724,-3.976514
0.041726,-3.8840513
0.041728,-3.6066632
0.04173,-3.098118
0.041732,-2.4508786
0.041734,-1.7111769
0.041736,-0.83278084
0.041738,0.091846466
0.04174,1.0164738
0.041742,1.8486385
0.041744,2.5883412
0.041746,3.1893477
0.041748,3.6516623
0.04175,3.92905
0.041752,3.92905
0.041754,3.7903562
0.041756,3.420505
0.041758,2.8657289
0.04176,2.172258
0.041761998,1.3400936
0.041764,0.46169758
0.041766,-0.46292973
0.041768,-1.3413262
0.04177,-2.1272593
0.041772,-2.866961
0.041774,-3.4217377
0.041776,-3.7915885
0.041778,-3.9302826
0.04178,-3.8840513
0.041782,-3.6528945
0.041784,-3.1905808
0.041786,-2.589573
0.041788,-1.8498712
0.04179,-0.9714751
0.041792,-0.09307861
0.041794,0.8315482
0.041796,1.6637135
0.041798,2.4496465
0.0418,3.0968862
0.041802,3.605431
0.041804,3.8828197
0.041806,3.9752812
0.041808,3.8365874
0.04181,3.4667363
0.041812,2.9581914
0.041814,2.2647214
0.041816,1.4787879
0.041818,0.64662313
0.04182,-0.27800417
0.041822,-1.202632
0.041823998,-1.9885652
0.041826,-2.728267
0.041828,-3.329275
0.04183,-3.745357
0.041832,-3.9302826
0.041834,-3.9302826
0.041836,-3.6991258
0.041838,-3.2830436
0.04184,-2.728267
0.041842,-1.9885652
0.041844,-1.1564007
0.041846,-0.2317729
0.041848,0.6928544
0.04185,1.5250192
0.041852,2.357184
0.041854,3.0044227
0.041856,3.5129685
0.041858,3.8365874
0.04186,3.9752812
0.041862,3.8828197
0.041864,3.5591989
0.041866,3.050654
0.041868,2.4034152
0.04187,1.6174817
0.041872,0.7853174
0.041874,-0.13931036
0.041876,-1.0177064
0.041878,-1.8498712
0.04188,-2.589573
0.041882,-3.236812
0.041884,-3.6528945
0.041885998,-3.9302826
0.041888,-3.9302826
0.04189,-3.745357
0.041892,-3.3755062
0.041894,-2.8207297
0.041896,-2.1272593
0.041898,-1.2950945
0.0419,-0.41669846
0.041902,0.50792885
0.041904,1.4325566
0.041906,2.2184901
0.041908,2.9119601
0.04191,3.4667363
0.041912,3.7903562
0.041914,3.92905
0.041916,3.8828197
0.041918,3.6516623
0.04192,3.1893477
0.041922,2.542109
0.041924,1.756176
0.041926,0.92401123
0.041928,0.045615196
0.04193,-0.8790121
0.041932,-1.7111769
0.041934,-2.4971101
0.041936,-3.1443493
0.041938,-3.6066632
0.04194,-3.8840513
0.041942,-3.9302826
0.041944,-3.7915885
0.041946,-3.467969
0.041947998,-2.9131925
0.04195,-2.2659533
0.041952,-1.4337888
0.041954,-0.55539227
0.041956,0.36923456
0.041958,1.2476311
0.04196,2.0797954
0.041962,2.7732663
0.041964,3.3742738
0.041966,3.744125
0.041968,3.92905
0.04197,3.92905
0.041972,3.6978936
0.041974,3.2818112
0.041976,2.6345725
0.041978,1.8948698
0.04198,1.1089368
0.041982,0.184309
0.041984,-0.7403178
0.041986,-1.5724826
0.041988,-2.3584158
0.04199,-3.0518866
0.041992,-3.5604317
0.041994,-3.8378198
0.041996,-3.976514
0.041998,-3.8378198
0.042,-3.5604317
0.042002,-3.0518866
0.042004,-2.3584158
0.042006,-1.5724826
0.042008,-0.7403178
0.042009998,0.184309
0.042012,1.1089368
0.042014,1.9411016
0.042016,2.6808028
0.042018,3.2818112
0.04202,3.6978936
0.042022,3.92905
0.042024,3.92905
0.042026,2.8194976
0.042028,-0.601624
0.04203,-2.6358042
0.042032,-2.0347965
0.042034,-1.202632
0.042036,-0.32423592
0.042038,0.60039186
0.04204,1.4787879
0.042042,2.2647214
0.042044,2.9581914
0.042046,3.5129685
0.042048,3.8365874
0.04205,3.9752812
0.042052,3.8828197
0.042054,3.605431
0.042056,3.1431174
0.042058,2.4958777
0.04206,1.7099442
0.042062,0.87777996
0.042064,-0.046847343
0.042066,-0.9252434
0.042068,-1.7574081
0.04207,-2.5433414
0.042071998,-3.1905808
0.042074,-3.6528945
0.042076,-3.8840513
0.042078,-3.9302826
0.04208,-3.7915885
0.042082,-3.4217377
0.042084,-2.9131925
0.042086,-2.1734905
0.042088,-1.387557
0.04209,-0.5091615
0.042092,0.4154663
0.042094,1.3400936
0.042096,2.126027
0.042098,2.8194976
0.0421,3.3742738
0.042102,3.7903562
0.042104,3.92905
0.042106,3.92905
0.042108,3.6516623
0.04211,3.23558
0.042112,2.5883412
0.042114,1.8486385
0.042116,1.0164738
0.042118,0.13807821
0.04212,-0.78654957
0.042122,-1.6187139
0.042124,-2.4046474
0.042126,-3.098118
0.042128,-3.5604317
0.04213,-3.8840513
0.042132,-3.976514
0.042133998,-3.8378198
0.042136,-3.5142004
0.042138,-3.0056553
0.04214,-2.3121846
0.042142,-1.5262513
0.042144,-0.6478553
0.042146,0.27677202
0.042148,1.1551685
0.04215,1.9873328
0.042152,2.727035
0.042154,3.3280425
0.042156,3.6978936
0.042158,3.92905
0.04216,3.92905
0.042162,3.6978936
0.042164,3.3280425
0.042166,2.727035
0.042168,1.9873328
0.04217,1.2013993
0.042172,0.27677202
0.042174,-0.6478553
0.042176,-1.48002
0.042178,-2.2659533
0.04218,-2.9594238
0.042182,-3.5142004
0.042184,-3.8378198
0.042186,-3.976514
0.042188,-3.8840513
0.04219,-3.5604317
0.042192,-3.098118
0.042194,-2.4508786
0.042195998,-1.6649456
0.042198,-0.83278084
0.0422,0.091846466
0.042202,1.0164738
0.042204,1.8486385
0.042206,2.5883412
0.042208,3.23558
0.04221,3.6516623
0.042212,3.92905
0.042214,3.92905
0.042216,3.7903562
0.042218,3.3742738
0.04222,2.8194976
0.042222,2.126027
0.042224,1.3400936
0.042226,0.46169758
0.042228,-0.46292973
0.04223,-1.387557
0.042232,-2.1734905
0.042234,-2.866961
0.042236,-3.4217377
0.042238,-3.7915885
0.04224,-3.9302826
0.042242,-3.8840513
0.042244,-3.6528945
0.042246,-3.1905808
0.042248,-2.589573
0.04225,-1.8036394
0.042252,-0.9714751
0.042254,-0.046847343
0.042256,0.87777996
0.042258,1.7099442
0.04226,2.4958777
0.042262,3.1431174
0.042264,3.605431
0.042266,3.8828197
0.042268,3.9752812
0.04227,3.8365874
0.042272,3.4667363
0.042274,2.9581914
0.042276,2.2647214
0.042278,1.4787879
0.04228,0.60039186
0.042282,-0.32423592
0.042284,-1.202632
0.042286,-2.0347965
0.042288,-2.728267
0.04229,-3.329275
0.042292,-3.745357
0.042294,-3.9302826
0.042296,-3.9302826
0.042298,-3.6991258
0.0423,-3.2830436
0.042302,-2.6820357
0.042304,-1.9423337
0.042306,-1.1101689
0.042308,-0.2317729
0.04231,0.6928544
0.042312,1.5712504
0.042314,2.357184
0.042316,3.050654
0.042318,3.5129685
0.04232,3.8365874
0.042322,3.9752812
0.042324,3.8365874
0.042326,3.5591989
0.042328,3.050654
0.04233,2.4034152
0.042332,1.6174817
0.042334,0.7390857
0.042336,-0.13931036
0.042338,-1.0639377
0.04234,-1.8961024
0.042342,-2.6358042
0.042344,-3.236812
0.042346,-3.6991258
0.042348,-3.9302826
0.04235,-3.9302826
0.042352,-3.745357
0.042354,-3.3755062
0.042356,-2.8207297
0.042358,-2.081028
0.04236,-1.2950945
0.042362,-0.3704667
0.042364,0.5541601
0.042366,1.4325566
0.042368,2.2184901
0.04237,2.9119601
0.042372,3.4667363
0.042374,3.7903562
0.042376,3.9752812
0.042378,3.8828197
0.04238,3.605431
0.042382,3.1431174
0.042384,2.4958777
0.042386,1.756176
0.042388,0.92401123
0.04239,-6.160736E-4
0.042392,-0.9252434
0.042394,-1.7574081
0.042396,-2.4971101
0.042398,-3.1443493
0.0424,-3.6066632
0.042402,-3.8840513
0.042404,-3.976514
0.042406,-3.7915885
0.042408,-3.467969
0.04241,-2.9131925
0.042412,-2.2197218
0.042414,-1.4337888
0.042416,-0.55539227
0.042418,0.36923456
0.04242,1.2938623
0.042422,2.0797954
0.042424,2.8194976
0.042426,3.3742738
0.042427998,3.744125
0.04243,3.92905
0.042432,3.92905
0.042434,3.6978936
0.042436,3.23558
0.042438,2.6345725
0.04244,1.8948698
0.042442,1.0627055
0.042444,0.184309
0.042446,0.13807821
0.042448,1.6637135
0.04245,2.4958777
0.042452,3.1431174
0.042454,3.605431
0.042456,3.92905
0.042458,4.0215135
0.04246,3.8828197
0.042462,3.5591989
0.042464,3.050654
0.042466,2.4034152
0.042468,1.5712504
0.04247,0.7390857
0.042472,-0.18554163
0.042474,-1.1101689
0.042476,-1.8961024
0.042478,-2.6358042
0.04248,-3.236812
0.042482,-3.6991258
0.042484,-3.8840513
0.042486,-3.9302826
0.042488,-3.745357
0.042489998,-3.329275
0.042492,-2.7744985
0.042494,-2.0347965
0.042496,-1.202632
0.042498,-0.32423592
0.0425,0.60039186
0.042502,1.4787879
0.042504,2.2647214
0.042506,2.9581914
0.042508,3.5129685
0.04251,3.8365874
0.042512,3.9752812
0.042514,3.8828197
0.042516,3.605431
0.042518,3.1431174
0.04252,2.4958777
0.042522,1.7099442
0.042524,0.87777996
0.042526,-0.046847343
0.042528,-0.9714751
0.04253,-1.8036394
0.042532,-2.5433414
0.042534,-3.1905808
0.042536,-3.6528945
0.042538,-3.8840513
0.04254,-3.9302826
0.042542,-3.7915885
0.042544,-3.4217377
0.042546,-2.866961
0.042548,-2.1734905
0.04255,-1.387557
0.042551998,-0.46292973
0.042554,0.46169758
0.042556,1.3400936
0.042558,2.126027
0.04256,2.8657289
0.042562,3.420505
0.042564,3.7903562
0.042566,3.92905
0.042568,3.92905
0.04257,3.6516623
0.042572,3.23558
0.042574,2.5883412
0.042576,1.8486385
0.042578,1.0164738
0.04258,0.091846466
0.042582,-0.78654957
0.042584,-1.6649456
0.042586,-2.4046474
0.042588,-3.098118
0.04259,-3.5604317
0.042592,-3.8840513
0.042594,-3.976514
0.042596,-3.8378198
0.042598,-3.5142004
0.0426,-3.0056553
0.042602,-2.3121846
0.042604,-1.48002
0.042606,-0.6478553
0.042608,0.27677202
0.04261,1.2013993
0.042612,1.9873328
0.042613998,2.727035
0.042616,3.3280425
0.042618,3.744125
0.04262,3.92905
0.042622,3.92905
0.042624,3.6978936
0.042626,3.2818112
0.042628,2.727035
0.04263,1.9873328
0.042632,1.1551685
0.042634,0.27677202
0.042636,-0.6478553
0.042638,-1.48002
0.04264,-2.3121846
0.042642,-2.9594238
0.042644,-3.5142004
0.042646,-3.8378198
0.042648,-3.976514
0.04265,-3.8840513
0.042652,-3.5604317
0.042654,-3.098118
0.042656,-2.4508786
0.042658,-1.6649456
0.04266,-0.78654957
0.042662,0.13807821
0.042664,1.0164738
0.042666,1.8486385
0.042668,2.6345725
0.04267,3.23558
0.042672,3.6516623
0.042674,3.92905
0.042675998,3.92905
0.042678,3.7903562
0.04268,3.3742738
0.042682,2.8194976
0.042684,2.126027
0.042686,1.2938623
0.042688,0.4154663
0.04269,-0.5091615
0.042692,-1.387557
0.042694,-2.1734905
0.042696,-2.866961
0.042698,-3.4217377
0.0427,-3.7915885
0.042702,-3.9302826
0.042704,-3.8840513
0.042706,-3.6528945
0.042708,-3.1905808
0.04271,-2.5433414
0.042712,-1.8036394
0.042714,-0.9714751
0.042716,-0.046847343
0.042718,0.87777996
0.04272,1.7099442
0.042722,2.4958777
0.042724,3.1431174
0.042726,3.605431
0.042728,3.8828197
0.04273,3.9752812
0.042732,3.8365874
0.042734,3.4667363
0.042736,2.9581914
0.042737998,2.2647214
0.04274,1.4787879
0.042742,0.60039186
0.042744,-0.32423592
0.042746,-1.2488632
0.042748,-2.0347965
0.04275,-2.7744985
0.042752,-3.329275
0.042754,-3.745357
0.042756,-3.9302826
0.042758,-3.9302826
0.04276,-3.6991258
0.042762,-3.2830436
0.042764,-2.6820357
0.042766,-1.9423337
0.042768,-1.1101689
0.04277,-0.18554163
0.042772,0.7390857
0.042774,1.5712504
0.042776,2.357184
0.042778,3.050654
0.04278,3.5591989
0.042782,3.8365874
0.042784,3.9752812
0.042786,3.8365874
0.042788,3.5591989
0.04279,3.050654
0.042792,2.357184
0.042794,1.5712504
0.042796,0.7390857
0.042798,-0.18554163
0.042799998,-1.0639377
0.042802,-1.8961024
0.042804,-2.6358042
0.042806,-3.236812
0.042808,-3.6991258
0.04281,-3.9302826
0.042812,-3.9302826
0.042814,-3.745357
0.042816,-3.3755062
0.042818,-2.8207297
0.04282,-2.081028
0.042822,-1.2488632
0.042824,-0.3704667
0.042826,0.5541601
0.042828,1.4787879
0.04283,2.2184901
0.042832,2.9119601
0.042834,3.4667363
0.042836,3.7903562
0.042838,3.9752812
0.04284,3.8828197
0.042842,3.605431
0.042844,3.1431174
0.042846,2.4958777
0.042848,1.756176
0.04285,0.87777996
0.042852,-6.160736E-4
0.042854,-0.9252434
0.042856,-1.7574081
0.042858,-2.5433414
0.04286,-3.1443493
0.042861998,-3.6066632
0.042864,-3.8840513
0.042866,-3.6066632
0.042868,-0.2317729
0.04287,3.0968862
0.042872,2.8657289
0.042874,2.172258
0.042876,1.3863249
0.042878,0.50792885
0.04288,-0.41669846
0.042882,-1.2950945
0.042884,-2.081028
0.042886,-2.8207297
0.042888,-3.3755062
0.04289,-3.7915885
0.042892,-3.9302826
0.042894,-3.9302826
0.042896,-3.6991258
0.042898,-3.236812
0.0429,-2.6358042
0.042902,-1.8961024
0.042904,-1.0639377
0.042906,-0.13931036
0.042908,0.7853174
0.04291,1.6174817
0.042912,2.4034152
0.042914,3.0968862
0.042916,3.5591989
0.042918,3.8828197
0.04292,3.9752812
0.042922,3.8365874
0.042923998,3.5129685
0.042926,3.0044227
0.042928,2.3109517
0.04293,1.5250192
0.042932,0.6928544
0.042934,-0.2317729
0.042936,-1.1564007
0.042938,-1.9423337
0.04294,-2.6820357
0.042942,-3.2830436
0.042944,-3.6991258
0.042946,-3.9302826
0.042948,-3.9302826
0.04295,-3.745357
0.042952,-3.329275
0.042954,-2.728267
0.042956,-2.0347965
0.042958,-1.202632
0.04296,-0.27800417
0.042962,0.64662313
0.042964,1.4787879
0.042966,2.3109517
0.042968,2.9581914
0.04297,3.5129685
0.042972,3.8365874
0.042974,3.9752812
0.042976,3.8828197
0.042978,3.605431
0.04298,3.0968862
0.042982,2.4496465
0.042984,1.6637135
0.042985998,0.8315482
0.042988,-0.09307861
0.04299,-0.9714751
0.042992,-1.8036394
0.042994,-2.589573
0.042996,-3.1905808
0.042998,-3.6528945
0.043,-3.8840513
0.043002,-3.9302826
0.043004,-3.7915885
0.043006,-3.4217377
0.043008,-2.866961
0.04301,-2.1734905
0.043012,-1.3413262
0.043014,-0.46292973
0.043016,0.46169758
0.043018,1.3863249
0.04302,2.172258
0.043022,2.8657289
0.043024,3.420505
0.043026,3.7903562
0.043028,3.92905
0.04303,3.8828197
0.043032,3.6516623
0.043034,3.1893477
0.043036,2.5883412
0.043038,1.8024073
0.04304,0.970243
0.043042,0.091846466
0.043044,-0.83278084
0.043046,-1.6649456
0.043047998,-2.4508786
0.04305,-3.098118
0.043052,-3.6066632
0.043054,-3.8840513
0.043056,-3.976514
0.043058,-3.8378198
0.04306,-3.467969
0.043062,-2.9594238
0.043064,-2.2659533
0.043066,-1.48002
0.043068,-0.601624
0.04307,0.3230033
0.043072,1.2013993
0.043074,2.033564
0.043076,2.7732663
0.043078,3.3280425
0.04308,3.744125
0.043082,3.92905
0.043084,3.92905
0.043086,3.6978936
0.043088,3.2818112
0.04309,2.6808028
0.043092,1.9411016
0.043094,1.1551685
0.043096,0.23054075
0.043098,-0.694087
0.0431,-1.5262513
0.043102,-2.3121846
0.043104,-3.0056553
0.043106,-3.5142004
0.043108,-3.8378198
0.043109998,-3.976514
0.043112,-3.8840513
0.043114,-3.5604317
0.043116,-3.0518866
0.043118,-2.4046474
0.04312,-1.6187139
0.043122,-0.78654957
0.043124,0.13807821
0.043126,1.0627055
0.043128,1.8948698
0.04313,2.6345725
0.043132,3.23558
0.043134,3.6978936
0.043136,3.92905
0.043138,3.92905
0.04314,3.744125
0.043142,3.3742738
0.043144,2.8194976
0.043146,2.0797954
0.043148,1.2938623
0.04315,0.4154663
0.043152,-0.5091615
0.043154,-1.387557
0.043156,-2.1734905
0.043158,-2.866961
0.04316,-3.4217377
0.043162,-3.7915885
0.043164,-3.9302826
0.043166,-3.8840513
0.043168,-3.6066632
0.04317,-3.1905808
0.043171998,-2.5433414
0.043174,-1.7574081
0.043176,-0.9252434
0.043178,-6.160736E-4
0.04318,0.92401123
0.043182,1.756176
0.043184,2.4958777
0.043186,3.1431174
0.043188,3.605431
0.04319,3.8828197
0.043192,3.9752812
0.043194,3.7903562
0.043196,3.4667363
0.043198,2.9119601
0.0432,2.2184901
0.043202,1.4325566
0.043204,0.5541601
0.043206,-0.3704667
0.043208,-1.2488632
0.04321,-2.0347965
0.043212,-2.7744985
0.043214,-3.3755062
0.043216,-3.745357
0.043218,-3.9302826
0.04322,-3.9302826
0.043222,-3.6991258
0.043224,-3.2830436
0.043226,-2.6820357
0.043228,-1.8961024
0.04323,-1.0639377
0.043232,-0.18554163
0.043233998,0.7390857
0.043236,1.6174817
0.043238,2.4034152
0.04324,3.050654
0.043242,3.5591989
0.043244,3.8365874
0.043246,3.9752812
0.043248,3.8365874
0.04325,3.5129685
0.043252,3.0044227
0.043254,2.357184
0.043256,1.5712504
0.043258,0.6928544
0.04326,-0.18554163
0.043262,-1.1101689
0.043264,-1.9423337
0.043266,-2.6820357
0.043268,-3.2830436
0.04327,-3.6991258
0.043272,-3.9302826
0.043274,-3.9302826
0.043276,-3.745357
0.043278,-3.329275
0.04328,-2.7744985
0.043282,-2.0347965
0.043284,-1.2488632
0.043286,-0.2317729
0.043288,-0.6478553
0.04329,-1.5262513
0.043292,-2.3121846
0.043294,-3.0056553
0.043295998,-3.5142004
0.043298,-3.8840513
0.0433,-4.022745
0.043302,-3.9302826
0.043304,-3.6528945
0.043306,-3.1905808
0.043308,-2.5433414
0.04331,-1.7574081
0.043312,-0.9252434
0.043314,-6.160736E-4
0.043316,0.92401123
0.043318,1.756176
0.04332,2.542109
0.043322,3.1431174
0.043324,3.605431
0.043326,3.8828197
0.043328,3.92905
0.04333,3.7903562
0.043332,3.420505
0.043334,2.8657289
0.043336,2.172258
0.043338,1.3863249
0.04334,0.50792885
0.043342,-0.41669846
0.043344,-1.2950945
0.043346,-2.1272593
0.043348,-2.8207297
0.04335,-3.3755062
0.043352,-3.7915885
0.043354,-3.9302826
0.043356,-3.9302826
0.043357998,-3.6528945
0.04336,-3.236812
0.043362,-2.6358042
0.043364,-1.8498712
0.043366,-1.0177064
0.043368,-0.13931036
0.04337,0.7853174
0.043372,1.6637135
0.043374,2.4496465
0.043376,3.0968862
0.043378,3.5591989
0.04338,3.8828197
0.043382,3.9752812
0.043384,3.8365874
0.043386,3.5129685
0.043388,3.0044227
0.04339,2.3109517
0.043392,1.5250192
0.043394,0.64662313
0.043396,-0.27800417
0.043398,-1.1564007
0.0434,-1.9885652
0.043402,-2.6820357
0.043404,-3.2830436
0.043406,-3.6991258
0.043408,-3.9302826
0.04341,-3.9302826
0.043412,-3.745357
0.043414,-3.329275
0.043416,-2.728267
0.043418,-1.9885652
0.04342,-1.202632
0.043422,-0.27800417
0.043424,0.64662313
0.043426,1.5250192
0.043428,2.3109517
0.04343,3.0044227
0.043432,3.5129685
0.043434,3.8365874
0.043436,3.9752812
0.043438,3.8828197
0.04344,3.5591989
0.043442,3.0968862
0.043444,2.4496465
0.043446,1.6637135
0.043448,0.8315482
0.04345,-0.09307861
0.043452,-1.0177064
0.043454,-1.8498712
0.043456,-2.589573
0.043458,-3.1905808
0.04346,-3.6528945
0.043462,-3.8840513
0.043464,-3.9302826
0.043466,-3.7915885
0.043468,-3.4217377
0.04347,-2.866961
0.043472,-2.1272593
0.043474,-1.3413262
0.043476,-0.41669846
0.043478,0.50792885
0.04348,1.3863249
0.043482,2.172258
0.043484,2.8657289
0.043486,3.420505
0.043488,3.7903562
0.04349,3.92905
0.043492,3.8828197
0.043494,3.6516623
0.043496,3.1893477
0.043498,2.542109
0.0435,1.8024073
0.043502,0.970243
0.043504,0.045615196
0.043506,-0.83278084
0.043508,-1.6649456
0.04351,-2.4508786
0.043512,-3.098118
0.043514,-3.6066632
0.043516,-3.8840513
0.043518,-3.976514
0.04352,-3.8378198
0.043522,-3.467969
0.043524,-2.9594238
0.043526,-2.2659533
0.043527998,-1.48002
0.04353,-0.601624
0.043532,0.3230033
0.043534,1.2476311
0.043536,2.033564
0.043538,2.7732663
0.04354,3.3280425
0.043542,3.744125
0.043544,3.92905
0.043546,3.92905
0.043548,3.6978936
0.04355,3.2818112
0.043552,2.6808028
0.043554,1.9411016
0.043556,1.1089368
0.043558,0.23054075
0.04356,-0.694087
0.043562,-1.5262513
0.043564,-2.3121846
0.043566,-3.0056553
0.043568,-3.5142004
0.04357,-3.8378198
0.043572,-3.976514
0.043574,-3.8378198
0.043576,-3.5604317
0.043578,-3.0518866
0.04358,-2.4046474
0.043582,-1.6187139
0.043584,-0.7403178
0.043586,0.184309
0.043588,1.0627055
0.043589998,1.8948698
0.043592,2.6345725
0.043594,3.23558
0.043596,3.6978936
0.043598,3.92905
0.0436,3.92905
0.043602,3.744125
0.043604,3.3742738
0.043606,2.8194976
0.043608,2.0797954
0.04361,1.2938623
0.043612,0.36923456
0.043614,-0.55539227
0.043616,-1.4337888
0.043618,-2.2197218
0.04362,-2.9131925
0.043622,-3.467969
0.043624,-3.7915885
0.043626,-3.9302826
0.043628,-3.8840513
0.04363,-3.6066632
0.043632,-3.1443493
0.043634,-2.5433414
0.043636,-1.7574081
0.043638,-0.9252434
0.04364,-6.160736E-4
0.043642,0.92401123
0.043644,1.756176
0.043646,2.542109
0.043648,3.1431174
0.04365,3.605431
0.043651998,3.8828197
0.043654,3.9752812
0.043656,3.7903562
0.043658,3.4667363
0.04366,2.9119601
0.043662,2.2184901
0.043664,1.4325566
0.043666,0.5541601
0.043668,-0.3704667
0.04367,-1.2488632
0.043672,-2.081028
0.043674,-2.7744985
0.043676,-3.3755062
0.043678,-3.745357
0.04368,-3.9302826
0.043682,-3.9302826
0.043684,-3.6991258
0.043686,-3.236812
0.043688,-2.6358042
0.04369,-1.8961024
0.043692,-1.0639377
0.043694,-0.13931036
0.043696,0.7853174
0.043698,1.6174817
0.0437,2.4034152
0.043702,3.050654
0.043704,3.5591989
0.043706,3.92905
0.043708,0.50792885
0.04371,-2.7744985
0.043712,-3.5142004
0.043713998,-3.0056553
0.043716,-2.3584158
0.043718,-1.5724826
0.04372,-0.694087
0.043722,0.23054075
0.043724,1.1551685
0.043726,1.9411016
0.043728,2.6808028
0.04373,3.2818112
0.043732,3.6978936
0.043734,3.92905
0.043736,3.92905
0.043738,3.744125
0.04374,3.3280425
0.043742,2.727035
0.043744,2.033564
0.043746,1.2013993
0.043748,0.3230033
0.04375,-0.601624
0.043752,-1.48002
0.043754,-2.2659533
0.043756,-2.9594238
0.043758,-3.467969
0.04376,-3.8378198
0.043762,-3.976514
0.043764,-3.8840513
0.043766,-3.6066632
0.043768,-3.1443493
0.04377,-2.4971101
0.043772,-1.7111769
0.043774,-0.83278084
0.043775998,0.091846466
0.043778,0.970243
0.04378,1.8024073
0.043782,2.5883412
0.043784,3.1893477
0.043786,3.6516623
0.043788,3.8828197
0.04379,3.92905
0.043792,3.7903562
0.043794,3.420505
0.043796,2.8657289
0.043798,2.172258
0.0438,1.3400936
0.043802,0.46169758
0.043804,-0.46292973
0.043806,-1.3413262
0.043808,-2.1272593
0.04381,-2.8207297
0.043812,-3.4217377
0.043814,-3.7915885
0.043816,-3.9302826
0.043818,-3.9302826
0.04382,-3.6528945
0.043822,-3.236812
0.043824,-2.589573
0.043826,-1.8498712
0.043828,-1.0177064
0.04383,-0.09307861
0.043832,0.8315482
0.043834,1.6637135
0.043836,2.4496465
0.043837998,3.0968862
0.04384,3.605431
0.043842,3.8828197
0.043844,3.9752812
0.043846,3.8365874
0.043848,3.5129685
0.04385,2.9581914
0.043852,2.3109517
0.043854,1.4787879
0.043856,0.64662313
0.043858,-0.27800417
0.04386,-1.202632
0.043862,-1.9885652
0.043864,-2.728267
0.043866,-3.329275
0.043868,-3.745357
0.04387,-3.9302826
0.043872,-3.9302826
0.043874,-3.6991258
0.043876,-3.329275
0.043878,-2.728267
0.04388,-1.9885652
0.043882,-1.1564007
0.043884,-0.2317729
0.043886,0.6928544
0.043888,1.5250192
0.04389,2.3109517
0.043892,3.0044227
0.043894,3.5129685
0.043896,3.8365874
0.043898,3.9752812
0.043899998,3.8828197
0.043902,3.5591989
0.043904,3.0968862
0.043906,2.4034152
0.043908,1.6174817
0.04391,0.7853174
0.043912,-0.13931036
0.043914,-1.0177064
0.043916,-1.8498712
0.043918,-2.589573
0.04392,-3.236812
0.043922,-3.6528945
0.043924,-3.9302826
0.043926,-3.9302826
0.043928,-3.7915885
0.04393,-3.3755062
0.043932,-2.8207297
0.043934,-2.1272593
0.043936,-1.2950945
0.043938,-0.41669846
0.04394,0.50792885
0.043942,1.3863249
0.043944,2.2184901
0.043946,2.9119601
0.043948,3.420505
0.04395,3.7903562
0.043952,3.9752812
0.043954,3.8828197
0.043956,3.6516623
0.043958,3.1893477
0.04396,2.542109
0.043961998,1.8024073
0.043964,0.92401123
0.043966,0.045615196
0.043968,-0.8790121
0.04397,-1.7111769
0.043972,-2.4971101
0.043974,-3.1443493
0.043976,-3.6066632
0.043978,-3.8840513
0.04398,-3.976514
0.043982,-3.7915885
0.043984,-3.467969
0.043986,-2.9594238
0.043988,-2.2659533
0.04399,-1.48002
0.043992,-0.55539227
0.043994,0.36923456
0.043996,1.2476311
0.043998,2.0797954
0.044,2.7732663
0.044002,3.3742738
0.044004,3.744125
0.044006,3.92905
0.044008,3.92905
0.04401,3.6978936
0.044012,3.2818112
0.044014,2.6808028
0.044016,1.9411016
0.044018,1.1089368
0.04402,0.184309
0.044022,-0.7403178
0.044023998,-1.5724826
0.044026,-2.3584158
0.044028,-3.0518866
0.04403,-3.5142004
0.044032,-3.8378198
0.044034,-3.976514
0.044036,-3.8378198
0.044038,-3.5604317
0.04404,-3.0518866
0.044042,-2.4046474
0.044044,-1.5724826
0.044046,-0.7403178
0.044048,0.184309
0.04405,1.1089368
0.044052,1.9411016
0.044054,2.6808028
0.044056,3.2818112
0.044058,3.6978936
0.04406,3.92905
0.044062,3.92905
0.044064,3.744125
0.044066,3.3742738
0.044068,2.7732663
0.04407,2.0797954
0.044072,1.2476311
0.044074,0.36923456
0.044076,-0.55539227
0.044078,-1.4337888
0.04408,-2.2197218
0.044082,-2.9131925
0.044084,-3.467969
0.044085998,-3.7915885
0.044088,-3.976514
0.04409,-3.8840513
0.044092,-3.6066632
0.044094,-3.1443493
0.044096,-2.4971101
0.044098,-1.7111769
0.0441,-0.8790121
0.044102,0.045615196
0.044104,0.970243
0.044106,1.8024073
0.044108,2.542109
0.04411,3.1893477
0.044112,3.6516623
0.044114,3.8828197
0.044116,3.92905
0.044118,3.7903562
0.04412,3.420505
0.044122,2.9119601
0.044124,2.2184901
0.044126,1.3863249
0.044128,-0.32423592
0.04413,0.50792885
0.044132,1.3863249
0.044134,2.172258
0.044136,2.9119601
0.044138,3.4667363
0.04414,3.8365874
0.044142,3.9752812
0.044144,3.9752812
0.044146,3.6978936
0.044147998,3.2818112
0.04415,2.6808028
0.044152,1.8948698
0.044154,1.0627055
0.044156,0.184309
0.044158,-0.7403178
0.04416,-1.5724826
0.044162,-2.3584158
0.044164,-3.0518866
0.044166,-3.5604317
0.044168,-3.8378198
0.04417,-3.9302826
0.044172,-3.8378198
0.044174,-3.5142004
0.044176,-3.0056553
0.044178,-2.3121846
0.04418,-1.5262513
0.044182,-0.6478553
0.044184,0.27677202
0.044186,1.1551685
0.044188,1.9873328
0.04419,2.727035
0.044192,3.3280425
0.044194,3.6978936
0.044196,3.92905
0.044198,3.92905
0.0442,3.744125
0.044202,3.3280425
0.044204,2.727035
0.044206,2.033564
0.044208,1.2013993
0.044209998,0.3230033
0.044212,-0.601624
0.044214,-1.48002
0.044216,-2.2659533
0.044218,-2.9594238
0.04422,-3.467969
0.044222,-3.8378198
0.044224,-3.976514
0.044226,-3.8840513
0.044228,-3.6066632
0.04423,-3.098118
0.044232,-2.4508786
0.044234,-1.6649456
0.044236,-0.83278084
0.044238,0.091846466
0.04424,1.0164738
0.044242,1.8486385
0.044244,2.5883412
0.044246,3.1893477
0.044248,3.6516623
0.04425,3.92905
0.044252,3.92905
0.044254,3.7903562
0.044256,3.420505
0.044258,2.8657289
0.04426,2.126027
0.044262,1.3400936
0.044264,0.46169758
0.044266,-0.46292973
0.044268,-1.3413262
0.04427,-2.1272593
0.044271998,-2.866961
0.044274,-3.4217377
0.044276,-3.7915885
0.044278,-3.9302826
0.04428,-3.8840513
0.044282,-3.6528945
0.044284,-3.1905808
0.044286,-2.589573
0.044288,-1.8498712
0.04429,-0.9714751
0.044292,-0.09307861
0.044294,0.8315482
0.044296,1.7099442
0.044298,2.4496465
0.0443,3.0968862
0.044302,3.605431
0.044304,3.8828197
0.044306,3.9752812
0.044308,3.8365874
0.04431,3.4667363
0.044312,2.9581914
0.044314,2.2647214
0.044316,1.4787879
0.044318,0.60039186
0.04432,-0.27800417
0.044322,-1.202632
0.044324,-1.9885652
0.044326,-2.728267
0.044328,-3.329275
0.04433,-3.745357
0.044332,-3.9302826
0.044333998,-3.9302826
0.044336,-3.6991258
0.044338,-3.2830436
0.04434,-2.728267
0.044342,-1.9885652
0.044344,-1.1564007
0.044346,-0.2317729
0.044348,0.6928544
0.04435,1.5250192
0.044352,2.357184
0.044354,3.0044227
0.044356,3.5129685
0.044358,3.8365874
0.04436,3.9752812
0.044362,3.8828197
0.044364,3.5591989
0.044366,3.050654
0.044368,2.4034152
0.04437,1.6174817
0.044372,0.7853174
0.044374,-0.13931036
0.044376,-1.0639377
0.044378,-1.8498712
0.04438,-2.6358042
0.044382,-3.236812
0.044384,-3.6991258
0.044386,-3.9302826
0.044388,-3.9302826
0.04439,-3.745357
0.044392,-3.3755062
0.044394,-2.8207297
0.044395998,-2.1272593
0.044398,-1.2950945
0.0444,-0.41669846
0.044402,0.50792885
0.044404,1.4325566
0.044406,2.2184901
0.044408,2.9119601
0.04441,3.4667363
0.044412,3.7903562
0.044414,3.9752812
0.044416,3.8828197
0.044418,3.605431
0.04442,3.1431174
0.044422,2.542109
0.044424,1.756176
0.044426,0.92401123
0.044428,-6.160736E-4
0.04443,-0.8790121
0.044432,-1.7111769
0.044434,-2.4971101
0.044436,-3.1443493
0.044438,-3.6066632
0.04444,-3.8840513
0.044442,-3.976514
0.044444,-3.7915885
0.044446,-3.467969
0.044448,-2.9131925
0.04445,-2.2197218
0.044452,-1.4337888
0.044454,-0.55539227
0.044456,0.36923456
0.044457998,1.2476311
0.04446,2.0797954
0.044462,2.8194976
0.044464,3.3742738
0.044466,3.744125
0.044468,3.92905
0.04447,3.92905
0.044472,3.6978936
0.044474,3.23558
0.044476,2.6345725
0.044478,1.8948698
0.04448,1.0627055
0.044482,0.184309
0.044484,-0.7403178
0.044486,-1.5724826
0.044488,-2.3584158
0.04449,-3.0518866
0.044492,-3.5604317
0.044494,-3.8378198
0.044496,-3.976514
0.044498,-3.8378198
0.0445,-3.5604317
0.044502,-3.0518866
0.044504,-2.3584158
0.044506,-1.5724826
0.044508,-0.694087
0.04451,0.23054075
0.044512,1.1089368
0.044514,1.9411016
0.044516,2.6808028
0.044518,3.2818112
0.044519998,3.6978936
0.044522,3.92905
0.044524,3.92905
0.044526,3.744125
0.044528,3.3280425
0.04453,2.7732663
0.044532,2.033564
0.044534,1.2476311
0.044536,0.3230033
0.044538,-0.55539227
0.04454,-1.48002
0.044542,-2.2197218
0.044544,-2.9131925
0.044546,-3.467969
0.044548,-1.1101689
0.04455,2.6808028
0.044552,3.8828197
0.044554,3.605431
0.044556,3.1431174
0.044558,2.4958777
0.04456,1.7099442
0.044562,0.87777996
0.044564,-0.046847343
0.044566,-0.9252434
0.044568,-1.7574081
0.04457,-2.5433414
0.044572,-3.1443493
0.044574,-3.6066632
0.044576,-3.8840513
0.044578,-3.9302826
0.04458,-3.7915885
0.044582,-3.4217377
0.044584,-2.866961
0.044586,-2.1734905
0.044588,-1.387557
0.04459,-0.46292973
0.044592,0.46169758
0.044594,1.3400936
0.044596,2.126027
0.044598,2.8657289
0.0446,3.420505
0.044602,3.7903562
0.044604,3.9752812
0.044606,3.92905
0.044608,3.6516623
0.04461,3.23558
0.044612,2.5883412
0.044614,1.8486385
0.044616,1.0164738
0.044618,0.13807821
0.04462,-0.78654957
0.044622,-1.6187139
0.044624,-2.4046474
0.044626,-3.098118
0.044628,-3.5604317
0.04463,-3.8840513
0.044632,-3.976514
0.044634,-3.8378198
0.044636,-3.5142004
0.044638,-3.0056553
0.04464,-2.3121846
0.044642,-1.5262513
0.044644,-0.6478553
0.044646,0.27677202
0.044648,1.2013993
0.04465,1.9873328
0.044652,2.727035
0.044654,3.3280425
0.044656,3.744125
0.044658,3.92905
0.04466,3.92905
0.044662,3.744125
0.044664,3.3280425
0.044666,2.727035
0.044668,1.9873328
0.04467,1.1551685
0.044672,0.27677202
0.044674,-0.6478553
0.044676,-1.48002
0.044678,-2.3121846
0.04468,-2.9594238
0.044682,-3.5142004
0.044684,-3.8378198
0.044686,-3.976514
0.044688,-3.8840513
0.044689998,-3.5604317
0.044692,-3.098118
0.044694,-2.4508786
0.044696,-1.6649456
0.044698,-0.78654957
0.0447,0.13807821
0.044702,1.0164738
0.044704,1.8486385
0.044706,2.6345725
0.044708,3.23558
0.04471,3.6516623
0.044712,3.92905
0.044714,3.92905
0.044716,3.7903562
0.044718,3.420505
0.04472,2.8194976
0.044722,2.126027
0.044724,1.3400936
0.044726,0.4154663
0.044728,-0.46292973
0.04473,-1.387557
0.044732,-2.1734905
0.044734,-2.866961
0.044736,-3.4217377
0.044738,-3.7915885
0.04474,-3.9302826
0.044742,-3.8840513
0.044744,-3.6528945
0.044746,-3.1905808
0.044748,-2.589573
0.04475,-1.8036394
0.044751998,-0.9714751
0.044754,-0.046847343
0.044756,0.87777996
0.044758,1.7099442
0.04476,2.4958777
0.044762,3.1431174
0.044764,3.605431
0.044766,3.8828197
0.044768,3.9752812
0.04477,3.8365874
0.044772,3.4667363
0.044774,2.9581914
0.044776,2.2647214
0.044778,1.4787879
0.04478,0.60039186
0.044782,-0.32423592
0.044784,-1.202632
0.044786,-2.0347965
0.044788,-2.7744985
0.04479,-3.329275
0.044792,-3.745357
0.044794,-3.9302826
0.044796,-3.9302826
0.044798,-3.6991258
0.0448,-3.2830436
0.044802,-2.6820357
0.044804,-1.9423337
0.044806,-1.1101689
0.044808,-0.2317729
0.04481,0.7390857
0.044812,1.5712504
0.044813998,2.357184
0.044816,3.050654
0.044818,3.5591989
0.04482,3.8365874
0.044822,3.9752812
0.044824,3.8365874
0.044826,3.5591989
0.044828,3.050654
0.04483,2.4034152
0.044832,1.6174817
0.044834,0.7390857
0.044836,-0.18554163
0.044838,-1.0639377
0.04484,-1.8961024
0.044842,-2.6358042
0.044844,-3.236812
0.044846,-3.6991258
0.044848,-3.9302826
0.04485,-3.9302826
0.044852,-3.745357
0.044854,-3.3755062
0.044856,-2.8207297
0.044858,-2.081028
0.04486,-1.2950945
0.044862,-0.3704667
0.044864,0.5541601
0.044866,1.4325566
0.044868,2.2184901
0.04487,2.9119601
0.044872,3.4667363
0.044874,3.7903562
0.044875998,3.9752812
0.044878,3.8828197
0.04488,3.605431
0.044882,3.1431174
0.044884,2.4958777
0.044886,1.756176
0.044888,0.92401123
0.04489,-6.160736E-4
0.044892,-0.9252434
0.044894,-1.7574081
0.044896,-2.4971101
0.044898,-3.1443493
0.0449,-3.6066632
0.044902,-3.8840513
0.044904,-3.9302826
0.044906,-3.7915885
0.044908,-3.467969
0.04491,-2.9131925
0.044912,-2.2197218
0.044914,-1.4337888
0.044916,-0.5091615
0.044918,0.4154663
0.04492,1.2938623
0.044922,2.0797954
0.044924,2.8194976
0.044926,3.3742738
0.044928,3.744125
0.04493,3.92905
0.044932,3.92905
0.044934,3.6978936
0.044936,3.23558
0.044937998,2.6345725
0.04494,1.8948698
0.044942,1.0627055
0.044944,0.13807821
0.044946,-0.7403178
0.044948,-1.6187139
0.04495,-2.4046474
0.044952,-3.0518866
0.044954,-3.5604317
0.044956,-3.8378198
0.044958,-3.976514
0.04496,-3.8378198
0.044962,-3.5142004
0.044964,-3.0056553
0.044966,-2.3584158
0.044968,0.27677202
0.04497,0.60039186
0.044972,-0.27800417
0.044974,-1.202632
0.044976,-1.9885652
0.044978,-2.728267
0.04498,-3.329275
0.044982,-3.745357
0.044984,-3.976514
0.044986,-3.976514
0.044988,-3.7915885
0.04499,-3.3755062
0.044992,-2.7744985
0.044994,-2.081028
0.044996,-1.2488632
0.044998,-0.32423592
0.044999998,0.60039186
0.045002,1.4787879
0.045004,2.2647214
0.045006,2.9581914
0.045008,3.4667363
0.04501,3.7903562
0.045012,3.92905
0.045014,3.8828197
0.045016,3.5591989
0.045018,3.0968862
0.04502,2.4496465
0.045022,1.6637135
0.045024,0.8315482
0.045026,-0.046847343
0.045028,-0.9714751
0.04503,-1.8036394
0.045032,-2.5433414
0.045034,-3.1905808
0.045036,-3.6528945
0.045038,-3.8840513
0.04504,-3.9302826
0.045042,-3.7915885
0.045044,-3.4217377
0.045046,-2.866961
0.045048,-2.1734905
0.04505,-1.387557
0.045052,-0.46292973
0.045054,0.46169758
0.045056,1.3400936
0.045058,2.126027
0.04506,2.8657289
0.045061998,3.420505
0.045064,3.7903562
0.045066,3.92905
0.045068,3.92905
0.04507,3.6516623
0.045072,3.1893477
0.045074,2.5883412
0.045076,1.8486385
0.045078,1.0164738
0.04508,0.091846466
0.045082,-0.83278084
0.045084,-1.6649456
0.045086,-2.4508786
0.045088,-3.098118
0.04509,-3.5604317
0.045092,-3.8840513
0.045094,-3.976514
0.045096,-3.8378198
0.045098,-3.5142004
0.0451,-3.0056553
0.045102,-2.3121846
0.045104,-1.48002
0.045106,-0.6478553
0.045108,0.27677202
0.04511,1.2013993
0.045112,2.033564
0.045114,2.727035
0.045116,3.3280425
0.045118,3.744125
0.04512,3.92905
0.045122,3.92905
0.045123998,3.6978936
0.045126,3.2818112
0.045128,2.727035
0.04513,1.9873328
0.045132,1.1551685
0.045134,0.27677202
0.045136,-0.6478553
0.045138,-1.5262513
0.04514,-2.3121846
0.045142,-3.0056553
0.045144,-3.5142004
0.045146,-3.8378198
0.045148,-3.976514
0.04515,-3.8840513
0.045152,-3.5604317
0.045154,-3.098118
0.045156,-2.4508786
0.045158,-1.6649456
0.04516,-0.78654957
0.045162,0.13807821
0.045164,1.0627055
0.045166,1.8948698
0.045168,2.6345725
0.04517,3.23558
0.045172,3.6978936
0.045174,3.92905
0.045176,3.92905
0.045178,3.7903562
0.04518,3.3742738
0.045182,2.8194976
0.045184,2.126027
0.045185998,1.2938623
0.045188,0.4154663
0.04519,-0.5091615
0.045192,-1.387557
0.045194,-2.1734905
0.045196,-2.866961
0.045198,-3.4217377
0.0452,-3.7915885
0.045202,-3.9302826
0.045204,-3.8840513
0.045206,-3.6528945
0.045208,-3.1905808
0.04521,-2.5433414
0.045212,-1.8036394
0.045214,-0.9252434
0.045216,-0.046847343
0.045218,0.87777996
0.04522,1.7099442
0.045222,2.4958777
0.045224,3.1431174
0.045226,3.605431
0.045228,3.8828197
0.04523,3.9752812
0.045232,3.7903562
0.045234,3.4667363
0.045236,2.9119601
0.045238,2.2647214
0.04524,1.4787879
0.045242,0.60039186
0.045244,-0.32423592
0.045246,-1.2488632
0.045247998,-2.0347965
0.04525,-2.7744985
0.045252,-3.329275
0.045254,-3.745357
0.045256,-3.9302826
0.045258,-3.9302826
0.04526,-3.6991258
0.045262,-3.2830436
0.045264,-2.6820357
0.045266,-1.9423337
0.045268,-1.1101689
0.04527,-0.18554163
0.045272,0.7390857
0.045274,1.5712504
0.045276,2.357184
0.045278,3.050654
0.04528,3.5591989
0.045282,3.8365874
0.045284,3.9752812
0.045286,3.8365874
0.045288,3.5591989
0.04529,3.050654
0.045292,2.357184
0.045294,1.5712504
0.045296,0.7390857
0.045298,-0.18554163
0.0453,-1.0639377
0.045302,-1.8961024
0.045304,-2.6358042
0.045306,-3.236812
0.045308,-3.6991258
0.045309998,-3.9302826
0.045312,-3.9302826
0.045314,-3.745357
0.045316,-3.3755062
0.045318,-2.7744985
0.04532,-2.081028
0.045322,-1.2488632
0.045324,-0.3704667
0.045326,0.5541601
0.045328,1.4787879
0.04533,2.2647214
0.045332,2.9581914
0.045334,3.4667363
0.045336,3.8365874
0.045338,3.9752812
0.04534,3.8828197
0.045342,3.605431
0.045344,3.1431174
0.045346,2.4958777
0.045348,1.7099442
0.04535,0.87777996
0.045352,-0.046847343
0.045354,-0.9252434
0.045356,-1.7574081
0.045358,-2.5433414
0.04536,-3.1443493
0.045362,-3.6066632
0.045364,-3.8840513
0.045366,-3.9302826
0.045368,-3.7915885
0.04537,-3.4217377
0.045371998,-2.9131925
0.045374,-2.2197218
0.045376,-1.387557
0.045378,-0.5091615
0.04538,0.4154663
0.045382,1.2938623
0.045384,2.126027
0.045386,2.8194976
0.045388,1.0627055
0.04539,-2.2659533
0.045392,-3.9302826
0.045394,-3.9302826
0.045396,-3.6991258
0.045398,-3.2830436
0.0454,-2.6358042
0.045402,-1.8961024
0.045404,-1.0639377
0.045406,-0.13931036
0.045408,0.7853174
0.04541,1.6174817
0.045412,2.4034152
0.045414,3.050654
0.045416,3.5591989
0.045418,3.8365874
0.04542,3.92905
0.045422,3.8365874
0.045424,3.5129685
0.045426,3.0044227
0.045428,2.3109517
0.04543,1.5250192
0.045432,0.64662313
0.045433998,-0.27800417
0.045436,-1.1564007
0.045438,-1.9885652
0.04544,-2.6820357
0.045442,-3.2830436
0.045444,-3.6991258
0.045446,-3.9302826
0.045448,-3.9302826
0.04545,-3.745357
0.045452,-3.329275
0.045454,-2.7744985
0.045456,-2.0347965
0.045458,-1.202632
0.04546,-0.27800417
0.045462,0.64662313
0.045464,1.4787879
0.045466,2.3109517
0.045468,2.9581914
0.04547,3.5129685
0.045472,3.8365874
0.045474,3.9752812
0.045476,3.8828197
0.045478,3.5591989
0.04548,3.0968862
0.045482,2.4496465
0.045484,1.6637135
0.045486,0.8315482
0.045488,-0.09307861
0.04549,-1.0177064
0.045492,-1.8036394
0.045494,-2.589573
0.045495998,-3.1905808
0.045498,-3.6528945
0.0455,-3.9302826
0.045502,-3.9302826
0.045504,-3.7915885
0.045506,-3.4217377
0.045508,-2.866961
0.04551,-2.1734905
0.045512,-1.3413262
0.045514,-0.46292973
0.045516,0.46169758
0.045518,1.3863249
0.04552,2.172258
0.045522,2.8657289
0.045524,3.420505
0.045526,3.7903562
0.045528,3.92905
0.04553,3.8828197
0.045532,3.6516623
0.045534,3.1893477
0.045536,2.5883412
0.045538,1.8024073
0.04554,0.970243
0.045542,0.091846466
0.045544,-0.83278084
0.045546,-1.6649456
0.045548,-2.4508786
0.04555,-3.098118
0.045552,-3.6066632
0.045554,-3.8840513
0.045556,-3.976514
0.045557998,-3.8378198
0.04556,-3.467969
0.045562,-2.9594238
0.045564,-2.2659533
0.045566,-1.48002
0.045568,-0.601624
0.04557,0.3230033
0.045572,1.2013993
0.045574,2.033564
0.045576,2.7732663
0.045578,3.3280425
0.04558,3.744125
0.045582,3.92905
0.045584,3.92905
0.045586,3.6978936
0.045588,3.2818112
0.04559,2.6808028
0.045592,1.9411016
0.045594,1.1551685
0.045596,0.23054075
0.045598,-0.694087
0.0456,-1.5262513
0.045602,-2.3121846
0.045604,-3.0056553
0.045606,-3.5142004
0.045608,-3.8378198
0.04561,-3.976514
0.045612,-3.8378198
0.045614,-3.5604317
0.045616,-3.0518866
0.045618,-2.4046474
0.045619998,-1.6187139
0.045622,-0.78654957
0.045624,0.13807821
0.045626,1.0627055
0.045628,1.8948698
0.04563,2.6345725
0.045632,3.23558
0.045634,3.6978936
0.045636,3.92905
0.045638,3.92905
0.04564,3.744125
0.045642,3.3742738
0.045644,2.8194976
0.045646,2.0797954
0.045648,1.2938623
0.04565,0.36923456
0.045652,-0.5091615
0.045654,-1.4337888
0.045656,-2.2197218
0.045658,-2.9131925
0.04566,-3.4217377
0.045662,-3.7915885
0.045664,-3.9302826
0.045666,-3.8840513
0.045668,-3.6066632
0.04567,-3.1905808
0.045672,-2.5433414
0.045674,-1.7574081
0.045676,-0.9252434
0.045678,-6.160736E-4
0.04568,0.92401123
0.045681998,1.756176
0.045684,2.542109
0.045686,3.1431174
0.045688,3.605431
0.04569,3.8828197
0.045692,3.9752812
0.045694,3.7903562
0.045696,3.4667363
0.045698,2.9119601
0.0457,2.2184901
0.045702,1.4325566
0.045704,0.5541601
0.045706,-0.3704667
0.045708,-1.2488632
0.04571,-2.081028
0.045712,-2.7744985
0.045714,-3.3755062
0.045716,-3.745357
0.045718,-3.9302826
0.04572,-3.9302826
0.045722,-3.6991258
0.045724,-3.236812
0.045726,-2.6820357
0.045728,-1.8961024
0.04573,-1.0639377
0.045732,-0.18554163
0.045734,0.7390857
0.045736,1.6174817
0.045738,2.4034152
0.04574,3.050654
0.045742,3.5591989
0.045744,3.8828197
0.045746,3.9752812
0.045748,3.8365874
0.04575,3.5129685
0.045752,3.0044227
0.045754,2.357184
0.045756,1.5712504
0.045758,0.6928544
0.04576,-0.18554163
0.045762,-1.1101689
0.045764,-1.9423337
0.045766,-2.6820357
0.045768,-3.2830436
0.04577,-3.6991258
0.045772,-3.9302826
0.045774,-3.9302826
0.045776,-3.745357
0.045778,-3.329275
0.04578,-2.7744985
0.045782,-2.0347965
0.045784,-1.2488632
0.045786,-0.32423592
0.045788,0.60039186
0.045789998,1.4787879
0.045792,2.2647214
0.045794,2.9581914
0.045796,3.4667363
0.045798,3.8365874
0.0458,3.9752812
0.045802,3.8828197
0.045804,3.605431
0.045806,3.1431174
0.045808,1.1551685
0.04581,-1.4337888
0.045812,-0.78654957
0.045814,0.13807821
0.045816,1.0164738
0.045818,1.8486385
0.04582,2.6345725
0.045822,3.23558
0.045824,3.6978936
0.045826,3.92905
0.045828,3.9752812
0.04583,3.8365874
0.045832,3.4667363
0.045834,2.9119601
0.045836,2.2184901
0.045838,1.4325566
0.04584,0.50792885
0.045842,-0.41669846
0.045844,-1.2950945
0.045846,-2.081028
0.045848,-2.8207297
0.04585,-3.3755062
0.045851998,-3.745357
0.045854,-3.9302826
0.045856,-3.8840513
0.045858,-3.6528945
0.04586,-3.236812
0.045862,-2.589573
0.045864,-1.8498712
0.045866,-1.0177064
0.045868,-0.09307861
0.04587,0.8315482
0.045872,1.6637135
0.045874,2.4496465
0.045876,3.0968862
0.045878,3.605431
0.04588,3.8828197
0.045882,3.9752812
0.045884,3.8365874
0.045886,3.5129685
0.045888,3.0044227
0.04589,2.3109517
0.045892,1.5250192
0.045894,0.64662313
0.045896,-0.27800417
0.045898,-1.1564007
0.0459,-1.9885652
0.045902,-2.728267
0.045904,-3.2830436
0.045906,-3.6991258
0.045908,-3.9302826
0.04591,-3.9302826
0.045912,-3.745357
0.045913998,-3.329275
0.045916,-2.728267
0.045918,-1.9885652
0.04592,-1.1564007
0.045922,-0.27800417
0.045924,0.64662313
0.045926,1.5250192
0.045928,2.3109517
0.04593,3.0044227
0.045932,3.5129685
0.045934,3.8365874
0.045936,3.9752812
0.045938,3.8828197
0.04594,3.5591989
0.045942,3.0968862
0.045944,2.4496465
0.045946,1.6637135
0.045948,0.8315482
0.04595,-0.09307861
0.045952,-1.0177064
0.045954,-1.8498712
0.045956,-2.589573
0.045958,-3.236812
0.04596,-3.6528945
0.045962,-3.9302826
0.045964,-3.9302826
0.045966,-3.7915885
0.045968,-3.4217377
0.04597,-2.866961
0.045972,-2.1272593
0.045974,-1.3413262
0.045975998,-0.41669846
0.045978,0.50792885
0.04598,1.3863249
0.045982,2.172258
0.045984,2.8657289
0.045986,3.420505
0.045988,3.7903562
0.04599,3.92905
0.045992,3.8828197
0.045994,3.6516623
0.045996,3.1893477
0.045998,2.542109
0.046,1.8024073
0.046002,0.970243
0.046004,0.045615196
0.046006,-0.83278084
0.046008,-1.7111769
0.04601,-2.4508786
0.046012,-3.098118
0.046014,-3.6066632
0.046016,-3.8840513
0.046018,-3.976514
0.04602,-3.8378198
0.046022,-3.467969
0.046024,-2.9594238
0.046026,-2.2659533
0.046028,-1.48002
0.04603,-0.601624
0.046032,0.3230033
0.046034,1.2476311
0.046036,2.033564
0.046037998,2.7732663
0.04604,3.3280425
0.046042,3.744125
0.046044,3.92905
0.046046,3.92905
0.046048,3.6978936
0.04605,3.2818112
0.046052,2.6808028
0.046054,1.9411016
0.046056,1.1089368
0.046058,0.23054075
0.04606,-0.694087
0.046062,-1.5262513
0.046064,-2.3584158
0.046066,-3.0056553
0.046068,-3.5142004
0.04607,-3.8378198
0.046072,-3.976514
0.046074,-3.8378198
0.046076,-3.5604317
0.046078,-3.0518866
0.04608,-2.4046474
0.046082,-1.6187139
0.046084,-0.7403178
0.046086,0.184309
0.046088,1.0627055
0.04609,1.8948698
0.046092,2.6345725
0.046094,3.2818112
0.046096,3.6978936
0.046098,3.92905
0.046099998,3.92905
0.046102,3.744125
0.046104,3.3742738
0.046106,2.7732663
0.046108,2.0797954
0.04611,1.2938623
0.046112,0.36923456
0.046114,-0.55539227
0.046116,-1.4337888
0.046118,-2.2197218
0.04612,-2.9131925
0.046122,-3.467969
0.046124,-3.7915885
0.046126,-3.976514
0.046128,-3.8840513
0.04613,-3.6066632
0.046132,-3.1443493
0.046134,-2.5433414
0.046136,-1.7574081
0.046138,-0.9252434
0.04614,-6.160736E-4
0.046142,0.92401123
0.046144,1.756176
0.046146,2.542109
0.046148,3.1893477
0.04615,3.605431
0.046152,3.8828197
0.046154,3.9752812
0.046156,3.7903562
0.046158,3.4667363
0.04616,2.9119601
0.046161998,2.2184901
0.046164,1.4325566
0.046166,0.5541601
0.046168,-0.3704667
0.04617,-1.2950945
0.046172,-2.081028
0.046174,-2.7744985
0.046176,-3.3755062
0.046178,-3.745357
0.04618,-3.9302826
0.046182,-3.9302826
0.046184,-3.6991258
0.046186,-3.236812
0.046188,-2.6358042
0.04619,-1.8961024
0.046192,-1.0639377
0.046194,-0.13931036
0.046196,0.7853174
0.046198,1.6174817
0.0462,2.4034152
0.046202,3.050654
0.046204,3.5591989
0.046206,3.8828197
0.046208,3.9752812
0.04621,3.8365874
0.046212,3.5129685
0.046214,3.0044227
0.046216,2.357184
0.046218,1.5250192
0.04622,0.6928544
0.046222,-0.2317729
0.046223998,-1.1101689
0.046226,-1.9423337
0.046228,-1.0177064
0.04623,2.6345725
0.046232,3.744125
0.046234,3.9752812
0.046236,3.9752812
0.046238,3.7903562
0.04624,3.3742738
0.046242,2.7732663
0.046244,2.033564
0.046246,1.2476311
0.046248,0.3230033
0.04625,-0.601624
0.046252,-1.48002
0.046254,-2.2197218
0.046256,-2.9131925
0.046258,-3.467969
0.04626,-3.7915885
0.046262,-3.9302826
0.046264,-3.8840513
0.046266,-3.5604317
0.046268,-3.098118
0.04627,-2.4508786
0.046272,-1.6649456
0.046274,-0.83278084
0.046276,0.091846466
0.046278,1.0164738
0.04628,1.8486385
0.046282,2.5883412
0.046284,3.23558
0.046285998,3.6516623
0.046288,3.92905
0.04629,3.9752812
0.046292,3.7903562
0.046294,3.420505
0.046296,2.8657289
0.046298,2.172258
0.0463,1.3863249
0.046302,0.46169758
0.046304,-0.46292973
0.046306,-1.3413262
0.046308,-2.1272593
0.04631,-2.8207297
0.046312,-3.4217377
0.046314,-3.7915885
0.046316,-3.9302826
0.046318,-3.8840513
0.04632,-3.6528945
0.046322,-3.1905808
0.046324,-2.589573
0.046326,-1.8498712
0.046328,-1.0177064
0.04633,-0.09307861
0.046332,0.8315482
0.046334,1.6637135
0.046336,2.4496465
0.046338,3.0968862
0.04634,3.605431
0.046342,3.8828197
0.046344,3.9752812
0.046346,3.8365874
0.046347998,3.5129685
0.04635,2.9581914
0.046352,2.3109517
0.046354,1.4787879
0.046356,0.64662313
0.046358,-0.27800417
0.04636,-1.202632
0.046362,-1.9885652
0.046364,-2.728267
0.046366,-3.329275
0.046368,-3.745357
0.04637,-3.9302826
0.046372,-3.9302826
0.046374,-3.6991258
0.046376,-3.2830436
0.046378,-2.728267
0.04638,-1.9885652
0.046382,-1.1564007
0.046384,-0.2317729
0.046386,0.6928544
0.046388,1.5250192
0.04639,2.357184
0.046392,3.0044227
0.046394,3.5129685
0.046396,3.8365874
0.046398,3.9752812
0.0464,3.8828197
0.046402,3.5591989
0.046404,3.050654
0.046406,2.4034152
0.046408,1.6174817
0.046409998,0.7853174
0.046412,-0.13931036
0.046414,-1.0177064
0.046416,-1.8498712
0.046418,-2.589573
0.04642,-3.236812
0.046422,-3.6528945
0.046424,-3.9302826
0.046426,-3.9302826
0.046428,-3.745357
0.04643,-3.3755062
0.046432,-2.8207297
0.046434,-2.1272593
0.046436,-1.2950945
0.046438,-0.41669846
0.04644,0.50792885
0.046442,1.4325566
0.046444,2.2184901
0.046446,2.9119601
0.046448,3.4667363
0.04645,3.7903562
0.046452,3.9752812
0.046454,3.8828197
0.046456,3.6516623
0.046458,3.1893477
0.04646,2.542109
0.046462,1.756176
0.046464,0.92401123
0.046466,0.045615196
0.046468,-0.8790121
0.04647,-1.7111769
0.046471998,-2.4971101
0.046474,-3.1443493
0.046476,-3.6066632
0.046478,-3.8840513
0.04648,-3.976514
0.046482,-3.7915885
0.046484,-3.467969
0.046486,-2.9594238
0.046488,-2.2659533
0.04649,-1.48002
0.046492,-0.55539227
0.046494,0.36923456
0.046496,1.2476311
0.046498,2.0797954
0.0465,2.7732663
0.046502,3.3742738
0.046504,3.744125
0.046506,3.92905
0.046508,3.92905
0.04651,3.6978936
0.046512,3.2818112
0.046514,2.6808028
0.046516,1.8948698
0.046518,1.1089368
0.04652,0.184309
0.046522,-0.7403178
0.046524,-1.5724826
0.046526,-2.3584158
0.046528,-3.0518866
0.04653,-3.5604317
0.046532,-3.8378198
0.046533998,-3.976514
0.046536,-3.8378198
0.046538,-3.5604317
0.04654,-3.0518866
0.046542,-2.3584158
0.046544,-1.5724826
0.046546,-0.7403178
0.046548,0.184309
0.04655,1.1089368
0.046552,1.9411016
0.046554,2.6808028
0.046556,3.2818112
0.046558,3.6978936
0.04656,3.92905
0.046562,3.92905
0.046564,3.744125
0.046566,3.3742738
0.046568,2.7732663
0.04657,2.033564
0.046572,1.2476311
0.046574,0.36923456
0.046576,-0.55539227
0.046578,-1.4337888
0.04658,-2.2197218
0.046582,-2.9131925
0.046584,-3.467969
0.046586,-3.7915885
0.046588,-3.976514
0.04659,-3.8840513
0.046592,-3.6066632
0.046594,-3.1443493
0.046595998,-2.4971101
0.046598,-1.7111769
0.0466,-0.8790121
0.046602,0.045615196
0.046604,0.970243
0.046606,1.8024073
0.046608,2.542109
0.04661,3.1893477
0.046612,3.6516623
0.046614,3.8828197
0.046616,3.9752812
0.046618,3.7903562
0.04662,3.420505
0.046622,2.8657289
0.046624,2.172258
0.046626,1.3863249
0.046628,0.50792885
0.04663,-0.41669846
0.046632,-1.2950945
0.046634,-2.081028
0.046636,-2.8207297
0.046638,-3.3755062
0.04664,-3.745357
0.046642,-3.9302826
0.046644,-3.9302826
0.046646,-3.6528945
0.046648,-2.3584158
0.04665,1.2938623
0.046652,1.8024073
0.046654,0.970243
0.046656,0.091846466
0.046657998,-0.83278084
0.04666,-1.6649456
0.046662,-2.4508786
0.046664,-3.098118
0.046666,-3.6066632
0.046668,-3.8840513
0.04667,-3.976514
0.046672,-3.8840513
0.046674,-3.5604317
0.046676,-3.0056553
0.046678,-2.3584158
0.04668,-1.5262513
0.046682,-0.694087
0.046684,0.23054075
0.046686,1.1551685
0.046688,1.9873328
0.04669,2.727035
0.046692,3.2818112
0.046694,3.6978936
0.046696,3.92905
0.046698,3.92905
0.0467,3.744125
0.046702,3.3280425
0.046704,2.727035
0.046706,1.9873328
0.046708,1.2013993
0.04671,0.27677202
0.046712,-0.601624
0.046714,-1.48002
0.046716,-2.2659533
0.046718,-2.9594238
0.046719998,-3.5142004
0.046722,-3.8378198
0.046724,-3.976514
0.046726,-3.8840513
0.046728,-3.6066632
0.04673,-3.098118
0.046732,-2.4508786
0.046734,-1.6649456
0.046736,-0.83278084
0.046738,0.091846466
0.04674,1.0164738
0.046742,1.8486385
0.046744,2.5883412
0.046746,3.23558
0.046748,3.6516623
0.04675,3.92905
0.046752,3.92905
0.046754,3.7903562
0.046756,3.420505
0.046758,2.8657289
0.04676,2.126027
0.046762,1.3400936
0.046764,0.46169758
0.046766,-0.46292973
0.046768,-1.3413262
0.04677,-2.1272593
0.046772,-2.866961
0.046774,-3.4217377
0.046776,-3.7915885
0.046778,-3.9302826
0.04678,-3.8840513
0.046781998,-3.6528945
0.046784,-3.1905808
0.046786,-2.589573
0.046788,-1.8036394
0.04679,-0.9714751
0.046792,-0.046847343
0.046794,0.8315482
0.046796,1.7099442
0.046798,2.4958777
0.0468,3.1431174
0.046802,3.605431
0.046804,3.8828197
0.046806,3.9752812
0.046808,3.8365874
0.04681,3.4667363
0.046812,2.9581914
0.046814,2.2647214
0.046816,1.4787879
0.046818,0.60039186
0.04682,-0.32423592
0.046822,-1.202632
0.046824,-1.9885652
0.046826,-2.728267
0.046828,-3.329275
0.04683,-3.745357
0.046832,-3.9302826
0.046834,-3.9302826
0.046836,-3.6991258
0.046838,-3.2830436
0.04684,-2.728267
0.046842,-1.9423337
0.046843998,-1.1564007
0.046846,-0.2317729
0.046848,0.6928544
0.04685,1.5712504
0.046852,2.357184
0.046854,3.0044227
0.046856,3.5129685
0.046858,3.8365874
0.04686,3.9752812
0.046862,3.8828197
0.046864,3.5591989
0.046866,3.050654
0.046868,2.4034152
0.04687,1.6174817
0.046872,0.7853174
0.046874,-0.13931036
0.046876,-1.0639377
0.046878,-1.8498712
0.04688,-2.6358042
0.046882,-3.236812
0.046884,-3.6991258
0.046886,-3.9302826
0.046888,-3.9302826
0.04689,-3.745357
0.046892,-3.3755062
0.046894,-2.8207297
0.046896,-2.081028
0.046898,-1.2950945
0.0469,-0.3704667
0.046902,0.5541601
0.046904,1.4325566
0.046906,2.2184901
0.046908,2.9119601
0.04691,3.4667363
0.046912,3.7903562
0.046914,3.9752812
0.046916,3.8828197
0.046918,3.605431
0.04692,3.1431174
0.046922,2.542109
0.046924,1.756176
0.046926,0.92401123
0.046928,-6.160736E-4
0.04693,-0.8790121
0.046932,-1.7111769
0.046934,-2.4971101
0.046936,-3.1443493
0.046938,-3.6066632
0.04694,-3.8840513
0.046942,-3.9302826
0.046944,-3.7915885
0.046946,-3.467969
0.046948,-2.9131925
0.04695,-2.2197218
0.046951998,-1.4337888
0.046954,-0.55539227
0.046956,0.36923456
0.046958,1.2938623
0.04696,2.0797954
0.046962,2.8194976
0.046964,3.3742738
0.046966,3.744125
0.046968,3.92905
0.04697,3.92905
0.046972,3.6978936
0.046974,3.23558
0.046976,2.6345725
0.046978,1.8948698
0.04698,1.0627055
0.046982,0.184309
0.046984,-0.7403178
0.046986,-1.5724826
0.046988,-2.3584158
0.04699,-3.0518866
0.046992,-3.5604317
0.046994,-3.8378198
0.046996,-3.976514
0.046998,-3.8378198
0.047,-3.5142004
0.047002,-3.0518866
0.047004,-2.3584158
0.047006,-1.5724826
0.047008,-0.694087
0.04701,0.23054075
0.047012,1.1089368
0.047013998,1.9411016
0.047016,2.6808028
0.047018,3.2818112
0.04702,3.6978936
0.047022,3.92905
0.047024,3.92905
0.047026,3.744125
0.047028,3.3280425
0.04703,2.7732663
0.047032,2.033564
0.047034,1.2476311
0.047036,0.3230033
0.047038,-0.601624
0.04704,-1.48002
0.047042,-2.2197218
0.047044,-2.9131925
0.047046,-3.467969
0.047048,-3.8378198
0.04705,-3.976514
0.047052,-3.8840513
0.047054,-3.6066632
0.047056,-3.1443493
0.047058,-2.4971101
0.04706,-1.7111769
0.047062,-0.8790121
0.047064,0.045615196
0.047066,0.970243
0.047068,0.50792885
0.04707,-2.4046474
0.047072,-3.236812
0.047074,-3.6991258
0.047075998,-3.9302826
0.047078,-3.976514
0.04708,-3.8378198
0.047082,-3.467969
0.047084,-2.9131925
0.047086,-2.2197218
0.047088,-1.4337888
0.04709,-0.5091615
0.047092,0.4154663
0.047094,1.2938623
0.047096,2.126027
0.047098,2.8194976
0.0471,3.3742738
0.047102,3.744125
0.047104,3.92905
0.047106,3.8828197
0.047108,3.6516623
0.04711,3.1893477
0.047112,2.5883412
0.047114,1.8486385
0.047116,1.0164738
0.047118,0.091846466
0.04712,-0.83278084
0.047122,-1.6649456
0.047124,-2.4508786
0.047126,-3.098118
0.047128,-3.5604317
0.04713,-3.8840513
0.047132,-3.976514
0.047134,-3.8378198
0.047136,-3.5142004
0.047137998,-3.0056553
0.04714,-2.3121846
0.047142,-1.5262513
0.047144,-0.6478553
0.047146,0.27677202
0.047148,1.2013993
0.04715,1.9873328
0.047152,2.727035
0.047154,3.3280425
0.047156,3.744125
0.047158,3.92905
0.04716,3.92905
0.047162,3.6978936
0.047164,3.3280425
0.047166,2.727035
0.047168,1.9873328
0.04717,1.1551685
0.047172,0.27677202
0.047174,-0.6478553
0.047176,-1.48002
0.047178,-2.3121846
0.04718,-2.9594238
0.047182,-3.5142004
0.047184,-3.8378198
0.047186,-3.976514
0.047188,-3.8840513
0.04719,-3.5604317
0.047192,-3.098118
0.047194,-2.4508786
0.047196,-1.6649456
0.047198,-0.78654957
0.047199998,0.13807821
0.047202,1.0164738
0.047204,1.8486385
0.047206,2.6345725
0.047208,3.23558
0.04721,3.6516623
0.047212,3.92905
0.047214,3.92905
0.047216,3.7903562
0.047218,3.3742738
0.04722,2.8194976
0.047222,2.126027
0.047224,1.3400936
0.047226,0.4154663
0.047228,-0.5091615
0.04723,-1.387557
0.047232,-2.1734905
0.047234,-2.866961
0.047236,-3.4217377
0.047238,-3.7915885
0.04724,-3.9302826
0.047242,-3.8840513
0.047244,-3.6528945
0.047246,-3.1905808
0.047248,-2.589573
0.04725,-1.8036394
0.047252,-0.9714751
0.047254,-0.046847343
0.047256,0.87777996
0.047258,1.7099442
0.04726,2.4958777
0.047261998,3.1431174
0.047264,3.605431
0.047266,3.8828197
0.047268,3.9752812
0.04727,3.8365874
0.047272,3.4667363
0.047274,2.9581914
0.047276,2.2647214
0.047278,1.4787879
0.04728,0.60039186
0.047282,-0.32423592
0.047284,-1.2488632
0.047286,-2.0347965
0.047288,-2.7744985
0.04729,-3.329275
0.047292,-3.745357
0.047294,-3.9302826
0.047296,-3.9302826
0.047298,-3.6991258
0.0473,-3.2830436
0.047302,-2.6820357
0.047304,-1.9423337
0.047306,-1.1101689
0.047308,-0.18554163
0.04731,0.7390857
0.047312,1.5712504
0.047314,2.357184
0.047316,3.050654
0.047318,3.5591989
0.04732,3.8365874
0.047322,3.9752812
0.047323998,3.8365874
0.047326,3.5591989
0.047328,3.050654
0.04733,2.4034152
0.047332,1.6174817
0.047334,0.7390857
0.047336,-0.18554163
0.047338,-1.0639377
0.04734,-1.8961024
0.047342,-2.6358042
0.047344,-3.236812
0.047346,-3.6991258
0.047348,-3.9302826
0.04735,-3.9302826
0.047352,-3.745357
0.047354,-3.3755062
0.047356,-2.8207297
0.047358,-2.081028
0.04736,-1.2488632
0.047362,-0.3704667
0.047364,0.5541601
0.047366,1.4325566
0.047368,2.2184901
0.04737,2.9119601
0.047372,3.4667363
0.047374,3.8365874
0.047376,3.9752812
0.047378,3.8828197
0.04738,3.605431
0.047382,3.1431174
0.047384,2.4958777
0.047385998,1.756176
0.047388,0.87777996
0.04739,-6.160736E-4
0.047392,-0.9252434
0.047394,-1.7574081
0.047396,-2.4971101
0.047398,-3.1443493
0.0474,-3.6066632
0.047402,-3.8840513
0.047404,-3.9302826
0.047406,-3.7915885
0.047408,-3.467969
0.04741,-2.9131925
0.047412,-2.2197218
0.047414,-1.4337888
0.047416,-0.5091615
0.047418,0.4154663
0.04742,1.2938623
0.047422,2.126027
0.047424,2.8194976
0.047426,3.3742738
0.047428,3.744125
0.04743,3.92905
0.047432,3.92905
0.047434,3.6978936
0.047436,3.23558
0.047438,2.6345725
0.04744,1.8948698
0.047442,1.0627055
0.047444,0.13807821
0.047446,-0.7403178
0.047447998,-1.6187139
0.04745,-2.4046474
0.047452,-3.0518866
0.047454,-3.5604317
0.047456,-3.8378198
0.047458,-3.976514
0.04746,-3.8378198
0.047462,-3.5142004
0.047464,-3.0056553
0.047466,-2.3584158
0.047468,-1.5262513
0.04747,-0.694087
0.047472,0.23054075
0.047474,1.1551685
0.047476,1.9873328
0.047478,2.727035
0.04748,3.2818112
0.047482,3.6978936
0.047484,3.92905
0.047486,3.92905
0.047488,3.050654
0.04749,-0.3704667
0.047492,-2.589573
0.047494,-1.9885652
0.047496,-1.1564007
0.047498,-0.27800417
0.0475,0.64662313
0.047502,1.5250192
0.047504,2.3109517
0.047506,3.0044227
0.047508,3.5129685
0.047509998,3.8365874
0.047512,3.9752812
0.047514,3.8828197
0.047516,3.605431
0.047518,3.1431174
0.04752,2.4958777
0.047522,1.7099442
0.047524,0.8315482
0.047526,-0.046847343
0.047528,-0.9714751
0.04753,-1.8036394
0.047532,-2.5433414
0.047534,-3.1905808
0.047536,-3.6528945
0.047538,-3.8840513
0.04754,-3.9302826
0.047542,-3.7915885
0.047544,-3.4217377
0.047546,-2.866961
0.047548,-2.1734905
0.04755,-1.3413262
0.047552,-0.46292973
0.047554,0.46169758
0.047556,1.3400936
0.047558,2.172258
0.04756,2.8657289
0.047562,3.420505
0.047564,3.7903562
0.047566,3.92905
0.047568,3.92905
0.04757,3.6516623
0.047571998,3.1893477
0.047574,2.5883412
0.047576,1.8486385
0.047578,1.0164738
0.04758,0.091846466
0.047582,-0.83278084
0.047584,-1.6649456
0.047586,-2.4508786
0.047588,-3.098118
0.04759,-3.6066632
0.047592,-3.8840513
0.047594,-3.976514
0.047596,-3.8378198
0.047598,-3.5142004
0.0476,-3.0056553
0.047602,-2.3121846
0.047604,-1.48002
0.047606,-0.6478553
0.047608,0.27677202
0.04761,1.2013993
0.047612,2.033564
0.047614,2.727035
0.047616,3.3280425
0.047618,3.744125
0.04762,3.92905
0.047622,3.92905
0.047624,3.6978936
0.047626,3.2818112
0.047628,2.727035
0.04763,1.9873328
0.047632,1.1551685
0.047633998,0.23054075
0.047636,-0.6478553
0.047638,-1.5262513
0.04764,-2.3121846
0.047642,-3.0056553
0.047644,-3.5142004
0.047646,-3.8378198
0.047648,-3.976514
0.04765,-3.8840513
0.047652,-3.5604317
0.047654,-3.098118
0.047656,-2.4508786
0.047658,-1.6187139
0.04766,-0.78654957
0.047662,0.13807821
0.047664,1.0627055
0.047666,1.8948698
0.047668,2.6345725
0.04767,3.23558
0.047672,3.6978936
0.047674,3.92905
0.047676,3.92905
0.047678,3.744125
0.04768,3.3742738
0.047682,2.8194976
0.047684,2.126027
0.047686,1.2938623
0.047688,0.4154663
0.04769,-0.5091615
0.047692,-1.387557
0.047694,-2.1734905
0.047695998,-2.866961
0.047698,-3.4217377
0.0477,-3.7915885
0.047702,-3.9302826
0.047704,-3.8840513
0.047706,-3.6528945
0.047708,-3.1905808
0.04771,-2.5433414
0.047712,-1.8036394
0.047714,-0.9252434
0.047716,-0.046847343
0.047718,0.87777996
0.04772,1.7099442
0.047722,2.4958777
0.047724,3.1431174
0.047726,3.605431
0.047728,3.8828197
0.04773,3.9752812
0.047732,3.7903562
0.047734,3.4667363
0.047736,2.9119601
0.047738,2.2184901
0.04774,1.4325566
0.047742,0.5541601
0.047744,-0.3704667
0.047746,-1.2488632
0.047748,-2.0347965
0.04775,-2.7744985
0.047752,-3.329275
0.047754,-3.745357
0.047756,-3.9302826
0.047757998,-3.9302826
0.04776,-3.6991258
0.047762,-3.2830436
0.047764,-2.6820357
0.047766,-1.9423337
0.047768,-1.1101689
0.04777,-0.18554163
0.047772,0.7390857
0.047774,1.5712504
0.047776,2.357184
0.047778,3.050654
0.04778,3.5591989
0.047782,3.8365874
0.047784,3.9752812
0.047786,3.8365874
0.047788,3.5591989
0.04779,3.050654
0.047792,2.357184
0.047794,1.5712504
0.047796,0.7390857
0.047798,-0.18554163
0.0478,-1.1101689
0.047802,-1.8961024
0.047804,-2.6358042
0.047806,-3.2830436
0.047808,-3.6991258
0.04781,-3.9302826
0.047812,-3.9302826
0.047814,-3.745357
0.047816,-3.3755062
0.047818,-2.7744985
0.047819998,-2.081028
0.047822,-1.2488632
0.047824,-0.32423592
0.047826,0.60039186
0.047828,1.4787879
0.04783,2.2647214
0.047832,2.9581914
0.047834,3.4667363
0.047836,3.8365874
0.047838,3.9752812
0.04784,3.8828197
0.047842,3.605431
0.047844,3.1431174
0.047846,2.4958777
0.047848,1.7099442
0.04785,0.87777996
0.047852,-0.046847343
0.047854,-0.9252434
0.047856,-1.7574081
0.047858,-2.5433414
0.04786,-3.1443493
0.047862,-3.6528945
0.047864,-3.8840513
0.047866,-3.9302826
0.047868,-3.7915885
0.04787,-3.4217377
0.047872,-2.9131925
0.047874,-2.2197218
0.047876,-1.387557
0.047878,-0.5091615
0.04788,0.4154663
0.047881998,1.2938623
0.047884,2.126027
0.047886,2.8194976
0.047888,3.3742738
0.04789,3.7903562
0.047892,3.92905
0.047894,3.92905
0.047896,3.6516623
0.047898,3.23558
0.0479,2.6345725
0.047902,1.8486385
0.047904,1.0164738
0.047906,0.13807821
0.047908,-0.2317729
0.04791,1.7099442
0.047912,2.4958777
0.047914,3.1431174
0.047916,3.6516623
0.047918,3.92905
0.04792,4.0215135
0.047922,3.8828197
0.047924,3.5591989
0.047926,3.050654
0.047928,2.357184
0.04793,1.5712504
0.047932,0.6928544
0.047934,-0.2317729
0.047936,-1.1101689
0.047938,-1.9423337
0.04794,-2.6820357
0.047942,-3.2830436
0.047943998,-3.6991258
0.047946,-3.9302826
0.047948,-3.9302826
0.04795,-3.6991258
0.047952,-3.329275
0.047954,-2.728267
0.047956,-1.9885652
0.047958,-1.1564007
0.04796,-0.27800417
0.047962,0.64662313
0.047964,1.5250192
0.047966,2.3109517
0.047968,3.0044227
0.04797,3.5129685
0.047972,3.8365874
0.047974,3.9752812
0.047976,3.8828197
0.047978,3.605431
0.04798,3.0968862
0.047982,2.4496465
0.047984,1.6637135
0.047986,0.8315482
0.047988,-0.09307861
0.04799,-0.9714751
0.047992,-1.8036394
0.047994,-2.589573
0.047996,-3.1905808
0.047998,-3.6528945
0.048,-3.8840513
0.048002,-3.9302826
0.048004,-3.7915885
0.048005998,-3.4217377
0.048008,-2.866961
0.04801,-2.1272593
0.048012,-1.3413262
0.048014,-0.46292973
0.048016,0.50792885
0.048018,1.3863249
0.04802,2.172258
0.048022,2.8657289
0.048024,3.420505
0.048026,3.7903562
0.048028,3.9752812
0.04803,3.8828197
0.048032,3.6516623
0.048034,3.1893477
0.048036,2.5883412
0.048038,1.8024073
0.04804,0.970243
0.048042,0.091846466
0.048044,-0.83278084
0.048046,-1.6649456
0.048048,-2.4508786
0.04805,-3.098118
0.048051998,-3.6066632
0.048054,-3.8840513
0.048056,-3.976514
0.048058,-3.8378198
0.04806,-3.467969
0.048062,-2.9594238
0.048064,-2.2659533
0.048066,-1.48002
0.048068,-0.601624
0.04807,0.3230033
0.048072,1.2476311
0.048074,2.033564
0.048076,2.7732663
0.048078,3.3280425
0.04808,3.744125
0.048082,3.92905
0.048084,3.92905
0.048086,3.6978936
0.048088,3.2818112
0.04809,2.6808028
0.048092,1.9411016
0.048094,1.1089368
0.048096,0.23054075
0.048098,-0.694087
0.0481,-1.5262513
0.048102,-2.3121846
0.048104,-3.0056553
0.048106,-3.5142004
0.048108,-3.8378198
0.04811,-3.976514
0.048112,-3.8378198
0.048113998,-3.5604317
0.048116,-3.0518866
0.048118,-2.4046474
0.04812,-1.6187139
0.048122,-0.7403178
0.048124,0.184309
0.048126,1.0627055
0.048128,1.8948698
0.04813,2.6345725
0.048132,3.23558
0.048134,3.6978936
0.048136,3.92905
0.048138,3.92905
0.04814,3.744125
0.048142,3.3742738
0.048144,2.8194976
0.048146,2.0797954
0.048148,1.2938623
0.04815,0.36923456
0.048152,-0.5091615
0.048154,-1.4337888
0.048156,-2.2197218
0.048158,-2.9131925
0.04816,-3.467969
0.048162,-3.7915885
0.048164,-3.9302826
0.048166,-3.8840513
0.048168,-3.6066632
0.04817,-3.1443493
0.048172,-2.5433414
0.048174,-1.7574081
0.048175998,-0.9252434
0.048178,-6.160736E-4
0.04818,0.92401123
0.048182,1.756176
0.048184,2.542109
0.048186,3.1431174
0.048188,3.605431
0.04819,3.8828197
0.048192,3.9752812
0.048194,3.7903562
0.048196,3.4667363
0.048198,2.9119601
0.0482,2.2184901
0.048202,1.4325566
0.048204,0.5541601
0.048206,-0.3704667
0.048208,-1.2488632
0.04821,-2.081028
0.048212,-2.7744985
0.048214,-3.3755062
0.048216,-3.745357
0.048218,-3.9302826
0.04822,-3.9302826
0.048222,-3.6991258
0.048224,-3.236812
0.048226,-2.6358042
0.048228,-1.8961024
0.04823,-1.0639377
0.048232,-0.13931036
0.048234,0.7390857
0.048236,1.6174817
0.048237998,2.4034152
0.04824,3.050654
0.048242,3.5591989
0.048244,3.8828197
0.048246,3.9752812
0.048248,3.8365874
0.04825,3.5129685
0.048252,3.0044227
0.048254,2.357184
0.048256,1.5712504
0.048258,0.6928544
0.04826,-0.2317729
0.048262,-1.1101689
0.048264,-1.9423337
0.048266,-2.6820357
0.048268,-3.2830436
0.04827,-3.6991258
0.048272,-3.9302826
0.048274,-3.9302826
0.048276,-3.745357
0.048278,-3.329275
0.04828,-2.7744985
0.048282,-2.0347965
0.048284,-1.2488632
0.048286,-0.32423592
0.048288,0.60039186
0.04829,1.4787879
0.048292,2.2647214
0.048294,2.9581914
0.048296,3.4667363
0.048298,3.8365874
0.048299998,3.9752812
0.048302,3.8828197
0.048304,3.605431
0.048306,3.1431174
0.048308,2.4958777
0.04831,1.7099442
0.048312,0.87777996
0.048314,-0.046847343
0.048316,-0.9714751
0.048318,-1.8036394
0.04832,-2.5433414
0.048322,-3.1905808
0.048324,-3.6528945
0.048326,-3.8840513
0.048328,-3.7915885
0.04833,-0.5091615
0.048332,2.9581914
0.048334,2.8657289
0.048336,2.172258
0.048338,1.3863249
0.04834,0.46169758
0.048342,-0.46292973
0.048344,-1.3413262
0.048346,-2.1272593
0.048348,-2.8207297
0.04835,-3.4217377
0.048352,-3.7915885
0.048354,-3.9302826
0.048356,-3.9302826
0.048358,-3.6528945
0.04836,-3.236812
0.048361998,-2.6358042
0.048364,-1.8498712
0.048366,-1.0177064
0.048368,-0.09307861
0.04837,0.8315482
0.048372,1.6637135
0.048374,2.4496465
0.048376,3.0968862
0.048378,3.605431
0.04838,3.8828197
0.048382,3.9752812
0.048384,3.8365874
0.048386,3.5129685
0.048388,3.0044227
0.04839,2.3109517
0.048392,1.5250192
0.048394,0.64662313
0.048396,-0.27800417
0.048398,-1.1564007
0.0484,-1.9885652
0.048402,-2.728267
0.048404,-3.2830436
0.048406,-3.6991258
0.048408,-3.9302826
0.04841,-3.9302826
0.048412,-3.6991258
0.048414,-3.329275
0.048416,-2.728267
0.048418,-1.9885652
0.04842,-1.1564007
0.048422,-0.27800417
0.048423998,0.64662313
0.048426,1.5250192
0.048428,2.3109517
0.04843,3.0044227
0.048432,3.5129685
0.048434,3.8365874
0.048436,3.9752812
0.048438,3.8828197
0.04844,3.5591989
0.048442,3.0968862
0.048444,2.4496465
0.048446,1.6637135
0.048448,0.7853174
0.04845,-0.09307861
0.048452,-1.0177064
0.048454,-1.8498712
0.048456,-2.589573
0.048458,-3.236812
0.04846,-3.6528945
0.048462,-3.8840513
0.048464,-3.9302826
0.048466,-3.7915885
0.048468,-3.3755062
0.04847,-2.8207297
0.048472,-2.1272593
0.048474,-1.3413262
0.048476,-0.41669846
0.048478,0.50792885
0.04848,1.3863249
0.048482,2.172258
0.048484,2.8657289
0.048485998,3.420505
0.048488,3.7903562
0.04849,3.9752812
0.048492,3.8828197
0.048494,3.6516623
0.048496,3.1893477
0.048498,2.542109
0.0485,1.8024073
0.048502,0.970243
0.048504,0.045615196
0.048506,-0.8790121
0.048508,-1.7111769
0.04851,-2.4508786
0.048512,-3.098118
0.048514,-3.6066632
0.048516,-3.8840513
0.048518,-3.9302826
0.04852,-3.8378198
0.048522,-3.467969
0.048524,-2.9594238
0.048526,-2.2659533
0.048528,-1.48002
0.04853,-0.601624
0.048532,0.3230033
0.048534,1.2476311
0.048536,2.033564
0.048538,2.7732663
0.04854,3.3742738
0.048542,3.744125
0.048544,3.92905
0.048546,3.92905
0.048547998,3.6978936
0.04855,3.2818112
0.048552,2.6808028
0.048554,1.9411016
0.048556,1.1089368
0.048558,0.23054075
0.04856,-0.694087
0.048562,-1.5724826
0.048564,-2.3584158
0.048566,-3.0056553
0.048568,-3.5142004
0.04857,-3.8378198
0.048572,-3.976514
0.048574,-3.8378198
0.048576,-3.5604317
0.048578,-3.0518866
0.04858,-2.4046474
0.048582,-1.6187139
0.048584,-0.7403178
0.048586,0.184309
0.048588,1.1089368
0.04859,1.8948698
0.048592,2.6808028
0.048594,3.2818112
0.048596,3.6978936
0.048598,3.92905
0.0486,3.92905
0.048602,3.744125
0.048604,3.3742738
0.048606,2.7732663
0.048608,2.0797954
0.048609998,1.2476311
0.048612,0.36923456
0.048614,-0.55539227
0.048616,-1.4337888
0.048618,-2.2197218
0.04862,-2.9131925
0.048622,-3.467969
0.048624,-3.7915885
0.048626,-3.9302826
0.048628,-3.8840513
0.04863,-3.6066632
0.048632,-3.1443493
0.048634,-2.5433414
0.048636,-1.7574081
0.048638,-0.8790121
0.04864,-6.160736E-4
0.048642,0.92401123
0.048644,1.756176
0.048646,2.542109
0.048648,3.1893477
0.04865,3.6516623
0.048652,3.8828197
0.048654,3.9752812
0.048656,3.7903562
0.048658,3.420505
0.04866,2.9119601
0.048662,2.2184901
0.048664,1.4325566
0.048666,0.50792885
0.048668,-0.3704667
0.04867,-1.2950945
0.048671998,-2.081028
0.048674,-2.7744985
0.048676,-3.3755062
0.048678,-3.745357
0.04868,-3.9302826
0.048682,-3.9302826
0.048684,-3.6991258
0.048686,-3.236812
0.048688,-2.6358042
0.04869,-1.8961024
0.048692,-1.0639377
0.048694,-0.13931036
0.048696,0.7853174
0.048698,1.6174817
0.0487,2.4034152
0.048702,3.0968862
0.048704,3.5591989
0.048706,3.8828197
0.048708,3.9752812
0.04871,3.8365874
0.048712,3.5129685
0.048714,3.0044227
0.048716,2.357184
0.048718,1.5250192
0.04872,0.6928544
0.048722,-0.2317729
0.048724,-1.1101689
0.048726,-1.9423337
0.048728,-2.6820357
0.04873,-3.2830436
0.048732,-3.6991258
0.048733998,-3.9302826
0.048736,-3.9302826
0.048738,-3.745357
0.04874,-3.329275
0.048742,-2.7744985
0.048744,-2.0347965
0.048746,-1.202632
0.048748,-0.27800417
0.04875,-0.694087
0.048752,-1.5262513
0.048754,-2.3584158
0.048756,-3.0056553
0.048758,-3.5604317
0.04876,-3.8840513
0.048762,-4.022745
0.048764,-3.9302826
0.048766,-3.6528945
0.048768,-3.1443493
0.04877,-2.4971101
0.048772,-1.7111769
0.048774,-0.8790121
0.048776,0.045615196
0.048778,0.970243
0.04878,1.8024073
0.048782,2.542109
0.048784,3.1893477
0.048786,3.6516623
0.048788,3.8828197
0.04879,3.92905
0.048792,3.744125
0.048794,3.420505
0.048795998,2.8657289
0.048798,2.126027
0.0488,1.3400936
0.048802,0.46169758
0.048804,-0.46292973
0.048806,-1.3413262
0.048808,-2.1272593
0.04881,-2.866961
0.048812,-3.4217377
0.048814,-3.7915885
0.048816,-3.9302826
0.048818,-3.9302826
0.04882,-3.6528945
0.048822,-3.236812
0.048824,-2.589573
0.048826,-1.8498712
0.048828,-1.0177064
0.04883,-0.09307861
0.048832,0.8315482
0.048834,1.6637135
0.048836,2.4496465
0.048838,3.0968862
0.04884,3.605431
0.048842,3.8828197
0.048844,3.9752812
0.048846,3.8365874
0.048848,3.5129685
0.04885,2.9581914
0.048852,2.2647214
0.048854,1.4787879
0.048856,0.60039186
0.048857998,-0.27800417
0.04886,-1.202632
0.048862,-1.9885652
0.048864,-2.728267
0.048866,-3.329275
0.048868,-3.745357
0.04887,-3.9302826
0.048872,-3.9302826
0.048874,-3.6991258
0.048876,-3.2830436
0.048878,-2.728267
0.04888,-1.9885652
0.048882,-1.1564007
0.048884,-0.2317729
0.048886,0.6928544
0.048888,1.5250192
0.04889,2.357184
0.048892,3.0044227
0.048894,3.5129685
0.048896,3.8365874
0.048898,3.9752812
0.0489,3.8828197
0.048902,3.5591989
0.048904,3.050654
0.048906,2.4034152
0.048908,1.6174817
0.04891,0.7853174
0.048912,-0.13931036
0.048914,-1.0177064
0.048916,-1.8498712
0.048918,-2.6358042
0.048919998,-3.236812
0.048922,-3.6528945
0.048924,-3.9302826
0.048926,-3.9302826
0.048928,-3.745357
0.04893,-3.3755062
0.048932,-2.8207297
0.048934,-2.1272593
0.048936,-1.2950945
0.048938,-0.41669846
0.04894,0.50792885
0.048942,1.4325566
0.048944,2.2184901
0.048946,2.9119601
0.048948,3.4667363
0.04895,3.7903562
0.048952,3.9752812
0.048954,3.8828197
0.048956,3.6516623
0.048958,3.1893477
0.04896,2.542109
0.048962,1.756176
0.048964,0.92401123
0.048966,0.045615196
0.048968,-0.8790121
0.04897,-1.7111769
0.048972,-2.4971101
0.048974,-3.1443493
0.048976,-3.6066632
0.048978,-3.8840513
0.04898,-3.976514
0.048981998,-3.7915885
0.048984,-3.467969
0.048986,-2.9131925
0.048988,-2.2659533
0.04899,-1.4337888
0.048992,-0.55539227
0.048994,0.36923456
0.048996,1.2476311
0.048998,2.0797954
0.049,2.7732663
0.049002,3.3742738
0.049004,3.744125
0.049006,3.92905
0.049008,3.92905
0.04901,3.6978936
0.049012,3.2818112
0.049014,2.6808028
0.049016,1.8948698
0.049018,1.1089368
0.04902,0.184309
0.049022,-0.7403178
0.049024,-1.5724826
0.049026,-2.3584158
0.049028,-3.0518866
0.04903,-3.5604317
0.049032,-3.8378198
0.049034,-3.976514
0.049036,-3.8378198
0.049038,-3.5604317
0.04904,-3.0518866
0.049042,-2.3584158
0.049043998,-1.5724826
0.049046,-0.7403178
0.049048,0.184309
0.04905,1.1089368
0.049052,1.9411016
0.049054,2.6808028
0.049056,3.2818112
0.049058,3.6978936
0.04906,3.92905
0.049062,3.92905
0.049064,3.744125
0.049066,3.3280425
0.049068,2.7732663
0.04907,2.033564
0.049072,1.2476311
0.049074,0.36923456
0.049076,-0.55539227
0.049078,-1.4337888
0.04908,-2.2197218
0.049082,-2.9131925
0.049084,-3.467969
0.049086,-3.7915885
0.049088,-3.976514
0.04909,-3.8840513
0.049092,-3.6066632
0.049094,-3.1443493
0.049096,-2.4971101
0.049098,-1.7111769
0.0491,-0.8790121
0.049102,0.045615196
0.049104,0.970243
0.049105998,1.8024073
0.049108,2.542109
0.04911,3.1893477
0.049112,3.6516623
0.049114,3.8828197
0.049116,3.9752812
0.049118,3.7903562
0.04912,3.420505
0.049122,2.8657289
0.049124,2.172258
0.049126,1.3863249
0.049128,0.50792885
0.04913,-0.41669846
0.049132,-1.2950945
0.049134,-2.081028
0.049136,-2.8207297
0.049138,-3.3755062
0.04914,-3.745357
0.049142,-3.9302826
0.049144,-3.9302826
0.049146,-3.6528945
0.049148,-3.236812
0.04915,-2.6358042
0.049152,-1.8498712
0.049154,-1.0177064
0.049156,-0.13931036
0.049158,0.7853174
0.04916,1.6637135
0.049162,2.4496465
0.049164,3.0968862
0.049166,3.5591989
0.049167998,3.8828197
0.04917,0.7853174
0.049172,-2.4971101
0.049174,-3.5142004
0.049176,-3.0056553
0.049178,-2.3121846
0.04918,-1.5262513
0.049182,-0.6478553
0.049184,0.27677202
0.049186,1.1551685
0.049188,1.9873328
0.04919,2.727035
0.049192,3.3280425
0.049194,3.6978936
0.049196,3.92905
0.049198,3.92905
0.0492,3.744125
0.049202,3.3280425
0.049204,2.727035
0.049206,1.9873328
0.049208,1.2013993
0.04921,0.27677202
0.049212,-0.6478553
0.049213998,-1.48002
0.049216,-2.2659533
0.049218,-2.9594238
0.04922,-3.5142004
0.049222,-3.8378198
0.049224,-3.976514
0.049226,-3.8840513
0.049228,-3.6066632
0.04923,-3.098118
0.049232,-2.4508786
0.049234,-1.6649456
0.049236,-0.83278084
0.049238,0.091846466
0.04924,1.0164738
0.049242,1.8486385
0.049244,2.5883412
0.049246,3.23558
0.049248,3.6516623
0.04925,3.92905
0.049252,3.92905
0.049254,3.7903562
0.049256,3.420505
0.049258,2.8194976
0.04926,2.126027
0.049262,1.3400936
0.049264,0.46169758
0.049266,-0.46292973
0.049268,-1.3413262
0.04927,-2.1272593
0.049272,-2.866961
0.049274,-3.4217377
0.049275998,-3.7915885
0.049278,-3.9302826
0.04928,-3.8840513
0.049282,-3.6528945
0.049284,-3.1905808
0.049286,-2.589573
0.049288,-1.8036394
0.04929,-0.9714751
0.049292,-0.046847343
0.049294,0.8315482
0.049296,1.7099442
0.049298,2.4958777
0.0493,3.1431174
0.049302,3.605431
0.049304,3.8828197
0.049306,3.9752812
0.049308,3.8365874
0.04931,3.4667363
0.049312,2.9581914
0.049314,2.2647214
0.049316,1.4787879
0.049318,0.60039186
0.04932,-0.32423592
0.049322,-1.202632
0.049324,-2.0347965
0.049326,-2.728267
0.049328,-3.329275
0.04933,-3.745357
0.049332,-3.9302826
0.049334,-3.9302826
0.049336,-3.6991258
0.049337998,-3.2830436
0.04934,-2.6820357
0.049342,-1.9423337
0.049344,-1.1101689
0.049346,-0.2317729
0.049348,0.6928544
0.04935,1.5712504
0.049352,2.357184
0.049354,3.0044227
0.049356,3.5129685
0.049358,3.8365874
0.04936,3.9752812
0.049362,3.8365874
0.049364,3.5591989
0.049366,3.050654
0.049368,2.4034152
0.04937,1.6174817
0.049372,0.7390857
0.049374,-0.13931036
0.049376,-1.0639377
0.049378,-1.8961024
0.04938,-2.6358042
0.049382,-3.236812
0.049384,-3.6991258
0.049386,-3.9302826
0.049388,-3.9302826
0.04939,-3.745357
0.049392,-3.3755062
0.049394,-2.8207297
0.049396,-2.081028
0.049398,-1.2950945
0.049399998,-0.3704667
0.049402,0.5541601
0.049404,1.4325566
0.049406,2.2184901
0.049408,2.9119601
0.04941,3.4667363
0.049412,3.7903562
0.049414,3.9752812
0.049416,3.8828197
0.049418,3.605431
0.04942,3.1431174
0.049422,2.542109
0.049424,1.756176
0.049426,0.92401123
0.049428,-6.160736E-4
0.04943,-0.8790121
0.049432,-1.7574081
0.049434,-2.4971101
0.049436,-3.1443493
0.049438,-3.6066632
0.04944,-3.8840513
0.049442,-3.976514
0.049444,-3.7915885
0.049446,-3.467969
0.049448,-2.9131925
0.04945,-2.2197218
0.049452,-1.4337888
0.049454,-0.55539227
0.049456,0.36923456
0.049458,1.2938623
0.04946,2.0797954
0.049461998,2.8194976
0.049464,3.3742738
0.049466,3.744125
0.049468,3.92905
0.04947,3.92905
0.049472,3.6978936
0.049474,3.23558
0.049476,2.6345725
0.049478,1.8948698
0.04948,1.0627055
0.049482,0.184309
0.049484,-0.7403178
0.049486,-1.5724826
0.049488,-2.3584158
0.04949,-3.0518866
0.049492,-3.5604317
0.049494,-3.8378198
0.049496,-3.976514
0.049498,-3.8378198
0.0495,-3.5142004
0.049502,-3.0518866
0.049504,-2.3584158
0.049506,-1.5724826
0.049508,-0.694087
0.04951,0.23054075
0.049512,1.1089368
0.049514,1.9411016
0.049516,2.6808028
0.049518,3.2818112
0.04952,3.6978936
0.049522,3.92905
0.049523998,3.92905
0.049526,3.744125
0.049528,3.3280425
0.04953,2.7732663
0.049532,2.033564
0.049534,1.2476311
0.049536,0.3230033
0.049538,-0.601624
0.04954,-1.48002
0.049542,-2.2659533
0.049544,-2.9594238
0.049546,-3.467969
0.049548,-3.8378198
0.04955,-3.976514
0.049552,-3.8840513
0.049554,-3.6066632
0.049556,-3.1443493
0.049558,-2.4971101
0.04956,-1.7111769
0.049562,-0.8790121
0.049564,0.045615196
0.049566,0.970243
0.049568,1.8024073
0.04957,2.5883412
0.049572,3.1893477
0.049574,3.6516623
0.049576,3.8828197
0.049578,3.92905
0.04958,3.7903562
0.049582,3.420505
0.049584,2.8657289
0.049585998,2.172258
0.049588,1.3863249
0.04959,-0.27800417
0.049592,0.5541601
0.049594,1.4325566
0.049596,2.2184901
0.049598,2.9119601
0.0496,3.4667363
0.049602,3.8365874
0.049604,4.0215135
0.049606,3.9752812
0.049608,3.6978936
0.04961,3.23558
0.049612,2.6345725
0.049614,1.8948698
0.049616,1.0627055
0.049618,0.13807821
0.04962,-0.78654957
0.049622,-1.6187139
0.049624,-2.4046474
0.049626,-3.0518866
0.049628,-3.5604317
0.04963,-3.8378198
0.049632,-3.9302826
0.049634,-3.8378198
0.049636,-3.467969
0.049638,-2.9594238
0.04964,-2.3121846
0.049642,-1.48002
0.049644,-0.6478553
0.049646,0.27677202
0.049647998,1.2013993
0.04965,2.033564
0.049652,2.727035
0.049654,3.3280425
0.049656,3.744125
0.049658,3.92905
0.04966,3.92905
0.049662,3.744125
0.049664,3.3280425
0.049666,2.727035
0.049668,1.9873328
0.04967,1.1551685
0.049672,0.27677202
0.049674,-0.6478553
0.049676,-1.48002
0.049678,-2.3121846
0.04968,-2.9594238
0.049682,-3.5142004
0.049684,-3.8378198
0.049686,-3.976514
0.049688,-3.8840513
0.04969,-3.5604317
0.049692,-3.098118
0.049694,-2.4508786
0.049696,-1.6649456
0.049698,-0.78654957
0.0497,0.13807821
0.049702,1.0164738
0.049704,1.8486385
0.049706,2.6345725
0.049708,3.23558
0.049709998,3.6516623
0.049712,3.92905
0.049714,3.92905
0.049716,3.7903562
0.049718,3.3742738
0.04972,2.8194976
0.049722,2.126027
0.049724,1.3400936
0.049726,0.4154663
0.049728,-0.5091615
0.04973,-1.387557
0.049732,-2.1734905
0.049734,-2.866961
0.049736,-3.4217377
0.049738,-3.7915885
0.04974,-3.9302826
0.049742,-3.8840513
0.049744,-3.6528945
0.049746,-3.1905808
0.049748,-2.5433414
0.04975,-1.8036394
0.049752,-0.9714751
0.049754,-0.046847343
0.049756,0.87777996
0.049758,1.7099442
0.04976,2.4958777
0.049762,3.1431174
0.049764,3.605431
0.049766,3.8828197
0.049768,3.9752812
0.04977,3.8365874
0.049771998,3.4667363
0.049774,2.9581914
0.049776,2.2647214
0.049778,1.4787879
0.04978,0.60039186
0.049782,-0.32423592
0.049784,-1.2488632
0.049786,-2.0347965
0.049788,-2.7744985
0.04979,-3.329275
0.049792,-3.745357
0.049794,-3.9302826
0.049796,-3.9302826
0.049798,-3.6991258
0.0498,-3.2830436
0.049802,-2.6820357
0.049804,-1.9423337
0.049806,-1.1101689
0.049808,-0.18554163
0.04981,0.7390857
0.049812,1.5712504
0.049814,2.357184
0.049816,3.050654
0.049818,3.5591989
0.04982,3.8365874
0.049822,3.9752812
0.049824,3.8365874
0.049826,3.5591989
0.049828,3.050654
0.04983,2.357184
0.049832,1.5712504
0.049833998,0.7390857
0.049836,-0.18554163
0.049838,-1.0639377
0.04984,-1.8961024
0.049842,-2.6358042
0.049844,-3.236812
0.049846,-3.6991258
0.049848,-3.9302826
0.04985,-3.9302826
0.049852,-3.745357
0.049854,-3.3755062
0.049856,-2.7744985
0.049858,-2.081028
0.04986,-1.2488632
0.049862,-0.3704667
0.049864,0.5541601
0.049866,1.4787879
0.049868,2.2184901
0.04987,2.9119601
0.049872,3.4667363
0.049874,3.8365874
0.049876,3.9752812
0.049878,3.8828197
0.04988,3.605431
0.049882,3.1431174
0.049884,2.4958777
0.049886,1.756176
0.049888,0.87777996
0.04989,-6.160736E-4
0.049892,-0.9252434
0.049894,-1.7574081
0.049895998,-2.5433414
0.049898,-3.1443493
0.0499,-3.6066632
0.049902,-3.8840513
0.049904,-3.9302826
0.049906,-3.7915885
0.049908,-3.467969
0.04991,-2.9131925
0.049912,-2.2197218
0.049914,-1.4337888
0.049916,-0.5091615
0.049918,0.4154663
0.04992,1.2938623
0.049922,2.126027
0.049924,2.8194976
0.049926,3.3742738
0.049928,3.744125
0.04993,3.92905
0.049932,3.92905
0.049934,3.6516623
0.049936,3.23558
0.049938,2.6345725
0.04994,1.8948698
0.049942,1.0627055
0.049944,0.13807821
0.049946,-0.78654957
0.049948,-1.6187139
0.04995,-2.4046474
0.049952,-3.0518866
0.049954,-3.5604317
0.049956,-3.8378198
0.049957998,-3.976514
0.04996,-3.8378198
0.049962,-3.5142004
0.049964,-3.0056553
0.049966,-2.3584158
0.049968,-1.5262513
0.04997,-0.694087
0.049972,0.23054075
0.049974,1.1551685
0.049976,1.9873328
0.049978,2.727035
0.04998,3.2818112
0.049982,3.6978936
0.049984,3.92905
0.049986,3.92905
0.049988,3.744125
0.04999,3.3280425
0.049992,2.727035
0.049994,2.033564
0.049996,1.2013993
0.049998,0.3230033
0.05,-0.601624
0.050002,-1.48002
0.050004,-2.2659533
0.050006,-2.9594238
0.050008,-3.467969
0.05001,-1.4337888
0.050012,2.3109517
0.050014,3.8828197
0.050016,3.605431
0.050018,3.1431174
0.050019998,2.4496465
0.050022,1.7099442
0.050024,0.8315482
0.050026,-0.046847343
0.050028,-0.9714751
0.05003,-1.8036394
0.050032,-2.5433414
0.050034,-3.1905808
0.050036,-3.6528945
0.050038,-3.8840513
0.05004,-3.9302826
0.050042,-3.7915885
0.050044,-3.4217377
0.050046,-2.866961
0.050048,-2.1734905
0.05005,-1.3413262
0.050052,-0.46292973
0.050054,0.46169758
0.050056,1.3863249
0.050058,2.172258
0.05006,2.8657289
0.050062,3.420505
0.050064,3.7903562
0.050066,3.9752812
0.050068,3.92905
0.05007,3.6516623
0.050072,3.1893477
0.050074,2.5883412
0.050076,1.8486385
0.050078,1.0164738
0.05008,0.091846466
0.050081998,-0.83278084
0.050084,-1.6649456
0.050086,-2.4508786
0.050088,-3.098118
0.05009,-3.5604317
0.050092,-3.8840513
0.050094,-3.976514
0.050096,-3.8378198
0.050098,-3.5142004
0.0501,-2.9594238
0.050102,-2.3121846
0.050104,-1.48002
0.050106,-0.601624
0.050108,0.3230033
0.05011,1.2013993
0.050112,2.033564
0.050114,2.7732663
0.050116,3.3280425
0.050118,3.744125
0.05012,3.92905
0.050122,3.92905
0.050124,3.6978936
0.050126,3.2818112
0.050128,2.727035
0.05013,1.9873328
0.050132,1.1551685
0.050134,0.23054075
0.050136,-0.6478553
0.050138,-1.5262513
0.05014,-2.3121846
0.050142,-3.0056553
0.050143998,-3.5142004
0.050146,-3.8378198
0.050148,-3.976514
0.05015,-3.8840513
0.050152,-3.5604317
0.050154,-3.098118
0.050156,-2.4046474
0.050158,-1.6187139
0.05016,-0.78654957
0.050162,0.13807821
0.050164,1.0627055
0.050166,1.8948698
0.050168,2.6345725
0.05017,3.23558
0.050172,3.6978936
0.050174,3.92905
0.050176,3.92905
0.050178,3.744125
0.05018,3.3742738
0.050182,2.8194976
0.050184,2.126027
0.050186,1.2938623
0.050188,0.4154663
0.05019,-0.5091615
0.050192,-1.387557
0.050194,-2.1734905
0.050196,-2.866961
0.050198,-3.4217377
0.0502,-3.7915885
0.050202,-3.9302826
0.050204,-3.8840513
0.050205998,-3.6528945
0.050208,-3.1905808
0.05021,-2.5433414
0.050212,-1.7574081
0.050214,-0.9252434
0.050216,-6.160736E-4
0.050218,0.87777996
0.05022,1.756176
0.050222,2.4958777
0.050224,3.1431174
0.050226,3.605431
0.050228,3.8828197
0.05023,3.9752812
0.050232,3.7903562
0.050234,3.4667363
0.050236,2.9119601
0.050238,2.2184901
0.05024,1.4325566
0.050242,0.5541601
0.050244,-0.3704667
0.050246,-1.2488632
0.050248,-2.0347965
0.05025,-2.7744985
0.050252,-3.329275
0.050254,-3.745357
0.050256,-3.9302826
0.050258,-3.9302826
0.05026,-3.6991258
0.050262,-3.2830436
0.050264,-2.6820357
0.050266,-1.9423337
0.050267998,-1.1101689
0.05027,-0.18554163
0.050272,0.7390857
0.050274,1.5712504
0.050276,2.4034152
0.050278,3.050654
0.05028,3.5591989
0.050282,3.8365874
0.050284,3.9752812
0.050286,3.8365874
0.050288,3.5591989
0.05029,3.050654
0.050292,2.357184
0.050294,1.5712504
0.050296,0.7390857
0.050298,-0.18554163
0.0503,-1.1101689
0.050302,-1.8961024
0.050304,-2.6358042
0.050306,-3.2830436
0.050308,-3.6991258
0.05031,-3.9302826
0.050312,-3.9302826
0.050313998,-3.745357
0.050316,-3.3755062
0.050318,-2.7744985
0.05032,-2.081028
0.050322,-1.2488632
0.050324,-0.32423592
0.050326,0.60039186
0.050328,1.4787879
0.050329998,2.2647214
0.050332,2.9581914
0.050334,3.4667363
0.050336,3.8365874
0.050338,3.9752812
0.05034,3.8828197
0.050342,3.605431
0.050344,3.1431174
0.050346,2.4958777
0.050348,1.7099442
0.05035,0.87777996
0.050352,-0.046847343
0.050354,-0.9252434
0.050356,-1.7574081
0.050358,-2.5433414
0.05036,-3.1905808
0.050362,-3.6528945
0.050364,-3.8840513
0.050366,-3.9302826
0.050368,-3.7915885
0.05037,-3.4217377
0.050372,-2.9131925
0.050374,-2.2197218
0.050375998,-1.387557
0.050378,-0.5091615
0.05038,0.4154663
0.050382,1.3400936
0.050384,2.126027
0.050386,2.8194976
0.050388,3.3742738
0.05039,3.7903562
0.050392,3.92905
0.050394,3.92905
0.050396,3.6516623
0.050398,3.23558
0.0504,2.6345725
0.050402,1.8486385
0.050404,1.0164738
0.050406,0.13807821
0.050408,-0.78654957
0.05041,-1.6187139
0.050412,-2.4046474
0.050414,-3.0518866
0.050416,-3.5604317
0.050418,-3.8840513
0.05042,-3.976514
0.050422,-3.8378198
0.050424,-3.5142004
0.050426,-3.0056553
0.050428,-2.3121846
0.05043,0.045615196
0.050432,0.5541601
0.050434,-0.32423592
0.050436,-1.2488632
0.050437998,-2.0347965
0.05044,-2.7744985
0.050442,-3.3755062
0.050444,-3.745357
0.050446,-3.976514
0.050448,-3.976514
0.05045,-3.745357
0.050452,-3.3755062
0.050454,-2.7744985
0.050456,-2.0347965
0.050458,-1.202632
0.05046,-0.32423592
0.050462,0.64662313
0.050464,1.4787879
0.050466,2.3109517
0.050468,2.9581914
0.05047,3.5129685
0.050472,3.8365874
0.050474,3.92905
0.050476,3.8365874
0.050478,3.5591989
0.05048,3.0968862
0.050482,2.4496465
0.050484,1.6637135
0.050486,0.7853174
0.050488,-0.09307861
0.05049,-1.0177064
0.050492,-1.8498712
0.050494,-2.589573
0.050496,-3.236812
0.050498,-3.6528945
0.050499998,-3.9302826
0.050502,-3.9302826
0.050504,-3.7915885
0.050506,-3.4217377
0.050508,-2.866961
0.05051,-2.1272593
0.050512,-1.3413262
0.050514,-0.41669846
0.050516,0.50792885
0.050518,1.3863249
0.05052,2.172258
0.050522,2.8657289
0.050524,3.420505
0.050526,3.7903562
0.050528,3.92905
0.05053,3.8828197
0.050532,3.6516623
0.050534,3.1893477
0.050536,2.542109
0.050538,1.8024073
0.05054,0.970243
0.050542,0.045615196
0.050544,-0.83278084
0.050546,-1.6649456
0.050548,-2.4508786
0.05055,-3.098118
0.050552,-3.6066632
0.050554,-3.8840513
0.050556,-3.976514
0.050558,-3.8378198
0.05056,-3.467969
0.050561998,-2.9594238
0.050564,-2.2659533
0.050566,-1.48002
0.050568,-0.601624
0.05057,0.3230033
0.050572,1.2476311
0.050574,2.033564
0.050576,2.7732663
0.050578,3.3280425
0.05058,3.744125
0.050582,3.92905
0.050584,3.92905
0.050586,3.6978936
0.050588,3.2818112
0.05059,2.6808028
0.050592,1.9411016
0.050594,1.1089368
0.050596,0.23054075
0.050598,-0.694087
0.0506,-1.5262513
0.050602,-2.3121846
0.050604,-3.0056553
0.050606,-3.5142004
0.050608,-3.8378198
0.05061,-3.976514
0.050612,-3.8378198
0.050614,-3.5604317
0.050616,-3.0518866
0.050618,-2.4046474
0.05062,-1.6187139
0.050622,-0.7403178
0.050623998,0.184309
0.050626,1.0627055
0.050628,1.8948698
0.05063,2.6345725
0.050632,3.23558
0.050634,3.6978936
0.050636,3.92905
0.050638,3.92905
0.05064,3.744125
0.050642,3.3742738
0.050644,2.8194976
0.050646,2.0797954
0.050648,1.2938623
0.05065,0.36923456
0.050652,-0.55539227
0.050654,-1.4337888
0.050656,-2.2197218
0.050658,-2.9131925
0.05066,-3.467969
0.050662,-3.7915885
0.050664,-3.9302826
0.050666,-3.8840513
0.050668,-3.6066632
0.05067,-3.1443493
0.050672,-2.5433414
0.050674,-1.7574081
0.050676,-0.9252434
0.050678,-6.160736E-4
0.05068,0.92401123
0.050682,1.756176
0.050684,2.542109
0.050685998,3.1431174
0.050688,3.605431
0.05069,3.8828197
0.050692,3.9752812
0.050694,3.7903562
0.050696,3.4667363
0.050698,2.9119601
0.0507,2.2184901
0.050702,1.4325566
0.050704,0.5541601
0.050706,-0.3704667
0.050708,-1.2950945
0.05071,-2.081028
0.050712,-2.7744985
0.050714,-3.3755062
0.050716,-3.745357
0.050718,-3.9302826
0.05072,-3.9302826
0.050722,-3.6991258
0.050724,-3.236812
0.050726,-2.6358042
0.050728,-1.8961024
0.05073,-1.0639377
0.050732,-0.13931036
0.050734,0.7853174
0.050736,1.6174817
0.050738,2.4034152
0.05074,3.050654
0.050742,3.5591989
0.050744,3.8828197
0.050746,3.9752812
0.050747998,3.8365874
0.05075,3.5129685
0.050752,3.0044227
0.050754,2.357184
0.050756,1.5712504
0.050758,0.6928544
0.05076,-0.2317729
0.050762,-1.1101689
0.050764,-1.9423337
0.050766,-2.6820357
0.050768,-3.2830436
0.05077,-3.6991258
0.050772,-3.9302826
0.050774,-3.9302826
0.050776,-3.745357
0.050778,-3.329275
0.05078,-2.7744985
0.050782,-2.0347965
0.050784,-1.202632
0.050786,-0.32423592
0.050788,0.60039186
0.05079,1.4787879
0.050792,2.2647214
0.050794,2.9581914
0.050796,3.4667363
0.050798,3.8365874
0.0508,3.9752812
0.050802,3.8828197
0.050804,3.605431
0.050806,3.0968862
0.050808,2.4496465
0.050809998,1.7099442
0.050812,0.8315482
0.050814,-0.046847343
0.050816,-0.9714751
0.050818,-1.8036394
0.05082,-2.5433414
0.050822,-3.1905808
0.050824,-3.6528945
0.050826,-3.8840513
0.050828,-3.9302826
0.05083,-3.7915885
0.050832,-3.4217377
0.050834,-2.866961
0.050836,-2.1734905
0.050838,-1.387557
0.05084,-0.46292973
0.050842,0.46169758
0.050844,1.3400936
0.050846,2.126027
0.050848,2.8657289
0.05085,1.3863249
0.050852,-1.9423337
0.050854,-3.9302826
0.050856,-3.9302826
0.050858,-3.6991258
0.05086,-3.236812
0.050862,-2.6358042
0.050864,-1.8961024
0.050866,-1.0177064
0.050868,-0.13931036
0.05087,0.7853174
0.050871998,1.6637135
0.050874,2.4496465
0.050876,3.0968862
0.050878,3.5591989
0.05088,3.8365874
0.050882,3.92905
0.050884,3.8365874
0.050886,3.4667363
0.050888,2.9581914
0.05089,2.3109517
0.050892,1.4787879
0.050894,0.64662313
0.050896,-0.27800417
0.050898,-1.1564007
0.0509,-1.9885652
0.050902,-2.728267
0.050904,-3.329275
0.050906,-3.745357
0.050908,-3.9302826
0.05091,-3.9302826
0.050912,-3.745357
0.050914,-3.329275
0.050916,-2.728267
0.050918,-1.9885652
0.05092,-1.1564007
0.050922,-0.27800417
0.050924,0.64662313
0.050926,1.5250192
0.050928,2.3109517
0.05093,3.0044227
0.050932,3.5129685
0.050933998,3.8365874
0.050936,3.9752812
0.050938,3.8828197
0.05094,3.5591989
0.050942,3.0968862
0.050944,2.4034152
0.050946,1.6637135
0.050948,0.7853174
0.05095,-0.13931036
0.050952,-1.0177064
0.050954,-1.8498712
0.050956,-2.589573
0.050958,-3.236812
0.05096,-3.6528945
0.050962,-3.9302826
0.050964,-3.9302826
0.050966,-3.7915885
0.050968,-3.4217377
0.05097,-2.8207297
0.050972,-2.1272593
0.050974,-1.3413262
0.050976,-0.41669846
0.050978,0.50792885
0.05098,1.3863249
0.050982,2.172258
0.050984,2.8657289
0.050986,3.420505
0.050988,3.7903562
0.05099,3.92905
0.050992,3.8828197
0.050994,3.6516623
0.050995998,3.1893477
0.050998,2.542109
0.051,1.8024073
0.051002,0.970243
0.051004,0.045615196
0.051006,-0.8790121
0.051008,-1.7111769
0.05101,-2.4971101
0.051012,-3.1443493
0.051014,-3.6066632
0.051016,-3.8840513
0.051018,-3.976514
0.05102,-3.8378198
0.051022,-3.467969
0.051024,-2.9594238
0.051026,-2.2659533
0.051028,-1.48002
0.05103,-0.601624
0.051032,0.3230033
0.051034,1.2476311
0.051036,2.033564
0.051038,2.7732663
0.05104,3.3742738
0.051042,3.744125
0.051044,3.92905
0.051046,3.92905
0.051048,3.6978936
0.05105,3.2818112
0.051052,2.6808028
0.051054,1.9411016
0.051056,1.1089368
0.051057998,0.184309
0.05106,-0.694087
0.051062,-1.5724826
0.051064,-2.3584158
0.051066,-3.0056553
0.051068,-3.5142004
0.05107,-3.8378198
0.051072,-3.976514
0.051074,-3.8378198
0.051076,-3.5604317
0.051078,-3.0518866
0.05108,-2.4046474
0.051082,-1.5724826
0.051084,-0.7403178
0.051086,0.184309
0.051088,1.1089368
0.05109,1.9411016
0.051092,2.6808028
0.051094,3.2818112
0.051096,3.6978936
0.051098,3.92905
0.0511,3.92905
0.051102,3.744125
0.051104,3.3742738
0.051106,2.7732663
0.051108,2.0797954
0.05111,1.2476311
0.051112,0.36923456
0.051114,-0.55539227
0.051116,-1.4337888
0.051118,-2.2197218
0.051119998,-2.9131925
0.051122,-3.467969
0.051124,-3.7915885
0.051126,-3.976514
0.051128,-3.8840513
0.05113,-3.6066632
0.051132,-3.1443493
0.051134,-2.4971101
0.051136,-1.7574081
0.051138,-0.8790121
0.05114,0.045615196
0.051142,0.92401123
0.051144,1.756176
0.051146,2.542109
0.051148,3.1893477
0.05115,3.6516623
0.051152,3.8828197
0.051154,3.9752812
0.051156,3.7903562
0.051158,3.420505
0.05116,2.9119601
0.051162,2.2184901
0.051164,1.4325566
0.051166,0.50792885
0.051168,-0.41669846
0.05117,-1.2950945
0.051172,-2.081028
0.051174,-2.8207297
0.051176,-3.3755062
0.051178,-3.745357
0.05118,-3.9302826
0.051181998,-3.9302826
0.051184,-3.6991258
0.051186,-3.236812
0.051188,-2.6358042
0.05119,-1.8961024
0.051192,-1.0639377
0.051194,-0.13931036
0.051196,0.7853174
0.051198,1.6174817
0.0512,2.4034152
0.051202,3.050654
0.051204,3.5591989
0.051206,3.8828197
0.051208,3.9752812
0.05121,3.8365874
0.051212,3.5129685
0.051214,3.0044227
0.051216,2.3109517
0.051218,1.5250192
0.05122,0.6928544
0.051222,-0.2317729
0.051224,-1.1564007
0.051226,-1.9423337
0.051228,-2.6820357
0.05123,-3.2830436
0.051232,-3.6991258
0.051234,-3.9302826
0.051236,-3.9302826
0.051238,-3.745357
0.05124,-3.329275
0.051242,-2.7744985
0.051243998,-2.0347965
0.051246,-1.202632
0.051248,-0.27800417
0.05125,0.60039186
0.051252,1.4787879
0.051254,2.2647214
0.051256,2.9581914
0.051258,3.5129685
0.05126,3.8365874
0.051262,3.9752812
0.051264,3.8828197
0.051266,3.605431
0.051268,3.0968862
0.05127,1.3400936
0.051272,-1.3413262
0.051274,-0.7403178
0.051276,0.13807821
0.051278,1.0627055
0.05128,1.8948698
0.051282,2.6345725
0.051284,3.23558
0.051286,3.6978936
0.051288,3.92905
0.05129,3.9752812
0.051292,3.7903562
0.051294,3.420505
0.051296,2.8657289
0.051298,2.172258
0.0513,1.3863249
0.051302,0.46169758
0.051304,-0.46292973
0.051305998,-1.3413262
0.051308,-2.1272593
0.05131,-2.8207297
0.051312,-3.3755062
0.051314,-3.745357
0.051316,-3.9302826
0.051318,-3.8840513
0.05132,-3.6528945
0.051322,-3.1905808
0.051324,-2.589573
0.051326,-1.8036394
0.051328,-0.9714751
0.05133,-0.046847343
0.051332,0.8315482
0.051334,1.7099442
0.051336,2.4496465
0.051338,3.0968862
0.05134,3.605431
0.051342,3.8828197
0.051344,3.9752812
0.051346,3.8365874
0.051348,3.4667363
0.05135,2.9581914
0.051352,2.2647214
0.051354,1.4787879
0.051356,0.60039186
0.051358,-0.27800417
0.05136,-1.202632
0.051362,-1.9885652
0.051364,-2.728267
0.051366,-3.329275
0.051367998,-3.745357
0.05137,-3.9302826
0.051372,-3.9302826
0.051374,-3.6991258
0.051376,-3.2830436
0.051378,-2.728267
0.05138,-1.9885652
0.051382,-1.1564007
0.051384,-0.2317729
0.051386,0.6928544
0.051388,1.5250192
0.05139,2.357184
0.051392,3.0044227
0.051394,3.5129685
0.051396,3.8365874
0.051398,3.9752812
0.0514,3.8828197
0.051402,3.5591989
0.051404,3.050654
0.051406,2.4034152
0.051408,1.6174817
0.05141,0.7853174
0.051412,-0.13931036
0.051413998,-1.0639377
0.051416,-1.8498712
0.051418,-2.6358042
0.05142,-3.236812
0.051422,-3.6991258
0.051424,-3.9302826
0.051426,-3.9302826
0.051428,-3.745357
0.051429998,-3.3755062
0.051432,-2.8207297
0.051434,-2.1272593
0.051436,-1.2950945
0.051438,-0.41669846
0.05144,0.50792885
0.051442,1.4325566
0.051444,2.2184901
0.051446,2.9119601
0.051448,3.4667363
0.05145,3.7903562
0.051452,3.92905
0.051454,3.8828197
0.051456,3.605431
0.051458,3.1431174
0.05146,2.542109
0.051462,1.756176
0.051464,0.92401123
0.051466,-6.160736E-4
0.051468,-0.8790121
0.05147,-1.7111769
0.051472,-2.4971101
0.051474,-3.1443493
0.051475998,-3.6066632
0.051478,-3.8840513
0.05148,-3.976514
0.051482,-3.7915885
0.051484,-3.467969
0.051486,-2.9131925
0.051488,-2.2197218
0.05149,-1.4337888
0.051491998,-0.55539227
0.051494,0.36923456
0.051496,1.2938623
0.051498,2.0797954
0.0515,2.8194976
0.051502,3.3742738
0.051504,3.744125
0.051506,3.92905
0.051508,3.92905
0.05151,3.6978936
0.051512,3.23558
0.051514,2.6345725
0.051516,1.8948698
0.051518,1.0627055
0.05152,0.184309
0.051522,-0.7403178
0.051524,-1.5724826
0.051526,-2.3584158
0.051528,-3.0518866
0.05153,-3.5604317
0.051532,-3.8378198
0.051534,-3.976514
0.051536,-3.8378198
0.051537998,-3.5142004
0.05154,-3.0518866
0.051542,-2.3584158
0.051544,-1.5724826
0.051546,-0.694087
0.051548,0.23054075
0.05155,1.1089368
0.051552,1.9411016
0.051554,2.6808028
0.051556,3.2818112
0.051558,3.6978936
0.05156,3.92905
0.051562,3.92905
0.051564,3.744125
0.051566,3.3280425
0.051568,2.7732663
0.05157,2.033564
0.051572,1.2476311
0.051574,0.3230033
0.051576,-0.601624
0.051578,-1.48002
0.05158,-2.2197218
0.051582,-2.9131925
0.051584,-3.467969
0.051586,-3.7915885
0.051588,-3.976514
0.05159,-3.8840513
0.051592,-3.6066632
0.051594,-3.1443493
0.051596,-2.4971101
0.051598,-1.7111769
0.051599998,-0.8790121
0.051602,0.045615196
0.051604,0.970243
0.051606,1.8024073
0.051608,2.542109
0.05161,3.1893477
0.051612,3.6516623
0.051614,3.8828197
0.051616,3.92905
0.051618,3.7903562
0.05162,3.420505
0.051622,2.8657289
0.051624,2.172258
0.051626,1.3863249
0.051628,0.50792885
0.05163,-0.41669846
0.051632,-1.2950945
0.051634,-2.1272593
0.051636,-2.8207297
0.051638,-3.3755062
0.05164,-3.7915885
0.051642,-3.9302826
0.051644,-3.9302826
0.051646,-3.6528945
0.051648,-3.236812
0.05165,-2.6358042
0.051652,-1.8498712
0.051654,-1.0177064
0.051656,-0.09307861
0.051658,0.7853174
0.05166,1.6637135
0.051661998,2.4496465
0.051664,3.0968862
0.051666,3.5591989
0.051668,3.8828197
0.05167,3.9752812
0.051672,3.8365874
0.051674,3.5129685
0.051676,3.0044227
0.051678,2.3109517
0.05168,1.5250192
0.051682,0.64662313
0.051684,-0.27800417
0.051686,-1.1564007
0.051688,-1.9885652
0.05169,-1.387557
0.051692,2.3109517
0.051694,3.744125
0.051696,3.9752812
0.051698,3.9752812
0.0517,3.744125
0.051702,3.3280425
0.051704,2.7732663
0.051706,2.033564
0.051708,1.2013993
0.05171,0.3230033
0.051712,-0.601624
0.051714,-1.48002
0.051716,-2.2659533
0.051718,-2.9594238
0.05172,-3.467969
0.051722,-3.7915885
0.051723998,-3.9302826
0.051726,-3.8378198
0.051728,-3.5604317
0.05173,-3.098118
0.051732,-2.4508786
0.051734,-1.6649456
0.051736,-0.78654957
0.051738,0.13807821
0.05174,1.0164738
0.051742,1.8486385
0.051744,2.6345725
0.051746,3.23558
0.051748,3.6516623
0.05175,3.92905
0.051752,3.9752812
0.051754,3.7903562
0.051756,3.420505
0.051758,2.8657289
0.05176,2.126027
0.051762,1.3400936
0.051764,0.46169758
0.051766,-0.46292973
0.051768,-1.3413262
0.05177,-2.1272593
0.051772,-2.866961
0.051774,-3.4217377
0.051776,-3.7915885
0.051778,-3.9302826
0.05178,-3.8840513
0.051782,-3.6528945
0.051784,-3.1905808
0.051785998,-2.589573
0.051788,-1.8036394
0.05179,-0.9714751
0.051792,-0.046847343
0.051794,0.87777996
0.051796,1.7099442
0.051798,2.4958777
0.0518,3.1431174
0.051802,3.605431
0.051804,3.8828197
0.051806,3.9752812
0.051808,3.8365874
0.05181,3.4667363
0.051812,2.9581914
0.051814,2.2647214
0.051816,1.4787879
0.051818,0.60039186
0.05182,-0.32423592
0.051822,-1.202632
0.051824,-2.0347965
0.051826,-2.728267
0.051828,-3.329275
0.05183,-3.745357
0.051832,-3.9302826
0.051834,-3.9302826
0.051836,-3.6991258
0.051838,-3.2830436
0.05184,-2.6820357
0.051842,-1.9423337
0.051844,-1.1101689
0.051846,-0.2317729
0.051847998,0.6928544
0.05185,1.5712504
0.051852,2.357184
0.051854,3.050654
0.051856,3.5129685
0.051858,3.8365874
0.05186,3.9752812
0.051862,3.8365874
0.051864,3.5591989
0.051866,3.050654
0.051868,2.4034152
0.05187,1.6174817
0.051872,0.7390857
0.051874,-0.13931036
0.051876,-1.0639377
0.051878,-1.8961024
0.05188,-2.6358042
0.051882,-3.236812
0.051884,-3.6991258
0.051886,-3.9302826
0.051888,-3.9302826
0.05189,-3.745357
0.051892,-3.3755062
0.051894,-2.8207297
0.051896,-2.081028
0.051898,-1.2950945
0.0519,-0.3704667
0.051902,0.5541601
0.051904,1.4325566
0.051906,2.2184901
0.051908,2.9119601
0.051909998,3.4667363
0.051912,3.7903562
0.051914,3.9752812
0.051916,3.8828197
0.051918,3.605431
0.05192,3.1431174
0.051922,2.4958777
0.051924,1.756176
0.051926,0.92401123
0.051928,-6.160736E-4
0.05193,-0.9252434
0.051932,-1.7574081
0.051934,-2.4971101
0.051936,-3.1443493
0.051938,-3.6066632
0.05194,-3.8840513
0.051942,-3.9302826
0.051944,-3.7915885
0.051946,-3.467969
0.051948,-2.9131925
0.05195,-2.2197218
0.051952,-1.4337888
0.051954,-0.55539227
0.051956,0.36923456
0.051958,1.2938623
0.05196,2.0797954
0.051962,2.8194976
0.051964,3.3742738
0.051966,3.744125
0.051968,3.92905
0.05197,3.92905
0.051971998,3.6978936
0.051974,3.23558
0.051976,2.6345725
0.051978,1.8948698
0.05198,1.0627055
0.051982,0.184309
0.051984,-0.7403178
0.051986,-1.5724826
0.051988,-2.3584158
0.05199,-3.0518866
0.051992,-3.5604317
0.051994,-3.8378198
0.051996,-3.976514
0.051998,-3.8378198
0.052,-3.5142004
0.052002,-3.0056553
0.052004,-2.3584158
0.052006,-1.5724826
0.052008,-0.694087
0.05201,0.23054075
0.052012,1.1551685
0.052014,1.9411016
0.052016,2.6808028
0.052018,3.2818112
0.05202,3.6978936
0.052022,3.92905
0.052024,3.92905
0.052026,3.744125
0.052028,3.3280425
0.05203,2.7732663
0.052032,2.033564
0.052033998,1.2013993
0.052036,0.3230033
0.052038,-0.601624
0.05204,-1.48002
0.052042,-2.2659533
0.052044,-2.9594238
0.052046,-3.467969
0.052048,-3.8378198
0.05205,-3.976514
0.052052,-3.8840513
0.052054,-3.6066632
0.052056,-3.1443493
0.052058,-2.4971101
0.05206,-1.7111769
0.052062,-0.83278084
0.052064,0.091846466
0.052066,0.970243
0.052068,1.8024073
0.05207,2.5883412
0.052072,3.1893477
0.052074,3.6516623
0.052076,3.8828197
0.052078,3.92905
0.05208,3.7903562
0.052082,3.420505
0.052084,2.8657289
0.052086,2.172258
0.052088,1.3863249
0.05209,0.46169758
0.052092,-0.41669846
0.052094,-1.3413262
0.052095998,-2.1272593
0.052098,-2.8207297
0.0521,-3.3755062
0.052102,-3.7915885
0.052104,-3.9302826
0.052106,-3.9302826
0.052108,-3.6528945
0.05211,-2.589573
0.052112,1.0627055
0.052114,1.756176
0.052116,0.970243
0.052118,0.045615196
0.05212,-0.8790121
0.052122,-1.7111769
0.052124,-2.4508786
0.052126,-3.1443493
0.052128,-3.6066632
0.05213,-3.8840513
0.052132,-3.976514
0.052134,-3.8378198
0.052136,-3.5142004
0.052138,-3.0056553
0.05214,-2.3121846
0.052142,-1.5262513
0.052144,-0.6478553
0.052146,0.27677202
0.052148,1.2013993
0.05215,1.9873328
0.052152,2.727035
0.052154,3.3280425
0.052156,3.6978936
0.052157998,3.92905
0.05216,3.92905
0.052162,3.6978936
0.052164,3.2818112
0.052166,2.727035
0.052168,1.9873328
0.05217,1.1551685
0.052172,0.27677202
0.052174,-0.6478553
0.052176,-1.5262513
0.052178,-2.3121846
0.05218,-3.0056553
0.052182,-3.5142004
0.052184,-3.8378198
0.052186,-3.976514
0.052188,-3.8840513
0.05219,-3.5604317
0.052192,-3.098118
0.052194,-2.4508786
0.052196,-1.6649456
0.052198,-0.78654957
0.0522,0.13807821
0.052202,1.0627055
0.052204,1.8948698
0.052206,2.6345725
0.052208,3.23558
0.05221,3.6978936
0.052212,3.92905
0.052214,3.92905
0.052216,3.744125
0.052218,3.3742738
0.052219998,2.8194976
0.052222,2.126027
0.052224,1.2938623
0.052226,0.4154663
0.052228,-0.5091615
0.05223,-1.387557
0.052232,-2.1734905
0.052234,-2.866961
0.052236,-3.4217377
0.052238,-3.7915885
0.05224,-3.9302826
0.052242,-3.8840513
0.052244,-3.6528945
0.052246,-3.1905808
0.052248,-2.5433414
0.05225,-1.8036394
0.052252,-0.9252434
0.052254,-0.046847343
0.052256,0.87777996
0.052258,1.7099442
0.05226,2.4958777
0.052262,3.1431174
0.052264,3.605431
0.052266,3.8828197
0.052268,3.9752812
0.05227,3.7903562
0.052272,3.4667363
0.052274,2.9119601
0.052276,2.2647214
0.052278,1.4787879
0.05228,0.60039186
0.052281998,-0.32423592
0.052284,-1.2488632
0.052286,-2.0347965
0.052288,-2.7744985
0.05229,-3.329275
0.052292,-3.745357
0.052294,-3.9302826
0.052296,-3.9302826
0.052298,-3.6991258
0.0523,-3.2830436
0.052302,-2.6820357
0.052304,-1.9423337
0.052306,-1.1101689
0.052308,-0.18554163
0.05231,0.7390857
0.052312,1.5712504
0.052314,2.357184
0.052316,3.050654
0.052318,3.5591989
0.05232,3.8365874
0.052322,3.9752812
0.052324,3.8365874
0.052326,3.5591989
0.052328,3.050654
0.05233,2.357184
0.052332,1.5712504
0.052334,0.7390857
0.052336,-0.18554163
0.052338,-1.0639377
0.05234,-1.8961024
0.052342,-2.6358042
0.052343998,-3.236812
0.052346,-3.6991258
0.052348,-3.9302826
0.05235,-3.9302826
0.052352,-3.745357
0.052354,-3.3755062
0.052356,-2.7744985
0.052358,-2.081028
0.05236,-1.2488632
0.052362,-0.3704667
0.052364,0.5541601
0.052366,1.4787879
0.052368,2.2647214
0.05237,2.9581914
0.052372,3.4667363
0.052374,3.8365874
0.052376,3.9752812
0.052378,3.8828197
0.05238,3.605431
0.052382,3.1431174
0.052384,2.4958777
0.052386,1.7099442
0.052388,0.87777996
0.05239,-6.160736E-4
0.052392,-0.9252434
0.052394,-1.7574081
0.052396,-2.5433414
0.052398,-3.1443493
0.0524,-3.6066632
0.052402,-3.8840513
0.052404,-3.9302826
0.052405998,-3.7915885
0.052408,-3.4217377
0.05241,-2.9131925
0.052412,-2.2197218
0.052414,-1.387557
0.052416,-0.5091615
0.052418,0.4154663
0.05242,1.2938623
0.052422,2.126027
0.052424,2.8194976
0.052426,3.3742738
0.052428,3.7903562
0.05243,3.92905
0.052432,3.92905
0.052434,3.6516623
0.052436,3.23558
0.052438,2.6345725
0.05244,1.8486385
0.052442,1.0627055
0.052444,0.13807821
0.052446,-0.78654957
0.052448,-1.6187139
0.05245,-2.4046474
0.052452,-3.0518866
0.052454,-3.5604317
0.052456,-3.8840513
0.052458,-3.976514
0.05246,-3.8378198
0.052462,-3.5142004
0.052464,-3.0056553
0.052466,-2.3584158
0.052467998,-1.5262513
0.05247,-0.694087
0.052472,0.23054075
0.052474,1.1551685
0.052476,1.9873328
0.052478,2.727035
0.05248,3.2818112
0.052482,3.6978936
0.052484,3.92905
0.052486,3.92905
0.052488,3.744125
0.05249,3.3280425
0.052492,2.727035
0.052494,2.033564
0.052496,1.2013993
0.052498,0.27677202
0.0525,-0.601624
0.052502,-1.48002
0.052504,-2.2659533
0.052506,-2.9594238
0.052508,-3.467969
0.05251,-3.8378198
0.052512,-3.976514
0.052514,-3.8840513
0.052516,-3.6066632
0.052518,-3.098118
0.05252,-2.4508786
0.052522,-1.6649456
0.052524,-0.83278084
0.052526,0.091846466
0.052528,1.0164738
0.052529998,0.87777996
0.052532,-2.2659533
0.052534,-3.236812
0.052536,-3.6991258
0.052538,-3.976514
0.05254,-3.976514
0.052542,-3.8378198
0.052544,-3.467969
0.052546,-2.9131925
0.052548,-2.1734905
0.05255,-1.387557
0.052552,-0.46292973
0.052554,0.46169758
0.052556,1.3400936
0.052558,2.126027
0.05256,2.8657289
0.052562,3.420505
0.052564,3.744125
0.052566,3.92905
0.052568,3.8828197
0.05257,3.6516623
0.052572,3.1893477
0.052574,2.542109
0.052575998,1.8024073
0.052578,0.970243
0.05258,0.091846466
0.052582,-0.83278084
0.052584,-1.6649456
0.052586,-2.4508786
0.052588,-3.098118
0.05259,-3.6066632
0.052591998,-3.8840513
0.052594,-3.976514
0.052596,-3.8378198
0.052598,-3.5142004
0.0526,-2.9594238
0.052602,-2.3121846
0.052604,-1.48002
0.052606,-0.601624
0.052608,0.3230033
0.05261,1.2013993
0.052612,2.033564
0.052614,2.7732663
0.052616,3.3280425
0.052618,3.744125
0.05262,3.92905
0.052622,3.92905
0.052624,3.6978936
0.052626,3.2818112
0.052628,2.6808028
0.05263,1.9411016
0.052632,1.1551685
0.052634,0.23054075
0.052636,-0.694087
0.052637998,-1.5262513
0.05264,-2.3121846
0.052642,-3.0056553
0.052644,-3.5142004
0.052646,-3.8378198
0.052648,-3.976514
0.05265,-3.8840513
0.052652,-3.5604317
0.052653998,-3.098118
0.052656,-2.4046474
0.052658,-1.6187139
0.05266,-0.78654957
0.052662,0.13807821
0.052664,1.0627055
0.052666,1.8948698
0.052668,2.6345725
0.05267,3.23558
0.052672,3.6978936
0.052674,3.92905
0.052676,3.92905
0.052678,3.744125
0.05268,3.3742738
0.052682,2.8194976
0.052684,2.0797954
0.052686,1.2938623
0.052688,0.4154663
0.05269,-0.5091615
0.052692,-1.387557
0.052694,-2.1734905
0.052696,-2.866961
0.052698,-3.4217377
0.052699998,-3.7915885
0.052702,-3.9302826
0.052704,-3.8840513
0.052706,-3.6066632
0.052708,-3.1905808
0.05271,-2.5433414
0.052712,-1.7574081
0.052714,-0.9252434
0.052716,-6.160736E-4
0.052718,0.92401123
0.05272,1.756176
0.052722,2.4958777
0.052724,3.1431174
0.052726,3.605431
0.052728,3.8828197
0.05273,3.9752812
0.052732,3.7903562
0.052734,3.4667363
0.052736,2.9119601
0.052738,2.2184901
0.05274,1.4325566
0.052742,0.5541601
0.052744,-0.3704667
0.052746,-1.2488632
0.052748,-2.0347965
0.05275,-2.7744985
0.052752,-3.3755062
0.052754,-3.745357
0.052756,-3.9302826
0.052758,-3.9302826
0.05276,-3.6991258
0.052761998,-3.2830436
0.052764,-2.6820357
0.052766,-1.8961024
0.052768,-1.0639377
0.05277,-0.18554163
0.052772,0.7390857
0.052774,1.6174817
0.052776,2.4034152
0.052778,3.050654
0.05278,3.5591989
0.052782,3.8365874
0.052784,3.9752812
0.052786,3.8365874
0.052788,3.5129685
0.05279,3.0044227
0.052792,2.357184
0.052794,1.5712504
0.052796,0.7390857
0.052798,-0.18554163
0.0528,-1.1101689
0.052802,-1.8961024
0.052804,-2.6820357
0.052806,-3.2830436
0.052808,-3.6991258
0.05281,-3.9302826
0.052812,-3.9302826
0.052814,-3.745357
0.052816,-3.3755062
0.052818,-2.7744985
0.05282,-2.0347965
0.052822,-1.2488632
0.052823998,-0.32423592
0.052826,0.60039186
0.052828,1.4787879
0.05283,2.2647214
0.052832,2.9581914
0.052834,3.4667363
0.052836,3.8365874
0.052838,3.9752812
0.05284,3.8828197
0.052842,3.605431
0.052844,3.1431174
0.052846,2.4958777
0.052848,1.7099442
0.05285,0.87777996
0.052852,-0.046847343
0.052854,-0.9252434
0.052856,-1.7574081
0.052858,-2.5433414
0.05286,-3.1905808
0.052862,-3.6528945
0.052864,-3.8840513
0.052866,-3.9302826
0.052868,-3.7915885
0.05287,-3.4217377
0.052872,-2.9131925
0.052874,-2.1734905
0.052876,-1.387557
0.052878,-0.5091615
0.05288,0.4154663
0.052882,1.3400936
0.052884,2.126027
0.052885998,2.8194976
0.052888,3.420505
0.05289,3.7903562
0.052892,3.92905
0.052894,3.92905
0.052896,3.6516623
0.052898,3.23558
0.0529,2.5883412
0.052902,1.8486385
0.052904,1.0164738
0.052906,0.13807821
0.052908,-0.78654957
0.05291,-1.6187139
0.052912,-2.4046474
0.052914,-3.0518866
0.052916,-3.5604317
0.052918,-3.8840513
0.05292,-3.976514
0.052922,-3.8378198
0.052924,-3.5142004
0.052926,-3.0056553
0.052928,-2.3121846
0.05293,-1.5262513
0.052932,-0.6478553
0.052934,0.27677202
0.052936,1.1551685
0.052938,1.9873328
0.05294,2.727035
0.052942,3.3280425
0.052944,3.744125
0.052946,3.92905
0.052947998,3.92905
0.05295,3.2818112
0.052952,-0.13931036
0.052954,-2.5433414
0.052956,-1.9423337
0.052958,-1.1564007
0.05296,-0.2317729
0.052962,0.6928544
0.052964,1.5250192
0.052966,2.357184
0.052968,3.0044227
0.05297,3.5129685
0.052972,3.8365874
0.052974,3.9752812
0.052976,3.8828197
0.052978,3.605431
0.05298,3.0968862
0.052982,2.4496465
0.052984,1.6637135
0.052986,0.8315482
0.052988,-0.09307861
0.05299,-1.0177064
0.052992,-1.8498712
0.052994,-2.589573
0.052996,-3.1905808
0.052998,-3.6528945
0.053,-3.8840513
0.053002,-3.9302826
0.053004,-3.7915885
0.053006,-3.4217377
0.053008,-2.866961
0.053009998,-2.1272593
0.053012,-1.3413262
0.053014,-0.41669846
0.053016,0.50792885
0.053018,1.3863249
0.05302,2.172258
0.053022,2.8657289
0.053024,3.420505
0.053026,3.7903562
0.053028,3.9752812
0.05303,3.8828197
0.053032,3.6516623
0.053034,3.1893477
0.053036,2.542109
0.053038,1.8024073
0.05304,0.970243
0.053042,0.045615196
0.053044,-0.83278084
0.053046,-1.7111769
0.053048,-2.4508786
0.05305,-3.098118
0.053052,-3.6066632
0.053054,-3.8840513
0.053056,-3.976514
0.053058,-3.8378198
0.05306,-3.467969
0.053062,-2.9594238
0.053064,-2.2659533
0.053066,-1.48002
0.053068,-0.601624
0.05307,0.3230033
0.053071998,1.2476311
0.053074,2.033564
0.053076,2.7732663
0.053078,3.3280425
0.05308,3.744125
0.053082,3.92905
0.053084,3.92905
0.053086,3.6978936
0.053088,3.2818112
0.05309,2.6808028
0.053092,1.9411016
0.053094,1.1089368
0.053096,0.23054075
0.053098,-0.694087
0.0531,-1.5262513
0.053102,-2.3584158
0.053104,-3.0056553
0.053106,-3.5142004
0.053108,-3.8378198
0.05311,-3.976514
0.053112,-3.8378198
0.053114,-3.5604317
0.053116,-3.0518866
0.053118,-2.4046474
0.05312,-1.6187139
0.053122,-0.7403178
0.053124,0.184309
0.053126,1.0627055
0.053128,1.8948698
0.05313,2.6345725
0.053132,3.2818112
0.053133998,3.6978936
0.053136,3.92905
0.053138,3.92905
0.05314,3.744125
0.053142,3.3742738
0.053144,2.7732663
0.053146,2.0797954
0.053148,1.2938623
0.05315,0.36923456
0.053152,-0.55539227
0.053154,-1.4337888
0.053156,-2.2197218
0.053158,-2.9131925
0.05316,-3.467969
0.053162,-3.7915885
0.053164,-3.976514
0.053166,-3.8840513
0.053168,-3.6066632
0.05317,-3.1443493
0.053172,-2.5433414
0.053174,-1.7574081
0.053176,-0.9252434
0.053178,-6.160736E-4
0.05318,0.92401123
0.053182,1.756176
0.053184,2.542109
0.053186,3.1893477
0.053188,3.6516623
0.05319,3.8828197
0.053192,3.9752812
0.053194,3.7903562
0.053195998,3.4667363
0.053198,2.9119601
0.0532,2.2184901
0.053202,1.4325566
0.053204,0.5541601
0.053206,-0.3704667
0.053208,-1.2950945
0.05321,-2.081028
0.053212,-2.7744985
0.053214,-3.3755062
0.053216,-3.745357
0.053218,-3.9302826
0.05322,-3.9302826
0.053222,-3.6991258
0.053224,-3.236812
0.053226,-2.6358042
0.053228,-1.8961024
0.05323,-1.0639377
0.053232,-0.13931036
0.053234,0.7853174
0.053236,1.6174817
0.053238,2.4034152
0.05324,3.050654
0.053242,3.5591989
0.053244,3.8828197
0.053246,3.9752812
0.053248,3.8365874
0.05325,3.5129685
0.053252,3.0044227
0.053254,2.357184
0.053256,1.5250192
0.053257998,0.6928544
0.05326,-0.2317729
0.053262,-1.1101689
0.053264,-1.9423337
0.053266,-2.6820357
0.053268,-3.2830436
0.05327,-3.6991258
0.053272,-3.9302826
0.053274,-3.9302826
0.053276,-3.745357
0.053278,-3.329275
0.05328,-2.7744985
0.053282,-2.0347965
0.053284,-1.202632
0.053286,-0.32423592
0.053288,0.60039186
0.05329,1.4787879
0.053292,2.2647214
0.053294,2.9581914
0.053296,3.4667363
0.053298,3.8365874
0.0533,3.9752812
0.053302,3.8828197
0.053304,3.605431
0.053306,3.0968862
0.053308,2.4496465
0.05331,1.7099442
0.053312,0.8315482
0.053314,-0.046847343
0.053316,-0.9714751
0.053318,-1.8036394
0.053319998,-2.5433414
0.053322,-3.1905808
0.053324,-3.6528945
0.053326,-3.8840513
0.053328,-3.9302826
0.05333,-3.7915885
0.053332,-3.4217377
0.053334,-2.866961
0.053336,-2.1734905
0.053338,-1.387557
0.05334,-0.46292973
0.053342,0.46169758
0.053344,1.3400936
0.053346,2.126027
0.053348,2.8657289
0.05335,3.420505
0.053352,3.7903562
0.053354,3.92905
0.053356,3.8828197
0.053358,3.6516623
0.05336,3.1893477
0.053362,2.5883412
0.053364,1.8486385
0.053366,1.0164738
0.053368,0.091846466
0.05337,-0.5091615
0.053372,1.7099442
0.053374,2.542109
0.053376,3.1893477
0.053378,3.6516623
0.05338,3.92905
0.053381998,4.0215135
0.053384,3.8828197
0.053386,3.5591989
0.053388,3.0044227
0.05339,2.3109517
0.053392,1.5250192
0.053394,0.6928544
0.053396,-0.2317729
0.053398,-1.1564007
0.0534,-1.9423337
0.053402,-2.6820357
0.053404,-3.2830436
0.053406,-3.6991258
0.053408,-3.9302826
0.05341,-3.9302826
0.053412,-3.6991258
0.053414,-3.2830436
0.053416,-2.728267
0.053418,-1.9885652
0.05342,-1.1564007
0.053422,-0.2317729
0.053424,0.6928544
0.053426,1.5250192
0.053428,2.3109517
0.05343,3.0044227
0.053432,3.5129685
0.053434,3.8365874
0.053436,3.9752812
0.053438,3.8828197
0.05344,3.5591989
0.053442,3.0968862
0.053443998,2.4034152
0.053446,1.6637135
0.053448,0.7853174
0.05345,-0.13931036
0.053452,-1.0177064
0.053454,-1.8498712
0.053456,-2.589573
0.053458,-3.236812
0.05346,-3.6528945
0.053462,-3.9302826
0.053464,-3.9302826
0.053466,-3.745357
0.053468,-3.3755062
0.05347,-2.8207297
0.053472,-2.1272593
0.053474,-1.2950945
0.053476,-0.41669846
0.053478,0.50792885
0.05348,1.3863249
0.053482,2.2184901
0.053484,2.9119601
0.053486,3.420505
0.053488,3.7903562
0.05349,3.9752812
0.053492,3.8828197
0.053494,3.6516623
0.053496,3.1893477
0.053498,2.542109
0.0535,1.8024073
0.053502,0.970243
0.053504,0.045615196
0.053505998,-0.8790121
0.053508,-1.7111769
0.05351,-2.4971101
0.053512,-3.1443493
0.053514,-3.6066632
0.053516,-3.8840513
0.053518,-3.976514
0.05352,-3.8378198
0.053522,-3.467969
0.053524,-2.9594238
0.053526,-2.2659533
0.053528,-1.48002
0.05353,-0.55539227
0.053532,0.36923456
0.053534,1.2476311
0.053536,2.0797954
0.053538,2.7732663
0.05354,3.3742738
0.053542,3.744125
0.053544,3.92905
0.053546,3.92905
0.053548,3.6978936
0.05355,3.2818112
0.053552,2.6808028
0.053554,1.9411016
0.053556,1.1089368
0.053558,0.184309
0.05356,-0.694087
0.053562,-1.5724826
0.053564,-2.3584158
0.053566,-3.0056553
0.053567998,-3.5142004
0.05357,-3.8378198
0.053572,-3.976514
0.053574,-3.8378198
0.053576,-3.5604317
0.053578,-3.0518866
0.05358,-2.4046474
0.053582,-1.5724826
0.053584,-0.7403178
0.053586,0.184309
0.053588,1.1089368
0.05359,1.9411016
0.053592,2.6808028
0.053594,3.2818112
0.053596,3.6978936
0.053598,3.92905
0.0536,3.92905
0.053602,3.744125
0.053604,3.3742738
0.053606,2.7732663
0.053608,2.0797954
0.05361,1.2476311
0.053612,0.36923456
0.053614,-0.55539227
0.053616,-1.4337888
0.053618,-2.2197218
0.05362,-2.9131925
0.053622,-3.467969
0.053624,-3.7915885
0.053626,-3.9302826
0.053628,-3.8840513
0.053629998,-3.6066632
0.053632,-3.1443493
0.053634,-2.4971101
0.053636,-1.7574081
0.053638,-0.8790121
0.05364,0.045615196
0.053642,0.92401123
0.053644,1.8024073
0.053646,2.542109
0.053648,3.1893477
0.05365,3.6516623
0.053652,3.8828197
0.053654,3.9752812
0.053656,3.7903562
0.053658,3.420505
0.05366,2.9119601
0.053662,2.2184901
0.053664,1.3863249
0.053666,0.50792885
0.053668,-0.41669846
0.05367,-1.2950945
0.053672,-2.081028
0.053674,-2.8207297
0.053675998,-3.3755062
0.053678,-3.745357
0.05368,-3.9302826
0.053682,-3.9302826
0.053684,-3.6528945
0.053686,-3.236812
0.053688,-2.6358042
0.05369,-1.8961024
0.053691998,-1.0639377
0.053694,-0.13931036
0.053696,0.7853174
0.053698,1.6174817
0.0537,2.4034152
0.053702,3.0968862
0.053704,3.5591989
0.053706,3.8828197
0.053708,3.9752812
0.05371,3.8365874
0.053712,3.5129685
0.053714,3.0044227
0.053716,2.3109517
0.053718,1.5250192
0.05372,0.6928544
0.053722,-0.2317729
0.053724,-1.1564007
0.053726,-1.9423337
0.053728,-2.6820357
0.05373,-3.2830436
0.053732,-3.6991258
0.053734,-3.9302826
0.053736,-3.9302826
0.053737998,-3.745357
0.05374,-3.329275
0.053742,-2.7744985
0.053744,-2.0347965
0.053746,-1.202632
0.053748,-0.27800417
0.05375,0.64662313
0.053752,1.4787879
0.053753998,2.3109517
0.053756,2.9581914
0.053758,3.5129685
0.05376,3.8365874
0.053762,3.9752812
0.053764,3.8828197
0.053766,3.605431
0.053768,3.0968862
0.05377,2.4496465
0.053772,1.6637135
0.053774,0.8315482
0.053776,-0.09307861
0.053778,-0.9714751
0.05378,-1.8036394
0.053782,-2.589573
0.053784,-3.1905808
0.053786,-3.6528945
0.053788,-3.8840513
0.05379,-4.022745
0.053792,-0.78654957
0.053794,2.7732663
0.053796,2.8194976
0.053798,2.126027
0.053799998,1.3400936
0.053802,0.46169758
0.053804,-0.46292973
0.053806,-1.387557
0.053808,-2.1734905
0.05381,-2.866961
0.053812,-3.4217377
0.053814,-3.7915885
0.053815998,-3.976514
0.053818,-3.9302826
0.05382,-3.6528945
0.053822,-3.1905808
0.053824,-2.589573
0.053826,-1.8036394
0.053828,-0.9714751
0.05383,-0.09307861
0.053832,0.8315482
0.053834,1.7099442
0.053836,2.4496465
0.053838,3.0968862
0.05384,3.605431
0.053842,3.8828197
0.053844,3.9752812
0.053846,3.8365874
0.053848,3.4667363
0.05385,2.9581914
0.053852,2.2647214
0.053854,1.4787879
0.053856,0.60039186
0.053858,-0.32423592
0.05386,-1.202632
0.053861998,-1.9885652
0.053864,-2.728267
0.053866,-3.329275
0.053868,-3.745357
0.05387,-3.9302826
0.053872,-3.9302826
0.053874,-3.6991258
0.053876,-3.2830436
0.053878,-2.6820357
0.05388,-1.9423337
0.053882,-1.1564007
0.053884,-0.2317729
0.053886,0.6928544
0.053888,1.5712504
0.05389,2.357184
0.053892,3.0044227
0.053894,3.5129685
0.053896,3.8365874
0.053898,3.9752812
0.0539,3.8828197
0.053902,3.5591989
0.053904,3.050654
0.053906,2.4034152
0.053908,1.6174817
0.05391,0.7853174
0.053912,-0.13931036
0.053914,-1.0639377
0.053916,-1.8498712
0.053918,-2.6358042
0.05392,-3.236812
0.053922,-3.6528945
0.053923998,-3.9302826
0.053926,-3.9302826
0.053928,-3.745357
0.05393,-3.3755062
0.053932,-2.8207297
0.053934,-2.081028
0.053936,-1.2950945
0.053938,-0.3704667
0.05394,0.5541601
0.053942,1.4325566
0.053944,2.2184901
0.053946,2.9119601
0.053948,3.4667363
0.05395,3.7903562
0.053952,3.9752812
0.053954,3.8828197
0.053956,3.605431
0.053958,3.1431174
0.05396,2.542109
0.053962,1.756176
0.053964,0.92401123
0.053966,-6.160736E-4
0.053968,-0.8790121
0.05397,-1.7111769
0.053972,-2.4971101
0.053974,-3.1443493
0.053976,-3.6066632
0.053978,-3.8840513
0.05398,-3.9302826
0.053982,-3.7915885
0.053984,-3.467969
0.053985998,-2.9131925
0.053988,-2.2197218
0.05399,-1.4337888
0.053992,-0.55539227
0.053994,0.36923456
0.053996,1.2938623
0.053998,2.0797954
0.054,2.8194976
0.054002,3.3742738
0.054004,3.744125
0.054006,3.92905
0.054008,3.92905
0.05401,3.6978936
0.054012,3.23558
0.054014,2.6345725
0.054016,1.8948698
0.054018,1.0627055
0.05402,0.184309
0.054022,-0.7403178
0.054024,-1.5724826
0.054026,-2.3584158
0.054028,-3.0518866
0.05403,-3.5604317
0.054032,-3.8378198
0.054034,-3.976514
0.054036,-3.8378198
0.054038,-3.5142004
0.05404,-3.0518866
0.054042,-2.3584158
0.054044,-1.5724826
0.054046,-0.694087
0.054047998,0.23054075
0.05405,1.1089368
0.054052,1.9411016
0.054054,2.6808028
0.054056,3.2818112
0.054058,3.6978936
0.05406,3.92905
0.054062,3.92905
0.054064,3.744125
0.054066,3.3280425
0.054068,2.7732663
0.05407,2.033564
0.054072,1.2476311
0.054074,0.3230033
0.054076,-0.601624
0.054078,-1.48002
0.05408,-2.2659533
0.054082,-2.9131925
0.054084,-3.467969
0.054086,-3.8378198
0.054088,-3.976514
0.05409,-3.8840513
0.054092,-3.6066632
0.054094,-3.1443493
0.054096,-2.4971101
0.054098,-1.7111769
0.0541,-0.8790121
0.054102,0.045615196
0.054104,0.970243
0.054106,1.8024073
0.054108,2.5883412
0.054109998,3.1893477
0.054112,3.6516623
0.054114,3.8828197
0.054116,3.9752812
0.054118,3.7903562
0.05412,3.420505
0.054122,2.8657289
0.054124,2.172258
0.054126,1.3863249
0.054128,0.50792885
0.05413,-0.41669846
0.054132,-1.2950945
0.054134,-2.1272593
0.054136,-2.8207297
0.054138,-3.3755062
0.05414,-3.7915885
0.054142,-3.9302826
0.054144,-3.9302826
0.054146,-3.6528945
0.054148,-3.236812
0.05415,-2.6358042
0.054152,-1.8498712
0.054154,-1.0177064
0.054156,-0.09307861
0.054158,0.8315482
0.05416,1.6637135
0.054162,2.4496465
0.054164,3.0968862
0.054166,3.5591989
0.054168,3.8828197
0.05417,3.9752812
0.054171998,3.8365874
0.054174,3.5129685
0.054176,3.0044227
0.054178,2.3109517
0.05418,1.5250192
0.054182,0.64662313
0.054184,-0.27800417
0.054186,-1.1564007
0.054188,-1.9885652
0.05419,-2.728267
0.054192,-3.2830436
0.054194,-3.6991258
0.054196,-3.9302826
0.054198,-3.9302826
0.0542,-3.745357
0.054202,-3.329275
0.054204,-2.728267
0.054206,-1.9885652
0.054208,-1.1564007
0.05421,-0.27800417
0.054212,-0.7403178
0.054214,-1.5724826
0.054216,-2.3584158
0.054218,-3.0518866
0.05422,-3.5604317
0.054222,-3.8840513
0.054224,-4.022745
0.054226,-3.9302826
0.054228,-3.6066632
0.05423,-3.1443493
0.054232,-2.4971101
0.054233998,-1.7111769
0.054236,-0.83278084
0.054238,0.091846466
0.05424,1.0164738
0.054242,1.8486385
0.054244,2.5883412
0.054246,3.1893477
0.054248,3.6516623
0.05425,3.8828197
0.054252,3.92905
0.054254,3.744125
0.054256,3.3742738
0.054258,2.8194976
0.05426,2.126027
0.054262,1.3400936
0.054264,0.4154663
0.054266,-0.5091615
0.054268,-1.387557
0.05427,-2.1734905
0.054272,-2.866961
0.054274,-3.4217377
0.054276,-3.7915885
0.054278,-3.976514
0.05428,-3.8840513
0.054282,-3.6528945
0.054284,-3.1905808
0.054286,-2.589573
0.054288,-1.8036394
0.05429,-0.9714751
0.054292,-0.046847343
0.054294,0.87777996
0.054295998,1.7099442
0.054298,2.4958777
0.0543,3.1431174
0.054302,3.605431
0.054304,3.8828197
0.054306,3.9752812
0.054308,3.8365874
0.05431,3.4667363
0.054312,2.9581914
0.054314,2.2647214
0.054316,1.4787879
0.054318,0.60039186
0.05432,-0.32423592
0.054322,-1.202632
0.054324,-2.0347965
0.054326,-2.7744985
0.054328,-3.329275
0.05433,-3.745357
0.054332,-3.9302826
0.054334,-3.9302826
0.054336,-3.6991258
0.054338,-3.2830436
0.05434,-2.6820357
0.054342,-1.9423337
0.054344,-1.1101689
0.054346,-0.2317729
0.054348,0.6928544
0.05435,1.5712504
0.054352,2.357184
0.054354,3.050654
0.054356,3.5591989
0.054357998,3.8365874
0.05436,3.9752812
0.054362,3.8365874
0.054364,3.5591989
0.054366,3.050654
0.054368,2.4034152
0.05437,1.6174817
0.054372,0.7390857
0.054374,-0.18554163
0.054376,-1.0639377
0.054378,-1.8961024
0.05438,-2.6358042
0.054382,-3.236812
0.054384,-3.6991258
0.054386,-3.9302826
0.054388,-3.9302826
0.05439,-3.745357
0.054392,-3.3755062
0.054394,-2.8207297
0.054396,-2.081028
0.054398,-1.2950945
0.0544,-0.3704667
0.054402,0.5541601
0.054404,1.4325566
0.054406,2.2184901
0.054408,2.9119601
0.05441,3.4667363
0.054412,3.7903562
0.054414,3.9752812
0.054416,3.8828197
0.054418,3.605431
0.054419998,3.1431174
0.054422,2.4958777
0.054424,1.756176
0.054426,0.92401123
0.054428,-6.160736E-4
0.05443,-0.9252434
0.054432,-1.7574081
0.054434,-2.4971101
0.054436,-3.1443493
0.054438,-3.6066632
0.05444,-3.8840513
0.054442,-3.9302826
0.054444,-3.7915885
0.054446,-3.467969
0.054448,-2.9131925
0.05445,-2.2197218
0.054452,-1.4337888
0.054454,-0.55539227
0.054456,0.4154663
0.054458,1.2938623
0.05446,2.0797954
0.054462,2.8194976
0.054464,3.3742738
0.054466,3.744125
0.054468,3.92905
0.05447,3.92905
0.054472,3.6978936
0.054474,3.23558
0.054476,2.6345725
0.054478,1.8948698
0.05448,1.0627055
0.054481998,0.184309
0.054484,-0.7403178
0.054486,-1.6187139
0.054488,-2.4046474
0.05449,-3.0518866
0.054492,-3.5604317
0.054494,-3.8378198
0.054496,-3.976514
0.054498,-3.8378198
0.0545,-3.5142004
0.054502,-3.0056553
0.054504,-2.3584158
0.054506,-1.5724826
0.054508,-0.694087
0.05451,0.23054075
0.054512,1.1551685
0.054514,1.9411016
0.054516,2.6808028
0.054518,3.2818112
0.05452,3.6978936
0.054522,3.92905
0.054524,3.92905
0.054526,3.744125
0.054528,3.3280425
0.05453,2.7732663
0.054532,2.033564
0.054534,1.2013993
0.054536,0.3230033
0.054538,-0.601624
0.05454,-1.48002
0.054542,-2.2659533
0.054543998,-2.9594238
0.054546,-3.467969
0.054548,-3.8378198
0.05455,-3.976514
0.054552,-3.8840513
0.054554,-3.6066632
0.054556,-3.1443493
0.054558,-2.4971101
0.05456,-1.7111769
0.054562,-0.83278084
0.054564,0.091846466
0.054566,0.970243
0.054568,1.8024073
0.05457,2.5883412
0.054572,3.1893477
0.054574,3.6516623
0.054576,3.8828197
0.054578,3.92905
0.05458,3.7903562
0.054582,3.420505
0.054584,2.8657289
0.054586,2.172258
0.054588,1.3863249
0.05459,0.46169758
0.054592,-0.46292973
0.054594,-1.3413262
0.054596,-2.1272593
0.054598,-2.8207297
0.0546,-3.4217377
0.054602,-3.7915885
0.054604,-3.9302826
0.054605998,-3.8840513
0.054608,-3.6528945
0.05461,-3.236812
0.054612,-2.589573
0.054614,-1.8498712
0.054616,-1.0177064
0.054618,-0.09307861
0.05462,0.8315482
0.054622,1.6637135
0.054624,2.4496465
0.054626,3.0968862
0.054628,3.605431
0.05463,3.8828197
0.054632,1.1089368
0.054634,-2.2197218
0.054636,-3.467969
0.054638,-2.9594238
0.05464,-2.3121846
0.054642,-1.48002
0.054644,-0.6478553
0.054646,0.27677202
0.054648,1.2013993
0.05465,2.033564
0.054652,2.727035
0.054654,3.3280425
0.054656,3.744125
0.054658,3.92905
0.05466,3.92905
0.054662,3.6978936
0.054664,3.2818112
0.054666,2.6808028
0.054667998,1.9873328
0.05467,1.1551685
0.054672,0.23054075
0.054674,-0.6478553
0.054676,-1.5262513
0.054678,-2.3121846
0.05468,-3.0056553
0.054682,-3.5142004
0.054684,-3.8378198
0.054686,-3.976514
0.054688,-3.8840513
0.05469,-3.5604317
0.054692,-3.098118
0.054694,-2.4508786
0.054696,-1.6187139
0.054698,-0.78654957
0.0547,0.13807821
0.054702,1.0627055
0.054704,1.8948698
0.054706,2.6345725
0.054708,3.23558
0.05471,3.6978936
0.054712,3.92905
0.054714,3.92905
0.054716,3.744125
0.054718,3.3742738
0.05472,2.8194976
0.054722,2.126027
0.054724,1.2938623
0.054726,0.4154663
0.054728,-0.5091615
0.054729998,-1.387557
0.054732,-2.1734905
0.054734,-2.866961
0.054736,-3.4217377
0.054738,-3.7915885
0.05474,-3.9302826
0.054742,-3.8840513
0.054744,-3.6528945
0.054746,-3.1905808
0.054748,-2.5433414
0.05475,-1.8036394
0.054752,-0.9252434
0.054754,-0.046847343
0.054756,0.87777996
0.054758,1.7099442
0.05476,2.4958777
0.054762,3.1431174
0.054764,3.605431
0.054766,3.8828197
0.054768,3.9752812
0.05477,3.7903562
0.054772,3.4667363
0.054774,2.9119601
0.054776,2.2184901
0.054778,1.4325566
0.05478,0.5541601
0.054782,-0.3704667
0.054784,-1.2488632
0.054786,-2.0347965
0.054788,-2.7744985
0.05479,-3.3755062
0.054791998,-3.745357
0.054794,-3.9302826
0.054796,-3.9302826
0.054798,-3.6991258
0.0548,-3.2830436
0.054802,-2.6820357
0.054804,-1.9423337
0.054806,-1.1101689
0.054808,-0.18554163
0.05481,0.7390857
0.054812,1.5712504
0.054814,2.357184
0.054816,3.050654
0.054818,3.5591989
0.05482,3.8365874
0.054822,3.9752812
0.054824,3.8365874
0.054826,3.5129685
0.054828,3.050654
0.05483,2.357184
0.054832,1.5712504
0.054834,0.7390857
0.054836,-0.18554163
0.054837998,-1.1101689
0.05484,-1.8961024
0.054842,-2.6358042
0.054844,-3.2830436
0.054846,-3.6991258
0.054848,-3.9302826
0.05485,-3.9302826
0.054852,-3.745357
0.054853998,-3.3755062
0.054856,-2.7744985
0.054858,-2.081028
0.05486,-1.2488632
0.054862,-0.32423592
0.054864,0.5541601
0.054866,1.4787879
0.054868,2.2647214
0.05487,2.9581914
0.054872,3.4667363
0.054874,3.8365874
0.054876,3.9752812
0.054878,3.8828197
0.05488,3.605431
0.054882,3.1431174
0.054884,2.4958777
0.054886,1.7099442
0.054888,0.87777996
0.05489,-0.046847343
0.054892,-0.9252434
0.054894,-1.7574081
0.054896,-2.5433414
0.054898,-3.1905808
0.054899998,-3.6528945
0.054902,-3.8840513
0.054904,-3.9302826
0.054906,-3.7915885
0.054908,-3.4217377
0.05491,-2.9131925
0.054912,-2.2197218
0.054914,-1.387557
0.054915998,-0.5091615
0.054918,0.4154663
0.05492,1.2938623
0.054922,2.126027
0.054924,2.8194976
0.054926,3.3742738
0.054928,3.7903562
0.05493,3.92905
0.054932,3.92905
0.054934,3.6516623
0.054936,3.23558
0.054938,2.6345725
0.05494,1.8486385
0.054942,1.0164738
0.054944,0.13807821
0.054946,-0.78654957
0.054948,-1.6187139
0.05495,-2.4046474
0.054952,-3.0518866
0.054954,-3.5604317
0.054956,-3.8840513
0.054958,-3.976514
0.05496,-3.8378198
0.054961998,-3.5142004
0.054964,-3.0056553
0.054966,-2.3121846
0.054968,-1.5262513
0.05497,-0.6478553
0.054972,0.27677202
0.054974,1.1551685
0.054976,1.9873328
0.054978,2.727035
0.05498,3.3280425
0.054982,3.6978936
0.054984,3.92905
0.054986,3.92905
0.054988,3.744125
0.05499,3.3280425
0.054992,2.727035
0.054994,1.9873328
0.054996,1.2013993
0.054998,0.27677202
0.055,-0.6478553
0.055002,-1.48002
0.055004,-2.2659533
0.055006,-2.9594238
0.055008,-3.5142004
0.05501,-3.8378198
0.055012,-3.976514
0.055014,-3.8840513
0.055016,-3.6066632
0.055018,-3.098118
0.05502,-2.4508786
0.055022,-1.6649456
0.055023998,-0.83278084
0.055026,0.091846466
0.055028,1.0164738
0.05503,1.8486385
0.055032,2.5883412
0.055034,3.23558
0.055036,3.6516623
0.055038,3.92905
0.05504,3.92905
0.055042,3.7903562
0.055044,3.420505
0.055046,2.8657289
0.055048,2.126027
0.05505,1.3400936
0.055052,-0.2317729
0.055054,0.5541601
0.055056,1.4325566
0.055058,2.2184901
0.05506,2.9119601
0.055062,3.4667363
0.055064,3.8365874
0.055066,4.0215135
0.055068,3.9752812
0.05507,3.6978936
0.055072,3.23558
0.055074,2.6345725
0.055076,1.8486385
0.055078,1.0164738
0.05508,0.091846466
0.055082,-0.78654957
0.055084,-1.6649456
0.055085998,-2.4046474
0.055088,-3.098118
0.05509,-3.5604317
0.055092,-3.8378198
0.055094,-3.9302826
0.055096,-3.7915885
0.055098,-3.467969
0.0551,-2.9594238
0.055102,-2.2659533
0.055104,-1.48002
0.055106,-0.601624
0.055108,0.3230033
0.05511,1.2013993
0.055112,2.033564
0.055114,2.7732663
0.055116,3.3280425
0.055118,3.744125
0.05512,3.92905
0.055122,3.92905
0.055124,3.6978936
0.055126,3.2818112
0.055128,2.6808028
0.05513,1.9411016
0.055132,1.1551685
0.055134,0.23054075
0.055136,-0.694087
0.055138,-1.5262513
0.05514,-2.3121846
0.055142,-3.0056553
0.055144,-3.5142004
0.055146,-3.8378198
0.055147998,-3.976514
0.05515,-3.8378198
0.055152,-3.5604317
0.055154,-3.0518866
0.055156,-2.4046474
0.055158,-1.6187139
0.05516,-0.78654957
0.055162,0.13807821
0.055164,1.0627055
0.055166,1.8948698
0.055168,2.6345725
0.05517,3.23558
0.055172,3.6978936
0.055174,3.92905
0.055176,3.92905
0.055178,3.744125
0.05518,3.3742738
0.055182,2.8194976
0.055184,2.0797954
0.055186,1.2938623
0.055188,0.4154663
0.05519,-0.5091615
0.055192,-1.387557
0.055194,-2.1734905
0.055196,-2.9131925
0.055198,-3.4217377
0.0552,-3.7915885
0.055202,-3.9302826
0.055204,-3.8840513
0.055206,-3.6066632
0.055208,-3.1905808
0.055209998,-2.5433414
0.055212,-1.7574081
0.055214,-0.9252434
0.055216,-6.160736E-4
0.055218,0.92401123
0.05522,1.756176
0.055222,2.4958777
0.055224,3.1431174
0.055226,3.605431
0.055228,3.8828197
0.05523,3.9752812
0.055232,3.7903562
0.055234,3.4667363
0.055236,2.9119601
0.055238,2.2184901
0.05524,1.4325566
0.055242,0.5541601
0.055244,-0.3704667
0.055246,-1.2488632
0.055248,-2.081028
0.05525,-2.7744985
0.055252,-3.3755062
0.055254,-3.745357
0.055256,-3.9302826
0.055258,-3.9302826
0.05526,-3.6991258
0.055262,-3.2830436
0.055264,-2.6820357
0.055266,-1.8961024
0.055268,-1.0639377
0.05527,-0.18554163
0.055271998,0.7390857
0.055274,1.6174817
0.055276,2.4034152
0.055278,3.050654
0.05528,3.5591989
0.055282,3.8365874
0.055284,3.9752812
0.055286,3.8365874
0.055288,3.5129685
0.05529,3.0044227
0.055292,2.357184
0.055294,1.5712504
0.055296,0.6928544
0.055298,-0.18554163
0.0553,-1.1101689
0.055302,-1.9423337
0.055304,-2.6820357
0.055306,-3.2830436
0.055308,-3.6991258
0.05531,-3.9302826
0.055312,-3.9302826
0.055314,-3.745357
0.055316,-3.329275
0.055318,-2.7744985
0.05532,-2.0347965
0.055322,-1.2488632
0.055324,-0.32423592
0.055326,0.60039186
0.055328,1.4787879
0.05533,2.2647214
0.055332,2.9581914
0.055333998,3.4667363
0.055336,3.8365874
0.055338,3.9752812
0.05534,3.8828197
0.055342,3.605431
0.055344,3.1431174
0.055346,2.4958777
0.055348,1.7099442
0.05535,0.87777996
0.055352,-0.046847343
0.055354,-0.9714751
0.055356,-1.8036394
0.055358,-2.5433414
0.05536,-3.1905808
0.055362,-3.6528945
0.055364,-3.8840513
0.055366,-3.9302826
0.055368,-3.7915885
0.05537,-3.4217377
0.055372,-2.866961
0.055374,-2.1734905
0.055376,-1.387557
0.055378,-0.5091615
0.05538,0.4154663
0.055382,1.3400936
0.055384,2.126027
0.055386,2.8194976
0.055388,3.420505
0.05539,3.7903562
0.055392,3.92905
0.055394,3.92905
0.055395998,3.6516623
0.055398,3.23558
0.0554,2.5883412
0.055402,1.8486385
0.055404,1.0164738
0.055406,0.13807821
0.055408,-0.78654957
0.05541,-1.6187139
0.055412,-2.4046474
0.055414,-3.098118
0.055416,-3.5604317
0.055418,-3.8840513
0.05542,-3.976514
0.055422,-3.8378198
0.055424,-3.5142004
0.055426,-3.0056553
0.055428,-2.3121846
0.05543,-1.5262513
0.055432,-0.6478553
0.055434,0.27677202
0.055436,1.2013993
0.055438,1.9873328
0.05544,2.727035
0.055442,3.3280425
0.055444,3.744125
0.055446,3.92905
0.055448,3.92905
0.05545,3.744125
0.055452,3.3280425
0.055454,2.727035
0.055456,1.9873328
0.055457998,1.1551685
0.05546,0.27677202
0.055462,-0.6478553
0.055464,-1.48002
0.055466,-2.3121846
0.055468,-2.9594238
0.05547,-3.5142004
0.055472,-1.7111769
0.055474,1.9873328
0.055476,3.8365874
0.055478,3.605431
0.05548,3.0968862
0.055482,2.4496465
0.055484,1.6637135
0.055486,0.8315482
0.055488,-0.09307861
0.05549,-1.0177064
0.055492,-1.8498712
0.055494,-2.589573
0.055496,-3.1905808
0.055498,-3.6528945
0.0555,-3.8840513
0.055502,-3.9302826
0.055504,-3.745357
0.055506,-3.3755062
0.055508,-2.8207297
0.05551,-2.1272593
0.055512,-1.3413262
0.055514,-0.41669846
0.055516,0.50792885
0.055518,1.3863249
0.055519998,2.172258
0.055522,2.9119601
0.055524,3.420505
0.055526,3.7903562
0.055528,3.9752812
0.05553,3.8828197
0.055532,3.6516623
0.055534,3.1893477
0.055536,2.542109
0.055538,1.8024073
0.05554,0.970243
0.055542,0.045615196
0.055544,-0.83278084
0.055546,-1.7111769
0.055548,-2.4508786
0.05555,-3.098118
0.055552,-3.6066632
0.055554,-3.8840513
0.055556,-3.9302826
0.055558,-3.8378198
0.05556,-3.467969
0.055562,-2.9594238
0.055564,-2.2659533
0.055566,-1.48002
0.055568,-0.601624
0.05557,0.3230033
0.055572,1.2476311
0.055574,2.033564
0.055576,2.7732663
0.055578,3.3742738
0.05558,3.744125
0.055581998,3.92905
0.055584,3.92905
0.055586,3.6978936
0.055588,3.2818112
0.05559,2.6808028
0.055592,1.9411016
0.055594,1.1089368
0.055596,0.23054075
0.055598,-0.694087
0.0556,-1.5262513
0.055602,-2.3584158
0.055604,-3.0056553
0.055606,-3.5142004
0.055608,-3.8378198
0.05561,-3.976514
0.055612,-3.8378198
0.055614,-3.5604317
0.055616,-3.0518866
0.055618,-2.4046474
0.05562,-1.6187139
0.055622,-0.7403178
0.055624,0.184309
0.055626,1.1089368
0.055628,1.8948698
0.05563,2.6808028
0.055632,3.2818112
0.055634,3.6978936
0.055636,3.92905
0.055638,3.92905
0.05564,3.744125
0.055642,3.3742738
0.055643998,2.7732663
0.055646,2.0797954
0.055648,1.2476311
0.05565,0.36923456
0.055652,-0.55539227
0.055654,-1.4337888
0.055656,-2.2197218
0.055658,-2.9131925
0.05566,-3.467969
0.055662,-3.7915885
0.055664,-3.9302826
0.055666,-3.8840513
0.055668,-3.6066632
0.05567,-3.1443493
0.055672,-2.5433414
0.055674,-1.7574081
0.055676,-0.8790121
0.055678,-6.160736E-4
0.05568,0.92401123
0.055682,1.756176
0.055684,2.542109
0.055686,3.1893477
0.055688,3.6516623
0.05569,3.8828197
0.055692,3.9752812
0.055694,3.7903562
0.055696,3.4667363
0.055698,2.9119601
0.0557,2.2184901
0.055702,1.4325566
0.055704,0.50792885
0.055705998,-0.3704667
0.055708,-1.2950945
0.05571,-2.081028
0.055712,-2.8207297
0.055714,-3.3755062
0.055716,-3.745357
0.055718,-3.9302826
0.05572,-3.9302826
0.055722,-3.6991258
0.055724,-3.236812
0.055726,-2.6358042
0.055728,-1.8961024
0.05573,-1.0639377
0.055732,-0.13931036
0.055734,0.7853174
0.055736,1.6174817
0.055738,2.4034152
0.05574,3.0968862
0.055742,3.5591989
0.055744,3.8828197
0.055746,3.9752812
0.055748,3.8365874
0.05575,3.5129685
0.055752,3.0044227
0.055754,2.357184
0.055756,1.5250192
0.055758,0.6928544
0.05576,-0.2317729
0.055762,-1.1101689
0.055764,-1.9423337
0.055766,-2.6820357
0.055767998,-3.2830436
0.05577,-3.6991258
0.055772,-3.9302826
0.055774,-3.9302826
0.055776,-3.745357
0.055778,-3.329275
0.05578,-2.7744985
0.055782,-2.0347965
0.055784,-1.202632
0.055786,-0.32423592
0.055788,0.60039186
0.05579,1.4787879
0.055792,2.2647214
0.055794,2.9581914
0.055796,3.5129685
0.055798,3.8365874
0.0558,3.9752812
0.055802,3.8828197
0.055804,3.605431
0.055806,3.0968862
0.055808,2.4496465
0.05581,1.6637135
0.055812,0.8315482
0.055814,-0.09307861
0.055816,-0.9714751
0.055818,-1.8036394
0.05582,-2.5433414
0.055822,-3.1905808
0.055824,-3.6528945
0.055826,-3.8840513
0.055828,-3.9302826
0.055829998,-3.7915885
0.055832,-3.4217377
0.055834,-2.866961
0.055836,-2.1734905
0.055838,-1.3413262
0.05584,-0.46292973
0.055842,0.46169758
0.055844,1.3400936
0.055846,2.172258
0.055848,2.8657289
0.05585,3.420505
0.055852,3.7903562
0.055854,3.92905
0.055856,3.92905
0.055858,3.6516623
0.05586,3.1893477
0.055862,2.5883412
0.055864,1.8486385
0.055866,1.0164738
0.055868,0.091846466
0.05587,-0.83278084
0.055872,-1.6649456
0.055874,-2.4508786
0.055876,-3.098118
0.055878,-3.6066632
0.05588,-3.8840513
0.055882,-3.976514
0.055884,-3.8378198
0.055886,-3.5142004
0.055888,-2.9594238
0.05589,-2.3121846
0.055891998,-0.13931036
0.055894,0.50792885
0.055896,-0.3704667
0.055898,-1.2488632
0.0559,-2.0347965
0.055902,-2.7744985
0.055904,-3.3755062
0.055906,-3.7915885
0.055908,-3.976514
0.05591,-3.976514
0.055912,-3.745357
0.055914,-3.329275
0.055916,-2.7744985
0.055918,-2.0347965
0.05592,-1.202632
0.055922,-0.27800417
0.055924,0.64662313
0.055926,1.5250192
0.055928,2.3109517
0.05593,3.0044227
0.055932,3.5129685
0.055934,3.8365874
0.055936,3.92905
0.055937998,3.8365874
0.05594,3.5591989
0.055942,3.050654
0.055944,2.4034152
0.055946,1.6174817
0.055948,0.7853174
0.05595,-0.13931036
0.055952,-1.0177064
0.055953998,-1.8498712
0.055956,-2.6358042
0.055958,-3.236812
0.05596,-3.6528945
0.055962,-3.9302826
0.055964,-3.9302826
0.055966,-3.7915885
0.055968,-3.3755062
0.05597,-2.8207297
0.055972,-2.1272593
0.055974,-1.2950945
0.055976,-0.41669846
0.055978,0.50792885
0.05598,1.3863249
0.055982,2.2184901
0.055984,2.9119601
0.055986,3.420505
0.055988,3.7903562
0.05599,3.9752812
0.055992,3.8828197
0.055994,3.6516623
0.055996,3.1893477
0.055998,2.542109
0.055999998,1.8024073
0.056002,0.92401123
0.056004,0.045615196
0.056006,-0.8790121
0.056008,-1.7111769
0.05601,-2.4971101
0.056012,-3.1443493
0.056014,-3.6066632
0.056015998,-3.8840513
0.056018,-3.976514
0.05602,-3.7915885
0.056022,-3.467969
0.056024,-2.9594238
0.056026,-2.2659533
0.056028,-1.48002
0.05603,-0.55539227
0.056032,0.36923456
0.056034,1.2476311
0.056036,2.0797954
0.056038,2.7732663
0.05604,3.3742738
0.056042,3.744125
0.056044,3.92905
0.056046,3.92905
0.056048,3.6978936
0.05605,3.2818112
0.056052,2.6808028
0.056054,1.9411016
0.056056,1.1089368
0.056058,0.184309
0.05606,-0.7403178
0.056061998,-1.5724826
0.056064,-2.3584158
0.056066,-3.0056553
0.056068,-3.5604317
0.05607,-3.8378198
0.056072,-3.976514
0.056074,-3.8378198
0.056076,-3.5604317
0.056077998,-3.0518866
0.05608,-2.4046474
0.056082,-1.5724826
0.056084,-0.7403178
0.056086,0.184309
0.056088,1.1089368
0.05609,1.9411016
0.056092,2.6808028
0.056094,3.2818112
0.056096,3.6978936
0.056098,3.92905
0.0561,3.92905
0.056102,3.744125
0.056104,3.3742738
0.056106,2.7732663
0.056108,2.0797954
0.05611,1.2476311
0.056112,0.36923456
0.056114,-0.55539227
0.056116,-1.4337888
0.056118,-2.2197218
0.05612,-2.9131925
0.056122,-3.467969
0.056123998,-3.7915885
0.056126,-3.976514
0.056128,-3.8840513
0.05613,-3.6066632
0.056132,-3.1443493
0.056134,-2.4971101
0.056136,-1.7111769
0.056138,-0.8790121
0.05614,0.045615196
0.056142,0.970243
0.056144,1.8024073
0.056146,2.542109
0.056148,3.1893477
0.05615,3.6516623
0.056152,3.8828197
0.056154,3.9752812
0.056156,3.7903562
0.056158,3.420505
0.05616,2.9119601
0.056162,2.172258
0.056164,1.3863249
0.056166,0.50792885
0.056168,-0.41669846
0.05617,-1.2950945
0.056172,-2.081028
0.056174,-2.8207297
0.056176,-3.3755062
0.056178,-3.745357
0.05618,-3.9302826
0.056182,-3.9302826
0.056184,-3.6528945
0.056185998,-3.236812
0.056188,-2.6358042
0.05619,-1.8961024
0.056192,-1.0177064
0.056194,-0.13931036
0.056196,0.7853174
0.056198,1.6637135
0.0562,2.4496465
0.056202,3.0968862
0.056204,3.5591989
0.056206,3.8828197
0.056208,3.9752812
0.05621,3.8365874
0.056212,3.5129685
0.056214,3.0044227
0.056216,2.3109517
0.056218,1.5250192
0.05622,0.64662313
0.056222,-0.2317729
0.056224,-1.1564007
0.056226,-1.9423337
0.056228,-2.6820357
0.05623,-3.2830436
0.056232,-3.6991258
0.056234,-3.9302826
0.056236,-3.9302826
0.056238,-3.745357
0.05624,-3.329275
0.056242,-2.728267
0.056244,-2.0347965
0.056246,-1.202632
0.056247998,-0.27800417
0.05625,0.64662313
0.056252,1.4787879
0.056254,2.3109517
0.056256,2.9581914
0.056258,3.5129685
0.05626,3.8365874
0.056262,3.9752812
0.056264,3.8828197
0.056266,3.5591989
0.056268,3.0968862
0.05627,2.4496465
0.056272,1.6637135
0.056274,0.8315482
0.056276,-0.09307861
0.056278,-0.9714751
0.05628,-1.8036394
0.056282,-2.589573
0.056284,-3.1905808
0.056286,-3.6528945
0.056288,-3.8840513
0.05629,-3.9302826
0.056292,-3.7915885
0.056294,-3.4217377
0.056296,-2.866961
0.056298,-2.1734905
0.0563,-1.3413262
0.056302,-0.46292973
0.056304,0.46169758
0.056306,1.3863249
0.056308,2.172258
0.056309998,2.8657289
0.056312,1.7099442
0.056314,-1.6649456
0.056316,-3.8840513
0.056318,-3.9302826
0.05632,-3.6528945
0.056322,-3.236812
0.056324,-2.589573
0.056326,-1.8498712
0.056328,-1.0177064
0.05633,-0.09307861
0.056332,0.8315482
0.056334,1.6637135
0.056336,2.4496465
0.056338,3.0968862
0.05634,3.605431
0.056342,3.8828197
0.056344,3.92905
0.056346,3.7903562
0.056348,3.4667363
0.05635,2.9581914
0.056352,2.2647214
0.056354,1.4787879
0.056356,0.60039186
0.056358,-0.32423592
0.05636,-1.202632
0.056362,-2.0347965
0.056364,-2.728267
0.056366,-3.329275
0.056368,-3.745357
0.05637,-3.9302826
0.056371998,-3.9302826
0.056374,-3.6991258
0.056376,-3.2830436
0.056378,-2.728267
0.05638,-1.9423337
0.056382,-1.1564007
0.056384,-0.2317729
0.056386,0.6928544
0.056388,1.5712504
0.05639,2.357184
0.056392,3.0044227
0.056394,3.5129685
0.056396,3.8365874
0.056398,3.9752812
0.0564,3.8365874
0.056402,3.5591989
0.056404,3.050654
0.056406,2.4034152
0.056408,1.6174817
0.05641,0.7390857
0.056412,-0.13931036
0.056414,-1.0639377
0.056416,-1.8961024
0.056418,-2.6358042
0.05642,-3.236812
0.056422,-3.6991258
0.056424,-3.9302826
0.056426,-3.9302826
0.056428,-3.745357
0.05643,-3.3755062
0.056432,-2.8207297
0.056433998,-2.081028
0.056436,-1.2950945
0.056438,-0.3704667
0.05644,0.5541601
0.056442,1.4325566
0.056444,2.2184901
0.056446,2.9119601
0.056448,3.4667363
0.05645,3.7903562
0.056452,3.9752812
0.056454,3.8828197
0.056456,3.605431
0.056458,3.1431174
0.05646,2.542109
0.056462,1.756176
0.056464,0.92401123
0.056466,-6.160736E-4
0.056468,-0.8790121
0.05647,-1.7574081
0.056472,-2.4971101
0.056474,-3.1443493
0.056476,-3.6066632
0.056478,-3.8840513
0.05648,-3.9302826
0.056482,-3.7915885
0.056484,-3.467969
0.056486,-2.9131925
0.056488,-2.2197218
0.05649,-1.4337888
0.056492,-0.55539227
0.056494,0.36923456
0.056495998,1.2938623
0.056498,2.0797954
0.0565,2.8194976
0.056502,3.3742738
0.056504,3.744125
0.056506,3.92905
0.056508,3.92905
0.05651,3.6978936
0.056512,3.23558
0.056514,2.6345725
0.056516,1.8948698
0.056518,1.0627055
0.05652,0.184309
0.056522,-0.7403178
0.056524,-1.5724826
0.056526,-2.3584158
0.056528,-3.0518866
0.05653,-3.5604317
0.056532,-3.8378198
0.056534,-3.976514
0.056536,-3.8378198
0.056538,-3.5142004
0.05654,-3.0518866
0.056542,-2.3584158
0.056544,-1.5724826
0.056546,-0.694087
0.056548,0.23054075
0.05655,1.1089368
0.056552,1.9411016
0.056554,2.6808028
0.056556,3.2818112
0.056557998,3.6978936
0.05656,3.92905
0.056562,3.92905
0.056564,3.744125
0.056566,3.3280425
0.056568,2.7732663
0.05657,2.033564
0.056572,1.2476311
0.056574,0.3230033
0.056576,-0.601624
0.056578,-1.48002
0.05658,-2.2659533
0.056582,-2.9594238
0.056584,-3.467969
0.056586,-3.8378198
0.056588,-3.976514
0.05659,-3.8840513
0.056592,-3.6066632
0.056594,-3.1443493
0.056596,-2.4971101
0.056598,-1.7111769
0.0566,-0.8790121
0.056602,0.045615196
0.056604,0.970243
0.056606,1.8024073
0.056608,2.5883412
0.05661,3.1893477
0.056612,3.6516623
0.056614,3.8828197
0.056616,3.92905
0.056618,3.7903562
0.056619998,3.420505
0.056622,2.8657289
0.056624,2.172258
0.056626,1.3863249
0.056628,0.50792885
0.05663,-0.41669846
0.056632,-1.3413262
0.056634,-2.1272593
0.056636,-2.8207297
0.056638,-3.3755062
0.05664,-3.7915885
0.056642,-3.9302826
0.056644,-3.9302826
0.056646,-3.6528945
0.056648,-3.236812
0.05665,-2.589573
0.056652,-1.8498712
0.056654,-1.0177064
0.056656,-0.09307861
0.056658,0.8315482
0.05666,1.6637135
0.056662,2.4496465
0.056664,3.0968862
0.056666,3.605431
0.056668,3.8828197
0.05667,3.9752812
0.056672,3.8365874
0.056674,3.5129685
0.056676,2.9581914
0.056678,2.3109517
0.05668,1.4787879
0.056681998,0.64662313
0.056684,-0.27800417
0.056686,-1.1564007
0.056688,-1.9885652
0.05669,-2.728267
0.056692,-3.329275
0.056694,-3.6991258
0.056696,-3.9302826
0.056698,-3.9302826
0.0567,-3.6991258
0.056702,-3.329275
0.056704,-2.728267
0.056706,-1.9885652
0.056708,-1.1564007
0.05671,-0.27800417
0.056712,0.64662313
0.056714,1.5250192
0.056716,2.3109517
0.056718,3.0044227
0.05672,3.5129685
0.056722,3.8365874
0.056724,3.9752812
0.056726,3.8828197
0.056728,3.5591989
0.05673,3.0968862
0.056732,1.5250192
0.056734,-1.2950945
0.056736,-0.7403178
0.056738,0.184309
0.05674,1.1089368
0.056742,1.8948698
0.056743998,2.6808028
0.056746,3.2818112
0.056748,3.6978936
0.05675,3.9752812
0.056752,3.9752812
0.056754,3.7903562
0.056756,3.420505
0.056758,2.8657289
0.05676,2.172258
0.056762,1.3400936
0.056764,0.46169758
0.056766,-0.46292973
0.056768,-1.3413262
0.05677,-2.1272593
0.056772,-2.866961
0.056774,-3.4217377
0.056776,-3.7915885
0.056778,-3.9302826
0.05678,-3.8840513
0.056782,-3.6528945
0.056784,-3.1905808
0.056786,-2.5433414
0.056788,-1.8036394
0.05679,-0.9714751
0.056792,-0.046847343
0.056794,0.87777996
0.056796,1.7099442
0.056798,2.4958777
0.0568,3.1431174
0.056802,3.605431
0.056804,3.8828197
0.056805998,3.9752812
0.056808,3.8365874
0.05681,3.4667363
0.056812,2.9581914
0.056814,2.2647214
0.056816,1.4787879
0.056818,0.60039186
0.05682,-0.32423592
0.056822,-1.202632
0.056824,-2.0347965
0.056826,-2.7744985
0.056828,-3.329275
0.05683,-3.745357
0.056832,-3.9302826
0.056834,-3.9302826
0.056836,-3.6991258
0.056838,-3.2830436
0.05684,-2.6820357
0.056842,-1.9423337
0.056844,-1.1101689
0.056846,-0.18554163
0.056848,0.6928544
0.05685,1.5712504
0.056852,2.357184
0.056854,3.050654
0.056856,3.5591989
0.056858,3.8365874
0.05686,3.9752812
0.056862,3.8365874
0.056864,3.5591989
0.056866,3.050654
0.056867998,2.4034152
0.05687,1.6174817
0.056872,0.7390857
0.056874,-0.18554163
0.056876,-1.0639377
0.056878,-1.8961024
0.05688,-2.6358042
0.056882,-3.236812
0.056884,-3.6991258
0.056886,-3.9302826
0.056888,-3.9302826
0.05689,-3.745357
0.056892,-3.3755062
0.056894,-2.8207297
0.056896,-2.081028
0.056898,-1.2488632
0.0569,-0.3704667
0.056902,0.5541601
0.056904,1.4325566
0.056906,2.2184901
0.056908,2.9119601
0.05691,3.4667363
0.056912,3.7903562
0.056914,3.9752812
0.056916,3.8828197
0.056918,3.605431
0.05692,3.1431174
0.056922,2.4958777
0.056924,1.756176
0.056926,0.92401123
0.056928,-6.160736E-4
0.056929998,-0.9252434
0.056932,-1.7574081
0.056934,-2.4971101
0.056936,-3.1443493
0.056938,-3.6066632
0.05694,-3.8840513
0.056942,-3.976514
0.056944,-3.7915885
0.056946,-3.467969
0.056948,-2.9131925
0.05695,-2.2197218
0.056952,-1.4337888
0.056954,-0.5091615
0.056956,0.4154663
0.056958,1.2938623
0.05696,2.0797954
0.056962,2.8194976
0.056964,3.3742738
0.056966,3.744125
0.056968,3.92905
0.05697,3.92905
0.056972,3.6978936
0.056974,3.23558
0.056976,2.6345725
0.056978,1.8948698
0.05698,1.0627055
0.056982,0.13807821
0.056984,-0.7403178
0.056986,-1.6187139
0.056988,-2.4046474
0.05699,-3.0518866
0.056991998,-3.5604317
0.056994,-3.8378198
0.056996,-3.976514
0.056998,-3.8378198
0.057,-3.5142004
0.057002,-3.0056553
0.057004,-2.3584158
0.057006,-1.5262513
0.057008,-0.694087
0.05701,0.23054075
0.057012,1.1551685
0.057014,1.9411016
0.057016,2.6808028
0.057018,3.2818112
0.05702,3.6978936
0.057022,3.92905
0.057024,3.92905
0.057026,3.744125
0.057028,3.3280425
0.05703,2.727035
0.057032,2.033564
0.057034,1.2013993
0.057036,0.3230033
0.057038,-0.601624
0.05704,-1.48002
0.057042,-2.2659533
0.057044,-2.9594238
0.057046,-3.467969
0.057048,-3.8378198
0.05705,-3.976514
0.057052,-3.8840513
0.057053998,-3.6066632
0.057056,-3.098118
0.057058,-2.4971101
0.05706,-1.7111769
0.057062,-0.83278084
0.057064,0.091846466
0.057066,0.970243
0.057068,1.8024073
0.05707,2.5883412
0.057072,3.1893477
0.057074,3.6516623
0.057076,3.8828197
0.057078,3.92905
0.05708,3.7903562
0.057082,3.420505
0.057084,2.8657289
0.057086,2.172258
0.057088,1.3400936
0.05709,0.46169758
0.057092,-0.46292973
0.057094,-1.3413262
0.057096,-2.1272593
0.057098,-2.8207297
0.057099998,-3.4217377
0.057102,-3.7915885
0.057104,-3.9302826
0.057106,-3.8840513
0.057108,-3.6528945
0.05711,-3.1905808
0.057112,-2.589573
0.057114,-1.8498712
0.057115998,-1.0177064
0.057118,-0.09307861
0.05712,0.8315482
0.057122,1.6637135
0.057124,2.4496465
0.057126,3.0968862
0.057128,3.605431
0.05713,3.8828197
0.057132,3.9752812
0.057134,3.8365874
0.057136,3.5129685
0.057138,2.9581914
0.05714,2.3109517
0.057142,1.4787879
0.057144,0.64662313
0.057146,-0.27800417
0.057148,-1.202632
0.05715,-1.9885652
0.057152,-1.7111769
0.057154,1.8948698
0.057156,3.744125
0.057158,3.9752812
0.05716,3.9752812
0.057161998,3.744125
0.057164,3.3280425
0.057166,2.727035
0.057168,1.9873328
0.05717,1.1551685
0.057172,0.27677202
0.057174,-0.6478553
0.057176,-1.48002
0.057177998,-2.3121846
0.05718,-2.9594238
0.057182,-3.5142004
0.057184,-3.8378198
0.057186,-3.9302826
0.057188,-3.8378198
0.05719,-3.5604317
0.057192,-3.0518866
0.057194,-2.4046474
0.057196,-1.6187139
0.057198,-0.78654957
0.0572,0.13807821
0.057202,1.0627055
0.057204,1.8948698
0.057206,2.6345725
0.057208,3.23558
0.05721,3.6978936
0.057212,3.92905
0.057214,3.92905
0.057216,3.7903562
0.057218,3.3742738
0.05722,2.8194976
0.057222,2.126027
0.057223998,1.2938623
0.057226,0.4154663
0.057228,-0.5091615
0.05723,-1.387557
0.057232,-2.1734905
0.057234,-2.866961
0.057236,-3.4217377
0.057238,-3.7915885
0.057239998,-3.9302826
0.057242,-3.8840513
0.057244,-3.6066632
0.057246,-3.1905808
0.057248,-2.5433414
0.05725,-1.7574081
0.057252,-0.9252434
0.057254,-6.160736E-4
0.057256,0.87777996
0.057258,1.756176
0.05726,2.4958777
0.057262,3.1431174
0.057264,3.605431
0.057266,3.8828197
0.057268,3.9752812
0.05727,3.7903562
0.057272,3.4667363
0.057274,2.9119601
0.057276,2.2184901
0.057278,1.4325566
0.05728,0.5541601
0.057282,-0.3704667
0.057284,-1.2488632
0.057285998,-2.0347965
0.057288,-2.7744985
0.05729,-3.3755062
0.057292,-3.745357
0.057294,-3.9302826
0.057296,-3.9302826
0.057298,-3.6991258
0.0573,-3.2830436
0.057302,-2.6820357
0.057304,-1.9423337
0.057306,-1.1101689
0.057308,-0.18554163
0.05731,0.7390857
0.057312,1.6174817
0.057314,2.4034152
0.057316,3.050654
0.057318,3.5591989
0.05732,3.8365874
0.057322,3.9752812
0.057324,3.8365874
0.057326,3.5129685
0.057328,3.050654
0.05733,2.357184
0.057332,1.5712504
0.057334,0.7390857
0.057336,-0.18554163
0.057338,-1.1101689
0.05734,-1.8961024
0.057342,-2.6358042
0.057344,-3.2830436
0.057346,-3.6991258
0.057347998,-3.9302826
0.05735,-3.9302826
0.057352,-3.745357
0.057354,-3.3755062
0.057356,-2.7744985
0.057358,-2.081028
0.05736,-1.2488632
0.057362,-0.32423592
0.057364,0.60039186
0.057366,1.4787879
0.057368,2.2647214
0.05737,2.9581914
0.057372,3.4667363
0.057374,3.8365874
0.057376,3.9752812
0.057378,3.8828197
0.05738,3.605431
0.057382,3.1431174
0.057384,2.4958777
0.057386,1.7099442
0.057388,0.87777996
0.05739,-0.046847343
0.057392,-0.9252434
0.057394,-1.7574081
0.057396,-2.5433414
0.057398,-3.1905808
0.0574,-3.6528945
0.057402,-3.8840513
0.057404,-3.9302826
0.057406,-3.7915885
0.057408,-3.4217377
0.057409998,-2.9131925
0.057412,-2.2197218
0.057414,-1.387557
0.057416,-0.5091615
0.057418,0.4154663
0.05742,1.3400936
0.057422,2.126027
0.057424,2.8194976
0.057426,3.3742738
0.057428,3.7903562
0.05743,3.92905
0.057432,3.92905
0.057434,3.6516623
0.057436,3.23558
0.057438,2.5883412
0.05744,1.8486385
0.057442,1.0164738
0.057444,0.13807821
0.057446,-0.78654957
0.057448,-1.6187139
0.05745,-2.4046474
0.057452,-3.0518866
0.057454,-3.5604317
0.057456,-3.8840513
0.057458,-3.976514
0.05746,-3.8378198
0.057462,-3.5142004
0.057464,-3.0056553
0.057466,-2.3121846
0.057468,-1.5262513
0.05747,-0.6478553
0.057471998,0.27677202
0.057474,1.1551685
0.057476,1.9873328
0.057478,2.727035
0.05748,3.3280425
0.057482,3.6978936
0.057484,3.92905
0.057486,3.92905
0.057488,3.744125
0.05749,3.3280425
0.057492,2.727035
0.057494,1.9873328
0.057496,1.2013993
0.057498,0.27677202
0.0575,-0.6478553
0.057502,-1.48002
0.057504,-2.2659533
0.057506,-2.9594238
0.057508,-3.5142004
0.05751,-3.8378198
0.057512,-3.976514
0.057514,-3.8840513
0.057516,-3.5604317
0.057518,-3.098118
0.05752,-2.4508786
0.057522,-1.6649456
0.057524,-0.83278084
0.057526,0.091846466
0.057528,1.0164738
0.05753,1.8486385
0.057532,2.5883412
0.057533998,3.23558
0.057536,3.6516623
0.057538,3.92905
0.05754,3.92905
0.057542,3.7903562
0.057544,3.420505
0.057546,2.8194976
0.057548,2.126027
0.05755,1.3400936
0.057552,0.46169758
0.057554,-0.46292973
0.057556,-1.3413262
0.057558,-2.1734905
0.05756,-2.866961
0.057562,-3.4217377
0.057564,-3.7915885
0.057566,-3.9302826
0.057568,-3.8840513
0.05757,-3.6528945
0.057572,-2.7744985
0.057574,0.8315482
0.057576,1.7099442
0.057578,0.92401123
0.05758,-6.160736E-4
0.057582,-0.8790121
0.057584,-1.7111769
0.057586,-2.4971101
0.057588,-3.1443493
0.05759,-3.6066632
0.057592,-3.8840513
0.057594,-3.976514
0.057595998,-3.8378198
0.057598,-3.5142004
0.0576,-3.0056553
0.057602,-2.3121846
0.057604,-1.48002
0.057606,-0.601624
0.057608,0.3230033
0.05761,1.2013993
0.057612,2.033564
0.057614,2.7732663
0.057616,3.3280425
0.057618,3.744125
0.05762,3.92905
0.057622,3.92905
0.057624,3.6978936
0.057626,3.2818112
0.057628,2.6808028
0.05763,1.9411016
0.057632,1.1089368
0.057634,0.23054075
0.057636,-0.694087
0.057638,-1.5262513
0.05764,-2.3121846
0.057642,-3.0056553
0.057644,-3.5142004
0.057646,-3.8378198
0.057648,-3.976514
0.05765,-3.8840513
0.057652,-3.5604317
0.057654,-3.0518866
0.057656,-2.4046474
0.057657998,-1.6187139
0.05766,-0.7403178
0.057662,0.184309
0.057664,1.0627055
0.057666,1.8948698
0.057668,2.6345725
0.05767,3.23558
0.057672,3.6978936
0.057674,3.92905
0.057676,3.92905
0.057678,3.744125
0.05768,3.3742738
0.057682,2.8194976
0.057684,2.0797954
0.057686,1.2938623
0.057688,0.4154663
0.05769,-0.5091615
0.057692,-1.4337888
0.057694,-2.2197218
0.057696,-2.9131925
0.057698,-3.4217377
0.0577,-3.7915885
0.057702,-3.9302826
0.057704,-3.8840513
0.057706,-3.6066632
0.057708,-3.1443493
0.05771,-2.5433414
0.057712,-1.7574081
0.057714,-0.9252434
0.057716,-6.160736E-4
0.057718,0.92401123
0.057719998,1.756176
0.057722,2.542109
0.057724,3.1431174
0.057726,3.605431
0.057728,3.8828197
0.05773,3.9752812
0.057732,3.7903562
0.057734,3.4667363
0.057736,2.9119601
0.057738,2.2184901
0.05774,1.4325566
0.057742,0.5541601
0.057744,-0.3704667
0.057746,-1.2488632
0.057748,-2.081028
0.05775,-2.7744985
0.057752,-3.3755062
0.057754,-3.745357
0.057756,-3.9302826
0.057758,-3.9302826
0.05776,-3.6991258
0.057762,-3.236812
0.057764,-2.6358042
0.057766,-1.8961024
0.057768,-1.0639377
0.05777,-0.18554163
0.057772,0.7390857
0.057774,1.6174817
0.057776,2.4034152
0.057778,3.050654
0.05778,3.5591989
0.057781998,3.8828197
0.057784,3.9752812
0.057786,3.8365874
0.057788,3.5129685
0.05779,3.0044227
0.057792,2.357184
0.057794,1.5712504
0.057796,0.6928544
0.057798,-0.2317729
0.0578,-1.1101689
0.057802,-1.9423337
0.057804,-2.6820357
0.057806,-3.2830436
0.057808,-3.6991258
0.05781,-3.9302826
0.057812,-3.9302826
0.057814,-3.745357
0.057816,-3.329275
0.057818,-2.7744985
0.05782,-2.0347965
0.057822,-1.2488632
0.057824,-0.32423592
0.057826,0.60039186
0.057828,1.4787879
0.05783,2.2647214
0.057832,2.9581914
0.057834,3.4667363
0.057836,3.8365874
0.057838,3.9752812
0.05784,3.8828197
0.057842,3.605431
0.057843998,3.1431174
0.057846,2.4958777
0.057848,1.7099442
0.05785,0.87777996
0.057852,-0.046847343
0.057854,-0.9714751
0.057856,-1.8036394
0.057858,-2.5433414
0.05786,-3.1905808
0.057862,-3.6528945
0.057864,-3.8840513
0.057866,-3.9302826
0.057868,-3.7915885
0.05787,-3.4217377
0.057872,-2.866961
0.057874,-2.1734905
0.057876,-1.387557
0.057878,-0.46292973
0.05788,0.46169758
0.057882,1.3400936
0.057884,2.126027
0.057886,2.8657289
0.057888,3.420505
0.05789,3.7903562
0.057892,3.92905
0.057894,3.92905
0.057896,3.6516623
0.057898,3.23558
0.0579,2.5883412
0.057902,1.8486385
0.057904,1.0164738
0.057905998,0.091846466
0.057908,-0.78654957
0.05791,-1.6649456
0.057912,-2.4046474
0.057914,-3.098118
0.057916,-3.5604317
0.057918,-3.8840513
0.05792,-3.976514
0.057922,-3.8378198
0.057924,-3.5142004
0.057926,-3.0056553
0.057928,-2.3121846
0.05793,-1.5262513
0.057932,-0.6478553
0.057934,0.27677202
0.057936,1.2013993
0.057938,1.9873328
0.05794,2.727035
0.057942,3.3280425
0.057944,3.744125
0.057946,3.92905
0.057948,3.92905
0.05795,3.6978936
0.057952,3.3280425
0.057954,2.727035
0.057956,1.9873328
0.057958,1.1551685
0.05796,0.27677202
0.057962,-0.6478553
0.057964,-1.48002
0.057966,-2.3121846
0.057967998,-2.9594238
0.05797,-3.5142004
0.057972,-3.8378198
0.057974,-3.976514
0.057976,-3.8840513
0.057978,-3.5604317
0.05798,-3.098118
0.057982,-2.4508786
0.057984,-1.6649456
0.057986,-0.78654957
0.057988,0.13807821
0.05799,1.0164738
0.057992,1.2938623
0.057994,-1.9885652
0.057996,-3.2830436
0.057998,-3.6991258
0.058,-3.976514
0.058002,-3.976514
0.058004,-3.7915885
0.058006,-3.4217377
0.058008,-2.866961
0.05801,-2.1734905
0.058012,-1.3413262
0.058014,-0.46292973
0.058016,0.46169758
0.058018,1.3863249
0.05802,2.172258
0.058022,2.8657289
0.058024,3.420505
0.058026,3.7903562
0.058028,3.92905
0.058029998,3.8828197
0.058032,3.605431
0.058034,3.1431174
0.058036,2.542109
0.058038,1.756176
0.05804,0.92401123
0.058042,0.045615196
0.058044,-0.8790121
0.058046,-1.7111769
0.058048,-2.4971101
0.05805,-3.1443493
0.058052,-3.6066632
0.058054,-3.8840513
0.058056,-3.976514
0.058058,-3.8378198
0.05806,-3.467969
0.058062,-2.9594238
0.058064,-2.2659533
0.058066,-1.48002
0.058068,-0.601624
0.05807,0.3230033
0.058072,1.2476311
0.058074,2.033564
0.058076,2.7732663
0.058078,3.3742738
0.05808,3.744125
0.058082,3.92905
0.058084,3.92905
0.058086,3.6978936
0.058088,3.2818112
0.05809,2.6808028
0.058091998,1.9411016
0.058094,1.1089368
0.058096,0.184309
0.058098,-0.694087
0.0581,-1.5724826
0.058102,-2.3584158
0.058104,-3.0056553
0.058106,-3.5142004
0.058108,-3.8378198
0.05811,-3.976514
0.058112,-3.8378198
0.058114,-3.5604317
0.058116,-3.0518866
0.058118,-2.4046474
0.05812,-1.5724826
0.058122,-0.7403178
0.058124,0.184309
0.058126,1.1089368
0.058128,1.9411016
0.05813,2.6808028
0.058132,3.2818112
0.058134,3.6978936
0.058136,3.92905
0.058138,3.92905
0.05814,3.744125
0.058142,3.3742738
0.058144,2.7732663
0.058146,2.0797954
0.058148,1.2476311
0.05815,0.36923456
0.058152,-0.55539227
0.058153998,-1.4337888
0.058156,-2.2197218
0.058158,-2.9131925
0.05816,-3.467969
0.058162,-3.7915885
0.058164,-3.976514
0.058166,-3.8840513
0.058168,-3.6066632
0.05817,-3.1443493
0.058172,-2.4971101
0.058174,-1.7574081
0.058176,-0.8790121
0.058178,0.045615196
0.05818,0.92401123
0.058182,1.756176
0.058184,2.542109
0.058186,3.1893477
0.058188,3.6516623
0.05819,3.8828197
0.058192,3.9752812
0.058194,3.7903562
0.058196,3.420505
0.058198,2.9119601
0.058199998,2.2184901
0.058202,1.4325566
0.058204,0.50792885
0.058206,-0.41669846
0.058208,-1.2950945
0.05821,-2.081028
0.058212,-2.8207297
0.058214,-3.3755062
0.058215998,-3.745357
0.058218,-3.9302826
0.05822,-3.9302826
0.058222,-3.6991258
0.058224,-3.236812
0.058226,-2.6358042
0.058228,-1.8961024
0.05823,-1.0639377
0.058232,-0.13931036
0.058234,0.7853174
0.058236,1.6174817
0.058238,2.4034152
0.05824,3.0968862
0.058242,3.5591989
0.058244,3.8828197
0.058246,3.9752812
0.058248,3.8365874
0.05825,3.5129685
0.058252,3.0044227
0.058254,2.3109517
0.058256,1.5250192
0.058258,0.6928544
0.05826,-0.2317729
0.058261998,-1.1564007
0.058264,-1.9423337
0.058266,-2.6820357
0.058268,-3.2830436
0.05827,-3.6991258
0.058272,-3.9302826
0.058274,-3.9302826
0.058276,-3.745357
0.058277998,-3.329275
0.05828,-2.7744985
0.058282,-2.0347965
0.058284,-1.202632
0.058286,-0.27800417
0.058288,0.64662313
0.05829,1.4787879
0.058292,2.3109517
0.058294,2.9581914
0.058296,3.5129685
0.058298,3.8365874
0.0583,3.9752812
0.058302,3.8828197
0.058304,3.605431
0.058306,3.0968862
0.058308,2.4496465
0.05831,1.6637135
0.058312,0.8315482
0.058314,-0.09307861
0.058316,-0.9714751
0.058318,-1.8036394
0.05832,-2.589573
0.058322,-3.1905808
0.058323998,-3.6528945
0.058326,-3.8840513
0.058328,-3.9302826
0.05833,-3.7915885
0.058332,-3.4217377
0.058334,-2.866961
0.058336,-2.1734905
0.058338,-1.3413262
0.058339998,-0.46292973
0.058342,0.46169758
0.058344,1.3400936
0.058346,2.172258
0.058348,2.8657289
0.05835,3.420505
0.058352,3.7903562
0.058354,3.92905
0.058356,3.8828197
0.058358,3.6516623
0.05836,3.1893477
0.058362,2.5883412
0.058364,1.8024073
0.058366,0.970243
0.058368,0.091846466
0.05837,-0.83278084
0.058372,-1.6649456
0.058374,-2.4508786
0.058376,-3.098118
0.058378,-3.6066632
0.05838,-3.8840513
0.058382,-3.976514
0.058384,-3.8378198
0.058385998,-3.5142004
0.058388,-2.9594238
0.05839,-2.3121846
0.058392,-1.48002
0.058394,-0.601624
0.058396,0.3230033
0.058398,1.2013993
0.0584,2.033564
0.058401998,2.727035
0.058404,3.3280425
0.058406,3.744125
0.058408,3.92905
0.05841,3.92905
0.058412,3.420505
0.058414,0.13807821
0.058416,-2.4508786
0.058418,-1.9423337
0.05842,-1.1101689
0.058422,-0.2317729
0.058424,0.6928544
0.058426,1.5712504
0.058428,2.357184
0.05843,3.050654
0.058432,3.5591989
0.058434,3.8828197
0.058436,3.9752812
0.058438,3.8828197
0.05844,3.5591989
0.058442,3.0968862
0.058444,2.4034152
0.058446,1.6637135
0.058447998,0.7853174
0.05845,-0.13931036
0.058452,-1.0177064
0.058454,-1.8498712
0.058456,-2.589573
0.058458,-3.236812
0.05846,-3.6528945
0.058462,-3.9302826
0.058464,-3.9302826
0.058466,-3.745357
0.058468,-3.3755062
0.05847,-2.8207297
0.058472,-2.1272593
0.058474,-1.2950945
0.058476,-0.41669846
0.058478,0.50792885
0.05848,1.4325566
0.058482,2.2184901
0.058484,2.9119601
0.058486,3.4667363
0.058488,3.7903562
0.05849,3.9752812
0.058492,3.8828197
0.058494,3.605431
0.058496,3.1893477
0.058498,2.542109
0.0585,1.756176
0.058502,0.92401123
0.058504,0.045615196
0.058506,-0.8790121
0.058508,-1.7111769
0.058509998,-2.4971101
0.058512,-3.1443493
0.058514,-3.6066632
0.058516,-3.8840513
0.058518,-3.976514
0.05852,-3.7915885
0.058522,-3.467969
0.058524,-2.9594238
0.058526,-2.2659533
0.058528,-1.4337888
0.05853,-0.55539227
0.058532,0.36923456
0.058534,1.2476311
0.058536,2.0797954
0.058538,2.7732663
0.05854,3.3742738
0.058542,3.744125
0.058544,3.92905
0.058546,3.92905
0.058548,3.6978936
0.05855,3.2818112
0.058552,2.6345725
0.058554,1.8948698
0.058556,1.1089368
0.058558,0.184309
0.05856,-0.7403178
0.058562,-1.5724826
0.058564,-2.3584158
0.058566,-3.0518866
0.058568,-3.5604317
0.05857,-3.8378198
0.058571998,-3.976514
0.058574,-3.8378198
0.058576,-3.5604317
0.058578,-3.0518866
0.05858,-2.3584158
0.058582,-1.5724826
0.058584,-0.7403178
0.058586,0.184309
0.058588,1.1089368
0.05859,1.9411016
0.058592,2.6808028
0.058594,3.2818112
0.058596,3.6978936
0.058598,3.92905
0.0586,3.92905
0.058602,3.744125
0.058604,3.3280425
0.058606,2.7732663
0.058608,2.033564
0.05861,1.2476311
0.058612,0.36923456
0.058614,-0.55539227
0.058616,-1.4337888
0.058618,-2.2197218
0.05862,-2.9131925
0.058622,-3.467969
0.058624,-3.7915885
0.058626,-3.976514
0.058628,-3.8840513
0.05863,-3.6066632
0.058632,-3.1443493
0.058633998,-2.4971101
0.058636,-1.7111769
0.058638,-0.8790121
0.05864,0.045615196
0.058642,0.970243
0.058644,1.8024073
0.058646,2.542109
0.058648,3.1893477
0.05865,3.6516623
0.058652,3.8828197
0.058654,3.92905
0.058656,3.7903562
0.058658,3.420505
0.05866,2.8657289
0.058662,2.172258
0.058664,1.3863249
0.058666,0.50792885
0.058668,-0.41669846
0.05867,-1.2950945
0.058672,-2.081028
0.058674,-2.8207297
0.058676,-3.3755062
0.058678,-3.745357
0.05868,-3.9302826
0.058682,-3.9302826
0.058684,-3.6528945
0.058686,-3.236812
0.058688,-2.6358042
0.05869,-1.8498712
0.058692,-1.0177064
0.058694,-0.13931036
0.058695998,0.7853174
0.058698,1.6637135
0.0587,2.4496465
0.058702,3.0968862
0.058704,3.5591989
0.058706,3.8828197
0.058708,3.9752812
0.05871,3.8365874
0.058712,3.5129685
0.058714,3.0044227
0.058716,2.3109517
0.058718,1.5250192
0.05872,0.64662313
0.058722,-0.2317729
0.058724,-1.1564007
0.058726,-1.9423337
0.058728,-2.6820357
0.05873,-3.2830436
0.058732,-3.6991258
0.058734,-3.9302826
0.058736,-3.9302826
0.058738,-3.745357
0.05874,-3.329275
0.058742,-2.728267
0.058744,-1.9885652
0.058746,-1.202632
0.058748,-0.27800417
0.05875,0.64662313
0.058752,1.4787879
0.058754,2.3109517
0.058756,3.0044227
0.058757998,3.5129685
0.05876,3.8365874
0.058762,3.9752812
0.058764,3.8828197
0.058766,3.5591989
0.058768,3.0968862
0.05877,2.4496465
0.058772,1.6637135
0.058774,0.8315482
0.058776,-0.09307861
0.058778,-1.0177064
0.05878,-1.8036394
0.058782,-2.589573
0.058784,-3.1905808
0.058786,-3.6528945
0.058788,-3.8840513
0.05879,-3.9302826
0.058792,-3.7915885
0.058794,-3.4217377
0.058796,-2.866961
0.058798,-2.1272593
0.0588,-1.3413262
0.058802,-0.46292973
0.058804,0.46169758
0.058806,1.3863249
0.058808,2.172258
0.05881,2.8657289
0.058812,3.420505
0.058814,3.7903562
0.058816,3.92905
0.058818,3.8828197
0.058819998,3.6516623
0.058822,3.1893477
0.058824,2.5883412
0.058826,1.8024073
0.058828,0.970243
0.05883,0.091846466
0.058832,-0.8790121
0.058834,1.6637135
0.058836,2.542109
0.058838,3.1893477
0.05884,3.6516623
0.058842,3.92905
0.058844,4.0215135
0.058846,3.8828197
0.058848,3.5129685
0.05885,3.0044227
0.058852,2.3109517
0.058854,1.4787879
0.058856,0.64662313
0.058858,-0.27800417
0.05886,-1.202632
0.058862,-1.9885652
0.058864,-2.728267
0.058866,-3.329275
0.058868,-3.6991258
0.05887,-3.9302826
0.058872,-3.9302826
0.058874,-3.6991258
0.058876,-3.2830436
0.058878,-2.6820357
0.05888,-1.9423337
0.058881998,-1.1101689
0.058884,-0.18554163
0.058886,0.6928544
0.058888,1.5712504
0.05889,2.357184
0.058892,3.050654
0.058894,3.5591989
0.058896,3.8365874
0.058898,3.9752812
0.0589,3.8828197
0.058902,3.5591989
0.058904,3.050654
0.058906,2.4034152
0.058908,1.6174817
0.05891,0.7390857
0.058912,-0.13931036
0.058914,-1.0639377
0.058916,-1.8961024
0.058918,-2.6358042
0.05892,-3.236812
0.058922,-3.6991258
0.058924,-3.9302826
0.058926,-3.9302826
0.058928,-3.745357
0.05893,-3.3755062
0.058932,-2.8207297
0.058934,-2.081028
0.058936,-1.2950945
0.058938,-0.3704667
0.05894,0.5541601
0.058942,1.4325566
0.058943998,2.2184901
0.058946,2.9119601
0.058948,3.4667363
0.05895,3.7903562
0.058952,3.9752812
0.058954,3.8828197
0.058956,3.605431
0.058958,3.1431174
0.05896,2.4958777
0.058962,1.756176
0.058964,0.92401123
0.058966,-6.160736E-4
0.058968,-0.9252434
0.05897,-1.7574081
0.058972,-2.4971101
0.058974,-3.1443493
0.058976,-3.6066632
0.058978,-3.8840513
0.05898,-3.9302826
0.058982,-3.7915885
0.058984,-3.467969
0.058986,-2.9131925
0.058988,-2.2197218
0.05899,-1.4337888
0.058992,-0.55539227
0.058994,0.36923456
0.058996,1.2938623
0.058998,2.0797954
0.059,2.8194976
0.059002,3.3742738
0.059004,3.744125
0.059005998,3.92905
0.059008,3.92905
0.05901,3.6978936
0.059012,3.23558
0.059014,2.6345725
0.059016,1.8948698
0.059018,1.0627055
0.05902,0.184309
0.059022,-0.7403178
0.059024,-1.6187139
0.059026,-2.4046474
0.059028,-3.0518866
0.05903,-3.5604317
0.059032,-3.8378198
0.059034,-3.976514
0.059036,-3.8378198
0.059038,-3.5142004
0.05904,-3.0056553
0.059042,-2.3584158
0.059044,-1.5724826
0.059046,-0.694087
0.059048,0.23054075
0.05905,1.1551685
0.059052,1.9411016
0.059054,2.6808028
0.059056,3.2818112
0.059058,3.6978936
0.05906,3.92905
0.059062,3.92905
0.059064,3.744125
0.059066,3.3280425
0.059067998,2.7732663
0.05907,2.033564
0.059072,1.2013993
0.059074,0.3230033
0.059076,-0.601624
0.059078,-1.48002
0.05908,-2.2659533
0.059082,-2.9594238
0.059084,-3.467969
0.059086,-3.8378198
0.059088,-3.976514
0.05909,-3.8840513
0.059092,-3.6066632
0.059094,-3.1443493
0.059096,-2.4971101
0.059098,-1.7111769
0.0591,-0.83278084
0.059102,0.045615196
0.059104,0.970243
0.059106,1.8024073
0.059108,2.5883412
0.05911,3.1893477
0.059112,3.6516623
0.059114,3.8828197
0.059116,3.92905
0.059118,3.7903562
0.05912,3.420505
0.059122,2.8657289
0.059124,2.172258
0.059126,1.3863249
0.059128,0.46169758
0.059129998,-0.41669846
0.059132,-1.3413262
0.059134,-2.1272593
0.059136,-2.8207297
0.059138,-3.3755062
0.05914,-3.7915885
0.059142,-3.9302826
0.059144,-3.9302826
0.059146,-3.6528945
0.059148,-3.236812
0.05915,-2.589573
0.059152,-1.8498712
0.059154,-1.0177064
0.059156,-0.09307861
0.059158,0.8315482
0.05916,1.6637135
0.059162,2.4496465
0.059164,3.0968862
0.059166,3.605431
0.059168,3.8828197
0.05917,3.9752812
0.059172,3.8365874
0.059174,3.5129685
0.059176,2.9581914
0.059178,2.3109517
0.05918,1.4787879
0.059182,0.64662313
0.059184,-0.27800417
0.059186,-1.1564007
0.059188,-1.9885652
0.05919,-2.728267
0.059191998,-3.329275
0.059194,-3.745357
0.059196,-3.9302826
0.059198,-3.9302826
0.0592,-3.6991258
0.059202,-3.329275
0.059204,-2.728267
0.059206,-1.9885652
0.059208,-1.1564007
0.05921,-0.27800417
0.059212,0.64662313
0.059214,1.5250192
0.059216,2.3109517
0.059218,3.0044227
0.05922,3.5129685
0.059222,3.8365874
0.059224,3.9752812
0.059226,3.8828197
0.059228,3.5591989
0.05923,3.0968862
0.059232,2.4034152
0.059234,1.6637135
0.059236,0.7853174
0.059238,-0.13931036
0.05924,-1.0177064
0.059242,-1.8498712
0.059244,-2.589573
0.059246,-3.236812
0.059248,-3.6528945
0.05925,-3.9302826
0.059252,-3.9302826
0.059253998,-1.1101689
0.059256,2.5883412
0.059258,2.7732663
0.05926,2.0797954
0.059262,1.2938623
0.059264,0.4154663
0.059266,-0.5091615
0.059268,-1.387557
0.05927,-2.1734905
0.059272,-2.866961
0.059274,-3.4217377
0.059276,-3.7915885
0.059278,-3.976514
0.05928,-3.8840513
0.059282,-3.6528945
0.059284,-3.1905808
0.059286,-2.589573
0.059288,-1.8036394
0.05929,-0.9714751
0.059292,-0.046847343
0.059294,0.87777996
0.059296,1.7099442
0.059298,2.4958777
0.0593,3.1431174
0.059302,3.605431
0.059304,3.8828197
0.059306,3.9752812
0.059308,3.7903562
0.05931,3.4667363
0.059312,2.9581914
0.059314,2.2647214
0.059315998,1.4787879
0.059318,0.60039186
0.05932,-0.32423592
0.059322,-1.2488632
0.059324,-2.0347965
0.059326,-2.7744985
0.059328,-3.329275
0.05933,-3.745357
0.059332,-3.9302826
0.059334,-3.9302826
0.059336,-3.6991258
0.059338,-3.2830436
0.05934,-2.6820357
0.059342,-1.9423337
0.059344,-1.1101689
0.059346,-0.18554163
0.059348,0.7390857
0.05935,1.5712504
0.059352,2.357184
0.059354,3.050654
0.059356,3.5591989
0.059358,3.8365874
0.05936,3.9752812
0.059361998,3.8365874
0.059364,3.5591989
0.059366,3.050654
0.059368,2.4034152
0.05937,1.5712504
0.059372,0.7390857
0.059374,-0.18554163
0.059376,-1.0639377
0.059377998,-1.8961024
0.05938,-2.6358042
0.059382,-3.236812
0.059384,-3.6991258
0.059386,-3.9302826
0.059388,-3.9302826
0.05939,-3.745357
0.059392,-3.3755062
0.059394,-2.8207297
0.059396,-2.081028
0.059398,-1.2488632
0.0594,-0.3704667
0.059402,0.5541601
0.059404,1.4325566
0.059406,2.2184901
0.059408,2.9119601
0.05941,3.4667363
0.059412,3.8365874
0.059414,3.9752812
0.059416,3.8828197
0.059418,3.605431
0.05942,3.1431174
0.059422,2.4958777
0.059423998,1.756176
0.059426,0.87777996
0.059428,-6.160736E-4
0.05943,-0.9252434
0.059432,-1.7574081
0.059434,-2.4971101
0.059436,-3.1443493
0.059438,-3.6066632
0.059439998,-3.8840513
0.059442,-3.9302826
0.059444,-3.7915885
0.059446,-3.467969
0.059448,-2.9131925
0.05945,-2.2197218
0.059452,-1.4337888
0.059454,-0.5091615
0.059456,0.4154663
0.059458,1.2938623
0.05946,2.126027
0.059462,2.8194976
0.059464,3.3742738
0.059466,3.744125
0.059468,3.92905
0.05947,3.92905
0.059472,3.6978936
0.059474,3.23558
0.059476,2.6345725
0.059478,1.8948698
0.05948,1.0627055
0.059482,0.13807821
0.059484,-0.78654957
0.059485998,-1.6187139
0.059488,-2.4046474
0.05949,-3.0518866
0.059492,-3.5604317
0.059494,-3.8378198
0.059496,-3.976514
0.059498,-3.8378198
0.0595,-3.5142004
0.059501998,-3.0056553
0.059504,-2.3584158
0.059506,-1.5262513
0.059508,-0.694087
0.05951,0.23054075
0.059512,1.1551685
0.059514,1.9873328
0.059516,2.727035
0.059518,3.2818112
0.05952,3.6978936
0.059522,3.92905
0.059524,3.92905
0.059526,3.744125
0.059528,3.3280425
0.05953,2.727035
0.059532,2.033564
0.059534,1.2013993
0.059536,0.3230033
0.059538,-0.601624
0.05954,-1.48002
0.059542,-2.2659533
0.059544,-2.9594238
0.059546,-3.467969
0.059547998,-3.8378198
0.05955,-3.976514
0.059552,-3.8840513
0.059554,-3.6066632
0.059556,-3.098118
0.059558,-2.4508786
0.05956,-1.6649456
0.059562,-0.83278084
0.059563998,0.091846466
0.059566,1.0164738
0.059568,1.8486385
0.05957,2.5883412
0.059572,3.1893477
0.059574,3.6516623
0.059576,3.8828197
0.059578,3.92905
0.05958,3.7903562
0.059582,3.420505
0.059584,2.8657289
0.059586,2.172258
0.059588,1.3400936
0.05959,0.46169758
0.059592,-0.46292973
0.059594,-1.3413262
0.059596,-2.1272593
0.059598,-2.866961
0.0596,-3.4217377
0.059602,-3.7915885
0.059604,-3.9302826
0.059606,-3.8840513
0.059608,-3.6528945
0.059609998,-3.1905808
0.059612,-2.589573
0.059614,-1.8498712
0.059616,-0.9714751
0.059618,-0.09307861
0.05962,0.8315482
0.059622,1.6637135
0.059624,2.4496465
0.059626,3.0968862
0.059628,3.605431
0.05963,3.8828197
0.059632,3.9752812
0.059634,3.8365874
0.059636,3.4667363
0.059638,2.9581914
0.05964,2.2647214
0.059642,1.4787879
0.059644,0.64662313
0.059646,-0.27800417
0.059648,-1.202632
0.05965,-1.9885652
0.059652,-2.728267
0.059654,-3.329275
0.059656,-3.745357
0.059658,-3.9302826
0.05966,-3.9302826
0.059662,-3.6991258
0.059664,-3.2830436
0.059666,-2.728267
0.059668,-1.9885652
0.05967,-1.1564007
0.059671998,-0.2317729
0.059674,-0.7403178
0.059676,-1.6187139
0.059678,-2.4046474
0.05968,-3.0518866
0.059682,-3.5604317
0.059684,-3.8840513
0.059686,-4.022745
0.059688,-3.9302826
0.05969,-3.6066632
0.059692,-3.098118
0.059694,-2.4508786
0.059696,-1.6649456
0.059698,-0.78654957
0.0597,0.13807821
0.059702,1.0164738
0.059704,1.8486385
0.059706,2.6345725
0.059708,3.23558
0.05971,3.6516623
0.059712,3.8828197
0.059714,3.92905
0.059716,3.744125
0.059718,3.3742738
0.05972,2.8194976
0.059722,2.0797954
0.059724,1.2938623
0.059726,0.36923456
0.059728,-0.5091615
0.05973,-1.387557
0.059732,-2.2197218
0.059733998,-2.9131925
0.059736,-3.467969
0.059738,-3.7915885
0.05974,-3.976514
0.059742,-3.8840513
0.059744,-3.6528945
0.059746,-3.1905808
0.059748,-2.5433414
0.05975,-1.7574081
0.059752,-0.9252434
0.059754,-6.160736E-4
0.059756,0.87777996
0.059758,1.756176
0.05976,2.4958777
0.059762,3.1431174
0.059764,3.605431
0.059766,3.8828197
0.059768,3.92905
0.05977,3.7903562
0.059772,3.4667363
0.059774,2.9119601
0.059776,2.2184901
0.059778,1.4325566
0.05978,0.5541601
0.059782,-0.3704667
0.059784,-1.2488632
0.059786,-2.0347965
0.059788,-2.7744985
0.05979,-3.3755062
0.059792,-3.745357
0.059794,-3.9302826
0.059795998,-3.9302826
0.059798,-3.6991258
0.0598,-3.2830436
0.059802,-2.6820357
0.059804,-1.8961024
0.059806,-1.0639377
0.059808,-0.18554163
0.05981,0.7390857
0.059812,1.6174817
0.059814,2.4034152
0.059816,3.050654
0.059818,3.5591989
0.05982,3.8365874
0.059822,3.9752812
0.059824,3.8365874
0.059826,3.5129685
0.059828,3.050654
0.05983,2.357184
0.059832,1.5712504
0.059834,0.7390857
0.059836,-0.18554163
0.059838,-1.1101689
0.05984,-1.8961024
0.059842,-2.6820357
0.059844,-3.2830436
0.059846,-3.6991258
0.059848,-3.9302826
0.05985,-3.9302826
0.059852,-3.745357
0.059854,-3.3755062
0.059856,-2.7744985
0.059857998,-2.0347965
0.05986,-1.2488632
0.059862,-0.32423592
0.059864,0.60039186
0.059866,1.4787879
0.059868,2.2647214
0.05987,2.9581914
0.059872,3.4667363
0.059874,3.8365874
0.059876,3.9752812
0.059878,3.8828197
0.05988,3.605431
0.059882,3.1431174
0.059884,2.4958777
0.059886,1.7099442
0.059888,0.87777996
0.05989,-0.046847343
0.059892,-0.9252434
0.059894,-1.7574081
0.059896,-2.5433414
0.059898,-3.1905808
0.0599,-3.6528945
0.059902,-3.8840513
0.059904,-3.9302826
0.059906,-3.7915885
0.059908,-3.4217377
0.05991,-2.9131925
0.059912,-2.1734905
0.059914,-1.387557
0.059916,-0.5091615
0.059918,0.4154663
0.059919998,1.3400936
0.059922,2.126027
0.059924,2.8194976
0.059926,3.420505
0.059928,3.7903562
0.05993,3.92905
0.059932,3.92905
0.059934,3.6516623
0.059936,3.23558
0.059938,2.5883412
0.05994,1.8486385
0.059942,1.0164738
0.059944,0.13807821
0.059946,-0.78654957
0.059948,-1.6187139
0.05995,-2.4046474
0.059952,-3.098118
0.059954,-3.5604317
0.059956,-3.8840513
0.059958,-3.976514
0.05996,-3.8378198
0.059962,-3.5142004
0.059964,-3.0056553
0.059966,-2.3121846
0.059968,-1.5262513
0.05997,-0.6478553
0.059972,0.27677202
0.059974,1.1551685
0.059976,1.9873328
0.059978,2.727035
0.05998,3.3280425
0.059981998,3.744125
0.059984,3.92905
0.059986,3.92905
0.059988,3.744125
0.05999,3.3280425
0.059992,2.727035
0.059994,1.9873328
0.059996,1.2013993
0.059998,0.27677202
0.06,-0.6478553
0.060002,-1.48002
0.060004,-2.2659533
0.060006,-2.9594238
0.060008,-3.5142004
0.06001,-3.8378198
0.060012,-3.976514
0.060014,-3.8840513
0.060016,-3.5604317
0.060018,-3.098118
0.06002,-2.4508786
0.060022,-1.6649456
0.060024,-0.83278084
0.060026,0.091846466
0.060028,1.0164738
0.06003,1.8486385
0.060032,2.5883412
0.060034,3.23558
0.060036,3.6516623
0.060038,3.92905
0.06004,3.92905
0.060042,3.7903562
0.060043998,3.420505
0.060046,2.8194976
0.060048,2.126027
0.06005,1.3400936
0.060052,0.46169758
0.060054,-0.46292973
0.060056,-1.387557
0.060058,-2.1734905
0.06006,-2.866961
0.060062,-3.4217377
0.060064,-3.7915885
0.060066,-3.9302826
0.060068,-3.8840513
0.06007,-3.6528945
0.060072,-3.1905808
0.060074,-2.589573
0.060076,-1.8036394
0.060078,-0.9714751
0.06008,-0.046847343
0.060082,0.87777996
0.060084,1.7099442
0.060086,2.4958777
0.060088,3.1431174
0.06009,3.605431
0.060092,3.8828197
0.060094,1.3863249
0.060096,-1.9423337
0.060098,-3.4217377
0.0601,-2.9594238
0.060102,-2.2659533
0.060104,-1.48002
0.060105998,-0.601624
0.060108,0.3230033
0.06011,1.2476311
0.060112,2.033564
0.060114,2.7732663
0.060116,3.3280425
0.060118,3.744125
0.06012,3.92905
0.060122,3.92905
0.060124,3.6978936
0.060126,3.2818112
0.060128,2.6808028
0.06013,1.9411016
0.060132,1.1089368
0.060134,0.23054075
0.060136,-0.694087
0.060138,-1.5262513
0.06014,-2.3584158
0.060142,-3.0056553
0.060144,-3.5142004
0.060146,-3.8378198
0.060148,-3.976514
0.06015,-3.8840513
0.060152,-3.5604317
0.060154,-3.0518866
0.060156,-2.4046474
0.060158,-1.6187139
0.06016,-0.7403178
0.060162,0.184309
0.060164,1.0627055
0.060166,1.8948698
0.060167998,2.6345725
0.06017,3.23558
0.060172,3.6978936
0.060174,3.92905
0.060176,3.92905
0.060178,3.744125
0.06018,3.3742738
0.060182,2.8194976
0.060184,2.0797954
0.060186,1.2938623
0.060188,0.36923456
0.06019,-0.55539227
0.060192,-1.4337888
0.060194,-2.2197218
0.060196,-2.9131925
0.060198,-3.467969
0.0602,-3.7915885
0.060202,-3.976514
0.060204,-3.8840513
0.060206,-3.6066632
0.060208,-3.1443493
0.06021,-2.5433414
0.060212,-1.7574081
0.060214,-0.9252434
0.060216,-6.160736E-4
0.060218,0.92401123
0.06022,1.756176
0.060222,2.542109
0.060224,3.1431174
0.060226,3.605431
0.060228,3.8828197
0.060229998,3.9752812
0.060232,3.7903562
0.060234,3.4667363
0.060236,2.9119601
0.060238,2.2184901
0.06024,1.4325566
0.060242,0.5541601
0.060244,-0.3704667
0.060246,-1.2488632
0.060248,-2.081028
0.06025,-2.7744985
0.060252,-3.3755062
0.060254,-3.745357
0.060256,-3.9302826
0.060258,-3.9302826
0.06026,-3.6991258
0.060262,-3.236812
0.060264,-2.6358042
0.060266,-1.8961024
0.060268,-1.0639377
0.06027,-0.13931036
0.060272,0.7390857
0.060274,1.6174817
0.060276,2.4034152
0.060278,3.050654
0.06028,3.5591989
0.060282,3.8365874
0.060284,3.9752812
0.060286,3.8365874
0.060288,3.5129685
0.06029,3.0044227
0.060291998,2.357184
0.060294,1.5712504
0.060296,0.6928544
0.060298,-0.2317729
0.0603,-1.1101689
0.060302,-1.9423337
0.060304,-2.6820357
0.060306,-3.2830436
0.060308,-3.6991258
0.06031,-3.9302826
0.060312,-3.9302826
0.060314,-3.745357
0.060316,-3.329275
0.060318,-2.7744985
0.06032,-2.0347965
0.060322,-1.202632
0.060324,-0.32423592
0.060326,0.60039186
0.060328,1.4787879
0.06033,2.2647214
0.060332,2.9581914
0.060334,3.4667363
0.060336,3.8365874
0.060338,3.9752812
0.06034,3.8828197
0.060342,3.605431
0.060344,3.0968862
0.060346,2.4496465
0.060348,1.7099442
0.06035,0.87777996
0.060352,-0.046847343
0.060353998,-0.9714751
0.060356,-1.8036394
0.060358,-2.5433414
0.06036,-3.1905808
0.060362,-3.6528945
0.060364,-3.8840513
0.060366,-3.9302826
0.060368,-3.7915885
0.06037,-3.4217377
0.060372,-2.866961
0.060374,-2.1734905
0.060376,-1.387557
0.060378,-0.46292973
0.06038,0.46169758
0.060382,1.3400936
0.060384,2.126027
0.060386,2.8657289
0.060388,3.420505
0.06039,3.7903562
0.060392,3.92905
0.060394,3.92905
0.060396,3.6516623
0.060398,3.1893477
0.0604,2.5883412
0.060402,1.8486385
0.060404,1.0164738
0.060406,0.091846466
0.060408,-0.78654957
0.06041,-1.6649456
0.060412,-2.4508786
0.060414,-3.098118
0.060415998,-3.5604317
0.060418,-3.8840513
0.06042,-3.976514
0.060422,-3.8378198
0.060424,-3.5142004
0.060426,-3.0056553
0.060428,-2.3121846
0.06043,-1.48002
0.060432,-0.6478553
0.060434,0.27677202
0.060436,1.2013993
0.060438,1.9873328
0.06044,2.727035
0.060442,3.3280425
0.060444,3.744125
0.060446,3.92905
0.060448,3.92905
0.06045,3.6978936
0.060452,3.2818112
0.060454,2.727035
0.060456,1.9873328
0.060458,1.1551685
0.06046,0.27677202
0.060461998,-0.6478553
0.060464,-1.5262513
0.060466,-2.3121846
0.060468,-3.0056553
0.06047,-3.5142004
0.060472,-3.8378198
0.060474,-3.976514
0.060476,-3.8840513
0.060477998,-3.5604317
0.06048,-3.098118
0.060482,-2.4508786
0.060484,-1.6649456
0.060486,-0.78654957
0.060488,0.13807821
0.06049,1.0164738
0.060492,1.8486385
0.060494,2.6345725
0.060496,3.23558
0.060498,3.6516623
0.0605,3.92905
0.060502,3.92905
0.060504,3.7903562
0.060506,3.3742738
0.060508,2.8194976
0.06051,2.126027
0.060512,1.2938623
0.060514,-0.13931036
0.060516,0.60039186
0.060518,1.4787879
0.06052,2.2647214
0.060522,2.9581914
0.060523998,3.5129685
0.060526,3.8365874
0.060528,4.0215135
0.06053,3.92905
0.060532,3.6978936
0.060534,3.23558
0.060536,2.5883412
0.060538,1.8024073
0.060539998,0.970243
0.060542,0.091846466
0.060544,-0.83278084
0.060546,-1.6649456
0.060548,-2.4508786
0.06055,-3.098118
0.060552,-3.6066632
0.060554,-3.8840513
0.060556,-3.9302826
0.060558,-3.7915885
0.06056,-3.467969
0.060562,-2.9131925
0.060564,-2.2659533
0.060566,-1.4337888
0.060568,-0.55539227
0.06057,0.36923456
0.060572,1.2476311
0.060574,2.0797954
0.060576,2.7732663
0.060578,3.3742738
0.06058,3.744125
0.060582,3.92905
0.060584,3.92905
0.060585998,3.6978936
0.060588,3.2818112
0.06059,2.6808028
0.060592,1.9411016
0.060594,1.1089368
0.060596,0.184309
0.060598,-0.694087
0.0606,-1.5724826
0.060601998,-2.3584158
0.060604,-3.0056553
0.060606,-3.5142004
0.060608,-3.8378198
0.06061,-3.976514
0.060612,-3.8378198
0.060614,-3.5604317
0.060616,-3.0518866
0.060618,-2.4046474
0.06062,-1.5724826
0.060622,-0.7403178
0.060624,0.184309
0.060626,1.1089368
0.060628,1.9411016
0.06063,2.6808028
0.060632,3.2818112
0.060634,3.6978936
0.060636,3.92905
0.060638,3.92905
0.06064,3.744125
0.060642,3.3742738
0.060644,2.7732663
0.060646,2.0797954
0.060647998,1.2476311
0.06065,0.36923456
0.060652,-0.55539227
0.060654,-1.4337888
0.060656,-2.2197218
0.060658,-2.9131925
0.06066,-3.467969
0.060662,-3.7915885
0.060663998,-3.9302826
0.060666,-3.8840513
0.060668,-3.6066632
0.06067,-3.1443493
0.060672,-2.4971101
0.060674,-1.7574081
0.060676,-0.8790121
0.060678,0.045615196
0.06068,0.92401123
0.060682,1.8024073
0.060684,2.542109
0.060686,3.1893477
0.060688,3.6516623
0.06069,3.8828197
0.060692,3.92905
0.060694,3.7903562
0.060696,3.420505
0.060698,2.9119601
0.0607,2.2184901
0.060702,1.3863249
0.060704,0.50792885
0.060706,-0.41669846
0.060708,-1.2950945
0.060709998,-2.081028
0.060712,-2.8207297
0.060714,-3.3755062
0.060716,-3.745357
0.060718,-3.9302826
0.06072,-3.9302826
0.060722,-3.6528945
0.060724,-3.236812
0.060725998,-2.6358042
0.060728,-1.8961024
0.06073,-1.0639377
0.060732,-0.13931036
0.060734,0.7853174
0.060736,1.6174817
0.060738,2.4034152
0.06074,3.0968862
0.060742,3.5591989
0.060744,3.8828197
0.060746,3.9752812
0.060748,3.8365874
0.06075,3.5129685
0.060752,3.0044227
0.060754,2.3109517
0.060756,1.5250192
0.060758,0.6928544
0.06076,-0.2317729
0.060762,-1.1564007
0.060764,-1.9423337
0.060766,-2.6820357
0.060768,-3.2830436
0.06077,-3.6991258
0.060771998,-3.9302826
0.060774,-3.9302826
0.060776,-3.745357
0.060778,-3.329275
0.06078,-2.7744985
0.060782,-2.0347965
0.060784,-1.202632
0.060786,-0.27800417
0.060788,0.64662313
0.06079,1.4787879
0.060792,2.3109517
0.060794,2.9581914
0.060796,3.5129685
0.060798,3.8365874
0.0608,3.9752812
0.060802,3.8828197
0.060804,3.605431
0.060806,3.0968862
0.060808,2.4496465
0.06081,1.6637135
0.060812,0.8315482
0.060814,-0.09307861
0.060816,-0.9714751
0.060818,-1.8036394
0.06082,-2.589573
0.060822,-3.1905808
0.060824,-3.6528945
0.060826,-3.8840513
0.060828,-3.9302826
0.06083,-3.7915885
0.060832,-3.4217377
0.060833998,-2.866961
0.060836,-2.1734905
0.060838,-1.3413262
0.06084,-0.46292973
0.060842,0.46169758
0.060844,1.3863249
0.060846,2.172258
0.060848,2.8657289
0.06085,3.420505
0.060852,3.7903562
0.060854,3.92905
0.060856,3.8828197
0.060858,3.6516623
0.06086,3.1893477
0.060862,2.5883412
0.060864,1.8024073
0.060866,0.970243
0.060868,0.091846466
0.06087,-0.83278084
0.060872,-1.6649456
0.060874,-2.4508786
0.060876,-3.098118
0.060878,-3.6066632
0.06088,-3.8840513
0.060882,-3.976514
0.060884,-3.8378198
0.060886,-3.5142004
0.060888,-2.9594238
0.06089,-2.3121846
0.060892,-1.48002
0.060894,-0.601624
0.060895998,0.3230033
0.060898,1.2013993
0.0609,2.033564
0.060902,2.7732663
0.060904,3.3280425
0.060906,3.744125
0.060908,3.92905
0.06091,3.92905
0.060912,3.6978936
0.060914,3.2818112
0.060916,2.6808028
0.060918,1.9411016
0.06092,1.1551685
0.060922,0.23054075
0.060924,-0.694087
0.060926,-1.5262513
0.060928,-2.3121846
0.06093,-3.0056553
0.060932,-3.5142004
0.060934,-2.0347965
0.060936,1.6174817
0.060938,3.7903562
0.06094,3.5591989
0.060942,3.0968862
0.060944,2.4034152
0.060946,1.6174817
0.060948,0.7853174
0.06095,-0.13931036
0.060952,-1.0177064
0.060954,-1.8498712
0.060956,-2.589573
0.060957998,-3.236812
0.06096,-3.6528945
0.060962,-3.8840513
0.060964,-3.9302826
0.060966,-3.745357
0.060968,-3.3755062
0.06097,-2.8207297
0.060972,-2.081028
0.060974,-1.2950945
0.060976,-0.41669846
0.060978,0.5541601
0.06098,1.4325566
0.060982,2.2184901
0.060984,2.9119601
0.060986,3.4667363
0.060988,3.7903562
0.06099,3.9752812
0.060992,3.8828197
0.060994,3.6516623
0.060996,3.1893477
0.060998,2.542109
0.061,1.756176
0.061002,0.92401123
0.061004,0.045615196
0.061006,-0.8790121
0.061008,-1.7111769
0.06101,-2.4971101
0.061012,-3.1443493
0.061014,-3.6066632
0.061016,-3.8840513
0.061018,-3.9302826
0.061019998,-3.7915885
0.061022,-3.467969
0.061024,-2.9131925
0.061026,-2.2197218
0.061028,-1.4337888
0.06103,-0.55539227
0.061032,0.36923456
0.061034,1.2938623
0.061036,2.0797954
0.061038,2.8194976
0.06104,3.3742738
0.061042,3.744125
0.061044,3.92905
0.061046,3.92905
0.061048,3.6978936
0.06105,3.2818112
0.061052,2.6345725
0.061054,1.8948698
0.061056,1.1089368
0.061058,0.184309
0.06106,-0.7403178
0.061062,-1.5724826
0.061064,-2.3584158
0.061066,-3.0518866
0.061068,-3.5604317
0.06107,-3.8378198
0.061072,-3.976514
0.061074,-3.8378198
0.061076,-3.5142004
0.061078,-3.0518866
0.06108,-2.3584158
0.061081998,-1.5724826
0.061084,-0.694087
0.061086,0.23054075
0.061088,1.1089368
0.06109,1.9411016
0.061092,2.6808028
0.061094,3.2818112
0.061096,3.6978936
0.061098,3.92905
0.0611,3.92905
0.061102,3.744125
0.061104,3.3280425
0.061106,2.7732663
0.061108,2.033564
0.06111,1.2476311
0.061112,0.3230033
0.061114,-0.55539227
0.061116,-1.4337888
0.061118,-2.2197218
0.06112,-2.9131925
0.061122,-3.467969
0.061124,-3.7915885
0.061126,-3.9302826
0.061128,-3.8840513
0.06113,-3.6066632
0.061132,-3.1443493
0.061134,-2.4971101
0.061136,-1.7111769
0.061138,-0.8790121
0.06114,0.045615196
0.061142,0.970243
0.061143998,1.8024073
0.061146,2.542109
0.061148,3.1893477
0.06115,3.6516623
0.061152,3.8828197
0.061154,3.9752812
0.061156,3.7903562
0.061158,3.420505
0.06116,2.8657289
0.061162,2.172258
0.061164,1.3863249
0.061166,0.50792885
0.061168,-0.41669846
0.06117,-1.2950945
0.061172,-2.081028
0.061174,-2.8207297
0.061176,-3.3755062
0.061178,-3.7915885
0.06118,-3.9302826
0.061182,-3.9302826
0.061184,-3.6528945
0.061186,-3.236812
0.061188,-2.6358042
0.06119,-1.8498712
0.061192,-1.0177064
0.061194,-0.09307861
0.061196,0.7853174
0.061198,1.6637135
0.0612,2.4496465
0.061202,3.0968862
0.061204,3.5591989
0.061205998,3.8828197
0.061208,3.9752812
0.06121,3.8365874
0.061212,3.5129685
0.061214,3.0044227
0.061216,2.3109517
0.061218,1.5250192
0.06122,0.64662313
0.061222,-0.27800417
0.061224,-1.1564007
0.061226,-1.9885652
0.061228,-2.6820357
0.06123,-3.2830436
0.061232,-3.6991258
0.061234,-3.9302826
0.061236,-3.9302826
0.061238,-3.745357
0.06124,-3.329275
0.061242,-2.728267
0.061244,-1.9885652
0.061246,-1.202632
0.061248,-0.27800417
0.06125,0.64662313
0.061252,1.5250192
0.061254,2.3109517
0.061256,3.0044227
0.061258,3.5129685
0.06126,3.8365874
0.061262,3.9752812
0.061264,3.8828197
0.061266,3.5591989
0.061267998,3.0968862
0.06127,2.4496465
0.061272,1.6637135
0.061274,0.8315482
0.061276,-0.09307861
0.061278,-1.0177064
0.06128,-1.8498712
0.061282,-2.589573
0.061284,-3.1905808
0.061286,-3.6528945
0.061288,-3.8840513
0.06129,-3.9302826
0.061292,-3.7915885
0.061294,-3.4217377
0.061296,-2.866961
0.061298,-2.1272593
0.0613,-1.3413262
0.061302,-0.41669846
0.061304,0.50792885
0.061306,1.3863249
0.061308,2.172258
0.06131,2.8657289
0.061312,3.420505
0.061314,3.7903562
0.061316,3.92905
0.061318,3.8828197
0.06132,3.6516623
0.061322,3.1893477
0.061324,2.542109
0.061326,1.8024073
0.061328,0.970243
0.061329998,0.045615196
0.061332,-0.83278084
0.061334,-1.6649456
0.061336,-2.4508786
0.061338,-3.098118
0.06134,-3.6066632
0.061342,-3.8840513
0.061344,-3.976514
0.061346,-3.8378198
0.061348,-3.467969
0.06135,-2.9594238
0.061352,-2.2659533
0.061354,-0.32423592
0.061356,0.46169758
0.061358,-0.41669846
0.06136,-1.2950945
0.061362,-2.081028
0.061364,-2.8207297
0.061366,-3.3755062
0.061368,-3.7915885
0.06137,-3.976514
0.061372,-3.976514
0.061374,-3.745357
0.061376,-3.329275
0.061378,-2.728267
0.06138,-1.9885652
0.061382,-1.1564007
0.061384,-0.2317729
0.061386,0.6928544
0.061388,1.5250192
0.06139,2.357184
0.061391998,3.0044227
0.061394,3.5129685
0.061396,3.8365874
0.061398,3.92905
0.0614,3.8365874
0.061402,3.5591989
0.061404,3.050654
0.061406,2.357184
0.061408,1.5712504
0.06141,0.7390857
0.061412,-0.18554163
0.061414,-1.0639377
0.061416,-1.8961024
0.061418,-2.6358042
0.06142,-3.236812
0.061422,-3.6991258
0.061424,-3.9302826
0.061426,-3.9302826
0.061428,-3.745357
0.06143,-3.3755062
0.061432,-2.8207297
0.061434,-2.081028
0.061436,-1.2950945
0.061438,-0.3704667
0.06144,0.5541601
0.061442,1.4325566
0.061444,2.2184901
0.061446,2.9119601
0.061448,3.4667363
0.06145,3.7903562
0.061452,3.9752812
0.061453998,3.8828197
0.061456,3.605431
0.061458,3.1431174
0.06146,2.4958777
0.061462,1.756176
0.061464,0.92401123
0.061466,-6.160736E-4
0.061468,-0.9252434
0.06147,-1.7574081
0.061472,-2.4971101
0.061474,-3.1443493
0.061476,-3.6066632
0.061478,-3.8840513
0.06148,-3.9302826
0.061482,-3.7915885
0.061484,-3.467969
0.061486,-2.9131925
0.061488,-2.2197218
0.06149,-1.4337888
0.061492,-0.5091615
0.061494,0.4154663
0.061496,1.2938623
0.061498,2.0797954
0.0615,2.8194976
0.061502,3.3742738
0.061504,3.744125
0.061506,3.92905
0.061508,3.92905
0.06151,3.6978936
0.061512,3.23558
0.061514,2.6345725
0.061515998,1.8948698
0.061518,1.0627055
0.06152,0.13807821
0.061522,-0.7403178
0.061524,-1.6187139
0.061526,-2.4046474
0.061528,-3.0518866
0.06153,-3.5604317
0.061532,-3.8378198
0.061534,-3.976514
0.061536,-3.8378198
0.061538,-3.5142004
0.06154,-3.0056553
0.061542,-2.3584158
0.061544,-1.5724826
0.061546,-0.694087
0.061548,0.23054075
0.06155,1.1551685
0.061552,1.9411016
0.061554,2.6808028
0.061556,3.2818112
0.061558,3.6978936
0.06156,3.92905
0.061562,3.92905
0.061564,3.744125
0.061566,3.3280425
0.061568,2.7732663
0.06157,2.033564
0.061572,1.2013993
0.061574,0.3230033
0.061576,-0.601624
0.061577998,-1.48002
0.06158,-2.2659533
0.061582,-2.9594238
0.061584,-3.467969
0.061586,-3.8378198
0.061588,-3.976514
0.06159,-3.8840513
0.061592,-3.6066632
0.061594,-3.1443493
0.061596,-2.4971101
0.061598,-1.7111769
0.0616,-0.83278084
0.061602,0.091846466
0.061604,0.970243
0.061606,1.8024073
0.061608,2.5883412
0.06161,3.1893477
0.061612,3.6516623
0.061614,3.92905
0.061616,3.92905
0.061618,3.7903562
0.06162,3.420505
0.061622,2.8657289
0.061623998,2.172258
0.061626,1.3863249
0.061628,0.46169758
0.06163,-0.46292973
0.061632,-1.3413262
0.061634,-2.1272593
0.061636,-2.8207297
0.061638,-3.4217377
0.061639998,-3.7915885
0.061642,-3.9302826
0.061644,-3.8840513
0.061646,-3.6528945
0.061648,-3.236812
0.06165,-2.589573
0.061652,-1.8498712
0.061654,-1.0177064
0.061656,-0.09307861
0.061658,0.8315482
0.06166,1.6637135
0.061662,2.4496465
0.061664,3.0968862
0.061666,3.605431
0.061668,3.8828197
0.06167,3.9752812
0.061672,3.8365874
0.061674,3.5129685
0.061676,2.9581914
0.061678,2.3109517
0.06168,1.4787879
0.061682,0.64662313
0.061684,-0.27800417
0.061685998,-1.202632
0.061688,-1.9885652
0.06169,-2.728267
0.061692,-3.329275
0.061694,-3.745357
0.061696,-3.9302826
0.061698,-3.9302826
0.0617,-3.6991258
0.061701998,-3.2830436
0.061704,-2.728267
0.061706,-1.9885652
0.061708,-1.1564007
0.06171,-0.2317729
0.061712,0.6928544
0.061714,1.5250192
0.061716,2.3109517
0.061718,3.0044227
0.06172,3.5129685
0.061722,3.8365874
0.061724,3.9752812
0.061726,3.8828197
0.061728,3.5591989
0.06173,3.0968862
0.061732,2.4034152
0.061734,1.6174817
0.061736,0.7853174
0.061738,-0.13931036
0.06174,-1.0177064
0.061742,-1.8498712
0.061744,-2.589573
0.061746,-3.236812
0.061747998,-3.6528945
0.06175,-3.9302826
0.061752,-3.9302826
0.061754,-3.7915885
0.061756,-3.3755062
0.061758,-2.8207297
0.06176,-2.1272593
0.061762,-1.2950945
0.061763998,-0.41669846
0.061766,0.50792885
0.061768,1.3863249
0.06177,2.2184901
0.061772,2.9119601
0.061774,2.033564
0.061776,-1.387557
0.061778,-3.8378198
0.06178,-3.9302826
0.061782,-3.6528945
0.061784,-3.1905808
0.061786,-2.589573
0.061788,-1.8036394
0.06179,-0.9714751
0.061792,-0.046847343
0.061794,0.87777996
0.061796,1.7099442
0.061798,2.4958777
0.0618,3.1431174
0.061802,3.605431
0.061804,3.8828197
0.061806,3.92905
0.061808,3.7903562
0.061809998,3.4667363
0.061812,2.9119601
0.061814,2.2184901
0.061816,1.4325566
0.061818,0.5541601
0.06182,-0.32423592
0.061822,-1.2488632
0.061824,-2.0347965
0.061825998,-2.7744985
0.061828,-3.329275
0.06183,-3.745357
0.061832,-3.9302826
0.061834,-3.9302826
0.061836,-3.6991258
0.061838,-3.2830436
0.06184,-2.6820357
0.061842,-1.9423337
0.061844,-1.1101689
0.061846,-0.18554163
0.061848,0.7390857
0.06185,1.5712504
0.061852,2.357184
0.061854,3.050654
0.061856,3.5591989
0.061858,3.8365874
0.06186,3.9752812
0.061862,3.8365874
0.061864,3.5591989
0.061866,3.050654
0.061868,2.357184
0.06187,1.5712504
0.061871998,0.7390857
0.061874,-0.18554163
0.061876,-1.0639377
0.061878,-1.8961024
0.06188,-2.6358042
0.061882,-3.236812
0.061884,-3.6991258
0.061886,-3.9302826
0.061887998,-3.9302826
0.06189,-3.745357
0.061892,-3.3755062
0.061894,-2.8207297
0.061896,-2.081028
0.061898,-1.2488632
0.0619,-0.3704667
0.061902,0.5541601
0.061904,1.4325566
0.061906,2.2647214
0.061908,2.9119601
0.06191,3.4667363
0.061912,3.7903562
0.061914,3.9752812
0.061916,3.8828197
0.061918,3.605431
0.06192,3.1431174
0.061922,2.4958777
0.061924,1.7099442
0.061926,0.87777996
0.061928,-6.160736E-4
0.06193,-0.9252434
0.061932,-1.7574081
0.061933998,-2.5433414
0.061936,-3.1443493
0.061938,-3.6066632
0.06194,-3.8840513
0.061942,-3.9302826
0.061944,-3.7915885
0.061946,-3.467969
0.061948,-2.9131925
0.06195,-2.2197218
0.061952,-1.387557
0.061954,-0.5091615
0.061956,0.4154663
0.061958,1.2938623
0.06196,2.126027
0.061962,2.8194976
0.061964,3.3742738
0.061966,3.744125
0.061968,3.92905
0.06197,3.92905
0.061972,3.6516623
0.061974,3.23558
0.061976,2.6345725
0.061978,1.8948698
0.06198,1.0627055
0.061982,0.13807821
0.061984,-0.78654957
0.061986,-1.6187139
0.061988,-2.4046474
0.06199,-3.0518866
0.061992,-3.5604317
0.061994,-3.8840513
0.061995998,-3.976514
0.061998,-3.8378198
0.062,-3.5142004
0.062002,-3.0056553
0.062004,-2.3584158
0.062006,-1.5262513
0.062008,-0.694087
0.06201,0.23054075
0.062012,1.1551685
0.062014,1.9873328
0.062016,2.727035
0.062018,3.2818112
0.06202,3.6978936
0.062022,3.92905
0.062024,3.92905
0.062026,3.744125
0.062028,3.3280425
0.06203,2.727035
0.062032,2.033564
0.062034,1.2013993
0.062036,0.3230033
0.062038,-0.601624
0.06204,-1.48002
0.062042,-2.2659533
0.062044,-2.9594238
0.062046,-3.467969
0.062048,-3.8378198
0.06205,-3.976514
0.062052,-3.8840513
0.062054,-3.6066632
0.062056,-3.098118
0.062057998,-2.4508786
0.06206,-1.6649456
0.062062,-0.83278084
0.062064,0.091846466
0.062066,1.0164738
0.062068,1.8486385
0.06207,2.5883412
0.062072,3.1893477
0.062074,3.6516623
0.062076,3.8828197
0.062078,3.92905
0.06208,3.7903562
0.062082,3.420505
0.062084,2.8657289
0.062086,2.126027
0.062088,1.3400936
0.06209,0.46169758
0.062092,-0.46292973
0.062094,-1.3413262
0.062096,-2.1272593
0.062098,-2.866961
0.0621,-3.4217377
0.062102,-3.7915885
0.062104,-3.9302826
0.062106,-3.8840513
0.062108,-3.6528945
0.06211,-3.1905808
0.062112,-2.589573
0.062114,-1.8498712
0.062116,-0.9714751
0.062118,-0.09307861
0.062119998,0.8315482
0.062122,1.7099442
0.062124,2.4496465
0.062126,3.0968862
0.062128,3.605431
0.06213,3.8828197
0.062132,3.9752812
0.062134,3.8365874
0.062136,3.4667363
0.062138,2.9581914
0.06214,2.2647214
0.062142,1.4787879
0.062144,0.60039186
0.062146,-0.27800417
0.062148,-1.202632
0.06215,-1.9885652
0.062152,-2.728267
0.062154,-3.329275
0.062156,-3.745357
0.062158,-3.9302826
0.06216,-3.9302826
0.062162,-3.6991258
0.062164,-3.2830436
0.062166,-2.728267
0.062168,-1.9885652
0.06217,-1.1564007
0.062172,-0.2317729
0.062174,0.6928544
0.062176,1.5250192
0.062178,2.357184
0.06218,3.0044227
0.062181998,3.5129685
0.062184,3.8365874
0.062186,3.9752812
0.062188,3.8828197
0.06219,3.5591989
0.062192,3.050654
0.062194,1.7099442
0.062196,-1.202632
0.062198,-0.694087
0.0622,0.23054075
0.062202,1.1089368
0.062204,1.9411016
0.062206,2.6808028
0.062208,3.2818112
0.06221,3.744125
0.062212,3.9752812
0.062214,3.9752812
0.062216,3.7903562
0.062218,3.420505
0.06222,2.8194976
0.062222,2.126027
0.062224,1.2938623
0.062226,0.4154663
0.062228,-0.5091615
0.06223,-1.387557
0.062232,-2.1734905
0.062234,-2.866961
0.062236,-3.4217377
0.062238,-3.7915885
0.06224,-3.9302826
0.062242,-3.8840513
0.062243998,-3.6066632
0.062246,-3.1443493
0.062248,-2.5433414
0.06225,-1.7574081
0.062252,-0.9252434
0.062254,-6.160736E-4
0.062256,0.92401123
0.062258,1.756176
0.06226,2.542109
0.062262,3.1431174
0.062264,3.605431
0.062266,3.8828197
0.062268,3.9752812
0.06227,3.7903562
0.062272,3.4667363
0.062274,2.9119601
0.062276,2.2184901
0.062278,1.4325566
0.06228,0.5541601
0.062282,-0.3704667
0.062284,-1.2488632
0.062286,-2.0347965
0.062288,-2.7744985
0.06229,-3.3755062
0.062292,-3.745357
0.062294,-3.9302826
0.062296,-3.9302826
0.062298,-3.6991258
0.0623,-3.2830436
0.062302,-2.6820357
0.062304,-1.8961024
0.062305998,-1.0639377
0.062308,-0.18554163
0.06231,0.7390857
0.062312,1.6174817
0.062314,2.4034152
0.062316,3.050654
0.062318,3.5591989
0.06232,3.8365874
0.062322,3.9752812
0.062324,3.8365874
0.062326,3.5129685
0.062328,3.0044227
0.06233,2.357184
0.062332,1.5712504
0.062334,0.6928544
0.062336,-0.18554163
0.062338,-1.1101689
0.06234,-1.9423337
0.062342,-2.6820357
0.062344,-3.2830436
0.062346,-3.6991258
0.062348,-3.9302826
0.06235,-3.9302826
0.062352,-3.745357
0.062354,-3.329275
0.062356,-2.7744985
0.062358,-2.0347965
0.06236,-1.2488632
0.062362,-0.32423592
0.062364,0.60039186
0.062366,1.4787879
0.062367998,2.2647214
0.06237,2.9581914
0.062372,3.4667363
0.062374,3.8365874
0.062376,3.9752812
0.062378,3.8828197
0.06238,3.605431
0.062382,3.1431174
0.062384,2.4958777
0.062386,1.7099442
0.062388,0.87777996
0.06239,-0.046847343
0.062392,-0.9714751
0.062394,-1.8036394
0.062396,-2.5433414
0.062398,-3.1905808
0.0624,-3.6528945
0.062402,-3.8840513
0.062404,-3.9302826
0.062406,-3.7915885
0.062408,-3.4217377
0.06241,-2.866961
0.062412,-2.1734905
0.062414,-1.387557
0.062416,-0.5091615
0.062418,0.4154663
0.06242,1.3400936
0.062422,2.126027
0.062424,2.8194976
0.062426,3.420505
0.062428,3.7903562
0.062429998,3.92905
0.062432,3.92905
0.062434,3.6516623
0.062436,3.23558
0.062438,2.5883412
0.06244,1.8486385
0.062442,1.0164738
0.062444,0.13807821
0.062446,-0.78654957
0.062448,-1.6187139
0.06245,-2.4046474
0.062452,-3.098118
0.062454,-3.5604317
0.062456,-3.8840513
0.062458,-3.976514
0.06246,-3.8378198
0.062462,-3.5142004
0.062464,-3.0056553
0.062466,-2.3121846
0.062468,-1.5262513
0.06247,-0.6478553
0.062472,0.27677202
0.062474,1.2013993
0.062476,1.9873328
0.062478,2.727035
0.06248,3.3280425
0.062482,3.744125
0.062484,3.92905
0.062486,3.92905
0.062488,3.6978936
0.06249,3.3280425
0.062491998,2.727035
0.062494,1.9873328
0.062496,1.1551685
0.062498,0.27677202
0.0625,-0.6478553
0.062502,-1.48002
0.062504,-2.3121846
0.062506,-2.9594238
0.062508,-3.5142004
0.06251,-3.8378198
0.062512,-3.976514
0.062514,-3.8840513
0.062516,-3.5604317
0.062518,-3.098118
0.06252,-2.4508786
0.062522,-1.6649456
0.062524,-0.78654957
0.062526,0.13807821
0.062528,1.0164738
0.06253,1.8486385
0.062532,2.5883412
0.062534,3.23558
0.062536,3.6516623
0.062538,3.92905
0.06254,3.92905
0.062542,3.7903562
0.062544,3.3742738
0.062546,2.8194976
0.062548,2.126027
0.06255,1.3400936
0.062552,0.4154663
0.062554,-0.46292973
0.062556,-1.387557
0.062558,-2.1734905
0.06256,-2.866961
0.062562,-3.4217377
0.062564,-3.7915885
0.062566,-3.9302826
0.062568,-3.8840513
0.06257,-3.6528945
0.062572,-3.1905808
0.062574,-2.589573
0.062576,-1.8036394
0.062578,-0.9714751
0.06258,-0.046847343
0.062582,0.87777996
0.062584,1.7099442
0.062586,2.4958777
0.062588,3.1431174
0.06259,3.605431
0.062592,3.8828197
0.062594,3.9752812
0.062596,3.8365874
0.062598,3.4667363
0.0626,2.9581914
0.062602,2.2647214
0.062604,1.4787879
0.062606,0.60039186
0.062607996,-0.32423592
0.06261,-1.202632
0.062612,-2.0347965
0.062614,-2.081028
0.062616,1.5250192
0.062618,3.744125
0.06262,3.9752812
0.062622,3.9752812
0.062624,3.744125
0.062626,3.3280425
0.062628,2.727035
0.06263,1.9873328
0.062632,1.1551685
0.062634,0.23054075
0.062636,-0.694087
0.062638,-1.5262513
0.06264,-2.3121846
0.062642,-3.0056553
0.062644,-3.5142004
0.062646,-3.8378198
0.062648,-3.9302826
0.06265,-3.8378198
0.062652,-3.5604317
0.062654,-3.0518866
0.062656,-2.4046474
0.062658,-1.5724826
0.06266,-0.7403178
0.062662,0.184309
0.062664,1.1089368
0.062666,1.8948698
0.062668,2.6808028
0.06267,3.2818112
0.062672,3.6978936
0.062674,3.92905
0.062676,3.92905
0.062678,3.744125
0.06268,3.3742738
0.062682,2.8194976
0.062684,2.0797954
0.062686,1.2938623
0.062688,0.36923456
0.06269,-0.55539227
0.062692,-1.4337888
0.062694,-2.2197218
0.062696,-2.9131925
0.062698,-3.467969
0.0627,-3.7915885
0.062702,-3.9302826
0.062704,-3.8840513
0.062706,-3.6066632
0.062708,-3.1443493
0.06271,-2.5433414
0.062712,-1.7574081
0.062714,-0.9252434
0.062716,-6.160736E-4
0.062718,0.92401123
0.06272,1.756176
0.062722,2.542109
0.062724,3.1893477
0.062726,3.6516623
0.062728,3.8828197
0.06273,3.9752812
0.062731996,3.7903562
0.062734,3.4667363
0.062736,2.9119601
0.062738,2.2184901
0.06274,1.4325566
0.062742,0.5541601
0.062744,-0.3704667
0.062746,-1.2488632
0.062748,-2.081028
0.06275,-2.7744985
0.062752,-3.3755062
0.062754,-3.745357
0.062756,-3.9302826
0.062758,-3.9302826
0.06276,-3.6991258
0.062762,-3.236812
0.062764,-2.6358042
0.062766,-1.8961024
0.062768,-1.0639377
0.06277,-0.13931036
0.062772,0.7853174
0.062774,1.6174817
0.062776,2.4034152
0.062778,3.050654
0.06278,3.5591989
0.062782,3.8828197
0.062784,3.9752812
0.062786,3.8365874
0.062788,3.5129685
0.06279,3.0044227
0.062792,2.357184
0.062794,1.5712504
0.062796,0.6928544
0.062798,-0.2317729
0.0628,-1.1101689
0.062802,-1.9423337
0.062804,-2.6820357
0.062806,-3.2830436
0.062808,-3.6991258
0.06281,-3.9302826
0.062812,-3.9302826
0.062814,-3.745357
0.062816,-3.329275
0.062818,-2.7744985
0.06282,-2.0347965
0.062822,-1.202632
0.062824,-0.32423592
0.062826,0.60039186
0.062828,1.4787879
0.06283,2.2647214
0.062832,2.9581914
0.062834,3.4667363
0.062836,3.8365874
0.062838,3.9752812
0.06284,3.8828197
0.062842,3.605431
0.062844,3.0968862
0.062846,2.4496465
0.062848,1.7099442
0.06285,0.8315482
0.062852,-0.046847343
0.062854,-0.9714751
0.062855996,-1.8036394
0.062858,-2.5433414
0.06286,-3.1905808
0.062862,-3.6528945
0.062864,-3.8840513
0.062866,-3.9302826
0.062868,-3.7915885
0.06287,-3.4217377
0.062872,-2.866961
0.062874,-2.1734905
0.062876,-1.387557
0.062878,-0.46292973
0.06288,0.46169758
0.062882,1.3400936
0.062884,2.126027
0.062886,2.8657289
0.062888,3.420505
0.06289,3.7903562
0.062892,3.92905
0.062894,3.92905
0.062896,3.6516623
0.062898,3.1893477
0.0629,2.5883412
0.062902,1.8486385
0.062904,1.0164738
0.062906,0.091846466
0.062908,-0.83278084
0.06291,-1.6649456
0.062912,-2.4508786
0.062914,-3.098118
0.062916,-3.5604317
0.062918,-3.8840513
0.06292,-3.976514
0.062922,-3.8378198
0.062924,-3.5142004
0.062926,-3.0056553
0.062928,-2.3121846
0.06293,-1.48002
0.062932,-0.6478553
0.062934,0.27677202
0.062936,1.2013993
0.062938,2.033564
0.06294,2.727035
0.062942,3.3280425
0.062944,3.744125
0.062946,3.92905
0.062948,3.92905
0.06295,3.6978936
0.062952,3.2818112
0.062954,2.727035
0.062956,1.9873328
0.062958,1.1551685
0.06296,0.27677202
0.062962,-0.6478553
0.062964,-1.5262513
0.062966,-2.3121846
0.062968,-3.0056553
0.06297,-3.5142004
0.062972,-3.8378198
0.062974,-3.976514
0.062976,-3.8840513
0.062978,-3.5604317
0.062979996,-3.098118
0.062982,-2.4508786
0.062984,-1.6187139
0.062986,-0.78654957
0.062988,0.13807821
0.06299,1.0627055
0.062992,1.8948698
0.062994,2.6345725
0.062996,3.23558
0.062998,3.6516623
0.063,3.92905
0.063002,3.92905
0.063004,3.744125
0.063006,3.3742738
0.063008,2.8194976
0.06301,2.126027
0.063012,1.2938623
0.063014,0.4154663
0.063016,-0.5091615
0.063018,-1.387557
0.06302,-2.1734905
0.063022,-2.866961
0.063024,-3.4217377
0.063026,-3.7915885
0.063028,-3.9302826
0.06303,-3.8840513
0.063032,-3.6528945
0.063034,-2.9131925
0.063036,0.60039186
0.063038,1.6637135
0.06304,0.87777996
0.063042,-6.160736E-4
0.063044,-0.9252434
0.063046,-1.7574081
0.063048,-2.5433414
0.06305,-3.1905808
0.063052,-3.6528945
0.063054,-3.9302826
0.063056,-3.976514
0.063058,-3.8378198
0.06306,-3.5142004
0.063062,-2.9594238
0.063064,-2.2659533
0.063066,-1.48002
0.063068,-0.601624
0.06307,0.3230033
0.063072,1.2476311
0.063074,2.033564
0.063076,2.7732663
0.063078,3.3742738
0.06308,3.744125
0.063082,3.92905
0.063084,3.92905
0.063086,3.6978936
0.063088,3.23558
0.06309,2.6345725
0.063092,1.8948698
0.063094,1.1089368
0.063096,0.184309
0.063098,-0.7403178
0.0631,-1.5724826
0.063102,-2.3584158
0.063103996,-3.0518866
0.063106,-3.5604317
0.063108,-3.8378198
0.06311,-3.976514
0.063112,-3.8378198
0.063114,-3.5604317
0.063116,-3.0518866
0.063118,-2.4046474
0.06312,-1.5724826
0.063122,-0.7403178
0.063124,0.184309
0.063126,1.1089368
0.063128,1.9411016
0.06313,2.6808028
0.063132,3.2818112
0.063134,3.6978936
0.063136,3.92905
0.063138,3.92905
0.06314,3.744125
0.063142,3.3742738
0.063144,2.7732663
0.063146,2.0797954
0.063148,1.2476311
0.06315,0.36923456
0.063152,-0.55539227
0.063154,-1.4337888
0.063156,-2.2197218
0.063158,-2.9131925
0.06316,-3.467969
0.063162,-3.7915885
0.063164,-3.976514
0.063166,-3.8840513
0.063168,-3.6066632
0.06317,-3.1443493
0.063172,-2.4971101
0.063174,-1.7111769
0.063176,-0.8790121
0.063178,0.045615196
0.06318,0.970243
0.063182,1.8024073
0.063184,2.542109
0.063186,3.1893477
0.063188,3.6516623
0.06319,3.8828197
0.063192,3.9752812
0.063194,3.7903562
0.063196,3.420505
0.063198,2.9119601
0.0632,2.172258
0.063202,1.3863249
0.063204,0.50792885
0.063206,-0.41669846
0.063208,-1.2950945
0.06321,-2.081028
0.063212,-2.8207297
0.063214,-3.3755062
0.063216,-3.745357
0.063218,-3.9302826
0.06322,-3.9302826
0.063222,-3.6528945
0.063224,-3.236812
0.063226,-2.6358042
0.063227996,-1.8498712
0.06323,-1.0177064
0.063232,-0.13931036
0.063234,0.7853174
0.063236,1.6637135
0.063238,2.4034152
0.06324,3.0968862
0.063242,3.5591989
0.063244,3.8828197
0.063246,3.9752812
0.063248,3.8365874
0.06325,3.5129685
0.063252,3.0044227
0.063254,2.3109517
0.063256,1.5250192
0.063258,0.6928544
0.06326,-0.2317729
0.063262,-1.1564007
0.063264,-1.9423337
0.063266,-2.6820357
0.063268,-3.2830436
0.06327,-3.6991258
0.063272,-3.9302826
0.063274,-3.9302826
0.063276,-3.745357
0.063278,-3.329275
0.06328,-2.728267
0.063282,-2.0347965
0.063284,-1.202632
0.063286,-0.27800417
0.063288,0.64662313
0.06329,1.4787879
0.063292,2.3109517
0.063294,3.0044227
0.063296,3.5129685
0.063298,3.8365874
0.0633,3.9752812
0.063302,3.8828197
0.063304,3.605431
0.063306,3.0968862
0.063308,2.4496465
0.06331,1.6637135
0.063312,0.8315482
0.063314,-0.09307861
0.063316,-0.9714751
0.063318,-1.8036394
0.06332,-2.589573
0.063322,-3.1905808
0.063324,-3.6528945
0.063326,-3.8840513
0.063328,-3.9302826
0.06333,-3.7915885
0.063332,-3.4217377
0.063334,-2.866961
0.063336,-2.1734905
0.063338,-1.3413262
0.06334,-0.46292973
0.063342,0.46169758
0.063344,1.3863249
0.063346,2.172258
0.063348,2.8657289
0.06335,3.420505
0.063351996,3.7903562
0.063354,3.92905
0.063356,3.8828197
0.063358,3.6516623
0.06336,3.1893477
0.063362,2.5883412
0.063364,1.8024073
0.063366,0.970243
0.063368,0.091846466
0.06337,-0.83278084
0.063372,-1.6649456
0.063374,-2.4508786
0.063376,-3.098118
0.063378,-3.6066632
0.06338,-3.8840513
0.063382,-3.976514
0.063384,-3.8378198
0.063386,-3.467969
0.063388,-2.9594238
0.06339,-2.2659533
0.063392,-1.48002
0.063394,-0.601624
0.063396,0.3230033
0.063397996,1.2013993
0.0634,2.033564
0.063402,2.7732663
0.063404,3.3280425
0.063406,3.744125
0.063408,3.92905
0.06341,3.92905
0.063412,3.6978936
0.063414,3.2818112
0.063416,2.6808028
0.063418,1.9411016
0.06342,1.1551685
0.063422,0.23054075
0.063424,-0.694087
0.063426,-1.5262513
0.063428,-2.3121846
0.06343,-3.0056553
0.063432,-3.5142004
0.063434,-3.8378198
0.063436,-3.976514
0.063438,-3.8378198
0.06344,-3.5604317
0.063442,-3.0518866
0.063444,-2.4046474
0.063446,-1.6187139
0.063448,-0.7403178
0.06345,0.13807821
0.063452,1.0627055
0.063454,1.5712504
0.063456,-1.6649456
0.063458,-3.2830436
0.06346,-3.745357
0.063462,-3.976514
0.063464,-3.976514
0.063466,-3.7915885
0.063468,-3.4217377
0.06347,-2.866961
0.063472,-2.1272593
0.063474,-1.3413262
0.063475996,-0.41669846
0.063478,0.50792885
0.06348,1.3863249
0.063482,2.172258
0.063484,2.9119601
0.063486,3.420505
0.063488,3.7903562
0.06349,3.92905
0.063492,3.8828197
0.063494,3.605431
0.063496,3.1431174
0.063498,2.4958777
0.0635,1.756176
0.063502,0.92401123
0.063504,-6.160736E-4
0.063506,-0.8790121
0.063508,-1.7574081
0.06351,-2.4971101
0.063512,-3.1443493
0.063514,-3.6066632
0.063516,-3.8840513
0.063518,-3.976514
0.06352,-3.8378198
0.063521996,-3.467969
0.063524,-2.9131925
0.063526,-2.2197218
0.063528,-1.4337888
0.06353,-0.55539227
0.063532,0.36923456
0.063534,1.2476311
0.063536,2.0797954
0.063538,2.8194976
0.06354,3.3742738
0.063542,3.744125
0.063544,3.92905
0.063546,3.92905
0.063548,3.6978936
0.06355,3.23558
0.063552,2.6345725
0.063554,1.8948698
0.063556,1.0627055
0.063558,0.184309
0.06356,-0.7403178
0.063562,-1.5724826
0.063564,-2.3584158
0.063566,-3.0518866
0.063568,-3.5604317
0.06357,-3.8378198
0.063572,-3.976514
0.063574,-3.8378198
0.063576,-3.5604317
0.063578,-3.0518866
0.06358,-2.3584158
0.063582,-1.5724826
0.063584,-0.694087
0.063586,0.23054075
0.063588,1.1089368
0.06359,1.9411016
0.063592,2.6808028
0.063594,3.2818112
0.063596,3.6978936
0.063598,3.92905
0.063599996,3.92905
0.063602,3.744125
0.063604,3.3280425
0.063606,2.7732663
0.063608,2.033564
0.06361,1.2476311
0.063612,0.3230033
0.063614,-0.601624
0.063616,-1.48002
0.063618,-2.2197218
0.06362,-2.9131925
0.063622,-3.467969
0.063624,-3.8378198
0.063626,-3.976514
0.063628,-3.8840513
0.06363,-3.6066632
0.063632,-3.1443493
0.063634,-2.4971101
0.063636,-1.7111769
0.063638,-0.8790121
0.06364,0.045615196
0.063642,0.970243
0.063644,1.8024073
0.063645996,2.542109
0.063648,3.1893477
0.06365,3.6516623
0.063652,3.8828197
0.063654,3.92905
0.063656,3.7903562
0.063658,3.420505
0.06366,2.8657289
0.063662,2.172258
0.063664,1.3863249
0.063666,0.50792885
0.063668,-0.41669846
0.06367,-1.2950945
0.063672,-2.1272593
0.063674,-2.8207297
0.063676,-3.3755062
0.063678,-3.7915885
0.06368,-3.9302826
0.063682,-3.9302826
0.063684,-3.6528945
0.063686,-3.236812
0.063688,-2.6358042
0.06369,-1.8498712
0.063692,-1.0177064
0.063694,-0.09307861
0.063696,0.7853174
0.063698,1.6637135
0.0637,2.4496465
0.063702,3.0968862
0.063704,3.5591989
0.063706,3.8828197
0.063708,3.9752812
0.06371,3.8365874
0.063712,3.5129685
0.063714,3.0044227
0.063716,2.3109517
0.063718,1.5250192
0.06372,0.64662313
0.063722,-0.27800417
0.063724,-1.1564007
0.063726,-1.9885652
0.063728,-2.728267
0.06373,-3.2830436
0.063732,-3.6991258
0.063734,-3.9302826
0.063736,-3.9302826
0.063738,-3.745357
0.06374,-3.329275
0.063742,-2.728267
0.063744,-1.9885652
0.063746,-1.1564007
0.063748,-0.27800417
0.06375,0.64662313
0.063752,1.5250192
0.063754,2.3109517
0.063756,3.0044227
0.063758,3.5129685
0.06376,3.8365874
0.063762,3.9752812
0.063764,3.8828197
0.063766,3.5591989
0.063768,3.0968862
0.063769996,2.4496465
0.063772,1.6637135
0.063774,0.8315482
0.063776,-0.09307861
0.063778,-1.0177064
0.06378,-1.8498712
0.063782,-2.589573
0.063784,-3.1905808
0.063786,-3.6528945
0.063788,-3.9302826
0.06379,-3.9302826
0.063792,-3.7915885
0.063794,-3.4217377
0.063796,-2.866961
0.063798,-2.1272593
0.0638,-1.3413262
0.063802,-0.41669846
0.063804,0.50792885
0.063806,1.3863249
0.063808,2.172258
0.06381,2.8657289
0.063812,3.420505
0.063814,3.7903562
0.063816,3.9752812
0.063818,3.8828197
0.06382,3.6516623
0.063822,3.1893477
0.063824,2.542109
0.063826,1.8024073
0.063828,0.970243
0.06383,0.045615196
0.063832,-0.83278084
0.063834,-1.7111769
0.063836,-2.4508786
0.063838,-3.098118
0.06384,-3.6066632
0.063842,-3.8840513
0.063844,-3.976514
0.063846,-3.8378198
0.063848,-3.467969
0.06385,-2.9594238
0.063852,-2.2659533
0.063854,-1.48002
0.063856,-0.601624
0.063858,0.3230033
0.06386,1.2476311
0.063862,2.033564
0.063864,2.7732663
0.063866,3.3280425
0.063868,3.744125
0.06387,3.92905
0.063872,3.92905
0.063874,3.744125
0.063876,0.36923456
0.063878,-2.3584158
0.06388,-1.8961024
0.063882,-1.0639377
0.063884,-0.18554163
0.063886,0.7390857
0.063888,1.6174817
0.06389,2.4034152
0.063892,3.050654
0.063893996,3.5591989
0.063896,3.8828197
0.063898,3.9752812
0.0639,3.8828197
0.063902,3.5591989
0.063904,3.050654
0.063906,2.4034152
0.063908,1.6174817
0.06391,0.7390857
0.063912,-0.13931036
0.063914,-1.0639377
0.063916,-1.8961024
0.063918,-2.6358042
0.06392,-3.236812
0.063922,-3.6991258
0.063924,-3.9302826
0.063926,-3.9302826
0.063928,-3.745357
0.06393,-3.3755062
0.063932,-2.8207297
0.063934,-2.081028
0.063936,-1.2488632
0.063938,-0.3704667
0.06394,0.5541601
0.063942,1.4325566
0.063944,2.2184901
0.063946,2.9119601
0.063948,3.4667363
0.06395,3.7903562
0.063952,3.9752812
0.063954,3.8828197
0.063956,3.605431
0.063958,3.1431174
0.06396,2.4958777
0.063962,1.756176
0.063964,0.92401123
0.063966,-6.160736E-4
0.063968,-0.9252434
0.06397,-1.7574081
0.063972,-2.4971101
0.063974,-3.1443493
0.063976,-3.6066632
0.063978,-3.8840513
0.06398,-3.976514
0.063982,-3.7915885
0.063984,-3.467969
0.063986,-2.9131925
0.063988,-2.2197218
0.06399,-1.4337888
0.063992,-0.5091615
0.063994,0.4154663
0.063996,1.2938623
0.063998,2.0797954
0.064,2.8194976
0.064002,3.3742738
0.064004,3.744125
0.064006,3.92905
0.064008,3.92905
0.06401,3.6978936
0.064012,3.23558
0.064014,2.6345725
0.064016,1.8948698
0.064017996,1.0627055
0.06402,0.13807821
0.064022,-0.7403178
0.064024,-1.6187139
0.064026,-2.4046474
0.064028,-3.0518866
0.06403,-3.5604317
0.064032,-3.8840513
0.064034,-3.976514
0.064036,-3.8378198
0.064038,-3.5142004
0.06404,-3.0056553
0.064042,-2.3584158
0.064044,-1.5262513
0.064046,-0.694087
0.064048,0.23054075
0.06405,1.1551685
0.064052,1.9411016
0.064054,2.6808028
0.064056,3.2818112
0.064058,3.6978936
0.06406,3.92905
0.064062,3.92905
0.064064,3.744125
0.064066,3.3280425
0.064068,2.727035
0.06407,2.033564
0.064072,1.2013993
0.064074,0.3230033
0.064076,-0.601624
0.064078,-1.48002
0.06408,-2.2659533
0.064082,-2.9594238
0.064084,-3.467969
0.064086,-3.8378198
0.064088,-3.976514
0.06409,-3.8840513
0.064092,-3.6066632
0.064094,-3.098118
0.064096,-2.4971101
0.064098,-1.7111769
0.0641,-0.83278084
0.064102,0.091846466
0.064104,0.970243
0.064106,1.8024073
0.064108,2.5883412
0.06411,3.1893477
0.064112,3.6516623
0.064114,3.8828197
0.064116,3.92905
0.064118,3.7903562
0.06412,3.420505
0.064122,2.8657289
0.064124,2.172258
0.064126,1.3400936
0.064128,0.46169758
0.06413,-0.46292973
0.064132,-1.3413262
0.064134,-2.1272593
0.064136,-2.8207297
0.064138,-3.4217377
0.06414,-3.7915885
0.064141996,-3.9302826
0.064144,-3.9302826
0.064146,-3.6528945
0.064148,-3.236812
0.06415,-2.589573
0.064152,-1.8498712
0.064154,-1.0177064
0.064156,-0.09307861
0.064158,0.8315482
0.06416,1.6637135
0.064162,2.4496465
0.064164,3.0968862
0.064166,3.605431
0.064168,3.8828197
0.06417,3.9752812
0.064172,3.8365874
0.064174,3.5129685
0.064176,2.9581914
0.064178,2.2647214
0.06418,1.4787879
0.064182,0.64662313
0.064184,-0.27800417
0.064186,-1.202632
0.064188,-1.9885652
0.06419,-2.728267
0.064192,-3.329275
0.064194,-3.745357
0.064196,-3.9302826
0.064198,-3.9302826
0.0642,-3.6991258
0.064202,-3.2830436
0.064204,-2.728267
0.064206,-1.9885652
0.064208,-1.1564007
0.06421,-0.2317729
0.064212,0.6928544
0.064214,1.5250192
0.064216,2.3109517
0.064218,3.0044227
0.06422,3.5129685
0.064222,3.8365874
0.064224,3.9752812
0.064226,3.8828197
0.064228,3.5591989
0.06423,3.050654
0.064232,2.4034152
0.064234,1.6174817
0.064236,0.7853174
0.064238,-0.13931036
0.06424,-1.0177064
0.064242,-1.8498712
0.064244,-2.589573
0.064246,-3.236812
0.064248,-3.6528945
0.06425,-3.9302826
0.064252,-3.9302826
0.064254,-3.745357
0.064256,-3.3755062
0.064258,-2.8207297
0.06426,-2.1272593
0.064262,-1.2950945
0.064264,-0.41669846
0.064265996,0.50792885
0.064268,1.4325566
0.06427,2.2184901
0.064272,2.9119601
0.064274,3.420505
0.064276,3.7903562
0.064278,3.92905
0.06428,3.8828197
0.064282,3.6516623
0.064284,3.1893477
0.064286,2.542109
0.064288,1.756176
0.06429,0.92401123
0.064292,0.045615196
0.064294,-0.8790121
0.064296,1.6174817
0.064298,2.5883412
0.0643,3.1893477
0.064302,3.6516623
0.064304,3.92905
0.064306,4.0215135
0.064308,3.8365874
0.06431,3.5129685
0.064312,2.9581914
0.064314,2.2647214
0.064316,1.4787879
0.064318,0.60039186
0.06432,-0.32423592
0.064322,-1.202632
0.064324,-2.0347965
0.064326,-2.728267
0.064328,-3.329275
0.06433,-3.745357
0.064332,-3.9302826
0.064334,-3.8840513
0.064336,-3.6991258
0.064338,-3.236812
0.06434,-2.6820357
0.064342,-1.8961024
0.064344,-1.1101689
0.064346,-0.18554163
0.064348,0.7390857
0.06435,1.6174817
0.064352,2.4034152
0.064354,3.050654
0.064356,3.5591989
0.064358,3.8828197
0.06436,3.9752812
0.064362,3.8365874
0.064364,3.5591989
0.064366,3.050654
0.064368,2.357184
0.06437,1.5712504
0.064372,0.7390857
0.064374,-0.18554163
0.064376,-1.0639377
0.064378,-1.8961024
0.06438,-2.6358042
0.064382,-3.236812
0.064384,-3.6991258
0.064386,-3.9302826
0.064388,-3.9302826
0.064389996,-3.745357
0.064392,-3.3755062
0.064394,-2.7744985
0.064396,-2.081028
0.064398,-1.2488632
0.0644,-0.32423592
0.064402,0.5541601
0.064404,1.4787879
0.064406,2.2647214
0.064408,2.9581914
0.06441,3.4667363
0.064412,3.8365874
0.064414,3.9752812
0.064416,3.8828197
0.064418,3.605431
0.06442,3.1431174
0.064422,2.4958777
0.064424,1.7099442
0.064426,0.87777996
0.064428,-0.046847343
0.06443,-0.9252434
0.064432,-1.7574081
0.064434,-2.5433414
0.064435996,-3.1443493
0.064438,-3.6528945
0.06444,-3.8840513
0.064442,-3.9302826
0.064444,-3.7915885
0.064446,-3.4217377
0.064448,-2.9131925
0.06445,-2.2197218
0.064452,-1.387557
0.064454,-0.5091615
0.064456,0.4154663
0.064458,1.2938623
0.06446,2.126027
0.064462,2.8194976
0.064464,3.3742738
0.064466,3.7903562
0.064468,3.92905
0.06447,3.92905
0.064472,3.6516623
0.064474,3.23558
0.064476,2.6345725
0.064478,1.8486385
0.06448,1.0627055
0.064482,0.13807821
0.064484,-0.78654957
0.064486,-1.6187139
0.064488,-2.4046474
0.06449,-3.0518866
0.064492,-3.5604317
0.064494,-3.8840513
0.064496,-3.976514
0.064498,-3.8378198
0.0645,-3.5142004
0.064502,-3.0056553
0.064504,-2.3121846
0.064506,-1.5262513
0.064508,-0.6478553
0.06451,0.27677202
0.064512,1.1551685
0.064513996,1.9873328
0.064516,2.727035
0.064518,3.3280425
0.06452,3.6978936
0.064522,3.92905
0.064524,3.92905
0.064526,3.744125
0.064528,3.3280425
0.06453,2.727035
0.064532,1.9873328
0.064534,1.2013993
0.064536,0.27677202
0.064538,-0.601624
0.06454,-1.48002
0.064542,-2.2659533
0.064544,-2.9594238
0.064546,-3.5142004
0.064548,-3.8378198
0.06455,-3.976514
0.064552,-3.8840513
0.064554,-3.6066632
0.064556,-3.098118
0.064558,-2.4508786
0.064559996,-1.6649456
0.064562,-0.83278084
0.064564,0.091846466
0.064566,1.0164738
0.064568,1.8486385
0.06457,2.5883412
0.064572,3.23558
0.064574,3.6516623
0.064576,3.92905
0.064578,3.92905
0.06458,3.7903562
0.064582,3.420505
0.064584,2.8657289
0.064586,2.126027
0.064588,1.3400936
0.06459,0.46169758
0.064592,-0.46292973
0.064594,-1.3413262
0.064596,-2.1272593
0.064598,-2.866961
0.0646,-3.4217377
0.064602,-3.7915885
0.064604,-3.9302826
0.064606,-3.8840513
0.064608,-3.6528945
0.06461,-3.1905808
0.064612,-2.589573
0.064614,-1.8036394
0.064616,-0.9714751
0.064618,-0.046847343
0.06462,0.8315482
0.064622,1.7099442
0.064624,2.4496465
0.064626,3.1431174
0.064628,3.605431
0.06463,3.8828197
0.064632,3.9752812
0.064634,3.8365874
0.064636,3.4667363
0.064637996,2.9581914
0.06464,2.2647214
0.064642,1.4787879
0.064644,0.60039186
0.064646,-0.32423592
0.064648,-1.202632
0.06465,-1.9885652
0.064652,-2.728267
0.064654,-3.329275
0.064656,-3.745357
0.064658,-3.9302826
0.06466,-3.9302826
0.064662,-3.6991258
0.064664,-3.2830436
0.064666,-2.6820357
0.064668,-1.9423337
0.06467,-1.1564007
0.064672,-0.2317729
0.064674,0.6928544
0.064676,1.5712504
0.064678,2.357184
0.06468,3.0044227
0.064682,3.5129685
0.064683996,3.8365874
0.064686,3.9752812
0.064688,3.8828197
0.06469,3.5591989
0.064692,3.050654
0.064694,2.4034152
0.064696,1.6174817
0.064698,0.7853174
0.0647,-0.13931036
0.064702,-1.0639377
0.064704,-1.8498712
0.064706,-2.6358042
0.064708,-3.236812
0.06471,-3.6991258
0.064712,-3.9302826
0.064714,-3.9302826
0.064716,-1.387557
0.064718,2.357184
0.06472,2.7732663
0.064722,2.0797954
0.064724,1.2476311
0.064726,0.36923456
0.064728,-0.55539227
0.06473,-1.4337888
0.064732,-2.2197218
0.064734,-2.9131925
0.064736,-3.467969
0.064738,-3.7915885
0.06474,-3.976514
0.064742,-3.8840513
0.064744,-3.6528945
0.064746,-3.1905808
0.064748,-2.5433414
0.06475,-1.7574081
0.064752,-0.9252434
0.064754,-6.160736E-4
0.064756,0.92401123
0.064758,1.756176
0.06476,2.542109
0.064761996,3.1431174
0.064764,3.605431
0.064766,3.8828197
0.064768,3.9752812
0.06477,3.7903562
0.064772,3.4667363
0.064774,2.9119601
0.064776,2.2184901
0.064778,1.4325566
0.06478,0.5541601
0.064782,-0.3704667
0.064784,-1.2488632
0.064786,-2.081028
0.064788,-2.7744985
0.06479,-3.3755062
0.064792,-3.745357
0.064794,-3.9302826
0.064796,-3.9302826
0.064798,-3.6991258
0.0648,-3.236812
0.064802,-2.6358042
0.064804,-1.8961024
0.064806,-1.0639377
0.064807996,-0.13931036
0.06481,0.7390857
0.064812,1.6174817
0.064814,2.4034152
0.064816,3.050654
0.064818,3.5591989
0.06482,3.8828197
0.064822,3.9752812
0.064824,3.8365874
0.064826,3.5129685
0.064828,3.0044227
0.06483,2.357184
0.064832,1.5712504
0.064834,0.6928544
0.064836,-0.18554163
0.064838,-1.1101689
0.06484,-1.9423337
0.064842,-2.6820357
0.064844,-3.2830436
0.064846,-3.6991258
0.064848,-3.9302826
0.06485,-3.9302826
0.064852,-3.745357
0.064854,-3.329275
0.064856,-2.7744985
0.064858,-2.0347965
0.06486,-1.2488632
0.064862,-0.32423592
0.064864,0.60039186
0.064866,1.4787879
0.064868,2.2647214
0.06487,2.9581914
0.064872,3.4667363
0.064874,3.8365874
0.064876,3.9752812
0.064878,3.8828197
0.06488,3.605431
0.064882,3.1431174
0.064884,2.4958777
0.064886,1.7099442
0.064888,0.87777996
0.06489,-0.046847343
0.064892,-0.9714751
0.064894,-1.8036394
0.064896,-2.5433414
0.064898,-3.1905808
0.0649,-3.6528945
0.064902,-3.8840513
0.064904,-3.9302826
0.064906,-3.7915885
0.064908,-3.4217377
0.06491,-2.866961
0.064912,-2.1734905
0.064914,-1.387557
0.064916,-0.46292973
0.064918,0.46169758
0.06492,1.3400936
0.064922,2.126027
0.064924,2.8657289
0.064926,3.420505
0.064928,3.7903562
0.06493,3.92905
0.064931996,3.92905
0.064934,3.6516623
0.064936,3.23558
0.064938,2.5883412
0.06494,1.8486385
0.064942,1.0164738
0.064944,0.091846466
0.064946,-0.78654957
0.064948,-1.6649456
0.06495,-2.4046474
0.064952,-3.098118
0.064954,-3.5604317
0.064956,-3.8840513
0.064958,-3.976514
0.06496,-3.8378198
0.064962,-3.5142004
0.064964,-3.0056553
0.064966,-2.3121846
0.064968,-1.5262513
0.06497,-0.6478553
0.064972,0.27677202
0.064974,1.2013993
0.064976,1.9873328
0.064978,2.727035
0.06498,3.3280425
0.064982,3.744125
0.064984,3.92905
0.064986,3.92905
0.064988,3.6978936
0.06499,3.3280425
0.064992,2.727035
0.064994,1.9873328
0.064996,1.1551685
0.064998,0.27677202
0.065,-0.6478553
0.065002,-1.48002
0.065004,-2.3121846
0.065006,-2.9594238
0.065008,-3.5142004
0.06501,-3.8378198
0.065012,-3.976514
0.065014,-3.8840513
0.065016,-3.5604317
0.065018,-3.098118
0.06502,-2.4508786
0.065022,-1.6649456
0.065024,-0.78654957
0.065026,0.13807821
0.065028,1.0164738
0.06503,1.8486385
0.065032,2.6345725
0.065034,3.23558
0.065036,3.6516623
0.065038,3.92905
0.06504,3.92905
0.065042,3.7903562
0.065044,3.3742738
0.065046,2.8194976
0.065048,2.126027
0.06505,1.3400936
0.065052,0.4154663
0.065054,-0.5091615
0.065055996,-1.387557
0.065058,-2.1734905
0.06506,-2.866961
0.065062,-3.4217377
0.065064,-3.7915885
0.065066,-3.9302826
0.065068,-3.8840513
0.06507,-3.6528945
0.065072,-3.1905808
0.065074,-2.5433414
0.065076,-1.8036394
0.065078,-0.9714751
0.06508,-0.046847343
0.065082,0.87777996
0.065084,1.7099442
0.065086,2.4958777
0.065088,3.1431174
0.06509,3.605431
0.065092,3.8828197
0.065094,3.9752812
0.065096,3.8365874
0.065098,3.4667363
0.0651,2.9581914
0.065102,2.2647214
0.065104,1.4787879
0.065106,0.60039186
0.065108,-0.32423592
0.06511,-1.202632
0.065112,-2.0347965
0.065114,-2.7744985
0.065116,-3.329275
0.065118,-3.745357
0.06512,-3.9302826
0.065122,-3.9302826
0.065124,-3.6991258
0.065126,-3.2830436
0.065128,-2.6820357
0.06513,-1.9423337
0.065132,-1.1101689
0.065134,-0.18554163
0.065136,-0.78654957
0.065138,-1.6187139
0.06514,-2.4046474
0.065142,-3.098118
0.065144,-3.6066632
0.065146,-3.8840513
0.065148,-4.022745
0.06515,-3.8840513
0.065152,-3.6066632
0.065154,-3.098118
0.065156,-2.4508786
0.065158,-1.6187139
0.06516,-0.78654957
0.065162,0.13807821
0.065164,1.0627055
0.065166,1.8948698
0.065168,2.6345725
0.06517,3.23558
0.065172,3.6516623
0.065174,3.8828197
0.065176,3.92905
0.065178,3.744125
0.065179996,3.3280425
0.065182,2.7732663
0.065184,2.0797954
0.065186,1.2476311
0.065188,0.36923456
0.06519,-0.55539227
0.065192,-1.4337888
0.065194,-2.2197218
0.065196,-2.9131925
0.065198,-3.467969
0.0652,-3.7915885
0.065202,-3.976514
0.065204,-3.8840513
0.065206,-3.6066632
0.065208,-3.1443493
0.06521,-2.5433414
0.065212,-1.7574081
0.065214,-0.9252434
0.065216,-6.160736E-4
0.065218,0.92401123
0.06522,1.756176
0.065222,2.542109
0.065224,3.1893477
0.065226,3.6516623
0.065228,3.8828197
0.06523,3.9752812
0.065232,3.7903562
0.065234,3.420505
0.065236,2.9119601
0.065238,2.2184901
0.06524,1.4325566
0.065242,0.5541601
0.065244,-0.3704667
0.065246,-1.2950945
0.065248,-2.081028
0.06525,-2.8207297
0.065252,-3.3755062
0.065254,-3.745357
0.065256,-3.9302826
0.065258,-3.9302826
0.06526,-3.6991258
0.065262,-3.236812
0.065264,-2.6358042
0.065266,-1.8961024
0.065268,-1.0639377
0.06527,-0.13931036
0.065272,0.7853174
0.065274,1.6174817
0.065276,2.4034152
0.065278,3.050654
0.06528,3.5591989
0.065282,3.8828197
0.065284,3.9752812
0.065286,3.8365874
0.065288,3.5129685
0.06529,3.0044227
0.065292,2.357184
0.065294,1.5250192
0.065296,0.6928544
0.065298,-0.2317729
0.0653,-1.1101689
0.065302,-1.9423337
0.065303996,-2.6820357
0.065306,-3.2830436
0.065308,-3.6991258
0.06531,-3.9302826
0.065312,-3.9302826
0.065314,-3.745357
0.065316,-3.329275
0.065318,-2.7744985
0.06532,-2.0347965
0.065322,-1.202632
0.065324,-0.32423592
0.065326,0.60039186
0.065328,1.4787879
0.06533,2.2647214
0.065332,2.9581914
0.065334,3.5129685
0.065336,3.8365874
0.065338,3.9752812
0.06534,3.8828197
0.065342,3.605431
0.065344,3.0968862
0.065346,2.4496465
0.065348,1.7099442
0.06535,0.8315482
0.065352,-0.046847343
0.065354,-0.9714751
0.065356,-1.8036394
0.065358,-2.5433414
0.06536,-3.1905808
0.065362,-3.6528945
0.065364,-3.8840513
0.065366,-3.9302826
0.065368,-3.7915885
0.06537,-3.4217377
0.065372,-2.866961
0.065374,-2.1734905
0.065376,-1.387557
0.065378,-0.46292973
0.06538,0.46169758
0.065382,1.3400936
0.065384,2.172258
0.065386,2.8657289
0.065388,3.420505
0.06539,3.7903562
0.065392,3.92905
0.065394,3.92905
0.065396,3.6516623
0.065398,3.1893477
0.0654,2.5883412
0.065402,1.8486385
0.065404,1.0164738
0.065406,0.091846466
0.065408,-0.83278084
0.06541,-1.6649456
0.065412,-2.4508786
0.065414,-3.098118
0.065416,-3.5604317
0.065418,-3.8840513
0.06542,-3.976514
0.065422,-3.8378198
0.065424,-3.5142004
0.065426,-2.9594238
0.065427996,-2.3121846
0.06543,-1.48002
0.065432,-0.6478553
0.065434,0.27677202
0.065436,1.2013993
0.065438,2.033564
0.06544,2.727035
0.065442,3.3280425
0.065444,3.744125
0.065446,3.92905
0.065448,3.92905
0.06545,3.6978936
0.065452,3.2818112
0.065454,2.6808028
0.065456,1.9873328
0.065458,1.1551685
0.06546,0.27677202
0.065462,-0.6478553
0.065464,-1.5262513
0.065466,-2.3121846
0.065468,-3.0056553
0.06547,-3.5142004
0.065472,-3.8378198
0.065474,-3.976514
0.065476,-3.8840513
0.065478,-3.5604317
0.06548,-3.098118
0.065482,-2.4508786
0.065484,-1.6187139
0.065486,-0.78654957
0.065488,0.13807821
0.06549,1.0627055
0.065492,1.8948698
0.065494,2.6345725
0.065496,3.23558
0.065498,3.6978936
0.0655,3.92905
0.065502,3.92905
0.065504,3.744125
0.065506,3.3742738
0.065508,2.8194976
0.06551,2.126027
0.065512,1.2938623
0.065514,0.4154663
0.065516,-0.5091615
0.065518,-1.387557
0.06552,-2.1734905
0.065522,-2.866961
0.065524,-3.4217377
0.065526,-3.7915885
0.065528,-3.9302826
0.06553,-3.8840513
0.065532,-3.6528945
0.065534,-3.1905808
0.065536,-2.5433414
0.065538,-1.8036394
0.06554,-0.9252434
0.065542,-0.046847343
0.065544,0.87777996
0.065546,1.756176
0.065548,2.4958777
0.06555,3.1431174
0.065551996,3.605431
0.065554,3.8828197
0.065556,1.6174817
0.065558,-1.7111769
0.06556,-3.4217377
0.065562,-2.9131925
0.065564,-2.2197218
0.065566,-1.4337888
0.065568,-0.55539227
0.06557,0.36923456
0.065572,1.2476311
0.065574,2.0797954
0.065576,2.7732663
0.065578,3.3742738
0.06558,3.744125
0.065582,3.92905
0.065584,3.92905
0.065586,3.6978936
0.065588,3.2818112
0.06559,2.6345725
0.065592,1.8948698
0.065594,1.1089368
0.065596,0.184309
0.065597996,-0.7403178
0.0656,-1.5724826
0.065602,-2.3584158
0.065604,-3.0518866
0.065606,-3.5604317
0.065608,-3.8378198
0.06561,-3.976514
0.065612,-3.8378198
0.065614,-3.5604317
0.065616,-3.0518866
0.065618,-2.3584158
0.06562,-1.5724826
0.065622,-0.7403178
0.065624,0.184309
0.065626,1.1089368
0.065628,1.9411016
0.06563,2.6808028
0.065632,3.2818112
0.065634,3.6978936
0.065636,3.92905
0.065638,3.92905
0.06564,3.744125
0.065642,3.3280425
0.065644,2.7732663
0.065646,2.033564
0.065648,1.2476311
0.06565,0.36923456
0.065652,-0.55539227
0.065654,-1.4337888
0.065656,-2.2197218
0.065658,-2.9131925
0.06566,-3.467969
0.065662,-3.7915885
0.065664,-3.976514
0.065666,-3.8840513
0.065668,-3.6066632
0.06567,-3.1443493
0.065672,-2.4971101
0.065674,-1.7111769
0.065675996,-0.8790121
0.065678,0.045615196
0.06568,0.970243
0.065682,1.8024073
0.065684,2.542109
0.065686,3.1893477
0.065688,3.6516623
0.06569,3.8828197
0.065692,3.92905
0.065694,3.7903562
0.065696,3.420505
0.065698,2.8657289
0.0657,2.172258
0.065702,1.3863249
0.065704,0.50792885
0.065706,-0.41669846
0.065708,-1.2950945
0.06571,-2.081028
0.065712,-2.8207297
0.065714,-3.3755062
0.065716,-3.7915885
0.065718,-3.9302826
0.06572,-3.9302826
0.065721996,-3.6528945
0.065724,-3.236812
0.065726,-2.6358042
0.065728,-1.8498712
0.06573,-1.0177064
0.065732,-0.13931036
0.065734,0.7853174
0.065736,1.6637135
0.065738,2.4496465
0.06574,3.0968862
0.065742,3.5591989
0.065744,3.8828197
0.065746,3.9752812
0.065748,3.8365874
0.06575,3.5129685
0.065752,3.0044227
0.065754,2.3109517
0.065756,1.5250192
0.065758,0.64662313
0.06576,-0.2317729
0.065762,-1.1564007
0.065764,-1.9423337
0.065766,-2.6820357
0.065768,-3.2830436
0.06577,-3.6991258
0.065772,-3.9302826
0.065774,-3.9302826
0.065776,-3.745357
0.065778,-3.329275
0.06578,-2.728267
0.065782,-1.9885652
0.065784,-1.202632
0.065786,-0.27800417
0.065788,0.64662313
0.06579,1.4787879
0.065792,2.3109517
0.065794,3.0044227
0.065796,3.5129685
0.065798,3.8365874
0.065799996,3.9752812
0.065802,3.8828197
0.065804,3.5591989
0.065806,3.0968862
0.065808,2.4496465
0.06581,1.6637135
0.065812,0.8315482
0.065814,-0.09307861
0.065816,-1.0177064
0.065818,-1.8036394
0.06582,-2.589573
0.065822,-3.1905808
0.065824,-3.6528945
0.065826,-3.8840513
0.065828,-3.9302826
0.06583,-3.7915885
0.065832,-3.4217377
0.065834,-2.866961
0.065836,-2.1272593
0.065838,-1.3413262
0.06584,-0.46292973
0.065842,0.46169758
0.065844,1.3863249
0.065845996,2.172258
0.065848,2.8657289
0.06585,3.420505
0.065852,3.7903562
0.065854,3.92905
0.065856,3.8828197
0.065858,3.6516623
0.06586,3.1893477
0.065862,2.5883412
0.065864,1.8024073
0.065866,0.970243
0.065868,0.045615196
0.06587,-0.83278084
0.065872,-1.6649456
0.065874,-2.4508786
0.065876,-3.098118
0.065878,-3.6066632
0.06588,-3.8840513
0.065882,-3.976514
0.065884,-3.8378198
0.065886,-3.467969
0.065888,-2.9594238
0.06589,-2.2659533
0.065892,-1.48002
0.065894,-0.601624
0.065896,0.3230033
0.065898,1.2013993
0.0659,2.033564
0.065902,2.7732663
0.065904,3.3280425
0.065906,3.744125
0.065908,3.92905
0.06591,3.92905
0.065912,3.6978936
0.065914,3.2818112
0.065916,2.6808028
0.065918,1.9411016
0.06592,1.1089368
0.065922,0.23054075
0.065923996,-0.694087
0.065926,-1.5262513
0.065928,-2.3121846
0.06593,-3.0056553
0.065932,-3.5142004
0.065934,-3.8378198
0.065936,-3.976514
0.065938,-3.8840513
0.06594,-3.5604317
0.065942,-3.0518866
0.065944,-2.4046474
0.065946,-1.6187139
0.065948,-0.7403178
0.06595,0.184309
0.065952,1.0627055
0.065954,1.8948698
0.065956,2.6345725
0.065958,3.23558
0.06596,3.6978936
0.065962,3.92905
0.065964,3.92905
0.065966,3.744125
0.065968,3.3742738
0.065969996,2.8194976
0.065972,2.0797954
0.065974,1.2938623
0.065976,-0.09307861
0.065978,0.64662313
0.06598,1.4787879
0.065982,2.3109517
0.065984,3.0044227
0.065986,3.5129685
0.065988,3.8828197
0.06599,4.0215135
0.065992,3.92905
0.065994,3.6516623
0.065996,3.1893477
0.065998,2.542109
0.066,1.8024073
0.066002,0.970243
0.066004,0.045615196
0.066006,-0.8790121
0.066008,-1.7111769
0.06601,-2.4971101
0.066012,-3.1443493
0.066014,-3.6066632
0.066016,-3.8840513
0.066018,-3.9302826
0.06602,-3.7915885
0.066022,-3.467969
0.066024,-2.9131925
0.066026,-2.2197218
0.066028,-1.4337888
0.06603,-0.55539227
0.066032,0.36923456
0.066034,1.2938623
0.066036,2.0797954
0.066038,2.8194976
0.06604,3.3742738
0.066042,3.744125
0.066044,3.92905
0.066046,3.92905
0.066048,3.6978936
0.06605,3.23558
0.066052,2.6345725
0.066054,1.8948698
0.066056,1.0627055
0.066058,0.184309
0.06606,-0.7403178
0.066062,-1.5724826
0.066064,-2.3584158
0.066066,-3.0518866
0.066068,-3.5604317
0.06607,-3.8378198
0.066072,-3.976514
0.066074,-3.8378198
0.066076,-3.5142004
0.066078,-3.0518866
0.06608,-2.3584158
0.066082,-1.5724826
0.066084,-0.694087
0.066086,0.23054075
0.066088,1.1089368
0.06609,1.9411016
0.066092,2.6808028
0.066093996,3.2818112
0.066096,3.6978936
0.066098,3.92905
0.0661,3.92905
0.066102,3.744125
0.066104,3.3280425
0.066106,2.7732663
0.066108,2.033564
0.06611,1.2476311
0.066112,0.3230033
0.066114,-0.601624
0.066116,-1.48002
0.066118,-2.2659533
0.06612,-2.9594238
0.066122,-3.467969
0.066124,-3.8378198
0.066126,-3.976514
0.066128,-3.8840513
0.06613,-3.6066632
0.066132,-3.1443493
0.066134,-2.4971101
0.066136,-1.7111769
0.066138,-0.8790121
0.06614,0.045615196
0.066142,0.970243
0.066144,1.8024073
0.066146,2.542109
0.066148,3.1893477
0.06615,3.6516623
0.066152,3.8828197
0.066154,3.92905
0.066156,3.7903562
0.066158,3.420505
0.06616,2.8657289
0.066162,2.172258
0.066164,1.3863249
0.066166,0.50792885
0.066168,-0.41669846
0.06617,-1.2950945
0.066172,-2.1272593
0.066174,-2.8207297
0.066176,-3.3755062
0.066178,-3.7915885
0.06618,-3.9302826
0.066182,-3.9302826
0.066184,-3.6528945
0.066186,-3.236812
0.066188,-2.6358042
0.06619,-1.8498712
0.066192,-1.0177064
0.066194,-0.09307861
0.066196,0.8315482
0.066198,1.6637135
0.0662,2.4496465
0.066202,3.0968862
0.066204,3.5591989
0.066206,3.8828197
0.066208,3.9752812
0.06621,3.8365874
0.066212,3.5129685
0.066214,2.9581914
0.066216,2.3109517
0.066217996,1.5250192
0.06622,0.64662313
0.066222,-0.27800417
0.066224,-1.1564007
0.066226,-1.9885652
0.066228,-2.728267
0.06623,-3.329275
0.066232,-3.6991258
0.066234,-3.9302826
0.066236,-3.9302826
0.066238,-3.6991258
0.06624,-3.329275
0.066242,-2.728267
0.066244,-1.9885652
0.066246,-1.1564007
0.066248,-0.27800417
0.06625,0.64662313
0.066252,1.5250192
0.066254,2.3109517
0.066256,3.0044227
0.066258,3.5129685
0.06626,3.8365874
0.066262,3.9752812
0.066264,3.8828197
0.066266,3.5591989
0.066268,3.0968862
0.06627,2.4496465
0.066272,1.6637135
0.066274,0.7853174
0.066276,-0.09307861
0.066278,-1.0177064
0.06628,-1.8498712
0.066282,-2.589573
0.066284,-3.236812
0.066286,-3.6528945
0.066288,-3.9302826
0.06629,-3.9302826
0.066292,-3.7915885
0.066294,-3.3755062
0.066296,-2.866961
0.066298,-2.1272593
0.0663,-1.3413262
0.066302,-0.41669846
0.066304,0.50792885
0.066306,1.3863249
0.066308,2.172258
0.06631,2.8657289
0.066312,3.420505
0.066314,3.7903562
0.066316,3.92905
0.066318,3.8828197
0.06632,3.6516623
0.066322,3.1893477
0.066324,2.542109
0.066326,1.8024073
0.066328,0.970243
0.06633,0.045615196
0.066332,-0.8790121
0.066334,-1.7111769
0.066336,-2.4508786
0.066338,-3.098118
0.06634,-3.6066632
0.066341996,-3.8840513
0.066344,-3.976514
0.066346,-3.8378198
0.066348,-3.467969
0.06635,-2.9594238
0.066352,-2.2659533
0.066354,-1.48002
0.066356,-0.601624
0.066358,0.3230033
0.06636,1.2476311
0.066362,2.033564
0.066364,2.7732663
0.066366,3.3742738
0.066368,3.744125
0.06637,3.92905
0.066372,3.92905
0.066374,3.6978936
0.066376,3.2818112
0.066378,2.6808028
0.06638,1.9411016
0.066382,1.1089368
0.066384,0.23054075
0.066386,-0.694087
0.066388,-1.5724826
0.06639,-2.3584158
0.066392,-3.0056553
0.066394,-3.5142004
0.066396,-2.3584158
0.066398,1.3400936
0.0664,3.7903562
0.066402,3.5591989
0.066404,3.050654
0.066406,2.4034152
0.066408,1.6174817
0.06641,0.7390857
0.066412,-0.18554163
0.066414,-1.0639377
0.066416,-1.8961024
0.066418,-2.6358042
0.06642,-3.236812
0.066422,-3.6991258
0.066424,-3.9302826
0.066426,-3.9302826
0.066428,-3.745357
0.06643,-3.3755062
0.066432,-2.7744985
0.066434,-2.081028
0.066436,-1.2488632
0.066438,-0.3704667
0.06644,0.5541601
0.066442,1.4787879
0.066444,2.2647214
0.066446,2.9119601
0.066448,3.4667363
0.06645,3.8365874
0.066452,3.9752812
0.066454,3.8828197
0.066456,3.605431
0.066458,3.1431174
0.06646,2.4958777
0.066462,1.756176
0.066464,0.92401123
0.066465996,-6.160736E-4
0.066468,-0.9252434
0.06647,-1.7574081
0.066472,-2.4971101
0.066474,-3.1443493
0.066476,-3.6066632
0.066478,-3.8840513
0.06648,-3.9302826
0.066482,-3.7915885
0.066484,-3.4217377
0.066486,-2.9131925
0.066488,-2.2197218
0.06649,-1.4337888
0.066492,-0.5091615
0.066494,0.4154663
0.066496,1.2938623
0.066498,2.126027
0.0665,2.8194976
0.066502,3.3742738
0.066504,3.7903562
0.066506,3.92905
0.066508,3.92905
0.06651,3.6978936
0.066512,3.23558
0.066514,2.6345725
0.066516,1.8948698
0.066518,1.0627055
0.06652,0.13807821
0.066522,-0.78654957
0.066524,-1.6187139
0.066526,-2.4046474
0.066528,-3.0518866
0.06653,-3.5604317
0.066532,-3.8378198
0.066534,-3.976514
0.066536,-3.8378198
0.066538,-3.5142004
0.06654,-3.0056553
0.066542,-2.3584158
0.066544,-1.5262513
0.066546,-0.694087
0.066548,0.23054075
0.06655,1.1551685
0.066552,1.9873328
0.066554,2.727035
0.066556,3.2818112
0.066558,3.6978936
0.06656,3.92905
0.066562,3.92905
0.066564,3.744125
0.066566,3.3280425
0.066568,2.727035
0.06657,2.033564
0.066572,1.2013993
0.066574,0.3230033
0.066576,-0.601624
0.066578,-1.48002
0.06658,-2.2659533
0.066582,-2.9594238
0.066584,-3.467969
0.066586,-3.8378198
0.066588,-3.976514
0.066589996,-3.8840513
0.066592,-3.6066632
0.066594,-3.098118
0.066596,-2.4508786
0.066598,-1.6649456
0.0666,-0.83278084
0.066602,0.091846466
0.066604,1.0164738
0.066606,1.8486385
0.066608,2.5883412
0.06661,3.1893477
0.066612,3.6516623
0.066614,3.92905
0.066616,3.92905
0.066618,3.7903562
0.06662,3.420505
0.066622,2.8657289
0.066624,2.172258
0.066626,1.3400936
0.066628,0.46169758
0.06663,-0.46292973
0.066632,-1.3413262
0.066634,-2.1272593
0.066636,-2.8207297
0.066638,-3.4217377
0.06664,-3.7915885
0.066642,-3.9302826
0.066644,-3.8840513
0.066646,-3.6528945
0.066648,-3.1905808
0.06665,-2.589573
0.066652,-1.8498712
0.066654,-0.9714751
0.066656,-0.09307861
0.066658,0.8315482
0.06666,1.7099442
0.066662,2.4496465
0.066664,3.0968862
0.066666,3.605431
0.066668,3.8828197
0.06667,3.9752812
0.066672,3.8365874
0.066674,3.4667363
0.066676,2.9581914
0.066678,2.2647214
0.06668,1.4787879
0.066682,0.64662313
0.066684,-0.27800417
0.066686,-1.202632
0.066688,-1.9885652
0.06669,-2.728267
0.066692,-3.329275
0.066694,-3.745357
0.066696,-3.9302826
0.066698,-3.9302826
0.0667,-3.6991258
0.066702,-3.2830436
0.066704,-2.728267
0.066706,-1.9885652
0.066708,-1.1564007
0.06671,-0.2317729
0.066712,0.6928544
0.066713996,1.5250192
0.066716,2.357184
0.066718,3.0044227
0.06672,3.5129685
0.066722,3.8365874
0.066724,3.9752812
0.066726,3.8828197
0.066728,3.5591989
0.06673,3.050654
0.066732,2.4034152
0.066734,1.6174817
0.066736,0.7853174
0.066738,-0.13931036
0.06674,-1.0177064
0.066742,-1.8498712
0.066744,-2.589573
0.066746,-3.236812
0.066748,-3.6528945
0.06675,-3.9302826
0.066752,-3.9302826
0.066754,-3.745357
0.066756,-3.3755062
0.066758,-2.8207297
0.066759996,-2.1272593
0.066762,-1.2950945
0.066764,-0.41669846
0.066766,0.50792885
0.066768,1.4325566
0.06677,2.2184901
0.066772,2.9119601
0.066774,3.4667363
0.066776,3.7903562
0.066778,3.9752812
0.06678,3.8828197
0.066782,3.605431
0.066784,3.1893477
0.066786,2.542109
0.066788,1.756176
0.06679,0.92401123
0.066792,0.045615196
0.066794,-0.8790121
0.066796,-1.7111769
0.066798,-2.4971101
0.0668,-3.1443493
0.066802,-3.6066632
0.066804,-3.8840513
0.066806,-3.9302826
0.066808,-3.7915885
0.06681,-3.467969
0.066812,-2.9131925
0.066814,-2.2659533
0.066816,-0.5091615
0.066818,0.46169758
0.06682,-0.41669846
0.066822,-1.2950945
0.066824,-2.1272593
0.066826,-2.8207297
0.066828,-3.4217377
0.06683,-3.7915885
0.066832,-3.976514
0.066834,-3.976514
0.066836,-3.745357
0.066837996,-3.329275
0.06684,-2.728267
0.066842,-1.9423337
0.066844,-1.1101689
0.066846,-0.2317729
0.066848,0.6928544
0.06685,1.5712504
0.066852,2.357184
0.066854,3.0044227
0.066856,3.5129685
0.066858,3.8365874
0.06686,3.92905
0.066862,3.8365874
0.066864,3.5129685
0.066866,3.0044227
0.066868,2.357184
0.06687,1.5712504
0.066872,0.7390857
0.066874,-0.18554163
0.066876,-1.1101689
0.066878,-1.8961024
0.06688,-2.6820357
0.066882,-3.2830436
0.066883996,-3.6991258
0.066886,-3.9302826
0.066888,-3.9302826
0.06689,-3.745357
0.066892,-3.3755062
0.066894,-2.7744985
0.066896,-2.081028
0.066898,-1.2488632
0.0669,-0.32423592
0.066902,0.60039186
0.066904,1.4787879
0.066906,2.2647214
0.066908,2.9581914
0.06691,3.4667363
0.066912,3.8365874
0.066914,3.9752812
0.066916,3.8828197
0.066918,3.605431
0.06692,3.1431174
0.066922,2.4958777
0.066924,1.7099442
0.066926,0.87777996
0.066928,-0.046847343
0.06693,-0.9252434
0.066932,-1.7574081
0.066934,-2.5433414
0.066936,-3.1905808
0.066938,-3.6528945
0.06694,-3.8840513
0.066942,-3.9302826
0.066944,-3.7915885
0.066946,-3.4217377
0.066948,-2.9131925
0.06695,-2.2197218
0.066952,-1.387557
0.066954,-0.5091615
0.066956,0.4154663
0.066958,1.3400936
0.06696,2.126027
0.066961996,2.8194976
0.066964,3.3742738
0.066966,3.7903562
0.066968,3.92905
0.06697,3.92905
0.066972,3.6516623
0.066974,3.23558
0.066976,2.6345725
0.066978,1.8486385
0.06698,1.0164738
0.066982,0.13807821
0.066984,-0.78654957
0.066986,-1.6187139
0.066988,-2.4046474
0.06699,-3.0518866
0.066992,-3.5604317
0.066994,-3.8840513
0.066996,-3.976514
0.066998,-3.8378198
0.067,-3.5142004
0.067002,-3.0056553
0.067004,-2.3121846
0.067006,-1.5262513
0.067007996,-0.6478553
0.06701,0.27677202
0.067012,1.1551685
0.067014,1.9873328
0.067016,2.727035
0.067018,3.3280425
0.06702,3.6978936
0.067022,3.92905
0.067024,3.92905
0.067026,3.744125
0.067028,3.3280425
0.06703,2.727035
0.067032,1.9873328
0.067034,1.2013993
0.067036,0.27677202
0.067038,-0.6478553
0.06704,-1.48002
0.067042,-2.2659533
0.067044,-2.9594238
0.067046,-3.5142004
0.067048,-3.8378198
0.06705,-3.976514
0.067052,-3.8840513
0.067054,-3.5604317
0.067056,-3.098118
0.067058,-2.4508786
0.06706,-1.6649456
0.067062,-0.83278084
0.067064,0.091846466
0.067066,1.0164738
0.067068,1.8486385
0.06707,2.5883412
0.067072,3.23558
0.067074,3.6516623
0.067076,3.92905
0.067078,3.92905
0.06708,3.7903562
0.067082,3.420505
0.067084,2.8657289
0.067085996,2.126027
0.067088,1.3400936
0.06709,0.46169758
0.067092,-0.46292973
0.067094,-1.3413262
0.067096,-2.1272593
0.067098,-2.866961
0.0671,-3.4217377
0.067102,-3.7915885
0.067104,-3.9302826
0.067106,-3.8840513
0.067108,-3.6528945
0.06711,-3.1905808
0.067112,-2.589573
0.067114,-1.8036394
0.067116,-0.9714751
0.067118,-0.046847343
0.06712,0.87777996
0.067122,1.7099442
0.067124,2.4958777
0.067126,3.1431174
0.067128,3.605431
0.06713,3.8828197
0.067131996,3.9752812
0.067134,3.8365874
0.067136,3.4667363
0.067138,2.9581914
0.06714,2.2647214
0.067142,1.4787879
0.067144,0.60039186
0.067146,-0.32423592
0.067148,-1.202632
0.06715,-2.0347965
0.067152,-2.728267
0.067154,-3.329275
0.067156,-3.745357
0.067158,-3.9302826
0.06716,-3.9302826
0.067162,-3.6991258
0.067164,-3.2830436
0.067166,-2.6820357
0.067168,-1.9423337
0.06717,-1.1564007
0.067172,-0.2317729
0.067174,0.6928544
0.067176,1.5712504
0.067178,2.357184
0.06718,3.0044227
0.067182,3.5129685
0.067184,3.8365874
0.067186,3.9752812
0.067188,3.8828197
0.06719,3.5591989
0.067192,3.050654
0.067194,2.4034152
0.067196,1.6174817
0.067198,0.7853174
0.0672,-0.13931036
0.067202,-1.0639377
0.067204,-1.8961024
0.067206,-2.6358042
0.067208,-3.236812
0.06721,-3.6991258
0.067212,-3.9302826
0.067214,-3.9302826
0.067216,-3.745357
0.067218,-3.3755062
0.06722,-2.8207297
0.067222,-2.081028
0.067224,-1.2950945
0.067226,-0.3704667
0.067228,0.5541601
0.06723,1.4325566
0.067232,2.2184901
0.067234,2.9119601
0.067236,2.357184
0.067238,-1.0639377
0.06724,-3.7915885
0.067242,-3.9302826
0.067244,-3.6528945
0.067246,-3.1905808
0.067248,-2.5433414
0.06725,-1.7574081
0.067252,-0.9252434
0.067254,-6.160736E-4
0.067255996,0.92401123
0.067258,1.756176
0.06726,2.4958777
0.067262,3.1431174
0.067264,3.605431
0.067266,3.8828197
0.067268,3.92905
0.06727,3.7903562
0.067272,3.420505
0.067274,2.9119601
0.067276,2.2184901
0.067278,1.4325566
0.06728,0.5541601
0.067282,-0.3704667
0.067284,-1.2950945
0.067286,-2.081028
0.067288,-2.7744985
0.06729,-3.3755062
0.067292,-3.745357
0.067294,-3.9302826
0.067296,-3.9302826
0.067298,-3.6991258
0.0673,-3.236812
0.067302,-2.6358042
0.067304,-1.8961024
0.067306,-1.0639377
0.067308,-0.18554163
0.06731,0.7390857
0.067312,1.6174817
0.067314,2.4034152
0.067316,3.050654
0.067318,3.5591989
0.06732,3.8365874
0.067322,3.9752812
0.067324,3.8365874
0.067326,3.5129685
0.067328,3.0044227
0.06733,2.357184
0.067332,1.5712504
0.067334,0.6928544
0.067336,-0.2317729
0.067338,-1.1101689
0.06734,-1.9423337
0.067342,-2.6820357
0.067344,-3.2830436
0.067346,-3.6991258
0.067348,-3.9302826
0.06735,-3.9302826
0.067352,-3.745357
0.067354,-3.329275
0.067356,-2.7744985
0.067358,-2.0347965
0.06736,-1.2488632
0.067362,-0.32423592
0.067364,0.60039186
0.067366,1.4787879
0.067368,2.2647214
0.06737,2.9581914
0.067372,3.4667363
0.067374,3.8365874
0.067376,3.9752812
0.067378,3.8828197
0.067379996,3.605431
0.067382,3.0968862
0.067384,2.4496465
0.067386,1.7099442
0.067388,0.87777996
0.06739,-0.046847343
0.067392,-0.9714751
0.067394,-1.8036394
0.067396,-2.5433414
0.067398,-3.1905808
0.0674,-3.6528945
0.067402,-3.8840513
0.067404,-3.9302826
0.067406,-3.7915885
0.067408,-3.4217377
0.06741,-2.866961
0.067412,-2.1734905
0.067414,-1.387557
0.067416,-0.46292973
0.067418,0.46169758
0.06742,1.3400936
0.067422,2.126027
0.067424,2.8657289
0.067426,3.420505
0.067428,3.7903562
0.06743,3.92905
0.067432,3.92905
0.067434,3.6516623
0.067436,3.23558
0.067438,2.5883412
0.06744,1.8486385
0.067442,1.0164738
0.067444,0.091846466
0.067446,-0.78654957
0.067448,-1.6649456
0.06745,-2.4508786
0.067452,-3.098118
0.067454,-3.5604317
0.067456,-3.8840513
0.067458,-3.976514
0.06746,-3.8378198
0.067462,-3.5142004
0.067464,-3.0056553
0.067466,-2.3121846
0.067468,-1.48002
0.06747,-0.6478553
0.067472,0.27677202
0.067474,1.2013993
0.067476,1.9873328
0.067478,2.727035
0.06748,3.3280425
0.067482,3.744125
0.067484,3.92905
0.067486,3.92905
0.067488,3.6978936
0.06749,3.2818112
0.067492,2.727035
0.067494,1.9873328
0.067496,1.1551685
0.067498,0.27677202
0.0675,-0.6478553
0.067502,-1.5262513
0.067503996,-2.3121846
0.067506,-3.0056553
0.067508,-3.5142004
0.06751,-3.8378198
0.067512,-3.976514
0.067514,-3.8840513
0.067516,-3.5604317
0.067518,-3.098118
0.06752,-2.4508786
0.067522,-1.6649456
0.067524,-0.78654957
0.067526,0.13807821
0.067528,1.0164738
0.06753,1.8486385
0.067532,2.6345725
0.067534,3.23558
0.067536,3.6516623
0.067538,3.92905
0.06754,3.92905
0.067542,3.7903562
0.067544,3.3742738
0.067546,2.8194976
0.067548,2.126027
0.06755,1.2938623
0.067552,0.4154663
0.067554,-0.5091615
0.067556,-1.387557
0.067558,-2.1734905
0.06756,-2.866961
0.067562,-3.4217377
0.067564,-3.7915885
0.067566,-3.9302826
0.067568,-3.8840513
0.06757,-3.6528945
0.067572,-3.1905808
0.067574,-2.5433414
0.067576,-1.8036394
0.067578,-0.9714751
0.06758,-0.046847343
0.067582,0.87777996
0.067584,1.7099442
0.067586,2.4958777
0.067588,3.1431174
0.06759,3.605431
0.067592,3.8828197
0.067594,3.9752812
0.067596,3.8365874
0.067598,3.4667363
0.0676,2.9581914
0.067602,2.2647214
0.067604,1.4787879
0.067606,0.60039186
0.067608,-0.32423592
0.06761,-1.2488632
0.067612,-2.0347965
0.067614,-2.7744985
0.067616,-3.329275
0.067618,-3.745357
0.06762,-3.9302826
0.067622,-3.9302826
0.067624,-3.6991258
0.067626,-3.2830436
0.067627996,-2.6820357
0.06763,-1.9423337
0.067632,-1.1101689
0.067634,-0.18554163
0.067636,0.7390857
0.067638,1.5712504
0.06764,2.357184
0.067642,3.050654
0.067644,3.5591989
0.067646,3.8365874
0.067648,3.9752812
0.06765,3.8365874
0.067652,3.5591989
0.067654,3.050654
0.067656,1.8948698
0.067658,-1.1101689
0.06766,-0.6478553
0.067662,0.27677202
0.067664,1.1551685
0.067666,1.9873328
0.067668,2.727035
0.06767,3.3280425
0.067672,3.744125
0.067674,3.9752812
0.067676,3.9752812
0.067678,3.7903562
0.06768,3.3742738
0.067682,2.8194976
0.067684,2.0797954
0.067686,1.2938623
0.067688,0.36923456
0.06769,-0.5091615
0.067692,-1.4337888
0.067694,-2.2197218
0.067696,-2.9131925
0.067698,-3.4217377
0.0677,-3.7915885
0.067702,-3.9302826
0.067704,-3.8840513
0.067706,-3.6066632
0.067708,-3.1443493
0.06771,-2.4971101
0.067712,-1.7574081
0.067714,-0.8790121
0.067716,0.045615196
0.067718,0.92401123
0.06772,1.756176
0.067722,2.542109
0.067724,3.1893477
0.067726,3.6516623
0.067728,3.8828197
0.06773,3.9752812
0.067732,3.7903562
0.067734,3.4667363
0.067736,2.9119601
0.067738,2.2184901
0.06774,1.4325566
0.067742,0.50792885
0.067744,-0.3704667
0.067746,-1.2950945
0.067748,-2.081028
0.06775,-2.8207297
0.067751996,-3.3755062
0.067754,-3.745357
0.067756,-3.9302826
0.067758,-3.9302826
0.06776,-3.6991258
0.067762,-3.236812
0.067764,-2.6358042
0.067766,-1.8961024
0.067768,-1.0639377
0.06777,-0.13931036
0.067772,0.7853174
0.067774,1.6174817
0.067776,2.4034152
0.067778,3.050654
0.06778,3.5591989
0.067782,3.8828197
0.067784,3.9752812
0.067786,3.8365874
0.067788,3.5129685
0.06779,3.0044227
0.067792,2.3109517
0.067794,1.5250192
0.067796,0.6928544
0.067797996,-0.2317729
0.0678,-1.1564007
0.067802,-1.9423337
0.067804,-2.6820357
0.067806,-3.2830436
0.067808,-3.6991258
0.06781,-3.9302826
0.067812,-3.9302826
0.067814,-3.745357
0.067816,-3.329275
0.067818,-2.7744985
0.06782,-2.0347965
0.067822,-1.202632
0.067824,-0.32423592
0.067826,0.60039186
0.067828,1.4787879
0.06783,2.2647214
0.067832,2.9581914
0.067834,3.5129685
0.067836,3.8365874
0.067838,3.9752812
0.06784,3.8828197
0.067842,3.605431
0.067844,3.0968862
0.067846,2.4496465
0.067848,1.6637135
0.06785,0.8315482
0.067852,-0.09307861
0.067854,-0.9714751
0.067856,-1.8036394
0.067858,-2.5433414
0.06786,-3.1905808
0.067862,-3.6528945
0.067864,-3.8840513
0.067866,-3.9302826
0.067868,-3.7915885
0.06787,-3.4217377
0.067872,-2.866961
0.067874,-2.1734905
0.067875996,-1.3413262
0.067878,-0.46292973
0.06788,0.46169758
0.067882,1.3400936
0.067884,2.172258
0.067886,2.8657289
0.067888,3.420505
0.06789,3.7903562
0.067892,3.92905
0.067894,3.8828197
0.067896,3.6516623
0.067898,3.1893477
0.0679,2.5883412
0.067902,1.8024073
0.067904,1.0164738
0.067906,0.091846466
0.067908,-0.83278084
0.06791,-1.6649456
0.067912,-2.4508786
0.067914,-3.098118
0.067916,-3.5604317
0.067918,-3.8840513
0.06792,-3.976514
0.067921996,-3.8378198
0.067924,-3.5142004
0.067926,-2.9594238
0.067928,-2.3121846
0.06793,-1.48002
0.067932,-0.601624
0.067934,0.3230033
0.067936,1.2013993
0.067938,2.033564
0.06794,2.727035
0.067942,3.3280425
0.067944,3.744125
0.067946,3.92905
0.067948,3.92905
0.06795,3.6978936
0.067952,3.2818112
0.067954,2.6808028
0.067956,1.9873328
0.067958,1.1551685
0.06796,0.23054075
0.067962,-0.6478553
0.067964,-1.5262513
0.067966,-2.3121846
0.067968,-3.0056553
0.06797,-3.5142004
0.067972,-3.8378198
0.067974,-3.976514
0.067976,-3.8840513
0.067978,-3.5604317
0.06798,-3.098118
0.067982,-2.4046474
0.067984,-1.6187139
0.067986,-0.78654957
0.067988,0.13807821
0.06799,1.0627055
0.067992,1.8948698
0.067994,2.6345725
0.067996,3.23558
0.067998,3.6978936
0.067999996,3.92905
0.068002,3.92905
0.068004,3.744125
0.068006,3.3742738
0.068008,2.8194976
0.06801,2.126027
0.068012,1.2938623
0.068014,0.4154663
0.068016,-0.5091615
0.068018,-1.387557
0.06802,-2.1734905
0.068022,-2.866961
0.068024,-3.4217377
0.068026,-3.7915885
0.068028,-3.9302826
0.06803,-3.8840513
0.068032,-3.6528945
0.068034,-3.1905808
0.068036,-2.5433414
0.068038,-1.7574081
0.06804,-0.9252434
0.068042,-6.160736E-4
0.068044,0.87777996
0.068045996,1.756176
0.068048,2.4958777
0.06805,3.1431174
0.068052,3.605431
0.068054,3.8828197
0.068056,3.9752812
0.068058,3.7903562
0.06806,3.4667363
0.068062,2.9119601
0.068064,2.2184901
0.068066,1.4325566
0.068068,0.5541601
0.06807,-0.3704667
0.068072,-1.2488632
0.068074,-2.0347965
0.068076,-2.3584158
0.068078,1.1551685
0.06808,3.6978936
0.068082,3.9752812
0.068084,3.9752812
0.068086,3.744125
0.068088,3.2818112
0.06809,2.6808028
0.068092,1.9411016
0.068094,1.1089368
0.068096,0.184309
0.068098,-0.694087
0.0681,-1.5724826
0.068102,-2.3584158
0.068104,-3.0056553
0.068106,-3.5142004
0.068108,-3.8378198
0.06811,-3.9302826
0.068112,-3.8378198
0.068114,-3.5142004
0.068116,-3.0056553
0.068118,-2.3584158
0.06812,-1.5724826
0.068122,-0.694087
0.068123996,0.23054075
0.068126,1.1089368
0.068128,1.9411016
0.06813,2.6808028
0.068132,3.2818112
0.068134,3.6978936
0.068136,3.92905
0.068138,3.92905
0.06814,3.744125
0.068142,3.3742738
0.068144,2.7732663
0.068146,2.033564
0.068148,1.2476311
0.06815,0.3230033
0.068152,-0.55539227
0.068154,-1.4337888
0.068156,-2.2197218
0.068158,-2.9131925
0.06816,-3.467969
0.068162,-3.7915885
0.068164,-3.9302826
0.068166,-3.8840513
0.068168,-3.6066632
0.068169996,-3.1443493
0.068172,-2.4971101
0.068174,-1.7111769
0.068176,-0.8790121
0.068178,0.045615196
0.06818,0.970243
0.068182,1.8024073
0.068184,2.542109
0.068186,3.1893477
0.068188,3.6516623
0.06819,3.8828197
0.068192,3.9752812
0.068194,3.7903562
0.068196,3.420505
0.068198,2.8657289
0.0682,2.172258
0.068202,1.3863249
0.068204,0.50792885
0.068206,-0.41669846
0.068208,-1.2950945
0.06821,-2.081028
0.068212,-2.8207297
0.068214,-3.3755062
0.068216,-3.745357
0.068218,-3.9302826
0.06822,-3.9302826
0.068222,-3.6528945
0.068224,-3.236812
0.068226,-2.6358042
0.068228,-1.8498712
0.06823,-1.0177064
0.068232,-0.09307861
0.068234,0.7853174
0.068236,1.6637135
0.068238,2.4496465
0.06824,3.0968862
0.068242,3.5591989
0.068244,3.8828197
0.068246,3.9752812
0.068247996,3.8365874
0.06825,3.5129685
0.068252,3.0044227
0.068254,2.3109517
0.068256,1.5250192
0.068258,0.64662313
0.06826,-0.27800417
0.068262,-1.1564007
0.068264,-1.9885652
0.068266,-2.6820357
0.068268,-3.2830436
0.06827,-3.6991258
0.068272,-3.9302826
0.068274,-3.9302826
0.068276,-3.745357
0.068278,-3.329275
0.06828,-2.728267
0.068282,-1.9885652
0.068284,-1.202632
0.068286,-0.27800417
0.068288,0.64662313
0.06829,1.5250192
0.068292,2.3109517
0.068293996,3.0044227
0.068296,3.5129685
0.068298,3.8365874
0.0683,3.9752812
0.068302,3.8828197
0.068304,3.5591989
0.068306,3.0968862
0.068308,2.4496465
0.06831,1.6637135
0.068312,0.8315482
0.068314,-0.09307861
0.068316,-1.0177064
0.068318,-1.8498712
0.06832,-2.589573
0.068322,-3.1905808
0.068324,-3.6528945
0.068326,-3.8840513
0.068328,-3.9302826
0.06833,-3.7915885
0.068332,-3.4217377
0.068334,-2.866961
0.068336,-2.1272593
0.068338,-1.3413262
0.06834,-0.41669846
0.068342,0.50792885
0.068344,1.3863249
0.068346,2.172258
0.068348,2.8657289
0.06835,3.420505
0.068352,3.7903562
0.068354,3.9752812
0.068356,3.8828197
0.068358,3.6516623
0.06836,3.1893477
0.068362,2.542109
0.068364,1.8024073
0.068366,0.970243
0.068368,0.045615196
0.06837,-0.83278084
0.068372,-1.6649456
0.068374,-2.4508786
0.068376,-3.098118
0.068378,-3.6066632
0.06838,-3.8840513
0.068382,-3.976514
0.068384,-3.8378198
0.068386,-3.467969
0.068388,-2.9594238
0.06839,-2.2659533
0.068392,-1.48002
0.068394,-0.601624
0.068396,0.3230033
0.068398,1.2476311
0.0684,2.033564
0.068402,2.7732663
0.068404,3.3280425
0.068406,3.744125
0.068408,3.92905
0.06841,3.92905
0.068412,3.6978936
0.068414,3.2818112
0.068416,2.6808028
0.068417996,1.9411016
0.06842,1.1089368
0.068422,0.23054075
0.068424,-0.694087
0.068426,-1.5262513
0.068428,-2.3121846
0.06843,-3.0056553
0.068432,-3.5142004
0.068434,-3.8378198
0.068436,-3.976514
0.068438,-3.8378198
0.06844,-3.5604317
0.068442,-3.0518866
0.068444,-2.4046474
0.068446,-1.6187139
0.068448,-0.7403178
0.06845,0.184309
0.068452,1.0627055
0.068454,1.8948698
0.068456,2.6345725
0.068458,3.2818112
0.06846,3.6978936
0.068462,3.92905
0.068464,3.92905
0.068466,3.744125
0.068468,3.3742738
0.06847,2.8194976
0.068472,2.0797954
0.068474,1.2938623
0.068476,0.36923456
0.068478,-0.55539227
0.06848,-1.4337888
0.068482,-2.2197218
0.068484,-2.9131925
0.068486,-3.467969
0.068488,-3.7915885
0.06849,-3.976514
0.068492,-3.8840513
0.068494,-3.6066632
0.068496,-3.0518866
0.068498,0.36923456
0.0685,1.6637135
0.068502,0.8315482
0.068504,-0.046847343
0.068506,-0.9714751
0.068508,-1.8036394
0.06851,-2.5433414
0.068512,-3.1905808
0.068514,-3.6528945
0.068516,-3.9302826
0.068518,-3.976514
0.06852,-3.8378198
0.068522,-3.467969
0.068524,-2.9594238
0.068526,-2.2659533
0.068528,-1.4337888
0.06853,-0.55539227
0.068532,0.36923456
0.068534,1.2476311
0.068536,2.0797954
0.068538,2.8194976
0.06854,3.3742738
0.068541996,3.744125
0.068544,3.92905
0.068546,3.92905
0.068548,3.6516623
0.06855,3.23558
0.068552,2.6345725
0.068554,1.8948698
0.068556,1.0627055
0.068558,0.184309
0.06856,-0.7403178
0.068562,-1.5724826
0.068564,-2.3584158
0.068566,-3.0518866
0.068568,-3.5604317
0.06857,-3.8378198
0.068572,-3.976514
0.068574,-3.8378198
0.068576,-3.5142004
0.068578,-3.0518866
0.06858,-2.3584158
0.068582,-1.5724826
0.068584,-0.694087
0.068586,0.23054075
0.068588,1.1089368
0.06859,1.9411016
0.068592,2.6808028
0.068594,3.2818112
0.068596,3.6978936
0.068598,3.92905
0.0686,3.92905
0.068602,3.744125
0.068604,3.3280425
0.068606,2.7732663
0.068608,2.033564
0.06861,1.2013993
0.068612,0.3230033
0.068614,-0.601624
0.068616,-1.48002
0.068618,-2.2659533
0.06862,-2.9594238
0.068622,-3.467969
0.068624,-3.8378198
0.068626,-3.976514
0.068628,-3.8840513
0.06863,-3.6066632
0.068632,-3.1443493
0.068634,-2.4971101
0.068636,-1.7111769
0.068638,-0.83278084
0.06864,0.045615196
0.068642,0.970243
0.068644,1.8024073
0.068646,2.5883412
0.068648,3.1893477
0.06865,3.6516623
0.068652,3.8828197
0.068654,3.92905
0.068656,3.7903562
0.068658,3.420505
0.06866,2.8657289
0.068662,2.172258
0.068664,1.3863249
0.068665996,0.50792885
0.068668,-0.41669846
0.06867,-1.3413262
0.068672,-2.1272593
0.068674,-2.8207297
0.068676,-3.3755062
0.068678,-3.7915885
0.06868,-3.9302826
0.068682,-3.9302826
0.068684,-3.6528945
0.068686,-3.236812
0.068688,-2.589573
0.06869,-1.8498712
0.068692,-1.0177064
0.068694,-0.09307861
0.068696,0.8315482
0.068698,1.6637135
0.0687,2.4496465
0.068702,3.0968862
0.068704,3.605431
0.068706,3.8828197
0.068708,3.9752812
0.06871,3.8365874
0.068712,3.5129685
0.068714,2.9581914
0.068716,2.3109517
0.068718,1.4787879
0.06872,0.64662313
0.068722,-0.27800417
0.068724,-1.1564007
0.068726,-1.9885652
0.068728,-2.728267
0.06873,-3.329275
0.068732,-3.6991258
0.068734,-3.9302826
0.068736,-3.9302826
0.068738,-3.6991258
0.06874,-3.329275
0.068742,-2.728267
0.068744,-1.9885652
0.068746,-1.1564007
0.068748,-0.27800417
0.06875,0.64662313
0.068752,1.5250192
0.068754,2.3109517
0.068756,3.0044227
0.068758,3.5129685
0.06876,3.8365874
0.068762,3.9752812
0.068764,3.8828197
0.068766,3.5591989
0.068768,3.0968862
0.06877,2.4496465
0.068772,1.6637135
0.068774,0.7853174
0.068776,-0.13931036
0.068778,-1.0177064
0.06878,-1.8498712
0.068782,-2.589573
0.068784,-3.236812
0.068786,-3.6528945
0.068788,-3.9302826
0.068789996,-3.9302826
0.068792,-3.7915885
0.068794,-3.3755062
0.068796,-2.8207297
0.068798,-2.1272593
0.0688,-1.3413262
0.068802,-0.41669846
0.068804,0.50792885
0.068806,1.3863249
0.068808,2.172258
0.06881,2.9119601
0.068812,3.420505
0.068814,3.7903562
0.068816,3.92905
0.068818,3.8828197
0.06882,3.6516623
0.068822,3.1893477
0.068824,2.542109
0.068826,1.8024073
0.068828,0.970243
0.06883,0.045615196
0.068832,-0.8790121
0.068834,-1.7111769
0.068836,-2.4508786
0.068838,-3.1443493
0.06884,-3.6066632
0.068842,-3.8840513
0.068844,-3.9302826
0.068846,-3.7915885
0.068848,-3.467969
0.06885,-2.9594238
0.068852,-2.2659533
0.068854,-1.48002
0.068856,-0.601624
0.068858,0.3230033
0.06886,1.2476311
0.068862,2.0797954
0.068864,2.7732663
0.068866,3.3742738
0.068868,3.744125
0.06887,3.92905
0.068872,3.92905
0.068874,3.6978936
0.068876,3.2818112
0.068878,2.6808028
0.06888,1.9411016
0.068882,1.1089368
0.068884,0.184309
0.068886,-0.694087
0.068888,-1.5724826
0.06889,-2.3584158
0.068892,-3.0056553
0.068894,-3.5142004
0.068896,-3.8378198
0.068898,-3.976514
0.0689,-3.8378198
0.068902,-3.5604317
0.068904,-3.0518866
0.068906,-2.4046474
0.068908,-1.5724826
0.06891,-0.7403178
0.068912,0.184309
0.068913996,1.1089368
0.068916,1.9873328
0.068918,-1.2950945
0.06892,-3.2830436
0.068922,-3.745357
0.068924,-3.976514
0.068926,-3.976514
0.068928,-3.7915885
0.06893,-3.4217377
0.068932,-2.8207297
0.068934,-2.1272593
0.068936,-1.2950945
0.068938,-0.3704667
0.06894,0.5541601
0.068942,1.4325566
0.068944,2.2184901
0.068946,2.9119601
0.068948,3.4667363
0.06895,3.7903562
0.068952,3.92905
0.068954,3.8828197
0.068956,3.605431
0.068958,3.1431174
0.068959996,2.4958777
0.068962,1.7099442
0.068964,0.87777996
0.068966,-0.046847343
0.068968,-0.9252434
0.06897,-1.7574081
0.068972,-2.5433414
0.068974,-3.1905808
0.068976,-3.6528945
0.068978,-3.8840513
0.06898,-3.976514
0.068982,-3.7915885
0.068984,-3.467969
0.068986,-2.9131925
0.068988,-2.2197218
0.06899,-1.4337888
0.068992,-0.5091615
0.068994,0.4154663
0.068996,1.2938623
0.068998,2.126027
0.069,2.8194976
0.069002,3.3742738
0.069004,3.744125
0.069006,3.92905
0.069008,3.92905
0.06901,3.6516623
0.069012,3.23558
0.069014,2.6345725
0.069016,1.8948698
0.069018,1.0627055
0.06902,0.13807821
0.069022,-0.78654957
0.069024,-1.6187139
0.069026,-2.4046474
0.069028,-3.0518866
0.06903,-3.5604317
0.069032,-3.8840513
0.069034,-3.976514
0.069036,-3.8378198
0.069037996,-3.5142004
0.06904,-3.0056553
0.069042,-2.3584158
0.069044,-1.5262513
0.069046,-0.694087
0.069048,0.23054075
0.06905,1.1551685
0.069052,1.9873328
0.069054,2.727035
0.069056,3.2818112
0.069058,3.6978936
0.06906,3.92905
0.069062,3.92905
0.069064,3.744125
0.069066,3.3280425
0.069068,2.727035
0.06907,2.033564
0.069072,1.2013993
0.069074,0.27677202
0.069076,-0.601624
0.069078,-1.48002
0.06908,-2.2659533
0.069082,-2.9594238
0.069083996,-3.467969
0.069086,-3.8378198
0.069088,-3.976514
0.06909,-3.8840513
0.069092,-3.6066632
0.069094,-3.098118
0.069096,-2.4508786
0.069098,-1.6649456
0.0691,-0.83278084
0.069102,0.091846466
0.069104,1.0164738
0.069106,1.8486385
0.069108,2.5883412
0.06911,3.1893477
0.069112,3.6516623
0.069114,3.92905
0.069116,3.92905
0.069118,3.7903562
0.06912,3.420505
0.069122,2.8657289
0.069124,2.126027
0.069126,1.3400936
0.069128,0.46169758
0.06913,-0.46292973
0.069132,-1.3413262
0.069134,-2.1272593
0.069136,-2.866961
0.069138,-3.4217377
0.06914,-3.7915885
0.069142,-3.9302826
0.069144,-3.8840513
0.069146,-3.6528945
0.069148,-3.1905808
0.06915,-2.589573
0.069152,-1.8498712
0.069154,-0.9714751
0.069156,-0.09307861
0.069158,0.8315482
0.06916,1.7099442
0.069161996,2.4496465
0.069164,3.0968862
0.069166,3.605431
0.069168,3.8828197
0.06917,3.9752812
0.069172,3.8365874
0.069174,3.4667363
0.069176,2.9581914
0.069178,2.2647214
0.06918,1.4787879
0.069182,0.60039186
0.069184,-0.32423592
0.069186,-1.202632
0.069188,-1.9885652
0.06919,-2.728267
0.069192,-3.329275
0.069194,-3.745357
0.069196,-3.9302826
0.069198,-3.9302826
0.0692,-3.6991258
0.069202,-3.2830436
0.069204,-2.728267
0.069206,-1.9885652
0.069207996,-1.1564007
0.06921,-0.2317729
0.069212,0.6928544
0.069214,1.5250192
0.069216,2.357184
0.069218,3.0044227
0.06922,3.5129685
0.069222,3.8365874
0.069224,3.9752812
0.069226,3.8828197
0.069228,3.5591989
0.06923,3.050654
0.069232,2.4034152
0.069234,1.6174817
0.069236,0.7853174
0.069238,-0.13931036
0.06924,-1.0639377
0.069242,-1.8498712
0.069244,-2.6358042
0.069246,-3.236812
0.069248,-3.6528945
0.06925,-3.9302826
0.069252,-3.9302826
0.069254,-3.745357
0.069256,-3.3755062
0.069258,-2.8207297
0.06926,-2.1272593
0.069262,-1.2950945
0.069264,-0.41669846
0.069266,0.5541601
0.069268,1.4325566
0.06927,2.2184901
0.069272,2.9119601
0.069274,3.4667363
0.069276,3.7903562
0.069278,3.9752812
0.06928,3.8828197
0.069282,3.605431
0.069284,3.1431174
0.069285996,2.542109
0.069288,1.756176
0.06929,0.92401123
0.069292,-6.160736E-4
0.069294,-0.8790121
0.069296,-1.7111769
0.069298,-2.4971101
0.0693,-3.1443493
0.069302,-3.6066632
0.069304,-3.8840513
0.069306,-3.976514
0.069308,-3.7915885
0.06931,-3.467969
0.069312,-2.9131925
0.069314,-2.2197218
0.069316,-1.4337888
0.069318,-0.55539227
0.06932,0.36923456
0.069322,1.2476311
0.069324,2.0797954
0.069326,2.8194976
0.069328,3.3742738
0.06933,3.744125
0.069331996,3.92905
0.069334,3.92905
0.069336,3.6978936
0.069338,0.60039186
0.06934,-2.2659533
0.069342,-1.8498712
0.069344,-1.0639377
0.069346,-0.13931036
0.069348,0.7853174
0.06935,1.6174817
0.069352,2.4034152
0.069354,3.0968862
0.069356,3.5591989
0.069358,3.8828197
0.06936,3.9752812
0.069362,3.8828197
0.069364,3.5591989
0.069366,3.050654
0.069368,2.357184
0.06937,1.5712504
0.069372,0.7390857
0.069374,-0.18554163
0.069376,-1.1101689
0.069378,-1.8961024
0.06938,-2.6358042
0.069382,-3.236812
0.069384,-3.6991258
0.069386,-3.9302826
0.069388,-3.9302826
0.06939,-3.745357
0.069392,-3.329275
0.069394,-2.7744985
0.069396,-2.0347965
0.069398,-1.2488632
0.0694,-0.32423592
0.069402,0.60039186
0.069404,1.4787879
0.069406,2.2647214
0.069408,2.9581914
0.069409996,3.4667363
0.069412,3.8365874
0.069414,3.9752812
0.069416,3.8828197
0.069418,3.605431
0.06942,3.1431174
0.069422,2.4958777
0.069424,1.7099442
0.069426,0.87777996
0.069428,-0.046847343
0.06943,-0.9252434
0.069432,-1.7574081
0.069434,-2.5433414
0.069436,-3.1905808
0.069438,-3.6528945
0.06944,-3.8840513
0.069442,-3.9302826
0.069444,-3.7915885
0.069446,-3.4217377
0.069448,-2.9131925
0.06945,-2.1734905
0.069452,-1.387557
0.069454,-0.5091615
0.069455996,0.4154663
0.069458,1.3400936
0.06946,2.126027
0.069462,2.8194976
0.069464,3.3742738
0.069466,3.7903562
0.069468,3.92905
0.06947,3.92905
0.069472,3.6516623
0.069474,3.23558
0.069476,2.5883412
0.069478,1.8486385
0.06948,1.0164738
0.069482,0.13807821
0.069484,-0.78654957
0.069486,-1.6187139
0.069488,-2.4046474
0.06949,-3.0518866
0.069492,-3.5604317
0.069494,-3.8840513
0.069496,-3.976514
0.069498,-3.8378198
0.0695,-3.5142004
0.069502,-3.0056553
0.069504,-2.3121846
0.069506,-1.5262513
0.069508,-0.6478553
0.06951,0.27677202
0.069512,1.1551685
0.069514,1.9873328
0.069516,2.727035
0.069518,3.3280425
0.06952,3.744125
0.069522,3.92905
0.069524,3.92905
0.069526,3.6978936
0.069528,3.3280425
0.06953,2.727035
0.069532,1.9873328
0.069534,1.2013993
0.069536,0.27677202
0.069538,-0.6478553
0.06954,-1.48002
0.069542,-2.2659533
0.069544,-2.9594238
0.069546,-3.5142004
0.069548,-3.8378198
0.06955,-3.976514
0.069552,-3.8840513
0.069554,-3.6066632
0.069556,-3.098118
0.069558,-2.4508786
0.06956,-1.6649456
0.069562,-0.83278084
0.069564,0.091846466
0.069566,1.0164738
0.069568,1.8486385
0.06957,2.5883412
0.069572,3.23558
0.069574,3.6516623
0.069576,3.92905
0.069578,3.92905
0.069579996,3.7903562
0.069582,3.420505
0.069584,2.8194976
0.069586,2.126027
0.069588,1.3400936
0.06959,0.46169758
0.069592,-0.46292973
0.069594,-1.387557
0.069596,-2.1734905
0.069598,-2.866961
0.0696,-3.4217377
0.069602,-3.7915885
0.069604,-3.9302826
0.069606,-3.8840513
0.069608,-3.6528945
0.06961,-3.1905808
0.069612,-2.589573
0.069614,-1.8036394
0.069616,-0.9714751
0.069618,-0.046847343
0.06962,0.87777996
0.069622,1.7099442
0.069624,2.4958777
0.069626,3.1431174
0.069628,3.605431
0.06963,3.8828197
0.069632,3.9752812
0.069634,3.8365874
0.069636,3.4667363
0.069638,2.9581914
0.06964,2.2647214
0.069642,1.4787879
0.069644,0.60039186
0.069646,-0.32423592
0.069648,-1.202632
0.06965,-2.0347965
0.069652,-2.728267
0.069654,-3.329275
0.069656,-3.745357
0.069658,-3.9302826
0.06966,-3.9302826
0.069662,-3.6991258
0.069664,-3.2830436
0.069666,-2.6820357
0.069668,-1.9423337
0.06967,-1.1101689
0.069672,-0.2317729
0.069674,0.6928544
0.069676,1.5712504
0.069678,2.357184
0.06968,3.0044227
0.069682,3.5129685
0.069684,3.8365874
0.069686,3.9752812
0.069688,3.8365874
0.06969,3.5591989
0.069692,3.050654
0.069694,2.4034152
0.069696,1.6174817
0.069698,0.7390857
0.0697,-0.13931036
0.069702,-1.0639377
0.069703996,-1.8961024
0.069706,-2.6358042
0.069708,-3.236812
0.06971,-3.6991258
0.069712,-3.9302826
0.069714,-3.9302826
0.069716,-3.745357
0.069718,-3.3755062
0.06972,-2.8207297
0.069722,-2.081028
0.069724,-1.2950945
0.069726,-0.3704667
0.069728,0.5541601
0.06973,1.4325566
0.069732,2.2184901
0.069734,2.9119601
0.069736,3.4667363
0.069738,3.7903562
0.06974,3.9752812
0.069742,3.8828197
0.069744,3.605431
0.069746,3.1431174
0.069748,2.4958777
0.06975,1.756176
0.069752,0.92401123
0.069754,-6.160736E-4
0.069756,-0.9252434
0.069758,1.4787879
0.06976,2.5883412
0.069762,3.23558
0.069764,3.6978936
0.069766,3.92905
0.069768,4.0215135
0.06977,3.8365874
0.069772,3.4667363
0.069774,2.9581914
0.069776,2.2647214
0.069778,1.4787879
0.06978,0.5541601
0.069782,-0.3704667
0.069784,-1.2488632
0.069786,-2.0347965
0.069788,-2.7744985
0.06979,-3.329275
0.069792,-3.745357
0.069794,-3.9302826
0.069796,-3.8840513
0.069798,-3.6528945
0.0698,-3.236812
0.069802,-2.6358042
0.069804,-1.8961024
0.069806,-1.0639377
0.069808,-0.13931036
0.06981,0.7853174
0.069812,1.6174817
0.069814,2.4034152
0.069816,3.0968862
0.069818,3.5591989
0.06982,3.8828197
0.069822,3.9752812
0.069824,3.8365874
0.069826,3.5129685
0.069827996,3.0044227
0.06983,2.357184
0.069832,1.5712504
0.069834,0.6928544
0.069836,-0.2317729
0.069838,-1.1101689
0.06984,-1.9423337
0.069842,-2.6820357
0.069844,-3.2830436
0.069846,-3.6991258
0.069848,-3.9302826
0.06985,-3.9302826
0.069852,-3.745357
0.069854,-3.329275
0.069856,-2.7744985
0.069858,-2.0347965
0.06986,-1.202632
0.069862,-0.32423592
0.069864,0.60039186
0.069866,1.4787879
0.069868,2.2647214
0.06987,2.9581914
0.069872,3.5129685
0.069874,3.8365874
0.069876,3.9752812
0.069878,3.8828197
0.06988,3.605431
0.069882,3.0968862
0.069884,2.4496465
0.069886,1.7099442
0.069888,0.8315482
0.06989,-0.046847343
0.069892,-0.9714751
0.069894,-1.8036394
0.069896,-2.5433414
0.069898,-3.1905808
0.0699,-3.6528945
0.069902,-3.8840513
0.069904,-3.9302826
0.069906,-3.7915885
0.069908,-3.4217377
0.06991,-2.866961
0.069912,-2.1734905
0.069914,-1.387557
0.069916,-0.46292973
0.069918,0.46169758
0.06992,1.3400936
0.069922,2.126027
0.069924,2.8657289
0.069926,3.420505
0.069928,3.7903562
0.06993,3.92905
0.069932,3.92905
0.069934,3.6516623
0.069936,3.1893477
0.069938,2.5883412
0.06994,1.8486385
0.069942,1.0164738
0.069944,0.091846466
0.069946,-0.83278084
0.069948,-1.6649456
0.06995,-2.4508786
0.069951996,-3.098118
0.069954,-3.5604317
0.069956,-3.8840513
0.069958,-3.976514
0.06996,-3.8378198
0.069962,-3.5142004
0.069964,-3.0056553
0.069966,-2.3121846
0.069968,-1.48002
0.06997,-0.6478553
0.069972,0.27677202
0.069974,1.2013993
0.069976,2.033564
0.069978,2.727035
0.06998,3.3280425
0.069982,3.744125
0.069984,3.92905
0.069986,3.92905
0.069988,3.6978936
0.06999,3.2818112
0.069992,2.727035
0.069994,1.9873328
0.069996,1.1551685
0.069998,0.27677202
0.07,-0.6478553
0.070002,-1.5262513
0.070004,-2.3121846
0.070006,-3.0056553
0.070008,-3.5142004
0.07001,-3.8378198
0.070012,-3.976514
0.070014,-3.8840513
0.070016,-3.5604317
0.070018,-3.098118
0.07002,-2.4508786
0.070022,-1.6649456
0.070024,-0.78654957
0.070026,0.13807821
0.070028,1.0627055
0.07003,1.8486385
0.070032,2.6345725
0.070034,3.23558
0.070036,3.6516623
0.070038,3.92905
0.07004,3.92905
0.070042,3.744125
0.070044,3.3742738
0.070046,2.8194976
0.070048,2.126027
0.07005,1.2938623
0.070052,0.4154663
0.070054,-0.5091615
0.070056,-1.387557
0.070058,-2.1734905
0.07006,-2.866961
0.070062,-3.4217377
0.070064,-3.7915885
0.070066,-3.9302826
0.070068,-3.8840513
0.07007,-3.6528945
0.070072,-3.1905808
0.070074,-2.5433414
0.070075996,-1.8036394
0.070078,-0.9252434
0.07008,-0.046847343
0.070082,0.87777996
0.070084,1.7099442
0.070086,2.4958777
0.070088,3.1431174
0.07009,3.605431
0.070092,3.8828197
0.070094,3.9752812
0.070096,3.7903562
0.070098,3.4667363
0.0701,2.9119601
0.070102,2.2647214
0.070104,1.4787879
0.070106,0.5541601
0.070108,-0.32423592
0.07011,-1.2488632
0.070112,-2.0347965
0.070114,-2.7744985
0.070116,-3.329275
0.070118,-3.745357
0.07012,-3.9302826
0.070121996,-3.9302826
0.070124,-3.6991258
0.070126,-3.2830436
0.070128,-2.6820357
0.07013,-1.9423337
0.070132,-1.1101689
0.070134,-0.18554163
0.070136,0.7390857
0.070138,1.5712504
0.07014,2.357184
0.070142,3.050654
0.070144,3.5591989
0.070146,3.8365874
0.070148,3.9752812
0.07015,3.8365874
0.070152,3.5591989
0.070154,3.050654
0.070156,2.357184
0.070158,1.5712504
0.07016,0.7390857
0.070162,-0.18554163
0.070164,-1.0639377
0.070166,-1.8961024
0.070168,-2.6358042
0.07017,-3.236812
0.070172,-3.6991258
0.070174,-3.9302826
0.070176,-3.9302826
0.070178,-1.6187139
0.07018,2.0797954
0.070182,2.727035
0.070184,2.033564
0.070186,1.2476311
0.070188,0.3230033
0.07019,-0.55539227
0.070192,-1.48002
0.070194,-2.2197218
0.070196,-2.9131925
0.070198,-3.467969
0.070199996,-3.8378198
0.070202,-3.976514
0.070204,-3.8840513
0.070206,-3.6066632
0.070208,-3.1443493
0.07021,-2.5433414
0.070212,-1.7574081
0.070214,-0.8790121
0.070216,0.045615196
0.070218,0.92401123
0.07022,1.756176
0.070222,2.542109
0.070224,3.1893477
0.070226,3.6516623
0.070228,3.8828197
0.07023,3.92905
0.070232,3.7903562
0.070234,3.420505
0.070236,2.9119601
0.070238,2.2184901
0.07024,1.3863249
0.070242,0.50792885
0.070244,-0.41669846
0.070245996,-1.2950945
0.070248,-2.081028
0.07025,-2.8207297
0.070252,-3.3755062
0.070254,-3.745357
0.070256,-3.9302826
0.070258,-3.9302826
0.07026,-3.6528945
0.070262,-3.236812
0.070264,-2.6358042
0.070266,-1.8961024
0.070268,-1.0639377
0.07027,-0.13931036
0.070272,0.7853174
0.070274,1.6174817
0.070276,2.4034152
0.070278,3.0968862
0.07028,3.5591989
0.070282,3.8828197
0.070284,3.9752812
0.070286,3.8365874
0.070288,3.5129685
0.07029,3.0044227
0.070292,2.3109517
0.070294,1.5250192
0.070296,0.6928544
0.070298,-0.2317729
0.0703,-1.1564007
0.070302,-1.9423337
0.070304,-2.6820357
0.070306,-3.2830436
0.070308,-3.6991258
0.07031,-3.9302826
0.070312,-3.9302826
0.070314,-3.745357
0.070316,-3.329275
0.070318,-2.7744985
0.07032,-2.0347965
0.070322,-1.202632
0.070323996,-0.27800417
0.070326,0.64662313
0.070328,1.4787879
0.07033,2.3109517
0.070332,2.9581914
0.070334,3.5129685
0.070336,3.8365874
0.070338,3.9752812
0.07034,3.8828197
0.070342,3.605431
0.070344,3.0968862
0.070346,2.4496465
0.070348,1.6637135
0.07035,0.8315482
0.070352,-0.09307861
0.070354,-0.9714751
0.070356,-1.8036394
0.070358,-2.589573
0.07036,-3.1905808
0.070362,-3.6528945
0.070364,-3.8840513
0.070366,-3.9302826
0.070368,-3.7915885
0.070369996,-3.4217377
0.070372,-2.866961
0.070374,-2.1734905
0.070376,-1.3413262
0.070378,-0.46292973
0.07038,0.46169758
0.070382,1.3400936
0.070384,2.172258
0.070386,2.8657289
0.070388,3.420505
0.07039,3.7903562
0.070392,3.92905
0.070394,3.8828197
0.070396,3.6516623
0.070398,3.1893477
0.0704,2.5883412
0.070402,1.8024073
0.070404,0.970243
0.070406,0.091846466
0.070408,-0.83278084
0.07041,-1.6649456
0.070412,-2.4508786
0.070414,-3.098118
0.070416,-3.6066632
0.070418,-3.8840513
0.07042,-3.976514
0.070422,-3.8378198
0.070424,-3.5142004
0.070426,-2.9594238
0.070428,-2.3121846
0.07043,-1.48002
0.070432,-0.601624
0.070434,0.3230033
0.070436,1.2013993
0.070438,2.033564
0.07044,2.7732663
0.070442,3.3280425
0.070444,3.744125
0.070446,3.92905
0.070447996,3.92905
0.07045,3.6978936
0.070452,3.2818112
0.070454,2.6808028
0.070456,1.9411016
0.070458,1.1551685
0.07046,0.23054075
0.070462,-0.694087
0.070464,-1.5262513
0.070466,-2.3121846
0.070468,-3.0056553
0.07047,-3.5142004
0.070472,-3.8378198
0.070474,-3.976514
0.070476,-3.8840513
0.070478,-3.5604317
0.07048,-3.098118
0.070482,-2.4046474
0.070484,-1.6187139
0.070486,-0.78654957
0.070488,0.13807821
0.07049,1.0627055
0.070492,1.8948698
0.070493996,2.6345725
0.070496,3.23558
0.070498,3.6978936
0.0705,3.92905
0.070502,3.92905
0.070504,3.744125
0.070506,3.3742738
0.070508,2.8194976
0.07051,2.0797954
0.070512,1.2938623
0.070514,0.4154663
0.070516,-0.5091615
0.070518,-1.387557
0.07052,-2.1734905
0.070522,-2.866961
0.070524,-3.4217377
0.070526,-3.7915885
0.070528,-3.9302826
0.07053,-3.8840513
0.070532,-3.6528945
0.070534,-3.1905808
0.070536,-2.5433414
0.070538,-1.7574081
0.07054,-0.9252434
0.070542,-6.160736E-4
0.070544,0.92401123
0.070546,1.756176
0.070548,2.4958777
0.07055,3.1431174
0.070552,3.605431
0.070554,3.8828197
0.070556,3.9752812
0.070558,3.7903562
0.07056,3.4667363
0.070562,2.9119601
0.070564,2.2184901
0.070566,1.4325566
0.070568,0.5541601
0.07057,-0.3704667
0.070571996,-1.2488632
0.070574,-2.0347965
0.070576,-2.7744985
0.070578,-3.3755062
0.07058,-3.745357
0.070582,-3.9302826
0.070584,-3.9302826
0.070586,-3.6991258
0.070588,-3.2830436
0.07059,-2.6820357
0.070592,-1.8961024
0.070594,-1.0639377
0.070596,-0.18554163
0.070598,-0.78654957
0.0706,-1.6649456
0.070602,-2.4508786
0.070604,-3.098118
0.070606,-3.6066632
0.070608,-3.9302826
0.07061,-4.022745
0.070612,-3.8840513
0.070614,-3.5604317
0.070616,-3.098118
0.070617996,-2.4046474
0.07062,-1.6187139
0.070622,-0.7403178
0.070624,0.184309
0.070626,1.1089368
0.070628,1.9411016
0.07063,2.6808028
0.070632,3.2818112
0.070634,3.6978936
0.070636,3.92905
0.070638,3.92905
0.07064,3.744125
0.070642,3.3280425
0.070644,2.7732663
0.070646,2.033564
0.070648,1.2013993
0.07065,0.3230033
0.070652,-0.601624
0.070654,-1.48002
0.070656,-2.2659533
0.070658,-2.9594238
0.07066,-3.467969
0.070662,-3.8378198
0.070664,-3.976514
0.070666,-3.8840513
0.070668,-3.6066632
0.07067,-3.1443493
0.070672,-2.4971101
0.070674,-1.7111769
0.070676,-0.8790121
0.070678,0.045615196
0.07068,0.970243
0.070682,1.8024073
0.070684,2.542109
0.070686,3.1893477
0.070688,3.6516623
0.07069,3.8828197
0.070692,3.92905
0.070694,3.7903562
0.070696,3.420505
0.070698,2.8657289
0.0707,2.172258
0.070702,1.3863249
0.070704,0.50792885
0.070706,-0.41669846
0.070708,-1.2950945
0.07071,-2.1272593
0.070712,-2.8207297
0.070714,-3.3755062
0.070716,-3.7915885
0.070718,-3.9302826
0.07072,-3.9302826
0.070722,-3.6528945
0.070724,-3.236812
0.070726,-2.6358042
0.070728,-1.8498712
0.07073,-1.0177064
0.070732,-0.09307861
0.070734,0.8315482
0.070736,1.6637135
0.070738,2.4496465
0.07074,3.0968862
0.070741996,3.5591989
0.070744,3.8828197
0.070746,3.9752812
0.070748,3.8365874
0.07075,3.5129685
0.070752,3.0044227
0.070754,2.3109517
0.070756,1.5250192
0.070758,0.64662313
0.07076,-0.27800417
0.070762,-1.1564007
0.070764,-1.9885652
0.070766,-2.728267
0.070768,-3.2830436
0.07077,-3.6991258
0.070772,-3.9302826
0.070774,-3.9302826
0.070776,-3.745357
0.070778,-3.329275
0.07078,-2.728267
0.070782,-1.9885652
0.070784,-1.1564007
0.070786,-0.27800417
0.070788,0.64662313
0.07079,1.5250192
0.070792,2.3109517
0.070794,3.0044227
0.070796,3.5129685
0.070798,3.8365874
0.0708,3.9752812
0.070802,3.8828197
0.070804,3.5591989
0.070806,3.0968862
0.070808,2.4496465
0.07081,1.6637135
0.070812,0.8315482
0.070814,-0.09307861
0.070816,-1.0177064
0.070818,-1.8498712
0.07082,-2.589573
0.070822,-3.1905808
0.070824,-3.6528945
0.070826,-3.9302826
0.070828,-3.9302826
0.07083,-3.7915885
0.070832,-3.4217377
0.070834,-2.866961
0.070836,-2.1272593
0.070838,-1.3413262
0.07084,-0.41669846
0.070842,0.50792885
0.070844,1.3863249
0.070846,2.172258
0.070848,2.8657289
0.07085,3.420505
0.070852,3.7903562
0.070854,3.92905
0.070856,3.8828197
0.070858,3.6516623
0.07086,3.1893477
0.070862,2.542109
0.070864,1.8024073
0.070865996,0.970243
0.070868,0.045615196
0.07087,-0.83278084
0.070872,-1.7111769
0.070874,-2.4508786
0.070876,-3.098118
0.070878,-3.6066632
0.07088,-3.8840513
0.070882,-3.976514
0.070884,-3.8378198
0.070886,-3.467969
0.070888,-2.9594238
0.07089,-2.2659533
0.070892,-1.48002
0.070894,-0.601624
0.070896,0.3230033
0.070898,1.2476311
0.0709,2.033564
0.070902,2.7732663
0.070904,3.3280425
0.070906,3.744125
0.070908,3.92905
0.07091,3.92905
0.070912,3.6978936
0.070914,3.2818112
0.070916,2.6808028
0.070918,1.9411016
0.07092,1.1089368
0.070922,0.23054075
0.070924,-0.694087
0.070926,-1.5262513
0.070928,-2.3584158
0.07093,-3.0056553
0.070932,-3.5142004
0.070934,-3.8378198
0.070936,-3.976514
0.070938,-3.8378198
0.07094,-3.5604317
0.070942,-3.0518866
0.070944,-2.4046474
0.070946,-1.6187139
0.070948,-0.7403178
0.07095,0.184309
0.070952,1.0627055
0.070954,1.8948698
0.070956,2.6345725
0.070958,3.2818112
0.07096,3.6978936
0.070962,3.92905
0.070964,3.92905
0.070966,3.744125
0.070968,3.3742738
0.07097,2.7732663
0.070972,2.0797954
0.070974,1.2938623
0.070976,0.36923456
0.070978,-0.55539227
0.07098,-1.4337888
0.070982,-2.2197218
0.070984,-2.9131925
0.070986,-3.467969
0.070988,-3.7915885
0.070989996,-3.9302826
0.070992,-3.8840513
0.070994,-3.6066632
0.070996,-3.1443493
0.070998,-2.5433414
0.071,-1.7574081
0.071002,-0.9252434
0.071004,-6.160736E-4
0.071006,0.92401123
0.071008,1.756176
0.07101,2.542109
0.071012,3.1893477
0.071014,3.6516623
0.071016,3.8828197
0.071018,1.8948698
0.07102,-1.48002
0.071022,-3.3755062
0.071024,-2.9131925
0.071026,-2.2197218
0.071028,-1.4337888
0.07103,-0.5091615
0.071032,0.4154663
0.071034,1.2938623
0.071036,2.0797954
0.071038,2.8194976
0.07104,3.3742738
0.071042,3.744125
0.071044,3.92905
0.071046,3.92905
0.071048,3.6978936
0.07105,3.23558
0.071052,2.6345725
0.071054,1.8948698
0.071056,1.0627055
0.071058,0.13807821
0.07106,-0.7403178
0.071062,-1.6187139
0.071064,-2.4046474
0.071066,-3.0518866
0.071068,-3.5604317
0.07107,-3.8840513
0.071072,-3.976514
0.071074,-3.8378198
0.071076,-3.5142004
0.071078,-3.0056553
0.07108,-2.3584158
0.071082,-1.5724826
0.071084,-0.694087
0.071086,0.23054075
0.071088,1.1551685
0.07109,1.9411016
0.071092,2.6808028
0.071094,3.2818112
0.071096,3.6978936
0.071098,3.92905
0.0711,3.92905
0.071102,3.744125
0.071104,3.3280425
0.071106,2.727035
0.071108,2.033564
0.07111,1.2013993
0.071112,0.3230033
0.071113996,-0.601624
0.071116,-1.48002
0.071118,-2.2659533
0.07112,-2.9594238
0.071122,-3.467969
0.071124,-3.8378198
0.071126,-3.976514
0.071128,-3.8840513
0.07113,-3.6066632
0.071132,-3.1443493
0.071134,-2.4971101
0.071136,-1.7111769
0.071138,-0.83278084
0.07114,0.091846466
0.071142,0.970243
0.071144,1.8024073
0.071146,2.5883412
0.071148,3.1893477
0.07115,3.6516623
0.071152,3.8828197
0.071154,3.92905
0.071156,3.7903562
0.071158,3.420505
0.07116,2.8657289
0.071162,2.172258
0.071164,1.3863249
0.071166,0.46169758
0.071168,-0.46292973
0.07117,-1.3413262
0.071172,-2.1272593
0.071174,-2.8207297
0.071176,-3.4217377
0.071178,-3.7915885
0.07118,-3.9302826
0.071182,-3.9302826
0.071184,-3.6528945
0.071186,-3.236812
0.071188,-2.589573
0.07119,-1.8498712
0.071192,-1.0177064
0.071194,-0.09307861
0.071196,0.8315482
0.071198,1.6637135
0.0712,2.4496465
0.071202,3.0968862
0.071204,3.605431
0.071206,3.8828197
0.071208,3.9752812
0.07121,3.8365874
0.071212,3.5129685
0.071214,2.9581914
0.071216,2.3109517
0.071218,1.4787879
0.07122,0.64662313
0.071222,-0.27800417
0.071224,-1.202632
0.071226,-1.9885652
0.071228,-2.728267
0.07123,-3.329275
0.071232,-3.745357
0.071234,-3.9302826
0.071236,-3.9302826
0.071237996,-3.6991258
0.07124,-3.329275
0.071242,-2.728267
0.071244,-1.9885652
0.071246,-1.1564007
0.071248,-0.2317729
0.07125,0.64662313
0.071252,1.5250192
0.071254,2.3109517
0.071256,3.0044227
0.071258,3.5129685
0.07126,3.8365874
0.071262,3.9752812
0.071264,3.8828197
0.071266,3.5591989
0.071268,3.0968862
0.07127,2.4034152
0.071272,1.6174817
0.071274,0.7853174
0.071276,-0.13931036
0.071278,-1.0177064
0.07128,-1.8498712
0.071282,-2.589573
0.071283996,-3.236812
0.071286,-3.6528945
0.071288,-3.9302826
0.07129,-3.9302826
0.071292,-3.7915885
0.071294,-3.3755062
0.071296,-2.8207297
0.071298,-2.1272593
0.0713,-1.2950945
0.071302,-0.41669846
0.071304,0.50792885
0.071306,1.3863249
0.071308,2.172258
0.07131,2.9119601
0.071312,3.420505
0.071314,3.7903562
0.071316,3.92905
0.071318,3.8828197
0.07132,3.6516623
0.071322,3.1893477
0.071324,2.542109
0.071326,1.8024073
0.071328,0.92401123
0.07133,0.045615196
0.071332,-0.8790121
0.071334,-1.7111769
0.071336,-2.4971101
0.071338,-3.1443493
0.07134,-3.6066632
0.071342,-3.8840513
0.071344,-3.976514
0.071346,-3.7915885
0.071348,-3.467969
0.07135,-2.9594238
0.071352,-2.2659533
0.071354,-1.48002
0.071356,-0.55539227
0.071358,0.36923456
0.07136,1.2476311
0.071361996,2.0797954
0.071364,2.7732663
0.071366,3.3742738
0.071368,3.744125
0.07137,3.92905
0.071372,3.92905
0.071374,3.6978936
0.071376,3.2818112
0.071378,2.6808028
0.07138,1.9411016
0.071382,1.1089368
0.071384,0.184309
0.071386,-0.7403178
0.071388,-1.5724826
0.07139,-2.3584158
0.071392,-3.0056553
0.071394,-3.5142004
0.071396,-3.8378198
0.071398,-3.976514
0.0714,-3.8378198
0.071402,-3.5604317
0.071404,-3.0518866
0.071406,-2.4046474
0.071407996,-1.5724826
0.07141,-0.7403178
0.071412,0.184309
0.071414,1.1089368
0.071416,1.9411016
0.071418,2.6808028
0.07142,3.2818112
0.071422,3.6978936
0.071424,3.92905
0.071426,3.92905
0.071428,3.744125
0.07143,3.3742738
0.071432,2.7732663
0.071434,2.0797954
0.071436,1.2476311
0.071438,-0.046847343
0.07144,0.64662313
0.071442,1.5250192
0.071444,2.3109517
0.071446,3.0044227
0.071448,3.5129685
0.07145,3.8828197
0.071452,4.0215135
0.071454,3.92905
0.071456,3.6516623
0.071458,3.1893477
0.07146,2.542109
0.071462,1.756176
0.071464,0.92401123
0.071466,-6.160736E-4
0.071468,-0.9252434
0.07147,-1.7574081
0.071472,-2.4971101
0.071474,-3.1443493
0.071476,-3.6066632
0.071478,-3.8840513
0.07148,-3.9302826
0.071482,-3.7915885
0.071484,-3.4217377
0.071485996,-2.866961
0.071488,-2.1734905
0.07149,-1.387557
0.071492,-0.5091615
0.071494,0.4154663
0.071496,1.3400936
0.071498,2.126027
0.0715,2.8194976
0.071502,3.420505
0.071504,3.7903562
0.071506,3.92905
0.071508,3.92905
0.07151,3.6516623
0.071512,3.23558
0.071514,2.6345725
0.071516,1.8486385
0.071518,1.0627055
0.07152,0.13807821
0.071522,-0.78654957
0.071524,-1.6187139
0.071526,-2.4046474
0.071528,-3.0518866
0.07153,-3.5604317
0.071531996,-3.8378198
0.071534,-3.976514
0.071536,-3.8378198
0.071538,-3.5142004
0.07154,-3.0056553
0.071542,-2.3121846
0.071544,-1.5262513
0.071546,-0.6478553
0.071548,0.27677202
0.07155,1.1551685
0.071552,1.9873328
0.071554,2.727035
0.071556,3.3280425
0.071558,3.6978936
0.07156,3.92905
0.071562,3.92905
0.071564,3.744125
0.071566,3.3280425
0.071568,2.727035
0.07157,1.9873328
0.071572,1.2013993
0.071574,0.27677202
0.071576,-0.601624
0.071578,-1.48002
0.07158,-2.2659533
0.071582,-2.9594238
0.071584,-3.5142004
0.071586,-3.8378198
0.071588,-3.976514
0.07159,-3.8840513
0.071592,-3.6066632
0.071594,-3.098118
0.071596,-2.4508786
0.071598,-1.6649456
0.0716,-0.83278084
0.071602,0.091846466
0.071604,1.0164738
0.071606,1.8486385
0.071608,2.5883412
0.071609996,3.23558
0.071612,3.6516623
0.071614,3.92905
0.071616,3.92905
0.071618,3.7903562
0.07162,3.420505
0.071622,2.8657289
0.071624,2.126027
0.071626,1.3400936
0.071628,0.46169758
0.07163,-0.46292973
0.071632,-1.3413262
0.071634,-2.1272593
0.071636,-2.866961
0.071638,-3.4217377
0.07164,-3.7915885
0.071642,-3.9302826
0.071644,-3.8840513
0.071646,-3.6528945
0.071648,-3.1905808
0.07165,-2.589573
0.071652,-1.8036394
0.071654,-0.9714751
0.071655996,-0.09307861
0.071658,0.8315482
0.07166,1.7099442
0.071662,2.4958777
0.071664,3.0968862
0.071666,3.605431
0.071668,3.8828197
0.07167,3.9752812
0.071672,3.8365874
0.071674,3.4667363
0.071676,2.9581914
0.071678,2.2647214
0.07168,1.4787879
0.071682,0.60039186
0.071684,-0.32423592
0.071686,-1.202632
0.071688,-1.9885652
0.07169,-2.728267
0.071692,-3.329275
0.071694,-3.745357
0.071696,-3.9302826
0.071698,-3.9302826
0.0717,-3.6991258
0.071702,-3.2830436
0.071704,-2.6820357
0.071706,-1.9423337
0.071708,-1.1564007
0.07171,-0.2317729
0.071712,0.6928544
0.071714,1.5712504
0.071716,2.357184
0.071718,3.0044227
0.07172,3.5129685
0.071722,3.8365874
0.071724,3.9752812
0.071726,3.8828197
0.071728,3.5591989
0.07173,3.050654
0.071732,2.4034152
0.071733996,1.6174817
0.071736,0.7853174
0.071738,-0.13931036
0.07174,-1.0639377
0.071742,-1.8498712
0.071744,-2.6358042
0.071746,-3.236812
0.071748,-3.6991258
0.07175,-3.9302826
0.071752,-3.9302826
0.071754,-3.745357
0.071756,-3.3755062
0.071758,-2.8207297
0.07176,-2.081028
0.071762,-1.2950945
0.071764,-0.3704667
0.071766,0.5541601
0.071768,1.4325566
0.07177,2.2184901
0.071772,2.9119601
0.071774,3.4667363
0.071776,3.7903562
0.071778,3.9752812
0.071779996,3.8828197
0.071782,3.605431
0.071784,3.1431174
0.071786,2.542109
0.071788,1.756176
0.07179,0.92401123
0.071792,-6.160736E-4
0.071794,-0.8790121
0.071796,-1.7111769
0.071798,-2.4971101
0.0718,-3.1443493
0.071802,-3.6066632
0.071804,-3.8840513
0.071806,-3.976514
0.071808,-3.7915885
0.07181,-3.467969
0.071812,-2.9131925
0.071814,-2.2197218
0.071816,-1.4337888
0.071818,-0.55539227
0.07182,0.36923456
0.071822,1.2938623
0.071824,2.0797954
0.071826,2.8194976
0.071828,3.3742738
0.07183,3.744125
0.071832,3.92905
0.071834,3.92905
0.071836,3.6978936
0.071838,3.23558
0.07184,2.6345725
0.071842,1.8948698
0.071844,1.0627055
0.071846,0.184309
0.071848,-0.7403178
0.07185,-1.5724826
0.071852,-2.3584158
0.071854,-3.0518866
0.071856,-3.5604317
0.071858,-2.6358042
0.07186,0.970243
0.071862,3.6978936
0.071864,3.5591989
0.071866,3.050654
0.071868,2.357184
0.07187,1.5712504
0.071872,0.7390857
0.071874,-0.18554163
0.071876,-1.1101689
0.071878,-1.8961024
0.07188,-2.6358042
0.071882,-3.2830436
0.071884,-3.6991258
0.071886,-3.9302826
0.071888,-3.9302826
0.07189,-3.745357
0.071892,-3.329275
0.071894,-2.7744985
0.071896,-2.0347965
0.071898,-1.2488632
0.0719,-0.32423592
0.071902,0.60039186
0.071903996,1.4787879
0.071906,2.2647214
0.071908,2.9581914
0.07191,3.4667363
0.071912,3.8365874
0.071914,3.9752812
0.071916,3.8828197
0.071918,3.605431
0.07192,3.1431174
0.071922,2.4958777
0.071924,1.7099442
0.071926,0.87777996
0.071928,-0.046847343
0.07193,-0.9252434
0.071932,-1.7574081
0.071934,-2.5433414
0.071936,-3.1905808
0.071938,-3.6528945
0.07194,-3.8840513
0.071942,-3.9302826
0.071944,-3.7915885
0.071946,-3.4217377
0.071948,-2.866961
0.07195,-2.1734905
0.071952,-1.387557
0.071954,-0.5091615
0.071956,0.4154663
0.071958,1.3400936
0.07196,2.126027
0.071962,2.8194976
0.071964,3.420505
0.071966,3.7903562
0.071968,3.92905
0.07197,3.92905
0.071972,3.6516623
0.071974,3.23558
0.071976,2.5883412
0.071978,1.8486385
0.07198,1.0164738
0.071982,0.13807821
0.071984,-0.78654957
0.071986,-1.6187139
0.071988,-2.4046474
0.07199,-3.0518866
0.071992,-3.5604317
0.071994,-3.8840513
0.071996,-3.976514
0.071998,-3.8378198
0.072,-3.5142004
0.072002,-3.0056553
0.072004,-2.3121846
0.072006,-1.5262513
0.072008,-0.6478553
0.07201,0.27677202
0.072012,1.1551685
0.072014,1.9873328
0.072016,2.727035
0.072018,3.3280425
0.07202,3.744125
0.072022,3.92905
0.072024,3.92905
0.072026,3.744125
0.072027996,3.3280425
0.07203,2.727035
0.072032,1.9873328
0.072034,1.2013993
0.072036,0.27677202
0.072038,-0.6478553
0.07204,-1.48002
0.072042,-2.2659533
0.072044,-2.9594238
0.072046,-3.5142004
0.072048,-3.8378198
0.07205,-3.976514
0.072052,-3.8840513
0.072054,-3.5604317
0.072056,-3.098118
0.072058,-2.4508786
0.07206,-1.6649456
0.072062,-0.78654957
0.072064,0.091846466
0.072066,1.0164738
0.072068,1.8486385
0.07207,2.5883412
0.072072,3.23558
0.072074,3.6516623
0.072076,3.92905
0.072078,3.92905
0.07208,3.7903562
0.072082,3.3742738
0.072084,2.8194976
0.072086,2.126027
0.072088,1.3400936
0.07209,0.46169758
0.072092,-0.46292973
0.072094,-1.387557
0.072096,-2.1734905
0.072098,-2.866961
0.0721,-3.4217377
0.072102,-3.7915885
0.072104,-3.9302826
0.072106,-3.8840513
0.072108,-3.6528945
0.07211,-3.1905808
0.072112,-2.589573
0.072114,-1.8036394
0.072116,-0.9714751
0.072118,-0.046847343
0.07212,0.87777996
0.072122,1.7099442
0.072124,2.4958777
0.072126,3.1431174
0.072128,3.605431
0.07213,3.8828197
0.072132,3.9752812
0.072134,3.8365874
0.072136,3.4667363
0.072138,2.9581914
0.07214,2.2647214
0.072142,1.4787879
0.072144,0.60039186
0.072146,-0.32423592
0.072148,-1.202632
0.07215,-2.0347965
0.072151996,-2.728267
0.072154,-3.329275
0.072156,-3.745357
0.072158,-3.9302826
0.07216,-3.9302826
0.072162,-3.6991258
0.072164,-3.2830436
0.072166,-2.6820357
0.072168,-1.9423337
0.07217,-1.1101689
0.072172,-0.2317729
0.072174,0.6928544
0.072176,1.5712504
0.072178,2.357184
0.07218,3.050654
0.072182,3.5591989
0.072184,3.8365874
0.072186,3.9752812
0.072188,3.8365874
0.07219,3.5591989
0.072192,3.050654
0.072194,2.4034152
0.072196,1.6174817
0.072198,0.7390857
0.0722,-0.18554163
0.072202,-1.0639377
0.072204,-1.8961024
0.072206,-2.6358042
0.072208,-3.236812
0.07221,-3.6991258
0.072212,-3.9302826
0.072214,-3.9302826
0.072216,-3.745357
0.072218,-3.3755062
0.07222,-2.8207297
0.072222,-2.081028
0.072224,-1.2950945
0.072226,-0.3704667
0.072228,0.5541601
0.07223,1.4325566
0.072232,2.2184901
0.072234,2.9119601
0.072236,3.4667363
0.072238,3.7903562
0.07224,3.9752812
0.072242,3.8828197
0.072244,3.605431
0.072246,3.1431174
0.072248,2.4958777
0.07225,1.756176
0.072252,0.92401123
0.072254,-6.160736E-4
0.072256,-0.9252434
0.072258,-1.7574081
0.07226,-2.4971101
0.072262,-3.1443493
0.072264,-3.6066632
0.072266,-3.8840513
0.072268,-3.9302826
0.07227,-3.7915885
0.072272,-3.467969
0.072274,-2.9131925
0.072275996,-2.2197218
0.072278,-0.694087
0.07228,0.4154663
0.072282,-0.46292973
0.072284,-1.3413262
0.072286,-2.1272593
0.072288,-2.866961
0.07229,-3.4217377
0.072292,-3.7915885
0.072294,-3.976514
0.072296,-3.976514
0.072298,-3.6991258
0.0723,-3.2830436
0.072302,-2.6820357
0.072304,-1.9423337
0.072306,-1.0639377
0.072308,-0.18554163
0.07231,0.7390857
0.072312,1.6174817
0.072314,2.4034152
0.072316,3.050654
0.072318,3.5591989
0.07232,3.8365874
0.072321996,3.92905
0.072324,3.8365874
0.072326,3.5129685
0.072328,3.0044227
0.07233,2.3109517
0.072332,1.5250192
0.072334,0.6928544
0.072336,-0.2317729
0.072338,-1.1564007
0.07234,-1.9423337
0.072342,-2.6820357
0.072344,-3.2830436
0.072346,-3.6991258
0.072348,-3.9302826
0.07235,-3.9302826
0.072352,-3.745357
0.072354,-3.329275
0.072356,-2.7744985
0.072358,-2.0347965
0.07236,-1.202632
0.072362,-0.32423592
0.072364,0.60039186
0.072366,1.4787879
0.072368,2.2647214
0.07237,2.9581914
0.072372,3.4667363
0.072374,3.8365874
0.072376,3.9752812
0.072378,3.8828197
0.07238,3.605431
0.072382,3.0968862
0.072384,2.4496465
0.072386,1.7099442
0.072388,0.8315482
0.07239,-0.09307861
0.072392,-0.9714751
0.072394,-1.8036394
0.072396,-2.5433414
0.072398,-3.1905808
0.072399996,-3.6528945
0.072402,-3.8840513
0.072404,-3.9302826
0.072406,-3.7915885
0.072408,-3.4217377
0.07241,-2.866961
0.072412,-2.1734905
0.072414,-1.387557
0.072416,-0.46292973
0.072418,0.46169758
0.07242,1.3400936
0.072422,2.172258
0.072424,2.8657289
0.072426,3.420505
0.072428,3.7903562
0.07243,3.92905
0.072432,3.92905
0.072434,3.6516623
0.072436,3.1893477
0.072438,2.5883412
0.07244,1.8486385
0.072442,1.0164738
0.072444,0.091846466
0.072445996,-0.83278084
0.072448,-1.6649456
0.07245,-2.4508786
0.072452,-3.098118
0.072454,-3.5604317
0.072456,-3.8840513
0.072458,-3.976514
0.07246,-3.8378198
0.072462,-3.5142004
0.072464,-2.9594238
0.072466,-2.3121846
0.072468,-1.48002
0.07247,-0.6478553
0.072472,0.3230033
0.072474,1.2013993
0.072476,2.033564
0.072478,2.727035
0.07248,3.3280425
0.072482,3.744125
0.072484,3.92905
0.072486,3.92905
0.072488,3.6978936
0.07249,3.2818112
0.072492,2.727035
0.072494,1.9873328
0.072496,1.1551685
0.072498,0.27677202
0.0725,-0.6478553
0.072502,-1.5262513
0.072504,-2.3121846
0.072506,-3.0056553
0.072508,-3.5142004
0.07251,-3.8378198
0.072512,-3.976514
0.072514,-3.8840513
0.072516,-3.5604317
0.072518,-3.098118
0.07252,-2.4046474
0.072522,-1.6187139
0.072523996,-0.78654957
0.072526,0.13807821
0.072528,1.0627055
0.07253,1.8948698
0.072532,2.6345725
0.072534,3.23558
0.072536,3.6978936
0.072538,3.92905
0.07254,3.92905
0.072542,3.744125
0.072544,3.3742738
0.072546,2.8194976
0.072548,2.126027
0.07255,1.2938623
0.072552,0.4154663
0.072554,-0.5091615
0.072556,-1.387557
0.072558,-2.1734905
0.07256,-2.866961
0.072562,-3.4217377
0.072564,-3.7915885
0.072566,-3.9302826
0.072568,-3.8840513
0.072569996,-3.6528945
0.072572,-3.1905808
0.072574,-2.5433414
0.072576,-1.8036394
0.072578,-0.9252434
0.07258,-0.046847343
0.072582,0.87777996
0.072584,1.756176
0.072586,2.4958777
0.072588,3.1431174
0.07259,3.605431
0.072592,3.8828197
0.072594,3.9752812
0.072596,3.7903562
0.072598,3.4667363
0.0726,2.9119601
0.072602,2.2184901
0.072604,1.4325566
0.072606,0.5541601
0.072608,-0.32423592
0.07261,-1.2488632
0.072612,-2.0347965
0.072614,-2.7744985
0.072616,-3.329275
0.072618,-3.745357
0.07262,-3.9302826
0.072622,-3.9302826
0.072624,-3.6991258
0.072626,-3.2830436
0.072628,-2.6820357
0.07263,-1.9423337
0.072632,-1.1101689
0.072634,-0.18554163
0.072636,0.7390857
0.072638,1.5712504
0.07264,2.357184
0.072642,3.050654
0.072644,3.5591989
0.072646,3.8365874
0.072647996,3.9752812
0.07265,3.8365874
0.072652,3.5591989
0.072654,3.050654
0.072656,2.357184
0.072658,1.5712504
0.07266,0.7390857
0.072662,-0.18554163
0.072664,-1.1101689
0.072666,-1.8961024
0.072668,-2.6358042
0.07267,-3.2830436
0.072672,-3.6991258
0.072674,-3.9302826
0.072676,-3.9302826
0.072678,-3.745357
0.07268,-3.3755062
0.072682,-2.7744985
0.072684,-2.081028
0.072686,-1.2488632
0.072688,-0.32423592
0.07269,0.60039186
0.072692,1.4787879
0.072693996,2.2647214
0.072696,2.9581914
0.072698,2.6808028
0.0727,-0.78654957
0.072702,-3.6991258
0.072704,-3.9302826
0.072706,-3.6528945
0.072708,-3.1905808
0.07271,-2.5433414
0.072712,-1.7574081
0.072714,-0.9252434
0.072716,-6.160736E-4
0.072718,0.92401123
0.07272,1.756176
0.072722,2.542109
0.072724,3.1431174
0.072726,3.605431
0.072728,3.8828197
0.07273,3.92905
0.072732,3.7903562
0.072734,3.420505
0.072736,2.8657289
0.072738,2.172258
0.07274,1.3863249
0.072742,0.50792885
0.072744,-0.41669846
0.072746,-1.2950945
0.072748,-2.081028
0.07275,-2.8207297
0.072752,-3.3755062
0.072754,-3.7915885
0.072756,-3.9302826
0.072758,-3.9302826
0.07276,-3.6991258
0.072762,-3.236812
0.072764,-2.6358042
0.072766,-1.8961024
0.072768,-1.0639377
0.07277,-0.13931036
0.072771996,0.7853174
0.072774,1.6174817
0.072776,2.4034152
0.072778,3.0968862
0.07278,3.5591989
0.072782,3.8828197
0.072784,3.9752812
0.072786,3.8365874
0.072788,3.5129685
0.07279,3.0044227
0.072792,2.3109517
0.072794,1.5250192
0.072796,0.6928544
0.072798,-0.2317729
0.0728,-1.1564007
0.072802,-1.9423337
0.072804,-2.6820357
0.072806,-3.2830436
0.072808,-3.6991258
0.07281,-3.9302826
0.072812,-3.9302826
0.072814,-3.745357
0.072816,-3.329275
0.072817996,-2.728267
0.07282,-2.0347965
0.072822,-1.202632
0.072824,-0.27800417
0.072826,0.64662313
0.072828,1.4787879
0.07283,2.3109517
0.072832,2.9581914
0.072834,3.5129685
0.072836,3.8365874
0.072838,3.9752812
0.07284,3.8828197
0.072842,3.605431
0.072844,3.0968862
0.072846,2.4496465
0.072848,1.6637135
0.07285,0.8315482
0.072852,-0.09307861
0.072854,-0.9714751
0.072856,-1.8036394
0.072858,-2.589573
0.07286,-3.1905808
0.072862,-3.6528945
0.072864,-3.8840513
0.072866,-3.9302826
0.072868,-3.7915885
0.07287,-3.4217377
0.072872,-2.866961
0.072874,-2.1734905
0.072876,-1.3413262
0.072878,-0.46292973
0.07288,0.46169758
0.072882,1.3863249
0.072884,2.172258
0.072886,2.8657289
0.072888,3.420505
0.07289,3.7903562
0.072892,3.92905
0.072894,3.8828197
0.072895996,3.6516623
0.072898,3.1893477
0.0729,2.5883412
0.072902,1.8024073
0.072904,0.970243
0.072906,0.091846466
0.072908,-0.83278084
0.07291,-1.6649456
0.072912,-2.4508786
0.072914,-3.098118
0.072916,-3.6066632
0.072918,-3.8840513
0.07292,-3.976514
0.072922,-3.8378198
0.072924,-3.467969
0.072926,-2.9594238
0.072928,-2.2659533
0.07293,-1.48002
0.072932,-0.601624
0.072934,0.3230033
0.072936,1.2013993
0.072938,2.033564
0.07294,2.7732663
0.072941996,3.3280425
0.072944,3.744125
0.072946,3.92905
0.072948,3.92905
0.07295,3.6978936
0.072952,3.2818112
0.072954,2.6808028
0.072956,1.9411016
0.072958,1.1551685
0.07296,0.23054075
0.072962,-0.694087
0.072964,-1.5262513
0.072966,-2.3121846
0.072968,-3.0056553
0.07297,-3.5142004
0.072972,-3.8378198
0.072974,-3.976514
0.072976,-3.8840513
0.072978,-3.5604317
0.07298,-3.0518866
0.072982,-2.4046474
0.072984,-1.6187139
0.072986,-0.78654957
0.072988,0.13807821
0.07299,1.0627055
0.072992,1.8948698
0.072994,2.6345725
0.072996,3.23558
0.072998,3.6978936
0.073,3.92905
0.073002,3.92905
0.073004,3.744125
0.073006,3.3742738
0.073008,2.8194976
0.07301,2.0797954
0.073012,1.2938623
0.073014,0.4154663
0.073016,-0.5091615
0.073018,-1.387557
0.07302,-2.1734905
0.073022,-2.9131925
0.073024,-3.4217377
0.073026,-3.7915885
0.073028,-3.9302826
0.07303,-3.8840513
0.073032,-3.6066632
0.073034,-3.1905808
0.073036,-2.5433414
0.073038,-1.7574081
0.07304,-0.9252434
0.073042,-6.160736E-4
0.073044,0.92401123
0.073046,1.756176
0.073048,2.4958777
0.07305,3.1431174
0.073052,3.605431
0.073054,3.8828197
0.073056,3.9752812
0.073058,3.7903562
0.07306,3.4667363
0.073062,2.9119601
0.073064,2.2184901
0.073065996,1.4325566
0.073068,0.5541601
0.07307,-0.3704667
0.073072,-1.2488632
0.073074,-2.081028
0.073076,-2.7744985
0.073078,-3.3755062
0.07308,-3.745357
0.073082,-3.9302826
0.073084,-3.9302826
0.073086,-3.6991258
0.073088,-3.2830436
0.07309,-2.6820357
0.073092,-1.8961024
0.073094,-1.0639377
0.073096,-0.18554163
0.073098,0.7390857
0.0731,1.6174817
0.073102,2.4034152
0.073104,3.050654
0.073106,3.5591989
0.073108,3.8365874
0.07311,3.9752812
0.073112,3.8365874
0.073114,3.5129685
0.073116,3.0044227
0.073118,2.033564
0.07312,-1.0177064
0.073122,-0.601624
0.073124,0.27677202
0.073126,1.2013993
0.073128,1.9873328
0.07313,2.727035
0.073132,3.3280425
0.073134,3.744125
0.073136,3.9752812
0.073138,3.9752812
0.07314,3.7903562
0.073142,3.3742738
0.073144,2.7732663
0.073146,2.0797954
0.073148,1.2476311
0.07315,0.36923456
0.073152,-0.55539227
0.073154,-1.4337888
0.073156,-2.2197218
0.073158,-2.9131925
0.07316,-3.467969
0.073162,-3.7915885
0.073164,-3.9302826
0.073166,-3.8840513
0.073168,-3.6066632
0.07317,-3.1443493
0.073172,-2.4971101
0.073174,-1.7111769
0.073176,-0.83278084
0.073178,0.045615196
0.07318,0.970243
0.073182,1.8024073
0.073184,2.5883412
0.073186,3.1893477
0.073188,3.6516623
0.073189996,3.8828197
0.073192,3.9752812
0.073194,3.7903562
0.073196,3.420505
0.073198,2.8657289
0.0732,2.172258
0.073202,1.3863249
0.073204,0.50792885
0.073206,-0.41669846
0.073208,-1.2950945
0.07321,-2.1272593
0.073212,-2.8207297
0.073214,-3.3755062
0.073216,-3.7915885
0.073218,-3.9302826
0.07322,-3.9302826
0.073222,-3.6528945
0.073224,-3.236812
0.073226,-2.6358042
0.073228,-1.8498712
0.07323,-1.0177064
0.073232,-0.09307861
0.073234,0.8315482
0.073236,1.6637135
0.073238,2.4496465
0.07324,3.0968862
0.073242,3.605431
0.073244,3.8828197
0.073246,3.9752812
0.073248,3.8365874
0.07325,3.5129685
0.073252,2.9581914
0.073254,2.3109517
0.073256,1.4787879
0.073258,0.64662313
0.07326,-0.27800417
0.073262,-1.1564007
0.073264,-1.9885652
0.073266,-2.728267
0.073268,-3.329275
0.07327,-3.6991258
0.073272,-3.9302826
0.073274,-3.9302826
0.073276,-3.6991258
0.073278,-3.329275
0.07328,-2.728267
0.073282,-1.9885652
0.073284,-1.1564007
0.073286,-0.27800417
0.073288,0.64662313
0.07329,1.5250192
0.073292,2.3109517
0.073294,3.0044227
0.073296,3.5129685
0.073298,3.8365874
0.0733,3.9752812
0.073302,3.8828197
0.073304,3.5591989
0.073306,3.0968862
0.073308,2.4496465
0.07331,1.6637135
0.073312,0.7853174
0.073313996,-0.09307861
0.073316,-1.0177064
0.073318,-1.8498712
0.07332,-2.589573
0.073322,-3.236812
0.073324,-3.6528945
0.073326,-3.9302826
0.073328,-3.9302826
0.07333,-3.7915885
0.073332,-3.3755062
0.073334,-2.866961
0.073336,-2.1272593
0.073338,-1.3413262
0.07334,-0.41669846
0.073342,0.50792885
0.073344,1.3863249
0.073346,2.172258
0.073348,2.8657289
0.07335,3.420505
0.073352,3.7903562
0.073354,3.9752812
0.073356,3.8828197
0.073358,3.6516623
0.07336,3.1893477
0.073362,2.542109
0.073364,1.8024073
0.073366,0.970243
0.073368,0.045615196
0.07337,-0.8790121
0.073372,-1.7111769
0.073374,-2.4508786
0.073376,-3.098118
0.073378,-3.6066632
0.07338,-3.8840513
0.073382,-3.976514
0.073384,-3.8378198
0.073386,-3.467969
0.073388,-2.9594238
0.07339,-2.2659533
0.073392,-1.48002
0.073394,-0.601624
0.073396,0.3230033
0.073398,1.2476311
0.0734,2.033564
0.073402,2.7732663
0.073404,3.3742738
0.073406,3.744125
0.073408,3.92905
0.07341,3.92905
0.073412,3.6978936
0.073414,3.2818112
0.073416,2.6808028
0.073418,1.9411016
0.07342,1.1089368
0.073422,0.23054075
0.073424,-0.694087
0.073426,-1.5724826
0.073428,-2.3584158
0.07343,-3.0056553
0.073432,-3.5142004
0.073434,-3.8378198
0.073436,-3.976514
0.073437996,-3.8378198
0.07344,-3.5604317
0.073442,-3.0518866
0.073444,-2.4046474
0.073446,-1.6187139
0.073448,-0.7403178
0.07345,0.184309
0.073452,1.1089368
0.073454,1.8948698
0.073456,2.6808028
0.073458,3.2818112
0.07346,3.6978936
0.073462,3.92905
0.073464,3.92905
0.073466,3.744125
0.073468,3.3742738
0.07347,2.7732663
0.073472,2.0797954
0.073474,1.2476311
0.073476,0.36923456
0.073478,-0.55539227
0.07348,-1.4337888
0.073482,-2.2197218
0.073483996,-2.9131925
0.073486,-3.467969
0.073488,-3.7915885
0.07349,-3.976514
0.073492,-3.8840513
0.073494,-3.6066632
0.073496,-3.1443493
0.073498,-2.4971101
0.0735,-1.7574081
0.073502,-0.8790121
0.073504,0.045615196
0.073506,0.92401123
0.073508,1.756176
0.07351,2.542109
0.073512,3.1893477
0.073514,3.6516623
0.073516,3.8828197
0.073518,3.9752812
0.07352,3.7903562
0.073522,3.420505
0.073524,2.9119601
0.073526,2.2184901
0.073528,1.4325566
0.07353,0.50792885
0.073532,-0.3704667
0.073534,-1.2950945
0.073536,-2.081028
0.073538,-2.6358042
0.07354,0.7853174
0.073542,3.6516623
0.073544,3.9752812
0.073546,3.92905
0.073548,3.6978936
0.07355,3.2818112
0.073552,2.6808028
0.073554,1.8948698
0.073556,1.1089368
0.073558,0.184309
0.07356,-0.7403178
0.073561996,-1.5724826
0.073564,-2.3584158
0.073566,-3.0518866
0.073568,-3.5604317
0.07357,-3.8378198
0.073572,-3.9302826
0.073574,-3.8378198
0.073576,-3.5142004
0.073578,-3.0056553
0.07358,-2.3584158
0.073582,-1.5262513
0.073584,-0.694087
0.073586,0.23054075
0.073588,1.1551685
0.07359,1.9873328
0.073592,2.727035
0.073594,3.2818112
0.073596,3.6978936
0.073598,3.92905
0.0736,3.92905
0.073602,3.744125
0.073604,3.3280425
0.073606,2.7732663
0.073607996,2.033564
0.07361,1.2013993
0.073612,0.3230033
0.073614,-0.601624
0.073616,-1.48002
0.073618,-2.2659533
0.07362,-2.9594238
0.073622,-3.467969
0.073624,-3.8378198
0.073626,-3.9302826
0.073628,-3.8840513
0.07363,-3.6066632
0.073632,-3.098118
0.073634,-2.4971101
0.073636,-1.7111769
0.073638,-0.83278084
0.07364,0.091846466
0.073642,0.970243
0.073644,1.8024073
0.073646,2.5883412
0.073648,3.1893477
0.07365,3.6516623
0.073652,3.92905
0.073654,3.9752812
0.073656,3.7903562
0.073658,3.420505
0.07366,2.8657289
0.073662,2.172258
0.073664,1.3863249
0.073666,0.46169758
0.073668,-0.46292973
0.07367,-1.3413262
0.073672,-2.1272593
0.073674,-2.8207297
0.073676,-3.4217377
0.073678,-3.7915885
0.07368,-3.9302826
0.073682,-3.8840513
0.073684,-3.6528945
0.073685996,-3.236812
0.073688,-2.589573
0.07369,-1.8498712
0.073692,-1.0177064
0.073694,-0.09307861
0.073696,0.8315482
0.073698,1.6637135
0.0737,2.4496465
0.073702,3.0968862
0.073704,3.605431
0.073706,3.8828197
0.073708,3.9752812
0.07371,3.8365874
0.073712,3.5129685
0.073714,2.9581914
0.073716,2.3109517
0.073718,1.4787879
0.07372,0.64662313
0.073722,-0.27800417
0.073724,-1.202632
0.073726,-1.9885652
0.073728,-2.728267
0.07373,-3.329275
0.073731996,-3.745357
0.073734,-3.9302826
0.073736,-3.9302826
0.073738,-3.6991258
0.07374,-3.2830436
0.073742,-2.728267
0.073744,-1.9885652
0.073746,-1.1564007
0.073748,-0.2317729
0.07375,0.6928544
0.073752,1.5250192
0.073754,2.3109517
0.073756,3.0044227
0.073758,3.5129685
0.07376,3.8365874
0.073762,3.9752812
0.073764,3.8828197
0.073766,3.5591989
0.073768,3.0968862
0.07377,2.4034152
0.073772,1.6174817
0.073774,0.7853174
0.073776,-0.13931036
0.073778,-1.0177064
0.07378,-1.8498712
0.073782,-2.589573
0.073784,-3.236812
0.073786,-3.6528945
0.073788,-3.9302826
0.07379,-3.9302826
0.073792,-3.745357
0.073794,-3.3755062
0.073796,-2.8207297
0.073798,-2.1272593
0.0738,-1.2950945
0.073802,-0.41669846
0.073804,0.50792885
0.073806,1.3863249
0.073808,2.2184901
0.073809996,2.9119601
0.073812,3.4667363
0.073814,3.7903562
0.073816,3.9752812
0.073818,3.8828197
0.07382,3.6516623
0.073822,3.1893477
0.073824,2.542109
0.073826,1.8024073
0.073828,0.92401123
0.07383,0.045615196
0.073832,-0.8790121
0.073834,-1.7111769
0.073836,-2.4971101
0.073838,-3.1443493
0.07384,-3.6066632
0.073842,-3.8840513
0.073844,-3.976514
0.073846,-3.7915885
0.073848,-3.467969
0.07385,-2.9594238
0.073852,-2.2659533
0.073854,-1.48002
0.073855996,-0.55539227
0.073858,0.36923456
0.07386,1.2476311
0.073862,2.0797954
0.073864,2.7732663
0.073866,3.3742738
0.073868,3.744125
0.07387,3.92905
0.073872,3.92905
0.073874,3.6978936
0.073876,3.2818112
0.073878,2.6808028
0.07388,1.9411016
0.073882,1.1089368
0.073884,0.184309
0.073886,-0.7403178
0.073888,-1.5724826
0.07389,-2.3584158
0.073892,-3.0056553
0.073894,-3.5604317
0.073896,-3.8378198
0.073898,-3.976514
0.0739,-3.8378198
0.073902,-3.5604317
0.073904,-3.0518866
0.073906,-2.3584158
0.073908,-1.5724826
0.07391,-0.7403178
0.073912,0.184309
0.073914,1.1089368
0.073916,1.9411016
0.073918,2.6808028
0.07392,3.2818112
0.073922,3.6978936
0.073924,3.92905
0.073926,3.92905
0.073928,3.744125
0.07393,3.3742738
0.073932,2.7732663
0.073933996,2.0797954
0.073936,1.2476311
0.073938,0.36923456
0.07394,-0.55539227
0.073942,-1.4337888
0.073944,-2.2197218
0.073946,-2.9131925
0.073948,-3.467969
0.07395,-3.7915885
0.073952,-3.976514
0.073954,-3.8840513
0.073956,-3.6066632
0.073958,-3.236812
0.07396,0.13807821
0.073962,1.6174817
0.073964,0.8315482
0.073966,-0.09307861
0.073968,-0.9714751
0.07397,-1.8036394
0.073972,-2.589573
0.073974,-3.1905808
0.073976,-3.6528945
0.073978,-3.9302826
0.073979996,-3.976514
0.073982,-3.8378198
0.073984,-3.467969
0.073986,-2.9131925
0.073988,-2.2197218
0.07399,-1.4337888
0.073992,-0.5091615
0.073994,0.4154663
0.073996,1.2938623
0.073998,2.126027
0.074,2.8194976
0.074002,3.3742738
0.074004,3.744125
0.074006,3.92905
0.074008,3.92905
0.07401,3.6516623
0.074012,3.23558
0.074014,2.5883412
0.074016,1.8486385
0.074018,1.0164738
0.07402,0.13807821
0.074022,-0.78654957
0.074024,-1.6187139
0.074026,-2.4046474
0.074028,-3.0518866
0.07403,-3.5604317
0.074032,-3.8840513
0.074034,-3.976514
0.074036,-3.8378198
0.074038,-3.5142004
0.07404,-3.0056553
0.074042,-2.3121846
0.074044,-1.5262513
0.074046,-0.6478553
0.074048,0.27677202
0.07405,1.1551685
0.074052,1.9873328
0.074054,2.727035
0.074056,3.3280425
0.074057996,3.6978936
0.07406,3.92905
0.074062,3.92905
0.074064,3.744125
0.074066,3.3280425
0.074068,2.727035
0.07407,1.9873328
0.074072,1.2013993
0.074074,0.27677202
0.074076,-0.6478553
0.074078,-1.48002
0.07408,-2.2659533
0.074082,-2.9594238
0.074084,-3.5142004
0.074086,-3.8378198
0.074088,-3.976514
0.07409,-3.8840513
0.074092,-3.5604317
0.074094,-3.098118
0.074096,-2.4508786
0.074098,-1.6649456
0.0741,-0.83278084
0.074102,0.091846466
0.074103996,1.0164738
0.074106,1.8486385
0.074108,2.5883412
0.07411,3.23558
0.074112,3.6516623
0.074114,3.92905
0.074116,3.92905
0.074118,3.7903562
0.07412,3.420505
0.074122,2.8657289
0.074124,2.126027
0.074126,1.3400936
0.074128,0.46169758
0.07413,-0.46292973
0.074132,-1.3413262
0.074134,-2.1272593
0.074136,-2.866961
0.074138,-3.4217377
0.07414,-3.7915885
0.074142,-3.9302826
0.074144,-3.8840513
0.074146,-3.6528945
0.074148,-3.1905808
0.07415,-2.589573
0.074152,-1.8036394
0.074154,-0.9714751
0.074156,-0.046847343
0.074158,0.87777996
0.07416,1.7099442
0.074162,2.4958777
0.074164,3.1431174
0.074166,3.605431
0.074168,3.8828197
0.07417,3.9752812
0.074172,3.8365874
0.074174,3.4667363
0.074176,2.9581914
0.074178,2.2647214
0.07418,1.4787879
0.074182,0.60039186
0.074184,-0.32423592
0.074186,-1.202632
0.074188,-2.0347965
0.07419,-2.728267
0.074192,-3.329275
0.074194,-3.745357
0.074196,-3.9302826
0.074198,-3.9302826
0.0742,-3.6991258
0.074202,-3.2830436
0.074204,-2.6820357
0.074206,-1.9423337
0.074208,-1.1101689
0.07421,-0.2317729
0.074212,0.6928544
0.074214,1.5712504
0.074216,2.357184
0.074218,3.0044227
0.07422,3.5129685
0.074222,3.8365874
0.074224,3.9752812
0.074226,3.8365874
0.074227996,3.5591989
0.07423,3.050654
0.074232,2.4034152
0.074234,1.6174817
0.074236,0.7853174
0.074238,-0.13931036
0.07424,-1.0639377
0.074242,-1.8961024
0.074244,-2.6358042
0.074246,-3.236812
0.074248,-3.6991258
0.07425,-3.9302826
0.074252,-3.9302826
0.074254,-3.745357
0.074256,-3.3755062
0.074258,-2.8207297
0.07426,-2.081028
0.074262,-1.2950945
0.074264,-0.3704667
0.074266,0.5541601
0.074268,1.4325566
0.07427,2.2184901
0.074272,2.9119601
0.074274,3.4667363
0.074276,3.7903562
0.074278,3.9752812
0.07428,3.8828197
0.074282,3.605431
0.074284,3.1431174
0.074286,2.542109
0.074288,1.756176
0.07429,0.92401123
0.074292,-6.160736E-4
0.074294,-0.8790121
0.074296,-1.7111769
0.074298,-2.4971101
0.0743,-3.1443493
0.074302,-3.6066632
0.074304,-3.8840513
0.074306,-3.9302826
0.074308,-3.7915885
0.07431,-3.467969
0.074312,-2.9131925
0.074314,-2.2197218
0.074316,-1.4337888
0.074318,-0.55539227
0.07432,0.36923456
0.074322,1.2938623
0.074324,2.0797954
0.074326,2.8194976
0.074328,3.3742738
0.07433,3.744125
0.074332,3.92905
0.074334,3.92905
0.074336,3.6978936
0.074338,3.23558
0.07434,2.6345725
0.074342,1.8948698
0.074344,1.0627055
0.074346,0.184309
0.074348,-0.7403178
0.07435,-1.5724826
0.074351996,-2.3584158
0.074354,-3.0518866
0.074356,-3.5604317
0.074358,-3.8378198
0.07436,-3.976514
0.074362,-3.8378198
0.074364,-3.5142004
0.074366,-3.0518866
0.074368,-2.3584158
0.07437,-1.5724826
0.074372,-0.694087
0.074374,0.23054075
0.074376,1.1089368
0.074378,1.9411016
0.07438,-0.9252434
0.074382,-3.236812
0.074384,-3.745357
0.074386,-3.976514
0.074388,-3.976514
0.07439,-3.7915885
0.074392,-3.3755062
0.074394,-2.8207297
0.074396,-2.081028
0.074398,-1.2488632
0.0744,-0.3704667
0.074402,0.5541601
0.074404,1.4787879
0.074406,2.2647214
0.074408,2.9119601
0.07441,3.4667363
0.074412,3.7903562
0.074414,3.92905
0.074416,3.8828197
0.074418,3.605431
0.07442,3.0968862
0.074422,2.4496465
0.074424,1.7099442
0.074426,0.8315482
0.074428,-0.046847343
0.07443,-0.9714751
0.074432,-1.8036394
0.074434,-2.5433414
0.074436,-3.1905808
0.074438,-3.6528945
0.07444,-3.8840513
0.074442,-3.976514
0.074444,-3.7915885
0.074446,-3.4217377
0.074448,-2.9131925
0.07445,-2.1734905
0.074452,-1.387557
0.074454,-0.5091615
0.074456,0.4154663
0.074458,1.3400936
0.07446,2.126027
0.074462,2.8657289
0.074464,3.420505
0.074466,3.7903562
0.074468,3.92905
0.07447,3.92905
0.074472,3.6516623
0.074474,3.23558
0.074475996,2.5883412
0.074478,1.8486385
0.07448,1.0164738
0.074482,0.091846466
0.074484,-0.78654957
0.074486,-1.6187139
0.074488,-2.4046474
0.07449,-3.098118
0.074492,-3.5604317
0.074494,-3.8840513
0.074496,-3.976514
0.074498,-3.8378198
0.0745,-3.5142004
0.074502,-3.0056553
0.074504,-2.3121846
0.074506,-1.5262513
0.074508,-0.6478553
0.07451,0.27677202
0.074512,1.2013993
0.074514,1.9873328
0.074516,2.727035
0.074518,3.3280425
0.07452,3.744125
0.074522,3.92905
0.074524,3.92905
0.074526,3.6978936
0.074528,3.3280425
0.07453,2.727035
0.074532,1.9873328
0.074534,1.1551685
0.074536,0.27677202
0.074538,-0.6478553
0.07454,-1.48002
0.074542,-2.3121846
0.074544,-2.9594238
0.074546,-3.5142004
0.074548,-3.8378198
0.07455,-3.976514
0.074552,-3.8840513
0.074554,-3.5604317
0.074556,-3.098118
0.074558,-2.4508786
0.07456,-1.6649456
0.074562,-0.78654957
0.074564,0.13807821
0.074566,1.0164738
0.074568,1.8486385
0.07457,2.6345725
0.074572,3.23558
0.074574,3.6516623
0.074576,3.92905
0.074578,3.92905
0.07458,3.7903562
0.074582,3.3742738
0.074584,2.8194976
0.074586,2.126027
0.074588,1.3400936
0.07459,0.4154663
0.074592,-0.5091615
0.074594,-1.387557
0.074596,-2.1734905
0.074598,-2.866961
0.074599996,-3.4217377
0.074602,-3.7915885
0.074604,-3.9302826
0.074606,-3.8840513
0.074608,-3.6528945
0.07461,-3.1905808
0.074612,-2.589573
0.074614,-1.8036394
0.074616,-0.9714751
0.074618,-0.046847343
0.07462,0.87777996
0.074622,1.7099442
0.074624,2.4958777
0.074626,3.1431174
0.074628,3.605431
0.07463,3.8828197
0.074632,3.9752812
0.074634,3.8365874
0.074636,3.4667363
0.074638,2.9581914
0.07464,2.2647214
0.074642,1.4787879
0.074644,0.60039186
0.074645996,-0.32423592
0.074648,-1.202632
0.07465,-2.0347965
0.074652,-2.7744985
0.074654,-3.329275
0.074656,-3.745357
0.074658,-3.9302826
0.07466,-3.9302826
0.074662,-3.6991258
0.074664,-3.2830436
0.074666,-2.6820357
0.074668,-1.9423337
0.07467,-1.1101689
0.074672,-0.18554163
0.074674,0.7390857
0.074676,1.5712504
0.074678,2.357184
0.07468,3.050654
0.074682,3.5591989
0.074684,3.8365874
0.074686,3.9752812
0.074688,3.8365874
0.07469,3.5591989
0.074692,3.050654
0.074694,2.4034152
0.074696,1.6174817
0.074698,0.7390857
0.0747,-0.18554163
0.074702,-1.0639377
0.074704,-1.8961024
0.074706,-2.6358042
0.074708,-3.236812
0.07471,-3.6991258
0.074712,-3.9302826
0.074714,-3.9302826
0.074716,-3.745357
0.074718,-3.3755062
0.07472,-2.8207297
0.074722,-2.081028
0.074723996,-1.2488632
0.074726,-0.3704667
0.074728,0.5541601
0.07473,1.4325566
0.074732,2.2184901
0.074734,2.9119601
0.074736,3.4667363
0.074738,3.7903562
0.07474,3.9752812
0.074742,3.8828197
0.074744,3.605431
0.074746,3.1431174
0.074748,2.4958777
0.07475,1.756176
0.074752,0.92401123
0.074754,-6.160736E-4
0.074756,-0.9252434
0.074758,-1.7574081
0.07476,-2.4971101
0.074762,-3.1443493
0.074764,-3.6066632
0.074766,-3.8840513
0.074768,-3.9302826
0.074769996,-3.7915885
0.074772,-3.467969
0.074774,-2.9131925
0.074776,-2.2197218
0.074778,-1.4337888
0.07478,-0.5091615
0.074782,0.4154663
0.074784,1.2938623
0.074786,2.126027
0.074788,2.8194976
0.07479,3.3742738
0.074792,3.744125
0.074794,3.92905
0.074796,3.92905
0.074798,3.6978936
0.0748,0.8315482
0.074802,-2.1734905
0.074804,-1.8498712
0.074806,-1.0177064
0.074808,-0.09307861
0.07481,0.8315482
0.074812,1.6637135
0.074814,2.4496465
0.074816,3.0968862
0.074818,3.605431
0.07482,3.8828197
0.074822,3.9752812
0.074824,3.8365874
0.074826,3.5129685
0.074828,3.0044227
0.07483,2.357184
0.074832,1.5712504
0.074834,0.6928544
0.074836,-0.2317729
0.074838,-1.1101689
0.07484,-1.9423337
0.074842,-2.6820357
0.074844,-3.2830436
0.074846,-3.6991258
0.074847996,-3.9302826
0.07485,-3.9302826
0.074852,-3.745357
0.074854,-3.329275
0.074856,-2.7744985
0.074858,-2.0347965
0.07486,-1.202632
0.074862,-0.27800417
0.074864,0.64662313
0.074866,1.4787879
0.074868,2.3109517
0.07487,2.9581914
0.074872,3.5129685
0.074874,3.8365874
0.074876,3.9752812
0.074878,3.8828197
0.07488,3.605431
0.074882,3.0968862
0.074884,2.4496465
0.074886,1.6637135
0.074888,0.8315482
0.07489,-0.09307861
0.074892,-0.9714751
0.074893996,-1.8036394
0.074896,-2.5433414
0.074898,-3.1905808
0.0749,-3.6528945
0.074902,-3.8840513
0.074904,-3.9302826
0.074906,-3.7915885
0.074908,-3.4217377
0.07491,-2.866961
0.074912,-2.1734905
0.074914,-1.3413262
0.074916,-0.46292973
0.074918,0.46169758
0.07492,1.3400936
0.074922,2.172258
0.074924,2.8657289
0.074926,3.420505
0.074928,3.7903562
0.07493,3.92905
0.074932,3.8828197
0.074934,3.6516623
0.074936,3.1893477
0.074938,2.5883412
0.07494,1.8024073
0.074942,1.0164738
0.074944,0.091846466
0.074946,-0.83278084
0.074948,-1.6649456
0.07495,-2.4508786
0.074952,-3.098118
0.074954,-3.6066632
0.074956,-3.8840513
0.074958,-3.976514
0.07496,-3.8378198
0.074962,-3.5142004
0.074964,-2.9594238
0.074966,-2.3121846
0.074968,-1.48002
0.07497,-0.601624
0.074971996,0.3230033
0.074974,1.2013993
0.074976,2.033564
0.074978,2.727035
0.07498,3.3280425
0.074982,3.744125
0.074984,3.92905
0.074986,3.92905
0.074988,3.6978936
0.07499,3.2818112
0.074992,2.6808028
0.074994,1.9873328
0.074996,1.1551685
0.074998,0.23054075
0.075,-0.6478553
0.075002,-1.5262513
0.075004,-2.3121846
0.075006,-3.0056553
0.075008,-3.5142004
0.07501,-3.8378198
0.075012,-3.976514
0.075014,-3.8840513
0.075016,-3.5604317
0.075017996,-3.098118
0.07502,-2.4046474
0.075022,-1.6187139
0.075024,-0.78654957
0.075026,0.13807821
0.075028,1.0627055
0.07503,1.8948698
0.075032,2.6345725
0.075034,3.23558
0.075036,3.6978936
0.075038,3.92905
0.07504,3.92905
0.075042,3.744125
0.075044,3.3742738
0.075046,2.8194976
0.075048,2.0797954
0.07505,1.2938623
0.075052,0.4154663
0.075054,-0.5091615
0.075056,-1.387557
0.075058,-2.1734905
0.07506,-2.866961
0.075062,-3.4217377
0.075064,-3.7915885
0.075066,-3.9302826
0.075068,-3.8840513
0.07507,-3.6528945
0.075072,-3.1905808
0.075074,-2.5433414
0.075076,-1.7574081
0.075078,-0.9252434
0.07508,-6.160736E-4
0.075082,0.87777996
0.075084,1.756176
0.075086,2.4958777
0.075088,3.1431174
0.07509,3.605431
0.075092,3.8828197
0.075094,3.9752812
0.075095996,3.7903562
0.075098,3.4667363
0.0751,2.9119601
0.075102,2.2184901
0.075104,1.4325566
0.075106,0.5541601
0.075108,-0.3704667
0.07511,-1.2488632
0.075112,-2.0347965
0.075114,-2.7744985
0.075116,-3.3755062
0.075118,-3.745357
0.07512,-3.9302826
0.075122,-3.9302826
0.075124,-3.6991258
0.075126,-3.2830436
0.075128,-2.6820357
0.07513,-1.9423337
0.075132,-1.1101689
0.075134,-0.18554163
0.075136,0.7390857
0.075138,1.6174817
0.07514,2.4034152
0.075141996,3.050654
0.075144,3.5591989
0.075146,3.8365874
0.075148,3.9752812
0.07515,3.8365874
0.075152,3.5129685
0.075154,3.050654
0.075156,2.357184
0.075158,1.5712504
0.07516,0.7390857
0.075162,-0.18554163
0.075164,-1.1101689
0.075166,-1.8961024
0.075168,-2.6358042
0.07517,-3.2830436
0.075172,-3.6991258
0.075174,-3.9302826
0.075176,-3.9302826
0.075178,-3.745357
0.07518,-3.3755062
0.075182,-2.7744985
0.075184,-2.081028
0.075186,-1.2488632
0.075188,-0.32423592
0.07519,0.60039186
0.075192,1.4787879
0.075194,2.2647214
0.075196,2.9581914
0.075198,3.4667363
0.0752,3.8365874
0.075202,3.9752812
0.075204,3.8828197
0.075206,3.605431
0.075208,3.1431174
0.07521,2.4958777
0.075212,1.7099442
0.075214,0.87777996
0.075216,-0.046847343
0.075218,-0.9252434
0.075219996,1.2938623
0.075222,2.6345725
0.075224,3.23558
0.075226,3.6978936
0.075228,3.9752812
0.07523,4.0215135
0.075232,3.8365874
0.075234,3.4667363
0.075236,2.9119601
0.075238,2.2184901
0.07524,1.4325566
0.075242,0.5541601
0.075244,-0.3704667
0.075246,-1.2950945
0.075248,-2.081028
0.07525,-2.7744985
0.075252,-3.3755062
0.075254,-3.745357
0.075256,-3.9302826
0.075258,-3.8840513
0.07526,-3.6528945
0.075262,-3.236812
0.075264,-2.6358042
0.075265996,-1.8498712
0.075268,-1.0177064
0.07527,-0.09307861
0.075272,0.7853174
0.075274,1.6637135
0.075276,2.4496465
0.075278,3.0968862
0.07528,3.5591989
0.075282,3.8828197
0.075284,3.9752812
0.075286,3.8365874
0.075288,3.5129685
0.07529,3.0044227
0.075292,2.3109517
0.075294,1.5250192
0.075296,0.6928544
0.075298,-0.2317729
0.0753,-1.1564007
0.075302,-1.9423337
0.075304,-2.6820357
0.075306,-3.2830436
0.075308,-3.6991258
0.07531,-3.9302826
0.075312,-3.9302826
0.075314,-3.745357
0.075316,-3.329275
0.075318,-2.728267
0.07532,-2.0347965
0.075322,-1.202632
0.075324,-0.27800417
0.075326,0.64662313
0.075328,1.4787879
0.07533,2.3109517
0.075332,3.0044227
0.075334,3.5129685
0.075336,3.8365874
0.075338,3.9752812
0.07534,3.8828197
0.075342,3.605431
0.075344,3.0968862
0.075346,2.4496465
0.075348,1.6637135
0.07535,0.8315482
0.075352,-0.09307861
0.075354,-1.0177064
0.075356,-1.8036394
0.075358,-2.589573
0.07536,-3.1905808
0.075362,-3.6528945
0.075364,-3.8840513
0.075366,-3.9302826
0.075368,-3.7915885
0.07537,-3.4217377
0.075372,-2.866961
0.075374,-2.1734905
0.075376,-1.3413262
0.075378,-0.46292973
0.07538,0.46169758
0.075382,1.3863249
0.075384,2.172258
0.075386,2.8657289
0.075388,3.420505
0.075389996,3.7903562
0.075392,3.9752812
0.075394,3.8828197
0.075396,3.6516623
0.075398,3.1893477
0.0754,2.5883412
0.075402,1.8024073
0.075404,0.970243
0.075406,0.091846466
0.075408,-0.83278084
0.07541,-1.6649456
0.075412,-2.4508786
0.075414,-3.098118
0.075416,-3.6066632
0.075418,-3.8840513
0.07542,-3.976514
0.075422,-3.8378198
0.075424,-3.467969
0.075426,-2.9594238
0.075428,-2.2659533
0.07543,-1.48002
0.075432,-0.601624
0.075434,0.3230033
0.075436,1.2476311
0.075438,2.033564
0.07544,2.7732663
0.075442,3.3280425
0.075444,3.744125
0.075446,3.92905
0.075448,3.92905
0.07545,3.6978936
0.075452,3.2818112
0.075454,2.6808028
0.075456,1.9411016
0.075458,1.1551685
0.07546,0.23054075
0.075462,-0.694087
0.075464,-1.5262513
0.075466,-2.3121846
0.075468,-3.0056553
0.07547,-3.5142004
0.075472,-3.8378198
0.075474,-3.976514
0.075476,-3.8378198
0.075478,-3.5604317
0.07548,-3.0518866
0.075482,-2.4046474
0.075484,-1.6187139
0.075486,-0.7403178
0.075488,0.13807821
0.07549,1.0627055
0.075492,1.8948698
0.075494,2.6345725
0.075496,3.23558
0.075498,3.6978936
0.0755,3.92905
0.075502,3.92905
0.075504,3.744125
0.075506,3.3742738
0.075508,2.8194976
0.07551,2.0797954
0.075512,1.2938623
0.075513996,0.36923456
0.075516,-0.5091615
0.075518,-1.4337888
0.07552,-2.2197218
0.075522,-2.9131925
0.075524,-3.4217377
0.075526,-3.7915885
0.075528,-3.9302826
0.07553,-3.8840513
0.075532,-3.6066632
0.075534,-3.1443493
0.075536,-2.5433414
0.075538,-1.7574081
0.07554,-0.9252434
0.075542,-6.160736E-4
0.075544,0.92401123
0.075546,1.756176
0.075548,2.542109
0.07555,3.1431174
0.075552,3.605431
0.075554,3.8828197
0.075556,3.9752812
0.075558,3.7903562
0.07556,3.4667363
0.075562,2.9119601
0.075564,2.2184901
0.075566,1.4325566
0.075568,0.5541601
0.07557,-0.3704667
0.075572,-1.2488632
0.075574,-2.081028
0.075576,-2.7744985
0.075578,-3.3755062
0.07558,-3.745357
0.075582,-3.9302826
0.075584,-3.9302826
0.075586,-3.6991258
0.075588,-3.236812
0.07559,-2.6358042
0.075592,-1.8961024
0.075594,-1.0639377
0.075596,-0.18554163
0.075598,0.7390857
0.0756,1.6174817
0.075602,2.4034152
0.075604,3.050654
0.075606,3.5591989
0.075608,3.8365874
0.07561,3.9752812
0.075612,3.8365874
0.075614,3.5129685
0.075616,3.0044227
0.075618,2.357184
0.07562,1.5712504
0.075622,0.6928544
0.075624,-0.2317729
0.075626,-1.1101689
0.075628,-1.9423337
0.07563,-2.6820357
0.075632,-3.2830436
0.075634,-3.6991258
0.075636,-3.9302826
0.075637996,-3.9302826
0.07564,-1.8961024
0.075642,1.8486385
0.075644,2.727035
0.075646,1.9873328
0.075648,1.2013993
0.07565,0.3230033
0.075652,-0.601624
0.075654,-1.48002
0.075656,-2.2659533
0.075658,-2.9594238
0.07566,-3.467969
0.075662,-3.8378198
0.075664,-3.976514
0.075666,-3.8840513
0.075668,-3.6066632
0.07567,-3.1443493
0.075672,-2.4971101
0.075674,-1.7111769
0.075676,-0.8790121
0.075678,0.045615196
0.07568,0.970243
0.075682,1.8024073
0.075684,2.5883412
0.075686,3.1893477
0.075688,3.6516623
0.07569,3.8828197
0.075692,3.92905
0.075694,3.7903562
0.075696,3.420505
0.075698,2.8657289
0.0757,2.172258
0.075702,1.3863249
0.075704,0.50792885
0.075706,-0.41669846
0.075708,-1.3413262
0.07571,-2.1272593
0.075712,-2.8207297
0.075714,-3.3755062
0.075716,-3.7915885
0.075718,-3.9302826
0.07572,-3.8840513
0.075722,-3.6528945
0.075724,-3.236812
0.075726,-2.589573
0.075728,-1.8498712
0.07573,-1.0177064
0.075732,-0.09307861
0.075734,0.8315482
0.075736,1.6637135
0.075738,2.4496465
0.07574,3.0968862
0.075742,3.605431
0.075744,3.8828197
0.075746,3.9752812
0.075748,3.8365874
0.07575,3.5129685
0.075752,2.9581914
0.075754,2.3109517
0.075756,1.4787879
0.075758,0.64662313
0.07576,-0.27800417
0.075761996,-1.1564007
0.075764,-1.9885652
0.075766,-2.728267
0.075768,-3.329275
0.07577,-3.6991258
0.075772,-3.9302826
0.075774,-3.9302826
0.075776,-3.6991258
0.075778,-3.329275
0.07578,-2.728267
0.075782,-1.9885652
0.075784,-1.1564007
0.075786,-0.27800417
0.075788,0.64662313
0.07579,1.5250192
0.075792,2.3109517
0.075794,3.0044227
0.075796,3.5129685
0.075798,3.8365874
0.0758,3.9752812
0.075802,3.8828197
0.075804,3.5591989
0.075806,3.0968862
0.075807996,2.4496465
0.07581,1.6637135
0.075812,0.7853174
0.075814,-0.09307861
0.075816,-1.0177064
0.075818,-1.8498712
0.07582,-2.589573
0.075822,-3.236812
0.075824,-3.6528945
0.075826,-3.9302826
0.075828,-3.9302826
0.07583,-3.7915885
0.075832,-3.3755062
0.075834,-2.8207297
0.075836,-2.1272593
0.075838,-1.2950945
0.07584,-0.41669846
0.075842,0.50792885
0.075844,1.3863249
0.075846,2.172258
0.075848,2.9119601
0.07585,3.420505
0.075852,3.7903562
0.075854,3.9752812
0.075856,3.8828197
0.075858,3.6516623
0.07586,3.1893477
0.075862,2.542109
0.075864,1.8024073
0.075866,0.970243
0.075868,0.045615196
0.07587,-0.8790121
0.075872,-1.7111769
0.075874,-2.4971101
0.075876,-3.1443493
0.075878,-3.6066632
0.07588,-3.8840513
0.075882,-3.976514
0.075884,-3.8378198
0.075885996,-3.467969
0.075888,-2.9594238
0.07589,-2.2659533
0.075892,-1.48002
0.075894,-0.55539227
0.075896,0.36923456
0.075898,1.2476311
0.0759,2.0797954
0.075902,2.7732663
0.075904,3.3742738
0.075906,3.744125
0.075908,3.92905
0.07591,3.92905
0.075912,3.6978936
0.075914,3.2818112
0.075916,2.6808028
0.075918,1.9411016
0.07592,1.1089368
0.075922,0.184309
0.075924,-0.694087
0.075926,-1.5724826
0.075928,-2.3584158
0.07593,-3.0056553
0.075931996,-3.5142004
0.075934,-3.8378198
0.075936,-3.976514
0.075938,-3.8378198
0.07594,-3.5604317
0.075942,-3.0518866
0.075944,-2.4046474
0.075946,-1.5724826
0.075948,-0.7403178
0.07595,0.184309
0.075952,1.1089368
0.075954,1.9411016
0.075956,2.6808028
0.075958,3.2818112
0.07596,3.6978936
0.075962,3.92905
0.075964,3.92905
0.075966,3.744125
0.075968,3.3742738
0.07597,2.7732663
0.075972,2.0797954
0.075974,1.2476311
0.075976,0.36923456
0.075978,-0.55539227
0.07598,-1.4337888
0.075982,-2.2197218
0.075984,-2.9131925
0.075986,-3.467969
0.075988,-3.7915885
0.07599,-3.976514
0.075992,-3.8840513
0.075994,-3.6066632
0.075996,-3.1443493
0.075998,-2.4971101
0.076,-1.7574081
0.076002,-0.8790121
0.076004,0.045615196
0.076006,0.92401123
0.076008,1.756176
0.076009996,2.542109
0.076012,3.1893477
0.076014,3.6516623
0.076016,3.8828197
0.076018,3.9752812
0.07602,3.7903562
0.076022,3.420505
0.076024,2.9119601
0.076026,2.2184901
0.076028,1.4325566
0.07603,0.50792885
0.076032,-0.41669846
0.076034,-1.2950945
0.076036,-2.081028
0.076038,-2.8207297
0.07604,-3.3755062
0.076042,-3.745357
0.076044,-3.9302826
0.076046,-3.9302826
0.076048,-3.6991258
0.07605,-3.236812
0.076052,-2.6358042
0.076054,-1.8961024
0.076055996,-1.0639377
0.076058,-0.13931036
0.07606,-0.78654957
0.076062,-1.6649456
0.076064,-2.4508786
0.076066,-3.1443493
0.076068,-3.6066632
0.07607,-3.9302826
0.076072,-4.022745
0.076074,-3.8840513
0.076076,-3.5604317
0.076078,-3.0518866
0.07608,-2.4046474
0.076082,-1.5724826
0.076084,-0.694087
0.076086,0.23054075
0.076088,1.1089368
0.07609,1.9411016
0.076092,2.6808028
0.076094,3.2818112
0.076096,3.6978936
0.076098,3.92905
0.0761,3.92905
0.076102,3.6978936
0.076104,3.3280425
0.076106,2.727035
0.076108,1.9873328
0.07611,1.2013993
0.076112,0.27677202
0.076114,-0.601624
0.076116,-1.48002
0.076118,-2.2659533
0.07612,-2.9594238
0.076122,-3.5142004
0.076124,-3.8378198
0.076126,-3.976514
0.076128,-3.8840513
0.07613,-3.6066632
0.076132,-3.098118
0.076133996,-2.4971101
0.076136,-1.7111769
0.076138,-0.83278084
0.07614,0.091846466
0.076142,0.970243
0.076144,1.8486385
0.076146,2.5883412
0.076148,3.1893477
0.07615,3.6516623
0.076152,3.8828197
0.076154,3.92905
0.076156,3.7903562
0.076158,3.420505
0.07616,2.8657289
0.076162,2.172258
0.076164,1.3400936
0.076166,0.46169758
0.076168,-0.46292973
0.07617,-1.3413262
0.076172,-2.1272593
0.076174,-2.8207297
0.076176,-3.4217377
0.076178,-3.7915885
0.076179996,-3.9302826
0.076182,-3.8840513
0.076184,-3.6528945
0.076186,-3.1905808
0.076188,-2.589573
0.07619,-1.8498712
0.076192,-0.9714751
0.076194,-0.09307861
0.076196,0.8315482
0.076198,1.6637135
0.0762,2.4496465
0.076202,3.0968862
0.076204,3.605431
0.076206,3.8828197
0.076208,3.9752812
0.07621,3.8365874
0.076212,3.5129685
0.076214,2.9581914
0.076216,2.2647214
0.076218,1.4787879
0.07622,0.64662313
0.076222,-0.27800417
0.076224,-1.202632
0.076226,-1.9885652
0.076228,-2.728267
0.07623,-3.329275
0.076232,-3.745357
0.076234,-3.9302826
0.076236,-3.9302826
0.076238,-3.6991258
0.07624,-3.2830436
0.076242,-2.728267
0.076244,-1.9885652
0.076246,-1.1564007
0.076248,-0.2317729
0.07625,0.6928544
0.076252,1.5250192
0.076254,2.357184
0.076256,3.0044227
0.076257996,3.5129685
0.07626,3.8365874
0.076262,3.9752812
0.076264,3.8828197
0.076266,3.5591989
0.076268,3.050654
0.07627,2.4034152
0.076272,1.6174817
0.076274,0.7853174
0.076276,-0.13931036
0.076278,-1.0177064
0.07628,-1.8498712
0.076282,-2.589573
0.076284,-3.236812
0.076286,-3.6528945
0.076288,-3.9302826
0.07629,-3.9302826
0.076292,-3.745357
0.076294,-3.3755062
0.076296,-2.8207297
0.076298,-2.1272593
0.0763,-1.2950945
0.076302,-0.41669846
0.076303996,0.50792885
0.076306,1.4325566
0.076308,2.2184901
0.07631,2.9119601
0.076312,3.4667363
0.076314,3.7903562
0.076316,3.9752812
0.076318,3.8828197
0.07632,3.6516623
0.076322,3.1893477
0.076324,2.542109
0.076326,1.756176
0.076328,0.92401123
0.07633,0.045615196
0.076332,-0.8790121
0.076334,-1.7111769
0.076336,-2.4971101
0.076338,-3.1443493
0.07634,-3.6066632
0.076342,-3.8840513
0.076344,-3.976514
0.076346,-3.7915885
0.076348,-3.467969
0.07635,-2.9594238
0.076352,-2.2659533
0.076354,-1.4337888
0.076356,-0.55539227
0.076358,0.36923456
0.07636,1.2476311
0.076362,2.0797954
0.076364,2.7732663
0.076366,3.3742738
0.076368,3.744125
0.07637,3.92905
0.076372,3.92905
0.076374,3.6978936
0.076376,3.2818112
0.076378,2.6808028
0.07638,1.8948698
0.076381996,1.1089368
0.076384,0.184309
0.076386,-0.7403178
0.076388,-1.5724826
0.07639,-2.3584158
0.076392,-3.0518866
0.076394,-3.5604317
0.076396,-3.8378198
0.076398,-3.976514
0.0764,-3.8378198
0.076402,-3.5604317
0.076404,-3.0518866
0.076406,-2.3584158
0.076408,-1.5724826
0.07641,-0.7403178
0.076412,0.184309
0.076414,1.1089368
0.076416,1.9411016
0.076418,2.6808028
0.07642,3.2818112
0.076422,3.6978936
0.076424,3.92905
0.076426,3.92905
0.076427996,3.744125
0.07643,3.3280425
0.076432,2.7732663
0.076434,2.033564
0.076436,1.2476311
0.076438,0.36923456
0.07644,-0.55539227
0.076442,-1.4337888
0.076444,-2.2197218
0.076446,-2.9131925
0.076448,-3.467969
0.07645,-3.7915885
0.076452,-3.976514
0.076454,-3.8840513
0.076456,-3.6066632
0.076458,-3.1443493
0.07646,-2.4971101
0.076462,-1.7111769
0.076464,-0.8790121
0.076466,0.045615196
0.076468,0.970243
0.07647,1.8024073
0.076472,2.542109
0.076474,3.1893477
0.076476,3.6516623
0.076478,3.8828197
0.07648,2.2184901
0.076482,-1.202632
0.076484,-3.329275
0.076486,-2.866961
0.076488,-2.1734905
0.07649,-1.387557
0.076492,-0.5091615
0.076494,0.4154663
0.076496,1.3400936
0.076498,2.126027
0.0765,2.8194976
0.076502,3.420505
0.076504,3.7903562
0.076506,3.92905
0.076508,3.92905
0.07651,3.6516623
0.076512,3.23558
0.076514,2.5883412
0.076516,1.8486385
0.076518,1.0164738
0.07652,0.13807821
0.076522,-0.78654957
0.076524,-1.6187139
0.076526,-2.4046474
0.076528,-3.0518866
0.07653,-3.5604317
0.076532,-3.8840513
0.076534,-3.976514
0.076536,-3.8378198
0.076538,-3.5142004
0.07654,-3.0056553
0.076542,-2.3121846
0.076544,-1.5262513
0.076546,-0.6478553
0.076548,0.27677202
0.07655,1.1551685
0.076551996,1.9873328
0.076554,2.727035
0.076556,3.3280425
0.076558,3.744125
0.07656,3.92905
0.076562,3.92905
0.076564,3.744125
0.076566,3.3280425
0.076568,2.727035
0.07657,1.9873328
0.076572,1.2013993
0.076574,0.27677202
0.076576,-0.6478553
0.076578,-1.48002
0.07658,-2.2659533
0.076582,-2.9594238
0.076584,-3.5142004
0.076586,-3.8378198
0.076588,-3.976514
0.07659,-3.8840513
0.076592,-3.6066632
0.076594,-3.098118
0.076596,-2.4508786
0.076598,-1.6649456
0.0766,-0.83278084
0.076602,0.091846466
0.076604,1.0164738
0.076606,1.8486385
0.076608,2.5883412
0.07661,3.23558
0.076612,3.6516623
0.076614,3.92905
0.076616,3.92905
0.076618,3.7903562
0.07662,3.420505
0.076622,2.8194976
0.076624,2.126027
0.076626,1.3400936
0.076628,0.46169758
0.07663,-0.46292973
0.076632,-1.3413262
0.076634,-2.1734905
0.076636,-2.866961
0.076638,-3.4217377
0.07664,-3.7915885
0.076642,-3.9302826
0.076644,-3.8840513
0.076646,-3.6528945
0.076648,-3.1905808
0.07665,-2.589573
0.076652,-1.8036394
0.076654,-0.9714751
0.076656,-0.046847343
0.076658,0.87777996
0.07666,1.7099442
0.076662,2.4958777
0.076664,3.1431174
0.076666,3.605431
0.076668,3.8828197
0.07667,3.9752812
0.076672,3.8365874
0.076674,3.4667363
0.076675996,2.9581914
0.076678,2.2647214
0.07668,1.4787879
0.076682,0.60039186
0.076684,-0.32423592
0.076686,-1.202632
0.076688,-2.0347965
0.07669,-2.728267
0.076692,-3.329275
0.076694,-3.745357
0.076696,-3.9302826
0.076698,-3.9302826
0.0767,-3.6991258
0.076702,-3.2830436
0.076704,-2.6820357
0.076706,-1.9423337
0.076708,-1.1101689
0.07671,-0.2317729
0.076712,0.6928544
0.076714,1.5712504
0.076716,2.357184
0.076718,3.0044227
0.07672,3.5129685
0.076722,3.8365874
0.076724,3.9752812
0.076726,3.8365874
0.076728,3.5591989
0.07673,3.050654
0.076732,2.4034152
0.076734,1.6174817
0.076736,0.7390857
0.076738,-0.13931036
0.07674,-1.0639377
0.076742,-1.8961024
0.076744,-2.6358042
0.076746,-3.236812
0.076748,-3.6991258
0.07675,-3.9302826
0.076752,-3.9302826
0.076754,-3.745357
0.076756,-3.3755062
0.076758,-2.8207297
0.07676,-2.081028
0.076762,-1.2950945
0.076764,-0.3704667
0.076766,0.5541601
0.076768,1.4325566
0.07677,2.2184901
0.076772,2.9119601
0.076774,3.4667363
0.076776,3.7903562
0.076778,3.9752812
0.07678,3.8828197
0.076782,3.605431
0.076784,3.1431174
0.076786,2.4958777
0.076788,1.756176
0.07679,0.92401123
0.076792,-6.160736E-4
0.076794,-0.9252434
0.076796,-1.7574081
0.076798,-2.4971101
0.076799996,-3.1443493
0.076802,-3.6066632
0.076804,-3.8840513
0.076806,-3.976514
0.076808,-3.7915885
0.07681,-3.467969
0.076812,-2.9131925
0.076814,-2.2197218
0.076816,-1.4337888
0.076818,-0.55539227
0.07682,0.36923456
0.076822,1.2938623
0.076824,2.0797954
0.076826,2.8194976
0.076828,3.3742738
0.07683,3.744125
0.076832,3.92905
0.076834,3.92905
0.076836,3.6978936
0.076838,3.23558
0.07684,2.6345725
0.076842,1.8948698
0.076844,1.0627055
0.076845996,0.184309
0.076848,-0.7403178
0.07685,-1.5724826
0.076852,-2.4046474
0.076854,-3.0518866
0.076856,-3.5604317
0.076858,-3.8378198
0.07686,-3.976514
0.076862,-3.8378198
0.076864,-3.5142004
0.076866,-3.0056553
0.076868,-2.3584158
0.07687,-1.5724826
0.076872,-0.694087
0.076874,0.23054075
0.076876,1.1551685
0.076878,1.9411016
0.07688,2.6808028
0.076882,3.2818112
0.076884,3.6978936
0.076886,3.92905
0.076888,3.92905
0.07689,3.744125
0.076892,3.3280425
0.076894,2.7732663
0.076896,2.033564
0.076898,1.2013993
0.0769,0.045615196
0.076902,0.6928544
0.076904,1.5250192
0.076906,2.357184
0.076908,3.0044227
0.07691,3.5591989
0.076912,3.8828197
0.076914,4.0215135
0.076916,3.92905
0.076918,3.6516623
0.07692,3.1431174
0.076922,2.4958777
0.076923996,1.756176
0.076926,0.87777996
0.076928,-0.046847343
0.07693,-0.9252434
0.076932,-1.7574081
0.076934,-2.5433414
0.076936,-3.1443493
0.076938,-3.6066632
0.07694,-3.8840513
0.076942,-3.9302826
0.076944,-3.7915885
0.076946,-3.4217377
0.076948,-2.866961
0.07695,-2.1734905
0.076952,-1.387557
0.076954,-0.46292973
0.076956,0.46169758
0.076958,1.3400936
0.07696,2.126027
0.076962,2.8657289
0.076964,3.420505
0.076966,3.7903562
0.076968,3.9752812
0.076969996,3.92905
0.076972,3.6516623
0.076974,3.23558
0.076976,2.5883412
0.076978,1.8486385
0.07698,1.0164738
0.076982,0.091846466
0.076984,-0.78654957
0.076986,-1.6649456
0.076988,-2.4046474
0.07699,-3.098118
0.076992,-3.5604317
0.076994,-3.8840513
0.076996,-3.976514
0.076998,-3.8378198
0.077,-3.5142004
0.077002,-3.0056553
0.077004,-2.3121846
0.077006,-1.48002
0.077008,-0.6478553
0.07701,0.27677202
0.077012,1.2013993
0.077014,1.9873328
0.077016,2.727035
0.077018,3.3280425
0.07702,3.744125
0.077022,3.92905
0.077024,3.92905
0.077026,3.6978936
0.077028,3.2818112
0.07703,2.727035
0.077032,1.9873328
0.077034,1.1551685
0.077036,0.27677202
0.077038,-0.6478553
0.07704,-1.48002
0.077042,-2.3121846
0.077044,-2.9594238
0.077046,-3.5142004
0.077047996,-3.8378198
0.07705,-3.976514
0.077052,-3.8840513
0.077054,-3.5604317
0.077056,-3.098118
0.077058,-2.4508786
0.07706,-1.6649456
0.077062,-0.78654957
0.077064,0.13807821
0.077066,1.0164738
0.077068,1.8486385
0.07707,2.6345725
0.077072,3.23558
0.077074,3.6516623
0.077076,3.92905
0.077078,3.92905
0.07708,3.7903562
0.077082,3.3742738
0.077084,2.8194976
0.077086,2.126027
0.077088,1.3400936
0.07709,0.4154663
0.077092,-0.5091615
0.077093996,-1.387557
0.077096,-2.1734905
0.077098,-2.866961
0.0771,-3.4217377
0.077102,-3.7915885
0.077104,-3.9302826
0.077106,-3.8840513
0.077108,-3.6528945
0.07711,-3.1905808
0.077112,-2.5433414
0.077114,-1.8036394
0.077116,-0.9714751
0.077118,-0.046847343
0.07712,0.87777996
0.077122,1.7099442
0.077124,2.4958777
0.077126,3.1431174
0.077128,3.605431
0.07713,3.8828197
0.077132,3.9752812
0.077134,3.8365874
0.077136,3.4667363
0.077138,2.9581914
0.07714,2.2647214
0.077142,1.4787879
0.077144,0.60039186
0.077146,-0.32423592
0.077148,-1.2488632
0.07715,-2.0347965
0.077152,-2.7744985
0.077154,-3.329275
0.077156,-3.745357
0.077158,-3.9302826
0.07716,-3.9302826
0.077162,-3.6991258
0.077164,-3.2830436
0.077166,-2.6820357
0.077168,-1.9423337
0.07717,-1.1101689
0.077171996,-0.18554163
0.077174,0.7390857
0.077176,1.5712504
0.077178,2.357184
0.07718,3.050654
0.077182,3.5591989
0.077184,3.8365874
0.077186,3.9752812
0.077188,3.8365874
0.07719,3.5591989
0.077192,3.050654
0.077194,2.357184
0.077196,1.5712504
0.077198,0.7390857
0.0772,-0.18554163
0.077202,-1.0639377
0.077204,-1.8961024
0.077206,-2.6358042
0.077208,-3.236812
0.07721,-3.6991258
0.077212,-3.9302826
0.077214,-3.9302826
0.077216,-3.745357
0.077217996,-3.3755062
0.07722,-2.8207297
0.077222,-2.081028
0.077224,-1.2488632
0.077226,-0.3704667
0.077228,0.5541601
0.07723,1.4325566
0.077232,2.2184901
0.077234,2.9119601
0.077236,3.4667363
0.077238,3.7903562
0.07724,3.9752812
0.077242,3.8828197
0.077244,3.605431
0.077246,3.1431174
0.077248,2.4958777
0.07725,1.756176
0.077252,0.87777996
0.077254,-6.160736E-4
0.077256,-0.9252434
0.077258,-1.7574081
0.07726,-2.5433414
0.077262,-3.1443493
0.077264,-3.6066632
0.077266,-3.8840513
0.077268,-3.9302826
0.07727,-3.7915885
0.077272,-3.467969
0.077274,-2.9131925
0.077276,-2.2197218
0.077278,-1.4337888
0.07728,-0.5091615
0.077282,0.4154663
0.077284,1.2938623
0.077286,2.126027
0.077288,2.8194976
0.07729,3.3742738
0.077292,3.744125
0.077294,3.92905
0.077295996,3.92905
0.077298,3.6978936
0.0773,3.23558
0.077302,2.6345725
0.077304,1.8948698
0.077306,1.0627055
0.077308,0.13807821
0.07731,-0.78654957
0.077312,-1.6187139
0.077314,-2.4046474
0.077316,-3.0518866
0.077318,-3.5604317
0.07732,-2.9131925
0.077322,0.64662313
0.077324,3.6516623
0.077326,3.5129685
0.077328,3.0044227
0.07733,2.3109517
0.077332,1.5250192
0.077334,0.6928544
0.077336,-0.2317729
0.077338,-1.1564007
0.07734,-1.9423337
0.077341996,-2.6820357
0.077344,-3.2830436
0.077346,-3.6991258
0.077348,-3.9302826
0.07735,-3.9302826
0.077352,-3.745357
0.077354,-3.329275
0.077356,-2.728267
0.077358,-2.0347965
0.07736,-1.202632
0.077362,-0.27800417
0.077364,0.64662313
0.077366,1.4787879
0.077368,2.3109517
0.07737,2.9581914
0.077372,3.5129685
0.077374,3.8365874
0.077376,3.9752812
0.077378,3.8828197
0.07738,3.605431
0.077382,3.0968862
0.077384,2.4496465
0.077386,1.6637135
0.077388,0.8315482
0.07739,-0.09307861
0.077392,-0.9714751
0.077394,-1.8036394
0.077396,-2.5433414
0.077398,-3.1905808
0.0774,-3.6528945
0.077402,-3.8840513
0.077404,-3.9302826
0.077406,-3.7915885
0.077408,-3.4217377
0.07741,-2.866961
0.077412,-2.1734905
0.077414,-1.3413262
0.077416,-0.46292973
0.077418,0.46169758
0.077419996,1.3863249
0.077422,2.172258
0.077424,2.8657289
0.077426,3.420505
0.077428,3.7903562
0.07743,3.92905
0.077432,3.92905
0.077434,3.6516623
0.077436,3.1893477
0.077438,2.5883412
0.07744,1.8024073
0.077442,0.970243
0.077444,0.091846466
0.077446,-0.83278084
0.077448,-1.6649456
0.07745,-2.4508786
0.077452,-3.098118
0.077454,-3.6066632
0.077456,-3.8840513
0.077458,-3.976514
0.07746,-3.8378198
0.077462,-3.5142004
0.077464,-2.9594238
0.077465996,-2.3121846
0.077468,-1.48002
0.07747,-0.601624
0.077472,0.3230033
0.077474,1.2013993
0.077476,2.033564
0.077478,2.7732663
0.07748,3.3280425
0.077482,3.744125
0.077484,3.92905
0.077486,3.92905
0.077488,3.6978936
0.07749,3.2818112
0.077492,2.6808028
0.077494,1.9411016
0.077496,1.1551685
0.077498,0.23054075
0.0775,-0.694087
0.077502,-1.5262513
0.077504,-2.3121846
0.077506,-3.0056553
0.077508,-3.5142004
0.07751,-3.8378198
0.077512,-3.976514
0.077514,-3.8840513
0.077516,-3.5604317
0.077518,-3.0518866
0.07752,-2.4046474
0.077522,-1.6187139
0.077524,-0.78654957
0.077526,0.13807821
0.077528,1.0627055
0.07753,1.8948698
0.077532,2.6345725
0.077534,3.23558
0.077536,3.6978936
0.077538,3.92905
0.07754,3.92905
0.077542,3.744125
0.077543996,3.3742738
0.077546,2.8194976
0.077548,2.0797954
0.07755,1.2938623
0.077552,0.4154663
0.077554,-0.5091615
0.077556,-1.387557
0.077558,-2.1734905
0.07756,-2.9131925
0.077562,-3.4217377
0.077564,-3.7915885
0.077566,-3.9302826
0.077568,-3.8840513
0.07757,-3.6066632
0.077572,-3.1905808
0.077574,-2.5433414
0.077576,-1.7574081
0.077578,-0.9252434
0.07758,-6.160736E-4
0.077582,0.92401123
0.077584,1.756176
0.077586,2.4958777
0.077588,3.1431174
0.077589996,3.605431
0.077592,3.8828197
0.077594,3.9752812
0.077596,3.7903562
0.077598,3.4667363
0.0776,2.9119601
0.077602,2.2184901
0.077604,1.4325566
0.077606,0.5541601
0.077608,-0.3704667
0.07761,-1.2488632
0.077612,-2.081028
0.077614,-2.7744985
0.077616,-3.3755062
0.077618,-3.745357
0.07762,-3.9302826
0.077622,-3.9302826
0.077624,-3.6991258
0.077626,-3.2830436
0.077628,-2.6820357
0.07763,-1.8961024
0.077632,-1.0639377
0.077634,-0.18554163
0.077636,0.7390857
0.077638,1.6174817
0.07764,2.4034152
0.077642,3.050654
0.077644,3.5591989
0.077646,3.8365874
0.077648,3.9752812
0.07765,3.8365874
0.077652,3.5129685
0.077654,3.0044227
0.077656,2.357184
0.077658,1.5712504
0.07766,0.7390857
0.077662,-0.18554163
0.077664,-1.1101689
0.077666,-1.8961024
0.077668,-2.6820357
0.07767,-3.2830436
0.077672,-3.6991258
0.077674,-3.9302826
0.077676,-3.9302826
0.077678,-3.745357
0.07768,-3.3755062
0.077682,-2.7744985
0.077684,-2.0347965
0.077686,-1.2488632
0.077688,-0.32423592
0.07769,0.60039186
0.077692,1.4787879
0.077694,2.2647214
0.077696,2.9581914
0.077698,3.4667363
0.0777,3.8365874
0.077702,3.9752812
0.077704,3.8828197
0.077706,3.605431
0.077708,3.1431174
0.07771,2.4958777
0.077712,1.7099442
0.077713996,0.87777996
0.077716,-0.046847343
0.077718,-0.9252434
0.07772,-1.7574081
0.077722,-2.5433414
0.077724,-3.1905808
0.077726,-3.6528945
0.077728,-3.8840513
0.07773,-3.9302826
0.077732,-3.7915885
0.077734,-3.4217377
0.077736,-2.9131925
0.077738,-2.1734905
0.07774,-0.83278084
0.077742,0.36923456
0.077744,-0.5091615
0.077746,-1.387557
0.077748,-2.1734905
0.07775,-2.866961
0.077752,-3.467969
0.077754,-3.8378198
0.077756,-3.976514
0.077758,-3.976514
0.07776,-3.6991258
0.077762,-3.2830436
0.077764,-2.6820357
0.077766,-1.8961024
0.077768,-1.0639377
0.07777,-0.13931036
0.077772,0.7853174
0.077774,1.6174817
0.077776,2.4034152
0.077778,3.050654
0.07778,3.5591989
0.077782,3.8365874
0.077784,3.92905
0.077786,3.8365874
0.077788,3.5129685
0.07779,2.9581914
0.077792,2.3109517
0.077794,1.5250192
0.077796,0.64662313
0.077798,-0.27800417
0.0778,-1.1564007
0.077802,-1.9885652
0.077804,-2.728267
0.077806,-3.2830436
0.077808,-3.6991258
0.07781,-3.9302826
0.077812,-3.9302826
0.077814,-3.745357
0.077816,-3.329275
0.077818,-2.728267
0.07782,-2.0347965
0.077822,-1.202632
0.077824,-0.27800417
0.077826,0.64662313
0.077828,1.5250192
0.07783,2.3109517
0.077832,3.0044227
0.077834,3.5129685
0.077836,3.8365874
0.077837996,3.9752812
0.07784,3.8828197
0.077842,3.5591989
0.077844,3.0968862
0.077846,2.4496465
0.077848,1.6637135
0.07785,0.8315482
0.077852,-0.09307861
0.077854,-1.0177064
0.077856,-1.8498712
0.077858,-2.589573
0.07786,-3.1905808
0.077862,-3.6528945
0.077864,-3.8840513
0.077866,-3.9302826
0.077868,-3.7915885
0.07787,-3.4217377
0.077872,-2.866961
0.077874,-2.1272593
0.077876,-1.3413262
0.077878,-0.41669846
0.07788,0.46169758
0.077882,1.3863249
0.077884,2.172258
0.077886,2.8657289
0.077888,3.420505
0.07789,3.7903562
0.077892,3.92905
0.077894,3.8828197
0.077896,3.6516623
0.077898,3.1893477
0.0779,2.5883412
0.077902,1.8024073
0.077904,0.970243
0.077906,0.045615196
0.077908,-0.83278084
0.07791,-1.6649456
0.077912,-2.4508786
0.077914,-3.098118
0.077916,-3.6066632
0.077918,-3.8840513
0.07792,-3.976514
0.077922,-3.8378198
0.077924,-3.467969
0.077926,-2.9594238
0.077928,-2.2659533
0.07793,-1.48002
0.077932,-0.601624
0.077934,0.3230033
0.077936,1.2476311
0.077938,2.033564
0.07794,2.7732663
0.077942,3.3280425
0.077944,3.744125
0.077946,3.92905
0.077948,3.92905
0.07795,3.6978936
0.077952,3.2818112
0.077954,2.6808028
0.077956,1.9411016
0.077958,1.1089368
0.07796,0.23054075
0.077961996,-0.694087
0.077964,-1.5262513
0.077966,-2.3121846
0.077968,-3.0056553
0.07797,-3.5142004
0.077972,-3.8378198
0.077974,-3.976514
0.077976,-3.8378198
0.077978,-3.5604317
0.07798,-3.0518866
0.077982,-2.4046474
0.077984,-1.6187139
0.077986,-0.7403178
0.077988,0.184309
0.07799,1.0627055
0.077992,1.8948698
0.077994,2.6345725
0.077996,3.23558
0.077998,3.6978936
0.078,3.92905
0.078002,3.92905
0.078004,3.744125
0.078006,3.3742738
0.078007996,2.8194976
0.07801,2.0797954
0.078012,1.2938623
0.078014,0.36923456
0.078016,-0.55539227
0.078018,-1.4337888
0.07802,-2.2197218
0.078022,-2.9131925
0.078024,-3.467969
0.078026,-3.7915885
0.078028,-3.9302826
0.07803,-3.8840513
0.078032,-3.6066632
0.078034,-3.1443493
0.078036,-2.5433414
0.078038,-1.7574081
0.07804,-0.9252434
0.078042,-6.160736E-4
0.078044,0.92401123
0.078046,1.756176
0.078048,2.542109
0.07805,3.1431174
0.078052,3.605431
0.078054,3.8828197
0.078056,3.9752812
0.078058,3.7903562
0.07806,3.4667363
0.078062,2.9119601
0.078064,2.2184901
0.078066,1.4325566
0.078068,0.5541601
0.07807,-0.3704667
0.078072,-1.2488632
0.078074,-2.081028
0.078076,-2.7744985
0.078078,-3.3755062
0.07808,-3.745357
0.078082,-3.9302826
0.078084,-3.9302826
0.078085996,-3.6991258
0.078088,-3.236812
0.07809,-2.6358042
0.078092,-1.8961024
0.078094,-1.0639377
0.078096,-0.13931036
0.078098,0.7853174
0.0781,1.6174817
0.078102,2.4034152
0.078104,3.050654
0.078106,3.5591989
0.078108,3.8828197
0.07811,3.9752812
0.078112,3.8365874
0.078114,3.5129685
0.078116,3.0044227
0.078118,2.357184
0.07812,1.5712504
0.078122,0.6928544
0.078124,-0.2317729
0.078126,-1.1101689
0.078128,-1.9423337
0.07813,-2.6820357
0.078131996,-3.2830436
0.078134,-3.6991258
0.078136,-3.9302826
0.078138,-3.9302826
0.07814,-3.745357
0.078142,-3.329275
0.078144,-2.7744985
0.078146,-2.0347965
0.078148,-1.202632
0.07815,-0.32423592
0.078152,0.60039186
0.078154,1.4787879
0.078156,2.2647214
0.078158,2.9581914
0.07816,2.9581914
0.078162,-0.46292973
0.078164,-3.5604317
0.078166,-3.8840513
0.078168,-3.6066632
0.07817,-3.1443493
0.078172,-2.4971101
0.078174,-1.7111769
0.078176,-0.8790121
0.078178,0.045615196
0.07818,0.970243
0.078182,1.8024073
0.078184,2.542109
0.078186,3.1893477
0.078188,3.6516623
0.07819,3.8828197
0.078192,3.92905
0.078194,3.7903562
0.078196,3.420505
0.078198,2.8657289
0.0782,2.172258
0.078202,1.3400936
0.078204,0.46169758
0.078206,-0.46292973
0.078208,-1.3413262
0.078209996,-2.1272593
0.078212,-2.8207297
0.078214,-3.4217377
0.078216,-3.7915885
0.078218,-3.9302826
0.07822,-3.9302826
0.078222,-3.6528945
0.078224,-3.236812
0.078226,-2.589573
0.078228,-1.8498712
0.07823,-1.0177064
0.078232,-0.09307861
0.078234,0.8315482
0.078236,1.6637135
0.078238,2.4496465
0.07824,3.0968862
0.078242,3.605431
0.078244,3.8828197
0.078246,3.9752812
0.078248,3.8365874
0.07825,3.5129685
0.078252,2.9581914
0.078254,2.3109517
0.078255996,1.4787879
0.078258,0.64662313
0.07826,-0.27800417
0.078262,-1.202632
0.078264,-1.9885652
0.078266,-2.728267
0.078268,-3.329275
0.07827,-3.745357
0.078272,-3.9302826
0.078274,-3.9302826
0.078276,-3.6991258
0.078278,-3.329275
0.07828,-2.728267
0.078282,-1.9885652
0.078284,-1.1564007
0.078286,-0.2317729
0.078288,0.64662313
0.07829,1.5250192
0.078292,2.3109517
0.078294,3.0044227
0.078296,3.5129685
0.078298,3.8365874
0.0783,3.9752812
0.078302,3.8828197
0.078304,3.5591989
0.078306,3.0968862
0.078308,2.4034152
0.07831,1.6174817
0.078312,0.7853174
0.078314,-0.13931036
0.078316,-1.0177064
0.078318,-1.8498712
0.07832,-2.589573
0.078322,-3.236812
0.078324,-3.6528945
0.078326,-3.9302826
0.078328,-3.9302826
0.07833,-3.7915885
0.078332,-3.3755062
0.078333996,-2.8207297
0.078336,-2.1272593
0.078338,-1.2950945
0.07834,-0.41669846
0.078342,0.50792885
0.078344,1.3863249
0.078346,2.2184901
0.078348,2.9119601
0.07835,3.420505
0.078352,3.7903562
0.078354,3.9752812
0.078356,3.8828197
0.078358,3.6516623
0.07836,3.1893477
0.078362,2.542109
0.078364,1.8024073
0.078366,0.92401123
0.078368,0.045615196
0.07837,-0.8790121
0.078372,-1.7111769
0.078374,-2.4971101
0.078376,-3.1443493
0.078378,-3.6066632
0.078379996,-3.8840513
0.078382,-3.976514
0.078384,-3.7915885
0.078386,-3.467969
0.078388,-2.9594238
0.07839,-2.2659533
0.078392,-1.48002
0.078394,-0.55539227
0.078396,0.36923456
0.078398,1.2476311
0.0784,2.0797954
0.078402,2.7732663
0.078404,3.3742738
0.078406,3.744125
0.078408,3.92905
0.07841,3.92905
0.078412,3.6978936
0.078414,3.2818112
0.078416,2.6808028
0.078418,1.9411016
0.07842,1.1089368
0.078422,0.184309
0.078424,-0.7403178
0.078426,-1.5724826
0.078428,-2.3584158
0.07843,-3.0056553
0.078432,-3.5142004
0.078434,-3.8378198
0.078436,-3.976514
0.078438,-3.8378198
0.07844,-3.5604317
0.078442,-3.0518866
0.078444,-2.4046474
0.078446,-1.5724826
0.078448,-0.7403178
0.07845,0.184309
0.078452,1.1089368
0.078454,1.9411016
0.078456,2.6808028
0.078457996,3.2818112
0.07846,3.6978936
0.078462,3.92905
0.078464,3.92905
0.078466,3.744125
0.078468,3.3742738
0.07847,2.7732663
0.078472,2.0797954
0.078474,1.2476311
0.078476,0.36923456
0.078478,-0.55539227
0.07848,-1.4337888
0.078482,-2.2197218
0.078484,-2.9131925
0.078486,-3.467969
0.078488,-3.7915885
0.07849,-3.976514
0.078492,-3.8840513
0.078494,-3.6066632
0.078496,-3.1443493
0.078498,-2.4971101
0.0785,-1.7574081
0.078502,-0.8790121
0.078503996,0.045615196
0.078506,0.92401123
0.078508,1.8024073
0.07851,2.542109
0.078512,3.1893477
0.078514,3.6516623
0.078516,3.8828197
0.078518,3.9752812
0.07852,3.7903562
0.078522,3.420505
0.078524,2.9119601
0.078526,2.172258
0.078528,1.3863249
0.07853,0.50792885
0.078532,-0.41669846
0.078534,-1.2950945
0.078536,-2.081028
0.078538,-2.8207297
0.07854,-3.3755062
0.078542,-3.745357
0.078544,-3.9302826
0.078546,-3.9302826
0.078548,-3.6528945
0.07855,-3.236812
0.078552,-2.6358042
0.078554,-1.8961024
0.078556,-1.0639377
0.078558,-0.13931036
0.07856,0.7853174
0.078562,1.6174817
0.078564,2.4034152
0.078566,3.0968862
0.078568,3.5591989
0.07857,3.8828197
0.078572,3.9752812
0.078574,3.8365874
0.078576,3.5129685
0.078578,3.0044227
0.07858,2.172258
0.078581996,-0.9252434
0.078584,-0.601624
0.078586,0.3230033
0.078588,1.2013993
0.07859,2.033564
0.078592,2.7732663
0.078594,3.3742738
0.078596,3.744125
0.078598,3.9752812
0.0786,3.9752812
0.078602,3.744125
0.078604,3.3742738
0.078606,2.7732663
0.078608,2.033564
0.07861,1.2476311
0.078612,0.3230033
0.078614,-0.601624
0.078616,-1.48002
0.078618,-2.2659533
0.07862,-2.9594238
0.078622,-3.467969
0.078624,-3.7915885
0.078626,-3.9302826
0.078627996,-3.8840513
0.07863,-3.5604317
0.078632,-3.098118
0.078634,-2.4508786
0.078636,-1.6649456
0.078638,-0.83278084
0.07864,0.091846466
0.078642,1.0164738
0.078644,1.8486385
0.078646,2.5883412
0.078648,3.23558
0.07865,3.6516623
0.078652,3.92905
0.078654,3.9752812
0.078656,3.7903562
0.078658,3.420505
0.07866,2.8657289
0.078662,2.172258
0.078664,1.3400936
0.078666,0.46169758
0.078668,-0.46292973
0.07867,-1.3413262
0.078672,-2.1272593
0.078674,-2.866961
0.078676,-3.4217377
0.078678,-3.7915885
0.07868,-3.9302826
0.078682,-3.8840513
0.078684,-3.6528945
0.078686,-3.1905808
0.078688,-2.589573
0.07869,-1.8498712
0.078692,-0.9714751
0.078694,-0.09307861
0.078696,0.8315482
0.078698,1.7099442
0.0787,2.4496465
0.078702,3.0968862
0.078704,3.605431
0.078706,3.8828197
0.078708,3.9752812
0.07871,3.8365874
0.078712,3.4667363
0.078714,2.9581914
0.078716,2.2647214
0.078718,1.4787879
0.07872,0.60039186
0.078722,-0.27800417
0.078724,-1.202632
0.078726,-1.9885652
0.078728,-2.728267
0.07873,-3.329275
0.078732,-3.745357
0.078734,-3.9302826
0.078736,-3.9302826
0.078738,-3.6991258
0.07874,-3.2830436
0.078742,-2.728267
0.078744,-1.9885652
0.078746,-1.1564007
0.078748,-0.2317729
0.07875,0.6928544
0.078751996,1.5250192
0.078754,2.357184
0.078756,3.0044227
0.078758,3.5129685
0.07876,3.8365874
0.078762,3.9752812
0.078764,3.8828197
0.078766,3.5591989
0.078768,3.050654
0.07877,2.4034152
0.078772,1.6174817
0.078774,0.7853174
0.078776,-0.13931036
0.078778,-1.0177064
0.07878,-1.8498712
0.078782,-2.6358042
0.078784,-3.236812
0.078786,-3.6991258
0.078788,-3.9302826
0.07879,-3.9302826
0.078792,-3.745357
0.078794,-3.3755062
0.078796,-2.8207297
0.078798,-2.1272593
0.0788,-1.2950945
0.078802,-0.41669846
0.078804,0.50792885
0.078806,1.4325566
0.078808,2.2184901
0.07881,2.9119601
0.078812,3.4667363
0.078814,3.7903562
0.078816,3.9752812
0.078818,3.8828197
0.07882,3.605431
0.078822,3.1431174
0.078824,2.542109
0.078826,1.756176
0.078828,0.92401123
0.07883,0.045615196
0.078832,-0.8790121
0.078834,-1.7111769
0.078836,-2.4971101
0.078838,-3.1443493
0.07884,-3.6066632
0.078842,-3.8840513
0.078844,-3.976514
0.078846,-3.7915885
0.078848,-3.467969
0.07885,-2.9131925
0.078852,-2.2659533
0.078854,-1.4337888
0.078856,-0.55539227
0.078858,0.36923456
0.07886,1.2476311
0.078862,2.0797954
0.078864,2.7732663
0.078866,3.3742738
0.078868,3.744125
0.07887,3.92905
0.078872,3.92905
0.078874,3.6978936
0.078875996,3.23558
0.078878,2.6345725
0.07888,1.8948698
0.078882,1.1089368
0.078884,0.184309
0.078886,-0.7403178
0.078888,-1.5724826
0.07889,-2.3584158
0.078892,-3.0518866
0.078894,-3.5604317
0.078896,-3.8378198
0.078898,-3.976514
0.0789,-3.8378198
0.078902,-3.5604317
0.078904,-3.0518866
0.078906,-2.3584158
0.078908,-1.5724826
0.07891,-0.694087
0.078912,0.23054075
0.078914,1.1089368
0.078916,1.9411016
0.078918,2.6808028
0.07892,3.2818112
0.078922,3.6978936
0.078924,3.92905
0.078926,3.92905
0.078928,3.744125
0.07893,3.3280425
0.078932,2.7732663
0.078934,2.033564
0.078936,1.2476311
0.078938,0.3230033
0.07894,-0.55539227
0.078942,-1.48002
0.078944,-2.2197218
0.078946,-2.9131925
0.078948,-3.467969
0.07895,-3.7915885
0.078952,-3.976514
0.078954,-3.8840513
0.078956,-3.6066632
0.078958,-3.1443493
0.07896,-2.4971101
0.078962,-1.7111769
0.078964,-0.8790121
0.078966,0.045615196
0.078968,0.970243
0.07897,1.8024073
0.078972,2.542109
0.078974,3.1893477
0.078976,3.6516623
0.078978,3.8828197
0.07898,3.9752812
0.078982,3.7903562
0.078984,3.420505
0.078986,2.8657289
0.078988,2.172258
0.07899,1.3863249
0.078992,0.50792885
0.078994,-0.41669846
0.078996,-1.2950945
0.078998,-2.1272593
0.078999996,-2.866961
0.079002,0.4154663
0.079004,3.605431
0.079006,3.9752812
0.079008,3.92905
0.07901,3.6978936
0.079012,3.23558
0.079014,2.6345725
0.079016,1.8948698
0.079018,1.0627055
0.07902,0.13807821
0.079022,-0.78654957
0.079024,-1.6187139
0.079026,-2.4046474
0.079028,-3.0518866
0.07903,-3.5604317
0.079032,-3.8378198
0.079034,-3.9302826
0.079036,-3.8378198
0.079038,-3.5142004
0.07904,-3.0056553
0.079042,-2.3121846
0.079044,-1.48002
0.079046,-0.6478553
0.079048,0.27677202
0.07905,1.2013993
0.079052,1.9873328
0.079054,2.727035
0.079056,3.3280425
0.079058,3.744125
0.07906,3.92905
0.079062,3.92905
0.079064,3.744125
0.079066,3.3280425
0.079068,2.727035
0.07907,1.9873328
0.079072,1.2013993
0.079074,0.27677202
0.079076,-0.6478553
0.079078,-1.48002
0.07908,-2.2659533
0.079082,-2.9594238
0.079084,-3.5142004
0.079086,-3.8378198
0.079088,-3.9302826
0.07909,-3.8840513
0.079092,-3.5604317
0.079094,-3.098118
0.079096,-2.4508786
0.079098,-1.6649456
0.0791,-0.78654957
0.079102,0.13807821
0.079104,1.0164738
0.079106,1.8486385
0.079108,2.6345725
0.07911,3.23558
0.079112,3.6516623
0.079114,3.92905
0.079116,3.92905
0.079118,3.7903562
0.07912,3.420505
0.079122,2.8194976
0.079123996,2.126027
0.079126,1.3400936
0.079128,0.46169758
0.07913,-0.46292973
0.079132,-1.387557
0.079134,-2.1734905
0.079136,-2.866961
0.079138,-3.4217377
0.07914,-3.7915885
0.079142,-3.9302826
0.079144,-3.8840513
0.079146,-3.6528945
0.079148,-3.1905808
0.07915,-2.589573
0.079152,-1.8036394
0.079154,-0.9714751
0.079156,-0.046847343
0.079158,0.87777996
0.07916,1.7099442
0.079162,2.4958777
0.079164,3.1431174
0.079166,3.605431
0.079168,3.8828197
0.079169996,3.9752812
0.079172,3.8365874
0.079174,3.4667363
0.079176,2.9581914
0.079178,2.2647214
0.07918,1.4787879
0.079182,0.60039186
0.079184,-0.32423592
0.079186,-1.202632
0.079188,-2.0347965
0.07919,-2.728267
0.079192,-3.329275
0.079194,-3.745357
0.079196,-3.9302826
0.079198,-3.9302826
0.0792,-3.6991258
0.079202,-3.2830436
0.079204,-2.6820357
0.079206,-1.9423337
0.079208,-1.1101689
0.07921,-0.2317729
0.079212,0.6928544
0.079214,1.5712504
0.079216,2.357184
0.079218,3.050654
0.07922,3.5591989
0.079222,3.8365874
0.079224,3.9752812
0.079226,3.8365874
0.079228,3.5591989
0.07923,3.050654
0.079232,2.4034152
0.079234,1.6174817
0.079236,0.7390857
0.079238,-0.18554163
0.07924,-1.0639377
0.079242,-1.8961024
0.079244,-2.6358042
0.079246,-3.236812
0.079247996,-3.6991258
0.07925,-3.9302826
0.079252,-3.9302826
0.079254,-3.745357
0.079256,-3.3755062
0.079258,-2.8207297
0.07926,-2.081028
0.079262,-1.2950945
0.079264,-0.3704667
0.079266,0.5541601
0.079268,1.4325566
0.07927,2.2184901
0.079272,2.9119601
0.079274,3.4667363
0.079276,3.7903562
0.079278,3.9752812
0.07928,3.8828197
0.079282,3.605431
0.079284,3.1431174
0.079286,2.4958777
0.079288,1.756176
0.07929,0.92401123
0.079292,-6.160736E-4
0.079293996,-0.9252434
0.079296,-1.7574081
0.079298,-2.4971101
0.0793,-3.1443493
0.079302,-3.6066632
0.079304,-3.8840513
0.079306,-3.9302826
0.079308,-3.7915885
0.07931,-3.467969
0.079312,-2.9131925
0.079314,-2.2197218
0.079316,-1.4337888
0.079318,-0.55539227
0.07932,0.4154663
0.079322,1.2938623
0.079324,2.0797954
0.079326,2.8194976
0.079328,3.3742738
0.07933,3.744125
0.079332,3.92905
0.079334,3.92905
0.079336,3.6978936
0.079338,3.23558
0.07934,2.6345725
0.079342,1.8948698
0.079344,1.0627055
0.079346,0.13807821
0.079348,-0.7403178
0.07935,-1.6187139
0.079352,-2.4046474
0.079354,-3.0518866
0.079356,-3.5604317
0.079358,-3.8378198
0.07936,-3.976514
0.079362,-3.8378198
0.079364,-3.5142004
0.079366,-3.0056553
0.079368,-2.3584158
0.07937,-1.5724826
0.079371996,-0.694087
0.079374,0.23054075
0.079376,1.1551685
0.079378,1.9411016
0.07938,2.6808028
0.079382,3.2818112
0.079384,3.6978936
0.079386,3.92905
0.079388,3.92905
0.07939,3.744125
0.079392,3.3280425
0.079394,2.7732663
0.079396,2.033564
0.079398,1.2013993
0.0794,0.3230033
0.079402,-0.601624
0.079404,-1.48002
0.079406,-2.2659533
0.079408,-2.9594238
0.07941,-3.467969
0.079412,-3.8378198
0.079414,-3.9302826
0.079416,-3.8840513
0.079417996,-3.6066632
0.07942,-3.098118
0.079422,-0.09307861
0.079424,1.5712504
0.079426,0.7853174
0.079428,-0.13931036
0.07943,-1.0177064
0.079432,-1.8498712
0.079434,-2.589573
0.079436,-3.236812
0.079438,-3.6991258
0.07944,-3.9302826
0.079442,-3.976514
0.079444,-3.8378198
0.079446,-3.467969
0.079448,-2.9131925
0.07945,-2.1734905
0.079452,-1.387557
0.079454,-0.5091615
0.079456,0.4154663
0.079458,1.3400936
0.07946,2.126027
0.079462,2.8194976
0.079464,3.420505
0.079466,3.7903562
0.079468,3.92905
0.07947,3.8828197
0.079472,3.6516623
0.079474,3.1893477
0.079476,2.5883412
0.079478,1.8486385
0.07948,1.0164738
0.079482,0.091846466
0.079484,-0.83278084
0.079486,-1.6649456
0.079488,-2.4508786
0.07949,-3.098118
0.079492,-3.5604317
0.079494,-3.8840513
0.079495996,-3.976514
0.079498,-3.8378198
0.0795,-3.5142004
0.079502,-3.0056553
0.079504,-2.3121846
0.079506,-1.48002
0.079508,-0.6478553
0.07951,0.27677202
0.079512,1.2013993
0.079514,1.9873328
0.079516,2.727035
0.079518,3.3280425
0.07952,3.744125
0.079522,3.92905
0.079524,3.92905
0.079526,3.6978936
0.079528,3.2818112
0.07953,2.727035
0.079532,1.9873328
0.079534,1.1551685
0.079536,0.27677202
0.079538,-0.6478553
0.07954,-1.5262513
0.079541996,-2.3121846
0.079544,-3.0056553
0.079546,-3.5142004
0.079548,-3.8378198
0.07955,-3.976514
0.079552,-3.8840513
0.079554,-3.5604317
0.079556,-3.098118
0.079558,-2.4508786
0.07956,-1.6649456
0.079562,-0.78654957
0.079564,0.13807821
0.079566,1.0164738
0.079568,1.8948698
0.07957,2.6345725
0.079572,3.23558
0.079574,3.6978936
0.079576,3.92905
0.079578,3.92905
0.07958,3.7903562
0.079582,3.3742738
0.079584,2.8194976
0.079586,2.126027
0.079588,1.2938623
0.07959,0.4154663
0.079592,-0.5091615
0.079594,-1.387557
0.079596,-2.1734905
0.079598,-2.866961
0.0796,-3.4217377
0.079602,-3.7915885
0.079604,-3.9302826
0.079606,-3.8840513
0.079608,-3.6528945
0.07961,-3.1905808
0.079612,-2.5433414
0.079614,-1.8036394
0.079616,-0.9252434
0.079618,-0.046847343
0.079619996,0.87777996
0.079622,1.7099442
0.079624,2.4958777
0.079626,3.1431174
0.079628,3.605431
0.07963,3.8828197
0.079632,3.9752812
0.079634,3.7903562
0.079636,3.4667363
0.079638,2.9581914
0.07964,2.2647214
0.079642,1.4787879
0.079644,0.60039186
0.079646,-0.32423592
0.079648,-1.2488632
0.07965,-2.0347965
0.079652,-2.7744985
0.079654,-3.329275
0.079656,-3.745357
0.079658,-3.9302826
0.07966,-3.9302826
0.079662,-3.6991258
0.079664,-3.2830436
0.079665996,-2.6820357
0.079668,-1.9423337
0.07967,-1.1101689
0.079672,-0.18554163
0.079674,0.7390857
0.079676,1.5712504
0.079678,2.357184
0.07968,3.050654
0.079682,3.5591989
0.079684,3.8365874
0.079686,3.9752812
0.079688,3.8365874
0.07969,3.5591989
0.079692,3.050654
0.079694,2.357184
0.079696,1.5712504
0.079698,0.7390857
0.0797,-0.18554163
0.079702,-1.0639377
0.079704,-1.8961024
0.079706,-2.6358042
0.079708,-3.236812
0.07971,-3.6991258
0.079712,-3.9302826
0.079714,-3.9302826
0.079716,-3.745357
0.079718,-3.3755062
0.07972,-2.7744985
0.079722,-2.081028
0.079724,-1.2488632
0.079726,-0.3704667
0.079728,0.5541601
0.07973,1.4787879
0.079732,2.2647214
0.079734,2.9119601
0.079736,3.4667363
0.079738,3.7903562
0.07974,3.9752812
0.079742,3.8828197
0.079743996,3.605431
0.079746,3.1431174
0.079748,2.4958777
0.07975,1.7099442
0.079752,0.87777996
0.079754,-6.160736E-4
0.079756,-0.9252434
0.079758,-1.7574081
0.07976,-2.5433414
0.079762,-3.1443493
0.079764,-3.6528945
0.079766,-3.8840513
0.079768,-3.9302826
0.07977,-3.7915885
0.079772,-3.4217377
0.079774,-2.9131925
0.079776,-2.2197218
0.079778,-1.4337888
0.07978,-0.5091615
0.079782,0.4154663
0.079784,1.2938623
0.079786,2.126027
0.079788,2.8194976
0.079789996,3.3742738
0.079792,3.7903562
0.079794,3.92905
0.079796,3.92905
0.079798,3.6516623
0.0798,3.23558
0.079802,2.6345725
0.079804,1.8948698
0.079806,1.0627055
0.079808,0.13807821
0.07981,-0.78654957
0.079812,-1.6187139
0.079814,-2.4046474
0.079816,-3.0518866
0.079818,-3.5604317
0.07982,-3.8840513
0.079822,-3.976514
0.079824,-3.8378198
0.079826,-3.5142004
0.079828,-3.0056553
0.07983,-2.3584158
0.079832,-1.5262513
0.079834,-0.694087
0.079836,0.23054075
0.079838,1.1551685
0.07984,1.9873328
0.079842,-0.55539227
0.079844,-3.1905808
0.079846,-3.745357
0.079848,-3.976514
0.07985,-3.976514
0.079852,-3.7915885
0.079854,-3.3755062
0.079856,-2.7744985
0.079858,-2.0347965
0.07986,-1.202632
0.079862,-0.32423592
0.079864,0.60039186
0.079866,1.4787879
0.079868,2.2647214
0.07987,2.9581914
0.079872,3.4667363
0.079874,3.7903562
0.079876,3.92905
0.079878,3.8365874
0.07988,3.5591989
0.079882,3.0968862
0.079884,2.4496465
0.079886,1.6637135
0.079888,0.8315482
0.07989,-0.09307861
0.079892,-1.0177064
0.079894,-1.8036394
0.079896,-2.589573
0.079898,-3.1905808
0.0799,-3.6528945
0.079902,-3.9302826
0.079904,-3.976514
0.079906,-3.7915885
0.079908,-3.4217377
0.07991,-2.866961
0.079912,-2.1734905
0.079913996,-1.3413262
0.079916,-0.46292973
0.079918,0.46169758
0.07992,1.3863249
0.079922,2.172258
0.079924,2.8657289
0.079926,3.420505
0.079928,3.7903562
0.07993,3.92905
0.079932,3.8828197
0.079934,3.6516623
0.079936,3.1893477
0.079938,2.5883412
0.07994,1.8024073
0.079942,0.970243
0.079944,0.091846466
0.079946,-0.83278084
0.079948,-1.6649456
0.07995,-2.4508786
0.079952,-3.098118
0.079954,-3.6066632
0.079956,-3.8840513
0.079958,-3.976514
0.07996,-3.8378198
0.079962,-3.467969
0.079964,-2.9594238
0.079966,-2.2659533
0.079968,-1.48002
0.07997,-0.601624
0.079972,0.3230033
0.079974,1.2013993
0.079976,2.033564
0.079978,2.7732663
0.07998,3.3280425
0.079982,3.744125
0.079984,3.92905
0.079986,3.92905
0.079988,3.6978936
0.07999,3.2818112
0.079992,2.6808028
0.079994,1.9411016
0.079996,1.1551685
0.079998,0.23054075
0.08,-0.694087
0.080002,-1.5262513
0.080004,-2.3121846
0.080006,-3.0056553
0.080008,-3.5142004
0.08001,-3.8378198
0.080012,-3.976514
0.080014,-3.8840513
0.080016,-3.5604317
0.080018,-3.0518866
0.08002,-2.4046474
0.080022,-1.6187139
0.080024,-0.78654957
0.080026,0.13807821
0.080028,1.0627055
0.08003,1.8948698
0.080032,2.6345725
0.080034,3.23558
0.080036,3.6978936
0.080037996,3.92905
0.08004,3.92905
0.080042,3.744125
0.080044,3.3742738
0.080046,2.8194976
0.080048,2.0797954
0.08005,1.2938623
0.080052,0.4154663
0.080054,-0.5091615
0.080056,-1.387557
0.080058,-2.1734905
0.08006,-2.9131925
0.080062,-3.4217377
0.080064,-3.7915885
0.080066,-3.9302826
0.080068,-3.8840513
0.08007,-3.6066632
0.080072,-3.1905808
0.080074,-2.5433414
0.080076,-1.7574081
0.080078,-0.9252434
0.08008,-6.160736E-4
0.080082,0.92401123
0.080084,1.756176
0.080086,2.542109
0.080088,3.1431174
0.08009,3.605431
0.080092,3.8828197
0.080094,3.9752812
0.080096,3.7903562
0.080098,3.4667363
0.0801,2.9119601
0.080102,2.2184901
0.080104,1.4325566
0.080106,0.5541601
0.080108,-0.3704667
0.08011,-1.2488632
0.080112,-2.081028
0.080114,-2.7744985
0.080116,-3.3755062
0.080118,-3.745357
0.08012,-3.9302826
0.080122,-3.9302826
0.080124,-3.6991258
0.080126,-3.236812
0.080128,-2.6820357
0.08013,-1.8961024
0.080132,-1.0639377
0.080134,-0.18554163
0.080136,0.7390857
0.080138,1.6174817
0.08014,2.4034152
0.080142,3.050654
0.080144,3.5591989
0.080146,3.8365874
0.080148,3.9752812
0.08015,3.8365874
0.080152,3.5129685
0.080154,3.0044227
0.080156,2.357184
0.080158,1.5712504
0.08016,0.6928544
0.080161996,-0.18554163
0.080164,-1.1101689
0.080166,-1.9423337
0.080168,-2.6820357
0.08017,-3.2830436
0.080172,-3.6991258
0.080174,-3.9302826
0.080176,-3.9302826
0.080178,-3.745357
0.08018,-3.329275
0.080182,-2.7744985
0.080184,-2.0347965
0.080186,-1.2488632
0.080188,-0.32423592
0.08019,0.60039186
0.080192,1.4787879
0.080194,2.2647214
0.080196,2.9581914
0.080198,3.4667363
0.0802,3.8365874
0.080202,3.9752812
0.080204,3.8828197
0.080206,3.605431
0.080208,3.1431174
0.08021,2.4958777
0.080212,1.7099442
0.080214,0.87777996
0.080216,-0.046847343
0.080218,-0.9714751
0.08022,-1.8036394
0.080222,-2.5433414
0.080224,-3.1905808
0.080226,-3.6528945
0.080228,-3.8840513
0.08023,-3.9302826
0.080232,-3.7915885
0.080234,-3.4217377
0.080236,-2.866961
0.080238,-2.1734905
0.08024,-1.387557
0.080242,-0.5091615
0.080244,0.4154663
0.080246,1.3400936
0.080248,2.126027
0.08025,2.8657289
0.080252,3.420505
0.080254,3.7903562
0.080256,3.92905
0.080258,3.92905
0.08026,3.6516623
0.080262,1.0627055
0.080264,-2.0347965
0.080266,-1.8036394
0.080268,-0.9714751
0.08027,-0.09307861
0.080272,0.8315482
0.080274,1.7099442
0.080276,2.4496465
0.080278,3.0968862
0.08028,3.605431
0.080282,3.8828197
0.080284,3.9752812
0.080285996,3.8365874
0.080288,3.5129685
0.08029,3.0044227
0.080292,2.3109517
0.080294,1.5250192
0.080296,0.64662313
0.080298,-0.2317729
0.0803,-1.1564007
0.080302,-1.9423337
0.080304,-2.6820357
0.080306,-3.2830436
0.080308,-3.6991258
0.08031,-3.9302826
0.080312,-3.9302826
0.080314,-3.6991258
0.080316,-3.329275
0.080318,-2.728267
0.08032,-1.9885652
0.080322,-1.1564007
0.080324,-0.27800417
0.080326,0.64662313
0.080328,1.5250192
0.08033,2.3109517
0.080331996,3.0044227
0.080334,3.5129685
0.080336,3.8365874
0.080338,3.9752812
0.08034,3.8828197
0.080342,3.5591989
0.080344,3.0968862
0.080346,2.4496465
0.080348,1.6637135
0.08035,0.8315482
0.080352,-0.09307861
0.080354,-1.0177064
0.080356,-1.8498712
0.080358,-2.589573
0.08036,-3.1905808
0.080362,-3.6528945
0.080364,-3.9302826
0.080366,-3.9302826
0.080368,-3.7915885
0.08037,-3.4217377
0.080372,-2.866961
0.080374,-2.1272593
0.080376,-1.3413262
0.080378,-0.41669846
0.08038,0.50792885
0.080382,1.3863249
0.080384,2.172258
0.080386,2.8657289
0.080388,3.420505
0.08039,3.7903562
0.080392,3.92905
0.080394,3.8828197
0.080396,3.6516623
0.080398,3.1893477
0.0804,2.542109
0.080402,1.8024073
0.080404,0.970243
0.080406,0.045615196
0.080408,-0.83278084
0.080409996,-1.7111769
0.080412,-2.4508786
0.080414,-3.098118
0.080416,-3.6066632
0.080418,-3.8840513
0.08042,-3.976514
0.080422,-3.8378198
0.080424,-3.467969
0.080426,-2.9594238
0.080428,-2.2659533
0.08043,-1.48002
0.080432,-0.601624
0.080434,0.3230033
0.080436,1.2476311
0.080438,2.033564
0.08044,2.7732663
0.080442,3.3280425
0.080444,3.744125
0.080446,3.92905
0.080448,3.92905
0.08045,3.6978936
0.080452,3.2818112
0.080454,2.6808028
0.080455996,1.9411016
0.080458,1.1089368
0.08046,0.23054075
0.080462,-0.694087
0.080464,-1.5262513
0.080466,-2.3584158
0.080468,-3.0056553
0.08047,-3.5142004
0.080472,-3.8378198
0.080474,-3.976514
0.080476,-3.8378198
0.080478,-3.5604317
0.08048,-3.0518866
0.080482,-2.4046474
0.080484,-1.6187139
0.080486,-0.7403178
0.080488,0.184309
0.08049,1.0627055
0.080492,1.8948698
0.080494,2.6345725
0.080496,3.23558
0.080498,3.6978936
0.0805,3.92905
0.080502,3.92905
0.080504,3.744125
0.080506,3.3742738
0.080508,2.7732663
0.08051,2.0797954
0.080512,1.2938623
0.080514,0.36923456
0.080516,-0.55539227
0.080518,-1.4337888
0.08052,-2.2197218
0.080522,-2.9131925
0.080524,-3.467969
0.080526,-3.7915885
0.080528,-3.9302826
0.08053,-3.8840513
0.080532,-3.6066632
0.080533996,-3.1443493
0.080536,-2.5433414
0.080538,-1.7574081
0.08054,-0.9252434
0.080542,-6.160736E-4
0.080544,0.92401123
0.080546,1.756176
0.080548,2.542109
0.08055,3.1431174
0.080552,3.605431
0.080554,3.8828197
0.080556,3.9752812
0.080558,3.7903562
0.08056,3.4667363
0.080562,2.9119601
0.080564,2.2184901
0.080566,1.4325566
0.080568,0.5541601
0.08057,-0.3704667
0.080572,-1.2950945
0.080574,-2.081028
0.080576,-2.7744985
0.080578,-3.3755062
0.080579996,-3.745357
0.080582,-3.9302826
0.080584,-3.9302826
0.080586,-3.6991258
0.080588,-3.236812
0.08059,-2.6358042
0.080592,-1.8961024
0.080594,-1.0639377
0.080596,-0.13931036
0.080598,0.7853174
0.0806,1.6174817
0.080602,2.4034152
0.080604,3.050654
0.080606,3.5591989
0.080608,3.8828197
0.08061,3.9752812
0.080612,3.8365874
0.080614,3.5129685
0.080616,3.0044227
0.080618,2.357184
0.08062,1.5250192
0.080622,0.6928544
0.080624,-0.2317729
0.080626,-1.1101689
0.080628,-1.9423337
0.08063,-2.6820357
0.080632,-3.2830436
0.080634,-3.6991258
0.080636,-3.9302826
0.080638,-3.9302826
0.08064,-3.745357
0.080642,-3.329275
0.080644,-2.7744985
0.080646,-2.0347965
0.080648,-1.202632
0.08065,-0.32423592
0.080652,0.60039186
0.080654,1.4787879
0.080656,2.2647214
0.080657996,2.9581914
0.08066,3.5129685
0.080662,3.8365874
0.080664,3.9752812
0.080666,3.8828197
0.080668,3.605431
0.08067,3.0968862
0.080672,2.4496465
0.080674,1.7099442
0.080676,0.8315482
0.080678,-0.046847343
0.08068,-0.9714751
0.080682,0.92401123
0.080684,2.6345725
0.080686,3.2818112
0.080688,3.6978936
0.08069,3.9752812
0.080692,3.9752812
0.080694,3.8365874
0.080696,3.4667363
0.080698,2.9119601
0.0807,2.172258
0.080702,1.3863249
0.080703996,0.50792885
0.080706,-0.41669846
0.080708,-1.2950945
0.08071,-2.1272593
0.080712,-2.8207297
0.080714,-3.3755062
0.080716,-3.745357
0.080718,-3.9302826
0.08072,-3.8840513
0.080722,-3.6528945
0.080724,-3.1905808
0.080726,-2.589573
0.080728,-1.8036394
0.08073,-0.9714751
0.080732,-0.09307861
0.080734,0.8315482
0.080736,1.7099442
0.080738,2.4496465
0.08074,3.0968862
0.080742,3.605431
0.080744,3.8828197
0.080746,3.9752812
0.080748,3.8365874
0.08075,3.5129685
0.080752,2.9581914
0.080754,2.3109517
0.080756,1.4787879
0.080758,0.64662313
0.08076,-0.27800417
0.080762,-1.1564007
0.080764,-1.9885652
0.080766,-2.728267
0.080768,-3.329275
0.08077,-3.745357
0.080772,-3.9302826
0.080774,-3.9302826
0.080776,-3.6991258
0.080778,-3.2830436
0.08078,-2.728267
0.080781996,-1.9885652
0.080784,-1.1564007
0.080786,-0.2317729
0.080788,0.6928544
0.08079,1.5250192
0.080792,2.3109517
0.080794,3.0044227
0.080796,3.5129685
0.080798,3.8365874
0.0808,3.9752812
0.080802,3.8828197
0.080804,3.5591989
0.080806,3.0968862
0.080808,2.4034152
0.08081,1.6174817
0.080812,0.7853174
0.080814,-0.13931036
0.080816,-1.0177064
0.080818,-1.8498712
0.08082,-2.589573
0.080822,-3.236812
0.080824,-3.6528945
0.080826,-3.9302826
0.080827996,-3.9302826
0.08083,-3.745357
0.080832,-3.3755062
0.080834,-2.8207297
0.080836,-2.1272593
0.080838,-1.2950945
0.08084,-0.41669846
0.080842,0.50792885
0.080844,1.3863249
0.080846,2.2184901
0.080848,2.9119601
0.08085,3.4667363
0.080852,3.7903562
0.080854,3.9752812
0.080856,3.8828197
0.080858,3.6516623
0.08086,3.1893477
0.080862,2.542109
0.080864,1.8024073
0.080866,0.92401123
0.080868,0.045615196
0.08087,-0.8790121
0.080872,-1.7111769
0.080874,-2.4971101
0.080876,-3.1443493
0.080878,-3.6066632
0.08088,-3.8840513
0.080882,-3.9302826
0.080884,-3.7915885
0.080886,-3.467969
0.080888,-2.9594238
0.08089,-2.2659533
0.080892,-1.48002
0.080894,-0.55539227
0.080896,0.36923456
0.080898,1.2476311
0.0809,2.0797954
0.080902,2.7732663
0.080904,3.3742738
0.080905996,3.744125
0.080908,3.92905
0.08091,3.92905
0.080912,3.6978936
0.080914,3.2818112
0.080916,2.6808028
0.080918,1.9411016
0.08092,1.1089368
0.080922,0.184309
0.080924,-0.7403178
0.080926,-1.5724826
0.080928,-2.3584158
0.08093,-3.0518866
0.080932,-3.5604317
0.080934,-3.8378198
0.080936,-3.976514
0.080938,-3.8378198
0.08094,-3.5604317
0.080942,-3.0518866
0.080944,-2.3584158
0.080946,-1.5724826
0.080948,-0.7403178
0.08095,0.184309
0.080951996,1.1089368
0.080954,1.9411016
0.080956,2.6808028
0.080958,3.2818112
0.08096,3.6978936
0.080962,3.92905
0.080964,3.92905
0.080966,3.744125
0.080968,3.3742738
0.08097,2.7732663
0.080972,2.0797954
0.080974,1.2476311
0.080976,0.36923456
0.080978,-0.55539227
0.08098,-1.4337888
0.080982,-2.2197218
0.080984,-2.9131925
0.080986,-3.467969
0.080988,-3.7915885
0.08099,-3.976514
0.080992,-3.8840513
0.080994,-3.6066632
0.080996,-3.1443493
0.080998,-2.4971101
0.081,-1.7111769
0.081002,-0.8790121
0.081004,0.045615196
0.081006,0.970243
0.081008,1.8024073
0.08101,2.542109
0.081012,3.1893477
0.081014,3.6516623
0.081016,3.8828197
0.081018,3.92905
0.08102,3.7903562
0.081022,3.420505
0.081024,2.8657289
0.081026,2.172258
0.081028,1.3863249
0.08103,0.50792885
0.081032,-0.41669846
0.081034,-1.2950945
0.081036,-2.081028
0.081038,-2.8207297
0.08104,-3.3755062
0.081042,-3.745357
0.081044,-3.9302826
0.081046,-3.9302826
0.081048,-3.6528945
0.08105,-3.236812
0.081052,-2.6358042
0.081054,-1.8961024
0.081056,-1.0177064
0.081058,-0.13931036
0.08106,0.7853174
0.081062,1.6637135
0.081064,2.4496465
0.081066,3.0968862
0.081068,3.5591989
0.08107,3.8828197
0.081072,3.9752812
0.081074,3.8365874
0.081075996,3.5129685
0.081078,3.0044227
0.08108,2.3109517
0.081082,1.5250192
0.081084,0.64662313
0.081086,-0.2317729
0.081088,-1.1564007
0.08109,-1.9423337
0.081092,-2.6820357
0.081094,-3.2830436
0.081096,-3.6991258
0.081098,-3.9302826
0.0811,-3.9302826
0.081102,-2.1272593
0.081104,1.5250192
0.081106,2.6808028
0.081108,1.9873328
0.08111,1.1551685
0.081112,0.27677202
0.081114,-0.6478553
0.081116,-1.48002
0.081118,-2.3121846
0.08112,-2.9594238
0.081122,-3.5142004
0.081124,-3.8378198
0.081126,-3.976514
0.081128,-3.8840513
0.08113,-3.6066632
0.081132,-3.098118
0.081134,-2.4508786
0.081136,-1.6649456
0.081138,-0.83278084
0.08114,0.091846466
0.081142,1.0164738
0.081144,1.8486385
0.081146,2.5883412
0.081148,3.1893477
0.08115,3.6516623
0.081152,3.92905
0.081154,3.92905
0.081156,3.7903562
0.081158,3.420505
0.08116,2.8657289
0.081162,2.126027
0.081164,1.3400936
0.081166,0.46169758
0.081168,-0.46292973
0.08117,-1.3413262
0.081172,-2.1272593
0.081174,-2.866961
0.081176,-3.4217377
0.081178,-3.7915885
0.08118,-3.9302826
0.081182,-3.8840513
0.081184,-3.6528945
0.081186,-3.1905808
0.081188,-2.589573
0.08119,-1.8036394
0.081192,-0.9714751
0.081194,-0.046847343
0.081196,0.8315482
0.081198,1.7099442
0.081199996,2.4496465
0.081202,3.1431174
0.081204,3.605431
0.081206,3.8828197
0.081208,3.9752812
0.08121,3.8365874
0.081212,3.4667363
0.081214,2.9581914
0.081216,2.2647214
0.081218,1.4787879
0.08122,0.60039186
0.081222,-0.32423592
0.081224,-1.202632
0.081226,-1.9885652
0.081228,-2.728267
0.08123,-3.329275
0.081232,-3.745357
0.081234,-3.9302826
0.081236,-3.9302826
0.081238,-3.6991258
0.08124,-3.2830436
0.081242,-2.728267
0.081244,-1.9423337
0.081246,-1.1564007
0.081248,-0.2317729
0.08125,0.6928544
0.081252,1.5712504
0.081254,2.357184
0.081256,3.0044227
0.081258,3.5129685
0.08126,3.8365874
0.081262,3.9752812
0.081264,3.8828197
0.081266,3.5591989
0.081268,3.050654
0.08127,2.4034152
0.081272,1.6174817
0.081274,0.7853174
0.081276,-0.13931036
0.081278,-1.0639377
0.08128,-1.8498712
0.081282,-2.6358042
0.081284,-3.236812
0.081286,-3.6528945
0.081288,-3.9302826
0.08129,-3.9302826
0.081292,-3.745357
0.081294,-3.3755062
0.081296,-2.8207297
0.081298,-2.081028
0.0813,-1.2950945
0.081302,-0.3704667
0.081304,0.5541601
0.081306,1.4325566
0.081308,2.2184901
0.08131,2.9119601
0.081312,3.4667363
0.081314,3.7903562
0.081316,3.9752812
0.081318,3.8828197
0.08132,3.605431
0.081322,3.1431174
0.081323996,2.542109
0.081326,1.756176
0.081328,0.92401123
0.08133,-6.160736E-4
0.081332,-0.8790121
0.081334,-1.7111769
0.081336,-2.4971101
0.081338,-3.1443493
0.08134,-3.6066632
0.081342,-3.8840513
0.081344,-3.976514
0.081346,-3.7915885
0.081348,-3.467969
0.08135,-2.9131925
0.081352,-2.2197218
0.081354,-1.4337888
0.081356,-0.55539227
0.081358,0.36923456
0.08136,1.2938623
0.081362,2.0797954
0.081364,2.8194976
0.081366,3.3742738
0.081368,3.744125
0.081369996,3.92905
0.081372,3.92905
0.081374,3.6978936
0.081376,3.23558
0.081378,2.6345725
0.08138,1.8948698
0.081382,1.0627055
0.081384,0.184309
0.081386,-0.7403178
0.081388,-1.5724826
0.08139,-2.3584158
0.081392,-3.0518866
0.081394,-3.5604317
0.081396,-3.8378198
0.081398,-3.976514
0.0814,-3.8378198
0.081402,-3.5142004
0.081404,-3.0518866
0.081406,-2.3584158
0.081408,-1.5724826
0.08141,-0.694087
0.081412,0.23054075
0.081414,1.1089368
0.081416,1.9411016
0.081418,2.6808028
0.08142,3.2818112
0.081422,3.6978936
0.081424,3.92905
0.081426,3.92905
0.081428,3.744125
0.08143,3.3280425
0.081432,2.7732663
0.081434,2.033564
0.081436,1.2476311
0.081438,0.3230033
0.08144,-0.601624
0.081442,-1.48002
0.081444,-2.2197218
0.081446,-2.9131925
0.081447996,-3.467969
0.08145,-3.8378198
0.081452,-3.9302826
0.081454,-3.8840513
0.081456,-3.6066632
0.081458,-3.1443493
0.08146,-2.4971101
0.081462,-1.7111769
0.081464,-0.8790121
0.081466,0.045615196
0.081468,0.970243
0.08147,1.8024073
0.081472,2.542109
0.081474,3.1893477
0.081476,3.6516623
0.081478,3.8828197
0.08148,3.92905
0.081482,3.7903562
0.081484,3.420505
0.081486,2.8657289
0.081488,2.172258
0.08149,1.3863249
0.081492,0.50792885
0.081493996,-0.41669846
0.081496,-1.2950945
0.081498,-2.1272593
0.0815,-2.8207297
0.081502,-3.3755062
0.081504,-3.7915885
0.081506,-3.9302826
0.081508,-3.9302826
0.08151,-3.6528945
0.081512,-3.236812
0.081514,-2.6358042
0.081516,-1.8498712
0.081518,-1.0177064
0.08152,-0.09307861
0.081522,-0.7403178
0.081524,-1.7111769
0.081526,-2.4971101
0.081528,-3.1443493
0.08153,-3.6528945
0.081532,-3.9302826
0.081534,-4.022745
0.081536,-3.8840513
0.081538,-3.5604317
0.08154,-3.0518866
0.081542,-2.3584158
0.081544,-1.5262513
0.081546,-0.694087
0.081548,0.23054075
0.08155,1.1551685
0.081552,1.9873328
0.081554,2.727035
0.081556,3.2818112
0.081558,3.6978936
0.08156,3.92905
0.081562,3.92905
0.081564,3.6978936
0.081566,3.2818112
0.081568,2.727035
0.08157,1.9873328
0.081571996,1.1551685
0.081574,0.27677202
0.081576,-0.6478553
0.081578,-1.5262513
0.08158,-2.3121846
0.081582,-3.0056553
0.081584,-3.5142004
0.081586,-3.8378198
0.081588,-3.976514
0.08159,-3.8840513
0.081592,-3.5604317
0.081594,-3.098118
0.081596,-2.4508786
0.081598,-1.6649456
0.0816,-0.78654957
0.081602,0.13807821
0.081604,1.0164738
0.081606,1.8486385
0.081608,2.6345725
0.08161,3.23558
0.081612,3.6516623
0.081614,3.92905
0.081616,3.92905
0.081617996,3.7903562
0.08162,3.3742738
0.081622,2.8194976
0.081624,2.126027
0.081626,1.3400936
0.081628,0.4154663
0.08163,-0.5091615
0.081632,-1.387557
0.081634,-2.1734905
0.081636,-2.866961
0.081638,-3.4217377
0.08164,-3.7915885
0.081642,-3.9302826
0.081644,-3.8840513
0.081646,-3.6528945
0.081648,-3.1905808
0.08165,-2.589573
0.081652,-1.8036394
0.081654,-0.9714751
0.081656,-0.046847343
0.081658,0.87777996
0.08166,1.7099442
0.081662,2.4958777
0.081664,3.1431174
0.081666,3.605431
0.081668,3.8828197
0.08167,3.9752812
0.081672,3.8365874
0.081674,3.4667363
0.081676,2.9581914
0.081678,2.2647214
0.08168,1.4787879
0.081682,0.60039186
0.081684,-0.32423592
0.081686,-1.202632
0.081688,-2.0347965
0.08169,-2.7744985
0.081692,-3.329275
0.081694,-3.745357
0.081695996,-3.9302826
0.081698,-3.9302826
0.0817,-3.6991258
0.081702,-3.2830436
0.081704,-2.6820357
0.081706,-1.9423337
0.081708,-1.1101689
0.08171,-0.18554163
0.081712,0.7390857
0.081714,1.5712504
0.081716,2.357184
0.081718,3.050654
0.08172,3.5591989
0.081722,3.8365874
0.081724,3.9752812
0.081726,3.8365874
0.081728,3.5591989
0.08173,3.050654
0.081732,2.4034152
0.081734,1.6174817
0.081736,0.7390857
0.081738,-0.18554163
0.08174,-1.0639377
0.081741996,-1.8961024
0.081744,-2.6358042
0.081746,-3.236812
0.081748,-3.6991258
0.08175,-3.9302826
0.081752,-3.9302826
0.081754,-3.745357
0.081756,-3.3755062
0.081758,-2.8207297
0.08176,-2.081028
0.081762,-1.2488632
0.081764,-0.3704667
0.081766,0.5541601
0.081768,1.4325566
0.08177,2.2184901
0.081772,2.9119601
0.081774,3.4667363
0.081776,3.7903562
0.081778,3.9752812
0.08178,3.8828197
0.081782,3.605431
0.081784,3.1431174
0.081786,2.4958777
0.081788,1.756176
0.08179,0.92401123
0.081792,-6.160736E-4
0.081794,-0.9252434
0.081796,-1.7574081
0.081798,-2.4971101
0.0818,-3.1443493
0.081802,-3.6066632
0.081804,-3.8840513
0.081806,-3.976514
0.081808,-3.7915885
0.08181,-3.467969
0.081812,-2.9131925
0.081814,-2.2197218
0.081816,-1.4337888
0.081818,-0.5091615
0.081819996,0.4154663
0.081822,1.2938623
0.081824,2.126027
0.081826,2.8194976
0.081828,3.3742738
0.08183,3.744125
0.081832,3.92905
0.081834,3.92905
0.081836,3.6978936
0.081838,3.23558
0.08184,2.6345725
0.081842,1.8948698
0.081844,1.0627055
0.081846,0.13807821
0.081848,-0.7403178
0.08185,-1.6187139
0.081852,-2.4046474
0.081854,-3.0518866
0.081856,-3.5604317
0.081858,-3.8840513
0.08186,-3.976514
0.081862,-3.8378198
0.081864,-3.5142004
0.081865996,-3.0056553
0.081868,-2.3584158
0.08187,-1.5262513
0.081872,-0.694087
0.081874,0.23054075
0.081876,1.1551685
0.081878,1.9873328
0.08188,2.727035
0.081882,3.2818112
0.081884,3.6978936
0.081886,3.92905
0.081888,3.92905
0.08189,3.744125
0.081892,3.3280425
0.081894,2.727035
0.081896,2.033564
0.081898,1.2013993
0.0819,0.3230033
0.081902,-0.601624
0.081904,-1.48002
0.081906,-2.2659533
0.081908,-2.9594238
0.08191,-3.467969
0.081912,-3.8378198
0.081914,-3.976514
0.081916,-3.8840513
0.081918,-3.6066632
0.08192,-3.098118
0.081922,-2.4971101
0.081924,-1.7111769
0.081926,-0.83278084
0.081928,0.091846466
0.08193,0.970243
0.081932,1.8486385
0.081934,2.5883412
0.081936,3.1893477
0.081938,3.6516623
0.08194,3.92905
0.081942,2.4958777
0.081943996,-0.9252434
0.081946,-3.2830436
0.081948,-2.866961
0.08195,-2.1734905
0.081952,-1.3413262
0.081954,-0.46292973
0.081956,0.46169758
0.081958,1.3400936
0.08196,2.172258
0.081962,2.8657289
0.081964,3.420505
0.081966,3.7903562
0.081968,3.9752812
0.08197,3.92905
0.081972,3.6516623
0.081974,3.1893477
0.081976,2.5883412
0.081978,1.8486385
0.08198,1.0164738
0.081982,0.091846466
0.081984,-0.83278084
0.081986,-1.6649456
0.081988,-2.4508786
0.081989996,-3.098118
0.081992,-3.5604317
0.081994,-3.8840513
0.081996,-3.976514
0.081998,-3.8378198
0.082,-3.5142004
0.082002,-3.0056553
0.082004,-2.3121846
0.082006,-1.48002
0.082008,-0.6478553
0.08201,0.27677202
0.082012,1.2013993
0.082014,2.033564
0.082016,2.727035
0.082018,3.3280425
0.08202,3.744125
0.082022,3.92905
0.082024,3.92905
0.082026,3.6978936
0.082028,3.2818112
0.08203,2.727035
0.082032,1.9873328
0.082034,1.1551685
0.082036,0.27677202
0.082038,-0.6478553
0.08204,-1.5262513
0.082042,-2.3121846
0.082044,-3.0056553
0.082046,-3.5142004
0.082048,-3.8378198
0.08205,-3.976514
0.082052,-3.8840513
0.082054,-3.5604317
0.082056,-3.098118
0.082058,-2.4508786
0.08206,-1.6187139
0.082062,-0.78654957
0.082064,0.13807821
0.082066,1.0627055
0.082067996,1.8948698
0.08207,2.6345725
0.082072,3.23558
0.082074,3.6978936
0.082076,3.92905
0.082078,3.92905
0.08208,3.744125
0.082082,3.3742738
0.082084,2.8194976
0.082086,2.126027
0.082088,1.2938623
0.08209,0.4154663
0.082092,-0.5091615
0.082094,-1.387557
0.082096,-2.1734905
0.082098,-2.866961
0.0821,-3.4217377
0.082102,-3.7915885
0.082104,-3.9302826
0.082106,-3.8840513
0.082108,-3.6528945
0.08211,-3.1905808
0.082112,-2.5433414
0.082113996,-1.8036394
0.082116,-0.9252434
0.082118,-0.046847343
0.08212,0.87777996
0.082122,1.7099442
0.082124,2.4958777
0.082126,3.1431174
0.082128,3.605431
0.08213,3.8828197
0.082132,3.9752812
0.082134,3.7903562
0.082136,3.4667363
0.082138,2.9119601
0.08214,2.2184901
0.082142,1.4787879
0.082144,0.5541601
0.082146,-0.32423592
0.082148,-1.2488632
0.08215,-2.0347965
0.082152,-2.7744985
0.082154,-3.329275
0.082156,-3.745357
0.082158,-3.9302826
0.08216,-3.9302826
0.082162,-3.6991258
0.082164,-3.2830436
0.082166,-2.6820357
0.082168,-1.9423337
0.08217,-1.1101689
0.082172,-0.18554163
0.082174,0.7390857
0.082176,1.5712504
0.082178,2.357184
0.08218,3.050654
0.082182,3.5591989
0.082184,3.8365874
0.082186,3.9752812
0.082188,3.8365874
0.08219,3.5591989
0.082192,3.050654
0.082194,2.357184
0.082196,1.5712504
0.082198,0.7390857
0.0822,-0.18554163
0.082202,-1.1101689
0.082204,-1.8961024
0.082206,-2.6358042
0.082208,-3.2830436
0.08221,-3.6991258
0.082212,-3.9302826
0.082214,-3.9302826
0.082216,-3.745357
0.082218,-3.3755062
0.08222,-2.7744985
0.082222,-2.081028
0.082224,-1.2488632
0.082226,-0.3704667
0.082228,0.5541601
0.08223,1.4787879
0.082232,2.2647214
0.082234,2.9581914
0.082236,3.4667363
0.082237996,3.8365874
0.08224,3.9752812
0.082242,3.8828197
0.082244,3.605431
0.082246,3.1431174
0.082248,2.4958777
0.08225,1.7099442
0.082252,0.87777996
0.082254,-0.046847343
0.082256,-0.9252434
0.082258,-1.7574081
0.08226,-2.5433414
0.082262,-3.1443493
0.082264,-3.6528945
0.082266,-3.8840513
0.082268,-3.9302826
0.08227,-3.7915885
0.082272,-3.4217377
0.082274,-2.9131925
0.082276,-2.2197218
0.082278,-1.387557
0.08228,-0.5091615
0.082282,0.4154663
0.082284,1.2938623
0.082286,2.126027
0.082288,2.8194976
0.08229,3.3742738
0.082292,3.7903562
0.082294,3.92905
0.082296,3.92905
0.082298,3.6516623
0.0823,3.23558
0.082302,2.6345725
0.082304,1.8486385
0.082306,1.0627055
0.082308,0.13807821
0.08231,-0.78654957
0.082312,-1.6187139
0.082314,-2.4046474
0.082316,-3.0518866
0.082318,-3.5604317
0.08232,-3.8840513
0.082322,-3.976514
0.082324,-3.8378198
0.082326,-3.5142004
0.082328,-3.0056553
0.08233,-2.3121846
0.082332,-1.5262513
0.082334,-0.6478553
0.082336,0.27677202
0.082338,1.1551685
0.08234,1.9873328
0.082342,2.727035
0.082344,3.2818112
0.082346,3.6978936
0.082348,3.92905
0.08235,3.92905
0.082352,3.744125
0.082354,3.3280425
0.082356,2.727035
0.082358,1.9873328
0.08236,1.2013993
0.082361996,0.091846466
0.082364,0.7390857
0.082366,1.5712504
0.082368,2.357184
0.08237,3.050654
0.082372,3.5591989
0.082374,3.8828197
0.082376,4.0215135
0.082378,3.92905
0.08238,3.605431
0.082382,3.1431174
0.082384,2.4958777
0.082386,1.7099442
0.082388,0.87777996
0.08239,-0.046847343
0.082392,-0.9714751
0.082394,-1.8036394
0.082396,-2.5433414
0.082398,-3.1905808
0.0824,-3.6528945
0.082402,-3.8840513
0.082404,-3.9302826
0.082406,-3.745357
0.082408,-3.3755062
0.08241,-2.866961
0.082412,-2.1272593
0.082414,-1.3413262
0.082416,-0.41669846
0.082418,0.50792885
0.08242,1.3863249
0.082422,2.172258
0.082424,2.8657289
0.082426,3.420505
0.082428,3.7903562
0.08243,3.9752812
0.082432,3.92905
0.082434,3.6516623
0.082436,3.1893477
0.082438,2.5883412
0.08244,1.8024073
0.082442,0.970243
0.082444,0.091846466
0.082446,-0.83278084
0.082448,-1.6649456
0.08245,-2.4508786
0.082452,-3.098118
0.082454,-3.6066632
0.082456,-3.8840513
0.082458,-3.9302826
0.08246,-3.8378198
0.082462,-3.467969
0.082464,-2.9594238
0.082466,-2.2659533
0.082468,-1.48002
0.08247,-0.601624
0.082472,0.3230033
0.082474,1.2476311
0.082476,2.033564
0.082478,2.7732663
0.08248,3.3280425
0.082482,3.744125
0.082484,3.92905
0.082485996,3.92905
0.082488,3.6978936
0.08249,3.2818112
0.082492,2.6808028
0.082494,1.9411016
0.082496,1.1551685
0.082498,0.23054075
0.0825,-0.694087
0.082502,-1.5262513
0.082504,-2.3121846
0.082506,-3.0056553
0.082508,-3.5142004
0.08251,-3.8378198
0.082512,-3.976514
0.082514,-3.8378198
0.082516,-3.5604317
0.082518,-3.0518866
0.08252,-2.4046474
0.082522,-1.6187139
0.082524,-0.7403178
0.082526,0.184309
0.082528,1.0627055
0.08253,1.8948698
0.082531996,2.6345725
0.082534,3.23558
0.082536,3.6978936
0.082538,3.92905
0.08254,3.92905
0.082542,3.744125
0.082544,3.3742738
0.082546,2.8194976
0.082548,2.0797954
0.08255,1.2938623
0.082552,0.36923456
0.082554,-0.5091615
0.082556,-1.4337888
0.082558,-2.2197218
0.08256,-2.9131925
0.082562,-3.4217377
0.082564,-3.7915885
0.082566,-3.9302826
0.082568,-3.8840513
0.08257,-3.6066632
0.082572,-3.1443493
0.082574,-2.5433414
0.082576,-1.7574081
0.082578,-0.9252434
0.08258,-6.160736E-4
0.082582,0.92401123
0.082584,1.756176
0.082586,2.542109
0.082588,3.1431174
0.08259,3.605431
0.082592,3.8828197
0.082594,3.9752812
0.082596,3.7903562
0.082598,3.4667363
0.0826,2.9119601
0.082602,2.2184901
0.082604,1.4325566
0.082606,0.5541601
0.082608,-0.3704667
0.082609996,-1.2488632
0.082612,-2.081028
0.082614,-2.7744985
0.082616,-3.3755062
0.082618,-3.745357
0.08262,-3.9302826
0.082622,-3.9302826
0.082624,-3.6991258
0.082626,-3.236812
0.082628,-2.6358042
0.08263,-1.8961024
0.082632,-1.0639377
0.082634,-0.18554163
0.082636,0.7390857
0.082638,1.6174817
0.08264,2.4034152
0.082642,3.050654
0.082644,3.5591989
0.082646,3.8828197
0.082648,3.9752812
0.08265,3.8365874
0.082652,3.5129685
0.082654,3.0044227
0.082655996,2.357184
0.082658,1.5712504
0.08266,0.6928544
0.082662,-0.2317729
0.082664,-1.1101689
0.082666,-1.9423337
0.082668,-2.6820357
0.08267,-3.2830436
0.082672,-3.6991258
0.082674,-3.9302826
0.082676,-3.9302826
0.082678,-3.745357
0.08268,-3.329275
0.082682,-2.7744985
0.082684,-2.0347965
0.082686,-1.2488632
0.082688,-0.32423592
0.08269,0.60039186
0.082692,1.4787879
0.082694,2.2647214
0.082696,2.9581914
0.082698,3.4667363
0.0827,3.8365874
0.082702,3.9752812
0.082704,3.8828197
0.082706,3.605431
0.082708,3.1431174
0.08271,2.4958777
0.082712,1.7099442
0.082714,0.87777996
0.082716,-0.046847343
0.082718,-0.9714751
0.08272,-1.8036394
0.082722,-2.5433414
0.082724,-3.1905808
0.082726,-3.6528945
0.082728,-3.8840513
0.08273,-3.9302826
0.082732,-3.7915885
0.082733996,-3.4217377
0.082736,-2.866961
0.082738,-2.1734905
0.08274,-1.387557
0.082742,-0.46292973
0.082744,0.46169758
0.082746,1.3400936
0.082748,2.126027
0.08275,2.8657289
0.082752,3.420505
0.082754,3.7903562
0.082756,3.92905
0.082758,3.92905
0.08276,3.6516623
0.082762,3.23558
0.082764,2.5883412
0.082766,1.8486385
0.082768,1.0164738
0.08277,0.091846466
0.082772,-0.78654957
0.082774,-1.6649456
0.082776,-2.4046474
0.082778,-3.098118
0.082779996,-3.5604317
0.082782,-3.1443493
0.082784,0.3230033
0.082786,3.5591989
0.082788,3.5129685
0.08279,3.0044227
0.082792,2.3109517
0.082794,1.5250192
0.082796,0.64662313
0.082798,-0.27800417
0.0828,-1.1564007
0.082802,-1.9885652
0.082804,-2.728267
0.082806,-3.2830436
0.082808,-3.6991258
0.08281,-3.9302826
0.082812,-3.9302826
0.082814,-3.6991258
0.082816,-3.329275
0.082818,-2.728267
0.08282,-1.9885652
0.082822,-1.1564007
0.082824,-0.27800417
0.082826,0.64662313
0.082828,1.5250192
0.08283,2.3109517
0.082832,3.0044227
0.082834,3.5129685
0.082836,3.8365874
0.082838,3.9752812
0.08284,3.8828197
0.082842,3.5591989
0.082844,3.0968862
0.082846,2.4496465
0.082848,1.6637135
0.08285,0.8315482
0.082852,-0.09307861
0.082854,-1.0177064
0.082856,-1.8498712
0.082857996,-2.589573
0.08286,-3.1905808
0.082862,-3.6528945
0.082864,-3.8840513
0.082866,-3.9302826
0.082868,-3.7915885
0.08287,-3.3755062
0.082872,-2.8207297
0.082874,-2.1272593
0.082876,-1.3413262
0.082878,-0.41669846
0.08288,0.50792885
0.082882,1.3863249
0.082884,2.172258
0.082886,2.9119601
0.082888,3.420505
0.08289,3.7903562
0.082892,3.9752812
0.082894,3.8828197
0.082896,3.6516623
0.082898,3.1893477
0.0829,2.542109
0.082902,1.8024073
0.082903996,0.970243
0.082906,0.045615196
0.082908,-0.83278084
0.08291,-1.7111769
0.082912,-2.4508786
0.082914,-3.098118
0.082916,-3.6066632
0.082918,-3.8840513
0.08292,-3.976514
0.082922,-3.8378198
0.082924,-3.467969
0.082926,-2.9594238
0.082928,-2.2659533
0.08293,-1.48002
0.082932,-0.601624
0.082934,0.3230033
0.082936,1.2476311
0.082938,2.033564
0.08294,2.7732663
0.082942,3.3280425
0.082944,3.744125
0.082946,3.92905
0.082948,3.92905
0.08295,3.6978936
0.082952,3.2818112
0.082954,2.6808028
0.082956,1.9411016
0.082958,1.1089368
0.08296,0.23054075
0.082962,-0.694087
0.082964,-1.5262513
0.082966,-2.3584158
0.082968,-3.0056553
0.08297,-3.5142004
0.082972,-3.8378198
0.082974,-3.976514
0.082976,-3.8378198
0.082978,-3.5604317
0.08298,-3.0518866
0.082981996,-2.4046474
0.082984,-1.6187139
0.082986,-0.7403178
0.082988,0.184309
0.08299,1.1089368
0.082992,1.8948698
0.082994,2.6808028
0.082996,3.2818112
0.082998,3.6978936
0.083,3.92905
0.083002,3.92905
0.083004,3.744125
0.083006,3.3742738
0.083008,2.7732663
0.08301,2.0797954
0.083012,1.2476311
0.083014,0.36923456
0.083016,-0.55539227
0.083018,-1.4337888
0.08302,-2.2197218
0.083022,-2.9131925
0.083024,-3.467969
0.083026,-3.7915885
0.083027996,-3.976514
0.08303,-3.8840513
0.083032,-3.6066632
0.083034,-3.1443493
0.083036,-2.5433414
0.083038,-1.7574081
0.08304,-0.8790121
0.083042,-6.160736E-4
0.083044,0.92401123
0.083046,1.756176
0.083048,2.542109
0.08305,3.1893477
0.083052,3.6516623
0.083054,3.8828197
0.083056,3.9752812
0.083058,3.7903562
0.08306,3.4667363
0.083062,2.9119601
0.083064,2.2184901
0.083066,1.4325566
0.083068,0.5541601
0.08307,-0.3704667
0.083072,-1.2950945
0.083074,-2.081028
0.083076,-2.7744985
0.083078,-3.3755062
0.08308,-3.745357
0.083082,-3.9302826
0.083084,-3.9302826
0.083086,-3.6991258
0.083088,-3.236812
0.08309,-2.6358042
0.083092,-1.8961024
0.083094,-1.0639377
0.083096,-0.13931036
0.083098,0.7853174
0.0831,1.6174817
0.083102,2.4034152
0.083104,3.050654
0.083105996,3.5591989
0.083108,3.8828197
0.08311,3.9752812
0.083112,3.8365874
0.083114,3.5129685
0.083116,3.0044227
0.083118,2.357184
0.08312,1.5250192
0.083122,0.6928544
0.083124,-0.2317729
0.083126,-1.1101689
0.083128,-1.9423337
0.08313,-2.6820357
0.083132,-3.2830436
0.083134,-3.6991258
0.083136,-3.9302826
0.083138,-3.9302826
0.08314,-3.745357
0.083142,-3.329275
0.083144,-2.7744985
0.083146,-2.0347965
0.083148,-1.202632
0.08315,-0.32423592
0.083151996,0.60039186
0.083154,1.4787879
0.083156,2.2647214
0.083158,2.9581914
0.08316,3.5129685
0.083162,3.8365874
0.083164,3.9752812
0.083166,3.8828197
0.083168,3.605431
0.08317,3.0968862
0.083172,2.4496465
0.083174,1.7099442
0.083176,0.8315482
0.083178,-0.046847343
0.08318,-0.9714751
0.083182,-1.8036394
0.083184,-2.5433414
0.083186,-3.1905808
0.083188,-3.6528945
0.08319,-3.8840513
0.083192,-3.9302826
0.083194,-3.7915885
0.083196,-3.4217377
0.083198,-2.866961
0.0832,-2.1734905
0.083202,-0.9714751
0.083204,0.3230033
0.083206,-0.55539227
0.083208,-1.4337888
0.08321,-2.2197218
0.083212,-2.9131925
0.083214,-3.467969
0.083216,-3.8378198
0.083218,-3.976514
0.08322,-3.9302826
0.083222,-3.6991258
0.083224,-3.236812
0.083226,-2.6358042
0.083228,-1.8498712
0.083229996,-1.0177064
0.083232,-0.09307861
0.083234,0.8315482
0.083236,1.6637135
0.083238,2.4496465
0.08324,3.0968862
0.083242,3.5591989
0.083244,3.8365874
0.083246,3.92905
0.083248,3.7903562
0.08325,3.4667363
0.083252,2.9581914
0.083254,2.2647214
0.083256,1.4787879
0.083258,0.60039186
0.08326,-0.27800417
0.083262,-1.202632
0.083264,-1.9885652
0.083266,-2.728267
0.083268,-3.329275
0.08327,-3.745357
0.083272,-3.9302826
0.083274,-3.9302826
0.083275996,-3.6991258
0.083278,-3.2830436
0.08328,-2.728267
0.083282,-1.9885652
0.083284,-1.1564007
0.083286,-0.2317729
0.083288,0.6928544
0.08329,1.5250192
0.083292,2.3109517
0.083294,3.0044227
0.083296,3.5129685
0.083298,3.8365874
0.0833,3.9752812
0.083302,3.8828197
0.083304,3.5591989
0.083306,3.050654
0.083308,2.4034152
0.08331,1.6174817
0.083312,0.7853174
0.083314,-0.13931036
0.083316,-1.0177064
0.083318,-1.8498712
0.08332,-2.589573
0.083322,-3.236812
0.083324,-3.6528945
0.083326,-3.9302826
0.083328,-3.9302826
0.08333,-3.745357
0.083332,-3.3755062
0.083334,-2.8207297
0.083336,-2.1272593
0.083338,-1.2950945
0.08334,-0.41669846
0.083342,0.50792885
0.083344,1.4325566
0.083346,2.2184901
0.083348,2.9119601
0.08335,3.4667363
0.083352,3.7903562
0.083354,3.92905
0.083356,3.8828197
0.083358,3.605431
0.08336,3.1893477
0.083362,2.542109
0.083364,1.756176
0.083366,0.92401123
0.083368,0.045615196
0.08337,-0.8790121
0.083372,-1.7111769
0.083374,-2.4971101
0.083376,-3.1443493
0.083378,-3.6066632
0.08338,-3.8840513
0.083382,-3.976514
0.083384,-3.7915885
0.083386,-3.467969
0.083388,-2.9131925
0.08339,-2.2659533
0.083392,-1.4337888
0.083394,-0.55539227
0.083396,0.36923456
0.083398,1.2476311
0.083399996,2.0797954
0.083402,2.7732663
0.083404,3.3742738
0.083406,3.744125
0.083408,3.92905
0.08341,3.92905
0.083412,3.6978936
0.083414,3.2818112
0.083416,2.6345725
0.083418,1.8948698
0.08342,1.1089368
0.083422,0.184309
0.083424,-0.7403178
0.083426,-1.5724826
0.083428,-2.3584158
0.08343,-3.0518866
0.083432,-3.5604317
0.083434,-3.8378198
0.083436,-3.976514
0.083438,-3.8378198
0.08344,-3.5604317
0.083442,-3.0518866
0.083444,-2.3584158
0.083446,-1.5724826
0.083448,-0.7403178
0.08345,0.184309
0.083452,1.1089368
0.083454,1.9411016
0.083456,2.6808028
0.083458,3.2818112
0.08346,3.6978936
0.083462,3.92905
0.083464,3.92905
0.083466,3.744125
0.083468,3.3280425
0.08347,2.7732663
0.083472,2.033564
0.083474,1.2476311
0.083476,0.36923456
0.083478,-0.55539227
0.08348,-1.4337888
0.083482,-2.2197218
0.083484,-2.9131925
0.083486,-3.467969
0.083488,-3.7915885
0.08349,-3.9302826
0.083492,-3.8840513
0.083494,-3.6066632
0.083496,-3.1443493
0.083498,-2.4971101
0.0835,-1.7111769
0.083502,-0.8790121
0.083504,0.045615196
0.083506,0.970243
0.083508,1.8024073
0.08351,2.542109
0.083512,3.1893477
0.083514,3.6516623
0.083516,3.8828197
0.083518,3.9752812
0.08352,3.7903562
0.083522,3.420505
0.083523996,2.8657289
0.083526,2.172258
0.083528,1.3863249
0.08353,0.50792885
0.083532,-0.41669846
0.083534,-1.2950945
0.083536,-2.081028
0.083538,-2.8207297
0.08354,-3.3755062
0.083542,-3.745357
0.083544,-3.9302826
0.083546,-3.9302826
0.083548,-3.6528945
0.08355,-3.236812
0.083552,-2.6358042
0.083554,-1.8498712
0.083556,-1.0177064
0.083558,-0.13931036
0.08356,0.7853174
0.083562,1.6637135
0.083564,2.4496465
0.083566,3.0968862
0.083568,3.5591989
0.08357,3.8828197
0.083572,3.9752812
0.083574,3.8365874
0.083576,3.5129685
0.083578,3.0044227
0.08358,2.3109517
0.083582,1.5250192
0.083584,0.64662313
0.083586,-0.2317729
0.083588,-1.1564007
0.08359,-1.9423337
0.083592,-2.6820357
0.083594,-3.2830436
0.083596,-3.6991258
0.083598,-3.9302826
0.0836,-3.9302826
0.083602,-3.745357
0.083604,-3.329275
0.083606,-2.728267
0.083608,-1.9885652
0.08361,-1.202632
0.083612,-0.27800417
0.083614,0.64662313
0.083616,1.5250192
0.083618,2.3109517
0.08362,3.0044227
0.083622,3.1893477
0.083624,-0.18554163
0.083626,-3.3755062
0.083628,-3.8840513
0.08363,-3.6066632
0.083632,-3.1443493
0.083634,-2.4971101
0.083636,-1.7111769
0.083638,-0.83278084
0.08364,0.091846466
0.083642,1.0164738
0.083644,1.8486385
0.083646,2.5883412
0.083647996,3.1893477
0.08365,3.6516623
0.083652,3.8828197
0.083654,3.92905
0.083656,3.744125
0.083658,3.3742738
0.08366,2.8194976
0.083662,2.126027
0.083664,1.3400936
0.083666,0.46169758
0.083668,-0.46292973
0.08367,-1.387557
0.083672,-2.1734905
0.083674,-2.866961
0.083676,-3.4217377
0.083678,-3.7915885
0.08368,-3.976514
0.083682,-3.9302826
0.083684,-3.6528945
0.083686,-3.1905808
0.083688,-2.589573
0.08369,-1.8036394
0.083692,-0.9714751
0.083693996,-0.046847343
0.083696,0.8315482
0.083698,1.7099442
0.0837,2.4496465
0.083702,3.0968862
0.083704,3.605431
0.083706,3.8828197
0.083708,3.92905
0.08371,3.8365874
0.083712,3.4667363
0.083714,2.9581914
0.083716,2.2647214
0.083718,1.4787879
0.08372,0.60039186
0.083722,-0.32423592
0.083724,-1.202632
0.083726,-2.0347965
0.083728,-2.728267
0.08373,-3.329275
0.083732,-3.745357
0.083734,-3.9302826
0.083736,-3.9302826
0.083738,-3.6991258
0.08374,-3.2830436
0.083742,-2.6820357
0.083744,-1.9423337
0.083746,-1.1564007
0.083748,-0.2317729
0.08375,0.6928544
0.083752,1.5712504
0.083754,2.357184
0.083756,3.0044227
0.083758,3.5129685
0.08376,3.8365874
0.083762,3.9752812
0.083764,3.8365874
0.083766,3.5591989
0.083768,3.050654
0.08377,2.4034152
0.083771996,1.6174817
0.083774,0.7390857
0.083776,-0.13931036
0.083778,-1.0639377
0.08378,-1.8961024
0.083782,-2.6358042
0.083784,-3.236812
0.083786,-3.6991258
0.083788,-3.9302826
0.08379,-3.9302826
0.083792,-3.745357
0.083794,-3.3755062
0.083796,-2.8207297
0.083798,-2.081028
0.0838,-1.2950945
0.083802,-0.3704667
0.083804,0.5541601
0.083806,1.4325566
0.083808,2.2184901
0.08381,2.9119601
0.083812,3.4667363
0.083814,3.7903562
0.083816,3.9752812
0.083817996,3.8828197
0.08382,3.605431
0.083822,3.1431174
0.083824,2.542109
0.083826,1.756176
0.083828,0.92401123
0.08383,-6.160736E-4
0.083832,-0.8790121
0.083834,-1.7111769
0.083836,-2.4971101
0.083838,-3.1443493
0.08384,-3.6066632
0.083842,-3.8840513
0.083844,-3.976514
0.083846,-3.7915885
0.083848,-3.467969
0.08385,-2.9131925
0.083852,-2.2197218
0.083854,-1.4337888
0.083856,-0.55539227
0.083858,0.36923456
0.08386,1.2938623
0.083862,2.0797954
0.083864,2.8194976
0.083866,3.3742738
0.083868,3.744125
0.08387,3.92905
0.083872,3.92905
0.083874,3.6978936
0.083876,3.23558
0.083878,2.6345725
0.08388,1.8948698
0.083882,1.0627055
0.083884,0.184309
0.083886,-0.7403178
0.083888,-1.5724826
0.08389,-2.3584158
0.083892,-3.0518866
0.083894,-3.5604317
0.083895996,-3.8378198
0.083898,-3.976514
0.0839,-3.8378198
0.083902,-3.5142004
0.083904,-3.0518866
0.083906,-2.3584158
0.083908,-1.5724826
0.08391,-0.694087
0.083912,0.23054075
0.083914,1.1089368
0.083916,1.9411016
0.083918,2.6808028
0.08392,3.2818112
0.083922,3.6978936
0.083924,3.92905
0.083926,3.92905
0.083928,3.744125
0.08393,3.3280425
0.083932,2.7732663
0.083934,2.033564
0.083936,1.2476311
0.083938,0.3230033
0.08394,-0.601624
0.083941996,-1.48002
0.083944,-2.2659533
0.083946,-2.9594238
0.083948,-3.467969
0.08395,-3.8378198
0.083952,-3.976514
0.083954,-3.8840513
0.083956,-3.6066632
0.083958,-3.1443493
0.08396,-2.4971101
0.083962,-1.7111769
0.083964,-0.8790121
0.083966,0.045615196
0.083968,0.970243
0.08397,1.8024073
0.083972,2.5883412
0.083974,3.1893477
0.083976,3.6516623
0.083978,3.8828197
0.08398,3.92905
0.083982,3.7903562
0.083984,3.420505
0.083986,2.8657289
0.083988,2.172258
0.08399,1.3863249
0.083992,0.50792885
0.083994,-0.41669846
0.083996,-1.3413262
0.083998,-2.1272593
0.084,-2.8207297
0.084002,-3.3755062
0.084004,-3.7915885
0.084006,-3.9302826
0.084008,-3.9302826
0.08401,-3.6528945
0.084012,-3.236812
0.084014,-2.6358042
0.084016,-1.8498712
0.084018,-1.0177064
0.084019996,-0.09307861
0.084022,0.8315482
0.084024,1.6637135
0.084026,2.4496465
0.084028,3.0968862
0.08403,3.605431
0.084032,3.8828197
0.084034,3.9752812
0.084036,3.8365874
0.084038,3.5129685
0.08404,2.9581914
0.084042,2.3109517
0.084044,-0.83278084
0.084046,-0.55539227
0.084048,0.36923456
0.08405,1.2476311
0.084052,2.0797954
0.084054,2.7732663
0.084056,3.3742738
0.084058,3.7903562
0.08406,3.9752812
0.084062,3.9752812
0.084064,3.744125
0.084065996,3.3280425
0.084068,2.727035
0.08407,2.033564
0.084072,1.2013993
0.084074,0.27677202
0.084076,-0.6478553
0.084078,-1.48002
0.08408,-2.2659533
0.084082,-2.9594238
0.084084,-3.467969
0.084086,-3.8378198
0.084088,-3.9302826
0.08409,-3.8378198
0.084092,-3.5604317
0.084094,-3.098118
0.084096,-2.4508786
0.084098,-1.6649456
0.0841,-0.78654957
0.084102,0.13807821
0.084104,1.0627055
0.084106,1.8486385
0.084108,2.6345725
0.08411,3.23558
0.084112,3.6978936
0.084114,3.92905
0.084116,3.92905
0.084118,3.7903562
0.08412,3.3742738
0.084122,2.8194976
0.084124,2.126027
0.084126,1.3400936
0.084128,0.4154663
0.08413,-0.5091615
0.084132,-1.387557
0.084134,-2.1734905
0.084136,-2.866961
0.084138,-3.4217377
0.08414,-3.7915885
0.084142,-3.9302826
0.084143996,-3.8840513
0.084146,-3.6528945
0.084148,-3.1905808
0.08415,-2.5433414
0.084152,-1.8036394
0.084154,-0.9714751
0.084156,-0.046847343
0.084158,0.87777996
0.08416,1.7099442
0.084162,2.4958777
0.084164,3.1431174
0.084166,3.605431
0.084168,3.8828197
0.08417,3.9752812
0.084172,3.7903562
0.084174,3.4667363
0.084176,2.9581914
0.084178,2.2647214
0.08418,1.4787879
0.084182,0.60039186
0.084184,-0.32423592
0.084186,-1.2488632
0.084188,-2.0347965
0.084189996,-2.7744985
0.084192,-3.329275
0.084194,-3.745357
0.084196,-3.9302826
0.084198,-3.9302826
0.0842,-3.6991258
0.084202,-3.2830436
0.084204,-2.6820357
0.084206,-1.9423337
0.084208,-1.1101689
0.08421,-0.18554163
0.084212,0.7390857
0.084214,1.5712504
0.084216,2.357184
0.084218,3.050654
0.08422,3.5591989
0.084222,3.8365874
0.084224,3.9752812
0.084226,3.8365874
0.084228,3.5591989
0.08423,3.050654
0.084232,2.357184
0.084234,1.5712504
0.084236,0.7390857
0.084238,-0.18554163
0.08424,-1.0639377
0.084242,-1.8961024
0.084244,-2.6358042
0.084246,-3.236812
0.084248,-3.6991258
0.08425,-3.9302826
0.084252,-3.9302826
0.084254,-3.745357
0.084256,-3.3755062
0.084258,-2.8207297
0.08426,-2.081028
0.084262,-1.2488632
0.084264,-0.3704667
0.084266,0.5541601
0.084267996,1.4325566
0.08427,2.2184901
0.084272,2.9119601
0.084274,3.4667363
0.084276,3.7903562
0.084278,3.9752812
0.08428,3.8828197
0.084282,3.605431
0.084284,3.1431174
0.084286,2.4958777
0.084288,1.756176
0.08429,0.87777996
0.084292,-6.160736E-4
0.084294,-0.9252434
0.084296,-1.7574081
0.084298,-2.5433414
0.0843,-3.1443493
0.084302,-3.6066632
0.084304,-3.8840513
0.084306,-3.9302826
0.084308,-3.7915885
0.08431,-3.467969
0.084312,-2.9131925
0.084313996,-2.2197218
0.084316,-1.4337888
0.084318,-0.5091615
0.08432,0.4154663
0.084322,1.2938623
0.084324,2.126027
0.084326,2.8194976
0.084328,3.3742738
0.08433,3.744125
0.084332,3.92905
0.084334,3.92905
0.084336,3.6978936
0.084338,3.23558
0.08434,2.6345725
0.084342,1.8948698
0.084344,1.0627055
0.084346,0.13807821
0.084348,-0.78654957
0.08435,-1.6187139
0.084352,-2.4046474
0.084354,-3.0518866
0.084356,-3.5604317
0.084358,-3.8840513
0.08436,-3.976514
0.084362,-3.8378198
0.084364,-3.5142004
0.084366,-3.0056553
0.084368,-2.3584158
0.08437,-1.5262513
0.084372,-0.694087
0.084374,0.23054075
0.084376,1.1551685
0.084378,1.9873328
0.08438,2.727035
0.084382,3.2818112
0.084384,3.6978936
0.084386,3.92905
0.084388,3.92905
0.08439,3.744125
0.084391996,3.3280425
0.084394,2.727035
0.084396,2.033564
0.084398,1.2013993
0.0844,0.3230033
0.084402,-0.601624
0.084404,-1.48002
0.084406,-2.2659533
0.084408,-2.9594238
0.08441,-3.467969
0.084412,-3.8378198
0.084414,-3.976514
0.084416,-3.8840513
0.084418,-3.6066632
0.08442,-3.098118
0.084422,-2.4508786
0.084424,-1.6649456
0.084426,-0.83278084
0.084428,0.091846466
0.08443,1.0164738
0.084432,1.8486385
0.084434,2.5883412
0.084436,3.1893477
0.084437996,3.6516623
0.08444,3.92905
0.084442,3.92905
0.084444,3.7903562
0.084446,3.420505
0.084448,2.8657289
0.08445,2.172258
0.084452,1.3400936
0.084454,0.46169758
0.084456,-0.46292973
0.084458,-1.3413262
0.08446,-2.1272593
0.084462,-2.8207297
0.084464,-6.160736E-4
0.084466,3.4667363
0.084468,3.9752812
0.08447,3.92905
0.084472,3.6978936
0.084474,3.23558
0.084476,2.6345725
0.084478,1.8486385
0.08448,1.0164738
0.084482,0.091846466
0.084484,-0.78654957
0.084486,-1.6187139
0.084488,-2.4046474
0.08449,-3.098118
0.084492,-3.5604317
0.084494,-3.8378198
0.084496,-3.9302826
0.084498,-3.7915885
0.0845,-3.467969
0.084502,-2.9594238
0.084504,-2.2659533
0.084506,-1.48002
0.084508,-0.601624
0.08451,0.3230033
0.084512,1.2013993
0.084514,2.033564
0.084516,2.7732663
0.084518,3.3280425
0.08452,3.744125
0.084522,3.92905
0.084524,3.92905
0.084526,3.6978936
0.084528,3.2818112
0.08453,2.727035
0.084532,1.9873328
0.084534,1.1551685
0.084536,0.27677202
0.084538,-0.6478553
0.08454,-1.5262513
0.084542,-2.3121846
0.084544,-3.0056553
0.084546,-3.5142004
0.084548,-3.8378198
0.08455,-3.976514
0.084552,-3.8840513
0.084554,-3.5604317
0.084556,-3.098118
0.084558,-2.4046474
0.08456,-1.6187139
0.084561996,-0.78654957
0.084564,0.13807821
0.084566,1.0627055
0.084568,1.8948698
0.08457,2.6345725
0.084572,3.23558
0.084574,3.6978936
0.084576,3.92905
0.084578,3.92905
0.08458,3.7903562
0.084582,3.3742738
0.084584,2.8194976
0.084586,2.126027
0.084588,1.2938623
0.08459,0.4154663
0.084592,-0.5091615
0.084594,-1.387557
0.084596,-2.1734905
0.084598,-2.866961
0.0846,-3.4217377
0.084602,-3.7915885
0.084604,-3.9302826
0.084606,-3.8840513
0.084608,-3.6528945
0.08461,-3.1905808
0.084612,-2.5433414
0.084614,-1.7574081
0.084616,-0.9252434
0.084618,-6.160736E-4
0.08462,0.87777996
0.084622,1.756176
0.084624,2.4958777
0.084626,3.1431174
0.084628,3.605431
0.08463,3.8828197
0.084632,3.9752812
0.084634,3.7903562
0.084636,3.4667363
0.084638,2.9119601
0.08464,2.2184901
0.084642,1.4325566
0.084644,0.5541601
0.084646,-0.3704667
0.084648,-1.2488632
0.08465,-2.0347965
0.084652,-2.7744985
0.084654,-3.329275
0.084656,-3.745357
0.084658,-3.9302826
0.08466,-3.9302826
0.084662,-3.6991258
0.084664,-3.2830436
0.084666,-2.6820357
0.084668,-1.9423337
0.08467,-1.1101689
0.084672,-0.18554163
0.084674,0.7390857
0.084676,1.5712504
0.084678,2.4034152
0.08468,3.050654
0.084682,3.5591989
0.084684,3.8365874
0.084685996,3.9752812
0.084688,3.8365874
0.08469,3.5591989
0.084692,3.050654
0.084694,2.357184
0.084696,1.5712504
0.084698,0.7390857
0.0847,-0.18554163
0.084702,-1.1101689
0.084704,-1.8961024
0.084706,-2.6358042
0.084708,-3.2830436
0.08471,-3.6991258
0.084712,-3.9302826
0.084714,-3.9302826
0.084716,-3.745357
0.084718,-3.3755062
0.08472,-2.7744985
0.084722,-2.081028
0.084724,-1.2488632
0.084726,-0.32423592
0.084728,0.60039186
0.08473,1.4787879
0.084732,2.2647214
0.084734,2.9581914
0.084736,3.4667363
0.084738,3.8365874
0.08474,3.9752812
0.084742,3.8828197
0.084744,3.605431
0.084746,3.1431174
0.084748,2.4958777
0.08475,1.7099442
0.084752,0.87777996
0.084754,-0.046847343
0.084756,-0.9252434
0.084758,-1.7574081
0.08476,-2.5433414
0.084762,-3.1905808
0.084764,-3.6528945
0.084766,-3.8840513
0.084768,-3.9302826
0.08477,-3.7915885
0.084772,-3.4217377
0.084774,-2.9131925
0.084776,-2.2197218
0.084778,-1.387557
0.08478,-0.5091615
0.084782,0.4154663
0.084784,1.3400936
0.084786,2.126027
0.084788,2.8194976
0.08479,3.3742738
0.084792,3.7903562
0.084794,3.92905
0.084796,3.92905
0.084798,3.6516623
0.0848,3.23558
0.084802,2.6345725
0.084804,1.8486385
0.084806,1.0164738
0.084808,0.13807821
0.084809996,-0.78654957
0.084812,-1.6187139
0.084814,-2.4046474
0.084816,-3.0518866
0.084818,-3.5604317
0.08482,-3.8840513
0.084822,-3.976514
0.084824,-3.8378198
0.084826,-3.5142004
0.084828,-3.0056553
0.08483,-2.3121846
0.084832,-1.5262513
0.084834,-0.6478553
0.084836,0.27677202
0.084838,1.1551685
0.08484,1.9873328
0.084842,2.727035
0.084844,3.3280425
0.084846,3.6978936
0.084848,3.92905
0.08485,3.92905
0.084852,3.744125
0.084854,3.3280425
0.084855996,2.727035
0.084858,1.9873328
0.08486,1.2013993
0.084862,0.27677202
0.084864,-0.6478553
0.084866,-1.48002
0.084868,-2.2659533
0.08487,-2.9594238
0.084872,-3.5142004
0.084874,-3.8378198
0.084876,-3.976514
0.084878,-3.8840513
0.08488,-3.6066632
0.084882,-3.098118
0.084884,-0.32423592
0.084886,1.5250192
0.084888,0.7390857
0.08489,-0.13931036
0.084892,-1.0639377
0.084894,-1.8961024
0.084896,-2.6358042
0.084898,-3.236812
0.0849,-3.6991258
0.084902,-3.9302826
0.084904,-3.976514
0.084906,-3.7915885
0.084908,-3.4217377
0.08491,-2.866961
0.084912,-2.1734905
0.084914,-1.3413262
0.084916,-0.46292973
0.084918,0.46169758
0.08492,1.3863249
0.084922,2.172258
0.084924,2.8657289
0.084926,3.420505
0.084928,3.7903562
0.08493,3.92905
0.084932,3.8828197
0.084933996,3.6516623
0.084936,3.1893477
0.084938,2.542109
0.08494,1.8024073
0.084942,0.970243
0.084944,0.045615196
0.084946,-0.83278084
0.084948,-1.7111769
0.08495,-2.4508786
0.084952,-3.098118
0.084954,-3.6066632
0.084956,-3.8840513
0.084958,-3.976514
0.08496,-3.8378198
0.084962,-3.467969
0.084964,-2.9594238
0.084966,-2.2659533
0.084968,-1.48002
0.08497,-0.601624
0.084972,0.3230033
0.084974,1.2476311
0.084976,2.033564
0.084978,2.7732663
0.084979996,3.3280425
0.084982,3.744125
0.084984,3.92905
0.084986,3.92905
0.084988,3.6978936
0.08499,3.2818112
0.084992,2.6808028
0.084994,1.9411016
0.084996,1.1089368
0.084998,0.23054075
0.085,-0.694087
0.085002,-1.5262513
0.085004,-2.3121846
0.085006,-3.0056553
0.085008,-3.5142004
0.08501,-3.8378198
0.085012,-3.976514
0.085014,-3.8378198
0.085016,-3.5604317
0.085018,-3.0518866
0.08502,-2.4046474
0.085022,-1.6187139
0.085024,-0.7403178
0.085026,0.184309
0.085028,1.0627055
0.08503,1.8948698
0.085032,2.6345725
0.085034,3.2818112
0.085036,3.6978936
0.085038,3.92905
0.08504,3.92905
0.085042,3.744125
0.085044,3.3742738
0.085046,2.8194976
0.085048,2.0797954
0.08505,1.2938623
0.085052,0.36923456
0.085054,-0.55539227
0.085056,-1.4337888
0.085057996,-2.2197218
0.08506,-2.9131925
0.085062,-3.467969
0.085064,-3.7915885
0.085066,-3.9302826
0.085068,-3.8840513
0.08507,-3.6066632
0.085072,-3.1443493
0.085074,-2.5433414
0.085076,-1.7574081
0.085078,-0.9252434
0.08508,-6.160736E-4
0.085082,0.92401123
0.085084,1.756176
0.085086,2.542109
0.085088,3.1431174
0.08509,3.605431
0.085092,3.8828197
0.085094,3.9752812
0.085096,3.7903562
0.085098,3.4667363
0.0851,2.9119601
0.085102,2.2184901
0.085103996,1.4325566
0.085106,0.5541601
0.085108,-0.3704667
0.08511,-1.2488632
0.085112,-2.081028
0.085114,-2.7744985
0.085116,-3.3755062
0.085118,-3.745357
0.08512,-3.9302826
0.085122,-3.9302826
0.085124,-3.6991258
0.085126,-3.236812
0.085128,-2.6358042
0.08513,-1.8961024
0.085132,-1.0639377
0.085134,-0.13931036
0.085136,0.7853174
0.085138,1.6174817
0.08514,2.4034152
0.085142,3.050654
0.085144,3.5591989
0.085146,3.8828197
0.085148,3.9752812
0.08515,3.8365874
0.085152,3.5129685
0.085154,3.0044227
0.085156,2.357184
0.085158,1.5712504
0.08516,0.6928544
0.085162,-0.2317729
0.085164,-1.1101689
0.085166,-1.9423337
0.085168,-2.6820357
0.08517,-3.2830436
0.085172,-3.6991258
0.085174,-3.9302826
0.085176,-3.9302826
0.085178,-3.745357
0.08518,-3.329275
0.085181996,-2.7744985
0.085184,-2.0347965
0.085186,-1.202632
0.085188,-0.32423592
0.08519,0.60039186
0.085192,1.4787879
0.085194,2.2647214
0.085196,2.9581914
0.085198,3.4667363
0.0852,3.8365874
0.085202,3.9752812
0.085204,3.8828197
0.085206,3.605431
0.085208,3.0968862
0.08521,2.4958777
0.085212,1.7099442
0.085214,0.87777996
0.085216,-0.046847343
0.085218,-0.9714751
0.08522,-1.8036394
0.085222,-2.5433414
0.085224,-3.1905808
0.085226,-3.6528945
0.085227996,-3.8840513
0.08523,-3.9302826
0.085232,-3.7915885
0.085234,-3.4217377
0.085236,-2.866961
0.085238,-2.1734905
0.08524,-1.387557
0.085242,-0.46292973
0.085244,0.46169758
0.085246,1.3400936
0.085248,2.126027
0.08525,2.8657289
0.085252,3.420505
0.085254,3.7903562
0.085256,3.92905
0.085258,3.92905
0.08526,3.6516623
0.085262,3.23558
0.085264,2.5883412
0.085266,1.8486385
0.085268,1.0164738
0.08527,0.091846466
0.085272,-0.78654957
0.085274,-1.6649456
0.085276,-2.4508786
0.085278,-3.098118
0.08528,-3.5604317
0.085282,-3.8840513
0.085284,-3.976514
0.085286,-3.8378198
0.085288,-3.5142004
0.08529,-3.0056553
0.085292,-2.3121846
0.085294,-1.48002
0.085296,-0.6478553
0.085298,0.27677202
0.0853,1.2013993
0.085302,1.9873328
0.085304,-0.13931036
0.085305996,-3.098118
0.085308,-3.745357
0.08531,-3.976514
0.085312,-3.976514
0.085314,-3.745357
0.085316,-3.329275
0.085318,-2.7744985
0.08532,-2.0347965
0.085322,-1.202632
0.085324,-0.27800417
0.085326,0.64662313
0.085328,1.4787879
0.08533,2.3109517
0.085332,2.9581914
0.085334,3.5129685
0.085336,3.8365874
0.085338,3.92905
0.08534,3.8365874
0.085342,3.5591989
0.085344,3.050654
0.085346,2.4034152
0.085348,1.6174817
0.08535,0.7853174
0.085351996,-0.13931036
0.085354,-1.0177064
0.085356,-1.8498712
0.085358,-2.589573
0.08536,-3.236812
0.085362,-3.6528945
0.085364,-3.9302826
0.085366,-3.9302826
0.085368,-3.7915885
0.08537,-3.4217377
0.085372,-2.866961
0.085374,-2.1272593
0.085376,-1.3413262
0.085378,-0.41669846
0.08538,0.50792885
0.085382,1.3863249
0.085384,2.172258
0.085386,2.8657289
0.085388,3.420505
0.08539,3.7903562
0.085392,3.92905
0.085394,3.8828197
0.085396,3.6516623
0.085398,3.1893477
0.0854,2.542109
0.085402,1.8024073
0.085404,0.970243
0.085406,0.045615196
0.085408,-0.8790121
0.08541,-1.7111769
0.085412,-2.4971101
0.085414,-3.1443493
0.085416,-3.6066632
0.085418,-3.8840513
0.08542,-3.976514
0.085422,-3.8378198
0.085424,-3.467969
0.085426,-2.9594238
0.085428,-2.2659533
0.085429996,-1.48002
0.085432,-0.601624
0.085434,0.3230033
0.085436,1.2476311
0.085438,2.033564
0.08544,2.7732663
0.085442,3.3742738
0.085444,3.744125
0.085446,3.92905
0.085448,3.92905
0.08545,3.6978936
0.085452,3.2818112
0.085454,2.6808028
0.085456,1.9411016
0.085458,1.1089368
0.08546,0.23054075
0.085462,-0.694087
0.085464,-1.5724826
0.085466,-2.3584158
0.085468,-3.0056553
0.08547,-3.5142004
0.085472,-3.8378198
0.085474,-3.976514
0.085475996,-3.8378198
0.085478,-3.5604317
0.08548,-3.0518866
0.085482,-2.4046474
0.085484,-1.6187139
0.085486,-0.7403178
0.085488,0.184309
0.08549,1.1089368
0.085492,1.8948698
0.085494,2.6808028
0.085496,3.2818112
0.085498,3.6978936
0.0855,3.92905
0.085502,3.92905
0.085504,3.744125
0.085506,3.3742738
0.085508,2.7732663
0.08551,2.0797954
0.085512,1.2476311
0.085514,0.36923456
0.085516,-0.55539227
0.085518,-1.4337888
0.08552,-2.2197218
0.085522,-2.9131925
0.085524,-3.467969
0.085526,-3.7915885
0.085528,-3.9302826
0.08553,-3.8840513
0.085532,-3.6066632
0.085534,-3.1443493
0.085536,-2.4971101
0.085538,-1.7574081
0.08554,-0.8790121
0.085542,0.045615196
0.085544,0.92401123
0.085546,1.756176
0.085548,2.542109
0.08555,3.1893477
0.085552,3.6516623
0.085553996,3.8828197
0.085556,3.9752812
0.085558,3.7903562
0.08556,3.420505
0.085562,2.9119601
0.085564,2.2184901
0.085566,1.4325566
0.085568,0.50792885
0.08557,-0.41669846
0.085572,-1.2950945
0.085574,-2.081028
0.085576,-2.8207297
0.085578,-3.3755062
0.08558,-3.745357
0.085582,-3.9302826
0.085584,-3.9302826
0.085586,-3.6991258
0.085588,-3.236812
0.08559,-2.6358042
0.085592,-1.8961024
0.085594,-1.0639377
0.085596,-0.13931036
0.085598,0.7853174
0.085599996,1.6174817
0.085602,2.4034152
0.085604,3.0968862
0.085606,3.5591989
0.085608,3.8828197
0.08561,3.9752812
0.085612,3.8365874
0.085614,3.5129685
0.085616,3.0044227
0.085618,2.3109517
0.08562,1.5250192
0.085622,0.6928544
0.085624,-0.2317729
0.085626,-1.1101689
0.085628,-1.9423337
0.08563,-2.6820357
0.085632,-3.2830436
0.085634,-3.6991258
0.085636,-3.9302826
0.085638,-3.9302826
0.08564,-3.745357
0.085642,-3.329275
0.085644,-2.7744985
0.085646,-2.0347965
0.085648,-1.202632
0.08565,-0.27800417
0.085652,0.60039186
0.085654,1.4787879
0.085656,2.3109517
0.085658,2.9581914
0.08566,3.5129685
0.085662,3.8365874
0.085664,3.9752812
0.085666,3.8828197
0.085668,3.605431
0.08567,3.0968862
0.085672,2.4496465
0.085674,1.6637135
0.085676,0.8315482
0.085678,-0.09307861
0.08568,-0.9714751
0.085682,-1.8036394
0.085684,-2.5433414
0.085686,-3.1905808
0.085688,-3.6528945
0.08569,-3.8840513
0.085692,-3.9302826
0.085694,-3.7915885
0.085696,-3.4217377
0.085698,-2.866961
0.0857,-2.1734905
0.085702,-1.3413262
0.085704,-0.46292973
0.085706,0.46169758
0.085708,1.3400936
0.08571,2.172258
0.085712,2.8657289
0.085714,3.420505
0.085716,3.7903562
0.085718,3.92905
0.08572,3.92905
0.085722,3.6516623
0.085723996,1.2938623
0.085726,-1.8961024
0.085728,-1.7574081
0.08573,-0.9252434
0.085732,-0.046847343
0.085734,0.87777996
0.085736,1.7099442
0.085738,2.4958777
0.08574,3.1431174
0.085742,3.605431
0.085744,3.8828197
0.085746,3.9752812
0.085748,3.8365874
0.08575,3.5129685
0.085752,2.9581914
0.085754,2.3109517
0.085756,1.4787879
0.085758,0.64662313
0.08576,-0.27800417
0.085762,-1.202632
0.085764,-1.9885652
0.085766,-2.728267
0.085768,-3.329275
0.08577,-3.745357
0.085772,-3.9302826
0.085774,-3.9302826
0.085776,-3.6991258
0.085778,-3.2830436
0.08578,-2.728267
0.085782,-1.9885652
0.085784,-1.1564007
0.085786,-0.2317729
0.085788,0.6928544
0.08579,1.5250192
0.085792,2.357184
0.085794,3.0044227
0.085796,3.5129685
0.085798,3.8365874
0.0858,3.9752812
0.085802,3.8828197
0.085804,3.5591989
0.085806,3.050654
0.085808,2.4034152
0.08581,1.6174817
0.085812,0.7853174
0.085814,-0.13931036
0.085816,-1.0639377
0.085818,-1.8498712
0.08582,-2.6358042
0.085822,-3.236812
0.085824,-3.6528945
0.085826,-3.9302826
0.085828,-3.9302826
0.08583,-3.745357
0.085832,-3.3755062
0.085834,-2.8207297
0.085836,-2.1272593
0.085838,-1.2950945
0.08584,-0.41669846
0.085842,0.50792885
0.085844,1.4325566
0.085846,2.2184901
0.085847996,2.9119601
0.08585,3.4667363
0.085852,3.7903562
0.085854,3.9752812
0.085856,3.8828197
0.085858,3.605431
0.08586,3.1431174
0.085862,2.542109
0.085864,1.756176
0.085866,0.92401123
0.085868,-6.160736E-4
0.08587,-0.8790121
0.085872,-1.7111769
0.085874,-2.4971101
0.085876,-3.1443493
0.085878,-3.6066632
0.08588,-3.8840513
0.085882,-3.976514
0.085884,-3.7915885
0.085886,-3.467969
0.085888,-2.9131925
0.08589,-2.2659533
0.085892,-1.4337888
0.085893996,-0.55539227
0.085896,0.36923456
0.085898,1.2476311
0.0859,2.0797954
0.085902,2.7732663
0.085904,3.3742738
0.085906,3.744125
0.085908,3.92905
0.08591,3.92905
0.085912,3.6978936
0.085914,3.23558
0.085916,2.6345725
0.085918,1.8948698
0.08592,1.0627055
0.085922,0.184309
0.085924,-0.7403178
0.085926,-1.5724826
0.085928,-2.3584158
0.08593,-3.0518866
0.085932,-3.5604317
0.085934,-3.8378198
0.085936,-3.976514
0.085938,-3.8378198
0.08594,-3.5604317
0.085942,-3.0518866
0.085944,-2.3584158
0.085946,-1.5724826
0.085948,-0.694087
0.08595,0.23054075
0.085952,1.1089368
0.085954,1.9411016
0.085956,2.6808028
0.085958,3.2818112
0.08596,3.6978936
0.085962,3.92905
0.085964,3.92905
0.085966,3.744125
0.085968,3.3280425
0.08597,2.7732663
0.085971996,2.033564
0.085974,1.2476311
0.085976,0.3230033
0.085978,-0.55539227
0.08598,-1.48002
0.085982,-2.2197218
0.085984,-2.9131925
0.085986,-3.467969
0.085988,-3.7915885
0.08599,-3.9302826
0.085992,-3.8840513
0.085994,-3.6066632
0.085996,-3.1443493
0.085998,-2.4971101
0.086,-1.7111769
0.086002,-0.8790121
0.086004,0.045615196
0.086006,0.970243
0.086008,1.8024073
0.08601,2.542109
0.086012,3.1893477
0.086014,3.6516623
0.086016,3.8828197
0.086017996,3.92905
0.08602,3.7903562
0.086022,3.420505
0.086024,2.8657289
0.086026,2.172258
0.086028,1.3863249
0.08603,0.50792885
0.086032,-0.41669846
0.086034,-1.2950945
0.086036,-2.1272593
0.086038,-2.8207297
0.08604,-3.3755062
0.086042,-3.745357
0.086044,-3.9302826
0.086046,-3.9302826
0.086048,-3.6528945
0.08605,-3.236812
0.086052,-2.6358042
0.086054,-1.8498712
0.086056,-1.0177064
0.086058,-0.09307861
0.08606,0.7853174
0.086062,1.6637135
0.086064,2.4496465
0.086066,3.0968862
0.086068,3.5591989
0.08607,3.8828197
0.086072,3.9752812
0.086074,3.8365874
0.086076,3.5129685
0.086078,3.0044227
0.08608,2.3109517
0.086082,1.5250192
0.086084,0.64662313
0.086086,-0.27800417
0.086088,-1.1564007
0.08609,-1.9885652
0.086092,-2.728267
0.086094,-3.2830436
0.086095996,-3.6991258
0.086098,-3.9302826
0.0861,-3.9302826
0.086102,-3.745357
0.086104,-3.329275
0.086106,-2.728267
0.086108,-1.9885652
0.08611,-1.202632
0.086112,-0.27800417
0.086114,0.64662313
0.086116,1.5250192
0.086118,2.3109517
0.08612,3.0044227
0.086122,3.5129685
0.086124,3.8365874
0.086126,3.9752812
0.086128,3.8828197
0.08613,3.5591989
0.086132,3.0968862
0.086134,2.4496465
0.086136,1.6637135
0.086138,0.8315482
0.08614,-0.09307861
0.086141996,-1.0177064
0.086144,0.50792885
0.086146,2.6345725
0.086148,3.2818112
0.08615,3.6978936
0.086152,3.9752812
0.086154,3.9752812
0.086156,3.8365874
0.086158,3.420505
0.08616,2.8657289
0.086162,2.172258
0.086164,1.3863249
0.086166,0.46169758
0.086168,-0.46292973
0.08617,-1.3413262
0.086172,-2.1272593
0.086174,-2.8207297
0.086176,-3.3755062
0.086178,-3.745357
0.08618,-3.9302826
0.086182,-3.8840513
0.086184,-3.6528945
0.086186,-3.1905808
0.086188,-2.5433414
0.08619,-1.8036394
0.086192,-0.9714751
0.086194,-0.046847343
0.086196,0.87777996
0.086198,1.7099442
0.0862,2.4958777
0.086202,3.1431174
0.086204,3.605431
0.086206,3.8828197
0.086208,3.9752812
0.08621,3.8365874
0.086212,3.4667363
0.086214,2.9581914
0.086216,2.2647214
0.086218,1.4787879
0.086219996,0.60039186
0.086222,-0.32423592
0.086224,-1.202632
0.086226,-2.0347965
0.086228,-2.728267
0.08623,-3.329275
0.086232,-3.745357
0.086234,-3.9302826
0.086236,-3.9302826
0.086238,-3.6991258
0.08624,-3.2830436
0.086242,-2.6820357
0.086244,-1.9423337
0.086246,-1.1101689
0.086248,-0.2317729
0.08625,0.6928544
0.086252,1.5712504
0.086254,2.357184
0.086256,3.0044227
0.086258,3.5129685
0.08626,3.8365874
0.086262,3.9752812
0.086264,3.8828197
0.086265996,3.5591989
0.086268,3.050654
0.08627,2.4034152
0.086272,1.6174817
0.086274,0.7390857
0.086276,-0.13931036
0.086278,-1.0639377
0.08628,-1.8961024
0.086282,-2.6358042
0.086284,-3.236812
0.086286,-3.6991258
0.086288,-3.9302826
0.08629,-3.9302826
0.086292,-3.745357
0.086294,-3.3755062
0.086296,-2.8207297
0.086298,-2.081028
0.0863,-1.2950945
0.086302,-0.3704667
0.086304,0.5541601
0.086306,1.4325566
0.086308,2.2184901
0.08631,2.9119601
0.086312,3.4667363
0.086314,3.7903562
0.086316,3.9752812
0.086318,3.8828197
0.08632,3.605431
0.086322,3.1431174
0.086324,2.542109
0.086326,1.756176
0.086328,0.92401123
0.08633,-6.160736E-4
0.086332,-0.8790121
0.086334,-1.7574081
0.086336,-2.4971101
0.086338,-3.1443493
0.08634,-3.6066632
0.086342,-3.8840513
0.086343996,-3.976514
0.086346,-3.7915885
0.086348,-3.467969
0.08635,-2.9131925
0.086352,-2.2197218
0.086354,-1.4337888
0.086356,-0.55539227
0.086358,0.36923456
0.08636,1.2938623
0.086362,2.0797954
0.086364,2.8194976
0.086366,3.3742738
0.086368,3.744125
0.08637,3.92905
0.086372,3.92905
0.086374,3.6978936
0.086376,3.23558
0.086378,2.6345725
0.08638,1.8948698
0.086382,1.0627055
0.086384,0.184309
0.086386,-0.7403178
0.086388,-1.5724826
0.086389996,-2.3584158
0.086392,-3.0518866
0.086394,-3.5604317
0.086396,-3.8378198
0.086398,-3.976514
0.0864,-3.8378198
0.086402,-3.5142004
0.086404,-3.0056553
0.086406,-2.3584158
0.086408,-1.5724826
0.08641,-0.694087
0.086412,0.23054075
0.086414,1.1551685
0.086416,1.9411016
0.086418,2.6808028
0.08642,3.2818112
0.086422,3.6978936
0.086424,3.92905
0.086426,3.92905
0.086428,3.744125
0.08643,3.3280425
0.086432,2.7732663
0.086434,2.033564
0.086436,1.2013993
0.086438,0.3230033
0.08644,-0.601624
0.086442,-1.48002
0.086444,-2.2659533
0.086446,-2.9594238
0.086448,-3.467969
0.08645,-3.8378198
0.086452,-3.976514
0.086454,-3.8840513
0.086456,-3.6066632
0.086458,-3.1443493
0.08646,-2.4971101
0.086462,-1.7111769
0.086464,-0.83278084
0.086466,0.045615196
0.086467996,0.970243
0.08647,1.8024073
0.086472,2.5883412
0.086474,3.1893477
0.086476,3.6516623
0.086478,3.8828197
0.08648,3.92905
0.086482,3.7903562
0.086484,3.420505
0.086486,2.8657289
0.086488,2.172258
0.08649,1.3863249
0.086492,0.50792885
0.086494,-0.41669846
0.086496,-1.3413262
0.086498,-2.1272593
0.0865,-2.8207297
0.086502,-3.3755062
0.086504,-3.7915885
0.086506,-3.9302826
0.086508,-3.9302826
0.08651,-3.6528945
0.086512,-3.236812
0.086513996,-2.589573
0.086516,-1.8498712
0.086518,-1.0177064
0.08652,-0.09307861
0.086522,0.8315482
0.086524,1.6637135
0.086526,2.4496465
0.086528,3.0968862
0.08653,3.605431
0.086532,3.8828197
0.086534,3.9752812
0.086536,3.8365874
0.086538,3.5129685
0.08654,2.9581914
0.086542,2.3109517
0.086544,1.4787879
0.086546,0.64662313
0.086548,-0.27800417
0.08655,-1.1564007
0.086552,-1.9885652
0.086554,-2.728267
0.086556,-3.329275
0.086558,-3.745357
0.08656,-3.9302826
0.086562,-3.9302826
0.086564,-2.4046474
0.086566,1.2938623
0.086568,2.6345725
0.08657,1.9411016
0.086572,1.1089368
0.086574,0.23054075
0.086576,-0.694087
0.086578,-1.5262513
0.08658,-2.3121846
0.086582,-3.0056553
0.086584,-3.5142004
0.086586,-3.8378198
0.086588,-3.976514
0.08659,-3.8840513
0.086591996,-3.5604317
0.086594,-3.098118
0.086596,-2.4508786
0.086598,-1.6649456
0.0866,-0.78654957
0.086602,0.13807821
0.086604,1.0164738
0.086606,1.8486385
0.086608,2.6345725
0.08661,3.23558
0.086612,3.6516623
0.086614,3.92905
0.086616,3.92905
0.086618,3.744125
0.08662,3.3742738
0.086622,2.8194976
0.086624,2.126027
0.086626,1.2938623
0.086628,0.4154663
0.08663,-0.5091615
0.086632,-1.387557
0.086634,-2.1734905
0.086636,-2.866961
0.086637996,-3.4217377
0.08664,-3.7915885
0.086642,-3.9302826
0.086644,-3.8840513
0.086646,-3.6528945
0.086648,-3.1905808
0.08665,-2.5433414
0.086652,-1.8036394
0.086654,-0.9252434
0.086656,-0.046847343
0.086658,0.87777996
0.08666,1.7099442
0.086662,2.4958777
0.086664,3.1431174
0.086666,3.605431
0.086668,3.8828197
0.08667,3.9752812
0.086672,3.8365874
0.086674,3.4667363
0.086676,2.9119601
0.086678,2.2647214
0.08668,1.4787879
0.086682,0.60039186
0.086684,-0.32423592
0.086686,-1.2488632
0.086688,-2.0347965
0.08669,-2.7744985
0.086692,-3.329275
0.086694,-3.745357
0.086696,-3.9302826
0.086698,-3.9302826
0.0867,-3.6991258
0.086702,-3.2830436
0.086704,-2.6820357
0.086706,-1.9423337
0.086708,-1.1101689
0.08671,-0.18554163
0.086712,0.7390857
0.086714,1.5712504
0.086715996,2.357184
0.086718,3.050654
0.08672,3.5591989
0.086722,3.8365874
0.086724,3.9752812
0.086726,3.8365874
0.086728,3.5591989
0.08673,3.050654
0.086732,2.357184
0.086734,1.5712504
0.086736,0.7390857
0.086738,-0.18554163
0.08674,-1.0639377
0.086742,-1.8961024
0.086744,-2.6358042
0.086746,-3.236812
0.086748,-3.6991258
0.08675,-3.9302826
0.086752,-3.9302826
0.086754,-3.745357
0.086756,-3.3755062
0.086758,-2.7744985
0.08676,-2.081028
0.086761996,-1.2488632
0.086764,-0.3704667
0.086766,0.5541601
0.086768,1.4787879
0.08677,2.2647214
0.086772,2.9581914
0.086774,3.4667363
0.086776,3.8365874
0.086778,3.9752812
0.08678,3.8828197
0.086782,3.605431
0.086784,3.1431174
0.086786,2.4958777
0.086788,1.756176
0.08679,0.87777996
0.086792,-6.160736E-4
0.086794,-0.9252434
0.086796,-1.7574081
0.086798,-2.5433414
0.0868,-3.1443493
0.086802,-3.6066632
0.086804,-3.8840513
0.086806,-3.9302826
0.086808,-3.7915885
0.08681,-3.4217377
0.086812,-2.9131925
0.086814,-2.2197218
0.086816,-1.387557
0.086818,-0.5091615
0.08682,0.4154663
0.086822,1.2938623
0.086824,2.126027
0.086826,2.8194976
0.086828,3.3742738
0.08683,3.7903562
0.086832,3.92905
0.086834,3.92905
0.086836,3.6516623
0.086838,3.23558
0.08684,2.6345725
0.086842,1.8948698
0.086844,1.0627055
0.086846,0.13807821
0.086848,-0.78654957
0.08685,-1.6187139
0.086852,-2.4046474
0.086854,-3.0518866
0.086856,-3.5604317
0.086858,-3.8840513
0.08686,-3.976514
0.086862,-3.8378198
0.086864,-3.5142004
0.086866,-3.0056553
0.086868,-2.3584158
0.08687,-1.5262513
0.086872,-0.694087
0.086874,0.23054075
0.086876,1.1551685
0.086878,1.9873328
0.08688,2.727035
0.086882,3.3280425
0.086884,3.6978936
0.086885996,3.92905
0.086888,3.92905
0.08689,3.744125
0.086892,3.3280425
0.086894,2.727035
0.086896,2.033564
0.086898,1.2013993
0.0869,0.3230033
0.086902,-0.601624
0.086904,-1.48002
0.086906,-2.2659533
0.086908,-2.9594238
0.08691,-3.467969
0.086912,-3.8378198
0.086914,-3.976514
0.086916,-3.8840513
0.086918,-3.6066632
0.08692,-3.098118
0.086922,-2.4508786
0.086924,-1.6649456
0.086926,-0.83278084
0.086928,0.091846466
0.08693,1.0164738
0.086932,1.8486385
0.086934,2.5883412
0.086936,3.1893477
0.086938,3.6516623
0.08694,3.92905
0.086942,3.92905
0.086944,3.7903562
0.086946,3.420505
0.086948,2.8657289
0.08695,2.126027
0.086952,1.3400936
0.086954,0.46169758
0.086956,-0.46292973
0.086958,-1.3413262
0.08696,-2.1272593
0.086962,-2.866961
0.086964,-3.4217377
0.086966,-3.7915885
0.086968,-3.9302826
0.08697,-3.8840513
0.086972,-3.6528945
0.086974,-3.1905808
0.086976,-2.589573
0.086978,-1.8036394
0.08698,-0.9714751
0.086982,-0.09307861
0.086984,-0.694087
0.086986,-1.7574081
0.086988,-2.4971101
0.08699,-3.1443493
0.086992,-3.6528945
0.086994,-3.9302826
0.086996,-4.022745
0.086998,-3.8840513
0.087,-3.5142004
0.087002,-3.0056553
0.087004,-2.3121846
0.087006,-1.5262513
0.087008,-0.6478553
0.087009996,0.27677202
0.087012,1.2013993
0.087014,1.9873328
0.087016,2.727035
0.087018,3.3280425
0.08702,3.6978936
0.087022,3.92905
0.087024,3.92905
0.087026,3.6978936
0.087028,3.2818112
0.08703,2.6808028
0.087032,1.9411016
0.087034,1.1551685
0.087036,0.23054075
0.087038,-0.694087
0.08704,-1.5262513
0.087042,-2.3121846
0.087044,-3.0056553
0.087046,-3.5142004
0.087048,-3.8378198
0.08705,-3.976514
0.087052,-3.8840513
0.087054,-3.5604317
0.087055996,-3.098118
0.087058,-2.4046474
0.08706,-1.6187139
0.087062,-0.78654957
0.087064,0.13807821
0.087066,1.0627055
0.087068,1.8948698
0.08707,2.6345725
0.087072,3.23558
0.087074,3.6978936
0.087076,3.92905
0.087078,3.92905
0.08708,3.744125
0.087082,3.3742738
0.087084,2.8194976
0.087086,2.0797954
0.087088,1.2938623
0.08709,0.4154663
0.087092,-0.5091615
0.087094,-1.387557
0.087096,-2.1734905
0.087098,-2.866961
0.0871,-3.4217377
0.087102,-3.7915885
0.087104,-3.9302826
0.087106,-3.8840513
0.087108,-3.6528945
0.08711,-3.1905808
0.087112,-2.5433414
0.087114,-1.7574081
0.087116,-0.9252434
0.087118,-6.160736E-4
0.08712,0.92401123
0.087122,1.756176
0.087124,2.4958777
0.087126,3.1431174
0.087128,3.605431
0.08713,3.8828197
0.087132,3.9752812
0.087133996,3.7903562
0.087136,3.4667363
0.087138,2.9119601
0.08714,2.2184901
0.087142,1.4325566
0.087144,0.5541601
0.087146,-0.3704667
0.087148,-1.2488632
0.08715,-2.0347965
0.087152,-2.7744985
0.087154,-3.3755062
0.087156,-3.745357
0.087158,-3.9302826
0.08716,-3.9302826
0.087162,-3.6991258
0.087164,-3.2830436
0.087166,-2.6820357
0.087168,-1.9423337
0.08717,-1.0639377
0.087172,-0.18554163
0.087174,0.7390857
0.087176,1.6174817
0.087178,2.4034152
0.087179996,3.050654
0.087182,3.5591989
0.087184,3.8365874
0.087186,3.9752812
0.087188,3.8365874
0.08719,3.5129685
0.087192,3.050654
0.087194,2.357184
0.087196,1.5712504
0.087198,0.7390857
0.0872,-0.18554163
0.087202,-1.1101689
0.087204,-1.8961024
0.087206,-2.6358042
0.087208,-3.2830436
0.08721,-3.6991258
0.087212,-3.9302826
0.087214,-3.9302826
0.087216,-3.745357
0.087218,-3.3755062
0.08722,-2.7744985
0.087222,-2.081028
0.087224,-1.2488632
0.087226,-0.32423592
0.087228,0.60039186
0.08723,1.4787879
0.087232,2.2647214
0.087234,2.9581914
0.087236,3.4667363
0.087238,3.8365874
0.08724,3.9752812
0.087242,3.8828197
0.087244,3.605431
0.087246,3.1431174
0.087248,2.4958777
0.08725,1.7099442
0.087252,0.87777996
0.087254,-0.046847343
0.087256,-0.9252434
0.087257996,-1.7574081
0.08726,-2.5433414
0.087262,-3.1905808
0.087264,-3.6528945
0.087266,-3.8840513
0.087268,-3.9302826
0.08727,-3.7915885
0.087272,-3.4217377
0.087274,-2.9131925
0.087276,-2.1734905
0.087278,-1.387557
0.08728,-0.5091615
0.087282,0.4154663
0.087284,1.3400936
0.087286,2.126027
0.087288,2.8194976
0.08729,3.420505
0.087292,3.7903562
0.087294,3.92905
0.087296,3.92905
0.087298,3.6516623
0.0873,3.23558
0.087302,2.5883412
0.087303996,1.8486385
0.087306,1.0164738
0.087308,0.13807821
0.08731,-0.78654957
0.087312,-1.6187139
0.087314,-2.4046474
0.087316,-3.0518866
0.087318,-3.5604317
0.08732,-3.8840513
0.087322,-3.976514
0.087324,-3.8378198
0.087326,-3.5142004
0.087328,-3.0056553
0.08733,-2.3121846
0.087332,-1.5262513
0.087334,-0.6478553
0.087336,0.27677202
0.087338,1.1551685
0.08734,1.9873328
0.087342,2.727035
0.087344,3.3280425
0.087346,3.6978936
0.087348,3.92905
0.08735,3.92905
0.087352,3.744125
0.087354,3.3280425
0.087356,2.727035
0.087358,1.9873328
0.08736,1.2013993
0.087362,0.27677202
0.087364,-0.6478553
0.087366,-1.48002
0.087368,-2.2659533
0.08737,-2.9594238
0.087372,-3.5142004
0.087374,-3.8378198
0.087376,-3.976514
0.087378,-3.8840513
0.08738,-3.5604317
0.087381996,-3.098118
0.087384,-2.4508786
0.087386,-1.6649456
0.087388,-0.83278084
0.08739,0.091846466
0.087392,1.0164738
0.087394,1.8486385
0.087396,2.5883412
0.087398,3.23558
0.0874,3.6516623
0.087402,3.92905
0.087404,2.7732663
0.087406,-0.6478553
0.087408,-3.1905808
0.08741,-2.8207297
0.087412,-2.1272593
0.087414,-1.3413262
0.087416,-0.41669846
0.087418,0.50792885
0.08742,1.3863249
0.087422,2.172258
0.087424,2.8657289
0.087426,3.420505
0.087427996,3.7903562
0.08743,3.9752812
0.087432,3.8828197
0.087434,3.6516623
0.087436,3.1893477
0.087438,2.542109
0.08744,1.8024073
0.087442,0.970243
0.087444,0.045615196
0.087446,-0.83278084
0.087448,-1.7111769
0.08745,-2.4508786
0.087452,-3.098118
0.087454,-3.6066632
0.087456,-3.8840513
0.087458,-3.976514
0.08746,-3.8378198
0.087462,-3.467969
0.087464,-2.9594238
0.087466,-2.2659533
0.087468,-1.48002
0.08747,-0.601624
0.087472,0.3230033
0.087474,1.2476311
0.087476,2.033564
0.087478,2.7732663
0.08748,3.3280425
0.087482,3.744125
0.087484,3.92905
0.087486,3.92905
0.087488,3.6978936
0.08749,3.2818112
0.087492,2.6808028
0.087494,1.9411016
0.087496,1.1089368
0.087498,0.23054075
0.0875,-0.694087
0.087502,-1.5262513
0.087504,-2.3584158
0.087505996,-3.0056553
0.087508,-3.5142004
0.08751,-3.8378198
0.087512,-3.976514
0.087514,-3.8378198
0.087516,-3.5604317
0.087518,-3.0518866
0.08752,-2.4046474
0.087522,-1.6187139
0.087524,-0.7403178
0.087526,0.184309
0.087528,1.0627055
0.08753,1.8948698
0.087532,2.6345725
0.087534,3.2818112
0.087536,3.6978936
0.087538,3.92905
0.08754,3.92905
0.087542,3.744125
0.087544,3.3742738
0.087546,2.7732663
0.087548,2.0797954
0.08755,1.2938623
0.087551996,0.36923456
0.087554,-0.55539227
0.087556,-1.4337888
0.087558,-2.2197218
0.08756,-2.9131925
0.087562,-3.467969
0.087564,-3.7915885
0.087566,-3.9302826
0.087568,-3.8840513
0.08757,-3.6066632
0.087572,-3.1443493
0.087574,-2.5433414
0.087576,-1.7574081
0.087578,-0.9252434
0.08758,-6.160736E-4
0.087582,0.92401123
0.087584,1.756176
0.087586,2.542109
0.087588,3.1431174
0.08759,3.605431
0.087592,3.8828197
0.087594,3.9752812
0.087596,3.7903562
0.087598,3.4667363
0.0876,2.9119601
0.087602,2.2184901
0.087604,1.4325566
0.087606,0.5541601
0.087608,-0.3704667
0.08761,-1.2950945
0.087612,-2.081028
0.087614,-2.7744985
0.087616,-3.3755062
0.087618,-3.745357
0.08762,-3.9302826
0.087622,-3.9302826
0.087624,-3.6991258
0.087626,-3.236812
0.087628,-2.6358042
0.087629996,-1.8961024
0.087632,-1.0639377
0.087634,-0.13931036
0.087636,0.7853174
0.087638,1.6174817
0.08764,2.4034152
0.087642,3.050654
0.087644,3.5591989
0.087646,3.8828197
0.087648,3.9752812
0.08765,3.8365874
0.087652,3.5129685
0.087654,3.0044227
0.087656,2.357184
0.087658,1.5250192
0.08766,0.6928544
0.087662,-0.2317729
0.087664,-1.1101689
0.087666,-1.9423337
0.087668,-2.6820357
0.08767,-3.2830436
0.087672,-3.6991258
0.087674,-3.9302826
0.087675996,-3.9302826
0.087678,-3.745357
0.08768,-3.329275
0.087682,-2.7744985
0.087684,-2.0347965
0.087686,-1.202632
0.087688,-0.32423592
0.08769,0.60039186
0.087692,1.4787879
0.087694,2.2647214
0.087696,2.9581914
0.087698,3.4667363
0.0877,3.8365874
0.087702,3.9752812
0.087704,3.8828197
0.087706,3.605431
0.087708,3.0968862
0.08771,2.4496465
0.087712,1.7099442
0.087714,0.8315482
0.087716,-0.046847343
0.087718,-0.9714751
0.08772,-1.8036394
0.087722,-2.5433414
0.087724,-3.1905808
0.087726,-3.6528945
0.087728,-3.8840513
0.08773,-3.9302826
0.087732,-3.7915885
0.087734,-3.4217377
0.087736,-2.866961
0.087738,-2.1734905
0.08774,-1.387557
0.087742,-0.46292973
0.087744,0.46169758
0.087746,1.3400936
0.087748,2.126027
0.08775,2.8657289
0.087752,3.420505
0.087753996,3.7903562
0.087756,3.92905
0.087758,3.8828197
0.08776,3.6516623
0.087762,3.1893477
0.087764,2.5883412
0.087766,1.8486385
0.087768,1.0164738
0.08777,0.091846466
0.087772,-0.83278084
0.087774,-1.6649456
0.087776,-2.4508786
0.087778,-3.098118
0.08778,-3.5604317
0.087782,-3.8840513
0.087784,-3.976514
0.087786,-3.8378198
0.087788,-3.5142004
0.08779,-3.0056553
0.087792,-2.3121846
0.087794,-1.48002
0.087796,-0.6478553
0.087798,0.27677202
0.087799996,1.2013993
0.087802,1.9873328
0.087804,2.727035
0.087806,3.3280425
0.087808,3.744125
0.08781,3.92905
0.087812,3.92905
0.087814,3.6978936
0.087816,3.2818112
0.087818,2.727035
0.08782,1.9873328
0.087822,1.1551685
0.087824,0.13807821
0.087826,0.7390857
0.087828,1.6174817
0.08783,2.4034152
0.087832,3.050654
0.087834,3.5591989
0.087836,3.8828197
0.087838,4.0215135
0.08784,3.92905
0.087842,3.605431
0.087844,3.0968862
0.087846,2.4496465
0.087848,1.6637135
0.08785,0.8315482
0.087852,-0.09307861
0.087854,-1.0177064
0.087856,-1.8036394
0.087858,-2.589573
0.08786,-3.1905808
0.087862,-3.6528945
0.087864,-3.8840513
0.087866,-3.9302826
0.087868,-3.745357
0.08787,-3.3755062
0.087872,-2.8207297
0.087874,-2.1272593
0.087876,-1.2950945
0.087877996,-0.41669846
0.08788,0.50792885
0.087882,1.4325566
0.087884,2.2184901
0.087886,2.9119601
0.087888,3.4667363
0.08789,3.7903562
0.087892,3.9752812
0.087894,3.8828197
0.087896,3.6516623
0.087898,3.1893477
0.0879,2.542109
0.087902,1.8024073
0.087904,0.970243
0.087906,0.045615196
0.087908,-0.8790121
0.08791,-1.7111769
0.087912,-2.4971101
0.087914,-3.1443493
0.087916,-3.6066632
0.087918,-3.8840513
0.08792,-3.976514
0.087922,-3.8378198
0.087923996,-3.467969
0.087926,-2.9594238
0.087928,-2.2659533
0.08793,-1.48002
0.087932,-0.55539227
0.087934,0.36923456
0.087936,1.2476311
0.087938,2.0797954
0.08794,2.7732663
0.087942,3.3742738
0.087944,3.744125
0.087946,3.92905
0.087948,3.92905
0.08795,3.6978936
0.087952,3.2818112
0.087954,2.6808028
0.087956,1.9411016
0.087958,1.1089368
0.08796,0.184309
0.087962,-0.694087
0.087964,-1.5724826
0.087966,-2.3584158
0.087968,-3.0056553
0.08797,-3.5142004
0.087972,-3.8378198
0.087974,-3.976514
0.087976,-3.8378198
0.087978,-3.5604317
0.08798,-3.0518866
0.087982,-2.4046474
0.087984,-1.5724826
0.087986,-0.7403178
0.087988,0.184309
0.08799,1.1089368
0.087992,1.9411016
0.087994,2.6808028
0.087996,3.2818112
0.087998,3.6978936
0.088,3.92905
0.088002,3.92905
0.088004,3.744125
0.088006,3.3742738
0.088008,2.7732663
0.08801,2.0797954
0.088012,1.2476311
0.088014,0.36923456
0.088016,-0.55539227
0.088018,-1.4337888
0.08802,-2.2197218
0.088022,-2.9131925
0.088024,-3.467969
0.088026,-3.7915885
0.088028,-3.976514
0.08803,-3.8840513
0.088032,-3.6066632
0.088034,-3.1443493
0.088036,-2.4971101
0.088038,-1.7574081
0.08804,-0.8790121
0.088042,0.045615196
0.088044,0.92401123
0.088046,1.8024073
0.088047996,2.542109
0.08805,3.1893477
0.088052,3.6516623
0.088054,3.8828197
0.088056,3.9752812
0.088058,3.7903562
0.08806,3.420505
0.088062,2.9119601
0.088064,2.2184901
0.088066,1.3863249
0.088068,0.50792885
0.08807,-0.41669846
0.088072,-1.2950945
0.088074,-2.081028
0.088076,-2.8207297
0.088078,-3.3755062
0.08808,-3.745357
0.088082,-3.9302826
0.088084,-3.9302826
0.088086,-3.6991258
0.088088,-3.236812
0.08809,-2.6358042
0.088092,-1.8961024
0.088094,-1.0639377
0.088096,-0.13931036
0.088098,0.7853174
0.0881,1.6174817
0.088102,2.4034152
0.088104,3.0968862
0.088106,3.5591989
0.088108,3.8828197
0.08811,3.9752812
0.088112,3.8365874
0.088114,3.5129685
0.088116,3.0044227
0.088118,2.3109517
0.08812,1.5250192
0.088122,0.6928544
0.088124,-0.2317729
0.088126,-1.1564007
0.088128,-1.9423337
0.08813,-2.6820357
0.088132,-3.2830436
0.088134,-3.6991258
0.088136,-3.9302826
0.088138,-3.9302826
0.08814,-3.745357
0.088142,-3.329275
0.088144,-2.7744985
0.088146,-2.0347965
0.088148,-1.202632
0.08815,-0.27800417
0.088152,0.64662313
0.088154,1.4787879
0.088156,2.3109517
0.088158,2.9581914
0.08816,3.5129685
0.088162,3.8365874
0.088164,3.9752812
0.088166,3.8828197
0.088168,3.605431
0.08817,3.0968862
0.088171996,2.4496465
0.088174,1.6637135
0.088176,0.8315482
0.088178,-0.09307861
0.08818,-0.9714751
0.088182,-1.8036394
0.088184,-2.589573
0.088186,-3.1905808
0.088188,-3.6528945
0.08819,-3.8840513
0.088192,-3.9302826
0.088194,-3.7915885
0.088196,-3.4217377
0.088198,-2.866961
0.0882,-2.1734905
0.088202,-1.3413262
0.088204,-0.46292973
0.088206,0.46169758
0.088208,1.3863249
0.08821,2.172258
0.088212,2.8657289
0.088214,3.420505
0.088216,3.7903562
0.088217996,3.92905
0.08822,3.8828197
0.088222,3.6516623
0.088224,3.1893477
0.088226,2.5883412
0.088228,1.8024073
0.08823,0.970243
0.088232,0.091846466
0.088234,-0.83278084
0.088236,-1.6649456
0.088238,-2.4508786
0.08824,-3.098118
0.088242,-3.6066632
0.088244,-3.3755062
0.088246,-6.160736E-4
0.088248,3.420505
0.08825,3.4667363
0.088252,2.9581914
0.088254,2.2647214
0.088256,1.4787879
0.088258,0.60039186
0.08826,-0.27800417
0.088262,-1.202632
0.088264,-1.9885652
0.088266,-2.728267
0.088268,-3.329275
0.08827,-3.745357
0.088272,-3.9302826
0.088274,-3.9302826
0.088276,-3.6991258
0.088278,-3.2830436
0.08828,-2.6820357
0.088282,-1.9423337
0.088284,-1.1564007
0.088286,-0.2317729
0.088288,0.6928544
0.08829,1.5712504
0.088292,2.357184
0.088294,3.0044227
0.088295996,3.5129685
0.088298,3.8365874
0.0883,3.9752812
0.088302,3.8828197
0.088304,3.5591989
0.088306,3.050654
0.088308,2.4034152
0.08831,1.6174817
0.088312,0.7853174
0.088314,-0.13931036
0.088316,-1.0639377
0.088318,-1.8498712
0.08832,-2.6358042
0.088322,-3.236812
0.088324,-3.6528945
0.088326,-3.9302826
0.088328,-3.9302826
0.08833,-3.745357
0.088332,-3.3755062
0.088334,-2.8207297
0.088336,-2.081028
0.088338,-1.2950945
0.08834,-0.3704667
0.088341996,0.5541601
0.088344,1.4325566
0.088346,2.2184901
0.088348,2.9119601
0.08835,3.4667363
0.088352,3.7903562
0.088354,3.9752812
0.088356,3.8828197
0.088358,3.605431
0.08836,3.1431174
0.088362,2.542109
0.088364,1.756176
0.088366,0.92401123
0.088368,-6.160736E-4
0.08837,-0.8790121
0.088372,-1.7111769
0.088374,-2.4971101
0.088376,-3.1443493
0.088378,-3.6066632
0.08838,-3.8840513
0.088382,-3.9302826
0.088384,-3.7915885
0.088386,-3.467969
0.088388,-2.9131925
0.08839,-2.2197218
0.088392,-1.4337888
0.088394,-0.55539227
0.088396,0.36923456
0.088398,1.2938623
0.0884,2.0797954
0.088402,2.8194976
0.088404,3.3742738
0.088406,3.744125
0.088408,3.92905
0.08841,3.92905
0.088412,3.6978936
0.088414,3.23558
0.088416,2.6345725
0.088418,1.8948698
0.088419996,1.0627055
0.088422,0.184309
0.088424,-0.7403178
0.088426,-1.5724826
0.088428,-2.3584158
0.08843,-3.0518866
0.088432,-3.5604317
0.088434,-3.8378198
0.088436,-3.976514
0.088438,-3.8378198
0.08844,-3.5142004
0.088442,-3.0518866
0.088444,-2.3584158
0.088446,-1.5724826
0.088448,-0.694087
0.08845,0.23054075
0.088452,1.1089368
0.088454,1.9411016
0.088456,2.6808028
0.088458,3.2818112
0.08846,3.6978936
0.088462,3.92905
0.088464,3.92905
0.088465996,3.744125
0.088468,3.3280425
0.08847,2.7732663
0.088472,2.033564
0.088474,1.2476311
0.088476,0.3230033
0.088478,-0.601624
0.08848,-1.48002
0.088482,-2.2197218
0.088484,-2.9131925
0.088486,-3.467969
0.088488,-3.7915885
0.08849,-3.9302826
0.088492,-3.8840513
0.088494,-3.6066632
0.088496,-3.1443493
0.088498,-2.4971101
0.0885,-1.7111769
0.088502,-0.8790121
0.088504,0.045615196
0.088506,0.970243
0.088508,1.8024073
0.08851,2.5883412
0.088512,3.1893477
0.088514,3.6516623
0.088516,3.8828197
0.088518,3.92905
0.08852,3.7903562
0.088522,3.420505
0.088524,2.8657289
0.088526,2.172258
0.088528,1.3863249
0.08853,0.50792885
0.088532,-0.41669846
0.088534,-1.2950945
0.088536,-2.1272593
0.088538,-2.8207297
0.08854,-3.3755062
0.088542,-3.7915885
0.088543996,-3.9302826
0.088546,-3.9302826
0.088548,-3.6528945
0.08855,-3.236812
0.088552,-2.6358042
0.088554,-1.8498712
0.088556,-1.0177064
0.088558,-0.09307861
0.08856,0.8315482
0.088562,1.6637135
0.088564,2.4496465
0.088566,3.0968862
0.088568,3.5591989
0.08857,3.8828197
0.088572,3.9752812
0.088574,3.8365874
0.088576,3.5129685
0.088578,3.0044227
0.08858,2.3109517
0.088582,1.5250192
0.088584,0.64662313
0.088586,-0.27800417
0.088588,-1.1564007
0.088589996,-1.9885652
0.088592,-2.728267
0.088594,-3.2830436
0.088596,-3.6991258
0.088598,-3.9302826
0.0886,-3.9302826
0.088602,-3.745357
0.088604,-3.329275
0.088606,-2.728267
0.088608,-1.9885652
0.08861,-1.1564007
0.088612,-0.27800417
0.088614,0.64662313
0.088616,1.5250192
0.088618,2.3109517
0.08862,3.0044227
0.088622,3.5129685
0.088624,3.8365874
0.088626,3.9752812
0.088628,3.8828197
0.08863,3.5591989
0.088632,3.0968862
0.088634,2.4496465
0.088636,1.6637135
0.088638,0.8315482
0.08864,-0.09307861
0.088642,-1.0177064
0.088644,-1.8498712
0.088646,-2.589573
0.088648,-3.1905808
0.08865,-3.6528945
0.088652,-3.9302826
0.088654,-3.9302826
0.088656,-3.7915885
0.088658,-3.4217377
0.08866,-2.866961
0.088662,-2.1272593
0.088664,-1.1101689
0.088666,0.27677202
0.088667996,-0.55539227
0.08867,-1.4337888
0.088672,-2.2197218
0.088674,-2.9131925
0.088676,-3.467969
0.088678,-3.8378198
0.08868,-3.976514
0.088682,-3.9302826
0.088684,-3.6991258
0.088686,-3.236812
0.088688,-2.589573
0.08869,-1.8498712
0.088692,-1.0177064
0.088694,-0.09307861
0.088696,0.8315482
0.088698,1.7099442
0.0887,2.4496465
0.088702,3.0968862
0.088704,3.605431
0.088706,3.8828197
0.088708,3.92905
0.08871,3.7903562
0.088712,3.4667363
0.088713996,2.9581914
0.088716,2.2647214
0.088718,1.4787879
0.08872,0.60039186
0.088722,-0.32423592
0.088724,-1.202632
0.088726,-2.0347965
0.088728,-2.7744985
0.08873,-3.329275
0.088732,-3.745357
0.088734,-3.9302826
0.088736,-3.9302826
0.088738,-3.6991258
0.08874,-3.2830436
0.088742,-2.6820357
0.088744,-1.9423337
0.088746,-1.1101689
0.088748,-0.2317729
0.08875,0.6928544
0.088752,1.5712504
0.088754,2.357184
0.088756,3.0044227
0.088758,3.5129685
0.08876,3.8365874
0.088762,3.9752812
0.088764,3.8828197
0.088766,3.5591989
0.088768,3.050654
0.08877,2.4034152
0.088772,1.6174817
0.088774,0.7390857
0.088776,-0.13931036
0.088778,-1.0639377
0.08878,-1.8961024
0.088782,-2.6358042
0.088784,-3.236812
0.088786,-3.6991258
0.088788,-3.9302826
0.08879,-3.9302826
0.088791996,-3.745357
0.088794,-3.3755062
0.088796,-2.8207297
0.088798,-2.081028
0.0888,-1.2488632
0.088802,-0.3704667
0.088804,0.5541601
0.088806,1.4325566
0.088808,2.2184901
0.08881,2.9119601
0.088812,3.4667363
0.088814,3.7903562
0.088816,3.9752812
0.088818,3.8828197
0.08882,3.605431
0.088822,3.1431174
0.088824,2.542109
0.088826,1.756176
0.088828,0.92401123
0.08883,-6.160736E-4
0.088832,-0.9252434
0.088834,-1.7574081
0.088836,-2.4971101
0.088837996,-3.1443493
0.08884,-3.6066632
0.088842,-3.8840513
0.088844,-3.9302826
0.088846,-3.7915885
0.088848,-3.467969
0.08885,-2.9131925
0.088852,-2.2197218
0.088854,-1.4337888
0.088856,-0.5091615
0.088858,0.4154663
0.08886,1.2938623
0.088862,2.0797954
0.088864,2.8194976
0.088866,3.3742738
0.088868,3.744125
0.08887,3.92905
0.088872,3.92905
0.088874,3.6978936
0.088876,3.23558
0.088878,2.6345725
0.08888,1.8948698
0.088882,1.0627055
0.088884,0.184309
0.088886,-0.7403178
0.088888,-1.6187139
0.08889,-2.4046474
0.088892,-3.0518866
0.088894,-3.5604317
0.088896,-3.8378198
0.088898,-3.976514
0.0889,-3.8378198
0.088902,-3.5142004
0.088904,-3.0056553
0.088906,-2.3584158
0.088908,-1.5724826
0.08891,-0.694087
0.088912,0.23054075
0.088914,1.1551685
0.088915996,1.9411016
0.088918,2.6808028
0.08892,3.2818112
0.088922,3.6978936
0.088924,3.92905
0.088926,3.92905
0.088928,3.744125
0.08893,3.3280425
0.088932,2.7732663
0.088934,2.033564
0.088936,1.2013993
0.088938,0.3230033
0.08894,-0.601624
0.088942,-1.48002
0.088944,-2.2659533
0.088946,-2.9594238
0.088948,-3.467969
0.08895,-3.8378198
0.088952,-3.976514
0.088954,-3.8840513
0.088956,-3.6066632
0.088958,-3.1443493
0.08896,-2.4971101
0.088961996,-1.7111769
0.088964,-0.83278084
0.088966,0.091846466
0.088968,0.970243
0.08897,1.8024073
0.088972,2.5883412
0.088974,3.1893477
0.088976,3.6516623
0.088978,3.92905
0.08898,3.9752812
0.088982,3.7903562
0.088984,3.420505
0.088986,2.8657289
0.088988,2.172258
0.08899,1.3863249
0.088992,0.46169758
0.088994,-0.46292973
0.088996,-1.3413262
0.088998,-2.1272593
0.089,-2.8207297
0.089002,-3.4217377
0.089004,-3.7915885
0.089006,-3.9302826
0.089008,-3.8840513
0.08901,-3.6528945
0.089012,-3.236812
0.089014,-2.589573
0.089016,-1.8498712
0.089018,-1.0177064
0.08902,-0.09307861
0.089022,0.8315482
0.089024,1.6637135
0.089026,2.4496465
0.089028,3.0968862
0.08903,3.605431
0.089032,3.8828197
0.089034,3.9752812
0.089036,3.8365874
0.089038,3.5129685
0.089039996,2.9581914
0.089042,2.3109517
0.089044,1.4787879
0.089046,0.64662313
0.089048,-0.27800417
0.08905,-1.202632
0.089052,-1.9885652
0.089054,-2.728267
0.089056,-3.329275
0.089058,-3.6991258
0.08906,-3.9302826
0.089062,-3.9302826
0.089064,-3.6991258
0.089066,-3.329275
0.089068,-2.728267
0.08907,-1.9885652
0.089072,-1.1564007
0.089074,-0.2317729
0.089076,0.6928544
0.089078,1.5250192
0.08908,2.3109517
0.089082,3.0044227
0.089084,3.4667363
0.089085996,0.13807821
0.089088,-3.1443493
0.08909,-3.8840513
0.089092,-3.6066632
0.089094,-3.098118
0.089096,-2.4508786
0.089098,-1.6649456
0.0891,-0.78654957
0.089102,0.13807821
0.089104,1.0164738
0.089106,1.8486385
0.089108,2.6345725
0.08911,3.23558
0.089112,3.6516623
0.089114,3.92905
0.089116,3.92905
0.089118,3.744125
0.08912,3.3742738
0.089122,2.8194976
0.089124,2.0797954
0.089126,1.2938623
0.089128,0.4154663
0.08913,-0.5091615
0.089132,-1.387557
0.089134,-2.1734905
0.089136,-2.866961
0.089138,-3.4217377
0.08914,-3.7915885
0.089142,-3.976514
0.089144,-3.8840513
0.089146,-3.6528945
0.089148,-3.1905808
0.08915,-2.5433414
0.089152,-1.8036394
0.089154,-0.9252434
0.089156,-0.046847343
0.089158,0.87777996
0.08916,1.7099442
0.089162,2.4958777
0.089164,3.1431174
0.089166,3.605431
0.089168,3.8828197
0.08917,3.9752812
0.089172,3.7903562
0.089174,3.4667363
0.089176,2.9119601
0.089178,2.2184901
0.08918,1.4787879
0.089182,0.5541601
0.089184,-0.32423592
0.089186,-1.2488632
0.089188,-2.0347965
0.08919,-2.7744985
0.089192,-3.329275
0.089194,-3.745357
0.089196,-3.9302826
0.089198,-3.9302826
0.0892,-3.6991258
0.089202,-3.2830436
0.089204,-2.6820357
0.089206,-1.9423337
0.089208,-1.1101689
0.089209996,-0.18554163
0.089212,0.7390857
0.089214,1.5712504
0.089216,2.357184
0.089218,3.050654
0.08922,3.5591989
0.089222,3.8365874
0.089224,3.9752812
0.089226,3.8365874
0.089228,3.5591989
0.08923,3.050654
0.089232,2.357184
0.089234,1.5712504
0.089236,0.7390857
0.089238,-0.18554163
0.08924,-1.1101689
0.089242,-1.8961024
0.089244,-2.6358042
0.089246,-3.2830436
0.089248,-3.6991258
0.08925,-3.9302826
0.089252,-3.9302826
0.089254,-3.745357
0.089256,-3.3755062
0.089258,-2.7744985
0.08926,-2.081028
0.089262,-1.2488632
0.089264,-0.3704667
0.089266,0.5541601
0.089268,1.4787879
0.08927,2.2647214
0.089272,2.9581914
0.089274,3.4667363
0.089276,3.8365874
0.089278,3.9752812
0.08928,3.8828197
0.089282,3.605431
0.089284,3.1431174
0.089286,2.4958777
0.089288,1.7099442
0.08929,0.87777996
0.089292,-0.046847343
0.089294,-0.9252434
0.089296,-1.7574081
0.089298,-2.5433414
0.0893,-3.1443493
0.089302,-3.6528945
0.089304,-3.8840513
0.089306,-3.9302826
0.089308,-3.7915885
0.08931,-3.4217377
0.089312,-2.9131925
0.089314,-2.2197218
0.089316,-1.387557
0.089318,-0.5091615
0.08932,0.4154663
0.089322,1.2938623
0.089324,2.126027
0.089326,2.8194976
0.089328,3.3742738
0.08933,3.7903562
0.089332,3.92905
0.089333996,3.92905
0.089336,3.6516623
0.089338,3.23558
0.08934,2.6345725
0.089342,1.8486385
0.089344,1.0627055
0.089346,0.13807821
0.089348,-0.78654957
0.08935,-1.6187139
0.089352,-2.4046474
0.089354,-3.0518866
0.089356,-3.5604317
0.089358,-3.8840513
0.08936,-3.976514
0.089362,-3.8378198
0.089364,-3.5142004
0.089366,-3.0056553
0.089368,-2.3121846
0.08937,-1.5262513
0.089372,-0.6478553
0.089374,0.27677202
0.089376,1.1551685
0.089378,1.9873328
0.089379996,2.727035
0.089382,3.3280425
0.089384,3.6978936
0.089386,3.92905
0.089388,3.92905
0.08939,3.744125
0.089392,3.3280425
0.089394,2.727035
0.089396,1.9873328
0.089398,1.2013993
0.0894,0.27677202
0.089402,-0.601624
0.089404,-1.48002
0.089406,-2.2659533
0.089408,-2.9594238
0.08941,-3.467969
0.089412,-3.8378198
0.089414,-3.976514
0.089416,-3.8840513
0.089418,-3.6066632
0.08942,-3.098118
0.089422,-2.4508786
0.089424,-1.6649456
0.089426,-0.83278084
0.089428,0.091846466
0.08943,1.0164738
0.089432,1.8486385
0.089434,2.5883412
0.089436,3.23558
0.089438,3.6516623
0.08944,3.92905
0.089442,3.92905
0.089444,3.7903562
0.089446,3.420505
0.089448,2.8657289
0.08945,2.126027
0.089452,1.3400936
0.089454,0.46169758
0.089456,-0.46292973
0.089457996,-1.3413262
0.08946,-2.1272593
0.089462,-2.866961
0.089464,-3.4217377
0.089466,-3.7915885
0.089468,-3.9302826
0.08947,-3.8840513
0.089472,-3.6528945
0.089474,-3.1905808
0.089476,-2.589573
0.089478,-1.8036394
0.08948,-0.9714751
0.089482,-0.046847343
0.089484,0.8315482
0.089486,1.7099442
0.089488,2.4958777
0.08949,3.1431174
0.089492,3.605431
0.089494,3.8828197
0.089496,3.9752812
0.089498,3.8365874
0.0895,3.4667363
0.089502,2.9581914
0.089503996,2.357184
0.089506,-0.7403178
0.089508,-0.5091615
0.08951,0.36923456
0.089512,1.2938623
0.089514,2.0797954
0.089516,2.8194976
0.089518,3.3742738
0.08952,3.7903562
0.089522,3.9752812
0.089524,3.9752812
0.089526,3.744125
0.089528,3.3280425
0.08953,2.727035
0.089532,1.9873328
0.089534,1.1551685
0.089536,0.27677202
0.089538,-0.6478553
0.08954,-1.5262513
0.089542,-2.3121846
0.089544,-2.9594238
0.089546,-3.5142004
0.089548,-3.8378198
0.08955,-3.9302826
0.089552,-3.8378198
0.089554,-3.5604317
0.089556,-3.0518866
0.089558,-2.4046474
0.08956,-1.6187139
0.089562,-0.7403178
0.089564,0.184309
0.089566,1.0627055
0.089568,1.8948698
0.08957,2.6345725
0.089572,3.23558
0.089574,3.6978936
0.089576,3.92905
0.089578,3.92905
0.08958,3.744125
0.089581996,3.3742738
0.089584,2.8194976
0.089586,2.0797954
0.089588,1.2938623
0.08959,0.4154663
0.089592,-0.5091615
0.089594,-1.387557
0.089596,-2.1734905
0.089598,-2.9131925
0.0896,-3.4217377
0.089602,-3.7915885
0.089604,-3.9302826
0.089606,-3.8840513
0.089608,-3.6066632
0.08961,-3.1905808
0.089612,-2.5433414
0.089614,-1.7574081
0.089616,-0.9252434
0.089618,-6.160736E-4
0.08962,0.92401123
0.089622,1.756176
0.089624,2.4958777
0.089626,3.1431174
0.089627996,3.605431
0.08963,3.8828197
0.089632,3.9752812
0.089634,3.7903562
0.089636,3.4667363
0.089638,2.9119601
0.08964,2.2184901
0.089642,1.4325566
0.089644,0.5541601
0.089646,-0.3704667
0.089648,-1.2488632
0.08965,-2.0347965
0.089652,-2.7744985
0.089654,-3.3755062
0.089656,-3.745357
0.089658,-3.9302826
0.08966,-3.9302826
0.089662,-3.6991258
0.089664,-3.2830436
0.089666,-2.6820357
0.089668,-1.8961024
0.08967,-1.0639377
0.089672,-0.18554163
0.089674,0.7390857
0.089676,1.6174817
0.089678,2.4034152
0.08968,3.050654
0.089682,3.5591989
0.089684,3.8365874
0.089686,3.9752812
0.089688,3.8365874
0.08969,3.5129685
0.089692,3.0044227
0.089694,2.357184
0.089696,1.5712504
0.089698,0.6928544
0.0897,-0.18554163
0.089702,-1.1101689
0.089704,-1.9423337
0.089705996,-2.6820357
0.089708,-3.2830436
0.08971,-3.6991258
0.089712,-3.9302826
0.089714,-3.9302826
0.089716,-3.745357
0.089718,-3.329275
0.08972,-2.7744985
0.089722,-2.0347965
0.089724,-1.2488632
0.089726,-0.32423592
0.089728,0.60039186
0.08973,1.4787879
0.089732,2.2647214
0.089734,2.9581914
0.089736,3.4667363
0.089738,3.8365874
0.08974,3.9752812
0.089742,3.8828197
0.089744,3.605431
0.089746,3.1431174
0.089748,2.4958777
0.08975,1.7099442
0.089751996,0.87777996
0.089754,-0.046847343
0.089756,-0.9252434
0.089758,-1.7574081
0.08976,-2.5433414
0.089762,-3.1905808
0.089764,-3.6528945
0.089766,-3.8840513
0.089768,-3.9302826
0.08977,-3.7915885
0.089772,-3.4217377
0.089774,-2.9131925
0.089776,-2.1734905
0.089778,-1.387557
0.08978,-0.5091615
0.089782,0.4154663
0.089784,1.3400936
0.089786,2.126027
0.089788,2.8194976
0.08979,3.420505
0.089792,3.7903562
0.089794,3.92905
0.089796,3.92905
0.089798,3.6516623
0.0898,3.23558
0.089802,2.5883412
0.089804,1.8486385
0.089806,1.0164738
0.089808,0.13807821
0.08981,-0.78654957
0.089812,-1.6187139
0.089814,-2.4046474
0.089816,-3.098118
0.089818,-3.5604317
0.08982,-3.8840513
0.089822,-3.976514
0.089824,-3.8378198
0.089826,-3.5142004
0.089828,-3.0056553
0.089829996,-2.3121846
0.089832,-1.5262513
0.089834,-0.6478553
0.089836,0.27677202
0.089838,1.1551685
0.08984,1.9873328
0.089842,2.727035
0.089844,3.3280425
0.089846,3.744125
0.089848,3.92905
0.08985,3.92905
0.089852,3.744125
0.089854,3.3280425
0.089856,2.727035
0.089858,1.9873328
0.08986,1.2013993
0.089862,0.27677202
0.089864,-0.6478553
0.089866,-1.48002
0.089868,-2.2659533
0.08987,-2.9594238
0.089872,-3.5142004
0.089874,-3.8378198
0.089875996,-3.976514
0.089878,-3.8840513
0.08988,-3.5604317
0.089882,-3.098118
0.089884,-2.4508786
0.089886,-1.6649456
0.089888,-0.78654957
0.08989,0.091846466
0.089892,1.0164738
0.089894,1.8486385
0.089896,2.5883412
0.089898,3.23558
0.0899,3.6516623
0.089902,3.92905
0.089904,3.92905
0.089906,3.7903562
0.089908,3.420505
0.08991,2.8194976
0.089912,2.126027
0.089914,1.3400936
0.089916,0.46169758
0.089918,-0.46292973
0.08992,-1.387557
0.089922,-2.1734905
0.089924,-2.866961
0.089926,-0.3704667
0.089928,3.2818112
0.08993,3.9752812
0.089932,3.92905
0.089934,3.6516623
0.089936,3.23558
0.089938,2.5883412
0.08994,1.8024073
0.089942,0.970243
0.089944,0.091846466
0.089946,-0.83278084
0.089948,-1.6649456
0.08995,-2.4508786
0.089952,-3.098118
0.089953996,-3.5604317
0.089956,-3.8840513
0.089958,-3.9302826
0.08996,-3.7915885
0.089962,-3.467969
0.089964,-2.9594238
0.089966,-2.2659533
0.089968,-1.48002
0.08997,-0.55539227
0.089972,0.36923456
0.089974,1.2476311
0.089976,2.0797954
0.089978,2.7732663
0.08998,3.3742738
0.089982,3.744125
0.089984,3.92905
0.089986,3.92905
0.089988,3.6978936
0.08999,3.2818112
0.089992,2.6808028
0.089994,1.9411016
0.089996,1.1089368
0.089998,0.23054075
0.089999996,-0.694087
0.090002,-1.5262513
0.090004,-2.3584158
0.090006,-3.0056553
0.090008,-3.5142004
0.09001,-3.8378198
0.090012,-3.976514
0.090014,-3.8378198
0.090016,-3.5604317
0.090018,-3.0518866
0.09002,-2.4046474
0.090022,-1.6187139
0.090024,-0.7403178
0.090026,0.184309
0.090028,1.1089368
0.09003,1.8948698
0.090032,2.6808028
0.090034,3.2818112
0.090036,3.6978936
0.090038,3.92905
0.09004,3.92905
0.090042,3.744125
0.090044,3.3742738
0.090046,2.7732663
0.090048,2.0797954
0.09005,1.2476311
0.090052,0.36923456
0.090054,-0.55539227
0.090056,-1.4337888
0.090058,-2.2197218
0.09006,-2.9131925
0.090062,-3.467969
0.090064,-3.7915885
0.090066,-3.9302826
0.090068,-3.8840513
0.09007,-3.6066632
0.090072,-3.1443493
0.090074,-2.5433414
0.090076,-1.7574081
0.090077996,-0.8790121
0.09008,0.045615196
0.090082,0.92401123
0.090084,1.756176
0.090086,2.542109
0.090088,3.1893477
0.09009,3.6516623
0.090092,3.8828197
0.090094,3.9752812
0.090096,3.7903562
0.090098,3.4667363
0.0901,2.9119601
0.090102,2.2184901
0.090104,1.4325566
0.090106,0.5541601
0.090108,-0.3704667
0.09011,-1.2950945
0.090112,-2.081028
0.090114,-2.7744985
0.090116,-3.3755062
0.090118,-3.745357
0.09012,-3.9302826
0.090122,-3.9302826
0.090123996,-3.6991258
0.090126,-3.236812
0.090128,-2.6358042
0.09013,-1.8961024
0.090132,-1.0639377
0.090134,-0.13931036
0.090136,0.7853174
0.090138,1.6174817
0.09014,2.4034152
0.090142,3.0968862
0.090144,3.5591989
0.090146,3.8828197
0.090148,3.9752812
0.09015,3.8365874
0.090152,3.5129685
0.090154,3.0044227
0.090156,2.357184
0.090158,1.5250192
0.09016,0.6928544
0.090162,-0.2317729
0.090164,-1.1101689
0.090166,-1.9423337
0.090168,-2.6820357
0.09017,-3.2830436
0.090172,-3.6991258
0.090174,-3.9302826
0.090176,-3.9302826
0.090178,-3.745357
0.09018,-3.329275
0.090182,-2.7744985
0.090184,-2.0347965
0.090186,-1.202632
0.090188,-0.32423592
0.09019,0.60039186
0.090192,1.4787879
0.090194,2.2647214
0.090196,2.9581914
0.090198,3.5129685
0.0902,3.8365874
0.090201996,3.9752812
0.090204,3.8828197
0.090206,3.605431
0.090208,3.0968862
0.09021,2.4496465
0.090212,1.7099442
0.090214,0.8315482
0.090216,-0.046847343
0.090218,-0.9714751
0.09022,-1.8036394
0.090222,-2.5433414
0.090224,-3.1905808
0.090226,-3.6528945
0.090228,-3.8840513
0.09023,-3.9302826
0.090232,-3.7915885
0.090234,-3.4217377
0.090236,-2.866961
0.090238,-2.1734905
0.09024,-1.3413262
0.090242,-0.46292973
0.090244,0.46169758
0.090246,1.3400936
0.090247996,2.172258
0.09025,2.8657289
0.090252,3.420505
0.090254,3.7903562
0.090256,3.9752812
0.090258,3.92905
0.09026,3.6516623
0.090262,3.1893477
0.090264,2.5883412
0.090266,1.8486385
0.090268,1.0164738
0.09027,0.091846466
0.090272,-0.83278084
0.090274,-1.6649456
0.090276,-2.4508786
0.090278,-3.098118
0.09028,-3.5604317
0.090282,-3.8840513
0.090284,-3.976514
0.090286,-3.8378198
0.090288,-3.5142004
0.09029,-2.9594238
0.090292,-2.3121846
0.090294,-1.48002
0.090296,-0.601624
0.090298,0.3230033
0.0903,1.2013993
0.090302,2.033564
0.090304,2.727035
0.090306,3.3280425
0.090308,3.744125
0.09031,3.92905
0.090312,3.92905
0.090314,3.6978936
0.090316,3.2818112
0.090318,2.727035
0.09032,1.9873328
0.090322,1.1551685
0.090324,0.27677202
0.090326,-0.6478553
0.090328,-1.5262513
0.09033,-2.3121846
0.090332,-3.0056553
0.090334,-3.5142004
0.090336,-3.8378198
0.090338,-3.976514
0.09034,-3.8840513
0.090342,-3.5604317
0.090344,-3.098118
0.090346,-0.5091615
0.090348,1.4787879
0.09035,0.7390857
0.090352,-0.18554163
0.090354,-1.1101689
0.090356,-1.8961024
0.090358,-2.6358042
0.09036,-3.2830436
0.090362,-3.6991258
0.090364,-3.9302826
0.090366,-3.976514
0.090368,-3.7915885
0.09037,-3.4217377
0.090371996,-2.866961
0.090374,-2.1272593
0.090376,-1.3413262
0.090378,-0.41669846
0.09038,0.50792885
0.090382,1.3863249
0.090384,2.172258
0.090386,2.8657289
0.090388,3.420505
0.09039,3.7903562
0.090392,3.92905
0.090394,3.8828197
0.090396,3.6516623
0.090398,3.1893477
0.0904,2.542109
0.090402,1.756176
0.090404,0.92401123
0.090406,0.045615196
0.090408,-0.8790121
0.09041,-1.7111769
0.090412,-2.4971101
0.090414,-3.1443493
0.090416,-3.6066632
0.090417996,-3.8840513
0.09042,-3.976514
0.090422,-3.8378198
0.090424,-3.467969
0.090426,-2.9594238
0.090428,-2.2659533
0.09043,-1.48002
0.090432,-0.55539227
0.090434,0.36923456
0.090436,1.2476311
0.090438,2.0797954
0.09044,2.7732663
0.090442,3.3742738
0.090444,3.744125
0.090446,3.92905
0.090448,3.92905
0.09045,3.6978936
0.090452,3.2818112
0.090454,2.6808028
0.090456,1.9411016
0.090458,1.1089368
0.09046,0.184309
0.090462,-0.7403178
0.090464,-1.5724826
0.090466,-2.3584158
0.090468,-3.0056553
0.09047,-3.5142004
0.090472,-3.8378198
0.090474,-3.976514
0.090476,-3.8378198
0.090478,-3.5604317
0.09048,-3.0518866
0.090482,-2.4046474
0.090484,-1.5724826
0.090486,-0.7403178
0.090488,0.184309
0.09049,1.1089368
0.090492,1.9411016
0.090494,2.6808028
0.090495996,3.2818112
0.090498,3.6978936
0.0905,3.92905
0.090502,3.92905
0.090504,3.744125
0.090506,3.3742738
0.090508,2.7732663
0.09051,2.0797954
0.090512,1.2476311
0.090514,0.36923456
0.090516,-0.55539227
0.090518,-1.4337888
0.09052,-2.2197218
0.090522,-2.9131925
0.090524,-3.467969
0.090526,-3.7915885
0.090528,-3.9302826
0.09053,-3.8840513
0.090532,-3.6066632
0.090534,-3.1443493
0.090536,-2.4971101
0.090538,-1.7111769
0.09054,-0.8790121
0.090541996,0.045615196
0.090544,0.970243
0.090546,1.8024073
0.090548,2.542109
0.09055,3.1893477
0.090552,3.6516623
0.090554,3.8828197
0.090556,3.92905
0.090558,3.7903562
0.09056,3.420505
0.090562,2.8657289
0.090564,2.172258
0.090566,1.3863249
0.090568,0.50792885
0.09057,-0.41669846
0.090572,-1.2950945
0.090574,-2.081028
0.090576,-2.8207297
0.090578,-3.3755062
0.09058,-3.745357
0.090582,-3.9302826
0.090584,-3.9302826
0.090586,-3.6991258
0.090588,-3.236812
0.09059,-2.6358042
0.090592,-1.8961024
0.090594,-1.0639377
0.090596,-0.13931036
0.090598,0.7853174
0.0906,1.6174817
0.090602,2.4034152
0.090604,3.0968862
0.090606,3.5591989
0.090608,3.8828197
0.09061,3.9752812
0.090612,3.8365874
0.090614,3.5129685
0.090616,3.0044227
0.090618,2.3109517
0.090619996,1.5250192
0.090622,0.6928544
0.090624,-0.2317729
0.090626,-1.1564007
0.090628,-1.9423337
0.09063,-2.6820357
0.090632,-3.2830436
0.090634,-3.6991258
0.090636,-3.9302826
0.090638,-3.9302826
0.09064,-3.745357
0.090642,-3.329275
0.090644,-2.728267
0.090646,-2.0347965
0.090648,-1.202632
0.09065,-0.27800417
0.090652,0.64662313
0.090654,1.4787879
0.090656,2.3109517
0.090658,2.9581914
0.09066,3.5129685
0.090662,3.8365874
0.090664,3.9752812
0.090665996,3.8828197
0.090668,3.605431
0.09067,3.0968862
0.090672,2.4496465
0.090674,1.6637135
0.090676,0.8315482
0.090678,-0.09307861
0.09068,-0.9714751
0.090682,-1.8036394
0.090684,-2.589573
0.090686,-3.1905808
0.090688,-3.6528945
0.09069,-3.8840513
0.090692,-3.9302826
0.090694,-3.7915885
0.090696,-3.4217377
0.090698,-2.866961
0.0907,-2.1734905
0.090702,-1.3413262
0.090704,-0.46292973
0.090706,0.46169758
0.090708,1.3863249
0.09071,2.172258
0.090712,2.8657289
0.090714,3.420505
0.090716,3.7903562
0.090718,3.92905
0.09072,3.8828197
0.090722,3.6516623
0.090724,3.1893477
0.090726,2.5883412
0.090728,1.8024073
0.09073,0.970243
0.090732,0.091846466
0.090734,-0.83278084
0.090736,-1.6649456
0.090738,-2.4508786
0.09074,-3.098118
0.090742,-3.6066632
0.090743996,-3.8840513
0.090746,-3.976514
0.090748,-3.8378198
0.09075,-3.467969
0.090752,-2.9594238
0.090754,-2.2659533
0.090756,-1.48002
0.090758,-0.601624
0.09076,0.3230033
0.090762,1.2013993
0.090764,2.033564
0.090766,0.23054075
0.090768,-2.9594238
0.09077,-3.7915885
0.090772,-3.976514
0.090774,-3.976514
0.090776,-3.745357
0.090778,-3.329275
0.09078,-2.728267
0.090782,-1.9885652
0.090784,-1.1564007
0.090786,-0.2317729
0.090788,0.6928544
0.090789996,1.5250192
0.090792,2.3109517
0.090794,3.0044227
0.090796,3.5129685
0.090798,3.8365874
0.0908,3.92905
0.090802,3.8365874
0.090804,3.5591989
0.090806,3.050654
0.090808,2.4034152
0.09081,1.6174817
0.090812,0.7390857
0.090814,-0.13931036
0.090816,-1.0639377
0.090818,-1.8961024
0.09082,-2.6358042
0.090822,-3.236812
0.090824,-3.6991258
0.090826,-3.9302826
0.090828,-3.9302826
0.09083,-3.745357
0.090832,-3.3755062
0.090834,-2.8207297
0.090836,-2.081028
0.090838,-1.2950945
0.09084,-0.3704667
0.090842,0.5541601
0.090844,1.4325566
0.090846,2.2184901
0.090848,2.9119601
0.09085,3.4667363
0.090852,3.7903562
0.090854,3.9752812
0.090856,3.8828197
0.090858,3.605431
0.09086,3.1431174
0.090862,2.542109
0.090864,1.756176
0.090866,0.92401123
0.090867996,-6.160736E-4
0.09087,-0.8790121
0.090872,-1.7574081
0.090874,-2.4971101
0.090876,-3.1443493
0.090878,-3.6066632
0.09088,-3.8840513
0.090882,-3.9302826
0.090884,-3.7915885
0.090886,-3.467969
0.090888,-2.9131925
0.09089,-2.2197218
0.090892,-1.4337888
0.090894,-0.55539227
0.090896,0.36923456
0.090898,1.2938623
0.0909,2.0797954
0.090902,2.8194976
0.090904,3.3742738
0.090906,3.744125
0.090908,3.92905
0.09091,3.92905
0.090912,3.6978936
0.090913996,3.23558
0.090916,2.6345725
0.090918,1.8948698
0.09092,1.0627055
0.090922,0.184309
0.090924,-0.7403178
0.090926,-1.5724826
0.090928,-2.3584158
0.09093,-3.0518866
0.090932,-3.5604317
0.090934,-3.8378198
0.090936,-3.976514
0.090938,-3.8378198
0.09094,-3.5142004
0.090942,-3.0518866
0.090944,-2.3584158
0.090946,-1.5724826
0.090948,-0.694087
0.09095,0.23054075
0.090952,1.1089368
0.090954,1.9411016
0.090956,2.6808028
0.090958,3.2818112
0.09096,3.6978936
0.090962,3.92905
0.090964,3.92905
0.090966,3.744125
0.090968,3.3280425
0.09097,2.7732663
0.090972,2.033564
0.090974,1.2476311
0.090976,0.3230033
0.090978,-0.601624
0.09098,-1.48002
0.090982,-2.2659533
0.090984,-2.9594238
0.090986,-3.467969
0.090988,-3.8378198
0.09099,-3.976514
0.090991996,-3.8840513
0.090994,-3.6066632
0.090996,-3.1443493
0.090998,-2.4971101
0.091,-1.7111769
0.091002,-0.8790121
0.091004,0.045615196
0.091006,0.970243
0.091008,1.8024073
0.09101,2.5883412
0.091012,3.1893477
0.091014,3.6516623
0.091016,3.8828197
0.091018,3.92905
0.09102,3.7903562
0.091022,3.420505
0.091024,2.8657289
0.091026,2.172258
0.091028,1.3863249
0.09103,0.50792885
0.091032,-0.41669846
0.091034,-1.3413262
0.091036,-2.1272593
0.091037996,-2.8207297
0.09104,-3.3755062
0.091042,-3.7915885
0.091044,-3.9302826
0.091046,-3.9302826
0.091048,-3.6528945
0.09105,-3.236812
0.091052,-2.6358042
0.091054,-1.8498712
0.091056,-1.0177064
0.091058,-0.09307861
0.09106,0.8315482
0.091062,1.6637135
0.091064,2.4496465
0.091066,3.0968862
0.091068,3.605431
0.09107,3.8828197
0.091072,3.9752812
0.091074,3.8365874
0.091076,3.5129685
0.091078,2.9581914
0.09108,2.3109517
0.091082,1.5250192
0.091084,0.64662313
0.091086,-0.27800417
0.091088,-1.1564007
0.09109,-1.9885652
0.091092,-2.728267
0.091094,-3.329275
0.091096,-3.6991258
0.091098,-3.9302826
0.0911,-3.9302826
0.091102,-3.6991258
0.091104,-3.329275
0.091106,-2.728267
0.091108,-1.9885652
0.09111,-1.1564007
0.091112,-0.27800417
0.091114,0.64662313
0.091115996,1.5250192
0.091118,2.3109517
0.09112,3.0044227
0.091122,3.5129685
0.091124,3.8365874
0.091126,3.9752812
0.091128,3.8828197
0.09113,3.5591989
0.091132,3.0968862
0.091134,2.4496465
0.091136,1.6637135
0.091138,0.7853174
0.09114,-0.09307861
0.091142,-1.0177064
0.091144,-1.8498712
0.091146,-2.589573
0.091148,-3.236812
0.09115,-3.6528945
0.091152,-3.9302826
0.091154,-3.9302826
0.091156,-3.7915885
0.091158,-3.4217377
0.09116,-2.8207297
0.091161996,-2.1272593
0.091164,-1.3413262
0.091166,-0.41669846
0.091168,0.50792885
0.09117,1.3863249
0.091172,2.172258
0.091174,2.8657289
0.091176,3.420505
0.091178,3.7903562
0.09118,3.9752812
0.091182,3.8828197
0.091184,3.6516623
0.091186,1.5250192
0.091188,-1.7111769
0.09119,-1.7574081
0.091192,-0.9252434
0.091194,-6.160736E-4
0.091196,0.92401123
0.091198,1.756176
0.0912,2.542109
0.091202,3.1431174
0.091204,3.6516623
0.091206,3.92905
0.091208,3.9752812
0.09121,3.8365874
0.091212,3.5129685
0.091214,2.9581914
0.091216,2.2647214
0.091218,1.4787879
0.09122,0.60039186
0.091222,-0.32423592
0.091224,-1.202632
0.091226,-2.0347965
0.091228,-2.728267
0.09123,-3.329275
0.091232,-3.745357
0.091234,-3.9302826
0.091236,-3.9302826
0.091238,-3.6991258
0.091239996,-3.2830436
0.091242,-2.6820357
0.091244,-1.9423337
0.091246,-1.1101689
0.091248,-0.18554163
0.09125,0.7390857
0.091252,1.5712504
0.091254,2.357184
0.091256,3.050654
0.091258,3.5591989
0.09126,3.8365874
0.091262,3.9752812
0.091264,3.8365874
0.091266,3.5591989
0.091268,3.050654
0.09127,2.4034152
0.091272,1.6174817
0.091274,0.7390857
0.091276,-0.18554163
0.091278,-1.0639377
0.09128,-1.8961024
0.091282,-2.6358042
0.091284,-3.236812
0.091285996,-3.6991258
0.091288,-3.9302826
0.09129,-3.9302826
0.091292,-3.745357
0.091294,-3.3755062
0.091296,-2.8207297
0.091298,-2.081028
0.0913,-1.2488632
0.091302,-0.3704667
0.091304,0.5541601
0.091306,1.4325566
0.091308,2.2184901
0.09131,2.9119601
0.091312,3.4667363
0.091314,3.7903562
0.091316,3.9752812
0.091318,3.8828197
0.09132,3.605431
0.091322,3.1431174
0.091324,2.4958777
0.091326,1.756176
0.091328,0.92401123
0.09133,-6.160736E-4
0.091332,-0.9252434
0.091334,-1.7574081
0.091336,-2.4971101
0.091338,-3.1443493
0.09134,-3.6066632
0.091342,-3.8840513
0.091344,-3.976514
0.091346,-3.7915885
0.091348,-3.467969
0.09135,-2.9131925
0.091352,-2.2197218
0.091354,-1.4337888
0.091356,-0.5091615
0.091358,0.4154663
0.09136,1.2938623
0.091362,2.0797954
0.091363996,2.8194976
0.091366,3.3742738
0.091368,3.744125
0.09137,3.92905
0.091372,3.92905
0.091374,3.6978936
0.091376,3.23558
0.091378,2.6345725
0.09138,1.8948698
0.091382,1.0627055
0.091384,0.13807821
0.091386,-0.7403178
0.091388,-1.6187139
0.09139,-2.4046474
0.091392,-3.0518866
0.091394,-3.5604317
0.091396,-3.8840513
0.091398,-3.976514
0.0914,-3.8378198
0.091402,-3.5142004
0.091404,-3.0056553
0.091406,-2.3584158
0.091408,-1.5262513
0.091409996,-0.694087
0.091412,0.23054075
0.091414,1.1551685
0.091416,1.9411016
0.091418,2.6808028
0.09142,3.2818112
0.091422,3.6978936
0.091424,3.92905
0.091426,3.92905
0.091428,3.744125
0.09143,3.3280425
0.091432,2.727035
0.091434,2.033564
0.091436,1.2013993
0.091438,0.3230033
0.09144,-0.601624
0.091442,-1.48002
0.091444,-2.2659533
0.091446,-2.9594238
0.091448,-3.467969
0.09145,-3.8378198
0.091452,-3.976514
0.091454,-3.8840513
0.091456,-3.6066632
0.091458,-3.098118
0.09146,-2.4971101
0.091462,-1.7111769
0.091464,-0.83278084
0.091466,0.091846466
0.091468,0.970243
0.09147,1.8024073
0.091472,2.5883412
0.091474,3.1893477
0.091476,3.6516623
0.091478,3.8828197
0.09148,3.92905
0.091482,3.7903562
0.091484,3.420505
0.091486,2.8657289
0.091488,2.172258
0.09149,1.3400936
0.091492,0.46169758
0.091494,-0.46292973
0.091496,-1.3413262
0.091498,-2.1272593
0.0915,-2.8207297
0.091502,-3.4217377
0.091504,-3.7915885
0.091506,-3.9302826
0.091508,-3.9302826
0.09151,-3.6528945
0.091512,-3.1905808
0.091514,-2.589573
0.091516,-1.8498712
0.091518,-1.0177064
0.09152,-0.09307861
0.091522,0.8315482
0.091524,1.6637135
0.091526,2.4496465
0.091528,3.0968862
0.09153,3.605431
0.091532,3.8828197
0.091533996,3.9752812
0.091536,3.8365874
0.091538,3.5129685
0.09154,2.9581914
0.091542,2.3109517
0.091544,1.4787879
0.091546,0.64662313
0.091548,-0.27800417
0.09155,-1.202632
0.091552,-1.9885652
0.091554,-2.728267
0.091556,-3.329275
0.091558,-3.745357
0.09156,-3.9302826
0.091562,-3.9302826
0.091564,-3.6991258
0.091566,-3.2830436
0.091568,-2.728267
0.09157,-1.9885652
0.091572,-1.1564007
0.091574,-0.2317729
0.091576,0.6928544
0.091578,1.5250192
0.091579996,2.3109517
0.091582,3.0044227
0.091584,3.5129685
0.091586,3.8365874
0.091588,3.9752812
0.09159,3.8828197
0.091592,3.5591989
0.091594,3.0968862
0.091596,2.4034152
0.091598,1.6174817
0.0916,0.7853174
0.091602,-0.13931036
0.091604,-1.0177064
0.091606,0.13807821
0.091608,2.6345725
0.09161,3.2818112
0.091612,3.744125
0.091614,3.9752812
0.091616,3.9752812
0.091618,3.7903562
0.09162,3.420505
0.091622,2.8657289
0.091624,2.126027
0.091626,1.3400936
0.091628,0.46169758
0.09163,-0.46292973
0.091632,-1.387557
0.091634,-2.1734905
0.091636,-2.866961
0.091638,-3.4217377
0.09164,-3.7915885
0.091642,-3.9302826
0.091644,-3.8840513
0.091646,-3.6066632
0.091648,-3.1443493
0.09165,-2.5433414
0.091652,-1.7574081
0.091654,-0.9252434
0.091656,-6.160736E-4
0.091657996,0.92401123
0.09166,1.756176
0.091662,2.4958777
0.091664,3.1431174
0.091666,3.605431
0.091668,3.8828197
0.09167,3.9752812
0.091672,3.8365874
0.091674,3.4667363
0.091676,2.9119601
0.091678,2.2647214
0.09168,1.4325566
0.091682,0.5541601
0.091684,-0.32423592
0.091686,-1.2488632
0.091688,-2.0347965
0.09169,-2.7744985
0.091692,-3.329275
0.091694,-3.745357
0.091696,-3.9302826
0.091698,-3.9302826
0.0917,-3.6991258
0.091702,-3.2830436
0.091703996,-2.6820357
0.091706,-1.9423337
0.091708,-1.1101689
0.09171,-0.18554163
0.091712,0.7390857
0.091714,1.6174817
0.091716,2.4034152
0.091718,3.050654
0.09172,3.5591989
0.091722,3.8365874
0.091724,3.9752812
0.091726,3.8365874
0.091728,3.5591989
0.09173,3.050654
0.091732,2.357184
0.091734,1.5712504
0.091736,0.7390857
0.091738,-0.18554163
0.09174,-1.1101689
0.091742,-1.8961024
0.091744,-2.6358042
0.091746,-3.2830436
0.091748,-3.6991258
0.09175,-3.9302826
0.091752,-3.9302826
0.091754,-3.745357
0.091756,-3.3755062
0.091758,-2.7744985
0.09176,-2.081028
0.091762,-1.2488632
0.091764,-0.32423592
0.091766,0.60039186
0.091768,1.4787879
0.09177,2.2647214
0.091772,2.9581914
0.091774,3.4667363
0.091776,3.8365874
0.091778,3.9752812
0.09178,3.8828197
0.091781996,3.605431
0.091784,3.1431174
0.091786,2.4958777
0.091788,1.7099442
0.09179,0.87777996
0.091792,-0.046847343
0.091794,-0.9252434
0.091796,-1.7574081
0.091798,-2.5433414
0.0918,-3.1905808
0.091802,-3.6528945
0.091804,-3.8840513
0.091806,-3.9302826
0.091808,-3.7915885
0.09181,-3.4217377
0.091812,-2.9131925
0.091814,-2.2197218
0.091816,-1.387557
0.091818,-0.5091615
0.09182,0.4154663
0.091822,1.3400936
0.091824,2.126027
0.091826,2.8194976
0.091827996,3.3742738
0.09183,3.7903562
0.091832,3.92905
0.091834,3.92905
0.091836,3.6516623
0.091838,3.23558
0.09184,2.6345725
0.091842,1.8486385
0.091844,1.0164738
0.091846,0.13807821
0.091848,-0.78654957
0.09185,-1.6187139
0.091852,-2.4046474
0.091854,-3.0518866
0.091856,-3.5604317
0.091858,-3.8840513
0.09186,-3.976514
0.091862,-3.8378198
0.091864,-3.5142004
0.091866,-3.0056553
0.091868,-2.3121846
0.09187,-1.5262513
0.091872,-0.6478553
0.091874,0.27677202
0.091876,1.1551685
0.091878,1.9873328
0.09188,2.727035
0.091882,3.3280425
0.091884,3.6978936
0.091886,3.92905
0.091888,3.92905
0.09189,3.744125
0.091892,3.3280425
0.091894,2.727035
0.091896,1.9873328
0.091898,1.2013993
0.0919,0.27677202
0.091902,-0.6478553
0.091904,-1.48002
0.091905996,-2.2659533
0.091908,-2.9594238
0.09191,-3.5142004
0.091912,-3.8378198
0.091914,-3.976514
0.091916,-3.8840513
0.091918,-3.6066632
0.09192,-3.098118
0.091922,-2.4508786
0.091924,-1.6649456
0.091926,-0.83278084
0.091928,0.091846466
0.09193,1.0164738
0.091932,1.8486385
0.091934,2.5883412
0.091936,3.23558
0.091938,3.6516623
0.09194,3.92905
0.091942,3.92905
0.091944,3.7903562
0.091946,3.420505
0.091948,2.8657289
0.09195,2.126027
0.091951996,1.3400936
0.091954,0.46169758
0.091956,-0.46292973
0.091958,-1.3413262
0.09196,-2.1272593
0.091962,-2.866961
0.091964,-3.4217377
0.091966,-3.7915885
0.091968,-3.9302826
0.09197,-3.8840513
0.091972,-3.6528945
0.091974,-3.1905808
0.091976,-2.589573
0.091978,-1.8036394
0.09198,-0.9714751
0.091982,-0.046847343
0.091984,0.87777996
0.091986,1.7099442
0.091988,2.4958777
0.09199,3.1431174
0.091992,3.605431
0.091994,3.8828197
0.091996,3.9752812
0.091998,3.8365874
0.092,3.4667363
0.092002,2.9581914
0.092004,2.2647214
0.092006,1.4787879
0.092008,0.60039186
0.09201,-0.32423592
0.092012,-1.202632
0.092014,-2.0347965
0.092016,-2.728267
0.092018,-3.329275
0.09202,-3.745357
0.092022,-3.9302826
0.092024,-3.9302826
0.092026,-2.6358042
0.092028,1.0164738
0.092029996,2.5883412
0.092032,1.8948698
0.092034,1.1089368
0.092036,0.184309
0.092038,-0.694087
0.09204,-1.5724826
0.092042,-2.3584158
0.092044,-3.0056553
0.092046,-3.5604317
0.092048,-3.8378198
0.09205,-3.976514
0.092052,-3.8840513
0.092054,-3.5604317
0.092056,-3.098118
0.092058,-2.4046474
0.09206,-1.6187139
0.092062,-0.78654957
0.092064,0.13807821
0.092066,1.0627055
0.092068,1.8948698
0.09207,2.6345725
0.092072,3.23558
0.092074,3.6978936
0.092075996,3.92905
0.092078,3.92905
0.09208,3.744125
0.092082,3.3742738
0.092084,2.8194976
0.092086,2.0797954
0.092088,1.2938623
0.09209,0.36923456
0.092092,-0.5091615
0.092094,-1.387557
0.092096,-2.2197218
0.092098,-2.9131925
0.0921,-3.4217377
0.092102,-3.7915885
0.092104,-3.9302826
0.092106,-3.8840513
0.092108,-3.6066632
0.09211,-3.1443493
0.092112,-2.5433414
0.092114,-1.7574081
0.092116,-0.9252434
0.092118,-6.160736E-4
0.09212,0.92401123
0.092122,1.756176
0.092124,2.542109
0.092126,3.1431174
0.092128,3.605431
0.09213,3.8828197
0.092132,3.9752812
0.092134,3.7903562
0.092136,3.4667363
0.092138,2.9119601
0.09214,2.2184901
0.092142,1.4325566
0.092144,0.5541601
0.092146,-0.3704667
0.092148,-1.2488632
0.09215,-2.081028
0.092152,-2.7744985
0.092153996,-3.3755062
0.092156,-3.745357
0.092158,-3.9302826
0.09216,-3.9302826
0.092162,-3.6991258
0.092164,-3.236812
0.092166,-2.6358042
0.092168,-1.8961024
0.09217,-1.0639377
0.092172,-0.18554163
0.092174,0.7390857
0.092176,1.6174817
0.092178,2.4034152
0.09218,3.050654
0.092182,3.5591989
0.092184,3.8828197
0.092186,3.9752812
0.092188,3.8365874
0.09219,3.5129685
0.092192,3.0044227
0.092194,2.357184
0.092196,1.5712504
0.092198,0.6928544
0.092199996,-0.18554163
0.092202,-1.1101689
0.092204,-1.9423337
0.092206,-2.6820357
0.092208,-3.2830436
0.09221,-3.6991258
0.092212,-3.9302826
0.092214,-3.9302826
0.092216,-3.745357
0.092218,-3.329275
0.09222,-2.7744985
0.092222,-2.0347965
0.092224,-1.2488632
0.092226,-0.32423592
0.092228,0.60039186
0.09223,1.4787879
0.092232,2.2647214
0.092234,2.9581914
0.092236,3.4667363
0.092238,3.8365874
0.09224,3.9752812
0.092242,3.8828197
0.092244,3.605431
0.092246,3.1431174
0.092248,2.4958777
0.09225,1.7099442
0.092252,0.87777996
0.092254,-0.046847343
0.092256,-0.9714751
0.092258,-1.8036394
0.09226,-2.5433414
0.092262,-3.1905808
0.092264,-3.6528945
0.092266,-3.8840513
0.092268,-3.9302826
0.09227,-3.7915885
0.092272,-3.4217377
0.092274,-2.866961
0.092276,-2.1734905
0.092277996,-1.387557
0.09228,-0.5091615
0.092282,0.46169758
0.092284,1.3400936
0.092286,2.126027
0.092288,2.8657289
0.09229,3.420505
0.092292,3.7903562
0.092294,3.92905
0.092296,3.92905
0.092298,3.6516623
0.0923,3.23558
0.092302,2.5883412
0.092304,1.8486385
0.092306,1.0164738
0.092308,0.091846466
0.09231,-0.78654957
0.092312,-1.6187139
0.092314,-2.4046474
0.092316,-3.098118
0.092318,-3.5604317
0.09232,-3.8840513
0.092322,-3.976514
0.092323996,-3.8378198
0.092326,-3.5142004
0.092328,-3.0056553
0.09233,-2.3121846
0.092332,-1.5262513
0.092334,-0.6478553
0.092336,0.27677202
0.092338,1.2013993
0.09234,1.9873328
0.092342,2.727035
0.092344,3.3280425
0.092346,3.744125
0.092348,3.92905
0.09235,3.92905
0.092352,3.6978936
0.092354,3.3280425
0.092356,2.727035
0.092358,1.9873328
0.09236,1.1551685
0.092362,0.27677202
0.092364,-0.6478553
0.092366,-1.48002
0.092368,-2.3121846
0.09237,-2.9594238
0.092372,-3.5142004
0.092374,-3.8378198
0.092376,-3.9302826
0.092378,-3.8840513
0.09238,-3.5604317
0.092382,-3.098118
0.092384,-2.4508786
0.092386,-1.6649456
0.092388,-0.78654957
0.09239,0.13807821
0.092392,1.0164738
0.092394,1.8486385
0.092396,2.6345725
0.092398,3.23558
0.0924,3.6516623
0.092401996,3.92905
0.092404,3.92905
0.092406,3.7903562
0.092408,3.3742738
0.09241,2.8194976
0.092412,2.126027
0.092414,1.3400936
0.092416,0.4154663
0.092418,-0.5091615
0.09242,-1.387557
0.092422,-2.1734905
0.092424,-2.866961
0.092426,-3.4217377
0.092428,-3.7915885
0.09243,-3.9302826
0.092432,-3.8840513
0.092434,-3.6528945
0.092436,-3.1905808
0.092438,-2.5433414
0.09244,-1.8036394
0.092442,-0.9714751
0.092444,-0.046847343
0.092446,-0.5091615
0.092447996,-1.7574081
0.09245,-2.5433414
0.092452,-3.1905808
0.092454,-3.6528945
0.092456,-3.9302826
0.092458,-4.022745
0.09246,-3.8840513
0.092462,-3.5142004
0.092464,-3.0056553
0.092466,-2.3121846
0.092468,-1.48002
0.09247,-0.601624
0.092472,0.3230033
0.092474,1.2013993
0.092476,2.033564
0.092478,2.7732663
0.09248,3.3280425
0.092482,3.744125
0.092484,3.92905
0.092486,3.92905
0.092488,3.6978936
0.09249,3.2818112
0.092492,2.6808028
0.092494,1.9411016
0.092496,1.1089368
0.092498,0.184309
0.0925,-0.7403178
0.092502,-1.5724826
0.092504,-2.3584158
0.092506,-3.0056553
0.092508,-3.5142004
0.09251,-3.8378198
0.092512,-3.976514
0.092514,-3.8840513
0.092516,-3.5604317
0.092518,-3.0518866
0.09252,-2.4046474
0.092522,-1.6187139
0.092524,-0.7403178
0.092525996,0.184309
0.092528,1.1089368
0.09253,1.8948698
0.092532,2.6808028
0.092534,3.2818112
0.092536,3.6978936
0.092538,3.92905
0.09254,3.92905
0.092542,3.744125
0.092544,3.3742738
0.092546,2.7732663
0.092548,2.0797954
0.09255,1.2476311
0.092552,0.36923456
0.092554,-0.55539227
0.092556,-1.4337888
0.092558,-2.2197218
0.09256,-2.9131925
0.092562,-3.467969
0.092564,-3.7915885
0.092566,-3.976514
0.092568,-3.8840513
0.09257,-3.6066632
0.092571996,-3.1443493
0.092574,-2.4971101
0.092576,-1.7574081
0.092578,-0.8790121
0.09258,0.045615196
0.092582,0.92401123
0.092584,1.756176
0.092586,2.542109
0.092588,3.1893477
0.09259,3.6516623
0.092592,3.8828197
0.092594,3.9752812
0.092596,3.7903562
0.092598,3.420505
0.0926,2.9119601
0.092602,2.2184901
0.092604,1.4325566
0.092606,0.50792885
0.092608,-0.41669846
0.09261,-1.2950945
0.092612,-2.081028
0.092614,-2.8207297
0.092616,-3.3755062
0.092618,-3.745357
0.09262,-3.9302826
0.092622,-3.9302826
0.092624,-3.6991258
0.092626,-3.236812
0.092628,-2.6358042
0.09263,-1.8961024
0.092632,-1.0639377
0.092634,-0.13931036
0.092636,0.7853174
0.092638,1.6174817
0.09264,2.4034152
0.092642,3.0968862
0.092644,3.5591989
0.092646,3.8828197
0.092648,3.9752812
0.09265,3.8365874
0.092652,3.5129685
0.092654,3.0044227
0.092656,2.3109517
0.092658,1.5250192
0.09266,0.6928544
0.092662,-0.2317729
0.092664,-1.1564007
0.092666,-1.9423337
0.092668,-2.6820357
0.09267,-3.2830436
0.092672,-3.6991258
0.092674,-3.9302826
0.092676,-3.9302826
0.092678,-3.745357
0.09268,-3.329275
0.092682,-2.7744985
0.092684,-2.0347965
0.092686,-1.202632
0.092688,-0.27800417
0.09269,0.60039186
0.092692,1.4787879
0.092694,2.2647214
0.092695996,2.9581914
0.092698,3.5129685
0.0927,3.8365874
0.092702,3.9752812
0.092704,3.8828197
0.092706,3.605431
0.092708,3.0968862
0.09271,2.4496465
0.092712,1.6637135
0.092714,0.8315482
0.092716,-0.09307861
0.092718,-0.9714751
0.09272,-1.8036394
0.092722,-2.5433414
0.092724,-3.1905808
0.092726,-3.6528945
0.092728,-3.8840513
0.09273,-3.9302826
0.092732,-3.7915885
0.092734,-3.4217377
0.092736,-2.866961
0.092738,-2.1734905
0.09274,-1.3413262
0.092741996,-0.46292973
0.092744,0.46169758
0.092746,1.3400936
0.092748,2.172258
0.09275,2.8657289
0.092752,3.420505
0.092754,3.7903562
0.092756,3.92905
0.092758,3.8828197
0.09276,3.6516623
0.092762,3.1893477
0.092764,2.5883412
0.092766,1.8024073
0.092768,0.970243
0.09277,0.091846466
0.092772,-0.83278084
0.092774,-1.6649456
0.092776,-2.4508786
0.092778,-3.098118
0.09278,-3.5604317
0.092782,-3.8840513
0.092784,-3.976514
0.092786,-3.8378198
0.092788,-3.5142004
0.09279,-2.9594238
0.092792,-2.3121846
0.092794,-1.48002
0.092796,-0.601624
0.092798,0.3230033
0.0928,1.2013993
0.092802,2.033564
0.092804,2.727035
0.092806,3.3280425
0.092808,3.744125
0.09281,3.92905
0.092812,3.92905
0.092814,3.6978936
0.092816,3.2818112
0.092818,2.6808028
0.092819996,1.9873328
0.092822,1.1551685
0.092824,0.23054075
0.092826,-0.6478553
0.092828,-1.5262513
0.09283,-2.3121846
0.092832,-3.0056553
0.092834,-3.5142004
0.092836,-3.8378198
0.092838,-3.976514
0.09284,-3.8840513
0.092842,-3.5604317
0.092844,-3.098118
0.092846,-2.4046474
0.092848,-1.6187139
0.09285,-0.78654957
0.092852,0.13807821
0.092854,1.0627055
0.092856,1.8948698
0.092858,2.6345725
0.09286,3.23558
0.092862,3.6978936
0.092864,3.92905
0.092865996,3.050654
0.092868,-0.3704667
0.09287,-3.098118
0.092872,-2.8207297
0.092874,-2.081028
0.092876,-1.2950945
0.092878,-0.3704667
0.09288,0.50792885
0.092882,1.4325566
0.092884,2.2184901
0.092886,2.9119601
0.092888,3.4667363
0.09289,3.7903562
0.092892,3.9752812
0.092894,3.8828197
0.092896,3.6516623
0.092898,3.1893477
0.0929,2.542109
0.092902,1.756176
0.092904,0.92401123
0.092906,0.045615196
0.092908,-0.8790121
0.09291,-1.7111769
0.092912,-2.4971101
0.092914,-3.1443493
0.092916,-3.6066632
0.092918,-3.8840513
0.09292,-3.976514
0.092922,-3.7915885
0.092924,-3.467969
0.092926,-2.9594238
0.092928,-2.2659533
0.09293,-1.4337888
0.092932,-0.55539227
0.092934,0.36923456
0.092936,1.2476311
0.092938,2.0797954
0.09294,2.7732663
0.092942,3.3742738
0.092943996,3.744125
0.092946,3.92905
0.092948,3.92905
0.09295,3.6978936
0.092952,3.2818112
0.092954,2.6808028
0.092956,1.8948698
0.092958,1.1089368
0.09296,0.184309
0.092962,-0.7403178
0.092964,-1.5724826
0.092966,-2.3584158
0.092968,-3.0518866
0.09297,-3.5604317
0.092972,-3.8378198
0.092974,-3.976514
0.092976,-3.8378198
0.092978,-3.5604317
0.09298,-3.0518866
0.092982,-2.3584158
0.092984,-1.5724826
0.092986,-0.7403178
0.092988,0.184309
0.092989996,1.1089368
0.092992,1.9411016
0.092994,2.6808028
0.092996,3.2818112
0.092998,3.6978936
0.093,3.92905
0.093002,3.92905
0.093004,3.744125
0.093006,3.3280425
0.093008,2.7732663
0.09301,2.033564
0.093012,1.2476311
0.093014,0.36923456
0.093016,-0.55539227
0.093018,-1.4337888
0.09302,-2.2197218
0.093022,-2.9131925
0.093024,-3.467969
0.093026,-3.7915885
0.093028,-3.976514
0.09303,-3.8840513
0.093032,-3.6066632
0.093034,-3.1443493
0.093036,-2.4971101
0.093038,-1.7111769
0.09304,-0.8790121
0.093042,0.045615196
0.093044,0.970243
0.093046,1.8024073
0.093048,2.542109
0.09305,3.1893477
0.093052,3.6516623
0.093054,3.8828197
0.093056,3.92905
0.093058,3.7903562
0.09306,3.420505
0.093062,2.8657289
0.093064,2.172258
0.093066,1.3863249
0.093067996,0.50792885
0.09307,-0.41669846
0.093072,-1.2950945
0.093074,-2.081028
0.093076,-2.8207297
0.093078,-3.3755062
0.09308,-3.745357
0.093082,-3.9302826
0.093084,-3.9302826
0.093086,-3.6528945
0.093088,-3.236812
0.09309,-2.6358042
0.093092,-1.8498712
0.093094,-1.0177064
0.093096,-0.13931036
0.093098,0.7853174
0.0931,1.6637135
0.093102,2.4496465
0.093104,3.0968862
0.093106,3.5591989
0.093108,3.8828197
0.09311,3.9752812
0.093112,3.8365874
0.093113996,3.5129685
0.093116,3.0044227
0.093118,2.3109517
0.09312,1.5250192
0.093122,0.64662313
0.093124,-0.2317729
0.093126,-1.1564007
0.093128,-1.9423337
0.09313,-2.6820357
0.093132,-3.2830436
0.093134,-3.6991258
0.093136,-3.9302826
0.093138,-3.9302826
0.09314,-3.745357
0.093142,-3.329275
0.093144,-2.728267
0.093146,-2.0347965
0.093148,-1.202632
0.09315,-0.27800417
0.093152,0.64662313
0.093154,1.4787879
0.093156,2.3109517
0.093158,3.0044227
0.09316,3.5129685
0.093162,3.8365874
0.093164,3.9752812
0.093166,3.8828197
0.093168,3.5591989
0.09317,3.0968862
0.093172,2.4496465
0.093174,1.6637135
0.093176,0.8315482
0.093178,-0.09307861
0.09318,-1.0177064
0.093182,-1.8036394
0.093184,-2.589573
0.093186,-3.1905808
0.093188,-3.6528945
0.09319,-3.8840513
0.093191996,-3.9302826
0.093194,-3.7915885
0.093196,-3.4217377
0.093198,-2.866961
0.0932,-2.1272593
0.093202,-1.3413262
0.093204,-0.46292973
0.093206,0.46169758
0.093208,1.3863249
0.09321,2.172258
0.093212,2.8657289
0.093214,3.420505
0.093216,3.7903562
0.093218,3.92905
0.09322,3.8828197
0.093222,3.6516623
0.093224,3.1893477
0.093226,2.5883412
0.093228,1.8024073
0.09323,0.970243
0.093232,0.091846466
0.093234,-0.83278084
0.093236,-1.6649456
0.093237996,-2.4508786
0.09324,-3.098118
0.093242,-3.6066632
0.093244,-3.8840513
0.093246,-3.976514
0.093248,-3.8378198
0.09325,-3.467969
0.093252,-2.9594238
0.093254,-2.2659533
0.093256,-1.48002
0.093258,-0.601624
0.09326,0.3230033
0.093262,1.2013993
0.093264,2.033564
0.093266,2.7732663
0.093268,3.3280425
0.09327,3.744125
0.093272,3.92905
0.093274,3.92905
0.093276,3.6978936
0.093278,3.2818112
0.09328,2.6808028
0.093282,1.9411016
0.093284,1.1089368
0.093286,0.184309
0.093288,0.7853174
0.09329,1.6174817
0.093292,2.4496465
0.093294,3.0968862
0.093296,3.605431
0.093298,3.92905
0.0933,4.0215135
0.093302,3.92905
0.093304,3.605431
0.093306,3.0968862
0.093308,2.4496465
0.09331,1.6637135
0.093312,0.7853174
0.093314,-0.13931036
0.093315996,-1.0177064
0.093318,-1.8498712
0.09332,-2.589573
0.093322,-3.236812
0.093324,-3.6528945
0.093326,-3.8840513
0.093328,-3.9302826
0.09333,-3.745357
0.093332,-3.3755062
0.093334,-2.8207297
0.093336,-2.081028
0.093338,-1.2488632
0.09334,-0.3704667
0.093342,0.5541601
0.093344,1.4325566
0.093346,2.2184901
0.093348,2.9119601
0.09335,3.4667363
0.093352,3.7903562
0.093354,3.9752812
0.093356,3.8828197
0.093358,3.605431
0.09336,3.1431174
0.093361996,2.542109
0.093364,1.756176
0.093366,0.92401123
0.093368,-6.160736E-4
0.09337,-0.8790121
0.093372,-1.7574081
0.093374,-2.4971101
0.093376,-3.1443493
0.093378,-3.6066632
0.09338,-3.8840513
0.093382,-3.9302826
0.093384,-3.7915885
0.093386,-3.467969
0.093388,-2.9131925
0.09339,-2.2197218
0.093392,-1.4337888
0.093394,-0.55539227
0.093396,0.36923456
0.093398,1.2938623
0.0934,2.0797954
0.093402,2.8194976
0.093404,3.3742738
0.093406,3.744125
0.093408,3.92905
0.09341,3.92905
0.093412,3.6978936
0.093414,3.23558
0.093416,2.6345725
0.093418,1.8948698
0.09342,1.0627055
0.093422,0.184309
0.093424,-0.7403178
0.093426,-1.5724826
0.093428,-2.3584158
0.09343,-3.0518866
0.093432,-3.5604317
0.093434,-3.8378198
0.093436,-3.976514
0.093438,-3.8378198
0.093439996,-3.5142004
0.093442,-3.0056553
0.093444,-2.3584158
0.093446,-1.5724826
0.093448,-0.694087
0.09345,0.23054075
0.093452,1.1551685
0.093454,1.9411016
0.093456,2.6808028
0.093458,3.2818112
0.09346,3.6978936
0.093462,3.92905
0.093464,3.92905
0.093466,3.744125
0.093468,3.3280425
0.09347,2.7732663
0.093472,2.033564
0.093474,1.2013993
0.093476,0.3230033
0.093478,-0.601624
0.09348,-1.48002
0.093482,-2.2659533
0.093484,-2.9594238
0.093485996,-3.467969
0.093488,-3.8378198
0.09349,-3.976514
0.093492,-3.8840513
0.093494,-3.6066632
0.093496,-3.1443493
0.093498,-2.4971101
0.0935,-1.7111769
0.093502,-0.83278084
0.093504,0.045615196
0.093506,0.970243
0.093508,1.8024073
0.09351,2.5883412
0.093512,3.1893477
0.093514,3.6516623
0.093516,3.8828197
0.093518,3.92905
0.09352,3.7903562
0.093522,3.420505
0.093524,2.8657289
0.093526,2.172258
0.093528,1.3863249
0.09353,0.50792885
0.093532,-0.41669846
0.093534,-1.3413262
0.093536,-2.1272593
0.093538,-2.8207297
0.09354,-3.3755062
0.093542,-3.7915885
0.093544,-3.9302826
0.093546,-3.8840513
0.093548,-3.6528945
0.09355,-3.236812
0.093552,-2.589573
0.093554,-1.8498712
0.093556,-1.0177064
0.093558,-0.09307861
0.09356,0.8315482
0.093562,1.6637135
0.093563996,2.4496465
0.093566,3.0968862
0.093568,3.605431
0.09357,3.8828197
0.093572,3.9752812
0.093574,3.8365874
0.093576,3.5129685
0.093578,2.9581914
0.09358,2.3109517
0.093582,1.4787879
0.093584,0.64662313
0.093586,-0.27800417
0.093588,-1.1564007
0.09359,-1.9885652
0.093592,-2.728267
0.093594,-3.329275
0.093596,-3.6991258
0.093598,-3.9302826
0.0936,-3.9302826
0.093602,-3.6991258
0.093604,-3.329275
0.093606,-2.728267
0.093608,-1.9885652
0.093609996,-1.1564007
0.093612,-0.27800417
0.093614,0.64662313
0.093616,1.5250192
0.093618,2.3109517
0.09362,3.0044227
0.093622,3.5129685
0.093624,3.8365874
0.093626,3.9752812
0.093628,3.8828197
0.09363,3.5591989
0.093632,3.0968862
0.093634,2.4034152
0.093636,1.6637135
0.093638,0.7853174
0.09364,-0.13931036
0.093642,-1.0177064
0.093644,-1.8498712
0.093646,-2.589573
0.093648,-3.236812
0.09365,-3.6528945
0.093652,-3.9302826
0.093654,-3.9302826
0.093656,-3.7915885
0.093658,-3.3755062
0.09366,-2.8207297
0.093662,-2.1272593
0.093664,-1.2950945
0.093666,-0.41669846
0.093668,0.50792885
0.09367,1.3863249
0.093672,2.172258
0.093674,2.9119601
0.093676,3.420505
0.093678,3.7903562
0.09368,3.92905
0.093682,3.8828197
0.093684,3.6516623
0.093686,3.1893477
0.093687996,2.542109
0.09369,1.8024073
0.093692,0.970243
0.093694,0.045615196
0.093696,-0.8790121
0.093698,-1.7111769
0.0937,-2.4971101
0.093702,-3.1443493
0.093704,-3.6066632
0.093706,-3.6066632
0.093708,-0.32423592
0.09371,3.2818112
0.093712,3.4667363
0.093714,2.9581914
0.093716,2.2647214
0.093718,1.4787879
0.09372,0.60039186
0.093722,-0.32423592
0.093724,-1.2488632
0.093726,-2.0347965
0.093728,-2.7744985
0.09373,-3.329275
0.093732,-3.745357
0.093733996,-3.9302826
0.093736,-3.9302826
0.093738,-3.6991258
0.09374,-3.2830436
0.093742,-2.6820357
0.093744,-1.9423337
0.093746,-1.1101689
0.093748,-0.18554163
0.09375,0.7390857
0.093752,1.5712504
0.093754,2.357184
0.093756,3.050654
0.093758,3.5591989
0.09376,3.8365874
0.093762,3.9752812
0.093764,3.8365874
0.093766,3.5591989
0.093768,3.050654
0.09377,2.4034152
0.093772,1.6174817
0.093774,0.7390857
0.093776,-0.18554163
0.093778,-1.0639377
0.09378,-1.8961024
0.093782,-2.6358042
0.093784,-3.236812
0.093786,-3.6991258
0.093788,-3.9302826
0.09379,-3.9302826
0.093792,-3.745357
0.093794,-3.3755062
0.093796,-2.8207297
0.093798,-2.081028
0.0938,-1.2488632
0.093802,-0.3704667
0.093804,0.5541601
0.093806,1.4325566
0.093808,2.2647214
0.09381,2.9119601
0.093812,3.4667363
0.093814,3.8365874
0.093816,3.9752812
0.093818,3.8828197
0.09382,3.605431
0.093822,3.1431174
0.093824,2.4958777
0.093826,1.756176
0.093828,0.92401123
0.09383,-6.160736E-4
0.093832,-0.9252434
0.093834,-1.7574081
0.093836,-2.4971101
0.093838,-3.1443493
0.09384,-3.6066632
0.093842,-3.8840513
0.093844,-3.9302826
0.093846,-3.7915885
0.093848,-3.467969
0.09385,-2.9131925
0.093852,-2.2197218
0.093854,-1.4337888
0.093856,-0.5091615
0.093857996,0.4154663
0.09386,1.2938623
0.093862,2.126027
0.093864,2.8194976
0.093866,3.3742738
0.093868,3.7903562
0.09387,3.92905
0.093872,3.92905
0.093874,3.6978936
0.093876,3.23558
0.093878,2.6345725
0.09388,1.8948698
0.093882,1.0627055
0.093884,0.13807821
0.093886,-0.7403178
0.093888,-1.6187139
0.09389,-2.4046474
0.093892,-3.0518866
0.093894,-3.5604317
0.093896,-3.8378198
0.093898,-3.976514
0.0939,-3.8378198
0.093902,-3.5142004
0.093903996,-3.0056553
0.093906,-2.3584158
0.093908,-1.5262513
0.09391,-0.694087
0.093912,0.23054075
0.093914,1.1551685
0.093916,1.9873328
0.093918,2.727035
0.09392,3.2818112
0.093922,3.6978936
0.093924,3.92905
0.093926,3.92905
0.093928,3.744125
0.09393,3.3280425
0.093932,2.727035
0.093934,2.033564
0.093936,1.2013993
0.093938,0.3230033
0.09394,-0.601624
0.093942,-1.48002
0.093944,-2.2659533
0.093946,-2.9594238
0.093948,-3.467969
0.09395,-3.8378198
0.093952,-3.976514
0.093954,-3.8840513
0.093956,-3.6066632
0.093958,-3.098118
0.09396,-2.4508786
0.093962,-1.7111769
0.093964,-0.83278084
0.093966,0.091846466
0.093968,1.0164738
0.09397,1.8486385
0.093972,2.5883412
0.093974,3.1893477
0.093976,3.6516623
0.093978,3.92905
0.09398,3.92905
0.093981996,3.7903562
0.093984,3.420505
0.093986,2.8657289
0.093988,2.172258
0.09399,1.3400936
0.093992,0.46169758
0.093994,-0.46292973
0.093996,-1.3413262
0.093998,-2.1272593
0.094,-2.8207297
0.094002,-3.4217377
0.094004,-3.7915885
0.094006,-3.9302826
0.094008,-3.8840513
0.09401,-3.6528945
0.094012,-3.1905808
0.094014,-2.589573
0.094016,-1.8498712
0.094018,-0.9714751
0.09402,-0.09307861
0.094022,0.8315482
0.094024,1.7099442
0.094026,2.4496465
0.094027996,3.0968862
0.09403,3.605431
0.094032,3.8828197
0.094034,3.9752812
0.094036,3.8365874
0.094038,3.5129685
0.09404,2.9581914
0.094042,2.2647214
0.094044,1.4787879
0.094046,0.64662313
0.094048,-0.27800417
0.09405,-1.202632
0.094052,-1.9885652
0.094054,-2.728267
0.094056,-3.329275
0.094058,-3.745357
0.09406,-3.9302826
0.094062,-3.9302826
0.094064,-3.6991258
0.094066,-3.2830436
0.094068,-2.728267
0.09407,-1.9885652
0.094072,-1.1564007
0.094074,-0.2317729
0.094076,0.6928544
0.094078,1.5250192
0.09408,2.357184
0.094082,3.0044227
0.094084,3.5129685
0.094086,3.8365874
0.094088,3.9752812
0.09409,3.8828197
0.094092,3.5591989
0.094094,3.050654
0.094096,2.4034152
0.094098,1.6174817
0.0941,0.7853174
0.094102,-0.13931036
0.094104,-1.0177064
0.094105996,-1.8498712
0.094108,-2.589573
0.09411,-3.236812
0.094112,-3.6528945
0.094114,-3.9302826
0.094116,-3.9302826
0.094118,-3.745357
0.09412,-3.3755062
0.094122,-2.8207297
0.094124,-2.1272593
0.094126,-1.2950945
0.094128,0.23054075
0.09413,-0.601624
0.094132,-1.48002
0.094134,-2.2659533
0.094136,-2.9594238
0.094138,-3.5142004
0.09414,-3.8378198
0.094142,-4.022745
0.094144,-3.9302826
0.094146,-3.6528945
0.094148,-3.236812
0.09415,-2.589573
0.094151996,-1.8036394
0.094154,-0.9714751
0.094156,-0.046847343
0.094158,0.87777996
0.09416,1.7099442
0.094162,2.4958777
0.094164,3.1431174
0.094166,3.605431
0.094168,3.8828197
0.09417,3.92905
0.094172,3.7903562
0.094174,3.4667363
0.094176,2.9119601
0.094178,2.2184901
0.09418,1.4325566
0.094182,0.5541601
0.094184,-0.3704667
0.094186,-1.2488632
0.094188,-2.081028
0.09419,-2.7744985
0.094192,-3.3755062
0.094194,-3.745357
0.094196,-3.9302826
0.094198,-3.9302826
0.0942,-3.6991258
0.094202,-3.2830436
0.094204,-2.6820357
0.094206,-1.9423337
0.094208,-1.1101689
0.09421,-0.18554163
0.094212,0.7390857
0.094214,1.6174817
0.094216,2.4034152
0.094218,3.050654
0.09422,3.5591989
0.094222,3.8365874
0.094224,3.9752812
0.094226,3.8365874
0.094228,3.5129685
0.094229996,3.050654
0.094232,2.357184
0.094234,1.5712504
0.094236,0.7390857
0.094238,-0.18554163
0.09424,-1.1101689
0.094242,-1.8961024
0.094244,-2.6820357
0.094246,-3.2830436
0.094248,-3.6991258
0.09425,-3.9302826
0.094252,-3.9302826
0.094254,-3.745357
0.094256,-3.3755062
0.094258,-2.7744985
0.09426,-2.081028
0.094262,-1.2488632
0.094264,-0.32423592
0.094266,0.60039186
0.094268,1.4787879
0.09427,2.2647214
0.094272,2.9581914
0.094274,3.4667363
0.094275996,3.8365874
0.094278,3.9752812
0.09428,3.8828197
0.094282,3.605431
0.094284,3.1431174
0.094286,2.4958777
0.094288,1.7099442
0.09429,0.87777996
0.094292,-0.046847343
0.094294,-0.9252434
0.094296,-1.7574081
0.094298,-2.5433414
0.0943,-3.1905808
0.094302,-3.6528945
0.094304,-3.8840513
0.094306,-3.9302826
0.094308,-3.7915885
0.09431,-3.4217377
0.094312,-2.9131925
0.094314,-2.1734905
0.094316,-1.387557
0.094318,-0.5091615
0.09432,0.4154663
0.094322,1.3400936
0.094324,2.126027
0.094326,2.8194976
0.094328,3.420505
0.09433,3.7903562
0.094332,3.92905
0.094334,3.92905
0.094336,3.6516623
0.094338,3.23558
0.09434,2.5883412
0.094342,1.8486385
0.094344,1.0164738
0.094346,0.13807821
0.094348,-0.78654957
0.09435,-1.6187139
0.094352,-2.4046474
0.094353996,-3.0518866
0.094356,-3.5604317
0.094358,-3.8840513
0.09436,-3.976514
0.094362,-3.8378198
0.094364,-3.5142004
0.094366,-3.0056553
0.094368,-2.3121846
0.09437,-1.5262513
0.094372,-0.6478553
0.094374,0.27677202
0.094376,1.1551685
0.094378,1.9873328
0.09438,2.727035
0.094382,3.3280425
0.094384,3.6978936
0.094386,3.92905
0.094388,3.92905
0.09439,3.744125
0.094392,3.3280425
0.094394,2.727035
0.094396,1.9873328
0.094398,1.2013993
0.094399996,0.27677202
0.094402,-0.6478553
0.094404,-1.48002
0.094406,-2.2659533
0.094408,-2.9594238
0.09441,-3.5142004
0.094412,-3.8378198
0.094414,-3.976514
0.094416,-3.8840513
0.094418,-3.5604317
0.09442,-3.098118
0.094422,-2.4508786
0.094424,-1.6649456
0.094426,-0.83278084
0.094428,0.091846466
0.09443,1.0164738
0.094432,1.8486385
0.094434,2.5883412
0.094436,3.23558
0.094438,3.6516623
0.09444,3.92905
0.094442,3.92905
0.094444,3.7903562
0.094446,3.420505
0.094448,2.8194976
0.09445,2.126027
0.094452,1.3400936
0.094454,0.46169758
0.094456,-0.46292973
0.094458,-1.3413262
0.09446,-2.1734905
0.094462,-2.866961
0.094464,-3.4217377
0.094466,-3.7915885
0.094468,-3.9302826
0.09447,-3.8840513
0.094472,-3.6528945
0.094474,-3.1905808
0.094476,-2.589573
0.094477996,-1.8036394
0.09448,-0.9714751
0.094482,-0.046847343
0.094484,0.87777996
0.094486,1.7099442
0.094488,2.4958777
0.09449,3.1431174
0.094492,3.605431
0.094494,3.8828197
0.094496,3.9752812
0.094498,3.8365874
0.0945,3.4667363
0.094502,2.9581914
0.094504,2.2647214
0.094506,1.4787879
0.094508,0.60039186
0.09451,-0.32423592
0.094512,-1.202632
0.094514,-2.0347965
0.094516,-2.728267
0.094518,-3.329275
0.09452,-3.745357
0.094522,-3.9302826
0.094523996,-3.9302826
0.094526,-3.6991258
0.094528,-3.2830436
0.09453,-2.6820357
0.094532,-1.9423337
0.094534,-1.1101689
0.094536,-0.2317729
0.094538,0.6928544
0.09454,1.5712504
0.094542,2.357184
0.094544,3.0044227
0.094546,3.6516623
0.094548,0.46169758
0.09455,-2.866961
0.094552,-3.8840513
0.094554,-3.5604317
0.094556,-3.098118
0.094558,-2.4046474
0.09456,-1.6187139
0.094562,-0.78654957
0.094564,0.13807821
0.094566,1.0627055
0.094568,1.8948698
0.09457,2.6345725
0.094572,3.23558
0.094574,3.6978936
0.094576,3.92905
0.094578,3.92905
0.09458,3.744125
0.094582,3.3742738
0.094584,2.7732663
0.094586,2.0797954
0.094588,1.2938623
0.09459,0.36923456
0.094592,-0.55539227
0.094594,-1.4337888
0.094596,-2.2197218
0.094598,-2.9131925
0.0946,-3.467969
0.094601996,-3.7915885
0.094604,-3.976514
0.094606,-3.8840513
0.094608,-3.6066632
0.09461,-3.1443493
0.094612,-2.5433414
0.094614,-1.7574081
0.094616,-0.9252434
0.094618,-6.160736E-4
0.09462,0.92401123
0.094622,1.756176
0.094624,2.542109
0.094626,3.1431174
0.094628,3.605431
0.09463,3.8828197
0.094632,3.92905
0.094634,3.7903562
0.094636,3.4667363
0.094638,2.9119601
0.09464,2.2184901
0.094642,1.4325566
0.094644,0.5541601
0.094646,-0.3704667
0.094647996,-1.2488632
0.09465,-2.081028
0.094652,-2.7744985
0.094654,-3.3755062
0.094656,-3.745357
0.094658,-3.9302826
0.09466,-3.9302826
0.094662,-3.6991258
0.094664,-3.236812
0.094666,-2.6358042
0.094668,-1.8961024
0.09467,-1.0639377
0.094672,-0.13931036
0.094674,0.7390857
0.094676,1.6174817
0.094678,2.4034152
0.09468,3.050654
0.094682,3.5591989
0.094684,3.8365874
0.094686,3.9752812
0.094688,3.8365874
0.09469,3.5129685
0.094692,3.0044227
0.094694,2.357184
0.094696,1.5712504
0.094698,0.6928544
0.0947,-0.2317729
0.094702,-1.1101689
0.094704,-1.9423337
0.094706,-2.6820357
0.094708,-3.2830436
0.09471,-3.6991258
0.094712,-3.9302826
0.094714,-3.9302826
0.094716,-3.745357
0.094718,-3.329275
0.09472,-2.7744985
0.094722,-2.0347965
0.094724,-1.202632
0.094725996,-0.32423592
0.094728,0.60039186
0.09473,1.4787879
0.094732,2.2647214
0.094734,2.9581914
0.094736,3.4667363
0.094738,3.8365874
0.09474,3.9752812
0.094742,3.8828197
0.094744,3.605431
0.094746,3.0968862
0.094748,2.4958777
0.09475,1.7099442
0.094752,0.87777996
0.094754,-0.046847343
0.094756,-0.9714751
0.094758,-1.8036394
0.09476,-2.5433414
0.094762,-3.1905808
0.094764,-3.6528945
0.094766,-3.8840513
0.094768,-3.9302826
0.09477,-3.7915885
0.094771996,-3.4217377
0.094774,-2.866961
0.094776,-2.1734905
0.094778,-1.387557
0.09478,-0.46292973
0.094782,0.46169758
0.094784,1.3400936
0.094786,2.126027
0.094788,2.8657289
0.09479,3.420505
0.094792,3.7903562
0.094794,3.92905
0.094796,3.92905
0.094798,3.6516623
0.0948,3.23558
0.094802,2.5883412
0.094804,1.8486385
0.094806,1.0164738
0.094808,0.091846466
0.09481,-0.78654957
0.094812,-1.6649456
0.094814,-2.4046474
0.094816,-3.098118
0.094818,-3.5604317
0.09482,-3.8840513
0.094822,-3.976514
0.094824,-3.8378198
0.094826,-3.5142004
0.094828,-3.0056553
0.09483,-2.3121846
0.094832,-1.48002
0.094834,-0.6478553
0.094836,0.27677202
0.094838,1.2013993
0.09484,1.9873328
0.094842,2.727035
0.094844,3.3280425
0.094846,3.744125
0.094848,3.92905
0.094849996,3.92905
0.094852,3.6978936
0.094854,3.2818112
0.094856,2.727035
0.094858,1.9873328
0.09486,1.1551685
0.094862,0.27677202
0.094864,-0.6478553
0.094866,-1.48002
0.094868,-2.3121846
0.09487,-2.9594238
0.094872,-3.5142004
0.094874,-3.8378198
0.094876,-3.976514
0.094878,-3.8840513
0.09488,-3.5604317
0.094882,-3.098118
0.094884,-2.4508786
0.094886,-1.6649456
0.094888,-0.78654957
0.09489,0.13807821
0.094892,1.0164738
0.094894,1.8486385
0.094895996,2.6345725
0.094898,3.23558
0.0949,3.6516623
0.094902,3.92905
0.094904,3.92905
0.094906,3.7903562
0.094908,3.3742738
0.09491,2.8194976
0.094912,2.126027
0.094914,1.3400936
0.094916,0.4154663
0.094918,-0.5091615
0.09492,-1.387557
0.094922,-2.1734905
0.094924,-2.866961
0.094926,-3.4217377
0.094928,-3.7915885
0.09493,-3.9302826
0.094932,-3.8840513
0.094934,-3.6528945
0.094936,-3.1905808
0.094938,-2.5433414
0.09494,-1.8036394
0.094941996,-0.9714751
0.094944,-0.046847343
0.094946,0.87777996
0.094948,1.7099442
0.09495,2.4958777
0.094952,3.1431174
0.094954,3.605431
0.094956,3.8828197
0.094958,3.9752812
0.09496,3.8365874
0.094962,3.4667363
0.094964,2.9581914
0.094966,2.2647214
0.094968,-0.601624
0.09497,-0.46292973
0.094972,0.4154663
0.094974,1.3400936
0.094976,2.126027
0.094978,2.8657289
0.09498,3.420505
0.094982,3.7903562
0.094984,3.9752812
0.094986,3.9752812
0.094988,3.744125
0.09499,3.2818112
0.094992,2.6808028
0.094994,1.9411016
0.094996,1.1551685
0.094998,0.23054075
0.095,-0.694087
0.095002,-1.5262513
0.095004,-2.3121846
0.095006,-3.0056553
0.095008,-3.5142004
0.09501,-3.8378198
0.095012,-3.9302826
0.095014,-3.8378198
0.095016,-3.5142004
0.095018,-3.0518866
0.095019996,-2.3584158
0.095022,-1.5724826
0.095024,-0.7403178
0.095026,0.184309
0.095028,1.1089368
0.09503,1.9411016
0.095032,2.6808028
0.095034,3.2818112
0.095036,3.6978936
0.095038,3.92905
0.09504,3.92905
0.095042,3.744125
0.095044,3.3742738
0.095046,2.7732663
0.095048,2.0797954
0.09505,1.2476311
0.095052,0.36923456
0.095054,-0.55539227
0.095056,-1.4337888
0.095058,-2.2197218
0.09506,-2.9131925
0.095062,-3.467969
0.095064,-3.7915885
0.095065996,-3.9302826
0.095068,-3.8840513
0.09507,-3.6066632
0.095072,-3.1443493
0.095074,-2.4971101
0.095076,-1.7574081
0.095078,-0.8790121
0.09508,0.045615196
0.095082,0.92401123
0.095084,1.8024073
0.095086,2.542109
0.095088,3.1893477
0.09509,3.6516623
0.095092,3.8828197
0.095094,3.9752812
0.095096,3.7903562
0.095098,3.420505
0.0951,2.9119601
0.095102,2.2184901
0.095104,1.3863249
0.095106,0.50792885
0.095108,-0.41669846
0.09511,-1.2950945
0.095112,-2.081028
0.095114,-2.8207297
0.095116,-3.3755062
0.095118,-3.745357
0.09512,-3.9302826
0.095122,-3.9302826
0.095124,-3.6528945
0.095126,-3.236812
0.095128,-2.6358042
0.09513,-1.8961024
0.095132,-1.0639377
0.095134,-0.13931036
0.095136,0.7853174
0.095138,1.6174817
0.09514,2.4034152
0.095142,3.0968862
0.095143996,3.5591989
0.095146,3.8828197
0.095148,3.9752812
0.09515,3.8365874
0.095152,3.5129685
0.095154,3.0044227
0.095156,2.3109517
0.095158,1.5250192
0.09516,0.6928544
0.095162,-0.2317729
0.095164,-1.1564007
0.095166,-1.9423337
0.095168,-2.6820357
0.09517,-3.2830436
0.095172,-3.6991258
0.095174,-3.9302826
0.095176,-3.9302826
0.095178,-3.745357
0.09518,-3.329275
0.095182,-2.7744985
0.095184,-2.0347965
0.095186,-1.202632
0.095188,-0.27800417
0.095189996,0.64662313
0.095192,1.4787879
0.095194,2.3109517
0.095196,2.9581914
0.095198,3.5129685
0.0952,3.8365874
0.095202,3.9752812
0.095204,3.8828197
0.095206,3.605431
0.095208,3.0968862
0.09521,2.4496465
0.095212,1.6637135
0.095214,0.8315482
0.095216,-0.09307861
0.095218,-0.9714751
0.09522,-1.8036394
0.095222,-2.589573
0.095224,-3.1905808
0.095226,-3.6528945
0.095228,-3.8840513
0.09523,-3.9302826
0.095232,-3.7915885
0.095234,-3.4217377
0.095236,-2.866961
0.095238,-2.1734905
0.09524,-1.3413262
0.095242,-0.46292973
0.095244,0.46169758
0.095246,1.3863249
0.095248,2.172258
0.09525,2.8657289
0.095252,3.420505
0.095254,3.7903562
0.095256,3.92905
0.095258,3.8828197
0.09526,3.6516623
0.095262,3.1893477
0.095264,2.5883412
0.095266,1.8024073
0.095267996,0.970243
0.09527,0.091846466
0.095272,-0.83278084
0.095274,-1.6649456
0.095276,-2.4508786
0.095278,-3.098118
0.09528,-3.6066632
0.095282,-3.8840513
0.095284,-3.976514
0.095286,-3.8378198
0.095288,-3.467969
0.09529,-2.9594238
0.095292,-2.3121846
0.095294,-1.48002
0.095296,-0.601624
0.095298,0.3230033
0.0953,1.2013993
0.095302,2.033564
0.095304,2.7732663
0.095306,3.3280425
0.095308,3.744125
0.09531,3.92905
0.095312,3.92905
0.095313996,3.6978936
0.095316,3.2818112
0.095318,2.6808028
0.09532,1.9411016
0.095322,1.1551685
0.095324,0.23054075
0.095326,-0.694087
0.095328,-1.5262513
0.09533,-2.3121846
0.095332,-3.0056553
0.095334,-3.5142004
0.095336,-3.8378198
0.095338,-3.976514
0.09534,-3.8840513
0.095342,-3.5604317
0.095344,-3.098118
0.095346,-2.4046474
0.095348,-1.6187139
0.09535,-0.78654957
0.095352,0.13807821
0.095354,1.0627055
0.095356,1.8948698
0.095358,2.6345725
0.09536,3.23558
0.095362,3.6978936
0.095364,3.92905
0.095366,3.92905
0.095368,3.744125
0.09537,3.3742738
0.095372,2.8194976
0.095374,2.0797954
0.095376,1.2938623
0.095378,0.4154663
0.09538,-0.5091615
0.095382,-1.387557
0.095384,-2.1734905
0.095386,-2.9131925
0.095388,-0.7403178
0.09539,3.0044227
0.095391996,3.9752812
0.095394,3.92905
0.095396,3.6516623
0.095398,3.1893477
0.0954,2.542109
0.095402,1.8024073
0.095404,0.970243
0.095406,0.045615196
0.095408,-0.8790121
0.09541,-1.7111769
0.095412,-2.4508786
0.095414,-3.098118
0.095416,-3.6066632
0.095418,-3.8840513
0.09542,-3.9302826
0.095422,-3.7915885
0.095424,-3.467969
0.095426,-2.9131925
0.095428,-2.2197218
0.09543,-1.4337888
0.095432,-0.55539227
0.095434,0.36923456
0.095436,1.2938623
0.095437996,2.0797954
0.09544,2.8194976
0.095442,3.3742738
0.095444,3.744125
0.095446,3.92905
0.095448,3.92905
0.09545,3.6978936
0.095452,3.2818112
0.095454,2.6808028
0.095456,1.9411016
0.095458,1.1089368
0.09546,0.184309
0.095462,-0.7403178
0.095464,-1.5724826
0.095466,-2.3584158
0.095468,-3.0518866
0.09547,-3.5604317
0.095472,-3.8378198
0.095474,-3.976514
0.095476,-3.8378198
0.095478,-3.5604317
0.09548,-3.0518866
0.095482,-2.3584158
0.095484,-1.5724826
0.095486,-0.694087
0.095488,0.23054075
0.09549,1.1089368
0.095492,1.9411016
0.095494,2.6808028
0.095496,3.2818112
0.095498,3.6978936
0.0955,3.92905
0.095502,3.92905
0.095504,3.744125
0.095506,3.3280425
0.095508,2.7732663
0.09551,2.033564
0.095512,1.2476311
0.095514,0.3230033
0.095515996,-0.55539227
0.095518,-1.4337888
0.09552,-2.2197218
0.095522,-2.9131925
0.095524,-3.467969
0.095526,-3.7915885
0.095528,-3.9302826
0.09553,-3.8840513
0.095532,-3.6066632
0.095534,-3.1443493
0.095536,-2.4971101
0.095538,-1.7111769
0.09554,-0.8790121
0.095542,0.045615196
0.095544,0.970243
0.095546,1.8024073
0.095548,2.542109
0.09555,3.1893477
0.095552,3.6516623
0.095554,3.8828197
0.095556,3.9752812
0.095558,3.7903562
0.09556,3.420505
0.095561996,2.8657289
0.095564,2.172258
0.095566,1.3863249
0.095568,0.50792885
0.09557,-0.41669846
0.095572,-1.2950945
0.095574,-2.081028
0.095576,-2.8207297
0.095578,-3.3755062
0.09558,-3.745357
0.095582,-3.9302826
0.095584,-3.9302826
0.095586,-3.6528945
0.095588,-3.236812
0.09559,-2.6358042
0.095592,-1.8498712
0.095594,-1.0177064
0.095596,-0.13931036
0.095598,0.7853174
0.0956,1.6637135
0.095602,2.4496465
0.095604,3.0968862
0.095606,3.5591989
0.095608,3.8828197
0.09561,3.9752812
0.095612,3.8365874
0.095614,3.5129685
0.095616,3.0044227
0.095618,2.3109517
0.09562,1.5250192
0.095622,0.64662313
0.095624,-0.27800417
0.095626,-1.1564007
0.095628,-1.9423337
0.09563,-2.6820357
0.095632,-3.2830436
0.095634,-3.6991258
0.095636,-3.9302826
0.095638,-3.9302826
0.095639996,-3.745357
0.095642,-3.329275
0.095644,-2.728267
0.095646,-1.9885652
0.095648,-1.202632
0.09565,-0.27800417
0.095652,0.64662313
0.095654,1.5250192
0.095656,2.3109517
0.095658,3.0044227
0.09566,3.5129685
0.095662,3.8365874
0.095664,3.9752812
0.095666,3.8828197
0.095668,3.5591989
0.09567,3.0968862
0.095672,2.4496465
0.095674,1.6637135
0.095676,0.8315482
0.095678,-0.09307861
0.09568,-1.0177064
0.095682,-1.8036394
0.095684,-2.589573
0.095685996,-3.1905808
0.095688,-3.6528945
0.09569,-3.9302826
0.095692,-3.9302826
0.095694,-3.7915885
0.095696,-3.4217377
0.095698,-2.866961
0.0957,-2.1272593
0.095702,-1.3413262
0.095704,-0.41669846
0.095706,0.50792885
0.095708,1.3863249
0.09571,2.172258
0.095712,2.8657289
0.095714,3.420505
0.095716,3.7903562
0.095718,3.9752812
0.09572,3.8828197
0.095722,3.6516623
0.095724,3.1893477
0.095726,2.542109
0.095728,1.8024073
0.09573,0.970243
0.095732,0.045615196
0.095734,-0.83278084
0.095736,-1.6649456
0.095738,-2.4508786
0.09574,-3.098118
0.095742,-3.6066632
0.095744,-3.8840513
0.095746,-3.976514
0.095748,-3.8378198
0.09575,-3.467969
0.095752,-2.9594238
0.095754,-2.2659533
0.095756,-1.48002
0.095758,-0.601624
0.09576,0.3230033
0.095762,1.2476311
0.095763996,2.033564
0.095766,2.7732663
0.095768,3.3280425
0.09577,3.744125
0.095772,3.92905
0.095774,3.92905
0.095776,3.6978936
0.095778,3.2818112
0.09578,2.6808028
0.095782,1.9411016
0.095784,1.1089368
0.095786,0.23054075
0.095788,-0.694087
0.09579,-1.5262513
0.095792,-2.3121846
0.095794,-3.0056553
0.095796,-3.5142004
0.095798,-3.8378198
0.0958,-3.976514
0.095802,-3.8378198
0.095804,-3.5604317
0.095806,-3.0518866
0.095808,-0.7403178
0.095809996,1.4325566
0.095812,0.6928544
0.095814,-0.2317729
0.095816,-1.1101689
0.095818,-1.9423337
0.09582,-2.6820357
0.095822,-3.2830436
0.095824,-3.6991258
0.095826,-3.976514
0.095828,-3.976514
0.09583,-3.7915885
0.095832,-3.4217377
0.095834,-2.8207297
0.095836,-2.1272593
0.095838,-1.2950945
0.09584,-0.3704667
0.095842,0.5541601
0.095844,1.4325566
0.095846,2.2184901
0.095848,2.9119601
0.09585,3.4667363
0.095852,3.7903562
0.095854,3.92905
0.095856,3.8828197
0.095858,3.605431
0.09586,3.1431174
0.095862,2.4958777
0.095864,1.756176
0.095866,0.92401123
0.095868,-6.160736E-4
0.09587,-0.9252434
0.095872,-1.7574081
0.095874,-2.4971101
0.095876,-3.1443493
0.095878,-3.6066632
0.09588,-3.8840513
0.095882,-3.976514
0.095884,-3.7915885
0.095886,-3.467969
0.095887996,-2.9131925
0.09589,-2.2197218
0.095892,-1.4337888
0.095894,-0.55539227
0.095896,0.4154663
0.095898,1.2938623
0.0959,2.0797954
0.095902,2.8194976
0.095904,3.3742738
0.095906,3.744125
0.095908,3.92905
0.09591,3.92905
0.095912,3.6978936
0.095914,3.23558
0.095916,2.6345725
0.095918,1.8948698
0.09592,1.0627055
0.095922,0.184309
0.095924,-0.7403178
0.095926,-1.6187139
0.095928,-2.4046474
0.09593,-3.0518866
0.095932,-3.5604317
0.095933996,-3.8378198
0.095936,-3.976514
0.095938,-3.8378198
0.09594,-3.5142004
0.095942,-3.0056553
0.095944,-2.3584158
0.095946,-1.5724826
0.095948,-0.694087
0.09595,0.23054075
0.095952,1.1551685
0.095954,1.9411016
0.095956,2.6808028
0.095958,3.2818112
0.09596,3.6978936
0.095962,3.92905
0.095964,3.92905
0.095966,3.744125
0.095968,3.3280425
0.09597,2.7732663
0.095972,2.033564
0.095974,1.2013993
0.095976,0.3230033
0.095978,-0.601624
0.09598,-1.48002
0.095982,-2.2659533
0.095984,-2.9594238
0.095986,-3.467969
0.095988,-3.8378198
0.09599,-3.976514
0.095992,-3.8840513
0.095994,-3.6066632
0.095996,-3.1443493
0.095998,-2.4971101
0.096,-1.7111769
0.096002,-0.83278084
0.096004,0.091846466
0.096006,0.970243
0.096008,1.8024073
0.09601,2.5883412
0.096011996,3.1893477
0.096014,3.6516623
0.096016,3.8828197
0.096018,3.9752812
0.09602,3.7903562
0.096022,3.420505
0.096024,2.8657289
0.096026,2.172258
0.096028,1.3863249
0.09603,0.46169758
0.096032,-0.46292973
0.096034,-1.3413262
0.096036,-2.1272593
0.096038,-2.8207297
0.09604,-3.3755062
0.096042,-3.7915885
0.096044,-3.9302826
0.096046,-3.8840513
0.096048,-3.6528945
0.09605,-3.236812
0.096052,-2.589573
0.096054,-1.8498712
0.096056,-1.0177064
0.096057996,-0.09307861
0.09606,0.8315482
0.096062,1.6637135
0.096064,2.4496465
0.096066,3.0968862
0.096068,3.605431
0.09607,3.8828197
0.096072,3.9752812
0.096074,3.8365874
0.096076,3.5129685
0.096078,2.9581914
0.09608,2.3109517
0.096082,1.4787879
0.096084,0.64662313
0.096086,-0.27800417
0.096088,-1.1564007
0.09609,-1.9885652
0.096092,-2.728267
0.096094,-3.329275
0.096096,-3.6991258
0.096098,-3.9302826
0.0961,-3.9302826
0.096102,-3.6991258
0.096103996,-3.2830436
0.096106,-2.728267
0.096108,-1.9885652
0.09611,-1.1564007
0.096112,-0.2317729
0.096114,0.6928544
0.096116,1.5250192
0.096118,2.3109517
0.09612,3.0044227
0.096122,3.5129685
0.096124,3.8365874
0.096126,3.9752812
0.096128,3.8828197
0.09613,3.5591989
0.096132,3.0968862
0.096134,2.4034152
0.096136,1.6174817
0.096138,0.7853174
0.09614,-0.13931036
0.096142,-1.0177064
0.096144,-1.8498712
0.096146,-2.589573
0.096148,-3.236812
0.09615,-3.6528945
0.096152,-3.9302826
0.096154,-3.9302826
0.096156,-3.7915885
0.096158,-3.3755062
0.09616,-2.8207297
0.096162,-2.1272593
0.096164,-1.2950945
0.096166,-0.41669846
0.096168,0.50792885
0.09617,1.3863249
0.096172,2.2184901
0.096174,2.9119601
0.096176,3.420505
0.096178,3.7903562
0.09618,3.9752812
0.096181996,3.8828197
0.096184,3.6516623
0.096186,3.1893477
0.096188,2.542109
0.09619,1.8024073
0.096192,0.970243
0.096194,0.045615196
0.096196,-0.8790121
0.096198,-1.7111769
0.0962,-2.4971101
0.096202,-3.1443493
0.096204,-3.6066632
0.096206,-3.8840513
0.096208,-3.9302826
0.09621,-3.8378198
0.096212,-3.467969
0.096214,-2.9594238
0.096216,-2.2659533
0.096218,-1.48002
0.09622,-0.55539227
0.096222,0.36923456
0.096224,1.2476311
0.096226,2.0797954
0.096227996,0.60039186
0.09623,-2.6820357
0.096232,-3.7915885
0.096234,-3.976514
0.096236,-3.976514
0.096238,-3.745357
0.09624,-3.329275
0.096242,-2.728267
0.096244,-1.9423337
0.096246,-1.1564007
0.096248,-0.2317729
0.09625,0.6928544
0.096252,1.5712504
0.096254,2.357184
0.096256,3.0044227
0.096258,3.5129685
0.09626,3.8365874
0.096262,3.92905
0.096264,3.8365874
0.096266,3.5129685
0.096268,3.050654
0.09627,2.357184
0.096272,1.5712504
0.096274,0.7390857
0.096276,-0.18554163
0.096278,-1.1101689
0.09628,-1.8961024
0.096282,-2.6358042
0.096284,-3.2830436
0.096286,-3.6991258
0.096288,-3.9302826
0.09629,-3.9302826
0.096292,-3.745357
0.096294,-3.3755062
0.096296,-2.8207297
0.096298,-2.081028
0.0963,-1.2488632
0.096302,-0.3704667
0.096304,0.5541601
0.096305996,1.4325566
0.096308,2.2184901
0.09631,2.9119601
0.096312,3.4667363
0.096314,3.7903562
0.096316,3.9752812
0.096318,3.8828197
0.09632,3.605431
0.096322,3.1431174
0.096324,2.4958777
0.096326,1.7099442
0.096328,0.87777996
0.09633,-6.160736E-4
0.096332,-0.9252434
0.096334,-1.7574081
0.096336,-2.5433414
0.096338,-3.1443493
0.09634,-3.6528945
0.096342,-3.8840513
0.096344,-3.976514
0.096346,-3.7915885
0.096348,-3.467969
0.09635,-2.9131925
0.096351996,-2.2197218
0.096354,-1.4337888
0.096356,-0.5091615
0.096358,0.4154663
0.09636,1.2938623
0.096362,2.126027
0.096364,2.8194976
0.096366,3.3742738
0.096368,3.7903562
0.09637,3.92905
0.096372,3.92905
0.096374,3.6516623
0.096376,3.23558
0.096378,2.6345725
0.09638,1.8948698
0.096382,1.0627055
0.096384,0.13807821
0.096386,-0.78654957
0.096388,-1.6187139
0.09639,-2.4046474
0.096392,-3.0518866
0.096394,-3.5604317
0.096396,-3.8840513
0.096398,-3.976514
0.0964,-3.8378198
0.096402,-3.5142004
0.096404,-3.0056553
0.096406,-2.3584158
0.096408,-1.5262513
0.09641,-0.694087
0.096412,0.23054075
0.096414,1.1551685
0.096416,1.9873328
0.096418,2.727035
0.09642,3.2818112
0.096422,3.6978936
0.096424,3.92905
0.096426,3.92905
0.096428,3.744125
0.096429996,3.3280425
0.096432,2.727035
0.096434,2.033564
0.096436,1.2013993
0.096438,0.3230033
0.09644,-0.601624
0.096442,-1.48002
0.096444,-2.2659533
0.096446,-2.9594238
0.096448,-3.467969
0.09645,-3.8378198
0.096452,-3.976514
0.096454,-3.8840513
0.096456,-3.6066632
0.096458,-3.098118
0.09646,-2.4508786
0.096462,-1.6649456
0.096464,-0.83278084
0.096466,0.091846466
0.096468,1.0164738
0.09647,1.8486385
0.096472,2.5883412
0.096474,3.1893477
0.096475996,3.6516623
0.096478,3.92905
0.09648,3.92905
0.096482,3.7903562
0.096484,3.420505
0.096486,2.8657289
0.096488,2.172258
0.09649,1.3400936
0.096492,0.46169758
0.096494,-0.46292973
0.096496,-1.3413262
0.096498,-2.1272593
0.0965,-2.866961
0.096502,-3.4217377
0.096504,-3.7915885
0.096506,-3.9302826
0.096508,-3.8840513
0.09651,-3.6528945
0.096512,-3.1905808
0.096514,-2.589573
0.096516,-1.8498712
0.096518,-0.9714751
0.09652,-0.09307861
0.096522,0.8315482
0.096524,1.7099442
0.096526,2.4496465
0.096528,3.0968862
0.09653,3.605431
0.096532,3.8828197
0.096534,3.9752812
0.096536,3.8365874
0.096538,3.4667363
0.09654,2.9581914
0.096542,2.2647214
0.096544,1.4787879
0.096546,0.60039186
0.096548,-0.27800417
0.09655,-1.202632
0.096552,-1.9885652
0.096553996,-2.728267
0.096556,-3.329275
0.096558,-3.745357
0.09656,-3.9302826
0.096562,-3.9302826
0.096564,-3.6991258
0.096566,-3.2830436
0.096568,-2.728267
0.09657,-1.9885652
0.096572,-1.1564007
0.096574,-0.2317729
0.096576,0.6928544
0.096578,1.5250192
0.09658,2.357184
0.096582,3.0044227
0.096584,3.5129685
0.096586,3.8365874
0.096588,3.9752812
0.09659,3.8828197
0.096592,3.5591989
0.096594,3.050654
0.096596,2.4034152
0.096598,1.6174817
0.096599996,0.7853174
0.096602,-0.13931036
0.096604,-1.0639377
0.096606,-1.8498712
0.096608,-2.6358042
0.09661,-3.236812
0.096612,-3.6528945
0.096614,-3.9302826
0.096616,-3.9302826
0.096618,-3.745357
0.09662,-3.3755062
0.096622,-2.8207297
0.096624,-2.1272593
0.096626,-1.2950945
0.096628,-0.41669846
0.09663,0.50792885
0.096632,1.4325566
0.096634,2.2184901
0.096636,2.9119601
0.096638,3.4667363
0.09664,3.7903562
0.096642,3.9752812
0.096644,3.8828197
0.096646,3.6516623
0.096648,1.756176
0.09665,-1.5262513
0.096652,-1.7111769
0.096654,-0.8790121
0.096656,0.045615196
0.096658,0.970243
0.09666,1.8024073
0.096662,2.542109
0.096664,3.1893477
0.096666,3.6516623
0.096668,3.92905
0.09667,3.9752812
0.096672,3.8365874
0.096674,3.4667363
0.096676,2.9581914
0.096677996,2.2647214
0.09668,1.4787879
0.096682,0.5541601
0.096684,-0.3704667
0.096686,-1.2488632
0.096688,-2.0347965
0.09669,-2.7744985
0.096692,-3.329275
0.096694,-3.745357
0.096696,-3.9302826
0.096698,-3.9302826
0.0967,-3.6991258
0.096702,-3.236812
0.096704,-2.6358042
0.096706,-1.8961024
0.096708,-1.0639377
0.09671,-0.18554163
0.096712,0.7390857
0.096714,1.6174817
0.096716,2.4034152
0.096718,3.050654
0.09672,3.5591989
0.096722,3.8365874
0.096723996,3.9752812
0.096726,3.8365874
0.096728,3.5129685
0.09673,3.050654
0.096732,2.357184
0.096734,1.5712504
0.096736,0.6928544
0.096738,-0.18554163
0.09674,-1.1101689
0.096742,-1.9423337
0.096744,-2.6820357
0.096746,-3.2830436
0.096748,-3.6991258
0.09675,-3.9302826
0.096752,-3.9302826
0.096754,-3.745357
0.096756,-3.329275
0.096758,-2.7744985
0.09676,-2.0347965
0.096762,-1.2488632
0.096764,-0.32423592
0.096766,0.60039186
0.096768,1.4787879
0.09677,2.2647214
0.096772,2.9581914
0.096774,3.4667363
0.096776,3.8365874
0.096778,3.9752812
0.09678,3.8828197
0.096782,3.605431
0.096784,3.1431174
0.096786,2.4958777
0.096788,1.7099442
0.09679,0.87777996
0.096792,-0.046847343
0.096794,-0.9714751
0.096796,-1.8036394
0.096798,-2.5433414
0.0968,-3.1905808
0.096801996,-3.6528945
0.096804,-3.8840513
0.096806,-3.9302826
0.096808,-3.7915885
0.09681,-3.4217377
0.096812,-2.866961
0.096814,-2.1734905
0.096816,-1.387557
0.096818,-0.5091615
0.09682,0.4154663
0.096822,1.3400936
0.096824,2.126027
0.096826,2.8194976
0.096828,3.420505
0.09683,3.7903562
0.096832,3.92905
0.096834,3.92905
0.096836,3.6516623
0.096838,3.23558
0.09684,2.5883412
0.096842,1.8486385
0.096844,1.0164738
0.096846,0.13807821
0.096847996,-0.78654957
0.09685,-1.6187139
0.096852,-2.4046474
0.096854,-3.098118
0.096856,-3.5604317
0.096858,-3.8840513
0.09686,-3.976514
0.096862,-3.8378198
0.096864,-3.5142004
0.096866,-3.0056553
0.096868,-2.3121846
0.09687,-1.5262513
0.096872,-0.6478553
0.096874,0.27677202
0.096876,1.2013993
0.096878,1.9873328
0.09688,2.727035
0.096882,3.3280425
0.096884,3.744125
0.096886,3.92905
0.096888,3.92905
0.09689,3.744125
0.096892,3.3280425
0.096894,2.727035
0.096896,1.9873328
0.096898,1.1551685
0.0969,0.27677202
0.096902,-0.6478553
0.096904,-1.48002
0.096906,-2.2659533
0.096908,-2.9594238
0.09691,-3.5142004
0.096912,-3.8378198
0.096914,-3.976514
0.096916,-3.8840513
0.096918,-3.5604317
0.09692,-3.098118
0.096922,-2.4508786
0.096924,-1.6649456
0.096925996,-0.78654957
0.096928,0.091846466
0.09693,1.0164738
0.096932,1.8486385
0.096934,2.5883412
0.096936,3.23558
0.096938,3.6516623
0.09694,3.92905
0.096942,3.92905
0.096944,3.7903562
0.096946,3.3742738
0.096948,2.8194976
0.09695,2.126027
0.096952,1.3400936
0.096954,0.4154663
0.096956,-0.46292973
0.096958,-1.387557
0.09696,-2.1734905
0.096962,-2.866961
0.096964,-3.4217377
0.096966,-3.7915885
0.096968,-3.9302826
0.09697,-3.8840513
0.096971996,-3.6528945
0.096974,-3.1905808
0.096976,-2.589573
0.096978,-1.8036394
0.09698,-0.9714751
0.096982,-0.046847343
0.096984,0.87777996
0.096986,1.7099442
0.096988,2.4958777
0.09699,3.1431174
0.096992,3.605431
0.096994,3.8828197
0.096996,3.9752812
0.096998,3.8365874
0.097,3.4667363
0.097002,2.9581914
0.097004,2.2647214
0.097006,1.4787879
0.097008,0.60039186
0.09701,-0.32423592
0.097012,-1.202632
0.097014,-2.0347965
0.097016,-2.7744985
0.097018,-3.329275
0.09702,-3.745357
0.097022,-3.9302826
0.097024,-3.9302826
0.097026,-3.6991258
0.097028,-3.2830436
0.09703,-2.6820357
0.097032,-1.9423337
0.097034,-1.1101689
0.097036,-0.2317729
0.097038,0.6928544
0.09704,1.5712504
0.097042,2.357184
0.097044,3.050654
0.097046,3.5591989
0.097048,3.8365874
0.097049996,3.9752812
0.097052,3.8365874
0.097054,3.5591989
0.097056,3.050654
0.097058,2.4034152
0.09706,1.6174817
0.097062,0.7390857
0.097064,-0.18554163
0.097066,-1.0639377
0.097068,-0.2317729
0.09707,2.5883412
0.097072,3.3280425
0.097074,3.744125
0.097076,3.9752812
0.097078,3.9752812
0.09708,3.7903562
0.097082,3.420505
0.097084,2.8194976
0.097086,2.126027
0.097088,1.2938623
0.09709,0.4154663
0.097092,-0.5091615
0.097094,-1.387557
0.097095996,-2.1734905
0.097098,-2.866961
0.0971,-3.4217377
0.097102,-3.7915885
0.097104,-3.9302826
0.097106,-3.8840513
0.097108,-3.6066632
0.09711,-3.1443493
0.097112,-2.4971101
0.097114,-1.7574081
0.097116,-0.8790121
0.097118,-6.160736E-4
0.09712,0.92401123
0.097122,1.756176
0.097124,2.542109
0.097126,3.1893477
0.097128,3.6516623
0.09713,3.8828197
0.097132,3.9752812
0.097134,3.7903562
0.097136,3.4667363
0.097138,2.9119601
0.09714,2.2184901
0.097142,1.4325566
0.097144,0.5541601
0.097146,-0.3704667
0.097148,-1.2488632
0.09715,-2.081028
0.097152,-2.7744985
0.097154,-3.3755062
0.097156,-3.745357
0.097158,-3.9302826
0.09716,-3.9302826
0.097162,-3.6991258
0.097164,-3.236812
0.097166,-2.6358042
0.097168,-1.8961024
0.09717,-1.0639377
0.097172,-0.13931036
0.097173996,0.7853174
0.097176,1.6174817
0.097178,2.4034152
0.09718,3.050654
0.097182,3.5591989
0.097184,3.8828197
0.097186,3.9752812
0.097188,3.8365874
0.09719,3.5129685
0.097192,3.0044227
0.097194,2.357184
0.097196,1.5712504
0.097198,0.6928544
0.0972,-0.2317729
0.097202,-1.1101689
0.097204,-1.9423337
0.097206,-2.6820357
0.097208,-3.2830436
0.09721,-3.6991258
0.097212,-3.9302826
0.097214,-3.9302826
0.097216,-3.745357
0.097218,-3.329275
0.097219996,-2.7744985
0.097222,-2.0347965
0.097224,-1.202632
0.097226,-0.32423592
0.097228,0.60039186
0.09723,1.4787879
0.097232,2.2647214
0.097234,2.9581914
0.097236,3.4667363
0.097238,3.8365874
0.09724,3.9752812
0.097242,3.8828197
0.097244,3.605431
0.097246,3.0968862
0.097248,2.4496465
0.09725,1.7099442
0.097252,0.8315482
0.097254,-0.046847343
0.097256,-0.9714751
0.097258,-1.8036394
0.09726,-2.5433414
0.097262,-3.1905808
0.097264,-3.6528945
0.097265996,-3.8840513
0.097268,-3.9302826
0.09727,-3.7915885
0.097272,-3.4217377
0.097274,-2.866961
0.097276,-2.1734905
0.097278,-1.387557
0.09728,-0.46292973
0.097282,0.46169758
0.097284,1.3400936
0.097286,2.126027
0.097288,2.8657289
0.09729,3.420505
0.097292,3.7903562
0.097294,3.92905
0.097296,3.92905
0.097298,3.6516623
0.0973,3.1893477
0.097302,2.5883412
0.097304,1.8486385
0.097306,1.0164738
0.097308,0.091846466
0.09731,-0.83278084
0.097312,-1.6649456
0.097314,-2.4508786
0.097316,-3.098118
0.097318,-3.5604317
0.09732,-3.8840513
0.097322,-3.976514
0.097324,-3.8378198
0.097326,-3.5142004
0.097328,-3.0056553
0.09733,-2.3121846
0.097332,-1.48002
0.097334,-0.6478553
0.097336,0.27677202
0.097338,1.2013993
0.09734,1.9873328
0.097342,2.727035
0.097343996,3.3280425
0.097346,3.744125
0.097348,3.92905
0.09735,3.92905
0.097352,3.6978936
0.097354,3.2818112
0.097356,2.727035
0.097358,1.9873328
0.09736,1.1551685
0.097362,0.27677202
0.097364,-0.6478553
0.097366,-1.5262513
0.097368,-2.3121846
0.09737,-3.0056553
0.097372,-3.5142004
0.097374,-3.8378198
0.097376,-3.976514
0.097378,-3.8840513
0.09738,-3.5604317
0.097382,-3.098118
0.097384,-2.4508786
0.097386,-1.6649456
0.097388,-0.78654957
0.097389996,0.13807821
0.097392,1.0164738
0.097394,1.8486385
0.097396,2.6345725
0.097398,3.23558
0.0974,3.6516623
0.097402,3.92905
0.097404,3.92905
0.097406,3.744125
0.097408,3.3742738
0.09741,2.8194976
0.097412,2.126027
0.097414,1.2938623
0.097416,0.4154663
0.097418,-0.5091615
0.09742,-1.387557
0.097422,-2.1734905
0.097424,-2.866961
0.097426,-3.4217377
0.097428,-3.7915885
0.09743,-3.9302826
0.097432,-3.8840513
0.097434,-3.6528945
0.097436,-3.1905808
0.097438,-2.5433414
0.09744,-1.8036394
0.097442,-0.9252434
0.097444,-0.046847343
0.097446,0.87777996
0.097448,1.7099442
0.09745,2.4958777
0.097452,3.1431174
0.097454,3.605431
0.097456,3.8828197
0.097458,3.9752812
0.09746,3.8365874
0.097462,3.4667363
0.097464,2.9119601
0.097466,2.2647214
0.097467996,1.4787879
0.09747,0.60039186
0.097472,-0.32423592
0.097474,-1.2488632
0.097476,-2.0347965
0.097478,-2.7744985
0.09748,-3.329275
0.097482,-3.745357
0.097484,-3.9302826
0.097486,-3.9302826
0.097488,-2.866961
0.09749,0.7390857
0.097492,2.542109
0.097494,1.8948698
0.097496,1.0627055
0.097498,0.184309
0.0975,-0.7403178
0.097502,-1.5724826
0.097504,-2.3584158
0.097506,-3.0518866
0.097508,-3.5604317
0.09751,-3.8840513
0.097512,-3.976514
0.097513996,-3.8840513
0.097516,-3.5604317
0.097518,-3.0518866
0.09752,-2.4046474
0.097522,-1.5724826
0.097524,-0.7403178
0.097526,0.184309
0.097528,1.1089368
0.09753,1.9411016
0.097532,2.6808028
0.097534,3.2818112
0.097536,3.6978936
0.097538,3.92905
0.09754,3.92905
0.097542,3.744125
0.097544,3.3742738
0.097546,2.7732663
0.097548,2.0797954
0.09755,1.2476311
0.097552,0.36923456
0.097554,-0.55539227
0.097556,-1.4337888
0.097558,-2.2197218
0.09756,-2.9131925
0.097562,-3.467969
0.097564,-3.7915885
0.097566,-3.9302826
0.097568,-3.8840513
0.09757,-3.6066632
0.097572,-3.1443493
0.097574,-2.4971101
0.097576,-1.7111769
0.097578,-0.8790121
0.09758,0.045615196
0.097582,0.970243
0.097584,1.8024073
0.097586,2.542109
0.097588,3.1893477
0.09759,3.6516623
0.097591996,3.8828197
0.097594,3.9752812
0.097596,3.7903562
0.097598,3.420505
0.0976,2.9119601
0.097602,2.2184901
0.097604,1.3863249
0.097606,0.50792885
0.097608,-0.41669846
0.09761,-1.2950945
0.097612,-2.081028
0.097614,-2.8207297
0.097616,-3.3755062
0.097618,-3.745357
0.09762,-3.9302826
0.097622,-3.9302826
0.097624,-3.6528945
0.097626,-3.236812
0.097628,-2.6358042
0.09763,-1.8961024
0.097632,-1.0177064
0.097634,-0.13931036
0.097636,0.7853174
0.097637996,1.6637135
0.09764,2.4496465
0.097642,3.0968862
0.097644,3.5591989
0.097646,3.8828197
0.097648,3.9752812
0.09765,3.8365874
0.097652,3.5129685
0.097654,3.0044227
0.097656,2.3109517
0.097658,1.5250192
0.09766,0.6928544
0.097662,-0.2317729
0.097664,-1.1564007
0.097666,-1.9423337
0.097668,-2.6820357
0.09767,-3.2830436
0.097672,-3.6991258
0.097674,-3.9302826
0.097676,-3.9302826
0.097678,-3.745357
0.09768,-3.329275
0.097682,-2.728267
0.097684,-1.9885652
0.097686,-1.202632
0.097688,-0.27800417
0.09769,0.64662313
0.097692,1.4787879
0.097694,2.3109517
0.097696,2.9581914
0.097698,3.5129685
0.0977,3.8365874
0.097702,3.9752812
0.097704,3.8828197
0.097706,3.5591989
0.097708,3.0968862
0.09771,2.4496465
0.097712,1.6637135
0.097714,0.8315482
0.097715996,-0.09307861
0.097718,-0.9714751
0.09772,-1.8036394
0.097722,-2.589573
0.097724,-3.1905808
0.097726,-3.6528945
0.097728,-3.8840513
0.09773,-3.9302826
0.097732,-3.7915885
0.097734,-3.4217377
0.097736,-2.866961
0.097738,-2.1734905
0.09774,-1.3413262
0.097742,-0.46292973
0.097744,0.46169758
0.097746,1.3863249
0.097748,2.172258
0.09775,2.8657289
0.097752,3.420505
0.097754,3.7903562
0.097756,3.92905
0.097758,3.8828197
0.09776,3.6516623
0.097761996,3.1893477
0.097764,2.5883412
0.097766,1.8024073
0.097768,0.970243
0.09777,0.091846466
0.097772,-0.83278084
0.097774,-1.6649456
0.097776,-2.4508786
0.097778,-3.098118
0.09778,-3.6066632
0.097782,-3.8840513
0.097784,-3.976514
0.097786,-3.8378198
0.097788,-3.467969
0.09779,-2.9594238
0.097792,-2.2659533
0.097794,-1.48002
0.097796,-0.601624
0.097798,0.3230033
0.0978,1.2013993
0.097802,2.033564
0.097804,2.7732663
0.097806,3.3280425
0.097808,3.744125
0.09781,3.92905
0.097812,3.92905
0.097814,3.6978936
0.097816,3.2818112
0.097818,2.6808028
0.09782,1.9411016
0.097822,1.1551685
0.097824,0.23054075
0.097826,-0.694087
0.097828,-1.5262513
0.09783,-2.3121846
0.097832,-3.0056553
0.097834,-3.5142004
0.097836,-3.8378198
0.097838,-3.976514
0.097839996,-3.8378198
0.097842,-3.5604317
0.097844,-3.0518866
0.097846,-2.4046474
0.097848,-1.6187139
0.09785,-0.78654957
0.097852,0.13807821
0.097854,1.0627055
0.097856,1.8948698
0.097858,2.6345725
0.09786,3.23558
0.097862,3.6978936
0.097864,3.92905
0.097866,3.92905
0.097868,3.744125
0.09787,3.3742738
0.097872,2.8194976
0.097874,2.0797954
0.097876,1.2938623
0.097878,0.4154663
0.09788,-0.5091615
0.097882,-1.387557
0.097884,-2.1734905
0.097885996,-2.9131925
0.097888,-3.4217377
0.09789,-3.7915885
0.097892,-3.9302826
0.097894,-3.8840513
0.097896,-3.6066632
0.097898,-3.1905808
0.0979,-2.5433414
0.097902,-1.7574081
0.097904,-0.9252434
0.097906,-6.160736E-4
0.097908,-0.2317729
0.09791,-1.8036394
0.097912,-2.5433414
0.097914,-3.1905808
0.097916,-3.6528945
0.097918,-3.9302826
0.09792,-4.022745
0.097922,-3.8378198
0.097924,-3.5142004
0.097926,-2.9594238
0.097928,-2.2659533
0.09793,-1.48002
0.097932,-0.601624
0.097934,0.36923456
0.097936,1.2476311
0.097938,2.0797954
0.09794,2.7732663
0.097942,3.3742738
0.097944,3.744125
0.097946,3.92905
0.097948,3.8828197
0.09795,3.6516623
0.097952,3.23558
0.097954,2.6345725
0.097956,1.8948698
0.097958,1.0627055
0.09796,0.184309
0.097962,-0.7403178
0.097963996,-1.5724826
0.097966,-2.3584158
0.097968,-3.0518866
0.09797,-3.5604317
0.097972,-3.8378198
0.097974,-3.976514
0.097976,-3.8378198
0.097978,-3.5604317
0.09798,-3.0518866
0.097982,-2.3584158
0.097984,-1.5724826
0.097986,-0.694087
0.097988,0.184309
0.09799,1.1089368
0.097992,1.9411016
0.097994,2.6808028
0.097996,3.2818112
0.097998,3.6978936
0.098,3.92905
0.098002,3.92905
0.098004,3.744125
0.098006,3.3280425
0.098008,2.7732663
0.098009996,2.033564
0.098012,1.2476311
0.098014,0.3230033
0.098016,-0.601624
0.098018,-1.48002
0.09802,-2.2197218
0.098022,-2.9131925
0.098024,-3.467969
0.098026,-3.7915885
0.098028,-3.976514
0.09803,-3.8840513
0.098032,-3.6066632
0.098034,-3.1443493
0.098036,-2.4971101
0.098038,-1.7111769
0.09804,-0.8790121
0.098042,0.045615196
0.098044,0.970243
0.098046,1.8024073
0.098048,2.542109
0.09805,3.1893477
0.098052,3.6516623
0.098054,3.8828197
0.098056,3.92905
0.098058,3.7903562
0.09806,3.420505
0.098062,2.8657289
0.098064,2.172258
0.098066,1.3863249
0.098068,0.50792885
0.09807,-0.41669846
0.098072,-1.2950945
0.098074,-2.1272593
0.098076,-2.8207297
0.098078,-3.3755062
0.09808,-3.7915885
0.098082,-3.9302826
0.098084,-3.9302826
0.098086,-3.6528945
0.098087996,-3.236812
0.09809,-2.6358042
0.098092,-1.8498712
0.098094,-1.0177064
0.098096,-0.09307861
0.098098,0.7853174
0.0981,1.6637135
0.098102,2.4496465
0.098104,3.0968862
0.098106,3.5591989
0.098108,3.8828197
0.09811,3.9752812
0.098112,3.8365874
0.098114,3.5129685
0.098116,3.0044227
0.098118,2.3109517
0.09812,1.5250192
0.098122,0.64662313
0.098124,-0.27800417
0.098126,-1.1564007
0.098128,-1.9885652
0.09813,-2.728267
0.098132,-3.2830436
0.098133996,-3.6991258
0.098136,-3.9302826
0.098138,-3.9302826
0.09814,-3.745357
0.098142,-3.329275
0.098144,-2.728267
0.098146,-1.9885652
0.098148,-1.1564007
0.09815,-0.27800417
0.098152,0.64662313
0.098154,1.5250192
0.098156,2.3109517
0.098158,3.0044227
0.09816,3.5129685
0.098162,3.8365874
0.098164,3.9752812
0.098166,3.8828197
0.098168,3.5591989
0.09817,3.0968862
0.098172,2.4496465
0.098174,1.6637135
0.098176,0.8315482
0.098178,-0.09307861
0.09818,-1.0177064
0.098182,-1.8498712
0.098184,-2.589573
0.098186,-3.1905808
0.098188,-3.6528945
0.09819,-3.9302826
0.098192,-3.9302826
0.098194,-3.7915885
0.098196,-3.4217377
0.098198,-2.866961
0.0982,-2.1272593
0.098202,-1.3413262
0.098204,-0.41669846
0.098206,0.50792885
0.098208,1.3863249
0.09821,2.172258
0.098211996,2.8657289
0.098214,3.420505
0.098216,3.7903562
0.098218,3.92905
0.09822,3.8828197
0.098222,3.6516623
0.098224,3.1893477
0.098226,2.542109
0.098228,1.8024073
0.09823,0.970243
0.098232,0.045615196
0.098234,-0.83278084
0.098236,-1.7111769
0.098238,-2.4508786
0.09824,-3.098118
0.098242,-3.6066632
0.098244,-3.8840513
0.098246,-3.976514
0.098248,-3.8378198
0.09825,-3.467969
0.098252,-2.9594238
0.098254,-2.2659533
0.098256,-1.48002
0.098257996,-0.601624
0.09826,0.3230033
0.098262,1.2476311
0.098264,2.033564
0.098266,2.7732663
0.098268,3.3280425
0.09827,3.744125
0.098272,3.92905
0.098274,3.92905
0.098276,3.6978936
0.098278,3.2818112
0.09828,2.6808028
0.098282,1.9411016
0.098284,1.1089368
0.098286,0.23054075
0.098288,-0.694087
0.09829,-1.5262513
0.098292,-2.3584158
0.098294,-3.0056553
0.098296,-3.5142004
0.098298,-3.8378198
0.0983,-3.976514
0.098302,-3.8378198
0.098304,-3.5604317
0.098306,-3.0518866
0.098308,-2.4046474
0.09831,-1.6187139
0.098312,-0.7403178
0.098314,0.184309
0.098316,1.0627055
0.098318,1.8948698
0.09832,2.6345725
0.098322,3.23558
0.098324,3.6978936
0.098326,3.92905
0.098328,3.2818112
0.09833,-0.13931036
0.098332,-3.0056553
0.098334,-2.7744985
0.098335996,-2.081028
0.098338,-1.2488632
0.09834,-0.3704667
0.098342,0.5541601
0.098344,1.4325566
0.098346,2.2647214
0.098348,2.9119601
0.09835,3.4667363
0.098352,3.8365874
0.098354,3.9752812
0.098356,3.8828197
0.098358,3.605431
0.09836,3.1431174
0.098362,2.4958777
0.098364,1.756176
0.098366,0.92401123
0.098368,-6.160736E-4
0.09837,-0.9252434
0.098372,-1.7574081
0.098374,-2.4971101
0.098376,-3.1443493
0.098378,-3.6066632
0.09838,-3.8840513
0.098381996,-3.9302826
0.098384,-3.7915885
0.098386,-3.467969
0.098388,-2.9131925
0.09839,-2.2197218
0.098392,-1.4337888
0.098394,-0.5091615
0.098396,0.4154663
0.098398,1.2938623
0.0984,2.0797954
0.098402,2.8194976
0.098404,3.3742738
0.098406,3.744125
0.098408,3.92905
0.09841,3.92905
0.098412,3.6516623
0.098414,3.23558
0.098416,2.6345725
0.098418,1.8948698
0.09842,1.0627055
0.098422,0.13807821
0.098424,-0.7403178
0.098426,-1.6187139
0.098427996,-2.4046474
0.09843,-3.0518866
0.098432,-3.5604317
0.098434,-3.8378198
0.098436,-3.976514
0.098438,-3.8378198
0.09844,-3.5142004
0.098442,-3.0056553
0.098444,-2.3584158
0.098446,-1.5262513
0.098448,-0.694087
0.09845,0.23054075
0.098452,1.1551685
0.098454,1.9411016
0.098456,2.6808028
0.098458,3.2818112
0.09846,3.6978936
0.098462,3.92905
0.098464,3.92905
0.098466,3.744125
0.098468,3.3280425
0.09847,2.727035
0.098472,2.033564
0.098474,1.2013993
0.098476,0.3230033
0.098478,-0.601624
0.09848,-1.48002
0.098482,-2.2659533
0.098484,-2.9594238
0.098486,-3.467969
0.098488,-3.8378198
0.09849,-3.976514
0.098492,-3.8840513
0.098494,-3.6066632
0.098496,-3.1443493
0.098498,-2.4971101
0.0985,-1.7111769
0.098502,-0.83278084
0.098504,0.091846466
0.098505996,0.970243
0.098508,1.8024073
0.09851,2.5883412
0.098512,3.1893477
0.098514,3.6516623
0.098516,3.8828197
0.098518,3.92905
0.09852,3.7903562
0.098522,3.420505
0.098524,2.8657289
0.098526,2.172258
0.098528,1.3400936
0.09853,0.46169758
0.098532,-0.46292973
0.098534,-1.3413262
0.098536,-2.1272593
0.098538,-2.8207297
0.09854,-3.4217377
0.098542,-3.7915885
0.098544,-3.9302826
0.098546,-3.9302826
0.098548,-3.6528945
0.09855,-3.236812
0.098551996,-2.589573
0.098554,-1.8498712
0.098556,-1.0177064
0.098558,-0.09307861
0.09856,0.8315482
0.098562,1.6637135
0.098564,2.4496465
0.098566,3.0968862
0.098568,3.605431
0.09857,3.8828197
0.098572,3.9752812
0.098574,3.8365874
0.098576,3.5129685
0.098578,2.9581914
0.09858,2.3109517
0.098582,1.4787879
0.098584,0.64662313
0.098586,-0.27800417
0.098588,-1.202632
0.09859,-1.9885652
0.098592,-2.728267
0.098594,-3.329275
0.098596,-3.745357
0.098598,-3.9302826
0.0986,-3.9302826
0.098602,-3.6991258
0.098604,-3.329275
0.098606,-2.728267
0.098608,-1.9885652
0.09861,-1.1564007
0.098612,-0.2317729
0.098614,0.6928544
0.098616,1.5250192
0.098618,2.3109517
0.09862,3.0044227
0.098622,3.5129685
0.098624,3.8365874
0.098626,3.9752812
0.098628,3.8828197
0.098629996,3.5591989
0.098632,3.050654
0.098634,2.4034152
0.098636,1.6174817
0.098638,0.7853174
0.09864,-0.13931036
0.098642,-1.0177064
0.098644,-1.8498712
0.098646,-2.589573
0.098648,-3.236812
0.09865,-3.6528945
0.098652,-3.9302826
0.098654,-3.9302826
0.098656,-3.745357
0.098658,-3.3755062
0.09866,-2.8207297
0.098662,-2.1272593
0.098664,-1.2950945
0.098666,-0.41669846
0.098668,0.50792885
0.09867,1.3863249
0.098672,2.2184901
0.098674,2.9119601
0.098675996,3.420505
0.098678,3.7903562
0.09868,3.9752812
0.098682,3.8828197
0.098684,3.6516623
0.098686,3.1893477
0.098688,2.542109
0.09869,1.756176
0.098692,0.92401123
0.098694,0.045615196
0.098696,-0.8790121
0.098698,-1.7111769
0.0987,-2.4971101
0.098702,-3.1443493
0.098704,-3.6066632
0.098706,-3.8840513
0.098708,-3.976514
0.09871,-3.7915885
0.098712,-3.467969
0.098714,-2.9594238
0.098716,-2.2659533
0.098718,-1.48002
0.09872,-0.55539227
0.098722,0.36923456
0.098724,1.2476311
0.098726,2.0797954
0.098728,2.7732663
0.09873,3.3742738
0.098732,3.744125
0.098734,3.92905
0.098736,3.92905
0.098738,3.6978936
0.09874,3.2818112
0.098742,2.6808028
0.098744,1.9411016
0.098746,1.1089368
0.098748,0.23054075
0.09875,0.8315482
0.098752,1.6637135
0.098753996,2.4496465
0.098756,3.0968862
0.098758,3.605431
0.09876,3.92905
0.098762,4.0215135
0.098764,3.8828197
0.098766,3.605431
0.098768,3.0968862
0.09877,2.4034152
0.098772,1.6174817
0.098774,0.7853174
0.098776,-0.13931036
0.098778,-1.0639377
0.09878,-1.8961024
0.098782,-2.6358042
0.098784,-3.236812
0.098786,-3.6528945
0.098788,-3.8840513
0.09879,-3.9302826
0.098792,-3.745357
0.098794,-3.329275
0.098796,-2.7744985
0.098798,-2.0347965
0.098799996,-1.2488632
0.098802,-0.32423592
0.098804,0.60039186
0.098806,1.4787879
0.098808,2.2647214
0.09881,2.9581914
0.098812,3.4667363
0.098814,3.8365874
0.098816,3.9752812
0.098818,3.8828197
0.09882,3.605431
0.098822,3.1431174
0.098824,2.4958777
0.098826,1.756176
0.098828,0.87777996
0.09883,-6.160736E-4
0.098832,-0.9252434
0.098834,-1.7574081
0.098836,-2.5433414
0.098838,-3.1443493
0.09884,-3.6066632
0.098842,-3.8840513
0.098844,-3.9302826
0.098846,-3.7915885
0.098848,-3.4217377
0.09885,-2.9131925
0.098852,-2.2197218
0.098854,-1.387557
0.098856,-0.5091615
0.098858,0.4154663
0.09886,1.2938623
0.098862,2.126027
0.098864,2.8194976
0.098866,3.3742738
0.098868,3.7903562
0.09887,3.92905
0.098872,3.92905
0.098874,3.6516623
0.098876,3.23558
0.098877996,2.6345725
0.09888,1.8486385
0.098882,1.0627055
0.098884,0.13807821
0.098886,-0.78654957
0.098888,-1.6187139
0.09889,-2.4046474
0.098892,-3.0518866
0.098894,-3.5604317
0.098896,-3.8840513
0.098898,-3.976514
0.0989,-3.8378198
0.098902,-3.5142004
0.098904,-3.0056553
0.098906,-2.3584158
0.098908,-1.5262513
0.09891,-0.694087
0.098912,0.27677202
0.098914,1.1551685
0.098916,1.9873328
0.098918,2.727035
0.09892,3.3280425
0.098922,3.6978936
0.098923996,3.92905
0.098926,3.92905
0.098928,3.744125
0.09893,3.3280425
0.098932,2.727035
0.098934,1.9873328
0.098936,1.2013993
0.098938,0.27677202
0.09894,-0.601624
0.098942,-1.48002
0.098944,-2.2659533
0.098946,-2.9594238
0.098948,-3.467969
0.09895,-3.8378198
0.098952,-3.976514
0.098954,-3.8840513
0.098956,-3.6066632
0.098958,-3.098118
0.09896,-2.4508786
0.098962,-1.6649456
0.098964,-0.83278084
0.098966,0.091846466
0.098968,1.0164738
0.09897,1.8486385
0.098972,2.5883412
0.098974,3.23558
0.098976,3.6516623
0.098978,3.92905
0.09898,3.92905
0.098982,3.7903562
0.098984,3.420505
0.098986,2.8657289
0.098988,2.126027
0.09899,1.3400936
0.098992,0.46169758
0.098994,-0.46292973
0.098996,-1.3413262
0.098998,-2.1272593
0.099,-2.866961
0.099001996,-3.4217377
0.099004,-3.7915885
0.099006,-3.9302826
0.099008,-3.8840513
0.09901,-3.6528945
0.099012,-3.1905808
0.099014,-2.589573
0.099016,-1.8036394
0.099018,-0.9714751
0.09902,-0.09307861
0.099022,0.8315482
0.099024,1.7099442
0.099026,2.4496465
0.099028,3.0968862
0.09903,3.605431
0.099032,3.8828197
0.099034,3.9752812
0.099036,3.8365874
0.099038,3.4667363
0.09904,2.9581914
0.099042,2.2647214
0.099044,1.4787879
0.099046,0.60039186
0.099047996,-0.32423592
0.09905,-1.202632
0.099052,-1.9885652
0.099054,-2.728267
0.099056,-3.329275
0.099058,-3.745357
0.09906,-3.9302826
0.099062,-3.9302826
0.099064,-3.6991258
0.099066,-3.2830436
0.099068,-2.728267
0.09907,-1.9885652
0.099072,-1.1564007
0.099074,-0.2317729
0.099076,0.6928544
0.099078,1.5712504
0.09908,2.357184
0.099082,3.0044227
0.099084,3.5129685
0.099086,3.8365874
0.099088,3.9752812
0.09909,3.8828197
0.099092,3.5591989
0.099094,3.050654
0.099096,2.4034152
0.099098,1.6174817
0.0991,0.7853174
0.099102,-0.13931036
0.099104,-1.0639377
0.099106,-1.8498712
0.099108,-2.6358042
0.09911,-3.236812
0.099112,-3.6991258
0.099114,-3.9302826
0.099116,-3.9302826
0.099118,-3.745357
0.09912,-3.3755062
0.099122,-2.8207297
0.099124,-2.081028
0.099125996,-1.2950945
0.099128,-0.3704667
0.09913,0.5541601
0.099132,1.4325566
0.099134,2.2184901
0.099136,2.9119601
0.099138,3.4667363
0.09914,3.7903562
0.099142,3.9752812
0.099144,3.8828197
0.099146,3.605431
0.099148,3.1431174
0.09915,2.542109
0.099152,1.756176
0.099154,0.92401123
0.099156,-6.160736E-4
0.099158,-0.8790121
0.09916,-1.7111769
0.099162,-2.4971101
0.099164,-3.1443493
0.099166,-3.6066632
0.099168,-3.8378198
0.09917,-0.6478553
0.099171996,3.050654
0.099174,3.420505
0.099176,2.9119601
0.099178,2.2184901
0.09918,1.4325566
0.099182,0.5541601
0.099184,-0.3704667
0.099186,-1.2488632
0.099188,-2.081028
0.09919,-2.7744985
0.099192,-3.3755062
0.099194,-3.745357
0.099196,-3.9302826
0.099198,-3.9302826
0.0992,-3.6991258
0.099202,-3.236812
0.099204,-2.6358042
0.099206,-1.8961024
0.099208,-1.0639377
0.09921,-0.13931036
0.099212,0.7390857
0.099214,1.6174817
0.099216,2.4034152
0.099218,3.050654
0.09922,3.5591989
0.099222,3.8828197
0.099224,3.9752812
0.099226,3.8365874
0.099228,3.5129685
0.09923,3.0044227
0.099232,2.357184
0.099234,1.5712504
0.099236,0.6928544
0.099238,-0.18554163
0.09924,-1.1101689
0.099242,-1.9423337
0.099244,-2.6820357
0.099246,-3.2830436
0.099248,-3.6991258
0.099249996,-3.9302826
0.099252,-3.9302826
0.099254,-3.745357
0.099256,-3.329275
0.099258,-2.7744985
0.09926,-2.0347965
0.099262,-1.2488632
0.099264,-0.32423592
0.099266,0.60039186
0.099268,1.4787879
0.09927,2.2647214
0.099272,2.9581914
0.099274,3.4667363
0.099276,3.8365874
0.099278,3.9752812
0.09928,3.8828197
0.099282,3.605431
0.099284,3.1431174
0.099286,2.4958777
0.099288,1.7099442
0.09929,0.87777996
0.099292,-0.046847343
0.099294,-0.9714751
0.099295996,-1.8036394
0.099298,-2.5433414
0.0993,-3.1905808
0.099302,-3.6528945
0.099304,-3.8840513
0.099306,-3.9302826
0.099308,-3.7915885
0.09931,-3.4217377
0.099312,-2.866961
0.099314,-2.1734905
0.099316,-1.387557
0.099318,-0.46292973
0.09932,0.46169758
0.099322,1.3400936
0.099324,2.126027
0.099326,2.8657289
0.099328,3.420505
0.09933,3.7903562
0.099332,3.92905
0.099334,3.92905
0.099336,3.6516623
0.099338,3.23558
0.09934,2.5883412
0.099342,1.8486385
0.099344,1.0164738
0.099346,0.13807821
0.099348,-0.78654957
0.09935,-1.6187139
0.099352,-2.4046474
0.099354,-3.098118
0.099356,-3.5604317
0.099358,-3.8840513
0.09936,-3.976514
0.099362,-3.8378198
0.099364,-3.5142004
0.099366,-3.0056553
0.099368,-2.3121846
0.09937,-1.5262513
0.099372,-0.6478553
0.099373996,0.27677202
0.099376,1.2013993
0.099378,1.9873328
0.09938,2.727035
0.099382,3.3280425
0.099384,3.744125
0.099386,3.92905
0.099388,3.92905
0.09939,3.6978936
0.099392,3.3280425
0.099394,2.727035
0.099396,1.9873328
0.099398,1.1551685
0.0994,0.27677202
0.099402,-0.6478553
0.099404,-1.48002
0.099406,-2.3121846
0.099408,-2.9594238
0.09941,-3.5142004
0.099412,-3.8378198
0.099414,-3.976514
0.099416,-3.8840513
0.099418,-3.5604317
0.099419996,-3.098118
0.099422,-2.4508786
0.099424,-1.6649456
0.099426,-0.78654957
0.099428,0.13807821
0.09943,1.0164738
0.099432,1.8486385
0.099434,2.6345725
0.099436,3.23558
0.099438,3.6516623
0.09944,3.92905
0.099442,3.92905
0.099444,3.7903562
0.099446,3.3742738
0.099448,2.8194976
0.09945,2.126027
0.099452,1.3400936
0.099454,0.4154663
0.099456,-0.5091615
0.099458,-1.387557
0.09946,-2.1734905
0.099462,-2.866961
0.099464,-3.4217377
0.099465996,-3.7915885
0.099468,-3.9302826
0.09947,-3.8840513
0.099472,-3.6528945
0.099474,-3.1905808
0.099476,-2.589573
0.099478,-1.8036394
0.09948,-0.9714751
0.099482,-0.046847343
0.099484,0.87777996
0.099486,1.7099442
0.099488,2.4958777
0.09949,3.1431174
0.099492,3.605431
0.099494,3.8828197
0.099496,3.9752812
0.099497996,3.8365874
0.0995,3.4667363
0.099502,2.9581914
0.099504,2.2647214
0.099506,1.4787879
0.099508,0.60039186
0.09951,-0.32423592
0.099512,-1.202632
0.099514,-2.0347965
0.099516,-2.7744985
0.099518,-3.329275
0.09952,-3.745357
0.099522,-3.9302826
0.099524,-3.9302826
0.099526,-3.6991258
0.099528,-3.2830436
0.09953,-2.6820357
0.099532,-1.9423337
0.099534,-1.1101689
0.099536,-0.18554163
0.099538,0.7390857
0.09954,1.5712504
0.099542,2.357184
0.099543996,3.050654
0.099546,3.5591989
0.099548,3.8365874
0.09955,3.9752812
0.099552,3.8365874
0.099554,3.5591989
0.099556,3.050654
0.099558,2.4034152
0.09956,1.6174817
0.099562,0.7390857
0.099564,-0.18554163
0.099566,-1.0639377
0.099568,-1.8961024
0.09957,-2.6358042
0.099572,-3.236812
0.099574,-3.6991258
0.099576,-3.9302826
0.099578,-3.9302826
0.09958,-3.745357
0.099582,-3.3755062
0.099584,-2.8207297
0.099586,-2.081028
0.099588,-1.3413262
0.099589996,0.23054075
0.099592,-0.6478553
0.099594,-1.48002
0.099596,-2.2659533
0.099598,-2.9594238
0.0996,-3.5142004
0.099602,-3.8378198
0.099604,-4.022745
0.099606,-3.9302826
0.099608,-3.6528945
0.09961,-3.1905808
0.099612,-2.5433414
0.099614,-1.8036394
0.099616,-0.9252434
0.099618,-6.160736E-4
0.09962,0.92401123
0.099622,1.756176
0.099624,2.4958777
0.099626,3.1431174
0.099628,3.605431
0.09963,3.8828197
0.099632,3.92905
0.099634,3.7903562
0.099636,3.420505
0.099638,2.9119601
0.09964,2.2184901
0.099642,1.4325566
0.099644,0.50792885
0.099646,-0.3704667
0.099648,-1.2950945
0.09965,-2.081028
0.099652,-2.8207297
0.099654,-3.3755062
0.099656,-3.745357
0.099658,-3.9302826
0.09966,-3.9302826
0.099662,-3.6991258
0.099664,-3.236812
0.099666,-2.6358042
0.099667996,-1.8961024
0.09967,-1.0639377
0.099672,-0.13931036
0.099674,0.7853174
0.099676,1.6174817
0.099678,2.4034152
0.09968,3.050654
0.099682,3.5591989
0.099684,3.8828197
0.099686,3.9752812
0.099688,3.8365874
0.09969,3.5129685
0.099692,3.0044227
0.099694,2.357184
0.099696,1.5250192
0.099698,0.6928544
0.0997,-0.2317729
0.099702,-1.1101689
0.099704,-1.9423337
0.099706,-2.6820357
0.099708,-3.2830436
0.09971,-3.6991258
0.099712,-3.9302826
0.099713996,-3.9302826
0.099716,-3.745357
0.099718,-3.329275
0.09972,-2.7744985
0.099722,-2.0347965
0.099724,-1.202632
0.099726,-0.32423592
0.099728,0.60039186
0.09973,1.4787879
0.099732,2.2647214
0.099734,2.9581914
0.099736,3.5129685
0.099738,3.8365874
0.09974,3.9752812
0.099742,3.8828197
0.099744,3.605431
0.099746,3.0968862
0.099748,2.4496465
0.09975,1.7099442
0.099752,0.8315482
0.099754,-0.046847343
0.099756,-0.9714751
0.099758,-1.8036394
0.09976,-2.5433414
0.099762,-3.1905808
0.099764,-3.6528945
0.099766,-3.8840513
0.099768,-3.9302826
0.09977,-3.7915885
0.099772,-3.4217377
0.099774,-2.866961
0.099776,-2.1734905
0.099778,-1.387557
0.09978,-0.46292973
0.099782,0.46169758
0.099784,1.3400936
0.099786,2.172258
0.099788,2.8657289
0.09979,3.420505
0.099791996,3.7903562
0.099794,3.92905
0.099796,3.92905
0.099798,3.6516623
0.0998,3.1893477
0.099802,2.5883412
0.099804,1.8486385
0.099806,1.0164738
0.099808,0.091846466
0.09981,-0.83278084
0.099812,-1.6649456
0.099814,-2.4508786
0.099816,-3.098118
0.099818,-3.5604317
0.09982,-3.8840513
0.099822,-3.976514
0.099824,-3.8378198
0.099826,-3.5142004
0.099828,-2.9594238
0.09983,-2.3121846
0.099832,-1.48002
0.099834,-0.6478553
0.099836,0.27677202
0.099837996,1.2013993
0.09984,2.033564
0.099842,2.727035
0.099844,3.3280425
0.099846,3.744125
0.099848,3.92905
0.09985,3.92905
0.099852,3.6978936
0.099854,3.2818112
0.099856,2.727035
0.099858,1.9873328
0.09986,1.1551685
0.099862,0.27677202
0.099864,-0.6478553
0.099866,-1.5262513
0.099868,-2.3121846
0.09987,-3.0056553
0.099872,-3.5142004
0.099874,-3.8378198
0.099876,-3.976514
0.099878,-3.8840513
0.09988,-3.5604317
0.099882,-3.098118
0.099884,-2.4508786
0.099886,-1.6187139
0.099888,-0.78654957
0.09989,0.13807821
0.099892,1.0627055
0.099894,1.8948698
0.099896,2.6345725
0.099898,3.23558
0.0999,3.6978936
0.099902,3.92905
0.099904,3.92905
0.099906,3.744125
0.099908,3.3742738
0.09991,2.8194976
0.099912,2.126027
0.099914,1.2938623
0.099915996,0.4154663
0.099918,-0.5091615
0.09992,-1.387557
0.099922,-2.1734905
0.099924,-2.866961
0.099926,-3.4217377
0.099928,-3.7915885
0.09993,-3.9302826
0.099932,-3.8840513
0.099934,-3.6528945
0.099936,-3.1905808
0.099938,-2.5433414
0.09994,-1.8036394
0.099942,-0.9252434
0.099944,-0.046847343
0.099946,0.87777996
0.099948,1.7099442
0.09995,2.4958777
0.099952,3.1431174
0.099954,3.605431
0.099956,3.8828197
0.099958,3.9752812
0.09996,3.7903562
0.099961996,3.4667363
0.099964,2.9119601
0.099966,2.2184901
0.099968,1.4787879
0.09997,0.5541601
0.099972,-0.32423592
0.099974,-1.2488632
0.099976,-2.0347965
0.099978,-2.7744985
0.09998,-3.329275
0.099982,-3.745357
0.099984,-3.9302826
0.099986,-3.9302826
0.099988,-3.6991258
0.09999,-3.2830436
0.099992,-2.6820357
0.099994,-1.9423337
0.099996,-1.1101689
0.099998,-0.18554163
0.1,0.7390857
0.100002,1.5712504
0.100004,2.357184
0.100006,3.050654
0.100008,3.5591989
0.10001,0.7390857
0.100012,-2.5433414
0.100014,-3.8378198
0.100016,-3.5604317
0.100018,-3.0518866
0.10002,-2.4046474
0.100022,-1.5724826
0.100024,-0.7403178
0.100026,0.184309
0.100028,1.1089368
0.10003,1.9411016
0.100032,2.6808028
0.100034,3.2818112
0.100036,3.6978936
0.100038,3.92905
0.100039996,3.92905
0.100042,3.744125
0.100044,3.3280425
0.100046,2.7732663
0.100048,2.033564
0.10005,1.2476311
0.100052,0.3230033
0.100054,-0.55539227
0.100056,-1.4337888
0.100058,-2.2197218
0.10006,-2.9131925
0.100062,-3.467969
0.100064,-3.8378198
0.100066,-3.976514
0.100068,-3.8840513
0.10007,-3.6066632
0.100072,-3.1443493
0.100074,-2.4971101
0.100076,-1.7111769
0.100078,-0.8790121
0.10008,0.045615196
0.100082,0.970243
0.100084,1.8024073
0.100085996,2.542109
0.100088,3.1893477
0.10009,3.6516623
0.100092,3.8828197
0.100094,3.92905
0.100096,3.7903562
0.100098,3.420505
0.1001,2.8657289
0.100102,2.172258
0.100104,1.3863249
0.100106,0.50792885
0.100108,-0.41669846
0.10011,-1.2950945
0.100112,-2.081028
0.100114,-2.8207297
0.100116,-3.3755062
0.100118,-3.745357
0.10012,-3.9302826
0.100122,-3.9302826
0.100124,-3.6528945
0.100126,-3.236812
0.100128,-2.6358042
0.10013,-1.8498712
0.100132,-1.0177064
0.100134,-0.13931036
0.100136,0.7853174
0.100138,1.6637135
0.10014,2.4496465
0.100142,3.0968862
0.100144,3.5591989
0.100146,3.8828197
0.100148,3.9752812
0.10015,3.8365874
0.100152,3.5129685
0.100154,3.0044227
0.100156,2.3109517
0.100158,1.5250192
0.10016,0.64662313
0.100162,-0.2317729
0.100163996,-1.1564007
0.100166,-1.9423337
0.100168,-2.6820357
0.10017,-3.2830436
0.100172,-3.6991258
0.100174,-3.9302826
0.100176,-3.9302826
0.100178,-3.745357
0.10018,-3.329275
0.100182,-2.728267
0.100184,-2.0347965
0.100186,-1.202632
0.100188,-0.27800417
0.10019,0.64662313
0.100192,1.4787879
0.100194,2.3109517
0.100196,3.0044227
0.100198,3.5129685
0.1002,3.8365874
0.100202,3.9752812
0.100204,3.8828197
0.100206,3.5591989
0.100208,3.0968862
0.100209996,2.4496465
0.100212,1.6637135
0.100214,0.8315482
0.100216,-0.09307861
0.100218,-1.0177064
0.10022,-1.8036394
0.100222,-2.589573
0.100224,-3.1905808
0.100226,-3.6528945
0.100228,-3.8840513
0.10023,-3.9302826
0.100232,-3.7915885
0.100234,-3.4217377
0.100236,-2.866961
0.100238,-2.1734905
0.10024,-1.3413262
0.100242,-0.46292973
0.100244,0.46169758
0.100246,1.3863249
0.100248,2.172258
0.10025,2.8657289
0.100252,3.420505
0.100254,3.7903562
0.100256,3.92905
0.100258,3.8828197
0.10026,3.6516623
0.100262,3.1893477
0.100264,2.5883412
0.100266,1.8024073
0.100268,0.970243
0.10027,0.091846466
0.100272,-0.83278084
0.100274,-1.6649456
0.100276,-2.4508786
0.100278,-3.098118
0.10028,-3.6066632
0.100282,-3.8840513
0.100284,-3.976514
0.100286,-3.8378198
0.100287996,-3.467969
0.10029,-2.9594238
0.100292,-2.2659533
0.100294,-1.48002
0.100296,-0.601624
0.100298,0.3230033
0.1003,1.2013993
0.100302,2.033564
0.100304,2.7732663
0.100306,3.3280425
0.100308,3.744125
0.10031,3.92905
0.100312,3.92905
0.100314,3.6978936
0.100316,3.2818112
0.100318,2.6808028
0.10032,1.9411016
0.100322,1.1089368
0.100324,0.23054075
0.100326,-0.694087
0.100328,-1.5262513
0.10033,-2.3121846
0.100332,-3.0056553
0.100333996,-3.5142004
0.100336,-3.8378198
0.100338,-3.976514
0.10034,-3.8378198
0.100342,-3.5604317
0.100344,-3.0518866
0.100346,-2.4046474
0.100348,-1.6187139
0.10035,-0.7403178
0.100352,0.13807821
0.100354,1.0627055
0.100356,1.8948698
0.100358,2.6345725
0.10036,3.23558
0.100362,3.6978936
0.100364,3.92905
0.100366,3.92905
0.100368,3.744125
0.10037,3.3742738
0.100372,2.8194976
0.100374,2.0797954
0.100376,1.2938623
0.100378,0.36923456
0.10038,-0.5091615
0.100382,-1.4337888
0.100384,-2.2197218
0.100386,-2.9131925
0.100388,-3.467969
0.10039,-3.7915885
0.100392,-3.9302826
0.100394,-3.8840513
0.100396,-3.6066632
0.100398,-3.1443493
0.1004,-2.5433414
0.100402,-1.7574081
0.100404,-0.9252434
0.100406,-6.160736E-4
0.100408,0.92401123
0.10041,1.756176
0.100411996,2.542109
0.100414,3.1431174
0.100416,3.605431
0.100418,3.8828197
0.10042,3.9752812
0.100422,3.7903562
0.100424,3.4667363
0.100426,2.9119601
0.100428,2.2184901
0.10043,-0.5091615
0.100432,-0.46292973
0.100434,0.46169758
0.100436,1.3400936
0.100438,2.172258
0.10044,2.8657289
0.100442,3.420505
0.100444,3.7903562
0.100446,3.9752812
0.100448,3.9752812
0.10045,3.744125
0.100452,3.2818112
0.100454,2.6808028
0.100456,1.9411016
0.100457996,1.1089368
0.10046,0.184309
0.100462,-0.7403178
0.100464,-1.5724826
0.100466,-2.3584158
0.100468,-3.0056553
0.10047,-3.5142004
0.100472,-3.8378198
0.100474,-3.9302826
0.100476,-3.8378198
0.100478,-3.5142004
0.10048,-3.0056553
0.100482,-2.3584158
0.100484,-1.5724826
0.100486,-0.694087
0.100488,0.23054075
0.10049,1.1089368
0.100492,1.9411016
0.100494,2.6808028
0.100496,3.2818112
0.100498,3.6978936
0.1005,3.92905
0.100502,3.92905
0.100504,3.744125
0.100506,3.3280425
0.100508,2.7732663
0.10051,2.033564
0.100512,1.2476311
0.100514,0.3230033
0.100516,-0.601624
0.100518,-1.48002
0.10052,-2.2197218
0.100522,-2.9131925
0.100524,-3.467969
0.100526,-3.7915885
0.100528,-3.9302826
0.10053,-3.8840513
0.100532,-3.6066632
0.100534,-3.1443493
0.100535996,-2.4971101
0.100538,-1.7111769
0.10054,-0.8790121
0.100542,0.045615196
0.100544,0.970243
0.100546,1.8024073
0.100548,2.5883412
0.10055,3.1893477
0.100552,3.6516623
0.100554,3.8828197
0.100556,3.92905
0.100558,3.7903562
0.10056,3.420505
0.100562,2.8657289
0.100564,2.172258
0.100566,1.3863249
0.100568,0.50792885
0.10057,-0.41669846
0.100572,-1.2950945
0.100574,-2.1272593
0.100576,-2.8207297
0.100578,-3.3755062
0.10058,-3.7915885
0.100581996,-3.9302826
0.100584,-3.9302826
0.100586,-3.6528945
0.100588,-3.236812
0.10059,-2.6358042
0.100592,-1.8498712
0.100594,-1.0177064
0.100596,-0.09307861
0.100598,0.8315482
0.1006,1.6637135
0.100602,2.4496465
0.100604,3.0968862
0.100606,3.5591989
0.100608,3.8828197
0.10061,3.9752812
0.100612,3.8365874
0.100614,3.5129685
0.100616,3.0044227
0.100618,2.3109517
0.10062,1.5250192
0.100622,0.64662313
0.100624,-0.27800417
0.100626,-1.1564007
0.100627996,-1.9885652
0.10063,-2.728267
0.100632,-3.329275
0.100634,-3.6991258
0.100636,-3.9302826
0.100638,-3.9302826
0.10064,-3.6991258
0.100642,-3.329275
0.100644,-2.728267
0.100646,-1.9885652
0.100648,-1.1564007
0.10065,-0.27800417
0.100652,0.64662313
0.100654,1.5250192
0.100656,2.3109517
0.100658,3.0044227
0.100659996,3.5129685
0.100662,3.8365874
0.100664,3.9752812
0.100666,3.8828197
0.100668,3.5591989
0.10067,3.0968862
0.100672,2.4496465
0.100674,1.6637135
0.100676,0.7853174
0.100678,-0.09307861
0.10068,-1.0177064
0.100682,-1.8498712
0.100684,-2.589573
0.100686,-3.1905808
0.100688,-3.6528945
0.10069,-3.9302826
0.100692,-3.9302826
0.100694,-3.7915885
0.100696,-3.3755062
0.100698,-2.866961
0.1007,-2.1272593
0.100702,-1.3413262
0.100704,-0.41669846
0.100705996,0.50792885
0.100708,1.3863249
0.10071,2.172258
0.100712,2.8657289
0.100714,3.420505
0.100716,3.7903562
0.100718,3.9752812
0.10072,3.8828197
0.100722,3.6516623
0.100724,3.1893477
0.100726,2.542109
0.100728,1.8024073
0.10073,0.970243
0.100732,0.045615196
0.100734,-0.8790121
0.100736,-1.7111769
0.100738,-2.4508786
0.10074,-3.098118
0.100742,-3.6066632
0.100744,-3.8840513
0.100746,-3.976514
0.100748,-3.8378198
0.10075,-3.467969
0.100751996,-2.9594238
0.100754,-2.2659533
0.100756,-1.48002
0.100758,-0.601624
0.10076,0.3230033
0.100762,1.2476311
0.100764,2.033564
0.100766,2.7732663
0.100768,3.3280425
0.10077,3.744125
0.100772,3.92905
0.100774,3.92905
0.100776,3.6978936
0.100778,3.2818112
0.10078,2.6808028
0.100782,1.9411016
0.100784,1.1089368
0.100786,0.23054075
0.100788,-0.694087
0.10079,-1.5262513
0.100792,-2.3584158
0.100794,-3.0056553
0.100796,-3.5142004
0.100798,-3.8378198
0.1008,-3.976514
0.100802,-3.8378198
0.100804,-3.5604317
0.100806,-3.0518866
0.100808,-2.4046474
0.10081,-1.6187139
0.100812,-0.7403178
0.100814,0.184309
0.100816,1.0627055
0.100818,1.8948698
0.10082,2.6345725
0.100822,3.2818112
0.100824,3.6978936
0.100826,3.92905
0.100828,3.92905
0.100829996,3.744125
0.100832,3.3742738
0.100834,2.7732663
0.100836,2.0797954
0.100838,1.2476311
0.10084,0.36923456
0.100842,-0.55539227
0.100844,-1.4337888
0.100846,-2.2197218
0.100848,-2.9131925
0.10085,-1.0639377
0.100852,2.6808028
0.100854,3.9752812
0.100856,3.92905
0.100858,3.6516623
0.10086,3.1893477
0.100862,2.542109
0.100864,1.756176
0.100866,0.92401123
0.100868,-6.160736E-4
0.10087,-0.8790121
0.100872,-1.7574081
0.100874,-2.4971101
0.100875996,-3.1443493
0.100878,-3.6066632
0.10088,-3.8840513
0.100882,-3.9302826
0.100884,-3.7915885
0.100886,-3.4217377
0.100888,-2.9131925
0.10089,-2.2197218
0.100892,-1.387557
0.100894,-0.5091615
0.100896,0.4154663
0.100898,1.2938623
0.1009,2.126027
0.100902,2.8194976
0.100904,3.3742738
0.100906,3.7903562
0.100908,3.92905
0.10091,3.92905
0.100912,3.6978936
0.100914,3.23558
0.100916,2.6345725
0.100918,1.8948698
0.10092,1.0627055
0.100922,0.13807821
0.100924,-0.7403178
0.100926,-1.6187139
0.100928,-2.4046474
0.10093,-3.0518866
0.100932,-3.5604317
0.100934,-3.8378198
0.100936,-3.976514
0.100938,-3.8378198
0.10094,-3.5142004
0.100942,-3.0056553
0.100944,-2.3584158
0.100946,-1.5262513
0.100948,-0.694087
0.10095,0.23054075
0.100952,1.1551685
0.100953996,1.9873328
0.100956,2.727035
0.100958,3.2818112
0.10096,3.6978936
0.100962,3.92905
0.100964,3.92905
0.100966,3.744125
0.100968,3.3280425
0.10097,2.727035
0.100972,2.033564
0.100974,1.2013993
0.100976,0.3230033
0.100978,-0.601624
0.10098,-1.48002
0.100982,-2.2659533
0.100984,-2.9594238
0.100986,-3.467969
0.100988,-3.8378198
0.10099,-3.976514
0.100992,-3.8840513
0.100994,-3.6066632
0.100996,-3.098118
0.100998,-2.4508786
0.100999996,-1.6649456
0.101002,-0.83278084
0.101004,0.091846466
0.101006,0.970243
0.101008,1.8486385
0.10101,2.5883412
0.101012,3.1893477
0.101014,3.6516623
0.101016,3.92905
0.101018,3.92905
0.10102,3.7903562
0.101022,3.420505
0.101024,2.8657289
0.101026,2.172258
0.101028,1.3400936
0.10103,0.46169758
0.101032,-0.46292973
0.101034,-1.3413262
0.101036,-2.1272593
0.101038,-2.8207297
0.10104,-3.4217377
0.101042,-3.7915885
0.101044,-3.9302826
0.101046,-3.8840513
0.101048,-3.6528945
0.10105,-3.1905808
0.101052,-2.589573
0.101054,-1.8498712
0.101056,-0.9714751
0.101058,-0.09307861
0.10106,0.8315482
0.101062,1.6637135
0.101064,2.4496465
0.101066,3.0968862
0.101068,3.605431
0.10107,3.8828197
0.101072,3.9752812
0.101074,3.8365874
0.101076,3.5129685
0.101077996,2.9581914
0.10108,2.2647214
0.101082,1.4787879
0.101084,0.64662313
0.101086,-0.27800417
0.101088,-1.202632
0.10109,-1.9885652
0.101092,-2.728267
0.101094,-3.329275
0.101096,-3.745357
0.101098,-3.9302826
0.1011,-3.9302826
0.101102,-3.6991258
0.101104,-3.2830436
0.101106,-2.728267
0.101108,-1.9885652
0.10111,-1.1564007
0.101112,-0.2317729
0.101114,0.6928544
0.101116,1.5250192
0.101118,2.357184
0.10112,3.0044227
0.101122,3.5129685
0.101123996,3.8365874
0.101126,3.9752812
0.101128,3.8828197
0.10113,3.5591989
0.101132,3.050654
0.101134,2.4034152
0.101136,1.6174817
0.101138,0.7853174
0.10114,-0.13931036
0.101142,-1.0177064
0.101144,-1.8498712
0.101146,-2.6358042
0.101148,-3.236812
0.10115,-3.6528945
0.101152,-3.9302826
0.101154,-3.9302826
0.101156,-3.745357
0.101158,-3.3755062
0.10116,-2.8207297
0.101162,-2.1272593
0.101164,-1.2950945
0.101166,-0.41669846
0.101168,0.50792885
0.10117,1.4325566
0.101172,2.2184901
0.101174,2.9119601
0.101176,3.4667363
0.101178,3.7903562
0.10118,3.9752812
0.101182,3.8828197
0.101184,3.6516623
0.101186,3.1893477
0.101188,2.542109
0.10119,1.756176
0.101192,0.92401123
0.101194,0.045615196
0.101196,-0.8790121
0.101198,-1.7111769
0.1012,-2.4971101
0.101201996,-3.1443493
0.101204,-3.6066632
0.101206,-3.8840513
0.101208,-3.976514
0.10121,-3.7915885
0.101212,-3.467969
0.101214,-2.9131925
0.101216,-2.2659533
0.101218,-1.4337888
0.10122,-0.55539227
0.101222,0.36923456
0.101224,1.2476311
0.101226,2.0797954
0.101228,2.7732663
0.10123,3.3742738
0.101232,3.744125
0.101234,3.92905
0.101236,3.92905
0.101238,3.6978936
0.10124,3.2818112
0.101242,2.6808028
0.101244,1.8948698
0.101246,1.1089368
0.101247996,0.184309
0.10125,-0.7403178
0.101252,-1.5724826
0.101254,-2.3584158
0.101256,-3.0518866
0.101258,-3.5604317
0.10126,-3.8378198
0.101262,-3.976514
0.101264,-3.8378198
0.101266,-3.5604317
0.101268,-3.0518866
0.10127,-0.9714751
0.101272,1.3863249
0.101274,0.64662313
0.101276,-0.2317729
0.101278,-1.1564007
0.10128,-1.9423337
0.101282,-2.6820357
0.101284,-3.329275
0.101286,-3.745357
0.101288,-3.976514
0.10129,-3.976514
0.101292,-3.7915885
0.101294,-3.3755062
0.101296,-2.8207297
0.101298,-2.081028
0.1013,-1.2488632
0.101302,-0.3704667
0.101304,0.5541601
0.101306,1.4787879
0.101308,2.2647214
0.10131,2.9581914
0.101312,3.4667363
0.101314,3.8365874
0.101316,3.9752812
0.101318,3.8828197
0.10132,3.605431
0.101322,3.1431174
0.101324,2.4958777
0.101325996,1.7099442
0.101328,0.87777996
0.10133,-0.046847343
0.101332,-0.9252434
0.101334,-1.7574081
0.101336,-2.5433414
0.101338,-3.1905808
0.10134,-3.6528945
0.101342,-3.8840513
0.101344,-3.976514
0.101346,-3.7915885
0.101348,-3.4217377
0.10135,-2.9131925
0.101352,-2.2197218
0.101354,-1.387557
0.101356,-0.5091615
0.101358,0.4154663
0.10136,1.2938623
0.101362,2.126027
0.101364,2.8194976
0.101366,3.3742738
0.101368,3.744125
0.10137,3.92905
0.101371996,3.92905
0.101374,3.6516623
0.101376,3.23558
0.101378,2.6345725
0.10138,1.8486385
0.101382,1.0164738
0.101384,0.13807821
0.101386,-0.78654957
0.101388,-1.6187139
0.10139,-2.4046474
0.101392,-3.0518866
0.101394,-3.5604317
0.101396,-3.8840513
0.101398,-3.976514
0.1014,-3.8378198
0.101402,-3.5142004
0.101404,-3.0056553
0.101406,-2.3121846
0.101408,-1.5262513
0.10141,-0.6478553
0.101412,0.27677202
0.101414,1.1551685
0.101416,1.9873328
0.101418,2.727035
0.10142,3.3280425
0.101422,3.744125
0.101424,3.92905
0.101426,3.92905
0.101428,3.744125
0.10143,3.3280425
0.101432,2.727035
0.101434,1.9873328
0.101436,1.2013993
0.101438,0.27677202
0.10144,-0.601624
0.101442,-1.48002
0.101444,-2.2659533
0.101446,-2.9594238
0.101448,-3.467969
0.101449996,-3.8378198
0.101452,-3.9302826
0.101454,-3.8840513
0.101456,-3.6066632
0.101458,-3.098118
0.10146,-2.4508786
0.101462,-1.6649456
0.101464,-0.83278084
0.101466,0.091846466
0.101468,1.0164738
0.10147,1.8486385
0.101472,2.5883412
0.101474,3.1893477
0.101476,3.6516623
0.101478,3.8828197
0.10148,3.92905
0.101482,3.7903562
0.101484,3.420505
0.101486,2.8194976
0.101488,2.126027
0.10149,1.3400936
0.101492,0.46169758
0.101494,-0.46292973
0.101495996,-1.3413262
0.101498,-2.1272593
0.1015,-2.866961
0.101502,-3.4217377
0.101504,-3.7915885
0.101506,-3.9302826
0.101508,-3.9302826
0.10151,-3.6528945
0.101512,-3.1905808
0.101514,-2.589573
0.101516,-1.8036394
0.101518,-0.9714751
0.10152,-0.046847343
0.101522,0.8315482
0.101524,1.7099442
0.101526,2.4958777
0.101528,3.0968862
0.10153,3.605431
0.101532,3.8828197
0.101534,3.9752812
0.101536,3.8365874
0.101538,3.4667363
0.10154,2.9581914
0.101542,2.2647214
0.101544,1.4787879
0.101546,0.60039186
0.101548,-0.32423592
0.10155,-1.202632
0.101552,-2.0347965
0.101554,-2.728267
0.101556,-3.329275
0.101558,-3.745357
0.10156,-3.9302826
0.101562,-3.9302826
0.101564,-3.6991258
0.101566,-3.2830436
0.101568,-2.6820357
0.10157,-1.9423337
0.101572,-1.1564007
0.101573996,-0.2317729
0.101576,0.6928544
0.101578,1.5712504
0.10158,2.357184
0.101582,3.0044227
0.101584,3.5129685
0.101586,3.8365874
0.101588,3.9752812
0.10159,3.8365874
0.101592,3.5591989
0.101594,3.050654
0.101596,2.4034152
0.101598,1.6174817
0.1016,0.7390857
0.101602,-0.13931036
0.101604,-1.0639377
0.101606,-1.8498712
0.101608,-2.6358042
0.10161,-3.236812
0.101612,-3.6991258
0.101614,-3.9302826
0.101616,-3.9302826
0.101618,-3.745357
0.101619996,-3.3755062
0.101622,-2.8207297
0.101624,-2.081028
0.101626,-1.2950945
0.101628,-0.3704667
0.10163,0.5541601
0.101632,1.4325566
0.101634,2.2184901
0.101636,2.9119601
0.101638,3.4667363
0.10164,3.7903562
0.101642,3.9752812
0.101644,3.8828197
0.101646,3.605431
0.101648,3.1431174
0.10165,2.542109
0.101652,1.756176
0.101654,0.92401123
0.101656,-6.160736E-4
0.101658,-0.8790121
0.10166,-1.7574081
0.101662,-2.4971101
0.101664,-3.1443493
0.101666,-3.6066632
0.101668,-3.8840513
0.10167,-3.976514
0.101672,-3.7915885
0.101674,-3.467969
0.101676,-2.9131925
0.101678,-2.2197218
0.10168,-1.4337888
0.101682,-0.55539227
0.101684,0.36923456
0.101686,1.2938623
0.101688,2.0797954
0.10169,0.92401123
0.101692,-2.3584158
0.101694,-3.7915885
0.101696,-3.976514
0.101697996,-3.976514
0.1017,-3.6991258
0.101702,-3.2830436
0.101704,-2.6820357
0.101706,-1.9423337
0.101708,-1.1101689
0.10171,-0.18554163
0.101712,0.7390857
0.101714,1.5712504
0.101716,2.357184
0.101718,3.050654
0.10172,3.5591989
0.101722,3.8365874
0.101724,3.92905
0.101726,3.8365874
0.101728,3.5129685
0.10173,3.0044227
0.101732,2.357184
0.101734,1.5250192
0.101736,0.6928544
0.101738,-0.2317729
0.10174,-1.1101689
0.101742,-1.9423337
0.101743996,-2.6820357
0.101746,-3.2830436
0.101748,-3.6991258
0.10175,-3.9302826
0.101752,-3.9302826
0.101754,-3.745357
0.101756,-3.329275
0.101758,-2.7744985
0.10176,-2.0347965
0.101762,-1.2488632
0.101764,-0.32423592
0.101766,0.60039186
0.101768,1.4787879
0.10177,2.2647214
0.101772,2.9581914
0.101774,3.4667363
0.101776,3.8365874
0.101778,3.9752812
0.10178,3.8828197
0.101782,3.605431
0.101784,3.0968862
0.101786,2.4496465
0.101788,1.7099442
0.101789996,0.8315482
0.101792,-0.046847343
0.101794,-0.9714751
0.101796,-1.8036394
0.101798,-2.5433414
0.1018,-3.1905808
0.101802,-3.6528945
0.101804,-3.8840513
0.101806,-3.9302826
0.101808,-3.7915885
0.10181,-3.4217377
0.101812,-2.866961
0.101814,-2.1734905
0.101816,-1.387557
0.101818,-0.46292973
0.10182,0.46169758
0.101821996,1.3400936
0.101824,2.126027
0.101826,2.8657289
0.101828,3.420505
0.10183,3.7903562
0.101832,3.92905
0.101834,3.92905
0.101836,3.6516623
0.101838,3.1893477
0.10184,2.5883412
0.101842,1.8486385
0.101844,1.0164738
0.101846,0.091846466
0.101848,-0.78654957
0.10185,-1.6649456
0.101852,-2.4046474
0.101854,-3.098118
0.101856,-3.5604317
0.101858,-3.8840513
0.10186,-3.976514
0.101862,-3.8378198
0.101864,-3.5142004
0.101866,-3.0056553
0.101867996,-2.3121846
0.10187,-1.48002
0.101872,-0.6478553
0.101874,0.27677202
0.101876,1.2013993
0.101878,1.9873328
0.10188,2.727035
0.101882,3.3280425
0.101884,3.744125
0.101886,3.92905
0.101888,3.92905
0.10189,3.6978936
0.101892,3.2818112
0.101894,2.727035
0.101896,1.9873328
0.101898,1.1551685
0.1019,0.27677202
0.101902,-0.6478553
0.101904,-1.48002
0.101906,-2.3121846
0.101908,-2.9594238
0.10191,-3.5142004
0.101912,-3.8378198
0.101913996,-3.976514
0.101916,-3.8840513
0.101918,-3.5604317
0.10192,-3.098118
0.101922,-2.4508786
0.101924,-1.6649456
0.101926,-0.78654957
0.101928,0.13807821
0.10193,1.0164738
0.101932,1.8486385
0.101934,2.6345725
0.101936,3.23558
0.101938,3.6516623
0.10194,3.92905
0.101942,3.92905
0.101944,3.7903562
0.101946,3.3742738
0.101948,2.8194976
0.10195,2.126027
0.101952,1.2938623
0.101954,0.4154663
0.101956,-0.5091615
0.101958,-1.387557
0.10196,-2.1734905
0.101962,-2.866961
0.101964,-3.4217377
0.101966,-3.7915885
0.101968,-3.9302826
0.10197,-3.8840513
0.101972,-3.6528945
0.101974,-3.1905808
0.101976,-2.5433414
0.101978,-1.8036394
0.10198,-0.9714751
0.101982,-0.046847343
0.101984,0.87777996
0.101986,1.7099442
0.101988,2.4958777
0.10199,3.1431174
0.101991996,3.605431
0.101994,3.8828197
0.101996,3.9752812
0.101998,3.7903562
0.102,3.4667363
0.102002,2.9581914
0.102004,2.2647214
0.102006,1.4787879
0.102008,0.60039186
0.10201,-0.32423592
0.102012,-1.2488632
0.102014,-2.0347965
0.102016,-2.7744985
0.102018,-3.329275
0.10202,-3.745357
0.102022,-3.9302826
0.102024,-3.9302826
0.102026,-3.6991258
0.102028,-3.2830436
0.10203,-2.6820357
0.102032,-1.9423337
0.102034,-1.1101689
0.102036,-0.18554163
0.102037996,0.7390857
0.10204,1.5712504
0.102042,2.357184
0.102044,3.050654
0.102046,3.5591989
0.102048,3.8365874
0.10205,3.9752812
0.102052,3.8365874
0.102054,3.5591989
0.102056,3.050654
0.102058,2.357184
0.10206,1.5712504
0.102062,0.7390857
0.102064,-0.18554163
0.102066,-1.0639377
0.102068,-1.8961024
0.10207,-2.6358042
0.102072,-3.236812
0.102074,-3.6991258
0.102076,-3.9302826
0.102078,-3.9302826
0.10208,-3.745357
0.102082,-3.3755062
0.102084,-2.8207297
0.102086,-2.081028
0.102088,-1.2488632
0.10209,-0.3704667
0.102092,0.5541601
0.102094,1.4325566
0.102096,2.2184901
0.102098,2.9119601
0.1021,3.4667363
0.102102,3.7903562
0.102104,3.9752812
0.102106,3.8828197
0.102108,3.605431
0.10211,1.9873328
0.102112,-1.3413262
0.102114,-1.6649456
0.102115996,-0.83278084
0.102118,0.091846466
0.10212,0.970243
0.102122,1.8024073
0.102124,2.5883412
0.102126,3.1893477
0.102128,3.6516623
0.10213,3.92905
0.102132,3.9752812
0.102134,3.8365874
0.102136,3.4667363
0.102138,2.9119601
0.10214,2.2184901
0.102142,1.4325566
0.102144,0.5541601
0.102146,-0.3704667
0.102148,-1.2488632
0.10215,-2.081028
0.102152,-2.7744985
0.102154,-3.3755062
0.102156,-3.745357
0.102158,-3.9302826
0.10216,-3.9302826
0.102161996,-3.6528945
0.102164,-3.236812
0.102166,-2.6358042
0.102168,-1.8961024
0.10217,-1.0639377
0.102172,-0.13931036
0.102174,0.7853174
0.102176,1.6174817
0.102178,2.4034152
0.10218,3.0968862
0.102182,3.5591989
0.102184,3.8828197
0.102186,3.9752812
0.102188,3.8365874
0.10219,3.5129685
0.102192,3.0044227
0.102194,2.357184
0.102196,1.5250192
0.102198,0.6928544
0.1022,-0.2317729
0.102202,-1.1101689
0.102204,-1.9423337
0.102206,-2.6820357
0.102208,-3.2830436
0.10221,-3.6991258
0.102212,-3.9302826
0.102214,-3.9302826
0.102216,-3.745357
0.102218,-3.329275
0.10222,-2.7744985
0.102222,-2.0347965
0.102224,-1.202632
0.102226,-0.32423592
0.102228,0.60039186
0.10223,1.4787879
0.102232,2.2647214
0.102234,2.9581914
0.102236,3.5129685
0.102238,3.8365874
0.102239996,3.9752812
0.102242,3.8828197
0.102244,3.605431
0.102246,3.0968862
0.102248,2.4496465
0.10225,1.6637135
0.102252,0.8315482
0.102254,-0.09307861
0.102256,-0.9714751
0.102258,-1.8036394
0.10226,-2.5433414
0.102262,-3.1905808
0.102264,-3.6528945
0.102266,-3.8840513
0.102268,-3.9302826
0.10227,-3.7915885
0.102272,-3.4217377
0.102274,-2.866961
0.102276,-2.1734905
0.102278,-1.3413262
0.10228,-0.46292973
0.102282,0.46169758
0.102284,1.3400936
0.102285996,2.172258
0.102288,2.8657289
0.10229,3.420505
0.102292,3.7903562
0.102294,3.92905
0.102296,3.8828197
0.102298,3.6516623
0.1023,3.1893477
0.102302,2.5883412
0.102304,1.8486385
0.102306,1.0164738
0.102308,0.091846466
0.10231,-0.83278084
0.102312,-1.6649456
0.102314,-2.4508786
0.102316,-3.098118
0.102318,-3.6066632
0.10232,-3.8840513
0.102322,-3.976514
0.102324,-3.8378198
0.102326,-3.5142004
0.102328,-2.9594238
0.10233,-2.3121846
0.102332,-1.48002
0.102334,-0.601624
0.102336,0.3230033
0.102338,1.2013993
0.10234,2.033564
0.102342,2.727035
0.102344,3.3280425
0.102346,3.744125
0.102348,3.92905
0.10235,3.92905
0.102352,3.6978936
0.102354,3.2818112
0.102356,2.6808028
0.102358,1.9873328
0.10236,1.1551685
0.102362,0.23054075
0.102363996,-0.6478553
0.102366,-1.5262513
0.102368,-2.3121846
0.10237,-3.0056553
0.102372,-3.5142004
0.102374,-3.8378198
0.102376,-3.976514
0.102378,-3.8840513
0.10238,-3.5604317
0.102382,-3.098118
0.102384,-2.4046474
0.102386,-1.6187139
0.102388,-0.78654957
0.10239,0.13807821
0.102392,1.0627055
0.102394,1.8948698
0.102396,2.6345725
0.102398,3.23558
0.1024,3.6978936
0.102402,3.92905
0.102404,3.92905
0.102406,3.744125
0.102408,3.3742738
0.102409996,2.8194976
0.102412,2.126027
0.102414,1.2938623
0.102416,0.4154663
0.102418,-0.5091615
0.10242,-1.387557
0.102422,-2.1734905
0.102424,-2.866961
0.102426,-3.4217377
0.102428,-3.7915885
0.10243,-3.9302826
0.102432,-3.8840513
0.102434,-3.6528945
0.102436,-3.1905808
0.102438,-2.5433414
0.10244,-1.7574081
0.102442,-0.9252434
0.102444,-6.160736E-4
0.102446,0.87777996
0.102448,1.756176
0.10245,2.4958777
0.102452,3.1431174
0.102454,3.605431
0.102456,3.8828197
0.102458,3.9752812
0.10246,3.7903562
0.102462,3.4667363
0.102464,2.9119601
0.102466,2.2184901
0.102468,1.4325566
0.10247,0.5541601
0.102472,-0.3704667
0.102474,-1.2488632
0.102476,-2.0347965
0.102478,-2.7744985
0.10248,-3.329275
0.102482,-3.745357
0.102484,-3.9302826
0.102486,-3.9302826
0.102487996,-3.6991258
0.10249,-3.2830436
0.102492,-2.6820357
0.102494,-1.9423337
0.102496,-1.1101689
0.102498,-0.18554163
0.1025,0.7390857
0.102502,1.5712504
0.102504,2.4034152
0.102506,3.050654
0.102508,3.5591989
0.10251,3.8365874
0.102512,3.9752812
0.102514,3.8365874
0.102516,3.5591989
0.102518,3.050654
0.10252,2.357184
0.102522,1.5712504
0.102524,0.7390857
0.102526,-0.18554163
0.102528,-1.1101689
0.10253,-0.6478553
0.102532,2.542109
0.102533996,3.3280425
0.102536,3.744125
0.102538,3.9752812
0.10254,3.9752812
0.102542,3.7903562
0.102544,3.3742738
0.102546,2.8194976
0.102548,2.0797954
0.10255,1.2938623
0.102552,0.36923456
0.102554,-0.55539227
0.102556,-1.4337888
0.102558,-2.2197218
0.10256,-2.9131925
0.102562,-3.467969
0.102564,-3.7915885
0.102566,-3.9302826
0.102568,-3.8840513
0.10257,-3.6066632
0.102572,-3.1443493
0.102574,-2.4971101
0.102576,-1.7111769
0.102578,-0.8790121
0.10258,0.045615196
0.102582,0.970243
0.102584,1.8024073
0.102586,2.542109
0.102588,3.1893477
0.10259,3.6516623
0.102592,3.92905
0.102594,3.9752812
0.102596,3.7903562
0.102598,3.420505
0.1026,2.8657289
0.102602,2.172258
0.102604,1.3863249
0.102606,0.50792885
0.102608,-0.41669846
0.10261,-1.2950945
0.102611996,-2.081028
0.102614,-2.8207297
0.102616,-3.3755062
0.102618,-3.745357
0.10262,-3.9302826
0.102622,-3.9302826
0.102624,-3.6528945
0.102626,-3.236812
0.102628,-2.6358042
0.10263,-1.8498712
0.102632,-1.0177064
0.102634,-0.13931036
0.102636,0.7853174
0.102638,1.6637135
0.10264,2.4496465
0.102642,3.0968862
0.102644,3.5591989
0.102646,3.8828197
0.102648,3.9752812
0.10265,3.8365874
0.102652,3.5129685
0.102654,3.0044227
0.102656,2.3109517
0.102657996,1.5250192
0.10266,0.64662313
0.102662,-0.27800417
0.102664,-1.1564007
0.102666,-1.9885652
0.102668,-2.6820357
0.10267,-3.2830436
0.102672,-3.6991258
0.102674,-3.9302826
0.102676,-3.9302826
0.102678,-3.745357
0.10268,-3.329275
0.102682,-2.728267
0.102684,-1.9885652
0.102686,-1.202632
0.102688,-0.27800417
0.10269,0.64662313
0.102692,1.5250192
0.102694,2.3109517
0.102696,3.0044227
0.102698,3.5129685
0.1027,3.8365874
0.102702,3.9752812
0.102704,3.8828197
0.102706,3.5591989
0.102708,3.0968862
0.10271,2.4496465
0.102712,1.6637135
0.102714,0.8315482
0.102716,-0.09307861
0.102718,-1.0177064
0.10272,-1.8036394
0.102722,-2.589573
0.102724,-3.1905808
0.102726,-3.6528945
0.102728,-3.8840513
0.10273,-3.9302826
0.102732,-3.7915885
0.102734,-3.4217377
0.102735996,-2.866961
0.102738,-2.1272593
0.10274,-1.3413262
0.102742,-0.41669846
0.102744,0.50792885
0.102746,1.3863249
0.102748,2.172258
0.10275,2.8657289
0.102752,3.420505
0.102754,3.7903562
0.102756,3.92905
0.102758,3.8828197
0.10276,3.6516623
0.102762,3.1893477
0.102764,2.542109
0.102766,1.8024073
0.102768,0.970243
0.10277,0.045615196
0.102772,-0.83278084
0.102774,-1.6649456
0.102776,-2.4508786
0.102778,-3.098118
0.10278,-3.6066632
0.102781996,-3.8840513
0.102784,-3.976514
0.102786,-3.8378198
0.102788,-3.467969
0.10279,-2.9594238
0.102792,-2.2659533
0.102794,-1.48002
0.102796,-0.601624
0.102798,0.3230033
0.1028,1.2476311
0.102802,2.033564
0.102804,2.7732663
0.102806,3.3280425
0.102808,3.744125
0.10281,3.92905
0.102812,3.92905
0.102814,3.6978936
0.102816,3.2818112
0.102818,2.6808028
0.10282,1.9411016
0.102822,1.1089368
0.102824,0.23054075
0.102826,-0.694087
0.102827996,-1.5262513
0.10283,-2.3121846
0.102832,-3.0056553
0.102834,-3.5142004
0.102836,-3.8378198
0.102838,-3.976514
0.10284,-3.8378198
0.102842,-3.5604317
0.102844,-3.0518866
0.102846,-2.4046474
0.102848,-1.6187139
0.10285,-0.7403178
0.102852,0.184309
0.102854,1.0627055
0.102856,1.8948698
0.102858,2.6345725
0.102859996,3.23558
0.102862,3.6978936
0.102864,3.92905
0.102866,3.92905
0.102868,3.744125
0.10287,3.3742738
0.102872,2.8194976
0.102874,2.0797954
0.102876,1.2938623
0.102878,0.36923456
0.10288,-0.55539227
0.102882,-1.4337888
0.102884,-2.2197218
0.102886,-2.9131925
0.102888,-3.467969
0.10289,-3.7915885
0.102892,-3.9302826
0.102894,-3.8840513
0.102896,-3.6066632
0.102898,-3.1443493
0.1029,-2.5433414
0.102902,-1.7574081
0.102904,-0.9252434
0.102905996,-6.160736E-4
0.102908,0.92401123
0.10291,1.756176
0.102912,2.542109
0.102914,3.1431174
0.102916,3.605431
0.102918,3.8828197
0.10292,3.9752812
0.102922,3.7903562
0.102924,3.4667363
0.102926,2.9119601
0.102928,2.2184901
0.10293,1.4325566
0.102932,0.5541601
0.102934,-0.3704667
0.102936,-1.2488632
0.102938,-2.081028
0.10294,-2.7744985
0.102942,-3.3755062
0.102944,-3.745357
0.102946,-3.9302826
0.102948,-3.9302826
0.10295,-3.0518866
0.102951996,0.46169758
0.102954,2.4958777
0.102956,1.8486385
0.102958,1.0164738
0.10296,0.13807821
0.102962,-0.78654957
0.102964,-1.6187139
0.102966,-2.4046474
0.102968,-3.0518866
0.10297,-3.5604317
0.102972,-3.8840513
0.102974,-3.976514
0.102976,-3.8840513
0.102978,-3.5604317
0.10298,-3.0518866
0.102982,-2.3584158
0.102983996,-1.5724826
0.102986,-0.694087
0.102988,0.23054075
0.10299,1.1089368
0.102992,1.9411016
0.102994,2.6808028
0.102996,3.2818112
0.102998,3.6978936
0.103,3.92905
0.103002,3.92905
0.103004,3.744125
0.103006,3.3280425
0.103008,2.7732663
0.10301,2.033564
0.103012,1.2476311
0.103014,0.3230033
0.103016,-0.601624
0.103018,-1.48002
0.10302,-2.2659533
0.103022,-2.9594238
0.103024,-3.467969
0.103026,-3.8378198
0.103028,-3.9302826
0.103029996,-3.8840513
0.103032,-3.6066632
0.103034,-3.1443493
0.103036,-2.4971101
0.103038,-1.7111769
0.10304,-0.83278084
0.103042,0.045615196
0.103044,0.970243
0.103046,1.8024073
0.103048,2.5883412
0.10305,3.1893477
0.103052,3.6516623
0.103054,3.92905
0.103056,3.9752812
0.103058,3.7903562
0.10306,3.420505
0.103062,2.8657289
0.103064,2.172258
0.103066,1.3863249
0.103068,0.50792885
0.10307,-0.41669846
0.103072,-1.3413262
0.103074,-2.1272593
0.103075996,-2.8207297
0.103078,-3.3755062
0.10308,-3.7915885
0.103082,-3.9302826
0.103084,-3.8840513
0.103086,-3.6528945
0.103088,-3.236812
0.10309,-2.589573
0.103092,-1.8498712
0.103094,-1.0177064
0.103096,-0.09307861
0.103098,0.8315482
0.1031,1.6637135
0.103102,2.4496465
0.103104,3.0968862
0.103106,3.605431
0.103108,3.8828197
0.10311,3.9752812
0.103112,3.8365874
0.103114,3.5129685
0.103116,2.9581914
0.103118,2.3109517
0.10312,1.4787879
0.103122,0.64662313
0.103124,-0.27800417
0.103126,-1.1564007
0.103128,-1.9885652
0.10313,-2.728267
0.103132,-3.329275
0.103134,-3.6991258
0.103136,-3.9302826
0.103138,-3.9302826
0.10314,-3.6991258
0.103142,-3.329275
0.103144,-2.728267
0.103146,-1.9885652
0.103148,-1.1564007
0.10315,-0.27800417
0.103152,0.64662313
0.103153996,1.5250192
0.103156,2.3109517
0.103158,3.0044227
0.10316,3.5129685
0.103162,3.8365874
0.103164,3.9752812
0.103166,3.8828197
0.103168,3.5591989
0.10317,3.0968862
0.103172,2.4496465
0.103174,1.6637135
0.103176,0.7853174
0.103178,-0.09307861
0.10318,-1.0177064
0.103182,-1.8498712
0.103184,-2.589573
0.103186,-3.236812
0.103188,-3.6528945
0.10319,-3.8840513
0.103192,-3.9302826
0.103194,-3.7915885
0.103196,-3.3755062
0.103198,-2.8207297
0.103199996,-2.1272593
0.103202,-1.3413262
0.103204,-0.41669846
0.103206,0.50792885
0.103208,1.3863249
0.10321,2.172258
0.103212,2.9119601
0.103214,3.420505
0.103216,3.7903562
0.103218,3.9752812
0.10322,3.8828197
0.103222,3.6516623
0.103224,3.1893477
0.103226,2.542109
0.103228,1.8024073
0.10323,0.970243
0.103232,0.045615196
0.103234,-0.8790121
0.103236,-1.7111769
0.103238,-2.4508786
0.10324,-3.1443493
0.103242,-3.6066632
0.103244,-3.8840513
0.103246,-3.976514
0.103248,-3.8378198
0.10325,-3.467969
0.103252,-2.9594238
0.103254,-2.2659533
0.103256,-1.48002
0.103258,-0.601624
0.10326,0.3230033
0.103262,1.2476311
0.103264,2.0797954
0.103266,2.7732663
0.103268,3.3742738
0.10327,3.744125
0.103272,3.92905
0.103274,3.92905
0.103276,3.6978936
0.103277996,3.2818112
0.10328,2.6808028
0.103282,1.9411016
0.103284,1.1089368
0.103286,0.23054075
0.103288,-0.694087
0.10329,-1.5724826
0.103292,-2.3584158
0.103294,-3.0056553
0.103296,-3.5142004
0.103298,-3.8378198
0.1033,-3.976514
0.103302,-3.8378198
0.103304,-3.5604317
0.103306,-3.0518866
0.103308,-2.4046474
0.10331,-1.5724826
0.103312,-0.7403178
0.103314,0.184309
0.103316,1.1089368
0.103318,1.8948698
0.10332,2.6808028
0.103322,3.2818112
0.103323996,3.6978936
0.103326,3.92905
0.103328,3.92905
0.10333,3.744125
0.103332,3.3742738
0.103334,2.7732663
0.103336,2.0797954
0.103338,1.2476311
0.10334,0.36923456
0.103342,-0.55539227
0.103344,-1.4337888
0.103346,-2.2197218
0.103348,-2.9131925
0.10335,-3.467969
0.103352,-3.7915885
0.103354,-3.976514
0.103356,-3.8840513
0.103358,-3.6066632
0.10336,-3.1443493
0.103362,-2.4971101
0.103364,-1.7574081
0.103366,-0.8790121
0.103368,0.045615196
0.10337,0.091846466
0.103372,-1.8036394
0.103374,-2.589573
0.103376,-3.236812
0.103378,-3.6991258
0.10338,-3.9302826
0.103382,-4.022745
0.103384,-3.8378198
0.103386,-3.467969
0.103388,-2.9594238
0.10339,-2.2659533
0.103392,-1.4337888
0.103394,-0.55539227
0.103396,0.36923456
0.103398,1.2938623
0.1034,2.0797954
0.103401996,2.8194976
0.103404,3.3742738
0.103406,3.744125
0.103408,3.92905
0.10341,3.8828197
0.103412,3.6516623
0.103414,3.23558
0.103416,2.5883412
0.103418,1.8486385
0.10342,1.0164738
0.103422,0.13807821
0.103424,-0.78654957
0.103426,-1.6187139
0.103428,-2.4046474
0.10343,-3.0518866
0.103432,-3.5604317
0.103434,-3.8840513
0.103436,-3.976514
0.103438,-3.8378198
0.10344,-3.5142004
0.103442,-3.0056553
0.103444,-2.3584158
0.103446,-1.5262513
0.103447996,-0.694087
0.10345,0.23054075
0.103452,1.1551685
0.103454,1.9873328
0.103456,2.727035
0.103458,3.2818112
0.10346,3.6978936
0.103462,3.92905
0.103464,3.92905
0.103466,3.744125
0.103468,3.3280425
0.10347,2.727035
0.103472,2.033564
0.103474,1.2013993
0.103476,0.3230033
0.103478,-0.601624
0.10348,-1.48002
0.103482,-2.2659533
0.103484,-2.9594238
0.103486,-3.467969
0.103488,-3.8378198
0.10349,-3.976514
0.103492,-3.8840513
0.103494,-3.6066632
0.103496,-3.098118
0.103498,-2.4508786
0.1035,-1.6649456
0.103502,-0.83278084
0.103504,0.091846466
0.103506,1.0164738
0.103508,1.8486385
0.10351,2.5883412
0.103512,3.23558
0.103514,3.6516623
0.103516,3.92905
0.103518,3.92905
0.10352,3.7903562
0.103522,3.420505
0.103524,2.8657289
0.103525996,2.126027
0.103528,1.3400936
0.10353,0.46169758
0.103532,-0.46292973
0.103534,-1.3413262
0.103536,-2.1272593
0.103538,-2.866961
0.10354,-3.4217377
0.103542,-3.7915885
0.103544,-3.9302826
0.103546,-3.8840513
0.103548,-3.6528945
0.10355,-3.1905808
0.103552,-2.589573
0.103554,-1.8036394
0.103556,-0.9714751
0.103558,-0.09307861
0.10356,0.8315482
0.103562,1.7099442
0.103564,2.4496465
0.103566,3.0968862
0.103568,3.605431
0.10357,3.8828197
0.103571996,3.9752812
0.103574,3.8365874
0.103576,3.4667363
0.103578,2.9581914
0.10358,2.2647214
0.103582,1.4787879
0.103584,0.60039186
0.103586,-0.27800417
0.103588,-1.202632
0.10359,-1.9885652
0.103592,-2.728267
0.103594,-3.329275
0.103596,-3.745357
0.103598,-3.9302826
0.1036,-3.9302826
0.103602,-3.6991258
0.103604,-3.2830436
0.103606,-2.728267
0.103608,-1.9885652
0.10361,-1.1564007
0.103612,-0.2317729
0.103614,0.6928544
0.103616,1.5250192
0.103618,2.357184
0.10362,3.0044227
0.103622,3.5129685
0.103624,3.8365874
0.103626,3.9752812
0.103628,3.8828197
0.10363,3.5591989
0.103632,3.050654
0.103634,2.4034152
0.103636,1.6174817
0.103638,0.7853174
0.10364,-0.13931036
0.103642,-1.0639377
0.103644,-1.8498712
0.103646,-2.6358042
0.103648,-3.236812
0.103649996,-3.6528945
0.103652,-3.9302826
0.103654,-3.9302826
0.103656,-3.745357
0.103658,-3.3755062
0.10366,-2.8207297
0.103662,-2.1272593
0.103664,-1.2950945
0.103666,-0.41669846
0.103668,0.50792885
0.10367,1.4325566
0.103672,2.2184901
0.103674,2.9119601
0.103676,3.4667363
0.103678,3.7903562
0.10368,3.9752812
0.103682,3.8828197
0.103684,3.605431
0.103686,3.1431174
0.103688,2.542109
0.10369,1.756176
0.103692,0.92401123
0.103694,0.045615196
0.103695996,-0.8790121
0.103698,-1.7111769
0.1037,-2.4971101
0.103702,-3.1443493
0.103704,-3.6066632
0.103706,-3.8840513
0.103708,-3.9302826
0.10371,-3.7915885
0.103712,-3.467969
0.103714,-2.9131925
0.103716,-2.2197218
0.103718,-1.4337888
0.10372,-0.55539227
0.103722,0.36923456
0.103724,1.2476311
0.103726,2.0797954
0.103728,2.7732663
0.10373,3.3742738
0.103732,3.744125
0.103734,3.92905
0.103736,3.92905
0.103738,3.6978936
0.10374,3.23558
0.103742,2.6345725
0.103744,1.8948698
0.103746,1.0627055
0.103748,0.184309
0.10375,-0.7403178
0.103752,-1.5724826
0.103754,-2.3584158
0.103756,-3.0518866
0.103758,-3.5604317
0.10376,-3.8378198
0.103762,-3.976514
0.103764,-3.8378198
0.103766,-3.5142004
0.103768,-3.0518866
0.10377,-2.3584158
0.103772,-1.5724826
0.103773996,-0.694087
0.103776,0.23054075
0.103778,1.1089368
0.10378,1.9411016
0.103782,2.6808028
0.103784,3.2818112
0.103786,3.6978936
0.103788,3.92905
0.10379,3.4667363
0.103792,0.13807821
0.103794,-2.9131925
0.103796,-2.7744985
0.103798,-2.0347965
0.1038,-1.2488632
0.103802,-0.32423592
0.103804,0.60039186
0.103806,1.4787879
0.103808,2.2647214
0.10381,2.9581914
0.103812,3.4667363
0.103814,3.8365874
0.103816,3.9752812
0.103818,3.8828197
0.103819996,3.605431
0.103822,3.1431174
0.103824,2.4958777
0.103826,1.7099442
0.103828,0.87777996
0.10383,-0.046847343
0.103832,-0.9252434
0.103834,-1.7574081
0.103836,-2.5433414
0.103838,-3.1905808
0.10384,-3.6528945
0.103842,-3.8840513
0.103844,-3.9302826
0.103846,-3.7915885
0.103848,-3.4217377
0.10385,-2.9131925
0.103852,-2.2197218
0.103854,-1.387557
0.103856,-0.5091615
0.103858,0.4154663
0.10386,1.3400936
0.103862,2.126027
0.103864,2.8194976
0.103866,3.3742738
0.103868,3.7903562
0.10387,3.92905
0.103872,3.92905
0.103874,3.6516623
0.103876,3.23558
0.103878,2.6345725
0.10388,1.8486385
0.103882,1.0164738
0.103884,0.13807821
0.103886,-0.78654957
0.103888,-1.6187139
0.10389,-2.4046474
0.103892,-3.0518866
0.103894,-3.5604317
0.103896,-3.8840513
0.103897996,-3.976514
0.1039,-3.8378198
0.103902,-3.5142004
0.103904,-3.0056553
0.103906,-2.3121846
0.103908,-1.5262513
0.10391,-0.6478553
0.103912,0.27677202
0.103914,1.1551685
0.103916,1.9873328
0.103918,2.727035
0.10392,3.3280425
0.103922,3.6978936
0.103924,3.92905
0.103926,3.92905
0.103928,3.744125
0.10393,3.3280425
0.103932,2.727035
0.103934,1.9873328
0.103936,1.2013993
0.103938,0.27677202
0.10394,-0.6478553
0.103942,-1.48002
0.103943996,-2.2659533
0.103946,-2.9594238
0.103948,-3.5142004
0.10395,-3.8378198
0.103952,-3.976514
0.103954,-3.8840513
0.103956,-3.6066632
0.103958,-3.098118
0.10396,-2.4508786
0.103962,-1.6649456
0.103964,-0.83278084
0.103966,0.091846466
0.103968,1.0164738
0.10397,1.8486385
0.103972,2.5883412
0.103974,3.23558
0.103976,3.6516623
0.103978,3.92905
0.10398,3.92905
0.103982,3.7903562
0.103984,3.420505
0.103986,2.8194976
0.103988,2.126027
0.103989996,1.3400936
0.103992,0.46169758
0.103994,-0.46292973
0.103996,-1.3413262
0.103998,-2.1734905
0.104,-2.866961
0.104002,-3.4217377
0.104004,-3.7915885
0.104006,-3.9302826
0.104008,-3.8840513
0.10401,-3.6528945
0.104012,-3.1905808
0.104014,-2.589573
0.104016,-1.8036394
0.104018,-0.9714751
0.10402,-0.046847343
0.104021996,0.87777996
0.104024,1.7099442
0.104026,2.4958777
0.104028,3.1431174
0.10403,3.605431
0.104032,3.8828197
0.104034,3.9752812
0.104036,3.8365874
0.104038,3.4667363
0.10404,2.9581914
0.104042,2.2647214
0.104044,1.4787879
0.104046,0.60039186
0.104048,-0.32423592
0.10405,-1.202632
0.104052,-2.0347965
0.104054,-2.728267
0.104056,-3.329275
0.104058,-3.745357
0.10406,-3.9302826
0.104062,-3.9302826
0.104064,-3.6991258
0.104066,-3.2830436
0.104067996,-2.6820357
0.10407,-1.9423337
0.104072,-1.1101689
0.104074,-0.2317729
0.104076,0.6928544
0.104078,1.5712504
0.10408,2.357184
0.104082,3.0044227
0.104084,3.5129685
0.104086,3.8365874
0.104088,3.9752812
0.10409,3.8365874
0.104092,3.5591989
0.104094,3.050654
0.104096,2.4034152
0.104098,1.6174817
0.1041,0.7390857
0.104102,-0.13931036
0.104104,-1.0639377
0.104106,-1.8961024
0.104108,-2.6358042
0.10411,-3.236812
0.104112,-3.6991258
0.104113996,-3.9302826
0.104116,-3.9302826
0.104118,-3.745357
0.10412,-3.3755062
0.104122,-2.8207297
0.104124,-2.081028
0.104126,-1.2950945
0.104128,-0.3704667
0.10413,0.5541601
0.104132,1.4325566
0.104134,2.2184901
0.104136,2.9119601
0.104138,3.4667363
0.10414,3.7903562
0.104142,3.9752812
0.104144,3.8828197
0.104145996,3.605431
0.104148,3.1431174
0.10415,2.4958777
0.104152,1.756176
0.104154,0.92401123
0.104156,-6.160736E-4
0.104158,-0.9252434
0.10416,-1.7574081
0.104162,-2.4971101
0.104164,-3.1443493
0.104166,-3.6066632
0.104168,-3.8840513
0.10417,-3.976514
0.104172,-3.7915885
0.104174,-3.467969
0.104176,-2.9131925
0.104178,-2.2197218
0.10418,-1.4337888
0.104182,-0.55539227
0.104184,0.36923456
0.104186,1.2938623
0.104188,2.0797954
0.10419,2.8194976
0.104191996,3.3742738
0.104194,3.744125
0.104196,3.92905
0.104198,3.92905
0.1042,3.6978936
0.104202,3.23558
0.104204,2.6345725
0.104206,1.8948698
0.104208,1.0627055
0.10421,0.184309
0.104212,0.87777996
0.104214,1.7099442
0.104216,2.4958777
0.104218,3.1431174
0.10422,3.605431
0.104222,3.92905
0.104224,4.0215135
0.104226,3.8828197
0.104228,3.5591989
0.10423,3.050654
0.104232,2.357184
0.104234,1.5712504
0.104236,0.7390857
0.104237996,-0.18554163
0.10424,-1.1101689
0.104242,-1.8961024
0.104244,-2.6358042
0.104246,-3.236812
0.104248,-3.6991258
0.10425,-3.8840513
0.104252,-3.9302826
0.104254,-3.6991258
0.104256,-3.329275
0.104258,-2.7744985
0.10426,-2.0347965
0.104262,-1.202632
0.104264,-0.32423592
0.104266,0.60039186
0.104268,1.4787879
0.10427,2.2647214
0.104272,2.9581914
0.104274,3.5129685
0.104276,3.8365874
0.104278,3.9752812
0.10428,3.8828197
0.104282,3.605431
0.104284,3.0968862
0.104286,2.4958777
0.104288,1.7099442
0.10429,0.87777996
0.104292,-0.046847343
0.104294,-0.9714751
0.104296,-1.8036394
0.104298,-2.5433414
0.1043,-3.1905808
0.104302,-3.6528945
0.104304,-3.8840513
0.104306,-3.9302826
0.104308,-3.7915885
0.10431,-3.4217377
0.104312,-2.866961
0.104314,-2.1734905
0.104315996,-1.387557
0.104318,-0.46292973
0.10432,0.46169758
0.104322,1.3400936
0.104324,2.126027
0.104326,2.8657289
0.104328,3.420505
0.10433,3.7903562
0.104332,3.92905
0.104334,3.92905
0.104336,3.6516623
0.104338,3.1893477
0.10434,2.5883412
0.104342,1.8486385
0.104344,1.0164738
0.104346,0.091846466
0.104348,-0.83278084
0.10435,-1.6649456
0.104352,-2.4508786
0.104354,-3.098118
0.104356,-3.5604317
0.104358,-3.8840513
0.10436,-3.976514
0.104361996,-3.8378198
0.104364,-3.5142004
0.104366,-3.0056553
0.104368,-2.3121846
0.10437,-1.48002
0.104372,-0.6478553
0.104374,0.27677202
0.104376,1.2013993
0.104378,1.9873328
0.10438,2.727035
0.104382,3.3280425
0.104384,3.744125
0.104386,3.92905
0.104388,3.92905
0.10439,3.6978936
0.104392,3.2818112
0.104394,2.727035
0.104396,1.9873328
0.104398,1.1551685
0.1044,0.27677202
0.104402,-0.6478553
0.104404,-1.5262513
0.104406,-2.3121846
0.104408,-3.0056553
0.10441,-3.5142004
0.104412,-3.8378198
0.104414,-3.976514
0.104416,-3.8840513
0.104418,-3.5604317
0.10442,-3.098118
0.104422,-2.4508786
0.104424,-1.6649456
0.104426,-0.78654957
0.104428,0.13807821
0.10443,1.0627055
0.104432,1.8948698
0.104434,2.6345725
0.104436,3.23558
0.104438,3.6516623
0.104439996,3.92905
0.104442,3.92905
0.104444,3.744125
0.104446,3.3742738
0.104448,2.8194976
0.10445,2.126027
0.104452,1.2938623
0.104454,0.4154663
0.104456,-0.5091615
0.104458,-1.387557
0.10446,-2.1734905
0.104462,-2.866961
0.104464,-3.4217377
0.104466,-3.7915885
0.104468,-3.9302826
0.10447,-3.8840513
0.104472,-3.6528945
0.104474,-3.1905808
0.104476,-2.5433414
0.104478,-1.8036394
0.10448,-0.9252434
0.104482,-0.046847343
0.104484,0.87777996
0.104485996,1.7099442
0.104488,2.4958777
0.10449,3.1431174
0.104492,3.605431
0.104494,3.8828197
0.104496,3.9752812
0.104498,3.7903562
0.1045,3.4667363
0.104502,2.9581914
0.104504,2.2647214
0.104506,1.4787879
0.104508,0.60039186
0.10451,-0.32423592
0.104512,-1.2488632
0.104514,-2.0347965
0.104516,-2.7744985
0.104518,-3.329275
0.10452,-3.745357
0.104522,-3.9302826
0.104524,-3.9302826
0.104526,-3.6991258
0.104528,-3.2830436
0.10453,-2.6820357
0.104532,-1.9423337
0.104534,-1.1101689
0.104536,-0.18554163
0.104538,0.7390857
0.10454,1.5712504
0.104542,2.357184
0.104544,3.050654
0.104546,3.5591989
0.104548,3.8365874
0.10455,3.9752812
0.104552,3.8365874
0.104554,3.5591989
0.104556,3.050654
0.104558,2.357184
0.10456,1.5712504
0.104562,0.7390857
0.104563996,-0.18554163
0.104566,-1.0639377
0.104568,-1.8961024
0.10457,-2.6358042
0.104572,-3.236812
0.104574,-3.6991258
0.104576,-3.9302826
0.104578,-3.9302826
0.10458,-3.745357
0.104582,-3.3755062
0.104584,-2.7744985
0.104586,-2.081028
0.104588,-1.2488632
0.10459,-0.3704667
0.104592,0.5541601
0.104594,1.4787879
0.104596,2.2647214
0.104598,2.9581914
0.1046,3.4667363
0.104602,3.8365874
0.104604,3.9752812
0.104606,3.8828197
0.104608,3.605431
0.104609996,3.1431174
0.104612,2.4958777
0.104614,1.7099442
0.104616,0.87777996
0.104618,-6.160736E-4
0.10462,-0.9252434
0.104622,-1.7574081
0.104624,-2.5433414
0.104626,-3.1443493
0.104628,-3.6066632
0.10463,-4.022745
0.104632,-0.9252434
0.104634,2.8194976
0.104636,3.420505
0.104638,2.9119601
0.10464,2.2184901
0.104642,1.4325566
0.104644,0.50792885
0.104646,-0.41669846
0.104648,-1.2950945
0.10465,-2.081028
0.104652,-2.8207297
0.104654,-3.3755062
0.104656,-3.745357
0.104658,-3.9302826
0.10466,-3.9302826
0.104662,-3.6991258
0.104664,-3.236812
0.104666,-2.6358042
0.104668,-1.8961024
0.10467,-1.0639377
0.104672,-0.13931036
0.104674,0.7853174
0.104676,1.6174817
0.104678,2.4034152
0.10468,3.0968862
0.104682,3.5591989
0.104684,3.8828197
0.104686,3.9752812
0.104687996,3.8365874
0.10469,3.5129685
0.104692,3.0044227
0.104694,2.3109517
0.104696,1.5250192
0.104698,0.6928544
0.1047,-0.2317729
0.104702,-1.1101689
0.104704,-1.9423337
0.104706,-2.6820357
0.104708,-3.2830436
0.10471,-3.6991258
0.104712,-3.9302826
0.104714,-3.9302826
0.104716,-3.745357
0.104718,-3.329275
0.10472,-2.7744985
0.104722,-2.0347965
0.104724,-1.202632
0.104726,-0.27800417
0.104728,0.64662313
0.10473,1.4787879
0.104732,2.3109517
0.104733996,2.9581914
0.104736,3.5129685
0.104738,3.8365874
0.10474,3.9752812
0.104742,3.8828197
0.104744,3.605431
0.104746,3.0968862
0.104748,2.4496465
0.10475,1.6637135
0.104752,0.8315482
0.104754,-0.09307861
0.104756,-0.9714751
0.104758,-1.8036394
0.10476,-2.5433414
0.104762,-3.1905808
0.104764,-3.6528945
0.104766,-3.8840513
0.104768,-3.9302826
0.10477,-3.7915885
0.104772,-3.4217377
0.104774,-2.866961
0.104776,-2.1734905
0.104778,-1.3413262
0.10478,-0.46292973
0.104782,0.46169758
0.104784,1.3863249
0.104786,2.172258
0.104788,2.8657289
0.10479,3.420505
0.104792,3.7903562
0.104794,3.9752812
0.104796,3.8828197
0.104798,3.6516623
0.1048,3.1893477
0.104802,2.5883412
0.104804,1.8024073
0.104806,0.970243
0.104808,0.091846466
0.10481,-0.83278084
0.104811996,-1.6649456
0.104814,-2.4508786
0.104816,-3.098118
0.104818,-3.6066632
0.10482,-3.8840513
0.104822,-3.976514
0.104824,-3.8378198
0.104826,-3.5142004
0.104828,-2.9594238
0.10483,-2.3121846
0.104832,-1.48002
0.104834,-0.601624
0.104836,0.3230033
0.104838,1.2013993
0.10484,2.033564
0.104842,2.7732663
0.104844,3.3280425
0.104846,3.744125
0.104848,3.92905
0.10485,3.92905
0.104852,3.6978936
0.104854,3.2818112
0.104856,2.6808028
0.104857996,1.9873328
0.10486,1.1551685
0.104862,0.23054075
0.104864,-0.6478553
0.104866,-1.5262513
0.104868,-2.3121846
0.10487,-3.0056553
0.104872,-3.5142004
0.104874,-3.8378198
0.104876,-3.976514
0.104878,-3.8840513
0.10488,-3.5604317
0.104882,-3.0518866
0.104884,-2.4046474
0.104886,-1.6187139
0.104888,-0.78654957
0.10489,0.13807821
0.104892,1.0627055
0.104894,1.8948698
0.104896,2.6345725
0.104898,3.23558
0.1049,3.6978936
0.104902,3.92905
0.104904,3.92905
0.104906,3.744125
0.104908,3.3742738
0.10491,2.8194976
0.104912,2.0797954
0.104914,1.2938623
0.104916,0.4154663
0.104918,-0.5091615
0.10492,-1.387557
0.104922,-2.1734905
0.104924,-2.866961
0.104926,-3.4217377
0.104928,-3.7915885
0.10493,-3.9302826
0.104932,-3.8840513
0.104934,-3.6528945
0.104935996,-3.1905808
0.104938,-2.5433414
0.10494,-1.7574081
0.104942,-0.9252434
0.104944,-6.160736E-4
0.104946,0.87777996
0.104948,1.756176
0.10495,2.4958777
0.104952,3.1431174
0.104954,3.605431
0.104956,3.8828197
0.104958,3.9752812
0.10496,3.7903562
0.104962,3.4667363
0.104964,2.9119601
0.104966,2.2184901
0.104968,1.4325566
0.10497,0.5541601
0.104972,-0.3704667
0.104974,-1.2488632
0.104976,-2.0347965
0.104978,-2.7744985
0.10498,-3.3755062
0.104981996,-3.745357
0.104984,-3.9302826
0.104986,-3.9302826
0.104988,-3.6991258
0.10499,-3.2830436
0.104992,-2.6820357
0.104994,-1.8961024
0.104996,-1.0639377
0.104998,-0.18554163
0.105,0.7390857
0.105002,1.6174817
0.105004,2.4034152
0.105006,3.050654
0.105008,3.5591989
0.10501,3.8365874
0.105012,3.9752812
0.105014,3.8365874
0.105016,3.5129685
0.105018,3.050654
0.10502,2.357184
0.105022,1.5712504
0.105024,0.7390857
0.105026,-0.18554163
0.105028,-1.1101689
0.10503,-1.8961024
0.105032,-2.6358042
0.105034,-3.2830436
0.105036,-3.6991258
0.105038,-3.9302826
0.10504,-3.9302826
0.105042,-3.745357
0.105044,-3.3755062
0.105046,-2.7744985
0.105048,-2.081028
0.10505,-1.2488632
0.105052,0.13807821
0.105054,-0.6478553
0.105056,-1.5262513
0.105058,-2.3121846
0.105059996,-3.0056553
0.105062,-3.5142004
0.105064,-3.8840513
0.105066,-4.022745
0.105068,-3.9302826
0.10507,-3.6528945
0.105072,-3.1905808
0.105074,-2.5433414
0.105076,-1.7574081
0.105078,-0.8790121
0.10508,0.045615196
0.105082,0.92401123
0.105084,1.756176
0.105086,2.542109
0.105088,3.1893477
0.10509,3.605431
0.105092,3.8828197
0.105094,3.92905
0.105096,3.7903562
0.105098,3.420505
0.1051,2.8657289
0.105102,2.172258
0.105104,1.3863249
0.105105996,0.50792885
0.105108,-0.41669846
0.10511,-1.3413262
0.105112,-2.1272593
0.105114,-2.8207297
0.105116,-3.3755062
0.105118,-3.7915885
0.10512,-3.9302826
0.105122,-3.9302826
0.105124,-3.6528945
0.105126,-3.236812
0.105128,-2.6358042
0.10513,-1.8498712
0.105132,-1.0177064
0.105134,-0.09307861
0.105136,0.7853174
0.105138,1.6637135
0.10514,2.4496465
0.105142,3.0968862
0.105144,3.5591989
0.105146,3.8828197
0.105148,3.9752812
0.10515,3.8365874
0.105151996,3.5129685
0.105154,3.0044227
0.105156,2.3109517
0.105158,1.5250192
0.10516,0.64662313
0.105162,-0.27800417
0.105164,-1.1564007
0.105166,-1.9885652
0.105168,-2.728267
0.10517,-3.2830436
0.105172,-3.6991258
0.105174,-3.9302826
0.105176,-3.9302826
0.105178,-3.745357
0.10518,-3.329275
0.105182,-2.728267
0.105183996,-1.9885652
0.105186,-1.1564007
0.105188,-0.27800417
0.10519,0.64662313
0.105192,1.5250192
0.105194,2.3109517
0.105196,3.0044227
0.105198,3.5129685
0.1052,3.8365874
0.105202,3.9752812
0.105204,3.8828197
0.105206,3.5591989
0.105208,3.0968862
0.10521,2.4496465
0.105212,1.6637135
0.105214,0.8315482
0.105216,-0.09307861
0.105218,-1.0177064
0.10522,-1.8498712
0.105222,-2.589573
0.105224,-3.1905808
0.105226,-3.6528945
0.105228,-3.8840513
0.105229996,-3.9302826
0.105232,-3.7915885
0.105234,-3.4217377
0.105236,-2.866961
0.105238,-2.1272593
0.10524,-1.3413262
0.105242,-0.41669846
0.105244,0.50792885
0.105246,1.3863249
0.105248,2.172258
0.10525,2.8657289
0.105252,3.420505
0.105254,3.7903562
0.105256,3.92905
0.105258,3.8828197
0.10526,3.6516623
0.105262,3.1893477
0.105264,2.542109
0.105266,1.8024073
0.105268,0.970243
0.10527,0.045615196
0.105272,-0.83278084
0.105274,-1.7111769
0.105275996,-2.4508786
0.105278,-3.098118
0.10528,-3.6066632
0.105282,-3.8840513
0.105284,-3.9302826
0.105286,-3.8378198
0.105288,-3.467969
0.10529,-2.9594238
0.105292,-2.2659533
0.105294,-1.48002
0.105296,-0.601624
0.105298,0.3230033
0.1053,1.2476311
0.105302,2.033564
0.105304,2.7732663
0.105306,3.3280425
0.105307996,3.744125
0.10531,3.92905
0.105312,3.92905
0.105314,3.6978936
0.105316,3.2818112
0.105318,2.6808028
0.10532,1.9411016
0.105322,1.1089368
0.105324,0.23054075
0.105326,-0.694087
0.105328,-1.5262513
0.10533,-2.3584158
0.105332,-3.0056553
0.105334,-3.5142004
0.105336,-3.8378198
0.105338,-3.976514
0.10534,-3.8378198
0.105342,-3.5604317
0.105344,-3.0518866
0.105346,-2.4046474
0.105348,-1.6187139
0.10535,-0.7403178
0.105352,0.184309
0.105353996,1.0627055
0.105356,1.8948698
0.105358,2.6345725
0.10536,3.2818112
0.105362,3.6978936
0.105364,3.92905
0.105366,3.92905
0.105368,3.744125
0.10537,3.3742738
0.105372,2.7732663
0.105374,2.0797954
0.105376,1.2938623
0.105378,0.36923456
0.10538,-0.55539227
0.105382,-1.4337888
0.105384,-2.2197218
0.105386,-2.9131925
0.105388,-3.467969
0.10539,-3.7915885
0.105392,-3.9302826
0.105394,-3.8840513
0.105396,-3.6066632
0.105398,-3.1443493
0.105399996,-2.5433414
0.105402,-1.7574081
0.105404,-0.9252434
0.105406,-6.160736E-4
0.105408,0.92401123
0.10541,1.756176
0.105412,2.542109
0.105414,3.1431174
0.105416,3.6516623
0.105418,3.8828197
0.10542,3.9752812
0.105422,3.7903562
0.105424,3.4667363
0.105426,2.9119601
0.105428,2.2184901
0.10543,1.4325566
0.105432,0.5541601
0.105434,-0.3704667
0.105436,-1.2950945
0.105438,-2.081028
0.10544,-2.7744985
0.105442,-3.3755062
0.105444,-3.745357
0.105446,-3.9302826
0.105448,-3.9302826
0.10545,-3.6991258
0.105452,-3.236812
0.105454,-2.6358042
0.105456,-1.8961024
0.105458,-1.0639377
0.10546,-0.13931036
0.105462,0.7853174
0.105464,1.6174817
0.105466,2.4034152
0.105468,3.050654
0.10547,3.5591989
0.105472,1.0627055
0.105474,-2.2659533
0.105476,-3.8378198
0.105477996,-3.5604317
0.10548,-3.0518866
0.105482,-2.3584158
0.105484,-1.5724826
0.105486,-0.694087
0.105488,0.23054075
0.10549,1.1089368
0.105492,1.9411016
0.105494,2.6808028
0.105496,3.2818112
0.105498,3.6978936
0.1055,3.92905
0.105502,3.92905
0.105504,3.744125
0.105506,3.3280425
0.105508,2.727035
0.10551,2.033564
0.105512,1.2013993
0.105514,0.3230033
0.105516,-0.601624
0.105518,-1.48002
0.10552,-2.2659533
0.105522,-2.9594238
0.105523996,-3.467969
0.105526,-3.8378198
0.105528,-3.976514
0.10553,-3.8840513
0.105532,-3.6066632
0.105534,-3.1443493
0.105536,-2.4971101
0.105538,-1.7111769
0.10554,-0.8790121
0.105542,0.045615196
0.105544,0.970243
0.105546,1.8024073
0.105548,2.5883412
0.10555,3.1893477
0.105552,3.6516623
0.105554,3.8828197
0.105556,3.92905
0.105558,3.7903562
0.10556,3.420505
0.105562,2.8657289
0.105564,2.172258
0.105566,1.3863249
0.105568,0.46169758
0.10557,-0.46292973
0.105572,-1.3413262
0.105574,-2.1272593
0.105576,-2.8207297
0.105578,-3.4217377
0.10558,-3.7915885
0.105582,-3.9302826
0.105584,-3.9302826
0.105586,-3.6528945
0.105588,-3.236812
0.10559,-2.589573
0.105592,-1.8498712
0.105594,-1.0177064
0.105596,-0.09307861
0.105598,0.8315482
0.1056,1.6637135
0.105601996,2.4496465
0.105604,3.0968862
0.105606,3.605431
0.105608,3.8828197
0.10561,3.9752812
0.105612,3.8365874
0.105614,3.5129685
0.105616,2.9581914
0.105618,2.3109517
0.10562,1.4787879
0.105622,0.64662313
0.105624,-0.27800417
0.105626,-1.1564007
0.105628,-1.9885652
0.10563,-2.728267
0.105632,-3.329275
0.105634,-3.745357
0.105636,-3.9302826
0.105638,-3.9302826
0.10564,-3.6991258
0.105642,-3.329275
0.105644,-2.728267
0.105646,-1.9885652
0.105647996,-1.1564007
0.10565,-0.27800417
0.105652,0.64662313
0.105654,1.5250192
0.105656,2.3109517
0.105658,3.0044227
0.10566,3.5129685
0.105662,3.8365874
0.105664,3.9752812
0.105666,3.8828197
0.105668,3.5591989
0.10567,3.0968862
0.105672,2.4034152
0.105674,1.6637135
0.105676,0.7853174
0.105678,-0.13931036
0.10568,-1.0177064
0.105682,-1.8498712
0.105684,-2.589573
0.105686,-3.236812
0.105688,-3.6528945
0.10569,-3.9302826
0.105692,-3.9302826
0.105694,-3.745357
0.105696,-3.3755062
0.105698,-2.8207297
0.1057,-2.1272593
0.105702,-1.2950945
0.105704,-0.41669846
0.105706,0.50792885
0.105708,1.3863249
0.10571,2.172258
0.105712,2.9119601
0.105714,3.420505
0.105716,3.7903562
0.105718,3.9752812
0.10572,3.8828197
0.105722,3.6516623
0.105724,3.1893477
0.105725996,2.542109
0.105728,1.8024073
0.10573,0.970243
0.105732,0.045615196
0.105734,-0.8790121
0.105736,-1.7111769
0.105738,-2.4971101
0.10574,-3.1443493
0.105742,-3.6066632
0.105744,-3.8840513
0.105746,-3.976514
0.105748,-3.8378198
0.10575,-3.467969
0.105752,-2.9594238
0.105754,-2.2659533
0.105756,-1.48002
0.105758,-0.55539227
0.10576,0.36923456
0.105762,1.2476311
0.105764,2.0797954
0.105766,2.7732663
0.105768,3.3742738
0.10577,3.744125
0.105771996,3.92905
0.105774,3.92905
0.105776,3.6978936
0.105778,3.2818112
0.10578,2.6808028
0.105782,1.9411016
0.105784,1.1089368
0.105786,0.184309
0.105788,-0.694087
0.10579,-1.5724826
0.105792,-2.3584158
0.105794,-3.0056553
0.105796,-3.5142004
0.105798,-3.8378198
0.1058,-3.976514
0.105802,-3.8378198
0.105804,-3.5604317
0.105806,-3.0518866
0.105808,-2.4046474
0.10581,-1.5724826
0.105812,-0.7403178
0.105814,0.184309
0.105816,1.1089368
0.105818,1.9411016
0.10582,2.6808028
0.105822,3.2818112
0.105824,3.6978936
0.105826,3.92905
0.105828,3.92905
0.10583,3.744125
0.105832,3.3742738
0.105834,2.7732663
0.105836,2.0797954
0.105838,1.2476311
0.10584,0.36923456
0.105842,-0.55539227
0.105844,-1.4337888
0.105846,-2.2197218
0.105848,-2.9131925
0.105849996,-3.467969
0.105852,-3.7915885
0.105854,-3.9302826
0.105856,-3.8840513
0.105858,-3.6066632
0.10586,-3.1443493
0.105862,-2.4971101
0.105864,-1.7574081
0.105866,-0.8790121
0.105868,0.045615196
0.10587,0.92401123
0.105872,1.8024073
0.105874,2.542109
0.105876,3.1893477
0.105878,3.6516623
0.10588,3.8828197
0.105882,3.9752812
0.105884,3.7903562
0.105886,3.420505
0.105888,2.9119601
0.10589,2.2184901
0.105892,-0.3704667
0.105894,-0.41669846
0.105895996,0.50792885
0.105898,1.3863249
0.1059,2.172258
0.105902,2.8657289
0.105904,3.4667363
0.105906,3.8365874
0.105908,3.9752812
0.10591,3.9752812
0.105912,3.6978936
0.105914,3.2818112
0.105916,2.6345725
0.105918,1.8948698
0.10592,1.0627055
0.105922,0.184309
0.105924,-0.7403178
0.105926,-1.6187139
0.105928,-2.4046474
0.10593,-3.0518866
0.105932,-3.5604317
0.105934,-3.8378198
0.105936,-3.9302826
0.105938,-3.8378198
0.10594,-3.5142004
0.105942,-3.0056553
0.105944,-2.3121846
0.105946,-1.5262513
0.105948,-0.6478553
0.10595,0.27677202
0.105952,1.1551685
0.105954,1.9873328
0.105956,2.727035
0.105958,3.3280425
0.10596,3.6978936
0.105962,3.92905
0.105964,3.92905
0.105966,3.744125
0.105968,3.3280425
0.10597,2.727035
0.105972,1.9873328
0.105973996,1.2013993
0.105976,0.27677202
0.105978,-0.601624
0.10598,-1.48002
0.105982,-2.2659533
0.105984,-2.9594238
0.105986,-3.467969
0.105988,-3.8378198
0.10599,-3.976514
0.105992,-3.8840513
0.105994,-3.6066632
0.105996,-3.098118
0.105998,-2.4508786
0.106,-1.6649456
0.106002,-0.83278084
0.106004,0.091846466
0.106006,1.0164738
0.106008,1.8486385
0.10601,2.5883412
0.106012,3.23558
0.106014,3.6516623
0.106016,3.92905
0.106018,3.92905
0.106019996,3.7903562
0.106022,3.420505
0.106024,2.8657289
0.106026,2.126027
0.106028,1.3400936
0.10603,0.46169758
0.106032,-0.46292973
0.106034,-1.3413262
0.106036,-2.1272593
0.106038,-2.866961
0.10604,-3.4217377
0.106042,-3.7915885
0.106044,-3.9302826
0.106046,-3.8840513
0.106048,-3.6528945
0.10605,-3.1905808
0.106052,-2.589573
0.106054,-1.8036394
0.106056,-0.9714751
0.106058,-0.09307861
0.10606,0.8315482
0.106062,1.7099442
0.106064,2.4496465
0.106066,3.0968862
0.106068,3.605431
0.10607,3.8828197
0.106072,3.9752812
0.106074,3.8365874
0.106076,3.4667363
0.106078,2.9581914
0.10608,2.2647214
0.106082,1.4787879
0.106084,0.60039186
0.106086,-0.32423592
0.106088,-1.202632
0.10609,-1.9885652
0.106092,-2.728267
0.106094,-3.329275
0.106096,-3.745357
0.106097996,-3.9302826
0.1061,-3.9302826
0.106102,-3.6991258
0.106104,-3.2830436
0.106106,-2.728267
0.106108,-1.9885652
0.10611,-1.1564007
0.106112,-0.2317729
0.106114,0.6928544
0.106116,1.5712504
0.106118,2.357184
0.10612,3.0044227
0.106122,3.5129685
0.106124,3.8365874
0.106126,3.9752812
0.106128,3.8828197
0.10613,3.5591989
0.106132,3.050654
0.106134,2.4034152
0.106136,1.6174817
0.106138,0.7853174
0.10614,-0.13931036
0.106142,-1.0639377
0.106143996,-1.8498712
0.106146,-2.6358042
0.106148,-3.236812
0.10615,-3.6528945
0.106152,-3.9302826
0.106154,-3.9302826
0.106156,-3.745357
0.106158,-3.3755062
0.10616,-2.8207297
0.106162,-2.1272593
0.106164,-1.2950945
0.106166,-0.3704667
0.106168,0.5541601
0.10617,1.4325566
0.106172,2.2184901
0.106174,2.9119601
0.106176,3.4667363
0.106178,3.7903562
0.10618,3.9752812
0.106182,3.8828197
0.106184,3.605431
0.106186,3.1431174
0.106188,2.542109
0.10619,1.756176
0.106192,0.92401123
0.106194,-6.160736E-4
0.106196,-0.8790121
0.106198,-1.7111769
0.1062,-2.4971101
0.106202,-3.1443493
0.106204,-3.6066632
0.106206,-3.8840513
0.106208,-3.9302826
0.10621,-3.7915885
0.106212,-3.467969
0.106214,-2.9131925
0.106216,-2.2197218
0.106218,-1.4337888
0.10622,-0.55539227
0.106221996,0.36923456
0.106224,1.2938623
0.106226,2.0797954
0.106228,2.8194976
0.10623,3.3742738
0.106232,3.744125
0.106234,3.92905
0.106236,3.92905
0.106238,3.6978936
0.10624,3.23558
0.106242,2.6345725
0.106244,1.8948698
0.106246,1.0627055
0.106248,0.184309
0.10625,-0.7403178
0.106252,-1.5724826
0.106254,-2.3584158
0.106256,-3.0518866
0.106258,-3.5604317
0.10626,-3.8378198
0.106262,-3.976514
0.106264,-3.8378198
0.106266,-3.5142004
0.106267996,-3.0518866
0.10627,-2.3584158
0.106272,-1.5724826
0.106274,-0.694087
0.106276,0.23054075
0.106278,1.1089368
0.10628,1.9411016
0.106282,2.6808028
0.106284,3.2818112
0.106286,3.6978936
0.106288,3.92905
0.10629,3.92905
0.106292,3.744125
0.106294,3.3280425
0.106296,2.7732663
0.106298,2.033564
0.1063,1.2476311
0.106302,0.3230033
0.106304,-0.601624
0.106306,-1.48002
0.106308,-2.2197218
0.10631,-2.9131925
0.106312,-1.4337888
0.106313996,2.3109517
0.106316,3.9752812
0.106318,3.92905
0.10632,3.605431
0.106322,3.1431174
0.106324,2.4958777
0.106326,1.756176
0.106328,0.87777996
0.10633,-0.046847343
0.106332,-0.9252434
0.106334,-1.7574081
0.106336,-2.5433414
0.106338,-3.1443493
0.10634,-3.6066632
0.106342,-3.8840513
0.106344,-3.9302826
0.106345996,-3.7915885
0.106348,-3.4217377
0.10635,-2.866961
0.106352,-2.1734905
0.106354,-1.387557
0.106356,-0.5091615
0.106358,0.46169758
0.10636,1.3400936
0.106362,2.126027
0.106364,2.8657289
0.106366,3.420505
0.106368,3.7903562
0.10637,3.9752812
0.106372,3.92905
0.106374,3.6516623
0.106376,3.23558
0.106378,2.6345725
0.10638,1.8486385
0.106382,1.0164738
0.106384,0.13807821
0.106386,-0.78654957
0.106388,-1.6187139
0.10639,-2.4046474
0.106391996,-3.0518866
0.106394,-3.5604317
0.106396,-3.8840513
0.106398,-3.976514
0.1064,-3.8378198
0.106402,-3.5142004
0.106404,-3.0056553
0.106406,-2.3121846
0.106408,-1.5262513
0.10641,-0.6478553
0.106412,0.27677202
0.106414,1.1551685
0.106416,1.9873328
0.106418,2.727035
0.10642,3.3280425
0.106422,3.744125
0.106424,3.92905
0.106426,3.92905
0.106428,3.744125
0.10643,3.3280425
0.106432,2.727035
0.106434,1.9873328
0.106436,1.2013993
0.106437996,0.27677202
0.10644,-0.6478553
0.106442,-1.48002
0.106444,-2.2659533
0.106446,-2.9594238
0.106448,-3.5142004
0.10645,-3.8378198
0.106452,-3.976514
0.106454,-3.8840513
0.106456,-3.5604317
0.106458,-3.098118
0.10646,-2.4508786
0.106462,-1.6649456
0.106464,-0.78654957
0.106466,0.091846466
0.106468,1.0164738
0.106469996,1.8486385
0.106472,2.5883412
0.106474,3.23558
0.106476,3.6516623
0.106478,3.92905
0.10648,3.92905
0.106482,3.7903562
0.106484,3.3742738
0.106486,2.8194976
0.106488,2.126027
0.10649,1.3400936
0.106492,0.46169758
0.106494,-0.46292973
0.106496,-1.387557
0.106498,-2.1734905
0.1065,-2.866961
0.106502,-3.4217377
0.106504,-3.7915885
0.106506,-3.9302826
0.106508,-3.8840513
0.10651,-3.6528945
0.106512,-3.1905808
0.106514,-2.589573
0.106515996,-1.8036394
0.106518,-0.9714751
0.10652,-0.046847343
0.106522,0.87777996
0.106524,1.7099442
0.106526,2.4958777
0.106528,3.1431174
0.10653,3.605431
0.106532,3.8828197
0.106534,3.9752812
0.106536,3.8365874
0.106538,3.4667363
0.10654,2.9581914
0.106542,2.2647214
0.106544,1.4787879
0.106546,0.60039186
0.106548,-0.32423592
0.10655,-1.202632
0.106552,-2.0347965
0.106554,-2.728267
0.106556,-3.329275
0.106558,-3.745357
0.10656,-3.9302826
0.106561996,-3.9302826
0.106564,-3.6991258
0.106566,-3.2830436
0.106568,-2.6820357
0.10657,-1.9423337
0.106572,-1.1101689
0.106574,-0.2317729
0.106576,0.6928544
0.106578,1.5712504
0.10658,2.357184
0.106582,3.050654
0.106584,3.5129685
0.106586,3.8365874
0.106588,3.9752812
0.10659,3.8365874
0.106592,3.5591989
0.106594,3.050654
0.106596,2.4034152
0.106598,1.6174817
0.1066,0.7390857
0.106602,-0.13931036
0.106604,-1.0639377
0.106606,-1.8961024
0.106608,-2.6358042
0.10661,-3.236812
0.106612,-3.6991258
0.106614,-3.9302826
0.106616,-3.9302826
0.106618,-3.745357
0.10662,-3.3755062
0.106622,-2.8207297
0.106624,-2.081028
0.106626,-1.2950945
0.106628,-0.3704667
0.10663,0.5541601
0.106632,1.4325566
0.106634,2.2184901
0.106636,2.9119601
0.106638,3.4667363
0.106639996,3.7903562
0.106642,3.9752812
0.106644,3.8828197
0.106646,3.605431
0.106648,3.1431174
0.10665,2.4958777
0.106652,1.756176
0.106654,0.92401123
0.106656,-6.160736E-4
0.106658,-0.9252434
0.10666,-1.7574081
0.106662,-2.4971101
0.106664,-3.1443493
0.106666,-3.6066632
0.106668,-3.8840513
0.10667,-3.9302826
0.106672,-3.7915885
0.106674,-3.467969
0.106676,-2.9131925
0.106678,-2.2197218
0.10668,-1.4337888
0.106682,-0.55539227
0.106684,0.4154663
0.106685996,1.2938623
0.106688,2.0797954
0.10669,2.8194976
0.106692,3.3742738
0.106694,3.744125
0.106696,3.92905
0.106698,3.92905
0.1067,3.6978936
0.106702,3.23558
0.106704,2.6345725
0.106706,1.8948698
0.106708,1.0627055
0.10671,0.184309
0.106712,-0.7403178
0.106714,-1.6187139
0.106716,-2.4046474
0.106718,-3.0518866
0.10672,-3.5604317
0.106722,-3.8378198
0.106724,-3.976514
0.106726,-3.8378198
0.106728,-3.5142004
0.10673,-3.0056553
0.106732,-1.1564007
0.106734,1.3400936
0.106736,0.60039186
0.106738,-0.27800417
0.10674,-1.202632
0.106742,-1.9885652
0.106744,-2.728267
0.106746,-3.329275
0.106748,-3.745357
0.10675,-3.976514
0.106752,-3.976514
0.106754,-3.7915885
0.106756,-3.3755062
0.106758,-2.7744985
0.10676,-2.081028
0.106762,-1.2488632
0.106763996,-0.32423592
0.106766,0.60039186
0.106768,1.4787879
0.10677,2.2647214
0.106772,2.9581914
0.106774,3.4667363
0.106776,3.8365874
0.106778,3.92905
0.10678,3.8828197
0.106782,3.5591989
0.106784,3.0968862
0.106786,2.4496465
0.106788,1.6637135
0.10679,0.8315482
0.106792,-0.09307861
0.106794,-0.9714751
0.106796,-1.8036394
0.106798,-2.5433414
0.1068,-3.1905808
0.106802,-3.6528945
0.106804,-3.8840513
0.106806,-3.9302826
0.106808,-3.7915885
0.106809996,-3.4217377
0.106812,-2.866961
0.106814,-2.1734905
0.106816,-1.387557
0.106818,-0.46292973
0.10682,0.46169758
0.106822,1.3400936
0.106824,2.172258
0.106826,2.8657289
0.106828,3.420505
0.10683,3.7903562
0.106832,3.92905
0.106834,3.8828197
0.106836,3.6516623
0.106838,3.1893477
0.10684,2.5883412
0.106842,1.8486385
0.106844,1.0164738
0.106846,0.091846466
0.106848,-0.83278084
0.10685,-1.6649456
0.106852,-2.4508786
0.106854,-3.098118
0.106856,-3.5604317
0.106858,-3.8840513
0.10686,-3.976514
0.106862,-3.8378198
0.106864,-3.5142004
0.106866,-2.9594238
0.106868,-2.3121846
0.10687,-1.48002
0.106872,-0.6478553
0.106874,0.27677202
0.106876,1.2013993
0.106878,2.033564
0.10688,2.727035
0.106882,3.3280425
0.106884,3.744125
0.106886,3.92905
0.106887996,3.92905
0.10689,3.6978936
0.106892,3.2818112
0.106894,2.727035
0.106896,1.9873328
0.106898,1.1551685
0.1069,0.27677202
0.106902,-0.6478553
0.106904,-1.5262513
0.106906,-2.3121846
0.106908,-3.0056553
0.10691,-3.5142004
0.106912,-3.8378198
0.106914,-3.976514
0.106916,-3.8840513
0.106918,-3.5604317
0.10692,-3.098118
0.106922,-2.4508786
0.106924,-1.6187139
0.106926,-0.78654957
0.106928,0.13807821
0.10693,1.0627055
0.106932,1.8948698
0.106933996,2.6345725
0.106936,3.23558
0.106938,3.6978936
0.10694,3.92905
0.106942,3.92905
0.106944,3.744125
0.106946,3.3742738
0.106948,2.8194976
0.10695,2.126027
0.106952,1.2938623
0.106954,0.4154663
0.106956,-0.5091615
0.106958,-1.387557
0.10696,-2.1734905
0.106962,-2.866961
0.106964,-3.4217377
0.106966,-3.7915885
0.106968,-3.9302826
0.10697,-3.8840513
0.106972,-3.6528945
0.106974,-3.1905808
0.106976,-2.5433414
0.106978,-1.8036394
0.10698,-0.9252434
0.106982,-0.046847343
0.106984,0.87777996
0.106986,1.756176
0.106988,2.4958777
0.10699,3.1431174
0.106992,3.605431
0.106994,3.8828197
0.106996,3.9752812
0.106998,3.7903562
0.107,3.4667363
0.107002,2.9119601
0.107004,2.2184901
0.107006,1.4787879
0.107008,0.5541601
0.10701,-0.32423592
0.107011996,-1.2488632
0.107014,-2.0347965
0.107016,-2.7744985
0.107018,-3.329275
0.10702,-3.745357
0.107022,-3.9302826
0.107024,-3.9302826
0.107026,-3.6991258
0.107028,-3.2830436
0.10703,-2.6820357
0.107032,-1.9423337
0.107034,-1.1101689
0.107036,-0.18554163
0.107038,0.7390857
0.10704,1.5712504
0.107042,2.357184
0.107044,3.050654
0.107046,3.5591989
0.107048,3.8365874
0.10705,3.9752812
0.107052,3.8365874
0.107054,3.5591989
0.107056,3.050654
0.107057996,2.357184
0.10706,1.5712504
0.107062,0.7390857
0.107064,-0.18554163
0.107066,-1.1101689
0.107068,-1.8961024
0.10707,-2.6358042
0.107072,-3.2830436
0.107074,-3.6991258
0.107076,-3.9302826
0.107078,-3.9302826
0.10708,-3.745357
0.107082,-3.3755062
0.107084,-2.7744985
0.107086,-2.081028
0.107088,-1.2488632
0.10709,-0.3704667
0.107092,0.5541601
0.107094,1.4787879
0.107096,2.2647214
0.107098,2.9581914
0.1071,3.4667363
0.107102,3.8365874
0.107104,3.9752812
0.107106,3.8828197
0.107108,3.605431
0.10711,3.1431174
0.107112,2.4958777
0.107114,1.7099442
0.107116,0.87777996
0.107118,-0.046847343
0.10712,-0.9252434
0.107122,-1.7574081
0.107124,-2.5433414
0.107126,-3.1443493
0.107128,-3.6528945
0.10713,-3.8840513
0.107132,-3.9302826
0.107134,-3.7915885
0.107135996,-3.4217377
0.107138,-2.9131925
0.10714,-2.2197218
0.107142,-1.387557
0.107144,-0.5091615
0.107146,0.4154663
0.107148,1.2938623
0.10715,2.126027
0.107152,1.2938623
0.107154,-2.0347965
0.107156,-3.7915885
0.107158,-3.976514
0.10716,-3.9302826
0.107162,-3.6991258
0.107164,-3.2830436
0.107166,-2.6820357
0.107168,-1.8961024
0.10717,-1.0639377
0.107172,-0.13931036
0.107174,0.7853174
0.107176,1.6174817
0.107178,2.4034152
0.10718,3.050654
0.107181996,3.5591989
0.107184,3.8365874
0.107186,3.92905
0.107188,3.8365874
0.10719,3.5129685
0.107192,3.0044227
0.107194,2.3109517
0.107196,1.5250192
0.107198,0.64662313
0.1072,-0.2317729
0.107202,-1.1564007
0.107204,-1.9423337
0.107206,-2.6820357
0.107208,-3.2830436
0.10721,-3.6991258
0.107212,-3.9302826
0.107214,-3.9302826
0.107216,-3.745357
0.107218,-3.329275
0.10722,-2.7744985
0.107222,-2.0347965
0.107224,-1.202632
0.107226,-0.27800417
0.107228,0.64662313
0.10723,1.4787879
0.107232,2.3109517
0.107234,2.9581914
0.107236,3.5129685
0.107238,3.8365874
0.10724,3.9752812
0.107242,3.8828197
0.107244,3.605431
0.107246,3.0968862
0.107248,2.4496465
0.10725,1.6637135
0.107252,0.8315482
0.107254,-0.09307861
0.107256,-0.9714751
0.107258,-1.8036394
0.107259996,-2.589573
0.107262,-3.1905808
0.107264,-3.6528945
0.107266,-3.8840513
0.107268,-3.9302826
0.10727,-3.7915885
0.107272,-3.4217377
0.107274,-2.866961
0.107276,-2.1734905
0.107278,-1.3413262
0.10728,-0.46292973
0.107282,0.46169758
0.107284,1.3863249
0.107286,2.172258
0.107288,2.8657289
0.10729,3.420505
0.107292,3.7903562
0.107294,3.92905
0.107296,3.8828197
0.107298,3.6516623
0.1073,3.1893477
0.107302,2.5883412
0.107304,1.8024073
0.107305996,0.970243
0.107308,0.091846466
0.10731,-0.83278084
0.107312,-1.6649456
0.107314,-2.4508786
0.107316,-3.098118
0.107318,-3.6066632
0.10732,-3.8840513
0.107322,-3.976514
0.107324,-3.8378198
0.107326,-3.467969
0.107328,-2.9594238
0.10733,-2.3121846
0.107332,-1.48002
0.107334,-0.601624
0.107336,0.3230033
0.107338,1.2013993
0.10734,2.033564
0.107342,2.7732663
0.107344,3.3280425
0.107346,3.744125
0.107348,3.92905
0.10735,3.92905
0.107351996,3.6978936
0.107354,3.2818112
0.107356,2.6808028
0.107358,1.9411016
0.10736,1.1551685
0.107362,0.23054075
0.107364,-0.694087
0.107366,-1.5262513
0.107368,-2.3121846
0.10737,-3.0056553
0.107372,-3.5142004
0.107374,-3.8378198
0.107376,-3.976514
0.107378,-3.8840513
0.10738,-3.5604317
0.107382,-3.098118
0.107383996,-2.4046474
0.107386,-1.6187139
0.107388,-0.78654957
0.10739,0.13807821
0.107392,1.0627055
0.107394,1.8948698
0.107396,2.6345725
0.107398,3.23558
0.1074,3.6978936
0.107402,3.92905
0.107404,3.92905
0.107406,3.744125
0.107408,3.3742738
0.10741,2.8194976
0.107412,2.0797954
0.107414,1.2938623
0.107416,0.4154663
0.107418,-0.5091615
0.10742,-1.387557
0.107422,-2.1734905
0.107424,-2.9131925
0.107426,-3.4217377
0.107428,-3.7915885
0.107429996,-3.9302826
0.107432,-3.8840513
0.107434,-3.6528945
0.107436,-3.1905808
0.107438,-2.5433414
0.10744,-1.7574081
0.107442,-0.9252434
0.107444,-6.160736E-4
0.107446,0.92401123
0.107448,1.756176
0.10745,2.4958777
0.107452,3.1431174
0.107454,3.605431
0.107456,3.8828197
0.107458,3.9752812
0.10746,3.7903562
0.107462,3.4667363
0.107464,2.9119601
0.107466,2.2184901
0.107468,1.4325566
0.10747,0.5541601
0.107472,-0.3704667
0.107474,-1.2488632
0.107475996,-2.0347965
0.107478,-2.7744985
0.10748,-3.3755062
0.107482,-3.745357
0.107484,-3.9302826
0.107486,-3.9302826
0.107488,-3.6991258
0.10749,-3.2830436
0.107492,-2.6820357
0.107494,-1.8961024
0.107496,-1.0639377
0.107498,-0.18554163
0.1075,0.7390857
0.107502,1.6174817
0.107504,2.4034152
0.107506,3.050654
0.107507996,3.5591989
0.10751,3.8365874
0.107512,3.9752812
0.107514,3.8365874
0.107516,3.5129685
0.107518,3.0044227
0.10752,2.357184
0.107522,1.5712504
0.107524,0.6928544
0.107526,-0.18554163
0.107528,-1.1101689
0.10753,-1.9423337
0.107532,-2.6820357
0.107534,-3.2830436
0.107536,-3.6991258
0.107538,-3.9302826
0.10754,-3.9302826
0.107542,-3.745357
0.107544,-3.329275
0.107546,-2.7744985
0.107548,-2.0347965
0.10755,-1.2488632
0.107552,-0.32423592
0.107553996,0.60039186
0.107556,1.4787879
0.107558,2.2647214
0.10756,2.9581914
0.107562,3.4667363
0.107564,3.8365874
0.107566,3.9752812
0.107568,3.8828197
0.10757,3.605431
0.107572,2.2184901
0.107574,-1.1564007
0.107576,-1.6187139
0.107578,-0.78654957
0.10758,0.091846466
0.107582,1.0164738
0.107584,1.8486385
0.107586,2.5883412
0.107588,3.23558
0.10759,3.6978936
0.107592,3.92905
0.107594,3.9752812
0.107596,3.8365874
0.107598,3.4667363
0.107599996,2.9119601
0.107602,2.172258
0.107604,1.3863249
0.107606,0.50792885
0.107608,-0.41669846
0.10761,-1.2950945
0.107612,-2.081028
0.107614,-2.8207297
0.107616,-3.3755062
0.107618,-3.745357
0.10762,-3.9302826
0.107622,-3.8840513
0.107624,-3.6528945
0.107626,-3.236812
0.107628,-2.589573
0.10763,-1.8498712
0.107631996,-1.0177064
0.107634,-0.09307861
0.107636,0.8315482
0.107638,1.6637135
0.10764,2.4496465
0.107642,3.0968862
0.107644,3.605431
0.107646,3.8828197
0.107648,3.9752812
0.10765,3.8365874
0.107652,3.5129685
0.107654,3.0044227
0.107656,2.3109517
0.107658,1.5250192
0.10766,0.64662313
0.107662,-0.27800417
0.107664,-1.1564007
0.107666,-1.9885652
0.107668,-2.728267
0.10767,-3.329275
0.107672,-3.6991258
0.107674,-3.9302826
0.107676,-3.9302826
0.107677996,-3.745357
0.10768,-3.329275
0.107682,-2.728267
0.107684,-1.9885652
0.107686,-1.1564007
0.107688,-0.27800417
0.10769,0.64662313
0.107692,1.5250192
0.107694,2.3109517
0.107696,3.0044227
0.107698,3.5129685
0.1077,3.8365874
0.107702,3.9752812
0.107704,3.8828197
0.107706,3.5591989
0.107708,3.0968862
0.10771,2.4496465
0.107712,1.6637135
0.107714,0.7853174
0.107716,-0.09307861
0.107718,-1.0177064
0.10772,-1.8498712
0.107722,-2.589573
0.107723996,-3.236812
0.107726,-3.6528945
0.107728,-3.9302826
0.10773,-3.9302826
0.107732,-3.7915885
0.107734,-3.4217377
0.107736,-2.866961
0.107738,-2.1272593
0.10774,-1.3413262
0.107742,-0.41669846
0.107744,0.50792885
0.107746,1.3863249
0.107748,2.172258
0.10775,2.8657289
0.107752,3.420505
0.107754,3.7903562
0.107756,3.9752812
0.107758,3.8828197
0.10776,3.6516623
0.107762,3.1893477
0.107764,2.542109
0.107766,1.8024073
0.107768,0.970243
0.10777,0.045615196
0.107772,-0.8790121
0.107774,-1.7111769
0.107776,-2.4508786
0.107778,-3.098118
0.10778,-3.6066632
0.107782,-3.8840513
0.107784,-3.976514
0.107786,-3.8378198
0.107788,-3.467969
0.10779,-2.9594238
0.107792,-2.2659533
0.107794,-1.48002
0.107796,-0.601624
0.107798,0.3230033
0.1078,1.2476311
0.107801996,2.033564
0.107804,2.7732663
0.107806,3.3742738
0.107808,3.744125
0.10781,3.92905
0.107812,3.92905
0.107814,3.6978936
0.107816,3.2818112
0.107818,2.6808028
0.10782,1.9411016
0.107822,1.1089368
0.107824,0.23054075
0.107826,-0.694087
0.107828,-1.5724826
0.10783,-2.3584158
0.107832,-3.0056553
0.107834,-3.5142004
0.107836,-3.8378198
0.107838,-3.976514
0.10784,-3.8378198
0.107842,-3.5604317
0.107844,-3.0518866
0.107846,-2.4046474
0.107847996,-1.6187139
0.10785,-0.7403178
0.107852,0.184309
0.107854,1.0627055
0.107856,1.8948698
0.107858,2.6808028
0.10786,3.2818112
0.107862,3.6978936
0.107864,3.92905
0.107866,3.92905
0.107868,3.744125
0.10787,3.3742738
0.107872,2.7732663
0.107874,2.0797954
0.107876,1.2476311
0.107878,0.36923456
0.10788,-0.55539227
0.107882,-1.4337888
0.107884,-2.2197218
0.107886,-2.9131925
0.107888,-3.467969
0.10789,-3.7915885
0.107892,-3.9302826
0.107894,-3.8840513
0.107896,-3.6066632
0.107898,-3.1443493
0.1079,-2.5433414
0.107902,-1.7574081
0.107904,-0.8790121
0.107906,-6.160736E-4
0.107908,0.92401123
0.10791,1.756176
0.107912,2.542109
0.107914,3.1893477
0.107916,3.6516623
0.107918,3.8828197
0.10792,3.9752812
0.107922,3.7903562
0.107924,3.420505
0.107925996,2.9119601
0.107928,2.2184901
0.10793,1.4325566
0.107932,0.5541601
0.107934,-0.3704667
0.107936,-1.2950945
0.107938,-2.081028
0.10794,-2.7744985
0.107942,-3.3755062
0.107944,-3.745357
0.107946,-3.9302826
0.107948,-3.9302826
0.10795,-3.6991258
0.107952,-3.236812
0.107954,-2.6358042
0.107956,-1.8961024
0.107958,-1.0639377
0.10796,-0.13931036
0.107962,0.7853174
0.107964,1.6174817
0.107966,2.4034152
0.107968,3.050654
0.10797,3.5591989
0.107971996,3.8828197
0.107974,3.9752812
0.107976,3.8365874
0.107978,3.5129685
0.10798,3.0044227
0.107982,2.357184
0.107984,1.5250192
0.107986,0.6928544
0.107988,-0.2317729
0.10799,-1.1101689
0.107992,-1.0177064
0.107994,2.4034152
0.107996,3.3280425
0.107998,3.744125
0.108,3.9752812
0.108002,3.9752812
0.108004,3.7903562
0.108006,3.3742738
0.108008,2.7732663
0.10801,2.0797954
0.108012,1.2476311
0.108014,0.36923456
0.108016,-0.55539227
0.108018,-1.4337888
0.10802,-2.2197218
0.108022,-2.9131925
0.108024,-3.467969
0.108026,-3.7915885
0.108028,-3.9302826
0.10803,-3.8840513
0.108032,-3.5604317
0.108034,-3.098118
0.108036,-2.4508786
0.108038,-1.6649456
0.10804,-0.83278084
0.108042,0.091846466
0.108044,1.0164738
0.108046,1.8486385
0.108048,2.5883412
0.108049996,3.1893477
0.108052,3.6516623
0.108054,3.92905
0.108056,3.9752812
0.108058,3.7903562
0.10806,3.420505
0.108062,2.8657289
0.108064,2.172258
0.108066,1.3863249
0.108068,0.46169758
0.10807,-0.41669846
0.108072,-1.3413262
0.108074,-2.1272593
0.108076,-2.8207297
0.108078,-3.4217377
0.10808,-3.7915885
0.108082,-3.9302826
0.108084,-3.8840513
0.108086,-3.6528945
0.108088,-3.236812
0.10809,-2.589573
0.108092,-1.8498712
0.108094,-1.0177064
0.108095996,-0.09307861
0.108098,0.8315482
0.1081,1.6637135
0.108102,2.4496465
0.108104,3.0968862
0.108106,3.605431
0.108108,3.8828197
0.10811,3.9752812
0.108112,3.8365874
0.108114,3.5129685
0.108116,2.9581914
0.108118,2.3109517
0.10812,1.4787879
0.108122,0.64662313
0.108124,-0.27800417
0.108126,-1.202632
0.108128,-1.9885652
0.10813,-2.728267
0.108132,-3.329275
0.108134,-3.745357
0.108136,-3.9302826
0.108138,-3.9302826
0.10814,-3.6991258
0.108142,-3.2830436
0.108144,-2.728267
0.108146,-1.9885652
0.108148,-1.1564007
0.10815,-0.2317729
0.108152,0.6928544
0.108154,1.5250192
0.108156,2.3109517
0.108158,3.0044227
0.10816,3.5129685
0.108162,3.8365874
0.108164,3.9752812
0.108166,3.8828197
0.108168,3.5591989
0.10817,3.0968862
0.108172,2.4034152
0.108173996,1.6174817
0.108176,0.7853174
0.108178,-0.13931036
0.10818,-1.0177064
0.108182,-1.8498712
0.108184,-2.589573
0.108186,-3.236812
0.108188,-3.6528945
0.10819,-3.9302826
0.108192,-3.9302826
0.108194,-3.745357
0.108196,-3.3755062
0.108198,-2.8207297
0.1082,-2.1272593
0.108202,-1.2950945
0.108204,-0.41669846
0.108206,0.50792885
0.108208,1.3863249
0.10821,2.2184901
0.108212,2.9119601
0.108214,3.420505
0.108216,3.7903562
0.108218,3.92905
0.108219996,3.8828197
0.108222,3.6516623
0.108224,3.1893477
0.108226,2.542109
0.108228,1.8024073
0.10823,0.92401123
0.108232,0.045615196
0.108234,-0.8790121
0.108236,-1.7111769
0.108238,-2.4971101
0.10824,-3.1443493
0.108242,-3.6066632
0.108244,-3.8840513
0.108246,-3.976514
0.108248,-3.7915885
0.10825,-3.467969
0.108252,-2.9594238
0.108254,-2.2659533
0.108256,-1.48002
0.108258,-0.55539227
0.10826,0.36923456
0.108262,1.2476311
0.108264,2.0797954
0.108266,2.7732663
0.108268,3.3742738
0.10827,3.744125
0.108272,3.92905
0.108274,3.92905
0.108276,3.6978936
0.108278,3.2818112
0.10828,2.6808028
0.108282,1.9411016
0.108284,1.1089368
0.108286,0.184309
0.108288,-0.7403178
0.10829,-1.5724826
0.108292,-2.3584158
0.108294,-3.0056553
0.108296,-3.5142004
0.108297996,-3.8378198
0.1083,-3.976514
0.108302,-3.8378198
0.108304,-3.5604317
0.108306,-3.0518866
0.108308,-2.3584158
0.10831,-1.5724826
0.108312,-0.7403178
0.108314,0.184309
0.108316,1.1089368
0.108318,1.9411016
0.10832,2.6808028
0.108322,3.2818112
0.108324,3.6978936
0.108326,3.92905
0.108328,3.92905
0.10833,3.744125
0.108332,3.3742738
0.108334,2.7732663
0.108336,2.0797954
0.108338,1.2476311
0.10834,0.36923456
0.108342,-0.55539227
0.108343996,-1.4337888
0.108346,-2.2197218
0.108348,-2.9131925
0.10835,-3.467969
0.108352,-3.7915885
0.108354,-3.976514
0.108356,-3.8840513
0.108358,-3.6066632
0.10836,-3.1443493
0.108362,-2.4971101
0.108364,-1.7111769
0.108366,-0.8790121
0.108368,0.045615196
0.10837,0.970243
0.108372,1.8024073
0.108374,2.542109
0.108376,3.1893477
0.108378,3.6516623
0.10838,3.8828197
0.108382,3.9752812
0.108384,3.7903562
0.108386,3.420505
0.108388,2.9119601
0.10839,2.172258
0.108392,1.3863249
0.108394,0.50792885
0.108396,-0.41669846
0.108398,-1.2950945
0.1084,-2.081028
0.108402,-2.8207297
0.108404,-3.3755062
0.108406,-3.745357
0.108408,-3.9302826
0.10841,-3.9302826
0.108412,-3.236812
0.108414,0.23054075
0.108416,2.4496465
0.108418,1.8024073
0.10842,1.0164738
0.108421996,0.091846466
0.108424,-0.83278084
0.108426,-1.6649456
0.108428,-2.4508786
0.10843,-3.098118
0.108432,-3.6066632
0.108434,-3.8840513
0.108436,-3.976514
0.108438,-3.8378198
0.10844,-3.5142004
0.108442,-3.0056553
0.108444,-2.3584158
0.108446,-1.5262513
0.108448,-0.694087
0.10845,0.23054075
0.108452,1.1551685
0.108454,1.9873328
0.108456,2.727035
0.108458,3.2818112
0.10846,3.6978936
0.108462,3.92905
0.108464,3.92905
0.108466,3.744125
0.108467996,3.3280425
0.10847,2.727035
0.108472,1.9873328
0.108474,1.2013993
0.108476,0.27677202
0.108478,-0.6478553
0.10848,-1.48002
0.108482,-2.2659533
0.108484,-2.9594238
0.108486,-3.5142004
0.108488,-3.8378198
0.10849,-3.976514
0.108492,-3.8840513
0.108494,-3.6066632
0.108496,-3.098118
0.108498,-2.4508786
0.1085,-1.6649456
0.108502,-0.83278084
0.108504,0.091846466
0.108506,1.0164738
0.108508,1.8486385
0.10851,2.5883412
0.108512,3.23558
0.108513996,3.6516623
0.108516,3.92905
0.108518,3.92905
0.10852,3.7903562
0.108522,3.420505
0.108524,2.8657289
0.108526,2.126027
0.108528,1.3400936
0.10853,0.46169758
0.108532,-0.46292973
0.108534,-1.3413262
0.108536,-2.1272593
0.108538,-2.866961
0.10854,-3.4217377
0.108542,-3.7915885
0.108544,-3.9302826
0.108545996,-3.8840513
0.108548,-3.6528945
0.10855,-3.1905808
0.108552,-2.589573
0.108554,-1.8036394
0.108556,-0.9714751
0.108558,-0.046847343
0.10856,0.87777996
0.108562,1.7099442
0.108564,2.4958777
0.108566,3.1431174
0.108568,3.605431
0.10857,3.8828197
0.108572,3.9752812
0.108574,3.8365874
0.108576,3.4667363
0.108578,2.9581914
0.10858,2.2647214
0.108582,1.4787879
0.108584,0.60039186
0.108586,-0.32423592
0.108588,-1.202632
0.10859,-2.0347965
0.108591996,-2.728267
0.108594,-3.329275
0.108596,-3.745357
0.108598,-3.9302826
0.1086,-3.9302826
0.108602,-3.6991258
0.108604,-3.2830436
0.108606,-2.6820357
0.108608,-1.9423337
0.10861,-1.1101689
0.108612,-0.2317729
0.108614,0.6928544
0.108616,1.5712504
0.108618,2.357184
0.10862,3.0044227
0.108622,3.5129685
0.108624,3.8365874
0.108626,3.9752812
0.108628,3.8365874
0.10863,3.5591989
0.108632,3.050654
0.108634,2.4034152
0.108636,1.6174817
0.108637996,0.7853174
0.10864,-0.13931036
0.108642,-1.0639377
0.108644,-1.8961024
0.108646,-2.6358042
0.108648,-3.236812
0.10865,-3.6991258
0.108652,-3.9302826
0.108654,-3.9302826
0.108656,-3.745357
0.108658,-3.3755062
0.10866,-2.8207297
0.108662,-2.081028
0.108664,-1.2950945
0.108666,-0.3704667
0.108668,0.5541601
0.108669996,1.4325566
0.108672,2.2184901
0.108674,2.9119601
0.108676,3.4667363
0.108678,3.7903562
0.10868,3.9752812
0.108682,3.8828197
0.108684,3.605431
0.108686,3.1431174
0.108688,2.542109
0.10869,1.756176
0.108692,0.92401123
0.108694,-6.160736E-4
0.108696,-0.8790121
0.108698,-1.7111769
0.1087,-2.4971101
0.108702,-3.1443493
0.108704,-3.6066632
0.108706,-3.8840513
0.108708,-3.9302826
0.10871,-3.7915885
0.108712,-3.467969
0.108714,-2.9131925
0.108715996,-2.2197218
0.108718,-1.4337888
0.10872,-0.55539227
0.108722,0.36923456
0.108724,1.2938623
0.108726,2.0797954
0.108728,2.8194976
0.10873,3.3742738
0.108732,3.744125
0.108734,3.92905
0.108736,3.92905
0.108738,3.6978936
0.10874,3.23558
0.108742,2.6345725
0.108744,1.8948698
0.108746,1.0627055
0.108748,0.184309
0.10875,-0.7403178
0.108752,-1.5724826
0.108754,-2.3584158
0.108756,-3.0518866
0.108758,-3.5604317
0.10876,-3.8378198
0.108761996,-3.976514
0.108764,-3.8378198
0.108766,-3.5142004
0.108768,-3.0518866
0.10877,-2.3584158
0.108772,-1.5724826
0.108774,-0.694087
0.108776,0.23054075
0.108778,1.1089368
0.10878,1.9411016
0.108782,2.6808028
0.108784,3.2818112
0.108786,3.6978936
0.108788,3.92905
0.10879,3.92905
0.108792,3.744125
0.108793996,3.3280425
0.108796,2.7732663
0.108798,2.033564
0.1088,1.2476311
0.108802,0.3230033
0.108804,-0.601624
0.108806,-1.48002
0.108808,-2.2659533
0.10881,-2.9594238
0.108812,-3.467969
0.108814,-3.8378198
0.108816,-3.976514
0.108818,-3.8840513
0.10882,-3.6066632
0.108822,-3.1443493
0.108824,-2.4971101
0.108826,-1.7111769
0.108828,-0.8790121
0.10883,0.045615196
0.108832,0.46169758
0.108834,-1.8036394
0.108836,-2.589573
0.108838,-3.236812
0.108839996,-3.6991258
0.108842,-3.9302826
0.108844,-4.022745
0.108846,-3.8378198
0.108848,-3.467969
0.10885,-2.9131925
0.108852,-2.2197218
0.108854,-1.4337888
0.108856,-0.5091615
0.108858,0.4154663
0.10886,1.2938623
0.108862,2.126027
0.108864,2.8194976
0.108866,3.3742738
0.108868,3.744125
0.10887,3.92905
0.108872,3.8828197
0.108874,3.6516623
0.108876,3.1893477
0.108878,2.5883412
0.10888,1.8486385
0.108882,1.0164738
0.108884,0.091846466
0.108885996,-0.78654957
0.108888,-1.6649456
0.10889,-2.4046474
0.108892,-3.098118
0.108894,-3.5604317
0.108896,-3.8840513
0.108898,-3.976514
0.1089,-3.8378198
0.108902,-3.5142004
0.108904,-3.0056553
0.108906,-2.3121846
0.108908,-1.5262513
0.10891,-0.6478553
0.108912,0.27677202
0.108914,1.2013993
0.108916,1.9873328
0.108918,2.727035
0.10892,3.3280425
0.108922,3.744125
0.108924,3.92905
0.108926,3.92905
0.108928,3.6978936
0.10893,3.3280425
0.108932,2.727035
0.108934,1.9873328
0.108936,1.1551685
0.108938,0.27677202
0.10894,-0.6478553
0.108942,-1.48002
0.108944,-2.3121846
0.108946,-2.9594238
0.108948,-3.5142004
0.10895,-3.8378198
0.108952,-3.976514
0.108954,-3.8840513
0.108956,-3.5604317
0.108958,-3.098118
0.10896,-2.4508786
0.108962,-1.6649456
0.108963996,-0.78654957
0.108966,0.13807821
0.108968,1.0164738
0.10897,1.8486385
0.108972,2.6345725
0.108974,3.23558
0.108976,3.6516623
0.108978,3.92905
0.10898,3.92905
0.108982,3.7903562
0.108984,3.3742738
0.108986,2.8194976
0.108988,2.126027
0.10899,1.3400936
0.108992,0.4154663
0.108994,-0.46292973
0.108996,-1.387557
0.108998,-2.1734905
0.109,-2.866961
0.109002,-3.4217377
0.109004,-3.7915885
0.109006,-3.9302826
0.109008,-3.8840513
0.109009996,-3.6528945
0.109012,-3.1905808
0.109014,-2.589573
0.109016,-1.8036394
0.109018,-0.9714751
0.10902,-0.046847343
0.109022,0.87777996
0.109024,1.7099442
0.109026,2.4958777
0.109028,3.1431174
0.10903,3.605431
0.109032,3.8828197
0.109034,3.9752812
0.109036,3.8365874
0.109038,3.4667363
0.10904,2.9581914
0.109042,2.2647214
0.109044,1.4787879
0.109046,0.60039186
0.109048,-0.32423592
0.10905,-1.202632
0.109052,-2.0347965
0.109054,-2.7744985
0.109056,-3.329275
0.109058,-3.745357
0.10906,-3.9302826
0.109062,-3.9302826
0.109064,-3.6991258
0.109066,-3.2830436
0.109068,-2.6820357
0.10907,-1.9423337
0.109072,-1.1101689
0.109074,-0.18554163
0.109076,0.6928544
0.109078,1.5712504
0.10908,2.357184
0.109082,3.050654
0.109084,3.5591989
0.109086,3.8365874
0.109087996,3.9752812
0.10909,3.8365874
0.109092,3.5591989
0.109094,3.050654
0.109096,2.4034152
0.109098,1.6174817
0.1091,0.7390857
0.109102,-0.18554163
0.109104,-1.0639377
0.109106,-1.8961024
0.109108,-2.6358042
0.10911,-3.236812
0.109112,-3.6991258
0.109114,-3.9302826
0.109116,-3.9302826
0.109118,-3.745357
0.10912,-3.3755062
0.109122,-2.8207297
0.109124,-2.081028
0.109126,-1.2488632
0.109128,-0.3704667
0.10913,0.5541601
0.109132,1.4325566
0.109133996,2.2184901
0.109136,2.9119601
0.109138,3.4667363
0.10914,3.7903562
0.109142,3.9752812
0.109144,3.8828197
0.109146,3.605431
0.109148,3.1431174
0.10915,2.4958777
0.109152,1.756176
0.109154,0.92401123
0.109156,-6.160736E-4
0.109158,-0.9252434
0.10916,-1.7574081
0.109162,-2.4971101
0.109164,-3.1443493
0.109166,-3.6066632
0.109168,-3.8840513
0.10917,-3.9302826
0.109172,-3.7915885
0.109174,-3.467969
0.109176,-2.9131925
0.109178,-2.2197218
0.10918,-1.4337888
0.109182,-0.5091615
0.109184,0.4154663
0.109186,1.2938623
0.109188,2.0797954
0.10919,2.8194976
0.109192,3.3742738
0.109194,3.744125
0.109196,3.92905
0.109198,3.92905
0.1092,3.6978936
0.109202,3.23558
0.109204,2.6345725
0.109206,1.8948698
0.109208,1.0627055
0.10921,0.13807821
0.109211996,-0.7403178
0.109214,-1.6187139
0.109216,-2.4046474
0.109218,-3.0518866
0.10922,-3.5604317
0.109222,-3.8378198
0.109224,-3.976514
0.109226,-3.8378198
0.109228,-3.5142004
0.10923,-3.0056553
0.109232,-2.3584158
0.109234,-1.5262513
0.109236,-0.694087
0.109238,0.23054075
0.10924,1.1551685
0.109242,1.9873328
0.109244,2.6808028
0.109246,3.2818112
0.109248,3.6978936
0.10925,3.92905
0.109252,3.6978936
0.109254,0.4154663
0.109256,-2.728267
0.109257996,-2.728267
0.10926,-1.9885652
0.109262,-1.202632
0.109264,-0.27800417
0.109266,0.64662313
0.109268,1.4787879
0.10927,2.3109517
0.109272,3.0044227
0.109274,3.5129685
0.109276,3.8365874
0.109278,3.9752812
0.10928,3.8828197
0.109282,3.605431
0.109284,3.0968862
0.109286,2.4496465
0.109288,1.7099442
0.10929,0.8315482
0.109292,-0.09307861
0.109294,-0.9714751
0.109296,-1.8036394
0.109298,-2.5433414
0.1093,-3.1905808
0.109302,-3.6528945
0.109304,-3.8840513
0.109306,-3.9302826
0.109308,-3.7915885
0.10931,-3.4217377
0.109312,-2.866961
0.109314,-2.1734905
0.109316,-1.3413262
0.109318,-0.46292973
0.10932,0.46169758
0.109322,1.3400936
0.109324,2.172258
0.109326,2.8657289
0.109328,3.420505
0.10933,3.7903562
0.109332,3.92905
0.109334,3.8828197
0.109335996,3.6516623
0.109338,3.1893477
0.10934,2.5883412
0.109342,1.8024073
0.109344,1.0164738
0.109346,0.091846466
0.109348,-0.83278084
0.10935,-1.6649456
0.109352,-2.4508786
0.109354,-3.098118
0.109356,-3.6066632
0.109358,-3.8840513
0.10936,-3.976514
0.109362,-3.8378198
0.109364,-3.5142004
0.109366,-2.9594238
0.109368,-2.3121846
0.10937,-1.48002
0.109372,-0.601624
0.109374,0.3230033
0.109376,1.2013993
0.109378,2.033564
0.10938,2.727035
0.109381996,3.3280425
0.109384,3.744125
0.109386,3.92905
0.109388,3.92905
0.10939,3.6978936
0.109392,3.2818112
0.109394,2.6808028
0.109396,1.9873328
0.109398,1.1551685
0.1094,0.23054075
0.109402,-0.6478553
0.109404,-1.5262513
0.109406,-2.3121846
0.109408,-3.0056553
0.10941,-3.5142004
0.109412,-3.8378198
0.109414,-3.976514
0.109416,-3.8840513
0.109418,-3.5604317
0.10942,-3.098118
0.109422,-2.4046474
0.109424,-1.6187139
0.109426,-0.78654957
0.109428,0.13807821
0.10943,1.0627055
0.109432,1.8948698
0.109434,2.6345725
0.109436,3.23558
0.109438,3.6978936
0.10944,3.92905
0.109442,3.92905
0.109444,3.744125
0.109446,3.3742738
0.109448,2.8194976
0.10945,2.0797954
0.109452,1.2938623
0.109454,0.4154663
0.109456,-0.5091615
0.109458,-1.387557
0.109459996,-2.1734905
0.109462,-2.866961
0.109464,-3.4217377
0.109466,-3.7915885
0.109468,-3.9302826
0.10947,-3.8840513
0.109472,-3.6528945
0.109474,-3.1905808
0.109476,-2.5433414
0.109478,-1.7574081
0.10948,-0.9252434
0.109482,-6.160736E-4
0.109484,0.87777996
0.109486,1.756176
0.109488,2.4958777
0.10949,3.1431174
0.109492,3.605431
0.109494,3.8828197
0.109496,3.9752812
0.109498,3.7903562
0.1095,3.4667363
0.109502,2.9119601
0.109504,2.2184901
0.109505996,1.4325566
0.109508,0.5541601
0.10951,-0.3704667
0.109512,-1.2488632
0.109514,-2.0347965
0.109516,-2.7744985
0.109518,-3.3755062
0.10952,-3.745357
0.109522,-3.9302826
0.109524,-3.9302826
0.109526,-3.6991258
0.109528,-3.2830436
0.10953,-2.6820357
0.109532,-1.9423337
0.109534,-1.1101689
0.109536,-0.18554163
0.109538,0.7390857
0.10954,1.5712504
0.109542,2.4034152
0.109544,3.050654
0.109546,3.5591989
0.109548,3.8365874
0.10955,3.9752812
0.109552,3.8365874
0.109554,3.5129685
0.109556,3.050654
0.109558,2.357184
0.10956,1.5712504
0.109562,0.7390857
0.109564,-0.18554163
0.109566,-1.1101689
0.109568,-1.8961024
0.10957,-2.6358042
0.109572,-3.2830436
0.109574,-3.6991258
0.109576,-3.9302826
0.109578,-3.9302826
0.10958,-3.745357
0.109582,-3.3755062
0.109583996,-2.7744985
0.109586,-2.081028
0.109588,-1.2488632
0.10959,-0.32423592
0.109592,0.60039186
0.109594,1.4787879
0.109596,2.2647214
0.109598,2.9581914
0.1096,3.4667363
0.109602,3.8365874
0.109604,3.9752812
0.109606,3.8828197
0.109608,3.605431
0.10961,3.1431174
0.109612,2.4958777
0.109614,1.7099442
0.109616,0.87777996
0.109618,-0.046847343
0.10962,-0.9252434
0.109622,-1.7574081
0.109624,-2.5433414
0.109626,-3.1905808
0.109628,-3.6528945
0.109629996,-3.8840513
0.109632,-3.9302826
0.109634,-3.7915885
0.109636,-3.4217377
0.109638,-2.9131925
0.10964,-2.2197218
0.109642,-1.387557
0.109644,-0.5091615
0.109646,0.4154663
0.109648,1.3400936
0.10965,2.126027
0.109652,2.8194976
0.109654,3.3742738
0.109656,3.7903562
0.109658,3.92905
0.10966,3.92905
0.109662,3.6516623
0.109664,3.23558
0.109666,2.6345725
0.109668,1.8486385
0.10967,1.0164738
0.109672,0.091846466
0.109674,0.87777996
0.109675996,1.7099442
0.109678,2.4958777
0.10968,3.1431174
0.109682,3.6516623
0.109684,3.92905
0.109686,4.0215135
0.109688,3.8828197
0.10969,3.5591989
0.109692,3.050654
0.109694,2.357184
0.109696,1.5712504
0.109698,0.6928544
0.1097,-0.2317729
0.109702,-1.1101689
0.109704,-1.9423337
0.109706,-2.6820357
0.109707996,-3.2830436
0.10971,-3.6991258
0.109712,-3.9302826
0.109714,-3.9302826
0.109716,-3.6991258
0.109718,-3.329275
0.10972,-2.728267
0.109722,-1.9885652
0.109724,-1.202632
0.109726,-0.27800417
0.109728,0.64662313
0.10973,1.5250192
0.109732,2.3109517
0.109734,3.0044227
0.109736,3.5129685
0.109738,3.8365874
0.10974,3.9752812
0.109742,3.8828197
0.109744,3.605431
0.109746,3.0968862
0.109748,2.4496465
0.10975,1.6637135
0.109752,0.8315482
0.109753996,-0.09307861
0.109756,-0.9714751
0.109758,-1.8036394
0.10976,-2.589573
0.109762,-3.1905808
0.109764,-3.6528945
0.109766,-3.8840513
0.109768,-3.9302826
0.10977,-3.7915885
0.109772,-3.4217377
0.109774,-2.866961
0.109776,-2.1734905
0.109778,-1.3413262
0.10978,-0.46292973
0.109782,0.46169758
0.109784,1.3863249
0.109786,2.172258
0.109788,2.8657289
0.10979,3.420505
0.109792,3.7903562
0.109794,3.9752812
0.109796,3.8828197
0.109798,3.6516623
0.109799996,3.1893477
0.109802,2.5883412
0.109804,1.8024073
0.109806,0.970243
0.109808,0.091846466
0.10981,-0.83278084
0.109812,-1.6649456
0.109814,-2.4508786
0.109816,-3.098118
0.109818,-3.6066632
0.10982,-3.8840513
0.109822,-3.976514
0.109824,-3.8378198
0.109826,-3.467969
0.109828,-2.9594238
0.10983,-2.2659533
0.109831996,-1.48002
0.109834,-0.601624
0.109836,0.3230033
0.109838,1.2013993
0.10984,2.033564
0.109842,2.7732663
0.109844,3.3280425
0.109846,3.744125
0.109848,3.92905
0.10985,3.92905
0.109852,3.6978936
0.109854,3.2818112
0.109856,2.6808028
0.109858,1.9411016
0.10986,1.1551685
0.109862,0.23054075
0.109864,-0.694087
0.109866,-1.5262513
0.109868,-2.3121846
0.10987,-3.0056553
0.109872,-3.5142004
0.109874,-3.8378198
0.109876,-3.976514
0.109877996,-3.8378198
0.10988,-3.5604317
0.109882,-3.0518866
0.109884,-2.4046474
0.109886,-1.6187139
0.109888,-0.7403178
0.10989,0.13807821
0.109892,1.0627055
0.109894,1.8948698
0.109896,2.6345725
0.109898,3.23558
0.1099,3.6978936
0.109902,3.92905
0.109904,3.92905
0.109906,3.744125
0.109908,3.3742738
0.10991,2.8194976
0.109912,2.0797954
0.109914,1.2938623
0.109916,0.4154663
0.109918,-0.5091615
0.10992,-1.4337888
0.109922,-2.2197218
0.109923996,-2.9131925
0.109926,-3.4217377
0.109928,-3.7915885
0.10993,-3.9302826
0.109932,-3.8840513
0.109934,-3.6066632
0.109936,-3.1905808
0.109938,-2.5433414
0.10994,-1.7574081
0.109942,-0.9252434
0.109944,-6.160736E-4
0.109946,0.92401123
0.109948,1.756176
0.10995,2.542109
0.109952,3.1431174
0.109954,3.605431
0.109956,3.8828197
0.109958,3.9752812
0.10996,3.7903562
0.109962,3.4667363
0.109964,2.9119601
0.109966,2.2184901
0.109968,1.4325566
0.10997,0.5541601
0.109972,-0.3704667
0.109974,-1.2488632
0.109976,-2.081028
0.109978,-2.7744985
0.10998,-3.3755062
0.109982,-3.745357
0.109984,-3.9302826
0.109986,-3.9302826
0.109988,-3.6991258
0.10999,-3.236812
0.109992,-2.6820357
0.109994,-1.8961024
0.109996,-1.0639377
0.109998,-0.18554163
0.11,0.7390857
0.110001996,1.6174817
0.110004,2.4034152
0.110006,3.050654
0.110008,3.5591989
0.11001,3.8365874
0.110012,3.9752812
0.110014,3.8365874
0.110016,3.5129685
0.110018,3.0044227
0.11002,2.357184
0.110022,1.5712504
0.110024,0.6928544
0.110026,-0.2317729
0.110028,-1.1101689
0.11003,-1.9423337
0.110032,-2.6820357
0.110034,-3.2830436
0.110036,-3.6991258
0.110038,-3.9302826
0.11004,-3.9302826
0.110042,-3.745357
0.110044,-3.329275
0.110046,-2.7744985
0.110047996,-2.0347965
0.11005,-1.2488632
0.110052,-0.32423592
0.110054,0.60039186
0.110056,1.4787879
0.110058,2.2647214
0.11006,2.9581914
0.110062,3.4667363
0.110064,3.8365874
0.110066,3.9752812
0.110068,3.8828197
0.11007,3.605431
0.110072,3.1431174
0.110074,2.4958777
0.110076,1.7099442
0.110078,0.87777996
0.11008,-0.046847343
0.110082,-0.9714751
0.110084,-1.8036394
0.110086,-2.5433414
0.110088,-3.1905808
0.11009,-3.6528945
0.110092,-3.8840513
0.110094,-1.2488632
0.110096,2.4958777
0.110098,3.420505
0.1101,2.8657289
0.110102,2.172258
0.110104,1.3863249
0.110106,0.46169758
0.110108,-0.41669846
0.11011,-1.3413262
0.110112,-2.1272593
0.110114,-2.8207297
0.110116,-3.3755062
0.110118,-3.7915885
0.11012,-3.9302826
0.110122,-3.9302826
0.110124,-3.6528945
0.110125996,-3.236812
0.110128,-2.589573
0.11013,-1.8498712
0.110132,-1.0177064
0.110134,-0.09307861
0.110136,0.8315482
0.110138,1.6637135
0.11014,2.4496465
0.110142,3.0968862
0.110144,3.605431
0.110146,3.8828197
0.110148,3.9752812
0.11015,3.8365874
0.110152,3.5129685
0.110154,3.0044227
0.110156,2.3109517
0.110158,1.4787879
0.11016,0.64662313
0.110162,-0.27800417
0.110164,-1.1564007
0.110166,-1.9885652
0.110168,-2.728267
0.11017,-3.329275
0.110171996,-3.6991258
0.110174,-3.9302826
0.110176,-3.9302826
0.110178,-3.6991258
0.11018,-3.329275
0.110182,-2.728267
0.110184,-1.9885652
0.110186,-1.1564007
0.110188,-0.27800417
0.11019,0.64662313
0.110192,1.5250192
0.110194,2.3109517
0.110196,3.0044227
0.110198,3.5129685
0.1102,3.8365874
0.110202,3.9752812
0.110204,3.8828197
0.110206,3.5591989
0.110208,3.0968862
0.11021,2.4496465
0.110212,1.6637135
0.110214,0.7853174
0.110216,-0.09307861
0.110218,-1.0177064
0.11022,-1.8498712
0.110222,-2.589573
0.110224,-3.236812
0.110226,-3.6528945
0.110228,-3.9302826
0.11023,-3.9302826
0.110232,-3.7915885
0.110234,-3.3755062
0.110236,-2.8207297
0.110238,-2.1272593
0.11024,-1.3413262
0.110242,-0.41669846
0.110244,0.50792885
0.110246,1.3863249
0.110248,2.172258
0.110249996,2.9119601
0.110252,3.420505
0.110254,3.7903562
0.110256,3.9752812
0.110258,3.8828197
0.11026,3.6516623
0.110262,3.1893477
0.110264,2.542109
0.110266,1.8024073
0.110268,0.970243
0.11027,0.045615196
0.110272,-0.8790121
0.110274,-1.7111769
0.110276,-2.4508786
0.110278,-3.1443493
0.11028,-3.6066632
0.110282,-3.8840513
0.110284,-3.9302826
0.110286,-3.8378198
0.110288,-3.467969
0.11029,-2.9594238
0.110292,-2.2659533
0.110294,-1.48002
0.110295996,-0.601624
0.110298,0.3230033
0.1103,1.2476311
0.110302,2.033564
0.110304,2.7732663
0.110306,3.3742738
0.110308,3.744125
0.11031,3.92905
0.110312,3.92905
0.110314,3.6978936
0.110316,3.2818112
0.110318,2.6808028
0.11032,1.9411016
0.110322,1.1089368
0.110324,0.23054075
0.110326,-0.694087
0.110328,-1.5724826
0.11033,-2.3584158
0.110332,-3.0056553
0.110334,-3.5142004
0.110336,-3.8378198
0.110338,-3.976514
0.11034,-3.8378198
0.110342,-3.5604317
0.110344,-3.0518866
0.110346,-2.4046474
0.110348,-1.5724826
0.11035,-0.7403178
0.110352,0.184309
0.110354,1.1089368
0.110356,1.9411016
0.110358,2.6808028
0.11036,3.2818112
0.110362,3.6978936
0.110364,3.92905
0.110366,3.92905
0.110368,3.744125
0.11037,3.3742738
0.110372,2.7732663
0.110373996,2.0797954
0.110376,1.2476311
0.110378,0.36923456
0.11038,-0.55539227
0.110382,-1.4337888
0.110384,-2.2197218
0.110386,-2.9131925
0.110388,-3.467969
0.11039,-3.7915885
0.110392,-3.976514
0.110394,-3.8840513
0.110396,-3.6066632
0.110398,-3.1443493
0.1104,-2.4971101
0.110402,-1.7574081
0.110404,-0.8790121
0.110406,0.045615196
0.110408,0.92401123
0.11041,1.756176
0.110412,2.542109
0.110414,3.1893477
0.110416,3.6516623
0.110418,3.8828197
0.110419996,3.9752812
0.110422,3.7903562
0.110424,3.420505
0.110426,2.9119601
0.110428,2.2184901
0.11043,1.4325566
0.110432,0.50792885
0.110434,-0.3704667
0.110436,-1.2950945
0.110438,-2.081028
0.11044,-2.8207297
0.110442,-3.3755062
0.110444,-3.745357
0.110446,-3.9302826
0.110448,-3.9302826
0.11045,-3.6991258
0.110452,-3.236812
0.110454,-2.6358042
0.110456,-1.8961024
0.110458,-1.0639377
0.11046,-0.13931036
0.110462,0.7853174
0.110464,1.6174817
0.110466,2.4034152
0.110468,3.0968862
0.11047,3.5591989
0.110472,3.8828197
0.110474,3.9752812
0.110476,3.8365874
0.110478,3.5129685
0.11048,3.0044227
0.110482,2.3109517
0.110484,1.5250192
0.110486,0.6928544
0.110488,-0.2317729
0.11049,-1.1564007
0.110492,-1.9423337
0.110494,-2.6820357
0.110496,-3.2830436
0.110497996,-3.6991258
0.1105,-3.9302826
0.110502,-3.9302826
0.110504,-3.745357
0.110506,-3.329275
0.110508,-2.7744985
0.11051,-2.0347965
0.110512,-1.202632
0.110514,0.13807821
0.110516,-0.694087
0.110518,-1.5262513
0.11052,-2.3121846
0.110522,-3.0056553
0.110524,-3.5604317
0.110526,-3.8840513
0.110528,-4.022745
0.11053,-3.9302826
0.110532,-3.6528945
0.110534,-3.1443493
0.110536,-2.4971101
0.110538,-1.7111769
0.11054,-0.8790121
0.110542,0.045615196
0.110543996,0.970243
0.110546,1.8024073
0.110548,2.542109
0.11055,3.1893477
0.110552,3.6516623
0.110554,3.8828197
0.110556,3.92905
0.110558,3.7903562
0.11056,3.420505
0.110562,2.8657289
0.110564,2.126027
0.110566,1.3400936
0.110568,0.46169758
0.11057,-0.46292973
0.110572,-1.3413262
0.110574,-2.1272593
0.110576,-2.866961
0.110578,-3.4217377
0.11058,-3.7915885
0.110582,-3.9302826
0.110584,-3.9302826
0.110586,-3.6528945
0.110588,-3.236812
0.11059,-2.589573
0.110592,-1.8498712
0.110594,-1.0177064
0.110596,-0.09307861
0.110598,0.8315482
0.1106,1.6637135
0.110602,2.4496465
0.110604,3.0968862
0.110606,3.605431
0.110608,3.8828197
0.11061,3.9752812
0.110612,3.8365874
0.110614,3.5129685
0.110616,2.9581914
0.110618,2.2647214
0.11062,1.4787879
0.110621996,0.64662313
0.110624,-0.27800417
0.110626,-1.202632
0.110628,-1.9885652
0.11063,-2.728267
0.110632,-3.329275
0.110634,-3.745357
0.110636,-3.9302826
0.110638,-3.9302826
0.11064,-3.6991258
0.110642,-3.2830436
0.110644,-2.728267
0.110646,-1.9885652
0.110648,-1.1564007
0.11065,-0.2317729
0.110652,0.6928544
0.110654,1.5250192
0.110656,2.3109517
0.110658,3.0044227
0.11066,3.5129685
0.110662,3.8365874
0.110664,3.9752812
0.110666,3.8828197
0.110667996,3.5591989
0.11067,3.050654
0.110672,2.4034152
0.110674,1.6174817
0.110676,0.7853174
0.110678,-0.13931036
0.11068,-1.0177064
0.110682,-1.8498712
0.110684,-2.589573
0.110686,-3.236812
0.110688,-3.6528945
0.11069,-3.9302826
0.110692,-3.9302826
0.110694,-3.745357
0.110696,-3.3755062
0.110698,-2.8207297
0.1107,-2.1272593
0.110702,-1.2950945
0.110704,-0.41669846
0.110706,0.50792885
0.110708,1.4325566
0.11071,2.2184901
0.110712,2.9119601
0.110714,3.4667363
0.110716,3.7903562
0.110718,3.9752812
0.11072,3.8828197
0.110722,3.6516623
0.110724,3.1893477
0.110726,2.542109
0.110728,1.756176
0.11073,0.92401123
0.110732,0.045615196
0.110734,-0.8790121
0.110736,-1.7111769
0.110738,-2.4971101
0.11074,-3.1443493
0.110742,-3.6066632
0.110744,-3.8840513
0.110745996,-3.976514
0.110748,-3.7915885
0.11075,-3.467969
0.110752,-2.9594238
0.110754,-2.2659533
0.110756,-1.4337888
0.110758,-0.55539227
0.11076,0.36923456
0.110762,1.2476311
0.110764,2.0797954
0.110766,2.7732663
0.110768,3.3742738
0.11077,3.744125
0.110772,3.92905
0.110774,3.92905
0.110776,3.6978936
0.110778,3.2818112
0.11078,2.6808028
0.110782,1.9411016
0.110784,1.1089368
0.110786,0.184309
0.110788,-0.7403178
0.11079,-1.5724826
0.110791996,-2.3584158
0.110794,-3.0518866
0.110796,-3.5604317
0.110798,-3.8378198
0.1108,-3.976514
0.110802,-3.8378198
0.110804,-3.5604317
0.110806,-3.0518866
0.110808,-2.3584158
0.11081,-1.5724826
0.110812,-0.7403178
0.110814,0.184309
0.110816,1.1089368
0.110818,1.9411016
0.11082,2.6808028
0.110822,3.2818112
0.110824,3.6978936
0.110826,3.92905
0.110828,3.92905
0.11083,3.744125
0.110832,3.3280425
0.110834,2.7732663
0.110836,2.033564
0.110837996,1.2476311
0.11084,0.36923456
0.110842,-0.55539227
0.110844,-1.4337888
0.110846,-2.2197218
0.110848,-2.9131925
0.11085,-3.467969
0.110852,-3.7915885
0.110854,-3.976514
0.110856,-3.8840513
0.110858,-3.6066632
0.11086,-3.1443493
0.110862,-2.4971101
0.110864,-1.7111769
0.110866,-0.8790121
0.110868,0.045615196
0.110869996,0.970243
0.110872,1.8024073
0.110874,2.542109
0.110876,3.1893477
0.110878,3.6516623
0.11088,3.8828197
0.110882,3.92905
0.110884,3.7903562
0.110886,3.420505
0.110888,2.8657289
0.11089,2.172258
0.110892,1.3863249
0.110894,0.50792885
0.110896,-0.41669846
0.110898,-1.2950945
0.1109,-2.081028
0.110902,-2.8207297
0.110904,-3.3755062
0.110906,-3.745357
0.110908,-3.9302826
0.11091,-3.9302826
0.110912,-3.6528945
0.110914,-3.236812
0.110915996,-2.6358042
0.110918,-1.8498712
0.11092,-1.0177064
0.110922,-0.13931036
0.110924,0.7853174
0.110926,1.6637135
0.110928,2.4496465
0.11093,3.0968862
0.110932,3.5591989
0.110934,1.3400936
0.110936,-1.9885652
0.110938,-3.7915885
0.11094,-3.5142004
0.110942,-3.0056553
0.110944,-2.3584158
0.110946,-1.5262513
0.110948,-0.6478553
0.11095,0.27677202
0.110952,1.1551685
0.110954,1.9873328
0.110956,2.727035
0.110958,3.2818112
0.11096,3.6978936
0.110961996,3.92905
0.110964,3.92905
0.110966,3.6978936
0.110968,3.3280425
0.11097,2.727035
0.110972,1.9873328
0.110974,1.2013993
0.110976,0.27677202
0.110978,-0.6478553
0.11098,-1.48002
0.110982,-2.2659533
0.110984,-2.9594238
0.110986,-3.5142004
0.110988,-3.8378198
0.11099,-3.976514
0.110992,-3.8840513
0.110993996,-3.6066632
0.110996,-3.098118
0.110998,-2.4508786
0.111,-1.6649456
0.111002,-0.83278084
0.111004,0.091846466
0.111006,1.0164738
0.111008,1.8486385
0.11101,2.5883412
0.111012,3.23558
0.111014,3.6516623
0.111016,3.92905
0.111018,3.92905
0.11102,3.7903562
0.111022,3.420505
0.111024,2.8194976
0.111026,2.126027
0.111028,1.3400936
0.11103,0.46169758
0.111032,-0.46292973
0.111034,-1.3413262
0.111036,-2.1734905
0.111038,-2.866961
0.111039996,-3.4217377
0.111042,-3.7915885
0.111044,-3.9302826
0.111046,-3.8840513
0.111048,-3.6528945
0.11105,-3.1905808
0.111052,-2.589573
0.111054,-1.8036394
0.111056,-0.9714751
0.111058,-0.046847343
0.11106,0.87777996
0.111062,1.7099442
0.111064,2.4958777
0.111066,3.1431174
0.111068,3.605431
0.11107,3.8828197
0.111072,3.9752812
0.111074,3.8365874
0.111076,3.4667363
0.111078,2.9581914
0.11108,2.2647214
0.111082,1.4787879
0.111084,0.60039186
0.111085996,-0.32423592
0.111088,-1.202632
0.11109,-2.0347965
0.111092,-2.728267
0.111094,-3.329275
0.111096,-3.745357
0.111098,-3.9302826
0.1111,-3.9302826
0.111102,-3.6991258
0.111104,-3.2830436
0.111106,-2.6820357
0.111108,-1.9423337
0.11111,-1.1101689
0.111112,-0.2317729
0.111114,0.6928544
0.111116,1.5712504
0.111118,2.357184
0.11112,3.0044227
0.111122,3.5129685
0.111124,3.8365874
0.111126,3.9752812
0.111128,3.8365874
0.11113,3.5591989
0.111132,3.050654
0.111134,2.4034152
0.111136,1.6174817
0.111138,0.7390857
0.11114,-0.13931036
0.111142,-1.0639377
0.111144,-1.8961024
0.111146,-2.6358042
0.111148,-3.236812
0.11115,-3.6991258
0.111152,-3.9302826
0.111154,-3.9302826
0.111156,-3.745357
0.111158,-3.3755062
0.11116,-2.8207297
0.111162,-2.081028
0.111163996,-1.2950945
0.111166,-0.3704667
0.111168,0.5541601
0.11117,1.4325566
0.111172,2.2184901
0.111174,2.9119601
0.111176,3.4667363
0.111178,3.7903562
0.11118,3.9752812
0.111182,3.8828197
0.111184,3.605431
0.111186,3.1431174
0.111188,2.542109
0.11119,1.756176
0.111192,0.92401123
0.111194,-6.160736E-4
0.111196,-0.9252434
0.111198,-1.7574081
0.1112,-2.4971101
0.111202,-3.1443493
0.111204,-3.6066632
0.111206,-3.8840513
0.111208,-3.9302826
0.111209996,-3.7915885
0.111212,-3.467969
0.111214,-2.9131925
0.111216,-2.2197218
0.111218,-1.4337888
0.11122,-0.55539227
0.111222,0.36923456
0.111224,1.2938623
0.111226,2.0797954
0.111228,2.8194976
0.11123,3.3742738
0.111232,3.744125
0.111234,3.92905
0.111236,3.92905
0.111238,3.6978936
0.11124,3.23558
0.111242,2.6345725
0.111244,1.8948698
0.111246,1.0627055
0.111248,0.184309
0.11125,-0.7403178
0.111252,-1.5724826
0.111254,-2.3584158
0.111256,-3.0518866
0.111258,-3.5604317
0.11126,-3.8378198
0.111262,-3.976514
0.111264,-3.8378198
0.111266,-3.5142004
0.111268,-3.0056553
0.11127,-2.3584158
0.111272,-1.5724826
0.111274,-0.694087
0.111276,0.23054075
0.111278,1.1551685
0.11128,1.9411016
0.111282,2.6808028
0.111284,3.2818112
0.111286,3.6978936
0.111287996,3.92905
0.11129,3.92905
0.111292,3.744125
0.111294,3.3280425
0.111296,2.7732663
0.111298,2.033564
0.1113,1.2013993
0.111302,0.3230033
0.111304,-0.601624
0.111306,-1.48002
0.111308,-2.2659533
0.11131,-2.9594238
0.111312,-3.467969
0.111314,-3.8378198
0.111316,-3.976514
0.111318,-3.8840513
0.11132,-3.6066632
0.111322,-3.1443493
0.111324,-2.4971101
0.111326,-1.7111769
0.111328,-0.83278084
0.11133,0.045615196
0.111332,0.970243
0.111333996,1.8024073
0.111336,2.5883412
0.111338,3.1893477
0.11134,3.6516623
0.111342,3.8828197
0.111344,3.92905
0.111346,3.7903562
0.111348,3.420505
0.11135,2.8657289
0.111352,2.172258
0.111354,-0.2317729
0.111356,-0.3704667
0.111358,0.50792885
0.11136,1.4325566
0.111362,2.2184901
0.111364,2.9119601
0.111366,3.4667363
0.111368,3.8365874
0.11137,3.9752812
0.111372,3.9752812
0.111374,3.6978936
0.111376,3.23558
0.111378,2.6345725
0.11138,1.8948698
0.111382,1.0627055
0.111384,0.13807821
0.111386,-0.78654957
0.111388,-1.6187139
0.11139,-2.4046474
0.111392,-3.0518866
0.111394,-3.5604317
0.111396,-3.8378198
0.111398,-3.9302826
0.1114,-3.8378198
0.111402,-3.5142004
0.111404,-2.9594238
0.111406,-2.3121846
0.111408,-1.48002
0.11141,-0.6478553
0.111411996,0.27677202
0.111414,1.2013993
0.111416,1.9873328
0.111418,2.727035
0.11142,3.3280425
0.111422,3.744125
0.111424,3.92905
0.111426,3.92905
0.111428,3.744125
0.11143,3.3280425
0.111432,2.727035
0.111434,1.9873328
0.111436,1.1551685
0.111438,0.27677202
0.11144,-0.6478553
0.111442,-1.48002
0.111444,-2.3121846
0.111446,-2.9594238
0.111448,-3.5142004
0.11145,-3.8378198
0.111452,-3.976514
0.111454,-3.8840513
0.111456,-3.5604317
0.111457996,-3.098118
0.11146,-2.4508786
0.111462,-1.6649456
0.111464,-0.78654957
0.111466,0.13807821
0.111468,1.0164738
0.11147,1.8486385
0.111472,2.6345725
0.111474,3.23558
0.111476,3.6516623
0.111478,3.92905
0.11148,3.92905
0.111482,3.7903562
0.111484,3.3742738
0.111486,2.8194976
0.111488,2.126027
0.11149,1.3400936
0.111492,0.4154663
0.111494,-0.5091615
0.111496,-1.387557
0.111498,-2.1734905
0.1115,-2.866961
0.111502,-3.4217377
0.111504,-3.7915885
0.111506,-3.9302826
0.111508,-3.8840513
0.11151,-3.6528945
0.111512,-3.1905808
0.111514,-2.5433414
0.111516,-1.8036394
0.111518,-0.9714751
0.11152,-0.046847343
0.111522,0.87777996
0.111524,1.7099442
0.111526,2.4958777
0.111528,3.1431174
0.11153,3.605431
0.111532,3.8828197
0.111534,3.9752812
0.111535996,3.8365874
0.111538,3.4667363
0.11154,2.9581914
0.111542,2.2647214
0.111544,1.4787879
0.111546,0.60039186
0.111548,-0.32423592
0.11155,-1.2488632
0.111552,-2.0347965
0.111554,-2.7744985
0.111556,-3.329275
0.111558,-3.745357
0.11156,-3.9302826
0.111562,-3.9302826
0.111564,-3.6991258
0.111566,-3.2830436
0.111568,-2.6820357
0.11157,-1.9423337
0.111572,-1.1101689
0.111574,-0.18554163
0.111576,0.7390857
0.111578,1.5712504
0.11158,2.357184
0.111581996,3.050654
0.111584,3.5591989
0.111586,3.8365874
0.111588,3.9752812
0.11159,3.8365874
0.111592,3.5591989
0.111594,3.050654
0.111596,2.4034152
0.111598,1.5712504
0.1116,0.7390857
0.111602,-0.18554163
0.111604,-1.0639377
0.111606,-1.8961024
0.111608,-2.6358042
0.11161,-3.236812
0.111612,-3.6991258
0.111614,-3.9302826
0.111616,-3.9302826
0.111618,-3.745357
0.11162,-3.3755062
0.111622,-2.8207297
0.111624,-2.081028
0.111626,-1.2488632
0.111628,-0.3704667
0.11163,0.5541601
0.111632,1.4325566
0.111634,2.2184901
0.111636,2.9119601
0.111638,3.4667363
0.11164,3.7903562
0.111642,3.9752812
0.111644,3.8828197
0.111646,3.605431
0.111648,3.1431174
0.11165,2.4958777
0.111652,1.756176
0.111654,0.87777996
0.111656,-6.160736E-4
0.111658,-0.9252434
0.111659996,-1.7574081
0.111662,-2.4971101
0.111664,-3.1443493
0.111666,-3.6066632
0.111668,-3.8840513
0.11167,-3.9302826
0.111672,-3.7915885
0.111674,-3.467969
0.111676,-2.9131925
0.111678,-2.2197218
0.11168,-1.4337888
0.111682,-0.5091615
0.111684,0.4154663
0.111686,1.2938623
0.111688,2.126027
0.11169,2.8194976
0.111692,3.3742738
0.111694,3.744125
0.111696,3.92905
0.111698,3.92905
0.1117,3.6978936
0.111702,3.23558
0.111704,2.6345725
0.111705996,1.8948698
0.111708,1.0627055
0.11171,0.13807821
0.111712,-0.78654957
0.111714,-1.6187139
0.111716,-2.4046474
0.111718,-3.0518866
0.11172,-3.5604317
0.111722,-3.8378198
0.111724,-3.976514
0.111726,-3.8378198
0.111728,-3.5142004
0.11173,-3.0056553
0.111732,-2.3584158
0.111734,-1.5262513
0.111736,-0.694087
0.111738,0.23054075
0.11174,1.1551685
0.111742,1.9873328
0.111744,2.6808028
0.111746,3.2818112
0.111748,3.6978936
0.11175,3.92905
0.111752,3.92905
0.111754,3.744125
0.111756,3.3280425
0.111758,2.727035
0.11176,2.033564
0.111762,1.2013993
0.111764,0.3230033
0.111766,-0.601624
0.111768,-1.48002
0.11177,-2.2659533
0.111772,-2.9594238
0.111774,-1.7574081
0.111776,1.9411016
0.111778,3.92905
0.11178,3.8828197
0.111782,3.605431
0.111783996,3.1431174
0.111786,2.4958777
0.111788,1.7099442
0.11179,0.8315482
0.111792,-0.046847343
0.111794,-0.9714751
0.111796,-1.8036394
0.111798,-2.5433414
0.1118,-3.1905808
0.111802,-3.6528945
0.111804,-3.8840513
0.111806,-3.9302826
0.111808,-3.7915885
0.11181,-3.4217377
0.111812,-2.866961
0.111814,-2.1734905
0.111816,-1.3413262
0.111818,-0.46292973
0.11182,0.46169758
0.111822,1.3863249
0.111824,2.172258
0.111826,2.8657289
0.111828,3.420505
0.111829996,3.7903562
0.111832,3.9752812
0.111834,3.92905
0.111836,3.6516623
0.111838,3.1893477
0.11184,2.5883412
0.111842,1.8486385
0.111844,1.0164738
0.111846,0.091846466
0.111848,-0.83278084
0.11185,-1.6649456
0.111852,-2.4508786
0.111854,-3.098118
0.111856,-3.5604317
0.111858,-3.8840513
0.11186,-3.9302826
0.111862,-3.8378198
0.111864,-3.5142004
0.111866,-2.9594238
0.111868,-2.3121846
0.11187,-1.48002
0.111872,-0.601624
0.111874,0.3230033
0.111875996,1.2013993
0.111878,2.033564
0.11188,2.7732663
0.111882,3.3280425
0.111884,3.744125
0.111886,3.92905
0.111888,3.92905
0.11189,3.6978936
0.111892,3.2818112
0.111894,2.6808028
0.111896,1.9873328
0.111898,1.1551685
0.1119,0.23054075
0.111902,-0.694087
0.111904,-1.5262513
0.111906,-2.3121846
0.111907996,-3.0056553
0.11191,-3.5142004
0.111912,-3.8378198
0.111914,-3.976514
0.111916,-3.8840513
0.111918,-3.5604317
0.11192,-3.0518866
0.111922,-2.4046474
0.111924,-1.6187139
0.111926,-0.78654957
0.111928,0.13807821
0.11193,1.0627055
0.111932,1.8948698
0.111934,2.6345725
0.111936,3.23558
0.111938,3.6978936
0.11194,3.92905
0.111942,3.92905
0.111944,3.744125
0.111946,3.3742738
0.111948,2.8194976
0.11195,2.0797954
0.111952,1.2938623
0.111953996,0.4154663
0.111956,-0.5091615
0.111958,-1.387557
0.11196,-2.1734905
0.111962,-2.866961
0.111964,-3.4217377
0.111966,-3.7915885
0.111968,-3.9302826
0.11197,-3.8840513
0.111972,-3.6528945
0.111974,-3.1905808
0.111976,-2.5433414
0.111978,-1.7574081
0.11198,-0.9252434
0.111982,-6.160736E-4
0.111984,0.92401123
0.111986,1.756176
0.111988,2.4958777
0.11199,3.1431174
0.111992,3.605431
0.111994,3.8828197
0.111996,3.9752812
0.111998,3.7903562
0.111999996,3.4667363
0.112002,2.9119601
0.112004,2.2184901
0.112006,1.4325566
0.112008,0.5541601
0.11201,-0.3704667
0.112012,-1.2488632
0.112014,-2.0347965
0.112016,-2.7744985
0.112018,-3.3755062
0.11202,-3.745357
0.112022,-3.9302826
0.112024,-3.9302826
0.112026,-3.6991258
0.112028,-3.2830436
0.11203,-2.6820357
0.112031996,-1.8961024
0.112034,-1.0639377
0.112036,-0.18554163
0.112038,0.7390857
0.11204,1.6174817
0.112042,2.4034152
0.112044,3.050654
0.112046,3.5591989
0.112048,3.8365874
0.11205,3.9752812
0.112052,3.8365874
0.112054,3.5129685
0.112056,3.050654
0.112058,2.357184
0.11206,1.5712504
0.112062,0.7390857
0.112064,-0.18554163
0.112066,-1.1101689
0.112068,-1.8961024
0.11207,-2.6820357
0.112072,-3.2830436
0.112074,-3.6991258
0.112076,-3.9302826
0.112077996,-3.9302826
0.11208,-3.745357
0.112082,-3.329275
0.112084,-2.7744985
0.112086,-2.0347965
0.112088,-1.2488632
0.11209,-0.32423592
0.112092,0.60039186
0.112094,1.4787879
0.112096,2.2647214
0.112098,2.9581914
0.1121,3.4667363
0.112102,3.8365874
0.112104,3.9752812
0.112106,3.8828197
0.112108,3.605431
0.11211,3.1431174
0.112112,2.4958777
0.112114,1.7099442
0.112116,0.87777996
0.112118,-0.046847343
0.11212,-0.9252434
0.112122,-1.7574081
0.112123996,-2.5433414
0.112126,-3.1905808
0.112128,-3.6528945
0.11213,-3.8840513
0.112132,-3.9302826
0.112134,-3.7915885
0.112136,-3.4217377
0.112138,-2.9131925
0.11214,-2.1734905
0.112142,-1.387557
0.112144,-0.5091615
0.112146,0.4154663
0.112148,1.3400936
0.11215,2.126027
0.112152,2.8194976
0.112154,3.420505
0.112155996,3.7903562
0.112158,3.92905
0.11216,3.92905
0.112162,3.6516623
0.112164,3.23558
0.112166,2.5883412
0.112168,1.8486385
0.11217,1.0164738
0.112172,0.13807821
0.112174,-0.78654957
0.112176,-1.6187139
0.112178,-2.4046474
0.11218,-3.0518866
0.112182,-3.5604317
0.112184,-3.8840513
0.112186,-3.976514
0.112188,-3.8378198
0.11219,-3.5142004
0.112192,-3.0056553
0.112194,-1.3413262
0.112196,1.2938623
0.112198,0.60039186
0.1122,-0.32423592
0.112201996,-1.202632
0.112204,-2.0347965
0.112206,-2.7744985
0.112208,-3.329275
0.11221,-3.745357
0.112212,-3.976514
0.112214,-3.976514
0.112216,-3.745357
0.112218,-3.3755062
0.11222,-2.7744985
0.112222,-2.0347965
0.112224,-1.202632
0.112226,-0.32423592
0.112228,0.64662313
0.11223,1.4787879
0.112232,2.3109517
0.112234,2.9581914
0.112236,3.5129685
0.112238,3.8365874
0.11224,3.92905
0.112242,3.8828197
0.112244,3.5591989
0.112246,3.0968862
0.112247996,2.4496465
0.11225,1.6637135
0.112252,0.8315482
0.112254,-0.09307861
0.112256,-1.0177064
0.112258,-1.8498712
0.11226,-2.589573
0.112262,-3.1905808
0.112264,-3.6528945
0.112266,-3.9302826
0.112268,-3.9302826
0.11227,-3.7915885
0.112272,-3.4217377
0.112274,-2.866961
0.112276,-2.1272593
0.112278,-1.3413262
0.11228,-0.46292973
0.112282,0.46169758
0.112284,1.3863249
0.112286,2.172258
0.112288,2.8657289
0.11229,3.420505
0.112292,3.7903562
0.112294,3.92905
0.112296,3.8828197
0.112298,3.6516623
0.1123,3.1893477
0.112302,2.5883412
0.112304,1.8024073
0.112306,0.970243
0.112308,0.045615196
0.11231,-0.83278084
0.112312,-1.6649456
0.112314,-2.4508786
0.112316,-3.098118
0.112318,-3.6066632
0.11232,-3.8840513
0.112322,-3.976514
0.112324,-3.8378198
0.112325996,-3.467969
0.112328,-2.9594238
0.11233,-2.2659533
0.112332,-1.48002
0.112334,-0.601624
0.112336,0.3230033
0.112338,1.2476311
0.11234,2.033564
0.112342,2.7732663
0.112344,3.3280425
0.112346,3.744125
0.112348,3.92905
0.11235,3.92905
0.112352,3.6978936
0.112354,3.2818112
0.112356,2.6808028
0.112358,1.9411016
0.11236,1.1089368
0.112362,0.23054075
0.112364,-0.694087
0.112366,-1.5262513
0.112368,-2.3121846
0.11237,-3.0056553
0.112371996,-3.5142004
0.112374,-3.8378198
0.112376,-3.976514
0.112378,-3.8378198
0.11238,-3.5604317
0.112382,-3.0518866
0.112384,-2.4046474
0.112386,-1.6187139
0.112388,-0.7403178
0.11239,0.184309
0.112392,1.0627055
0.112394,1.8948698
0.112396,2.6345725
0.112398,3.23558
0.1124,3.6978936
0.112402,3.92905
0.112404,3.92905
0.112406,3.744125
0.112408,3.3742738
0.11241,2.8194976
0.112412,2.0797954
0.112414,1.2938623
0.112416,0.36923456
0.112418,-0.55539227
0.11242,-1.4337888
0.112422,-2.2197218
0.112424,-2.9131925
0.112426,-3.467969
0.112428,-3.7915885
0.11243,-3.9302826
0.112432,-3.8840513
0.112434,-3.6066632
0.112436,-3.1443493
0.112438,-2.5433414
0.11244,-1.7574081
0.112442,-0.9252434
0.112444,-6.160736E-4
0.112446,0.92401123
0.112448,1.756176
0.112449996,2.542109
0.112452,3.1431174
0.112454,3.605431
0.112456,3.8828197
0.112458,3.9752812
0.11246,3.7903562
0.112462,3.4667363
0.112464,2.9119601
0.112466,2.2184901
0.112468,1.4325566
0.11247,0.5541601
0.112472,-0.3704667
0.112474,-1.2488632
0.112476,-2.081028
0.112478,-2.7744985
0.11248,-3.3755062
0.112482,-3.745357
0.112484,-3.9302826
0.112486,-3.9302826
0.112488,-3.6991258
0.11249,-3.236812
0.112492,-2.6358042
0.112494,-1.8961024
0.112495996,-1.0639377
0.112498,-0.13931036
0.1125,0.7390857
0.112502,1.6174817
0.112504,2.4034152
0.112506,3.050654
0.112508,3.5591989
0.11251,3.8365874
0.112512,3.9752812
0.112514,3.8365874
0.112516,3.5129685
0.112518,3.0044227
0.11252,2.357184
0.112522,1.5712504
0.112524,0.6928544
0.112526,-0.2317729
0.112528,-1.1101689
0.11253,-1.9423337
0.112532,-2.6820357
0.112534,-3.2830436
0.112536,-3.6991258
0.112538,-3.9302826
0.11254,-3.9302826
0.112542,-3.745357
0.112544,-3.329275
0.112546,-2.7744985
0.112548,-2.0347965
0.11255,-1.202632
0.112552,-0.32423592
0.112554,0.60039186
0.112556,1.4787879
0.112558,2.2647214
0.11256,2.9581914
0.112562,3.4667363
0.112564,3.8365874
0.112566,3.9752812
0.112568,3.8828197
0.11257,3.605431
0.112572,3.0968862
0.112573996,2.4958777
0.112576,1.7099442
0.112578,0.87777996
0.11258,-0.046847343
0.112582,-0.9714751
0.112584,-1.8036394
0.112586,-2.5433414
0.112588,-3.1905808
0.11259,-3.6528945
0.112592,-3.8840513
0.112594,-3.9302826
0.112596,-3.7915885
0.112598,-3.4217377
0.1126,-2.866961
0.112602,-2.1734905
0.112604,-1.387557
0.112606,-0.46292973
0.112608,0.46169758
0.11261,1.3400936
0.112612,2.126027
0.112614,1.6174817
0.112616,-1.7111769
0.112618,-3.745357
0.112619996,-3.976514
0.112622,-3.9302826
0.112624,-3.6991258
0.112626,-3.236812
0.112628,-2.6358042
0.11263,-1.8961024
0.112632,-1.0177064
0.112634,-0.13931036
0.112636,0.7853174
0.112638,1.6637135
0.11264,2.4496465
0.112642,3.0968862
0.112644,3.5591989
0.112646,3.8828197
0.112648,3.92905
0.11265,3.8365874
0.112652,3.4667363
0.112654,2.9581914
0.112656,2.2647214
0.112658,1.4787879
0.11266,0.64662313
0.112662,-0.27800417
0.112664,-1.202632
0.112666,-1.9885652
0.112668,-2.728267
0.11267,-3.329275
0.112672,-3.745357
0.112674,-3.9302826
0.112676,-3.9302826
0.112678,-3.745357
0.11268,-3.329275
0.112682,-2.728267
0.112684,-1.9885652
0.112686,-1.1564007
0.112688,-0.27800417
0.11269,0.64662313
0.112692,1.5250192
0.112694,2.3109517
0.112696,3.0044227
0.112697996,3.5129685
0.1127,3.8365874
0.112702,3.9752812
0.112704,3.8828197
0.112706,3.5591989
0.112708,3.0968862
0.11271,2.4034152
0.112712,1.6174817
0.112714,0.7853174
0.112716,-0.13931036
0.112718,-1.0177064
0.11272,-1.8498712
0.112722,-2.589573
0.112724,-3.236812
0.112726,-3.6528945
0.112728,-3.9302826
0.11273,-3.9302826
0.112732,-3.7915885
0.112734,-3.3755062
0.112736,-2.8207297
0.112738,-2.1272593
0.11274,-1.2950945
0.112742,-0.41669846
0.112743996,0.50792885
0.112746,1.3863249
0.112748,2.172258
0.11275,2.9119601
0.112752,3.420505
0.112754,3.7903562
0.112756,3.9752812
0.112758,3.8828197
0.11276,3.6516623
0.112762,3.1893477
0.112764,2.542109
0.112766,1.8024073
0.112768,0.970243
0.11277,0.045615196
0.112772,-0.8790121
0.112774,-1.7111769
0.112776,-2.4971101
0.112778,-3.1443493
0.11278,-3.6066632
0.112782,-3.8840513
0.112784,-3.976514
0.112786,-3.8378198
0.112788,-3.467969
0.11279,-2.9594238
0.112792,-2.2659533
0.112794,-1.48002
0.112796,-0.55539227
0.112798,0.36923456
0.1128,1.2476311
0.112802,2.0797954
0.112804,2.7732663
0.112806,3.3742738
0.112808,3.744125
0.11281,3.92905
0.112812,3.92905
0.112814,3.6978936
0.112816,3.2818112
0.112818,2.6808028
0.11282,1.9411016
0.112821996,1.1089368
0.112824,0.184309
0.112826,-0.694087
0.112828,-1.5724826
0.11283,-2.3584158
0.112832,-3.0056553
0.112834,-3.5142004
0.112836,-3.8378198
0.112838,-3.976514
0.11284,-3.8378198
0.112842,-3.5604317
0.112844,-3.0518866
0.112846,-2.4046474
0.112848,-1.5724826
0.11285,-0.7403178
0.112852,0.184309
0.112854,1.1089368
0.112856,1.9411016
0.112858,2.6808028
0.11286,3.2818112
0.112862,3.6978936
0.112864,3.92905
0.112866,3.92905
0.112867996,3.744125
0.11287,3.3742738
0.112872,2.7732663
0.112874,2.0797954
0.112876,1.2476311
0.112878,0.36923456
0.11288,-0.55539227
0.112882,-1.4337888
0.112884,-2.2197218
0.112886,-2.9131925
0.112888,-3.467969
0.11289,-3.7915885
0.112892,-3.976514
0.112894,-3.8840513
0.112896,-3.6066632
0.112898,-3.1443493
0.1129,-2.4971101
0.112902,-1.7574081
0.112904,-0.8790121
0.112906,0.045615196
0.112908,0.92401123
0.11291,1.8024073
0.112912,2.542109
0.112914,3.1893477
0.112916,3.6516623
0.112918,3.8828197
0.11292,3.9752812
0.112922,3.7903562
0.112924,3.420505
0.112926,2.9119601
0.112928,2.2184901
0.11293,1.3863249
0.112932,0.50792885
0.112934,-0.41669846
0.112936,-1.2950945
0.112938,-2.081028
0.11294,-2.8207297
0.112942,-3.3755062
0.112944,-3.745357
0.112945996,-3.9302826
0.112948,-3.9302826
0.11295,-3.6991258
0.112952,-3.236812
0.112954,-2.6358042
0.112956,-1.8961024
0.112958,-1.0639377
0.11296,-0.13931036
0.112962,0.7853174
0.112964,1.6174817
0.112966,2.4034152
0.112968,3.0968862
0.11297,3.5591989
0.112972,3.8828197
0.112974,3.9752812
0.112976,3.8365874
0.112978,3.5129685
0.11298,3.0044227
0.112982,2.3109517
0.112984,1.5250192
0.112986,0.6928544
0.112988,-0.2317729
0.11299,-1.1564007
0.112991996,-1.9423337
0.112994,-2.6820357
0.112996,-3.2830436
0.112998,-3.6991258
0.113,-3.9302826
0.113002,-3.9302826
0.113004,-3.745357
0.113006,-3.329275
0.113008,-2.728267
0.11301,-2.0347965
0.113012,-1.202632
0.113014,-0.27800417
0.113016,0.64662313
0.113018,1.4787879
0.11302,2.3109517
0.113022,2.9581914
0.113024,3.5129685
0.113026,3.8365874
0.113028,3.9752812
0.11303,3.8828197
0.113032,3.605431
0.113034,2.4496465
0.113036,-0.9252434
0.113037996,-1.6187139
0.11304,-0.78654957
0.113042,0.13807821
0.113044,1.0627055
0.113046,1.8948698
0.113048,2.6345725
0.11305,3.23558
0.113052,3.6978936
0.113054,3.92905
0.113056,3.9752812
0.113058,3.7903562
0.11306,3.420505
0.113062,2.8657289
0.113064,2.172258
0.113066,1.3863249
0.113068,0.46169758
0.113069996,-0.46292973
0.113072,-1.3413262
0.113074,-2.1272593
0.113076,-2.8207297
0.113078,-3.3755062
0.11308,-3.7915885
0.113082,-3.9302826
0.113084,-3.8840513
0.113086,-3.6528945
0.113088,-3.1905808
0.11309,-2.589573
0.113092,-1.8036394
0.113094,-0.9714751
0.113096,-0.09307861
0.113098,0.8315482
0.1131,1.7099442
0.113102,2.4496465
0.113104,3.0968862
0.113106,3.605431
0.113108,3.8828197
0.11311,3.9752812
0.113112,3.8365874
0.113114,3.4667363
0.113115996,2.9581914
0.113118,2.2647214
0.11312,1.4787879
0.113122,0.64662313
0.113124,-0.27800417
0.113126,-1.202632
0.113128,-1.9885652
0.11313,-2.728267
0.113132,-3.329275
0.113134,-3.745357
0.113136,-3.9302826
0.113138,-3.9302826
0.11314,-3.6991258
0.113142,-3.2830436
0.113144,-2.728267
0.113146,-1.9885652
0.113148,-1.1564007
0.11315,-0.2317729
0.113152,0.6928544
0.113154,1.5250192
0.113156,2.357184
0.113158,3.0044227
0.11316,3.5129685
0.113161996,3.8365874
0.113164,3.9752812
0.113166,3.8828197
0.113168,3.5591989
0.11317,3.050654
0.113172,2.4034152
0.113174,1.6174817
0.113176,0.7853174
0.113178,-0.13931036
0.11318,-1.0177064
0.113182,-1.8498712
0.113184,-2.6358042
0.113186,-3.236812
0.113188,-3.6528945
0.11319,-3.9302826
0.113192,-3.9302826
0.113193996,-3.745357
0.113196,-3.3755062
0.113198,-2.8207297
0.1132,-2.1272593
0.113202,-1.2950945
0.113204,-0.41669846
0.113206,0.50792885
0.113208,1.4325566
0.11321,2.2184901
0.113212,2.9119601
0.113214,3.4667363
0.113216,3.7903562
0.113218,3.92905
0.11322,3.8828197
0.113222,3.605431
0.113224,3.1431174
0.113226,2.542109
0.113228,1.756176
0.11323,0.92401123
0.113232,0.045615196
0.113234,-0.8790121
0.113236,-1.7111769
0.113238,-2.4971101
0.113239996,-3.1443493
0.113242,-3.6066632
0.113244,-3.8840513
0.113246,-3.976514
0.113248,-3.7915885
0.11325,-3.467969
0.113252,-2.9131925
0.113254,-2.2659533
0.113256,-1.4337888
0.113258,-0.55539227
0.11326,0.36923456
0.113262,1.2476311
0.113264,2.0797954
0.113266,2.7732663
0.113268,3.3742738
0.11327,3.744125
0.113272,3.92905
0.113274,3.92905
0.113276,3.6978936
0.113278,3.23558
0.11328,2.6345725
0.113282,1.8948698
0.113284,1.1089368
0.113285996,0.184309
0.113288,-0.7403178
0.11329,-1.5724826
0.113292,-2.3584158
0.113294,-3.0518866
0.113296,-3.5604317
0.113298,-3.8378198
0.1133,-3.976514
0.113302,-3.8378198
0.113304,-3.5604317
0.113306,-3.0518866
0.113308,-2.3584158
0.11331,-1.5724826
0.113312,-0.7403178
0.113314,0.184309
0.113316,1.1089368
0.113317996,1.9411016
0.11332,2.6808028
0.113322,3.2818112
0.113324,3.6978936
0.113326,3.92905
0.113328,3.92905
0.11333,3.744125
0.113332,3.3280425
0.113334,2.7732663
0.113336,2.033564
0.113338,1.2476311
0.11334,0.3230033
0.113342,-0.55539227
0.113344,-1.4337888
0.113346,-2.2197218
0.113348,-2.9131925
0.11335,-3.467969
0.113352,-3.7915885
0.113354,-3.9302826
0.113356,-3.8840513
0.113358,-3.6066632
0.11336,-3.1443493
0.113362,-2.4971101
0.113363996,-1.7111769
0.113366,-0.8790121
0.113368,0.045615196
0.11337,0.970243
0.113372,1.8024073
0.113374,2.542109
0.113376,3.1893477
0.113378,3.6516623
0.11338,3.8828197
0.113382,3.92905
0.113384,3.7903562
0.113386,3.420505
0.113388,2.8657289
0.11339,2.172258
0.113392,1.3863249
0.113394,0.50792885
0.113396,-0.41669846
0.113398,-1.2950945
0.1134,-2.081028
0.113402,-2.8207297
0.113404,-3.3755062
0.113406,-3.745357
0.113408,-3.9302826
0.113409996,-3.9302826
0.113412,-3.6528945
0.113414,-3.236812
0.113416,-2.6358042
0.113418,-1.8498712
0.11342,-1.0177064
0.113422,-0.13931036
0.113424,0.7853174
0.113426,1.6637135
0.113428,2.4496465
0.11343,3.0968862
0.113432,3.5591989
0.113434,3.8828197
0.113436,3.9752812
0.113438,3.8365874
0.11344,3.5129685
0.113442,3.0044227
0.113444,2.3109517
0.113446,1.5250192
0.113448,0.64662313
0.11345,-0.27800417
0.113452,-1.1564007
0.113454,-1.3413262
0.113456,2.172258
0.113458,3.3742738
0.11346,3.7903562
0.113462,3.9752812
0.113464,3.9752812
0.113466,3.744125
0.113468,3.3742738
0.11347,2.7732663
0.113472,2.033564
0.113474,1.2013993
0.113476,0.3230033
0.113478,-0.601624
0.11348,-1.48002
0.113482,-2.2659533
0.113484,-2.9594238
0.113486,-3.467969
0.113487996,-3.7915885
0.11349,-3.9302826
0.113492,-3.8378198
0.113494,-3.5604317
0.113496,-3.098118
0.113498,-2.4508786
0.1135,-1.6649456
0.113502,-0.78654957
0.113504,0.13807821
0.113506,1.0164738
0.113508,1.8486385
0.11351,2.6345725
0.113512,3.23558
0.113514,3.6516623
0.113516,3.92905
0.113518,3.9752812
0.11352,3.7903562
0.113522,3.420505
0.113524,2.8194976
0.113526,2.126027
0.113528,1.3400936
0.11353,0.46169758
0.113532,-0.46292973
0.113533996,-1.3413262
0.113536,-2.1734905
0.113538,-2.866961
0.11354,-3.4217377
0.113542,-3.7915885
0.113544,-3.9302826
0.113546,-3.8840513
0.113548,-3.6528945
0.11355,-3.1905808
0.113552,-2.589573
0.113554,-1.8036394
0.113556,-0.9714751
0.113558,-0.046847343
0.11356,0.87777996
0.113562,1.7099442
0.113564,2.4958777
0.113566,3.1431174
0.113568,3.605431
0.11357,3.8828197
0.113572,3.9752812
0.113574,3.8365874
0.113576,3.4667363
0.113578,2.9581914
0.11358,2.2647214
0.113582,1.4787879
0.113584,0.60039186
0.113586,-0.32423592
0.113588,-1.202632
0.11359,-2.0347965
0.113592,-2.728267
0.113594,-3.329275
0.113596,-3.745357
0.113598,-3.9302826
0.1136,-3.9302826
0.113602,-3.6991258
0.113604,-3.2830436
0.113606,-2.6820357
0.113608,-1.9423337
0.11361,-1.1101689
0.113611996,-0.2317729
0.113614,0.6928544
0.113616,1.5712504
0.113618,2.357184
0.11362,3.050654
0.113622,3.5129685
0.113624,3.8365874
0.113626,3.9752812
0.113628,3.8365874
0.11363,3.5591989
0.113632,3.050654
0.113634,2.4034152
0.113636,1.6174817
0.113638,0.7390857
0.11364,-0.13931036
0.113642,-1.0639377
0.113644,-1.8961024
0.113646,-2.6358042
0.113648,-3.236812
0.11365,-3.6991258
0.113652,-3.9302826
0.113654,-3.9302826
0.113656,-3.745357
0.113657996,-3.3755062
0.11366,-2.8207297
0.113662,-2.081028
0.113664,-1.2950945
0.113666,-0.3704667
0.113668,0.5541601
0.11367,1.4325566
0.113672,2.2184901
0.113674,2.9119601
0.113676,3.4667363
0.113678,3.7903562
0.11368,3.9752812
0.113682,3.8828197
0.113684,3.605431
0.113686,3.1431174
0.113688,2.4958777
0.11369,1.756176
0.113692,0.92401123
0.113694,-6.160736E-4
0.113696,-0.9252434
0.113698,-1.7574081
0.1137,-2.4971101
0.113702,-3.1443493
0.113704,-3.6066632
0.113706,-3.8840513
0.113708,-3.9302826
0.11371,-3.7915885
0.113712,-3.467969
0.113714,-2.9131925
0.113716,-2.2197218
0.113718,-1.4337888
0.11372,-0.55539227
0.113722,0.4154663
0.113724,1.2938623
0.113726,2.0797954
0.113728,2.8194976
0.11373,3.3742738
0.113732,3.744125
0.113734,3.92905
0.113735996,3.92905
0.113738,3.6978936
0.11374,3.23558
0.113742,2.6345725
0.113744,1.8948698
0.113746,1.0627055
0.113748,0.13807821
0.11375,-0.7403178
0.113752,-1.6187139
0.113754,-2.4046474
0.113756,-3.0518866
0.113758,-3.5604317
0.11376,-3.8378198
0.113762,-3.976514
0.113764,-3.8378198
0.113766,-3.5142004
0.113768,-3.0056553
0.11377,-2.3584158
0.113772,-1.5724826
0.113774,-0.694087
0.113776,0.23054075
0.113778,1.1551685
0.11378,1.9411016
0.113781996,2.6808028
0.113784,3.2818112
0.113786,3.6978936
0.113788,3.92905
0.11379,3.92905
0.113792,3.744125
0.113794,3.3280425
0.113796,2.7732663
0.113798,2.033564
0.1138,1.2013993
0.113802,0.3230033
0.113804,-0.601624
0.113806,-1.48002
0.113808,-2.2659533
0.11381,-2.9594238
0.113812,-3.467969
0.113814,-3.8378198
0.113816,-3.976514
0.113818,-3.8840513
0.11382,-3.6066632
0.113822,-3.1443493
0.113824,-2.4971101
0.113826,-1.7111769
0.113828,-0.83278084
0.11383,0.091846466
0.113832,0.970243
0.113834,1.8024073
0.113836,2.5883412
0.113838,3.1893477
0.11384,3.6516623
0.113842,3.8828197
0.113844,3.92905
0.113846,3.7903562
0.113848,3.420505
0.11385,2.8657289
0.113852,2.172258
0.113854,1.3863249
0.113856,0.46169758
0.113858,-0.46292973
0.113859996,-1.3413262
0.113862,-2.1272593
0.113864,-2.8207297
0.113866,-3.4217377
0.113868,-3.7915885
0.11387,-3.9302826
0.113872,-3.8840513
0.113874,-3.4217377
0.113876,-0.046847343
0.113878,2.4034152
0.11388,1.8024073
0.113882,0.970243
0.113884,0.091846466
0.113886,-0.83278084
0.113888,-1.6649456
0.11389,-2.4508786
0.113892,-3.098118
0.113894,-3.6066632
0.113896,-3.8840513
0.113898,-3.976514
0.1139,-3.8378198
0.113902,-3.5142004
0.113904,-3.0056553
0.113905996,-2.3121846
0.113908,-1.5262513
0.11391,-0.6478553
0.113912,0.27677202
0.113914,1.2013993
0.113916,1.9873328
0.113918,2.727035
0.11392,3.3280425
0.113922,3.744125
0.113924,3.92905
0.113926,3.92905
0.113928,3.6978936
0.11393,3.2818112
0.113932,2.727035
0.113934,1.9873328
0.113936,1.1551685
0.113938,0.27677202
0.11394,-0.6478553
0.113942,-1.5262513
0.113944,-2.3121846
0.113946,-2.9594238
0.113948,-3.5142004
0.11395,-3.8378198
0.113952,-3.976514
0.113954,-3.8840513
0.113956,-3.5604317
0.113958,-3.098118
0.11396,-2.4508786
0.113962,-1.6649456
0.113964,-0.78654957
0.113966,0.13807821
0.113968,1.0164738
0.11397,1.8486385
0.113972,2.6345725
0.113974,3.23558
0.113976,3.6978936
0.113978,3.92905
0.11398,3.92905
0.113982,3.7903562
0.113983996,3.3742738
0.113986,2.8194976
0.113988,2.126027
0.11399,1.2938623
0.113992,0.4154663
0.113994,-0.5091615
0.113996,-1.387557
0.113998,-2.1734905
0.114,-2.866961
0.114002,-3.4217377
0.114004,-3.7915885
0.114006,-3.9302826
0.114008,-3.8840513
0.11401,-3.6528945
0.114012,-3.1905808
0.114014,-2.5433414
0.114016,-1.8036394
0.114018,-0.9252434
0.11402,-0.046847343
0.114022,0.87777996
0.114024,1.7099442
0.114026,2.4958777
0.114028,3.1431174
0.114029996,3.605431
0.114032,3.8828197
0.114034,3.9752812
0.114036,3.8365874
0.114038,3.4667363
0.11404,2.9581914
0.114042,2.2647214
0.114044,1.4787879
0.114046,0.60039186
0.114048,-0.32423592
0.11405,-1.2488632
0.114052,-2.0347965
0.114054,-2.7744985
0.114056,-3.329275
0.114058,-3.745357
0.11406,-3.9302826
0.114062,-3.9302826
0.114064,-3.6991258
0.114066,-3.2830436
0.114068,-2.6820357
0.11407,-1.9423337
0.114072,-1.1101689
0.114074,-0.18554163
0.114076,0.7390857
0.114078,1.5712504
0.11408,2.357184
0.114082,3.050654
0.114084,3.5591989
0.114086,3.8365874
0.114088,3.9752812
0.11409,3.8365874
0.114092,3.5591989
0.114094,3.050654
0.114096,2.357184
0.114098,1.5712504
0.1141,0.7390857
0.114102,-0.18554163
0.114104,-1.0639377
0.114106,-1.8961024
0.114107996,-2.6358042
0.11411,-3.236812
0.114112,-3.6991258
0.114114,-3.9302826
0.114116,-3.9302826
0.114118,-3.745357
0.11412,-3.3755062
0.114122,-2.7744985
0.114124,-2.081028
0.114126,-1.2488632
0.114128,-0.3704667
0.11413,0.5541601
0.114132,1.4787879
0.114134,2.2647214
0.114136,2.9119601
0.114138,3.4667363
0.11414,3.7903562
0.114142,3.9752812
0.114144,3.8828197
0.114146,3.605431
0.114148,3.1431174
0.11415,2.4958777
0.114152,1.756176
0.114153996,0.87777996
0.114156,-6.160736E-4
0.114158,-0.9252434
0.11416,-1.7574081
0.114162,-2.5433414
0.114164,-3.1443493
0.114166,-3.6066632
0.114168,-3.8840513
0.11417,-3.9302826
0.114172,-3.7915885
0.114174,-3.4217377
0.114176,-2.9131925
0.114178,-2.2197218
0.11418,-1.387557
0.114182,-0.5091615
0.114184,0.4154663
0.114186,1.2938623
0.114188,2.126027
0.11419,2.8194976
0.114192,3.3742738
0.114194,3.7903562
0.114196,3.92905
0.114198,3.92905
0.114199996,3.6978936
0.114202,3.23558
0.114204,2.6345725
0.114206,1.8948698
0.114208,1.0627055
0.11421,0.13807821
0.114212,-0.78654957
0.114214,-1.6187139
0.114216,-2.4046474
0.114218,-3.0518866
0.11422,-3.5604317
0.114222,-3.8840513
0.114224,-3.976514
0.114226,-3.8378198
0.114228,-3.5142004
0.11423,-3.0056553
0.114231996,-2.3584158
0.114234,-1.5262513
0.114236,-0.694087
0.114238,0.23054075
0.11424,1.1551685
0.114242,1.9873328
0.114244,2.727035
0.114246,3.2818112
0.114248,3.6978936
0.11425,3.92905
0.114252,3.92905
0.114254,3.744125
0.114256,3.3280425
0.114258,2.727035
0.11426,2.033564
0.114262,1.2013993
0.114264,0.3230033
0.114266,-0.601624
0.114268,-1.48002
0.11427,-2.2659533
0.114272,-2.9594238
0.114274,-3.467969
0.114276,-3.8378198
0.114277996,-3.976514
0.11428,-3.8840513
0.114282,-3.6066632
0.114284,-3.098118
0.114286,-2.4508786
0.114288,-1.6649456
0.11429,-0.83278084
0.114292,0.091846466
0.114294,0.7390857
0.114296,-1.8036394
0.114298,-2.6358042
0.1143,-3.2830436
0.114302,-3.6991258
0.114304,-3.976514
0.114306,-3.976514
0.114308,-3.8378198
0.11431,-3.467969
0.114312,-2.9131925
0.114314,-2.1734905
0.114316,-1.387557
0.114318,-0.46292973
0.11432,0.46169758
0.114322,1.3400936
0.114323996,2.126027
0.114326,2.8657289
0.114328,3.420505
0.11433,3.744125
0.114332,3.92905
0.114334,3.8828197
0.114336,3.6516623
0.114338,3.1893477
0.11434,2.542109
0.114342,1.8024073
0.114344,0.970243
0.114346,0.091846466
0.114348,-0.83278084
0.11435,-1.6649456
0.114352,-2.4508786
0.114354,-3.098118
0.114355996,-3.6066632
0.114358,-3.8840513
0.11436,-3.976514
0.114362,-3.8378198
0.114364,-3.5142004
0.114366,-2.9594238
0.114368,-2.3121846
0.11437,-1.48002
0.114372,-0.601624
0.114374,0.3230033
0.114376,1.2013993
0.114378,2.033564
0.11438,2.7732663
0.114382,3.3280425
0.114384,3.744125
0.114386,3.92905
0.114388,3.92905
0.11439,3.6978936
0.114392,3.2818112
0.114394,2.6808028
0.114396,1.9411016
0.114398,1.1551685
0.1144,0.23054075
0.114401996,-0.694087
0.114404,-1.5262513
0.114406,-2.3121846
0.114408,-3.0056553
0.11441,-3.5142004
0.114412,-3.8378198
0.114414,-3.976514
0.114416,-3.8840513
0.114418,-3.5604317
0.11442,-3.0518866
0.114422,-2.4046474
0.114424,-1.6187139
0.114426,-0.78654957
0.114428,0.13807821
0.11443,1.0627055
0.114432,1.8948698
0.114434,2.6345725
0.114436,3.23558
0.114438,3.6978936
0.11444,3.92905
0.114442,3.92905
0.114444,3.744125
0.114446,3.3742738
0.114447996,2.8194976
0.11445,2.0797954
0.114452,1.2938623
0.114454,0.4154663
0.114456,-0.5091615
0.114458,-1.387557
0.11446,-2.1734905
0.114462,-2.9131925
0.114464,-3.4217377
0.114466,-3.7915885
0.114468,-3.9302826
0.11447,-3.8840513
0.114472,-3.6066632
0.114474,-3.1905808
0.114476,-2.5433414
0.114478,-1.7574081
0.114479996,-0.9252434
0.114482,-6.160736E-4
0.114484,0.92401123
0.114486,1.756176
0.114488,2.4958777
0.11449,3.1431174
0.114492,3.605431
0.114494,3.8828197
0.114496,3.9752812
0.114498,3.7903562
0.1145,3.4667363
0.114502,2.9119601
0.114504,2.2184901
0.114506,1.4325566
0.114508,0.5541601
0.11451,-0.3704667
0.114512,-1.2488632
0.114514,-2.0347965
0.114516,-2.7744985
0.114518,-3.3755062
0.11452,-3.745357
0.114522,-3.9302826
0.114524,-3.9302826
0.114525996,-3.6991258
0.114528,-3.2830436
0.11453,-2.6820357
0.114532,-1.8961024
0.114534,-1.0639377
0.114536,-0.18554163
0.114538,0.7390857
0.11454,1.6174817
0.114542,2.4034152
0.114544,3.050654
0.114546,3.5591989
0.114548,3.8365874
0.11455,3.9752812
0.114552,3.8365874
0.114554,3.5129685
0.114556,3.0044227
0.114558,2.357184
0.11456,1.5712504
0.114562,0.6928544
0.114564,-0.18554163
0.114566,-1.1101689
0.114568,-1.9423337
0.11457,-2.6820357
0.114571996,-3.2830436
0.114574,-3.6991258
0.114576,-3.9302826
0.114578,-3.9302826
0.11458,-3.745357
0.114582,-3.329275
0.114584,-2.7744985
0.114586,-2.0347965
0.114588,-1.2488632
0.11459,-0.32423592
0.114592,0.60039186
0.114594,1.4787879
0.114596,2.2647214
0.114598,2.9581914
0.1146,3.4667363
0.114602,3.8365874
0.114604,3.9752812
0.114606,3.8828197
0.114608,3.605431
0.11461,3.1431174
0.114612,2.4958777
0.114614,1.7099442
0.114616,0.87777996
0.114618,-0.046847343
0.11462,-0.9714751
0.114622,-1.7574081
0.114624,-2.5433414
0.114626,-3.1905808
0.114628,-3.6528945
0.11463,-3.8840513
0.114632,-3.9302826
0.114634,-3.7915885
0.114636,-3.4217377
0.114638,-2.866961
0.11464,-2.1734905
0.114642,-1.387557
0.114644,-0.5091615
0.114646,0.4154663
0.114648,1.3400936
0.114649996,2.126027
0.114652,2.8194976
0.114654,3.420505
0.114656,3.7903562
0.114658,3.92905
0.11466,3.92905
0.114662,3.6516623
0.114664,3.23558
0.114666,2.5883412
0.114668,1.8486385
0.11467,1.0164738
0.114672,0.13807821
0.114674,-0.78654957
0.114676,-1.6187139
0.114678,-2.4046474
0.11468,-3.098118
0.114682,-3.5604317
0.114684,-3.8840513
0.114686,-3.976514
0.114688,-3.8378198
0.11469,-3.5142004
0.114692,-3.0056553
0.114694,-2.3121846
0.114695996,-1.5262513
0.114698,-0.6478553
0.1147,0.27677202
0.114702,1.1551685
0.114704,1.9873328
0.114706,2.727035
0.114708,3.3280425
0.11471,3.744125
0.114712,3.92905
0.114714,4.2064385
0.114716,0.64662313
0.114718,-2.5433414
0.11472,-2.6820357
0.114722,-1.9885652
0.114724,-1.1564007
0.114726,-0.27800417
0.114728,0.64662313
0.11473,1.5250192
0.114732,2.3109517
0.114734,3.0044227
0.114736,3.5129685
0.114738,3.8365874
0.11474,3.9752812
0.114742,3.8828197
0.114744,3.605431
0.114746,3.0968862
0.114748,2.4496465
0.11475,1.6637135
0.114752,0.8315482
0.114754,-0.09307861
0.114756,-1.0177064
0.114758,-1.8036394
0.11476,-2.589573
0.114762,-3.1905808
0.114764,-3.6528945
0.114766,-3.8840513
0.114768,-3.9302826
0.11477,-3.7915885
0.114772,-3.4217377
0.114773996,-2.866961
0.114776,-2.1272593
0.114778,-1.3413262
0.11478,-0.41669846
0.114782,0.50792885
0.114784,1.3863249
0.114786,2.172258
0.114788,2.8657289
0.11479,3.420505
0.114792,3.7903562
0.114794,3.92905
0.114796,3.8828197
0.114798,3.6516623
0.1148,3.1893477
0.114802,2.542109
0.114804,1.8024073
0.114806,0.970243
0.114808,0.045615196
0.11481,-0.83278084
0.114812,-1.7111769
0.114814,-2.4508786
0.114816,-3.098118
0.114818,-3.6066632
0.114819996,-3.8840513
0.114822,-3.976514
0.114824,-3.8378198
0.114826,-3.467969
0.114828,-2.9594238
0.11483,-2.2659533
0.114832,-1.48002
0.114834,-0.601624
0.114836,0.3230033
0.114838,1.2476311
0.11484,2.033564
0.114842,2.7732663
0.114844,3.3280425
0.114846,3.744125
0.114848,3.92905
0.11485,3.92905
0.114852,3.6978936
0.114854,3.2818112
0.114856,2.6808028
0.114858,1.9411016
0.11486,1.1089368
0.114862,0.23054075
0.114864,-0.694087
0.114866,-1.5262513
0.114868,-2.3584158
0.11487,-3.0056553
0.114872,-3.5142004
0.114874,-3.8378198
0.114876,-3.976514
0.114878,-3.8378198
0.11488,-3.5604317
0.114882,-3.0518866
0.114884,-2.4046474
0.114886,-1.6187139
0.114888,-0.7403178
0.11489,0.184309
0.114892,1.0627055
0.114894,1.8948698
0.114896,2.6345725
0.114897996,3.23558
0.1149,3.6978936
0.114902,3.92905
0.114904,3.92905
0.114906,3.744125
0.114908,3.3742738
0.11491,2.7732663
0.114912,2.0797954
0.114914,1.2938623
0.114916,0.36923456
0.114918,-0.55539227
0.11492,-1.4337888
0.114922,-2.2197218
0.114924,-2.9131925
0.114926,-3.467969
0.114928,-3.7915885
0.11493,-3.976514
0.114932,-3.8840513
0.114934,-3.6066632
0.114936,-3.1443493
0.114938,-2.5433414
0.11494,-1.7574081
0.114942,-0.9252434
0.114943996,-6.160736E-4
0.114946,0.92401123
0.114948,1.756176
0.11495,2.542109
0.114952,3.1431174
0.114954,3.605431
0.114956,3.8828197
0.114958,3.9752812
0.11496,3.7903562
0.114962,3.4667363
0.114964,2.9119601
0.114966,2.2184901
0.114968,1.4325566
0.11497,0.5541601
0.114972,-0.3704667
0.114974,-1.2950945
0.114976,-2.081028
0.114978,-2.7744985
0.11498,-3.3755062
0.114982,-3.745357
0.114984,-3.9302826
0.114986,-3.9302826
0.114988,-3.6991258
0.11499,-3.236812
0.114992,-2.6358042
0.114994,-1.8961024
0.114996,-1.0639377
0.114998,-0.13931036
0.115,0.7853174
0.115002,1.6174817
0.115004,2.4034152
0.115006,3.050654
0.115008,3.5591989
0.11501,3.8828197
0.115012,3.9752812
0.115014,3.8365874
0.115016,3.5129685
0.115018,3.0044227
0.11502,2.357184
0.115021996,1.5712504
0.115024,0.6928544
0.115026,-0.2317729
0.115028,-1.1101689
0.11503,-1.9423337
0.115032,-2.6820357
0.115034,-3.2830436
0.115036,-3.6991258
0.115038,-3.9302826
0.11504,-3.9302826
0.115042,-3.745357
0.115044,-3.329275
0.115046,-2.7744985
0.115048,-2.0347965
0.11505,-1.202632
0.115052,-0.32423592
0.115054,0.60039186
0.115056,1.4787879
0.115058,2.2647214
0.11506,2.9581914
0.115062,3.4667363
0.115064,3.8365874
0.115066,3.9752812
0.115067996,3.8828197
0.11507,3.605431
0.115072,3.0968862
0.115074,2.4496465
0.115076,1.7099442
0.115078,0.8315482
0.11508,-0.046847343
0.115082,-0.9714751
0.115084,-1.8036394
0.115086,-2.5433414
0.115088,-3.1905808
0.11509,-3.6528945
0.115092,-3.8840513
0.115094,-3.9302826
0.115096,-3.7915885
0.115098,-3.4217377
0.1151,-2.866961
0.115102,-2.1734905
0.115104,-1.387557
0.115106,-0.46292973
0.115108,0.46169758
0.11511,1.3400936
0.115112,2.126027
0.115114,2.8657289
0.115116,3.420505
0.115118,3.7903562
0.11512,3.92905
0.115122,3.92905
0.115124,3.6516623
0.115126,3.1893477
0.115128,2.5883412
0.11513,1.8486385
0.115132,1.0164738
0.115134,0.091846466
0.115136,0.92401123
0.115138,1.756176
0.11514,2.542109
0.115142,3.1893477
0.115144,3.6516623
0.115145996,3.92905
0.115148,4.0215135
0.11515,3.8828197
0.115152,3.5591989
0.115154,3.0044227
0.115156,2.3109517
0.115158,1.5250192
0.11516,0.64662313
0.115162,-0.27800417
0.115164,-1.1564007
0.115166,-1.9423337
0.115168,-2.6820357
0.11517,-3.2830436
0.115172,-3.6991258
0.115174,-3.9302826
0.115176,-3.9302826
0.115178,-3.6991258
0.11518,-3.2830436
0.115182,-2.728267
0.115184,-1.9885652
0.115186,-1.1564007
0.115188,-0.2317729
0.11519,0.6928544
0.115191996,1.5250192
0.115194,2.357184
0.115196,3.0044227
0.115198,3.5129685
0.1152,3.8365874
0.115202,3.9752812
0.115204,3.8828197
0.115206,3.5591989
0.115208,3.0968862
0.11521,2.4034152
0.115212,1.6174817
0.115214,0.7853174
0.115216,-0.13931036
0.115218,-1.0177064
0.11522,-1.8498712
0.115222,-2.589573
0.115224,-3.236812
0.115226,-3.6528945
0.115228,-3.9302826
0.11523,-3.9302826
0.115232,-3.745357
0.115234,-3.3755062
0.115236,-2.8207297
0.115238,-2.1272593
0.11524,-1.2950945
0.115242,-0.41669846
0.115244,0.50792885
0.115246,1.3863249
0.115248,2.2184901
0.11525,2.9119601
0.115252,3.420505
0.115254,3.7903562
0.115256,3.92905
0.115258,3.8828197
0.11526,3.6516623
0.115262,3.1893477
0.115264,2.542109
0.115266,1.8024073
0.115268,0.92401123
0.115269996,0.045615196
0.115272,-0.8790121
0.115274,-1.7111769
0.115276,-2.4971101
0.115278,-3.1443493
0.11528,-3.6066632
0.115282,-3.8840513
0.115284,-3.976514
0.115286,-3.7915885
0.115288,-3.467969
0.11529,-2.9594238
0.115292,-2.2659533
0.115294,-1.48002
0.115296,-0.55539227
0.115298,0.36923456
0.1153,1.2476311
0.115302,2.0797954
0.115304,2.7732663
0.115306,3.3742738
0.115308,3.744125
0.11531,3.92905
0.115312,3.92905
0.115314,3.6978936
0.115315996,3.2818112
0.115318,2.6808028
0.11532,1.9411016
0.115322,1.1089368
0.115324,0.184309
0.115326,-0.7403178
0.115328,-1.5724826
0.11533,-2.3584158
0.115332,-3.0056553
0.115334,-3.5604317
0.115336,-3.8378198
0.115338,-3.976514
0.11534,-3.8378198
0.115342,-3.5604317
0.115344,-3.0518866
0.115346,-2.4046474
0.115348,-1.5724826
0.11535,-0.7403178
0.115352,0.184309
0.115354,1.1089368
0.115356,1.9411016
0.115358,2.6808028
0.11536,3.2818112
0.115361996,3.6978936
0.115364,3.92905
0.115366,3.92905
0.115368,3.744125
0.11537,3.3742738
0.115372,2.7732663
0.115374,2.0797954
0.115376,1.2476311
0.115378,0.36923456
0.11538,-0.55539227
0.115382,-1.4337888
0.115384,-2.2197218
0.115386,-2.9131925
0.115388,-3.467969
0.11539,-3.7915885
0.115392,-3.976514
0.115393996,-3.8840513
0.115396,-3.6066632
0.115398,-3.1443493
0.1154,-2.4971101
0.115402,-1.7111769
0.115404,-0.8790121
0.115406,0.045615196
0.115408,0.970243
0.11541,1.8024073
0.115412,2.542109
0.115414,3.1893477
0.115416,3.6516623
0.115418,3.8828197
0.11542,3.9752812
0.115422,3.7903562
0.115424,3.420505
0.115426,2.9119601
0.115428,2.172258
0.11543,1.3863249
0.115432,0.50792885
0.115434,-0.41669846
0.115436,-1.2950945
0.115438,-2.081028
0.115439996,-2.8207297
0.115442,-3.3755062
0.115444,-3.745357
0.115446,-3.9302826
0.115448,-3.9302826
0.11545,-3.6528945
0.115452,-3.236812
0.115454,-2.6358042
0.115456,-1.8961024
0.115458,-1.0177064
0.11546,-0.13931036
0.115462,0.7853174
0.115464,1.6637135
0.115466,2.4496465
0.115468,3.0968862
0.11547,3.5591989
0.115472,3.8828197
0.115474,3.9752812
0.115476,3.8365874
0.115478,3.5129685
0.11548,3.0044227
0.115482,2.3109517
0.115484,1.5250192
0.115485996,0.64662313
0.115488,-0.2317729
0.11549,-1.1564007
0.115492,-1.9423337
0.115494,-2.6820357
0.115496,-3.2830436
0.115498,-3.6991258
0.1155,-3.9302826
0.115502,-3.9302826
0.115504,-3.745357
0.115506,-3.329275
0.115508,-2.728267
0.11551,-2.0347965
0.115512,-1.202632
0.115514,-0.27800417
0.115516,0.64662313
0.115517996,1.4787879
0.11552,2.3109517
0.115522,2.9581914
0.115524,3.5129685
0.115526,3.8365874
0.115528,3.9752812
0.11553,3.8828197
0.115532,3.5591989
0.115534,3.0968862
0.115536,2.4496465
0.115538,1.6637135
0.11554,0.8315482
0.115542,-0.09307861
0.115544,-0.9714751
0.115546,-1.8036394
0.115548,-2.589573
0.11555,-3.1905808
0.115552,-3.6528945
0.115554,-3.9302826
0.115556,-1.5262513
0.115558,2.2184901
0.11556,3.3742738
0.115562,2.8657289
0.115563996,2.126027
0.115566,1.3400936
0.115568,0.46169758
0.11557,-0.46292973
0.115572,-1.3413262
0.115574,-2.1272593
0.115576,-2.866961
0.115578,-3.4217377
0.11558,-3.7915885
0.115582,-3.9302826
0.115584,-3.8840513
0.115586,-3.6528945
0.115588,-3.1905808
0.11559,-2.589573
0.115592,-1.8036394
0.115594,-0.9714751
0.115596,-0.09307861
0.115598,0.8315482
0.1156,1.7099442
0.115602,2.4496465
0.115604,3.0968862
0.115606,3.605431
0.115608,3.8828197
0.115609996,3.9752812
0.115612,3.8365874
0.115614,3.4667363
0.115616,2.9581914
0.115618,2.2647214
0.11562,1.4787879
0.115622,0.60039186
0.115624,-0.27800417
0.115626,-1.202632
0.115628,-1.9885652
0.11563,-2.728267
0.115632,-3.329275
0.115634,-3.745357
0.115636,-3.9302826
0.115638,-3.9302826
0.11564,-3.6991258
0.115641996,-3.2830436
0.115644,-2.728267
0.115646,-1.9885652
0.115648,-1.1564007
0.11565,-0.2317729
0.115652,0.6928544
0.115654,1.5712504
0.115656,2.357184
0.115658,3.0044227
0.11566,3.5129685
0.115662,3.8365874
0.115664,3.9752812
0.115666,3.8828197
0.115668,3.5591989
0.11567,3.050654
0.115672,2.4034152
0.115674,1.6174817
0.115676,0.7853174
0.115678,-0.13931036
0.11568,-1.0639377
0.115682,-1.8498712
0.115684,-2.6358042
0.115686,-3.236812
0.115687996,-3.6528945
0.11569,-3.9302826
0.115692,-3.9302826
0.115694,-3.745357
0.115696,-3.3755062
0.115698,-2.8207297
0.1157,-2.081028
0.115702,-1.2950945
0.115704,-0.3704667
0.115706,0.5541601
0.115708,1.4325566
0.11571,2.2184901
0.115712,2.9119601
0.115714,3.4667363
0.115716,3.7903562
0.115718,3.9752812
0.11572,3.8828197
0.115722,3.605431
0.115724,3.1431174
0.115726,2.542109
0.115728,1.756176
0.11573,0.92401123
0.115732,0.045615196
0.115733996,-0.8790121
0.115736,-1.7111769
0.115738,-2.4971101
0.11574,-3.1443493
0.115742,-3.6066632
0.115744,-3.8840513
0.115746,-3.9302826
0.115748,-3.7915885
0.11575,-3.467969
0.115752,-2.9131925
0.115754,-2.2197218
0.115756,-1.4337888
0.115758,-0.55539227
0.11576,0.36923456
0.115762,1.2938623
0.115764,2.0797954
0.115766,2.8194976
0.115768,3.3742738
0.11577,3.744125
0.115772,3.92905
0.115774,3.92905
0.115776,3.6978936
0.115778,3.23558
0.11578,2.6345725
0.115782,1.8948698
0.115784,1.0627055
0.115786,0.184309
0.115788,-0.7403178
0.11579,-1.5724826
0.115792,-2.3584158
0.115794,-3.0518866
0.115796,-3.5604317
0.115798,-3.8378198
0.1158,-3.976514
0.115802,-3.8378198
0.115804,-3.5142004
0.115806,-3.0518866
0.115808,-2.3584158
0.11581,-1.5724826
0.115811996,-0.694087
0.115814,0.23054075
0.115816,1.1089368
0.115818,1.9411016
0.11582,2.6808028
0.115822,3.2818112
0.115824,3.6978936
0.115826,3.92905
0.115828,3.92905
0.11583,3.744125
0.115832,3.3280425
0.115834,2.7732663
0.115836,2.033564
0.115838,1.2476311
0.11584,0.3230033
0.115842,-0.601624
0.115844,-1.48002
0.115846,-2.2197218
0.115848,-2.9131925
0.11585,-3.467969
0.115852,-3.7915885
0.115854,-3.976514
0.115856,-3.8840513
0.115857996,-3.6066632
0.11586,-3.1443493
0.115862,-2.4971101
0.115864,-1.7111769
0.115866,-0.8790121
0.115868,0.045615196
0.11587,0.970243
0.115872,1.8024073
0.115874,2.542109
0.115876,3.1893477
0.115878,3.6516623
0.11588,3.8828197
0.115882,3.9752812
0.115884,3.7903562
0.115886,3.420505
0.115888,2.8657289
0.11589,2.172258
0.115892,1.3863249
0.115894,0.50792885
0.115896,-0.41669846
0.115898,-1.2950945
0.1159,-2.1272593
0.115902,-2.8207297
0.115904,-3.3755062
0.115906,-3.745357
0.115908,-3.9302826
0.11591,-3.9302826
0.115912,-3.6528945
0.115914,-3.236812
0.115916,-2.6358042
0.115918,-1.8498712
0.11592,-1.0177064
0.115922,-0.09307861
0.115924,0.8315482
0.115926,1.6637135
0.115928,2.4496465
0.11593,3.0968862
0.115932,3.5591989
0.115934,3.8828197
0.115935996,3.9752812
0.115938,3.8365874
0.11594,3.5129685
0.115942,3.0044227
0.115944,2.3109517
0.115946,1.5250192
0.115948,0.64662313
0.11595,-0.27800417
0.115952,-1.1564007
0.115954,-1.9885652
0.115956,-2.728267
0.115958,-3.2830436
0.11596,-3.6991258
0.115962,-3.9302826
0.115964,-3.9302826
0.115966,-3.745357
0.115968,-3.329275
0.11597,-2.728267
0.115972,-1.9885652
0.115974,-1.1564007
0.115976,0.045615196
0.115978,-0.7403178
0.11598,-1.5724826
0.115981996,-2.3584158
0.115984,-3.0518866
0.115986,-3.5604317
0.115988,-3.8840513
0.11599,-4.022745
0.115992,-3.9302826
0.115994,-3.6066632
0.115996,-3.1443493
0.115998,-2.4971101
0.116,-1.7111769
0.116002,-0.83278084
0.116004,0.091846466
0.116006,1.0164738
0.116008,1.8486385
0.11601,2.5883412
0.116012,3.1893477
0.116014,3.6516623
0.116016,3.8828197
0.116018,3.92905
0.11602,3.744125
0.116022,3.3742738
0.116024,2.8194976
0.116026,2.126027
0.116028,1.2938623
0.11603,0.4154663
0.116032,-0.5091615
0.116034,-1.387557
0.116036,-2.1734905
0.116038,-2.866961
0.11604,-3.4217377
0.116042,-3.7915885
0.116044,-3.976514
0.116046,-3.8840513
0.116048,-3.6528945
0.11605,-3.1905808
0.116052,-2.589573
0.116054,-1.8036394
0.116056,-0.9714751
0.116058,-0.046847343
0.116059996,0.87777996
0.116062,1.7099442
0.116064,2.4958777
0.116066,3.1431174
0.116068,3.605431
0.11607,3.8828197
0.116072,3.9752812
0.116074,3.8365874
0.116076,3.4667363
0.116078,2.9581914
0.11608,2.2647214
0.116082,1.4787879
0.116084,0.60039186
0.116086,-0.32423592
0.116088,-1.202632
0.11609,-2.0347965
0.116092,-2.7744985
0.116094,-3.329275
0.116096,-3.745357
0.116098,-3.9302826
0.1161,-3.9302826
0.116102,-3.6991258
0.116104,-3.2830436
0.116105996,-2.6820357
0.116108,-1.9423337
0.11611,-1.1101689
0.116112,-0.2317729
0.116114,0.6928544
0.116116,1.5712504
0.116118,2.357184
0.11612,3.050654
0.116122,3.5591989
0.116124,3.8365874
0.116126,3.9752812
0.116128,3.8365874
0.11613,3.5591989
0.116132,3.050654
0.116134,2.4034152
0.116136,1.6174817
0.116138,0.7390857
0.11614,-0.18554163
0.116142,-1.0639377
0.116144,-1.8961024
0.116146,-2.6358042
0.116148,-3.236812
0.11615,-3.6991258
0.116152,-3.9302826
0.116154,-3.9302826
0.116156,-3.745357
0.116158,-3.3755062
0.11616,-2.8207297
0.116162,-2.081028
0.116164,-1.2488632
0.116166,-0.3704667
0.116168,0.5541601
0.11617,1.4325566
0.116172,2.2184901
0.116174,2.9119601
0.116176,3.4667363
0.116178,3.7903562
0.11618,3.9752812
0.116182,3.8828197
0.116183996,3.605431
0.116186,3.1431174
0.116188,2.4958777
0.11619,1.756176
0.116192,0.92401123
0.116194,-6.160736E-4
0.116196,-0.9252434
0.116198,-1.7574081
0.1162,-2.4971101
0.116202,-3.1443493
0.116204,-3.6066632
0.116206,-3.8840513
0.116208,-3.9302826
0.11621,-3.7915885
0.116212,-3.467969
0.116214,-2.9131925
0.116216,-2.2197218
0.116218,-1.4337888
0.11622,-0.5091615
0.116222,0.4154663
0.116224,1.2938623
0.116226,2.0797954
0.116228,2.8194976
0.116229996,3.3742738
0.116232,3.744125
0.116234,3.92905
0.116236,3.92905
0.116238,3.6978936
0.11624,3.23558
0.116242,2.6345725
0.116244,1.8948698
0.116246,1.0627055
0.116248,0.13807821
0.11625,-0.7403178
0.116252,-1.6187139
0.116254,-2.4046474
0.116256,-3.0518866
0.116258,-3.5604317
0.11626,-3.8378198
0.116262,-3.976514
0.116264,-3.8378198
0.116266,-3.5142004
0.116268,-3.0056553
0.11627,-2.3584158
0.116272,-1.5262513
0.116274,-0.694087
0.116276,0.23054075
0.116278,1.1551685
0.11628,1.9873328
0.116282,2.6808028
0.116284,3.2818112
0.116286,3.6978936
0.116288,3.92905
0.11629,3.92905
0.116292,3.744125
0.116294,3.3280425
0.116296,2.7732663
0.116298,2.033564
0.1163,1.2013993
0.116302,0.3230033
0.116304,-0.601624
0.116306,-1.48002
0.116307996,-2.2659533
0.11631,-2.9594238
0.116312,-3.467969
0.116314,-3.8378198
0.116316,-3.976514
0.116318,-3.8840513
0.11632,-3.6066632
0.116322,-3.098118
0.116324,-2.4971101
0.116326,-1.7111769
0.116328,-0.83278084
0.11633,0.091846466
0.116332,0.970243
0.116334,1.8024073
0.116336,2.5883412
0.116338,3.1893477
0.11634,3.6516623
0.116342,3.92905
0.116344,3.92905
0.116346,3.7903562
0.116348,3.420505
0.11635,2.8657289
0.116352,2.172258
0.116353996,1.3863249
0.116356,0.46169758
0.116358,-0.46292973
0.11636,-1.3413262
0.116362,-2.1272593
0.116364,-2.8207297
0.116366,-3.4217377
0.116368,-3.7915885
0.11637,-3.9302826
0.116372,-3.8840513
0.116374,-3.6528945
0.116376,-3.236812
0.116378,-2.589573
0.11638,-1.8498712
0.116382,-1.0177064
0.116384,-0.09307861
0.116386,0.8315482
0.116388,1.6637135
0.11639,2.4496465
0.116392,3.0968862
0.116394,3.605431
0.116396,1.6637135
0.116398,-1.7111769
0.116399996,-3.745357
0.116402,-3.5142004
0.116404,-3.0056553
0.116406,-2.3121846
0.116408,-1.5262513
0.11641,-0.6478553
0.116412,0.27677202
0.116414,1.2013993
0.116416,1.9873328
0.116418,2.727035
0.11642,3.3280425
0.116422,3.744125
0.116424,3.92905
0.116426,3.92905
0.116428,3.6978936
0.11643,3.2818112
0.116431996,2.6808028
0.116434,1.9873328
0.116436,1.1551685
0.116438,0.23054075
0.11644,-0.6478553
0.116442,-1.5262513
0.116444,-2.3121846
0.116446,-3.0056553
0.116448,-3.5142004
0.11645,-3.8378198
0.116452,-3.976514
0.116454,-3.8840513
0.116456,-3.5604317
0.116458,-3.098118
0.11646,-2.4508786
0.116462,-1.6649456
0.116464,-0.78654957
0.116466,0.13807821
0.116468,1.0164738
0.11647,1.8486385
0.116472,2.6345725
0.116474,3.23558
0.116476,3.6516623
0.116477996,3.92905
0.11648,3.92905
0.116482,3.744125
0.116484,3.3742738
0.116486,2.8194976
0.116488,2.126027
0.11649,1.2938623
0.116492,0.4154663
0.116494,-0.5091615
0.116496,-1.387557
0.116498,-2.1734905
0.1165,-2.866961
0.116502,-3.4217377
0.116504,-3.7915885
0.116506,-3.9302826
0.116508,-3.8840513
0.11651,-3.6528945
0.116512,-3.1905808
0.116514,-2.5433414
0.116516,-1.8036394
0.116518,-0.9252434
0.11652,-0.046847343
0.116522,0.87777996
0.116523996,1.7099442
0.116526,2.4958777
0.116528,3.1431174
0.11653,3.605431
0.116532,3.8828197
0.116534,3.9752812
0.116536,3.7903562
0.116538,3.4667363
0.11654,2.9119601
0.116542,2.2647214
0.116544,1.4787879
0.116546,0.5541601
0.116548,-0.32423592
0.11655,-1.2488632
0.116552,-2.0347965
0.116554,-2.7744985
0.116555996,-3.329275
0.116558,-3.745357
0.11656,-3.9302826
0.116562,-3.9302826
0.116564,-3.6991258
0.116566,-3.2830436
0.116568,-2.6820357
0.11657,-1.9423337
0.116572,-1.1101689
0.116574,-0.18554163
0.116576,0.7390857
0.116578,1.5712504
0.11658,2.357184
0.116582,3.050654
0.116584,3.5591989
0.116586,3.8365874
0.116588,3.9752812
0.11659,3.8365874
0.116592,3.5591989
0.116594,3.050654
0.116596,2.357184
0.116598,1.5712504
0.1166,0.7390857
0.116601996,-0.18554163
0.116604,-1.1101689
0.116606,-1.8961024
0.116608,-2.6358042
0.11661,-3.236812
0.116612,-3.6991258
0.116614,-3.9302826
0.116616,-3.9302826
0.116618,-3.745357
0.11662,-3.3755062
0.116622,-2.7744985
0.116624,-2.081028
0.116626,-1.2488632
0.116628,-0.3704667
0.11663,0.5541601
0.116632,1.4787879
0.116634,2.2647214
0.116636,2.9581914
0.116638,3.4667363
0.11664,3.7903562
0.116642,3.9752812
0.116644,3.8828197
0.116646,3.605431
0.116647996,3.1431174
0.11665,2.4958777
0.116652,1.7099442
0.116654,0.87777996
0.116656,-0.046847343
0.116658,-0.9252434
0.11666,-1.7574081
0.116662,-2.5433414
0.116664,-3.1443493
0.116666,-3.6528945
0.116668,-3.8840513
0.11667,-3.976514
0.116672,-3.7915885
0.116674,-3.4217377
0.116676,-2.9131925
0.116678,-2.2197218
0.116679996,-1.387557
0.116682,-0.5091615
0.116684,0.4154663
0.116686,1.2938623
0.116688,2.126027
0.11669,2.8194976
0.116692,3.3742738
0.116694,3.7903562
0.116696,3.92905
0.116698,3.92905
0.1167,3.6516623
0.116702,3.23558
0.116704,2.6345725
0.116706,1.8486385
0.116708,1.0627055
0.11671,0.13807821
0.116712,-0.78654957
0.116714,-1.6187139
0.116716,-2.4046474
0.116718,-3.0518866
0.11672,-3.5604317
0.116722,-3.8840513
0.116724,-3.976514
0.116725996,-3.8378198
0.116728,-3.5142004
0.11673,-3.0056553
0.116732,-2.3584158
0.116734,-1.5262513
0.116736,-0.6478553
0.116738,0.27677202
0.11674,1.1551685
0.116742,1.9873328
0.116744,2.727035
0.116746,3.3280425
0.116748,3.6978936
0.11675,3.92905
0.116752,3.92905
0.116754,3.744125
0.116756,3.3280425
0.116758,2.727035
0.11676,1.9873328
0.116762,1.2013993
0.116764,0.27677202
0.116766,-0.601624
0.116768,-1.48002
0.11677,-2.2659533
0.116771996,-2.9594238
0.116774,-3.467969
0.116776,-3.8378198
0.116778,-3.976514
0.11678,-3.8840513
0.116782,-3.6066632
0.116784,-3.098118
0.116786,-2.4508786
0.116788,-1.6649456
0.11679,-0.83278084
0.116792,0.091846466
0.116794,1.0164738
0.116796,1.8486385
0.116798,2.5883412
0.1168,3.23558
0.116802,3.6516623
0.116803996,3.92905
0.116806,3.92905
0.116808,3.7903562
0.11681,3.420505
0.116812,2.8657289
0.116814,2.126027
0.116816,-0.09307861
0.116818,-0.32423592
0.11682,0.5541601
0.116822,1.4325566
0.116824,2.2184901
0.116826,2.9119601
0.116828,3.4667363
0.11683,3.8365874
0.116832,4.0215135
0.116834,3.92905
0.116836,3.6978936
0.116838,3.23558
0.11684,2.5883412
0.116842,1.8486385
0.116844,1.0164738
0.116846,0.091846466
0.116848,-0.83278084
0.116849996,-1.6649456
0.116852,-2.4508786
0.116854,-3.098118
0.116856,-3.5604317
0.116858,-3.8378198
0.11686,-3.9302826
0.116862,-3.7915885
0.116864,-3.467969
0.116866,-2.9594238
0.116868,-2.2659533
0.11687,-1.48002
0.116872,-0.601624
0.116874,0.3230033
0.116876,1.2476311
0.116878,2.033564
0.11688,2.7732663
0.116882,3.3280425
0.116884,3.744125
0.116886,3.92905
0.116888,3.92905
0.11689,3.6978936
0.116892,3.2818112
0.116894,2.6808028
0.116895996,1.9411016
0.116898,1.1551685
0.1169,0.23054075
0.116902,-0.694087
0.116904,-1.5262513
0.116906,-2.3121846
0.116908,-3.0056553
0.11691,-3.5142004
0.116912,-3.8378198
0.116914,-3.976514
0.116916,-3.8378198
0.116918,-3.5604317
0.11692,-3.0518866
0.116922,-2.4046474
0.116924,-1.6187139
0.116926,-0.7403178
0.116928,0.13807821
0.11693,1.0627055
0.116932,1.8948698
0.116934,2.6345725
0.116936,3.23558
0.116938,3.6978936
0.11694,3.92905
0.116942,3.92905
0.116944,3.744125
0.116946,3.3742738
0.116948,2.8194976
0.11695,2.0797954
0.116952,1.2938623
0.116954,0.4154663
0.116956,-0.5091615
0.116958,-1.387557
0.11696,-2.2197218
0.116962,-2.9131925
0.116964,-3.4217377
0.116966,-3.7915885
0.116968,-3.9302826
0.11697,-3.8840513
0.116972,-3.6066632
0.116973996,-3.1443493
0.116976,-2.5433414
0.116978,-1.7574081
0.11698,-0.9252434
0.116982,-6.160736E-4
0.116984,0.92401123
0.116986,1.756176
0.116988,2.542109
0.11699,3.1431174
0.116992,3.605431
0.116994,3.8828197
0.116996,3.9752812
0.116998,3.7903562
0.117,3.4667363
0.117002,2.9119601
0.117004,2.2184901
0.117006,1.4325566
0.117008,0.5541601
0.11701,-0.3704667
0.117012,-1.2488632
0.117014,-2.081028
0.117016,-2.7744985
0.117018,-3.3755062
0.117019996,-3.745357
0.117022,-3.9302826
0.117024,-3.9302826
0.117026,-3.6991258
0.117028,-3.236812
0.11703,-2.6358042
0.117032,-1.8961024
0.117034,-1.0639377
0.117036,-0.18554163
0.117038,0.7390857
0.11704,1.6174817
0.117042,2.4034152
0.117044,3.050654
0.117046,3.5591989
0.117048,3.8365874
0.11705,3.9752812
0.117052,3.8365874
0.117054,3.5129685
0.117056,3.0044227
0.117058,2.357184
0.11706,1.5712504
0.117062,0.6928544
0.117064,-0.2317729
0.117066,-1.1101689
0.117068,-1.9423337
0.11707,-2.6820357
0.117072,-3.2830436
0.117074,-3.6991258
0.117076,-3.9302826
0.117078,-3.9302826
0.11708,-3.745357
0.117082,-3.329275
0.117084,-2.7744985
0.117086,-2.0347965
0.117088,-1.2488632
0.11709,-0.32423592
0.117092,0.60039186
0.117094,1.4787879
0.117096,2.2647214
0.117097996,2.9581914
0.1171,3.4667363
0.117102,3.8365874
0.117104,3.9752812
0.117106,3.8828197
0.117108,3.605431
0.11711,3.0968862
0.117112,2.4958777
0.117114,1.7099442
0.117116,0.87777996
0.117118,-0.046847343
0.11712,-0.9714751
0.117122,-1.8036394
0.117124,-2.5433414
0.117126,-3.1905808
0.117128,-3.6528945
0.11713,-3.8840513
0.117132,-3.9302826
0.117134,-3.7915885
0.117136,-3.4217377
0.117138,-2.866961
0.11714,-2.1734905
0.117142,-1.387557
0.117143996,-0.46292973
0.117146,0.46169758
0.117148,1.3400936
0.11715,2.126027
0.117152,2.8657289
0.117154,3.420505
0.117156,3.7903562
0.117158,3.92905
0.11716,3.92905
0.117162,3.6516623
0.117164,3.23558
0.117166,2.5883412
0.117168,1.8486385
0.11717,1.0164738
0.117172,0.091846466
0.117174,-0.78654957
0.117176,-1.6649456
0.117178,-2.4046474
0.11718,-3.098118
0.117182,-3.5604317
0.117184,-3.8840513
0.117186,-3.976514
0.117188,-3.8378198
0.11719,-3.5142004
0.117192,-3.0056553
0.117194,-2.3121846
0.117196,-1.5262513
0.117198,-0.6478553
0.1172,0.27677202
0.117202,1.2013993
0.117204,1.9873328
0.117206,2.727035
0.117208,3.3280425
0.11721,3.744125
0.117212,3.92905
0.117214,3.92905
0.117216,3.6978936
0.117218,3.3280425
0.11722,2.727035
0.117221996,1.9873328
0.117224,1.1551685
0.117226,0.27677202
0.117228,-0.6478553
0.11723,-1.48002
0.117232,-2.3121846
0.117234,-2.9594238
0.117236,-2.081028
0.117238,1.5712504
0.11724,3.92905
0.117242,3.8828197
0.117244,3.605431
0.117246,3.0968862
0.117248,2.4496465
0.11725,1.6637135
0.117252,0.8315482
0.117254,-0.09307861
0.117256,-0.9714751
0.117258,-1.8036394
0.11726,-2.589573
0.117262,-3.1905808
0.117264,-3.6528945
0.117266,-3.8840513
0.117267996,-3.9302826
0.11727,-3.745357
0.117272,-3.3755062
0.117274,-2.8207297
0.117276,-2.1272593
0.117278,-1.3413262
0.11728,-0.41669846
0.117282,0.50792885
0.117284,1.3863249
0.117286,2.172258
0.117288,2.9119601
0.11729,3.420505
0.117292,3.7903562
0.117294,3.9752812
0.117296,3.8828197
0.117298,3.6516623
0.1173,3.1893477
0.117302,2.542109
0.117304,1.8024073
0.117306,0.970243
0.117308,0.045615196
0.11731,-0.83278084
0.117312,-1.7111769
0.117314,-2.4508786
0.117316,-3.098118
0.117318,-3.6066632
0.11732,-3.8840513
0.117322,-3.9302826
0.117324,-3.8378198
0.117326,-3.467969
0.117328,-2.9594238
0.11733,-2.2659533
0.117332,-1.48002
0.117334,-0.601624
0.117336,0.3230033
0.117338,1.2476311
0.11734,2.033564
0.117342,2.7732663
0.117344,3.3742738
0.117345996,3.744125
0.117348,3.92905
0.11735,3.92905
0.117352,3.6978936
0.117354,3.2818112
0.117356,2.6808028
0.117358,1.9411016
0.11736,1.1089368
0.117362,0.23054075
0.117364,-0.694087
0.117366,-1.5262513
0.117368,-2.3584158
0.11737,-3.0056553
0.117372,-3.5142004
0.117374,-3.8378198
0.117376,-3.976514
0.117378,-3.8378198
0.11738,-3.5604317
0.117382,-3.0518866
0.117384,-2.4046474
0.117386,-1.6187139
0.117388,-0.7403178
0.11739,0.184309
0.117391996,1.0627055
0.117394,1.8948698
0.117396,2.6345725
0.117398,3.2818112
0.1174,3.6978936
0.117402,3.92905
0.117404,3.92905
0.117406,3.744125
0.117408,3.3742738
0.11741,2.7732663
0.117412,2.0797954
0.117414,1.2938623
0.117416,0.36923456
0.117418,-0.55539227
0.11742,-1.4337888
0.117422,-2.2197218
0.117424,-2.9131925
0.117426,-3.467969
0.117428,-3.7915885
0.11743,-3.9302826
0.117432,-3.8840513
0.117434,-3.6066632
0.117436,-3.1443493
0.117438,-2.5433414
0.11744,-1.7574081
0.117442,-0.8790121
0.117444,-6.160736E-4
0.117446,0.92401123
0.117448,1.756176
0.11745,2.542109
0.117452,3.1893477
0.117454,3.6516623
0.117456,3.8828197
0.117458,3.9752812
0.11746,3.7903562
0.117462,3.4667363
0.117464,2.9119601
0.117466,2.2184901
0.117468,1.4325566
0.117469996,0.5541601
0.117472,-0.3704667
0.117474,-1.2950945
0.117476,-2.081028
0.117478,-2.7744985
0.11748,-3.3755062
0.117482,-3.745357
0.117484,-3.9302826
0.117486,-3.9302826
0.117488,-3.6991258
0.11749,-3.236812
0.117492,-2.6358042
0.117494,-1.8961024
0.117496,-1.0639377
0.117498,-0.13931036
0.1175,0.7853174
0.117502,1.6174817
0.117504,2.4034152
0.117506,3.050654
0.117508,3.5591989
0.11751,3.8828197
0.117512,3.9752812
0.117514,3.8365874
0.117515996,3.5129685
0.117518,3.0044227
0.11752,2.357184
0.117522,1.5250192
0.117524,0.6928544
0.117526,-0.2317729
0.117528,-1.1101689
0.11753,-1.9423337
0.117532,-2.6820357
0.117534,-3.2830436
0.117536,-3.6991258
0.117538,-3.9302826
0.11754,-3.9302826
0.117542,-3.745357
0.117544,-3.329275
0.117546,-2.7744985
0.117548,-2.0347965
0.11755,-1.202632
0.117552,-0.32423592
0.117554,0.60039186
0.117556,1.4787879
0.117558,2.2647214
0.11756,2.9581914
0.117561996,3.5129685
0.117564,3.8365874
0.117566,3.9752812
0.117568,3.8828197
0.11757,3.605431
0.117572,3.0968862
0.117574,2.4496465
0.117576,1.7099442
0.117578,0.8315482
0.11758,-0.046847343
0.117582,-0.9714751
0.117584,-1.8036394
0.117586,-2.5433414
0.117588,-3.1905808
0.11759,-3.6528945
0.117592,-3.8840513
0.117593996,-3.9302826
0.117596,-3.7915885
0.117598,-3.4217377
0.1176,-2.866961
0.117602,-2.1734905
0.117604,-1.387557
0.117606,-0.46292973
0.117608,0.46169758
0.11761,1.3400936
0.117612,2.172258
0.117614,2.8657289
0.117616,3.420505
0.117618,3.7903562
0.11762,3.92905
0.117622,3.92905
0.117624,3.6516623
0.117626,3.1893477
0.117628,2.5883412
0.11763,1.8486385
0.117632,1.0164738
0.117634,0.091846466
0.117636,-0.83278084
0.117638,-1.6649456
0.117639996,-2.4508786
0.117642,-3.098118
0.117644,-3.5604317
0.117646,-3.8840513
0.117648,-3.976514
0.11765,-3.8378198
0.117652,-3.5142004
0.117654,-2.9594238
0.117656,-1.5262513
0.117658,1.2476311
0.11766,0.5541601
0.117662,-0.3704667
0.117664,-1.2488632
0.117666,-2.0347965
0.117668,-2.7744985
0.11767,-3.3755062
0.117672,-3.7915885
0.117674,-3.976514
0.117676,-3.976514
0.117678,-3.745357
0.11768,-3.329275
0.117682,-2.728267
0.117684,-1.9885652
0.117685996,-1.1564007
0.117688,-0.27800417
0.11769,0.64662313
0.117692,1.5250192
0.117694,2.3109517
0.117696,3.0044227
0.117698,3.5129685
0.1177,3.8365874
0.117702,3.92905
0.117704,3.8365874
0.117706,3.5591989
0.117708,3.050654
0.11771,2.4034152
0.117712,1.6174817
0.117714,0.7853174
0.117716,-0.13931036
0.117717996,-1.0177064
0.11772,-1.8498712
0.117722,-2.6358042
0.117724,-3.236812
0.117726,-3.6528945
0.117728,-3.9302826
0.11773,-3.9302826
0.117732,-3.745357
0.117734,-3.3755062
0.117736,-2.8207297
0.117738,-2.1272593
0.11774,-1.2950945
0.117742,-0.41669846
0.117744,0.50792885
0.117746,1.4325566
0.117748,2.2184901
0.11775,2.9119601
0.117752,3.4667363
0.117754,3.7903562
0.117756,3.9752812
0.117758,3.8828197
0.11776,3.6516623
0.117762,3.1893477
0.117763996,2.542109
0.117766,1.756176
0.117768,0.92401123
0.11777,0.045615196
0.117772,-0.8790121
0.117774,-1.7111769
0.117776,-2.4971101
0.117778,-3.1443493
0.11778,-3.6066632
0.117782,-3.8840513
0.117784,-3.9302826
0.117786,-3.7915885
0.117788,-3.467969
0.11779,-2.9594238
0.117792,-2.2659533
0.117794,-1.4337888
0.117796,-0.55539227
0.117798,0.36923456
0.1178,1.2476311
0.117802,2.0797954
0.117804,2.7732663
0.117806,3.3742738
0.117808,3.744125
0.117809996,3.92905
0.117812,3.92905
0.117814,3.6978936
0.117816,3.2818112
0.117818,2.6808028
0.11782,1.9411016
0.117822,1.1089368
0.117824,0.184309
0.117826,-0.7403178
0.117828,-1.5724826
0.11783,-2.3584158
0.117832,-3.0518866
0.117834,-3.5604317
0.117836,-3.8378198
0.117838,-3.976514
0.11784,-3.8378198
0.117841996,-3.5604317
0.117844,-3.0518866
0.117846,-2.3584158
0.117848,-1.5724826
0.11785,-0.7403178
0.117852,0.184309
0.117854,1.1089368
0.117856,1.9411016
0.117858,2.6808028
0.11786,3.2818112
0.117862,3.6978936
0.117864,3.92905
0.117866,3.92905
0.117868,3.744125
0.11787,3.3742738
0.117872,2.7732663
0.117874,2.0797954
0.117876,1.2476311
0.117878,0.36923456
0.11788,-0.55539227
0.117882,-1.4337888
0.117884,-2.2197218
0.117886,-2.9131925
0.117887996,-3.467969
0.11789,-3.7915885
0.117892,-3.9302826
0.117894,-3.8840513
0.117896,-3.6066632
0.117898,-3.1443493
0.1179,-2.4971101
0.117902,-1.7111769
0.117904,-0.8790121
0.117906,0.045615196
0.117908,0.970243
0.11791,1.8024073
0.117912,2.542109
0.117914,3.1893477
0.117916,3.6516623
0.117918,3.8828197
0.11792,3.9752812
0.117922,3.7903562
0.117924,3.420505
0.117926,2.8657289
0.117928,2.172258
0.11793,1.3863249
0.117932,0.50792885
0.117933996,-0.41669846
0.117936,-1.2950945
0.117938,-2.081028
0.11794,-2.8207297
0.117942,-3.3755062
0.117944,-3.745357
0.117946,-3.9302826
0.117948,-3.9302826
0.11795,-3.6528945
0.117952,-3.236812
0.117954,-2.6358042
0.117956,-1.8498712
0.117958,-1.0177064
0.11796,-0.13931036
0.117962,0.7853174
0.117964,1.6637135
0.117965996,2.4496465
0.117968,3.0968862
0.11797,3.5591989
0.117972,3.8828197
0.117974,3.9752812
0.117976,3.8365874
0.117978,3.5129685
0.11798,3.0044227
0.117982,2.3109517
0.117984,1.5250192
0.117986,0.64662313
0.117988,-0.2317729
0.11799,-1.1564007
0.117992,-1.9423337
0.117994,-2.6820357
0.117996,-3.2830436
0.117998,-3.6991258
0.118,-3.9302826
0.118002,-3.9302826
0.118004,-3.745357
0.118006,-3.329275
0.118008,-2.728267
0.11801,-1.9885652
0.118011996,-1.202632
0.118014,-0.27800417
0.118016,0.64662313
0.118018,1.5250192
0.11802,2.3109517
0.118022,3.0044227
0.118024,3.5129685
0.118026,3.8365874
0.118028,3.9752812
0.11803,3.8828197
0.118032,3.605431
0.118034,3.0968862
0.118036,2.4496465
0.118038,1.6637135
0.11804,0.8315482
0.118042,-0.09307861
0.118044,-1.0177064
0.118046,-1.8036394
0.118048,-2.589573
0.11805,-3.1905808
0.118052,-3.6528945
0.118054,-3.8840513
0.118056,-3.9302826
0.118057996,-3.7915885
0.11806,-3.4217377
0.118062,-2.866961
0.118064,-2.1272593
0.118066,-1.3413262
0.118068,-0.46292973
0.11807,0.46169758
0.118072,1.3863249
0.118074,2.172258
0.118076,1.9873328
0.118078,-1.387557
0.11808,-3.745357
0.118082,-3.976514
0.118084,-3.9302826
0.118086,-3.6991258
0.118088,-3.236812
0.11809,-2.6358042
0.118092,-1.8498712
0.118094,-1.0177064
0.118096,-0.09307861
0.118098,0.8315482
0.1181,1.6637135
0.118102,2.4496465
0.118104,3.0968862
0.118106,3.5591989
0.118108,3.8828197
0.11811,3.92905
0.118112,3.7903562
0.118114,3.4667363
0.118116,2.9581914
0.118118,2.2647214
0.11812,1.4787879
0.118122,0.60039186
0.118124,-0.32423592
0.118126,-1.202632
0.118128,-2.0347965
0.11813,-2.728267
0.118132,-3.329275
0.118134,-3.745357
0.118135996,-3.9302826
0.118138,-3.9302826
0.11814,-3.6991258
0.118142,-3.2830436
0.118144,-2.728267
0.118146,-1.9885652
0.118148,-1.1564007
0.11815,-0.2317729
0.118152,0.6928544
0.118154,1.5250192
0.118156,2.357184
0.118158,3.0044227
0.11816,3.5129685
0.118162,3.8365874
0.118164,3.9752812
0.118166,3.8365874
0.118168,3.5591989
0.11817,3.050654
0.118172,2.4034152
0.118174,1.6174817
0.118176,0.7853174
0.118178,-0.13931036
0.11818,-1.0639377
0.118181996,-1.8498712
0.118184,-2.6358042
0.118186,-3.236812
0.118188,-3.6991258
0.11819,-3.9302826
0.118192,-3.9302826
0.118194,-3.745357
0.118196,-3.3755062
0.118198,-2.8207297
0.1182,-2.081028
0.118202,-1.2950945
0.118204,-0.3704667
0.118206,0.5541601
0.118208,1.4325566
0.11821,2.2184901
0.118212,2.9119601
0.118214,3.4667363
0.118216,3.7903562
0.118218,3.9752812
0.11822,3.8828197
0.118222,3.605431
0.118224,3.1431174
0.118226,2.542109
0.118228,1.756176
0.11823,0.92401123
0.118232,-6.160736E-4
0.118234,-0.8790121
0.118236,-1.7111769
0.118238,-2.4971101
0.11824,-3.1443493
0.118242,-3.6066632
0.118244,-3.8840513
0.118246,-3.976514
0.118248,-3.7915885
0.11825,-3.467969
0.118252,-2.9131925
0.118254,-2.2197218
0.118256,-1.4337888
0.118258,-0.55539227
0.118259996,0.36923456
0.118262,1.2938623
0.118264,2.0797954
0.118266,2.8194976
0.118268,3.3742738
0.11827,3.744125
0.118272,3.92905
0.118274,3.92905
0.118276,3.6978936
0.118278,3.23558
0.11828,2.6345725
0.118282,1.8948698
0.118284,1.0627055
0.118286,0.184309
0.118288,-0.7403178
0.11829,-1.5724826
0.118292,-2.3584158
0.118294,-3.0518866
0.118296,-3.5604317
0.118298,-3.8378198
0.1183,-3.976514
0.118302,-3.8378198
0.118304,-3.5142004
0.118305996,-3.0518866
0.118308,-2.3584158
0.11831,-1.5724826
0.118312,-0.694087
0.118314,0.23054075
0.118316,1.1089368
0.118318,1.9411016
0.11832,2.6808028
0.118322,3.2818112
0.118324,3.6978936
0.118326,3.92905
0.118328,3.92905
0.11833,3.744125
0.118332,3.3280425
0.118334,2.7732663
0.118336,2.033564
0.118338,1.2476311
0.11834,0.3230033
0.118342,-0.601624
0.118344,-1.48002
0.118346,-2.2659533
0.118348,-2.9594238
0.11835,-3.467969
0.118352,-3.8378198
0.118354,-3.976514
0.118356,-3.8840513
0.118358,-3.6066632
0.11836,-3.1443493
0.118362,-2.4971101
0.118364,-1.7111769
0.118366,-0.8790121
0.118368,0.045615196
0.11837,0.970243
0.118372,1.8024073
0.118374,2.5883412
0.118376,3.1893477
0.118378,3.6516623
0.11838,3.8828197
0.118382,3.92905
0.118383996,3.7903562
0.118386,3.420505
0.118388,2.8657289
0.11839,2.172258
0.118392,1.3863249
0.118394,0.50792885
0.118396,-0.41669846
0.118398,-1.2950945
0.1184,-2.1272593
0.118402,-2.8207297
0.118404,-3.3755062
0.118406,-3.7915885
0.118408,-3.9302826
0.11841,-3.9302826
0.118412,-3.6528945
0.118414,-3.236812
0.118416,-2.6358042
0.118418,-1.8498712
0.11842,-1.0177064
0.118422,-0.09307861
0.118424,0.8315482
0.118426,1.6637135
0.118428,2.4496465
0.118429996,3.0968862
0.118432,3.5591989
0.118434,3.8828197
0.118436,3.9752812
0.118438,3.8365874
0.11844,3.5129685
0.118442,3.0044227
0.118444,2.3109517
0.118446,1.5250192
0.118448,0.64662313
0.11845,-0.27800417
0.118452,-1.1564007
0.118454,-1.9885652
0.118456,-2.728267
0.118458,-3.2830436
0.11846,-3.6991258
0.118462,-3.9302826
0.118464,-3.9302826
0.118466,-3.745357
0.118468,-3.329275
0.11847,-2.728267
0.118472,-1.9885652
0.118474,-1.1564007
0.118476,-0.27800417
0.118478,0.64662313
0.11848,1.5250192
0.118482,2.3109517
0.118484,3.0044227
0.118486,3.5129685
0.118488,3.8365874
0.11849,3.9752812
0.118492,3.8828197
0.118494,3.5591989
0.118496,2.6808028
0.118498,-0.694087
0.1185,-1.5724826
0.118502,-0.7403178
0.118504,0.184309
0.118506,1.0627055
0.118507996,1.8948698
0.11851,2.6808028
0.118512,3.2818112
0.118514,3.6978936
0.118516,3.92905
0.118518,3.9752812
0.11852,3.7903562
0.118522,3.420505
0.118524,2.8657289
0.118526,2.126027
0.118528,1.3400936
0.11853,0.46169758
0.118532,-0.46292973
0.118534,-1.3413262
0.118536,-2.1734905
0.118538,-2.866961
0.11854,-3.4217377
0.118542,-3.7915885
0.118544,-3.9302826
0.118546,-3.8840513
0.118548,-3.6528945
0.11855,-3.1905808
0.118552,-2.5433414
0.118553996,-1.8036394
0.118556,-0.9714751
0.118558,-0.046847343
0.11856,0.87777996
0.118562,1.7099442
0.118564,2.4958777
0.118566,3.1431174
0.118568,3.605431
0.11857,3.8828197
0.118572,3.9752812
0.118574,3.8365874
0.118576,3.4667363
0.118578,2.9581914
0.11858,2.2647214
0.118582,1.4787879
0.118584,0.60039186
0.118586,-0.32423592
0.118588,-1.2488632
0.11859,-2.0347965
0.118592,-2.7744985
0.118594,-3.329275
0.118596,-3.745357
0.118598,-3.9302826
0.1186,-3.9302826
0.118602,-3.6991258
0.118604,-3.2830436
0.118606,-2.6820357
0.118608,-1.9423337
0.11861,-1.1101689
0.118612,-0.18554163
0.118614,0.7390857
0.118616,1.5712504
0.118618,2.357184
0.11862,3.050654
0.118622,3.5591989
0.118624,3.8365874
0.118626,3.9752812
0.118628,3.8365874
0.11863,3.5591989
0.118631996,3.050654
0.118634,2.357184
0.118636,1.5712504
0.118638,0.7390857
0.11864,-0.18554163
0.118642,-1.0639377
0.118644,-1.8961024
0.118646,-2.6358042
0.118648,-3.236812
0.11865,-3.6991258
0.118652,-3.9302826
0.118654,-3.9302826
0.118656,-3.745357
0.118658,-3.3755062
0.11866,-2.8207297
0.118662,-2.081028
0.118664,-1.2488632
0.118666,-0.3704667
0.118668,0.5541601
0.11867,1.4325566
0.118672,2.2184901
0.118674,2.9119601
0.118676,3.4667363
0.118677996,3.7903562
0.11868,3.9752812
0.118682,3.8828197
0.118684,3.605431
0.118686,3.1431174
0.118688,2.4958777
0.11869,1.756176
0.118692,0.87777996
0.118694,-6.160736E-4
0.118696,-0.9252434
0.118698,-1.7574081
0.1187,-2.4971101
0.118702,-3.1443493
0.118704,-3.6066632
0.118706,-3.8840513
0.118708,-3.976514
0.11871,-3.7915885
0.118712,-3.467969
0.118714,-2.9131925
0.118716,-2.2197218
0.118718,-1.4337888
0.11872,-0.5091615
0.118722,0.4154663
0.118723996,1.2938623
0.118726,2.126027
0.118728,2.8194976
0.11873,3.3742738
0.118732,3.744125
0.118734,3.92905
0.118736,3.92905
0.118738,3.6978936
0.11874,3.23558
0.118742,2.6345725
0.118744,1.8948698
0.118746,1.0627055
0.118748,0.13807821
0.11875,-0.78654957
0.118752,-1.6187139
0.118754,-2.4046474
0.118755996,-3.0518866
0.118758,-3.5604317
0.11876,-3.8840513
0.118762,-3.976514
0.118764,-3.8378198
0.118766,-3.5142004
0.118768,-3.0056553
0.11877,-2.3584158
0.118772,-1.5262513
0.118774,-0.694087
0.118776,0.23054075
0.118778,1.1551685
0.11878,1.9873328
0.118782,2.727035
0.118784,3.2818112
0.118786,3.6978936
0.118788,3.92905
0.11879,3.92905
0.118792,3.744125
0.118794,3.3280425
0.118796,2.727035
0.118798,2.033564
0.1188,1.2013993
0.118801996,0.3230033
0.118804,-0.601624
0.118806,-1.48002
0.118808,-2.2659533
0.11881,-2.9594238
0.118812,-3.467969
0.118814,-3.8378198
0.118816,-3.976514
0.118818,-3.8840513
0.11882,-3.6066632
0.118822,-3.098118
0.118824,-2.4508786
0.118826,-1.6649456
0.118828,-0.83278084
0.11883,0.091846466
0.118832,1.0164738
0.118834,1.8486385
0.118836,2.5883412
0.118838,3.1893477
0.11884,3.6516623
0.118842,3.92905
0.118844,3.92905
0.118846,3.7903562
0.118847996,3.420505
0.11885,2.8657289
0.118852,2.172258
0.118854,1.3400936
0.118856,0.46169758
0.118858,-0.46292973
0.11886,-1.3413262
0.118862,-2.1272593
0.118864,-2.866961
0.118866,-3.4217377
0.118868,-3.7915885
0.11887,-3.9302826
0.118872,-3.8840513
0.118874,-3.6528945
0.118876,-3.1905808
0.118878,-2.589573
0.118879996,-1.8498712
0.118882,-0.9714751
0.118884,-0.09307861
0.118886,0.8315482
0.118888,1.6637135
0.11889,2.4496465
0.118892,3.0968862
0.118894,3.605431
0.118896,3.8828197
0.118898,3.9752812
0.1189,3.8365874
0.118902,3.4667363
0.118904,2.9581914
0.118906,2.2647214
0.118908,1.4787879
0.11891,0.64662313
0.118912,-0.27800417
0.118914,-1.202632
0.118916,-1.6649456
0.118918,1.8024073
0.11892,3.3742738
0.118922,3.7903562
0.118924,3.9752812
0.118925996,3.9752812
0.118928,3.744125
0.11893,3.3280425
0.118932,2.727035
0.118934,1.9873328
0.118936,1.2013993
0.118938,0.27677202
0.11894,-0.6478553
0.118942,-1.48002
0.118944,-2.2659533
0.118946,-2.9594238
0.118948,-3.5142004
0.11895,-3.8378198
0.118952,-3.9302826
0.118954,-3.8378198
0.118956,-3.5604317
0.118958,-3.0518866
0.11896,-2.4046474
0.118962,-1.6187139
0.118964,-0.78654957
0.118966,0.13807821
0.118968,1.0627055
0.11897,1.8948698
0.118971996,2.6345725
0.118974,3.23558
0.118976,3.6978936
0.118978,3.92905
0.11898,3.92905
0.118982,3.7903562
0.118984,3.3742738
0.118986,2.8194976
0.118988,2.126027
0.11899,1.2938623
0.118992,0.4154663
0.118994,-0.5091615
0.118996,-1.387557
0.118998,-2.1734905
0.119,-2.866961
0.119002,-3.4217377
0.119003996,-3.7915885
0.119006,-3.9302826
0.119008,-3.8840513
0.11901,-3.6528945
0.119012,-3.1905808
0.119014,-2.5433414
0.119016,-1.7574081
0.119018,-0.9252434
0.11902,-6.160736E-4
0.119022,0.87777996
0.119024,1.756176
0.119026,2.4958777
0.119028,3.1431174
0.11903,3.605431
0.119032,3.8828197
0.119034,3.9752812
0.119036,3.7903562
0.119038,3.4667363
0.11904,2.9119601
0.119042,2.2184901
0.119044,1.4787879
0.119046,0.5541601
0.119048,-0.32423592
0.119049996,-1.2488632
0.119052,-2.0347965
0.119054,-2.7744985
0.119056,-3.329275
0.119058,-3.745357
0.11906,-3.9302826
0.119062,-3.9302826
0.119064,-3.6991258
0.119066,-3.2830436
0.119068,-2.6820357
0.11907,-1.9423337
0.119072,-1.1101689
0.119074,-0.18554163
0.119076,0.7390857
0.119078,1.5712504
0.11908,2.4034152
0.119082,3.050654
0.119084,3.5591989
0.119086,3.8365874
0.119088,3.9752812
0.11909,3.8365874
0.119092,3.5591989
0.119094,3.050654
0.119095996,2.357184
0.119098,1.5712504
0.1191,0.7390857
0.119102,-0.18554163
0.119104,-1.1101689
0.119106,-1.8961024
0.119108,-2.6358042
0.11911,-3.236812
0.119112,-3.6991258
0.119114,-3.9302826
0.119116,-3.9302826
0.119118,-3.745357
0.11912,-3.3755062
0.119122,-2.7744985
0.119124,-2.081028
0.119126,-1.2488632
0.119127996,-0.32423592
0.11913,0.60039186
0.119132,1.4787879
0.119134,2.2647214
0.119136,2.9581914
0.119138,3.4667363
0.11914,3.8365874
0.119142,3.9752812
0.119144,3.8828197
0.119146,3.605431
0.119148,3.1431174
0.11915,2.4958777
0.119152,1.7099442
0.119154,0.87777996
0.119156,-0.046847343
0.119158,-0.9252434
0.11916,-1.7574081
0.119162,-2.5433414
0.119164,-3.1905808
0.119166,-3.6066632
0.119168,-3.8840513
0.11917,-3.9302826
0.119172,-3.7915885
0.119173996,-3.4217377
0.119176,-2.9131925
0.119178,-2.2197218
0.11918,-1.387557
0.119182,-0.5091615
0.119184,0.4154663
0.119186,1.3400936
0.119188,2.126027
0.11919,2.8194976
0.119192,3.3742738
0.119194,3.7903562
0.119196,3.92905
0.119198,3.92905
0.1192,3.6516623
0.119202,3.23558
0.119204,2.6345725
0.119206,1.8486385
0.119208,1.0627055
0.11921,0.13807821
0.119212,-0.78654957
0.119214,-1.6187139
0.119216,-2.4046474
0.119218,-3.0518866
0.119219996,-3.5604317
0.119222,-3.8840513
0.119224,-3.976514
0.119226,-3.8378198
0.119228,-3.5142004
0.11923,-3.0056553
0.119232,-2.3121846
0.119234,-1.5262513
0.119236,-0.6478553
0.119238,0.27677202
0.11924,1.1551685
0.119242,1.9873328
0.119244,2.727035
0.119246,3.3280425
0.119248,3.6978936
0.11925,3.92905
0.119252,3.92905
0.119254,3.744125
0.119256,3.3280425
0.119258,2.727035
0.11926,1.9873328
0.119262,1.2013993
0.119264,0.27677202
0.119266,-0.601624
0.119268,-1.48002
0.11927,-2.2659533
0.119272,-2.9594238
0.119274,-3.5142004
0.119276,-3.8378198
0.119278,-3.976514
0.11928,-3.8840513
0.119282,-3.6066632
0.119284,-3.098118
0.119286,-2.4508786
0.119288,-1.6649456
0.11929,-0.83278084
0.119292,0.091846466
0.119294,1.0164738
0.119296,1.8486385
0.119297996,2.5883412
0.1193,3.23558
0.119302,3.6516623
0.119304,3.92905
0.119306,3.92905
0.119308,3.7903562
0.11931,3.420505
0.119312,2.8657289
0.119314,2.126027
0.119316,1.3400936
0.119318,0.46169758
0.11932,-0.46292973
0.119322,-1.3413262
0.119324,-2.1272593
0.119326,-2.866961
0.119328,-3.4217377
0.11933,-3.7915885
0.119332,-3.9302826
0.119334,-3.8840513
0.119336,-3.6066632
0.119338,-0.32423592
0.11934,2.357184
0.119342,1.756176
0.119343996,0.92401123
0.119346,0.045615196
0.119348,-0.8790121
0.11935,-1.7111769
0.119352,-2.4971101
0.119354,-3.1443493
0.119356,-3.6066632
0.119358,-3.8840513
0.11936,-3.976514
0.119362,-3.8378198
0.119364,-3.5142004
0.119366,-2.9594238
0.119368,-2.3121846
0.11937,-1.48002
0.119372,-0.601624
0.119374,0.3230033
0.119376,1.2013993
0.119378,2.033564
0.11938,2.7732663
0.119382,3.3280425
0.119384,3.744125
0.119386,3.92905
0.119388,3.92905
0.11939,3.6978936
0.119392,3.2818112
0.119394,2.6808028
0.119396,1.9411016
0.119398,1.1089368
0.1194,0.23054075
0.119402,-0.694087
0.119404,-1.5262513
0.119406,-2.3121846
0.119408,-3.0056553
0.11941,-3.5142004
0.119412,-3.8378198
0.119414,-3.976514
0.119416,-3.8378198
0.119418,-3.5604317
0.11942,-3.0518866
0.119421996,-2.4046474
0.119424,-1.6187139
0.119426,-0.7403178
0.119428,0.184309
0.11943,1.0627055
0.119432,1.8948698
0.119434,2.6345725
0.119436,3.23558
0.119438,3.6978936
0.11944,3.92905
0.119442,3.92905
0.119444,3.744125
0.119446,3.3742738
0.119448,2.8194976
0.11945,2.0797954
0.119452,1.2938623
0.119454,0.36923456
0.119456,-0.5091615
0.119458,-1.4337888
0.11946,-2.2197218
0.119462,-2.9131925
0.119464,-3.467969
0.119466,-3.7915885
0.119467996,-3.9302826
0.11947,-3.8840513
0.119472,-3.6066632
0.119474,-3.1443493
0.119476,-2.5433414
0.119478,-1.7574081
0.11948,-0.9252434
0.119482,-6.160736E-4
0.119484,0.92401123
0.119486,1.756176
0.119488,2.542109
0.11949,3.1431174
0.119492,3.6516623
0.119494,3.8828197
0.119496,3.9752812
0.119498,3.7903562
0.1195,3.4667363
0.119502,2.9119601
0.119504,2.2184901
0.119506,1.4325566
0.119508,0.5541601
0.11951,-0.3704667
0.119512,-1.2488632
0.119514,-2.081028
0.119516,-2.7744985
0.119518,-3.3755062
0.11952,-3.745357
0.119522,-3.9302826
0.119524,-3.9302826
0.119526,-3.6991258
0.119528,-3.236812
0.11953,-2.6358042
0.119532,-1.8961024
0.119534,-1.0639377
0.119536,-0.13931036
0.119538,0.7853174
0.11954,1.6174817
0.119542,2.4034152
0.119544,3.050654
0.119545996,3.5591989
0.119548,3.8828197
0.11955,3.9752812
0.119552,3.8365874
0.119554,3.5129685
0.119556,3.0044227
0.119558,2.357184
0.11956,1.5712504
0.119562,0.6928544
0.119564,-0.2317729
0.119566,-1.1101689
0.119568,-1.9423337
0.11957,-2.6820357
0.119572,-3.2830436
0.119574,-3.6991258
0.119576,-3.9302826
0.119578,-3.9302826
0.11958,-3.745357
0.119582,-3.329275
0.119584,-2.7744985
0.119586,-2.0347965
0.119588,-1.202632
0.11959,-0.32423592
0.119591996,0.60039186
0.119594,1.4787879
0.119596,2.2647214
0.119598,2.9581914
0.1196,3.4667363
0.119602,3.8365874
0.119604,3.9752812
0.119606,3.8828197
0.119608,3.605431
0.11961,3.0968862
0.119612,2.4958777
0.119614,1.7099442
0.119616,0.87777996
0.119618,-0.046847343
0.11962,-0.9714751
0.119622,-1.8036394
0.119624,-2.5433414
0.119626,-3.1905808
0.119628,-3.6528945
0.11963,-3.8840513
0.119632,-3.9302826
0.119634,-3.7915885
0.119636,-3.4217377
0.119638,-2.866961
0.11964,-2.1734905
0.119642,-1.387557
0.119644,-0.46292973
0.119646,0.46169758
0.119648,1.3400936
0.11965,2.126027
0.119652,2.8657289
0.119654,3.420505
0.119656,3.7903562
0.119658,3.92905
0.11966,3.92905
0.119662,3.6516623
0.119664,3.23558
0.119666,2.5883412
0.119668,1.8486385
0.119669996,1.0164738
0.119672,0.091846466
0.119674,-0.78654957
0.119676,-1.6649456
0.119678,-2.4046474
0.11968,-3.098118
0.119682,-3.5604317
0.119684,-3.8840513
0.119686,-3.976514
0.119688,-3.8378198
0.11969,-3.5142004
0.119692,-3.0056553
0.119694,-2.3121846
0.119696,-1.48002
0.119698,-0.6478553
0.1197,0.27677202
0.119702,1.2013993
0.119704,1.9873328
0.119706,2.727035
0.119708,3.3280425
0.11971,3.744125
0.119712,3.92905
0.119714,3.92905
0.119715996,3.6978936
0.119718,3.2818112
0.11972,2.727035
0.119722,1.9873328
0.119724,1.1551685
0.119726,0.27677202
0.119728,-0.6478553
0.11973,-1.48002
0.119732,-2.3121846
0.119734,-2.9594238
0.119736,-3.5142004
0.119738,-3.8378198
0.11974,-3.976514
0.119742,-3.8840513
0.119744,-3.5604317
0.119746,-3.098118
0.119748,-2.4508786
0.11975,-1.6649456
0.119752,-0.78654957
0.119754,0.13807821
0.119756,1.2013993
0.119758,-1.7111769
0.11976,-2.6358042
0.119762,-3.2830436
0.119764,-3.6991258
0.119766,-3.976514
0.119768,-3.976514
0.11977,-3.8378198
0.119772,-3.4217377
0.119774,-2.866961
0.119776,-2.1734905
0.119778,-1.3413262
0.11978,-0.46292973
0.119782,0.46169758
0.119784,1.3863249
0.119786,2.172258
0.119788,2.8657289
0.11979,3.420505
0.119792,3.7903562
0.119793996,3.92905
0.119796,3.8828197
0.119798,3.605431
0.1198,3.1893477
0.119802,2.542109
0.119804,1.8024073
0.119806,0.970243
0.119808,0.045615196
0.11981,-0.8790121
0.119812,-1.7111769
0.119814,-2.4971101
0.119816,-3.1443493
0.119818,-3.6066632
0.11982,-3.8840513
0.119822,-3.976514
0.119824,-3.8378198
0.119826,-3.467969
0.119828,-2.9594238
0.11983,-2.2659533
0.119832,-1.48002
0.119834,-0.601624
0.119836,0.3230033
0.119838,1.2476311
0.119839996,2.033564
0.119842,2.7732663
0.119844,3.3742738
0.119846,3.744125
0.119848,3.92905
0.11985,3.92905
0.119852,3.6978936
0.119854,3.2818112
0.119856,2.6808028
0.119858,1.9411016
0.11986,1.1089368
0.119862,0.23054075
0.119864,-0.694087
0.119866,-1.5724826
0.119868,-2.3584158
0.11987,-3.0056553
0.119872,-3.5142004
0.119874,-3.8378198
0.119876,-3.976514
0.119878,-3.8378198
0.11988,-3.5604317
0.119882,-3.0518866
0.119884,-2.4046474
0.119885996,-1.6187139
0.119888,-0.7403178
0.11989,0.184309
0.119892,1.1089368
0.119894,1.8948698
0.119896,2.6808028
0.119898,3.2818112
0.1199,3.6978936
0.119902,3.92905
0.119904,3.92905
0.119906,3.744125
0.119908,3.3742738
0.11991,2.7732663
0.119912,2.0797954
0.119914,1.2476311
0.119916,0.36923456
0.119917996,-0.55539227
0.11992,-1.4337888
0.119922,-2.2197218
0.119924,-2.9131925
0.119926,-3.467969
0.119928,-3.7915885
0.11993,-3.9302826
0.119932,-3.8840513
0.119934,-3.6066632
0.119936,-3.1443493
0.119938,-2.5433414
0.11994,-1.7574081
0.119942,-0.8790121
0.119944,0.045615196
0.119946,0.92401123
0.119948,1.756176
0.11995,2.542109
0.119952,3.1893477
0.119954,3.6516623
0.119956,3.8828197
0.119958,3.9752812
0.11996,3.7903562
0.119962,3.420505
0.119963996,2.9119601
0.119966,2.2184901
0.119968,1.4325566
0.11997,0.50792885
0.119972,-0.3704667
0.119974,-1.2950945
0.119976,-2.081028
0.119978,-2.8207297
0.11998,-3.3755062
0.119982,-3.745357
0.119984,-3.9302826
0.119986,-3.9302826
0.119988,-3.6991258
0.11999,-3.236812
0.119992,-2.6358042
0.119994,-1.8961024
0.119996,-1.0639377
0.119998,-0.13931036
0.12,0.7853174
0.120002,1.6174817
0.120004,2.4034152
0.120006,3.0968862
0.120008,3.5591989
0.120009996,3.8828197
0.120012,3.9752812
0.120014,3.8365874
0.120016,3.5129685
0.120018,3.0044227
0.12002,2.357184
0.120022,1.5250192
0.120024,0.6928544
0.120026,-0.2317729
0.120028,-1.1101689
0.12003,-1.9423337
0.120032,-2.6820357
0.120034,-3.2830436
0.120036,-3.6991258
0.120038,-3.9302826
0.12004,-3.9302826
0.120041996,-3.745357
0.120044,-3.329275
0.120046,-2.7744985
0.120048,-2.0347965
0.12005,-1.202632
0.120052,-0.32423592
0.120054,0.60039186
0.120056,1.4787879
0.120058,2.2647214
0.12006,2.9581914
0.120062,3.5129685
0.120064,3.8365874
0.120066,3.9752812
0.120068,3.8828197
0.12007,3.605431
0.120072,3.0968862
0.120074,2.4496465
0.120076,1.6637135
0.120078,0.8315482
0.12008,-0.09307861
0.120082,-0.9714751
0.120084,-1.8036394
0.120086,-2.5433414
0.120087996,-3.1905808
0.12009,-3.6528945
0.120092,-3.8840513
0.120094,-3.9302826
0.120096,-3.7915885
0.120098,-3.4217377
0.1201,-2.866961
0.120102,-2.1734905
0.120104,-1.3413262
0.120106,-0.46292973
0.120108,0.46169758
0.12011,1.3400936
0.120112,2.172258
0.120114,2.8657289
0.120116,3.420505
0.120118,3.7903562
0.12012,3.92905
0.120122,3.92905
0.120124,3.6516623
0.120126,3.1893477
0.120128,2.5883412
0.12013,1.8486385
0.120132,1.0164738
0.120133996,0.091846466
0.120136,-0.83278084
0.120138,-1.6649456
0.12014,-2.4508786
0.120142,-3.098118
0.120144,-3.5604317
0.120146,-3.8840513
0.120148,-3.976514
0.12015,-3.8378198
0.120152,-3.5142004
0.120154,-2.9594238
0.120156,-2.3121846
0.120158,-1.48002
0.12016,-0.601624
0.120162,0.3230033
0.120164,1.2013993
0.120165996,2.033564
0.120168,2.727035
0.12017,3.3280425
0.120172,3.744125
0.120174,3.92905
0.120176,3.92905
0.120178,0.92401123
0.12018,-2.3584158
0.120182,-2.6820357
0.120184,-1.9423337
0.120186,-1.1101689
0.120188,-0.2317729
0.12019,0.6928544
0.120192,1.5712504
0.120194,2.357184
0.120196,3.0044227
0.120198,3.5129685
0.1202,3.8365874
0.120202,3.9752812
0.120204,3.8828197
0.120206,3.5591989
0.120208,3.0968862
0.12021,2.4034152
0.120211996,1.6174817
0.120214,0.7853174
0.120216,-0.13931036
0.120218,-1.0177064
0.12022,-1.8498712
0.120222,-2.589573
0.120224,-3.236812
0.120226,-3.6528945
0.120228,-3.9302826
0.12023,-3.9302826
0.120232,-3.745357
0.120234,-3.3755062
0.120236,-2.8207297
0.120238,-2.1272593
0.12024,-1.2950945
0.120242,-0.41669846
0.120244,0.50792885
0.120246,1.4325566
0.120248,2.2184901
0.12025,2.9119601
0.120252,3.4667363
0.120254,3.7903562
0.120256,3.92905
0.120257996,3.8828197
0.12026,3.605431
0.120262,3.1431174
0.120264,2.542109
0.120266,1.756176
0.120268,0.92401123
0.12027,0.045615196
0.120272,-0.8790121
0.120274,-1.7111769
0.120276,-2.4971101
0.120278,-3.1443493
0.12028,-3.6066632
0.120282,-3.8840513
0.120284,-3.976514
0.120286,-3.7915885
0.120288,-3.467969
0.120289996,-2.9131925
0.120292,-2.2659533
0.120294,-1.4337888
0.120296,-0.55539227
0.120298,0.36923456
0.1203,1.2476311
0.120302,2.0797954
0.120304,2.7732663
0.120306,3.3742738
0.120308,3.744125
0.12031,3.92905
0.120312,3.92905
0.120314,3.6978936
0.120316,3.23558
0.120318,2.6345725
0.12032,1.8948698
0.120322,1.1089368
0.120324,0.184309
0.120326,-0.7403178
0.120328,-1.5724826
0.12033,-2.3584158
0.120332,-3.0518866
0.120334,-3.5604317
0.120335996,-3.8378198
0.120338,-3.976514
0.12034,-3.8378198
0.120342,-3.5604317
0.120344,-3.0518866
0.120346,-2.3584158
0.120348,-1.5724826
0.12035,-0.694087
0.120352,0.184309
0.120354,1.1089368
0.120356,1.9411016
0.120358,2.6808028
0.12036,3.2818112
0.120362,3.6978936
0.120364,3.92905
0.120366,3.92905
0.120368,3.744125
0.12037,3.3280425
0.120372,2.7732663
0.120374,2.033564
0.120376,1.2476311
0.120378,0.3230033
0.12038,-0.55539227
0.120381996,-1.4337888
0.120384,-2.2197218
0.120386,-2.9131925
0.120388,-3.467969
0.12039,-3.7915885
0.120392,-3.976514
0.120394,-3.8840513
0.120396,-3.6066632
0.120398,-3.1443493
0.1204,-2.4971101
0.120402,-1.7111769
0.120404,-0.8790121
0.120406,0.045615196
0.120408,0.970243
0.12041,1.8024073
0.120412,2.542109
0.120414,3.1893477
0.120416,3.6516623
0.120418,3.8828197
0.12042,3.92905
0.120422,3.7903562
0.120424,3.420505
0.120426,2.8657289
0.120428,2.172258
0.12043,1.3863249
0.120432,0.50792885
0.120434,-0.41669846
0.120436,-1.2950945
0.120438,-2.1272593
0.12044,-2.8207297
0.120442,-3.3755062
0.120444,-3.745357
0.120446,-3.9302826
0.120448,-3.9302826
0.12045,-3.6528945
0.120452,-3.236812
0.120454,-2.6358042
0.120456,-1.8498712
0.120458,-1.0177064
0.120459996,-0.13931036
0.120462,0.7853174
0.120464,1.6637135
0.120466,2.4496465
0.120468,3.0968862
0.12047,3.5591989
0.120472,3.8828197
0.120474,3.9752812
0.120476,3.8365874
0.120478,3.5129685
0.12048,3.0044227
0.120482,2.3109517
0.120484,1.5250192
0.120486,0.64662313
0.120488,-0.27800417
0.12049,-1.1564007
0.120492,-1.9423337
0.120494,-2.6820357
0.120496,-3.2830436
0.120498,-3.6991258
0.1205,-3.9302826
0.120502,-3.9302826
0.120504,-3.745357
0.120505996,-3.329275
0.120508,-2.728267
0.12051,-1.9885652
0.120512,-1.202632
0.120514,-0.27800417
0.120516,0.64662313
0.120518,1.5250192
0.12052,2.3109517
0.120522,3.0044227
0.120524,3.5129685
0.120526,3.8365874
0.120528,3.9752812
0.12053,3.8828197
0.120532,3.5591989
0.120534,3.0968862
0.120536,2.4496465
0.120538,1.6637135
0.12054,0.8315482
0.120542,-0.09307861
0.120544,-1.0177064
0.120546,-1.8498712
0.120548,-2.589573
0.12055,-3.1905808
0.120552,-3.6528945
0.120554,-3.8840513
0.120556,-3.9302826
0.120558,-3.7915885
0.12056,-3.4217377
0.120562,-2.866961
0.120564,-2.1272593
0.120566,-1.3413262
0.120568,-0.41669846
0.12057,0.50792885
0.120572,1.3863249
0.120574,2.172258
0.120576,2.8657289
0.120578,3.420505
0.12058,3.7903562
0.120582,3.92905
0.120583996,3.8828197
0.120586,3.6516623
0.120588,3.1893477
0.12059,2.542109
0.120592,1.8024073
0.120594,0.970243
0.120596,0.045615196
0.120598,0.92401123
0.1206,1.8024073
0.120602,2.542109
0.120604,3.1893477
0.120606,3.6516623
0.120608,3.92905
0.12061,4.0215135
0.120612,3.8828197
0.120614,3.5129685
0.120616,3.0044227
0.120618,2.3109517
0.12062,1.4787879
0.120622,0.64662313
0.120624,-0.27800417
0.120626,-1.202632
0.120628,-1.9885652
0.120629996,-2.728267
0.120632,-3.329275
0.120634,-3.6991258
0.120636,-3.9302826
0.120638,-3.9302826
0.12064,-3.6991258
0.120642,-3.2830436
0.120644,-2.6820357
0.120646,-1.9423337
0.120648,-1.1101689
0.12065,-0.2317729
0.120652,0.6928544
0.120654,1.5712504
0.120656,2.357184
0.120658,3.050654
0.12066,3.5591989
0.120662,3.8365874
0.120664,3.9752812
0.120666,3.8828197
0.120668,3.5591989
0.12067,3.050654
0.120672,2.4034152
0.120674,1.6174817
0.120676,0.7853174
0.120678,-0.13931036
0.12068,-1.0639377
0.120682,-1.8961024
0.120684,-2.6358042
0.120686,-3.236812
0.120688,-3.6991258
0.12069,-3.9302826
0.120692,-3.9302826
0.120694,-3.745357
0.120696,-3.3755062
0.120698,-2.8207297
0.1207,-2.081028
0.120702,-1.2950945
0.120704,-0.3704667
0.120706,0.5541601
0.120707996,1.4325566
0.12071,2.2184901
0.120712,2.9119601
0.120714,3.4667363
0.120716,3.7903562
0.120718,3.9752812
0.12072,3.8828197
0.120722,3.605431
0.120724,3.1431174
0.120726,2.542109
0.120728,1.756176
0.12073,0.92401123
0.120732,-6.160736E-4
0.120734,-0.8790121
0.120736,-1.7574081
0.120738,-2.4971101
0.12074,-3.1443493
0.120742,-3.6066632
0.120744,-3.8840513
0.120746,-3.9302826
0.120748,-3.7915885
0.12075,-3.467969
0.120752,-2.9131925
0.120753996,-2.2197218
0.120756,-1.4337888
0.120758,-0.55539227
0.12076,0.36923456
0.120762,1.2938623
0.120764,2.0797954
0.120766,2.8194976
0.120768,3.3742738
0.12077,3.744125
0.120772,3.92905
0.120774,3.92905
0.120776,3.6978936
0.120778,3.23558
0.12078,2.6345725
0.120782,1.8948698
0.120784,1.0627055
0.120786,0.184309
0.120788,-0.7403178
0.12079,-1.5724826
0.120792,-2.3584158
0.120794,-3.0518866
0.120796,-3.5604317
0.120798,-3.8378198
0.1208,-3.976514
0.120802,-3.8378198
0.120804,-3.5142004
0.120806,-3.0518866
0.120808,-2.3584158
0.12081,-1.5724826
0.120812,-0.694087
0.120814,0.23054075
0.120816,1.1089368
0.120818,1.9411016
0.12082,2.6808028
0.120822,3.2818112
0.120824,3.6978936
0.120826,3.92905
0.120828,3.92905
0.12083,3.744125
0.120831996,3.3280425
0.120834,2.7732663
0.120836,2.033564
0.120838,1.2476311
0.12084,0.3230033
0.120842,-0.601624
0.120844,-1.48002
0.120846,-2.2659533
0.120848,-2.9594238
0.12085,-3.467969
0.120852,-3.8378198
0.120854,-3.976514
0.120856,-3.8840513
0.120858,-3.6066632
0.12086,-3.1443493
0.120862,-2.4971101
0.120864,-1.7111769
0.120866,-0.8790121
0.120868,0.045615196
0.12087,0.970243
0.120872,1.8024073
0.120874,2.5883412
0.120876,3.1893477
0.120877996,3.6516623
0.12088,3.8828197
0.120882,3.92905
0.120884,3.7903562
0.120886,3.420505
0.120888,2.8657289
0.12089,2.172258
0.120892,1.3863249
0.120894,0.50792885
0.120896,-0.41669846
0.120898,-1.3413262
0.1209,-2.1272593
0.120902,-2.8207297
0.120904,-3.3755062
0.120906,-3.7915885
0.120908,-3.9302826
0.12091,-3.9302826
0.120912,-3.6528945
0.120914,-3.236812
0.120916,-2.589573
0.120918,-1.8498712
0.12092,-1.0177064
0.120922,-0.09307861
0.120923996,0.8315482
0.120926,1.6637135
0.120928,2.4496465
0.12093,3.0968862
0.120932,3.605431
0.120934,3.8828197
0.120936,3.9752812
0.120938,3.8365874
0.12094,3.5129685
0.120942,2.9581914
0.120944,2.3109517
0.120946,1.4787879
0.120948,0.64662313
0.12095,-0.27800417
0.120952,-1.1564007
0.120954,-1.9885652
0.120955996,-2.728267
0.120958,-3.329275
0.12096,-3.745357
0.120962,-3.9302826
0.120964,-3.9302826
0.120966,-3.6991258
0.120968,-3.329275
0.12097,-2.728267
0.120972,-1.9885652
0.120974,-1.1564007
0.120976,-0.27800417
0.120978,0.64662313
0.12098,1.5250192
0.120982,2.3109517
0.120984,3.0044227
0.120986,3.5129685
0.120988,3.8365874
0.12099,3.9752812
0.120992,3.8828197
0.120994,3.5591989
0.120996,3.0968862
0.120998,2.4496465
0.121,1.6637135
0.121001996,0.7853174
0.121004,-0.09307861
0.121006,-1.0177064
0.121008,-1.8498712
0.12101,-2.589573
0.121012,-3.236812
0.121014,-3.6528945
0.121016,-3.9302826
0.121018,-1.8036394
0.12102,1.8948698
0.121022,3.3280425
0.121024,2.8194976
0.121026,2.126027
0.121028,1.2938623
0.12103,0.4154663
0.121032,-0.5091615
0.121034,-1.387557
0.121036,-2.1734905
0.121038,-2.866961
0.12104,-3.4217377
0.121042,-3.7915885
0.121044,-3.9302826
0.121046,-3.8840513
0.121047996,-3.6528945
0.12105,-3.1905808
0.121052,-2.5433414
0.121054,-1.8036394
0.121056,-0.9714751
0.121058,-0.046847343
0.12106,0.87777996
0.121062,1.7099442
0.121064,2.4958777
0.121066,3.1431174
0.121068,3.605431
0.12107,3.8828197
0.121072,3.9752812
0.121074,3.8365874
0.121076,3.4667363
0.121078,2.9581914
0.121079996,2.2647214
0.121082,1.4787879
0.121084,0.60039186
0.121086,-0.32423592
0.121088,-1.2488632
0.12109,-2.0347965
0.121092,-2.7744985
0.121094,-3.329275
0.121096,-3.745357
0.121098,-3.9302826
0.1211,-3.9302826
0.121102,-3.6991258
0.121104,-3.2830436
0.121106,-2.6820357
0.121108,-1.9423337
0.12111,-1.1101689
0.121112,-0.18554163
0.121114,0.7390857
0.121116,1.5712504
0.121118,2.357184
0.12112,3.050654
0.121122,3.5591989
0.121124,3.8365874
0.121125996,3.9752812
0.121128,3.8365874
0.12113,3.5591989
0.121132,3.050654
0.121134,2.357184
0.121136,1.5712504
0.121138,0.7390857
0.12114,-0.18554163
0.121142,-1.0639377
0.121144,-1.8961024
0.121146,-2.6358042
0.121148,-3.236812
0.12115,-3.6991258
0.121152,-3.9302826
0.121154,-3.9302826
0.121156,-3.745357
0.121158,-3.3755062
0.12116,-2.7744985
0.121162,-2.081028
0.121164,-1.2488632
0.121166,-0.3704667
0.121168,0.5541601
0.12117,1.4787879
0.121171996,2.2647214
0.121174,2.9581914
0.121176,3.4667363
0.121178,3.8365874
0.12118,3.9752812
0.121182,3.8828197
0.121184,3.605431
0.121186,3.1431174
0.121188,2.4958777
0.12119,1.756176
0.121192,0.87777996
0.121194,-6.160736E-4
0.121196,-0.9252434
0.121198,-1.7574081
0.1212,-2.5433414
0.121202,-3.1443493
0.121203996,-3.6066632
0.121206,-3.8840513
0.121208,-3.9302826
0.12121,-3.7915885
0.121212,-3.4217377
0.121214,-2.9131925
0.121216,-2.2197218
0.121218,-1.4337888
0.12122,-0.5091615
0.121222,0.4154663
0.121224,1.2938623
0.121226,2.126027
0.121228,2.8194976
0.12123,3.3742738
0.121232,3.7903562
0.121234,3.92905
0.121236,3.92905
0.121238,3.6978936
0.12124,3.23558
0.121242,2.6345725
0.121244,1.8948698
0.121246,1.0627055
0.121248,0.13807821
0.121249996,-0.78654957
0.121252,-1.6187139
0.121254,-2.4046474
0.121256,-3.0518866
0.121258,-3.5604317
0.12126,-3.8840513
0.121262,-3.976514
0.121264,-3.8378198
0.121266,-3.5142004
0.121268,-3.0056553
0.12127,-2.3584158
0.121272,-1.5262513
0.121274,-0.694087
0.121276,0.23054075
0.121278,1.1551685
0.12128,1.9873328
0.121282,2.727035
0.121284,3.2818112
0.121286,3.6978936
0.121288,3.92905
0.12129,3.92905
0.121292,3.744125
0.121294,3.3280425
0.121295996,2.727035
0.121298,2.033564
0.1213,1.2013993
0.121302,0.3230033
0.121304,-0.601624
0.121306,-1.48002
0.121308,-2.2659533
0.12131,-2.9594238
0.121312,-3.467969
0.121314,-3.8378198
0.121316,-3.976514
0.121318,-3.8840513
0.12132,-3.6066632
0.121322,-3.098118
0.121324,-2.4508786
0.121326,-1.6649456
0.121327996,-0.83278084
0.12133,0.091846466
0.121332,1.0164738
0.121334,1.8486385
0.121336,2.5883412
0.121338,3.1893477
0.12134,3.6516623
0.121342,3.92905
0.121344,3.92905
0.121346,3.7903562
0.121348,3.420505
0.12135,2.8657289
0.121352,2.126027
0.121354,1.3400936
0.121356,0.46169758
0.121358,-0.46292973
0.12136,-1.3413262
0.121362,-2.1272593
0.121364,-2.866961
0.121366,-3.4217377
0.121368,-3.7915885
0.12137,-3.9302826
0.121372,-3.8840513
0.121373996,-3.6528945
0.121376,-3.1905808
0.121378,-2.589573
0.12138,-1.8036394
0.121382,-0.9714751
0.121384,-0.09307861
0.121386,0.8315482
0.121388,1.7099442
0.12139,2.4496465
0.121392,3.0968862
0.121394,3.605431
0.121396,3.8828197
0.121398,3.9752812
0.1214,3.8365874
0.121402,3.4667363
0.121404,2.9581914
0.121406,2.2647214
0.121408,1.4787879
0.12141,0.60039186
0.121412,-0.27800417
0.121414,-1.202632
0.121416,-1.9885652
0.121418,-2.728267
0.121419996,-3.329275
0.121422,-3.745357
0.121424,-3.9302826
0.121426,-3.9302826
0.121428,-3.6991258
0.12143,-3.2830436
0.121432,-2.728267
0.121434,-1.9885652
0.121436,-1.1564007
0.121438,0.045615196
0.12144,-0.7403178
0.121442,-1.6187139
0.121444,-2.4046474
0.121446,-3.0518866
0.121448,-3.5604317
0.12145,-3.8840513
0.121451996,-4.022745
0.121454,-3.9302826
0.121456,-3.6066632
0.121458,-3.098118
0.12146,-2.4508786
0.121462,-1.6649456
0.121464,-0.78654957
0.121466,0.13807821
0.121468,1.0164738
0.12147,1.8486385
0.121472,2.5883412
0.121474,3.23558
0.121476,3.6516623
0.121478,3.8828197
0.12148,3.92905
0.121482,3.744125
0.121484,3.3742738
0.121486,2.8194976
0.121488,2.0797954
0.12149,1.2938623
0.121492,0.4154663
0.121494,-0.5091615
0.121496,-1.387557
0.121497996,-2.1734905
0.1215,-2.9131925
0.121502,-3.4217377
0.121504,-3.7915885
0.121506,-3.976514
0.121508,-3.8840513
0.12151,-3.6528945
0.121512,-3.1905808
0.121514,-2.5433414
0.121516,-1.7574081
0.121518,-0.9252434
0.12152,-6.160736E-4
0.121522,0.87777996
0.121524,1.756176
0.121526,2.4958777
0.121528,3.1431174
0.12153,3.605431
0.121532,3.8828197
0.121534,3.9752812
0.121536,3.7903562
0.121538,3.4667363
0.12154,2.9119601
0.121542,2.2184901
0.121543996,1.4325566
0.121546,0.5541601
0.121548,-0.3704667
0.12155,-1.2488632
0.121552,-2.0347965
0.121554,-2.7744985
0.121556,-3.3755062
0.121558,-3.745357
0.12156,-3.9302826
0.121562,-3.9302826
0.121564,-3.6991258
0.121566,-3.2830436
0.121568,-2.6820357
0.12157,-1.9423337
0.121572,-1.1101689
0.121574,-0.18554163
0.121576,0.7390857
0.121578,1.6174817
0.12158,2.4034152
0.121582,3.050654
0.121584,3.5591989
0.121586,3.8365874
0.121588,3.9752812
0.12159,3.8365874
0.121592,3.5129685
0.121594,3.050654
0.121596,2.357184
0.121598,1.5712504
0.1216,0.7390857
0.121602,-0.18554163
0.121604,-1.1101689
0.121606,-1.8961024
0.121608,-2.6358042
0.12161,-3.2830436
0.121612,-3.6991258
0.121614,-3.9302826
0.121616,-3.9302826
0.121618,-3.745357
0.12162,-3.3755062
0.121621996,-2.7744985
0.121624,-2.081028
0.121626,-1.2488632
0.121628,-0.32423592
0.12163,0.60039186
0.121632,1.4787879
0.121634,2.2647214
0.121636,2.9581914
0.121638,3.4667363
0.12164,3.8365874
0.121642,3.9752812
0.121644,3.8828197
0.121646,3.605431
0.121648,3.1431174
0.12165,2.4958777
0.121652,1.7099442
0.121654,0.87777996
0.121656,-0.046847343
0.121658,-0.9252434
0.12166,-1.7574081
0.121662,-2.5433414
0.121664,-3.1905808
0.121666,-3.6528945
0.121667996,-3.8840513
0.12167,-3.9302826
0.121672,-3.7915885
0.121674,-3.4217377
0.121676,-2.9131925
0.121678,-2.1734905
0.12168,-1.387557
0.121682,-0.5091615
0.121684,0.4154663
0.121686,1.3400936
0.121688,2.126027
0.12169,2.8194976
0.121692,3.3742738
0.121694,3.7903562
0.121696,3.92905
0.121698,3.92905
0.1217,3.6516623
0.121702,3.23558
0.121704,2.6345725
0.121706,1.8486385
0.121708,1.0164738
0.12171,0.13807821
0.121712,-0.78654957
0.121714,-1.6187139
0.121716,-2.4046474
0.121718,-3.0518866
0.12172,-3.5604317
0.121722,-3.8840513
0.121724,-3.976514
0.121726,-3.8378198
0.121728,-3.5142004
0.12173,-3.0056553
0.121732,-2.3121846
0.121734,-1.5262513
0.121736,-0.6478553
0.121738,0.27677202
0.12174,1.1551685
0.121742,1.9873328
0.121744,2.727035
0.121745996,3.3280425
0.121748,3.744125
0.12175,3.92905
0.121752,3.92905
0.121754,3.744125
0.121756,3.3280425
0.121758,2.727035
0.12176,1.9873328
0.121762,1.2013993
0.121764,0.27677202
0.121766,-0.6478553
0.121768,-1.48002
0.12177,-2.2659533
0.121772,-2.9594238
0.121774,-3.5142004
0.121776,-3.8378198
0.121778,-3.976514
0.12178,-3.8840513
0.121782,-3.5604317
0.121784,-3.098118
0.121786,-2.4508786
0.121788,-1.6649456
0.12179,-0.83278084
0.121791996,0.091846466
0.121794,1.0164738
0.121796,1.8486385
0.121798,2.5883412
0.1218,3.23558
0.121802,3.6516623
0.121804,3.92905
0.121806,3.92905
0.121808,3.7903562
0.12181,3.420505
0.121812,2.8657289
0.121814,2.126027
0.121816,1.3400936
0.121818,0.46169758
0.12182,-0.46292973
0.121822,-1.3413262
0.121824,-2.1734905
0.121826,-2.866961
0.121828,-3.4217377
0.12183,-3.7915885
0.121832,-3.9302826
0.121834,-3.8840513
0.121836,-3.6528945
0.121838,-3.1905808
0.12184,-2.589573
0.121842,-1.8036394
0.121844,-0.9714751
0.121846,-0.046847343
0.121848,0.87777996
0.12185,1.7099442
0.121852,2.4958777
0.121854,3.1431174
0.121856,3.605431
0.121858,1.9411016
0.12186,-1.4337888
0.121862,-3.6991258
0.121864,-3.467969
0.121866,-2.9594238
0.121868,-2.2659533
0.121869996,-1.48002
0.121872,-0.601624
0.121874,0.3230033
0.121876,1.2013993
0.121878,2.033564
0.12188,2.7732663
0.121882,3.3280425
0.121884,3.744125
0.121886,3.92905
0.121888,3.92905
0.12189,3.6978936
0.121892,3.2818112
0.121894,2.6808028
0.121896,1.9411016
0.121898,1.1089368
0.1219,0.23054075
0.121902,-0.694087
0.121904,-1.5262513
0.121906,-2.3584158
0.121908,-3.0056553
0.12191,-3.5142004
0.121912,-3.8378198
0.121914,-3.976514
0.121915996,-3.8840513
0.121918,-3.5604317
0.12192,-3.0518866
0.121922,-2.4046474
0.121924,-1.6187139
0.121926,-0.7403178
0.121928,0.184309
0.12193,1.0627055
0.121932,1.8948698
0.121934,2.6345725
0.121936,3.23558
0.121938,3.6978936
0.12194,3.92905
0.121942,3.92905
0.121944,3.744125
0.121946,3.3742738
0.121948,2.7732663
0.12195,2.0797954
0.121952,1.2938623
0.121954,0.36923456
0.121956,-0.55539227
0.121958,-1.4337888
0.12196,-2.2197218
0.121962,-2.9131925
0.121964,-3.467969
0.121966,-3.7915885
0.121968,-3.976514
0.12197,-3.8840513
0.121972,-3.6066632
0.121974,-3.1443493
0.121976,-2.5433414
0.121978,-1.7574081
0.12198,-0.9252434
0.121982,-6.160736E-4
0.121984,0.92401123
0.121986,1.756176
0.121988,2.542109
0.12199,3.1431174
0.121992,3.6516623
0.121993996,3.8828197
0.121996,3.9752812
0.121998,3.7903562
0.122,3.4667363
0.122002,2.9119601
0.122004,2.2184901
0.122006,1.4325566
0.122008,0.5541601
0.12201,-0.3704667
0.122012,-1.2950945
0.122014,-2.081028
0.122016,-2.7744985
0.122018,-3.3755062
0.12202,-3.745357
0.122022,-3.9302826
0.122024,-3.9302826
0.122026,-3.6991258
0.122028,-3.236812
0.12203,-2.6358042
0.122032,-1.8961024
0.122034,-1.0639377
0.122036,-0.13931036
0.122038,0.7853174
0.122039996,1.6174817
0.122042,2.4034152
0.122044,3.050654
0.122046,3.5591989
0.122048,3.8828197
0.12205,3.9752812
0.122052,3.8365874
0.122054,3.5129685
0.122056,3.0044227
0.122058,2.357184
0.12206,1.5712504
0.122062,0.6928544
0.122064,-0.2317729
0.122066,-1.1101689
0.122068,-1.9423337
0.12207,-2.6820357
0.122072,-3.2830436
0.122074,-3.6991258
0.122076,-3.9302826
0.122078,-3.9302826
0.12208,-3.745357
0.122082,-3.329275
0.122084,-2.7744985
0.122085996,-2.0347965
0.122088,-1.202632
0.12209,-0.32423592
0.122092,0.60039186
0.122094,1.4787879
0.122096,2.2647214
0.122098,2.9581914
0.1221,3.4667363
0.122102,3.8365874
0.122104,3.9752812
0.122106,3.8828197
0.122108,3.605431
0.12211,3.0968862
0.122112,2.4496465
0.122114,1.7099442
0.122116,0.8315482
0.122117996,-0.046847343
0.12212,-0.9714751
0.122122,-1.8036394
0.122124,-2.5433414
0.122126,-3.1905808
0.122128,-3.6528945
0.12213,-3.8840513
0.122132,-3.9302826
0.122134,-3.7915885
0.122136,-3.4217377
0.122138,-2.866961
0.12214,-2.1734905
0.122142,-1.387557
0.122144,-0.46292973
0.122146,0.46169758
0.122148,1.3400936
0.12215,2.126027
0.122152,2.8657289
0.122154,3.420505
0.122156,3.7903562
0.122158,3.92905
0.12216,3.92905
0.122162,3.6516623
0.122163996,3.1893477
0.122166,2.5883412
0.122168,1.8486385
0.12217,1.0164738
0.122172,0.091846466
0.122174,-0.83278084
0.122176,-1.6649456
0.122178,-2.4508786
0.12218,-3.098118
0.122182,-3.5604317
0.122184,-3.8840513
0.122186,-3.976514
0.122188,-3.8378198
0.12219,-3.5142004
0.122192,-3.0056553
0.122194,-2.3121846
0.122196,-1.48002
0.122198,-0.6478553
0.1222,0.27677202
0.122202,1.2013993
0.122204,2.033564
0.122206,2.727035
0.122208,3.3280425
0.122209996,3.744125
0.122212,3.92905
0.122214,3.92905
0.122216,3.6978936
0.122218,3.2818112
0.12222,2.727035
0.122222,1.9873328
0.122224,1.1551685
0.122226,0.27677202
0.122228,-0.6478553
0.12223,-1.5262513
0.122232,-2.3121846
0.122234,-3.0056553
0.122236,-3.5142004
0.122238,-3.8378198
0.12224,-3.976514
0.122241996,-3.8840513
0.122244,-3.5604317
0.122246,-3.098118
0.122248,-2.4508786
0.12225,-1.6649456
0.122252,-0.78654957
0.122254,0.13807821
0.122256,1.0627055
0.122258,1.8948698
0.12226,2.6345725
0.122262,3.23558
0.122264,3.6516623
0.122266,3.92905
0.122268,3.92905
0.12227,3.744125
0.122272,3.3742738
0.122274,2.8194976
0.122276,2.126027
0.122278,0.091846466
0.12228,-0.32423592
0.122282,0.60039186
0.122284,1.4787879
0.122286,2.2647214
0.122287996,2.9581914
0.12229,3.5129685
0.122292,3.8365874
0.122294,4.0215135
0.122296,3.92905
0.122298,3.6978936
0.1223,3.23558
0.122302,2.5883412
0.122304,1.8024073
0.122306,0.970243
0.122308,0.091846466
0.12231,-0.83278084
0.122312,-1.6649456
0.122314,-2.4508786
0.122316,-3.098118
0.122318,-3.6066632
0.12232,-3.8840513
0.122322,-3.9302826
0.122324,-3.7915885
0.122326,-3.467969
0.122328,-2.9131925
0.12233,-2.2659533
0.122332,-1.48002
0.122333996,-0.55539227
0.122336,0.36923456
0.122338,1.2476311
0.12234,2.0797954
0.122342,2.7732663
0.122344,3.3742738
0.122346,3.744125
0.122348,3.92905
0.12235,3.92905
0.122352,3.6978936
0.122354,3.2818112
0.122356,2.6808028
0.122358,1.9411016
0.12236,1.1089368
0.122362,0.23054075
0.122364,-0.694087
0.122365996,-1.5724826
0.122368,-2.3584158
0.12237,-3.0056553
0.122372,-3.5142004
0.122374,-3.8378198
0.122376,-3.976514
0.122378,-3.8378198
0.12238,-3.5604317
0.122382,-3.0518866
0.122384,-2.4046474
0.122386,-1.5724826
0.122388,-0.7403178
0.12239,0.184309
0.122392,1.1089368
0.122394,1.9411016
0.122396,2.6808028
0.122398,3.2818112
0.1224,3.6978936
0.122402,3.92905
0.122404,3.92905
0.122406,3.744125
0.122408,3.3742738
0.12241,2.7732663
0.122411996,2.0797954
0.122414,1.2476311
0.122416,0.36923456
0.122418,-0.55539227
0.12242,-1.4337888
0.122422,-2.2197218
0.122424,-2.9131925
0.122426,-3.467969
0.122428,-3.7915885
0.12243,-3.976514
0.122432,-3.8840513
0.122434,-3.6066632
0.122436,-3.1443493
0.122438,-2.4971101
0.12244,-1.7574081
0.122442,-0.8790121
0.122444,0.045615196
0.122446,0.92401123
0.122448,1.8024073
0.12245,2.542109
0.122452,3.1893477
0.122454,3.6516623
0.122456,3.8828197
0.122457996,3.9752812
0.12246,3.7903562
0.122462,3.420505
0.122464,2.9119601
0.122466,2.2184901
0.122468,1.3863249
0.12247,0.50792885
0.122472,-0.41669846
0.122474,-1.2950945
0.122476,-2.081028
0.122478,-2.8207297
0.12248,-3.3755062
0.122482,-3.745357
0.122484,-3.9302826
0.122486,-3.9302826
0.122488,-3.6528945
0.122489996,-3.236812
0.122492,-2.6358042
0.122494,-1.8961024
0.122496,-1.0639377
0.122498,-0.13931036
0.1225,0.7853174
0.122502,1.6174817
0.122504,2.4034152
0.122506,3.0968862
0.122508,3.5591989
0.12251,3.8828197
0.122512,3.9752812
0.122514,3.8365874
0.122516,3.5129685
0.122518,3.0044227
0.12252,2.3109517
0.122522,1.5250192
0.122524,0.6928544
0.122526,-0.2317729
0.122528,-1.1564007
0.12253,-1.9423337
0.122532,-2.6820357
0.122534,-3.2830436
0.122535996,-3.6991258
0.122538,-3.9302826
0.12254,-3.9302826
0.122542,-3.745357
0.122544,-3.329275
0.122546,-2.7744985
0.122548,-2.0347965
0.12255,-1.202632
0.122552,-0.27800417
0.122554,0.64662313
0.122556,1.4787879
0.122558,2.3109517
0.12256,2.9581914
0.122562,3.5129685
0.122564,3.8365874
0.122566,3.9752812
0.122568,3.8828197
0.12257,3.605431
0.122572,3.0968862
0.122574,2.4496465
0.122576,1.6637135
0.122578,0.8315482
0.12258,-0.09307861
0.122581996,-0.9714751
0.122584,-1.8036394
0.122586,-2.589573
0.122588,-3.1905808
0.12259,-3.6528945
0.122592,-3.8840513
0.122594,-3.9302826
0.122596,-3.7915885
0.122598,-3.4217377
0.1226,-2.866961
0.122602,-2.1734905
0.122604,-1.3413262
0.122606,-0.46292973
0.122608,0.46169758
0.12261,1.3863249
0.122612,2.172258
0.122613996,2.8657289
0.122616,3.420505
0.122618,3.7903562
0.12262,3.92905
0.122622,3.8828197
0.122624,3.6516623
0.122626,3.1893477
0.122628,2.5883412
0.12263,1.8024073
0.122632,0.970243
0.122634,0.091846466
0.122636,-0.83278084
0.122638,-1.6649456
0.12264,-2.4508786
0.122642,-3.098118
0.122644,-3.6066632
0.122646,-3.8840513
0.122648,-3.976514
0.12265,-3.8378198
0.122652,-3.5142004
0.122654,-2.9594238
0.122656,-2.3121846
0.122658,-1.48002
0.122659996,-0.601624
0.122662,0.3230033
0.122664,1.2013993
0.122666,2.033564
0.122668,2.7732663
0.12267,3.3280425
0.122672,3.744125
0.122674,3.92905
0.122676,3.92905
0.122678,3.6978936
0.12268,3.2818112
0.122682,2.6808028
0.122684,1.9411016
0.122686,1.1551685
0.122688,0.23054075
0.12269,-0.694087
0.122692,-1.5262513
0.122694,-2.3121846
0.122696,-3.0056553
0.122698,-2.4046474
0.1227,1.2476311
0.122702,3.8828197
0.122704,3.8828197
0.122705996,3.605431
0.122708,3.0968862
0.12271,2.4034152
0.122712,1.6174817
0.122714,0.7853174
0.122716,-0.13931036
0.122718,-1.0177064
0.12272,-1.8498712
0.122722,-2.589573
0.122724,-3.236812
0.122726,-3.6528945
0.122728,-3.8840513
0.12273,-3.9302826
0.122732,-3.745357
0.122734,-3.3755062
0.122736,-2.8207297
0.122738,-2.081028
0.12274,-1.2950945
0.122742,-0.3704667
0.122744,0.5541601
0.122746,1.4325566
0.122748,2.2184901
0.12275,2.9119601
0.122752,3.4667363
0.122754,3.7903562
0.122756,3.9752812
0.122758,3.8828197
0.12276,3.6516623
0.122762,3.1431174
0.122764,2.542109
0.122766,1.756176
0.122768,0.92401123
0.12277,0.045615196
0.122772,-0.8790121
0.122774,-1.7111769
0.122776,-2.4971101
0.122778,-3.1443493
0.12278,-3.6066632
0.122782,-3.8840513
0.122783996,-3.9302826
0.122786,-3.7915885
0.122788,-3.467969
0.12279,-2.9131925
0.122792,-2.2197218
0.122794,-1.4337888
0.122796,-0.55539227
0.122798,0.36923456
0.1228,1.2938623
0.122802,2.0797954
0.122804,2.8194976
0.122806,3.3742738
0.122808,3.744125
0.12281,3.92905
0.122812,3.92905
0.122814,3.6978936
0.122816,3.2818112
0.122818,2.6345725
0.12282,1.8948698
0.122822,1.1089368
0.122824,0.184309
0.122826,-0.7403178
0.122828,-1.5724826
0.122829996,-2.3584158
0.122832,-3.0518866
0.122834,-3.5604317
0.122836,-3.8378198
0.122838,-3.976514
0.12284,-3.8378198
0.122842,-3.5142004
0.122844,-3.0518866
0.122846,-2.3584158
0.122848,-1.5724826
0.12285,-0.694087
0.122852,0.23054075
0.122854,1.1089368
0.122856,1.9411016
0.122858,2.6808028
0.12286,3.2818112
0.122862,3.6978936
0.122864,3.92905
0.122866,3.92905
0.122868,3.744125
0.12287,3.3280425
0.122872,2.7732663
0.122874,2.033564
0.122876,1.2476311
0.122878,0.3230033
0.12288,-0.601624
0.122882,-1.48002
0.122884,-2.2197218
0.122886,-2.9131925
0.122888,-3.467969
0.12289,-3.7915885
0.122892,-3.976514
0.122894,-3.8840513
0.122896,-3.6066632
0.122898,-3.1443493
0.1229,-2.4971101
0.122902,-1.7111769
0.122904,-0.8790121
0.122906,0.045615196
0.122907996,0.970243
0.12291,1.8024073
0.122912,2.542109
0.122914,3.1893477
0.122916,3.6516623
0.122918,3.8828197
0.12292,3.9752812
0.122922,3.7903562
0.122924,3.420505
0.122926,2.8657289
0.122928,2.172258
0.12293,1.3863249
0.122932,0.50792885
0.122934,-0.41669846
0.122936,-1.2950945
0.122938,-2.1272593
0.12294,-2.8207297
0.122942,-3.3755062
0.122944,-3.745357
0.122946,-3.9302826
0.122948,-3.9302826
0.12295,-3.6528945
0.122952,-3.236812
0.122953996,-2.6358042
0.122956,-1.8498712
0.122958,-1.0177064
0.12296,-0.09307861
0.122962,0.8315482
0.122964,1.6637135
0.122966,2.4496465
0.122968,3.0968862
0.12297,3.5591989
0.122972,3.8828197
0.122974,3.9752812
0.122976,3.8365874
0.122978,3.5129685
0.12298,3.0044227
0.122982,2.3109517
0.122984,1.5250192
0.122986,0.64662313
0.122988,-0.27800417
0.12299,-1.1564007
0.122992,-1.9885652
0.122994,-2.728267
0.122996,-3.2830436
0.122998,-3.6991258
0.123,-3.9302826
0.123002,-3.9302826
0.123004,-3.745357
0.123006,-3.329275
0.123008,-2.728267
0.12301,-1.9885652
0.123012,-1.1564007
0.123014,-0.27800417
0.123016,0.64662313
0.123018,1.5250192
0.12302,2.3109517
0.123022,3.0044227
0.123024,3.5129685
0.123026,3.8365874
0.123028,3.9752812
0.12303,3.8828197
0.123031996,3.5591989
0.123034,3.0968862
0.123036,2.4496465
0.123038,1.6637135
0.12304,0.8315482
0.123042,-0.09307861
0.123044,-1.0177064
0.123046,-1.8498712
0.123048,-2.589573
0.12305,-3.1905808
0.123052,-3.6528945
0.123054,-3.8840513
0.123056,-3.9302826
0.123058,-3.7915885
0.12306,-3.4217377
0.123062,-2.866961
0.123064,-2.1272593
0.123066,-1.3413262
0.123068,-0.41669846
0.12307,0.50792885
0.123072,1.3863249
0.123074,2.172258
0.123076,2.8657289
0.123077996,3.420505
0.12308,3.7903562
0.123082,3.92905
0.123084,3.8828197
0.123086,3.6516623
0.123088,3.1893477
0.12309,2.542109
0.123092,1.8024073
0.123094,0.970243
0.123096,0.045615196
0.123098,-0.83278084
0.1231,-1.7111769
0.123102,-2.4508786
0.123104,-3.098118
0.123106,-3.6066632
0.123108,-3.8840513
0.12311,-3.976514
0.123112,-3.8378198
0.123114,-3.467969
0.123116,-2.9594238
0.123118,-1.7111769
0.12312,1.1551685
0.123122,0.50792885
0.123124,-0.3704667
0.123126,-1.2950945
0.123128,-2.081028
0.12313,-2.8207297
0.123132,-3.3755062
0.123134,-3.7915885
0.123136,-3.976514
0.123138,-3.976514
0.12314,-3.745357
0.123142,-3.329275
0.123144,-2.728267
0.123146,-1.9885652
0.123148,-1.1564007
0.12315,-0.2317729
0.123152,0.6928544
0.123154,1.5250192
0.123155996,2.357184
0.123158,3.0044227
0.12316,3.5129685
0.123162,3.8365874
0.123164,3.92905
0.123166,3.8365874
0.123168,3.5591989
0.12317,3.050654
0.123172,2.4034152
0.123174,1.6174817
0.123176,0.7390857
0.123178,-0.18554163
0.12318,-1.0639377
0.123182,-1.8961024
0.123184,-2.6358042
0.123186,-3.236812
0.123188,-3.6991258
0.12319,-3.9302826
0.123192,-3.9302826
0.123194,-3.745357
0.123196,-3.3755062
0.123198,-2.8207297
0.1232,-2.081028
0.123201996,-1.2950945
0.123204,-0.3704667
0.123206,0.5541601
0.123208,1.4325566
0.12321,2.2184901
0.123212,2.9119601
0.123214,3.4667363
0.123216,3.7903562
0.123218,3.9752812
0.12322,3.8828197
0.123222,3.605431
0.123224,3.1431174
0.123226,2.4958777
0.123228,1.756176
0.12323,0.92401123
0.123232,-6.160736E-4
0.123234,-0.9252434
0.123236,-1.7574081
0.123238,-2.4971101
0.12324,-3.1443493
0.123242,-3.6066632
0.123244,-3.8840513
0.123246,-3.9302826
0.123247996,-3.7915885
0.12325,-3.467969
0.123252,-2.9131925
0.123254,-2.2197218
0.123256,-1.4337888
0.123258,-0.55539227
0.12326,0.36923456
0.123262,1.2938623
0.123264,2.0797954
0.123266,2.8194976
0.123268,3.3742738
0.12327,3.744125
0.123272,3.92905
0.123274,3.92905
0.123276,3.6978936
0.123278,3.23558
0.123279996,2.6345725
0.123282,1.8948698
0.123284,1.0627055
0.123286,0.184309
0.123288,-0.7403178
0.12329,-1.6187139
0.123292,-2.4046474
0.123294,-3.0518866
0.123296,-3.5604317
0.123298,-3.8378198
0.1233,-3.976514
0.123302,-3.8378198
0.123304,-3.5142004
0.123306,-3.0056553
0.123308,-2.3584158
0.12331,-1.5724826
0.123312,-0.694087
0.123314,0.23054075
0.123316,1.1551685
0.123318,1.9411016
0.12332,2.6808028
0.123322,3.2818112
0.123324,3.6978936
0.123325996,3.92905
0.123328,3.92905
0.12333,3.744125
0.123332,3.3280425
0.123334,2.7732663
0.123336,2.033564
0.123338,1.2013993
0.12334,0.3230033
0.123342,-0.601624
0.123344,-1.48002
0.123346,-2.2659533
0.123348,-2.9594238
0.12335,-3.467969
0.123352,-3.8378198
0.123354,-3.976514
0.123356,-3.8840513
0.123358,-3.6066632
0.12336,-3.1443493
0.123362,-2.4971101
0.123364,-1.7111769
0.123366,-0.83278084
0.123368,0.091846466
0.12337,0.970243
0.123371996,1.8024073
0.123374,2.5883412
0.123376,3.1893477
0.123378,3.6516623
0.12338,3.92905
0.123382,3.92905
0.123384,3.7903562
0.123386,3.420505
0.123388,2.8657289
0.12339,2.172258
0.123392,1.3863249
0.123394,0.46169758
0.123396,-0.41669846
0.123398,-1.3413262
0.1234,-2.1272593
0.123402,-2.8207297
0.123403996,-3.3755062
0.123406,-3.7915885
0.123408,-3.9302826
0.12341,-3.8840513
0.123412,-3.6528945
0.123414,-3.236812
0.123416,-2.589573
0.123418,-1.8498712
0.12342,-1.0177064
0.123422,-0.09307861
0.123424,0.8315482
0.123426,1.6637135
0.123428,2.4496465
0.12343,3.0968862
0.123432,3.605431
0.123434,3.8828197
0.123436,3.9752812
0.123438,3.8365874
0.12344,3.5129685
0.123442,2.9581914
0.123444,2.3109517
0.123446,1.4787879
0.123448,0.64662313
0.123449996,-0.27800417
0.123452,-1.1564007
0.123454,-1.9885652
0.123456,-2.728267
0.123458,-3.329275
0.12346,-3.6991258
0.123462,-3.9302826
0.123464,-3.9302826
0.123466,-3.6991258
0.123468,-3.329275
0.12347,-2.728267
0.123472,-1.9885652
0.123474,-1.1564007
0.123476,-0.2317729
0.123478,0.6928544
0.12348,1.5250192
0.123482,2.3109517
0.123484,3.0044227
0.123486,3.5129685
0.123488,3.8365874
0.12349,3.9752812
0.123492,3.8828197
0.123494,3.5591989
0.123495996,3.0968862
0.123498,2.4034152
0.1235,1.6637135
0.123502,0.7853174
0.123504,-0.13931036
0.123506,-1.0177064
0.123508,-1.8498712
0.12351,-2.589573
0.123512,-3.236812
0.123514,-3.6528945
0.123516,-3.9302826
0.123518,-3.9302826
0.12352,-3.745357
0.123522,-3.3755062
0.123524,-2.8207297
0.123526,-2.1272593
0.123527996,-1.2950945
0.12353,-0.41669846
0.123532,0.50792885
0.123534,1.3863249
0.123536,2.2184901
0.123538,2.3109517
0.12354,-1.1101689
0.123542,-3.6991258
0.123544,-3.976514
0.123546,-3.9302826
0.123548,-3.6528945
0.12355,-3.1905808
0.123552,-2.589573
0.123554,-1.8036394
0.123556,-0.9714751
0.123558,-0.046847343
0.12356,0.87777996
0.123562,1.7099442
0.123564,2.4958777
0.123566,3.1431174
0.123568,3.605431
0.12357,3.8828197
0.123572,3.92905
0.123573996,3.7903562
0.123576,3.4667363
0.123578,2.9119601
0.12358,2.2184901
0.123582,1.4325566
0.123584,0.5541601
0.123586,-0.3704667
0.123588,-1.2488632
0.12359,-2.0347965
0.123592,-2.7744985
0.123594,-3.3755062
0.123596,-3.745357
0.123598,-3.9302826
0.1236,-3.9302826
0.123602,-3.6991258
0.123604,-3.2830436
0.123606,-2.6820357
0.123608,-1.9423337
0.12361,-1.1101689
0.123612,-0.18554163
0.123614,0.7390857
0.123616,1.5712504
0.123618,2.357184
0.123619996,3.050654
0.123622,3.5591989
0.123624,3.8365874
0.123626,3.9752812
0.123628,3.8365874
0.12363,3.5591989
0.123632,3.050654
0.123634,2.357184
0.123636,1.5712504
0.123638,0.7390857
0.12364,-0.18554163
0.123642,-1.1101689
0.123644,-1.8961024
0.123646,-2.6358042
0.123648,-3.236812
0.12365,-3.6991258
0.123651996,-3.9302826
0.123654,-3.9302826
0.123656,-3.745357
0.123658,-3.3755062
0.12366,-2.7744985
0.123662,-2.081028
0.123664,-1.2488632
0.123666,-0.3704667
0.123668,0.5541601
0.12367,1.4787879
0.123672,2.2647214
0.123674,2.9581914
0.123676,3.4667363
0.123678,3.8365874
0.12368,3.9752812
0.123682,3.8828197
0.123684,3.605431
0.123686,3.1431174
0.123688,2.4958777
0.12369,1.7099442
0.123692,0.87777996
0.123694,-0.046847343
0.123696,-0.9252434
0.123697996,-1.7574081
0.1237,-2.5433414
0.123702,-3.1443493
0.123704,-3.6528945
0.123706,-3.8840513
0.123708,-3.9302826
0.12371,-3.7915885
0.123712,-3.4217377
0.123714,-2.9131925
0.123716,-2.2197218
0.123718,-1.387557
0.12372,-0.5091615
0.123722,0.4154663
0.123724,1.2938623
0.123726,2.126027
0.123728,2.8194976
0.12373,3.3742738
0.123732,3.7903562
0.123734,3.92905
0.123736,3.92905
0.123738,3.6516623
0.12374,3.23558
0.123742,2.6345725
0.123743996,1.8486385
0.123746,1.0627055
0.123748,0.13807821
0.12375,-0.78654957
0.123752,-1.6187139
0.123754,-2.4046474
0.123756,-3.0518866
0.123758,-3.5604317
0.12376,-3.8840513
0.123762,-3.976514
0.123764,-3.8378198
0.123766,-3.5142004
0.123768,-3.0056553
0.12377,-2.3584158
0.123772,-1.5262513
0.123774,-0.6478553
0.123775996,0.27677202
0.123778,1.1551685
0.12378,1.9873328
0.123782,2.727035
0.123784,3.3280425
0.123786,3.6978936
0.123788,3.92905
0.12379,3.92905
0.123792,3.744125
0.123794,3.3280425
0.123796,2.727035
0.123798,1.9873328
0.1238,1.2013993
0.123802,0.27677202
0.123804,-0.601624
0.123806,-1.48002
0.123808,-2.2659533
0.12381,-2.9594238
0.123812,-3.467969
0.123814,-3.8378198
0.123816,-3.976514
0.123818,-3.8840513
0.12382,-3.6066632
0.123821996,-3.098118
0.123824,-2.4508786
0.123826,-1.6649456
0.123828,-0.83278084
0.12383,0.091846466
0.123832,1.0164738
0.123834,1.8486385
0.123836,2.5883412
0.123838,3.23558
0.12384,3.6516623
0.123842,3.92905
0.123844,3.92905
0.123846,3.7903562
0.123848,3.420505
0.12385,2.8657289
0.123852,2.126027
0.123854,1.3400936
0.123856,0.46169758
0.123858,-0.46292973
0.12386,-1.3413262
0.123862,-2.1272593
0.123864,-2.866961
0.123866,-3.4217377
0.123867996,-3.7915885
0.12387,-3.9302826
0.123872,-3.8840513
0.123874,-3.6528945
0.123876,-3.1905808
0.123878,-2.589573
0.12388,-1.8036394
0.123882,-0.9714751
0.123884,-0.046847343
0.123886,0.8315482
0.123888,1.7099442
0.12389,2.4496465
0.123892,3.0968862
0.123894,3.605431
0.123896,3.8828197
0.123898,3.9752812
0.1239,3.8365874
0.123902,3.4667363
0.123904,2.9581914
0.123906,2.2647214
0.123908,1.4787879
0.12391,0.60039186
0.123912,-0.32423592
0.123914,-1.202632
0.123916,-1.9885652
0.123918,-2.728267
0.12392,-3.329275
0.123922,-3.745357
0.123924,-3.9302826
0.123926,-3.9302826
0.123928,-3.6991258
0.12393,-3.2830436
0.123932,-2.6820357
0.123934,-1.9885652
0.123936,-1.1564007
0.123938,-0.2317729
0.12394,0.6928544
0.123942,1.5712504
0.123944,2.357184
0.123945996,3.0044227
0.123948,3.5129685
0.12395,3.8365874
0.123952,3.9752812
0.123954,3.8828197
0.123956,3.5591989
0.123958,2.8657289
0.12396,-0.5091615
0.123962,-1.5262513
0.123964,-0.694087
0.123966,0.23054075
0.123968,1.1089368
0.12397,1.9411016
0.123972,2.6808028
0.123974,3.2818112
0.123976,3.6978936
0.123978,3.92905
0.12398,3.9752812
0.123982,3.7903562
0.123984,3.420505
0.123986,2.8194976
0.123988,2.126027
0.12399,1.2938623
0.123991996,0.4154663
0.123994,-0.5091615
0.123996,-1.387557
0.123998,-2.1734905
0.124,-2.866961
0.124002,-3.4217377
0.124004,-3.7915885
0.124006,-3.9302826
0.124008,-3.8840513
0.12401,-3.6066632
0.124012,-3.1443493
0.124014,-2.5433414
0.124016,-1.7574081
0.124018,-0.9252434
0.12402,-6.160736E-4
0.124022,0.92401123
0.124024,1.756176
0.124026,2.4958777
0.124028,3.1431174
0.12403,3.605431
0.124032,3.8828197
0.124034,3.9752812
0.124036,3.7903562
0.124038,3.4667363
0.12404,2.9119601
0.124042,2.2184901
0.124044,1.4325566
0.124046,0.5541601
0.124048,-0.3704667
0.12405,-1.2488632
0.124052,-2.0347965
0.124054,-2.7744985
0.124056,-3.3755062
0.124058,-3.745357
0.12406,-3.9302826
0.124062,-3.9302826
0.124064,-3.6991258
0.124066,-3.2830436
0.124068,-2.6820357
0.124069996,-1.8961024
0.124072,-1.0639377
0.124074,-0.18554163
0.124076,0.7390857
0.124078,1.6174817
0.12408,2.4034152
0.124082,3.050654
0.124084,3.5591989
0.124086,3.8365874
0.124088,3.9752812
0.12409,3.8365874
0.124092,3.5129685
0.124094,3.0044227
0.124096,2.357184
0.124098,1.5712504
0.1241,0.6928544
0.124102,-0.18554163
0.124104,-1.1101689
0.124106,-1.8961024
0.124108,-2.6820357
0.12411,-3.2830436
0.124112,-3.6991258
0.124114,-3.9302826
0.124115996,-3.9302826
0.124118,-3.745357
0.12412,-3.329275
0.124122,-2.7744985
0.124124,-2.0347965
0.124126,-1.2488632
0.124128,-0.32423592
0.12413,0.60039186
0.124132,1.4787879
0.124134,2.2647214
0.124136,2.9581914
0.124138,3.4667363
0.12414,3.8365874
0.124142,3.9752812
0.124144,3.8828197
0.124146,3.605431
0.124148,3.1431174
0.12415,2.4958777
0.124152,1.7099442
0.124154,0.87777996
0.124156,-0.046847343
0.124158,-0.9252434
0.12416,-1.7574081
0.124162,-2.5433414
0.124164,-3.1905808
0.124166,-3.6528945
0.124168,-3.8840513
0.12417,-3.9302826
0.124172,-3.7915885
0.124174,-3.4217377
0.124176,-2.9131925
0.124178,-2.1734905
0.12418,-1.387557
0.124182,-0.5091615
0.124184,0.4154663
0.124186,1.3400936
0.124188,2.126027
0.12419,2.8194976
0.124192,3.420505
0.124193996,3.7903562
0.124196,3.92905
0.124198,3.92905
0.1242,3.6516623
0.124202,3.23558
0.124204,2.5883412
0.124206,1.8486385
0.124208,1.0164738
0.12421,0.13807821
0.124212,-0.78654957
0.124214,-1.6187139
0.124216,-2.4046474
0.124218,-3.098118
0.12422,-3.5604317
0.124222,-3.8840513
0.124224,-3.976514
0.124226,-3.8378198
0.124228,-3.5142004
0.12423,-3.0056553
0.124232,-2.3121846
0.124234,-1.5262513
0.124236,-0.6478553
0.124238,0.27677202
0.124239996,1.1551685
0.124242,1.9873328
0.124244,2.727035
0.124246,3.3280425
0.124248,3.744125
0.12425,3.92905
0.124252,3.92905
0.124254,3.744125
0.124256,3.3280425
0.124258,2.727035
0.12426,1.9873328
0.124262,1.2013993
0.124264,0.27677202
0.124266,-0.6478553
0.124268,-1.48002
0.12427,-2.2659533
0.124272,-2.9594238
0.124274,-3.5142004
0.124276,-3.8378198
0.124278,-3.976514
0.12428,-3.8840513
0.124282,-3.5604317
0.124284,-3.098118
0.124286,-2.4508786
0.124288,-1.6649456
0.12429,-0.78654957
0.124292,0.091846466
0.124294,1.0164738
0.124296,1.8486385
0.124298,2.5883412
0.1243,3.23558
0.124302,3.6516623
0.124304,3.92905
0.124306,3.92905
0.124308,3.7903562
0.12431,3.3742738
0.124312,2.8194976
0.124314,2.126027
0.124316,1.3400936
0.124317996,0.46169758
0.12432,-0.46292973
0.124322,-1.387557
0.124324,-2.1734905
0.124326,-2.866961
0.124328,-3.4217377
0.12433,-3.7915885
0.124332,-3.9302826
0.124334,-3.8840513
0.124336,-3.6528945
0.124338,-3.1905808
0.12434,-2.589573
0.124342,-1.8036394
0.124344,-0.9714751
0.124346,-0.046847343
0.124348,0.87777996
0.12435,1.7099442
0.124352,2.4958777
0.124354,3.1431174
0.124356,3.605431
0.124358,3.8828197
0.12436,3.9752812
0.124362,3.8365874
0.124363996,3.4667363
0.124366,2.9581914
0.124368,2.2647214
0.12437,1.4787879
0.124372,0.60039186
0.124374,-0.32423592
0.124376,-1.202632
0.124378,-1.9423337
0.12438,1.4787879
0.124382,3.3742738
0.124384,3.7903562
0.124386,3.9752812
0.124388,3.9752812
0.12439,3.744125
0.124392,3.3280425
0.124394,2.727035
0.124396,1.9873328
0.124398,1.1551685
0.1244,0.23054075
0.124402,-0.694087
0.124404,-1.5262513
0.124406,-2.3121846
0.124408,-3.0056553
0.124409996,-3.5142004
0.124412,-3.8378198
0.124414,-3.9302826
0.124416,-3.8378198
0.124418,-3.5604317
0.12442,-3.0518866
0.124422,-2.4046474
0.124424,-1.5724826
0.124426,-0.7403178
0.124428,0.184309
0.12443,1.1089368
0.124432,1.9411016
0.124434,2.6808028
0.124436,3.2818112
0.124438,3.6978936
0.12444,3.92905
0.124441996,3.92905
0.124444,3.744125
0.124446,3.3742738
0.124448,2.8194976
0.12445,2.0797954
0.124452,1.2938623
0.124454,0.36923456
0.124456,-0.55539227
0.124458,-1.4337888
0.12446,-2.2197218
0.124462,-2.9131925
0.124464,-3.467969
0.124466,-3.7915885
0.124468,-3.9302826
0.12447,-3.8840513
0.124472,-3.6066632
0.124474,-3.1443493
0.124476,-2.5433414
0.124478,-1.7574081
0.12448,-0.8790121
0.124482,-6.160736E-4
0.124484,0.92401123
0.124486,1.756176
0.124487996,2.542109
0.12449,3.1893477
0.124492,3.6516623
0.124494,3.8828197
0.124496,3.9752812
0.124498,3.7903562
0.1245,3.4667363
0.124502,2.9119601
0.124504,2.2184901
0.124506,1.4325566
0.124508,0.5541601
0.12451,-0.3704667
0.124512,-1.2950945
0.124514,-2.081028
0.124516,-2.7744985
0.124518,-3.3755062
0.12452,-3.745357
0.124522,-3.9302826
0.124524,-3.9302826
0.124526,-3.6991258
0.124528,-3.236812
0.12453,-2.6358042
0.124532,-1.8961024
0.124533996,-1.0639377
0.124536,-0.13931036
0.124538,0.7853174
0.12454,1.6174817
0.124542,2.4034152
0.124544,3.050654
0.124546,3.5591989
0.124548,3.8828197
0.12455,3.9752812
0.124552,3.8365874
0.124554,3.5129685
0.124556,3.0044227
0.124558,2.357184
0.12456,1.5250192
0.124562,0.6928544
0.124564,-0.2317729
0.124565996,-1.1101689
0.124568,-1.9423337
0.12457,-2.6820357
0.124572,-3.2830436
0.124574,-3.6991258
0.124576,-3.9302826
0.124578,-3.9302826
0.12458,-3.745357
0.124582,-3.329275
0.124584,-2.7744985
0.124586,-2.0347965
0.124588,-1.202632
0.12459,-0.32423592
0.124592,0.60039186
0.124594,1.4787879
0.124596,2.2647214
0.124598,2.9581914
0.1246,3.5129685
0.124602,3.8365874
0.124604,3.9752812
0.124606,3.8828197
0.124608,3.605431
0.12461,3.0968862
0.124611996,2.4496465
0.124614,1.7099442
0.124616,0.8315482
0.124618,-0.046847343
0.12462,-0.9714751
0.124622,-1.8036394
0.124624,-2.5433414
0.124626,-3.1905808
0.124628,-3.6528945
0.12463,-3.8840513
0.124632,-3.9302826
0.124634,-3.7915885
0.124636,-3.4217377
0.124638,-2.866961
0.12464,-2.1734905
0.124642,-1.387557
0.124644,-0.46292973
0.124646,0.46169758
0.124648,1.3400936
0.12465,2.172258
0.124652,2.8657289
0.124654,3.420505
0.124656,3.7903562
0.124657996,3.92905
0.12466,3.92905
0.124662,3.6516623
0.124664,3.1893477
0.124666,2.5883412
0.124668,1.8486385
0.12467,1.0164738
0.124672,0.091846466
0.124674,-0.83278084
0.124676,-1.6649456
0.124678,-2.4508786
0.12468,-3.098118
0.124682,-3.5604317
0.124684,-3.8840513
0.124686,-3.976514
0.124688,-3.8378198
0.124689996,-3.5142004
0.124692,-2.9594238
0.124694,-2.3121846
0.124696,-1.48002
0.124698,-0.6478553
0.1247,0.27677202
0.124702,1.2013993
0.124704,2.033564
0.124706,2.727035
0.124708,3.3280425
0.12471,3.744125
0.124712,3.92905
0.124714,3.92905
0.124716,3.6978936
0.124718,3.2818112
0.12472,2.727035
0.124722,1.9873328
0.124724,1.1551685
0.124726,0.27677202
0.124728,-0.6478553
0.12473,-1.5262513
0.124732,-2.3121846
0.124734,-3.0056553
0.124735996,-3.5142004
0.124738,-3.8378198
0.12474,-3.976514
0.124742,-3.8840513
0.124744,-3.5604317
0.124746,-3.098118
0.124748,-2.4508786
0.12475,-1.6187139
0.124752,-0.78654957
0.124754,0.13807821
0.124756,1.0627055
0.124758,1.8948698
0.12476,2.6345725
0.124762,3.23558
0.124764,3.6978936
0.124766,3.92905
0.124768,3.92905
0.12477,3.744125
0.124772,3.3742738
0.124774,2.8194976
0.124776,2.126027
0.124778,1.2938623
0.12478,0.4154663
0.124781996,-0.5091615
0.124784,-1.387557
0.124786,-2.1734905
0.124788,-2.866961
0.12479,-3.4217377
0.124792,-3.7915885
0.124794,-3.9302826
0.124796,-3.8840513
0.124798,-3.7915885
0.1248,-0.55539227
0.124802,2.3109517
0.124804,1.756176
0.124806,0.92401123
0.124808,-6.160736E-4
0.12481,-0.9252434
0.124812,-1.7574081
0.124813996,-2.4971101
0.124816,-3.1443493
0.124818,-3.6528945
0.12482,-3.8840513
0.124822,-3.976514
0.124824,-3.8378198
0.124826,-3.467969
0.124828,-2.9594238
0.12483,-2.2659533
0.124832,-1.48002
0.124834,-0.601624
0.124836,0.3230033
0.124838,1.2476311
0.12484,2.033564
0.124842,2.7732663
0.124844,3.3742738
0.124846,3.744125
0.124848,3.92905
0.12485,3.92905
0.124852,3.6978936
0.124854,3.2818112
0.124856,2.6808028
0.124858,1.9411016
0.124859996,1.1089368
0.124862,0.184309
0.124864,-0.7403178
0.124866,-1.5724826
0.124868,-2.3584158
0.12487,-3.0056553
0.124872,-3.5142004
0.124874,-3.8378198
0.124876,-3.976514
0.124878,-3.8378198
0.12488,-3.5604317
0.124882,-3.0518866
0.124884,-2.4046474
0.124886,-1.5724826
0.124888,-0.7403178
0.12489,0.184309
0.124892,1.1089368
0.124894,1.9411016
0.124896,2.6808028
0.124898,3.2818112
0.1249,3.6978936
0.124902,3.92905
0.124904,3.92905
0.124905996,3.744125
0.124908,3.3742738
0.12491,2.7732663
0.124912,2.0797954
0.124914,1.2476311
0.124916,0.36923456
0.124918,-0.55539227
0.12492,-1.4337888
0.124922,-2.2197218
0.124924,-2.9131925
0.124926,-3.467969
0.124928,-3.7915885
0.12493,-3.9302826
0.124932,-3.8840513
0.124934,-3.6066632
0.124936,-3.1443493
0.124937996,-2.4971101
0.12494,-1.7111769
0.124942,-0.8790121
0.124944,0.045615196
0.124946,0.970243
0.124948,1.8024073
0.12495,2.542109
0.124952,3.1893477
0.124954,3.6516623
0.124956,3.8828197
0.124958,3.9752812
0.12496,3.7903562
0.124962,3.420505
0.124964,2.9119601
0.124966,2.2184901
0.124968,1.3863249
0.12497,0.50792885
0.124972,-0.41669846
0.124974,-1.2950945
0.124976,-2.081028
0.124978,-2.8207297
0.12498,-3.3755062
0.124982,-3.745357
0.124983996,-3.9302826
0.124986,-3.9302826
0.124988,-3.6528945
0.12499,-3.236812
0.124992,-2.6358042
0.124994,-1.8961024
0.124996,-1.0177064
0.124998,-0.13931036
0.125,0.7853174
0.125002,1.6637135
0.125004,2.4034152
0.125006,3.0968862
0.125008,3.5591989
0.12501,3.8828197
0.125012,3.9752812
0.125014,3.8365874
0.125016,3.5129685
0.125018,3.0044227
0.12502,2.3109517
0.125022,1.5250192
0.125024,0.6928544
0.125026,-0.2317729
0.125028,-1.1564007
0.12503,-1.9423337
0.125032,-2.6820357
0.125034,-3.2830436
0.125036,-3.6991258
0.125038,-3.9302826
0.12504,-3.9302826
0.125042,-3.745357
0.125044,-3.329275
0.125046,-2.728267
0.125048,-2.0347965
0.12505,-1.202632
0.125052,-0.27800417
0.125054,0.64662313
0.125056,1.4787879
0.125058,2.3109517
0.12506,2.9581914
0.125062,3.5129685
0.125064,3.8365874
0.125066,3.9752812
0.125068,3.8828197
0.12507,3.605431
0.125072,3.0968862
0.125074,2.4496465
0.125076,1.6637135
0.125078,0.8315482
0.12508,-0.09307861
0.125082,-0.9714751
0.125084,-1.8036394
0.125086,-2.589573
0.125088,-3.1905808
0.12509,-3.6528945
0.125092,-3.8840513
0.125094,-3.9302826
0.125096,-3.7915885
0.125098,-3.4217377
0.1251,-2.866961
0.125102,-2.1734905
0.125104,-1.3413262
0.125106,-0.46292973
0.125108,0.46169758
0.12511,1.3863249
0.125112,2.172258
0.125114,2.8657289
0.125116,3.420505
0.125118,3.7903562
0.12512,3.92905
0.125122,3.8828197
0.125124,3.6516623
0.125126,3.1893477
0.125128,2.5883412
0.12513,1.8024073
0.125132,0.970243
0.125134,0.091846466
0.125136,-0.83278084
0.125138,-1.6649456
0.12514,-2.4508786
0.125142,-3.098118
0.125144,-3.6066632
0.125146,-3.8840513
0.125148,-3.976514
0.12515,-3.8378198
0.125152,-3.467969
0.125154,-2.9594238
0.125156,-2.2659533
0.125158,-1.48002
0.12516,-0.601624
0.125162,0.3230033
0.125164,1.2013993
0.125166,2.033564
0.125168,2.7732663
0.12516999,3.3280425
0.125172,3.744125
0.125174,3.92905
0.125176,3.92905
0.125178,3.6978936
0.12518,3.2818112
0.125182,2.6808028
0.125184,1.9411016
0.125186,1.1551685
0.125188,0.23054075
0.12519,-0.694087
0.125192,-1.5262513
0.125194,-2.3121846
0.125196,-3.0056553
0.125198,-3.5142004
0.1252,-3.8378198
0.125202,-3.976514
0.125204,-3.8378198
0.125206,-3.5604317
0.125208,-3.0518866
0.12521,-2.4046474
0.125212,-1.6187139
0.125214,-0.78654957
0.12521599,0.13807821
0.125218,1.0627055
0.12522,-1.5724826
0.125222,-2.6820357
0.125224,-3.2830436
0.125226,-3.745357
0.125228,-3.976514
0.12523,-3.976514
0.125232,-3.7915885
0.125234,-3.4217377
0.125236,-2.866961
0.125238,-2.1272593
0.12524,-1.3413262
0.125242,-0.41669846
0.125244,0.50792885
0.125246,1.3863249
0.125248,2.172258
0.12525,2.9119601
0.125252,3.420505
0.125254,3.7903562
0.125256,3.92905
0.125258,3.8828197
0.12526,3.605431
0.125262,3.1431174
0.125264,2.4958777
0.125266,1.756176
0.125268,0.92401123
0.12527,-6.160736E-4
0.125272,-0.9252434
0.125274,-1.7574081
0.125276,-2.4971101
0.125278,-3.1443493
0.12528,-3.6066632
0.125282,-3.8840513
0.125284,-3.976514
0.125286,-3.7915885
0.125288,-3.467969
0.12529,-2.9131925
0.125292,-2.2197218
0.125294,-1.4337888
0.125296,-0.55539227
0.125298,0.36923456
0.1253,1.2938623
0.125302,2.0797954
0.125304,2.8194976
0.125306,3.3742738
0.125308,3.744125
0.12531,3.92905
0.125312,3.92905
0.125314,3.6978936
0.125316,3.23558
0.125318,2.6345725
0.12532,1.8948698
0.125322,1.0627055
0.125324,0.184309
0.125326,-0.7403178
0.125328,-1.5724826
0.12533,-2.3584158
0.125332,-3.0518866
0.125334,-3.5604317
0.125336,-3.8378198
0.125338,-3.976514
0.12534,-3.8378198
0.125342,-3.5142004
0.125344,-3.0518866
0.125346,-2.3584158
0.125348,-1.5724826
0.12535,-0.694087
0.125352,0.23054075
0.125354,1.1089368
0.125356,1.9411016
0.125358,2.6808028
0.12536,3.2818112
0.125362,3.6978936
0.125364,3.92905
0.125366,3.92905
0.125368,3.744125
0.12537,3.3280425
0.125372,2.7732663
0.125374,2.033564
0.125376,1.2476311
0.125378,0.3230033
0.12538,-0.601624
0.125382,-1.48002
0.125384,-2.2197218
0.125386,-2.9131925
0.125388,-3.467969
0.12539,-3.7915885
0.125392,-3.976514
0.125394,-3.8840513
0.125396,-3.6066632
0.125398,-3.1443493
0.1254,-2.4971101
0.125402,-1.7111769
0.125404,-0.8790121
0.125406,0.045615196
0.125408,0.970243
0.12541,1.8024073
0.125412,2.542109
0.125414,3.1893477
0.125416,3.6516623
0.12541799,3.8828197
0.12542,3.9752812
0.125422,3.7903562
0.125424,3.420505
0.125426,2.8657289
0.125428,2.172258
0.12543,1.3863249
0.125432,0.50792885
0.125434,-0.41669846
0.125436,-1.2950945
0.125438,-2.1272593
0.12544,-2.8207297
0.125442,-3.3755062
0.125444,-3.7915885
0.125446,-3.9302826
0.125448,-3.9302826
0.12545,-3.6528945
0.125452,-3.236812
0.125454,-2.6358042
0.125456,-1.8498712
0.125458,-1.0177064
0.12546,-0.09307861
0.125462,0.8315482
0.12546399,1.6637135
0.125466,2.4496465
0.125468,3.0968862
0.12547,3.605431
0.125472,3.8828197
0.125474,3.9752812
0.125476,3.8365874
0.125478,3.5129685
0.12548,3.0044227
0.125482,2.3109517
0.125484,1.5250192
0.125486,0.64662313
0.125488,-0.27800417
0.12549,-1.1564007
0.125492,-1.9885652
0.125494,-2.728267
0.125496,-3.329275
0.125498,-3.6991258
0.1255,-3.9302826
0.125502,-3.9302826
0.125504,-3.6991258
0.125506,-3.329275
0.125508,-2.728267
0.12550999,-1.9885652
0.125512,-1.1564007
0.125514,-0.27800417
0.125516,0.64662313
0.125518,1.5250192
0.12552,2.3109517
0.125522,3.0044227
0.125524,3.5129685
0.125526,3.8365874
0.125528,3.9752812
0.12553,3.8828197
0.125532,3.5591989
0.125534,3.0968862
0.125536,2.4496465
0.125538,1.6637135
0.12554,0.7853174
0.125542,-0.09307861
0.125544,-1.0177064
0.125546,-1.8498712
0.125548,-2.589573
0.12555,-3.1905808
0.125552,-3.6528945
0.125554,-3.8840513
0.125556,-3.9302826
0.125558,-3.7915885
0.12556,-3.4217377
0.125562,-2.866961
0.125564,-2.1272593
0.125566,-1.3413262
0.125568,-0.41669846
0.12557,0.50792885
0.125572,1.3863249
0.125574,2.172258
0.125576,2.8657289
0.125578,3.420505
0.12558,3.7903562
0.125582,3.9752812
0.125584,3.8828197
0.125586,3.6516623
0.125588,3.1893477
0.12559,2.542109
0.125592,1.8024073
0.125594,0.970243
0.125596,0.045615196
0.125598,-0.8790121
0.1256,-1.7111769
0.125602,-2.4508786
0.125604,-3.098118
0.125606,-3.6066632
0.125608,-3.8840513
0.12561,-3.976514
0.125612,-3.8378198
0.125614,-3.467969
0.125616,-2.9594238
0.125618,-2.2659533
0.12562,-1.48002
0.125622,-0.601624
0.125624,0.3230033
0.125626,1.2476311
0.125628,2.033564
0.12563,2.7732663
0.125632,3.3742738
0.125634,3.744125
0.125636,3.92905
0.125638,3.92905
0.12564,1.1551685
0.125642,-2.1272593
0.125644,-2.6358042
0.125646,-1.9423337
0.125648,-1.1101689
0.12565,-0.18554163
0.125652,0.7390857
0.125654,1.5712504
0.125656,2.357184
0.125658,3.050654
0.12566,3.5591989
0.125662,3.8828197
0.125664,3.9752812
0.12566599,3.8828197
0.125668,3.5591989
0.12567,3.050654
0.125672,2.4034152
0.125674,1.6174817
0.125676,0.7390857
0.125678,-0.13931036
0.12568,-1.0639377
0.125682,-1.8961024
0.125684,-2.6358042
0.125686,-3.236812
0.125688,-3.6991258
0.12569,-3.9302826
0.125692,-3.9302826
0.125694,-3.745357
0.125696,-3.3755062
0.125698,-2.8207297
0.1257,-2.081028
0.125702,-1.2950945
0.125704,-0.3704667
0.125706,0.5541601
0.125708,1.4325566
0.12571,2.2184901
0.12571199,2.9119601
0.125714,3.4667363
0.125716,3.7903562
0.125718,3.9752812
0.12572,3.8828197
0.125722,3.605431
0.125724,3.1431174
0.125726,2.4958777
0.125728,1.756176
0.12573,0.92401123
0.125732,-6.160736E-4
0.125734,-0.9252434
0.125736,-1.7574081
0.125738,-2.4971101
0.12574,-3.1443493
0.125742,-3.6066632
0.125744,-3.8840513
0.125746,-3.9302826
0.125748,-3.7915885
0.12575,-3.467969
0.125752,-2.9131925
0.125754,-2.2197218
0.125756,-1.4337888
0.12575799,-0.5091615
0.12576,0.4154663
0.125762,1.2938623
0.125764,2.0797954
0.125766,2.8194976
0.125768,3.3742738
0.12577,3.744125
0.125772,3.92905
0.125774,3.92905
0.125776,3.6978936
0.125778,3.23558
0.12578,2.6345725
0.125782,1.8948698
0.125784,1.0627055
0.125786,0.13807821
0.125788,-0.7403178
0.12579,-1.6187139
0.125792,-2.4046474
0.125794,-3.0518866
0.125796,-3.5604317
0.125798,-3.8378198
0.1258,-3.976514
0.125802,-3.8378198
0.125804,-3.5142004
0.125806,-3.0056553
0.125808,-2.3584158
0.12581,-1.5724826
0.125812,-0.694087
0.125814,0.23054075
0.125816,1.1551685
0.125818,1.9411016
0.12582,2.6808028
0.125822,3.2818112
0.125824,3.6978936
0.125826,3.92905
0.125828,3.92905
0.12583,3.744125
0.125832,3.3280425
0.125834,2.7732663
0.125836,2.033564
0.125838,1.2013993
0.12584,0.3230033
0.125842,-0.601624
0.125844,-1.48002
0.125846,-2.2659533
0.125848,-2.9594238
0.12585,-3.467969
0.125852,-3.8378198
0.125854,-3.976514
0.125856,-3.8840513
0.125858,-3.6066632
0.12586,-3.1443493
0.125862,-2.4971101
0.125864,-1.7111769
0.125866,-0.83278084
0.125868,0.091846466
0.12587,0.970243
0.125872,1.8024073
0.125874,2.5883412
0.125876,3.1893477
0.125878,3.6516623
0.12588,3.8828197
0.125882,3.92905
0.125884,3.7903562
0.125886,3.420505
0.125888,2.8657289
0.12589,2.172258
0.125892,1.3863249
0.125894,0.46169758
0.125896,-0.46292973
0.125898,-1.3413262
0.1259,-2.1272593
0.125902,-2.8207297
0.125904,-3.4217377
0.125906,-3.7915885
0.125908,-3.9302826
0.12591,-3.8840513
0.125912,-3.6528945
0.12591399,-3.236812
0.125916,-2.589573
0.125918,-1.8498712
0.12592,-1.0177064
0.125922,-0.09307861
0.125924,0.8315482
0.125926,1.6637135
0.125928,2.4496465
0.12593,3.0968862
0.125932,3.605431
0.125934,3.8828197
0.125936,3.9752812
0.125938,3.8365874
0.12594,3.5129685
0.125942,2.9581914
0.125944,2.3109517
0.125946,1.4787879
0.125948,0.64662313
0.12595,-0.27800417
0.125952,-1.202632
0.125954,-1.9885652
0.125956,-2.728267
0.125958,-3.329275
0.12595999,-3.745357
0.125962,-3.9302826
0.125964,-3.9302826
0.125966,-3.6991258
0.125968,-3.2830436
0.12597,-2.728267
0.125972,-1.9885652
0.125974,-1.1564007
0.125976,-0.2317729
0.125978,0.6928544
0.12598,1.5250192
0.125982,2.3109517
0.125984,3.0044227
0.125986,3.5129685
0.125988,3.8365874
0.12599,3.9752812
0.125992,3.8828197
0.125994,3.5591989
0.125996,3.050654
0.125998,2.4034152
0.126,1.6174817
0.126002,0.7853174
0.126004,-0.13931036
0.12600599,-1.0177064
0.126008,-1.8498712
0.12601,-2.589573
0.126012,-3.236812
0.126014,-3.6528945
0.126016,-3.9302826
0.126018,-3.9302826
0.12602,-3.7915885
0.126022,-3.3755062
0.126024,-2.8207297
0.126026,-2.1272593
0.126028,-1.2950945
0.12603,-0.41669846
0.126032,0.50792885
0.126034,1.3863249
0.126036,2.2184901
0.126038,2.9119601
0.12604,3.420505
0.126042,3.7903562
0.126044,3.9752812
0.126046,3.8828197
0.126048,3.6516623
0.12605,3.1893477
0.126052,2.542109
0.126054,1.756176
0.126056,0.92401123
0.126058,0.045615196
0.12606,0.92401123
0.126062,1.8024073
0.126064,2.5883412
0.126066,3.1893477
0.126068,3.6978936
0.12607,3.92905
0.126072,4.0215135
0.126074,3.8365874
0.126076,3.5129685
0.126078,2.9581914
0.12608,2.2647214
0.126082,1.4787879
0.126084,0.60039186
0.126086,-0.32423592
0.126088,-1.202632
0.12609,-2.0347965
0.126092,-2.728267
0.126094,-3.329275
0.126096,-3.745357
0.126098,-3.9302826
0.1261,-3.8840513
0.126102,-3.6991258
0.126104,-3.236812
0.126106,-2.6820357
0.126108,-1.8961024
0.12611,-1.0639377
0.126112,-0.18554163
0.126114,0.7390857
0.126116,1.6174817
0.126118,2.4034152
0.12612,3.050654
0.126122,3.5591989
0.126124,3.8828197
0.126126,3.9752812
0.126128,3.8365874
0.12613,3.5591989
0.126132,3.050654
0.126134,2.357184
0.126136,1.5712504
0.126138,0.7390857
0.12614,-0.18554163
0.126142,-1.1101689
0.126144,-1.8961024
0.126146,-2.6358042
0.126148,-3.2830436
0.12615,-3.6991258
0.126152,-3.9302826
0.126154,-3.9302826
0.126156,-3.745357
0.126158,-3.3755062
0.12616,-2.7744985
0.126162,-2.081028
0.126164,-1.2488632
0.126166,-0.32423592
0.126168,0.60039186
0.12617,1.4787879
0.126172,2.2647214
0.126174,2.9581914
0.126176,3.4667363
0.126178,3.8365874
0.12618,3.9752812
0.126182,3.8828197
0.126184,3.605431
0.126186,3.1431174
0.126188,2.4958777
0.12619,1.7099442
0.126192,0.87777996
0.126194,-0.046847343
0.126196,-0.9252434
0.126198,-1.7574081
0.1262,-2.5433414
0.126202,-3.1443493
0.126204,-3.6528945
0.126206,-3.8840513
0.12620799,-3.9302826
0.12621,-3.7915885
0.126212,-3.4217377
0.126214,-2.9131925
0.126216,-2.2197218
0.126218,-1.387557
0.12622,-0.5091615
0.126222,0.4154663
0.126224,1.3400936
0.126226,2.126027
0.126228,2.8194976
0.12623,3.3742738
0.126232,3.7903562
0.126234,3.92905
0.126236,3.92905
0.126238,3.6516623
0.12624,3.23558
0.126242,2.6345725
0.126244,1.8486385
0.126246,1.0164738
0.126248,0.13807821
0.12625,-0.78654957
0.126252,-1.6187139
0.12625399,-2.4046474
0.126256,-3.0518866
0.126258,-3.5604317
0.12626,-3.8840513
0.126262,-3.976514
0.126264,-3.8378198
0.126266,-3.5142004
0.126268,-3.0056553
0.12627,-2.3121846
0.126272,-1.5262513
0.126274,-0.6478553
0.126276,0.27677202
0.126278,1.1551685
0.12628,1.9873328
0.126282,2.727035
0.126284,3.3280425
0.126286,3.744125
0.126288,3.92905
0.12629,3.92905
0.126292,3.744125
0.126294,3.3280425
0.126296,2.727035
0.126298,1.9873328
0.1263,1.2013993
0.126302,0.27677202
0.126304,-0.6478553
0.126306,-1.48002
0.126308,-2.2659533
0.12631,-2.9594238
0.126312,-3.5142004
0.126314,-3.8378198
0.126316,-3.976514
0.126318,-3.8840513
0.12632,-3.6066632
0.126322,-3.098118
0.126324,-2.4508786
0.126326,-1.6649456
0.126328,-0.83278084
0.12633,0.091846466
0.126332,1.0164738
0.126334,1.8486385
0.126336,2.5883412
0.126338,3.23558
0.12634,3.6516623
0.126342,3.92905
0.126344,3.92905
0.126346,3.7903562
0.126348,3.420505
0.12635,2.8657289
0.126352,2.126027
0.126354,1.3400936
0.126356,0.46169758
0.126358,-0.46292973
0.12636,-1.3413262
0.126362,-2.1272593
0.126364,-2.866961
0.126366,-3.4217377
0.126368,-3.7915885
0.12637,-3.9302826
0.126372,-3.8840513
0.126374,-3.6528945
0.126376,-3.1905808
0.126378,-2.589573
0.12638,-1.8036394
0.126382,-0.9714751
0.126384,-0.046847343
0.126386,0.8315482
0.126388,1.7099442
0.12639,2.4958777
0.126392,3.1431174
0.126394,3.605431
0.126396,3.8828197
0.126398,3.9752812
0.1264,3.8365874
0.126402,3.4667363
0.126404,2.9581914
0.126406,2.2647214
0.126408,1.4787879
0.12641,0.60039186
0.126412,-0.32423592
0.126414,-1.202632
0.126416,-2.0347965
0.126418,-2.728267
0.12642,-3.329275
0.126422,-3.745357
0.126424,-3.9302826
0.126426,-3.9302826
0.126428,-3.6991258
0.12643,-3.2830436
0.126432,-2.6820357
0.126434,-1.9423337
0.126436,-1.1101689
0.126438,-0.2317729
0.12644,0.6928544
0.126442,1.5712504
0.126444,2.357184
0.126446,3.0044227
0.126448,3.5129685
0.12645,3.8365874
0.126452,3.9752812
0.126454,3.8365874
0.12645599,3.5591989
0.126458,3.050654
0.12646,2.4034152
0.126462,1.6174817
0.126464,0.7390857
0.126466,-0.13931036
0.126468,-1.0639377
0.12647,-1.8961024
0.126472,-2.6358042
0.126474,-3.236812
0.126476,-3.6991258
0.126478,-3.9302826
0.12648,-2.081028
0.126482,1.5712504
0.126484,3.3280425
0.126486,2.7732663
0.126488,2.0797954
0.12649,1.2938623
0.126492,0.36923456
0.126494,-0.5091615
0.126496,-1.4337888
0.126498,-2.2197218
0.1265,-2.9131925
0.12650199,-3.467969
0.126504,-3.7915885
0.126506,-3.976514
0.126508,-3.8840513
0.12651,-3.6528945
0.126512,-3.1905808
0.126514,-2.5433414
0.126516,-1.7574081
0.126518,-0.9252434
0.12652,-6.160736E-4
0.126522,0.92401123
0.126524,1.756176
0.126526,2.4958777
0.126528,3.1431174
0.12653,3.605431
0.126532,3.8828197
0.126534,3.9752812
0.126536,3.7903562
0.126538,3.4667363
0.12654,2.9119601
0.126542,2.2184901
0.126544,1.4325566
0.126546,0.5541601
0.126548,-0.3704667
0.12655,-1.2488632
0.126552,-2.081028
0.126554,-2.7744985
0.126556,-3.3755062
0.126558,-3.745357
0.12656,-3.9302826
0.126562,-3.9302826
0.126564,-3.6991258
0.126566,-3.236812
0.126568,-2.6820357
0.12657,-1.8961024
0.126572,-1.0639377
0.126574,-0.18554163
0.126576,0.7390857
0.126578,1.6174817
0.12658,2.4034152
0.126582,3.050654
0.126584,3.5591989
0.126586,3.8828197
0.126588,3.9752812
0.12659,3.8365874
0.126592,3.5129685
0.126594,3.0044227
0.126596,2.357184
0.126598,1.5712504
0.1266,0.6928544
0.126602,-0.18554163
0.126604,-1.1101689
0.126606,-1.9423337
0.126608,-2.6820357
0.12661,-3.2830436
0.126612,-3.6991258
0.126614,-3.9302826
0.126616,-3.9302826
0.126618,-3.745357
0.12662,-3.329275
0.126622,-2.7744985
0.126624,-2.0347965
0.126626,-1.2488632
0.126628,-0.32423592
0.12663,0.60039186
0.126632,1.4787879
0.126634,2.2647214
0.126636,2.9581914
0.126638,3.4667363
0.12664,3.8365874
0.126642,3.9752812
0.126644,3.8828197
0.126646,3.605431
0.126648,3.1431174
0.12665,2.4958777
0.126652,1.7099442
0.126654,0.87777996
0.126656,-0.046847343
0.126658,-0.9714751
0.12666,-1.7574081
0.126662,-2.5433414
0.126664,-3.1905808
0.126666,-3.6528945
0.126668,-3.8840513
0.12667,-3.9302826
0.126672,-3.7915885
0.126674,-3.4217377
0.126676,-2.866961
0.126678,-2.1734905
0.12668,-1.387557
0.126682,-0.5091615
0.126684,0.46169758
0.126686,1.3400936
0.126688,2.126027
0.12669,2.8657289
0.126692,3.420505
0.126694,3.7903562
0.126696,3.92905
0.126698,3.92905
0.1267,3.6516623
0.126702,3.23558
0.12670399,2.5883412
0.126706,1.8486385
0.126708,1.0164738
0.12671,0.13807821
0.126712,-0.78654957
0.126714,-1.6187139
0.126716,-2.4046474
0.126718,-3.098118
0.12672,-3.5604317
0.126722,-3.8840513
0.126724,-3.976514
0.126726,-3.8378198
0.126728,-3.5142004
0.12673,-3.0056553
0.126732,-2.3121846
0.126734,-1.5262513
0.126736,-0.6478553
0.126738,0.27677202
0.12674,1.2013993
0.126742,1.9873328
0.126744,2.727035
0.126746,3.3280425
0.126748,3.744125
0.12674999,3.92905
0.126752,3.92905
0.126754,3.6978936
0.126756,3.3280425
0.126758,2.727035
0.12676,1.9873328
0.126762,1.1551685
0.126764,0.27677202
0.126766,-0.6478553
0.126768,-1.48002
0.12677,-2.3121846
0.126772,-2.9594238
0.126774,-3.5142004
0.126776,-3.8378198
0.126778,-3.976514
0.12678,-3.8840513
0.126782,-3.5604317
0.126784,-3.098118
0.126786,-2.4508786
0.126788,-1.6649456
0.12679,-0.78654957
0.126792,0.13807821
0.126794,1.0164738
0.12679599,1.8486385
0.126798,2.6345725
0.1268,3.23558
0.126802,3.6516623
0.126804,3.92905
0.126806,3.92905
0.126808,3.7903562
0.12681,3.3742738
0.126812,2.8194976
0.126814,2.126027
0.126816,1.3400936
0.126818,0.4154663
0.12682,-0.46292973
0.126822,-1.387557
0.126824,-2.1734905
0.126826,-2.866961
0.126828,-3.4217377
0.12683,-3.7915885
0.126832,-3.9302826
0.126834,-3.8840513
0.126836,-3.6528945
0.126838,-3.1905808
0.12684,-2.589573
0.126842,-1.8036394
0.126844,-0.9714751
0.126846,-0.046847343
0.126848,0.87777996
0.12685,1.7099442
0.126852,2.4958777
0.126854,3.1431174
0.126856,3.605431
0.126858,3.8828197
0.12686,3.9752812
0.126862,3.8365874
0.126864,3.4667363
0.126866,2.9581914
0.126868,2.2647214
0.12687,1.4787879
0.126872,0.60039186
0.126874,-0.32423592
0.126876,-1.202632
0.126878,-2.0347965
0.12688,-2.7744985
0.126882,-3.329275
0.126884,-3.745357
0.126886,-3.9302826
0.126888,-3.9302826
0.12689,-3.6991258
0.126892,-3.2830436
0.126894,-2.6820357
0.126896,-1.9423337
0.126898,-1.1101689
0.1269,-0.046847343
0.126902,-0.78654957
0.126904,-1.6187139
0.126906,-2.4046474
0.126908,-3.098118
0.12691,-3.6066632
0.126912,-3.8840513
0.126914,-4.022745
0.126916,-3.8840513
0.126918,-3.6066632
0.12692,-3.098118
0.126922,-2.4508786
0.126924,-1.6187139
0.126926,-0.78654957
0.126928,0.13807821
0.12693,1.0627055
0.126932,1.8948698
0.126934,2.6345725
0.126936,3.23558
0.126938,3.6978936
0.12694,3.8828197
0.126942,3.92905
0.126944,3.744125
0.126946,3.3280425
0.126948,2.7732663
0.12695,2.0797954
0.12695199,1.2476311
0.126954,0.36923456
0.126956,-0.55539227
0.126958,-1.4337888
0.12696,-2.2197218
0.126962,-2.9131925
0.126964,-3.467969
0.126966,-3.7915885
0.126968,-3.976514
0.12697,-3.8840513
0.126972,-3.6066632
0.126974,-3.1443493
0.126976,-2.5433414
0.126978,-1.7574081
0.12698,-0.8790121
0.126982,-6.160736E-4
0.126984,0.92401123
0.126986,1.756176
0.126988,2.542109
0.12699,3.1893477
0.126992,3.6516623
0.126994,3.8828197
0.126996,3.9752812
0.12699799,3.7903562
0.127,3.420505
0.127002,2.9119601
0.127004,2.2184901
0.127006,1.4325566
0.127008,0.50792885
0.12701,-0.3704667
0.127012,-1.2950945
0.127014,-2.081028
0.127016,-2.8207297
0.127018,-3.3755062
0.12702,-3.745357
0.127022,-3.9302826
0.127024,-3.9302826
0.127026,-3.6991258
0.127028,-3.236812
0.12703,-2.6358042
0.127032,-1.8961024
0.127034,-1.0639377
0.127036,-0.13931036
0.127038,0.7853174
0.12704,1.6174817
0.127042,2.4034152
0.12704399,3.050654
0.127046,3.5591989
0.127048,3.8828197
0.12705,3.9752812
0.127052,3.8365874
0.127054,3.5129685
0.127056,3.0044227
0.127058,2.3109517
0.12706,1.5250192
0.127062,0.6928544
0.127064,-0.2317729
0.127066,-1.1101689
0.127068,-1.9423337
0.12707,-2.6820357
0.127072,-3.2830436
0.127074,-3.6991258
0.127076,-3.9302826
0.127078,-3.9302826
0.12708,-3.745357
0.127082,-3.329275
0.127084,-2.7744985
0.127086,-2.0347965
0.127088,-1.202632
0.12709,-0.32423592
0.127092,0.60039186
0.127094,1.4787879
0.127096,2.2647214
0.127098,2.9581914
0.1271,3.5129685
0.127102,3.8365874
0.127104,3.9752812
0.127106,3.8828197
0.127108,3.605431
0.12711,3.0968862
0.127112,2.4496465
0.127114,1.6637135
0.127116,0.8315482
0.127118,-0.09307861
0.12712,-0.9714751
0.127122,-1.8036394
0.127124,-2.5433414
0.127126,-3.1905808
0.127128,-3.6528945
0.12713,-3.8840513
0.127132,-3.9302826
0.127134,-3.7915885
0.127136,-3.4217377
0.127138,-2.866961
0.12714,-2.1734905
0.127142,-1.3413262
0.127144,-0.46292973
0.127146,0.46169758
0.127148,1.3400936
0.12715,2.172258
0.127152,2.8657289
0.127154,3.420505
0.127156,3.7903562
0.127158,3.92905
0.12716,3.92905
0.127162,3.6516623
0.127164,3.1893477
0.127166,2.5883412
0.127168,1.8486385
0.12717,1.0164738
0.127172,0.091846466
0.127174,-0.83278084
0.127176,-1.6649456
0.127178,-2.4508786
0.12718,-3.098118
0.127182,-3.5604317
0.127184,-3.8840513
0.127186,-3.976514
0.127188,-3.8378198
0.12719,-3.5142004
0.127192,-2.9594238
0.127194,-2.3121846
0.127196,-1.48002
0.127198,-0.601624
0.12719999,0.3230033
0.127202,1.2013993
0.127204,2.033564
0.127206,2.727035
0.127208,3.3280425
0.12721,3.744125
0.127212,3.92905
0.127214,3.92905
0.127216,3.6978936
0.127218,3.2818112
0.12722,2.727035
0.127222,1.9873328
0.127224,1.1551685
0.127226,0.23054075
0.127228,-0.6478553
0.12723,-1.5262513
0.127232,-2.3121846
0.127234,-3.0056553
0.127236,-3.5142004
0.127238,-3.8378198
0.12724,-3.976514
0.127242,-3.8840513
0.127244,-3.5604317
0.12724599,-3.098118
0.127248,-2.4046474
0.12725,-1.6187139
0.127252,-0.78654957
0.127254,0.13807821
0.127256,1.0627055
0.127258,1.8948698
0.12726,2.6345725
0.127262,3.23558
0.127264,3.6978936
0.127266,3.92905
0.127268,3.92905
0.12727,3.744125
0.127272,3.3742738
0.127274,2.8194976
0.127276,2.126027
0.127278,1.2938623
0.12728,0.4154663
0.127282,-0.5091615
0.127284,-1.387557
0.127286,-2.1734905
0.127288,-2.866961
0.12729,-3.4217377
0.12729199,-3.7915885
0.127294,-3.9302826
0.127296,-3.8840513
0.127298,-3.6528945
0.1273,-3.1905808
0.127302,-2.5433414
0.127304,-1.7574081
0.127306,-0.9252434
0.127308,-6.160736E-4
0.12731,0.87777996
0.127312,1.756176
0.127314,2.4958777
0.127316,3.1431174
0.127318,3.605431
0.12732,2.2647214
0.127322,-1.1564007
0.127324,-3.6528945
0.127326,-3.467969
0.127328,-2.9594238
0.12733,-2.2659533
0.127332,-1.48002
0.127334,-0.55539227
0.127336,0.36923456
0.127338,1.2476311
0.12734,2.0797954
0.127342,2.7732663
0.127344,3.3742738
0.127346,3.744125
0.127348,3.92905
0.12735,3.92905
0.127352,3.6978936
0.127354,3.23558
0.127356,2.6808028
0.127358,1.8948698
0.12736,1.1089368
0.127362,0.184309
0.127364,-0.7403178
0.127366,-1.5724826
0.127368,-2.3584158
0.12737,-3.0518866
0.127372,-3.5604317
0.127374,-3.8378198
0.127376,-3.976514
0.127378,-3.8378198
0.12738,-3.5604317
0.127382,-3.0518866
0.127384,-2.4046474
0.127386,-1.5724826
0.127388,-0.7403178
0.12739,0.184309
0.127392,1.1089368
0.127394,1.9411016
0.127396,2.6808028
0.127398,3.2818112
0.1274,3.6978936
0.127402,3.92905
0.127404,3.92905
0.127406,3.744125
0.127408,3.3742738
0.12741,2.7732663
0.127412,2.033564
0.127414,1.2476311
0.127416,0.36923456
0.127418,-0.55539227
0.12742,-1.4337888
0.127422,-2.2197218
0.127424,-2.9131925
0.127426,-3.467969
0.127428,-3.7915885
0.12743,-3.976514
0.127432,-3.8840513
0.127434,-3.6066632
0.127436,-3.1443493
0.127438,-2.4971101
0.12744,-1.7111769
0.127442,-0.8790121
0.127444,0.045615196
0.127446,0.970243
0.127448,1.8024073
0.12745,2.542109
0.127452,3.1893477
0.127454,3.6516623
0.127456,3.8828197
0.127458,3.92905
0.12746,3.7903562
0.127462,3.420505
0.127464,2.9119601
0.127466,2.172258
0.127468,1.3863249
0.12747,0.50792885
0.127472,-0.41669846
0.127474,-1.2950945
0.127476,-2.081028
0.127478,-2.8207297
0.12748,-3.3755062
0.127482,-3.745357
0.127484,-3.9302826
0.127486,-3.9302826
0.127488,-3.6528945
0.12749,-3.236812
0.127492,-2.6358042
0.12749399,-1.8961024
0.127496,-1.0177064
0.127498,-0.13931036
0.1275,0.7853174
0.127502,1.6637135
0.127504,2.4496465
0.127506,3.0968862
0.127508,3.5591989
0.12751,3.8828197
0.127512,3.9752812
0.127514,3.8365874
0.127516,3.5129685
0.127518,3.0044227
0.12752,2.3109517
0.127522,1.5250192
0.127524,0.64662313
0.127526,-0.2317729
0.127528,-1.1564007
0.12753,-1.9423337
0.127532,-2.6820357
0.127534,-3.2830436
0.127536,-3.6991258
0.127538,-3.9302826
0.12753999,-3.9302826
0.127542,-3.745357
0.127544,-3.329275
0.127546,-2.728267
0.127548,-2.0347965
0.12755,-1.202632
0.127552,-0.27800417
0.127554,0.64662313
0.127556,1.4787879
0.127558,2.3109517
0.12756,3.0044227
0.127562,3.5129685
0.127564,3.8365874
0.127566,3.9752812
0.127568,3.8828197
0.12757,3.605431
0.127572,3.0968862
0.127574,2.4496465
0.127576,1.6637135
0.127578,0.8315482
0.12758,-0.09307861
0.127582,-0.9714751
0.127584,-1.8036394
0.127586,-2.589573
0.127588,-3.1905808
0.12759,-3.6528945
0.127592,-3.8840513
0.127594,-3.9302826
0.127596,-3.7915885
0.127598,-3.4217377
0.1276,-2.866961
0.127602,-2.1734905
0.127604,-1.3413262
0.127606,-0.46292973
0.127608,0.46169758
0.12761,1.3863249
0.127612,2.172258
0.127614,2.8657289
0.127616,3.420505
0.127618,3.7903562
0.12762,3.9752812
0.127622,3.8828197
0.127624,3.6516623
0.127626,3.1893477
0.127628,2.5883412
0.12763,1.8024073
0.127632,0.970243
0.127634,0.091846466
0.127636,-0.83278084
0.127638,-1.6649456
0.12764,-2.4508786
0.127642,-3.098118
0.127644,-3.6066632
0.127646,-3.8840513
0.127648,-3.976514
0.12765,-3.8378198
0.127652,-3.467969
0.127654,-2.9594238
0.127656,-2.2659533
0.127658,-1.48002
0.12766,-0.601624
0.127662,0.3230033
0.127664,1.2013993
0.127666,2.033564
0.127668,2.7732663
0.12767,3.3280425
0.127672,3.744125
0.127674,3.92905
0.127676,3.92905
0.127678,3.6978936
0.12768,3.2818112
0.127682,2.6808028
0.127684,1.9411016
0.127686,1.1551685
0.127688,0.23054075
0.12769,-0.694087
0.127692,-1.5262513
0.127694,-2.3121846
0.127696,-3.0056553
0.127698,-3.5142004
0.1277,-3.8378198
0.127702,-3.976514
0.127704,-3.8840513
0.127706,-3.5604317
0.127708,-3.0518866
0.12771,-2.4046474
0.127712,-1.6187139
0.127714,-0.7403178
0.127716,0.13807821
0.127718,1.0627055
0.12772,1.8948698
0.127722,2.6345725
0.127724,3.23558
0.127726,3.6978936
0.127728,3.92905
0.12773,3.92905
0.127732,3.744125
0.127734,3.3742738
0.127736,2.8194976
0.127738,2.0797954
0.12774,0.27677202
0.12774199,-0.27800417
0.127744,0.64662313
0.127746,1.4787879
0.127748,2.3109517
0.12775,3.0044227
0.127752,3.5129685
0.127754,3.8828197
0.127756,4.0215135
0.127758,3.92905
0.12776,3.6516623
0.127762,3.1893477
0.127764,2.542109
0.127766,1.8024073
0.127768,0.970243
0.12777,0.045615196
0.127772,-0.8790121
0.127774,-1.7111769
0.127776,-2.4971101
0.127778,-3.1443493
0.12778,-3.6066632
0.127782,-3.8840513
0.127784,-3.9302826
0.127786,-3.7915885
0.12778799,-3.4217377
0.12779,-2.9131925
0.127792,-2.2197218
0.127794,-1.4337888
0.127796,-0.5091615
0.127798,0.4154663
0.1278,1.2938623
0.127802,2.0797954
0.127804,2.8194976
0.127806,3.3742738
0.127808,3.744125
0.12781,3.92905
0.127812,3.92905
0.127814,3.6978936
0.127816,3.23558
0.127818,2.6345725
0.12782,1.8948698
0.127822,1.0627055
0.127824,0.184309
0.127826,-0.7403178
0.127828,-1.5724826
0.12783,-2.3584158
0.127832,-3.0518866
0.12783399,-3.5604317
0.127836,-3.8378198
0.127838,-3.976514
0.12784,-3.8378198
0.127842,-3.5142004
0.127844,-3.0056553
0.127846,-2.3584158
0.127848,-1.5724826
0.12785,-0.694087
0.127852,0.23054075
0.127854,1.1551685
0.127856,1.9411016
0.127858,2.6808028
0.12786,3.2818112
0.127862,3.6978936
0.127864,3.92905
0.127866,3.92905
0.127868,3.744125
0.12787,3.3280425
0.127872,2.7732663
0.127874,2.033564
0.127876,1.2013993
0.127878,0.3230033
0.12788,-0.601624
0.127882,-1.48002
0.127884,-2.2659533
0.127886,-2.9594238
0.127888,-3.467969
0.12789,-3.8378198
0.127892,-3.976514
0.127894,-3.8840513
0.127896,-3.6066632
0.127898,-3.1443493
0.1279,-2.4971101
0.127902,-1.7111769
0.127904,-0.83278084
0.127906,0.045615196
0.127908,0.970243
0.12791,1.8024073
0.127912,2.5883412
0.127914,3.1893477
0.127916,3.6516623
0.127918,3.8828197
0.12792,3.92905
0.127922,3.7903562
0.127924,3.420505
0.127926,2.8657289
0.127928,2.172258
0.12793,1.3863249
0.127932,0.50792885
0.127934,-0.41669846
0.127936,-1.3413262
0.127938,-2.1272593
0.12794,-2.8207297
0.127942,-3.3755062
0.127944,-3.7915885
0.127946,-3.9302826
0.127948,-3.9302826
0.12795,-3.6528945
0.127952,-3.236812
0.127954,-2.589573
0.127956,-1.8498712
0.127958,-1.0177064
0.12796,-0.09307861
0.127962,0.8315482
0.127964,1.6637135
0.127966,2.4496465
0.127968,3.0968862
0.12797,3.605431
0.127972,3.8828197
0.127974,3.9752812
0.127976,3.8365874
0.127978,3.5129685
0.12798,2.9581914
0.127982,2.3109517
0.127984,1.4787879
0.127986,0.64662313
0.127988,-0.27800417
0.12798999,-1.1564007
0.127992,-1.9885652
0.127994,-2.728267
0.127996,-3.329275
0.127998,-3.6991258
0.128,-3.9302826
0.128002,-3.9302826
0.128004,-3.6991258
0.128006,-3.329275
0.128008,-2.728267
0.12801,-1.9885652
0.128012,-1.1564007
0.128014,-0.27800417
0.128016,0.64662313
0.128018,1.5250192
0.12802,2.3109517
0.128022,3.0044227
0.128024,3.5129685
0.128026,3.8365874
0.128028,3.9752812
0.12803,3.8828197
0.128032,3.5591989
0.128034,3.0968862
0.12803599,2.4496465
0.128038,1.6637135
0.12804,0.7853174
0.128042,-0.09307861
0.128044,-1.0177064
0.128046,-1.8498712
0.128048,-2.589573
0.12805,-3.236812
0.128052,-3.6528945
0.128054,-3.9302826
0.128056,-3.9302826
0.128058,-3.7915885
0.12806,-3.3755062
0.128062,-2.8207297
0.128064,-2.1272593
0.128066,-1.3413262
0.128068,-0.41669846
0.12807,0.50792885
0.128072,1.3863249
0.128074,2.172258
0.128076,2.9119601
0.128078,3.420505
0.12808,3.7903562
0.12808199,3.9752812
0.128084,3.8828197
0.128086,3.6516623
0.128088,3.1893477
0.12809,2.542109
0.128092,1.8024073
0.128094,0.970243
0.128096,0.045615196
0.128098,-0.8790121
0.1281,-1.7111769
0.128102,-2.4508786
0.128104,-3.1443493
0.128106,-3.6066632
0.128108,-3.8840513
0.12811,-3.976514
0.128112,-3.8378198
0.128114,-3.467969
0.128116,-2.9594238
0.128118,-2.2659533
0.12812,-1.48002
0.128122,-0.601624
0.128124,0.3230033
0.128126,1.2476311
0.128128,2.033564
0.12813,2.7732663
0.128132,3.3742738
0.128134,3.744125
0.128136,3.92905
0.128138,3.92905
0.12814,3.6978936
0.128142,3.2818112
0.128144,2.6808028
0.128146,1.9411016
0.128148,1.1089368
0.12815,0.23054075
0.128152,-0.694087
0.128154,-1.5724826
0.128156,-2.3584158
0.128158,-3.0056553
0.12816,-2.6820357
0.128162,0.87777996
0.128164,3.8365874
0.128166,3.8828197
0.128168,3.5591989
0.12817,3.050654
0.128172,2.4034152
0.128174,1.6174817
0.128176,0.7390857
0.128178,-0.13931036
0.12818,-1.0639377
0.128182,-1.8961024
0.128184,-2.6358042
0.128186,-3.236812
0.128188,-3.6528945
0.12819,-3.8840513
0.128192,-3.9302826
0.128194,-3.745357
0.128196,-3.3755062
0.128198,-2.7744985
0.1282,-2.081028
0.128202,-1.2488632
0.128204,-0.3704667
0.128206,0.5541601
0.128208,1.4787879
0.12821,2.2647214
0.128212,2.9119601
0.128214,3.4667363
0.128216,3.8365874
0.128218,3.9752812
0.12822,3.8828197
0.128222,3.605431
0.128224,3.1431174
0.128226,2.4958777
0.128228,1.756176
0.12823,0.92401123
0.128232,-6.160736E-4
0.128234,-0.9252434
0.128236,-1.7574081
0.12823799,-2.4971101
0.12824,-3.1443493
0.128242,-3.6066632
0.128244,-3.8840513
0.128246,-3.9302826
0.128248,-3.7915885
0.12825,-3.467969
0.128252,-2.9131925
0.128254,-2.2197218
0.128256,-1.4337888
0.128258,-0.5091615
0.12826,0.4154663
0.128262,1.2938623
0.128264,2.126027
0.128266,2.8194976
0.128268,3.3742738
0.12827,3.744125
0.128272,3.92905
0.128274,3.92905
0.128276,3.6978936
0.128278,3.23558
0.12828,2.6345725
0.128282,1.8948698
0.12828399,1.0627055
0.128286,0.13807821
0.128288,-0.7403178
0.12829,-1.6187139
0.128292,-2.4046474
0.128294,-3.0518866
0.128296,-3.5604317
0.128298,-3.8378198
0.1283,-3.976514
0.128302,-3.8378198
0.128304,-3.5142004
0.128306,-3.0056553
0.128308,-2.3584158
0.12831,-1.5262513
0.128312,-0.694087
0.128314,0.23054075
0.128316,1.1551685
0.128318,1.9873328
0.12832,2.6808028
0.128322,3.2818112
0.128324,3.6978936
0.128326,3.92905
0.128328,3.92905
0.12832999,3.744125
0.128332,3.3280425
0.128334,2.727035
0.128336,2.033564
0.128338,1.2013993
0.12834,0.3230033
0.128342,-0.601624
0.128344,-1.48002
0.128346,-2.2659533
0.128348,-2.9594238
0.12835,-3.467969
0.128352,-3.8378198
0.128354,-3.976514
0.128356,-3.8840513
0.128358,-3.6066632
0.12836,-3.098118
0.128362,-2.4508786
0.128364,-1.7111769
0.128366,-0.83278084
0.128368,0.091846466
0.12837,0.970243
0.128372,1.8486385
0.128374,2.5883412
0.128376,3.1893477
0.128378,3.6516623
0.12838,3.92905
0.128382,3.92905
0.128384,3.7903562
0.128386,3.420505
0.128388,2.8657289
0.12839,2.172258
0.128392,1.3400936
0.128394,0.46169758
0.128396,-0.46292973
0.128398,-1.3413262
0.1284,-2.1272593
0.128402,-2.8207297
0.128404,-3.4217377
0.128406,-3.7915885
0.128408,-3.9302826
0.12841,-3.8840513
0.128412,-3.6528945
0.128414,-3.1905808
0.128416,-2.589573
0.128418,-1.8498712
0.12842,-1.0177064
0.128422,-0.09307861
0.128424,0.8315482
0.128426,1.6637135
0.128428,2.4496465
0.12843,3.0968862
0.128432,3.605431
0.128434,3.8828197
0.128436,3.9752812
0.128438,3.8365874
0.12844,3.5129685
0.128442,2.9581914
0.128444,2.2647214
0.128446,1.4787879
0.128448,0.64662313
0.12845,-0.27800417
0.128452,-1.202632
0.128454,-1.9885652
0.128456,-2.728267
0.128458,-3.329275
0.12846,-3.745357
0.128462,-3.9302826
0.128464,-3.9302826
0.128466,-3.6991258
0.128468,-3.2830436
0.12847,-2.728267
0.128472,-1.9885652
0.128474,-1.1564007
0.128476,-0.2317729
0.128478,0.6928544
0.12848,1.5250192
0.128482,2.3109517
0.128484,3.0044227
0.128486,3.5129685
0.128488,3.8365874
0.12849,3.9752812
0.128492,3.8828197
0.128494,3.5591989
0.128496,3.050654
0.128498,2.4034152
0.1285,1.6174817
0.128502,0.7853174
0.128504,-0.13931036
0.128506,-1.0177064
0.128508,-1.8498712
0.12851,-2.589573
0.128512,-3.236812
0.128514,-3.6528945
0.128516,-3.9302826
0.128518,-3.9302826
0.12852,-3.745357
0.128522,-3.3755062
0.128524,-2.8207297
0.128526,-2.1272593
0.128528,-1.2950945
0.12853,-0.41669846
0.12853199,0.50792885
0.128534,1.4325566
0.128536,2.2184901
0.128538,2.9119601
0.12854,3.4667363
0.128542,3.7903562
0.128544,3.9752812
0.128546,3.8828197
0.128548,3.6516623
0.12855,3.1893477
0.128552,2.542109
0.128554,1.756176
0.128556,0.92401123
0.128558,0.045615196
0.12856,-0.8790121
0.128562,-1.7111769
0.128564,-2.4971101
0.128566,-3.1443493
0.128568,-3.6066632
0.12857,-3.8840513
0.128572,-3.9302826
0.128574,-3.7915885
0.128576,-3.467969
0.12857799,-2.9594238
0.12858,-1.8498712
0.128582,1.0627055
0.128584,0.46169758
0.128586,-0.41669846
0.128588,-1.2950945
0.12859,-2.1272593
0.128592,-2.8207297
0.128594,-3.4217377
0.128596,-3.7915885
0.128598,-3.976514
0.1286,-3.976514
0.128602,-3.745357
0.128604,-3.2830436
0.128606,-2.6820357
0.128608,-1.9423337
0.12861,-1.1101689
0.128612,-0.18554163
0.128614,0.7390857
0.128616,1.5712504
0.128618,2.357184
0.12862,3.050654
0.128622,3.5129685
0.128624,3.8365874
0.128626,3.92905
0.128628,3.8365874
0.12863,3.5129685
0.128632,3.0044227
0.128634,2.357184
0.128636,1.5712504
0.128638,0.6928544
0.12864,-0.18554163
0.128642,-1.1101689
0.128644,-1.8961024
0.128646,-2.6820357
0.128648,-3.2830436
0.12865,-3.6991258
0.128652,-3.9302826
0.128654,-3.9302826
0.128656,-3.745357
0.128658,-3.3755062
0.12866,-2.7744985
0.128662,-2.081028
0.128664,-1.2488632
0.128666,-0.32423592
0.128668,0.60039186
0.12867,1.4787879
0.128672,2.2647214
0.128674,2.9581914
0.128676,3.4667363
0.128678,3.8365874
0.12868,3.9752812
0.128682,3.8828197
0.128684,3.605431
0.128686,3.1431174
0.128688,2.4958777
0.12869,1.7099442
0.128692,0.87777996
0.128694,-0.046847343
0.128696,-0.9252434
0.128698,-1.7574081
0.1287,-2.5433414
0.128702,-3.1905808
0.128704,-3.6528945
0.128706,-3.8840513
0.128708,-3.9302826
0.12871,-3.7915885
0.128712,-3.4217377
0.128714,-2.9131925
0.128716,-2.1734905
0.128718,-1.387557
0.12872,-0.5091615
0.128722,0.4154663
0.128724,1.3400936
0.128726,2.126027
0.128728,2.8194976
0.12873,3.3742738
0.128732,3.7903562
0.128734,3.92905
0.128736,3.92905
0.128738,3.6516623
0.12874,3.23558
0.128742,2.6345725
0.128744,1.8486385
0.128746,1.0164738
0.128748,0.13807821
0.12875,-0.78654957
0.128752,-1.6187139
0.128754,-2.4046474
0.128756,-3.0518866
0.128758,-3.5604317
0.12876,-3.8840513
0.128762,-3.976514
0.128764,-3.8378198
0.128766,-3.5142004
0.128768,-3.0056553
0.12877,-2.3121846
0.128772,-1.5262513
0.128774,-0.6478553
0.128776,0.27677202
0.128778,1.1551685
0.12877999,1.9873328
0.128782,2.727035
0.128784,3.3280425
0.128786,3.744125
0.128788,3.92905
0.12879,3.92905
0.128792,3.744125
0.128794,3.3280425
0.128796,2.727035
0.128798,1.9873328
0.1288,1.2013993
0.128802,0.27677202
0.128804,-0.6478553
0.128806,-1.48002
0.128808,-2.2659533
0.12881,-2.9594238
0.128812,-3.5142004
0.128814,-3.8378198
0.128816,-3.976514
0.128818,-3.8840513
0.12882,-3.5604317
0.128822,-3.098118
0.128824,-2.4508786
0.12882599,-1.6649456
0.128828,-0.83278084
0.12883,0.091846466
0.128832,1.0164738
0.128834,1.8486385
0.128836,2.5883412
0.128838,3.23558
0.12884,3.6516623
0.128842,3.92905
0.128844,3.92905
0.128846,3.7903562
0.128848,3.420505
0.12885,2.8657289
0.128852,2.126027
0.128854,1.3400936
0.128856,0.46169758
0.128858,-0.46292973
0.12886,-1.3413262
0.128862,-2.1734905
0.128864,-2.866961
0.128866,-3.4217377
0.128868,-3.7915885
0.12887,-3.9302826
0.12887199,-3.8840513
0.128874,-3.6528945
0.128876,-3.1905808
0.128878,-2.589573
0.12888,-1.8036394
0.128882,-0.9714751
0.128884,-0.046847343
0.128886,0.87777996
0.128888,1.7099442
0.12889,2.4958777
0.128892,3.1431174
0.128894,3.605431
0.128896,3.8828197
0.128898,3.9752812
0.1289,3.8365874
0.128902,3.4667363
0.128904,2.9581914
0.128906,2.2647214
0.128908,1.4787879
0.12891,0.60039186
0.128912,-0.32423592
0.128914,-1.202632
0.128916,-2.0347965
0.128918,-2.728267
0.12892,-3.329275
0.128922,-3.745357
0.128924,-3.9302826
0.128926,-3.9302826
0.128928,-3.6991258
0.12893,-3.2830436
0.128932,-2.6820357
0.128934,-1.9423337
0.128936,-1.1101689
0.128938,-0.2317729
0.12894,0.6928544
0.128942,1.5712504
0.128944,2.357184
0.128946,3.0044227
0.128948,3.5129685
0.12895,3.8365874
0.128952,3.9752812
0.128954,3.8828197
0.128956,3.5591989
0.128958,3.050654
0.12896,2.4034152
0.128962,1.6174817
0.128964,0.7390857
0.128966,-0.13931036
0.128968,-1.0639377
0.12897,-1.8961024
0.128972,-2.6358042
0.128974,-3.236812
0.128976,-3.6991258
0.128978,-3.9302826
0.12898,-3.9302826
0.128982,-3.745357
0.128984,-3.3755062
0.128986,-2.8207297
0.128988,-2.081028
0.12899,-1.2950945
0.128992,-0.3704667
0.128994,0.5541601
0.128996,1.4325566
0.128998,2.2184901
0.129,2.5883412
0.129002,-0.7403178
0.129004,-3.6066632
0.129006,-3.976514
0.129008,-3.9302826
0.12901,-3.6528945
0.129012,-3.1905808
0.129014,-2.5433414
0.129016,-1.8036394
0.129018,-0.9252434
0.12902,-0.046847343
0.129022,0.87777996
0.129024,1.756176
0.129026,2.4958777
0.12902799,3.1431174
0.12903,3.605431
0.129032,3.8828197
0.129034,3.92905
0.129036,3.7903562
0.129038,3.420505
0.12904,2.9119601
0.129042,2.2184901
0.129044,1.4325566
0.129046,0.5541601
0.129048,-0.3704667
0.12905,-1.2950945
0.129052,-2.081028
0.129054,-2.7744985
0.129056,-3.3755062
0.129058,-3.745357
0.12906,-3.9302826
0.129062,-3.9302826
0.129064,-3.6991258
0.129066,-3.2830436
0.129068,-2.6820357
0.12907,-1.8961024
0.129072,-1.0639377
0.12907399,-0.18554163
0.129076,0.7390857
0.129078,1.6174817
0.12908,2.4034152
0.129082,3.050654
0.129084,3.5591989
0.129086,3.8365874
0.129088,3.9752812
0.12909,3.8365874
0.129092,3.5129685
0.129094,3.0044227
0.129096,2.357184
0.129098,1.5712504
0.1291,0.6928544
0.129102,-0.2317729
0.129104,-1.1101689
0.129106,-1.9423337
0.129108,-2.6820357
0.12911,-3.2830436
0.129112,-3.6991258
0.129114,-3.9302826
0.129116,-3.9302826
0.129118,-3.745357
0.12911999,-3.329275
0.129122,-2.7744985
0.129124,-2.0347965
0.129126,-1.2488632
0.129128,-0.32423592
0.12913,0.60039186
0.129132,1.4787879
0.129134,2.2647214
0.129136,2.9581914
0.129138,3.4667363
0.12914,3.8365874
0.129142,3.9752812
0.129144,3.8828197
0.129146,3.605431
0.129148,3.0968862
0.12915,2.4958777
0.129152,1.7099442
0.129154,0.87777996
0.129156,-0.046847343
0.129158,-0.9714751
0.12916,-1.8036394
0.129162,-2.5433414
0.129164,-3.1905808
0.129166,-3.6528945
0.129168,-3.8840513
0.12917,-3.9302826
0.129172,-3.7915885
0.129174,-3.4217377
0.129176,-2.866961
0.129178,-2.1734905
0.12918,-1.387557
0.129182,-0.46292973
0.129184,0.46169758
0.129186,1.3400936
0.129188,2.126027
0.12919,2.8657289
0.129192,3.420505
0.129194,3.7903562
0.129196,3.92905
0.129198,3.92905
0.1292,3.6516623
0.129202,3.23558
0.129204,2.5883412
0.129206,1.8486385
0.129208,1.0164738
0.12921,0.091846466
0.129212,-0.78654957
0.129214,-1.6649456
0.129216,-2.4046474
0.129218,-3.098118
0.12922,-3.5604317
0.129222,-3.8840513
0.129224,-3.976514
0.129226,-3.8378198
0.129228,-3.5142004
0.12923,-3.0056553
0.129232,-2.3121846
0.129234,-1.48002
0.129236,-0.6478553
0.129238,0.27677202
0.12924,1.2013993
0.129242,1.9873328
0.129244,2.727035
0.129246,3.3280425
0.129248,3.744125
0.12925,3.92905
0.129252,3.92905
0.129254,3.6978936
0.129256,3.2818112
0.129258,2.727035
0.12926,1.9873328
0.129262,1.1551685
0.129264,0.27677202
0.129266,-0.6478553
0.129268,-1.48002
0.12927,-2.3121846
0.129272,-2.9594238
0.129274,-3.5142004
0.12927599,-3.8378198
0.129278,-3.976514
0.12928,-3.8840513
0.129282,-3.5604317
0.129284,-3.098118
0.129286,-2.4508786
0.129288,-1.6649456
0.12929,-0.78654957
0.129292,0.13807821
0.129294,1.0164738
0.129296,1.8486385
0.129298,2.6345725
0.1293,3.23558
0.129302,3.6516623
0.129304,3.92905
0.129306,3.92905
0.129308,3.7903562
0.12931,3.3742738
0.129312,2.8194976
0.129314,2.126027
0.129316,1.3400936
0.129318,0.4154663
0.12932,-0.5091615
0.12932199,-1.387557
0.129324,-2.1734905
0.129326,-2.866961
0.129328,-3.4217377
0.12933,-3.7915885
0.129332,-3.9302826
0.129334,-3.8840513
0.129336,-3.6528945
0.129338,-3.1905808
0.12934,-2.5433414
0.129342,-1.8036394
0.129344,-0.9714751
0.129346,-0.046847343
0.129348,0.87777996
0.12935,1.7099442
0.129352,2.4958777
0.129354,3.1431174
0.129356,3.605431
0.129358,3.8828197
0.12936,3.9752812
0.129362,3.8365874
0.129364,3.4667363
0.129366,2.9581914
0.12936799,2.2647214
0.12937,1.4787879
0.129372,0.60039186
0.129374,-0.32423592
0.129376,-1.2488632
0.129378,-2.0347965
0.12938,-2.7744985
0.129382,-3.329275
0.129384,-3.745357
0.129386,-3.9302826
0.129388,-3.9302826
0.12939,-3.6991258
0.129392,-3.2830436
0.129394,-2.6820357
0.129396,-1.9423337
0.129398,-1.1101689
0.1294,-0.18554163
0.129402,0.7390857
0.129404,1.5712504
0.129406,2.357184
0.129408,3.050654
0.12941,3.5591989
0.129412,3.8365874
0.129414,3.9752812
0.129416,3.8365874
0.129418,3.5591989
0.12942,3.0044227
0.129422,-0.27800417
0.129424,-1.48002
0.129426,-0.694087
0.129428,0.23054075
0.12943,1.1551685
0.129432,1.9873328
0.129434,2.727035
0.129436,3.3280425
0.129438,3.744125
0.12944,3.9752812
0.129442,3.9752812
0.129444,3.7903562
0.129446,3.3742738
0.129448,2.8194976
0.12945,2.0797954
0.129452,1.2938623
0.129454,0.36923456
0.129456,-0.55539227
0.129458,-1.4337888
0.12946,-2.2197218
0.129462,-2.9131925
0.129464,-3.467969
0.129466,-3.7915885
0.129468,-3.9302826
0.12947,-3.8840513
0.129472,-3.6066632
0.129474,-3.1443493
0.129476,-2.4971101
0.129478,-1.7111769
0.12948,-0.8790121
0.129482,0.045615196
0.129484,0.92401123
0.129486,1.8024073
0.129488,2.542109
0.12949,3.1893477
0.129492,3.6516623
0.129494,3.8828197
0.129496,3.9752812
0.129498,3.7903562
0.1295,3.420505
0.129502,2.9119601
0.129504,2.2184901
0.129506,1.4325566
0.129508,0.50792885
0.12951,-0.41669846
0.129512,-1.2950945
0.129514,-2.081028
0.129516,-2.8207297
0.129518,-3.3755062
0.12952,-3.745357
0.129522,-3.9302826
0.12952399,-3.9302826
0.129526,-3.6991258
0.129528,-3.236812
0.12953,-2.6358042
0.129532,-1.8961024
0.129534,-1.0639377
0.129536,-0.13931036
0.129538,0.7853174
0.12954,1.6174817
0.129542,2.4034152
0.129544,3.0968862
0.129546,3.5591989
0.129548,3.8828197
0.12955,3.9752812
0.129552,3.8365874
0.129554,3.5129685
0.129556,3.0044227
0.129558,2.3109517
0.12956,1.5250192
0.129562,0.6928544
0.129564,-0.2317729
0.129566,-1.1564007
0.129568,-1.9423337
0.12956999,-2.6820357
0.129572,-3.2830436
0.129574,-3.6991258
0.129576,-3.9302826
0.129578,-3.9302826
0.12958,-3.745357
0.129582,-3.329275
0.129584,-2.7744985
0.129586,-2.0347965
0.129588,-1.202632
0.12959,-0.27800417
0.129592,0.64662313
0.129594,1.4787879
0.129596,2.3109517
0.129598,2.9581914
0.1296,3.5129685
0.129602,3.8365874
0.129604,3.9752812
0.129606,3.8828197
0.129608,3.605431
0.12961,3.0968862
0.129612,2.4496465
0.129614,1.6637135
0.12961599,0.8315482
0.129618,-0.09307861
0.12962,-0.9714751
0.129622,-1.8036394
0.129624,-2.589573
0.129626,-3.1905808
0.129628,-3.6528945
0.12963,-3.8840513
0.129632,-3.9302826
0.129634,-3.7915885
0.129636,-3.4217377
0.129638,-2.866961
0.12964,-2.1734905
0.129642,-1.3413262
0.129644,-0.46292973
0.129646,0.46169758
0.129648,1.3400936
0.12965,2.172258
0.129652,2.8657289
0.129654,3.420505
0.129656,3.7903562
0.129658,3.92905
0.12966,3.8828197
0.129662,3.6516623
0.129664,3.1893477
0.129666,2.5883412
0.129668,1.8024073
0.12967,0.970243
0.129672,0.091846466
0.129674,-0.83278084
0.129676,-1.6649456
0.129678,-2.4508786
0.12968,-3.098118
0.129682,-3.6066632
0.129684,-3.8840513
0.129686,-3.976514
0.129688,-3.8378198
0.12969,-3.5142004
0.129692,-2.9594238
0.129694,-2.3121846
0.129696,-1.48002
0.129698,-0.601624
0.1297,0.3230033
0.129702,1.2013993
0.129704,2.033564
0.129706,2.7732663
0.129708,3.3280425
0.12971,3.744125
0.129712,3.92905
0.129714,3.92905
0.129716,3.6978936
0.129718,3.2818112
0.12972,2.6808028
0.129722,1.9411016
0.129724,1.1551685
0.129726,0.23054075
0.129728,-0.694087
0.12973,-1.5262513
0.129732,-2.3121846
0.129734,-3.0056553
0.129736,-3.5142004
0.129738,-3.8378198
0.12974,-3.976514
0.129742,-3.8840513
0.129744,-3.5604317
0.129746,-3.098118
0.129748,-2.4046474
0.12975,-1.6187139
0.129752,-0.78654957
0.129754,0.13807821
0.129756,1.0627055
0.129758,1.8948698
0.12976,2.6345725
0.129762,3.23558
0.129764,3.6978936
0.129766,3.92905
0.129768,3.92905
0.12977,3.744125
0.129772,3.3742738
0.129774,2.8194976
0.129776,2.0797954
0.129778,1.2938623
0.12978,0.4154663
0.129782,-0.5091615
0.129784,-1.387557
0.129786,-2.1734905
0.129788,-2.866961
0.12979,-3.4217377
0.129792,-3.7915885
0.129794,-3.9302826
0.129796,-3.8840513
0.129798,-3.6528945
0.1298,-3.1905808
0.129802,-2.5433414
0.129804,-1.7574081
0.129806,-0.9252434
0.129808,-6.160736E-4
0.12981,0.92401123
0.129812,1.756176
0.129814,2.4958777
0.129816,3.1431174
0.12981799,3.605431
0.12982,3.8828197
0.129822,3.9752812
0.129824,3.7903562
0.129826,3.4667363
0.129828,2.9119601
0.12983,2.2184901
0.129832,1.4325566
0.129834,0.5541601
0.129836,-0.3704667
0.129838,-1.2488632
0.12984,-2.1734905
0.129842,1.0627055
0.129844,3.3742738
0.129846,3.7903562
0.129848,3.9752812
0.12985,3.9752812
0.129852,3.744125
0.129854,3.2818112
0.129856,2.6808028
0.129858,1.9411016
0.12986,1.1089368
0.129862,0.23054075
0.12986399,-0.694087
0.129866,-1.5724826
0.129868,-2.3584158
0.12987,-3.0056553
0.129872,-3.5142004
0.129874,-3.8378198
0.129876,-3.9302826
0.129878,-3.8378198
0.12988,-3.5142004
0.129882,-3.0056553
0.129884,-2.3584158
0.129886,-1.5724826
0.129888,-0.694087
0.12989,0.23054075
0.129892,1.1089368
0.129894,1.9411016
0.129896,2.6808028
0.129898,3.2818112
0.1299,3.6978936
0.129902,3.92905
0.129904,3.92905
0.129906,3.744125
0.129908,3.3742738
0.12991,2.7732663
0.129912,2.033564
0.129914,1.2476311
0.129916,0.36923456
0.129918,-0.55539227
0.12992,-1.4337888
0.129922,-2.2197218
0.129924,-2.9131925
0.129926,-3.467969
0.129928,-3.7915885
0.12993,-3.9302826
0.129932,-3.8840513
0.129934,-3.6066632
0.129936,-3.1443493
0.129938,-2.4971101
0.12994,-1.7111769
0.129942,-0.8790121
0.129944,0.045615196
0.129946,0.970243
0.129948,1.8024073
0.12995,2.542109
0.129952,3.1893477
0.129954,3.6516623
0.129956,3.8828197
0.129958,3.9752812
0.12996,3.7903562
0.129962,3.420505
0.129964,2.8657289
0.129966,2.172258
0.129968,1.3863249
0.12997,0.50792885
0.129972,-0.41669846
0.129974,-1.2950945
0.129976,-2.081028
0.129978,-2.8207297
0.12998,-3.3755062
0.129982,-3.745357
0.129984,-3.9302826
0.129986,-3.9302826
0.129988,-3.6528945
0.12999,-3.236812
0.129992,-2.6358042
0.129994,-1.8498712
0.129996,-1.0177064
0.129998,-0.13931036
0.13,0.7853174
0.130002,1.6637135
0.130004,2.4496465
0.130006,3.0968862
0.130008,3.5591989
0.13001,3.8828197
0.130012,3.9752812
0.130014,3.8365874
0.130016,3.5129685
0.130018,3.0044227
0.13002,2.3109517
0.130022,1.5250192
0.130024,0.64662313
0.130026,-0.2317729
0.130028,-1.1564007
0.13003,-1.9423337
0.130032,-2.6820357
0.130034,-3.2830436
0.130036,-3.6991258
0.130038,-3.9302826
0.13004,-3.9302826
0.130042,-3.745357
0.130044,-3.329275
0.130046,-2.728267
0.130048,-1.9885652
0.13005,-1.202632
0.130052,-0.27800417
0.130054,0.64662313
0.130056,1.5250192
0.130058,2.3109517
0.13006,3.0044227
0.130062,3.5129685
0.130064,3.8365874
0.13006599,3.9752812
0.130068,3.8828197
0.13007,3.5591989
0.130072,3.0968862
0.130074,2.4496465
0.130076,1.6637135
0.130078,0.8315482
0.13008,-0.09307861
0.130082,-1.0177064
0.130084,-1.8036394
0.130086,-2.589573
0.130088,-3.1905808
0.13009,-3.6528945
0.130092,-3.8840513
0.130094,-3.9302826
0.130096,-3.7915885
0.130098,-3.4217377
0.1301,-2.866961
0.130102,-2.1272593
0.130104,-1.3413262
0.130106,-0.46292973
0.130108,0.46169758
0.13011,1.3863249
0.13011199,2.172258
0.130114,2.8657289
0.130116,3.420505
0.130118,3.7903562
0.13012,3.9752812
0.130122,3.8828197
0.130124,3.6516623
0.130126,3.1893477
0.130128,2.5883412
0.13013,1.8024073
0.130132,0.970243
0.130134,0.091846466
0.130136,-0.83278084
0.130138,-1.6649456
0.13014,-2.4508786
0.130142,-3.098118
0.130144,-3.6066632
0.130146,-3.8840513
0.130148,-3.976514
0.13015,-3.8378198
0.130152,-3.467969
0.130154,-2.9594238
0.130156,-2.2659533
0.13015799,-1.48002
0.13016,-0.601624
0.130162,0.3230033
0.130164,1.2476311
0.130166,2.033564
0.130168,2.7732663
0.13017,3.3280425
0.130172,3.744125
0.130174,3.92905
0.130176,3.92905
0.130178,3.6978936
0.13018,3.2818112
0.130182,2.6808028
0.130184,1.9411016
0.130186,1.1089368
0.130188,0.23054075
0.13019,-0.694087
0.130192,-1.5262513
0.130194,-2.3121846
0.130196,-3.0056553
0.130198,-3.5142004
0.1302,-3.8378198
0.130202,-3.976514
0.130204,-3.8378198
0.130206,-3.5604317
0.130208,-3.0518866
0.13021,-2.4046474
0.130212,-1.6187139
0.130214,-0.7403178
0.130216,0.184309
0.130218,1.0627055
0.13022,1.8948698
0.130222,2.6345725
0.130224,3.23558
0.130226,3.6978936
0.130228,3.92905
0.13023,3.92905
0.130232,3.744125
0.130234,3.3742738
0.130236,2.8194976
0.130238,2.0797954
0.13024,1.2938623
0.130242,0.36923456
0.130244,-0.55539227
0.130246,-1.4337888
0.130248,-2.2197218
0.13025,-2.9131925
0.130252,-3.467969
0.130254,-3.7915885
0.130256,-3.9302826
0.130258,-3.8840513
0.13026,-3.6066632
0.130262,-0.78654957
0.130264,2.2184901
0.130266,1.7099442
0.130268,0.87777996
0.13027,-0.046847343
0.130272,-0.9252434
0.130274,-1.7574081
0.130276,-2.5433414
0.130278,-3.1905808
0.13028,-3.6528945
0.130282,-3.9302826
0.130284,-3.976514
0.130286,-3.8378198
0.130288,-3.467969
0.13029,-2.9131925
0.130292,-2.2197218
0.130294,-1.4337888
0.130296,-0.55539227
0.130298,0.36923456
0.1303,1.2938623
0.130302,2.0797954
0.130304,2.8194976
0.130306,3.3742738
0.130308,3.744125
0.13031,3.92905
0.130312,3.92905
0.13031399,3.6978936
0.130316,3.23558
0.130318,2.6345725
0.13032,1.8948698
0.130322,1.0627055
0.130324,0.184309
0.130326,-0.7403178
0.130328,-1.6187139
0.13033,-2.4046474
0.130332,-3.0518866
0.130334,-3.5604317
0.130336,-3.8378198
0.130338,-3.976514
0.13034,-3.8378198
0.130342,-3.5142004
0.130344,-3.0056553
0.130346,-2.3584158
0.130348,-1.5724826
0.13035,-0.694087
0.130352,0.23054075
0.130354,1.1551685
0.130356,1.9411016
0.130358,2.6808028
0.13035999,3.2818112
0.130362,3.6978936
0.130364,3.92905
0.130366,3.92905
0.130368,3.744125
0.13037,3.3280425
0.130372,2.7732663
0.130374,2.033564
0.130376,1.2013993
0.130378,0.3230033
0.13038,-0.601624
0.130382,-1.48002
0.130384,-2.2659533
0.130386,-2.9594238
0.130388,-3.467969
0.13039,-3.8378198
0.130392,-3.976514
0.130394,-3.8840513
0.130396,-3.6066632
0.130398,-3.1443493
0.1304,-2.4971101
0.130402,-1.7111769
0.130404,-0.83278084
0.13040599,0.091846466
0.130408,0.970243
0.13041,1.8024073
0.130412,2.5883412
0.130414,3.1893477
0.130416,3.6516623
0.130418,3.8828197
0.13042,3.92905
0.130422,3.7903562
0.130424,3.420505
0.130426,2.8657289
0.130428,2.172258
0.13043,1.3863249
0.130432,0.46169758
0.130434,-0.41669846
0.130436,-1.3413262
0.130438,-2.1272593
0.13044,-2.8207297
0.130442,-3.3755062
0.130444,-3.7915885
0.130446,-3.9302826
0.130448,-3.8840513
0.13045,-3.6528945
0.130452,-3.236812
0.130454,-2.589573
0.130456,-1.8498712
0.130458,-1.0177064
0.13046,-0.09307861
0.130462,0.8315482
0.130464,1.6637135
0.130466,2.4496465
0.130468,3.0968862
0.13047,3.605431
0.130472,3.8828197
0.130474,3.9752812
0.130476,3.8365874
0.130478,3.5129685
0.13048,2.9581914
0.130482,2.3109517
0.130484,1.4787879
0.130486,0.64662313
0.130488,-0.27800417
0.13049,-1.1564007
0.130492,-1.9885652
0.130494,-2.728267
0.130496,-3.329275
0.130498,-3.6991258
0.1305,-3.9302826
0.130502,-3.9302826
0.130504,-3.6991258
0.130506,-3.2830436
0.130508,-2.728267
0.13051,-1.9885652
0.130512,-1.1564007
0.130514,-0.2317729
0.130516,0.64662313
0.130518,1.5250192
0.13052,2.3109517
0.130522,3.0044227
0.130524,3.5129685
0.130526,3.8365874
0.130528,3.9752812
0.13053,3.8828197
0.130532,3.5591989
0.130534,3.0968862
0.130536,2.4034152
0.130538,1.6637135
0.13054,0.7853174
0.130542,-0.13931036
0.130544,-1.0177064
0.130546,-1.8498712
0.130548,-2.589573
0.13055,-3.236812
0.130552,-3.6528945
0.130554,-3.9302826
0.130556,-3.9302826
0.130558,-3.745357
0.13056,-3.3755062
0.13056199,-2.8207297
0.130564,-2.1272593
0.130566,-1.2950945
0.130568,-0.41669846
0.13057,0.50792885
0.130572,1.3863249
0.130574,2.2184901
0.130576,2.9119601
0.130578,3.420505
0.13058,3.7903562
0.130582,3.9752812
0.130584,3.8828197
0.130586,3.6516623
0.130588,3.1893477
0.13059,2.542109
0.130592,1.8024073
0.130594,0.970243
0.130596,0.045615196
0.130598,-0.8790121
0.1306,-1.7111769
0.130602,-2.4971101
0.130604,-3.1443493
0.130606,-3.6066632
0.13060799,-3.8840513
0.13061,-3.9302826
0.130612,-3.8378198
0.130614,-3.467969
0.130616,-2.9594238
0.130618,-2.2659533
0.13062,-1.48002
0.130622,-0.55539227
0.130624,0.36923456
0.130626,1.2476311
0.130628,2.0797954
0.13063,2.7732663
0.130632,3.3742738
0.130634,3.744125
0.130636,3.92905
0.130638,3.92905
0.13064,3.6978936
0.130642,3.2818112
0.130644,2.6808028
0.130646,1.9411016
0.130648,1.1089368
0.13065,0.184309
0.130652,-0.694087
0.13065399,-1.5724826
0.130656,-2.3584158
0.130658,-3.0056553
0.13066,-3.5142004
0.130662,-3.8378198
0.130664,-3.976514
0.130666,-3.8378198
0.130668,-3.5604317
0.13067,-3.0518866
0.130672,-2.4046474
0.130674,-1.5724826
0.130676,-0.7403178
0.130678,0.184309
0.13068,1.1089368
0.130682,-1.387557
0.130684,-2.6820357
0.130686,-3.329275
0.130688,-3.745357
0.13069,-3.976514
0.130692,-3.976514
0.130694,-3.7915885
0.130696,-3.4217377
0.130698,-2.8207297
0.1307,-2.1272593
0.130702,-1.2950945
0.130704,-0.3704667
0.130706,0.5541601
0.130708,1.4325566
0.13071,2.2184901
0.130712,2.9119601
0.130714,3.4667363
0.130716,3.7903562
0.130718,3.92905
0.13072,3.8828197
0.130722,3.605431
0.130724,3.1431174
0.130726,2.4958777
0.130728,1.7099442
0.13073,0.87777996
0.130732,-0.046847343
0.130734,-0.9252434
0.130736,-1.7574081
0.130738,-2.5433414
0.13074,-3.1443493
0.130742,-3.6528945
0.130744,-3.8840513
0.130746,-3.976514
0.130748,-3.7915885
0.13075,-3.467969
0.130752,-2.9131925
0.130754,-2.2197218
0.130756,-1.4337888
0.130758,-0.5091615
0.13076,0.4154663
0.130762,1.2938623
0.130764,2.126027
0.130766,2.8194976
0.130768,3.3742738
0.13077,3.744125
0.130772,3.92905
0.130774,3.92905
0.130776,3.6516623
0.130778,3.23558
0.13078,2.6345725
0.130782,1.8948698
0.130784,1.0627055
0.130786,0.13807821
0.130788,-0.78654957
0.13079,-1.6187139
0.130792,-2.4046474
0.130794,-3.0518866
0.130796,-3.5604317
0.130798,-3.8840513
0.1308,-3.976514
0.130802,-3.8378198
0.130804,-3.5142004
0.130806,-3.0056553
0.130808,-2.3584158
0.13081,-1.5262513
0.130812,-0.694087
0.130814,0.23054075
0.130816,1.1551685
0.130818,1.9873328
0.13082,2.727035
0.130822,3.2818112
0.130824,3.6978936
0.130826,3.92905
0.130828,3.92905
0.13083,3.744125
0.130832,3.3280425
0.130834,2.727035
0.130836,2.033564
0.130838,1.2013993
0.13084,0.3230033
0.130842,-0.601624
0.130844,-1.48002
0.130846,-2.2659533
0.130848,-2.9594238
0.13085,-3.467969
0.130852,-3.8378198
0.130854,-3.976514
0.13085599,-3.8840513
0.130858,-3.6066632
0.13086,-3.098118
0.130862,-2.4508786
0.130864,-1.6649456
0.130866,-0.83278084
0.130868,0.091846466
0.13087,1.0164738
0.130872,1.8486385
0.130874,2.5883412
0.130876,3.1893477
0.130878,3.6516623
0.13088,3.92905
0.130882,3.92905
0.130884,3.7903562
0.130886,3.420505
0.130888,2.8657289
0.13089,2.172258
0.130892,1.3400936
0.130894,0.46169758
0.130896,-0.46292973
0.130898,-1.3413262
0.1309,-2.1272593
0.13090199,-2.866961
0.130904,-3.4217377
0.130906,-3.7915885
0.130908,-3.9302826
0.13091,-3.8840513
0.130912,-3.6528945
0.130914,-3.1905808
0.130916,-2.589573
0.130918,-1.8498712
0.13092,-0.9714751
0.130922,-0.09307861
0.130924,0.8315482
0.130926,1.7099442
0.130928,2.4496465
0.13093,3.0968862
0.130932,3.605431
0.130934,3.8828197
0.130936,3.9752812
0.130938,3.8365874
0.13094,3.5129685
0.130942,2.9581914
0.130944,2.2647214
0.130946,1.4787879
0.130948,0.60039186
0.13095,-0.27800417
0.130952,-1.202632
0.130954,-1.9885652
0.130956,-2.728267
0.130958,-3.329275
0.13096,-3.745357
0.130962,-3.9302826
0.130964,-3.9302826
0.130966,-3.6991258
0.130968,-3.2830436
0.13097,-2.728267
0.130972,-1.9885652
0.130974,-1.1564007
0.130976,-0.2317729
0.130978,0.6928544
0.13098,1.5250192
0.130982,2.357184
0.130984,3.0044227
0.130986,3.5129685
0.130988,3.8365874
0.13099,3.9752812
0.130992,3.8828197
0.130994,3.5591989
0.130996,3.050654
0.130998,2.4034152
0.131,1.6174817
0.131002,0.7853174
0.131004,-0.13931036
0.131006,-1.0177064
0.131008,-1.8498712
0.13101,-2.6358042
0.131012,-3.236812
0.131014,-3.6528945
0.131016,-3.9302826
0.131018,-3.9302826
0.13102,-3.745357
0.131022,-3.3755062
0.131024,-2.8207297
0.131026,-2.1272593
0.131028,-1.2950945
0.13103,-0.41669846
0.131032,0.50792885
0.131034,1.4325566
0.131036,2.2184901
0.131038,2.9119601
0.13104,3.4667363
0.131042,3.7903562
0.131044,3.9752812
0.131046,3.8828197
0.131048,3.6516623
0.13105,3.1893477
0.131052,2.542109
0.131054,1.756176
0.131056,0.92401123
0.131058,0.045615196
0.13106,-0.8790121
0.131062,-1.7111769
0.131064,-2.4971101
0.131066,-3.1443493
0.131068,-3.6066632
0.13107,-3.8840513
0.131072,-3.976514
0.131074,-3.7915885
0.131076,-3.467969
0.131078,-2.9131925
0.13108,-2.2197218
0.131082,-1.4337888
0.131084,-0.55539227
0.131086,0.36923456
0.131088,1.2476311
0.13109,2.0797954
0.131092,2.7732663
0.131094,3.3742738
0.131096,3.744125
0.131098,3.92905
0.1311,3.92905
0.131102,1.4325566
0.13110399,-1.8961024
0.131106,-2.589573
0.131108,-1.8961024
0.13111,-1.0639377
0.131112,-0.13931036
0.131114,0.7853174
0.131116,1.6174817
0.131118,2.4034152
0.13112,3.050654
0.131122,3.5591989
0.131124,3.8828197
0.131126,3.9752812
0.131128,3.8828197
0.13113,3.5591989
0.131132,3.050654
0.131134,2.357184
0.131136,1.5712504
0.131138,0.7390857
0.13114,-0.18554163
0.131142,-1.1101689
0.131144,-1.8961024
0.131146,-2.6820357
0.131148,-3.2830436
0.13114999,-3.6991258
0.131152,-3.9302826
0.131154,-3.9302826
0.131156,-3.745357
0.131158,-3.329275
0.13116,-2.7744985
0.131162,-2.0347965
0.131164,-1.2488632
0.131166,-0.32423592
0.131168,0.60039186
0.13117,1.4787879
0.131172,2.2647214
0.131174,2.9581914
0.131176,3.4667363
0.131178,3.8365874
0.13118,3.9752812
0.131182,3.8828197
0.131184,3.605431
0.131186,3.1431174
0.131188,2.4958777
0.13119,1.7099442
0.131192,0.87777996
0.131194,-0.046847343
0.13119599,-0.9252434
0.131198,-1.7574081
0.1312,-2.5433414
0.131202,-3.1905808
0.131204,-3.6528945
0.131206,-3.8840513
0.131208,-3.9302826
0.13121,-3.7915885
0.131212,-3.4217377
0.131214,-2.9131925
0.131216,-2.1734905
0.131218,-1.387557
0.13122,-0.5091615
0.131222,0.4154663
0.131224,1.3400936
0.131226,2.126027
0.131228,2.8194976
0.13123,3.420505
0.131232,3.7903562
0.131234,3.92905
0.131236,3.92905
0.131238,3.6516623
0.13124,3.23558
0.131242,2.5883412
0.131244,1.8486385
0.131246,1.0164738
0.131248,0.13807821
0.13125,-0.78654957
0.131252,-1.6187139
0.131254,-2.4046474
0.131256,-3.098118
0.131258,-3.5604317
0.13126,-3.8840513
0.131262,-3.976514
0.131264,-3.8378198
0.131266,-3.5142004
0.131268,-3.0056553
0.13127,-2.3121846
0.131272,-1.5262513
0.131274,-0.6478553
0.131276,0.27677202
0.131278,1.1551685
0.13128,1.9873328
0.131282,2.727035
0.131284,3.3280425
0.131286,3.6978936
0.131288,3.92905
0.13129,3.92905
0.131292,3.744125
0.131294,3.3280425
0.131296,2.727035
0.131298,1.9873328
0.1313,1.2013993
0.131302,0.27677202
0.131304,-0.6478553
0.131306,-1.48002
0.131308,-2.2659533
0.13131,-2.9594238
0.131312,-3.5142004
0.131314,-3.8378198
0.131316,-3.976514
0.131318,-3.8840513
0.13132,-3.5604317
0.131322,-3.098118
0.131324,-2.4508786
0.131326,-1.6649456
0.131328,-0.83278084
0.13133,0.091846466
0.131332,1.0164738
0.131334,1.8486385
0.131336,2.5883412
0.131338,3.23558
0.13134,3.6516623
0.131342,3.92905
0.131344,3.92905
0.131346,3.7903562
0.131348,3.3742738
0.13135,2.8194976
0.13135199,2.126027
0.131354,1.3400936
0.131356,0.46169758
0.131358,-0.46292973
0.13136,-1.387557
0.131362,-2.1734905
0.131364,-2.866961
0.131366,-3.4217377
0.131368,-3.7915885
0.13137,-3.9302826
0.131372,-3.8840513
0.131374,-3.6528945
0.131376,-3.1905808
0.131378,-2.589573
0.13138,-1.8036394
0.131382,-0.9714751
0.131384,-0.046847343
0.131386,0.87777996
0.131388,1.7099442
0.13139,2.4958777
0.131392,3.1431174
0.131394,3.605431
0.131396,3.8828197
0.13139799,3.9752812
0.1314,3.8365874
0.131402,3.4667363
0.131404,2.9581914
0.131406,2.2647214
0.131408,1.4787879
0.13141,0.60039186
0.131412,-0.32423592
0.131414,-1.202632
0.131416,-2.0347965
0.131418,-2.728267
0.13142,-3.329275
0.131422,-3.745357
0.131424,-3.9302826
0.131426,-3.9302826
0.131428,-3.6991258
0.13143,-3.2830436
0.131432,-2.6820357
0.131434,-1.9423337
0.131436,-1.1101689
0.131438,-0.2317729
0.13144,0.6928544
0.131442,1.5712504
0.13144399,2.357184
0.131446,3.050654
0.131448,3.5591989
0.13145,3.8365874
0.131452,3.9752812
0.131454,3.8365874
0.131456,3.5591989
0.131458,3.050654
0.13146,2.4034152
0.131462,1.6174817
0.131464,0.7390857
0.131466,-0.18554163
0.131468,-1.0639377
0.13147,-1.8961024
0.131472,-2.6358042
0.131474,-3.236812
0.131476,-3.6991258
0.131478,-3.9302826
0.13148,-3.9302826
0.131482,-3.745357
0.131484,-3.3755062
0.131486,-2.8207297
0.131488,-2.081028
0.13149,-1.2950945
0.131492,-0.3704667
0.131494,0.5541601
0.131496,1.4325566
0.131498,2.2184901
0.1315,2.9119601
0.131502,3.4667363
0.131504,3.7903562
0.131506,3.9752812
0.131508,3.8828197
0.13151,3.605431
0.131512,3.1431174
0.131514,2.4958777
0.131516,1.756176
0.131518,0.92401123
0.13152,-6.160736E-4
0.131522,0.92401123
0.131524,1.8486385
0.131526,2.5883412
0.131528,3.23558
0.13153,3.6978936
0.131532,3.92905
0.131534,4.0215135
0.131536,3.8365874
0.131538,3.5129685
0.13154,2.9581914
0.131542,2.2647214
0.131544,1.4787879
0.131546,0.5541601
0.131548,-0.3704667
0.13155,-1.2488632
0.131552,-2.0347965
0.131554,-2.7744985
0.131556,-3.329275
0.131558,-3.745357
0.13156,-3.9302826
0.131562,-3.8840513
0.131564,-3.6528945
0.131566,-3.236812
0.131568,-2.6358042
0.13157,-1.8961024
0.131572,-1.0639377
0.131574,-0.13931036
0.131576,0.7853174
0.131578,1.6174817
0.13158,2.4034152
0.131582,3.050654
0.131584,3.5591989
0.131586,3.8828197
0.131588,3.9752812
0.13159,3.8365874
0.131592,3.5129685
0.131594,3.0044227
0.131596,2.357184
0.131598,1.5712504
0.13159999,0.6928544
0.131602,-0.2317729
0.131604,-1.1101689
0.131606,-1.9423337
0.131608,-2.6820357
0.13161,-3.2830436
0.131612,-3.6991258
0.131614,-3.9302826
0.131616,-3.9302826
0.131618,-3.745357
0.13162,-3.329275
0.131622,-2.7744985
0.131624,-2.0347965
0.131626,-1.202632
0.131628,-0.32423592
0.13163,0.60039186
0.131632,1.4787879
0.131634,2.2647214
0.131636,2.9581914
0.131638,3.4667363
0.13164,3.8365874
0.131642,3.9752812
0.131644,3.8828197
0.13164599,3.605431
0.131648,3.0968862
0.13165,2.4958777
0.131652,1.7099442
0.131654,0.87777996
0.131656,-0.046847343
0.131658,-0.9714751
0.13166,-1.8036394
0.131662,-2.5433414
0.131664,-3.1905808
0.131666,-3.6528945
0.131668,-3.8840513
0.13167,-3.9302826
0.131672,-3.7915885
0.131674,-3.4217377
0.131676,-2.866961
0.131678,-2.1734905
0.13168,-1.387557
0.131682,-0.46292973
0.131684,0.46169758
0.131686,1.3400936
0.131688,2.126027
0.13169,2.8657289
0.13169199,3.420505
0.131694,3.7903562
0.131696,3.92905
0.131698,3.92905
0.1317,3.6516623
0.131702,3.23558
0.131704,2.5883412
0.131706,1.8486385
0.131708,1.0164738
0.13171,0.091846466
0.131712,-0.78654957
0.131714,-1.6649456
0.131716,-2.4508786
0.131718,-3.098118
0.13172,-3.5604317
0.131722,-3.8840513
0.131724,-3.976514
0.131726,-3.8378198
0.131728,-3.5142004
0.13173,-3.0056553
0.131732,-2.3121846
0.131734,-1.48002
0.131736,-0.6478553
0.131738,0.27677202
0.13174,1.2013993
0.131742,1.9873328
0.131744,2.727035
0.131746,3.3280425
0.131748,3.744125
0.13175,3.92905
0.131752,3.92905
0.131754,3.6978936
0.131756,3.2818112
0.131758,2.727035
0.13176,1.9873328
0.131762,1.1551685
0.131764,0.27677202
0.131766,-0.6478553
0.131768,-1.5262513
0.13177,-2.3121846
0.131772,-3.0056553
0.131774,-3.5142004
0.131776,-3.8378198
0.131778,-3.976514
0.13178,-3.8840513
0.131782,-3.5604317
0.131784,-3.098118
0.131786,-2.4508786
0.131788,-1.6649456
0.13179,-0.78654957
0.131792,0.13807821
0.131794,1.0164738
0.131796,1.8486385
0.131798,2.6345725
0.1318,3.23558
0.131802,3.6516623
0.131804,3.92905
0.131806,3.92905
0.131808,3.744125
0.13181,3.3742738
0.131812,2.8194976
0.131814,2.126027
0.131816,1.2938623
0.131818,0.4154663
0.13182,-0.5091615
0.131822,-1.387557
0.131824,-2.1734905
0.131826,-2.866961
0.131828,-3.4217377
0.13183,-3.7915885
0.131832,-3.9302826
0.131834,-3.8840513
0.131836,-3.6528945
0.131838,-3.1905808
0.13184,-2.5433414
0.131842,-1.8036394
0.131844,-0.9714751
0.131846,-0.046847343
0.13184799,0.87777996
0.13185,1.7099442
0.131852,2.4958777
0.131854,3.1431174
0.131856,3.605431
0.131858,3.8828197
0.13186,3.9752812
0.131862,3.8365874
0.131864,3.4667363
0.131866,2.9119601
0.131868,2.2647214
0.13187,1.4787879
0.131872,0.60039186
0.131874,-0.32423592
0.131876,-1.2488632
0.131878,-2.0347965
0.13188,-2.7744985
0.131882,-3.329275
0.131884,-3.745357
0.131886,-3.9302826
0.131888,-3.9302826
0.13189,-3.6991258
0.131892,-3.2830436
0.13189399,-2.6820357
0.131896,-1.9423337
0.131898,-1.1101689
0.1319,-0.18554163
0.131902,0.7390857
0.131904,1.5712504
0.131906,2.357184
0.131908,3.050654
0.13191,3.5591989
0.131912,3.8365874
0.131914,3.9752812
0.131916,3.8365874
0.131918,3.5591989
0.13192,3.050654
0.131922,2.357184
0.131924,1.5712504
0.131926,0.7390857
0.131928,-0.18554163
0.13193,-1.0639377
0.131932,-1.8961024
0.131934,-2.6358042
0.131936,-3.236812
0.131938,-3.6991258
0.13193999,-3.9302826
0.131942,-2.3584158
0.131944,1.2938623
0.131946,3.2818112
0.131948,2.7732663
0.13195,2.033564
0.131952,1.2476311
0.131954,0.36923456
0.131956,-0.55539227
0.131958,-1.4337888
0.13196,-2.2197218
0.131962,-2.9131925
0.131964,-3.467969
0.131966,-3.7915885
0.131968,-3.976514
0.13197,-3.8840513
0.131972,-3.6066632
0.131974,-3.1443493
0.131976,-2.4971101
0.131978,-1.7111769
0.13198,-0.8790121
0.131982,0.045615196
0.131984,0.92401123
0.131986,1.8024073
0.131988,2.542109
0.13199,3.1893477
0.131992,3.6516623
0.131994,3.8828197
0.131996,3.9752812
0.131998,3.7903562
0.132,3.420505
0.132002,2.9119601
0.132004,2.2184901
0.132006,1.3863249
0.132008,0.50792885
0.13201,-0.41669846
0.132012,-1.2950945
0.132014,-2.081028
0.132016,-2.8207297
0.132018,-3.3755062
0.13202,-3.745357
0.132022,-3.9302826
0.132024,-3.9302826
0.132026,-3.6528945
0.132028,-3.236812
0.13203,-2.6358042
0.132032,-1.8961024
0.132034,-1.0177064
0.132036,-0.13931036
0.132038,0.7853174
0.13204,1.6174817
0.132042,2.4034152
0.132044,3.0968862
0.132046,3.5591989
0.132048,3.8828197
0.13205,3.9752812
0.132052,3.8365874
0.132054,3.5129685
0.132056,3.0044227
0.132058,2.3109517
0.13206,1.5250192
0.132062,0.6928544
0.132064,-0.2317729
0.132066,-1.1564007
0.132068,-1.9423337
0.13207,-2.6820357
0.132072,-3.2830436
0.132074,-3.6991258
0.132076,-3.9302826
0.132078,-3.9302826
0.13208,-3.745357
0.132082,-3.329275
0.132084,-2.728267
0.132086,-2.0347965
0.132088,-1.202632
0.13209,-0.27800417
0.132092,0.64662313
0.132094,1.4787879
0.132096,2.3109517
0.132098,2.9581914
0.1321,3.5129685
0.132102,3.8365874
0.132104,3.9752812
0.132106,3.8828197
0.132108,3.605431
0.13211,3.0968862
0.132112,2.4496465
0.132114,1.6637135
0.132116,0.8315482
0.132118,-0.09307861
0.13212,-0.9714751
0.132122,-1.8036394
0.132124,-2.589573
0.132126,-3.1905808
0.132128,-3.6528945
0.13213,-3.8840513
0.132132,-3.9302826
0.132134,-3.7915885
0.132136,-3.4217377
0.132138,-2.866961
0.13214,-2.1734905
0.13214199,-1.3413262
0.132144,-0.46292973
0.132146,0.46169758
0.132148,1.3863249
0.13215,2.172258
0.132152,2.8657289
0.132154,3.420505
0.132156,3.7903562
0.132158,3.9752812
0.13216,3.8828197
0.132162,3.6516623
0.132164,3.1893477
0.132166,2.5883412
0.132168,1.8024073
0.13217,0.970243
0.132172,0.091846466
0.132174,-0.83278084
0.132176,-1.6649456
0.132178,-2.4508786
0.13218,-3.098118
0.132182,-3.6066632
0.132184,-3.8840513
0.132186,-3.976514
0.13218799,-3.8378198
0.13219,-3.467969
0.132192,-2.9594238
0.132194,-2.2659533
0.132196,-1.48002
0.132198,-0.601624
0.1322,0.3230033
0.132202,1.2013993
0.132204,2.033564
0.132206,2.7732663
0.132208,3.3280425
0.13221,3.744125
0.132212,3.92905
0.132214,3.92905
0.132216,3.6978936
0.132218,3.2818112
0.13222,2.6808028
0.132222,1.9411016
0.132224,1.1551685
0.132226,0.23054075
0.132228,-0.694087
0.13223,-1.5262513
0.132232,-2.3121846
0.13223399,-3.0056553
0.132236,-3.5142004
0.132238,-3.8378198
0.13224,-3.976514
0.132242,-3.8840513
0.132244,-3.5604317
0.132246,-3.0518866
0.132248,-2.4046474
0.13225,-1.6187139
0.132252,-0.78654957
0.132254,0.13807821
0.132256,1.0627055
0.132258,1.8948698
0.13226,2.6345725
0.132262,3.23558
0.132264,3.6978936
0.132266,3.92905
0.132268,3.92905
0.13227,3.744125
0.132272,3.3742738
0.132274,2.8194976
0.132276,2.0797954
0.132278,1.2938623
0.13228,0.4154663
0.132282,-0.5091615
0.132284,-1.387557
0.132286,-2.1734905
0.132288,-2.9131925
0.13229,-3.4217377
0.132292,-3.7915885
0.132294,-3.9302826
0.132296,-3.8840513
0.132298,-3.6066632
0.1323,-3.1905808
0.132302,-2.5433414
0.132304,-1.7574081
0.132306,-0.9252434
0.132308,-6.160736E-4
0.13231,0.92401123
0.132312,1.756176
0.132314,2.4958777
0.132316,3.1431174
0.132318,3.605431
0.13232,3.8828197
0.132322,3.9752812
0.132324,3.7903562
0.132326,3.4667363
0.132328,2.9119601
0.13233,2.2184901
0.132332,1.4325566
0.132334,0.5541601
0.132336,-0.3704667
0.132338,-1.2488632
0.13234,-2.081028
0.132342,-2.7744985
0.132344,-3.3755062
0.132346,-3.745357
0.132348,-3.9302826
0.13235,-3.9302826
0.132352,-3.6991258
0.132354,-3.2830436
0.132356,-2.6820357
0.132358,-1.8961024
0.13236,-1.0639377
0.132362,-0.09307861
0.132364,-0.83278084
0.132366,-1.6649456
0.132368,-2.4508786
0.13237,-3.098118
0.132372,-3.6066632
0.132374,-3.9302826
0.132376,-4.022745
0.132378,-3.8840513
0.13238,-3.5604317
0.132382,-3.098118
0.132384,-2.4046474
0.132386,-1.6187139
0.132388,-0.7403178
0.13238999,0.184309
0.132392,1.1089368
0.132394,1.8948698
0.132396,2.6345725
0.132398,3.2818112
0.1324,3.6978936
0.132402,3.92905
0.132404,3.92905
0.132406,3.744125
0.132408,3.3280425
0.13241,2.7732663
0.132412,2.033564
0.132414,1.2476311
0.132416,0.3230033
0.132418,-0.601624
0.13242,-1.48002
0.132422,-2.2659533
0.132424,-2.9594238
0.132426,-3.467969
0.132428,-3.8378198
0.13243,-3.976514
0.132432,-3.8840513
0.132434,-3.6066632
0.13243599,-3.1443493
0.132438,-2.4971101
0.13244,-1.7111769
0.132442,-0.8790121
0.132444,0.045615196
0.132446,0.970243
0.132448,1.8024073
0.13245,2.542109
0.132452,3.1893477
0.132454,3.6516623
0.132456,3.8828197
0.132458,3.92905
0.13246,3.7903562
0.132462,3.420505
0.132464,2.8657289
0.132466,2.172258
0.132468,1.3863249
0.13247,0.50792885
0.132472,-0.41669846
0.132474,-1.2950945
0.132476,-2.1272593
0.132478,-2.8207297
0.13248,-3.3755062
0.13248199,-3.745357
0.132484,-3.9302826
0.132486,-3.9302826
0.132488,-3.6528945
0.13249,-3.236812
0.132492,-2.6358042
0.132494,-1.8498712
0.132496,-1.0177064
0.132498,-0.09307861
0.1325,0.7853174
0.132502,1.6637135
0.132504,2.4496465
0.132506,3.0968862
0.132508,3.5591989
0.13251,3.8828197
0.132512,3.9752812
0.132514,3.8365874
0.132516,3.5129685
0.132518,3.0044227
0.13252,2.3109517
0.132522,1.5250192
0.132524,0.64662313
0.132526,-0.27800417
0.132528,-1.1564007
0.13253,-1.9885652
0.132532,-2.728267
0.132534,-3.2830436
0.132536,-3.6991258
0.132538,-3.9302826
0.13254,-3.9302826
0.132542,-3.745357
0.132544,-3.329275
0.132546,-2.728267
0.132548,-1.9885652
0.13255,-1.202632
0.132552,-0.27800417
0.132554,0.64662313
0.132556,1.5250192
0.132558,2.3109517
0.13256,3.0044227
0.132562,3.5129685
0.132564,3.8365874
0.132566,3.9752812
0.132568,3.8828197
0.13257,3.5591989
0.132572,3.0968862
0.132574,2.4496465
0.132576,1.6637135
0.132578,0.8315482
0.13258,-0.09307861
0.132582,-1.0177064
0.132584,-1.8498712
0.132586,-2.589573
0.132588,-3.1905808
0.13259,-3.6528945
0.132592,-3.8840513
0.132594,-3.9302826
0.132596,-3.7915885
0.132598,-3.4217377
0.1326,-2.866961
0.132602,-2.1272593
0.132604,-1.3413262
0.132606,-0.41669846
0.132608,0.50792885
0.13261,1.3863249
0.132612,2.172258
0.132614,2.8657289
0.132616,3.420505
0.132618,3.7903562
0.13262,3.92905
0.132622,3.8828197
0.132624,3.6516623
0.132626,3.1893477
0.132628,2.542109
0.13263,1.8024073
0.132632,0.970243
0.132634,0.045615196
0.132636,-0.83278084
0.13263799,-1.6649456
0.13264,-2.4508786
0.132642,-3.098118
0.132644,-3.6066632
0.132646,-3.8840513
0.132648,-3.976514
0.13265,-3.8378198
0.132652,-3.467969
0.132654,-2.9594238
0.132656,-2.2659533
0.132658,-1.48002
0.13266,-0.601624
0.132662,0.3230033
0.132664,1.2476311
0.132666,2.033564
0.132668,2.7732663
0.13267,3.3280425
0.132672,3.744125
0.132674,3.92905
0.132676,3.92905
0.132678,3.6978936
0.13268,3.2818112
0.132682,2.6808028
0.13268399,1.9411016
0.132686,1.1089368
0.132688,0.23054075
0.13269,-0.694087
0.132692,-1.5262513
0.132694,-2.3121846
0.132696,-3.0056553
0.132698,-3.5142004
0.1327,-3.8378198
0.132702,-3.976514
0.132704,-3.8378198
0.132706,-3.5604317
0.132708,-3.0518866
0.13271,-2.4046474
0.132712,-1.6187139
0.132714,-0.7403178
0.132716,0.184309
0.132718,1.0627055
0.13272,1.8948698
0.132722,2.6345725
0.132724,3.23558
0.132726,3.6978936
0.132728,3.92905
0.13272999,3.92905
0.132732,3.744125
0.132734,3.3742738
0.132736,2.8194976
0.132738,2.0797954
0.13274,1.2938623
0.132742,0.36923456
0.132744,-0.55539227
0.132746,-1.4337888
0.132748,-2.2197218
0.13275,-2.9131925
0.132752,-3.467969
0.132754,-3.7915885
0.132756,-3.9302826
0.132758,-3.8840513
0.13276,-3.6066632
0.132762,-3.1443493
0.132764,-2.5433414
0.132766,-1.7574081
0.132768,-0.9252434
0.13277,-6.160736E-4
0.132772,0.92401123
0.132774,1.756176
0.132776,2.542109
0.132778,3.1431174
0.13278,3.6516623
0.132782,2.542109
0.132784,-0.8790121
0.132786,-3.6066632
0.132788,-3.467969
0.13279,-2.9131925
0.132792,-2.2197218
0.132794,-1.4337888
0.132796,-0.55539227
0.132798,0.36923456
0.1328,1.2938623
0.132802,2.0797954
0.132804,2.8194976
0.132806,3.3742738
0.132808,3.744125
0.13281,3.92905
0.132812,3.92905
0.132814,3.6516623
0.132816,3.23558
0.132818,2.6345725
0.13282,1.8948698
0.132822,1.0627055
0.132824,0.13807821
0.132826,-0.7403178
0.132828,-1.6187139
0.13283,-2.4046474
0.132832,-3.0518866
0.132834,-3.5604317
0.132836,-3.8840513
0.132838,-3.976514
0.13284,-3.8378198
0.132842,-3.5142004
0.132844,-3.0056553
0.132846,-2.3584158
0.132848,-1.5724826
0.13285,-0.694087
0.132852,0.23054075
0.132854,1.1551685
0.132856,1.9411016
0.132858,2.6808028
0.13286,3.2818112
0.132862,3.6978936
0.132864,3.92905
0.132866,3.92905
0.132868,3.744125
0.13287,3.3280425
0.132872,2.727035
0.132874,2.033564
0.132876,1.2013993
0.132878,0.3230033
0.13288,-0.601624
0.132882,-1.48002
0.132884,-2.2659533
0.13288599,-2.9594238
0.132888,-3.467969
0.13289,-3.8378198
0.132892,-3.976514
0.132894,-3.8840513
0.132896,-3.6066632
0.132898,-3.1443493
0.1329,-2.4971101
0.132902,-1.7111769
0.132904,-0.83278084
0.132906,0.091846466
0.132908,0.970243
0.13291,1.8024073
0.132912,2.5883412
0.132914,3.1893477
0.132916,3.6516623
0.132918,3.8828197
0.13292,3.92905
0.132922,3.7903562
0.132924,3.420505
0.132926,2.8657289
0.132928,2.172258
0.13293,1.3400936
0.13293199,0.46169758
0.132934,-0.46292973
0.132936,-1.3413262
0.132938,-2.1272593
0.13294,-2.8207297
0.132942,-3.4217377
0.132944,-3.7915885
0.132946,-3.9302826
0.132948,-3.9302826
0.13295,-3.6528945
0.132952,-3.236812
0.132954,-2.589573
0.132956,-1.8498712
0.132958,-1.0177064
0.13296,-0.09307861
0.132962,0.8315482
0.132964,1.6637135
0.132966,2.4496465
0.132968,3.0968862
0.13297,3.605431
0.132972,3.8828197
0.132974,3.9752812
0.132976,3.8365874
0.13297799,3.5129685
0.13298,2.9581914
0.132982,2.3109517
0.132984,1.4787879
0.132986,0.64662313
0.132988,-0.27800417
0.13299,-1.202632
0.132992,-1.9885652
0.132994,-2.728267
0.132996,-3.329275
0.132998,-3.745357
0.133,-3.9302826
0.133002,-3.9302826
0.133004,-3.6991258
0.133006,-3.329275
0.133008,-2.728267
0.13301,-1.9885652
0.133012,-1.1564007
0.133014,-0.2317729
0.133016,0.6928544
0.133018,1.5250192
0.13302,2.3109517
0.133022,3.0044227
0.133024,3.5129685
0.133026,3.8365874
0.133028,3.9752812
0.13303,3.8828197
0.133032,3.5591989
0.133034,3.0968862
0.133036,2.4034152
0.133038,1.6174817
0.13304,0.7853174
0.133042,-0.13931036
0.133044,-1.0177064
0.133046,-1.8498712
0.133048,-2.589573
0.13305,-3.236812
0.133052,-3.6528945
0.133054,-3.9302826
0.133056,-3.9302826
0.133058,-3.745357
0.13306,-3.3755062
0.133062,-2.8207297
0.133064,-2.1272593
0.133066,-1.2950945
0.133068,-0.41669846
0.13307,0.50792885
0.133072,1.3863249
0.133074,2.2184901
0.133076,2.9119601
0.133078,3.420505
0.13308,3.7903562
0.133082,3.92905
0.133084,3.8828197
0.133086,3.6516623
0.133088,3.1893477
0.13309,2.542109
0.133092,1.756176
0.133094,0.92401123
0.133096,0.045615196
0.133098,-0.8790121
0.1331,-1.7111769
0.133102,-2.4971101
0.133104,-3.1443493
0.133106,-3.6066632
0.133108,-3.8840513
0.13311,-3.976514
0.133112,-3.7915885
0.133114,-3.467969
0.133116,-2.9594238
0.133118,-2.2659533
0.13312,-1.48002
0.133122,-0.55539227
0.133124,0.36923456
0.133126,1.2476311
0.133128,2.0797954
0.13313,2.7732663
0.133132,3.3742738
0.133134,3.744125
0.133136,3.92905
0.133138,3.92905
0.13314,3.6978936
0.133142,3.2818112
0.133144,2.6808028
0.133146,1.9411016
0.133148,1.1089368
0.13315,0.184309
0.133152,-0.7403178
0.133154,-1.5724826
0.133156,-2.3584158
0.133158,-3.0518866
0.13316,-3.5142004
0.133162,-3.8378198
0.133164,-3.976514
0.133166,-3.8378198
0.133168,-3.5604317
0.13317,-3.0518866
0.133172,-2.4046474
0.133174,-1.5724826
0.133176,-0.7403178
0.133178,0.184309
0.13317999,1.1089368
0.133182,1.9411016
0.133184,2.6808028
0.133186,3.2818112
0.133188,3.6978936
0.13319,3.92905
0.133192,3.92905
0.133194,3.744125
0.133196,3.3742738
0.133198,2.7732663
0.1332,2.0797954
0.133202,0.46169758
0.133204,-0.2317729
0.133206,0.64662313
0.133208,1.5250192
0.13321,2.3109517
0.133212,3.0044227
0.133214,3.5129685
0.133216,3.8828197
0.133218,4.0215135
0.13322,3.92905
0.133222,3.6516623
0.133224,3.1893477
0.13322599,2.542109
0.133228,1.756176
0.13323,0.92401123
0.133232,-6.160736E-4
0.133234,-0.9252434
0.133236,-1.7574081
0.133238,-2.4971101
0.13324,-3.1443493
0.133242,-3.6066632
0.133244,-3.8840513
0.133246,-3.9302826
0.133248,-3.7915885
0.13325,-3.4217377
0.133252,-2.9131925
0.133254,-2.1734905
0.133256,-1.387557
0.133258,-0.5091615
0.13326,0.4154663
0.133262,1.3400936
0.133264,2.126027
0.133266,2.8194976
0.133268,3.420505
0.13327,3.7903562
0.133272,3.92905
0.133274,3.92905
0.133276,3.6978936
0.133278,3.23558
0.13328,2.6345725
0.133282,1.8948698
0.133284,1.0627055
0.133286,0.13807821
0.133288,-0.78654957
0.13329,-1.6187139
0.133292,-2.4046474
0.133294,-3.0518866
0.133296,-3.5604317
0.133298,-3.8378198
0.1333,-3.976514
0.133302,-3.8378198
0.133304,-3.5142004
0.133306,-3.0056553
0.133308,-2.3584158
0.13331,-1.5262513
0.133312,-0.694087
0.133314,0.23054075
0.133316,1.1551685
0.133318,1.9873328
0.13332,2.727035
0.133322,3.2818112
0.133324,3.6978936
0.133326,3.92905
0.133328,3.92905
0.13333,3.744125
0.133332,3.3280425
0.133334,2.727035
0.133336,2.033564
0.133338,1.2013993
0.13334,0.3230033
0.133342,-0.601624
0.133344,-1.48002
0.133346,-2.2659533
0.133348,-2.9594238
0.13335,-3.467969
0.133352,-3.8378198
0.133354,-3.976514
0.133356,-3.8840513
0.133358,-3.6066632
0.13336,-3.098118
0.133362,-2.4508786
0.133364,-1.6649456
0.133366,-0.83278084
0.133368,0.091846466
0.13337,1.0164738
0.133372,1.8486385
0.133374,2.5883412
0.133376,3.1893477
0.133378,3.6516623
0.13338,3.92905
0.133382,3.92905
0.133384,3.7903562
0.133386,3.420505
0.133388,2.8657289
0.13339,2.126027
0.133392,1.3400936
0.133394,0.46169758
0.133396,-0.46292973
0.133398,-1.3413262
0.1334,-2.1272593
0.133402,-2.866961
0.133404,-3.4217377
0.133406,-3.7915885
0.133408,-3.9302826
0.13341,-3.8840513
0.133412,-3.6528945
0.133414,-3.1905808
0.133416,-2.589573
0.133418,-1.8036394
0.13342,-0.9714751
0.133422,-0.09307861
0.133424,0.8315482
0.133426,1.7099442
0.13342799,2.4496465
0.13343,3.0968862
0.133432,3.605431
0.133434,3.8828197
0.133436,3.9752812
0.133438,3.8365874
0.13344,3.4667363
0.133442,2.9581914
0.133444,2.2647214
0.133446,1.4787879
0.133448,0.60039186
0.13345,-0.32423592
0.133452,-1.202632
0.133454,-1.9885652
0.133456,-2.728267
0.133458,-3.329275
0.13346,-3.745357
0.133462,-3.9302826
0.133464,-3.9302826
0.133466,-3.6991258
0.133468,-3.2830436
0.13347,-2.728267
0.133472,-1.9885652
0.13347399,-1.1564007
0.133476,-0.2317729
0.133478,0.6928544
0.13348,1.5250192
0.133482,2.357184
0.133484,3.0044227
0.133486,3.5129685
0.133488,3.8365874
0.13349,3.9752812
0.133492,3.8828197
0.133494,3.5591989
0.133496,3.050654
0.133498,2.4034152
0.1335,1.6174817
0.133502,0.7853174
0.133504,-0.13931036
0.133506,-1.0639377
0.133508,-1.8498712
0.13351,-2.6358042
0.133512,-3.236812
0.133514,-3.6991258
0.133516,-3.9302826
0.133518,-3.9302826
0.13351999,-3.745357
0.133522,-3.3755062
0.133524,-2.8207297
0.133526,-2.1272593
0.133528,-1.2950945
0.13353,-0.41669846
0.133532,0.5541601
0.133534,1.4325566
0.133536,2.2184901
0.133538,2.9119601
0.13354,3.4667363
0.133542,3.7903562
0.133544,3.9752812
0.133546,3.8828197
0.133548,3.605431
0.13355,3.1431174
0.133552,2.542109
0.133554,1.756176
0.133556,0.92401123
0.133558,-6.160736E-4
0.13356,-0.8790121
0.133562,-1.7111769
0.133564,-2.4971101
0.133566,-3.1443493
0.133568,-3.6066632
0.13357,-3.8840513
0.133572,-3.976514
0.133574,-3.7915885
0.133576,-3.467969
0.133578,-2.9131925
0.13358,-2.2197218
0.133582,-1.4337888
0.133584,-0.55539227
0.133586,0.36923456
0.133588,1.2938623
0.13359,2.0797954
0.133592,2.8194976
0.133594,3.3742738
0.133596,3.744125
0.133598,3.92905
0.1336,3.92905
0.133602,3.6978936
0.133604,3.23558
0.133606,2.6345725
0.133608,1.8948698
0.13361,1.0627055
0.133612,0.184309
0.133614,-0.7403178
0.133616,-1.5724826
0.133618,-2.3584158
0.13362,-3.0518866
0.133622,-2.9594238
0.133624,0.50792885
0.133626,3.744125
0.133628,3.8828197
0.13363,3.5591989
0.133632,3.050654
0.133634,2.357184
0.133636,1.5712504
0.133638,0.7390857
0.13364,-0.18554163
0.133642,-1.1101689
0.133644,-1.8961024
0.133646,-2.6358042
0.133648,-3.2830436
0.13365,-3.6991258
0.133652,-3.9302826
0.133654,-3.9302826
0.133656,-3.745357
0.133658,-3.329275
0.13366,-2.7744985
0.133662,-2.0347965
0.133664,-1.202632
0.133666,-0.32423592
0.133668,0.60039186
0.13367,1.4787879
0.133672,2.2647214
0.133674,2.9581914
0.13367599,3.4667363
0.133678,3.8365874
0.13368,3.9752812
0.133682,3.8828197
0.133684,3.605431
0.133686,3.1431174
0.133688,2.4958777
0.13369,1.7099442
0.133692,0.87777996
0.133694,-0.046847343
0.133696,-0.9714751
0.133698,-1.7574081
0.1337,-2.5433414
0.133702,-3.1905808
0.133704,-3.6528945
0.133706,-3.8840513
0.133708,-3.9302826
0.13371,-3.7915885
0.133712,-3.4217377
0.133714,-2.866961
0.133716,-2.1734905
0.133718,-1.387557
0.13372,-0.46292973
0.13372199,0.4154663
0.133724,1.3400936
0.133726,2.126027
0.133728,2.8657289
0.13373,3.420505
0.133732,3.7903562
0.133734,3.92905
0.133736,3.92905
0.133738,3.6516623
0.13374,3.23558
0.133742,2.5883412
0.133744,1.8486385
0.133746,1.0164738
0.133748,0.13807821
0.13375,-0.78654957
0.133752,-1.6187139
0.133754,-2.4046474
0.133756,-3.098118
0.133758,-3.5604317
0.13376,-3.8840513
0.133762,-3.976514
0.133764,-3.8378198
0.133766,-3.5142004
0.13376799,-3.0056553
0.13377,-2.3121846
0.133772,-1.5262513
0.133774,-0.6478553
0.133776,0.27677202
0.133778,1.2013993
0.13378,1.9873328
0.133782,2.727035
0.133784,3.3280425
0.133786,3.744125
0.133788,3.92905
0.13379,3.92905
0.133792,3.744125
0.133794,3.3280425
0.133796,2.727035
0.133798,1.9873328
0.1338,1.1551685
0.133802,0.27677202
0.133804,-0.6478553
0.133806,-1.48002
0.133808,-2.3121846
0.13381,-2.9594238
0.133812,-3.5142004
0.133814,-3.8378198
0.133816,-3.976514
0.133818,-3.8840513
0.13382,-3.5604317
0.133822,-3.098118
0.133824,-2.4508786
0.133826,-1.6649456
0.133828,-0.78654957
0.13383,0.13807821
0.133832,1.0164738
0.133834,1.8486385
0.133836,2.6345725
0.133838,3.23558
0.13384,3.6516623
0.133842,3.92905
0.133844,3.92905
0.133846,3.7903562
0.133848,3.3742738
0.13385,2.8194976
0.133852,2.126027
0.133854,1.3400936
0.133856,0.4154663
0.133858,-0.46292973
0.13386,-1.387557
0.133862,-2.1734905
0.133864,-2.866961
0.133866,-3.4217377
0.133868,-3.7915885
0.13387,-3.9302826
0.133872,-3.8840513
0.133874,-3.6528945
0.133876,-3.1905808
0.133878,-2.589573
0.13388,-1.8036394
0.133882,-0.9714751
0.133884,-0.046847343
0.133886,0.87777996
0.133888,1.7099442
0.13389,2.4958777
0.133892,3.1431174
0.133894,3.605431
0.133896,3.8828197
0.133898,3.9752812
0.1339,3.8365874
0.133902,3.4667363
0.133904,2.9581914
0.133906,2.2647214
0.133908,1.4787879
0.13391,0.60039186
0.133912,-0.32423592
0.133914,-1.202632
0.133916,-2.0347965
0.133918,-2.7744985
0.13392,-3.329275
0.133922,-3.745357
0.13392399,-3.9302826
0.133926,-3.9302826
0.133928,-3.6991258
0.13393,-3.2830436
0.133932,-2.6820357
0.133934,-1.9423337
0.133936,-1.1101689
0.133938,-0.18554163
0.13394,0.7390857
0.133942,1.5712504
0.133944,2.357184
0.133946,3.050654
0.133948,3.5591989
0.13395,3.8365874
0.133952,3.9752812
0.133954,3.8365874
0.133956,3.5591989
0.133958,3.050654
0.13396,2.4034152
0.133962,1.6174817
0.133964,0.7390857
0.133966,-0.18554163
0.133968,-1.0639377
0.13396999,-1.8961024
0.133972,-2.6358042
0.133974,-3.236812
0.133976,-3.6991258
0.133978,-3.9302826
0.13398,-3.9302826
0.133982,-3.745357
0.133984,-3.3755062
0.133986,-2.8207297
0.133988,-2.081028
0.13399,-1.2488632
0.133992,-0.3704667
0.133994,0.5541601
0.133996,1.4325566
0.133998,2.2184901
0.134,2.9119601
0.134002,3.4667363
0.134004,3.7903562
0.134006,3.9752812
0.134008,3.8828197
0.13401,3.605431
0.134012,3.1431174
0.134014,2.4958777
0.13401599,1.756176
0.134018,0.92401123
0.13402,-6.160736E-4
0.134022,-0.9252434
0.134024,-1.7574081
0.134026,-2.4971101
0.134028,-3.1443493
0.13403,-3.6066632
0.134032,-3.8840513
0.134034,-3.9302826
0.134036,-3.7915885
0.134038,-3.467969
0.13404,-2.9131925
0.134042,-2.0347965
0.134044,1.0164738
0.134046,0.46169758
0.134048,-0.46292973
0.13405,-1.3413262
0.134052,-2.1272593
0.134054,-2.866961
0.134056,-3.4217377
0.134058,-3.7915885
0.13406,-3.976514
0.134062,-3.976514
0.134064,-3.6991258
0.134066,-3.2830436
0.134068,-2.6820357
0.13407,-1.9423337
0.134072,-1.0639377
0.134074,-0.18554163
0.134076,0.7390857
0.134078,1.6174817
0.13408,2.4034152
0.134082,3.050654
0.134084,3.5591989
0.134086,3.8365874
0.134088,3.92905
0.13409,3.8365874
0.134092,3.5129685
0.134094,3.0044227
0.134096,2.3109517
0.134098,1.5250192
0.1341,0.6928544
0.134102,-0.2317729
0.134104,-1.1101689
0.134106,-1.9423337
0.134108,-2.6820357
0.13411,-3.2830436
0.134112,-3.6991258
0.134114,-3.9302826
0.134116,-3.9302826
0.134118,-3.745357
0.13412,-3.329275
0.134122,-2.7744985
0.134124,-2.0347965
0.134126,-1.202632
0.134128,-0.32423592
0.13413,0.60039186
0.134132,1.4787879
0.134134,2.2647214
0.134136,2.9581914
0.134138,3.4667363
0.13414,3.8365874
0.134142,3.9752812
0.134144,3.8828197
0.134146,3.605431
0.134148,3.0968862
0.13415,2.4496465
0.134152,1.7099442
0.134154,0.8315482
0.134156,-0.046847343
0.134158,-0.9714751
0.13416,-1.8036394
0.134162,-2.5433414
0.134164,-3.1905808
0.134166,-3.6528945
0.134168,-3.8840513
0.13417,-3.9302826
0.13417199,-3.7915885
0.134174,-3.4217377
0.134176,-2.866961
0.134178,-2.1734905
0.13418,-1.387557
0.134182,-0.46292973
0.134184,0.46169758
0.134186,1.3400936
0.134188,2.126027
0.13419,2.8657289
0.134192,3.420505
0.134194,3.7903562
0.134196,3.9752812
0.134198,3.92905
0.1342,3.6516623
0.134202,3.1893477
0.134204,2.5883412
0.134206,1.8486385
0.134208,1.0164738
0.13421,0.091846466
0.134212,-0.83278084
0.134214,-1.6649456
0.134216,-2.4508786
0.13421799,-3.098118
0.13422,-3.5604317
0.134222,-3.8840513
0.134224,-3.976514
0.134226,-3.8378198
0.134228,-3.5142004
0.13423,-3.0056553
0.134232,-2.3121846
0.134234,-1.48002
0.134236,-0.6478553
0.134238,0.27677202
0.13424,1.2013993
0.134242,2.033564
0.134244,2.727035
0.134246,3.3280425
0.134248,3.744125
0.13425,3.92905
0.134252,3.92905
0.134254,3.6978936
0.134256,3.2818112
0.134258,2.727035
0.13426,1.9873328
0.134262,1.1551685
0.13426399,0.27677202
0.134266,-0.6478553
0.134268,-1.5262513
0.13427,-2.3121846
0.134272,-3.0056553
0.134274,-3.5142004
0.134276,-3.8378198
0.134278,-3.976514
0.13428,-3.8840513
0.134282,-3.5604317
0.134284,-3.098118
0.134286,-2.4508786
0.134288,-1.6187139
0.13429,-0.78654957
0.134292,0.13807821
0.134294,1.0627055
0.134296,1.8948698
0.134298,2.6345725
0.1343,3.23558
0.134302,3.6516623
0.134304,3.92905
0.134306,3.92905
0.134308,3.744125
0.13431,3.3742738
0.134312,2.8194976
0.134314,2.126027
0.134316,1.2938623
0.134318,0.4154663
0.13432,-0.5091615
0.134322,-1.387557
0.134324,-2.1734905
0.134326,-2.866961
0.134328,-3.4217377
0.13433,-3.7915885
0.134332,-3.9302826
0.134334,-3.8840513
0.134336,-3.6528945
0.134338,-3.1905808
0.13434,-2.5433414
0.134342,-1.8036394
0.134344,-0.9252434
0.134346,-0.046847343
0.134348,0.87777996
0.13435,1.7099442
0.134352,2.4958777
0.134354,3.1431174
0.134356,3.605431
0.134358,3.8828197
0.13436,3.9752812
0.134362,3.7903562
0.134364,3.4667363
0.134366,2.9119601
0.134368,2.2647214
0.13437,1.4787879
0.134372,0.5541601
0.134374,-0.32423592
0.134376,-1.2488632
0.134378,-2.0347965
0.13438,-2.7744985
0.134382,-3.329275
0.134384,-3.745357
0.134386,-3.9302826
0.134388,-3.9302826
0.13439,-3.6991258
0.134392,-3.2830436
0.134394,-2.6820357
0.134396,-1.9423337
0.134398,-1.1101689
0.1344,-0.18554163
0.134402,0.7390857
0.134404,1.5712504
0.134406,2.357184
0.134408,3.050654
0.13441,3.5591989
0.134412,3.8365874
0.134414,3.9752812
0.134416,3.8365874
0.134418,3.5591989
0.13442,3.050654
0.134422,2.357184
0.134424,1.5712504
0.134426,0.7390857
0.134428,-0.18554163
0.13443,-1.0639377
0.134432,-1.8961024
0.134434,-2.6358042
0.134436,-3.236812
0.134438,-3.6991258
0.13444,-3.9302826
0.134442,-3.9302826
0.134444,-3.745357
0.134446,-3.3755062
0.134448,-2.7744985
0.13445,-2.081028
0.134452,-1.2488632
0.134454,-0.3704667
0.134456,0.5541601
0.134458,1.4787879
0.13446,2.2647214
0.134462,2.8657289
0.134464,-0.41669846
0.13446599,-3.5142004
0.134468,-3.976514
0.13447,-3.9302826
0.134472,-3.6528945
0.134474,-3.1905808
0.134476,-2.5433414
0.134478,-1.7574081
0.13448,-0.9252434
0.134482,-6.160736E-4
0.134484,0.92401123
0.134486,1.756176
0.134488,2.542109
0.13449,3.1431174
0.134492,3.605431
0.134494,3.8828197
0.134496,3.92905
0.134498,3.7903562
0.1345,3.420505
0.134502,2.8657289
0.134504,2.172258
0.134506,1.3863249
0.134508,0.50792885
0.13451,-0.41669846
0.13451199,-1.2950945
0.134514,-2.081028
0.134516,-2.8207297
0.134518,-3.3755062
0.13452,-3.7915885
0.134522,-3.976514
0.134524,-3.9302826
0.134526,-3.6991258
0.134528,-3.236812
0.13453,-2.6358042
0.134532,-1.8961024
0.134534,-1.0177064
0.134536,-0.13931036
0.134538,0.7853174
0.13454,1.6637135
0.134542,2.4034152
0.134544,3.0968862
0.134546,3.5591989
0.134548,3.8828197
0.13455,3.9752812
0.134552,3.8365874
0.134554,3.5129685
0.134556,3.0044227
0.13455799,2.3109517
0.13456,1.5250192
0.134562,0.64662313
0.134564,-0.2317729
0.134566,-1.1564007
0.134568,-1.9423337
0.13457,-2.6820357
0.134572,-3.2830436
0.134574,-3.6991258
0.134576,-3.9302826
0.134578,-3.9302826
0.13458,-3.745357
0.134582,-3.329275
0.134584,-2.728267
0.134586,-2.0347965
0.134588,-1.202632
0.13459,-0.27800417
0.134592,0.64662313
0.134594,1.4787879
0.134596,2.3109517
0.134598,2.9581914
0.1346,3.5129685
0.134602,3.8365874
0.134604,3.9752812
0.134606,3.8828197
0.134608,3.5591989
0.13461,3.0968862
0.134612,2.4496465
0.134614,1.6637135
0.134616,0.8315482
0.134618,-0.09307861
0.13462,-1.0177064
0.134622,-1.8036394
0.134624,-2.589573
0.134626,-3.1905808
0.134628,-3.6528945
0.13463,-3.8840513
0.134632,-3.9302826
0.134634,-3.7915885
0.134636,-3.4217377
0.134638,-2.866961
0.13464,-2.1734905
0.134642,-1.3413262
0.134644,-0.46292973
0.134646,0.46169758
0.134648,1.3863249
0.13465,2.172258
0.134652,2.8657289
0.134654,3.420505
0.134656,3.7903562
0.134658,3.92905
0.13466,3.8828197
0.134662,3.6516623
0.134664,3.1893477
0.134666,2.5883412
0.134668,1.8024073
0.13467,0.970243
0.134672,0.091846466
0.134674,-0.83278084
0.134676,-1.6649456
0.134678,-2.4508786
0.13468,-3.098118
0.134682,-3.6066632
0.134684,-3.8840513
0.134686,-3.976514
0.134688,-3.8378198
0.13469,-3.467969
0.134692,-2.9594238
0.134694,-2.2659533
0.134696,-1.48002
0.134698,-0.601624
0.1347,0.3230033
0.134702,1.2013993
0.134704,2.033564
0.134706,2.7732663
0.134708,3.3280425
0.13471,3.744125
0.134712,3.92905
0.13471399,3.92905
0.134716,3.6978936
0.134718,3.2818112
0.13472,2.6808028
0.134722,1.9411016
0.134724,1.1551685
0.134726,0.23054075
0.134728,-0.694087
0.13473,-1.5262513
0.134732,-2.3121846
0.134734,-3.0056553
0.134736,-3.5142004
0.134738,-3.8378198
0.13474,-3.976514
0.134742,-3.8378198
0.134744,-3.5604317
0.134746,-3.0518866
0.134748,-2.4046474
0.13475,-1.6187139
0.134752,-0.7403178
0.134754,0.13807821
0.134756,1.0627055
0.134758,1.8948698
0.13475999,2.6345725
0.134762,3.23558
0.134764,3.6978936
0.134766,3.92905
0.134768,3.92905
0.13477,3.744125
0.134772,3.3742738
0.134774,2.8194976
0.134776,2.0797954
0.134778,1.2938623
0.13478,0.4154663
0.134782,-0.5091615
0.134784,-1.4337888
0.134786,-2.2197218
0.134788,-2.9131925
0.13479,-3.4217377
0.134792,-3.7915885
0.134794,-3.9302826
0.134796,-3.8840513
0.134798,-3.6066632
0.1348,-3.1443493
0.134802,-2.5433414
0.134804,-1.7574081
0.13480599,-0.9252434
0.134808,-6.160736E-4
0.13481,0.92401123
0.134812,1.756176
0.134814,2.542109
0.134816,3.1431174
0.134818,3.605431
0.13482,3.8828197
0.134822,3.9752812
0.134824,3.7903562
0.134826,3.4667363
0.134828,2.9119601
0.13483,2.2184901
0.134832,1.4325566
0.134834,0.5541601
0.134836,-0.3704667
0.134838,-1.2488632
0.13484,-2.081028
0.134842,-2.7744985
0.134844,-3.3755062
0.134846,-3.745357
0.134848,-3.9302826
0.13485,-3.9302826
0.134852,-3.6991258
0.134854,-3.236812
0.134856,-2.6358042
0.134858,-1.8961024
0.13486,-1.0639377
0.134862,-0.18554163
0.134864,0.7390857
0.134866,1.6174817
0.134868,2.4034152
0.13487,3.050654
0.134872,3.5591989
0.134874,3.8828197
0.134876,3.9752812
0.134878,3.8365874
0.13488,3.5129685
0.134882,3.23558
0.134884,-0.09307861
0.134886,-1.48002
0.134888,-0.6478553
0.13489,0.27677202
0.134892,1.1551685
0.134894,1.9873328
0.134896,2.727035
0.134898,3.3280425
0.1349,3.744125
0.134902,3.9752812
0.134904,3.9752812
0.134906,3.7903562
0.134908,3.3742738
0.13491,2.7732663
0.134912,2.0797954
0.134914,1.2476311
0.134916,0.36923456
0.134918,-0.55539227
0.13492,-1.4337888
0.134922,-2.2197218
0.134924,-2.9131925
0.134926,-3.467969
0.134928,-3.7915885
0.13493,-3.9302826
0.134932,-3.8840513
0.134934,-3.6066632
0.134936,-3.1443493
0.134938,-2.4971101
0.13494,-1.7111769
0.134942,-0.8790121
0.134944,0.045615196
0.134946,0.970243
0.134948,1.8024073
0.13495,2.5883412
0.134952,3.1893477
0.134954,3.6516623
0.134956,3.8828197
0.134958,3.9752812
0.13496,3.7903562
0.13496199,3.420505
0.134964,2.8657289
0.134966,2.172258
0.134968,1.3863249
0.13497,0.50792885
0.134972,-0.41669846
0.134974,-1.2950945
0.134976,-2.1272593
0.134978,-2.8207297
0.13498,-3.3755062
0.134982,-3.745357
0.134984,-3.9302826
0.134986,-3.9302826
0.134988,-3.6528945
0.13499,-3.236812
0.134992,-2.6358042
0.134994,-1.8498712
0.134996,-1.0177064
0.134998,-0.09307861
0.135,0.8315482
0.135002,1.6637135
0.135004,2.4496465
0.135006,3.0968862
0.13500799,3.5591989
0.13501,3.8828197
0.135012,3.9752812
0.135014,3.8365874
0.135016,3.5129685
0.135018,3.0044227
0.13502,2.3109517
0.135022,1.5250192
0.135024,0.64662313
0.135026,-0.27800417
0.135028,-1.1564007
0.13503,-1.9885652
0.135032,-2.728267
0.135034,-3.2830436
0.135036,-3.6991258
0.135038,-3.9302826
0.13504,-3.9302826
0.135042,-3.745357
0.135044,-3.329275
0.135046,-2.728267
0.135048,-1.9885652
0.13505,-1.1564007
0.135052,-0.27800417
0.13505399,0.64662313
0.135056,1.5250192
0.135058,2.3109517
0.13506,3.0044227
0.135062,3.5129685
0.135064,3.8365874
0.135066,3.9752812
0.135068,3.8828197
0.13507,3.5591989
0.135072,3.0968862
0.135074,2.4496465
0.135076,1.6637135
0.135078,0.7853174
0.13508,-0.09307861
0.135082,-1.0177064
0.135084,-1.8498712
0.135086,-2.589573
0.135088,-3.236812
0.13509,-3.6528945
0.135092,-3.9302826
0.135094,-3.9302826
0.135096,-3.7915885
0.135098,-3.4217377
0.1351,-2.866961
0.135102,-2.1272593
0.135104,-1.3413262
0.135106,-0.41669846
0.135108,0.50792885
0.13511,1.3863249
0.135112,2.172258
0.135114,2.8657289
0.135116,3.420505
0.135118,3.7903562
0.13512,3.92905
0.135122,3.8828197
0.135124,3.6516623
0.135126,3.1893477
0.135128,2.542109
0.13513,1.8024073
0.135132,0.970243
0.135134,0.045615196
0.135136,-0.8790121
0.135138,-1.7111769
0.13514,-2.4508786
0.135142,-3.098118
0.135144,-3.6066632
0.135146,-3.8840513
0.135148,-3.976514
0.13515,-3.8378198
0.135152,-3.467969
0.135154,-2.9594238
0.135156,-2.2659533
0.135158,-1.48002
0.13516,-0.601624
0.135162,0.3230033
0.135164,1.2476311
0.135166,2.033564
0.135168,2.7732663
0.13517,3.3742738
0.135172,3.744125
0.135174,3.92905
0.135176,3.92905
0.135178,3.6978936
0.13518,3.2818112
0.135182,2.6808028
0.135184,1.9411016
0.135186,1.1089368
0.135188,0.23054075
0.13519,-0.694087
0.135192,-1.5262513
0.135194,-2.3584158
0.135196,-3.0056553
0.135198,-3.5142004
0.1352,-3.8378198
0.135202,-3.976514
0.135204,-3.8378198
0.135206,-3.5604317
0.135208,-3.0518866
0.13520999,-2.4046474
0.135212,-1.6187139
0.135214,-0.7403178
0.135216,0.184309
0.135218,1.0627055
0.13522,1.8948698
0.135222,2.6345725
0.135224,3.2818112
0.135226,3.6978936
0.135228,3.92905
0.13523,3.92905
0.135232,3.744125
0.135234,3.3742738
0.135236,2.7732663
0.135238,2.0797954
0.13524,1.2476311
0.135242,0.36923456
0.135244,-0.55539227
0.135246,-1.4337888
0.135248,-2.2197218
0.13525,-2.9131925
0.135252,-3.467969
0.135254,-3.7915885
0.13525599,-3.9302826
0.135258,-3.8840513
0.13526,-3.6066632
0.135262,-3.1443493
0.135264,-2.5433414
0.135266,-1.7574081
0.135268,-0.9252434
0.13527,-6.160736E-4
0.135272,0.92401123
0.135274,1.756176
0.135276,2.542109
0.135278,3.1893477
0.13528,3.6516623
0.135282,3.8828197
0.135284,3.9752812
0.135286,3.7903562
0.135288,3.4667363
0.13529,2.9119601
0.135292,2.2184901
0.135294,1.4325566
0.135296,0.5541601
0.135298,-0.3704667
0.1353,-1.2950945
0.13530199,-2.081028
0.135304,0.64662313
0.135306,3.3280425
0.135308,3.8365874
0.13531,3.9752812
0.135312,3.9752812
0.135314,3.6978936
0.135316,3.2818112
0.135318,2.6808028
0.13532,1.8948698
0.135322,1.0627055
0.135324,0.184309
0.135326,-0.7403178
0.135328,-1.5724826
0.13533,-2.3584158
0.135332,-3.0518866
0.135334,-3.5604317
0.135336,-3.8378198
0.135338,-3.9302826
0.13534,-3.8378198
0.135342,-3.5142004
0.135344,-3.0056553
0.135346,-2.3584158
0.135348,-1.5262513
0.13535,-0.694087
0.135352,0.23054075
0.135354,1.1551685
0.135356,1.9873328
0.135358,2.727035
0.13536,3.2818112
0.135362,3.6978936
0.135364,3.92905
0.135366,3.92905
0.135368,3.744125
0.13537,3.3280425
0.135372,2.7732663
0.135374,2.033564
0.135376,1.2013993
0.135378,0.3230033
0.13538,-0.601624
0.135382,-1.48002
0.135384,-2.2659533
0.135386,-2.9594238
0.135388,-3.467969
0.13539,-3.8378198
0.135392,-3.976514
0.135394,-3.8840513
0.135396,-3.6066632
0.135398,-3.098118
0.1354,-2.4508786
0.135402,-1.7111769
0.135404,-0.83278084
0.135406,0.091846466
0.135408,1.0164738
0.13541,1.8486385
0.135412,2.5883412
0.135414,3.1893477
0.135416,3.6516623
0.135418,3.92905
0.13542,3.92905
0.135422,3.7903562
0.135424,3.420505
0.135426,2.8657289
0.135428,2.172258
0.13543,1.3400936
0.135432,0.46169758
0.135434,-0.46292973
0.135436,-1.3413262
0.135438,-2.1272593
0.13544,-2.8207297
0.135442,-3.4217377
0.135444,-3.7915885
0.135446,-3.9302826
0.135448,-3.8840513
0.13545,-3.6528945
0.135452,-3.1905808
0.135454,-2.589573
0.135456,-1.8498712
0.135458,-1.0177064
0.13546,-0.09307861
0.135462,0.8315482
0.135464,1.6637135
0.135466,2.4496465
0.135468,3.0968862
0.13547,3.605431
0.135472,3.8828197
0.135474,3.9752812
0.135476,3.8365874
0.135478,3.5129685
0.13548,2.9581914
0.135482,2.2647214
0.135484,1.4787879
0.135486,0.64662313
0.135488,-0.27800417
0.13549,-1.202632
0.135492,-1.9885652
0.135494,-2.728267
0.135496,-3.329275
0.135498,-3.745357
0.1355,-3.9302826
0.135502,-3.9302826
0.13550399,-3.6991258
0.135506,-3.2830436
0.135508,-2.728267
0.13551,-1.9885652
0.135512,-1.1564007
0.135514,-0.2317729
0.135516,0.6928544
0.135518,1.5250192
0.13552,2.357184
0.135522,3.0044227
0.135524,3.5129685
0.135526,3.8365874
0.135528,3.9752812
0.13553,3.8828197
0.135532,3.5591989
0.135534,3.050654
0.135536,2.4034152
0.135538,1.6174817
0.13554,0.7853174
0.135542,-0.13931036
0.135544,-1.0177064
0.135546,-1.8498712
0.135548,-2.589573
0.13554999,-3.236812
0.135552,-3.6528945
0.135554,-3.9302826
0.135556,-3.9302826
0.135558,-3.745357
0.13556,-3.3755062
0.135562,-2.8207297
0.135564,-2.1272593
0.135566,-1.2950945
0.135568,-0.41669846
0.13557,0.50792885
0.135572,1.4325566
0.135574,2.2184901
0.135576,2.9119601
0.135578,3.4667363
0.13558,3.7903562
0.135582,3.9752812
0.135584,3.8828197
0.135586,3.6516623
0.135588,3.1893477
0.13559,2.542109
0.135592,1.756176
0.135594,0.92401123
0.13559599,0.045615196
0.135598,-0.8790121
0.1356,-1.7111769
0.135602,-2.4971101
0.135604,-3.1443493
0.135606,-3.6066632
0.135608,-3.8840513
0.13561,-3.9302826
0.135612,-3.7915885
0.135614,-3.467969
0.135616,-2.9131925
0.135618,-2.2659533
0.13562,-1.4337888
0.135622,-0.55539227
0.135624,0.36923456
0.135626,1.2476311
0.135628,2.0797954
0.13563,2.7732663
0.135632,3.3742738
0.135634,3.744125
0.135636,3.92905
0.135638,3.92905
0.13564,3.6978936
0.135642,3.2818112
0.135644,2.6808028
0.135646,1.8948698
0.135648,1.1089368
0.13565,0.184309
0.135652,-0.7403178
0.135654,-1.5724826
0.135656,-2.3584158
0.135658,-3.0518866
0.13566,-3.5604317
0.135662,-3.8378198
0.135664,-3.976514
0.135666,-3.8378198
0.135668,-3.5604317
0.13567,-3.0518866
0.135672,-2.3584158
0.135674,-1.5724826
0.135676,-0.7403178
0.135678,0.184309
0.13568,1.1089368
0.135682,1.9411016
0.135684,2.6808028
0.135686,3.2818112
0.135688,3.6978936
0.13569,3.92905
0.135692,3.92905
0.135694,3.744125
0.135696,3.3280425
0.135698,2.7732663
0.1357,2.033564
0.135702,1.2476311
0.135704,0.36923456
0.135706,-0.55539227
0.135708,-1.4337888
0.13571,-2.2197218
0.135712,-2.9131925
0.135714,-3.467969
0.135716,-3.7915885
0.135718,-3.976514
0.13572,-3.8840513
0.135722,-3.6066632
0.135724,-1.0639377
0.135726,2.126027
0.135728,1.6637135
0.13573,0.8315482
0.135732,-0.09307861
0.135734,-0.9714751
0.135736,-1.8036394
0.135738,-2.5433414
0.13574,-3.1905808
0.135742,-3.6528945
0.135744,-3.9302826
0.135746,-3.976514
0.135748,-3.8378198
0.13575,-3.467969
0.13575199,-2.9131925
0.135754,-2.2197218
0.135756,-1.4337888
0.135758,-0.5091615
0.13576,0.4154663
0.135762,1.2938623
0.135764,2.126027
0.135766,2.8194976
0.135768,3.3742738
0.13577,3.744125
0.135772,3.92905
0.135774,3.92905
0.135776,3.6516623
0.135778,3.23558
0.13578,2.6345725
0.135782,1.8486385
0.135784,1.0164738
0.135786,0.13807821
0.135788,-0.78654957
0.13579,-1.6187139
0.135792,-2.4046474
0.135794,-3.0518866
0.135796,-3.5604317
0.13579799,-3.8840513
0.1358,-3.976514
0.135802,-3.8378198
0.135804,-3.5142004
0.135806,-3.0056553
0.135808,-2.3121846
0.13581,-1.5262513
0.135812,-0.6478553
0.135814,0.27677202
0.135816,1.1551685
0.135818,1.9873328
0.13582,2.727035
0.135822,3.3280425
0.135824,3.6978936
0.135826,3.92905
0.135828,3.92905
0.13583,3.744125
0.135832,3.3280425
0.135834,2.727035
0.135836,1.9873328
0.135838,1.2013993
0.13584,0.27677202
0.135842,-0.601624
0.13584399,-1.48002
0.135846,-2.2659533
0.135848,-2.9594238
0.13585,-3.467969
0.135852,-3.8378198
0.135854,-3.976514
0.135856,-3.8840513
0.135858,-3.6066632
0.13586,-3.098118
0.135862,-2.4508786
0.135864,-1.6649456
0.135866,-0.83278084
0.135868,0.091846466
0.13587,1.0164738
0.135872,1.8486385
0.135874,2.5883412
0.135876,3.23558
0.135878,3.6516623
0.13588,3.92905
0.135882,3.92905
0.135884,3.7903562
0.135886,3.420505
0.135888,2.8657289
0.13589,2.126027
0.135892,1.3400936
0.135894,0.46169758
0.135896,-0.46292973
0.135898,-1.3413262
0.1359,-2.1272593
0.135902,-2.866961
0.135904,-3.4217377
0.135906,-3.7915885
0.135908,-3.9302826
0.13591,-3.8840513
0.135912,-3.6528945
0.135914,-3.1905808
0.135916,-2.589573
0.135918,-1.8036394
0.13592,-0.9714751
0.135922,-0.046847343
0.135924,0.8315482
0.135926,1.7099442
0.135928,2.4958777
0.13593,3.0968862
0.135932,3.605431
0.135934,3.8828197
0.135936,3.9752812
0.135938,3.8365874
0.13594,3.4667363
0.135942,2.9581914
0.135944,2.2647214
0.135946,1.4787879
0.135948,0.60039186
0.13595,-0.32423592
0.135952,-1.202632
0.135954,-1.9885652
0.135956,-2.728267
0.135958,-3.329275
0.13596,-3.745357
0.135962,-3.9302826
0.135964,-3.9302826
0.135966,-3.6991258
0.135968,-3.2830436
0.13597,-2.6820357
0.135972,-1.9423337
0.135974,-1.1564007
0.135976,-0.2317729
0.135978,0.6928544
0.13598,1.5712504
0.135982,2.357184
0.135984,3.0044227
0.135986,3.5129685
0.135988,3.8365874
0.13599,3.9752812
0.135992,3.8365874
0.135994,3.5591989
0.135996,3.050654
0.135998,2.4034152
0.13599999,1.6174817
0.136002,0.7853174
0.136004,-0.13931036
0.136006,-1.0639377
0.136008,-1.8498712
0.13601,-2.6358042
0.136012,-3.236812
0.136014,-3.6991258
0.136016,-3.9302826
0.136018,-3.9302826
0.13602,-3.745357
0.136022,-3.3755062
0.136024,-2.8207297
0.136026,-2.081028
0.136028,-1.2950945
0.13603,-0.3704667
0.136032,0.5541601
0.136034,1.4325566
0.136036,2.2184901
0.136038,2.9119601
0.13604,3.4667363
0.136042,3.7903562
0.136044,3.9752812
0.13604599,3.8828197
0.136048,3.605431
0.13605,3.1431174
0.136052,2.542109
0.136054,1.756176
0.136056,0.92401123
0.136058,-6.160736E-4
0.13606,-0.8790121
0.136062,-1.7111769
0.136064,-2.4971101
0.136066,-3.1443493
0.136068,-3.6066632
0.13607,-3.8840513
0.136072,-3.9302826
0.136074,-3.7915885
0.136076,-3.467969
0.136078,-2.9131925
0.13608,-2.2197218
0.136082,-1.4337888
0.136084,-0.55539227
0.136086,0.36923456
0.136088,1.2938623
0.13609,2.0797954
0.13609199,2.8194976
0.136094,3.3742738
0.136096,3.744125
0.136098,3.92905
0.1361,3.92905
0.136102,3.6978936
0.136104,3.23558
0.136106,2.6345725
0.136108,1.8948698
0.13611,1.0627055
0.136112,0.184309
0.136114,-0.7403178
0.136116,-1.5724826
0.136118,-2.3584158
0.13612,-3.0518866
0.136122,-3.5604317
0.136124,-3.8378198
0.136126,-3.976514
0.136128,-3.8378198
0.13613,-3.5142004
0.136132,-3.0518866
0.136134,-2.3584158
0.136136,-1.5724826
0.136138,-0.694087
0.13614,0.23054075
0.136142,1.1089368
0.136144,-1.0639377
0.136146,-2.728267
0.136148,-3.329275
0.13615,-3.745357
0.136152,-3.976514
0.136154,-3.976514
0.136156,-3.7915885
0.136158,-3.3755062
0.13616,-2.8207297
0.136162,-2.081028
0.136164,-1.2488632
0.136166,-0.3704667
0.136168,0.5541601
0.13617,1.4787879
0.136172,2.2647214
0.136174,2.9119601
0.136176,3.4667363
0.136178,3.7903562
0.13618,3.92905
0.136182,3.8828197
0.136184,3.605431
0.136186,3.0968862
0.136188,2.4496465
0.13619,1.7099442
0.136192,0.8315482
0.136194,-0.046847343
0.136196,-0.9714751
0.136198,-1.8036394
0.1362,-2.5433414
0.136202,-3.1905808
0.136204,-3.6528945
0.136206,-3.8840513
0.136208,-3.976514
0.13621,-3.7915885
0.136212,-3.4217377
0.136214,-2.866961
0.136216,-2.1734905
0.136218,-1.387557
0.13622,-0.46292973
0.136222,0.46169758
0.136224,1.3400936
0.136226,2.126027
0.136228,2.8657289
0.13623,3.420505
0.136232,3.7903562
0.136234,3.92905
0.136236,3.92905
0.136238,3.6516623
0.13624,3.23558
0.136242,2.5883412
0.136244,1.8486385
0.136246,1.0164738
0.13624799,0.091846466
0.13625,-0.78654957
0.136252,-1.6649456
0.136254,-2.4046474
0.136256,-3.098118
0.136258,-3.5604317
0.13626,-3.8840513
0.136262,-3.976514
0.136264,-3.8378198
0.136266,-3.5142004
0.136268,-3.0056553
0.13627,-2.3121846
0.136272,-1.5262513
0.136274,-0.6478553
0.136276,0.27677202
0.136278,1.2013993
0.13628,1.9873328
0.136282,2.727035
0.136284,3.3280425
0.136286,3.744125
0.136288,3.92905
0.13629,3.92905
0.136292,3.6978936
0.13629399,3.3280425
0.136296,2.727035
0.136298,1.9873328
0.1363,1.1551685
0.136302,0.27677202
0.136304,-0.6478553
0.136306,-1.48002
0.136308,-2.3121846
0.13631,-2.9594238
0.136312,-3.5142004
0.136314,-3.8378198
0.136316,-3.976514
0.136318,-3.8840513
0.13632,-3.5604317
0.136322,-3.098118
0.136324,-2.4508786
0.136326,-1.6649456
0.136328,-0.78654957
0.13633,0.13807821
0.136332,1.0164738
0.136334,1.8486385
0.136336,2.6345725
0.136338,3.23558
0.13633999,3.6516623
0.136342,3.92905
0.136344,3.92905
0.136346,3.7903562
0.136348,3.3742738
0.13635,2.8194976
0.136352,2.126027
0.136354,1.3400936
0.136356,0.4154663
0.136358,-0.5091615
0.13636,-1.387557
0.136362,-2.1734905
0.136364,-2.866961
0.136366,-3.4217377
0.136368,-3.7915885
0.13637,-3.9302826
0.136372,-3.8840513
0.136374,-3.6528945
0.136376,-3.1905808
0.136378,-2.5433414
0.13638,-1.8036394
0.136382,-0.9714751
0.136384,-0.046847343
0.136386,0.87777996
0.136388,1.7099442
0.13639,2.4958777
0.136392,3.1431174
0.136394,3.605431
0.136396,3.8828197
0.136398,3.9752812
0.1364,3.8365874
0.136402,3.4667363
0.136404,2.9581914
0.136406,2.2647214
0.136408,1.4787879
0.13641,0.60039186
0.136412,-0.32423592
0.136414,-1.2488632
0.136416,-2.0347965
0.136418,-2.7744985
0.13642,-3.329275
0.136422,-3.745357
0.136424,-3.9302826
0.136426,-3.9302826
0.136428,-3.6991258
0.13643,-3.2830436
0.136432,-2.6820357
0.136434,-1.9423337
0.136436,-1.1101689
0.136438,-0.18554163
0.13644,0.7390857
0.136442,1.5712504
0.136444,2.357184
0.136446,3.050654
0.136448,3.5591989
0.13645,3.8365874
0.136452,3.9752812
0.136454,3.8365874
0.136456,3.5591989
0.136458,3.050654
0.13646,2.357184
0.136462,1.5712504
0.136464,0.7390857
0.136466,-0.18554163
0.136468,-1.0639377
0.13647,-1.8961024
0.136472,-2.6358042
0.136474,-3.236812
0.136476,-3.6991258
0.136478,-3.9302826
0.13648,-3.9302826
0.136482,-3.745357
0.136484,-3.3755062
0.136486,-2.8207297
0.136488,-2.081028
0.13649,-1.2488632
0.136492,-0.3704667
0.136494,0.5541601
0.13649599,1.4325566
0.136498,2.2184901
0.1365,2.9119601
0.136502,3.4667363
0.136504,3.7903562
0.136506,3.9752812
0.136508,3.8828197
0.13651,3.605431
0.136512,3.1431174
0.136514,2.4958777
0.136516,1.756176
0.136518,0.87777996
0.13652,-6.160736E-4
0.136522,-0.9252434
0.136524,-1.7574081
0.136526,-2.4971101
0.136528,-3.1443493
0.13653,-3.6066632
0.136532,-3.8840513
0.136534,-3.976514
0.136536,-3.7915885
0.136538,-3.467969
0.13654,-2.9131925
0.13654199,-2.2197218
0.136544,-1.4337888
0.136546,-0.5091615
0.136548,0.4154663
0.13655,1.2938623
0.136552,2.126027
0.136554,2.8194976
0.136556,3.3742738
0.136558,3.744125
0.13656,3.92905
0.136562,3.92905
0.136564,1.6637135
0.136566,-1.6187139
0.136568,-2.589573
0.13657,-1.8498712
0.136572,-1.0177064
0.136574,-0.13931036
0.136576,0.7853174
0.136578,1.6637135
0.13658,2.4496465
0.136582,3.0968862
0.136584,3.5591989
0.136586,3.8828197
0.13658799,3.9752812
0.13659,3.8365874
0.136592,3.5129685
0.136594,3.0044227
0.136596,2.357184
0.136598,1.5712504
0.1366,0.6928544
0.136602,-0.2317729
0.136604,-1.1101689
0.136606,-1.9423337
0.136608,-2.6820357
0.13661,-3.2830436
0.136612,-3.6991258
0.136614,-3.9302826
0.136616,-3.9302826
0.136618,-3.745357
0.13662,-3.329275
0.136622,-2.7744985
0.136624,-2.0347965
0.136626,-1.202632
0.136628,-0.32423592
0.13663,0.60039186
0.136632,1.4787879
0.136634,2.2647214
0.136636,2.9581914
0.136638,3.4667363
0.13664,3.8365874
0.136642,3.9752812
0.136644,3.8828197
0.136646,3.605431
0.136648,3.0968862
0.13665,2.4496465
0.136652,1.6637135
0.136654,0.8315482
0.136656,-0.09307861
0.136658,-0.9714751
0.13666,-1.8036394
0.136662,-2.5433414
0.136664,-3.1905808
0.136666,-3.6528945
0.136668,-3.8840513
0.13667,-3.9302826
0.136672,-3.7915885
0.136674,-3.4217377
0.136676,-2.866961
0.136678,-2.1734905
0.13668,-1.387557
0.136682,-0.46292973
0.136684,0.46169758
0.136686,1.3400936
0.136688,2.172258
0.13669,2.8657289
0.136692,3.420505
0.136694,3.7903562
0.136696,3.92905
0.136698,3.8828197
0.1367,3.6516623
0.136702,3.1893477
0.136704,2.5883412
0.136706,1.8486385
0.136708,1.0164738
0.13671,0.091846466
0.136712,-0.83278084
0.136714,-1.6649456
0.136716,-2.4508786
0.136718,-3.098118
0.13672,-3.5604317
0.136722,-3.8840513
0.136724,-3.976514
0.136726,-3.8378198
0.136728,-3.5142004
0.13673,-2.9594238
0.136732,-2.3121846
0.136734,-1.48002
0.136736,-0.6478553
0.136738,0.27677202
0.13674,1.2013993
0.136742,2.033564
0.136744,2.727035
0.136746,3.3280425
0.136748,3.744125
0.13675,3.92905
0.136752,3.92905
0.136754,3.6978936
0.136756,3.2818112
0.136758,2.6808028
0.13676,1.9873328
0.136762,1.1551685
0.136764,0.23054075
0.136766,-0.6478553
0.136768,-1.5262513
0.13677,-2.3121846
0.136772,-3.0056553
0.136774,-3.5142004
0.136776,-3.8378198
0.136778,-3.976514
0.13678,-3.8840513
0.136782,-3.5604317
0.136784,-3.098118
0.136786,-2.4508786
0.136788,-1.6187139
0.13678999,-0.78654957
0.136792,0.13807821
0.136794,1.0627055
0.136796,1.8948698
0.136798,2.6345725
0.1368,3.23558
0.136802,3.6978936
0.136804,3.92905
0.136806,3.92905
0.136808,3.744125
0.13681,3.3742738
0.136812,2.8194976
0.136814,2.126027
0.136816,1.2938623
0.136818,0.4154663
0.13682,-0.5091615
0.136822,-1.387557
0.136824,-2.1734905
0.136826,-2.866961
0.136828,-3.4217377
0.13683,-3.7915885
0.136832,-3.9302826
0.136834,-3.8840513
0.13683599,-3.6528945
0.136838,-3.1905808
0.13684,-2.5433414
0.136842,-1.8036394
0.136844,-0.9252434
0.136846,-0.046847343
0.136848,0.87777996
0.13685,1.756176
0.136852,2.4958777
0.136854,3.1431174
0.136856,3.605431
0.136858,3.8828197
0.13686,3.9752812
0.136862,3.7903562
0.136864,3.4667363
0.136866,2.9119601
0.136868,2.2184901
0.13687,1.4325566
0.136872,0.5541601
0.136874,-0.3704667
0.136876,-1.2488632
0.136878,-2.0347965
0.13688,-2.7744985
0.13688199,-3.329275
0.136884,-3.745357
0.136886,-3.9302826
0.136888,-3.9302826
0.13689,-3.6991258
0.136892,-3.2830436
0.136894,-2.6820357
0.136896,-1.9423337
0.136898,-1.1101689
0.1369,-0.18554163
0.136902,0.7390857
0.136904,1.5712504
0.136906,2.357184
0.136908,3.050654
0.13691,3.5591989
0.136912,3.8365874
0.136914,3.9752812
0.136916,3.8365874
0.136918,3.5591989
0.13692,3.050654
0.136922,2.357184
0.136924,1.5712504
0.136926,0.7390857
0.136928,-0.18554163
0.13693,-1.1101689
0.136932,-1.8961024
0.136934,-2.6358042
0.136936,-3.2830436
0.136938,-3.6991258
0.13694,-3.9302826
0.136942,-3.9302826
0.136944,-3.745357
0.136946,-3.3755062
0.136948,-2.7744985
0.13695,-2.081028
0.136952,-1.2488632
0.136954,-0.32423592
0.136956,0.60039186
0.136958,1.4787879
0.13696,2.2647214
0.136962,2.9581914
0.136964,3.4667363
0.136966,3.8365874
0.136968,3.9752812
0.13697,3.8828197
0.136972,3.605431
0.136974,3.1431174
0.136976,2.4958777
0.136978,1.7099442
0.13698,0.87777996
0.136982,-0.046847343
0.136984,0.87777996
0.136986,1.8486385
0.136988,2.6345725
0.13699,3.23558
0.136992,3.6978936
0.136994,3.9752812
0.136996,4.0215135
0.136998,3.8365874
0.137,3.4667363
0.137002,2.9119601
0.137004,2.2184901
0.137006,1.4325566
0.137008,0.5541601
0.13701,-0.3704667
0.137012,-1.2950945
0.137014,-2.081028
0.137016,-2.7744985
0.137018,-3.3755062
0.13702,-3.745357
0.137022,-3.9302826
0.137024,-3.8840513
0.137026,-3.6528945
0.137028,-3.236812
0.13703,-2.589573
0.137032,-1.8498712
0.137034,-1.0177064
0.137036,-0.09307861
0.13703799,0.7853174
0.13704,1.6637135
0.137042,2.4496465
0.137044,3.0968862
0.137046,3.605431
0.137048,3.8828197
0.13705,3.9752812
0.137052,3.8365874
0.137054,3.5129685
0.137056,3.0044227
0.137058,2.3109517
0.13706,1.5250192
0.137062,0.64662313
0.137064,-0.2317729
0.137066,-1.1564007
0.137068,-1.9423337
0.13707,-2.6820357
0.137072,-3.2830436
0.137074,-3.6991258
0.137076,-3.9302826
0.137078,-3.9302826
0.13708,-3.745357
0.137082,-3.329275
0.13708399,-2.728267
0.137086,-1.9885652
0.137088,-1.202632
0.13709,-0.27800417
0.137092,0.64662313
0.137094,1.5250192
0.137096,2.3109517
0.137098,3.0044227
0.1371,3.5129685
0.137102,3.8365874
0.137104,3.9752812
0.137106,3.8828197
0.137108,3.5591989
0.13711,3.0968862
0.137112,2.4496465
0.137114,1.6637135
0.137116,0.8315482
0.137118,-0.09307861
0.13712,-1.0177064
0.137122,-1.8036394
0.137124,-2.589573
0.137126,-3.1905808
0.137128,-3.6528945
0.13712999,-3.8840513
0.137132,-3.9302826
0.137134,-3.7915885
0.137136,-3.4217377
0.137138,-2.866961
0.13714,-2.1272593
0.137142,-1.3413262
0.137144,-0.46292973
0.137146,0.50792885
0.137148,1.3863249
0.13715,2.172258
0.137152,2.8657289
0.137154,3.420505
0.137156,3.7903562
0.137158,3.92905
0.13716,3.8828197
0.137162,3.6516623
0.137164,3.1893477
0.137166,2.5883412
0.137168,1.8024073
0.13717,0.970243
0.137172,0.045615196
0.137174,-0.83278084
0.137176,-1.6649456
0.137178,-2.4508786
0.13718,-3.098118
0.137182,-3.6066632
0.137184,-3.8840513
0.137186,-3.976514
0.137188,-3.8378198
0.13719,-3.467969
0.137192,-2.9594238
0.137194,-2.2659533
0.137196,-1.48002
0.137198,-0.601624
0.1372,0.3230033
0.137202,1.2476311
0.137204,2.033564
0.137206,2.7732663
0.137208,3.3280425
0.13721,3.744125
0.137212,3.92905
0.137214,3.92905
0.137216,3.6978936
0.137218,3.2818112
0.13722,2.6808028
0.137222,1.9411016
0.137224,1.1089368
0.137226,0.23054075
0.137228,-0.694087
0.13723,-1.5262513
0.137232,-2.3121846
0.137234,-3.0056553
0.137236,-3.5142004
0.137238,-3.8378198
0.13724,-3.976514
0.137242,-3.8378198
0.137244,-3.5604317
0.137246,-3.0518866
0.137248,-2.4046474
0.13725,-1.6187139
0.137252,-0.7403178
0.137254,0.184309
0.137256,1.0627055
0.137258,1.8948698
0.13726,2.6345725
0.137262,3.23558
0.137264,3.6978936
0.137266,3.92905
0.137268,3.92905
0.13727,3.744125
0.137272,3.3742738
0.137274,2.8194976
0.137276,2.0797954
0.137278,1.2938623
0.13728,0.36923456
0.137282,-0.55539227
0.137284,-1.4337888
0.13728599,-2.2197218
0.137288,-2.9131925
0.13729,-3.467969
0.137292,-3.7915885
0.137294,-3.9302826
0.137296,-3.8840513
0.137298,-3.6066632
0.1373,-3.1443493
0.137302,-2.5433414
0.137304,-1.7574081
0.137306,-0.9252434
0.137308,-6.160736E-4
0.13731,0.92401123
0.137312,1.756176
0.137314,2.542109
0.137316,3.1431174
0.137318,3.605431
0.13732,3.8828197
0.137322,3.9752812
0.137324,3.7903562
0.137326,3.4667363
0.137328,2.9119601
0.13733,2.2184901
0.13733199,1.4325566
0.137334,0.5541601
0.137336,-0.3704667
0.137338,-1.2488632
0.13734,-2.081028
0.137342,-2.7744985
0.137344,-3.3755062
0.137346,-3.745357
0.137348,-3.9302826
0.13735,-3.9302826
0.137352,-3.6991258
0.137354,-3.236812
0.137356,-2.6358042
0.137358,-1.8961024
0.13736,-1.0639377
0.137362,-0.13931036
0.137364,0.7853174
0.137366,1.6174817
0.137368,2.4034152
0.13737,3.050654
0.137372,3.5591989
0.137374,3.8828197
0.137376,3.9752812
0.13737799,3.8365874
0.13738,3.5129685
0.137382,3.0044227
0.137384,2.357184
0.137386,1.5712504
0.137388,0.6928544
0.13739,-0.2317729
0.137392,-1.1101689
0.137394,-1.9423337
0.137396,-2.6820357
0.137398,-3.2830436
0.1374,-3.6991258
0.137402,-3.9302826
0.137404,-2.6358042
0.137406,1.0164738
0.137408,3.23558
0.13741,2.727035
0.137412,2.033564
0.137414,1.2013993
0.137416,0.3230033
0.137418,-0.601624
0.13742,-1.48002
0.137422,-2.2659533
0.137424,-2.9594238
0.137426,-3.467969
0.137428,-3.8378198
0.13743,-3.976514
0.137432,-3.8840513
0.137434,-3.6066632
0.137436,-3.1443493
0.137438,-2.4971101
0.13744,-1.7111769
0.137442,-0.8790121
0.137444,0.045615196
0.137446,0.970243
0.137448,1.8024073
0.13745,2.5883412
0.137452,3.1893477
0.137454,3.6516623
0.137456,3.8828197
0.137458,3.9752812
0.13746,3.7903562
0.137462,3.420505
0.137464,2.8657289
0.137466,2.172258
0.137468,1.3863249
0.13747,0.50792885
0.137472,-0.41669846
0.137474,-1.3413262
0.137476,-2.1272593
0.137478,-2.8207297
0.13748,-3.3755062
0.137482,-3.745357
0.137484,-3.9302826
0.137486,-3.8840513
0.137488,-3.6528945
0.13749,-3.236812
0.137492,-2.589573
0.137494,-1.8498712
0.137496,-1.0177064
0.137498,-0.09307861
0.1375,0.8315482
0.137502,1.6637135
0.137504,2.4496465
0.137506,3.0968862
0.137508,3.605431
0.13751,3.8828197
0.137512,3.9752812
0.137514,3.8365874
0.137516,3.5129685
0.137518,3.0044227
0.13752,2.3109517
0.137522,1.5250192
0.137524,0.64662313
0.137526,-0.27800417
0.137528,-1.1564007
0.13753,-1.9885652
0.137532,-2.728267
0.13753399,-3.2830436
0.137536,-3.6991258
0.137538,-3.9302826
0.13754,-3.9302826
0.137542,-3.6991258
0.137544,-3.329275
0.137546,-2.728267
0.137548,-1.9885652
0.13755,-1.1564007
0.137552,-0.27800417
0.137554,0.64662313
0.137556,1.5250192
0.137558,2.3109517
0.13756,3.0044227
0.137562,3.5129685
0.137564,3.8365874
0.137566,3.9752812
0.137568,3.8828197
0.13757,3.5591989
0.137572,3.0968862
0.137574,2.4496465
0.137576,1.6637135
0.137578,0.7853174
0.13757999,-0.09307861
0.137582,-1.0177064
0.137584,-1.8498712
0.137586,-2.589573
0.137588,-3.236812
0.13759,-3.6528945
0.137592,-3.9302826
0.137594,-3.9302826
0.137596,-3.7915885
0.137598,-3.3755062
0.1376,-2.8207297
0.137602,-2.1272593
0.137604,-1.3413262
0.137606,-0.41669846
0.137608,0.50792885
0.13761,1.3863249
0.137612,2.172258
0.137614,2.8657289
0.137616,3.420505
0.137618,3.7903562
0.13762,3.9752812
0.137622,3.8828197
0.137624,3.6516623
0.13762599,3.1893477
0.137628,2.542109
0.13763,1.8024073
0.137632,0.970243
0.137634,0.045615196
0.137636,-0.8790121
0.137638,-1.7111769
0.13764,-2.4508786
0.137642,-3.098118
0.137644,-3.6066632
0.137646,-3.8840513
0.137648,-3.9302826
0.13765,-3.8378198
0.137652,-3.467969
0.137654,-2.9594238
0.137656,-2.2659533
0.137658,-1.48002
0.13766,-0.601624
0.137662,0.3230033
0.137664,1.2476311
0.137666,2.033564
0.137668,2.7732663
0.13767,3.3742738
0.137672,3.744125
0.137674,3.92905
0.137676,3.92905
0.137678,3.6978936
0.13768,3.2818112
0.137682,2.6808028
0.137684,1.9411016
0.137686,1.1089368
0.137688,0.23054075
0.13769,-0.694087
0.137692,-1.5724826
0.137694,-2.3584158
0.137696,-3.0056553
0.137698,-3.5142004
0.1377,-3.8378198
0.137702,-3.976514
0.137704,-3.8378198
0.137706,-3.5604317
0.137708,-3.0518866
0.13771,-2.4046474
0.137712,-1.6187139
0.137714,-0.7403178
0.137716,0.184309
0.137718,1.1089368
0.13772,1.8948698
0.137722,2.6808028
0.137724,3.2818112
0.137726,3.6978936
0.137728,3.92905
0.13773,3.92905
0.137732,3.744125
0.137734,3.3742738
0.137736,2.7732663
0.137738,2.0797954
0.13774,1.2476311
0.137742,0.36923456
0.137744,-0.55539227
0.137746,-1.4337888
0.137748,-2.2197218
0.13775,-2.9131925
0.137752,-3.467969
0.137754,-3.7915885
0.137756,-3.9302826
0.137758,-3.8840513
0.13776,-3.6066632
0.137762,-3.1443493
0.137764,-2.4971101
0.137766,-1.7574081
0.137768,-0.8790121
0.13777,0.045615196
0.137772,0.92401123
0.137774,1.756176
0.137776,2.542109
0.137778,3.1893477
0.13778,3.6516623
0.137782,3.8828197
0.137784,3.9752812
0.137786,3.7903562
0.137788,3.4667363
0.13779,2.9119601
0.137792,2.2184901
0.137794,1.4325566
0.137796,0.50792885
0.137798,-0.3704667
0.1378,-1.2950945
0.137802,-2.081028
0.137804,-2.8207297
0.137806,-3.3755062
0.137808,-3.745357
0.13781,-3.9302826
0.137812,-3.9302826
0.137814,-3.6991258
0.137816,-3.236812
0.137818,-2.6358042
0.13782,-1.8961024
0.137822,-1.0639377
0.137824,-0.13931036
0.137826,-0.83278084
0.13782799,-1.7111769
0.13783,-2.4508786
0.137832,-3.1443493
0.137834,-3.6066632
0.137836,-3.9302826
0.137838,-4.022745
0.13784,-3.8840513
0.137842,-3.5604317
0.137844,-3.0518866
0.137846,-2.3584158
0.137848,-1.5724826
0.13785,-0.694087
0.137852,0.23054075
0.137854,1.1089368
0.137856,1.9411016
0.137858,2.6808028
0.13786,3.2818112
0.137862,3.6978936
0.137864,3.92905
0.137866,3.92905
0.137868,3.6978936
0.13787,3.3280425
0.137872,2.727035
0.13787399,1.9873328
0.137876,1.2013993
0.137878,0.27677202
0.13788,-0.601624
0.137882,-1.48002
0.137884,-2.2659533
0.137886,-2.9594238
0.137888,-3.5142004
0.13789,-3.8378198
0.137892,-3.976514
0.137894,-3.8840513
0.137896,-3.6066632
0.137898,-3.098118
0.1379,-2.4508786
0.137902,-1.7111769
0.137904,-0.83278084
0.137906,0.091846466
0.137908,1.0164738
0.13791,1.8486385
0.137912,2.5883412
0.137914,3.1893477
0.137916,3.6516623
0.137918,3.8828197
0.13791999,3.92905
0.137922,3.7903562
0.137924,3.420505
0.137926,2.8657289
0.137928,2.172258
0.13793,1.3400936
0.137932,0.46169758
0.137934,-0.46292973
0.137936,-1.3413262
0.137938,-2.1272593
0.13794,-2.866961
0.137942,-3.4217377
0.137944,-3.7915885
0.137946,-3.9302826
0.137948,-3.8840513
0.13795,-3.6528945
0.137952,-3.1905808
0.137954,-2.589573
0.137956,-1.8498712
0.137958,-0.9714751
0.13796,-0.09307861
0.137962,0.8315482
0.137964,1.7099442
0.137966,2.4496465
0.137968,3.0968862
0.13797,3.605431
0.137972,3.8828197
0.137974,3.9752812
0.137976,3.8365874
0.137978,3.4667363
0.13798,2.9581914
0.137982,2.2647214
0.137984,1.4787879
0.137986,0.60039186
0.137988,-0.27800417
0.13799,-1.202632
0.137992,-1.9885652
0.137994,-2.728267
0.137996,-3.329275
0.137998,-3.745357
0.138,-3.9302826
0.138002,-3.9302826
0.138004,-3.6991258
0.138006,-3.2830436
0.138008,-2.728267
0.13801,-1.9885652
0.138012,-1.1564007
0.138014,-0.2317729
0.138016,0.6928544
0.138018,1.5250192
0.13802,2.357184
0.138022,3.0044227
0.138024,3.5129685
0.138026,3.8365874
0.138028,3.9752812
0.13803,3.8365874
0.138032,3.5591989
0.138034,3.050654
0.138036,2.4034152
0.138038,1.6174817
0.13804,0.7853174
0.138042,-0.13931036
0.138044,-1.0177064
0.138046,-1.8498712
0.138048,-2.589573
0.13805,-3.236812
0.138052,-3.6528945
0.138054,-3.9302826
0.138056,-3.9302826
0.138058,-3.745357
0.13806,-3.3755062
0.138062,-2.8207297
0.138064,-2.1272593
0.138066,-1.2950945
0.138068,-0.41669846
0.13807,0.50792885
0.138072,1.4325566
0.138074,2.2184901
0.13807599,2.9119601
0.138078,3.4667363
0.13808,3.7903562
0.138082,3.92905
0.138084,3.8828197
0.138086,3.6516623
0.138088,3.1431174
0.13809,2.542109
0.138092,1.756176
0.138094,0.92401123
0.138096,0.045615196
0.138098,-0.8790121
0.1381,-1.7111769
0.138102,-2.4971101
0.138104,-3.1443493
0.138106,-3.6066632
0.138108,-3.8840513
0.13811,-3.9302826
0.138112,-3.7915885
0.138114,-3.467969
0.138116,-2.9131925
0.138118,-2.2659533
0.13812,-1.4337888
0.13812199,-0.55539227
0.138124,0.36923456
0.138126,1.2476311
0.138128,2.0797954
0.13813,2.7732663
0.138132,3.3742738
0.138134,3.744125
0.138136,3.92905
0.138138,3.92905
0.13814,3.6978936
0.138142,3.2818112
0.138144,2.6345725
0.138146,1.8948698
0.138148,1.1089368
0.13815,0.184309
0.138152,-0.7403178
0.138154,-1.5724826
0.138156,-2.3584158
0.138158,-3.0518866
0.13816,-3.5604317
0.138162,-3.8378198
0.138164,-3.976514
0.138166,-3.8378198
0.13816799,-3.5604317
0.13817,-3.0518866
0.138172,-2.3584158
0.138174,-1.5724826
0.138176,-0.694087
0.138178,0.23054075
0.13818,1.1089368
0.138182,1.9411016
0.138184,2.6808028
0.138186,3.2818112
0.138188,3.6978936
0.13819,3.92905
0.138192,3.92905
0.138194,3.744125
0.138196,3.3280425
0.138198,2.7732663
0.1382,2.033564
0.138202,1.2476311
0.138204,0.3230033
0.138206,-0.55539227
0.138208,-1.4337888
0.13821,-2.2197218
0.138212,-2.9131925
0.138214,-3.467969
0.138216,-3.7915885
0.138218,-3.976514
0.13822,-3.8840513
0.138222,-3.6066632
0.138224,-3.1443493
0.138226,-2.4971101
0.138228,-1.7111769
0.13823,-0.8790121
0.138232,0.045615196
0.138234,0.970243
0.138236,1.8024073
0.138238,2.542109
0.13824,3.1893477
0.138242,3.6516623
0.138244,2.8657289
0.138246,-0.601624
0.138248,-3.5142004
0.13825,-3.4217377
0.138252,-2.9131925
0.138254,-2.2197218
0.138256,-1.387557
0.138258,-0.5091615
0.13826,0.4154663
0.138262,1.2938623
0.138264,2.126027
0.138266,2.8194976
0.138268,3.3742738
0.13827,3.7903562
0.138272,3.92905
0.138274,3.92905
0.138276,3.6516623
0.138278,3.23558
0.13828,2.5883412
0.138282,1.8486385
0.138284,1.0164738
0.138286,0.13807821
0.138288,-0.78654957
0.13829,-1.6187139
0.138292,-2.4046474
0.138294,-3.098118
0.138296,-3.5604317
0.138298,-3.8840513
0.1383,-3.976514
0.138302,-3.8378198
0.138304,-3.5142004
0.138306,-3.0056553
0.138308,-2.3121846
0.13831,-1.5262513
0.138312,-0.6478553
0.138314,0.27677202
0.138316,1.1551685
0.138318,1.9873328
0.13832,2.727035
0.138322,3.3280425
0.13832399,3.6978936
0.138326,3.92905
0.138328,3.92905
0.13833,3.6978936
0.138332,3.3280425
0.138334,2.727035
0.138336,1.9873328
0.138338,1.2013993
0.13834,0.27677202
0.138342,-0.6478553
0.138344,-1.48002
0.138346,-2.2659533
0.138348,-2.9594238
0.13835,-3.5142004
0.138352,-3.8378198
0.138354,-3.976514
0.138356,-3.8840513
0.138358,-3.6066632
0.13836,-3.098118
0.138362,-2.4508786
0.138364,-1.6649456
0.138366,-0.83278084
0.138368,0.091846466
0.13836999,1.0164738
0.138372,1.8486385
0.138374,2.5883412
0.138376,3.23558
0.138378,3.6516623
0.13838,3.92905
0.138382,3.92905
0.138384,3.7903562
0.138386,3.420505
0.138388,2.8194976
0.13839,2.126027
0.138392,1.3400936
0.138394,0.46169758
0.138396,-0.46292973
0.138398,-1.3413262
0.1384,-2.1734905
0.138402,-2.866961
0.138404,-3.4217377
0.138406,-3.7915885
0.138408,-3.9302826
0.13841,-3.8840513
0.138412,-3.6528945
0.138414,-3.1905808
0.13841599,-2.589573
0.138418,-1.8036394
0.13842,-0.9714751
0.138422,-0.046847343
0.138424,0.87777996
0.138426,1.7099442
0.138428,2.4958777
0.13843,3.1431174
0.138432,3.605431
0.138434,3.8828197
0.138436,3.9752812
0.138438,3.8365874
0.13844,3.4667363
0.138442,2.9581914
0.138444,2.2647214
0.138446,1.4787879
0.138448,0.60039186
0.13845,-0.32423592
0.138452,-1.202632
0.138454,-2.0347965
0.138456,-2.728267
0.138458,-3.329275
0.13846,-3.745357
0.138462,-3.9302826
0.138464,-3.9302826
0.138466,-3.6991258
0.138468,-3.2830436
0.13847,-2.6820357
0.138472,-1.9423337
0.138474,-1.1101689
0.138476,-0.2317729
0.138478,0.6928544
0.13848,1.5712504
0.138482,2.357184
0.138484,3.0044227
0.138486,3.5129685
0.138488,3.8365874
0.13849,3.9752812
0.138492,3.8365874
0.138494,3.5591989
0.138496,3.050654
0.138498,2.4034152
0.1385,1.6174817
0.138502,0.7390857
0.138504,-0.13931036
0.138506,-1.0639377
0.138508,-1.8961024
0.13851,-2.6358042
0.138512,-3.236812
0.138514,-3.6991258
0.138516,-3.9302826
0.138518,-3.9302826
0.13852,-3.745357
0.138522,-3.3755062
0.138524,-2.8207297
0.138526,-2.081028
0.138528,-1.2950945
0.13853,-0.3704667
0.138532,0.5541601
0.138534,1.4325566
0.138536,2.2184901
0.138538,2.9119601
0.13854,3.4667363
0.138542,3.7903562
0.138544,3.9752812
0.138546,3.8828197
0.138548,3.605431
0.13855,3.1431174
0.138552,2.4958777
0.138554,1.756176
0.138556,0.92401123
0.138558,-6.160736E-4
0.13856,-0.9252434
0.138562,-1.7574081
0.138564,-2.4971101
0.138566,-3.1443493
0.138568,-3.6066632
0.13857,-3.8840513
0.13857199,-3.9302826
0.138574,-3.7915885
0.138576,-3.467969
0.138578,-2.9131925
0.13858,-2.2197218
0.138582,-1.4337888
0.138584,-0.55539227
0.138586,0.36923456
0.138588,1.2938623
0.13859,2.0797954
0.138592,2.8194976
0.138594,3.3742738
0.138596,3.744125
0.138598,3.92905
0.1386,3.92905
0.138602,3.6978936
0.138604,3.23558
0.138606,2.6345725
0.138608,1.8948698
0.13861,1.0627055
0.138612,0.184309
0.138614,-0.7403178
0.138616,-1.5724826
0.13861799,-2.3584158
0.13862,-3.0518866
0.138622,-3.5604317
0.138624,-3.8378198
0.138626,-3.976514
0.138628,-3.8378198
0.13863,-3.5142004
0.138632,-3.0518866
0.138634,-2.3584158
0.138636,-1.5724826
0.138638,-0.694087
0.13864,0.23054075
0.138642,1.1089368
0.138644,1.9411016
0.138646,2.6808028
0.138648,3.2818112
0.13865,3.6978936
0.138652,3.92905
0.138654,3.92905
0.138656,3.744125
0.138658,3.3280425
0.13866,2.7732663
0.138662,2.033564
0.13866399,0.64662313
0.138666,-0.18554163
0.138668,0.6928544
0.13867,1.5250192
0.138672,2.357184
0.138674,3.0044227
0.138676,3.5591989
0.138678,3.8828197
0.13868,4.0215135
0.138682,3.92905
0.138684,3.6516623
0.138686,3.1431174
0.138688,2.4958777
0.13869,1.7099442
0.138692,0.87777996
0.138694,-0.046847343
0.138696,-0.9252434
0.138698,-1.7574081
0.1387,-2.5433414
0.138702,-3.1443493
0.138704,-3.6066632
0.138706,-3.8840513
0.138708,-3.9302826
0.13871,-3.7915885
0.138712,-3.4217377
0.138714,-2.866961
0.138716,-2.1734905
0.138718,-1.387557
0.13872,-0.46292973
0.138722,0.46169758
0.138724,1.3400936
0.138726,2.172258
0.138728,2.8657289
0.13873,3.420505
0.138732,3.7903562
0.138734,3.9752812
0.138736,3.92905
0.138738,3.6516623
0.13874,3.23558
0.138742,2.5883412
0.138744,1.8486385
0.138746,1.0164738
0.138748,0.091846466
0.13875,-0.78654957
0.138752,-1.6649456
0.138754,-2.4508786
0.138756,-3.098118
0.138758,-3.5604317
0.13876,-3.8840513
0.138762,-3.976514
0.138764,-3.8378198
0.138766,-3.5142004
0.138768,-3.0056553
0.13877,-2.3121846
0.138772,-1.48002
0.138774,-0.6478553
0.138776,0.27677202
0.138778,1.2013993
0.13878,1.9873328
0.138782,2.727035
0.138784,3.3280425
0.138786,3.744125
0.138788,3.92905
0.13879,3.92905
0.138792,3.6978936
0.138794,3.2818112
0.138796,2.727035
0.138798,1.9873328
0.1388,1.1551685
0.138802,0.27677202
0.138804,-0.6478553
0.138806,-1.5262513
0.138808,-2.3121846
0.13881,-3.0056553
0.138812,-3.5142004
0.138814,-3.8378198
0.138816,-3.976514
0.138818,-3.8840513
0.13881999,-3.5604317
0.138822,-3.098118
0.138824,-2.4508786
0.138826,-1.6649456
0.138828,-0.78654957
0.13883,0.13807821
0.138832,1.0164738
0.138834,1.8486385
0.138836,2.6345725
0.138838,3.23558
0.13884,3.6978936
0.138842,3.92905
0.138844,3.92905
0.138846,3.7903562
0.138848,3.3742738
0.13885,2.8194976
0.138852,2.126027
0.138854,1.2938623
0.138856,0.4154663
0.138858,-0.5091615
0.13886,-1.387557
0.138862,-2.1734905
0.138864,-2.866961
0.13886599,-3.4217377
0.138868,-3.7915885
0.13887,-3.9302826
0.138872,-3.8840513
0.138874,-3.6528945
0.138876,-3.1905808
0.138878,-2.5433414
0.13888,-1.8036394
0.138882,-0.9714751
0.138884,-0.046847343
0.138886,0.87777996
0.138888,1.7099442
0.13889,2.4958777
0.138892,3.1431174
0.138894,3.605431
0.138896,3.8828197
0.138898,3.9752812
0.1389,3.8365874
0.138902,3.4667363
0.138904,2.9119601
0.138906,2.2647214
0.138908,1.4787879
0.13891,0.60039186
0.13891199,-0.32423592
0.138914,-1.2488632
0.138916,-2.0347965
0.138918,-2.7744985
0.13892,-3.329275
0.138922,-3.745357
0.138924,-3.9302826
0.138926,-3.9302826
0.138928,-3.6991258
0.13893,-3.2830436
0.138932,-2.6820357
0.138934,-1.9423337
0.138936,-1.1101689
0.138938,-0.18554163
0.13894,0.7390857
0.138942,1.5712504
0.138944,2.357184
0.138946,3.050654
0.138948,3.5591989
0.13895,3.8365874
0.138952,3.9752812
0.138954,3.8365874
0.138956,3.5591989
0.138958,3.050654
0.13896,2.357184
0.138962,1.5712504
0.138964,0.7390857
0.138966,-0.18554163
0.138968,-1.0639377
0.13897,-1.8961024
0.138972,-2.6358042
0.138974,-3.236812
0.138976,-3.6991258
0.138978,-3.9302826
0.13898,-3.9302826
0.138982,-3.745357
0.138984,-3.3755062
0.138986,-2.8207297
0.138988,-2.081028
0.13899,-1.2488632
0.138992,-0.3704667
0.138994,0.5541601
0.138996,1.4787879
0.138998,2.2647214
0.139,2.9119601
0.139002,3.4667363
0.139004,3.8365874
0.139006,3.9752812
0.139008,3.8828197
0.13901,3.605431
0.139012,3.1431174
0.139014,2.4958777
0.139016,1.7099442
0.139018,0.87777996
0.13902,-6.160736E-4
0.139022,-0.9252434
0.139024,-1.7574081
0.139026,-2.5433414
0.139028,-3.1443493
0.13903,-3.6066632
0.139032,-3.8840513
0.139034,-3.9302826
0.139036,-3.7915885
0.139038,-3.467969
0.13904,-2.9131925
0.139042,-2.2197218
0.139044,-1.387557
0.139046,-0.5091615
0.139048,0.4154663
0.13905,1.2938623
0.139052,2.126027
0.139054,2.8194976
0.139056,3.3742738
0.139058,3.744125
0.13906,3.92905
0.139062,3.92905
0.139064,3.6516623
0.139066,3.23558
0.139068,2.6345725
0.13907,1.8948698
0.139072,1.0627055
0.139074,0.13807821
0.139076,-0.78654957
0.139078,-1.6187139
0.13908,-2.4046474
0.139082,-3.0518866
0.139084,-3.1905808
0.139086,0.184309
0.139088,3.605431
0.13909,3.8365874
0.139092,3.5129685
0.139094,3.0044227
0.139096,2.357184
0.139098,1.5712504
0.1391,0.6928544
0.139102,-0.2317729
0.139104,-1.1101689
0.139106,-1.9423337
0.139108,-2.6820357
0.13911,-3.2830436
0.139112,-3.6991258
0.13911399,-3.9302826
0.139116,-3.9302826
0.139118,-3.745357
0.13912,-3.329275
0.139122,-2.728267
0.139124,-2.0347965
0.139126,-1.202632
0.139128,-0.27800417
0.13913,0.64662313
0.139132,1.4787879
0.139134,2.3109517
0.139136,2.9581914
0.139138,3.5129685
0.13914,3.8365874
0.139142,3.9752812
0.139144,3.8828197
0.139146,3.605431
0.139148,3.0968862
0.13915,2.4496465
0.139152,1.6637135
0.139154,0.8315482
0.139156,-0.09307861
0.139158,-0.9714751
0.13915999,-1.8036394
0.139162,-2.5433414
0.139164,-3.1905808
0.139166,-3.6528945
0.139168,-3.8840513
0.13917,-3.9302826
0.139172,-3.7915885
0.139174,-3.4217377
0.139176,-2.866961
0.139178,-2.1734905
0.13918,-1.3413262
0.139182,-0.46292973
0.139184,0.46169758
0.139186,1.3863249
0.139188,2.172258
0.13919,2.8657289
0.139192,3.420505
0.139194,3.7903562
0.139196,3.9752812
0.139198,3.92905
0.1392,3.6516623
0.139202,3.1893477
0.139204,2.5883412
0.13920599,1.8486385
0.139208,1.0164738
0.13921,0.091846466
0.139212,-0.83278084
0.139214,-1.6649456
0.139216,-2.4508786
0.139218,-3.098118
0.13922,-3.5604317
0.139222,-3.8840513
0.139224,-3.976514
0.139226,-3.8378198
0.139228,-3.5142004
0.13923,-2.9594238
0.139232,-2.3121846
0.139234,-1.48002
0.139236,-0.601624
0.139238,0.3230033
0.13924,1.2013993
0.139242,2.033564
0.139244,2.727035
0.139246,3.3280425
0.139248,3.744125
0.13925,3.92905
0.139252,3.92905
0.139254,3.6978936
0.139256,3.2818112
0.139258,2.6808028
0.13926,1.9873328
0.139262,1.1551685
0.139264,0.23054075
0.139266,-0.6478553
0.139268,-1.5262513
0.13927,-2.3121846
0.139272,-3.0056553
0.139274,-3.5142004
0.139276,-3.8378198
0.139278,-3.976514
0.13928,-3.8840513
0.139282,-3.5604317
0.139284,-3.098118
0.139286,-2.4046474
0.139288,-1.6187139
0.13929,-0.78654957
0.139292,0.13807821
0.139294,1.0627055
0.139296,1.8948698
0.139298,2.6345725
0.1393,3.23558
0.139302,3.6978936
0.139304,3.92905
0.139306,3.92905
0.139308,3.744125
0.13931,3.3742738
0.139312,2.8194976
0.139314,2.126027
0.139316,1.2938623
0.139318,0.4154663
0.13932,-0.5091615
0.139322,-1.387557
0.139324,-2.1734905
0.139326,-2.866961
0.139328,-3.4217377
0.13933,-3.7915885
0.139332,-3.9302826
0.139334,-3.8840513
0.139336,-3.6528945
0.139338,-3.1905808
0.13934,-2.5433414
0.139342,-1.7574081
0.139344,-0.9252434
0.139346,-6.160736E-4
0.139348,0.87777996
0.13935,1.756176
0.139352,2.4958777
0.139354,3.1431174
0.139356,3.605431
0.139358,3.8828197
0.13936,3.9752812
0.13936199,3.7903562
0.139364,3.4667363
0.139366,2.9119601
0.139368,2.2184901
0.13937,1.4325566
0.139372,0.5541601
0.139374,-0.3704667
0.139376,-1.2488632
0.139378,-2.0347965
0.13938,-2.7744985
0.139382,-3.3755062
0.139384,-3.745357
0.139386,-3.9302826
0.139388,-3.9302826
0.13939,-3.6991258
0.139392,-3.2830436
0.139394,-2.6820357
0.139396,-1.8961024
0.139398,-1.1101689
0.1394,-0.18554163
0.139402,0.7390857
0.139404,1.6174817
0.139406,2.4034152
0.13940799,3.050654
0.13941,3.5591989
0.139412,3.8365874
0.139414,3.9752812
0.139416,3.8365874
0.139418,3.5591989
0.13942,3.050654
0.139422,2.357184
0.139424,1.5712504
0.139426,0.7390857
0.139428,-0.18554163
0.13943,-1.1101689
0.139432,-1.8961024
0.139434,-2.6358042
0.139436,-3.2830436
0.139438,-3.6991258
0.13944,-3.9302826
0.139442,-3.9302826
0.139444,-3.745357
0.139446,-3.3755062
0.139448,-2.7744985
0.13945,-2.081028
0.139452,-1.2488632
0.13945399,-0.32423592
0.139456,0.60039186
0.139458,1.4787879
0.13946,2.2647214
0.139462,2.9581914
0.139464,3.4667363
0.139466,3.8365874
0.139468,3.9752812
0.13947,3.8828197
0.139472,3.605431
0.139474,3.1431174
0.139476,2.4958777
0.139478,1.7099442
0.13948,0.87777996
0.139482,-0.046847343
0.139484,-0.9252434
0.139486,-1.7574081
0.139488,-2.5433414
0.13949,-3.1905808
0.139492,-3.6528945
0.139494,-3.8840513
0.139496,-3.9302826
0.139498,-3.7915885
0.1395,-3.4217377
0.139502,-2.9131925
0.139504,-2.1272593
0.139506,0.92401123
0.139508,0.4154663
0.13951,-0.5091615
0.139512,-1.387557
0.139514,-2.1734905
0.139516,-2.866961
0.139518,-3.4217377
0.13952,-3.8378198
0.139522,-3.976514
0.139524,-3.9302826
0.139526,-3.6991258
0.139528,-3.2830436
0.13953,-2.6358042
0.139532,-1.8961024
0.139534,-1.0639377
0.139536,-0.13931036
0.139538,0.7853174
0.13954,1.6174817
0.139542,2.4034152
0.139544,3.0968862
0.139546,3.5591989
0.139548,3.8365874
0.13955,3.92905
0.139552,3.8365874
0.139554,3.5129685
0.139556,2.9581914
0.139558,2.3109517
0.13956,1.5250192
0.139562,0.64662313
0.139564,-0.27800417
0.139566,-1.1564007
0.139568,-1.9885652
0.13957,-2.728267
0.139572,-3.2830436
0.139574,-3.6991258
0.139576,-3.9302826
0.139578,-3.9302826
0.13958,-3.745357
0.139582,-3.329275
0.139584,-2.728267
0.139586,-1.9885652
0.139588,-1.202632
0.13959,-0.27800417
0.139592,0.64662313
0.139594,1.5250192
0.139596,2.3109517
0.139598,3.0044227
0.1396,3.5129685
0.139602,3.8365874
0.139604,3.9752812
0.139606,3.8828197
0.139608,3.5591989
0.13960999,3.0968862
0.139612,2.4496465
0.139614,1.6637135
0.139616,0.8315482
0.139618,-0.09307861
0.13962,-1.0177064
0.139622,-1.8498712
0.139624,-2.589573
0.139626,-3.1905808
0.139628,-3.6528945
0.13963,-3.9302826
0.139632,-3.9302826
0.139634,-3.7915885
0.139636,-3.4217377
0.139638,-2.866961
0.13964,-2.1272593
0.139642,-1.3413262
0.139644,-0.41669846
0.139646,0.50792885
0.139648,1.3863249
0.13965,2.172258
0.139652,2.8657289
0.139654,3.420505
0.13965599,3.7903562
0.139658,3.9752812
0.13966,3.8828197
0.139662,3.6516623
0.139664,3.1893477
0.139666,2.542109
0.139668,1.8024073
0.13967,0.970243
0.139672,0.045615196
0.139674,-0.83278084
0.139676,-1.6649456
0.139678,-2.4508786
0.13968,-3.098118
0.139682,-3.6066632
0.139684,-3.8840513
0.139686,-3.976514
0.139688,-3.8378198
0.13969,-3.467969
0.139692,-2.9594238
0.139694,-2.2659533
0.139696,-1.48002
0.139698,-0.601624
0.1397,0.3230033
0.13970199,1.2476311
0.139704,2.033564
0.139706,2.7732663
0.139708,3.3280425
0.13971,3.744125
0.139712,3.92905
0.139714,3.92905
0.139716,3.6978936
0.139718,3.2818112
0.13972,2.6808028
0.139722,1.9411016
0.139724,1.1089368
0.139726,0.23054075
0.139728,-0.694087
0.13973,-1.5262513
0.139732,-2.3121846
0.139734,-3.0056553
0.139736,-3.5142004
0.139738,-3.8378198
0.13974,-3.976514
0.139742,-3.8378198
0.139744,-3.5604317
0.139746,-3.0518866
0.139748,-2.4046474
0.13975,-1.6187139
0.139752,-0.7403178
0.139754,0.184309
0.139756,1.0627055
0.139758,1.8948698
0.13976,2.6345725
0.139762,3.2818112
0.139764,3.6978936
0.139766,3.92905
0.139768,3.92905
0.13977,3.744125
0.139772,3.3742738
0.139774,2.8194976
0.139776,2.0797954
0.139778,1.2938623
0.13978,0.36923456
0.139782,-0.55539227
0.139784,-1.4337888
0.139786,-2.2197218
0.139788,-2.9131925
0.13979,-3.467969
0.139792,-3.7915885
0.139794,-3.9302826
0.139796,-3.8840513
0.139798,-3.6066632
0.1398,-3.1443493
0.139802,-2.5433414
0.139804,-1.7574081
0.139806,-0.9252434
0.139808,-6.160736E-4
0.13981,0.92401123
0.139812,1.756176
0.139814,2.542109
0.139816,3.1431174
0.139818,3.6516623
0.13982,3.8828197
0.139822,3.9752812
0.139824,3.7903562
0.139826,3.4667363
0.139828,2.9119601
0.13983,2.2184901
0.139832,1.4325566
0.139834,0.5541601
0.139836,-0.3704667
0.139838,-1.2950945
0.13984,-2.081028
0.139842,-2.7744985
0.139844,-3.3755062
0.139846,-3.745357
0.139848,-3.9302826
0.13985,-3.9302826
0.139852,-3.6991258
0.139854,-3.236812
0.139856,-2.6358042
0.13985799,-1.8961024
0.13986,-1.0639377
0.139862,-0.13931036
0.139864,0.7853174
0.139866,1.6174817
0.139868,2.4034152
0.13987,3.050654
0.139872,3.5591989
0.139874,3.8828197
0.139876,3.9752812
0.139878,3.8365874
0.13988,3.5129685
0.139882,3.0044227
0.139884,2.357184
0.139886,1.5712504
0.139888,0.6928544
0.13989,-0.2317729
0.139892,-1.1101689
0.139894,-1.9423337
0.139896,-2.6820357
0.139898,-3.2830436
0.1399,-3.6991258
0.139902,-3.9302826
0.13990399,-3.9302826
0.139906,-3.745357
0.139908,-3.329275
0.13991,-2.7744985
0.139912,-2.0347965
0.139914,-1.202632
0.139916,-0.32423592
0.139918,0.60039186
0.13992,1.4787879
0.139922,2.2647214
0.139924,3.0968862
0.139926,-0.09307861
0.139928,-3.329275
0.13993,-3.976514
0.139932,-3.9302826
0.139934,-3.6528945
0.139936,-3.1443493
0.139938,-2.4971101
0.13994,-1.7111769
0.139942,-0.8790121
0.139944,0.045615196
0.139946,0.970243
0.139948,1.8024073
0.13994999,2.542109
0.139952,3.1893477
0.139954,3.6516623
0.139956,3.8828197
0.139958,3.92905
0.13996,3.7903562
0.139962,3.420505
0.139964,2.8657289
0.139966,2.172258
0.139968,1.3863249
0.13997,0.46169758
0.139972,-0.46292973
0.139974,-1.3413262
0.139976,-2.1272593
0.139978,-2.8207297
0.13998,-3.4217377
0.139982,-3.7915885
0.139984,-3.9302826
0.139986,-3.9302826
0.139988,-3.6528945
0.13999,-3.236812
0.139992,-2.6358042
0.139994,-1.8498712
0.139996,-1.0177064
0.139998,-0.09307861
0.14,0.8315482
0.140002,1.6637135
0.140004,2.4496465
0.140006,3.0968862
0.140008,3.5591989
0.14001,3.8828197
0.140012,3.9752812
0.140014,3.8365874
0.140016,3.5129685
0.140018,2.9581914
0.14002,2.3109517
0.140022,1.4787879
0.140024,0.64662313
0.140026,-0.27800417
0.140028,-1.1564007
0.14003,-1.9885652
0.140032,-2.728267
0.140034,-3.329275
0.140036,-3.745357
0.140038,-3.9302826
0.14004,-3.9302826
0.140042,-3.6991258
0.140044,-3.329275
0.140046,-2.728267
0.140048,-1.9885652
0.14005,-1.1564007
0.140052,-0.27800417
0.140054,0.64662313
0.140056,1.5250192
0.140058,2.3109517
0.14006,3.0044227
0.140062,3.5129685
0.140064,3.8365874
0.140066,3.9752812
0.140068,3.8828197
0.14007,3.5591989
0.140072,3.0968862
0.140074,2.4034152
0.140076,1.6637135
0.140078,0.7853174
0.14008,-0.13931036
0.140082,-1.0177064
0.140084,-1.8498712
0.140086,-2.589573
0.140088,-3.236812
0.14009,-3.6528945
0.140092,-3.9302826
0.140094,-3.9302826
0.140096,-3.7915885
0.140098,-3.3755062
0.1401,-2.8207297
0.140102,-2.1272593
0.140104,-1.3413262
0.140106,-0.41669846
0.140108,0.50792885
0.14011,1.3863249
0.140112,2.172258
0.140114,2.9119601
0.140116,3.420505
0.140118,3.7903562
0.14012,3.9752812
0.140122,3.8828197
0.140124,3.6516623
0.140126,3.1893477
0.140128,2.542109
0.14013,1.8024073
0.140132,0.970243
0.140134,0.045615196
0.140136,-0.8790121
0.140138,-1.7111769
0.14014,-2.4971101
0.140142,-3.1443493
0.140144,-3.6066632
0.140146,-3.8840513
0.140148,-3.976514
0.14015,-3.8378198
0.14015199,-3.467969
0.140154,-2.9594238
0.140156,-2.2659533
0.140158,-1.48002
0.14016,-0.55539227
0.140162,0.36923456
0.140164,1.2476311
0.140166,2.0797954
0.140168,2.7732663
0.14017,3.3742738
0.140172,3.744125
0.140174,3.92905
0.140176,3.92905
0.140178,3.6978936
0.14018,3.2818112
0.140182,2.6808028
0.140184,1.9411016
0.140186,1.1089368
0.140188,0.184309
0.14019,-0.694087
0.140192,-1.5724826
0.140194,-2.3584158
0.140196,-3.0056553
0.14019799,-3.5142004
0.1402,-3.8378198
0.140202,-3.976514
0.140204,-3.8378198
0.140206,-3.5604317
0.140208,-3.0518866
0.14021,-2.4046474
0.140212,-1.5724826
0.140214,-0.7403178
0.140216,0.184309
0.140218,1.1089368
0.14022,1.9411016
0.140222,2.6808028
0.140224,3.2818112
0.140226,3.6978936
0.140228,3.92905
0.14023,3.92905
0.140232,3.744125
0.140234,3.3742738
0.140236,2.7732663
0.140238,2.0797954
0.14024,1.2476311
0.140242,0.36923456
0.14024399,-0.55539227
0.140246,-1.4337888
0.140248,-2.2197218
0.14025,-2.9131925
0.140252,-3.467969
0.140254,-3.7915885
0.140256,-3.976514
0.140258,-3.8840513
0.14026,-3.6066632
0.140262,-3.1443493
0.140264,-2.4971101
0.140266,-1.7574081
0.140268,-0.8790121
0.14027,0.045615196
0.140272,0.92401123
0.140274,1.756176
0.140276,2.542109
0.140278,3.1893477
0.14028,3.6516623
0.140282,3.8828197
0.140284,3.9752812
0.140286,3.7903562
0.140288,3.420505
0.14029,2.9119601
0.140292,2.2184901
0.140294,1.4325566
0.140296,0.50792885
0.140298,-0.41669846
0.1403,-1.2950945
0.140302,-2.081028
0.140304,-2.8207297
0.140306,-3.3755062
0.140308,-3.745357
0.14031,-3.9302826
0.140312,-3.9302826
0.140314,-3.6991258
0.140316,-3.236812
0.140318,-2.6358042
0.14032,-1.8961024
0.140322,-1.0639377
0.140324,-0.13931036
0.140326,0.7853174
0.140328,1.6174817
0.14033,2.4034152
0.140332,3.0968862
0.140334,3.5591989
0.140336,3.8828197
0.140338,3.9752812
0.14034,3.8365874
0.140342,3.5129685
0.140344,3.0044227
0.140346,0.13807821
0.140348,-1.4337888
0.14035,-0.601624
0.140352,0.3230033
0.140354,1.2013993
0.140356,2.033564
0.140358,2.7732663
0.14036,3.3280425
0.140362,3.744125
0.140364,3.9752812
0.140366,3.9752812
0.140368,3.744125
0.14037,3.3742738
0.140372,2.7732663
0.140374,2.033564
0.140376,1.2013993
0.140378,0.3230033
0.14038,-0.601624
0.140382,-1.48002
0.140384,-2.2659533
0.140386,-2.9594238
0.140388,-3.467969
0.14039,-3.7915885
0.140392,-3.9302826
0.140394,-3.8840513
0.140396,-3.5604317
0.140398,-3.098118
0.14039999,-2.4508786
0.140402,-1.6649456
0.140404,-0.83278084
0.140406,0.091846466
0.140408,1.0164738
0.14041,1.8486385
0.140412,2.5883412
0.140414,3.23558
0.140416,3.6516623
0.140418,3.92905
0.14042,3.92905
0.140422,3.7903562
0.140424,3.420505
0.140426,2.8657289
0.140428,2.172258
0.14043,1.3400936
0.140432,0.46169758
0.140434,-0.46292973
0.140436,-1.3413262
0.140438,-2.1272593
0.14044,-2.866961
0.140442,-3.4217377
0.140444,-3.7915885
0.14044599,-3.9302826
0.140448,-3.8840513
0.14045,-3.6528945
0.140452,-3.1905808
0.140454,-2.589573
0.140456,-1.8036394
0.140458,-0.9714751
0.14046,-0.09307861
0.140462,0.8315482
0.140464,1.7099442
0.140466,2.4496465
0.140468,3.0968862
0.14047,3.605431
0.140472,3.8828197
0.140474,3.9752812
0.140476,3.8365874
0.140478,3.4667363
0.14048,2.9581914
0.140482,2.2647214
0.140484,1.4787879
0.140486,0.60039186
0.140488,-0.32423592
0.14049,-1.202632
0.14049199,-1.9885652
0.140494,-2.728267
0.140496,-3.329275
0.140498,-3.745357
0.1405,-3.9302826
0.140502,-3.9302826
0.140504,-3.6991258
0.140506,-3.2830436
0.140508,-2.728267
0.14051,-1.9885652
0.140512,-1.1564007
0.140514,-0.2317729
0.140516,0.6928544
0.140518,1.5250192
0.14052,2.357184
0.140522,3.0044227
0.140524,3.5129685
0.140526,3.8365874
0.140528,3.9752812
0.14053,3.8828197
0.140532,3.5591989
0.140534,3.050654
0.140536,2.4034152
0.140538,1.6174817
0.14054,0.7853174
0.140542,-0.13931036
0.140544,-1.0639377
0.140546,-1.8498712
0.140548,-2.6358042
0.14055,-3.236812
0.140552,-3.6991258
0.140554,-3.9302826
0.140556,-3.9302826
0.140558,-3.745357
0.14056,-3.3755062
0.140562,-2.8207297
0.140564,-2.1272593
0.140566,-1.2950945
0.140568,-0.3704667
0.14057,0.5541601
0.140572,1.4325566
0.140574,2.2184901
0.140576,2.9119601
0.140578,3.4667363
0.14058,3.7903562
0.140582,3.9752812
0.140584,3.8828197
0.140586,3.605431
0.140588,3.1431174
0.14059,2.542109
0.140592,1.756176
0.140594,0.92401123
0.140596,-6.160736E-4
0.140598,-0.8790121
0.1406,-1.7111769
0.140602,-2.4971101
0.140604,-3.1443493
0.140606,-3.6066632
0.140608,-3.8840513
0.14061,-3.9302826
0.140612,-3.7915885
0.140614,-3.467969
0.140616,-2.9131925
0.140618,-2.2197218
0.14062,-1.4337888
0.140622,-0.55539227
0.140624,0.36923456
0.140626,1.2938623
0.140628,2.0797954
0.14063,2.8194976
0.140632,3.3742738
0.140634,3.744125
0.140636,3.92905
0.140638,3.92905
0.14064,3.6978936
0.140642,3.23558
0.140644,2.6345725
0.140646,1.8948698
0.14064799,1.0627055
0.14065,0.184309
0.140652,-0.7403178
0.140654,-1.5724826
0.140656,-2.3584158
0.140658,-3.0518866
0.14066,-3.5604317
0.140662,-3.8378198
0.140664,-3.976514
0.140666,-3.8378198
0.140668,-3.5142004
0.14067,-3.0518866
0.140672,-2.3584158
0.140674,-1.5724826
0.140676,-0.694087
0.140678,0.23054075
0.14068,1.1089368
0.140682,1.9411016
0.140684,2.6808028
0.140686,3.2818112
0.140688,3.6978936
0.14069,3.92905
0.140692,3.92905
0.14069399,3.744125
0.140696,3.3280425
0.140698,2.7732663
0.1407,2.033564
0.140702,1.2476311
0.140704,0.3230033
0.140706,-0.601624
0.140708,-1.48002
0.14071,-2.2197218
0.140712,-2.9131925
0.140714,-3.467969
0.140716,-3.8378198
0.140718,-3.976514
0.14072,-3.8840513
0.140722,-3.6066632
0.140724,-3.1443493
0.140726,-2.4971101
0.140728,-1.7111769
0.14073,-0.8790121
0.140732,0.045615196
0.140734,0.970243
0.140736,1.8024073
0.140738,2.542109
0.14073999,3.1893477
0.140742,3.6516623
0.140744,3.8828197
0.140746,3.92905
0.140748,3.7903562
0.14075,3.420505
0.140752,2.8657289
0.140754,2.172258
0.140756,1.3863249
0.140758,0.50792885
0.14076,-0.41669846
0.140762,-1.2950945
0.140764,-2.1272593
0.140766,0.27677202
0.140768,3.2818112
0.14077,3.8365874
0.140772,3.9752812
0.140774,3.9752812
0.140776,3.6978936
0.140778,3.2818112
0.14078,2.6345725
0.140782,1.8948698
0.140784,1.0627055
0.140786,0.13807821
0.140788,-0.78654957
0.14079,-1.6187139
0.140792,-2.4046474
0.140794,-3.0518866
0.140796,-3.5604317
0.140798,-3.8378198
0.1408,-3.9302826
0.140802,-3.8378198
0.140804,-3.5142004
0.140806,-3.0056553
0.140808,-2.3121846
0.14081,-1.5262513
0.140812,-0.6478553
0.140814,0.27677202
0.140816,1.2013993
0.140818,1.9873328
0.14082,2.727035
0.140822,3.3280425
0.140824,3.744125
0.140826,3.92905
0.140828,3.92905
0.14083,3.744125
0.140832,3.3280425
0.140834,2.727035
0.140836,1.9873328
0.140838,1.2013993
0.14084,0.27677202
0.140842,-0.6478553
0.140844,-1.48002
0.140846,-2.2659533
0.140848,-2.9594238
0.14085,-3.5142004
0.140852,-3.8378198
0.140854,-3.9302826
0.140856,-3.8840513
0.140858,-3.5604317
0.14086,-3.098118
0.140862,-2.4508786
0.140864,-1.6649456
0.140866,-0.83278084
0.140868,0.091846466
0.14087,1.0164738
0.140872,1.8486385
0.140874,2.5883412
0.140876,3.23558
0.140878,3.6516623
0.14088,3.92905
0.140882,3.92905
0.140884,3.7903562
0.140886,3.420505
0.140888,2.8194976
0.14089,2.126027
0.140892,1.3400936
0.140894,0.46169758
0.14089599,-0.46292973
0.140898,-1.3413262
0.1409,-2.1734905
0.140902,-2.866961
0.140904,-3.4217377
0.140906,-3.7915885
0.140908,-3.9302826
0.14091,-3.8840513
0.140912,-3.6528945
0.140914,-3.1905808
0.140916,-2.589573
0.140918,-1.8036394
0.14092,-0.9714751
0.140922,-0.046847343
0.140924,0.87777996
0.140926,1.7099442
0.140928,2.4958777
0.14093,3.1431174
0.140932,3.605431
0.140934,3.8828197
0.140936,3.9752812
0.140938,3.8365874
0.14094,3.4667363
0.14094199,2.9581914
0.140944,2.2647214
0.140946,1.4787879
0.140948,0.60039186
0.14095,-0.32423592
0.140952,-1.202632
0.140954,-2.0347965
0.140956,-2.728267
0.140958,-3.329275
0.14096,-3.745357
0.140962,-3.9302826
0.140964,-3.9302826
0.140966,-3.6991258
0.140968,-3.2830436
0.14097,-2.6820357
0.140972,-1.9423337
0.140974,-1.1101689
0.140976,-0.2317729
0.140978,0.6928544
0.14098,1.5712504
0.140982,2.357184
0.140984,3.0044227
0.140986,3.5129685
0.14098799,3.8365874
0.14099,3.9752812
0.140992,3.8365874
0.140994,3.5591989
0.140996,3.050654
0.140998,2.4034152
0.141,1.6174817
0.141002,0.7390857
0.141004,-0.13931036
0.141006,-1.0639377
0.141008,-1.8961024
0.14101,-2.6358042
0.141012,-3.236812
0.141014,-3.6991258
0.141016,-3.9302826
0.141018,-3.9302826
0.14102,-3.745357
0.141022,-3.3755062
0.141024,-2.8207297
0.141026,-2.081028
0.141028,-1.2950945
0.14103,-0.3704667
0.141032,0.5541601
0.141034,1.4325566
0.141036,2.2184901
0.141038,2.9119601
0.14104,3.4667363
0.141042,3.7903562
0.141044,3.9752812
0.141046,3.8828197
0.141048,3.605431
0.14105,3.1431174
0.141052,2.4958777
0.141054,1.756176
0.141056,0.92401123
0.141058,-6.160736E-4
0.14106,-0.9252434
0.141062,-1.7574081
0.141064,-2.4971101
0.141066,-3.1443493
0.141068,-3.6066632
0.14107,-3.8840513
0.141072,-3.9302826
0.141074,-3.7915885
0.141076,-3.467969
0.141078,-2.9131925
0.14108,-2.2197218
0.141082,-1.4337888
0.141084,-0.55539227
0.141086,0.36923456
0.141088,1.2938623
0.14109,2.0797954
0.141092,2.8194976
0.141094,3.3742738
0.141096,3.744125
0.141098,3.92905
0.1411,3.92905
0.141102,3.6978936
0.141104,3.23558
0.141106,2.6345725
0.141108,1.8948698
0.14111,1.0627055
0.141112,0.184309
0.141114,-0.7403178
0.141116,-1.5724826
0.141118,-2.4046474
0.14112,-3.0518866
0.141122,-3.5604317
0.141124,-3.8378198
0.141126,-3.976514
0.141128,-3.8378198
0.14113,-3.5142004
0.141132,-3.0056553
0.141134,-2.3584158
0.141136,-1.5724826
0.141138,-0.694087
0.14114,0.23054075
0.141142,1.1551685
0.14114399,1.9411016
0.141146,2.6808028
0.141148,3.2818112
0.14115,3.6978936
0.141152,3.92905
0.141154,3.92905
0.141156,3.744125
0.141158,3.3280425
0.14116,2.7732663
0.141162,2.033564
0.141164,1.2013993
0.141166,0.3230033
0.141168,-0.601624
0.14117,-1.48002
0.141172,-2.2659533
0.141174,-2.9594238
0.141176,-3.467969
0.141178,-3.8378198
0.14118,-3.976514
0.141182,-3.8840513
0.141184,-3.6066632
0.141186,-1.2950945
0.141188,2.033564
0.14118999,1.6174817
0.141192,0.7853174
0.141194,-0.09307861
0.141196,-1.0177064
0.141198,-1.8498712
0.1412,-2.589573
0.141202,-3.236812
0.141204,-3.6528945
0.141206,-3.9302826
0.141208,-3.976514
0.14121,-3.7915885
0.141212,-3.4217377
0.141214,-2.9131925
0.141216,-2.1734905
0.141218,-1.387557
0.14122,-0.46292973
0.141222,0.46169758
0.141224,1.3400936
0.141226,2.126027
0.141228,2.8657289
0.14123,3.420505
0.141232,3.7903562
0.141234,3.92905
0.14123599,3.8828197
0.141238,3.6516623
0.14124,3.1893477
0.141242,2.5883412
0.141244,1.8486385
0.141246,1.0164738
0.141248,0.091846466
0.14125,-0.83278084
0.141252,-1.6649456
0.141254,-2.4508786
0.141256,-3.098118
0.141258,-3.5604317
0.14126,-3.8840513
0.141262,-3.976514
0.141264,-3.8378198
0.141266,-3.5142004
0.141268,-2.9594238
0.14127,-2.3121846
0.141272,-1.48002
0.141274,-0.6478553
0.141276,0.27677202
0.141278,1.2013993
0.14128,2.033564
0.14128199,2.727035
0.141284,3.3280425
0.141286,3.744125
0.141288,3.92905
0.14129,3.92905
0.141292,3.6978936
0.141294,3.2818112
0.141296,2.727035
0.141298,1.9873328
0.1413,1.1551685
0.141302,0.27677202
0.141304,-0.6478553
0.141306,-1.5262513
0.141308,-2.3121846
0.14131,-3.0056553
0.141312,-3.5142004
0.141314,-3.8378198
0.141316,-3.976514
0.141318,-3.8840513
0.14132,-3.5604317
0.141322,-3.098118
0.141324,-2.4508786
0.141326,-1.6187139
0.141328,-0.78654957
0.14133,0.13807821
0.141332,1.0627055
0.141334,1.8948698
0.141336,2.6345725
0.141338,3.23558
0.14134,3.6978936
0.141342,3.92905
0.141344,3.92905
0.141346,3.7903562
0.141348,3.3742738
0.14135,2.8194976
0.141352,2.126027
0.141354,1.2938623
0.141356,0.4154663
0.141358,-0.5091615
0.14136,-1.387557
0.141362,-2.1734905
0.141364,-2.866961
0.141366,-3.4217377
0.141368,-3.7915885
0.14137,-3.9302826
0.141372,-3.8840513
0.141374,-3.6528945
0.141376,-3.1905808
0.141378,-2.5433414
0.14138,-1.8036394
0.141382,-0.9252434
0.141384,-0.046847343
0.141386,0.87777996
0.141388,1.7099442
0.14139,2.4958777
0.141392,3.1431174
0.141394,3.605431
0.141396,3.8828197
0.141398,3.9752812
0.1414,3.7903562
0.141402,3.4667363
0.141404,2.9119601
0.141406,2.2647214
0.141408,1.4787879
0.14141,0.5541601
0.141412,-0.32423592
0.141414,-1.2488632
0.141416,-2.0347965
0.141418,-2.7744985
0.14142,-3.329275
0.141422,-3.745357
0.141424,-3.9302826
0.141426,-3.9302826
0.141428,-3.6991258
0.14143,-3.2830436
0.141432,-2.6820357
0.141434,-1.9423337
0.141436,-1.1101689
0.14143799,-0.18554163
0.14144,0.7390857
0.141442,1.5712504
0.141444,2.357184
0.141446,3.050654
0.141448,3.5591989
0.14145,3.8365874
0.141452,3.9752812
0.141454,3.8365874
0.141456,3.5591989
0.141458,3.050654
0.14146,2.357184
0.141462,1.5712504
0.141464,0.7390857
0.141466,-0.18554163
0.141468,-1.0639377
0.14147,-1.8961024
0.141472,-2.6358042
0.141474,-3.236812
0.141476,-3.6991258
0.141478,-3.9302826
0.14148,-3.9302826
0.141482,-3.745357
0.14148399,-3.3755062
0.141486,-2.7744985
0.141488,-2.081028
0.14149,-1.2488632
0.141492,-0.3704667
0.141494,0.5541601
0.141496,1.4787879
0.141498,2.2647214
0.1415,2.9581914
0.141502,3.4667363
0.141504,3.8365874
0.141506,3.9752812
0.141508,3.8828197
0.14151,3.605431
0.141512,3.1431174
0.141514,2.4958777
0.141516,1.7099442
0.141518,0.87777996
0.14152,-0.046847343
0.141522,-0.9252434
0.141524,-1.7574081
0.141526,-2.5433414
0.141528,-3.1443493
0.14152999,-3.6066632
0.141532,-3.8840513
0.141534,-3.9302826
0.141536,-3.7915885
0.141538,-3.4217377
0.14154,-2.9131925
0.141542,-2.2197218
0.141544,-1.387557
0.141546,-0.5091615
0.141548,0.4154663
0.14155,1.2938623
0.141552,2.126027
0.141554,2.8194976
0.141556,3.3742738
0.141558,3.7903562
0.14156,3.92905
0.141562,3.92905
0.141564,3.6516623
0.141566,3.23558
0.141568,2.6345725
0.14157,1.8486385
0.141572,1.0627055
0.141574,0.13807821
0.141576,-0.78654957
0.141578,-1.6187139
0.14158,-2.4046474
0.141582,-3.0518866
0.141584,-3.5604317
0.141586,-3.8840513
0.141588,-3.976514
0.14159,-3.8378198
0.141592,-3.5142004
0.141594,-3.0056553
0.141596,-2.3121846
0.141598,-1.5262513
0.1416,-0.6478553
0.141602,0.27677202
0.141604,1.1551685
0.141606,-0.694087
0.141608,-2.728267
0.14161,-3.329275
0.141612,-3.745357
0.141614,-3.976514
0.141616,-3.976514
0.141618,-3.7915885
0.14162,-3.3755062
0.141622,-2.7744985
0.141624,-2.0347965
0.141626,-1.2488632
0.141628,-0.32423592
0.14163,0.60039186
0.141632,1.4787879
0.141634,2.2647214
0.141636,2.9581914
0.141638,3.4667363
0.14164,3.7903562
0.141642,3.92905
0.141644,3.8828197
0.141646,3.5591989
0.141648,3.0968862
0.14165,2.4496465
0.141652,1.6637135
0.141654,0.8315482
0.141656,-0.09307861
0.141658,-1.0177064
0.14166,-1.8036394
0.141662,-2.589573
0.141664,-3.1905808
0.141666,-3.6528945
0.141668,-3.9302826
0.14167,-3.976514
0.141672,-3.7915885
0.141674,-3.4217377
0.141676,-2.866961
0.141678,-2.1734905
0.14168,-1.3413262
0.141682,-0.46292973
0.141684,0.46169758
0.14168599,1.3863249
0.141688,2.172258
0.14169,2.8657289
0.141692,3.420505
0.141694,3.7903562
0.141696,3.92905
0.141698,3.8828197
0.1417,3.6516623
0.141702,3.1893477
0.141704,2.5883412
0.141706,1.8024073
0.141708,0.970243
0.14171,0.091846466
0.141712,-0.83278084
0.141714,-1.6649456
0.141716,-2.4508786
0.141718,-3.098118
0.14172,-3.6066632
0.141722,-3.8840513
0.141724,-3.976514
0.141726,-3.8378198
0.141728,-3.467969
0.14173,-2.9594238
0.14173199,-2.3121846
0.141734,-1.48002
0.141736,-0.601624
0.141738,0.3230033
0.14174,1.2013993
0.141742,2.033564
0.141744,2.7732663
0.141746,3.3280425
0.141748,3.744125
0.14175,3.92905
0.141752,3.92905
0.141754,3.6978936
0.141756,3.2818112
0.141758,2.6808028
0.14176,1.9411016
0.141762,1.1551685
0.141764,0.23054075
0.141766,-0.694087
0.141768,-1.5262513
0.14177,-2.3121846
0.141772,-3.0056553
0.141774,-3.5142004
0.141776,-3.8378198
0.14177799,-3.976514
0.14178,-3.8840513
0.141782,-3.5604317
0.141784,-3.0518866
0.141786,-2.4046474
0.141788,-1.6187139
0.14179,-0.78654957
0.141792,0.13807821
0.141794,1.0627055
0.141796,1.8948698
0.141798,2.6345725
0.1418,3.23558
0.141802,3.6978936
0.141804,3.92905
0.141806,3.92905
0.141808,3.744125
0.14181,3.3742738
0.141812,2.8194976
0.141814,2.0797954
0.141816,1.2938623
0.141818,0.4154663
0.14182,-0.5091615
0.141822,-1.387557
0.141824,-2.1734905
0.141826,-2.866961
0.141828,-3.4217377
0.14183,-3.7915885
0.141832,-3.9302826
0.141834,-3.8840513
0.141836,-3.6066632
0.141838,-3.1905808
0.14184,-2.5433414
0.141842,-1.7574081
0.141844,-0.9252434
0.141846,-6.160736E-4
0.141848,0.92401123
0.14185,1.756176
0.141852,2.4958777
0.141854,3.1431174
0.141856,3.605431
0.141858,3.8828197
0.14186,3.9752812
0.141862,3.7903562
0.141864,3.4667363
0.141866,2.9119601
0.141868,2.2184901
0.14187,1.4325566
0.141872,0.5541601
0.141874,-0.3704667
0.141876,-1.2488632
0.141878,-2.0347965
0.14188,-2.7744985
0.141882,-3.3755062
0.141884,-3.745357
0.141886,-3.9302826
0.141888,-3.9302826
0.14189,-3.6991258
0.141892,-3.2830436
0.141894,-2.6820357
0.141896,-1.8961024
0.141898,-1.0639377
0.1419,-0.18554163
0.141902,0.7390857
0.141904,1.6174817
0.141906,2.4034152
0.141908,3.050654
0.14191,3.5591989
0.141912,3.8365874
0.141914,3.9752812
0.141916,3.8365874
0.141918,3.5129685
0.14192,3.050654
0.141922,2.357184
0.141924,1.5712504
0.141926,0.7390857
0.141928,-0.18554163
0.14193,-1.1101689
0.141932,-1.9423337
0.14193399,-2.6820357
0.141936,-3.2830436
0.141938,-3.6991258
0.14194,-3.9302826
0.141942,-3.9302826
0.141944,-3.745357
0.141946,-3.329275
0.141948,-2.7744985
0.14195,-2.0347965
0.141952,-1.2488632
0.141954,-0.32423592
0.141956,0.60039186
0.141958,1.4787879
0.14196,2.2647214
0.141962,2.9581914
0.141964,3.4667363
0.141966,3.8365874
0.141968,3.9752812
0.14197,3.8828197
0.141972,3.605431
0.141974,3.1431174
0.141976,2.4958777
0.141978,1.7099442
0.14197999,0.87777996
0.141982,-0.046847343
0.141984,-0.9252434
0.141986,-1.7574081
0.141988,-2.5433414
0.14199,-3.1905808
0.141992,-3.6528945
0.141994,-3.8840513
0.141996,-3.9302826
0.141998,-3.7915885
0.142,-3.4217377
0.142002,-2.9131925
0.142004,-2.1734905
0.142006,-1.387557
0.142008,-0.5091615
0.14201,0.4154663
0.142012,1.3400936
0.142014,2.126027
0.142016,2.8194976
0.142018,3.420505
0.14202,3.7903562
0.142022,3.92905
0.142024,3.92905
0.14202599,1.9411016
0.142028,-1.4337888
0.14203,-2.5433414
0.142032,-1.8036394
0.142034,-0.9714751
0.142036,-0.09307861
0.142038,0.8315482
0.14204,1.6637135
0.142042,2.4496465
0.142044,3.0968862
0.142046,3.605431
0.142048,3.8828197
0.14205,3.9752812
0.142052,3.8365874
0.142054,3.5129685
0.142056,3.0044227
0.142058,2.3109517
0.14206,1.5250192
0.142062,0.64662313
0.142064,-0.27800417
0.142066,-1.1564007
0.142068,-1.9885652
0.14207,-2.6820357
0.142072,-3.2830436
0.142074,-3.6991258
0.142076,-3.9302826
0.142078,-3.9302826
0.14208,-3.6991258
0.142082,-3.329275
0.142084,-2.728267
0.142086,-1.9885652
0.142088,-1.1564007
0.14209,-0.27800417
0.142092,0.64662313
0.142094,1.5250192
0.142096,2.3109517
0.142098,3.0044227
0.1421,3.5129685
0.142102,3.8365874
0.142104,3.9752812
0.142106,3.8828197
0.142108,3.5591989
0.14211,3.0968862
0.142112,2.4496465
0.142114,1.6637135
0.142116,0.7853174
0.142118,-0.09307861
0.14212,-1.0177064
0.142122,-1.8498712
0.142124,-2.589573
0.142126,-3.236812
0.142128,-3.6528945
0.14213,-3.9302826
0.142132,-3.9302826
0.142134,-3.7915885
0.142136,-3.4217377
0.142138,-2.866961
0.14214,-2.1272593
0.142142,-1.3413262
0.142144,-0.41669846
0.142146,0.50792885
0.142148,1.3863249
0.14215,2.172258
0.142152,2.8657289
0.142154,3.420505
0.142156,3.7903562
0.142158,3.92905
0.14216,3.8828197
0.142162,3.6516623
0.142164,3.1893477
0.142166,2.542109
0.142168,1.8024073
0.14217,0.970243
0.142172,0.045615196
0.142174,-0.83278084
0.142176,-1.7111769
0.142178,-2.4508786
0.14218,-3.098118
0.14218199,-3.6066632
0.142184,-3.8840513
0.142186,-3.976514
0.142188,-3.8378198
0.14219,-3.467969
0.142192,-2.9594238
0.142194,-2.2659533
0.142196,-1.48002
0.142198,-0.601624
0.1422,0.3230033
0.142202,1.2476311
0.142204,2.033564
0.142206,2.7732663
0.142208,3.3280425
0.14221,3.744125
0.142212,3.92905
0.142214,3.92905
0.142216,3.6978936
0.142218,3.2818112
0.14222,2.6808028
0.142222,1.9411016
0.142224,1.1089368
0.142226,0.23054075
0.14222799,-0.694087
0.14223,-1.5262513
0.142232,-2.3584158
0.142234,-3.0056553
0.142236,-3.5142004
0.142238,-3.8378198
0.14224,-3.976514
0.142242,-3.8378198
0.142244,-3.5604317
0.142246,-3.0518866
0.142248,-2.4046474
0.14225,-1.6187139
0.142252,-0.7403178
0.142254,0.184309
0.142256,1.0627055
0.142258,1.8948698
0.14226,2.6345725
0.142262,3.2818112
0.142264,3.6978936
0.142266,3.92905
0.142268,3.92905
0.14227,3.744125
0.142272,3.3742738
0.14227399,2.7732663
0.142276,2.0797954
0.142278,1.2476311
0.14228,0.36923456
0.142282,-0.55539227
0.142284,-1.4337888
0.142286,-2.2197218
0.142288,-2.9131925
0.14229,-3.467969
0.142292,-3.7915885
0.142294,-3.9302826
0.142296,-3.8840513
0.142298,-3.6066632
0.1423,-3.1443493
0.142302,-2.5433414
0.142304,-1.7574081
0.142306,-0.9252434
0.142308,-6.160736E-4
0.14231,0.92401123
0.142312,1.756176
0.142314,2.542109
0.142316,3.1893477
0.142318,3.6516623
0.14232,3.8828197
0.142322,3.9752812
0.142324,3.7903562
0.142326,3.4667363
0.142328,2.9119601
0.14233,2.2184901
0.142332,1.4325566
0.142334,0.5541601
0.142336,-0.3704667
0.142338,-1.2950945
0.14234,-2.081028
0.142342,-2.7744985
0.142344,-3.3755062
0.142346,-3.745357
0.142348,-3.9302826
0.14235,-3.9302826
0.142352,-3.6991258
0.142354,-3.236812
0.142356,-2.6358042
0.142358,-1.8961024
0.14236,-1.0639377
0.142362,-0.13931036
0.142364,0.7853174
0.142366,1.6174817
0.142368,2.4034152
0.14237,3.050654
0.142372,3.5591989
0.142374,3.8828197
0.142376,3.9752812
0.142378,3.8365874
0.14238,3.5129685
0.142382,3.0044227
0.142384,2.357184
0.142386,1.5250192
0.142388,0.6928544
0.14239,-0.2317729
0.142392,-1.1101689
0.142394,-1.9423337
0.142396,-2.6820357
0.142398,-3.2830436
0.1424,-3.6991258
0.142402,-3.9302826
0.142404,-3.9302826
0.142406,-3.745357
0.142408,-3.329275
0.14241,-2.7744985
0.142412,-2.0347965
0.142414,-1.202632
0.142416,-0.32423592
0.142418,0.60039186
0.14242,1.4787879
0.142422,2.2647214
0.142424,2.9581914
0.142426,3.5129685
0.142428,3.8365874
0.14243,3.9752812
0.142432,3.8828197
0.142434,3.605431
0.142436,3.0968862
0.142438,2.4496465
0.14244,1.7099442
0.142442,0.8315482
0.142444,-0.046847343
0.142446,0.7390857
0.142448,1.8948698
0.14245,2.6345725
0.142452,3.2818112
0.142454,3.6978936
0.142456,3.9752812
0.142458,4.0215135
0.14246,3.8365874
0.142462,3.4667363
0.142464,2.9119601
0.142466,2.2184901
0.142468,1.3863249
0.14247,0.50792885
0.142472,-0.41669846
0.142474,-1.2950945
0.14247599,-2.081028
0.142478,-2.8207297
0.14248,-3.3755062
0.142482,-3.745357
0.142484,-3.9302826
0.142486,-3.8840513
0.142488,-3.6528945
0.14249,-3.1905808
0.142492,-2.589573
0.142494,-1.8498712
0.142496,-0.9714751
0.142498,-0.09307861
0.1425,0.8315482
0.142502,1.6637135
0.142504,2.4496465
0.142506,3.0968862
0.142508,3.605431
0.14251,3.8828197
0.142512,3.9752812
0.142514,3.8365874
0.142516,3.5129685
0.142518,2.9581914
0.14252,2.3109517
0.14252199,1.4787879
0.142524,0.64662313
0.142526,-0.27800417
0.142528,-1.1564007
0.14253,-1.9885652
0.142532,-2.728267
0.142534,-3.329275
0.142536,-3.6991258
0.142538,-3.9302826
0.14254,-3.9302826
0.142542,-3.6991258
0.142544,-3.2830436
0.142546,-2.728267
0.142548,-1.9885652
0.14255,-1.1564007
0.142552,-0.2317729
0.142554,0.6928544
0.142556,1.5250192
0.142558,2.3109517
0.14256,3.0044227
0.142562,3.5129685
0.142564,3.8365874
0.142566,3.9752812
0.14256799,3.8828197
0.14257,3.5591989
0.142572,3.0968862
0.142574,2.4034152
0.142576,1.6174817
0.142578,0.7853174
0.14258,-0.13931036
0.142582,-1.0177064
0.142584,-1.8498712
0.142586,-2.589573
0.142588,-3.236812
0.14259,-3.6528945
0.142592,-3.9302826
0.142594,-3.9302826
0.142596,-3.7915885
0.142598,-3.3755062
0.1426,-2.8207297
0.142602,-2.1272593
0.142604,-1.2950945
0.142606,-0.41669846
0.142608,0.50792885
0.14261,1.3863249
0.142612,2.2184901
0.142614,2.9119601
0.142616,3.420505
0.142618,3.7903562
0.14262,3.9752812
0.142622,3.8828197
0.142624,3.6516623
0.142626,3.1893477
0.142628,2.542109
0.14263,1.8024073
0.142632,0.92401123
0.142634,0.045615196
0.142636,-0.8790121
0.142638,-1.7111769
0.14264,-2.4971101
0.142642,-3.1443493
0.142644,-3.6066632
0.142646,-3.8840513
0.142648,-3.976514
0.14265,-3.7915885
0.142652,-3.467969
0.142654,-2.9594238
0.142656,-2.2659533
0.142658,-1.48002
0.14266,-0.55539227
0.142662,0.36923456
0.142664,1.2476311
0.142666,2.0797954
0.142668,2.7732663
0.14267,3.3742738
0.142672,3.744125
0.142674,3.92905
0.142676,3.92905
0.142678,3.6978936
0.14268,3.2818112
0.142682,2.6808028
0.142684,1.9411016
0.142686,1.1089368
0.142688,0.184309
0.14269,-0.7403178
0.142692,-1.5724826
0.142694,-2.3584158
0.142696,-3.0056553
0.142698,-3.5142004
0.1427,-3.8378198
0.142702,-3.976514
0.142704,-3.8378198
0.142706,-3.5604317
0.142708,-3.0518866
0.14271,-2.4046474
0.142712,-1.5724826
0.142714,-0.7403178
0.142716,0.184309
0.142718,1.1089368
0.14272,1.9411016
0.142722,2.6808028
0.14272399,3.2818112
0.142726,3.6978936
0.142728,3.92905
0.14273,3.92905
0.142732,3.744125
0.142734,3.3742738
0.142736,2.7732663
0.142738,2.0797954
0.14274,1.2476311
0.142742,0.36923456
0.142744,-0.55539227
0.142746,-1.4337888
0.142748,-2.2197218
0.14275,-2.9131925
0.142752,-3.467969
0.142754,-3.7915885
0.142756,-3.9302826
0.142758,-3.8840513
0.14276,-3.6066632
0.142762,-3.1443493
0.142764,-2.4971101
0.142766,-1.7111769
0.142768,-0.8790121
0.14276999,0.045615196
0.142772,0.92401123
0.142774,1.8024073
0.142776,2.542109
0.142778,3.1893477
0.14278,3.6516623
0.142782,3.8828197
0.142784,3.9752812
0.142786,3.7903562
0.142788,3.420505
0.14279,2.9119601
0.142792,2.2184901
0.142794,1.3863249
0.142796,0.50792885
0.142798,-0.41669846
0.1428,-1.2950945
0.142802,-2.081028
0.142804,-2.8207297
0.142806,-3.3755062
0.142808,-3.745357
0.14281,-3.9302826
0.142812,-3.9302826
0.142814,-3.6528945
0.14281599,-3.236812
0.142818,-2.6358042
0.14282,-1.8961024
0.142822,-1.0639377
0.142824,-0.13931036
0.142826,0.7853174
0.142828,1.6174817
0.14283,2.4034152
0.142832,3.0968862
0.142834,3.5591989
0.142836,3.8828197
0.142838,3.9752812
0.14284,3.8365874
0.142842,3.5129685
0.142844,3.0044227
0.142846,2.3109517
0.142848,1.5250192
0.14285,0.6928544
0.142852,-0.2317729
0.142854,-1.1564007
0.142856,-1.9423337
0.142858,-2.6820357
0.14286,-3.2830436
0.142862,-3.6991258
0.142864,-3.9302826
0.142866,-2.866961
0.142868,0.6928544
0.14287,3.1893477
0.142872,2.727035
0.142874,1.9873328
0.142876,1.1551685
0.142878,0.27677202
0.14288,-0.6478553
0.142882,-1.48002
0.142884,-2.2659533
0.142886,-2.9594238
0.142888,-3.5142004
0.14289,-3.8378198
0.142892,-3.976514
0.142894,-3.8840513
0.142896,-3.6066632
0.142898,-3.098118
0.1429,-2.4508786
0.142902,-1.6649456
0.142904,-0.83278084
0.142906,0.091846466
0.142908,1.0164738
0.14291,1.8486385
0.142912,2.5883412
0.142914,3.23558
0.142916,3.6516623
0.142918,3.92905
0.14292,3.92905
0.142922,3.7903562
0.142924,3.420505
0.142926,2.8657289
0.142928,2.126027
0.14293,1.3400936
0.142932,0.46169758
0.142934,-0.46292973
0.142936,-1.3413262
0.142938,-2.1272593
0.14294,-2.866961
0.142942,-3.4217377
0.142944,-3.7915885
0.142946,-3.9302826
0.142948,-3.8840513
0.14295,-3.6528945
0.142952,-3.1905808
0.142954,-2.589573
0.142956,-1.8036394
0.142958,-0.9714751
0.14296,-0.046847343
0.142962,0.87777996
0.142964,1.7099442
0.142966,2.4958777
0.142968,3.1431174
0.14297,3.605431
0.14297199,3.8828197
0.142974,3.9752812
0.142976,3.8365874
0.142978,3.4667363
0.14298,2.9581914
0.142982,2.2647214
0.142984,1.4787879
0.142986,0.60039186
0.142988,-0.32423592
0.14299,-1.202632
0.142992,-1.9885652
0.142994,-2.728267
0.142996,-3.329275
0.142998,-3.745357
0.143,-3.9302826
0.143002,-3.9302826
0.143004,-3.6991258
0.143006,-3.2830436
0.143008,-2.6820357
0.14301,-1.9423337
0.143012,-1.1101689
0.143014,-0.2317729
0.143016,0.6928544
0.14301799,1.5712504
0.14302,2.357184
0.143022,3.0044227
0.143024,3.5129685
0.143026,3.8365874
0.143028,3.9752812
0.14303,3.8828197
0.143032,3.5591989
0.143034,3.050654
0.143036,2.4034152
0.143038,1.6174817
0.14304,0.7853174
0.143042,-0.13931036
0.143044,-1.0639377
0.143046,-1.8498712
0.143048,-2.6358042
0.14305,-3.236812
0.143052,-3.6991258
0.143054,-3.9302826
0.143056,-3.9302826
0.143058,-3.745357
0.14306,-3.3755062
0.143062,-2.8207297
0.14306399,-2.081028
0.143066,-1.2950945
0.143068,-0.3704667
0.14307,0.5541601
0.143072,1.4325566
0.143074,2.2184901
0.143076,2.9119601
0.143078,3.4667363
0.14308,3.7903562
0.143082,3.9752812
0.143084,3.8828197
0.143086,3.605431
0.143088,3.1431174
0.14309,2.542109
0.143092,1.756176
0.143094,0.92401123
0.143096,-6.160736E-4
0.143098,-0.8790121
0.1431,-1.7111769
0.143102,-2.4971101
0.143104,-3.1443493
0.143106,-3.6066632
0.143108,-3.8840513
0.14311,-3.976514
0.143112,-3.7915885
0.143114,-3.467969
0.143116,-2.9131925
0.143118,-2.2197218
0.14312,-1.4337888
0.143122,-0.55539227
0.143124,0.36923456
0.143126,1.2938623
0.143128,2.0797954
0.14313,2.8194976
0.143132,3.3742738
0.143134,3.744125
0.143136,3.92905
0.143138,3.92905
0.14314,3.6978936
0.143142,3.23558
0.143144,2.6345725
0.143146,1.8948698
0.143148,1.0627055
0.14315,0.184309
0.143152,-0.7403178
0.143154,-1.5724826
0.143156,-2.3584158
0.143158,-3.0518866
0.14316,-3.5604317
0.143162,-3.8378198
0.143164,-3.976514
0.143166,-3.8378198
0.143168,-3.5142004
0.14317,-3.0518866
0.143172,-2.3584158
0.143174,-1.5724826
0.143176,-0.694087
0.143178,0.23054075
0.14318,1.1089368
0.143182,1.9411016
0.143184,2.6808028
0.143186,3.2818112
0.143188,3.6978936
0.14319,3.92905
0.143192,3.92905
0.143194,3.744125
0.143196,3.3280425
0.143198,2.7732663
0.1432,2.033564
0.143202,1.2476311
0.143204,0.3230033
0.143206,-0.601624
0.143208,-1.48002
0.14321,-2.2197218
0.143212,-2.9594238
0.143214,-3.467969
0.143216,-3.7915885
0.143218,-3.976514
0.14321999,-3.8840513
0.143222,-3.6066632
0.143224,-3.1443493
0.143226,-2.4971101
0.143228,-1.7111769
0.14323,-0.8790121
0.143232,0.045615196
0.143234,0.970243
0.143236,1.8024073
0.143238,2.5883412
0.14324,3.1893477
0.143242,3.6516623
0.143244,3.8828197
0.143246,3.92905
0.143248,3.7903562
0.14325,3.420505
0.143252,2.8657289
0.143254,2.172258
0.143256,1.3863249
0.143258,0.50792885
0.14326,-0.41669846
0.143262,-1.2950945
0.143264,-2.1272593
0.14326599,-2.8207297
0.143268,-3.3755062
0.14327,-3.7915885
0.143272,-3.9302826
0.143274,-3.9302826
0.143276,-3.6528945
0.143278,-3.236812
0.14328,-2.6358042
0.143282,-1.8498712
0.143284,-1.0177064
0.143286,-0.18554163
0.143288,-0.8790121
0.14329,-1.7111769
0.143292,-2.4971101
0.143294,-3.1443493
0.143296,-3.6528945
0.143298,-3.9302826
0.1433,-4.022745
0.143302,-3.8840513
0.143304,-3.5604317
0.143306,-3.0518866
0.143308,-2.3584158
0.14331,-1.5262513
0.14331199,-0.694087
0.143314,0.23054075
0.143316,1.1551685
0.143318,1.9873328
0.14332,2.727035
0.143322,3.2818112
0.143324,3.6978936
0.143326,3.92905
0.143328,3.92905
0.14333,3.6978936
0.143332,3.2818112
0.143334,2.727035
0.143336,1.9873328
0.143338,1.1551685
0.14334,0.27677202
0.143342,-0.6478553
0.143344,-1.48002
0.143346,-2.3121846
0.143348,-2.9594238
0.14335,-3.5142004
0.143352,-3.8378198
0.143354,-3.976514
0.143356,-3.8840513
0.143358,-3.5604317
0.14336,-3.098118
0.143362,-2.4508786
0.143364,-1.6649456
0.143366,-0.78654957
0.143368,0.091846466
0.14337,1.0164738
0.143372,1.8486385
0.143374,2.5883412
0.143376,3.23558
0.143378,3.6516623
0.14338,3.92905
0.143382,3.92905
0.143384,3.7903562
0.143386,3.3742738
0.143388,2.8194976
0.14339,2.126027
0.143392,1.3400936
0.143394,0.4154663
0.143396,-0.46292973
0.143398,-1.387557
0.1434,-2.1734905
0.143402,-2.866961
0.143404,-3.4217377
0.143406,-3.7915885
0.143408,-3.9302826
0.14341,-3.8840513
0.143412,-3.6528945
0.143414,-3.1905808
0.143416,-2.589573
0.143418,-1.8036394
0.14342,-0.9714751
0.143422,-0.046847343
0.143424,0.87777996
0.143426,1.7099442
0.143428,2.4958777
0.14343,3.1431174
0.143432,3.605431
0.143434,3.8828197
0.143436,3.9752812
0.143438,3.8365874
0.14344,3.4667363
0.143442,2.9581914
0.143444,2.2647214
0.143446,1.4787879
0.143448,0.60039186
0.14345,-0.32423592
0.143452,-1.202632
0.143454,-2.0347965
0.143456,-2.728267
0.143458,-3.329275
0.14346,-3.745357
0.143462,-3.9302826
0.143464,-3.9302826
0.143466,-3.6991258
0.14346799,-3.2830436
0.14347,-2.6820357
0.143472,-1.9423337
0.143474,-1.1101689
0.143476,-0.2317729
0.143478,0.6928544
0.14348,1.5712504
0.143482,2.357184
0.143484,3.050654
0.143486,3.5591989
0.143488,3.8365874
0.14349,3.9752812
0.143492,3.8365874
0.143494,3.5591989
0.143496,3.050654
0.143498,2.4034152
0.1435,1.6174817
0.143502,0.7390857
0.143504,-0.18554163
0.143506,-1.0639377
0.143508,-1.8961024
0.14351,-2.6358042
0.143512,-3.236812
0.14351399,-3.6991258
0.143516,-3.9302826
0.143518,-3.9302826
0.14352,-3.745357
0.143522,-3.3755062
0.143524,-2.8207297
0.143526,-2.081028
0.143528,-1.2488632
0.14353,-0.3704667
0.143532,0.5541601
0.143534,1.4325566
0.143536,2.2184901
0.143538,2.9119601
0.14354,3.4667363
0.143542,3.7903562
0.143544,3.9752812
0.143546,3.8828197
0.143548,3.605431
0.14355,3.1431174
0.143552,2.4958777
0.143554,1.756176
0.143556,0.92401123
0.143558,-6.160736E-4
0.14355999,-0.9252434
0.143562,-1.7574081
0.143564,-2.4971101
0.143566,-3.1443493
0.143568,-3.6066632
0.14357,-3.8840513
0.143572,-3.9302826
0.143574,-3.7915885
0.143576,-3.467969
0.143578,-2.9131925
0.14358,-2.2197218
0.143582,-1.4337888
0.143584,-0.5091615
0.143586,0.4154663
0.143588,1.2938623
0.14359,2.0797954
0.143592,2.8194976
0.143594,3.3742738
0.143596,3.744125
0.143598,3.92905
0.1436,3.92905
0.143602,3.6978936
0.143604,3.23558
0.14360599,2.6345725
0.143608,1.8948698
0.14361,1.0627055
0.143612,0.13807821
0.143614,-0.7403178
0.143616,-1.6187139
0.143618,-2.4046474
0.14362,-3.0518866
0.143622,-3.5604317
0.143624,-3.8378198
0.143626,-3.976514
0.143628,-3.8378198
0.14363,-3.5142004
0.143632,-3.0056553
0.143634,-2.3584158
0.143636,-1.5262513
0.143638,-0.694087
0.14364,0.23054075
0.143642,1.1551685
0.143644,1.9411016
0.143646,2.6808028
0.143648,3.2818112
0.14365,3.6978936
0.143652,3.92905
0.143654,3.92905
0.143656,3.744125
0.143658,3.3280425
0.14366,2.7732663
0.143662,2.033564
0.143664,1.2013993
0.143666,0.3230033
0.143668,-0.601624
0.14367,-1.48002
0.143672,-2.2659533
0.143674,-2.9594238
0.143676,-3.467969
0.143678,-3.8378198
0.14368,-3.976514
0.143682,-3.8840513
0.143684,-3.6066632
0.143686,-3.098118
0.143688,-2.4971101
0.14369,-1.7111769
0.143692,-0.83278084
0.143694,0.091846466
0.143696,0.970243
0.143698,1.8024073
0.1437,2.5883412
0.143702,3.1893477
0.143704,3.6516623
0.143706,3.1431174
0.143708,-0.32423592
0.14371,-3.3755062
0.143712,-3.4217377
0.143714,-2.866961
0.143716,-2.1734905
0.143718,-1.387557
0.14372,-0.46292973
0.143722,0.46169758
0.143724,1.3400936
0.143726,2.172258
0.143728,2.8657289
0.14373,3.420505
0.143732,3.7903562
0.143734,3.92905
0.143736,3.8828197
0.143738,3.6516623
0.14374,3.1893477
0.143742,2.5883412
0.143744,1.8024073
0.143746,1.0164738
0.143748,0.091846466
0.14375,-0.83278084
0.143752,-1.6649456
0.143754,-2.4508786
0.143756,-3.098118
0.143758,-3.6066632
0.14376,-3.8840513
0.14376199,-3.976514
0.143764,-3.8378198
0.143766,-3.5142004
0.143768,-2.9594238
0.14377,-2.3121846
0.143772,-1.48002
0.143774,-0.6478553
0.143776,0.27677202
0.143778,1.2013993
0.14378,2.033564
0.143782,2.727035
0.143784,3.3280425
0.143786,3.744125
0.143788,3.92905
0.14379,3.92905
0.143792,3.6978936
0.143794,3.2818112
0.143796,2.6808028
0.143798,1.9873328
0.1438,1.1551685
0.143802,0.23054075
0.143804,-0.6478553
0.143806,-1.5262513
0.14380799,-2.3121846
0.14381,-3.0056553
0.143812,-3.5142004
0.143814,-3.8378198
0.143816,-3.976514
0.143818,-3.8840513
0.14382,-3.5604317
0.143822,-3.098118
0.143824,-2.4046474
0.143826,-1.6187139
0.143828,-0.78654957
0.14383,0.13807821
0.143832,1.0627055
0.143834,1.8948698
0.143836,2.6345725
0.143838,3.23558
0.14384,3.6978936
0.143842,3.92905
0.143844,3.92905
0.143846,3.744125
0.143848,3.3742738
0.14385,2.8194976
0.143852,2.126027
0.14385399,1.2938623
0.143856,0.4154663
0.143858,-0.5091615
0.14386,-1.387557
0.143862,-2.1734905
0.143864,-2.866961
0.143866,-3.4217377
0.143868,-3.7915885
0.14387,-3.9302826
0.143872,-3.8840513
0.143874,-3.6528945
0.143876,-3.1905808
0.143878,-2.5433414
0.14388,-1.8036394
0.143882,-0.9252434
0.143884,-0.046847343
0.143886,0.87777996
0.143888,1.756176
0.14389,2.4958777
0.143892,3.1431174
0.143894,3.605431
0.143896,3.8828197
0.143898,3.9752812
0.1439,3.7903562
0.143902,3.4667363
0.143904,2.9119601
0.143906,2.2184901
0.143908,1.4325566
0.14391,0.5541601
0.143912,-0.3704667
0.143914,-1.2488632
0.143916,-2.0347965
0.143918,-2.7744985
0.14392,-3.329275
0.143922,-3.745357
0.143924,-3.9302826
0.143926,-3.9302826
0.143928,-3.6991258
0.14393,-3.2830436
0.143932,-2.6820357
0.143934,-1.9423337
0.143936,-1.1101689
0.143938,-0.18554163
0.14394,0.7390857
0.143942,1.5712504
0.143944,2.4034152
0.143946,3.050654
0.143948,3.5591989
0.14395,3.8365874
0.143952,3.9752812
0.143954,3.8365874
0.143956,3.5591989
0.143958,3.050654
0.14396,2.357184
0.143962,1.5712504
0.143964,0.7390857
0.143966,-0.18554163
0.143968,-1.1101689
0.14397,-1.8961024
0.143972,-2.6358042
0.143974,-3.2830436
0.143976,-3.6991258
0.143978,-3.9302826
0.14398,-3.9302826
0.143982,-3.745357
0.143984,-3.3755062
0.143986,-2.7744985
0.143988,-2.081028
0.14399,-1.2488632
0.143992,-0.32423592
0.143994,0.60039186
0.143996,1.4787879
0.143998,2.2647214
0.144,2.9581914
0.144002,3.4667363
0.144004,3.8365874
0.144006,3.9752812
0.144008,3.8828197
0.14400999,3.605431
0.144012,3.1431174
0.144014,2.4958777
0.144016,1.7099442
0.144018,0.87777996
0.14402,-0.046847343
0.144022,-0.9252434
0.144024,-1.7574081
0.144026,-2.5433414
0.144028,-3.1905808
0.14403,-3.6528945
0.144032,-3.8840513
0.144034,-3.9302826
0.144036,-3.7915885
0.144038,-3.4217377
0.14404,-2.9131925
0.144042,-2.2197218
0.144044,-1.387557
0.144046,-0.5091615
0.144048,0.4154663
0.14405,1.3400936
0.144052,2.126027
0.144054,2.8194976
0.14405599,3.3742738
0.144058,3.7903562
0.14406,3.92905
0.144062,3.92905
0.144064,3.6516623
0.144066,3.23558
0.144068,2.6345725
0.14407,1.8486385
0.144072,1.0164738
0.144074,0.13807821
0.144076,-0.78654957
0.144078,-1.6187139
0.14408,-2.4046474
0.144082,-3.0518866
0.144084,-3.5604317
0.144086,-3.8840513
0.144088,-3.976514
0.14409,-3.8378198
0.144092,-3.5142004
0.144094,-3.0056553
0.144096,-2.3121846
0.144098,-1.5262513
0.1441,-0.6478553
0.14410199,0.27677202
0.144104,1.1551685
0.144106,1.9873328
0.144108,2.727035
0.14411,3.3280425
0.144112,3.6978936
0.144114,3.92905
0.144116,3.92905
0.144118,3.744125
0.14412,3.3280425
0.144122,2.727035
0.144124,1.9873328
0.144126,0.7853174
0.144128,-0.18554163
0.14413,0.7390857
0.144132,1.5712504
0.144134,2.357184
0.144136,3.050654
0.144138,3.5591989
0.14414,3.8828197
0.144142,4.0215135
0.144144,3.92905
0.144146,3.605431
0.144148,3.1431174
0.14415,2.4958777
0.144152,1.7099442
0.144154,0.87777996
0.144156,-0.046847343
0.144158,-0.9714751
0.14416,-1.8036394
0.144162,-2.5433414
0.144164,-3.1905808
0.144166,-3.6528945
0.144168,-3.8840513
0.14417,-3.9302826
0.144172,-3.745357
0.144174,-3.3755062
0.144176,-2.866961
0.144178,-2.1272593
0.14418,-1.3413262
0.144182,-0.46292973
0.144184,0.46169758
0.144186,1.3863249
0.144188,2.172258
0.14419,2.8657289
0.144192,3.420505
0.144194,3.7903562
0.144196,3.9752812
0.144198,3.92905
0.1442,3.6516623
0.144202,3.1893477
0.144204,2.5883412
0.144206,1.8024073
0.144208,0.970243
0.14421,0.091846466
0.144212,-0.83278084
0.144214,-1.6649456
0.144216,-2.4508786
0.144218,-3.098118
0.14422,-3.6066632
0.144222,-3.8840513
0.144224,-3.976514
0.144226,-3.8378198
0.144228,-3.467969
0.14423,-2.9594238
0.144232,-2.2659533
0.144234,-1.48002
0.144236,-0.601624
0.144238,0.3230033
0.14424,1.2013993
0.144242,2.033564
0.144244,2.7732663
0.144246,3.3280425
0.144248,3.744125
0.14425,3.92905
0.144252,3.92905
0.144254,3.6978936
0.144256,3.2818112
0.14425799,2.6808028
0.14426,1.9411016
0.144262,1.1551685
0.144264,0.23054075
0.144266,-0.694087
0.144268,-1.5262513
0.14427,-2.3121846
0.144272,-3.0056553
0.144274,-3.5142004
0.144276,-3.8378198
0.144278,-3.976514
0.14428,-3.8840513
0.144282,-3.5604317
0.144284,-3.0518866
0.144286,-2.4046474
0.144288,-1.6187139
0.14429,-0.7403178
0.144292,0.13807821
0.144294,1.0627055
0.144296,1.8948698
0.144298,2.6345725
0.1443,3.23558
0.144302,3.6978936
0.14430399,3.92905
0.144306,3.92905
0.144308,3.744125
0.14431,3.3742738
0.144312,2.8194976
0.144314,2.0797954
0.144316,1.2938623
0.144318,0.4154663
0.14432,-0.5091615
0.144322,-1.387557
0.144324,-2.1734905
0.144326,-2.9131925
0.144328,-3.4217377
0.14433,-3.7915885
0.144332,-3.9302826
0.144334,-3.8840513
0.144336,-3.6066632
0.144338,-3.1905808
0.14434,-2.5433414
0.144342,-1.7574081
0.144344,-0.9252434
0.144346,-6.160736E-4
0.144348,0.92401123
0.14434999,1.756176
0.144352,2.542109
0.144354,3.1431174
0.144356,3.605431
0.144358,3.8828197
0.14436,3.9752812
0.144362,3.7903562
0.144364,3.4667363
0.144366,2.9119601
0.144368,2.2184901
0.14437,1.4325566
0.144372,0.5541601
0.144374,-0.3704667
0.144376,-1.2488632
0.144378,-2.081028
0.14438,-2.7744985
0.144382,-3.3755062
0.144384,-3.745357
0.144386,-3.9302826
0.144388,-3.9302826
0.14439,-3.6991258
0.144392,-3.2830436
0.144394,-2.6820357
0.144396,-1.8961024
0.144398,-1.0639377
0.1444,-0.18554163
0.144402,0.7390857
0.144404,1.6174817
0.144406,2.4034152
0.144408,3.050654
0.14441,3.5591989
0.144412,3.8365874
0.144414,3.9752812
0.144416,3.8365874
0.144418,3.5129685
0.14442,3.0044227
0.144422,2.357184
0.144424,1.5712504
0.144426,0.6928544
0.144428,-0.18554163
0.14443,-1.1101689
0.144432,-1.9423337
0.144434,-2.6820357
0.144436,-3.2830436
0.144438,-3.6991258
0.14444,-3.9302826
0.144442,-3.9302826
0.144444,-3.745357
0.144446,-3.329275
0.144448,-2.7744985
0.14445,-2.0347965
0.144452,-1.2488632
0.144454,-0.32423592
0.144456,0.60039186
0.144458,1.4787879
0.14446,2.2647214
0.144462,2.9581914
0.144464,3.4667363
0.144466,3.8365874
0.144468,3.9752812
0.14447,3.8828197
0.144472,3.605431
0.144474,3.1431174
0.144476,2.4958777
0.144478,1.7099442
0.14448,0.87777996
0.144482,-0.046847343
0.144484,-0.9714751
0.144486,-1.8036394
0.144488,-2.5433414
0.14449,-3.1905808
0.144492,-3.6528945
0.144494,-3.8840513
0.144496,-3.9302826
0.144498,-3.7915885
0.1445,-3.4217377
0.144502,-2.866961
0.144504,-2.1734905
0.14450599,-1.387557
0.144508,-0.5091615
0.14451,0.4154663
0.144512,1.3400936
0.144514,2.126027
0.144516,2.8657289
0.144518,3.420505
0.14452,3.7903562
0.144522,3.92905
0.144524,3.92905
0.144526,3.6516623
0.144528,3.23558
0.14453,2.5883412
0.144532,1.8486385
0.144534,1.0164738
0.144536,0.13807821
0.144538,-0.78654957
0.14454,-1.6187139
0.144542,-2.4046474
0.144544,-3.098118
0.144546,-3.4217377
0.144548,-0.18554163
0.14455,3.4667363
0.14455199,3.8365874
0.144554,3.5129685
0.144556,3.0044227
0.144558,2.3109517
0.14456,1.5250192
0.144562,0.64662313
0.144564,-0.27800417
0.144566,-1.1564007
0.144568,-1.9885652
0.14457,-2.6820357
0.144572,-3.2830436
0.144574,-3.6991258
0.144576,-3.9302826
0.144578,-3.9302826
0.14458,-3.6991258
0.144582,-3.2830436
0.144584,-2.728267
0.144586,-1.9885652
0.144588,-1.1564007
0.14459,-0.27800417
0.144592,0.64662313
0.144594,1.5250192
0.144596,2.3109517
0.14459799,3.0044227
0.1446,3.5129685
0.144602,3.8365874
0.144604,3.9752812
0.144606,3.8828197
0.144608,3.5591989
0.14461,3.0968862
0.144612,2.4496465
0.144614,1.6637135
0.144616,0.7853174
0.144618,-0.09307861
0.14462,-1.0177064
0.144622,-1.8498712
0.144624,-2.589573
0.144626,-3.1905808
0.144628,-3.6528945
0.14463,-3.8840513
0.144632,-3.9302826
0.144634,-3.7915885
0.144636,-3.3755062
0.144638,-2.8207297
0.14464,-2.1272593
0.144642,-1.3413262
0.14464399,-0.41669846
0.144646,0.50792885
0.144648,1.3863249
0.14465,2.172258
0.144652,2.9119601
0.144654,3.420505
0.144656,3.7903562
0.144658,3.9752812
0.14466,3.8828197
0.144662,3.6516623
0.144664,3.1893477
0.144666,2.542109
0.144668,1.8024073
0.14467,0.970243
0.144672,0.045615196
0.144674,-0.8790121
0.144676,-1.7111769
0.144678,-2.4508786
0.14468,-3.098118
0.144682,-3.6066632
0.144684,-3.8840513
0.144686,-3.9302826
0.144688,-3.7915885
0.14469,-3.467969
0.144692,-2.9594238
0.144694,-2.2659533
0.144696,-1.48002
0.144698,-0.601624
0.1447,0.3230033
0.144702,1.2476311
0.144704,2.033564
0.144706,2.7732663
0.144708,3.3742738
0.14471,3.744125
0.144712,3.92905
0.144714,3.92905
0.144716,3.6978936
0.144718,3.2818112
0.14472,2.6808028
0.144722,1.9411016
0.144724,1.1089368
0.144726,0.23054075
0.144728,-0.694087
0.14473,-1.5724826
0.144732,-2.3584158
0.144734,-3.0056553
0.144736,-3.5142004
0.144738,-3.8378198
0.14474,-3.976514
0.144742,-3.8378198
0.144744,-3.5604317
0.144746,-3.0518866
0.144748,-2.4046474
0.14475,-1.5724826
0.144752,-0.7403178
0.144754,0.184309
0.144756,1.1089368
0.144758,1.9411016
0.14476,2.6808028
0.144762,3.2818112
0.144764,3.6978936
0.144766,3.92905
0.144768,3.92905
0.14477,3.744125
0.144772,3.3742738
0.144774,2.7732663
0.144776,2.0797954
0.144778,1.2476311
0.14478,0.36923456
0.144782,-0.55539227
0.144784,-1.4337888
0.144786,-2.2197218
0.144788,-2.9131925
0.14479,-3.467969
0.144792,-3.7915885
0.144794,-3.9302826
0.144796,-3.8840513
0.144798,-3.6066632
0.14479999,-3.1443493
0.144802,-2.4971101
0.144804,-1.7574081
0.144806,-0.8790121
0.144808,0.045615196
0.14481,0.92401123
0.144812,1.756176
0.144814,2.542109
0.144816,3.1893477
0.144818,3.6516623
0.14482,3.8828197
0.144822,3.9752812
0.144824,3.7903562
0.144826,3.4667363
0.144828,2.9119601
0.14483,2.2184901
0.144832,1.4325566
0.144834,0.50792885
0.144836,-0.3704667
0.144838,-1.2950945
0.14484,-2.081028
0.144842,-2.8207297
0.144844,-3.3755062
0.14484599,-3.745357
0.144848,-3.9302826
0.14485,-3.9302826
0.144852,-3.6991258
0.144854,-3.236812
0.144856,-2.6358042
0.144858,-1.8961024
0.14486,-1.0639377
0.144862,-0.13931036
0.144864,0.7853174
0.144866,1.6174817
0.144868,2.4034152
0.14487,3.0968862
0.144872,3.5591989
0.144874,3.8828197
0.144876,3.9752812
0.144878,3.8365874
0.14488,3.5129685
0.144882,3.0044227
0.144884,2.357184
0.144886,1.5250192
0.144888,0.6928544
0.14489,-0.2317729
0.14489199,-1.1101689
0.144894,-1.9423337
0.144896,-2.6820357
0.144898,-3.2830436
0.1449,-3.6991258
0.144902,-3.9302826
0.144904,-3.9302826
0.144906,-3.745357
0.144908,-3.329275
0.14491,-2.7744985
0.144912,-2.0347965
0.144914,-1.202632
0.144916,-0.32423592
0.144918,0.60039186
0.14492,1.4787879
0.144922,2.2647214
0.144924,2.9581914
0.144926,3.5129685
0.144928,3.8365874
0.14493,3.9752812
0.144932,3.8828197
0.144934,3.605431
0.144936,3.0968862
0.144938,2.4496465
0.14494,1.6637135
0.144942,0.8315482
0.144944,-0.09307861
0.144946,-0.9714751
0.144948,-1.8036394
0.14495,-2.5433414
0.144952,-3.1905808
0.144954,-3.6528945
0.144956,-3.8840513
0.144958,-3.9302826
0.14496,-3.7915885
0.144962,-3.4217377
0.144964,-2.866961
0.144966,-2.3121846
0.144968,0.8315482
0.14497,0.36923456
0.144972,-0.5091615
0.144974,-1.387557
0.144976,-2.1734905
0.144978,-2.9131925
0.14498,-3.467969
0.144982,-3.8378198
0.144984,-3.976514
0.144986,-3.9302826
0.144988,-3.6991258
0.14499,-3.236812
0.144992,-2.6358042
0.144994,-1.8498712
0.144996,-1.0177064
0.144998,-0.09307861
0.145,0.8315482
0.145002,1.6637135
0.145004,2.4496465
0.145006,3.0968862
0.145008,3.5591989
0.14501,3.8828197
0.145012,3.92905
0.145014,3.8365874
0.145016,3.4667363
0.145018,2.9581914
0.14502,2.2647214
0.145022,1.4787879
0.145024,0.64662313
0.145026,-0.27800417
0.145028,-1.202632
0.14503,-1.9885652
0.145032,-2.728267
0.145034,-3.329275
0.145036,-3.745357
0.145038,-3.9302826
0.14504,-3.9302826
0.145042,-3.6991258
0.145044,-3.329275
0.145046,-2.728267
0.14504799,-1.9885652
0.14505,-1.1564007
0.145052,-0.2317729
0.145054,0.6928544
0.145056,1.5250192
0.145058,2.3109517
0.14506,3.0044227
0.145062,3.5129685
0.145064,3.8365874
0.145066,3.9752812
0.145068,3.8828197
0.14507,3.5591989
0.145072,3.050654
0.145074,2.4034152
0.145076,1.6174817
0.145078,0.7853174
0.14508,-0.13931036
0.145082,-1.0177064
0.145084,-1.8498712
0.145086,-2.589573
0.145088,-3.236812
0.14509,-3.6528945
0.145092,-3.9302826
0.14509399,-3.9302826
0.145096,-3.745357
0.145098,-3.3755062
0.1451,-2.8207297
0.145102,-2.1272593
0.145104,-1.2950945
0.145106,-0.41669846
0.145108,0.50792885
0.14511,1.4325566
0.145112,2.2184901
0.145114,2.9119601
0.145116,3.4667363
0.145118,3.7903562
0.14512,3.9752812
0.145122,3.8828197
0.145124,3.6516623
0.145126,3.1893477
0.145128,2.542109
0.14513,1.756176
0.145132,0.92401123
0.145134,0.045615196
0.145136,-0.8790121
0.145138,-1.7111769
0.14513999,-2.4971101
0.145142,-3.1443493
0.145144,-3.6066632
0.145146,-3.8840513
0.145148,-3.976514
0.14515,-3.7915885
0.145152,-3.467969
0.145154,-2.9594238
0.145156,-2.2659533
0.145158,-1.4337888
0.14516,-0.55539227
0.145162,0.36923456
0.145164,1.2476311
0.145166,2.0797954
0.145168,2.7732663
0.14517,3.3742738
0.145172,3.744125
0.145174,3.92905
0.145176,3.92905
0.145178,3.6978936
0.14518,3.2818112
0.145182,2.6808028
0.145184,1.9411016
0.145186,1.1089368
0.145188,0.184309
0.14519,-0.7403178
0.145192,-1.5724826
0.145194,-2.3584158
0.145196,-3.0056553
0.145198,-3.5142004
0.1452,-3.8378198
0.145202,-3.976514
0.145204,-3.8378198
0.145206,-3.5604317
0.145208,-3.0518866
0.14521,-2.3584158
0.145212,-1.5724826
0.145214,-0.7403178
0.145216,0.184309
0.145218,1.1089368
0.14522,1.9411016
0.145222,2.6808028
0.145224,3.2818112
0.145226,3.6978936
0.145228,3.92905
0.14523,3.92905
0.145232,3.744125
0.145234,3.3280425
0.145236,2.7732663
0.145238,2.033564
0.14524,1.2476311
0.145242,0.36923456
0.145244,-0.55539227
0.145246,-1.4337888
0.145248,-2.2197218
0.14525,-2.9131925
0.145252,-3.467969
0.145254,-3.7915885
0.145256,-3.9302826
0.145258,-3.8840513
0.14526,-3.6066632
0.145262,-3.1443493
0.145264,-2.4971101
0.145266,-1.7111769
0.145268,-0.8790121
0.14527,0.045615196
0.145272,0.970243
0.145274,1.8024073
0.145276,2.542109
0.145278,3.1893477
0.14528,3.6516623
0.145282,3.8828197
0.145284,3.9752812
0.145286,3.7903562
0.145288,3.420505
0.14529,2.8657289
0.145292,2.172258
0.145294,1.3863249
0.14529599,0.50792885
0.145298,-0.41669846
0.1453,-1.2950945
0.145302,-2.081028
0.145304,-2.8207297
0.145306,-3.3755062
0.145308,-3.745357
0.14531,-3.9302826
0.145312,-3.9302826
0.145314,-3.6528945
0.145316,-3.236812
0.145318,-2.6358042
0.14532,-1.8498712
0.145322,-1.0177064
0.145324,-0.13931036
0.145326,0.7853174
0.145328,1.6637135
0.14533,2.4496465
0.145332,3.0968862
0.145334,3.5591989
0.145336,3.8828197
0.145338,3.9752812
0.14534,3.8365874
0.14534199,3.5129685
0.145344,3.0044227
0.145346,2.3109517
0.145348,1.5250192
0.14535,0.6928544
0.145352,-0.2317729
0.145354,-1.1564007
0.145356,-1.9423337
0.145358,-2.6820357
0.14536,-3.2830436
0.145362,-3.6991258
0.145364,-3.9302826
0.145366,-3.9302826
0.145368,-3.745357
0.14537,-3.329275
0.145372,-2.728267
0.145374,-2.0347965
0.145376,-1.202632
0.145378,-0.27800417
0.14538,0.64662313
0.145382,1.4787879
0.145384,2.3109517
0.145386,3.0044227
0.14538799,0.23054075
0.14539,-3.098118
0.145392,-3.976514
0.145394,-3.8840513
0.145396,-3.6066632
0.145398,-3.1443493
0.1454,-2.4971101
0.145402,-1.7111769
0.145404,-0.83278084
0.145406,0.091846466
0.145408,1.0164738
0.14541,1.8486385
0.145412,2.5883412
0.145414,3.1893477
0.145416,3.6516623
0.145418,3.8828197
0.14542,3.92905
0.145422,3.744125
0.145424,3.3742738
0.145426,2.8194976
0.145428,2.126027
0.14543,1.3400936
0.145432,0.46169758
0.145434,-0.46292973
0.145436,-1.387557
0.145438,-2.1734905
0.14544,-2.866961
0.145442,-3.4217377
0.145444,-3.7915885
0.145446,-3.976514
0.145448,-3.8840513
0.14545,-3.6528945
0.145452,-3.1905808
0.145454,-2.589573
0.145456,-1.8036394
0.145458,-0.9714751
0.14546,-0.046847343
0.145462,0.8315482
0.145464,1.7099442
0.145466,2.4958777
0.145468,3.1431174
0.14547,3.605431
0.145472,3.8828197
0.145474,3.9752812
0.145476,3.8365874
0.145478,3.4667363
0.14548,2.9581914
0.145482,2.2647214
0.145484,1.4787879
0.145486,0.60039186
0.145488,-0.32423592
0.14549,-1.202632
0.145492,-2.0347965
0.145494,-2.728267
0.145496,-3.329275
0.145498,-3.745357
0.1455,-3.9302826
0.145502,-3.9302826
0.145504,-3.6991258
0.145506,-3.2830436
0.145508,-2.6820357
0.14551,-1.9423337
0.145512,-1.1101689
0.145514,-0.2317729
0.145516,0.6928544
0.145518,1.5712504
0.14552,2.357184
0.145522,3.0044227
0.145524,3.5129685
0.145526,3.8365874
0.145528,3.9752812
0.14553,3.8828197
0.145532,3.5591989
0.145534,3.050654
0.145536,2.4034152
0.145538,1.6174817
0.14554,0.7390857
0.145542,-0.13931036
0.14554399,-1.0639377
0.145546,-1.8961024
0.145548,-2.6358042
0.14555,-3.236812
0.145552,-3.6991258
0.145554,-3.9302826
0.145556,-3.9302826
0.145558,-3.745357
0.14556,-3.3755062
0.145562,-2.8207297
0.145564,-2.081028
0.145566,-1.2950945
0.145568,-0.3704667
0.14557,0.5541601
0.145572,1.4325566
0.145574,2.2184901
0.145576,2.9119601
0.145578,3.4667363
0.14558,3.7903562
0.145582,3.9752812
0.145584,3.8828197
0.145586,3.605431
0.145588,3.1431174
0.14558999,2.542109
0.145592,1.756176
0.145594,0.92401123
0.145596,-6.160736E-4
0.145598,-0.9252434
0.1456,-1.7574081
0.145602,-2.4971101
0.145604,-3.1443493
0.145606,-3.6066632
0.145608,-3.8840513
0.14561,-3.976514
0.145612,-3.7915885
0.145614,-3.467969
0.145616,-2.9131925
0.145618,-2.2197218
0.14562,-1.4337888
0.145622,-0.55539227
0.145624,0.36923456
0.145626,1.2938623
0.145628,2.0797954
0.14563,2.8194976
0.145632,3.3742738
0.145634,3.744125
0.14563599,3.92905
0.145638,3.92905
0.14564,3.6978936
0.145642,3.23558
0.145644,2.6345725
0.145646,1.8948698
0.145648,1.0627055
0.14565,0.184309
0.145652,-0.7403178
0.145654,-1.5724826
0.145656,-2.3584158
0.145658,-3.0518866
0.14566,-3.5604317
0.145662,-3.8378198
0.145664,-3.976514
0.145666,-3.8378198
0.145668,-3.5142004
0.14567,-3.0518866
0.145672,-2.3584158
0.145674,-1.5724826
0.145676,-0.694087
0.145678,0.23054075
0.14568,1.1089368
0.145682,1.9411016
0.145684,2.6808028
0.145686,3.2818112
0.145688,3.6978936
0.14569,3.92905
0.145692,3.92905
0.145694,3.744125
0.145696,3.3280425
0.145698,2.7732663
0.1457,2.033564
0.145702,1.2013993
0.145704,0.3230033
0.145706,-0.601624
0.145708,-1.48002
0.14571,-2.2659533
0.145712,-2.9594238
0.145714,-3.467969
0.145716,-3.8378198
0.145718,-3.976514
0.14572,-3.8840513
0.145722,-3.6066632
0.145724,-3.1443493
0.145726,-2.4971101
0.145728,-1.7111769
0.14573,-0.83278084
0.145732,0.045615196
0.145734,0.970243
0.145736,1.8024073
0.145738,2.5883412
0.14574,3.1893477
0.145742,3.6516623
0.145744,3.8828197
0.145746,3.92905
0.145748,3.7903562
0.14575,3.420505
0.145752,2.8657289
0.145754,2.172258
0.145756,1.3863249
0.145758,0.50792885
0.14576,-0.41669846
0.145762,-1.3413262
0.145764,-2.1272593
0.145766,-2.8207297
0.145768,-3.3755062
0.14577,-3.7915885
0.145772,-3.9302826
0.145774,-3.9302826
0.145776,-3.6528945
0.145778,-3.236812
0.14578,-2.589573
0.145782,-1.8498712
0.145784,-1.0177064
0.145786,-0.09307861
0.145788,0.8315482
0.14579,1.6637135
0.14579199,2.4496465
0.145794,3.0968862
0.145796,3.605431
0.145798,3.8828197
0.1458,3.9752812
0.145802,3.8365874
0.145804,3.5129685
0.145806,2.9581914
0.145808,0.3230033
0.14581,-1.387557
0.145812,-0.55539227
0.145814,0.3230033
0.145816,1.2476311
0.145818,2.033564
0.14582,2.7732663
0.145822,3.3742738
0.145824,3.744125
0.145826,3.9752812
0.145828,3.9752812
0.14583,3.744125
0.145832,3.3280425
0.145834,2.727035
0.145836,1.9873328
0.14583799,1.2013993
0.14584,0.27677202
0.145842,-0.6478553
0.145844,-1.48002
0.145846,-2.2659533
0.145848,-2.9594238
0.14585,-3.467969
0.145852,-3.8378198
0.145854,-3.9302826
0.145856,-3.8378198
0.145858,-3.5604317
0.14586,-3.098118
0.145862,-2.4508786
0.145864,-1.6649456
0.145866,-0.78654957
0.145868,0.13807821
0.14587,1.0164738
0.145872,1.8486385
0.145874,2.6345725
0.145876,3.23558
0.145878,3.6516623
0.14588,3.92905
0.145882,3.92905
0.14588399,3.7903562
0.145886,3.3742738
0.145888,2.8194976
0.14589,2.126027
0.145892,1.3400936
0.145894,0.4154663
0.145896,-0.5091615
0.145898,-1.387557
0.1459,-2.1734905
0.145902,-2.866961
0.145904,-3.4217377
0.145906,-3.7915885
0.145908,-3.9302826
0.14591,-3.8840513
0.145912,-3.6528945
0.145914,-3.1905808
0.145916,-2.5433414
0.145918,-1.8036394
0.14592,-0.9714751
0.145922,-0.046847343
0.145924,0.87777996
0.145926,1.7099442
0.145928,2.4958777
0.14592999,3.1431174
0.145932,3.605431
0.145934,3.8828197
0.145936,3.9752812
0.145938,3.8365874
0.14594,3.4667363
0.145942,2.9581914
0.145944,2.2647214
0.145946,1.4787879
0.145948,0.60039186
0.14595,-0.32423592
0.145952,-1.202632
0.145954,-2.0347965
0.145956,-2.7744985
0.145958,-3.329275
0.14596,-3.745357
0.145962,-3.9302826
0.145964,-3.9302826
0.145966,-3.6991258
0.145968,-3.2830436
0.14597,-2.6820357
0.145972,-1.9423337
0.145974,-1.1101689
0.145976,-0.18554163
0.145978,0.7390857
0.14598,1.5712504
0.145982,2.357184
0.145984,3.050654
0.145986,3.5591989
0.145988,3.8365874
0.14599,3.9752812
0.145992,3.8365874
0.145994,3.5591989
0.145996,3.050654
0.145998,2.4034152
0.146,1.6174817
0.146002,0.7390857
0.146004,-0.18554163
0.146006,-1.0639377
0.146008,-1.8961024
0.14601,-2.6358042
0.146012,-3.236812
0.146014,-3.6991258
0.146016,-3.9302826
0.146018,-3.9302826
0.14602,-3.745357
0.146022,-3.3755062
0.146024,-2.8207297
0.146026,-2.081028
0.146028,-1.2488632
0.14603,-0.3704667
0.146032,0.5541601
0.146034,1.4325566
0.146036,2.2184901
0.146038,2.9119601
0.14604,3.4667363
0.146042,3.7903562
0.146044,3.9752812
0.146046,3.8828197
0.146048,3.605431
0.14605,3.1431174
0.146052,2.4958777
0.146054,1.756176
0.146056,0.92401123
0.146058,-6.160736E-4
0.14606,-0.9252434
0.146062,-1.7574081
0.146064,-2.4971101
0.146066,-3.1443493
0.146068,-3.6066632
0.14607,-3.8840513
0.146072,-3.9302826
0.146074,-3.7915885
0.146076,-3.467969
0.146078,-2.9131925
0.14608,-2.2197218
0.146082,-1.4337888
0.146084,-0.5091615
0.14608599,0.4154663
0.146088,1.2938623
0.14609,2.0797954
0.146092,2.8194976
0.146094,3.3742738
0.146096,3.744125
0.146098,3.92905
0.1461,3.92905
0.146102,3.6978936
0.146104,3.23558
0.146106,2.6345725
0.146108,1.8948698
0.14611,1.0627055
0.146112,0.13807821
0.146114,-0.7403178
0.146116,-1.6187139
0.146118,-2.4046474
0.14612,-3.0518866
0.146122,-3.5604317
0.146124,-3.8378198
0.146126,-3.976514
0.146128,-3.8378198
0.14613,-3.5142004
0.14613199,-3.0056553
0.146134,-2.3584158
0.146136,-1.5262513
0.146138,-0.694087
0.14614,0.23054075
0.146142,1.1551685
0.146144,1.9873328
0.146146,2.6808028
0.146148,3.2818112
0.14615,3.6978936
0.146152,3.92905
0.146154,3.92905
0.146156,3.744125
0.146158,3.3280425
0.14616,2.727035
0.146162,2.033564
0.146164,1.2013993
0.146166,0.3230033
0.146168,-0.601624
0.14617,-1.48002
0.146172,-2.2659533
0.146174,-2.9594238
0.146176,-3.467969
0.14617799,-3.8378198
0.14618,-3.976514
0.146182,-3.8840513
0.146184,-3.6066632
0.146186,-3.098118
0.146188,-2.4971101
0.14619,-1.7111769
0.146192,-0.83278084
0.146194,0.091846466
0.146196,0.970243
0.146198,1.8024073
0.1462,2.5883412
0.146202,3.1893477
0.146204,3.6516623
0.146206,3.92905
0.146208,3.92905
0.14621,3.7903562
0.146212,3.420505
0.146214,2.8657289
0.146216,2.172258
0.146218,1.3400936
0.14622,0.46169758
0.146222,-0.46292973
0.146224,-1.3413262
0.146226,-2.1272593
0.146228,-0.13931036
0.14623,3.1893477
0.146232,3.8365874
0.146234,3.9752812
0.146236,3.92905
0.146238,3.6978936
0.14624,3.23558
0.146242,2.6345725
0.146244,1.8486385
0.146246,1.0164738
0.146248,0.13807821
0.14625,-0.78654957
0.146252,-1.6649456
0.146254,-2.4046474
0.146256,-3.098118
0.146258,-3.5604317
0.14626,-3.8378198
0.146262,-3.9302826
0.146264,-3.7915885
0.146266,-3.467969
0.146268,-2.9594238
0.14627,-2.2659533
0.146272,-1.48002
0.146274,-0.601624
0.146276,0.3230033
0.146278,1.2013993
0.14628,2.033564
0.146282,2.7732663
0.146284,3.3280425
0.146286,3.744125
0.146288,3.92905
0.14629,3.92905
0.146292,3.6978936
0.146294,3.2818112
0.146296,2.727035
0.146298,1.9873328
0.1463,1.1551685
0.146302,0.23054075
0.146304,-0.6478553
0.146306,-1.5262513
0.146308,-2.3121846
0.14631,-3.0056553
0.146312,-3.5142004
0.146314,-3.8378198
0.146316,-3.9302826
0.146318,-3.8378198
0.14632,-3.5604317
0.146322,-3.098118
0.146324,-2.4046474
0.146326,-1.6187139
0.146328,-0.78654957
0.14633,0.13807821
0.146332,1.0627055
0.14633399,1.8948698
0.146336,2.6345725
0.146338,3.23558
0.14634,3.6978936
0.146342,3.92905
0.146344,3.92905
0.146346,3.744125
0.146348,3.3742738
0.14635,2.8194976
0.146352,2.126027
0.146354,1.2938623
0.146356,0.4154663
0.146358,-0.5091615
0.14636,-1.387557
0.146362,-2.1734905
0.146364,-2.866961
0.146366,-3.4217377
0.146368,-3.7915885
0.14637,-3.9302826
0.146372,-3.8840513
0.146374,-3.6528945
0.146376,-3.1905808
0.146378,-2.5433414
0.14637999,-1.7574081
0.146382,-0.9252434
0.146384,-6.160736E-4
0.146386,0.87777996
0.146388,1.756176
0.14639,2.4958777
0.146392,3.1431174
0.146394,3.605431
0.146396,3.8828197
0.146398,3.9752812
0.1464,3.7903562
0.146402,3.4667363
0.146404,2.9119601
0.146406,2.2184901
0.146408,1.4325566
0.14641,0.5541601
0.146412,-0.3704667
0.146414,-1.2488632
0.146416,-2.0347965
0.146418,-2.7744985
0.14642,-3.329275
0.146422,-3.745357
0.146424,-3.9302826
0.14642599,-3.9302826
0.146428,-3.6991258
0.14643,-3.2830436
0.146432,-2.6820357
0.146434,-1.8961024
0.146436,-1.0639377
0.146438,-0.18554163
0.14644,0.7390857
0.146442,1.6174817
0.146444,2.4034152
0.146446,3.050654
0.146448,3.5591989
0.14645,3.8365874
0.146452,3.9752812
0.146454,3.8365874
0.146456,3.5591989
0.146458,3.050654
0.14646,2.357184
0.146462,1.5712504
0.146464,0.7390857
0.146466,-0.18554163
0.146468,-1.1101689
0.14647,-1.8961024
0.146472,-2.6358042
0.146474,-3.2830436
0.146476,-3.6991258
0.146478,-3.9302826
0.14648,-3.9302826
0.146482,-3.745357
0.146484,-3.3755062
0.146486,-2.7744985
0.146488,-2.081028
0.14649,-1.2488632
0.146492,-0.32423592
0.146494,0.60039186
0.146496,1.4787879
0.146498,2.2647214
0.1465,2.9581914
0.146502,3.4667363
0.146504,3.8365874
0.146506,3.9752812
0.146508,3.8828197
0.14651,3.605431
0.146512,3.1431174
0.146514,2.4958777
0.146516,1.7099442
0.146518,0.87777996
0.14652,-0.046847343
0.146522,-0.9252434
0.146524,-1.7574081
0.146526,-2.5433414
0.146528,-3.1905808
0.14653,-3.6528945
0.146532,-3.8840513
0.146534,-3.9302826
0.146536,-3.7915885
0.146538,-3.4217377
0.14654,-2.9131925
0.146542,-2.1734905
0.146544,-1.387557
0.146546,-0.5091615
0.146548,0.4154663
0.14655,1.3400936
0.146552,2.126027
0.146554,2.8194976
0.146556,3.3742738
0.146558,3.7903562
0.14656,3.92905
0.146562,3.92905
0.146564,3.6516623
0.146566,3.23558
0.146568,2.5883412
0.14657,1.8486385
0.146572,1.0164738
0.146574,0.13807821
0.146576,-0.78654957
0.146578,-1.6187139
0.14658,-2.4046474
0.14658199,-3.0518866
0.146584,-3.5604317
0.146586,-3.8840513
0.146588,-3.976514
0.14659,-3.8378198
0.146592,-3.5142004
0.146594,-3.0056553
0.146596,-2.3121846
0.146598,-1.5262513
0.1466,-0.6478553
0.146602,0.27677202
0.146604,1.1551685
0.146606,1.9873328
0.146608,2.727035
0.14661,3.3280425
0.146612,3.744125
0.146614,3.92905
0.146616,3.92905
0.146618,3.744125
0.14662,3.3280425
0.146622,2.727035
0.146624,1.9873328
0.146626,1.2013993
0.14662799,0.27677202
0.14663,-0.6478553
0.146632,-1.48002
0.146634,-2.2659533
0.146636,-2.9594238
0.146638,-3.5142004
0.14664,-3.8378198
0.146642,-3.976514
0.146644,-3.8840513
0.146646,-3.5604317
0.146648,-1.48002
0.14665,1.8948698
0.146652,1.6174817
0.146654,0.7853174
0.146656,-0.13931036
0.146658,-1.0177064
0.14666,-1.8498712
0.146662,-2.6358042
0.146664,-3.236812
0.146666,-3.6991258
0.146668,-3.9302826
0.14667,-3.976514
0.146672,-3.7915885
0.14667399,-3.4217377
0.146676,-2.866961
0.146678,-2.1734905
0.14668,-1.3413262
0.146682,-0.46292973
0.146684,0.46169758
0.146686,1.3400936
0.146688,2.172258
0.14669,2.8657289
0.146692,3.420505
0.146694,3.7903562
0.146696,3.92905
0.146698,3.8828197
0.1467,3.6516623
0.146702,3.1893477
0.146704,2.542109
0.146706,1.8024073
0.146708,0.970243
0.14671,0.091846466
0.146712,-0.83278084
0.146714,-1.6649456
0.146716,-2.4508786
0.146718,-3.098118
0.14672,-3.6066632
0.146722,-3.8840513
0.146724,-3.976514
0.146726,-3.8378198
0.146728,-3.467969
0.14673,-2.9594238
0.146732,-2.2659533
0.146734,-1.48002
0.146736,-0.601624
0.146738,0.3230033
0.14674,1.2476311
0.146742,2.033564
0.146744,2.7732663
0.146746,3.3280425
0.146748,3.744125
0.14675,3.92905
0.146752,3.92905
0.146754,3.6978936
0.146756,3.2818112
0.146758,2.6808028
0.14676,1.9411016
0.146762,1.1551685
0.146764,0.23054075
0.146766,-0.694087
0.146768,-1.5262513
0.14677,-2.3121846
0.146772,-3.0056553
0.146774,-3.5142004
0.146776,-3.8378198
0.146778,-3.976514
0.14678,-3.8378198
0.146782,-3.5604317
0.146784,-3.0518866
0.146786,-2.4046474
0.146788,-1.6187139
0.14679,-0.7403178
0.146792,0.184309
0.146794,1.0627055
0.146796,1.8948698
0.146798,2.6345725
0.1468,3.23558
0.146802,3.6978936
0.146804,3.92905
0.146806,3.92905
0.146808,3.744125
0.14681,3.3742738
0.146812,2.8194976
0.146814,2.0797954
0.146816,1.2938623
0.146818,0.36923456
0.14682,-0.5091615
0.146822,-1.4337888
0.146824,-2.2197218
0.146826,-2.9131925
0.146828,-3.4217377
0.14682999,-3.7915885
0.146832,-3.9302826
0.146834,-3.8840513
0.146836,-3.6066632
0.146838,-3.1443493
0.14684,-2.5433414
0.146842,-1.7574081
0.146844,-0.9252434
0.146846,-6.160736E-4
0.146848,0.92401123
0.14685,1.756176
0.146852,2.542109
0.146854,3.1431174
0.146856,3.605431
0.146858,3.8828197
0.14686,3.9752812
0.146862,3.7903562
0.146864,3.4667363
0.146866,2.9119601
0.146868,2.2184901
0.14687,1.4325566
0.146872,0.5541601
0.146874,-0.3704667
0.14687599,-1.2488632
0.146878,-2.081028
0.14688,-2.7744985
0.146882,-3.3755062
0.146884,-3.745357
0.146886,-3.9302826
0.146888,-3.9302826
0.14689,-3.6991258
0.146892,-3.236812
0.146894,-2.6358042
0.146896,-1.8961024
0.146898,-1.0639377
0.1469,-0.13931036
0.146902,0.7390857
0.146904,1.6174817
0.146906,2.4034152
0.146908,3.050654
0.14691,3.5591989
0.146912,3.8828197
0.146914,3.9752812
0.146916,3.8365874
0.146918,3.5129685
0.14692,3.0044227
0.14692199,2.357184
0.146924,1.5712504
0.146926,0.6928544
0.146928,-0.2317729
0.14693,-1.1101689
0.146932,-1.9423337
0.146934,-2.6820357
0.146936,-3.2830436
0.146938,-3.6991258
0.14694,-3.9302826
0.146942,-3.9302826
0.146944,-3.745357
0.146946,-3.329275
0.146948,-2.7744985
0.14695,-2.0347965
0.146952,-1.202632
0.146954,-0.32423592
0.146956,0.60039186
0.146958,1.4787879
0.14696,2.2647214
0.146962,2.9581914
0.146964,3.4667363
0.146966,3.8365874
0.14696799,3.9752812
0.14697,3.8828197
0.146972,3.605431
0.146974,3.0968862
0.146976,2.4958777
0.146978,1.7099442
0.14698,0.87777996
0.146982,-0.046847343
0.146984,-0.9714751
0.146986,-1.8036394
0.146988,-2.5433414
0.14699,-3.1905808
0.146992,-3.6528945
0.146994,-3.8840513
0.146996,-3.9302826
0.146998,-3.7915885
0.147,-3.4217377
0.147002,-2.866961
0.147004,-2.1734905
0.147006,-1.387557
0.147008,-0.46292973
0.14701,0.46169758
0.147012,1.3400936
0.147014,2.126027
0.147016,2.8657289
0.147018,3.420505
0.14702,3.7903562
0.147022,3.92905
0.147024,3.92905
0.147026,3.6516623
0.147028,3.23558
0.14703,2.5883412
0.147032,1.8486385
0.147034,1.0164738
0.147036,0.091846466
0.147038,-0.78654957
0.14704,-1.6649456
0.147042,-2.4046474
0.147044,-3.098118
0.147046,-3.5604317
0.147048,-3.8840513
0.14705,-3.976514
0.147052,-3.8378198
0.147054,-3.5142004
0.147056,-3.0056553
0.147058,-2.3121846
0.14706,-1.48002
0.147062,-0.6478553
0.147064,0.27677202
0.147066,1.2013993
0.147068,-0.32423592
0.14707,-2.728267
0.147072,-3.3755062
0.147074,-3.7915885
0.147076,-3.976514
0.147078,-3.976514
0.14708,-3.745357
0.147082,-3.329275
0.147084,-2.7744985
0.147086,-2.0347965
0.147088,-1.202632
0.14709,-0.27800417
0.147092,0.64662313
0.147094,1.4787879
0.147096,2.3109517
0.147098,3.0044227
0.1471,3.5129685
0.147102,3.8365874
0.147104,3.92905
0.147106,3.8365874
0.147108,3.5591989
0.14711,3.050654
0.147112,2.4034152
0.147114,1.6174817
0.147116,0.7853174
0.147118,-0.13931036
0.14712,-1.0177064
0.147122,-1.8498712
0.14712399,-2.589573
0.147126,-3.236812
0.147128,-3.6528945
0.14713,-3.9302826
0.147132,-3.9302826
0.147134,-3.7915885
0.147136,-3.4217377
0.147138,-2.8207297
0.14714,-2.1272593
0.147142,-1.3413262
0.147144,-0.41669846
0.147146,0.50792885
0.147148,1.3863249
0.14715,2.172258
0.147152,2.8657289
0.147154,3.420505
0.147156,3.7903562
0.147158,3.92905
0.14716,3.8828197
0.147162,3.6516623
0.147164,3.1893477
0.147166,2.542109
0.147168,1.8024073
0.14716999,0.970243
0.147172,0.045615196
0.147174,-0.8790121
0.147176,-1.7111769
0.147178,-2.4971101
0.14718,-3.1443493
0.147182,-3.6066632
0.147184,-3.8840513
0.147186,-3.976514
0.147188,-3.8378198
0.14719,-3.467969
0.147192,-2.9594238
0.147194,-2.2659533
0.147196,-1.48002
0.147198,-0.601624
0.1472,0.36923456
0.147202,1.2476311
0.147204,2.0797954
0.147206,2.7732663
0.147208,3.3742738
0.14721,3.744125
0.147212,3.92905
0.147214,3.92905
0.14721599,3.6978936
0.147218,3.2818112
0.14722,2.6808028
0.147222,1.9411016
0.147224,1.1089368
0.147226,0.184309
0.147228,-0.694087
0.14723,-1.5724826
0.147232,-2.3584158
0.147234,-3.0056553
0.147236,-3.5142004
0.147238,-3.8378198
0.14724,-3.976514
0.147242,-3.8378198
0.147244,-3.5604317
0.147246,-3.0518866
0.147248,-2.4046474
0.14725,-1.5724826
0.147252,-0.7403178
0.147254,0.184309
0.147256,1.1089368
0.147258,1.9411016
0.14726,2.6808028
0.147262,3.2818112
0.147264,3.6978936
0.147266,3.92905
0.147268,3.92905
0.14727,3.744125
0.147272,3.3742738
0.147274,2.7732663
0.147276,2.0797954
0.147278,1.2476311
0.14728,0.36923456
0.147282,-0.55539227
0.147284,-1.4337888
0.147286,-2.2197218
0.147288,-2.9131925
0.14729,-3.467969
0.147292,-3.7915885
0.147294,-3.9302826
0.147296,-3.8840513
0.147298,-3.6066632
0.1473,-3.1443493
0.147302,-2.4971101
0.147304,-1.7574081
0.147306,-0.8790121
0.147308,0.045615196
0.14731,0.92401123
0.147312,1.8024073
0.147314,2.542109
0.147316,3.1893477
0.147318,3.6516623
0.14732,3.8828197
0.147322,3.9752812
0.147324,3.7903562
0.147326,3.420505
0.147328,2.9119601
0.14733,2.2184901
0.147332,1.4325566
0.147334,0.50792885
0.147336,-0.41669846
0.147338,-1.2950945
0.14734,-2.081028
0.147342,-2.8207297
0.147344,-3.3755062
0.147346,-3.745357
0.147348,-3.9302826
0.14735,-3.9302826
0.147352,-3.6528945
0.147354,-3.236812
0.147356,-2.6358042
0.147358,-1.8961024
0.14736,-1.0639377
0.147362,-0.13931036
0.147364,0.7853174
0.147366,1.6174817
0.147368,2.4034152
0.14737,3.0968862
0.14737199,3.5591989
0.147374,3.8828197
0.147376,3.9752812
0.147378,3.8365874
0.14738,3.5129685
0.147382,3.0044227
0.147384,2.3109517
0.147386,1.5250192
0.147388,0.6928544
0.14739,-0.2317729
0.147392,-1.1564007
0.147394,-1.9423337
0.147396,-2.6820357
0.147398,-3.2830436
0.1474,-3.6991258
0.147402,-3.9302826
0.147404,-3.9302826
0.147406,-3.745357
0.147408,-3.329275
0.14741,-2.7744985
0.147412,-2.0347965
0.147414,-1.202632
0.147416,-0.27800417
0.14741799,0.64662313
0.14742,1.4787879
0.147422,2.3109517
0.147424,2.9581914
0.147426,3.5129685
0.147428,3.8365874
0.14743,3.9752812
0.147432,3.8828197
0.147434,3.605431
0.147436,3.0968862
0.147438,2.4496465
0.14744,1.6637135
0.147442,0.8315482
0.147444,-0.09307861
0.147446,-0.9714751
0.147448,-1.8036394
0.14745,-2.589573
0.147452,-3.1905808
0.147454,-3.6528945
0.147456,-3.8840513
0.147458,-3.9302826
0.14746,-3.7915885
0.147462,-3.4217377
0.14746399,-2.866961
0.147466,-2.1734905
0.147468,-1.3413262
0.14747,-0.46292973
0.147472,0.46169758
0.147474,1.3400936
0.147476,2.172258
0.147478,2.8657289
0.14748,3.420505
0.147482,3.7903562
0.147484,3.92905
0.147486,3.8828197
0.147488,2.172258
0.14749,-1.202632
0.147492,-2.4971101
0.147494,-1.8036394
0.147496,-0.9714751
0.147498,-0.046847343
0.1475,0.87777996
0.147502,1.7099442
0.147504,2.4958777
0.147506,3.1431174
0.147508,3.605431
0.14751,3.8828197
0.147512,3.9752812
0.147514,3.8365874
0.147516,3.5129685
0.147518,2.9581914
0.14752,2.3109517
0.147522,1.4787879
0.147524,0.64662313
0.147526,-0.27800417
0.147528,-1.202632
0.14753,-1.9885652
0.147532,-2.728267
0.147534,-3.329275
0.147536,-3.745357
0.147538,-3.9302826
0.14754,-3.9302826
0.147542,-3.6991258
0.147544,-3.2830436
0.147546,-2.728267
0.147548,-1.9885652
0.14755,-1.1564007
0.147552,-0.2317729
0.147554,0.6928544
0.147556,1.5250192
0.147558,2.357184
0.14756,3.0044227
0.147562,3.5129685
0.147564,3.8365874
0.147566,3.9752812
0.147568,3.8828197
0.14757,3.5591989
0.147572,3.050654
0.147574,2.4034152
0.147576,1.6174817
0.147578,0.7853174
0.14758,-0.13931036
0.147582,-1.0177064
0.147584,-1.8498712
0.147586,-2.589573
0.147588,-3.236812
0.14759,-3.6528945
0.147592,-3.9302826
0.147594,-3.9302826
0.147596,-3.745357
0.147598,-3.3755062
0.1476,-2.8207297
0.147602,-2.1272593
0.147604,-1.2950945
0.147606,-0.41669846
0.147608,0.50792885
0.14761,1.4325566
0.147612,2.2184901
0.147614,2.9119601
0.147616,3.4667363
0.147618,3.7903562
0.14761999,3.92905
0.147622,3.8828197
0.147624,3.605431
0.147626,3.1893477
0.147628,2.542109
0.14763,1.756176
0.147632,0.92401123
0.147634,0.045615196
0.147636,-0.8790121
0.147638,-1.7111769
0.14764,-2.4971101
0.147642,-3.1443493
0.147644,-3.6066632
0.147646,-3.8840513
0.147648,-3.976514
0.14765,-3.7915885
0.147652,-3.467969
0.147654,-2.9594238
0.147656,-2.2659533
0.147658,-1.4337888
0.14766,-0.55539227
0.147662,0.36923456
0.147664,1.2476311
0.14766599,2.0797954
0.147668,2.7732663
0.14767,3.3742738
0.147672,3.744125
0.147674,3.92905
0.147676,3.92905
0.147678,3.6978936
0.14768,3.2818112
0.147682,2.6345725
0.147684,1.8948698
0.147686,1.1089368
0.147688,0.184309
0.14769,-0.7403178
0.147692,-1.5724826
0.147694,-2.3584158
0.147696,-3.0518866
0.147698,-3.5604317
0.1477,-3.8378198
0.147702,-3.976514
0.147704,-3.8378198
0.147706,-3.5604317
0.147708,-3.0518866
0.14771,-2.3584158
0.14771199,-1.5724826
0.147714,-0.7403178
0.147716,0.184309
0.147718,1.1089368
0.14772,1.9411016
0.147722,2.6808028
0.147724,3.2818112
0.147726,3.6978936
0.147728,3.92905
0.14773,3.92905
0.147732,3.744125
0.147734,3.3280425
0.147736,2.7732663
0.147738,2.033564
0.14774,1.2476311
0.147742,0.36923456
0.147744,-0.55539227
0.147746,-1.4337888
0.147748,-2.2197218
0.14775,-2.9131925
0.147752,-3.467969
0.147754,-3.7915885
0.147756,-3.976514
0.147758,-3.8840513
0.14776,-3.6066632
0.147762,-3.1443493
0.147764,-2.4971101
0.147766,-1.7111769
0.147768,-0.8790121
0.14777,0.045615196
0.147772,0.970243
0.147774,1.8024073
0.147776,2.542109
0.147778,3.1893477
0.14778,3.6516623
0.147782,3.8828197
0.147784,3.9752812
0.147786,3.7903562
0.147788,3.420505
0.14779,2.8657289
0.147792,2.172258
0.147794,1.3863249
0.147796,0.50792885
0.147798,-0.41669846
0.1478,-1.2950945
0.147802,-2.081028
0.147804,-2.8207297
0.147806,-3.3755062
0.147808,-3.745357
0.14781,-3.9302826
0.147812,-3.9302826
0.147814,-3.6528945
0.147816,-3.236812
0.147818,-2.6358042
0.14782,-1.8498712
0.147822,-1.0177064
0.147824,-0.13931036
0.147826,0.7853174
0.147828,1.6637135
0.14783,2.4496465
0.147832,3.0968862
0.147834,3.5591989
0.147836,3.8828197
0.147838,3.9752812
0.14784,3.8365874
0.147842,3.5129685
0.147844,3.0044227
0.147846,2.3109517
0.147848,1.5250192
0.14785,0.64662313
0.147852,-0.2317729
0.147854,-1.1564007
0.147856,-1.9885652
0.147858,-2.6820357
0.14786,-3.2830436
0.147862,-3.6991258
0.147864,-3.9302826
0.147866,-3.9302826
0.14786799,-3.745357
0.14787,-3.329275
0.147872,-2.728267
0.147874,-1.9885652
0.147876,-1.202632
0.147878,-0.27800417
0.14788,0.64662313
0.147882,1.5250192
0.147884,2.3109517
0.147886,3.0044227
0.147888,3.5129685
0.14789,3.8365874
0.147892,3.9752812
0.147894,3.8828197
0.147896,3.5591989
0.147898,3.0968862
0.1479,2.4496465
0.147902,1.6637135
0.147904,0.8315482
0.147906,-0.09307861
0.147908,0.5541601
0.14791,1.9411016
0.147912,2.6808028
0.14791399,3.2818112
0.147916,3.744125
0.147918,3.9752812
0.14792,4.0215135
0.147922,3.8365874
0.147924,3.420505
0.147926,2.8657289
0.147928,2.172258
0.14793,1.3863249
0.147932,0.46169758
0.147934,-0.46292973
0.147936,-1.3413262
0.147938,-2.1272593
0.14794,-2.8207297
0.147942,-3.3755062
0.147944,-3.745357
0.147946,-3.9302826
0.147948,-3.8840513
0.14795,-3.6528945
0.147952,-3.1905808
0.147954,-2.5433414
0.147956,-1.8036394
0.147958,-0.9714751
0.14795999,-0.046847343
0.147962,0.87777996
0.147964,1.7099442
0.147966,2.4958777
0.147968,3.1431174
0.14797,3.605431
0.147972,3.8828197
0.147974,3.9752812
0.147976,3.8365874
0.147978,3.4667363
0.14798,2.9581914
0.147982,2.2647214
0.147984,1.4787879
0.147986,0.60039186
0.147988,-0.32423592
0.14799,-1.202632
0.147992,-2.0347965
0.147994,-2.728267
0.147996,-3.329275
0.147998,-3.745357
0.148,-3.9302826
0.148002,-3.9302826
0.148004,-3.6991258
0.148006,-3.2830436
0.148008,-2.6820357
0.14801,-1.9423337
0.148012,-1.1101689
0.148014,-0.2317729
0.148016,0.6928544
0.148018,1.5712504
0.14802,2.357184
0.148022,3.050654
0.148024,3.5129685
0.148026,3.8365874
0.148028,3.9752812
0.14803,3.8828197
0.148032,3.5591989
0.148034,3.050654
0.148036,2.4034152
0.148038,1.6174817
0.14804,0.7390857
0.148042,-0.13931036
0.148044,-1.0639377
0.148046,-1.8961024
0.148048,-2.6358042
0.14805,-3.236812
0.148052,-3.6991258
0.148054,-3.9302826
0.148056,-3.9302826
0.148058,-3.745357
0.14806,-3.3755062
0.148062,-2.8207297
0.148064,-2.081028
0.148066,-1.2950945
0.148068,-0.3704667
0.14807,0.5541601
0.148072,1.4325566
0.148074,2.2184901
0.148076,2.9119601
0.148078,3.4667363
0.14808,3.7903562
0.148082,3.9752812
0.148084,3.8828197
0.148086,3.605431
0.148088,3.1431174
0.14809,2.4958777
0.148092,1.756176
0.148094,0.92401123
0.148096,-6.160736E-4
0.148098,-0.9252434
0.1481,-1.7574081
0.148102,-2.4971101
0.148104,-3.1443493
0.148106,-3.6066632
0.148108,-3.8840513
0.14811,-3.976514
0.148112,-3.7915885
0.148114,-3.467969
0.14811599,-2.9131925
0.148118,-2.2197218
0.14812,-1.4337888
0.148122,-0.55539227
0.148124,0.36923456
0.148126,1.2938623
0.148128,2.0797954
0.14813,2.8194976
0.148132,3.3742738
0.148134,3.744125
0.148136,3.92905
0.148138,3.92905
0.14814,3.6978936
0.148142,3.23558
0.148144,2.6345725
0.148146,1.8948698
0.148148,1.0627055
0.14815,0.184309
0.148152,-0.7403178
0.148154,-1.6187139
0.148156,-2.3584158
0.148158,-3.0518866
0.14816,-3.5604317
0.14816199,-3.8378198
0.148164,-3.976514
0.148166,-3.8378198
0.148168,-3.5142004
0.14817,-3.0056553
0.148172,-2.3584158
0.148174,-1.5724826
0.148176,-0.694087
0.148178,0.23054075
0.14818,1.1551685
0.148182,1.9411016
0.148184,2.6808028
0.148186,3.2818112
0.148188,3.6978936
0.14819,3.92905
0.148192,3.92905
0.148194,3.744125
0.148196,3.3280425
0.148198,2.7732663
0.1482,2.033564
0.148202,1.2013993
0.148204,0.3230033
0.148206,-0.601624
0.14820799,-1.48002
0.14821,-2.2659533
0.148212,-2.9594238
0.148214,-3.467969
0.148216,-3.8378198
0.148218,-3.976514
0.14822,-3.8840513
0.148222,-3.6066632
0.148224,-3.1443493
0.148226,-2.4971101
0.148228,-1.7111769
0.14823,-0.83278084
0.148232,0.091846466
0.148234,0.970243
0.148236,1.8024073
0.148238,2.5883412
0.14824,3.1893477
0.148242,3.6516623
0.148244,3.8828197
0.148246,3.92905
0.148248,3.7903562
0.14825,3.420505
0.148252,2.8657289
0.14825399,2.172258
0.148256,1.3863249
0.148258,0.46169758
0.14826,-0.41669846
0.148262,-1.3413262
0.148264,-2.1272593
0.148266,-2.8207297
0.148268,-3.3755062
0.14827,-3.7915885
0.148272,-3.9302826
0.148274,-3.9302826
0.148276,-3.6528945
0.148278,-3.236812
0.14828,-2.589573
0.148282,-1.8498712
0.148284,-1.0177064
0.148286,-0.09307861
0.148288,0.8315482
0.14829,1.6637135
0.148292,2.4496465
0.148294,3.0968862
0.148296,3.605431
0.148298,3.8828197
0.1483,3.9752812
0.148302,3.8365874
0.148304,3.5129685
0.148306,2.9581914
0.148308,2.3109517
0.14831,1.4787879
0.148312,0.64662313
0.148314,-0.27800417
0.148316,-1.1564007
0.148318,-1.9885652
0.14832,-2.728267
0.148322,-3.329275
0.148324,-3.745357
0.148326,-3.9302826
0.148328,-3.1443493
0.14833,0.4154663
0.148332,3.1431174
0.148334,2.6808028
0.148336,1.9411016
0.148338,1.1551685
0.14834,0.23054075
0.148342,-0.6478553
0.148344,-1.5262513
0.148346,-2.3121846
0.148348,-3.0056553
0.14835,-3.5142004
0.148352,-3.8378198
0.148354,-3.976514
0.148356,-3.8840513
0.148358,-3.5604317
0.14836,-3.098118
0.148362,-2.4508786
0.148364,-1.6649456
0.148366,-0.78654957
0.148368,0.13807821
0.14837,1.0164738
0.148372,1.8486385
0.148374,2.6345725
0.148376,3.23558
0.148378,3.6516623
0.14838,3.92905
0.148382,3.92905
0.148384,3.7903562
0.148386,3.3742738
0.148388,2.8194976
0.14839,2.126027
0.148392,1.3400936
0.148394,0.4154663
0.148396,-0.5091615
0.148398,-1.387557
0.1484,-2.1734905
0.148402,-2.866961
0.148404,-3.4217377
0.148406,-3.7915885
0.148408,-3.9302826
0.14840999,-3.8840513
0.148412,-3.6528945
0.148414,-3.1905808
0.148416,-2.5433414
0.148418,-1.8036394
0.14842,-0.9714751
0.148422,-0.046847343
0.148424,0.87777996
0.148426,1.7099442
0.148428,2.4958777
0.14843,3.1431174
0.148432,3.605431
0.148434,3.8828197
0.148436,3.9752812
0.148438,3.8365874
0.14844,3.4667363
0.148442,2.9581914
0.148444,2.2647214
0.148446,1.4787879
0.148448,0.60039186
0.14845,-0.32423592
0.148452,-1.2488632
0.148454,-2.0347965
0.14845599,-2.7744985
0.148458,-3.329275
0.14846,-3.745357
0.148462,-3.9302826
0.148464,-3.9302826
0.148466,-3.6991258
0.148468,-3.2830436
0.14847,-2.6820357
0.148472,-1.9423337
0.148474,-1.1101689
0.148476,-0.18554163
0.148478,0.7390857
0.14848,1.5712504
0.148482,2.357184
0.148484,3.050654
0.148486,3.5591989
0.148488,3.8365874
0.14849,3.9752812
0.148492,3.8365874
0.148494,3.5591989
0.148496,3.050654
0.148498,2.357184
0.1485,1.5712504
0.14850199,0.7390857
0.148504,-0.18554163
0.148506,-1.0639377
0.148508,-1.8961024
0.14851,-2.6358042
0.148512,-3.236812
0.148514,-3.6991258
0.148516,-3.9302826
0.148518,-3.9302826
0.14852,-3.745357
0.148522,-3.3755062
0.148524,-2.8207297
0.148526,-2.081028
0.148528,-1.2488632
0.14853,-0.3704667
0.148532,0.5541601
0.148534,1.4325566
0.148536,2.2647214
0.148538,2.9119601
0.14854,3.4667363
0.148542,3.8365874
0.148544,3.9752812
0.148546,3.8828197
0.148548,3.605431
0.14855,3.1431174
0.148552,2.4958777
0.148554,1.756176
0.148556,0.87777996
0.148558,-6.160736E-4
0.14856,-0.9252434
0.148562,-1.7574081
0.148564,-2.5433414
0.148566,-3.1443493
0.148568,-3.6066632
0.14857,-3.8840513
0.148572,-3.9302826
0.148574,-3.7915885
0.148576,-3.4217377
0.148578,-2.9131925
0.14858,-2.2197218
0.148582,-1.4337888
0.148584,-0.5091615
0.148586,0.4154663
0.148588,1.2938623
0.14859,2.126027
0.148592,2.8194976
0.148594,3.3742738
0.148596,3.744125
0.148598,3.92905
0.1486,3.92905
0.148602,3.6516623
0.148604,3.23558
0.148606,2.6345725
0.148608,1.8948698
0.14861,1.0627055
0.148612,0.13807821
0.148614,-0.78654957
0.148616,-1.6187139
0.148618,-2.4046474
0.14862,-3.0518866
0.148622,-3.5604317
0.148624,-3.8840513
0.148626,-3.976514
0.148628,-3.8378198
0.14863,-3.5142004
0.148632,-3.0056553
0.148634,-2.3584158
0.148636,-1.5262513
0.148638,-0.694087
0.14864,0.23054075
0.148642,1.1551685
0.148644,1.9873328
0.148646,2.727035
0.148648,3.2818112
0.14865,3.6978936
0.148652,3.92905
0.148654,3.92905
0.148656,3.744125
0.14865799,3.3280425
0.14866,2.727035
0.148662,2.033564
0.148664,1.2013993
0.148666,0.3230033
0.148668,-0.601624
0.14867,-1.48002
0.148672,-2.2659533
0.148674,-2.9594238
0.148676,-3.467969
0.148678,-3.8378198
0.14868,-3.976514
0.148682,-3.8840513
0.148684,-3.6066632
0.148686,-3.098118
0.148688,-2.4508786
0.14869,-1.6649456
0.148692,-0.83278084
0.148694,0.091846466
0.148696,1.0164738
0.148698,1.8486385
0.1487,2.5883412
0.148702,3.1893477
0.14870399,3.6516623
0.148706,3.8828197
0.148708,3.92905
0.14871,3.7903562
0.148712,3.420505
0.148714,2.8657289
0.148716,2.172258
0.148718,1.3400936
0.14872,0.46169758
0.148722,-0.46292973
0.148724,-1.3413262
0.148726,-2.1272593
0.148728,-2.866961
0.14873,-3.4217377
0.148732,-3.7915885
0.148734,-3.9302826
0.148736,-3.8840513
0.148738,-3.6528945
0.14874,-3.1905808
0.148742,-2.589573
0.148744,-1.8498712
0.148746,-0.9714751
0.148748,-0.18554163
0.14874999,-0.9252434
0.148752,-1.7574081
0.148754,-2.5433414
0.148756,-3.1905808
0.148758,-3.6528945
0.14876,-3.9302826
0.148762,-4.022745
0.148764,-3.8840513
0.148766,-3.5142004
0.148768,-3.0056553
0.14877,-2.3121846
0.148772,-1.5262513
0.148774,-0.6478553
0.148776,0.27677202
0.148778,1.2013993
0.14878,1.9873328
0.148782,2.727035
0.148784,3.3280425
0.148786,3.6978936
0.148788,3.92905
0.14879,3.92905
0.148792,3.6978936
0.148794,3.2818112
0.148796,2.6808028
0.148798,1.9411016
0.1488,1.1089368
0.148802,0.23054075
0.148804,-0.694087
0.148806,-1.5262513
0.148808,-2.3121846
0.14881,-3.0056553
0.148812,-3.5142004
0.148814,-3.8378198
0.148816,-3.976514
0.148818,-3.8840513
0.14882,-3.5604317
0.148822,-3.098118
0.148824,-2.4046474
0.148826,-1.6187139
0.148828,-0.78654957
0.14883,0.13807821
0.148832,1.0627055
0.148834,1.8948698
0.148836,2.6345725
0.148838,3.23558
0.14884,3.6978936
0.148842,3.92905
0.148844,3.92905
0.148846,3.744125
0.148848,3.3742738
0.14885,2.8194976
0.148852,2.0797954
0.148854,1.2938623
0.148856,0.4154663
0.148858,-0.5091615
0.14886,-1.387557
0.148862,-2.1734905
0.148864,-2.9131925
0.148866,-3.4217377
0.148868,-3.7915885
0.14887,-3.9302826
0.148872,-3.8840513
0.148874,-3.6066632
0.148876,-3.1905808
0.148878,-2.5433414
0.14888,-1.7574081
0.148882,-0.9252434
0.148884,-6.160736E-4
0.148886,0.92401123
0.148888,1.756176
0.14889,2.4958777
0.148892,3.1431174
0.148894,3.605431
0.148896,3.8828197
0.148898,3.9752812
0.1489,3.7903562
0.148902,3.4667363
0.148904,2.9119601
0.14890599,2.2184901
0.148908,1.4325566
0.14891,0.5541601
0.148912,-0.3704667
0.148914,-1.2488632
0.148916,-2.0347965
0.148918,-2.7744985
0.14892,-3.3755062
0.148922,-3.745357
0.148924,-3.9302826
0.148926,-3.9302826
0.148928,-3.6991258
0.14893,-3.2830436
0.148932,-2.6820357
0.148934,-1.8961024
0.148936,-1.0639377
0.148938,-0.18554163
0.14894,0.7390857
0.148942,1.6174817
0.148944,2.4034152
0.148946,3.050654
0.148948,3.5591989
0.14895,3.8365874
0.14895199,3.9752812
0.148954,3.8365874
0.148956,3.5129685
0.148958,3.0044227
0.14896,2.357184
0.148962,1.5712504
0.148964,0.6928544
0.148966,-0.18554163
0.148968,-1.1101689
0.14897,-1.9423337
0.148972,-2.6820357
0.148974,-3.2830436
0.148976,-3.6991258
0.148978,-3.9302826
0.14898,-3.9302826
0.148982,-3.745357
0.148984,-3.329275
0.148986,-2.7744985
0.148988,-2.0347965
0.14899,-1.2488632
0.148992,-0.32423592
0.148994,0.60039186
0.148996,1.4787879
0.14899799,2.2647214
0.149,2.9581914
0.149002,3.4667363
0.149004,3.8365874
0.149006,3.9752812
0.149008,3.8828197
0.14901,3.605431
0.149012,3.1431174
0.149014,2.4958777
0.149016,1.7099442
0.149018,0.87777996
0.14902,-0.046847343
0.149022,-0.9714751
0.149024,-1.7574081
0.149026,-2.5433414
0.149028,-3.1905808
0.14903,-3.6528945
0.149032,-3.8840513
0.149034,-3.9302826
0.149036,-3.7915885
0.149038,-3.4217377
0.14904,-2.9131925
0.149042,-2.1734905
0.149044,-1.387557
0.149046,-0.5091615
0.149048,0.4154663
0.14905,1.3400936
0.149052,2.126027
0.149054,2.8194976
0.149056,3.420505
0.149058,3.7903562
0.14906,3.92905
0.149062,3.92905
0.149064,3.6516623
0.149066,3.23558
0.149068,2.5883412
0.14907,1.8486385
0.149072,1.0164738
0.149074,0.13807821
0.149076,-0.78654957
0.149078,-1.6187139
0.14908,-2.4046474
0.149082,-3.0518866
0.149084,-3.5604317
0.149086,-3.8840513
0.149088,-3.976514
0.14909,-3.8378198
0.149092,-3.5142004
0.149094,-3.0056553
0.149096,-2.3121846
0.149098,-1.5262513
0.1491,-0.6478553
0.149102,0.27677202
0.149104,1.1551685
0.149106,1.9873328
0.149108,2.727035
0.14911,3.3280425
0.149112,3.744125
0.149114,3.92905
0.149116,3.92905
0.149118,3.744125
0.14912,3.3280425
0.149122,2.727035
0.149124,1.9873328
0.149126,1.2013993
0.149128,0.27677202
0.14913,-0.6478553
0.149132,-1.48002
0.149134,-2.2659533
0.149136,-2.9594238
0.149138,-3.5142004
0.14914,-3.8378198
0.149142,-3.976514
0.149144,-3.8840513
0.149146,-3.5604317
0.149148,-3.098118
0.14915,-2.4508786
0.149152,-1.6649456
0.14915399,-0.78654957
0.149156,0.091846466
0.149158,1.0164738
0.14916,1.8486385
0.149162,2.5883412
0.149164,3.23558
0.149166,3.6516623
0.149168,3.3280425
0.14917,-0.046847343
0.149172,-3.1905808
0.149174,-3.3755062
0.149176,-2.866961
0.149178,-2.1272593
0.14918,-1.3413262
0.149182,-0.41669846
0.149184,0.50792885
0.149186,1.3863249
0.149188,2.172258
0.14919,2.8657289
0.149192,3.420505
0.149194,3.7903562
0.149196,3.92905
0.149198,3.8828197
0.14919999,3.6516623
0.149202,3.1893477
0.149204,2.542109
0.149206,1.8024073
0.149208,0.970243
0.14921,0.045615196
0.149212,-0.83278084
0.149214,-1.7111769
0.149216,-2.4508786
0.149218,-3.098118
0.14922,-3.6066632
0.149222,-3.8840513
0.149224,-3.976514
0.149226,-3.8378198
0.149228,-3.467969
0.14923,-2.9594238
0.149232,-2.2659533
0.149234,-1.48002
0.149236,-0.601624
0.149238,0.3230033
0.14924,1.2476311
0.149242,2.033564
0.149244,2.7732663
0.14924599,3.3280425
0.149248,3.744125
0.14925,3.92905
0.149252,3.92905
0.149254,3.6978936
0.149256,3.2818112
0.149258,2.6808028
0.14926,1.9411016
0.149262,1.1089368
0.149264,0.23054075
0.149266,-0.694087
0.149268,-1.5262513
0.14927,-2.3121846
0.149272,-3.0056553
0.149274,-3.5142004
0.149276,-3.8378198
0.149278,-3.976514
0.14928,-3.8378198
0.149282,-3.5604317
0.149284,-3.0518866
0.149286,-2.4046474
0.149288,-1.6187139
0.14929,-0.7403178
0.14929199,0.184309
0.149294,1.0627055
0.149296,1.8948698
0.149298,2.6345725
0.1493,3.23558
0.149302,3.6978936
0.149304,3.92905
0.149306,3.92905
0.149308,3.744125
0.14931,3.3742738
0.149312,2.8194976
0.149314,2.0797954
0.149316,1.2938623
0.149318,0.36923456
0.14932,-0.55539227
0.149322,-1.4337888
0.149324,-2.2197218
0.149326,-2.9131925
0.149328,-3.467969
0.14933,-3.7915885
0.149332,-3.976514
0.149334,-3.8840513
0.149336,-3.6066632
0.149338,-3.1443493
0.14934,-2.5433414
0.149342,-1.7574081
0.149344,-0.9252434
0.149346,-6.160736E-4
0.149348,0.92401123
0.14935,1.756176
0.149352,2.542109
0.149354,3.1431174
0.149356,3.605431
0.149358,3.8828197
0.14936,3.9752812
0.149362,3.7903562
0.149364,3.4667363
0.149366,2.9119601
0.149368,2.2184901
0.14937,1.4325566
0.149372,0.5541601
0.149374,-0.3704667
0.149376,-1.2488632
0.149378,-2.081028
0.14938,-2.7744985
0.149382,-3.3755062
0.149384,-3.745357
0.149386,-3.9302826
0.149388,-3.9302826
0.14939,-3.6991258
0.149392,-3.236812
0.149394,-2.6358042
0.149396,-1.8961024
0.149398,-1.0639377
0.1494,-0.13931036
0.149402,0.7853174
0.149404,1.6174817
0.149406,2.4034152
0.149408,3.050654
0.14941,3.5591989
0.149412,3.8828197
0.149414,3.9752812
0.149416,3.8365874
0.149418,3.5129685
0.14942,3.0044227
0.149422,2.357184
0.149424,1.5712504
0.149426,0.6928544
0.149428,-0.2317729
0.14943,-1.1101689
0.149432,-1.9423337
0.149434,-2.6820357
0.149436,-3.2830436
0.149438,-3.6991258
0.14944,-3.9302826
0.149442,-3.9302826
0.149444,-3.745357
0.149446,-3.329275
0.14944799,-2.7744985
0.14945,-2.0347965
0.149452,-1.202632
0.149454,-0.32423592
0.149456,0.60039186
0.149458,1.4787879
0.14946,2.2647214
0.149462,2.9581914
0.149464,3.4667363
0.149466,3.8365874
0.149468,3.9752812
0.14947,3.8828197
0.149472,3.605431
0.149474,3.0968862
0.149476,2.4496465
0.149478,1.7099442
0.14948,0.8315482
0.149482,-0.046847343
0.149484,-0.9714751
0.149486,-1.8036394
0.149488,-2.5433414
0.14949,-3.1905808
0.149492,-3.6528945
0.14949399,-3.8840513
0.149496,-3.9302826
0.149498,-3.7915885
0.1495,-3.4217377
0.149502,-2.866961
0.149504,-2.1734905
0.149506,-1.387557
0.149508,-0.46292973
0.14951,0.46169758
0.149512,1.3400936
0.149514,2.126027
0.149516,2.8657289
0.149518,3.420505
0.14952,3.7903562
0.149522,3.92905
0.149524,3.92905
0.149526,3.6516623
0.149528,3.1893477
0.14953,2.5883412
0.149532,1.8486385
0.149534,1.0164738
0.149536,0.091846466
0.149538,-0.83278084
0.14953999,-1.6649456
0.149542,-2.4508786
0.149544,-3.098118
0.149546,-3.5604317
0.149548,-3.8840513
0.14955,-3.976514
0.149552,-3.8378198
0.149554,-3.5142004
0.149556,-3.0056553
0.149558,-2.3121846
0.14956,-1.48002
0.149562,-0.6478553
0.149564,0.27677202
0.149566,1.2013993
0.149568,1.9873328
0.14957,2.727035
0.149572,3.3280425
0.149574,3.744125
0.149576,3.92905
0.149578,3.92905
0.14958,3.6978936
0.149582,3.2818112
0.149584,2.727035
0.149586,1.9873328
0.149588,0.970243
0.14959,-0.13931036
0.149592,0.7390857
0.149594,1.6174817
0.149596,2.4034152
0.149598,3.050654
0.1496,3.5591989
0.149602,3.8828197
0.149604,4.0215135
0.149606,3.92905
0.149608,3.605431
0.14961,3.0968862
0.149612,2.4496465
0.149614,1.6637135
0.149616,0.8315482
0.149618,-0.09307861
0.14962,-1.0177064
0.149622,-1.8498712
0.149624,-2.589573
0.149626,-3.1905808
0.149628,-3.6528945
0.14963,-3.8840513
0.149632,-3.9302826
0.149634,-3.745357
0.149636,-3.3755062
0.149638,-2.8207297
0.14964,-2.1272593
0.149642,-1.2950945
0.149644,-0.41669846
0.149646,0.50792885
0.149648,1.4325566
0.14965,2.2184901
0.149652,2.9119601
0.149654,3.4667363
0.149656,3.7903562
0.149658,3.9752812
0.14966,3.8828197
0.149662,3.6516623
0.149664,3.1893477
0.149666,2.542109
0.149668,1.8024073
0.14967,0.970243
0.149672,0.045615196
0.149674,-0.8790121
0.149676,-1.7111769
0.149678,-2.4971101
0.14968,-3.1443493
0.149682,-3.6066632
0.149684,-3.8840513
0.149686,-3.9302826
0.149688,-3.7915885
0.14969,-3.467969
0.149692,-2.9594238
0.149694,-2.2659533
0.14969599,-1.48002
0.149698,-0.55539227
0.1497,0.36923456
0.149702,1.2476311
0.149704,2.0797954
0.149706,2.7732663
0.149708,3.3742738
0.14971,3.744125
0.149712,3.92905
0.149714,3.92905
0.149716,3.6978936
0.149718,3.2818112
0.14972,2.6808028
0.149722,1.9411016
0.149724,1.1089368
0.149726,0.184309
0.149728,-0.7403178
0.14973,-1.5724826
0.149732,-2.3584158
0.149734,-3.0056553
0.149736,-3.5142004
0.149738,-3.8378198
0.14974,-3.976514
0.14974199,-3.8378198
0.149744,-3.5604317
0.149746,-3.0518866
0.149748,-2.4046474
0.14975,-1.5724826
0.149752,-0.7403178
0.149754,0.184309
0.149756,1.1089368
0.149758,1.9411016
0.14976,2.6808028
0.149762,3.2818112
0.149764,3.6978936
0.149766,3.92905
0.149768,3.92905
0.14977,3.744125
0.149772,3.3742738
0.149774,2.7732663
0.149776,2.0797954
0.149778,1.2476311
0.14978,0.36923456
0.149782,-0.55539227
0.149784,-1.4337888
0.149786,-2.2197218
0.14978799,-2.9131925
0.14979,-3.467969
0.149792,-3.7915885
0.149794,-3.976514
0.149796,-3.8840513
0.149798,-3.6066632
0.1498,-3.1443493
0.149802,-2.4971101
0.149804,-1.7574081
0.149806,-0.8790121
0.149808,0.045615196
0.14981,0.92401123
0.149812,1.8024073
0.149814,2.542109
0.149816,3.1893477
0.149818,3.6516623
0.14982,3.8828197
0.149822,3.9752812
0.149824,3.7903562
0.149826,3.420505
0.149828,2.9119601
0.14983,2.172258
0.149832,1.3863249
0.149834,0.50792885
0.149836,-0.41669846
0.149838,-1.2950945
0.14984,-2.081028
0.149842,-2.8207297
0.149844,-3.3755062
0.149846,-3.745357
0.149848,-3.9302826
0.14985,-3.9302826
0.149852,-3.6528945
0.149854,-3.236812
0.149856,-2.6358042
0.149858,-1.8961024
0.14986,-1.0639377
0.149862,-0.13931036
0.149864,0.7853174
0.149866,1.6174817
0.149868,2.4034152
0.14987,3.0968862
0.149872,3.5591989
0.149874,3.8828197
0.149876,3.9752812
0.149878,3.8365874
0.14988,3.5129685
0.149882,3.0044227
0.149884,2.3109517
0.149886,1.5250192
0.149888,0.6928544
0.14989,-0.2317729
0.149892,-1.1564007
0.149894,-1.9423337
0.149896,-2.6820357
0.149898,-3.2830436
0.1499,-3.6991258
0.149902,-3.9302826
0.149904,-3.9302826
0.149906,-3.745357
0.149908,-3.329275
0.14991,-2.728267
0.149912,-2.0347965
0.149914,-1.202632
0.149916,-0.27800417
0.149918,0.64662313
0.14992,1.4787879
0.149922,2.3109517
0.149924,2.9581914
0.149926,3.5129685
0.149928,3.8365874
0.14993,3.9752812
0.149932,3.8828197
0.149934,3.605431
0.149936,3.0968862
0.149938,2.4496465
0.14994,1.6637135
0.149942,0.8315482
0.14994399,-0.09307861
0.149946,-0.9714751
0.149948,-1.8036394
0.14995,-2.589573
0.149952,-3.1905808
0.149954,-3.6528945
0.149956,-3.8840513
0.149958,-3.9302826
0.14996,-3.7915885
0.149962,-3.4217377
0.149964,-2.866961
0.149966,-2.1734905
0.149968,-1.3413262
0.14997,-0.46292973
0.149972,0.46169758
0.149974,1.3863249
0.149976,2.172258
0.149978,2.8657289
0.14998,3.420505
0.149982,3.7903562
0.149984,3.92905
0.149986,3.8828197
0.149988,3.6516623
0.14998999,3.1893477
0.149992,2.5883412
0.149994,1.8024073
0.149996,0.970243
0.149998,0.091846466
0.15,-0.83278084
0.150002,-1.6649456
0.150004,-2.4508786
0.150006,-3.098118
0.150008,-3.6991258
0.15001,-0.5091615
0.150012,3.1893477
0.150014,3.8365874
0.150016,3.5129685
0.150018,2.9581914
0.15002,2.3109517
0.150022,1.4787879
0.150024,0.64662313
0.150026,-0.27800417
0.150028,-1.202632
0.15003,-1.9885652
0.150032,-2.728267
0.150034,-3.329275
0.15003599,-3.6991258
0.150038,-3.9302826
0.15004,-3.9302826
0.150042,-3.6991258
0.150044,-3.2830436
0.150046,-2.6820357
0.150048,-1.9423337
0.15005,-1.1564007
0.150052,-0.2317729
0.150054,0.6928544
0.150056,1.5712504
0.150058,2.357184
0.15006,3.0044227
0.150062,3.5129685
0.150064,3.8365874
0.150066,3.9752812
0.150068,3.8828197
0.15007,3.5591989
0.150072,3.050654
0.150074,2.4034152
0.150076,1.6174817
0.150078,0.7853174
0.15008,-0.13931036
0.150082,-1.0177064
0.150084,-1.8498712
0.150086,-2.589573
0.150088,-3.236812
0.15009,-3.6528945
0.150092,-3.9302826
0.150094,-3.9302826
0.150096,-3.745357
0.150098,-3.3755062
0.1501,-2.8207297
0.150102,-2.1272593
0.150104,-1.2950945
0.150106,-0.3704667
0.150108,0.5541601
0.15011,1.4325566
0.150112,2.2184901
0.150114,2.9119601
0.150116,3.4667363
0.150118,3.7903562
0.15012,3.9752812
0.150122,3.8828197
0.150124,3.605431
0.150126,3.1893477
0.150128,2.542109
0.15013,1.756176
0.150132,0.92401123
0.150134,-6.160736E-4
0.150136,-0.8790121
0.150138,-1.7111769
0.15014,-2.4971101
0.150142,-3.1443493
0.150144,-3.6066632
0.150146,-3.8840513
0.150148,-3.9302826
0.15015,-3.7915885
0.150152,-3.467969
0.150154,-2.9131925
0.150156,-2.2197218
0.150158,-1.4337888
0.15016,-0.55539227
0.150162,0.36923456
0.150164,1.2476311
0.150166,2.0797954
0.150168,2.8194976
0.15017,3.3742738
0.150172,3.744125
0.150174,3.92905
0.150176,3.92905
0.150178,3.6978936
0.15018,3.23558
0.150182,2.6345725
0.150184,1.8948698
0.150186,1.0627055
0.150188,0.184309
0.15019,-0.7403178
0.15019199,-1.5724826
0.150194,-2.3584158
0.150196,-3.0518866
0.150198,-3.5604317
0.1502,-3.8378198
0.150202,-3.976514
0.150204,-3.8378198
0.150206,-3.5142004
0.150208,-3.0518866
0.15021,-2.3584158
0.150212,-1.5724826
0.150214,-0.694087
0.150216,0.23054075
0.150218,1.1089368
0.15022,1.9411016
0.150222,2.6808028
0.150224,3.2818112
0.150226,3.6978936
0.150228,3.92905
0.15023,3.92905
0.150232,3.744125
0.150234,3.3280425
0.150236,2.7732663
0.15023799,2.033564
0.15024,1.2476311
0.150242,0.3230033
0.150244,-0.55539227
0.150246,-1.48002
0.150248,-2.2197218
0.15025,-2.9131925
0.150252,-3.467969
0.150254,-3.7915885
0.150256,-3.976514
0.150258,-3.8840513
0.15026,-3.6066632
0.150262,-3.1443493
0.150264,-2.4971101
0.150266,-1.7111769
0.150268,-0.8790121
0.15027,0.045615196
0.150272,0.970243
0.150274,1.8024073
0.150276,2.542109
0.150278,3.1893477
0.15028,3.6516623
0.150282,3.8828197
0.15028399,3.92905
0.150286,3.7903562
0.150288,3.420505
0.15029,2.8657289
0.150292,2.172258
0.150294,1.3863249
0.150296,0.50792885
0.150298,-0.41669846
0.1503,-1.2950945
0.150302,-2.1272593
0.150304,-2.8207297
0.150306,-3.3755062
0.150308,-3.745357
0.15031,-3.9302826
0.150312,-3.9302826
0.150314,-3.6528945
0.150316,-3.236812
0.150318,-2.6358042
0.15032,-1.8498712
0.150322,-1.0177064
0.150324,-0.09307861
0.150326,0.7853174
0.150328,1.6637135
0.15032999,2.4496465
0.150332,3.0968862
0.150334,3.5591989
0.150336,3.8828197
0.150338,3.9752812
0.15034,3.8365874
0.150342,3.5129685
0.150344,3.0044227
0.150346,2.3109517
0.150348,1.5250192
0.15035,0.64662313
0.150352,-0.27800417
0.150354,-1.1564007
0.150356,-1.9885652
0.150358,-2.728267
0.15036,-3.2830436
0.150362,-3.6991258
0.150364,-3.9302826
0.150366,-3.9302826
0.150368,-3.745357
0.15037,-3.329275
0.150372,-2.728267
0.150374,-1.9885652
0.150376,-1.202632
0.150378,-0.27800417
0.15038,0.64662313
0.150382,1.5250192
0.150384,2.3109517
0.150386,3.0044227
0.150388,3.5129685
0.15039,3.8365874
0.150392,3.9752812
0.150394,3.8828197
0.150396,3.5591989
0.150398,3.0968862
0.1504,2.4496465
0.150402,1.6637135
0.150404,0.8315482
0.150406,-0.09307861
0.150408,-1.0177064
0.15041,-1.8498712
0.150412,-2.589573
0.150414,-3.1905808
0.150416,-3.6528945
0.150418,-3.8840513
0.15042,-3.9302826
0.150422,-3.7915885
0.150424,-3.4217377
0.150426,-2.866961
0.150428,-2.1272593
0.15043,0.6928544
0.150432,0.36923456
0.150434,-0.55539227
0.150436,-1.4337888
0.150438,-2.2197218
0.15043999,-2.9131925
0.150442,-3.467969
0.150444,-3.8378198
0.150446,-3.976514
0.150448,-3.9302826
0.15045,-3.6991258
0.150452,-3.236812
0.150454,-2.589573
0.150456,-1.8498712
0.150458,-0.9714751
0.15046,-0.09307861
0.150462,0.8315482
0.150464,1.7099442
0.150466,2.4496465
0.150468,3.0968862
0.15047,3.605431
0.150472,3.8828197
0.150474,3.92905
0.150476,3.7903562
0.150478,3.4667363
0.15048,2.9119601
0.150482,2.2647214
0.150484,1.4787879
0.15048599,0.60039186
0.150488,-0.32423592
0.15049,-1.202632
0.150492,-2.0347965
0.150494,-2.7744985
0.150496,-3.329275
0.150498,-3.745357
0.1505,-3.9302826
0.150502,-3.9302826
0.150504,-3.6991258
0.150506,-3.2830436
0.150508,-2.6820357
0.15051,-1.9423337
0.150512,-1.1101689
0.150514,-0.2317729
0.150516,0.6928544
0.150518,1.5712504
0.15052,2.357184
0.150522,3.050654
0.150524,3.5591989
0.150526,3.8365874
0.150528,3.9752812
0.15053,3.8365874
0.15053199,3.5591989
0.150534,3.050654
0.150536,2.4034152
0.150538,1.6174817
0.15054,0.7390857
0.150542,-0.18554163
0.150544,-1.0639377
0.150546,-1.8961024
0.150548,-2.6358042
0.15055,-3.236812
0.150552,-3.6991258
0.150554,-3.9302826
0.150556,-3.9302826
0.150558,-3.745357
0.15056,-3.3755062
0.150562,-2.8207297
0.150564,-2.081028
0.150566,-1.2488632
0.150568,-0.3704667
0.15057,0.5541601
0.150572,1.4325566
0.150574,2.2184901
0.150576,2.9119601
0.15057799,3.4667363
0.15058,3.7903562
0.150582,3.9752812
0.150584,3.8828197
0.150586,3.605431
0.150588,3.1431174
0.15059,2.4958777
0.150592,1.756176
0.150594,0.92401123
0.150596,-6.160736E-4
0.150598,-0.9252434
0.1506,-1.7574081
0.150602,-2.4971101
0.150604,-3.1443493
0.150606,-3.6066632
0.150608,-3.8840513
0.15061,-3.9302826
0.150612,-3.7915885
0.150614,-3.467969
0.150616,-2.9131925
0.150618,-2.2197218
0.15062,-1.4337888
0.150622,-0.5091615
0.150624,0.4154663
0.150626,1.2938623
0.150628,2.0797954
0.15063,2.8194976
0.150632,3.3742738
0.150634,3.744125
0.150636,3.92905
0.150638,3.92905
0.15064,3.6978936
0.150642,3.23558
0.150644,2.6345725
0.150646,1.8948698
0.150648,1.0627055
0.15065,0.13807821
0.150652,-0.7403178
0.150654,-1.6187139
0.150656,-2.4046474
0.150658,-3.0518866
0.15066,-3.5604317
0.150662,-3.8378198
0.150664,-3.976514
0.150666,-3.8378198
0.150668,-3.5142004
0.15067,-3.0056553
0.150672,-2.3584158
0.150674,-1.5262513
0.150676,-0.694087
0.150678,0.23054075
0.15068,1.1551685
0.150682,1.9411016
0.150684,2.6808028
0.150686,3.2818112
0.150688,3.6978936
0.15069,3.92905
0.150692,3.92905
0.150694,3.744125
0.150696,3.3280425
0.150698,2.7732663
0.1507,2.033564
0.150702,1.2013993
0.150704,0.3230033
0.150706,-0.601624
0.150708,-1.48002
0.15071,-2.2659533
0.150712,-2.9594238
0.150714,-3.467969
0.150716,-3.8378198
0.150718,-3.976514
0.15072,-3.8840513
0.150722,-3.6066632
0.150724,-3.098118
0.150726,-2.4971101
0.150728,-1.7111769
0.15073,-0.83278084
0.150732,0.091846466
0.15073399,0.970243
0.150736,1.8024073
0.150738,2.5883412
0.15074,3.1893477
0.150742,3.6516623
0.150744,3.8828197
0.150746,3.92905
0.150748,3.7903562
0.15075,3.420505
0.150752,2.8657289
0.150754,2.172258
0.150756,1.3863249
0.150758,0.46169758
0.15076,-0.46292973
0.150762,-1.3413262
0.150764,-2.1272593
0.150766,-2.8207297
0.150768,-3.4217377
0.15077,-3.7915885
0.150772,-3.9302826
0.150774,-3.8840513
0.150776,-3.6528945
0.150778,-3.236812
0.15077999,-2.589573
0.150782,-1.8498712
0.150784,-1.0177064
0.150786,-0.09307861
0.150788,0.8315482
0.15079,1.6637135
0.150792,2.4496465
0.150794,3.0968862
0.150796,3.605431
0.150798,3.8828197
0.1508,3.9752812
0.150802,3.8365874
0.150804,3.5129685
0.150806,2.9581914
0.150808,2.3109517
0.15081,1.4787879
0.150812,0.64662313
0.150814,-0.27800417
0.150816,-1.202632
0.150818,-1.9885652
0.15082,-2.728267
0.150822,-3.329275
0.150824,-3.745357
0.15082599,-3.9302826
0.150828,-3.9302826
0.15083,-3.6991258
0.150832,-3.2830436
0.150834,-2.728267
0.150836,-1.9885652
0.150838,-1.1564007
0.15084,-0.2317729
0.150842,0.6928544
0.150844,1.5250192
0.150846,2.3109517
0.150848,3.0044227
0.15085,0.5541601
0.150852,-2.7744985
0.150854,-3.976514
0.150856,-3.8840513
0.150858,-3.6066632
0.15086,-3.098118
0.150862,-2.4508786
0.150864,-1.6649456
0.150866,-0.83278084
0.150868,0.091846466
0.15087,1.0164738
0.150872,1.8486385
0.150874,2.5883412
0.150876,3.23558
0.150878,3.6516623
0.15088,3.8828197
0.150882,3.92905
0.150884,3.744125
0.150886,3.3742738
0.150888,2.8194976
0.15089,2.126027
0.150892,1.2938623
0.150894,0.4154663
0.150896,-0.5091615
0.150898,-1.387557
0.1509,-2.1734905
0.150902,-2.866961
0.150904,-3.4217377
0.150906,-3.7915885
0.150908,-3.976514
0.15091,-3.8840513
0.150912,-3.6528945
0.150914,-3.1905808
0.150916,-2.5433414
0.150918,-1.8036394
0.15092,-0.9714751
0.150922,-0.046847343
0.150924,0.87777996
0.150926,1.7099442
0.150928,2.4958777
0.15093,3.1431174
0.150932,3.605431
0.150934,3.8828197
0.150936,3.9752812
0.150938,3.7903562
0.15094,3.4667363
0.150942,2.9119601
0.150944,2.2647214
0.150946,1.4787879
0.150948,0.5541601
0.15095,-0.32423592
0.150952,-1.2488632
0.150954,-2.0347965
0.150956,-2.7744985
0.150958,-3.329275
0.15096,-3.745357
0.150962,-3.9302826
0.150964,-3.9302826
0.150966,-3.6991258
0.150968,-3.2830436
0.15097,-2.6820357
0.150972,-1.9423337
0.150974,-1.1101689
0.150976,-0.18554163
0.150978,0.7390857
0.15098,1.5712504
0.15098199,2.357184
0.150984,3.050654
0.150986,3.5591989
0.150988,3.8365874
0.15099,3.9752812
0.150992,3.8365874
0.150994,3.5591989
0.150996,3.050654
0.150998,2.357184
0.151,1.5712504
0.151002,0.7390857
0.151004,-0.18554163
0.151006,-1.0639377
0.151008,-1.8961024
0.15101,-2.6358042
0.151012,-3.236812
0.151014,-3.6991258
0.151016,-3.9302826
0.151018,-3.9302826
0.15102,-3.745357
0.151022,-3.3755062
0.151024,-2.7744985
0.151026,-2.081028
0.15102799,-1.2488632
0.15103,-0.3704667
0.151032,0.5541601
0.151034,1.4787879
0.151036,2.2647214
0.151038,2.9581914
0.15104,3.4667363
0.151042,3.8365874
0.151044,3.9752812
0.151046,3.8828197
0.151048,3.605431
0.15105,3.1431174
0.151052,2.4958777
0.151054,1.7099442
0.151056,0.87777996
0.151058,-6.160736E-4
0.15106,-0.9252434
0.151062,-1.7574081
0.151064,-2.5433414
0.151066,-3.1443493
0.151068,-3.6066632
0.15107,-3.8840513
0.151072,-3.9302826
0.15107399,-3.7915885
0.151076,-3.4217377
0.151078,-2.9131925
0.15108,-2.2197218
0.151082,-1.387557
0.151084,-0.5091615
0.151086,0.4154663
0.151088,1.2938623
0.15109,2.126027
0.151092,2.8194976
0.151094,3.3742738
0.151096,3.7903562
0.151098,3.92905
0.1511,3.92905
0.151102,3.6516623
0.151104,3.23558
0.151106,2.6345725
0.151108,1.8486385
0.15111,1.0627055
0.151112,0.13807821
0.151114,-0.78654957
0.151116,-1.6187139
0.151118,-2.4046474
0.15112,-3.0518866
0.151122,-3.5604317
0.151124,-3.8840513
0.151126,-3.976514
0.151128,-3.8378198
0.15113,-3.5142004
0.151132,-3.0056553
0.151134,-2.3584158
0.151136,-1.5262513
0.151138,-0.694087
0.15114,0.23054075
0.151142,1.1551685
0.151144,1.9873328
0.151146,2.727035
0.151148,3.2818112
0.15115,3.6978936
0.151152,3.92905
0.151154,3.92905
0.151156,3.744125
0.151158,3.3280425
0.15116,2.727035
0.151162,2.033564
0.151164,1.2013993
0.151166,0.27677202
0.151168,-0.601624
0.15117,-1.48002
0.151172,-2.2659533
0.151174,-2.9594238
0.151176,-3.467969
0.151178,-3.8378198
0.15118,-3.976514
0.151182,-3.8840513
0.151184,-3.6066632
0.151186,-3.098118
0.151188,-2.4508786
0.15119,-1.6649456
0.151192,-0.83278084
0.151194,0.091846466
0.151196,1.0164738
0.151198,1.8486385
0.1512,2.5883412
0.151202,3.23558
0.151204,3.6516623
0.151206,3.8828197
0.151208,3.92905
0.15121,3.7903562
0.151212,3.420505
0.151214,2.8657289
0.151216,2.126027
0.151218,1.3400936
0.15122,0.46169758
0.151222,-0.46292973
0.151224,-1.3413262
0.151226,-2.1272593
0.151228,-2.866961
0.15122999,-3.4217377
0.151232,-3.7915885
0.151234,-3.9302826
0.151236,-3.8840513
0.151238,-3.6528945
0.15124,-3.1905808
0.151242,-2.589573
0.151244,-1.8036394
0.151246,-0.9714751
0.151248,-0.09307861
0.15125,0.8315482
0.151252,1.7099442
0.151254,2.4496465
0.151256,3.0968862
0.151258,3.605431
0.15126,3.8828197
0.151262,3.9752812
0.151264,3.8365874
0.151266,3.4667363
0.151268,2.9581914
0.15127,0.50792885
0.151272,-1.3413262
0.151274,-0.55539227
0.15127599,0.36923456
0.151278,1.2938623
0.15128,2.0797954
0.151282,2.8194976
0.151284,3.3742738
0.151286,3.7903562
0.151288,3.9752812
0.15129,3.9752812
0.151292,3.744125
0.151294,3.3280425
0.151296,2.727035
0.151298,1.9873328
0.1513,1.1551685
0.151302,0.27677202
0.151304,-0.6478553
0.151306,-1.5262513
0.151308,-2.3121846
0.15131,-3.0056553
0.151312,-3.5142004
0.151314,-3.8378198
0.151316,-3.9302826
0.151318,-3.8378198
0.15132,-3.5604317
0.15132199,-3.0518866
0.151324,-2.4046474
0.151326,-1.6187139
0.151328,-0.7403178
0.15133,0.184309
0.151332,1.0627055
0.151334,1.8948698
0.151336,2.6345725
0.151338,3.23558
0.15134,3.6978936
0.151342,3.92905
0.151344,3.92905
0.151346,3.744125
0.151348,3.3742738
0.15135,2.8194976
0.151352,2.0797954
0.151354,1.2938623
0.151356,0.4154663
0.151358,-0.5091615
0.15136,-1.387557
0.151362,-2.1734905
0.151364,-2.9131925
0.151366,-3.4217377
0.151368,-3.7915885
0.15137,-3.9302826
0.151372,-3.8840513
0.151374,-3.6066632
0.151376,-3.1443493
0.151378,-2.5433414
0.15138,-1.7574081
0.151382,-0.9252434
0.151384,-6.160736E-4
0.151386,0.92401123
0.151388,1.756176
0.15139,2.4958777
0.151392,3.1431174
0.151394,3.605431
0.151396,3.8828197
0.151398,3.9752812
0.1514,3.7903562
0.151402,3.4667363
0.151404,2.9119601
0.151406,2.2184901
0.151408,1.4325566
0.15141,0.5541601
0.151412,-0.3704667
0.151414,-1.2488632
0.151416,-2.081028
0.151418,-2.7744985
0.15142,-3.3755062
0.151422,-3.745357
0.151424,-3.9302826
0.151426,-3.9302826
0.151428,-3.6991258
0.15143,-3.236812
0.151432,-2.6820357
0.151434,-1.8961024
0.151436,-1.0639377
0.151438,-0.18554163
0.15144,0.7390857
0.151442,1.6174817
0.151444,2.4034152
0.151446,3.050654
0.151448,3.5591989
0.15145,3.8365874
0.151452,3.9752812
0.151454,3.8365874
0.151456,3.5129685
0.151458,3.0044227
0.15146,2.357184
0.151462,1.5712504
0.151464,0.6928544
0.151466,-0.18554163
0.151468,-1.1101689
0.15147,-1.9423337
0.151472,-2.6820357
0.151474,-3.2830436
0.151476,-3.6991258
0.15147799,-3.9302826
0.15148,-3.9302826
0.151482,-3.745357
0.151484,-3.329275
0.151486,-2.7744985
0.151488,-2.0347965
0.15149,-1.2488632
0.151492,-0.32423592
0.151494,0.60039186
0.151496,1.4787879
0.151498,2.2647214
0.1515,2.9581914
0.151502,3.4667363
0.151504,3.8365874
0.151506,3.9752812
0.151508,3.8828197
0.15151,3.605431
0.151512,3.1431174
0.151514,2.4958777
0.151516,1.7099442
0.151518,0.87777996
0.15152,-0.046847343
0.151522,-0.9714751
0.15152399,-1.8036394
0.151526,-2.5433414
0.151528,-3.1905808
0.15153,-3.6528945
0.151532,-3.8840513
0.151534,-3.9302826
0.151536,-3.7915885
0.151538,-3.4217377
0.15154,-2.866961
0.151542,-2.1734905
0.151544,-1.387557
0.151546,-0.5091615
0.151548,0.4154663
0.15155,1.3400936
0.151552,2.126027
0.151554,2.8657289
0.151556,3.420505
0.151558,3.7903562
0.15156,3.92905
0.151562,3.92905
0.151564,3.6516623
0.151566,3.23558
0.151568,2.5883412
0.15156999,1.8486385
0.151572,1.0164738
0.151574,0.13807821
0.151576,-0.78654957
0.151578,-1.6187139
0.15158,-2.4046474
0.151582,-3.098118
0.151584,-3.5604317
0.151586,-3.8840513
0.151588,-3.976514
0.15159,-3.8378198
0.151592,-3.5142004
0.151594,-3.0056553
0.151596,-2.3121846
0.151598,-1.5262513
0.1516,-0.6478553
0.151602,0.27677202
0.151604,1.2013993
0.151606,1.9873328
0.151608,2.727035
0.15161,3.3280425
0.151612,3.744125
0.151614,3.92905
0.15161599,3.92905
0.151618,3.6978936
0.15162,3.3280425
0.151622,2.727035
0.151624,1.9873328
0.151626,1.1551685
0.151628,0.27677202
0.15163,-0.6478553
0.151632,-1.48002
0.151634,-2.3121846
0.151636,-2.9594238
0.151638,-3.5142004
0.15164,-3.8378198
0.151642,-3.976514
0.151644,-3.8840513
0.151646,-3.5604317
0.151648,-3.098118
0.15165,-2.4508786
0.151652,-1.6649456
0.151654,-0.78654957
0.151656,0.13807821
0.151658,1.0164738
0.15166,1.8486385
0.151662,2.6345725
0.151664,3.23558
0.151666,3.6516623
0.151668,3.92905
0.15167,3.92905
0.151672,3.7903562
0.151674,3.3742738
0.151676,2.8194976
0.151678,2.126027
0.15168,1.3400936
0.151682,0.4154663
0.151684,-0.46292973
0.151686,-1.387557
0.151688,-2.1734905
0.15169,-0.5091615
0.151692,3.050654
0.151694,3.8365874
0.151696,3.9752812
0.151698,3.92905
0.1517,3.6978936
0.151702,3.23558
0.151704,2.5883412
0.151706,1.8486385
0.151708,0.970243
0.15171,0.091846466
0.151712,-0.83278084
0.151714,-1.6649456
0.151716,-2.4508786
0.151718,-3.098118
0.15172,-3.5604317
0.151722,-3.8840513
0.151724,-3.9302826
0.151726,-3.7915885
0.151728,-3.467969
0.15173,-2.9594238
0.151732,-2.2659533
0.151734,-1.48002
0.151736,-0.601624
0.151738,0.3230033
0.15174,1.2476311
0.151742,2.033564
0.151744,2.7732663
0.151746,3.3742738
0.151748,3.744125
0.15175,3.92905
0.151752,3.92905
0.151754,3.6978936
0.151756,3.2818112
0.151758,2.6808028
0.15176,1.9411016
0.151762,1.1089368
0.151764,0.23054075
0.151766,-0.694087
0.151768,-1.5262513
0.15177,-2.3121846
0.15177199,-3.0056553
0.151774,-3.5142004
0.151776,-3.8378198
0.151778,-3.9302826
0.15178,-3.8378198
0.151782,-3.5604317
0.151784,-3.0518866
0.151786,-2.4046474
0.151788,-1.6187139
0.15179,-0.7403178
0.151792,0.184309
0.151794,1.0627055
0.151796,1.8948698
0.151798,2.6345725
0.1518,3.2818112
0.151802,3.6978936
0.151804,3.92905
0.151806,3.92905
0.151808,3.744125
0.15181,3.3742738
0.151812,2.7732663
0.151814,2.0797954
0.151816,1.2938623
0.15181799,0.36923456
0.15182,-0.55539227
0.151822,-1.4337888
0.151824,-2.2197218
0.151826,-2.9131925
0.151828,-3.467969
0.15183,-3.7915885
0.151832,-3.9302826
0.151834,-3.8840513
0.151836,-3.6066632
0.151838,-3.1443493
0.15184,-2.5433414
0.151842,-1.7574081
0.151844,-0.9252434
0.151846,-6.160736E-4
0.151848,0.92401123
0.15185,1.756176
0.151852,2.542109
0.151854,3.1893477
0.151856,3.605431
0.151858,3.8828197
0.15186,3.9752812
0.151862,3.7903562
0.15186399,3.4667363
0.151866,2.9119601
0.151868,2.2184901
0.15187,1.4325566
0.151872,0.5541601
0.151874,-0.3704667
0.151876,-1.2950945
0.151878,-2.081028
0.15188,-2.7744985
0.151882,-3.3755062
0.151884,-3.745357
0.151886,-3.9302826
0.151888,-3.9302826
0.15189,-3.6991258
0.151892,-3.236812
0.151894,-2.6358042
0.151896,-1.8961024
0.151898,-1.0639377
0.1519,-0.13931036
0.151902,0.7853174
0.151904,1.6174817
0.151906,2.4034152
0.151908,3.050654
0.15191,3.5591989
0.151912,3.8828197
0.151914,3.9752812
0.151916,3.8365874
0.151918,3.5129685
0.15192,3.0044227
0.151922,2.357184
0.151924,1.5250192
0.151926,0.6928544
0.151928,-0.2317729
0.15193,-1.1101689
0.151932,-1.9423337
0.151934,-2.6820357
0.151936,-3.2830436
0.151938,-3.6991258
0.15194,-3.9302826
0.151942,-3.9302826
0.151944,-3.745357
0.151946,-3.329275
0.151948,-2.7744985
0.15195,-2.0347965
0.151952,-1.202632
0.151954,-0.32423592
0.151956,0.60039186
0.151958,1.4787879
0.15196,2.2647214
0.151962,2.9581914
0.151964,3.5129685
0.151966,3.8365874
0.151968,3.9752812
0.15197,3.8828197
0.151972,3.605431
0.151974,3.0968862
0.151976,2.4496465
0.151978,1.7099442
0.15198,0.8315482
0.151982,-0.046847343
0.151984,-0.9714751
0.151986,-1.8036394
0.151988,-2.5433414
0.15199,-3.1905808
0.151992,-3.6528945
0.151994,-3.8840513
0.151996,-3.9302826
0.151998,-3.7915885
0.152,-3.4217377
0.152002,-2.866961
0.152004,-2.1734905
0.152006,-1.387557
0.152008,-0.46292973
0.15201,0.46169758
0.152012,1.3400936
0.152014,2.172258
0.152016,2.8657289
0.152018,3.420505
0.15201999,3.7903562
0.152022,3.92905
0.152024,3.92905
0.152026,3.6516623
0.152028,3.1893477
0.15203,2.5883412
0.152032,1.8486385
0.152034,1.0164738
0.152036,0.091846466
0.152038,-0.83278084
0.15204,-1.6649456
0.152042,-2.4508786
0.152044,-3.098118
0.152046,-3.5604317
0.152048,-3.8840513
0.15205,-3.976514
0.152052,-3.8378198
0.152054,-3.5142004
0.152056,-2.9594238
0.152058,-2.3121846
0.15206,-1.48002
0.152062,-0.6478553
0.152064,0.27677202
0.15206599,1.2013993
0.152068,2.033564
0.15207,2.727035
0.152072,3.3280425
0.152074,3.744125
0.152076,3.92905
0.152078,3.92905
0.15208,3.6978936
0.152082,3.2818112
0.152084,2.727035
0.152086,1.9873328
0.152088,1.1551685
0.15209,0.27677202
0.152092,-0.6478553
0.152094,-1.5262513
0.152096,-2.3121846
0.152098,-3.0056553
0.1521,-3.5142004
0.152102,-3.8378198
0.152104,-3.976514
0.152106,-3.8840513
0.152108,-3.5604317
0.15211,-1.7574081
0.15211199,1.756176
0.152114,1.5712504
0.152116,0.7390857
0.152118,-0.18554163
0.15212,-1.0639377
0.152122,-1.8961024
0.152124,-2.6358042
0.152126,-3.2830436
0.152128,-3.6991258
0.15213,-3.9302826
0.152132,-3.976514
0.152134,-3.7915885
0.152136,-3.4217377
0.152138,-2.866961
0.15214,-2.1272593
0.152142,-1.3413262
0.152144,-0.41669846
0.152146,0.50792885
0.152148,1.3863249
0.15215,2.172258
0.152152,2.9119601
0.152154,3.420505
0.152156,3.7903562
0.152158,3.92905
0.15216,3.8828197
0.152162,3.605431
0.152164,3.1431174
0.152166,2.542109
0.152168,1.756176
0.15217,0.92401123
0.152172,0.045615196
0.152174,-0.8790121
0.152176,-1.7111769
0.152178,-2.4971101
0.15218,-3.1443493
0.152182,-3.6066632
0.152184,-3.8840513
0.152186,-3.976514
0.152188,-3.7915885
0.15219,-3.467969
0.152192,-2.9594238
0.152194,-2.2659533
0.152196,-1.48002
0.152198,-0.55539227
0.1522,0.36923456
0.152202,1.2476311
0.152204,2.0797954
0.152206,2.7732663
0.152208,3.3742738
0.15221,3.744125
0.152212,3.92905
0.152214,3.92905
0.152216,3.6978936
0.152218,3.2818112
0.15222,2.6808028
0.152222,1.9411016
0.152224,1.1089368
0.152226,0.184309
0.152228,-0.7403178
0.15223,-1.5724826
0.152232,-2.3584158
0.152234,-3.0518866
0.152236,-3.5604317
0.152238,-3.8378198
0.15224,-3.976514
0.152242,-3.8378198
0.152244,-3.5604317
0.152246,-3.0518866
0.152248,-2.3584158
0.15225,-1.5724826
0.152252,-0.7403178
0.152254,0.184309
0.152256,1.1089368
0.152258,1.9411016
0.15226,2.6808028
0.152262,3.2818112
0.152264,3.6978936
0.152266,3.92905
0.15226799,3.92905
0.15227,3.744125
0.152272,3.3280425
0.152274,2.7732663
0.152276,2.0797954
0.152278,1.2476311
0.15228,0.36923456
0.152282,-0.55539227
0.152284,-1.4337888
0.152286,-2.2197218
0.152288,-2.9131925
0.15229,-3.467969
0.152292,-3.7915885
0.152294,-3.9302826
0.152296,-3.8840513
0.152298,-3.6066632
0.1523,-3.1443493
0.152302,-2.4971101
0.152304,-1.7111769
0.152306,-0.8790121
0.152308,0.045615196
0.15231,0.970243
0.152312,1.8024073
0.15231399,2.542109
0.152316,3.1893477
0.152318,3.6516623
0.15232,3.8828197
0.152322,3.9752812
0.152324,3.7903562
0.152326,3.420505
0.152328,2.8657289
0.15233,2.172258
0.152332,1.3863249
0.152334,0.50792885
0.152336,-0.41669846
0.152338,-1.2950945
0.15234,-2.081028
0.152342,-2.8207297
0.152344,-3.3755062
0.152346,-3.745357
0.152348,-3.9302826
0.15235,-3.9302826
0.152352,-3.6528945
0.152354,-3.236812
0.152356,-2.6358042
0.152358,-1.8498712
0.15235999,-1.0177064
0.152362,-0.13931036
0.152364,0.7853174
0.152366,1.6637135
0.152368,2.4496465
0.15237,3.0968862
0.152372,3.5591989
0.152374,3.8828197
0.152376,3.9752812
0.152378,3.8365874
0.15238,3.5129685
0.152382,3.0044227
0.152384,2.3109517
0.152386,1.5250192
0.152388,0.64662313
0.15239,-0.2317729
0.152392,-1.1564007
0.152394,-1.9423337
0.152396,-2.6820357
0.152398,-3.2830436
0.1524,-3.6991258
0.152402,-3.9302826
0.152404,-3.9302826
0.152406,-3.745357
0.152408,-3.329275
0.15241,-2.728267
0.152412,-2.0347965
0.152414,-1.202632
0.152416,-0.27800417
0.152418,0.64662313
0.15242,1.4787879
0.152422,2.3109517
0.152424,3.0044227
0.152426,3.5129685
0.152428,3.8365874
0.15243,3.9752812
0.152432,3.8828197
0.152434,3.605431
0.152436,3.0968862
0.152438,2.4496465
0.15244,1.6637135
0.152442,0.8315482
0.152444,-0.09307861
0.152446,-0.9714751
0.152448,-1.8036394
0.15245,-2.589573
0.152452,-3.1905808
0.152454,-3.6528945
0.152456,-3.8840513
0.152458,-3.9302826
0.15246,-3.7915885
0.152462,-3.4217377
0.152464,-2.866961
0.152466,-2.1272593
0.152468,-1.3413262
0.15247,-0.46292973
0.152472,0.46169758
0.152474,1.3863249
0.152476,2.172258
0.152478,2.8657289
0.15248,3.420505
0.152482,3.7903562
0.152484,3.92905
0.152486,3.8828197
0.152488,3.6516623
0.15249,3.1893477
0.152492,2.5883412
0.152494,1.8024073
0.152496,0.970243
0.152498,0.091846466
0.1525,-0.83278084
0.152502,-1.6649456
0.152504,-2.4508786
0.152506,-3.098118
0.152508,-3.6066632
0.15251,-3.8840513
0.152512,-3.976514
0.152514,-3.8378198
0.15251599,-3.467969
0.152518,-2.9594238
0.15252,-2.2659533
0.152522,-1.48002
0.152524,-0.601624
0.152526,0.3230033
0.152528,1.2013993
0.15253,0.091846466
0.152532,-2.6820357
0.152534,-3.3755062
0.152536,-3.7915885
0.152538,-3.976514
0.15254,-3.976514
0.152542,-3.745357
0.152544,-3.329275
0.152546,-2.728267
0.152548,-1.9885652
0.15255,-1.1564007
0.152552,-0.27800417
0.152554,0.64662313
0.152556,1.5250192
0.152558,2.3109517
0.15256,3.0044227
0.15256199,3.5129685
0.152564,3.8365874
0.152566,3.92905
0.152568,3.8365874
0.15257,3.5591989
0.152572,3.050654
0.152574,2.4034152
0.152576,1.6174817
0.152578,0.7390857
0.15258,-0.13931036
0.152582,-1.0639377
0.152584,-1.8961024
0.152586,-2.6358042
0.152588,-3.236812
0.15259,-3.6991258
0.152592,-3.9302826
0.152594,-3.9302826
0.152596,-3.745357
0.152598,-3.3755062
0.1526,-2.8207297
0.152602,-2.1272593
0.152604,-1.2950945
0.152606,-0.41669846
0.15260799,0.50792885
0.15261,1.4325566
0.152612,2.2184901
0.152614,2.9119601
0.152616,3.4667363
0.152618,3.7903562
0.15262,3.9752812
0.152622,3.8828197
0.152624,3.605431
0.152626,3.1431174
0.152628,2.542109
0.15263,1.756176
0.152632,0.92401123
0.152634,-6.160736E-4
0.152636,-0.8790121
0.152638,-1.7111769
0.15264,-2.4971101
0.152642,-3.1443493
0.152644,-3.6066632
0.152646,-3.8840513
0.152648,-3.976514
0.15265,-3.7915885
0.152652,-3.467969
0.15265399,-2.9131925
0.152656,-2.2197218
0.152658,-1.4337888
0.15266,-0.55539227
0.152662,0.36923456
0.152664,1.2938623
0.152666,2.0797954
0.152668,2.8194976
0.15267,3.3742738
0.152672,3.744125
0.152674,3.92905
0.152676,3.92905
0.152678,3.6978936
0.15268,3.23558
0.152682,2.6345725
0.152684,1.8948698
0.152686,1.0627055
0.152688,0.184309
0.15269,-0.7403178
0.152692,-1.5724826
0.152694,-2.3584158
0.152696,-3.0518866
0.152698,-3.5604317
0.1527,-3.8378198
0.152702,-3.976514
0.152704,-3.8378198
0.152706,-3.5142004
0.152708,-3.0518866
0.15271,-2.3584158
0.152712,-1.5724826
0.152714,-0.694087
0.152716,0.23054075
0.152718,1.1089368
0.15272,1.9411016
0.152722,2.6808028
0.152724,3.2818112
0.152726,3.6978936
0.152728,3.92905
0.15273,3.92905
0.152732,3.744125
0.152734,3.3280425
0.152736,2.7732663
0.152738,2.033564
0.15274,1.2476311
0.152742,0.3230033
0.152744,-0.601624
0.152746,-1.48002
0.152748,-2.2197218
0.15275,-2.9131925
0.152752,-3.467969
0.152754,-3.8378198
0.152756,-3.9302826
0.152758,-3.8840513
0.15276,-3.6066632
0.152762,-3.1443493
0.15276399,-2.4971101
0.152766,-1.7111769
0.152768,-0.8790121
0.15277,0.045615196
0.152772,0.970243
0.152774,1.8024073
0.152776,2.542109
0.152778,3.1893477
0.15278,3.6516623
0.152782,3.8828197
0.152784,3.92905
0.152786,3.7903562
0.152788,3.420505
0.15279,2.8657289
0.152792,2.172258
0.152794,1.3863249
0.152796,0.50792885
0.152798,-0.41669846
0.1528,-1.2950945
0.152802,-2.1272593
0.152804,-2.8207297
0.152806,-3.3755062
0.152808,-3.7915885
0.15280999,-3.9302826
0.152812,-3.9302826
0.152814,-3.6528945
0.152816,-3.236812
0.152818,-2.6358042
0.15282,-1.8498712
0.152822,-1.0177064
0.152824,-0.09307861
0.152826,0.8315482
0.152828,1.6637135
0.15283,2.4496465
0.152832,3.0968862
0.152834,3.5591989
0.152836,3.8828197
0.152838,3.9752812
0.15284,3.8365874
0.152842,3.5129685
0.152844,3.0044227
0.152846,2.3109517
0.152848,1.5250192
0.15285,0.64662313
0.152852,-0.27800417
0.152854,-1.1564007
0.15285599,-1.9885652
0.152858,-2.728267
0.15286,-3.2830436
0.152862,-3.6991258
0.152864,-3.9302826
0.152866,-3.9302826
0.152868,-3.6991258
0.15287,-3.329275
0.152872,-2.728267
0.152874,-1.9885652
0.152876,-1.1564007
0.152878,-0.27800417
0.15288,0.64662313
0.152882,1.5250192
0.152884,2.3109517
0.152886,3.0044227
0.152888,3.5129685
0.15289,3.8365874
0.152892,3.9752812
0.152894,3.8828197
0.152896,3.605431
0.152898,3.0968862
0.1529,2.4496465
0.15290199,1.6637135
0.152904,0.8315482
0.152906,-0.09307861
0.152908,-1.0177064
0.15291,-1.8498712
0.152912,-2.589573
0.152914,-3.1905808
0.152916,-3.6528945
0.152918,-3.8840513
0.15292,-3.9302826
0.152922,-3.7915885
0.152924,-3.3755062
0.152926,-2.866961
0.152928,-2.1272593
0.15293,-1.3413262
0.152932,-0.41669846
0.152934,0.50792885
0.152936,1.3863249
0.152938,2.172258
0.15294,2.8657289
0.152942,3.420505
0.152944,3.7903562
0.152946,3.92905
0.152948,3.8828197
0.15295,2.4496465
0.152952,-0.9252434
0.152954,-2.4508786
0.152956,-1.7574081
0.152958,-0.9252434
0.15296,-6.160736E-4
0.152962,0.87777996
0.152964,1.756176
0.152966,2.4958777
0.152968,3.1431174
0.15297,3.605431
0.152972,3.8828197
0.152974,3.9752812
0.152976,3.8365874
0.152978,3.4667363
0.15298,2.9581914
0.152982,2.2647214
0.152984,1.4787879
0.152986,0.60039186
0.152988,-0.32423592
0.15299,-1.202632
0.152992,-2.0347965
0.152994,-2.7744985
0.152996,-3.329275
0.152998,-3.745357
0.153,-3.9302826
0.153002,-3.9302826
0.153004,-3.6991258
0.153006,-3.2830436
0.153008,-2.6820357
0.15301,-1.9423337
0.153012,-1.1101689
0.153014,-0.18554163
0.153016,0.7390857
0.153018,1.5712504
0.15302,2.357184
0.153022,3.050654
0.153024,3.5591989
0.153026,3.8365874
0.153028,3.9752812
0.15303,3.8365874
0.153032,3.5591989
0.153034,3.050654
0.153036,2.357184
0.153038,1.5712504
0.15304,0.7390857
0.153042,-0.18554163
0.153044,-1.0639377
0.153046,-1.8961024
0.153048,-2.6358042
0.15305,-3.236812
0.153052,-3.6991258
0.153054,-3.9302826
0.153056,-3.9302826
0.15305799,-3.745357
0.15306,-3.3755062
0.153062,-2.8207297
0.153064,-2.081028
0.153066,-1.2488632
0.153068,-0.3704667
0.15307,0.5541601
0.153072,1.4325566
0.153074,2.2184901
0.153076,2.9119601
0.153078,3.4667363
0.15308,3.7903562
0.153082,3.9752812
0.153084,3.8828197
0.153086,3.605431
0.153088,3.1431174
0.15309,2.4958777
0.153092,1.756176
0.153094,0.87777996
0.153096,-6.160736E-4
0.153098,-0.9252434
0.1531,-1.7574081
0.153102,-2.4971101
0.15310399,-3.1443493
0.153106,-3.6066632
0.153108,-3.8840513
0.15311,-3.976514
0.153112,-3.7915885
0.153114,-3.467969
0.153116,-2.9131925
0.153118,-2.2197218
0.15312,-1.4337888
0.153122,-0.5091615
0.153124,0.4154663
0.153126,1.2938623
0.153128,2.0797954
0.15313,2.8194976
0.153132,3.3742738
0.153134,3.744125
0.153136,3.92905
0.153138,3.92905
0.15314,3.6978936
0.153142,3.23558
0.153144,2.6345725
0.153146,1.8948698
0.153148,1.0627055
0.15314999,0.13807821
0.153152,-0.78654957
0.153154,-1.6187139
0.153156,-2.4046474
0.153158,-3.0518866
0.15316,-3.5604317
0.153162,-3.8840513
0.153164,-3.976514
0.153166,-3.8378198
0.153168,-3.5142004
0.15317,-3.0056553
0.153172,-2.3584158
0.153174,-1.5262513
0.153176,-0.694087
0.153178,0.23054075
0.15318,1.1551685
0.153182,1.9873328
0.153184,2.6808028
0.153186,3.2818112
0.153188,3.6978936
0.15319,3.92905
0.153192,3.92905
0.153194,3.744125
0.153196,3.3280425
0.153198,2.727035
0.1532,2.033564
0.153202,1.2013993
0.153204,0.3230033
0.153206,-0.601624
0.153208,-1.48002
0.15321,-2.2659533
0.153212,-2.9594238
0.153214,-3.467969
0.153216,-3.8378198
0.153218,-3.976514
0.15322,-3.8840513
0.153222,-3.6066632
0.153224,-3.098118
0.153226,-2.4971101
0.153228,-1.7111769
0.15323,-0.83278084
0.153232,0.091846466
0.153234,0.970243
0.153236,1.8024073
0.153238,2.5883412
0.15324,3.1893477
0.153242,3.6516623
0.153244,3.92905
0.153246,3.92905
0.153248,3.7903562
0.15325,3.420505
0.153252,2.8657289
0.153254,2.172258
0.153256,1.3400936
0.153258,0.46169758
0.15326,-0.46292973
0.153262,-1.3413262
0.153264,-2.1272593
0.153266,-2.8207297
0.153268,-3.4217377
0.15327,-3.7915885
0.153272,-3.9302826
0.153274,-3.9302826
0.153276,-3.6528945
0.153278,-3.1905808
0.15328,-2.589573
0.153282,-1.8498712
0.153284,-1.0177064
0.153286,-0.09307861
0.153288,0.8315482
0.15329,1.6637135
0.153292,2.4496465
0.153294,3.0968862
0.153296,3.605431
0.153298,3.8828197
0.1533,3.9752812
0.153302,3.8365874
0.153304,3.5129685
0.15330599,2.9581914
0.153308,2.2647214
0.15331,1.4787879
0.153312,0.64662313
0.153314,-0.27800417
0.153316,-1.202632
0.153318,-1.9885652
0.15332,-2.728267
0.153322,-3.329275
0.153324,-3.745357
0.153326,-3.9302826
0.153328,-3.9302826
0.15333,-3.6991258
0.153332,-3.2830436
0.153334,-2.728267
0.153336,-1.9885652
0.153338,-1.1564007
0.15334,-0.2317729
0.153342,0.6928544
0.153344,1.5250192
0.153346,2.357184
0.153348,3.0044227
0.15335,3.5129685
0.15335199,3.8365874
0.153354,3.9752812
0.153356,3.8828197
0.153358,3.5591989
0.15336,3.050654
0.153362,2.4034152
0.153364,1.6174817
0.153366,0.7853174
0.153368,-0.13931036
0.15337,0.23054075
0.153372,1.9411016
0.153374,2.6808028
0.153376,3.2818112
0.153378,3.744125
0.15338,3.9752812
0.153382,3.9752812
0.153384,3.7903562
0.153386,3.420505
0.153388,2.8657289
0.15339,2.126027
0.153392,1.3400936
0.153394,0.46169758
0.153396,-0.46292973
0.15339799,-1.3413262
0.1534,-2.1734905
0.153402,-2.866961
0.153404,-3.4217377
0.153406,-3.7915885
0.153408,-3.9302826
0.15341,-3.8840513
0.153412,-3.6066632
0.153414,-3.1443493
0.153416,-2.5433414
0.153418,-1.7574081
0.15342,-0.9252434
0.153422,-6.160736E-4
0.153424,0.92401123
0.153426,1.756176
0.153428,2.4958777
0.15343,3.1431174
0.153432,3.605431
0.153434,3.8828197
0.153436,3.9752812
0.153438,3.8365874
0.15344,3.4667363
0.153442,2.9119601
0.153444,2.2647214
0.153446,1.4787879
0.153448,0.5541601
0.15345,-0.32423592
0.153452,-1.2488632
0.153454,-2.0347965
0.153456,-2.7744985
0.153458,-3.329275
0.15346,-3.745357
0.153462,-3.9302826
0.153464,-3.9302826
0.153466,-3.6991258
0.153468,-3.2830436
0.15347,-2.6820357
0.153472,-1.9423337
0.153474,-1.1101689
0.153476,-0.18554163
0.153478,0.7390857
0.15348,1.5712504
0.153482,2.4034152
0.153484,3.050654
0.153486,3.5591989
0.153488,3.8365874
0.15349,3.9752812
0.153492,3.8365874
0.153494,3.5591989
0.153496,3.050654
0.153498,2.357184
0.1535,1.5712504
0.153502,0.7390857
0.153504,-0.18554163
0.153506,-1.1101689
0.153508,-1.8961024
0.15351,-2.6358042
0.153512,-3.236812
0.153514,-3.6991258
0.153516,-3.9302826
0.153518,-3.9302826
0.15352,-3.745357
0.153522,-3.3755062
0.153524,-2.7744985
0.153526,-2.081028
0.153528,-1.2488632
0.15353,-0.32423592
0.153532,0.60039186
0.153534,1.4787879
0.153536,2.2647214
0.153538,2.9581914
0.15354,3.4667363
0.153542,3.8365874
0.153544,3.9752812
0.153546,3.8828197
0.153548,3.605431
0.15355,3.1431174
0.153552,2.4958777
0.15355399,1.7099442
0.153556,0.87777996
0.153558,-0.046847343
0.15356,-0.9252434
0.153562,-1.7574081
0.153564,-2.5433414
0.153566,-3.1443493
0.153568,-3.6528945
0.15357,-3.8840513
0.153572,-3.9302826
0.153574,-3.7915885
0.153576,-3.4217377
0.153578,-2.9131925
0.15358,-2.2197218
0.153582,-1.387557
0.153584,-0.5091615
0.153586,0.4154663
0.153588,1.2938623
0.15359,2.126027
0.153592,2.8194976
0.153594,3.3742738
0.153596,3.7903562
0.153598,3.92905
0.15359999,3.92905
0.153602,3.6516623
0.153604,3.23558
0.153606,2.6345725
0.153608,1.8486385
0.15361,1.0164738
0.153612,0.13807821
0.153614,-0.78654957
0.153616,-1.6187139
0.153618,-2.4046474
0.15362,-3.0518866
0.153622,-3.5604317
0.153624,-3.8840513
0.153626,-3.976514
0.153628,-3.8378198
0.15363,-3.5142004
0.153632,-3.0056553
0.153634,-2.3121846
0.153636,-1.5262513
0.153638,-0.6478553
0.15364,0.27677202
0.153642,1.1551685
0.153644,1.9873328
0.15364599,2.727035
0.153648,3.3280425
0.15365,3.6978936
0.153652,3.92905
0.153654,3.92905
0.153656,3.744125
0.153658,3.3280425
0.15366,2.727035
0.153662,1.9873328
0.153664,1.2013993
0.153666,0.27677202
0.153668,-0.601624
0.15367,-1.48002
0.153672,-2.2659533
0.153674,-2.9594238
0.153676,-3.5142004
0.153678,-3.8378198
0.15368,-3.976514
0.153682,-3.8840513
0.153684,-3.6066632
0.153686,-3.098118
0.153688,-2.4508786
0.15369,-1.6649456
0.15369199,-0.83278084
0.153694,0.091846466
0.153696,1.0164738
0.153698,1.8486385
0.1537,2.5883412
0.153702,3.23558
0.153704,3.6516623
0.153706,3.92905
0.153708,3.92905
0.15371,3.7903562
0.153712,3.420505
0.153714,2.8657289
0.153716,2.126027
0.153718,1.3400936
0.15372,0.46169758
0.153722,-0.46292973
0.153724,-1.3413262
0.153726,-2.1272593
0.153728,-2.866961
0.15373,-3.4217377
0.153732,-3.7915885
0.153734,-3.9302826
0.153736,-3.8840513
0.153738,-3.6528945
0.15374,-3.1905808
0.153742,-2.589573
0.153744,-1.8036394
0.153746,-0.9714751
0.153748,-0.046847343
0.15375,0.8315482
0.153752,1.7099442
0.153754,2.4958777
0.153756,3.1431174
0.153758,3.605431
0.15376,3.8828197
0.153762,3.9752812
0.153764,3.8365874
0.153766,3.4667363
0.153768,2.9581914
0.15377,2.2647214
0.153772,1.4787879
0.153774,0.60039186
0.153776,-0.32423592
0.153778,-1.202632
0.15378,-1.9885652
0.153782,-2.728267
0.153784,-3.329275
0.153786,-3.745357
0.153788,-3.9302826
0.15379,-3.329275
0.153792,0.13807821
0.153794,3.050654
0.153796,2.6808028
0.153798,1.9411016
0.1538,1.1089368
0.15380199,0.23054075
0.153804,-0.694087
0.153806,-1.5724826
0.153808,-2.3584158
0.15381,-3.0056553
0.153812,-3.5142004
0.153814,-3.8378198
0.153816,-3.976514
0.153818,-3.8840513
0.15382,-3.5604317
0.153822,-3.0518866
0.153824,-2.4046474
0.153826,-1.6187139
0.153828,-0.7403178
0.15383,0.184309
0.153832,1.0627055
0.153834,1.8948698
0.153836,2.6345725
0.153838,3.23558
0.15384,3.6978936
0.153842,3.92905
0.153844,3.92905
0.153846,3.744125
0.15384799,3.3742738
0.15385,2.8194976
0.153852,2.0797954
0.153854,1.2938623
0.153856,0.36923456
0.153858,-0.5091615
0.15386,-1.4337888
0.153862,-2.2197218
0.153864,-2.9131925
0.153866,-3.4217377
0.153868,-3.7915885
0.15387,-3.9302826
0.153872,-3.8840513
0.153874,-3.6066632
0.153876,-3.1443493
0.153878,-2.5433414
0.15388,-1.7574081
0.153882,-0.9252434
0.153884,-6.160736E-4
0.153886,0.92401123
0.153888,1.756176
0.15389,2.542109
0.153892,3.1431174
0.15389399,3.605431
0.153896,3.8828197
0.153898,3.9752812
0.1539,3.7903562
0.153902,3.4667363
0.153904,2.9119601
0.153906,2.2184901
0.153908,1.4325566
0.15391,0.5541601
0.153912,-0.3704667
0.153914,-1.2488632
0.153916,-2.081028
0.153918,-2.7744985
0.15392,-3.3755062
0.153922,-3.745357
0.153924,-3.9302826
0.153926,-3.9302826
0.153928,-3.6991258
0.15393,-3.236812
0.153932,-2.6358042
0.153934,-1.8961024
0.153936,-1.0639377
0.153938,-0.13931036
0.15393999,0.7390857
0.153942,1.6174817
0.153944,2.4034152
0.153946,3.050654
0.153948,3.5591989
0.15395,3.8828197
0.153952,3.9752812
0.153954,3.8365874
0.153956,3.5129685
0.153958,3.0044227
0.15396,2.357184
0.153962,1.5712504
0.153964,0.6928544
0.153966,-0.2317729
0.153968,-1.1101689
0.15397,-1.9423337
0.153972,-2.6820357
0.153974,-3.2830436
0.153976,-3.6991258
0.153978,-3.9302826
0.15398,-3.9302826
0.153982,-3.745357
0.153984,-3.329275
0.153986,-2.7744985
0.153988,-2.0347965
0.15399,-1.202632
0.153992,-0.32423592
0.153994,0.60039186
0.153996,1.4787879
0.153998,2.2647214
0.154,2.9581914
0.154002,3.4667363
0.154004,3.8365874
0.154006,3.9752812
0.154008,3.8828197
0.15401,3.605431
0.154012,3.0968862
0.154014,2.4958777
0.154016,1.7099442
0.154018,0.87777996
0.15402,-0.046847343
0.154022,-0.9714751
0.154024,-1.8036394
0.154026,-2.5433414
0.154028,-3.1905808
0.15403,-3.6528945
0.154032,-3.8840513
0.154034,-3.9302826
0.154036,-3.7915885
0.154038,-3.4217377
0.15404,-2.866961
0.154042,-2.1734905
0.154044,-1.387557
0.154046,-0.46292973
0.154048,0.46169758
0.15405,1.3400936
0.154052,2.126027
0.154054,2.8657289
0.154056,3.420505
0.154058,3.7903562
0.15406,3.92905
0.154062,3.92905
0.154064,3.6516623
0.154066,3.23558
0.154068,2.5883412
0.15407,1.8486385
0.154072,1.0164738
0.154074,0.091846466
0.154076,-0.78654957
0.154078,-1.6649456
0.15408,-2.4046474
0.154082,-3.098118
0.154084,-3.5604317
0.154086,-3.8840513
0.154088,-3.976514
0.15409,-3.8378198
0.154092,-3.5142004
0.154094,-3.0056553
0.15409599,-2.3121846
0.154098,-1.48002
0.1541,-0.6478553
0.154102,0.27677202
0.154104,1.2013993
0.154106,1.9873328
0.154108,2.727035
0.15411,3.3280425
0.154112,3.744125
0.154114,3.92905
0.154116,3.92905
0.154118,3.6978936
0.15412,3.3280425
0.154122,2.727035
0.154124,1.9873328
0.154126,1.1551685
0.154128,0.27677202
0.15413,-0.6478553
0.154132,-1.48002
0.154134,-2.3121846
0.154136,-2.9594238
0.154138,-3.5142004
0.15414,-3.8378198
0.15414199,-3.976514
0.154144,-3.8840513
0.154146,-3.5604317
0.154148,-3.098118
0.15415,-2.4508786
0.154152,-1.6649456
0.154154,-0.78654957
0.154156,0.13807821
0.154158,1.0164738
0.15416,1.8486385
0.154162,2.6345725
0.154164,3.23558
0.154166,3.6516623
0.154168,3.92905
0.15417,3.92905
0.154172,3.7903562
0.154174,3.3742738
0.154176,2.8194976
0.154178,2.126027
0.15418,1.3400936
0.154182,0.4154663
0.154184,-0.5091615
0.154186,-1.387557
0.15418799,-2.1734905
0.15419,-2.866961
0.154192,-3.4217377
0.154194,-3.7915885
0.154196,-3.9302826
0.154198,-3.8840513
0.1542,-3.6528945
0.154202,-3.1905808
0.154204,-2.5433414
0.154206,-1.8036394
0.154208,-0.9714751
0.15421,-0.18554163
0.154212,-0.9252434
0.154214,-1.7574081
0.154216,-2.5433414
0.154218,-3.1905808
0.15422,-3.6528945
0.154222,-3.9302826
0.154224,-4.022745
0.154226,-3.8840513
0.154228,-3.5142004
0.15423,-3.0056553
0.154232,-2.3121846
0.154234,-1.48002
0.154236,-0.601624
0.154238,0.3230033
0.15424,1.2013993
0.154242,2.033564
0.154244,2.7732663
0.154246,3.3280425
0.154248,3.744125
0.15425,3.92905
0.154252,3.92905
0.154254,3.6978936
0.154256,3.2818112
0.154258,2.6808028
0.15426,1.9411016
0.154262,1.1089368
0.154264,0.184309
0.154266,-0.694087
0.154268,-1.5724826
0.15427,-2.3584158
0.154272,-3.0056553
0.154274,-3.5142004
0.154276,-3.8378198
0.154278,-3.976514
0.15428,-3.8378198
0.154282,-3.5604317
0.154284,-3.0518866
0.154286,-2.4046474
0.154288,-1.6187139
0.15429,-0.7403178
0.154292,0.184309
0.154294,1.0627055
0.154296,1.8948698
0.154298,2.6345725
0.1543,3.2818112
0.154302,3.6978936
0.154304,3.92905
0.154306,3.92905
0.154308,3.744125
0.15431,3.3742738
0.154312,2.7732663
0.154314,2.0797954
0.154316,1.2476311
0.154318,0.36923456
0.15432,-0.55539227
0.154322,-1.4337888
0.154324,-2.2197218
0.154326,-2.9131925
0.154328,-3.467969
0.15433,-3.7915885
0.154332,-3.9302826
0.154334,-3.8840513
0.154336,-3.6066632
0.154338,-3.1443493
0.15434,-2.5433414
0.154342,-1.7574081
0.15434399,-0.8790121
0.154346,-6.160736E-4
0.154348,0.92401123
0.15435,1.756176
0.154352,2.542109
0.154354,3.1893477
0.154356,3.6516623
0.154358,3.8828197
0.15436,3.9752812
0.154362,3.7903562
0.154364,3.420505
0.154366,2.9119601
0.154368,2.2184901
0.15437,1.4325566
0.154372,0.50792885
0.154374,-0.3704667
0.154376,-1.2950945
0.154378,-2.081028
0.15438,-2.8207297
0.154382,-3.3755062
0.154384,-3.745357
0.154386,-3.9302826
0.154388,-3.9302826
0.15438999,-3.6991258
0.154392,-3.236812
0.154394,-2.6358042
0.154396,-1.8961024
0.154398,-1.0639377
0.1544,-0.13931036
0.154402,0.7853174
0.154404,1.6174817
0.154406,2.4034152
0.154408,3.050654
0.15441,3.5591989
0.154412,3.8828197
0.154414,3.9752812
0.154416,3.8365874
0.154418,3.5129685
0.15442,3.0044227
0.154422,2.3109517
0.154424,1.5250192
0.154426,0.6928544
0.154428,-0.2317729
0.15443,-1.1101689
0.154432,-1.9423337
0.154434,-2.6820357
0.15443599,-3.2830436
0.154438,-3.6991258
0.15444,-3.9302826
0.154442,-3.9302826
0.154444,-3.745357
0.154446,-3.329275
0.154448,-2.7744985
0.15445,-2.0347965
0.154452,-1.202632
0.154454,-0.32423592
0.154456,0.60039186
0.154458,1.4787879
0.15446,2.2647214
0.154462,2.9581914
0.154464,3.5129685
0.154466,3.8365874
0.154468,3.9752812
0.15447,3.8828197
0.154472,3.605431
0.154474,3.0968862
0.154476,2.4496465
0.154478,1.7099442
0.15448,0.8315482
0.154482,-0.046847343
0.154484,-0.9714751
0.154486,-1.8036394
0.154488,-2.5433414
0.15449,-3.1905808
0.154492,-3.6528945
0.154494,-3.8840513
0.154496,-3.9302826
0.154498,-3.7915885
0.1545,-3.4217377
0.154502,-2.866961
0.154504,-2.1734905
0.154506,-1.3413262
0.154508,-0.46292973
0.15451,0.46169758
0.154512,1.3400936
0.154514,2.172258
0.154516,2.8657289
0.154518,3.420505
0.15452,3.7903562
0.154522,3.92905
0.154524,3.8828197
0.154526,3.6516623
0.154528,3.1893477
0.15453,2.5883412
0.154532,1.8486385
0.154534,1.0164738
0.154536,0.091846466
0.154538,-0.83278084
0.15454,-1.6649456
0.154542,-2.4508786
0.154544,-3.098118
0.154546,-3.5604317
0.154548,-3.8840513
0.15455,-3.976514
0.154552,-3.8378198
0.154554,-3.5142004
0.154556,-2.9594238
0.154558,-2.3121846
0.15456,-1.48002
0.154562,-0.601624
0.154564,0.3230033
0.154566,1.2013993
0.154568,2.033564
0.15457,2.727035
0.154572,3.3280425
0.154574,3.744125
0.154576,3.92905
0.154578,3.92905
0.15458,3.6978936
0.154582,3.2818112
0.154584,2.727035
0.154586,1.9873328
0.154588,1.1551685
0.15459,0.23054075
0.15459199,-0.6478553
0.154594,-1.5262513
0.154596,-2.3121846
0.154598,-3.0056553
0.1546,-3.5142004
0.154602,-3.8378198
0.154604,-3.976514
0.154606,-3.8840513
0.154608,-3.5604317
0.15461,-3.098118
0.154612,-2.4046474
0.154614,-1.6187139
0.154616,-0.78654957
0.154618,0.13807821
0.15462,1.0627055
0.154622,1.8948698
0.154624,2.6345725
0.154626,3.23558
0.154628,3.6978936
0.15463,3.5591989
0.154632,0.23054075
0.154634,-3.0056553
0.154636,-3.3755062
0.15463799,-2.8207297
0.15464,-2.1272593
0.154642,-1.2950945
0.154644,-0.41669846
0.154646,0.50792885
0.154648,1.4325566
0.15465,2.2184901
0.154652,2.9119601
0.154654,3.420505
0.154656,3.7903562
0.154658,3.9752812
0.15466,3.8828197
0.154662,3.605431
0.154664,3.1431174
0.154666,2.542109
0.154668,1.756176
0.15467,0.92401123
0.154672,0.045615196
0.154674,-0.8790121
0.154676,-1.7111769
0.154678,-2.4971101
0.15468,-3.1443493
0.154682,-3.6066632
0.15468399,-3.8840513
0.154686,-3.976514
0.154688,-3.7915885
0.15469,-3.467969
0.154692,-2.9594238
0.154694,-2.2659533
0.154696,-1.4337888
0.154698,-0.55539227
0.1547,0.36923456
0.154702,1.2476311
0.154704,2.0797954
0.154706,2.7732663
0.154708,3.3742738
0.15471,3.744125
0.154712,3.92905
0.154714,3.92905
0.154716,3.6978936
0.154718,3.23558
0.15472,2.6345725
0.154722,1.8948698
0.154724,1.1089368
0.154726,0.184309
0.154728,-0.7403178
0.15473,-1.5724826
0.154732,-2.3584158
0.154734,-3.0518866
0.154736,-3.5604317
0.154738,-3.8378198
0.15474,-3.976514
0.154742,-3.8378198
0.154744,-3.5604317
0.154746,-3.0518866
0.154748,-2.3584158
0.15475,-1.5724826
0.154752,-0.7403178
0.154754,0.184309
0.154756,1.1089368
0.154758,1.9411016
0.15476,2.6808028
0.154762,3.2818112
0.154764,3.6978936
0.154766,3.92905
0.154768,3.92905
0.15477,3.744125
0.154772,3.3280425
0.154774,2.7732663
0.154776,2.033564
0.154778,1.2476311
0.15478,0.3230033
0.154782,-0.55539227
0.154784,-1.4337888
0.154786,-2.2197218
0.154788,-2.9131925
0.15479,-3.467969
0.154792,-3.7915885
0.154794,-3.976514
0.154796,-3.8840513
0.154798,-3.6066632
0.1548,-3.1443493
0.154802,-2.4971101
0.154804,-1.7111769
0.154806,-0.8790121
0.154808,0.045615196
0.15481,0.970243
0.154812,1.8024073
0.154814,2.542109
0.154816,3.1893477
0.154818,3.6516623
0.15482,3.8828197
0.154822,3.9752812
0.154824,3.7903562
0.154826,3.420505
0.154828,2.8657289
0.15483,2.172258
0.154832,1.3863249
0.154834,0.50792885
0.154836,-0.41669846
0.154838,-1.2950945
0.15483999,-2.081028
0.154842,-2.8207297
0.154844,-3.3755062
0.154846,-3.745357
0.154848,-3.9302826
0.15485,-3.9302826
0.154852,-3.6528945
0.154854,-3.236812
0.154856,-2.6358042
0.154858,-1.8498712
0.15486,-1.0177064
0.154862,-0.13931036
0.154864,0.7853174
0.154866,1.6637135
0.154868,2.4496465
0.15487,3.0968862
0.154872,3.5591989
0.154874,3.8828197
0.154876,3.9752812
0.154878,3.8365874
0.15488,3.5129685
0.154882,3.0044227
0.154884,2.3109517
0.15488599,1.5250192
0.154888,0.64662313
0.15489,-0.27800417
0.154892,-1.1564007
0.154894,-1.9885652
0.154896,-2.6820357
0.154898,-3.2830436
0.1549,-3.6991258
0.154902,-3.9302826
0.154904,-3.9302826
0.154906,-3.745357
0.154908,-3.329275
0.15491,-2.728267
0.154912,-1.9885652
0.154914,-1.202632
0.154916,-0.27800417
0.154918,0.64662313
0.15492,1.5250192
0.154922,2.3109517
0.154924,3.0044227
0.154926,3.5129685
0.154928,3.8365874
0.15493,3.9752812
0.15493199,3.8828197
0.154934,3.5591989
0.154936,3.0968862
0.154938,2.4496465
0.15494,1.6637135
0.154942,0.8315482
0.154944,-0.09307861
0.154946,-1.0177064
0.154948,-1.8036394
0.15495,-2.589573
0.154952,-3.1905808
0.154954,-3.6528945
0.154956,-3.8840513
0.154958,-3.9302826
0.15496,-3.7915885
0.154962,-3.4217377
0.154964,-2.866961
0.154966,-2.1272593
0.154968,-1.3413262
0.15497,-0.46292973
0.154972,0.50792885
0.154974,1.3863249
0.154976,2.172258
0.15497799,2.8657289
0.15498,3.420505
0.154982,3.7903562
0.154984,3.92905
0.154986,3.8828197
0.154988,3.6516623
0.15499,3.1893477
0.154992,2.542109
0.154994,1.8024073
0.154996,0.970243
0.154998,0.045615196
0.155,-0.83278084
0.155002,-1.6649456
0.155004,-2.4508786
0.155006,-3.098118
0.155008,-3.6066632
0.15501,-3.8840513
0.155012,-3.976514
0.155014,-3.8378198
0.155016,-3.467969
0.155018,-2.9594238
0.15502,-2.2659533
0.155022,-1.48002
0.155024,-0.601624
0.155026,0.3230033
0.155028,1.2476311
0.15503,2.033564
0.155032,2.7732663
0.155034,3.3280425
0.155036,3.744125
0.155038,3.92905
0.15504,3.92905
0.155042,3.6978936
0.155044,3.2818112
0.155046,2.6808028
0.155048,1.9411016
0.15505,1.2013993
0.155052,-0.09307861
0.155054,0.7853174
0.155056,1.6174817
0.155058,2.4034152
0.15506,3.0968862
0.155062,3.605431
0.155064,3.8828197
0.155066,4.0215135
0.155068,3.8828197
0.15507,3.605431
0.155072,3.0968862
0.155074,2.4496465
0.155076,1.6637135
0.155078,0.7853174
0.15508,-0.13931036
0.155082,-1.0177064
0.155084,-1.8498712
0.155086,-2.589573
0.15508799,-3.236812
0.15509,-3.6528945
0.155092,-3.8840513
0.155094,-3.9302826
0.155096,-3.745357
0.155098,-3.3755062
0.1551,-2.8207297
0.155102,-2.081028
0.155104,-1.2950945
0.155106,-0.3704667
0.155108,0.5541601
0.15511,1.4325566
0.155112,2.2184901
0.155114,2.9119601
0.155116,3.4667363
0.155118,3.7903562
0.15512,3.9752812
0.155122,3.8828197
0.155124,3.605431
0.155126,3.1431174
0.155128,2.542109
0.15513,1.756176
0.155132,0.92401123
0.15513399,-6.160736E-4
0.155136,-0.8790121
0.155138,-1.7111769
0.15514,-2.4971101
0.155142,-3.1443493
0.155144,-3.6066632
0.155146,-3.8840513
0.155148,-3.9302826
0.15515,-3.7915885
0.155152,-3.467969
0.155154,-2.9131925
0.155156,-2.2197218
0.155158,-1.4337888
0.15516,-0.55539227
0.155162,0.36923456
0.155164,1.2938623
0.155166,2.0797954
0.155168,2.8194976
0.15517,3.3742738
0.155172,3.744125
0.155174,3.92905
0.155176,3.92905
0.155178,3.6978936
0.15517999,3.23558
0.155182,2.6345725
0.155184,1.8948698
0.155186,1.0627055
0.155188,0.184309
0.15519,-0.7403178
0.155192,-1.5724826
0.155194,-2.3584158
0.155196,-3.0518866
0.155198,-3.5604317
0.1552,-3.8378198
0.155202,-3.976514
0.155204,-3.8378198
0.155206,-3.5142004
0.155208,-3.0518866
0.15521,-2.3584158
0.155212,-1.5724826
0.155214,-0.694087
0.155216,0.23054075
0.155218,1.1089368
0.15522,1.9411016
0.155222,2.6808028
0.155224,3.2818112
0.15522599,3.6978936
0.155228,3.92905
0.15523,3.92905
0.155232,3.744125
0.155234,3.3280425
0.155236,2.7732663
0.155238,2.033564
0.15524,1.2476311
0.155242,0.3230033
0.155244,-0.601624
0.155246,-1.48002
0.155248,-2.2659533
0.15525,-2.9594238
0.155252,-3.467969
0.155254,-3.8378198
0.155256,-3.976514
0.155258,-3.8840513
0.15526,-3.6066632
0.155262,-3.1443493
0.155264,-2.4971101
0.155266,-1.7111769
0.155268,-0.8790121
0.15527,0.045615196
0.155272,0.970243
0.155274,1.8024073
0.155276,2.5883412
0.155278,3.1893477
0.15528,3.6516623
0.155282,3.8828197
0.155284,3.92905
0.155286,3.7903562
0.155288,3.420505
0.15529,2.8657289
0.155292,2.172258
0.155294,1.3863249
0.155296,0.50792885
0.155298,-0.41669846
0.1553,-1.3413262
0.155302,-2.1272593
0.155304,-2.8207297
0.155306,-3.3755062
0.155308,-3.7915885
0.15531,-3.9302826
0.155312,-3.9302826
0.155314,-3.6528945
0.155316,-3.236812
0.155318,-2.6358042
0.15532,-1.8498712
0.155322,-1.0177064
0.155324,-0.09307861
0.155326,0.8315482
0.155328,1.6637135
0.15533,2.4496465
0.155332,3.0968862
0.155334,3.5591989
0.155336,3.8828197
0.155338,3.9752812
0.15534,3.8365874
0.155342,3.5129685
0.155344,2.9581914
0.155346,2.3109517
0.155348,1.4787879
0.15535,0.64662313
0.155352,-0.27800417
0.155354,-1.1564007
0.155356,-1.9885652
0.155358,-2.728267
0.15536,-3.329275
0.155362,-3.6991258
0.155364,-3.9302826
0.155366,-3.9302826
0.155368,-3.6991258
0.15537,-3.329275
0.155372,-2.728267
0.155374,-1.9885652
0.155376,-1.1564007
0.155378,-0.27800417
0.15538,0.64662313
0.15538199,1.5250192
0.155384,2.3109517
0.155386,3.0044227
0.155388,3.5129685
0.15539,3.8365874
0.155392,3.9752812
0.155394,3.8828197
0.155396,3.5591989
0.155398,3.0968862
0.1554,2.4496465
0.155402,1.6637135
0.155404,0.7853174
0.155406,-0.09307861
0.155408,-1.0177064
0.15541,-1.8498712
0.155412,-2.589573
0.155414,-3.236812
0.155416,-3.6528945
0.155418,-3.9302826
0.15542,-3.9302826
0.155422,-3.7915885
0.155424,-3.3755062
0.155426,-2.866961
0.15542799,-2.1272593
0.15543,-1.3413262
0.155432,-0.41669846
0.155434,0.50792885
0.155436,1.3863249
0.155438,2.172258
0.15544,2.8657289
0.155442,3.420505
0.155444,3.7903562
0.155446,3.92905
0.155448,3.8828197
0.15545,3.6516623
0.155452,3.1893477
0.155454,2.542109
0.155456,1.8024073
0.155458,0.970243
0.15546,0.045615196
0.155462,-0.8790121
0.155464,-1.7111769
0.155466,-2.4508786
0.155468,-3.098118
0.15547,-3.6066632
0.155472,-0.83278084
0.15547399,2.9119601
0.155476,3.8365874
0.155478,3.4667363
0.15548,2.9581914
0.155482,2.2647214
0.155484,1.4787879
0.155486,0.60039186
0.155488,-0.32423592
0.15549,-1.202632
0.155492,-2.0347965
0.155494,-2.7744985
0.155496,-3.329275
0.155498,-3.745357
0.1555,-3.9302826
0.155502,-3.9302826
0.155504,-3.6991258
0.155506,-3.2830436
0.155508,-2.6820357
0.15551,-1.9423337
0.155512,-1.1101689
0.155514,-0.18554163
0.155516,0.7390857
0.155518,1.5712504
0.15552,2.357184
0.155522,3.050654
0.155524,3.5591989
0.155526,3.8365874
0.155528,3.9752812
0.15553,3.8365874
0.155532,3.5591989
0.155534,3.050654
0.155536,2.4034152
0.155538,1.5712504
0.15554,0.7390857
0.155542,-0.18554163
0.155544,-1.0639377
0.155546,-1.8961024
0.155548,-2.6358042
0.15555,-3.236812
0.155552,-3.6991258
0.155554,-3.9302826
0.155556,-3.9302826
0.155558,-3.745357
0.15556,-3.3755062
0.155562,-2.7744985
0.155564,-2.081028
0.155566,-1.2488632
0.155568,-0.3704667
0.15557,0.5541601
0.155572,1.4787879
0.155574,2.2647214
0.155576,2.9119601
0.155578,3.4667363
0.15558,3.7903562
0.155582,3.9752812
0.155584,3.8828197
0.155586,3.605431
0.155588,3.1431174
0.15559,2.4958777
0.155592,1.756176
0.155594,0.87777996
0.155596,-6.160736E-4
0.155598,-0.9252434
0.1556,-1.7574081
0.155602,-2.5433414
0.155604,-3.1443493
0.155606,-3.6066632
0.155608,-3.8840513
0.15561,-3.9302826
0.155612,-3.7915885
0.155614,-3.4217377
0.155616,-2.9131925
0.155618,-2.2197218
0.15562,-1.387557
0.155622,-0.5091615
0.155624,0.4154663
0.155626,1.2938623
0.155628,2.126027
0.15562999,2.8194976
0.155632,3.3742738
0.155634,3.7903562
0.155636,3.92905
0.155638,3.92905
0.15564,3.6978936
0.155642,3.23558
0.155644,2.6345725
0.155646,1.8948698
0.155648,1.0627055
0.15565,0.13807821
0.155652,-0.78654957
0.155654,-1.6187139
0.155656,-2.4046474
0.155658,-3.0518866
0.15566,-3.5604317
0.155662,-3.8378198
0.155664,-3.976514
0.155666,-3.8378198
0.155668,-3.5142004
0.15567,-3.0056553
0.155672,-2.3584158
0.155674,-1.5262513
0.15567599,-0.694087
0.155678,0.23054075
0.15568,1.1551685
0.155682,1.9873328
0.155684,2.727035
0.155686,3.2818112
0.155688,3.6978936
0.15569,3.92905
0.155692,3.92905
0.155694,3.744125
0.155696,3.3280425
0.155698,2.727035
0.1557,2.033564
0.155702,1.2013993
0.155704,0.3230033
0.155706,-0.601624
0.155708,-1.48002
0.15571,-2.2659533
0.155712,-2.9594238
0.155714,-3.467969
0.155716,-3.8378198
0.155718,-3.976514
0.15572,-3.8840513
0.15572199,-3.6066632
0.155724,-3.098118
0.155726,-2.4508786
0.155728,-1.6649456
0.15573,-0.83278084
0.155732,0.091846466
0.155734,1.0164738
0.155736,1.8486385
0.155738,2.5883412
0.15574,3.1893477
0.155742,3.6516623
0.155744,3.92905
0.155746,3.92905
0.155748,3.7903562
0.15575,3.420505
0.155752,2.8657289
0.155754,2.172258
0.155756,1.3400936
0.155758,0.46169758
0.15576,-0.46292973
0.155762,-1.3413262
0.155764,-2.1272593
0.155766,-2.866961
0.155768,-3.4217377
0.15577,-3.7915885
0.155772,-3.9302826
0.155774,-3.8840513
0.155776,-3.6528945
0.155778,-3.1905808
0.15578,-2.589573
0.155782,-1.8498712
0.155784,-0.9714751
0.155786,-0.09307861
0.155788,0.8315482
0.15579,1.7099442
0.155792,2.4496465
0.155794,3.0968862
0.155796,3.605431
0.155798,3.8828197
0.1558,3.9752812
0.155802,3.8365874
0.155804,3.4667363
0.155806,2.9581914
0.155808,2.2647214
0.15581,1.4787879
0.155812,0.60039186
0.155814,-0.27800417
0.155816,-1.202632
0.155818,-1.9885652
0.15582,-2.728267
0.155822,-3.329275
0.155824,-3.745357
0.155826,-3.9302826
0.155828,-3.9302826
0.15583,-3.6991258
0.155832,-3.2830436
0.155834,-2.728267
0.155836,-1.9885652
0.155838,-1.1564007
0.15584,-0.2317729
0.155842,0.6928544
0.155844,1.5250192
0.155846,2.357184
0.155848,3.0044227
0.15585,3.5129685
0.155852,3.8365874
0.155854,3.9752812
0.155856,3.8828197
0.155858,3.5591989
0.15586,3.050654
0.155862,2.4034152
0.155864,1.6174817
0.155866,0.7853174
0.155868,-0.13931036
0.15587,-1.0639377
0.155872,-1.8498712
0.155874,-2.6358042
0.155876,-3.236812
0.15587799,-3.6528945
0.15588,-3.9302826
0.155882,-3.9302826
0.155884,-3.745357
0.155886,-3.3755062
0.155888,-2.8207297
0.15589,-2.1272593
0.155892,0.60039186
0.155894,0.3230033
0.155896,-0.601624
0.155898,-1.48002
0.1559,-2.2659533
0.155902,-2.9594238
0.155904,-3.467969
0.155906,-3.8378198
0.155908,-3.976514
0.15591,-3.9302826
0.155912,-3.6528945
0.155914,-3.1905808
0.155916,-2.589573
0.155918,-1.8036394
0.15592,-0.9714751
0.155922,-0.046847343
0.15592399,0.87777996
0.155926,1.7099442
0.155928,2.4958777
0.15593,3.1431174
0.155932,3.605431
0.155934,3.8828197
0.155936,3.92905
0.155938,3.7903562
0.15594,3.4667363
0.155942,2.9119601
0.155944,2.2184901
0.155946,1.4325566
0.155948,0.5541601
0.15595,-0.3704667
0.155952,-1.2488632
0.155954,-2.0347965
0.155956,-2.7744985
0.155958,-3.3755062
0.15596,-3.745357
0.155962,-3.9302826
0.155964,-3.9302826
0.155966,-3.6991258
0.155968,-3.2830436
0.15596999,-2.6820357
0.155972,-1.9423337
0.155974,-1.1101689
0.155976,-0.18554163
0.155978,0.7390857
0.15598,1.5712504
0.155982,2.4034152
0.155984,3.050654
0.155986,3.5591989
0.155988,3.8365874
0.15599,3.9752812
0.155992,3.8365874
0.155994,3.5129685
0.155996,3.050654
0.155998,2.357184
0.156,1.5712504
0.156002,0.7390857
0.156004,-0.18554163
0.156006,-1.1101689
0.156008,-1.8961024
0.15601,-2.6358042
0.156012,-3.2830436
0.156014,-3.6991258
0.15601599,-3.9302826
0.156018,-3.9302826
0.15602,-3.745357
0.156022,-3.3755062
0.156024,-2.7744985
0.156026,-2.081028
0.156028,-1.2488632
0.15603,-0.32423592
0.156032,0.60039186
0.156034,1.4787879
0.156036,2.2647214
0.156038,2.9581914
0.15604,3.4667363
0.156042,3.8365874
0.156044,3.9752812
0.156046,3.8828197
0.156048,3.605431
0.15605,3.1431174
0.156052,2.4958777
0.156054,1.7099442
0.156056,0.87777996
0.156058,-0.046847343
0.15606,-0.9252434
0.156062,-1.7574081
0.156064,-2.5433414
0.156066,-3.1905808
0.156068,-3.6528945
0.15607,-3.8840513
0.156072,-3.9302826
0.156074,-3.7915885
0.156076,-3.4217377
0.156078,-2.9131925
0.15608,-2.1734905
0.156082,-1.387557
0.156084,-0.5091615
0.156086,0.4154663
0.156088,1.3400936
0.15609,2.126027
0.156092,2.8194976
0.156094,3.3742738
0.156096,3.7903562
0.156098,3.92905
0.1561,3.92905
0.156102,3.6516623
0.156104,3.23558
0.156106,2.6345725
0.156108,1.8486385
0.15611,1.0164738
0.156112,0.13807821
0.156114,-0.78654957
0.156116,-1.6187139
0.156118,-2.4046474
0.15612,-3.0518866
0.156122,-3.5604317
0.156124,-3.8840513
0.15612599,-3.976514
0.156128,-3.8378198
0.15613,-3.5142004
0.156132,-3.0056553
0.156134,-2.3121846
0.156136,-1.5262513
0.156138,-0.6478553
0.15614,0.27677202
0.156142,1.1551685
0.156144,1.9873328
0.156146,2.727035
0.156148,3.3280425
0.15615,3.744125
0.156152,3.92905
0.156154,3.92905
0.156156,3.744125
0.156158,3.3280425
0.15616,2.727035
0.156162,1.9873328
0.156164,1.2013993
0.156166,0.27677202
0.156168,-0.6478553
0.15617,-1.48002
0.15617199,-2.2659533
0.156174,-2.9594238
0.156176,-3.5142004
0.156178,-3.8378198
0.15618,-3.976514
0.156182,-3.8840513
0.156184,-3.5604317
0.156186,-3.098118
0.156188,-2.4508786
0.15619,-1.6649456
0.156192,-0.83278084
0.156194,0.091846466
0.156196,1.0164738
0.156198,1.8486385
0.1562,2.5883412
0.156202,3.23558
0.156204,3.6516623
0.156206,3.92905
0.156208,3.92905
0.15621,3.7903562
0.156212,3.420505
0.156214,2.8657289
0.156216,2.126027
0.15621799,1.3400936
0.15622,0.46169758
0.156222,-0.46292973
0.156224,-1.3413262
0.156226,-2.1734905
0.156228,-2.866961
0.15623,-3.4217377
0.156232,-3.7915885
0.156234,-3.9302826
0.156236,-3.8840513
0.156238,-3.6528945
0.15624,-3.1905808
0.156242,-2.589573
0.156244,-1.8036394
0.156246,-0.9714751
0.156248,-0.046847343
0.15625,0.87777996
0.156252,1.7099442
0.156254,2.4958777
0.156256,3.1431174
0.156258,3.605431
0.15626,3.8828197
0.156262,3.9752812
0.15626399,3.8365874
0.156266,3.4667363
0.156268,2.9581914
0.15627,2.2647214
0.156272,1.4787879
0.156274,0.60039186
0.156276,-0.32423592
0.156278,-1.202632
0.15628,-2.0347965
0.156282,-2.728267
0.156284,-3.329275
0.156286,-3.745357
0.156288,-3.9302826
0.15629,-3.9302826
0.156292,-3.6991258
0.156294,-3.2830436
0.156296,-2.6820357
0.156298,-1.9423337
0.1563,-1.1101689
0.156302,-0.2317729
0.156304,0.6928544
0.156306,1.5712504
0.156308,2.357184
0.15631,3.050654
0.156312,0.87777996
0.156314,-2.4508786
0.156316,-3.976514
0.156318,-3.8840513
0.15632,-3.5604317
0.156322,-3.098118
0.156324,-2.4508786
0.156326,-1.6187139
0.156328,-0.78654957
0.15633,0.13807821
0.156332,1.0627055
0.156334,1.8948698
0.156336,2.6345725
0.156338,3.23558
0.15634,3.6516623
0.156342,3.92905
0.156344,3.92905
0.156346,3.744125
0.156348,3.3742738
0.15635,2.7732663
0.156352,2.0797954
0.156354,1.2476311
0.156356,0.36923456
0.156358,-0.55539227
0.15636,-1.4337888
0.156362,-2.2197218
0.156364,-2.9131925
0.156366,-3.467969
0.156368,-3.7915885
0.15637,-3.976514
0.156372,-3.8840513
0.156374,-3.6066632
0.156376,-3.1443493
0.156378,-2.5433414
0.15638,-1.7574081
0.156382,-0.9252434
0.156384,-6.160736E-4
0.156386,0.92401123
0.156388,1.756176
0.15639,2.542109
0.156392,3.1431174
0.156394,3.605431
0.156396,3.8828197
0.156398,3.92905
0.1564,3.7903562
0.156402,3.4667363
0.156404,2.9119601
0.156406,2.2184901
0.156408,1.4325566
0.15641,0.5541601
0.156412,-0.3704667
0.156414,-1.2488632
0.156416,-2.081028
0.156418,-2.7744985
0.15641999,-3.3755062
0.156422,-3.745357
0.156424,-3.9302826
0.156426,-3.9302826
0.156428,-3.6991258
0.15643,-3.236812
0.156432,-2.6358042
0.156434,-1.8961024
0.156436,-1.0639377
0.156438,-0.13931036
0.15644,0.7853174
0.156442,1.6174817
0.156444,2.4034152
0.156446,3.050654
0.156448,3.5591989
0.15645,3.8828197
0.156452,3.9752812
0.156454,3.8365874
0.156456,3.5129685
0.156458,3.0044227
0.15646,2.357184
0.156462,1.5712504
0.156464,0.6928544
0.15646599,-0.2317729
0.156468,-1.1101689
0.15647,-1.9423337
0.156472,-2.6820357
0.156474,-3.2830436
0.156476,-3.6991258
0.156478,-3.9302826
0.15648,-3.9302826
0.156482,-3.745357
0.156484,-3.329275
0.156486,-2.7744985
0.156488,-2.0347965
0.15649,-1.202632
0.156492,-0.32423592
0.156494,0.60039186
0.156496,1.4787879
0.156498,2.2647214
0.1565,2.9581914
0.156502,3.4667363
0.156504,3.8365874
0.156506,3.9752812
0.156508,3.8828197
0.15651,3.605431
0.15651199,3.0968862
0.156514,2.4496465
0.156516,1.7099442
0.156518,0.8315482
0.15652,-0.046847343
0.156522,-0.9714751
0.156524,-1.8036394
0.156526,-2.5433414
0.156528,-3.1905808
0.15653,-3.6528945
0.156532,-3.8840513
0.156534,-3.9302826
0.156536,-3.7915885
0.156538,-3.4217377
0.15654,-2.866961
0.156542,-2.1734905
0.156544,-1.387557
0.156546,-0.46292973
0.156548,0.46169758
0.15655,1.3400936
0.156552,2.126027
0.156554,2.8657289
0.156556,3.420505
0.156558,3.7903562
0.15656,3.92905
0.156562,3.92905
0.156564,3.6516623
0.156566,3.1893477
0.156568,2.5883412
0.15657,1.8486385
0.156572,1.0164738
0.156574,0.091846466
0.156576,-0.83278084
0.156578,-1.6649456
0.15658,-2.4508786
0.156582,-3.098118
0.156584,-3.5604317
0.156586,-3.8840513
0.156588,-3.976514
0.15659,-3.8378198
0.156592,-3.5142004
0.156594,-3.0056553
0.156596,-2.3121846
0.156598,-1.48002
0.1566,-0.6478553
0.156602,0.27677202
0.156604,1.2013993
0.156606,1.9873328
0.156608,2.727035
0.15661,3.3280425
0.156612,3.744125
0.156614,3.92905
0.156616,3.92905
0.156618,3.6978936
0.15662,3.2818112
0.156622,2.727035
0.156624,1.9873328
0.156626,1.1551685
0.156628,0.27677202
0.15663,-0.6478553
0.156632,-1.5262513
0.156634,-2.3121846
0.156636,-3.0056553
0.156638,-3.5142004
0.15664,-3.8378198
0.156642,-3.976514
0.156644,-3.8840513
0.156646,-3.5604317
0.156648,-3.098118
0.15665,-2.4508786
0.156652,-1.6649456
0.156654,-0.78654957
0.156656,0.13807821
0.156658,1.0164738
0.15666,1.8486385
0.156662,2.6345725
0.156664,3.23558
0.156666,3.6516623
0.15666799,3.92905
0.15667,3.92905
0.156672,3.7903562
0.156674,3.3742738
0.156676,2.8194976
0.156678,2.126027
0.15668,1.2938623
0.156682,0.4154663
0.156684,-0.5091615
0.156686,-1.387557
0.156688,-2.1734905
0.15669,-2.866961
0.156692,-3.4217377
0.156694,-3.7915885
0.156696,-3.9302826
0.156698,-3.8840513
0.1567,-3.6528945
0.156702,-3.1905808
0.156704,-2.5433414
0.156706,-1.8036394
0.156708,-0.9252434
0.15671,-0.046847343
0.156712,0.87777996
0.15671399,1.7099442
0.156716,2.4958777
0.156718,3.1431174
0.15672,3.605431
0.156722,3.8828197
0.156724,3.9752812
0.156726,3.7903562
0.156728,3.4667363
0.15673,2.9581914
0.156732,0.6928544
0.156734,-1.2950945
0.156736,-0.5091615
0.156738,0.4154663
0.15674,1.2938623
0.156742,2.126027
0.156744,2.8194976
0.156746,3.420505
0.156748,3.7903562
0.15675,3.9752812
0.156752,3.9752812
0.156754,3.744125
0.156756,3.2818112
0.156758,2.6808028
0.15675999,1.9411016
0.156762,1.1089368
0.156764,0.23054075
0.156766,-0.694087
0.156768,-1.5262513
0.15677,-2.3121846
0.156772,-3.0056553
0.156774,-3.5142004
0.156776,-3.8378198
0.156778,-3.9302826
0.15678,-3.8378198
0.156782,-3.5604317
0.156784,-3.0518866
0.156786,-2.4046474
0.156788,-1.5724826
0.15679,-0.7403178
0.156792,0.184309
0.156794,1.1089368
0.156796,1.9411016
0.156798,2.6808028
0.1568,3.2818112
0.156802,3.6978936
0.156804,3.92905
0.156806,3.92905
0.156808,3.744125
0.15681,3.3742738
0.156812,2.7732663
0.156814,2.0797954
0.156816,1.2476311
0.156818,0.36923456
0.15682,-0.55539227
0.156822,-1.4337888
0.156824,-2.2197218
0.156826,-2.9131925
0.156828,-3.467969
0.15683,-3.7915885
0.156832,-3.9302826
0.156834,-3.8840513
0.156836,-3.6066632
0.156838,-3.1443493
0.15684,-2.4971101
0.156842,-1.7574081
0.156844,-0.8790121
0.156846,0.045615196
0.156848,0.92401123
0.15685,1.756176
0.156852,2.542109
0.156854,3.1893477
0.156856,3.6516623
0.156858,3.8828197
0.15686,3.92905
0.156862,3.7903562
0.156864,3.420505
0.156866,2.9119601
0.156868,2.2184901
0.15687,1.4325566
0.156872,0.50792885
0.156874,-0.41669846
0.156876,-1.2950945
0.156878,-2.081028
0.15688,-2.8207297
0.156882,-3.3755062
0.156884,-3.745357
0.156886,-3.9302826
0.156888,-3.9302826
0.15689,-3.6991258
0.156892,-3.236812
0.156894,-2.6358042
0.156896,-1.8961024
0.156898,-1.0639377
0.1569,-0.13931036
0.156902,0.7853174
0.156904,1.6174817
0.156906,2.4034152
0.156908,3.0968862
0.15691,3.5591989
0.156912,3.8828197
0.156914,3.9752812
0.15691599,3.8365874
0.156918,3.5129685
0.15692,3.0044227
0.156922,2.3109517
0.156924,1.5250192
0.156926,0.6928544
0.156928,-0.2317729
0.15693,-1.1564007
0.156932,-1.9423337
0.156934,-2.6820357
0.156936,-3.2830436
0.156938,-3.6991258
0.15694,-3.9302826
0.156942,-3.9302826
0.156944,-3.745357
0.156946,-3.329275
0.156948,-2.7744985
0.15695,-2.0347965
0.156952,-1.202632
0.156954,-0.27800417
0.156956,0.64662313
0.156958,1.4787879
0.15696,2.2647214
0.15696199,2.9581914
0.156964,3.5129685
0.156966,3.8365874
0.156968,3.9752812
0.15697,3.8828197
0.156972,3.605431
0.156974,3.0968862
0.156976,2.4496465
0.156978,1.6637135
0.15698,0.8315482
0.156982,-0.09307861
0.156984,-0.9714751
0.156986,-1.8036394
0.156988,-2.589573
0.15699,-3.1905808
0.156992,-3.6528945
0.156994,-3.8840513
0.156996,-3.9302826
0.156998,-3.7915885
0.157,-3.4217377
0.157002,-2.866961
0.157004,-2.1734905
0.157006,-1.3413262
0.15700799,-0.46292973
0.15701,0.46169758
0.157012,1.3400936
0.157014,2.172258
0.157016,2.8657289
0.157018,3.420505
0.15702,3.7903562
0.157022,3.92905
0.157024,3.8828197
0.157026,3.6516623
0.157028,3.1893477
0.15703,2.5883412
0.157032,1.8024073
0.157034,1.0164738
0.157036,0.091846466
0.157038,-0.83278084
0.15704,-1.6649456
0.157042,-2.4508786
0.157044,-3.098118
0.157046,-3.6066632
0.157048,-3.8840513
0.15705,-3.976514
0.157052,-3.8378198
0.157054,-3.5142004
0.157056,-2.9594238
0.157058,-2.3121846
0.15706,-1.48002
0.157062,-0.601624
0.157064,0.3230033
0.157066,1.2013993
0.157068,2.033564
0.15707,2.7732663
0.157072,3.3280425
0.157074,3.744125
0.157076,3.92905
0.157078,3.92905
0.15708,3.6978936
0.157082,3.2818112
0.157084,2.6808028
0.157086,1.9873328
0.157088,1.1551685
0.15709,0.23054075
0.157092,-0.6478553
0.157094,-1.5262513
0.157096,-2.3121846
0.157098,-3.0056553
0.1571,-3.5142004
0.157102,-3.8378198
0.157104,-3.976514
0.157106,-3.8840513
0.157108,-3.5604317
0.15711,-3.098118
0.157112,-2.4046474
0.157114,-1.6187139
0.157116,-0.78654957
0.157118,0.13807821
0.15712,1.0627055
0.157122,1.8948698
0.157124,2.6345725
0.157126,3.23558
0.157128,3.6978936
0.15713,3.92905
0.157132,3.92905
0.157134,3.744125
0.157136,3.3742738
0.157138,2.8194976
0.15714,2.0797954
0.157142,1.2938623
0.157144,0.4154663
0.157146,-0.5091615
0.157148,-1.387557
0.15715,-2.1734905
0.157152,-0.8790121
0.157154,2.8194976
0.157156,3.8365874
0.157158,3.9752812
0.15716,3.92905
0.157162,3.6516623
0.15716399,3.1893477
0.157166,2.542109
0.157168,1.8024073
0.15717,0.970243
0.157172,0.045615196
0.157174,-0.8790121
0.157176,-1.7111769
0.157178,-2.4508786
0.15718,-3.098118
0.157182,-3.6066632
0.157184,-3.8840513
0.157186,-3.9302826
0.157188,-3.7915885
0.15719,-3.467969
0.157192,-2.9131925
0.157194,-2.2197218
0.157196,-1.4337888
0.157198,-0.55539227
0.1572,0.36923456
0.157202,1.2938623
0.157204,2.0797954
0.157206,2.8194976
0.157208,3.3742738
0.15720999,3.744125
0.157212,3.92905
0.157214,3.92905
0.157216,3.6978936
0.157218,3.2818112
0.15722,2.6808028
0.157222,1.8948698
0.157224,1.1089368
0.157226,0.184309
0.157228,-0.7403178
0.15723,-1.5724826
0.157232,-2.3584158
0.157234,-3.0518866
0.157236,-3.5604317
0.157238,-3.8378198
0.15724,-3.976514
0.157242,-3.8378198
0.157244,-3.5142004
0.157246,-3.0518866
0.157248,-2.3584158
0.15725,-1.5724826
0.157252,-0.694087
0.157254,0.23054075
0.15725599,1.1089368
0.157258,1.9411016
0.15726,2.6808028
0.157262,3.2818112
0.157264,3.6978936
0.157266,3.92905
0.157268,3.92905
0.15727,3.744125
0.157272,3.3280425
0.157274,2.7732663
0.157276,2.033564
0.157278,1.2476311
0.15728,0.3230033
0.157282,-0.55539227
0.157284,-1.48002
0.157286,-2.2197218
0.157288,-2.9131925
0.15729,-3.467969
0.157292,-3.7915885
0.157294,-3.9302826
0.157296,-3.8840513
0.157298,-3.6066632
0.1573,-3.1443493
0.15730199,-2.4971101
0.157304,-1.7111769
0.157306,-0.8790121
0.157308,0.045615196
0.15731,0.970243
0.157312,1.8024073
0.157314,2.542109
0.157316,3.1893477
0.157318,3.6516623
0.15732,3.8828197
0.157322,3.92905
0.157324,3.7903562
0.157326,3.420505
0.157328,2.8657289
0.15733,2.172258
0.157332,1.3863249
0.157334,0.50792885
0.157336,-0.41669846
0.157338,-1.2950945
0.15734,-2.1272593
0.157342,-2.8207297
0.157344,-3.3755062
0.157346,-3.745357
0.157348,-3.9302826
0.15735,-3.9302826
0.157352,-3.6528945
0.157354,-3.236812
0.157356,-2.6358042
0.157358,-1.8498712
0.15736,-1.0177064
0.157362,-0.09307861
0.157364,0.7853174
0.157366,1.6637135
0.157368,2.4496465
0.15737,3.0968862
0.157372,3.5591989
0.157374,3.8828197
0.157376,3.9752812
0.157378,3.8365874
0.15738,3.5129685
0.157382,3.0044227
0.157384,2.3109517
0.157386,1.5250192
0.157388,0.64662313
0.15739,-0.27800417
0.157392,-1.1564007
0.157394,-1.9885652
0.157396,-2.728267
0.157398,-3.2830436
0.1574,-3.6991258
0.157402,-3.9302826
0.157404,-3.9302826
0.157406,-3.745357
0.157408,-3.329275
0.15741,-2.728267
0.157412,-1.9885652
0.157414,-1.202632
0.157416,-0.27800417
0.157418,0.64662313
0.15742,1.5250192
0.157422,2.3109517
0.157424,3.0044227
0.157426,3.5129685
0.157428,3.8365874
0.15743,3.9752812
0.157432,3.8828197
0.157434,3.5591989
0.157436,3.0968862
0.157438,2.4496465
0.15744,1.6637135
0.157442,0.8315482
0.157444,-0.09307861
0.157446,-1.0177064
0.157448,-1.8498712
0.15745,-2.589573
0.157452,-3.1905808
0.157454,-3.6528945
0.157456,-3.8840513
0.15745799,-3.9302826
0.15746,-3.7915885
0.157462,-3.4217377
0.157464,-2.866961
0.157466,-2.1272593
0.157468,-1.3413262
0.15747,-0.41669846
0.157472,0.50792885
0.157474,1.3863249
0.157476,2.172258
0.157478,2.8657289
0.15748,3.420505
0.157482,3.7903562
0.157484,3.9752812
0.157486,3.8828197
0.157488,3.6516623
0.15749,3.1893477
0.157492,2.542109
0.157494,1.8024073
0.157496,0.970243
0.157498,0.045615196
0.1575,-0.83278084
0.157502,-1.6649456
0.15750399,-2.4508786
0.157506,-3.098118
0.157508,-3.6066632
0.15751,-3.8840513
0.157512,-3.976514
0.157514,-3.8378198
0.157516,-3.467969
0.157518,-2.9594238
0.15752,-2.2659533
0.157522,-1.48002
0.157524,-0.601624
0.157526,0.3230033
0.157528,1.2476311
0.15753,2.033564
0.157532,2.7732663
0.157534,3.3280425
0.157536,3.744125
0.157538,3.92905
0.15754,3.92905
0.157542,3.6978936
0.157544,3.2818112
0.157546,2.6808028
0.157548,1.9411016
0.15754999,1.1089368
0.157552,0.23054075
0.157554,-0.694087
0.157556,-1.5262513
0.157558,-2.3121846
0.15756,-3.0056553
0.157562,-3.5142004
0.157564,-3.8378198
0.157566,-3.976514
0.157568,-3.8378198
0.15757,-3.5604317
0.157572,-1.9423337
0.157574,1.6174817
0.157576,1.5250192
0.157578,0.6928544
0.15758,-0.2317729
0.157582,-1.1101689
0.157584,-1.9423337
0.157586,-2.6820357
0.157588,-3.2830436
0.15759,-3.6991258
0.157592,-3.9302826
0.157594,-3.976514
0.157596,-3.7915885
0.157598,-3.3755062
0.1576,-2.8207297
0.157602,-2.1272593
0.157604,-1.2950945
0.157606,-0.41669846
0.157608,0.5541601
0.15761,1.4325566
0.157612,2.2184901
0.157614,2.9119601
0.157616,3.4667363
0.157618,3.7903562
0.15762,3.92905
0.157622,3.8828197
0.157624,3.605431
0.157626,3.1431174
0.157628,2.4958777
0.15763,1.756176
0.157632,0.92401123
0.157634,-6.160736E-4
0.157636,-0.9252434
0.157638,-1.7574081
0.15764,-2.4971101
0.157642,-3.1443493
0.157644,-3.6066632
0.157646,-3.8840513
0.157648,-3.976514
0.15765,-3.7915885
0.157652,-3.467969
0.157654,-2.9131925
0.157656,-2.2197218
0.157658,-1.4337888
0.15766,-0.55539227
0.157662,0.36923456
0.157664,1.2938623
0.157666,2.0797954
0.157668,2.8194976
0.15767,3.3742738
0.157672,3.744125
0.157674,3.92905
0.157676,3.92905
0.157678,3.6978936
0.15768,3.23558
0.157682,2.6345725
0.157684,1.8948698
0.157686,1.0627055
0.157688,0.184309
0.15769,-0.7403178
0.157692,-1.5724826
0.157694,-2.3584158
0.157696,-3.0518866
0.157698,-3.5604317
0.1577,-3.8378198
0.157702,-3.976514
0.157704,-3.8378198
0.15770599,-3.5142004
0.157708,-3.0056553
0.15771,-2.3584158
0.157712,-1.5724826
0.157714,-0.694087
0.157716,0.23054075
0.157718,1.1551685
0.15772,1.9411016
0.157722,2.6808028
0.157724,3.2818112
0.157726,3.6978936
0.157728,3.92905
0.15773,3.92905
0.157732,3.744125
0.157734,3.3280425
0.157736,2.7732663
0.157738,2.033564
0.15774,1.2013993
0.157742,0.3230033
0.157744,-0.601624
0.157746,-1.48002
0.157748,-2.2659533
0.15775,-2.9594238
0.15775199,-3.467969
0.157754,-3.8378198
0.157756,-3.976514
0.157758,-3.8840513
0.15776,-3.6066632
0.157762,-3.1443493
0.157764,-2.4971101
0.157766,-1.7111769
0.157768,-0.83278084
0.15777,0.091846466
0.157772,0.970243
0.157774,1.8024073
0.157776,2.5883412
0.157778,3.1893477
0.15778,3.6516623
0.157782,3.8828197
0.157784,3.92905
0.157786,3.7903562
0.157788,3.420505
0.15779,2.8657289
0.157792,2.172258
0.157794,1.3863249
0.157796,0.46169758
0.15779799,-0.41669846
0.1578,-1.3413262
0.157802,-2.1272593
0.157804,-2.8207297
0.157806,-3.3755062
0.157808,-3.7915885
0.15781,-3.9302826
0.157812,-3.8840513
0.157814,-3.6528945
0.157816,-3.236812
0.157818,-2.589573
0.15782,-1.8498712
0.157822,-1.0177064
0.157824,-0.09307861
0.157826,0.8315482
0.157828,1.6637135
0.15783,2.4496465
0.157832,3.0968862
0.157834,3.605431
0.157836,3.8828197
0.157838,3.9752812
0.15784,3.8365874
0.157842,3.5129685
0.157844,2.9581914
0.157846,2.3109517
0.157848,1.4787879
0.15785,0.64662313
0.157852,-0.27800417
0.157854,-1.1564007
0.157856,-1.9885652
0.157858,-2.728267
0.15786,-3.329275
0.157862,-3.6991258
0.157864,-3.9302826
0.157866,-3.9302826
0.157868,-3.6991258
0.15787,-3.329275
0.157872,-2.728267
0.157874,-1.9885652
0.157876,-1.1564007
0.157878,-0.27800417
0.15788,0.64662313
0.157882,1.5250192
0.157884,2.3109517
0.157886,3.0044227
0.157888,3.5129685
0.15789,3.8365874
0.157892,3.9752812
0.157894,3.8828197
0.157896,3.5591989
0.157898,3.0968862
0.1579,2.4034152
0.157902,1.6637135
0.157904,0.7853174
0.157906,-0.13931036
0.157908,-1.0177064
0.15791,-1.8498712
0.157912,-2.589573
0.157914,-3.236812
0.157916,-3.6528945
0.157918,-3.9302826
0.15792,-3.9302826
0.157922,-3.7915885
0.157924,-3.3755062
0.157926,-2.8207297
0.157928,-2.1272593
0.15793,-1.2950945
0.157932,-0.41669846
0.157934,0.50792885
0.157936,1.3863249
0.157938,2.172258
0.15794,2.9119601
0.157942,3.420505
0.157944,3.7903562
0.157946,3.9752812
0.157948,3.8828197
0.15795,3.6516623
0.157952,3.1893477
0.15795399,2.542109
0.157956,1.8024073
0.157958,0.970243
0.15796,0.045615196
0.157962,-0.8790121
0.157964,-1.7111769
0.157966,-2.4971101
0.157968,-3.1443493
0.15797,-3.6066632
0.157972,-3.8840513
0.157974,-3.976514
0.157976,-3.7915885
0.157978,-3.467969
0.15798,-2.9594238
0.157982,-2.2659533
0.157984,-1.48002
0.157986,-0.55539227
0.157988,0.36923456
0.15799,1.2476311
0.157992,0.46169758
0.157994,-2.5433414
0.157996,-3.4217377
0.157998,-3.7915885
0.15799999,-3.976514
0.158002,-3.976514
0.158004,-3.745357
0.158006,-3.329275
0.158008,-2.728267
0.15801,-1.9423337
0.158012,-1.1101689
0.158014,-0.2317729
0.158016,0.6928544
0.158018,1.5712504
0.15802,2.357184
0.158022,3.0044227
0.158024,3.5129685
0.158026,3.8365874
0.158028,3.92905
0.15803,3.8365874
0.158032,3.5129685
0.158034,3.0044227
0.158036,2.357184
0.158038,1.5712504
0.15804,0.7390857
0.158042,-0.18554163
0.158044,-1.1101689
0.15804599,-1.8961024
0.158048,-2.6358042
0.15805,-3.2830436
0.158052,-3.6991258
0.158054,-3.9302826
0.158056,-3.9302826
0.158058,-3.745357
0.15806,-3.3755062
0.158062,-2.8207297
0.158064,-2.081028
0.158066,-1.2488632
0.158068,-0.3704667
0.15807,0.5541601
0.158072,1.4787879
0.158074,2.2647214
0.158076,2.9119601
0.158078,3.4667363
0.15808,3.7903562
0.158082,3.9752812
0.158084,3.8828197
0.158086,3.605431
0.158088,3.1431174
0.15809,2.4958777
0.158092,1.7099442
0.158094,0.87777996
0.158096,-0.046847343
0.158098,-0.9252434
0.1581,-1.7574081
0.158102,-2.5433414
0.158104,-3.1443493
0.158106,-3.6528945
0.158108,-3.8840513
0.15811,-3.9302826
0.158112,-3.7915885
0.158114,-3.4217377
0.158116,-2.9131925
0.158118,-2.2197218
0.15812,-1.387557
0.158122,-0.5091615
0.158124,0.4154663
0.158126,1.2938623
0.158128,2.126027
0.15813,2.8194976
0.158132,3.3742738
0.158134,3.7903562
0.158136,3.92905
0.158138,3.92905
0.15814,3.6516623
0.158142,3.23558
0.158144,2.6345725
0.158146,1.8486385
0.158148,1.0627055
0.15815,0.13807821
0.158152,-0.78654957
0.158154,-1.6187139
0.158156,-2.4046474
0.158158,-3.0518866
0.15816,-3.5604317
0.158162,-3.8840513
0.158164,-3.976514
0.158166,-3.8378198
0.158168,-3.5142004
0.15817,-3.0056553
0.158172,-2.3584158
0.158174,-1.5262513
0.158176,-0.6478553
0.158178,0.23054075
0.15818,1.1551685
0.158182,1.9873328
0.158184,2.727035
0.158186,3.2818112
0.158188,3.6978936
0.15819,3.92905
0.158192,3.92905
0.158194,3.744125
0.158196,3.3280425
0.158198,2.727035
0.1582,2.033564
0.15820199,1.2013993
0.158204,0.27677202
0.158206,-0.601624
0.158208,-1.48002
0.15821,-2.2659533
0.158212,-2.9594238
0.158214,-3.467969
0.158216,-3.8378198
0.158218,-3.976514
0.15822,-3.8840513
0.158222,-3.6066632
0.158224,-3.098118
0.158226,-2.4508786
0.158228,-1.6649456
0.15823,-0.83278084
0.158232,0.091846466
0.158234,1.0164738
0.158236,1.8486385
0.158238,2.5883412
0.15824,3.1893477
0.158242,3.6516623
0.158244,3.92905
0.158246,3.92905
0.15824799,3.7903562
0.15825,3.420505
0.158252,2.8657289
0.158254,2.126027
0.158256,1.3400936
0.158258,0.46169758
0.15826,-0.46292973
0.158262,-1.3413262
0.158264,-2.1272593
0.158266,-2.866961
0.158268,-3.4217377
0.15827,-3.7915885
0.158272,-3.9302826
0.158274,-3.8840513
0.158276,-3.6528945
0.158278,-3.1905808
0.15828,-2.589573
0.158282,-1.8036394
0.158284,-0.9714751
0.158286,-0.09307861
0.158288,0.8315482
0.15829,1.7099442
0.158292,2.4496465
0.15829399,3.0968862
0.158296,3.605431
0.158298,3.8828197
0.1583,3.9752812
0.158302,3.8365874
0.158304,3.4667363
0.158306,2.9581914
0.158308,2.2647214
0.15831,1.4787879
0.158312,0.60039186
0.158314,-0.32423592
0.158316,-1.202632
0.158318,-1.9885652
0.15832,-2.728267
0.158322,-3.329275
0.158324,-3.745357
0.158326,-3.9302826
0.158328,-3.9302826
0.15833,-3.6991258
0.158332,-3.2830436
0.158334,-2.728267
0.158336,-1.9885652
0.158338,-1.1564007
0.15833999,-0.2317729
0.158342,0.6928544
0.158344,1.5250192
0.158346,2.357184
0.158348,3.0044227
0.15835,3.5129685
0.158352,3.8365874
0.158354,3.9752812
0.158356,3.8828197
0.158358,3.5591989
0.15836,3.050654
0.158362,2.4034152
0.158364,1.6174817
0.158366,0.7853174
0.158368,-0.13931036
0.15837,-1.0639377
0.158372,-1.8498712
0.158374,-2.6358042
0.158376,-3.236812
0.158378,-3.6528945
0.15838,-3.9302826
0.158382,-3.9302826
0.158384,-3.745357
0.158386,-3.3755062
0.158388,-2.8207297
0.15839,-2.1272593
0.158392,-1.2950945
0.158394,-0.3704667
0.158396,0.5541601
0.158398,1.4325566
0.1584,2.2184901
0.158402,2.9119601
0.158404,3.4667363
0.158406,3.7903562
0.158408,3.9752812
0.15841,3.8828197
0.158412,2.727035
0.158414,-0.694087
0.158416,-2.4508786
0.158418,-1.7111769
0.15842,-0.8790121
0.158422,-6.160736E-4
0.158424,0.92401123
0.158426,1.756176
0.158428,2.542109
0.15843,3.1893477
0.158432,3.6516623
0.158434,3.92905
0.158436,3.9752812
0.158438,3.8365874
0.15844,3.4667363
0.158442,2.9119601
0.158444,2.2647214
0.158446,1.4325566
0.158448,0.5541601
0.15844999,-0.3704667
0.158452,-1.2488632
0.158454,-2.0347965
0.158456,-2.7744985
0.158458,-3.329275
0.15846,-3.745357
0.158462,-3.9302826
0.158464,-3.9302826
0.158466,-3.6991258
0.158468,-3.2830436
0.15847,-2.6820357
0.158472,-1.8961024
0.158474,-1.0639377
0.158476,-0.18554163
0.158478,0.7390857
0.15848,1.6174817
0.158482,2.4034152
0.158484,3.050654
0.158486,3.5591989
0.158488,3.8365874
0.15849,3.9752812
0.158492,3.8365874
0.158494,3.5129685
0.15849599,3.050654
0.158498,2.357184
0.1585,1.5712504
0.158502,0.7390857
0.158504,-0.18554163
0.158506,-1.1101689
0.158508,-1.8961024
0.15851,-2.6820357
0.158512,-3.2830436
0.158514,-3.6991258
0.158516,-3.9302826
0.158518,-3.9302826
0.15852,-3.745357
0.158522,-3.3755062
0.158524,-2.7744985
0.158526,-2.081028
0.158528,-1.2488632
0.15853,-0.32423592
0.158532,0.60039186
0.158534,1.4787879
0.158536,2.2647214
0.158538,2.9581914
0.15854,3.4667363
0.15854199,3.8365874
0.158544,3.9752812
0.158546,3.8828197
0.158548,3.605431
0.15855,3.1431174
0.158552,2.4958777
0.158554,1.7099442
0.158556,0.87777996
0.158558,-0.046847343
0.15856,-0.9252434
0.158562,-1.7574081
0.158564,-2.5433414
0.158566,-3.1905808
0.158568,-3.6528945
0.15857,-3.8840513
0.158572,-3.9302826
0.158574,-3.7915885
0.158576,-3.4217377
0.158578,-2.9131925
0.15858,-2.1734905
0.158582,-1.387557
0.158584,-0.5091615
0.158586,0.4154663
0.15858799,1.3400936
0.15859,2.126027
0.158592,2.8194976
0.158594,3.420505
0.158596,3.7903562
0.158598,3.92905
0.1586,3.92905
0.158602,3.6516623
0.158604,3.23558
0.158606,2.5883412
0.158608,1.8486385
0.15861,1.0164738
0.158612,0.13807821
0.158614,-0.78654957
0.158616,-1.6187139
0.158618,-2.4046474
0.15862,-3.0518866
0.158622,-3.5604317
0.158624,-3.8840513
0.158626,-3.976514
0.158628,-3.8378198
0.15863,-3.5142004
0.158632,-3.0056553
0.158634,-2.3121846
0.158636,-1.5262513
0.158638,-0.6478553
0.15864,0.27677202
0.158642,1.1551685
0.158644,1.9873328
0.158646,2.727035
0.158648,3.3280425
0.15865,3.6978936
0.158652,3.92905
0.158654,3.92905
0.158656,3.744125
0.158658,3.3280425
0.15866,2.727035
0.158662,1.9873328
0.158664,1.2013993
0.158666,0.27677202
0.158668,-0.6478553
0.15867,-1.48002
0.158672,-2.2659533
0.158674,-2.9594238
0.158676,-3.5142004
0.158678,-3.8378198
0.15868,-3.976514
0.158682,-3.8840513
0.158684,-3.5604317
0.158686,-3.098118
0.158688,-2.4508786
0.15869,-1.6649456
0.158692,-0.83278084
0.158694,0.091846466
0.158696,1.0164738
0.158698,1.8486385
0.1587,2.5883412
0.158702,3.23558
0.158704,3.6516623
0.158706,3.92905
0.158708,3.92905
0.15871,3.7903562
0.158712,3.3742738
0.158714,2.8194976
0.158716,2.126027
0.158718,1.3400936
0.15872,0.46169758
0.158722,-0.46292973
0.158724,-1.3413262
0.158726,-2.1734905
0.158728,-2.866961
0.15873,-3.4217377
0.158732,-3.7915885
0.158734,-3.9302826
0.158736,-3.8840513
0.158738,-3.6528945
0.15874,-3.1905808
0.158742,-2.589573
0.15874399,-1.8036394
0.158746,-0.9714751
0.158748,-0.046847343
0.15875,0.87777996
0.158752,1.7099442
0.158754,2.4958777
0.158756,3.1431174
0.158758,3.605431
0.15876,3.8828197
0.158762,3.9752812
0.158764,3.8365874
0.158766,3.4667363
0.158768,2.9581914
0.15877,2.2647214
0.158772,1.4787879
0.158774,0.60039186
0.158776,-0.32423592
0.158778,-1.202632
0.15878,-2.0347965
0.158782,-2.728267
0.158784,-3.329275
0.158786,-3.745357
0.158788,-3.9302826
0.15878999,-3.9302826
0.158792,-3.6991258
0.158794,-3.2830436
0.158796,-2.6820357
0.158798,-1.9423337
0.1588,-1.1101689
0.158802,-0.2317729
0.158804,0.6928544
0.158806,1.5712504
0.158808,2.357184
0.15881,3.0044227
0.158812,3.5129685
0.158814,3.8365874
0.158816,3.9752812
0.158818,3.8365874
0.15882,3.5591989
0.158822,3.050654
0.158824,2.4034152
0.158826,1.6174817
0.158828,0.7390857
0.15883,-0.13931036
0.158832,-0.13931036
0.158834,1.9411016
0.15883599,2.727035
0.158838,3.3280425
0.15884,3.744125
0.158842,3.9752812
0.158844,3.9752812
0.158846,3.7903562
0.158848,3.420505
0.15885,2.8194976
0.158852,2.126027
0.158854,1.2938623
0.158856,0.4154663
0.158858,-0.5091615
0.15886,-1.387557
0.158862,-2.1734905
0.158864,-2.866961
0.158866,-3.4217377
0.158868,-3.7915885
0.15887,-3.9302826
0.158872,-3.8840513
0.158874,-3.6066632
0.158876,-3.1443493
0.158878,-2.4971101
0.15888,-1.7574081
0.158882,-0.8790121
0.158884,0.045615196
0.158886,0.92401123
0.158888,1.756176
0.15889,2.542109
0.158892,3.1893477
0.158894,3.6516623
0.158896,3.8828197
0.158898,3.9752812
0.1589,3.7903562
0.158902,3.4667363
0.158904,2.9119601
0.158906,2.2184901
0.158908,1.4325566
0.15891,0.5541601
0.158912,-0.3704667
0.158914,-1.2950945
0.158916,-2.081028
0.158918,-2.7744985
0.15892,-3.3755062
0.158922,-3.745357
0.158924,-3.9302826
0.158926,-3.9302826
0.158928,-3.6991258
0.15893,-3.236812
0.158932,-2.6358042
0.158934,-1.8961024
0.158936,-1.0639377
0.158938,-0.13931036
0.15894,0.7853174
0.158942,1.6174817
0.158944,2.4034152
0.158946,3.050654
0.158948,3.5591989
0.15895,3.8828197
0.158952,3.9752812
0.158954,3.8365874
0.158956,3.5129685
0.158958,3.0044227
0.15896,2.357184
0.158962,1.5250192
0.158964,0.6928544
0.158966,-0.2317729
0.158968,-1.1101689
0.15897,-1.9423337
0.158972,-2.6820357
0.158974,-3.2830436
0.158976,-3.6991258
0.158978,-3.9302826
0.15898,-3.9302826
0.158982,-3.745357
0.158984,-3.329275
0.158986,-2.7744985
0.158988,-2.0347965
0.15899,-1.202632
0.15899199,-0.32423592
0.158994,0.60039186
0.158996,1.4787879
0.158998,2.2647214
0.159,2.9581914
0.159002,3.5129685
0.159004,3.8365874
0.159006,3.9752812
0.159008,3.8828197
0.15901,3.605431
0.159012,3.0968862
0.159014,2.4496465
0.159016,1.7099442
0.159018,0.8315482
0.15902,-0.046847343
0.159022,-0.9714751
0.159024,-1.8036394
0.159026,-2.5433414
0.159028,-3.1905808
0.15903,-3.6528945
0.159032,-3.8840513
0.159034,-3.9302826
0.159036,-3.7915885
0.15903799,-3.4217377
0.15904,-2.866961
0.159042,-2.1734905
0.159044,-1.387557
0.159046,-0.46292973
0.159048,0.46169758
0.15905,1.3400936
0.159052,2.126027
0.159054,2.8657289
0.159056,3.420505
0.159058,3.7903562
0.15906,3.92905
0.159062,3.92905
0.159064,3.6516623
0.159066,3.1893477
0.159068,2.5883412
0.15907,1.8486385
0.159072,1.0164738
0.159074,0.091846466
0.159076,-0.83278084
0.159078,-1.6649456
0.15908,-2.4508786
0.159082,-3.098118
0.15908399,-3.5604317
0.159086,-3.8840513
0.159088,-3.976514
0.15909,-3.8378198
0.159092,-3.5142004
0.159094,-3.0056553
0.159096,-2.3121846
0.159098,-1.48002
0.1591,-0.6478553
0.159102,0.27677202
0.159104,1.2013993
0.159106,2.033564
0.159108,2.727035
0.15911,3.3280425
0.159112,3.744125
0.159114,3.92905
0.159116,3.92905
0.159118,3.6978936
0.15912,3.2818112
0.159122,2.727035
0.159124,1.9873328
0.159126,1.1551685
0.159128,0.27677202
0.15913,-0.6478553
0.159132,-1.5262513
0.159134,-2.3121846
0.159136,-3.0056553
0.159138,-3.5142004
0.15914,-3.8378198
0.159142,-3.976514
0.159144,-3.8840513
0.159146,-3.5604317
0.159148,-3.098118
0.15915,-2.4508786
0.159152,-1.6187139
0.159154,-0.78654957
0.159156,0.13807821
0.159158,1.0627055
0.15916,1.8948698
0.159162,2.6345725
0.159164,3.23558
0.159166,3.6516623
0.159168,3.92905
0.15917,3.92905
0.159172,3.744125
0.159174,3.3742738
0.159176,2.8194976
0.159178,2.126027
0.15918,1.2938623
0.159182,0.4154663
0.159184,-0.5091615
0.159186,-1.387557
0.159188,-2.1734905
0.15919,-2.866961
0.159192,-3.4217377
0.159194,-3.7915885
0.159196,-3.9302826
0.159198,-3.8840513
0.1592,-3.6528945
0.159202,-3.1905808
0.159204,-2.5433414
0.159206,-1.8036394
0.159208,-0.9252434
0.15921,-0.046847343
0.159212,0.87777996
0.159214,1.7099442
0.159216,2.4958777
0.159218,3.1431174
0.15922,3.605431
0.159222,3.8828197
0.159224,3.9752812
0.159226,3.7903562
0.159228,3.4667363
0.15923,2.9119601
0.159232,2.2184901
0.159234,1.4787879
0.159236,0.5541601
0.159238,-0.32423592
0.15923999,-1.2488632
0.159242,-2.0347965
0.159244,-2.7744985
0.159246,-3.329275
0.159248,-3.745357
0.15925,-3.9302826
0.159252,-3.5604317
0.159254,-0.18554163
0.159256,2.9581914
0.159258,2.6345725
0.15926,1.8948698
0.159262,1.0627055
0.159264,0.184309
0.159266,-0.7403178
0.159268,-1.5724826
0.15927,-2.3584158
0.159272,-3.0518866
0.159274,-3.5604317
0.159276,-3.8378198
0.159278,-3.976514
0.15928,-3.8378198
0.159282,-3.5604317
0.159284,-3.0518866
0.15928599,-2.4046474
0.159288,-1.5724826
0.15929,-0.7403178
0.159292,0.184309
0.159294,1.1089368
0.159296,1.9411016
0.159298,2.6808028
0.1593,3.2818112
0.159302,3.6978936
0.159304,3.92905
0.159306,3.92905
0.159308,3.744125
0.15931,3.3742738
0.159312,2.7732663
0.159314,2.0797954
0.159316,1.2476311
0.159318,0.36923456
0.15932,-0.55539227
0.159322,-1.4337888
0.159324,-2.2197218
0.159326,-2.9131925
0.159328,-3.467969
0.15933,-3.7915885
0.15933199,-3.9302826
0.159334,-3.8840513
0.159336,-3.6066632
0.159338,-3.1443493
0.15934,-2.4971101
0.159342,-1.7574081
0.159344,-0.8790121
0.159346,0.045615196
0.159348,0.92401123
0.15935,1.8024073
0.159352,2.542109
0.159354,3.1893477
0.159356,3.6516623
0.159358,3.8828197
0.15936,3.9752812
0.159362,3.7903562
0.159364,3.420505
0.159366,2.9119601
0.159368,2.2184901
0.15937,1.3863249
0.159372,0.50792885
0.159374,-0.41669846
0.159376,-1.2950945
0.15937799,-2.081028
0.15938,-2.8207297
0.159382,-3.3755062
0.159384,-3.745357
0.159386,-3.9302826
0.159388,-3.9302826
0.15939,-3.6528945
0.159392,-3.236812
0.159394,-2.6358042
0.159396,-1.8961024
0.159398,-1.0639377
0.1594,-0.13931036
0.159402,0.7853174
0.159404,1.6174817
0.159406,2.4034152
0.159408,3.0968862
0.15941,3.5591989
0.159412,3.8828197
0.159414,3.9752812
0.159416,3.8365874
0.159418,3.5129685
0.15942,3.0044227
0.159422,2.3109517
0.159424,1.5250192
0.159426,0.6928544
0.159428,-0.2317729
0.15943,-1.1564007
0.159432,-1.9423337
0.159434,-2.6820357
0.159436,-3.2830436
0.159438,-3.6991258
0.15944,-3.9302826
0.159442,-3.9302826
0.159444,-3.745357
0.159446,-3.329275
0.159448,-2.728267
0.15945,-2.0347965
0.159452,-1.202632
0.159454,-0.27800417
0.159456,0.64662313
0.159458,1.4787879
0.15946,2.3109517
0.159462,2.9581914
0.159464,3.5129685
0.159466,3.8365874
0.159468,3.9752812
0.15947,3.8828197
0.159472,3.605431
0.159474,3.0968862
0.159476,2.4496465
0.159478,1.6637135
0.15948,0.8315482
0.159482,-0.09307861
0.159484,-0.9714751
0.159486,-1.8036394
0.15948799,-2.589573
0.15949,-3.1905808
0.159492,-3.6528945
0.159494,-3.8840513
0.159496,-3.9302826
0.159498,-3.7915885
0.1595,-3.4217377
0.159502,-2.866961
0.159504,-2.1734905
0.159506,-1.3413262
0.159508,-0.46292973
0.15951,0.46169758
0.159512,1.3863249
0.159514,2.172258
0.159516,2.8657289
0.159518,3.420505
0.15952,3.7903562
0.159522,3.9752812
0.159524,3.8828197
0.159526,3.6516623
0.159528,3.1893477
0.15953,2.5883412
0.159532,1.8024073
0.15953399,0.970243
0.159536,0.091846466
0.159538,-0.83278084
0.15954,-1.6649456
0.159542,-2.4508786
0.159544,-3.098118
0.159546,-3.6066632
0.159548,-3.8840513
0.15955,-3.976514
0.159552,-3.8378198
0.159554,-3.467969
0.159556,-2.9594238
0.159558,-2.2659533
0.15956,-1.48002
0.159562,-0.601624
0.159564,0.3230033
0.159566,1.2013993
0.159568,2.033564
0.15957,2.7732663
0.159572,3.3280425
0.159574,3.744125
0.159576,3.92905
0.159578,3.92905
0.15957999,3.6978936
0.159582,3.2818112
0.159584,2.6808028
0.159586,1.9411016
0.159588,1.1551685
0.15959,0.23054075
0.159592,-0.694087
0.159594,-1.5262513
0.159596,-2.3121846
0.159598,-3.0056553
0.1596,-3.5142004
0.159602,-3.8378198
0.159604,-3.976514
0.159606,-3.8840513
0.159608,-3.5604317
0.15961,-3.0518866
0.159612,-2.4046474
0.159614,-1.6187139
0.159616,-0.78654957
0.159618,0.13807821
0.15962,1.0627055
0.159622,1.8948698
0.159624,2.6345725
0.15962599,3.23558
0.159628,3.6978936
0.15963,3.92905
0.159632,3.92905
0.159634,3.744125
0.159636,3.3742738
0.159638,2.8194976
0.15964,2.0797954
0.159642,1.2938623
0.159644,0.4154663
0.159646,-0.5091615
0.159648,-1.387557
0.15965,-2.1734905
0.159652,-2.866961
0.159654,-3.4217377
0.159656,-3.7915885
0.159658,-3.9302826
0.15966,-3.8840513
0.159662,-3.6066632
0.159664,-3.1905808
0.159666,-2.5433414
0.159668,-1.7574081
0.15967,-0.9252434
0.159672,-0.18554163
0.159674,-0.9714751
0.159676,-1.8036394
0.159678,-2.589573
0.15968,-3.1905808
0.159682,-3.6528945
0.159684,-3.9302826
0.159686,-4.022745
0.159688,-3.8378198
0.15969,-3.5142004
0.159692,-2.9594238
0.159694,-2.2659533
0.159696,-1.48002
0.159698,-0.55539227
0.1597,0.36923456
0.159702,1.2476311
0.159704,2.0797954
0.159706,2.7732663
0.159708,3.3280425
0.15971,3.744125
0.159712,3.92905
0.159714,3.8828197
0.159716,3.6516623
0.159718,3.23558
0.15972,2.6345725
0.159722,1.8948698
0.159724,1.0627055
0.159726,0.184309
0.159728,-0.7403178
0.15973,-1.5724826
0.159732,-2.3584158
0.159734,-3.0518866
0.159736,-3.5604317
0.159738,-3.8378198
0.15974,-3.976514
0.159742,-3.8378198
0.159744,-3.5604317
0.159746,-3.0518866
0.159748,-2.3584158
0.15975,-1.5724826
0.159752,-0.694087
0.159754,0.23054075
0.159756,1.1089368
0.159758,1.9411016
0.15976,2.6808028
0.159762,3.2818112
0.159764,3.6978936
0.159766,3.92905
0.159768,3.92905
0.15977,3.744125
0.159772,3.3280425
0.159774,2.7732663
0.159776,2.033564
0.159778,1.2476311
0.15978,0.3230033
0.15978199,-0.601624
0.159784,-1.48002
0.159786,-2.2197218
0.159788,-2.9131925
0.15979,-3.467969
0.159792,-3.7915885
0.159794,-3.976514
0.159796,-3.8840513
0.159798,-3.6066632
0.1598,-3.1443493
0.159802,-2.4971101
0.159804,-1.7111769
0.159806,-0.8790121
0.159808,0.045615196
0.15981,0.970243
0.159812,1.8024073
0.159814,2.542109
0.159816,3.1893477
0.159818,3.6516623
0.15982,3.8828197
0.159822,3.9752812
0.159824,3.7903562
0.159826,3.420505
0.15982799,2.8657289
0.15983,2.172258
0.159832,1.3863249
0.159834,0.50792885
0.159836,-0.41669846
0.159838,-1.2950945
0.15984,-2.1272593
0.159842,-2.8207297
0.159844,-3.3755062
0.159846,-3.7915885
0.159848,-3.9302826
0.15985,-3.9302826
0.159852,-3.6528945
0.159854,-3.236812
0.159856,-2.6358042
0.159858,-1.8498712
0.15986,-1.0177064
0.159862,-0.09307861
0.159864,0.8315482
0.159866,1.6637135
0.159868,2.4496465
0.15987,3.0968862
0.159872,3.5591989
0.15987399,3.8828197
0.159876,3.9752812
0.159878,3.8365874
0.15988,3.5129685
0.159882,3.0044227
0.159884,2.3109517
0.159886,1.5250192
0.159888,0.64662313
0.15989,-0.27800417
0.159892,-1.1564007
0.159894,-1.9885652
0.159896,-2.728267
0.159898,-3.2830436
0.1599,-3.6991258
0.159902,-3.9302826
0.159904,-3.9302826
0.159906,-3.6991258
0.159908,-3.329275
0.15991,-2.728267
0.159912,-1.9885652
0.159914,-1.1564007
0.159916,-0.27800417
0.159918,0.64662313
0.15992,1.5250192
0.159922,2.3109517
0.159924,3.0044227
0.159926,3.5129685
0.159928,3.8365874
0.15993,3.9752812
0.159932,3.8828197
0.159934,3.5591989
0.159936,3.0968862
0.159938,2.4496465
0.15994,1.6637135
0.159942,0.7853174
0.159944,-0.09307861
0.159946,-1.0177064
0.159948,-1.8498712
0.15995,-2.589573
0.159952,-3.1905808
0.159954,-3.6528945
0.159956,-3.9302826
0.159958,-3.9302826
0.15996,-3.7915885
0.159962,-3.4217377
0.159964,-2.866961
0.159966,-2.1272593
0.159968,-1.3413262
0.15997,-0.41669846
0.159972,0.50792885
0.159974,1.3863249
0.159976,2.172258
0.159978,2.8657289
0.15998,3.420505
0.159982,3.7903562
0.159984,3.9752812
0.159986,3.8828197
0.159988,3.6516623
0.15999,3.1893477
0.159992,2.542109
0.159994,1.8024073
0.159996,0.970243
0.159998,0.045615196
0.16,-0.8790121
0.160002,-1.7111769
0.160004,-2.4508786
0.160006,-3.098118
0.160008,-3.6066632
0.16001,-3.8840513
0.160012,-3.9302826
0.160014,-3.8378198
0.160016,-3.467969
0.160018,-2.9594238
0.16002,-2.2659533
0.160022,-1.48002
0.160024,-0.601624
0.160026,0.3230033
0.160028,1.2476311
0.16002999,2.033564
0.160032,2.7732663
0.160034,3.3280425
0.160036,3.744125
0.160038,3.92905
0.16004,3.92905
0.160042,3.6978936
0.160044,3.2818112
0.160046,2.6808028
0.160048,1.9411016
0.16005,1.1089368
0.160052,0.23054075
0.160054,-0.694087
0.160056,-1.5262513
0.160058,-2.3584158
0.16006,-3.0056553
0.160062,-3.5142004
0.160064,-3.8378198
0.160066,-3.976514
0.160068,-3.8378198
0.16007,-3.5604317
0.160072,-3.0518866
0.160074,-2.4046474
0.16007599,-1.6187139
0.160078,-0.7403178
0.16008,0.184309
0.160082,1.1089368
0.160084,1.8948698
0.160086,2.6345725
0.160088,3.2818112
0.16009,3.6978936
0.160092,3.9752812
0.160094,0.50792885
0.160096,-2.7744985
0.160098,-3.3755062
0.1601,-2.8207297
0.160102,-2.081028
0.160104,-1.2488632
0.160106,-0.3704667
0.160108,0.5541601
0.16011,1.4325566
0.160112,2.2184901
0.160114,2.9119601
0.160116,3.4667363
0.160118,3.7903562
0.16012,3.9752812
0.16012199,3.8828197
0.160124,3.605431
0.160126,3.1431174
0.160128,2.4958777
0.16013,1.756176
0.160132,0.92401123
0.160134,-6.160736E-4
0.160136,-0.9252434
0.160138,-1.7574081
0.16014,-2.4971101
0.160142,-3.1443493
0.160144,-3.6066632
0.160146,-3.8840513
0.160148,-3.976514
0.16015,-3.7915885
0.160152,-3.467969
0.160154,-2.9131925
0.160156,-2.2197218
0.160158,-1.4337888
0.16016,-0.55539227
0.160162,0.36923456
0.160164,1.2938623
0.160166,2.0797954
0.160168,2.8194976
0.16017,3.3742738
0.160172,3.744125
0.160174,3.92905
0.160176,3.92905
0.160178,3.6978936
0.16018,3.23558
0.160182,2.6345725
0.160184,1.8948698
0.160186,1.0627055
0.160188,0.13807821
0.16019,-0.7403178
0.160192,-1.6187139
0.160194,-2.4046474
0.160196,-3.0518866
0.160198,-3.5604317
0.1602,-3.8378198
0.160202,-3.976514
0.160204,-3.8378198
0.160206,-3.5142004
0.160208,-3.0056553
0.16021,-2.3584158
0.160212,-1.5724826
0.160214,-0.694087
0.160216,0.23054075
0.160218,1.1551685
0.16022,1.9411016
0.160222,2.6808028
0.160224,3.2818112
0.160226,3.6978936
0.160228,3.92905
0.16023,3.92905
0.160232,3.744125
0.160234,3.3280425
0.160236,2.7732663
0.160238,2.033564
0.16024,1.2013993
0.160242,0.3230033
0.160244,-0.601624
0.160246,-1.48002
0.160248,-2.2659533
0.16025,-2.9594238
0.160252,-3.467969
0.160254,-3.8378198
0.160256,-3.976514
0.160258,-3.8840513
0.16026,-3.6066632
0.160262,-3.1443493
0.160264,-2.4971101
0.160266,-1.7111769
0.160268,-0.83278084
0.16027,0.091846466
0.160272,0.970243
0.160274,1.8024073
0.160276,2.5883412
0.16027799,3.1893477
0.16028,3.6516623
0.160282,3.8828197
0.160284,3.92905
0.160286,3.7903562
0.160288,3.420505
0.16029,2.8657289
0.160292,2.172258
0.160294,1.3863249
0.160296,0.46169758
0.160298,-0.46292973
0.1603,-1.3413262
0.160302,-2.1272593
0.160304,-2.8207297
0.160306,-3.4217377
0.160308,-3.7915885
0.16031,-3.9302826
0.160312,-3.8840513
0.160314,-3.6528945
0.160316,-3.236812
0.160318,-2.589573
0.16032,-1.8498712
0.160322,-1.0177064
0.16032399,-0.09307861
0.160326,0.8315482
0.160328,1.6637135
0.16033,2.4496465
0.160332,3.0968862
0.160334,3.605431
0.160336,3.8828197
0.160338,3.9752812
0.16034,3.8365874
0.160342,3.5129685
0.160344,2.9581914
0.160346,2.3109517
0.160348,1.4787879
0.16035,0.64662313
0.160352,-0.27800417
0.160354,-1.202632
0.160356,-1.9885652
0.160358,-2.728267
0.16036,-3.329275
0.160362,-3.745357
0.160364,-3.9302826
0.160366,-3.9302826
0.160368,-3.6991258
0.16036999,-3.2830436
0.160372,-2.728267
0.160374,-1.9885652
0.160376,-1.1564007
0.160378,-0.2317729
0.16038,0.6928544
0.160382,1.5250192
0.160384,2.3109517
0.160386,3.0044227
0.160388,3.5129685
0.16039,3.8365874
0.160392,3.9752812
0.160394,3.8828197
0.160396,3.5591989
0.160398,3.0968862
0.1604,2.4034152
0.160402,1.6174817
0.160404,0.7853174
0.160406,-0.13931036
0.160408,-1.0177064
0.16041,-1.8498712
0.160412,-2.589573
0.160414,-3.236812
0.160416,-3.6528945
0.160418,-3.9302826
0.16042,-3.9302826
0.160422,-3.7915885
0.160424,-3.3755062
0.160426,-2.8207297
0.160428,-2.1272593
0.16043,-1.2950945
0.160432,-0.41669846
0.160434,0.50792885
0.160436,1.3863249
0.160438,2.2184901
0.16044,2.9119601
0.160442,3.420505
0.160444,3.7903562
0.160446,3.9752812
0.160448,3.8828197
0.16045,3.6516623
0.160452,3.1893477
0.160454,2.542109
0.160456,1.8024073
0.160458,0.92401123
0.16046,0.045615196
0.160462,-0.8790121
0.160464,-1.7111769
0.160466,-2.4971101
0.160468,-3.1443493
0.16047,-3.6066632
0.160472,-3.8840513
0.160474,-3.976514
0.160476,-3.7915885
0.160478,-3.467969
0.16048,-2.9594238
0.160482,-2.2659533
0.160484,-1.48002
0.160486,-0.55539227
0.160488,0.36923456
0.16049,1.2476311
0.160492,2.0797954
0.160494,2.7732663
0.160496,3.3742738
0.160498,3.744125
0.1605,3.92905
0.160502,3.92905
0.160504,3.6978936
0.160506,3.2818112
0.160508,2.6808028
0.16051,1.9411016
0.160512,1.1089368
0.160514,-0.046847343
0.160516,0.8315482
0.160518,1.6637135
0.16052,2.4496465
0.160522,3.0968862
0.160524,3.605431
0.16052599,3.92905
0.160528,4.0215135
0.16053,3.8828197
0.160532,3.5591989
0.160534,3.0968862
0.160536,2.4034152
0.160538,1.6174817
0.16054,0.7390857
0.160542,-0.13931036
0.160544,-1.0639377
0.160546,-1.8961024
0.160548,-2.6358042
0.16055,-3.236812
0.160552,-3.6528945
0.160554,-3.8840513
0.160556,-3.9302826
0.160558,-3.745357
0.16056,-3.329275
0.160562,-2.7744985
0.160564,-2.0347965
0.160566,-1.2488632
0.160568,-0.32423592
0.16057,0.60039186
0.16057199,1.4787879
0.160574,2.2647214
0.160576,2.9581914
0.160578,3.4667363
0.16058,3.8365874
0.160582,3.9752812
0.160584,3.8828197
0.160586,3.605431
0.160588,3.1431174
0.16059,2.4958777
0.160592,1.7099442
0.160594,0.87777996
0.160596,-0.046847343
0.160598,-0.9252434
0.1606,-1.7574081
0.160602,-2.5433414
0.160604,-3.1443493
0.160606,-3.6066632
0.160608,-3.8840513
0.16061,-3.9302826
0.160612,-3.7915885
0.160614,-3.4217377
0.160616,-2.9131925
0.16061799,-2.2197218
0.16062,-1.387557
0.160622,-0.5091615
0.160624,0.4154663
0.160626,1.2938623
0.160628,2.126027
0.16063,2.8194976
0.160632,3.3742738
0.160634,3.7903562
0.160636,3.92905
0.160638,3.92905
0.16064,3.6516623
0.160642,3.23558
0.160644,2.6345725
0.160646,1.8486385
0.160648,1.0164738
0.16065,0.13807821
0.160652,-0.78654957
0.160654,-1.6187139
0.160656,-2.4046474
0.160658,-3.0518866
0.16066,-3.5604317
0.160662,-3.8840513
0.16066399,-3.976514
0.160666,-3.8378198
0.160668,-3.5142004
0.16067,-3.0056553
0.160672,-2.3121846
0.160674,-1.5262513
0.160676,-0.6478553
0.160678,0.27677202
0.16068,1.1551685
0.160682,1.9873328
0.160684,2.727035
0.160686,3.3280425
0.160688,3.6978936
0.16069,3.92905
0.160692,3.92905
0.160694,3.744125
0.160696,3.3280425
0.160698,2.727035
0.1607,1.9873328
0.160702,1.2013993
0.160704,0.27677202
0.160706,-0.6478553
0.160708,-1.48002
0.16071,-2.2659533
0.160712,-2.9594238
0.160714,-3.5142004
0.160716,-3.8378198
0.160718,-3.976514
0.16072,-3.8840513
0.160722,-3.6066632
0.160724,-3.098118
0.160726,-2.4508786
0.160728,-1.6649456
0.16073,-0.83278084
0.160732,0.091846466
0.160734,1.0164738
0.160736,1.8486385
0.160738,2.5883412
0.16074,3.23558
0.160742,3.6516623
0.160744,3.92905
0.160746,3.92905
0.160748,3.7903562
0.16075,3.420505
0.160752,2.8657289
0.160754,2.126027
0.160756,1.3400936
0.160758,0.46169758
0.16076,-0.46292973
0.160762,-1.3413262
0.160764,-2.1272593
0.160766,-2.866961
0.160768,-3.4217377
0.16077,-3.7915885
0.160772,-3.9302826
0.16077399,-3.8840513
0.160776,-3.6528945
0.160778,-3.1905808
0.16078,-2.589573
0.160782,-1.8036394
0.160784,-0.9714751
0.160786,-0.046847343
0.160788,0.87777996
0.16079,1.7099442
0.160792,2.4958777
0.160794,3.1431174
0.160796,3.605431
0.160798,3.8828197
0.1608,3.9752812
0.160802,3.8365874
0.160804,3.4667363
0.160806,2.9581914
0.160808,2.2647214
0.16081,1.4787879
0.160812,0.60039186
0.160814,-0.32423592
0.160816,-1.202632
0.160818,-2.0347965
0.16081999,-2.728267
0.160822,-3.329275
0.160824,-3.745357
0.160826,-3.9302826
0.160828,-3.9302826
0.16083,-3.6991258
0.160832,-3.2830436
0.160834,-2.6820357
0.160836,-1.9423337
0.160838,-1.1564007
0.16084,-0.2317729
0.160842,0.6928544
0.160844,1.5712504
0.160846,2.357184
0.160848,3.0044227
0.16085,3.5129685
0.160852,3.8365874
0.160854,3.9752812
0.160856,3.8828197
0.160858,3.5591989
0.16086,3.050654
0.160862,2.4034152
0.160864,1.6174817
0.16086599,0.7853174
0.160868,-0.13931036
0.16087,-1.0639377
0.160872,-1.8498712
0.160874,-2.6358042
0.160876,-3.236812
0.160878,-3.6991258
0.16088,-3.9302826
0.160882,-3.9302826
0.160884,-3.745357
0.160886,-3.3755062
0.160888,-2.8207297
0.16089,-2.081028
0.160892,-1.2950945
0.160894,-0.3704667
0.160896,0.5541601
0.160898,1.4325566
0.1609,2.2184901
0.160902,2.9119601
0.160904,3.4667363
0.160906,3.7903562
0.160908,3.9752812
0.16091,3.8828197
0.16091199,3.605431
0.160914,3.1431174
0.160916,2.542109
0.160918,1.756176
0.16092,0.92401123
0.160922,-6.160736E-4
0.160924,-0.8790121
0.160926,-1.7111769
0.160928,-2.4971101
0.16093,-3.1443493
0.160932,-3.6066632
0.160934,-1.1564007
0.160936,2.5883412
0.160938,3.7903562
0.16094,3.4667363
0.160942,2.9119601
0.160944,2.2184901
0.160946,1.4325566
0.160948,0.5541601
0.16095,-0.3704667
0.160952,-1.2488632
0.160954,-2.0347965
0.160956,-2.7744985
0.160958,-3.329275
0.16096,-3.745357
0.160962,-3.9302826
0.160964,-3.9302826
0.160966,-3.6991258
0.160968,-3.236812
0.16097,-2.6358042
0.160972,-1.8961024
0.160974,-1.0639377
0.160976,-0.18554163
0.160978,0.7390857
0.16098,1.6174817
0.160982,2.4034152
0.160984,3.050654
0.160986,3.5591989
0.160988,3.8828197
0.16099,3.9752812
0.160992,3.8365874
0.160994,3.5591989
0.160996,3.050654
0.160998,2.357184
0.161,1.5712504
0.161002,0.7390857
0.161004,-0.18554163
0.161006,-1.1101689
0.161008,-1.8961024
0.16101,-2.6820357
0.161012,-3.2830436
0.161014,-3.6991258
0.161016,-3.9302826
0.161018,-3.9302826
0.16102,-3.745357
0.161022,-3.329275
0.161024,-2.7744985
0.161026,-2.0347965
0.161028,-1.2488632
0.16103,-0.32423592
0.161032,0.60039186
0.161034,1.4787879
0.161036,2.2647214
0.161038,2.9581914
0.16104,3.4667363
0.161042,3.8365874
0.161044,3.9752812
0.161046,3.8828197
0.161048,3.605431
0.16105,3.1431174
0.161052,2.4958777
0.161054,1.7099442
0.161056,0.87777996
0.161058,-0.046847343
0.16106,-0.9714751
0.161062,-1.7574081
0.161064,-2.5433414
0.161066,-3.1905808
0.16106799,-3.6528945
0.16107,-3.8840513
0.161072,-3.9302826
0.161074,-3.7915885
0.161076,-3.4217377
0.161078,-2.866961
0.16108,-2.1734905
0.161082,-1.387557
0.161084,-0.5091615
0.161086,0.4154663
0.161088,1.3400936
0.16109,2.126027
0.161092,2.8194976
0.161094,3.420505
0.161096,3.7903562
0.161098,3.92905
0.1611,3.92905
0.161102,3.6516623
0.161104,3.23558
0.161106,2.5883412
0.161108,1.8486385
0.16111,1.0164738
0.161112,0.13807821
0.16111399,-0.78654957
0.161116,-1.6187139
0.161118,-2.4046474
0.16112,-3.098118
0.161122,-3.5604317
0.161124,-3.8840513
0.161126,-3.9302826
0.161128,-3.8378198
0.16113,-3.5142004
0.161132,-3.0056553
0.161134,-2.3121846
0.161136,-1.5262513
0.161138,-0.6478553
0.16114,0.27677202
0.161142,1.2013993
0.161144,1.9873328
0.161146,2.727035
0.161148,3.3280425
0.16115,3.744125
0.161152,3.92905
0.161154,3.92905
0.161156,3.744125
0.161158,3.3280425
0.16115999,2.727035
0.161162,1.9873328
0.161164,1.1551685
0.161166,0.27677202
0.161168,-0.6478553
0.16117,-1.48002
0.161172,-2.3121846
0.161174,-2.9594238
0.161176,-3.5142004
0.161178,-3.8378198
0.16118,-3.976514
0.161182,-3.8840513
0.161184,-3.5604317
0.161186,-3.098118
0.161188,-2.4508786
0.16119,-1.6649456
0.161192,-0.78654957
0.161194,0.13807821
0.161196,1.0164738
0.161198,1.8486385
0.1612,2.5883412
0.161202,3.23558
0.161204,3.6516623
0.161206,3.92905
0.161208,3.92905
0.16121,3.7903562
0.161212,3.3742738
0.161214,2.8194976
0.161216,2.126027
0.161218,1.3400936
0.16122,0.4154663
0.161222,-0.46292973
0.161224,-1.387557
0.161226,-2.1734905
0.161228,-2.866961
0.16123,-3.4217377
0.161232,-3.7915885
0.161234,-3.9302826
0.161236,-3.8840513
0.161238,-3.6528945
0.16124,-3.1905808
0.161242,-2.589573
0.161244,-1.8036394
0.161246,-0.9714751
0.161248,-0.046847343
0.16125,0.87777996
0.161252,1.7099442
0.161254,2.4958777
0.161256,3.1431174
0.161258,3.605431
0.16126,3.8828197
0.161262,3.9752812
0.161264,3.8365874
0.161266,3.4667363
0.161268,2.9581914
0.16127,2.2647214
0.161272,1.4787879
0.161274,0.60039186
0.161276,-0.32423592
0.161278,-1.202632
0.16128,-2.0347965
0.161282,-2.7744985
0.161284,-3.329275
0.161286,-3.745357
0.161288,-3.9302826
0.16129,-3.9302826
0.161292,-3.6991258
0.161294,-3.2830436
0.161296,-2.6820357
0.161298,-1.9423337
0.1613,-1.1101689
0.161302,-0.18554163
0.161304,0.6928544
0.161306,1.5712504
0.161308,2.357184
0.16131,3.050654
0.161312,3.5591989
0.161314,3.8365874
0.16131599,3.9752812
0.161318,3.8365874
0.16132,3.5591989
0.161322,3.050654
0.161324,2.4034152
0.161326,1.6174817
0.161328,0.7390857
0.16133,-0.18554163
0.161332,-1.0639377
0.161334,-1.8961024
0.161336,-2.6358042
0.161338,-3.236812
0.16134,-3.6991258
0.161342,-3.9302826
0.161344,-3.9302826
0.161346,-3.745357
0.161348,-3.3755062
0.16135,-2.8207297
0.161352,-2.081028
0.161354,0.46169758
0.161356,0.27677202
0.161358,-0.601624
0.16136,-1.48002
0.16136199,-2.2659533
0.161364,-2.9594238
0.161366,-3.5142004
0.161368,-3.8378198
0.16137,-4.022745
0.161372,-3.9302826
0.161374,-3.6528945
0.161376,-3.1905808
0.161378,-2.5433414
0.16138,-1.7574081
0.161382,-0.9252434
0.161384,-6.160736E-4
0.161386,0.92401123
0.161388,1.756176
0.16139,2.542109
0.161392,3.1431174
0.161394,3.605431
0.161396,3.8828197
0.161398,3.92905
0.1614,3.7903562
0.161402,3.420505
0.161404,2.9119601
0.161406,2.2184901
0.16140799,1.3863249
0.16141,0.50792885
0.161412,-0.41669846
0.161414,-1.2950945
0.161416,-2.081028
0.161418,-2.8207297
0.16142,-3.3755062
0.161422,-3.745357
0.161424,-3.9302826
0.161426,-3.9302826
0.161428,-3.6991258
0.16143,-3.236812
0.161432,-2.6358042
0.161434,-1.8961024
0.161436,-1.0639377
0.161438,-0.13931036
0.16144,0.7853174
0.161442,1.6174817
0.161444,2.4034152
0.161446,3.050654
0.161448,3.5591989
0.16145,3.8828197
0.161452,3.9752812
0.161454,3.8365874
0.161456,3.5129685
0.161458,3.0044227
0.16146,2.357184
0.161462,1.5250192
0.161464,0.6928544
0.161466,-0.2317729
0.161468,-1.1101689
0.16147,-1.9423337
0.161472,-2.6820357
0.161474,-3.2830436
0.161476,-3.6991258
0.161478,-3.9302826
0.16148,-3.9302826
0.161482,-3.745357
0.161484,-3.329275
0.161486,-2.7744985
0.161488,-2.0347965
0.16149,-1.202632
0.161492,-0.32423592
0.161494,0.60039186
0.161496,1.4787879
0.161498,2.2647214
0.1615,2.9581914
0.161502,3.5129685
0.161504,3.8365874
0.161506,3.9752812
0.161508,3.8828197
0.16151,3.605431
0.161512,3.0968862
0.161514,2.4496465
0.161516,1.6637135
0.161518,0.8315482
0.16152,-0.09307861
0.161522,-0.9714751
0.161524,-1.8036394
0.161526,-2.5433414
0.161528,-3.1905808
0.16153,-3.6528945
0.161532,-3.8840513
0.161534,-3.9302826
0.161536,-3.7915885
0.161538,-3.4217377
0.16154,-2.866961
0.161542,-2.1734905
0.161544,-1.3413262
0.161546,-0.46292973
0.161548,0.46169758
0.16155,1.3400936
0.161552,2.172258
0.161554,2.8657289
0.161556,3.420505
0.161558,3.7903562
0.16156,3.9752812
0.161562,3.92905
0.16156399,3.6516623
0.161566,3.1893477
0.161568,2.5883412
0.16157,1.8486385
0.161572,1.0164738
0.161574,0.091846466
0.161576,-0.83278084
0.161578,-1.6649456
0.16158,-2.4508786
0.161582,-3.098118
0.161584,-3.5604317
0.161586,-3.8840513
0.161588,-3.976514
0.16159,-3.8378198
0.161592,-3.5142004
0.161594,-2.9594238
0.161596,-2.3121846
0.161598,-1.48002
0.1616,-0.601624
0.161602,0.3230033
0.161604,1.2013993
0.161606,2.033564
0.161608,2.727035
0.16160999,3.3280425
0.161612,3.744125
0.161614,3.92905
0.161616,3.92905
0.161618,3.6978936
0.16162,3.2818112
0.161622,2.727035
0.161624,1.9873328
0.161626,1.1551685
0.161628,0.23054075
0.16163,-0.6478553
0.161632,-1.5262513
0.161634,-2.3121846
0.161636,-3.0056553
0.161638,-3.5142004
0.16164,-3.8378198
0.161642,-3.976514
0.161644,-3.8840513
0.161646,-3.5604317
0.161648,-3.098118
0.16165,-2.4046474
0.161652,-1.6187139
0.161654,-0.78654957
0.16165599,0.13807821
0.161658,1.0627055
0.16166,1.8948698
0.161662,2.6345725
0.161664,3.23558
0.161666,3.6978936
0.161668,3.92905
0.16167,3.92905
0.161672,3.744125
0.161674,3.3742738
0.161676,2.8194976
0.161678,2.126027
0.16168,1.2938623
0.161682,0.4154663
0.161684,-0.5091615
0.161686,-1.387557
0.161688,-2.1734905
0.16169,-2.866961
0.161692,-3.4217377
0.161694,-3.7915885
0.161696,-3.9302826
0.161698,-3.8840513
0.1617,-3.6528945
0.16170199,-3.1905808
0.161704,-2.5433414
0.161706,-1.8036394
0.161708,-0.9252434
0.16171,-6.160736E-4
0.161712,0.87777996
0.161714,1.756176
0.161716,2.4958777
0.161718,3.1431174
0.16172,3.605431
0.161722,3.8828197
0.161724,3.9752812
0.161726,3.7903562
0.161728,3.4667363
0.16173,2.9119601
0.161732,2.2184901
0.161734,1.4325566
0.161736,0.5541601
0.161738,-0.3704667
0.16174,-1.2488632
0.161742,-2.0347965
0.161744,-2.7744985
0.161746,-3.329275
0.161748,-3.745357
0.16175,-3.9302826
0.161752,-3.9302826
0.161754,-3.6991258
0.161756,-3.2830436
0.161758,-2.6820357
0.16176,-1.9423337
0.161762,-1.1101689
0.161764,-0.18554163
0.161766,0.7390857
0.161768,1.5712504
0.16177,2.4034152
0.161772,3.050654
0.161774,1.1551685
0.161776,-2.1734905
0.161778,-3.9302826
0.16178,-3.8840513
0.161782,-3.5604317
0.161784,-3.0518866
0.161786,-2.4046474
0.161788,-1.6187139
0.16179,-0.7403178
0.161792,0.184309
0.161794,1.1089368
0.161796,1.8948698
0.161798,2.6345725
0.1618,3.2818112
0.161802,3.6978936
0.161804,3.92905
0.161806,3.92905
0.161808,3.744125
0.16181,3.3280425
0.16181199,2.7732663
0.161814,2.033564
0.161816,1.2476311
0.161818,0.3230033
0.16182,-0.55539227
0.161822,-1.4337888
0.161824,-2.2197218
0.161826,-2.9131925
0.161828,-3.467969
0.16183,-3.7915885
0.161832,-3.976514
0.161834,-3.8840513
0.161836,-3.6066632
0.161838,-3.1443493
0.16184,-2.4971101
0.161842,-1.7574081
0.161844,-0.8790121
0.161846,0.045615196
0.161848,0.92401123
0.16185,1.8024073
0.161852,2.542109
0.161854,3.1893477
0.161856,3.6516623
0.16185799,3.8828197
0.16186,3.92905
0.161862,3.7903562
0.161864,3.420505
0.161866,2.8657289
0.161868,2.172258
0.16187,1.3863249
0.161872,0.50792885
0.161874,-0.41669846
0.161876,-1.2950945
0.161878,-2.081028
0.16188,-2.8207297
0.161882,-3.3755062
0.161884,-3.745357
0.161886,-3.9302826
0.161888,-3.9302826
0.16189,-3.6528945
0.161892,-3.236812
0.161894,-2.6358042
0.161896,-1.8961024
0.161898,-1.0177064
0.1619,-0.13931036
0.161902,0.7853174
0.16190399,1.6637135
0.161906,2.4034152
0.161908,3.0968862
0.16191,3.5591989
0.161912,3.8828197
0.161914,3.9752812
0.161916,3.8365874
0.161918,3.5129685
0.16192,3.0044227
0.161922,2.3109517
0.161924,1.5250192
0.161926,0.64662313
0.161928,-0.2317729
0.16193,-1.1564007
0.161932,-1.9423337
0.161934,-2.6820357
0.161936,-3.2830436
0.161938,-3.6991258
0.16194,-3.9302826
0.161942,-3.9302826
0.161944,-3.745357
0.161946,-3.329275
0.161948,-2.728267
0.16194999,-2.0347965
0.161952,-1.202632
0.161954,-0.27800417
0.161956,0.64662313
0.161958,1.4787879
0.16196,2.3109517
0.161962,2.9581914
0.161964,3.5129685
0.161966,3.8365874
0.161968,3.9752812
0.16197,3.8828197
0.161972,3.5591989
0.161974,3.0968862
0.161976,2.4496465
0.161978,1.6637135
0.16198,0.8315482
0.161982,-0.09307861
0.161984,-0.9714751
0.161986,-1.8036394
0.161988,-2.589573
0.16199,-3.1905808
0.161992,-3.6528945
0.161994,-3.8840513
0.161996,-3.9302826
0.161998,-3.7915885
0.162,-3.4217377
0.162002,-2.866961
0.162004,-2.1734905
0.162006,-1.3413262
0.162008,-0.46292973
0.16201,0.46169758
0.162012,1.3863249
0.162014,2.172258
0.162016,2.8657289
0.162018,3.420505
0.16202,3.7903562
0.162022,3.92905
0.162024,3.8828197
0.162026,3.6516623
0.162028,3.1893477
0.16203,2.5883412
0.162032,1.8024073
0.162034,0.970243
0.162036,0.091846466
0.162038,-0.83278084
0.16204,-1.6649456
0.162042,-2.4508786
0.162044,-3.098118
0.162046,-3.6066632
0.162048,-3.8840513
0.16205,-3.976514
0.162052,-3.8378198
0.162054,-3.467969
0.162056,-2.9594238
0.162058,-2.2659533
0.16206,-1.48002
0.162062,-0.601624
0.162064,0.3230033
0.162066,1.2013993
0.162068,2.033564
0.16207,2.7732663
0.162072,3.3280425
0.162074,3.744125
0.162076,3.92905
0.162078,3.92905
0.16208,3.6978936
0.162082,3.2818112
0.162084,2.6808028
0.162086,1.9411016
0.162088,1.1551685
0.16209,0.23054075
0.162092,-0.694087
0.162094,-1.5262513
0.162096,-2.3121846
0.162098,-3.0056553
0.1621,-3.5142004
0.162102,-3.8378198
0.162104,-3.976514
0.16210599,-3.8378198
0.162108,-3.5604317
0.16211,-3.0518866
0.162112,-2.4046474
0.162114,-1.6187139
0.162116,-0.7403178
0.162118,0.13807821
0.16212,1.0627055
0.162122,1.8948698
0.162124,2.6345725
0.162126,3.23558
0.162128,3.6978936
0.16213,3.92905
0.162132,3.92905
0.162134,3.744125
0.162136,3.3742738
0.162138,2.8194976
0.16214,2.0797954
0.162142,1.2938623
0.162144,0.4154663
0.162146,-0.5091615
0.162148,-1.387557
0.16215,-2.1734905
0.16215199,-2.9131925
0.162154,-3.4217377
0.162156,-3.7915885
0.162158,-3.9302826
0.16216,-3.8840513
0.162162,-3.6066632
0.162164,-3.1443493
0.162166,-2.5433414
0.162168,-1.7574081
0.16217,-0.9252434
0.162172,-6.160736E-4
0.162174,0.92401123
0.162176,1.756176
0.162178,2.542109
0.16218,3.1431174
0.162182,3.605431
0.162184,3.8828197
0.162186,3.9752812
0.162188,3.7903562
0.16219,3.4667363
0.162192,2.9119601
0.162194,0.87777996
0.162196,-1.2488632
0.16219799,-0.46292973
0.1622,0.46169758
0.162202,1.3400936
0.162204,2.126027
0.162206,2.8657289
0.162208,3.420505
0.16221,3.7903562
0.162212,3.9752812
0.162214,3.9752812
0.162216,3.6978936
0.162218,3.2818112
0.16222,2.6808028
0.162222,1.9411016
0.162224,1.1089368
0.162226,0.184309
0.162228,-0.7403178
0.16223,-1.5724826
0.162232,-2.3584158
0.162234,-3.0518866
0.162236,-3.5142004
0.162238,-3.8378198
0.16224,-3.9302826
0.162242,-3.8378198
0.162244,-3.5142004
0.162246,-3.0056553
0.162248,-2.3584158
0.16225,-1.5724826
0.162252,-0.694087
0.162254,0.23054075
0.162256,1.1551685
0.162258,1.9411016
0.16226,2.6808028
0.162262,3.2818112
0.162264,3.6978936
0.162266,3.92905
0.162268,3.92905
0.16227,3.744125
0.162272,3.3280425
0.162274,2.7732663
0.162276,2.033564
0.162278,1.2476311
0.16228,0.3230033
0.162282,-0.601624
0.162284,-1.48002
0.162286,-2.2659533
0.162288,-2.9594238
0.16229,-3.467969
0.162292,-3.7915885
0.162294,-3.976514
0.162296,-3.8840513
0.162298,-3.6066632
0.1623,-3.1443493
0.162302,-2.4971101
0.162304,-1.7111769
0.162306,-0.8790121
0.162308,0.045615196
0.16231,0.970243
0.162312,1.8024073
0.162314,2.5883412
0.162316,3.1893477
0.162318,3.6516623
0.16232,3.8828197
0.162322,3.92905
0.162324,3.7903562
0.162326,3.420505
0.162328,2.8657289
0.16233,2.172258
0.162332,1.3863249
0.162334,0.50792885
0.162336,-0.41669846
0.162338,-1.3413262
0.16234,-2.1272593
0.162342,-2.8207297
0.162344,-3.3755062
0.162346,-3.7915885
0.162348,-3.9302826
0.16235,-3.9302826
0.162352,-3.6528945
0.16235399,-3.236812
0.162356,-2.589573
0.162358,-1.8498712
0.16236,-1.0177064
0.162362,-0.09307861
0.162364,0.8315482
0.162366,1.6637135
0.162368,2.4496465
0.16237,3.0968862
0.162372,3.605431
0.162374,3.8828197
0.162376,3.9752812
0.162378,3.8365874
0.16238,3.5129685
0.162382,2.9581914
0.162384,2.3109517
0.162386,1.4787879
0.162388,0.64662313
0.16239,-0.27800417
0.162392,-1.1564007
0.162394,-1.9885652
0.162396,-2.728267
0.162398,-3.329275
0.16239999,-3.6991258
0.162402,-3.9302826
0.162404,-3.9302826
0.162406,-3.6991258
0.162408,-3.329275
0.16241,-2.728267
0.162412,-1.9885652
0.162414,-1.1564007
0.162416,-0.27800417
0.162418,0.64662313
0.16242,1.5250192
0.162422,2.3109517
0.162424,3.0044227
0.162426,3.5129685
0.162428,3.8365874
0.16243,3.9752812
0.162432,3.8828197
0.162434,3.5591989
0.162436,3.0968862
0.162438,2.4496465
0.16244,1.6637135
0.162442,0.7853174
0.162444,-0.09307861
0.16244599,-1.0177064
0.162448,-1.8498712
0.16245,-2.589573
0.162452,-3.236812
0.162454,-3.6528945
0.162456,-3.9302826
0.162458,-3.9302826
0.16246,-3.7915885
0.162462,-3.3755062
0.162464,-2.8207297
0.162466,-2.1272593
0.162468,-1.3413262
0.16247,-0.41669846
0.162472,0.50792885
0.162474,1.3863249
0.162476,2.172258
0.162478,2.8657289
0.16248,3.420505
0.162482,3.7903562
0.162484,3.9752812
0.162486,3.8828197
0.162488,3.6516623
0.16249,3.1893477
0.162492,2.542109
0.162494,1.8024073
0.162496,0.970243
0.162498,0.045615196
0.1625,-0.8790121
0.162502,-1.7111769
0.162504,-2.4508786
0.162506,-3.098118
0.162508,-3.6066632
0.16251,-3.8840513
0.162512,-3.976514
0.162514,-3.8378198
0.162516,-3.467969
0.162518,-2.9594238
0.16252,-2.2659533
0.162522,-1.48002
0.162524,-0.601624
0.162526,0.3230033
0.162528,1.2476311
0.16253,2.033564
0.162532,2.7732663
0.162534,3.3742738
0.162536,3.744125
0.162538,3.92905
0.16254,3.92905
0.162542,3.6978936
0.162544,3.2818112
0.162546,2.6808028
0.162548,1.9411016
0.16255,1.1089368
0.162552,0.23054075
0.162554,-0.694087
0.162556,-1.5724826
0.162558,-2.3584158
0.16256,-3.0056553
0.162562,-3.5142004
0.162564,-3.8378198
0.162566,-3.976514
0.162568,-3.8378198
0.16257,-3.5604317
0.162572,-3.0518866
0.162574,-2.4046474
0.162576,-1.6187139
0.162578,-0.7403178
0.16258,0.184309
0.162582,1.1089368
0.162584,1.8948698
0.162586,2.6808028
0.162588,3.2818112
0.16259,3.6978936
0.162592,3.92905
0.162594,3.92905
0.162596,3.744125
0.162598,3.3742738
0.1626,2.7732663
0.16260199,2.0797954
0.162604,1.2476311
0.162606,0.36923456
0.162608,-0.55539227
0.16261,-1.4337888
0.162612,-2.2197218
0.162614,-1.2488632
0.162616,2.4496465
0.162618,3.8365874
0.16262,3.9752812
0.162622,3.92905
0.162624,3.6516623
0.162626,3.1893477
0.162628,2.542109
0.16263,1.756176
0.162632,0.92401123
0.162634,-6.160736E-4
0.162636,-0.8790121
0.162638,-1.7111769
0.16264,-2.4971101
0.162642,-3.1443493
0.162644,-3.6066632
0.162646,-3.8840513
0.16264799,-3.9302826
0.16265,-3.7915885
0.162652,-3.4217377
0.162654,-2.9131925
0.162656,-2.2197218
0.162658,-1.387557
0.16266,-0.5091615
0.162662,0.4154663
0.162664,1.2938623
0.162666,2.126027
0.162668,2.8194976
0.16267,3.3742738
0.162672,3.7903562
0.162674,3.92905
0.162676,3.92905
0.162678,3.6978936
0.16268,3.23558
0.162682,2.6345725
0.162684,1.8948698
0.162686,1.0627055
0.162688,0.13807821
0.16269,-0.7403178
0.162692,-1.6187139
0.16269399,-2.4046474
0.162696,-3.0518866
0.162698,-3.5604317
0.1627,-3.8378198
0.162702,-3.9302826
0.162704,-3.8378198
0.162706,-3.5142004
0.162708,-3.0056553
0.16271,-2.3584158
0.162712,-1.5262513
0.162714,-0.694087
0.162716,0.23054075
0.162718,1.1551685
0.16272,1.9873328
0.162722,2.727035
0.162724,3.2818112
0.162726,3.6978936
0.162728,3.92905
0.16273,3.92905
0.162732,3.744125
0.162734,3.3280425
0.162736,2.727035
0.162738,2.033564
0.16273999,1.2013993
0.162742,0.3230033
0.162744,-0.601624
0.162746,-1.48002
0.162748,-2.2659533
0.16275,-2.9594238
0.162752,-3.467969
0.162754,-3.8378198
0.162756,-3.976514
0.162758,-3.8840513
0.16276,-3.6066632
0.162762,-3.098118
0.162764,-2.4971101
0.162766,-1.7111769
0.162768,-0.83278084
0.16277,0.091846466
0.162772,0.970243
0.162774,1.8486385
0.162776,2.5883412
0.162778,3.1893477
0.16278,3.6516623
0.162782,3.8828197
0.162784,3.92905
0.162786,3.7903562
0.162788,3.420505
0.16279,2.8657289
0.162792,2.172258
0.162794,1.3863249
0.162796,0.46169758
0.162798,-0.46292973
0.1628,-1.3413262
0.162802,-2.1272593
0.162804,-2.8207297
0.162806,-3.4217377
0.162808,-3.7915885
0.16281,-3.9302826
0.162812,-3.8840513
0.162814,-3.6528945
0.162816,-3.1905808
0.162818,-2.589573
0.16282,-1.8498712
0.162822,-1.0177064
0.162824,-0.09307861
0.162826,0.8315482
0.162828,1.6637135
0.16283,2.4496465
0.162832,3.0968862
0.162834,3.605431
0.162836,3.8828197
0.162838,3.9752812
0.16284,3.8365874
0.162842,3.5129685
0.162844,2.9581914
0.162846,2.3109517
0.162848,1.4787879
0.16284999,0.64662313
0.162852,-0.27800417
0.162854,-1.202632
0.162856,-1.9885652
0.162858,-2.728267
0.16286,-3.329275
0.162862,-3.745357
0.162864,-3.9302826
0.162866,-3.9302826
0.162868,-3.6991258
0.16287,-3.2830436
0.162872,-2.728267
0.162874,-1.9885652
0.162876,-1.1564007
0.162878,-0.2317729
0.16288,0.6928544
0.162882,1.5250192
0.162884,2.3109517
0.162886,3.0044227
0.162888,3.5129685
0.16289,3.8365874
0.162892,3.9752812
0.162894,3.8828197
0.16289599,3.5591989
0.162898,3.050654
0.1629,2.4034152
0.162902,1.6174817
0.162904,0.7853174
0.162906,-0.13931036
0.162908,-1.0177064
0.16291,-1.8498712
0.162912,-2.589573
0.162914,-3.236812
0.162916,-3.6528945
0.162918,-3.9302826
0.16292,-3.9302826
0.162922,-3.745357
0.162924,-3.3755062
0.162926,-2.8207297
0.162928,-2.1272593
0.16293,-1.2950945
0.162932,-0.41669846
0.162934,0.50792885
0.162936,1.4325566
0.162938,2.2184901
0.16294,2.9119601
0.16294199,3.4667363
0.162944,3.7903562
0.162946,3.9752812
0.162948,3.8828197
0.16295,3.6516623
0.162952,3.1893477
0.162954,2.542109
0.162956,1.756176
0.162958,0.92401123
0.16296,0.045615196
0.162962,-0.8790121
0.162964,-1.7111769
0.162966,-2.4971101
0.162968,-3.1443493
0.16297,-3.6066632
0.162972,-3.8840513
0.162974,-3.976514
0.162976,-3.7915885
0.162978,-3.467969
0.16298,-2.9594238
0.162982,-2.2659533
0.162984,-1.4337888
0.162986,-0.55539227
0.16298799,0.36923456
0.16299,1.2476311
0.162992,2.0797954
0.162994,2.7732663
0.162996,3.3742738
0.162998,3.744125
0.163,3.92905
0.163002,3.92905
0.163004,3.6978936
0.163006,3.2818112
0.163008,2.6808028
0.16301,1.9411016
0.163012,1.1089368
0.163014,0.184309
0.163016,-0.7403178
0.163018,-1.5724826
0.16302,-2.3584158
0.163022,-3.0056553
0.163024,-3.5142004
0.163026,-3.8378198
0.163028,-3.976514
0.16303,-3.8378198
0.163032,-3.5604317
0.163034,-2.1734905
0.163036,1.4787879
0.163038,1.4787879
0.16304,0.64662313
0.163042,-0.2317729
0.163044,-1.1564007
0.163046,-1.9423337
0.163048,-2.6820357
0.16305,-3.2830436
0.163052,-3.745357
0.163054,-3.9302826
0.163056,-3.976514
0.163058,-3.7915885
0.16306,-3.3755062
0.163062,-2.8207297
0.163064,-2.081028
0.163066,-1.2488632
0.163068,-0.3704667
0.16307,0.5541601
0.163072,1.4787879
0.163074,2.2647214
0.163076,2.9119601
0.163078,3.4667363
0.16308,3.7903562
0.163082,3.92905
0.163084,3.8828197
0.163086,3.605431
0.163088,3.1431174
0.16309,2.4958777
0.163092,1.7099442
0.163094,0.87777996
0.163096,-0.046847343
0.16309799,-0.9252434
0.1631,-1.7574081
0.163102,-2.5433414
0.163104,-3.1905808
0.163106,-3.6528945
0.163108,-3.8840513
0.16311,-3.9302826
0.163112,-3.7915885
0.163114,-3.4217377
0.163116,-2.9131925
0.163118,-2.2197218
0.16312,-1.387557
0.163122,-0.5091615
0.163124,0.4154663
0.163126,1.3400936
0.163128,2.126027
0.16313,2.8194976
0.163132,3.420505
0.163134,3.7903562
0.163136,3.92905
0.163138,3.92905
0.16314,3.6516623
0.163142,3.23558
0.16314399,2.6345725
0.163146,1.8486385
0.163148,1.0164738
0.16315,0.13807821
0.163152,-0.78654957
0.163154,-1.6187139
0.163156,-2.4046474
0.163158,-3.0518866
0.16316,-3.5604317
0.163162,-3.8840513
0.163164,-3.976514
0.163166,-3.8378198
0.163168,-3.5142004
0.16317,-3.0056553
0.163172,-2.3121846
0.163174,-1.5262513
0.163176,-0.6478553
0.163178,0.27677202
0.16318,1.1551685
0.163182,1.9873328
0.163184,2.727035
0.163186,3.3280425
0.163188,3.744125
0.16318999,3.92905
0.163192,3.92905
0.163194,3.744125
0.163196,3.3280425
0.163198,2.727035
0.1632,1.9873328
0.163202,1.2013993
0.163204,0.27677202
0.163206,-0.6478553
0.163208,-1.48002
0.16321,-2.2659533
0.163212,-2.9594238
0.163214,-3.5142004
0.163216,-3.8378198
0.163218,-3.976514
0.16322,-3.8840513
0.163222,-3.5604317
0.163224,-3.098118
0.163226,-2.4508786
0.163228,-1.6649456
0.16323,-0.83278084
0.163232,0.091846466
0.163234,1.0164738
0.16323599,1.8486385
0.163238,2.5883412
0.16324,3.23558
0.163242,3.6516623
0.163244,3.92905
0.163246,3.92905
0.163248,3.7903562
0.16325,3.420505
0.163252,2.8657289
0.163254,2.126027
0.163256,1.3400936
0.163258,0.46169758
0.16326,-0.46292973
0.163262,-1.3413262
0.163264,-2.1734905
0.163266,-2.866961
0.163268,-3.4217377
0.16327,-3.7915885
0.163272,-3.9302826
0.163274,-3.8840513
0.163276,-3.6528945
0.163278,-3.1905808
0.16328,-2.589573
0.163282,-1.8036394
0.163284,-0.9714751
0.163286,-0.046847343
0.163288,0.87777996
0.16329,1.7099442
0.163292,2.4958777
0.163294,3.1431174
0.163296,3.605431
0.163298,3.8828197
0.1633,3.9752812
0.163302,3.8365874
0.163304,3.4667363
0.163306,2.9581914
0.163308,2.2647214
0.16331,1.4787879
0.163312,0.60039186
0.163314,-0.32423592
0.163316,-1.202632
0.163318,-2.0347965
0.16332,-2.728267
0.163322,-3.329275
0.163324,-3.745357
0.163326,-3.9302826
0.163328,-3.9302826
0.16333,-3.6991258
0.163332,-3.2830436
0.163334,-2.6820357
0.163336,-1.9423337
0.163338,-1.1101689
0.16334,-0.2317729
0.163342,0.6928544
0.163344,1.5712504
0.163346,2.357184
0.163348,3.0044227
0.16335,3.5129685
0.163352,3.8365874
0.163354,3.9752812
0.163356,3.8828197
0.163358,3.5591989
0.16336,3.050654
0.163362,2.4034152
0.163364,1.6174817
0.163366,0.7390857
0.163368,-0.13931036
0.16337,-1.0639377
0.163372,-1.8961024
0.163374,-2.6358042
0.163376,-3.236812
0.163378,-3.6991258
0.16338,-3.9302826
0.163382,-3.9302826
0.163384,-3.745357
0.163386,-3.3755062
0.163388,-2.8207297
0.16339,-2.081028
0.16339199,-1.2950945
0.163394,-0.3704667
0.163396,0.5541601
0.163398,1.4325566
0.1634,2.2184901
0.163402,2.9119601
0.163404,3.4667363
0.163406,3.7903562
0.163408,3.9752812
0.16341,3.8828197
0.163412,3.605431
0.163414,3.1431174
0.163416,2.542109
0.163418,1.756176
0.16342,0.92401123
0.163422,-6.160736E-4
0.163424,-0.9252434
0.163426,-1.7111769
0.163428,-2.4971101
0.16343,-3.1443493
0.163432,-3.6066632
0.163434,-3.8840513
0.163436,-3.9302826
0.16343799,-3.7915885
0.16344,-3.467969
0.163442,-2.9131925
0.163444,-2.2197218
0.163446,-1.4337888
0.163448,-0.55539227
0.16345,0.36923456
0.163452,1.2938623
0.163454,0.8315482
0.163456,-2.3584158
0.163458,-3.4217377
0.16346,-3.7915885
0.163462,-3.976514
0.163464,-3.976514
0.163466,-3.745357
0.163468,-3.2830436
0.16347,-2.6820357
0.163472,-1.9423337
0.163474,-1.1101689
0.163476,-0.18554163
0.163478,0.7390857
0.16348,1.5712504
0.163482,2.357184
0.16348399,3.050654
0.163486,3.5591989
0.163488,3.8365874
0.16349,3.92905
0.163492,3.8365874
0.163494,3.5129685
0.163496,3.0044227
0.163498,2.357184
0.1635,1.5712504
0.163502,0.6928544
0.163504,-0.2317729
0.163506,-1.1101689
0.163508,-1.9423337
0.16351,-2.6820357
0.163512,-3.2830436
0.163514,-3.6991258
0.163516,-3.9302826
0.163518,-3.9302826
0.16352,-3.745357
0.163522,-3.329275
0.163524,-2.7744985
0.163526,-2.0347965
0.163528,-1.2488632
0.16353,-0.32423592
0.163532,0.60039186
0.163534,1.4787879
0.163536,2.2647214
0.163538,2.9581914
0.16354,3.4667363
0.163542,3.8365874
0.163544,3.9752812
0.163546,3.8828197
0.163548,3.605431
0.16355,3.1431174
0.163552,2.4958777
0.163554,1.7099442
0.163556,0.87777996
0.163558,-0.046847343
0.16356,-0.9714751
0.163562,-1.8036394
0.163564,-2.5433414
0.163566,-3.1905808
0.163568,-3.6528945
0.16357,-3.8840513
0.163572,-3.9302826
0.163574,-3.7915885
0.163576,-3.4217377
0.163578,-2.866961
0.16358,-2.1734905
0.163582,-1.387557
0.163584,-0.46292973
0.163586,0.46169758
0.163588,1.3400936
0.16359,2.126027
0.163592,2.8657289
0.163594,3.420505
0.163596,3.7903562
0.163598,3.92905
0.1636,3.92905
0.163602,3.6516623
0.163604,3.23558
0.163606,2.5883412
0.163608,1.8486385
0.16361,1.0164738
0.163612,0.091846466
0.163614,-0.78654957
0.163616,-1.6649456
0.163618,-2.4046474
0.16362,-3.098118
0.163622,-3.5604317
0.163624,-3.8840513
0.163626,-3.976514
0.163628,-3.8378198
0.16363,-3.5142004
0.163632,-3.0056553
0.163634,-2.3121846
0.163636,-1.5262513
0.163638,-0.6478553
0.16363999,0.27677202
0.163642,1.2013993
0.163644,1.9873328
0.163646,2.727035
0.163648,3.3280425
0.16365,3.744125
0.163652,3.92905
0.163654,3.92905
0.163656,3.6978936
0.163658,3.3280425
0.16366,2.727035
0.163662,1.9873328
0.163664,1.1551685
0.163666,0.27677202
0.163668,-0.6478553
0.16367,-1.48002
0.163672,-2.3121846
0.163674,-2.9594238
0.163676,-3.5142004
0.163678,-3.8378198
0.16368,-3.976514
0.163682,-3.8840513
0.163684,-3.5604317
0.16368599,-3.098118
0.163688,-2.4508786
0.16369,-1.6649456
0.163692,-0.78654957
0.163694,0.13807821
0.163696,1.0164738
0.163698,1.8486385
0.1637,2.6345725
0.163702,3.23558
0.163704,3.6516623
0.163706,3.92905
0.163708,3.92905
0.16371,3.7903562
0.163712,3.3742738
0.163714,2.8194976
0.163716,2.126027
0.163718,1.3400936
0.16372,0.4154663
0.163722,-0.5091615
0.163724,-1.387557
0.163726,-2.1734905
0.163728,-2.866961
0.16373,-3.4217377
0.16373199,-3.7915885
0.163734,-3.9302826
0.163736,-3.8840513
0.163738,-3.6528945
0.16374,-3.1905808
0.163742,-2.589573
0.163744,-1.8036394
0.163746,-0.9714751
0.163748,-0.046847343
0.16375,0.87777996
0.163752,1.7099442
0.163754,2.4958777
0.163756,3.1431174
0.163758,3.605431
0.16376,3.8828197
0.163762,3.9752812
0.163764,3.8365874
0.163766,3.4667363
0.163768,2.9581914
0.16377,2.2647214
0.163772,1.4787879
0.163774,0.60039186
0.163776,-0.32423592
0.163778,-1.2488632
0.16378,-2.0347965
0.163782,-2.7744985
0.163784,-3.329275
0.163786,-3.745357
0.163788,-3.9302826
0.16379,-3.9302826
0.163792,-3.6991258
0.163794,-3.2830436
0.163796,-2.6820357
0.163798,-1.9423337
0.1638,-1.1101689
0.163802,-0.18554163
0.163804,0.7390857
0.163806,1.5712504
0.163808,2.357184
0.16381,3.050654
0.163812,3.5591989
0.163814,3.8365874
0.163816,3.9752812
0.163818,3.8365874
0.16382,3.5591989
0.163822,3.050654
0.163824,2.4034152
0.163826,1.6174817
0.163828,0.7390857
0.16383,-0.18554163
0.163832,-1.0639377
0.163834,-1.8961024
0.163836,-2.6358042
0.163838,-3.236812
0.16384,-3.6991258
0.163842,-3.9302826
0.163844,-3.9302826
0.163846,-3.745357
0.163848,-3.3755062
0.16385,-2.8207297
0.163852,-2.081028
0.163854,-1.2488632
0.163856,-0.3704667
0.163858,0.5541601
0.16386,1.4325566
0.163862,2.2184901
0.163864,2.9119601
0.163866,3.4667363
0.163868,3.7903562
0.16387,3.9752812
0.163872,3.8828197
0.163874,2.9581914
0.163876,-0.46292973
0.163878,-2.3584158
0.16388,-1.7111769
0.163882,-0.8790121
0.163884,0.045615196
0.163886,0.970243
0.16388799,1.8024073
0.16389,2.5883412
0.163892,3.1893477
0.163894,3.6516623
0.163896,3.92905
0.163898,3.9752812
0.1639,3.8365874
0.163902,3.4667363
0.163904,2.9119601
0.163906,2.2184901
0.163908,1.4325566
0.16391,0.5541601
0.163912,-0.3704667
0.163914,-1.2950945
0.163916,-2.081028
0.163918,-2.7744985
0.16392,-3.3755062
0.163922,-3.745357
0.163924,-3.9302826
0.163926,-3.9302826
0.163928,-3.6528945
0.16393,-3.236812
0.163932,-2.6358042
0.16393399,-1.8961024
0.163936,-1.0639377
0.163938,-0.13931036
0.16394,0.7853174
0.163942,1.6174817
0.163944,2.4034152
0.163946,3.0968862
0.163948,3.5591989
0.16395,3.8828197
0.163952,3.9752812
0.163954,3.8365874
0.163956,3.5129685
0.163958,3.0044227
0.16396,2.3109517
0.163962,1.5250192
0.163964,0.6928544
0.163966,-0.2317729
0.163968,-1.1564007
0.16397,-1.9423337
0.163972,-2.6820357
0.163974,-3.2830436
0.163976,-3.6991258
0.163978,-3.9302826
0.16397999,-3.9302826
0.163982,-3.745357
0.163984,-3.329275
0.163986,-2.7744985
0.163988,-2.0347965
0.16399,-1.202632
0.163992,-0.27800417
0.163994,0.64662313
0.163996,1.4787879
0.163998,2.3109517
0.164,2.9581914
0.164002,3.5129685
0.164004,3.8365874
0.164006,3.9752812
0.164008,3.8828197
0.16401,3.605431
0.164012,3.0968862
0.164014,2.4496465
0.164016,1.6637135
0.164018,0.8315482
0.16402,-0.09307861
0.164022,-0.9714751
0.164024,-1.8036394
0.16402599,-2.589573
0.164028,-3.1905808
0.16403,-3.6528945
0.164032,-3.8840513
0.164034,-3.9302826
0.164036,-3.7915885
0.164038,-3.4217377
0.16404,-2.866961
0.164042,-2.1734905
0.164044,-1.3413262
0.164046,-0.46292973
0.164048,0.46169758
0.16405,1.3400936
0.164052,2.172258
0.164054,2.8657289
0.164056,3.420505
0.164058,3.7903562
0.16406,3.92905
0.164062,3.8828197
0.164064,3.6516623
0.164066,3.1893477
0.164068,2.5883412
0.16407,1.8024073
0.164072,0.970243
0.164074,0.091846466
0.164076,-0.83278084
0.164078,-1.6649456
0.16408,-2.4508786
0.164082,-3.098118
0.164084,-3.6066632
0.164086,-3.8840513
0.164088,-3.976514
0.16409,-3.8378198
0.164092,-3.5142004
0.164094,-2.9594238
0.164096,-2.3121846
0.164098,-1.48002
0.1641,-0.601624
0.164102,0.3230033
0.164104,1.2013993
0.164106,2.033564
0.164108,2.7732663
0.16411,3.3280425
0.164112,3.744125
0.164114,3.92905
0.164116,3.92905
0.164118,3.6978936
0.16412,3.2818112
0.164122,2.6808028
0.164124,1.9411016
0.164126,1.1551685
0.164128,0.23054075
0.16413,-0.694087
0.164132,-1.5262513
0.164134,-2.3121846
0.16413599,-3.0056553
0.164138,-3.5142004
0.16414,-3.8378198
0.164142,-3.976514
0.164144,-3.8840513
0.164146,-3.5604317
0.164148,-3.098118
0.16415,-2.4046474
0.164152,-1.6187139
0.164154,-0.78654957
0.164156,0.13807821
0.164158,1.0627055
0.16416,1.8948698
0.164162,2.6345725
0.164164,3.23558
0.164166,3.6978936
0.164168,3.92905
0.16417,3.92905
0.164172,3.744125
0.164174,3.3742738
0.164176,2.8194976
0.164178,2.0797954
0.16418,1.2938623
0.16418199,0.4154663
0.164184,-0.5091615
0.164186,-1.387557
0.164188,-2.1734905
0.16419,-2.866961
0.164192,-3.4217377
0.164194,-3.7915885
0.164196,-3.9302826
0.164198,-3.8840513
0.1642,-3.6528945
0.164202,-3.1905808
0.164204,-2.5433414
0.164206,-1.7574081
0.164208,-0.9252434
0.16421,-6.160736E-4
0.164212,0.87777996
0.164214,1.756176
0.164216,2.4958777
0.164218,3.1431174
0.16422,3.605431
0.164222,3.8828197
0.164224,3.9752812
0.164226,3.7903562
0.16422799,3.4667363
0.16423,2.9119601
0.164232,2.2184901
0.164234,1.4325566
0.164236,0.5541601
0.164238,-0.3704667
0.16424,-1.2488632
0.164242,-2.0347965
0.164244,-2.7744985
0.164246,-3.3755062
0.164248,-3.745357
0.16425,-3.9302826
0.164252,-3.9302826
0.164254,-3.6991258
0.164256,-3.2830436
0.164258,-2.6820357
0.16426,-1.9423337
0.164262,-1.1101689
0.164264,-0.18554163
0.164266,0.7390857
0.164268,1.6174817
0.16427,2.4034152
0.164272,3.050654
0.16427399,3.5591989
0.164276,3.8365874
0.164278,3.9752812
0.16428,3.8365874
0.164282,3.5129685
0.164284,3.050654
0.164286,2.357184
0.164288,1.5712504
0.16429,0.7390857
0.164292,-0.18554163
0.164294,-0.5091615
0.164296,1.9411016
0.164298,2.727035
0.1643,3.3280425
0.164302,3.744125
0.164304,3.9752812
0.164306,3.9752812
0.164308,3.7903562
0.16431,3.3742738
0.164312,2.8194976
0.164314,2.0797954
0.164316,1.2938623
0.164318,0.36923456
0.16432,-0.55539227
0.164322,-1.4337888
0.164324,-2.2197218
0.164326,-2.9131925
0.164328,-3.4217377
0.16433,-3.7915885
0.164332,-3.9302826
0.164334,-3.8840513
0.164336,-3.6066632
0.164338,-3.1443493
0.16434,-2.4971101
0.164342,-1.7111769
0.164344,-0.8790121
0.164346,0.045615196
0.164348,0.970243
0.16435,1.8024073
0.164352,2.542109
0.164354,3.1893477
0.164356,3.6516623
0.164358,3.8828197
0.16436,3.9752812
0.164362,3.7903562
0.164364,3.420505
0.164366,2.9119601
0.164368,2.172258
0.16437,1.3863249
0.164372,0.50792885
0.164374,-0.41669846
0.164376,-1.2950945
0.164378,-2.081028
0.16438,-2.8207297
0.164382,-3.3755062
0.164384,-3.745357
0.164386,-3.9302826
0.164388,-3.9302826
0.16439,-3.6528945
0.164392,-3.236812
0.164394,-2.6358042
0.164396,-1.8498712
0.164398,-1.0177064
0.1644,-0.13931036
0.164402,0.7853174
0.164404,1.6637135
0.164406,2.4496465
0.164408,3.0968862
0.16441,3.5591989
0.164412,3.8828197
0.164414,3.9752812
0.164416,3.8365874
0.164418,3.5129685
0.16442,3.0044227
0.164422,2.3109517
0.164424,1.5250192
0.164426,0.64662313
0.164428,-0.2317729
0.16442999,-1.1564007
0.164432,-1.9423337
0.164434,-2.6820357
0.164436,-3.2830436
0.164438,-3.6991258
0.16444,-3.9302826
0.164442,-3.9302826
0.164444,-3.745357
0.164446,-3.329275
0.164448,-2.728267
0.16445,-1.9885652
0.164452,-1.202632
0.164454,-0.27800417
0.164456,0.64662313
0.164458,1.5250192
0.16446,2.3109517
0.164462,3.0044227
0.164464,3.5129685
0.164466,3.8365874
0.164468,3.9752812
0.16447,3.8828197
0.164472,3.5591989
0.164474,3.0968862
0.16447599,2.4496465
0.164478,1.6637135
0.16448,0.8315482
0.164482,-0.09307861
0.164484,-1.0177064
0.164486,-1.8036394
0.164488,-2.589573
0.16449,-3.1905808
0.164492,-3.6528945
0.164494,-3.8840513
0.164496,-3.9302826
0.164498,-3.7915885
0.1645,-3.4217377
0.164502,-2.866961
0.164504,-2.1272593
0.164506,-1.3413262
0.164508,-0.46292973
0.16451,0.46169758
0.164512,1.3863249
0.164514,2.172258
0.164516,2.8657289
0.164518,3.420505
0.16452,3.7903562
0.16452199,3.92905
0.164524,3.8828197
0.164526,3.6516623
0.164528,3.1893477
0.16453,2.5883412
0.164532,1.8024073
0.164534,0.970243
0.164536,0.091846466
0.164538,-0.83278084
0.16454,-1.6649456
0.164542,-2.4508786
0.164544,-3.098118
0.164546,-3.6066632
0.164548,-3.8840513
0.16455,-3.976514
0.164552,-3.8378198
0.164554,-3.467969
0.164556,-2.9594238
0.164558,-2.2659533
0.16456,-1.48002
0.164562,-0.601624
0.164564,0.3230033
0.164566,1.2476311
0.164568,2.033564
0.16457,2.7732663
0.164572,3.3280425
0.164574,3.744125
0.164576,3.92905
0.164578,3.92905
0.16458,3.6978936
0.164582,3.2818112
0.164584,2.6808028
0.164586,1.9411016
0.164588,1.1089368
0.16459,0.23054075
0.164592,-0.694087
0.164594,-1.5262513
0.164596,-2.3121846
0.164598,-3.0056553
0.1646,-3.5142004
0.164602,-3.8378198
0.164604,-3.976514
0.164606,-3.8378198
0.164608,-3.5604317
0.16461,-3.0518866
0.164612,-2.4046474
0.164614,-1.6187139
0.164616,-0.7403178
0.164618,0.184309
0.16462,1.0627055
0.164622,1.8948698
0.164624,2.6345725
0.164626,3.23558
0.164628,3.6978936
0.16463,3.92905
0.164632,3.92905
0.164634,3.744125
0.164636,3.3742738
0.164638,2.8194976
0.16464,2.0797954
0.164642,1.2938623
0.164644,0.36923456
0.164646,-0.55539227
0.164648,-1.4337888
0.16465,-2.2197218
0.164652,-2.9131925
0.164654,-3.4217377
0.164656,-3.7915885
0.164658,-3.9302826
0.16466,-3.8840513
0.164662,-3.6066632
0.164664,-3.1443493
0.164666,-2.5433414
0.164668,-1.7574081
0.16467,-0.9252434
0.164672,-6.160736E-4
0.164674,0.92401123
0.164676,1.756176
0.16467799,2.542109
0.16468,3.1431174
0.164682,3.605431
0.164684,3.8828197
0.164686,3.9752812
0.164688,3.7903562
0.16469,3.4667363
0.164692,2.9119601
0.164694,2.2184901
0.164696,1.4325566
0.164698,0.5541601
0.1647,-0.3704667
0.164702,-1.2488632
0.164704,-2.081028
0.164706,-2.7744985
0.164708,-3.3755062
0.16471,-3.745357
0.164712,-3.9302826
0.164714,-3.745357
0.164716,-0.46292973
0.164718,2.8657289
0.16472,2.5883412
0.164722,1.8486385
0.16472399,1.0627055
0.164726,0.13807821
0.164728,-0.78654957
0.16473,-1.6187139
0.164732,-2.4046474
0.164734,-3.0518866
0.164736,-3.5604317
0.164738,-3.8840513
0.16474,-3.976514
0.164742,-3.8378198
0.164744,-3.5142004
0.164746,-3.0518866
0.164748,-2.3584158
0.16475,-1.5724826
0.164752,-0.694087
0.164754,0.23054075
0.164756,1.1089368
0.164758,1.9411016
0.16476,2.6808028
0.164762,3.2818112
0.164764,3.6978936
0.164766,3.92905
0.164768,3.92905
0.16476999,3.744125
0.164772,3.3280425
0.164774,2.7732663
0.164776,2.033564
0.164778,1.2013993
0.16478,0.3230033
0.164782,-0.601624
0.164784,-1.48002
0.164786,-2.2659533
0.164788,-2.9594238
0.16479,-3.467969
0.164792,-3.8378198
0.164794,-3.976514
0.164796,-3.8840513
0.164798,-3.6066632
0.1648,-3.1443493
0.164802,-2.4971101
0.164804,-1.7111769
0.164806,-0.83278084
0.164808,0.091846466
0.16481,0.970243
0.164812,1.8024073
0.164814,2.5883412
0.164816,3.1893477
0.164818,3.6516623
0.16482,3.8828197
0.164822,3.92905
0.164824,3.7903562
0.164826,3.420505
0.164828,2.8657289
0.16483,2.172258
0.164832,1.3863249
0.164834,0.46169758
0.164836,-0.41669846
0.164838,-1.3413262
0.16484,-2.1272593
0.164842,-2.8207297
0.164844,-3.3755062
0.164846,-3.7915885
0.164848,-3.9302826
0.16485,-3.8840513
0.164852,-3.6528945
0.164854,-3.236812
0.164856,-2.589573
0.164858,-1.8498712
0.16486,-1.0177064
0.164862,-0.09307861
0.164864,0.8315482
0.164866,1.6637135
0.164868,2.4496465
0.16487,3.0968862
0.164872,3.605431
0.164874,3.8828197
0.164876,3.9752812
0.164878,3.8365874
0.16488,3.5129685
0.164882,2.9581914
0.164884,2.3109517
0.164886,1.4787879
0.164888,0.64662313
0.16489,-0.27800417
0.164892,-1.1564007
0.164894,-1.9885652
0.164896,-2.728267
0.164898,-3.329275
0.1649,-3.6991258
0.164902,-3.9302826
0.164904,-3.9302826
0.164906,-3.6991258
0.164908,-3.329275
0.16491,-2.728267
0.164912,-1.9885652
0.164914,-1.1564007
0.164916,-0.27800417
0.164918,0.64662313
0.16492,1.5250192
0.164922,2.3109517
0.164924,3.0044227
0.16492599,3.5129685
0.164928,3.8365874
0.16493,3.9752812
0.164932,3.8828197
0.164934,3.5591989
0.164936,3.0968862
0.164938,2.4034152
0.16494,1.6637135
0.164942,0.7853174
0.164944,-0.13931036
0.164946,-1.0177064
0.164948,-1.8498712
0.16495,-2.589573
0.164952,-3.236812
0.164954,-3.6528945
0.164956,-3.9302826
0.164958,-3.9302826
0.16496,-3.7915885
0.164962,-3.3755062
0.164964,-2.8207297
0.164966,-2.1272593
0.164968,-1.2950945
0.16497,-0.41669846
0.16497199,0.50792885
0.164974,1.3863249
0.164976,2.172258
0.164978,2.9119601
0.16498,3.420505
0.164982,3.7903562
0.164984,3.9752812
0.164986,3.8828197
0.164988,3.6516623
0.16499,3.1893477
0.164992,2.542109
0.164994,1.8024073
0.164996,0.970243
0.164998,0.045615196
0.165,-0.8790121
0.165002,-1.7111769
0.165004,-2.4971101
0.165006,-3.1443493
0.165008,-3.6066632
0.16501,-3.8840513
0.165012,-3.9302826
0.165014,-3.7915885
0.165016,-3.467969
0.16501799,-2.9594238
0.16502,-2.2659533
0.165022,-1.48002
0.165024,-0.55539227
0.165026,0.36923456
0.165028,1.2476311
0.16503,2.0797954
0.165032,2.7732663
0.165034,3.3742738
0.165036,3.744125
0.165038,3.92905
0.16504,3.92905
0.165042,3.6978936
0.165044,3.2818112
0.165046,2.6808028
0.165048,1.9411016
0.16505,1.1089368
0.165052,0.184309
0.165054,-0.694087
0.165056,-1.5724826
0.165058,-2.3584158
0.16506,-3.0056553
0.165062,-3.5142004
0.16506399,-3.8378198
0.165066,-3.976514
0.165068,-3.8378198
0.16507,-3.5604317
0.165072,-3.0518866
0.165074,-2.4046474
0.165076,-1.5724826
0.165078,-0.7403178
0.16508,0.184309
0.165082,1.1089368
0.165084,1.9411016
0.165086,2.6808028
0.165088,3.2818112
0.16509,3.6978936
0.165092,3.92905
0.165094,3.92905
0.165096,3.744125
0.165098,3.3742738
0.1651,2.7732663
0.165102,2.0797954
0.165104,1.2476311
0.165106,0.36923456
0.165108,-0.55539227
0.16511,-1.4337888
0.165112,-2.2197218
0.165114,-2.9131925
0.165116,-3.467969
0.165118,-3.7915885
0.16512,-3.976514
0.165122,-3.8840513
0.165124,-3.6066632
0.165126,-3.1443493
0.165128,-2.4971101
0.16513,-1.7574081
0.165132,-0.8790121
0.165134,-6.160736E-4
0.165136,-1.0177064
0.165138,-1.8498712
0.16514,-2.589573
0.165142,-3.236812
0.165144,-3.6991258
0.165146,-3.9302826
0.165148,-4.022745
0.16515,-3.8378198
0.165152,-3.5142004
0.165154,-2.9594238
0.165156,-2.2659533
0.165158,-1.4337888
0.16516,-0.55539227
0.165162,0.36923456
0.165164,1.2938623
0.165166,2.0797954
0.165168,2.8194976
0.16517,3.3742738
0.165172,3.744125
0.16517399,3.92905
0.165176,3.8828197
0.165178,3.6516623
0.16518,3.23558
0.165182,2.6345725
0.165184,1.8486385
0.165186,1.0627055
0.165188,0.13807821
0.16519,-0.78654957
0.165192,-1.6187139
0.165194,-2.4046474
0.165196,-3.0518866
0.165198,-3.5604317
0.1652,-3.8840513
0.165202,-3.976514
0.165204,-3.8378198
0.165206,-3.5142004
0.165208,-3.0056553
0.16521,-2.3584158
0.165212,-1.5262513
0.165214,-0.694087
0.165216,0.23054075
0.165218,1.1551685
0.16521999,1.9873328
0.165222,2.6808028
0.165224,3.2818112
0.165226,3.6978936
0.165228,3.92905
0.16523,3.92905
0.165232,3.744125
0.165234,3.3280425
0.165236,2.727035
0.165238,2.033564
0.16524,1.2013993
0.165242,0.3230033
0.165244,-0.601624
0.165246,-1.48002
0.165248,-2.2659533
0.16525,-2.9594238
0.165252,-3.467969
0.165254,-3.8378198
0.165256,-3.976514
0.165258,-3.8840513
0.16526,-3.6066632
0.165262,-3.098118
0.165264,-2.4508786
0.16526599,-1.6649456
0.165268,-0.83278084
0.16527,0.091846466
0.165272,1.0164738
0.165274,1.8486385
0.165276,2.5883412
0.165278,3.1893477
0.16528,3.6516623
0.165282,3.92905
0.165284,3.92905
0.165286,3.7903562
0.165288,3.420505
0.16529,2.8657289
0.165292,2.172258
0.165294,1.3400936
0.165296,0.46169758
0.165298,-0.46292973
0.1653,-1.3413262
0.165302,-2.1272593
0.165304,-2.8207297
0.165306,-3.4217377
0.165308,-3.7915885
0.16531,-3.9302826
0.16531199,-3.8840513
0.165314,-3.6528945
0.165316,-3.1905808
0.165318,-2.589573
0.16532,-1.8498712
0.165322,-0.9714751
0.165324,-0.09307861
0.165326,0.8315482
0.165328,1.6637135
0.16533,2.4496465
0.165332,3.0968862
0.165334,3.605431
0.165336,3.8828197
0.165338,3.9752812
0.16534,3.8365874
0.165342,3.5129685
0.165344,2.9581914
0.165346,2.2647214
0.165348,1.4787879
0.16535,0.64662313
0.165352,-0.27800417
0.165354,-1.202632
0.165356,-1.9885652
0.165358,-2.728267
0.16536,-3.329275
0.165362,-3.745357
0.165364,-3.9302826
0.165366,-3.9302826
0.165368,-3.6991258
0.16537,-3.2830436
0.165372,-2.728267
0.165374,-1.9885652
0.165376,-1.1564007
0.165378,-0.2317729
0.16538,0.6928544
0.165382,1.5250192
0.165384,2.357184
0.165386,3.0044227
0.165388,3.5129685
0.16539,3.8365874
0.165392,3.9752812
0.165394,3.8828197
0.165396,3.5591989
0.165398,3.050654
0.1654,2.4034152
0.165402,1.6174817
0.165404,0.7853174
0.165406,-0.13931036
0.165408,-1.0177064
0.16541,-1.8498712
0.165412,-2.589573
0.165414,-3.236812
0.165416,-3.6528945
0.165418,-3.9302826
0.16542,-3.9302826
0.16542199,-3.745357
0.165424,-3.3755062
0.165426,-2.8207297
0.165428,-2.1272593
0.16543,-1.2950945
0.165432,-0.41669846
0.165434,0.50792885
0.165436,1.4325566
0.165438,2.2184901
0.16544,2.9119601
0.165442,3.4667363
0.165444,3.7903562
0.165446,3.92905
0.165448,3.8828197
0.16545,3.6516623
0.165452,3.1431174
0.165454,2.542109
0.165456,1.756176
0.165458,0.92401123
0.16546,0.045615196
0.165462,-0.8790121
0.165464,-1.7111769
0.165466,-2.4971101
0.16546799,-3.1443493
0.16547,-3.6066632
0.165472,-3.8840513
0.165474,-3.976514
0.165476,-3.7915885
0.165478,-3.467969
0.16548,-2.9131925
0.165482,-2.2659533
0.165484,-1.4337888
0.165486,-0.55539227
0.165488,0.36923456
0.16549,1.2476311
0.165492,2.0797954
0.165494,2.7732663
0.165496,3.3742738
0.165498,3.744125
0.1655,3.92905
0.165502,3.92905
0.165504,3.6978936
0.165506,3.2818112
0.165508,2.6808028
0.16551,1.8948698
0.165512,1.1089368
0.16551399,0.184309
0.165516,-0.7403178
0.165518,-1.5724826
0.16552,-2.3584158
0.165522,-3.0518866
0.165524,-3.5604317
0.165526,-3.8378198
0.165528,-3.976514
0.16553,-3.8378198
0.165532,-3.5604317
0.165534,-3.0518866
0.165536,-2.3584158
0.165538,-1.5724826
0.16554,-0.7403178
0.165542,0.184309
0.165544,1.1089368
0.165546,1.9411016
0.165548,2.6808028
0.16555,3.2818112
0.165552,3.6978936
0.165554,3.92905
0.165556,0.7853174
0.165558,-2.4971101
0.16555999,-3.329275
0.165562,-2.7744985
0.165564,-2.0347965
0.165566,-1.2488632
0.165568,-0.32423592
0.16557,0.60039186
0.165572,1.4787879
0.165574,2.2647214
0.165576,2.9581914
0.165578,3.4667363
0.16558,3.8365874
0.165582,3.9752812
0.165584,3.8828197
0.165586,3.605431
0.165588,3.1431174
0.16559,2.4958777
0.165592,1.7099442
0.165594,0.87777996
0.165596,-0.046847343
0.165598,-0.9714751
0.1656,-1.7574081
0.165602,-2.5433414
0.165604,-3.1905808
0.165606,-3.6528945
0.165608,-3.8840513
0.16561,-3.9302826
0.165612,-3.7915885
0.165614,-3.4217377
0.165616,-2.9131925
0.165618,-2.1734905
0.16562,-1.387557
0.165622,-0.5091615
0.165624,0.4154663
0.165626,1.3400936
0.165628,2.126027
0.16563,2.8194976
0.165632,3.420505
0.165634,3.7903562
0.165636,3.92905
0.165638,3.92905
0.16564,3.6516623
0.165642,3.23558
0.165644,2.5883412
0.165646,1.8486385
0.165648,1.0164738
0.16565,0.13807821
0.165652,-0.78654957
0.165654,-1.6187139
0.165656,-2.4046474
0.165658,-3.098118
0.16566,-3.5604317
0.165662,-3.8840513
0.165664,-3.976514
0.165666,-3.8378198
0.165668,-3.5142004
0.16567,-3.0056553
0.165672,-2.3121846
0.165674,-1.5262513
0.165676,-0.6478553
0.165678,0.27677202
0.16568,1.1551685
0.165682,1.9873328
0.165684,2.727035
0.165686,3.3280425
0.165688,3.744125
0.16569,3.92905
0.165692,3.92905
0.165694,3.744125
0.165696,3.3280425
0.165698,2.727035
0.1657,1.9873328
0.165702,1.2013993
0.165704,0.27677202
0.165706,-0.6478553
0.165708,-1.48002
0.16571,-2.2659533
0.165712,-2.9594238
0.165714,-3.5142004
0.16571599,-3.8378198
0.165718,-3.976514
0.16572,-3.8840513
0.165722,-3.5604317
0.165724,-3.098118
0.165726,-2.4508786
0.165728,-1.6649456
0.16573,-0.83278084
0.165732,0.091846466
0.165734,1.0164738
0.165736,1.8486385
0.165738,2.5883412
0.16574,3.23558
0.165742,3.6516623
0.165744,3.92905
0.165746,3.92905
0.165748,3.7903562
0.16575,3.420505
0.165752,2.8194976
0.165754,2.126027
0.165756,1.3400936
0.165758,0.46169758
0.16576,-0.46292973
0.16576199,-1.387557
0.165764,-2.1734905
0.165766,-2.866961
0.165768,-3.4217377
0.16577,-3.7915885
0.165772,-3.9302826
0.165774,-3.8840513
0.165776,-3.6528945
0.165778,-3.1905808
0.16578,-2.589573
0.165782,-1.8036394
0.165784,-0.9714751
0.165786,-0.046847343
0.165788,0.87777996
0.16579,1.7099442
0.165792,2.4958777
0.165794,3.1431174
0.165796,3.605431
0.165798,3.8828197
0.1658,3.9752812
0.165802,3.8365874
0.165804,3.4667363
0.165806,2.9581914
0.16580799,2.2647214
0.16581,1.4787879
0.165812,0.60039186
0.165814,-0.32423592
0.165816,-1.202632
0.165818,-2.0347965
0.16582,-2.728267
0.165822,-3.329275
0.165824,-3.745357
0.165826,-3.9302826
0.165828,-3.9302826
0.16583,-3.6991258
0.165832,-3.2830436
0.165834,-2.6820357
0.165836,-1.9423337
0.165838,-1.1101689
0.16584,-0.2317729
0.165842,0.6928544
0.165844,1.5712504
0.165846,2.357184
0.165848,3.0044227
0.16585,3.5129685
0.165852,3.8365874
0.165854,3.9752812
0.165856,3.8365874
0.165858,3.5591989
0.16586,3.050654
0.165862,2.4034152
0.165864,1.6174817
0.165866,0.7390857
0.165868,-0.13931036
0.16587,-1.0639377
0.165872,-1.8961024
0.165874,-2.6358042
0.165876,-3.236812
0.165878,-3.6991258
0.16588,-3.9302826
0.165882,-3.9302826
0.165884,-3.745357
0.165886,-3.3755062
0.165888,-2.8207297
0.16589,-2.081028
0.165892,-1.2950945
0.165894,-0.3704667
0.165896,0.5541601
0.165898,1.4325566
0.1659,2.2184901
0.165902,2.9119601
0.165904,3.4667363
0.165906,3.7903562
0.165908,3.9752812
0.16591,3.8828197
0.165912,3.605431
0.165914,3.1431174
0.165916,2.4958777
0.165918,1.756176
0.16592,0.92401123
0.165922,-6.160736E-4
0.165924,-0.9252434
0.165926,-1.7574081
0.165928,-2.4971101
0.16593,-3.1443493
0.165932,-3.6066632
0.165934,-3.8840513
0.165936,-3.976514
0.165938,-3.7915885
0.16594,-3.467969
0.165942,-2.9131925
0.165944,-2.2197218
0.165946,-1.4337888
0.165948,-0.55539227
0.16595,0.36923456
0.165952,1.2938623
0.165954,2.0797954
0.165956,2.8194976
0.165958,3.3742738
0.16596,3.744125
0.165962,3.92905
0.16596399,3.92905
0.165966,3.6978936
0.165968,3.23558
0.16597,2.6345725
0.165972,1.8948698
0.165974,1.0627055
0.165976,-6.160736E-4
0.165978,0.8315482
0.16598,1.7099442
0.165982,2.4496465
0.165984,3.1431174
0.165986,3.605431
0.165988,3.92905
0.16599,4.0215135
0.165992,3.8828197
0.165994,3.5591989
0.165996,3.050654
0.165998,2.4034152
0.166,1.5712504
0.166002,0.7390857
0.166004,-0.18554163
0.166006,-1.1101689
0.166008,-1.8961024
0.16600999,-2.6358042
0.166012,-3.236812
0.166014,-3.6991258
0.166016,-3.8840513
0.166018,-3.9302826
0.16602,-3.745357
0.166022,-3.329275
0.166024,-2.7744985
0.166026,-2.0347965
0.166028,-1.202632
0.16603,-0.32423592
0.166032,0.60039186
0.166034,1.4787879
0.166036,2.2647214
0.166038,2.9581914
0.16604,3.5129685
0.166042,3.8365874
0.166044,3.9752812
0.166046,3.8828197
0.166048,3.605431
0.16605,3.1431174
0.166052,2.4958777
0.166054,1.7099442
0.16605599,0.87777996
0.166058,-0.046847343
0.16606,-0.9714751
0.166062,-1.8036394
0.166064,-2.5433414
0.166066,-3.1905808
0.166068,-3.6528945
0.16607,-3.8840513
0.166072,-3.9302826
0.166074,-3.7915885
0.166076,-3.4217377
0.166078,-2.866961
0.16608,-2.1734905
0.166082,-1.387557
0.166084,-0.46292973
0.166086,0.46169758
0.166088,1.3400936
0.16609,2.126027
0.166092,2.8657289
0.166094,3.420505
0.166096,3.7903562
0.166098,3.92905
0.1661,3.92905
0.16610199,3.6516623
0.166104,3.1893477
0.166106,2.5883412
0.166108,1.8486385
0.16611,1.0164738
0.166112,0.091846466
0.166114,-0.78654957
0.166116,-1.6649456
0.166118,-2.4508786
0.16612,-3.098118
0.166122,-3.5604317
0.166124,-3.8840513
0.166126,-3.976514
0.166128,-3.8378198
0.16613,-3.5142004
0.166132,-3.0056553
0.166134,-2.3121846
0.166136,-1.48002
0.166138,-0.6478553
0.16614,0.27677202
0.166142,1.2013993
0.166144,1.9873328
0.166146,2.727035
0.166148,3.3280425
0.16615,3.744125
0.166152,3.92905
0.166154,3.92905
0.166156,3.6978936
0.166158,3.2818112
0.16616,2.727035
0.166162,1.9873328
0.166164,1.1551685
0.166166,0.27677202
0.166168,-0.6478553
0.16617,-1.48002
0.166172,-2.3121846
0.166174,-2.9594238
0.166176,-3.5142004
0.166178,-3.8378198
0.16618,-3.976514
0.166182,-3.8840513
0.166184,-3.5604317
0.166186,-3.098118
0.166188,-2.4508786
0.16619,-1.6649456
0.166192,-0.78654957
0.166194,0.13807821
0.166196,1.0164738
0.166198,1.8486385
0.1662,2.6345725
0.166202,3.23558
0.166204,3.6516623
0.166206,3.92905
0.166208,3.92905
0.16621,3.7903562
0.16621199,3.3742738
0.166214,2.8194976
0.166216,2.126027
0.166218,1.2938623
0.16622,0.4154663
0.166222,-0.5091615
0.166224,-1.387557
0.166226,-2.1734905
0.166228,-2.866961
0.16623,-3.4217377
0.166232,-3.7915885
0.166234,-3.9302826
0.166236,-3.8840513
0.166238,-3.6528945
0.16624,-3.1905808
0.166242,-2.5433414
0.166244,-1.8036394
0.166246,-0.9714751
0.166248,-0.046847343
0.16625,0.87777996
0.166252,1.7099442
0.166254,2.4958777
0.166256,3.1431174
0.16625799,3.605431
0.16626,3.8828197
0.166262,3.9752812
0.166264,3.7903562
0.166266,3.4667363
0.166268,2.9119601
0.16627,2.2647214
0.166272,1.4787879
0.166274,0.60039186
0.166276,-0.32423592
0.166278,-1.2488632
0.16628,-2.0347965
0.166282,-2.7744985
0.166284,-3.329275
0.166286,-3.745357
0.166288,-3.9302826
0.16629,-3.9302826
0.166292,-3.6991258
0.166294,-3.2830436
0.166296,-2.6820357
0.166298,-1.9423337
0.1663,-1.1101689
0.166302,-0.18554163
0.16630399,0.7390857
0.166306,1.5712504
0.166308,2.357184
0.16631,3.050654
0.166312,3.5591989
0.166314,3.8365874
0.166316,3.9752812
0.166318,3.8365874
0.16632,3.5591989
0.166322,3.050654
0.166324,2.357184
0.166326,1.5712504
0.166328,0.7390857
0.16633,-0.18554163
0.166332,-1.0639377
0.166334,-1.8961024
0.166336,-2.6358042
0.166338,-3.236812
0.16634,-3.6991258
0.166342,-3.9302826
0.166344,-3.9302826
0.166346,-3.745357
0.166348,-3.3755062
0.16634999,-2.8207297
0.166352,-2.081028
0.166354,-1.2488632
0.166356,-0.3704667
0.166358,0.5541601
0.16636,1.4325566
0.166362,2.2184901
0.166364,2.9119601
0.166366,3.4667363
0.166368,3.7903562
0.16637,3.9752812
0.166372,3.8828197
0.166374,3.605431
0.166376,3.1431174
0.166378,2.4958777
0.16638,1.756176
0.166382,0.87777996
0.166384,-6.160736E-4
0.166386,-0.9252434
0.166388,-1.7574081
0.16639,-2.5433414
0.166392,-3.1443493
0.166394,-3.6528945
0.166396,-1.48002
0.166398,2.2647214
0.1664,3.7903562
0.166402,3.4667363
0.166404,2.9119601
0.166406,2.2184901
0.166408,1.4325566
0.16641,0.50792885
0.166412,-0.3704667
0.166414,-1.2950945
0.166416,-2.081028
0.166418,-2.8207297
0.16642,-3.3755062
0.166422,-3.745357
0.166424,-3.9302826
0.166426,-3.8840513
0.166428,-3.6528945
0.16643,-3.236812
0.166432,-2.6358042
0.166434,-1.8961024
0.166436,-1.0177064
0.166438,-0.13931036
0.16644,0.7853174
0.166442,1.6637135
0.166444,2.4034152
0.166446,3.0968862
0.166448,3.5591989
0.16645,3.8828197
0.166452,3.9752812
0.166454,3.8365874
0.166456,3.5129685
0.166458,3.0044227
0.16645999,2.3109517
0.166462,1.5250192
0.166464,0.6928544
0.166466,-0.2317729
0.166468,-1.1564007
0.16647,-1.9423337
0.166472,-2.6820357
0.166474,-3.2830436
0.166476,-3.6991258
0.166478,-3.9302826
0.16648,-3.9302826
0.166482,-3.745357
0.166484,-3.329275
0.166486,-2.7744985
0.166488,-2.0347965
0.16649,-1.202632
0.166492,-0.27800417
0.166494,0.64662313
0.166496,1.4787879
0.166498,2.3109517
0.1665,2.9581914
0.166502,3.5129685
0.166504,3.8365874
0.16650599,3.9752812
0.166508,3.8828197
0.16651,3.605431
0.166512,3.0968862
0.166514,2.4496465
0.166516,1.6637135
0.166518,0.8315482
0.16652,-0.09307861
0.166522,-0.9714751
0.166524,-1.8036394
0.166526,-2.589573
0.166528,-3.1905808
0.16653,-3.6528945
0.166532,-3.8840513
0.166534,-3.9302826
0.166536,-3.7915885
0.166538,-3.4217377
0.16654,-2.866961
0.166542,-2.1734905
0.166544,-1.3413262
0.166546,-0.46292973
0.166548,0.46169758
0.16655,1.3863249
0.16655199,2.172258
0.166554,2.8657289
0.166556,3.420505
0.166558,3.7903562
0.16656,3.92905
0.166562,3.8828197
0.166564,3.6516623
0.166566,3.1893477
0.166568,2.5883412
0.16657,1.8024073
0.166572,0.970243
0.166574,0.091846466
0.166576,-0.83278084
0.166578,-1.6649456
0.16658,-2.4508786
0.166582,-3.098118
0.166584,-3.6066632
0.166586,-3.8840513
0.166588,-3.976514
0.16659,-3.8378198
0.166592,-3.467969
0.166594,-2.9594238
0.166596,-2.2659533
0.16659799,-1.48002
0.1666,-0.601624
0.166602,0.3230033
0.166604,1.2013993
0.166606,2.033564
0.166608,2.7732663
0.16661,3.3280425
0.166612,3.744125
0.166614,3.92905
0.166616,3.92905
0.166618,3.6978936
0.16662,3.2818112
0.166622,2.6808028
0.166624,1.9411016
0.166626,1.1551685
0.166628,0.23054075
0.16663,-0.694087
0.166632,-1.5262513
0.166634,-2.3121846
0.166636,-3.0056553
0.166638,-3.5142004
0.16664,-3.8378198
0.166642,-3.976514
0.166644,-3.8840513
0.166646,-3.5604317
0.166648,-3.0518866
0.16665,-2.4046474
0.166652,-1.6187139
0.166654,-0.78654957
0.166656,0.13807821
0.166658,1.0627055
0.16666,1.8948698
0.166662,2.6345725
0.166664,3.23558
0.166666,3.6978936
0.166668,3.92905
0.16667,3.92905
0.166672,3.744125
0.166674,3.3742738
0.166676,2.8194976
0.166678,2.0797954
0.16668,1.2938623
0.166682,0.4154663
0.166684,-0.5091615
0.166686,-1.387557
0.166688,-2.1734905
0.16669,-2.866961
0.166692,-3.4217377
0.166694,-3.7915885
0.166696,-3.9302826
0.166698,-3.8840513
0.1667,-3.6066632
0.166702,-3.1905808
0.166704,-2.5433414
0.166706,-1.7574081
0.166708,-0.9252434
0.16671,-6.160736E-4
0.166712,0.92401123
0.166714,1.756176
0.166716,2.4958777
0.166718,3.1431174
0.16672,3.605431
0.166722,3.8828197
0.166724,3.9752812
0.166726,3.7903562
0.166728,3.4667363
0.16673,2.9119601
0.166732,2.2184901
0.166734,1.4325566
0.166736,0.5541601
0.166738,-0.3704667
0.16674,-1.2488632
0.166742,-2.0347965
0.166744,-2.7744985
0.166746,-3.3755062
0.166748,-3.745357
0.16675,-3.9302826
0.166752,-3.9302826
0.16675399,-3.6991258
0.166756,-3.2830436
0.166758,-2.6820357
0.16676,-1.8961024
0.166762,-1.0639377
0.166764,-0.18554163
0.166766,0.7390857
0.166768,1.6174817
0.16677,2.4034152
0.166772,3.050654
0.166774,3.5591989
0.166776,3.8365874
0.166778,3.9752812
0.16678,3.8365874
0.166782,3.5129685
0.166784,3.0044227
0.166786,2.357184
0.166788,1.5712504
0.16679,0.7390857
0.166792,-0.18554163
0.166794,-1.1101689
0.166796,-1.9423337
0.166798,-2.6820357
0.16679999,-3.2830436
0.166802,-3.6991258
0.166804,-3.9302826
0.166806,-3.9302826
0.166808,-3.745357
0.16681,-3.329275
0.166812,-2.7744985
0.166814,-2.0347965
0.166816,0.3230033
0.166818,0.23054075
0.16682,-0.6478553
0.166822,-1.48002
0.166824,-2.3121846
0.166826,-3.0056553
0.166828,-3.5142004
0.16683,-3.8840513
0.166832,-4.022745
0.166834,-3.9302826
0.166836,-3.6528945
0.166838,-3.1905808
0.16684,-2.5433414
0.166842,-1.7574081
0.166844,-0.8790121
0.16684599,0.045615196
0.166848,0.92401123
0.16685,1.756176
0.166852,2.542109
0.166854,3.1893477
0.166856,3.605431
0.166858,3.8828197
0.16686,3.92905
0.166862,3.7903562
0.166864,3.420505
0.166866,2.8657289
0.166868,2.172258
0.16687,1.3863249
0.166872,0.50792885
0.166874,-0.41669846
0.166876,-1.2950945
0.166878,-2.1272593
0.16688,-2.8207297
0.166882,-3.3755062
0.166884,-3.7915885
0.166886,-3.9302826
0.166888,-3.9302826
0.16689,-3.6528945
0.166892,-3.236812
0.166894,-2.6358042
0.166896,-1.8498712
0.166898,-1.0177064
0.1669,-0.13931036
0.166902,0.7853174
0.166904,1.6637135
0.166906,2.4496465
0.166908,3.0968862
0.16691,3.5591989
0.166912,3.8828197
0.166914,3.9752812
0.166916,3.8365874
0.166918,3.5129685
0.16692,3.0044227
0.166922,2.3109517
0.166924,1.5250192
0.166926,0.64662313
0.166928,-0.27800417
0.16693,-1.1564007
0.166932,-1.9885652
0.166934,-2.6820357
0.166936,-3.2830436
0.166938,-3.6991258
0.16694,-3.9302826
0.166942,-3.9302826
0.166944,-3.745357
0.166946,-3.329275
0.166948,-2.728267
0.16695,-1.9885652
0.166952,-1.202632
0.166954,-0.27800417
0.166956,0.64662313
0.166958,1.5250192
0.16696,2.3109517
0.166962,3.0044227
0.166964,3.5129685
0.166966,3.8365874
0.166968,3.9752812
0.16697,3.8828197
0.166972,3.5591989
0.166974,3.0968862
0.166976,2.4496465
0.166978,1.6637135
0.16698,0.8315482
0.166982,-0.09307861
0.166984,-1.0177064
0.166986,-1.8498712
0.166988,-2.589573
0.16699,-3.1905808
0.166992,-3.6528945
0.166994,-3.8840513
0.166996,-3.9302826
0.166998,-3.7915885
0.167,-3.4217377
0.16700199,-2.866961
0.167004,-2.1272593
0.167006,-1.3413262
0.167008,-0.41669846
0.16701,0.50792885
0.167012,1.3863249
0.167014,2.172258
0.167016,2.8657289
0.167018,3.420505
0.16702,3.7903562
0.167022,3.92905
0.167024,3.8828197
0.167026,3.6516623
0.167028,3.1893477
0.16703,2.542109
0.167032,1.8024073
0.167034,0.970243
0.167036,0.045615196
0.167038,-0.83278084
0.16704,-1.6649456
0.167042,-2.4508786
0.167044,-3.098118
0.167046,-3.6066632
0.16704799,-3.8840513
0.16705,-3.9302826
0.167052,-3.8378198
0.167054,-3.467969
0.167056,-2.9594238
0.167058,-2.2659533
0.16706,-1.48002
0.167062,-0.601624
0.167064,0.3230033
0.167066,1.2476311
0.167068,2.033564
0.16707,2.7732663
0.167072,3.3280425
0.167074,3.744125
0.167076,3.92905
0.167078,3.92905
0.16708,3.6978936
0.167082,3.2818112
0.167084,2.6808028
0.167086,1.9411016
0.167088,1.1089368
0.16709,0.23054075
0.167092,-0.694087
0.16709399,-1.5262513
0.167096,-2.3121846
0.167098,-3.0056553
0.1671,-3.5142004
0.167102,-3.8378198
0.167104,-3.976514
0.167106,-3.8378198
0.167108,-3.5604317
0.16711,-3.0518866
0.167112,-2.4046474
0.167114,-1.6187139
0.167116,-0.7403178
0.167118,0.184309
0.16712,1.0627055
0.167122,1.8948698
0.167124,2.6345725
0.167126,3.23558
0.167128,3.6978936
0.16713,3.92905
0.167132,3.92905
0.167134,3.744125
0.167136,3.3742738
0.167138,2.8194976
0.16714,2.0797954
0.167142,1.2938623
0.167144,0.36923456
0.167146,-0.55539227
0.167148,-1.4337888
0.16715,-2.2197218
0.167152,-2.9131925
0.167154,-3.467969
0.167156,-3.7915885
0.167158,-3.9302826
0.16716,-3.8840513
0.167162,-3.6066632
0.167164,-3.1443493
0.167166,-2.5433414
0.167168,-1.7574081
0.16717,-0.9252434
0.167172,-6.160736E-4
0.167174,0.92401123
0.167176,1.756176
0.167178,2.542109
0.16718,3.1431174
0.167182,3.605431
0.167184,3.8828197
0.167186,3.9752812
0.167188,3.7903562
0.16719,3.4667363
0.167192,2.9119601
0.167194,2.2184901
0.167196,1.4325566
0.167198,0.5541601
0.1672,-0.3704667
0.167202,-1.2488632
0.167204,-2.081028
0.167206,-2.7744985
0.167208,-3.3755062
0.16721,-3.745357
0.167212,-3.9302826
0.167214,-3.9302826
0.167216,-3.6991258
0.167218,-3.236812
0.16722,-2.6358042
0.167222,-1.8961024
0.167224,-1.0639377
0.167226,-0.13931036
0.167228,0.7853174
0.16723,1.6174817
0.167232,2.4034152
0.167234,3.050654
0.167236,1.4787879
0.167238,-1.8498712
0.16724,-3.9302826
0.167242,-3.8840513
0.167244,-3.5604317
0.167246,-3.0518866
0.167248,-2.3584158
0.16724999,-1.5724826
0.167252,-0.694087
0.167254,0.23054075
0.167256,1.1089368
0.167258,1.9411016
0.16726,2.6808028
0.167262,3.2818112
0.167264,3.6978936
0.167266,3.92905
0.167268,3.92905
0.16727,3.744125
0.167272,3.3280425
0.167274,2.727035
0.167276,2.033564
0.167278,1.2013993
0.16728,0.3230033
0.167282,-0.601624
0.167284,-1.48002
0.167286,-2.2659533
0.167288,-2.9594238
0.16729,-3.467969
0.167292,-3.8378198
0.167294,-3.976514
0.16729599,-3.8840513
0.167298,-3.6066632
0.1673,-3.1443493
0.167302,-2.4971101
0.167304,-1.7111769
0.167306,-0.83278084
0.167308,0.045615196
0.16731,0.970243
0.167312,1.8024073
0.167314,2.5883412
0.167316,3.1893477
0.167318,3.6516623
0.16732,3.8828197
0.167322,3.92905
0.167324,3.7903562
0.167326,3.420505
0.167328,2.8657289
0.16733,2.172258
0.167332,1.3863249
0.167334,0.46169758
0.167336,-0.46292973
0.167338,-1.3413262
0.16734,-2.1272593
0.16734199,-2.8207297
0.167344,-3.4217377
0.167346,-3.7915885
0.167348,-3.9302826
0.16735,-3.9302826
0.167352,-3.6528945
0.167354,-3.236812
0.167356,-2.589573
0.167358,-1.8498712
0.16736,-1.0177064
0.167362,-0.09307861
0.167364,0.8315482
0.167366,1.6637135
0.167368,2.4496465
0.16737,3.0968862
0.167372,3.605431
0.167374,3.8828197
0.167376,3.9752812
0.167378,3.8365874
0.16738,3.5129685
0.167382,2.9581914
0.167384,2.3109517
0.167386,1.4787879
0.16738799,0.64662313
0.16739,-0.27800417
0.167392,-1.202632
0.167394,-1.9885652
0.167396,-2.728267
0.167398,-3.329275
0.1674,-3.745357
0.167402,-3.9302826
0.167404,-3.9302826
0.167406,-3.6991258
0.167408,-3.329275
0.16741,-2.728267
0.167412,-1.9885652
0.167414,-1.1564007
0.167416,-0.2317729
0.167418,0.6928544
0.16742,1.5250192
0.167422,2.3109517
0.167424,3.0044227
0.167426,3.5129685
0.167428,3.8365874
0.16743,3.9752812
0.167432,3.8828197
0.167434,3.5591989
0.167436,3.050654
0.167438,2.4034152
0.16744,1.6174817
0.167442,0.7853174
0.167444,-0.13931036
0.167446,-1.0177064
0.167448,-1.8498712
0.16745,-2.589573
0.167452,-3.236812
0.167454,-3.6528945
0.167456,-3.9302826
0.167458,-3.9302826
0.16746,-3.7915885
0.167462,-3.3755062
0.167464,-2.8207297
0.167466,-2.1272593
0.167468,-1.2950945
0.16747,-0.41669846
0.167472,0.50792885
0.167474,1.3863249
0.167476,2.2184901
0.167478,2.9119601
0.16748,3.420505
0.167482,3.7903562
0.167484,3.9752812
0.167486,3.8828197
0.167488,3.6516623
0.16749,3.1893477
0.167492,2.542109
0.167494,1.8024073
0.167496,0.92401123
0.16749799,0.045615196
0.1675,-0.8790121
0.167502,-1.7111769
0.167504,-2.4971101
0.167506,-3.1443493
0.167508,-3.6066632
0.16751,-3.8840513
0.167512,-3.976514
0.167514,-3.8378198
0.167516,-3.467969
0.167518,-2.9594238
0.16752,-2.2659533
0.167522,-1.48002
0.167524,-0.55539227
0.167526,0.36923456
0.167528,1.2476311
0.16753,2.0797954
0.167532,2.7732663
0.167534,3.3742738
0.167536,3.744125
0.167538,3.92905
0.16754,3.92905
0.167542,3.6978936
0.16754399,3.2818112
0.167546,2.6808028
0.167548,1.9411016
0.16755,1.1089368
0.167552,0.184309
0.167554,-0.7403178
0.167556,-1.5724826
0.167558,-2.3584158
0.16756,-3.0056553
0.167562,-3.5142004
0.167564,-3.8378198
0.167566,-3.976514
0.167568,-3.8378198
0.16757,-3.5604317
0.167572,-3.0518866
0.167574,-2.4046474
0.167576,-1.5724826
0.167578,-0.7403178
0.16758,0.184309
0.167582,1.1089368
0.167584,1.9411016
0.167586,2.6808028
0.167588,3.2818112
0.16758999,3.6978936
0.167592,3.92905
0.167594,3.92905
0.167596,3.744125
0.167598,3.3742738
0.1676,2.7732663
0.167602,2.0797954
0.167604,1.2476311
0.167606,0.36923456
0.167608,-0.55539227
0.16761,-1.4337888
0.167612,-2.2197218
0.167614,-2.9131925
0.167616,-3.467969
0.167618,-3.7915885
0.16762,-3.9302826
0.167622,-3.8840513
0.167624,-3.6066632
0.167626,-3.1443493
0.167628,-2.4971101
0.16763,-1.7111769
0.167632,-0.8790121
0.167634,0.045615196
0.16763599,0.970243
0.167638,1.8024073
0.16764,2.542109
0.167642,3.1893477
0.167644,3.6516623
0.167646,3.8828197
0.167648,3.9752812
0.16765,3.7903562
0.167652,3.420505
0.167654,2.9119601
0.167656,1.0627055
0.167658,-1.202632
0.16766,-0.41669846
0.167662,0.46169758
0.167664,1.3863249
0.167666,2.172258
0.167668,2.8657289
0.16767,3.420505
0.167672,3.7903562
0.167674,3.9752812
0.167676,3.92905
0.167678,3.6978936
0.16768,3.2818112
0.167682,2.6345725
0.167684,1.8948698
0.167686,1.0627055
0.167688,0.184309
0.16769,-0.7403178
0.167692,-1.6187139
0.167694,-2.3584158
0.167696,-3.0518866
0.167698,-3.5604317
0.1677,-3.8378198
0.167702,-3.9302826
0.167704,-3.8378198
0.167706,-3.5142004
0.167708,-3.0056553
0.16771,-2.3121846
0.167712,-1.5262513
0.167714,-0.6478553
0.167716,0.27677202
0.167718,1.1551685
0.16772,1.9873328
0.167722,2.727035
0.167724,3.3280425
0.167726,3.6978936
0.167728,3.92905
0.16773,3.92905
0.167732,3.744125
0.167734,3.3280425
0.167736,2.727035
0.167738,2.033564
0.16774,1.2013993
0.167742,0.3230033
0.167744,-0.601624
0.16774599,-1.48002
0.167748,-2.2659533
0.16775,-2.9594238
0.167752,-3.467969
0.167754,-3.8378198
0.167756,-3.976514
0.167758,-3.8840513
0.16776,-3.6066632
0.167762,-3.098118
0.167764,-2.4508786
0.167766,-1.6649456
0.167768,-0.83278084
0.16777,0.091846466
0.167772,1.0164738
0.167774,1.8486385
0.167776,2.5883412
0.167778,3.1893477
0.16778,3.6516623
0.167782,3.92905
0.167784,3.92905
0.167786,3.7903562
0.167788,3.420505
0.16779,2.8657289
0.16779199,2.126027
0.167794,1.3400936
0.167796,0.46169758
0.167798,-0.46292973
0.1678,-1.3413262
0.167802,-2.1272593
0.167804,-2.866961
0.167806,-3.4217377
0.167808,-3.7915885
0.16781,-3.9302826
0.167812,-3.8840513
0.167814,-3.6528945
0.167816,-3.1905808
0.167818,-2.589573
0.16782,-1.8498712
0.167822,-0.9714751
0.167824,-0.09307861
0.167826,0.8315482
0.167828,1.7099442
0.16783,2.4496465
0.167832,3.0968862
0.167834,3.605431
0.167836,3.8828197
0.16783799,3.9752812
0.16784,3.8365874
0.167842,3.4667363
0.167844,2.9581914
0.167846,2.2647214
0.167848,1.4787879
0.16785,0.60039186
0.167852,-0.32423592
0.167854,-1.202632
0.167856,-1.9885652
0.167858,-2.728267
0.16786,-3.329275
0.167862,-3.745357
0.167864,-3.9302826
0.167866,-3.9302826
0.167868,-3.6991258
0.16787,-3.2830436
0.167872,-2.728267
0.167874,-1.9885652
0.167876,-1.1564007
0.167878,-0.2317729
0.16788,0.6928544
0.167882,1.5250192
0.16788399,2.357184
0.167886,3.0044227
0.167888,3.5129685
0.16789,3.8365874
0.167892,3.9752812
0.167894,3.8828197
0.167896,3.5591989
0.167898,3.050654
0.1679,2.4034152
0.167902,1.6174817
0.167904,0.7853174
0.167906,-0.13931036
0.167908,-1.0639377
0.16791,-1.8498712
0.167912,-2.6358042
0.167914,-3.236812
0.167916,-3.6528945
0.167918,-3.9302826
0.16792,-3.9302826
0.167922,-3.745357
0.167924,-3.3755062
0.167926,-2.8207297
0.167928,-2.1272593
0.16793,-1.2950945
0.167932,-0.41669846
0.167934,0.50792885
0.167936,1.4325566
0.167938,2.2184901
0.16794,2.9119601
0.167942,3.4667363
0.167944,3.7903562
0.167946,3.9752812
0.167948,3.8828197
0.16795,3.605431
0.167952,3.1431174
0.167954,2.542109
0.167956,1.756176
0.167958,0.92401123
0.16796,0.045615196
0.167962,-0.8790121
0.167964,-1.7111769
0.167966,-2.4971101
0.167968,-3.1443493
0.16797,-3.6066632
0.167972,-3.8840513
0.167974,-3.9302826
0.167976,-3.7915885
0.167978,-3.467969
0.16798,-2.9131925
0.167982,-2.2197218
0.167984,-1.4337888
0.167986,-0.55539227
0.167988,0.36923456
0.16799,1.2938623
0.167992,2.0797954
0.167994,2.8194976
0.167996,3.3742738
0.167998,3.744125
0.168,3.92905
0.168002,3.92905
0.168004,3.6978936
0.168006,3.23558
0.168008,2.6345725
0.16801,1.8948698
0.168012,1.0627055
0.168014,0.184309
0.168016,-0.7403178
0.168018,-1.5724826
0.16802,-2.3584158
0.168022,-3.0518866
0.168024,-3.5604317
0.168026,-3.8378198
0.168028,-3.976514
0.16803,-3.8378198
0.168032,-3.5604317
0.168034,-3.0518866
0.168036,-2.3584158
0.168038,-1.5724826
0.16803999,-0.694087
0.168042,0.23054075
0.168044,1.1089368
0.168046,1.9411016
0.168048,2.6808028
0.16805,3.2818112
0.168052,3.6978936
0.168054,3.92905
0.168056,3.92905
0.168058,3.744125
0.16806,3.3280425
0.168062,2.7732663
0.168064,2.033564
0.168066,1.2476311
0.168068,0.3230033
0.16807,-0.55539227
0.168072,-1.48002
0.168074,-2.2197218
0.168076,-1.6187139
0.168078,2.0797954
0.16808,3.8365874
0.168082,3.9752812
0.168084,3.92905
0.16808599,3.6516623
0.168088,3.1431174
0.16809,2.4958777
0.168092,1.756176
0.168094,0.87777996
0.168096,-6.160736E-4
0.168098,-0.9252434
0.1681,-1.7574081
0.168102,-2.5433414
0.168104,-3.1443493
0.168106,-3.6066632
0.168108,-3.8840513
0.16811,-3.9302826
0.168112,-3.7915885
0.168114,-3.4217377
0.168116,-2.866961
0.168118,-2.1734905
0.16812,-1.387557
0.168122,-0.46292973
0.168124,0.46169758
0.168126,1.3400936
0.168128,2.126027
0.16813,2.8657289
0.16813199,3.420505
0.168134,3.7903562
0.168136,3.9752812
0.168138,3.92905
0.16814,3.6516623
0.168142,3.23558
0.168144,2.5883412
0.168146,1.8486385
0.168148,1.0164738
0.16815,0.13807821
0.168152,-0.78654957
0.168154,-1.6187139
0.168156,-2.4046474
0.168158,-3.0518866
0.16816,-3.5604317
0.168162,-3.8840513
0.168164,-3.9302826
0.168166,-3.8378198
0.168168,-3.5142004
0.16817,-3.0056553
0.168172,-2.3121846
0.168174,-1.5262513
0.168176,-0.6478553
0.168178,0.27677202
0.16818,1.2013993
0.168182,1.9873328
0.168184,2.727035
0.168186,3.3280425
0.168188,3.744125
0.16819,3.92905
0.168192,3.92905
0.168194,3.744125
0.168196,3.3280425
0.168198,2.727035
0.1682,1.9873328
0.168202,1.1551685
0.168204,0.27677202
0.168206,-0.6478553
0.168208,-1.48002
0.16821,-2.2659533
0.168212,-2.9594238
0.168214,-3.5142004
0.168216,-3.8378198
0.168218,-3.976514
0.16822,-3.8840513
0.168222,-3.5604317
0.168224,-3.098118
0.168226,-2.4508786
0.168228,-1.6649456
0.16823,-0.78654957
0.168232,0.13807821
0.168234,1.0164738
0.168236,1.8486385
0.168238,2.6345725
0.16824,3.23558
0.168242,3.6516623
0.168244,3.92905
0.168246,3.92905
0.168248,3.7903562
0.16825,3.3742738
0.168252,2.8194976
0.168254,2.126027
0.168256,1.3400936
0.168258,0.4154663
0.16826,-0.46292973
0.168262,-1.387557
0.168264,-2.1734905
0.168266,-2.866961
0.168268,-3.4217377
0.16827,-3.7915885
0.168272,-3.9302826
0.168274,-3.8840513
0.168276,-3.6528945
0.168278,-3.1905808
0.16828,-2.589573
0.168282,-1.8036394
0.168284,-0.9714751
0.168286,-0.046847343
0.16828799,0.87777996
0.16829,1.7099442
0.168292,2.4958777
0.168294,3.1431174
0.168296,3.605431
0.168298,3.8828197
0.1683,3.9752812
0.168302,3.8365874
0.168304,3.4667363
0.168306,2.9581914
0.168308,2.2647214
0.16831,1.4787879
0.168312,0.60039186
0.168314,-0.32423592
0.168316,-1.202632
0.168318,-2.0347965
0.16832,-2.7744985
0.168322,-3.329275
0.168324,-3.745357
0.168326,-3.9302826
0.168328,-3.9302826
0.16833,-3.6991258
0.168332,-3.2830436
0.16833399,-2.6820357
0.168336,-1.9423337
0.168338,-1.1101689
0.16834,-0.18554163
0.168342,0.6928544
0.168344,1.5712504
0.168346,2.357184
0.168348,3.050654
0.16835,3.5591989
0.168352,3.8365874
0.168354,3.9752812
0.168356,3.8365874
0.168358,3.5591989
0.16836,3.050654
0.168362,2.4034152
0.168364,1.6174817
0.168366,0.7390857
0.168368,-0.18554163
0.16837,-1.0639377
0.168372,-1.8961024
0.168374,-2.6358042
0.168376,-3.236812
0.168378,-3.6991258
0.16837999,-3.9302826
0.168382,-3.9302826
0.168384,-3.745357
0.168386,-3.3755062
0.168388,-2.8207297
0.16839,-2.081028
0.168392,-1.2488632
0.168394,-0.3704667
0.168396,0.5541601
0.168398,1.4325566
0.1684,2.2184901
0.168402,2.9119601
0.168404,3.4667363
0.168406,3.7903562
0.168408,3.9752812
0.16841,3.8828197
0.168412,3.605431
0.168414,3.1431174
0.168416,2.4958777
0.168418,1.756176
0.16842,0.92401123
0.168422,-6.160736E-4
0.168424,-0.9252434
0.16842599,-1.7574081
0.168428,-2.4971101
0.16843,-3.1443493
0.168432,-3.6066632
0.168434,-3.8840513
0.168436,-3.976514
0.168438,-3.7915885
0.16844,-3.467969
0.168442,-2.9131925
0.168444,-2.2197218
0.168446,-1.4337888
0.168448,-0.5091615
0.16845,0.4154663
0.168452,1.2938623
0.168454,2.0797954
0.168456,2.8194976
0.168458,3.3742738
0.16846,3.744125
0.168462,3.92905
0.168464,3.92905
0.168466,3.6978936
0.168468,3.23558
0.16847,2.6345725
0.168472,1.8948698
0.168474,1.0627055
0.168476,0.13807821
0.168478,-0.7403178
0.16848,-1.6187139
0.168482,-2.4046474
0.168484,-3.0518866
0.168486,-3.5604317
0.168488,-3.8378198
0.16849,-3.976514
0.168492,-3.8378198
0.168494,-3.5142004
0.168496,-2.3584158
0.168498,1.2938623
0.1685,1.4787879
0.168502,0.64662313
0.168504,-0.27800417
0.168506,-1.1564007
0.168508,-1.9885652
0.16851,-2.728267
0.168512,-3.329275
0.168514,-3.745357
0.168516,-3.976514
0.168518,-3.976514
0.16852,-3.745357
0.168522,-3.3755062
0.168524,-2.7744985
0.168526,-2.0347965
0.168528,-1.2488632
0.16853,-0.32423592
0.168532,0.60039186
0.168534,1.4787879
0.16853599,2.2647214
0.168538,2.9581914
0.16854,3.4667363
0.168542,3.8365874
0.168544,3.92905
0.168546,3.8828197
0.168548,3.605431
0.16855,3.0968862
0.168552,2.4496465
0.168554,1.7099442
0.168556,0.8315482
0.168558,-0.046847343
0.16856,-0.9714751
0.168562,-1.8036394
0.168564,-2.5433414
0.168566,-3.1905808
0.168568,-3.6528945
0.16857,-3.8840513
0.168572,-3.9302826
0.168574,-3.7915885
0.168576,-3.4217377
0.168578,-2.866961
0.16858,-2.1734905
0.16858199,-1.387557
0.168584,-0.46292973
0.168586,0.46169758
0.168588,1.3400936
0.16859,2.126027
0.168592,2.8657289
0.168594,3.420505
0.168596,3.7903562
0.168598,3.92905
0.1686,3.92905
0.168602,3.6516623
0.168604,3.1893477
0.168606,2.5883412
0.168608,1.8486385
0.16861,1.0164738
0.168612,0.091846466
0.168614,-0.83278084
0.168616,-1.6649456
0.168618,-2.4508786
0.16862,-3.098118
0.168622,-3.5604317
0.168624,-3.8840513
0.168626,-3.976514
0.16862799,-3.8378198
0.16863,-3.5142004
0.168632,-3.0056553
0.168634,-2.3121846
0.168636,-1.48002
0.168638,-0.6478553
0.16864,0.27677202
0.168642,1.2013993
0.168644,2.033564
0.168646,2.727035
0.168648,3.3280425
0.16865,3.744125
0.168652,3.92905
0.168654,3.92905
0.168656,3.6978936
0.168658,3.2818112
0.16866,2.727035
0.168662,1.9873328
0.168664,1.1551685
0.168666,0.27677202
0.168668,-0.6478553
0.16867,-1.5262513
0.168672,-2.3121846
0.16867399,-3.0056553
0.168676,-3.5142004
0.168678,-3.8378198
0.16868,-3.976514
0.168682,-3.8840513
0.168684,-3.5604317
0.168686,-3.098118
0.168688,-2.4508786
0.16869,-1.6187139
0.168692,-0.78654957
0.168694,0.13807821
0.168696,1.0627055
0.168698,1.8948698
0.1687,2.6345725
0.168702,3.23558
0.168704,3.6516623
0.168706,3.92905
0.168708,3.92905
0.16871,3.7903562
0.168712,3.3742738
0.168714,2.8194976
0.168716,2.126027
0.168718,1.2938623
0.16872,0.4154663
0.168722,-0.5091615
0.168724,-1.387557
0.168726,-2.1734905
0.168728,-2.866961
0.16873,-3.4217377
0.168732,-3.7915885
0.168734,-3.9302826
0.168736,-3.8840513
0.168738,-3.6528945
0.16874,-3.1905808
0.168742,-2.5433414
0.168744,-1.8036394
0.168746,-0.9252434
0.168748,-0.046847343
0.16875,0.87777996
0.168752,1.7099442
0.168754,2.4958777
0.168756,3.1431174
0.168758,3.605431
0.16876,3.8828197
0.168762,3.9752812
0.168764,3.7903562
0.168766,3.4667363
0.168768,2.9581914
0.16877,2.2647214
0.168772,1.4787879
0.168774,0.60039186
0.168776,-0.32423592
0.168778,-1.2488632
0.16878,-2.0347965
0.168782,-2.7744985
0.16878399,-3.329275
0.168786,-3.745357
0.168788,-3.9302826
0.16879,-3.9302826
0.168792,-3.6991258
0.168794,-3.2830436
0.168796,-2.6820357
0.168798,-1.9423337
0.1688,-1.1101689
0.168802,-0.18554163
0.168804,0.7390857
0.168806,1.5712504
0.168808,2.357184
0.16881,3.050654
0.168812,3.5591989
0.168814,3.8365874
0.168816,3.9752812
0.168818,3.8365874
0.16882,3.5591989
0.168822,3.050654
0.168824,2.357184
0.168826,1.5712504
0.168828,0.7390857
0.16882999,-0.18554163
0.168832,-1.0639377
0.168834,-1.8961024
0.168836,-2.6358042
0.168838,-3.236812
0.16884,-3.6991258
0.168842,-3.9302826
0.168844,-3.9302826
0.168846,-3.745357
0.168848,-3.3755062
0.16885,-2.7744985
0.168852,-2.081028
0.168854,-1.2488632
0.168856,-0.3704667
0.168858,0.5541601
0.16886,1.4787879
0.168862,2.2647214
0.168864,2.9581914
0.168866,3.4667363
0.168868,3.8365874
0.16887,3.9752812
0.168872,3.8828197
0.168874,3.605431
0.16887599,3.1431174
0.168878,2.4958777
0.16888,1.7099442
0.168882,0.87777996
0.168884,-6.160736E-4
0.168886,-0.9252434
0.168888,-1.7574081
0.16889,-2.5433414
0.168892,-3.1443493
0.168894,-3.6066632
0.168896,-3.8840513
0.168898,-3.9302826
0.1689,-3.7915885
0.168902,-3.4217377
0.168904,-2.9131925
0.168906,-2.2197218
0.168908,-1.387557
0.16891,-0.5091615
0.168912,0.4154663
0.168914,1.2938623
0.168916,1.2476311
0.168918,-2.081028
0.16892,-3.4217377
0.16892199,-3.7915885
0.168924,-3.976514
0.168926,-3.976514
0.168928,-3.6991258
0.16893,-3.2830436
0.168932,-2.6820357
0.168934,-1.8961024
0.168936,-1.0639377
0.168938,-0.13931036
0.16894,0.7853174
0.168942,1.6174817
0.168944,2.4034152
0.168946,3.050654
0.168948,3.5591989
0.16895,3.8365874
0.168952,3.92905
0.168954,3.8365874
0.168956,3.5129685
0.168958,3.0044227
0.16896,2.3109517
0.168962,1.5250192
0.168964,0.64662313
0.168966,-0.27800417
0.168968,-1.1564007
0.16897,-1.9423337
0.168972,-2.6820357
0.168974,-3.2830436
0.168976,-3.6991258
0.168978,-3.9302826
0.16898,-3.9302826
0.168982,-3.745357
0.168984,-3.329275
0.168986,-2.7744985
0.168988,-2.0347965
0.16899,-1.202632
0.168992,-0.27800417
0.168994,0.64662313
0.168996,1.4787879
0.168998,2.3109517
0.169,2.9581914
0.169002,3.5129685
0.169004,3.8365874
0.169006,3.9752812
0.169008,3.8828197
0.16901,3.5591989
0.169012,3.0968862
0.169014,2.4496465
0.169016,1.6637135
0.169018,0.8315482
0.16902,-0.09307861
0.169022,-0.9714751
0.169024,-1.8036394
0.169026,-2.589573
0.169028,-3.1905808
0.16903,-3.6528945
0.169032,-3.8840513
0.169034,-3.9302826
0.169036,-3.7915885
0.169038,-3.4217377
0.16904,-2.866961
0.169042,-2.1734905
0.169044,-1.3413262
0.169046,-0.46292973
0.169048,0.46169758
0.16905,1.3863249
0.169052,2.172258
0.169054,2.8657289
0.169056,3.420505
0.169058,3.7903562
0.16906,3.92905
0.169062,3.8828197
0.169064,3.6516623
0.169066,3.1893477
0.169068,2.5883412
0.16907,1.8024073
0.169072,0.970243
0.169074,0.091846466
0.169076,-0.83278084
0.16907799,-1.6649456
0.16908,-2.4508786
0.169082,-3.098118
0.169084,-3.6066632
0.169086,-3.8840513
0.169088,-3.9302826
0.16909,-3.8378198
0.169092,-3.467969
0.169094,-2.9594238
0.169096,-2.2659533
0.169098,-1.48002
0.1691,-0.601624
0.169102,0.3230033
0.169104,1.2013993
0.169106,2.033564
0.169108,2.7732663
0.16911,3.3280425
0.169112,3.744125
0.169114,3.92905
0.169116,3.92905
0.169118,3.6978936
0.16912,3.2818112
0.169122,2.6808028
0.16912399,1.9411016
0.169126,1.1551685
0.169128,0.23054075
0.16913,-0.694087
0.169132,-1.5262513
0.169134,-2.3121846
0.169136,-3.0056553
0.169138,-3.5142004
0.16914,-3.8378198
0.169142,-3.976514
0.169144,-3.8840513
0.169146,-3.5604317
0.169148,-3.0518866
0.16915,-2.4046474
0.169152,-1.6187139
0.169154,-0.78654957
0.169156,0.13807821
0.169158,1.0627055
0.16916,1.8948698
0.169162,2.6345725
0.169164,3.23558
0.169166,3.6978936
0.169168,3.92905
0.16916999,3.92905
0.169172,3.744125
0.169174,3.3742738
0.169176,2.8194976
0.169178,2.0797954
0.16918,1.2938623
0.169182,0.4154663
0.169184,-0.5091615
0.169186,-1.387557
0.169188,-2.1734905
0.16919,-2.9131925
0.169192,-3.4217377
0.169194,-3.7915885
0.169196,-3.9302826
0.169198,-3.8840513
0.1692,-3.6066632
0.169202,-3.1443493
0.169204,-2.5433414
0.169206,-1.7574081
0.169208,-0.9252434
0.16921,-6.160736E-4
0.169212,0.92401123
0.169214,1.756176
0.169216,2.4958777
0.169218,3.1431174
0.16922,3.605431
0.169222,3.8828197
0.169224,3.9752812
0.169226,3.7903562
0.169228,3.4667363
0.16923,2.9119601
0.169232,2.2184901
0.169234,1.4325566
0.169236,0.5541601
0.169238,-0.3704667
0.16924,-1.2488632
0.169242,-2.081028
0.169244,-2.7744985
0.169246,-3.3755062
0.169248,-3.745357
0.16925,-3.9302826
0.169252,-3.9302826
0.169254,-3.6991258
0.169256,-3.236812
0.169258,-2.6820357
0.16926,-1.8961024
0.169262,-1.0639377
0.169264,-0.18554163
0.169266,0.7390857
0.169268,1.6174817
0.16927,2.4034152
0.169272,3.050654
0.169274,3.5591989
0.169276,3.8828197
0.169278,3.9752812
0.16928,3.8365874
0.169282,3.5129685
0.169284,3.0044227
0.169286,2.357184
0.169288,1.5712504
0.16929,0.6928544
0.169292,-0.18554163
0.169294,-1.1101689
0.169296,-1.9423337
0.169298,-2.6820357
0.1693,-3.2830436
0.169302,-3.6991258
0.169304,-3.9302826
0.169306,-3.9302826
0.169308,-3.745357
0.16931,-3.329275
0.169312,-2.7744985
0.169314,-2.0347965
0.169316,-1.2488632
0.169318,-0.32423592
0.16932,0.60039186
0.169322,1.4787879
0.169324,2.2647214
0.16932599,2.9581914
0.169328,3.4667363
0.16933,3.8365874
0.169332,3.9752812
0.169334,3.8828197
0.169336,3.1431174
0.169338,-0.2317729
0.16934,-2.3121846
0.169342,-1.6649456
0.169344,-0.83278084
0.169346,0.091846466
0.169348,1.0164738
0.16935,1.8486385
0.169352,2.5883412
0.169354,3.23558
0.169356,3.6516623
0.169358,3.92905
0.16936,3.9752812
0.169362,3.7903562
0.169364,3.4667363
0.169366,2.9119601
0.169368,2.172258
0.16937,1.3863249
0.16937199,0.50792885
0.169374,-0.41669846
0.169376,-1.2950945
0.169378,-2.081028
0.16938,-2.8207297
0.169382,-3.3755062
0.169384,-3.745357
0.169386,-3.9302826
0.169388,-3.8840513
0.16939,-3.6528945
0.169392,-3.236812
0.169394,-2.6358042
0.169396,-1.8498712
0.169398,-1.0177064
0.1694,-0.09307861
0.169402,0.8315482
0.169404,1.6637135
0.169406,2.4496465
0.169408,3.0968862
0.16941,3.5591989
0.169412,3.8828197
0.169414,3.9752812
0.169416,3.8365874
0.16941799,3.5129685
0.16942,3.0044227
0.169422,2.3109517
0.169424,1.5250192
0.169426,0.64662313
0.169428,-0.27800417
0.16943,-1.1564007
0.169432,-1.9885652
0.169434,-2.728267
0.169436,-3.2830436
0.169438,-3.6991258
0.16944,-3.9302826
0.169442,-3.9302826
0.169444,-3.745357
0.169446,-3.329275
0.169448,-2.728267
0.16945,-1.9885652
0.169452,-1.1564007
0.169454,-0.27800417
0.169456,0.64662313
0.169458,1.5250192
0.16946,2.3109517
0.169462,3.0044227
0.169464,3.5129685
0.169466,3.8365874
0.169468,3.9752812
0.16947,3.8828197
0.169472,3.5591989
0.169474,3.0968862
0.169476,2.4496465
0.169478,1.6637135
0.16948,0.8315482
0.169482,-0.09307861
0.169484,-1.0177064
0.169486,-1.8498712
0.169488,-2.589573
0.16949,-3.1905808
0.169492,-3.6528945
0.169494,-3.9302826
0.169496,-3.9302826
0.169498,-3.7915885
0.1695,-3.4217377
0.169502,-2.866961
0.169504,-2.1272593
0.169506,-1.3413262
0.169508,-0.41669846
0.16951,0.50792885
0.169512,1.3863249
0.169514,2.172258
0.169516,2.8657289
0.169518,3.420505
0.16952,3.7903562
0.169522,3.92905
0.169524,3.8828197
0.169526,3.6516623
0.169528,3.1893477
0.16953,2.542109
0.169532,1.8024073
0.169534,0.970243
0.169536,0.045615196
0.169538,-0.83278084
0.16954,-1.7111769
0.169542,-2.4508786
0.169544,-3.098118
0.169546,-3.6066632
0.169548,-3.8840513
0.16955,-3.976514
0.169552,-3.8378198
0.169554,-3.467969
0.169556,-2.9594238
0.169558,-2.2659533
0.16956,-1.48002
0.169562,-0.601624
0.169564,0.3230033
0.169566,1.2476311
0.169568,2.033564
0.16957,2.7732663
0.169572,3.3742738
0.16957399,3.744125
0.169576,3.92905
0.169578,3.92905
0.16958,3.6978936
0.169582,3.2818112
0.169584,2.6808028
0.169586,1.9411016
0.169588,1.1089368
0.16959,0.23054075
0.169592,-0.694087
0.169594,-1.5262513
0.169596,-2.3584158
0.169598,-3.0056553
0.1696,-3.5142004
0.169602,-3.8378198
0.169604,-3.976514
0.169606,-3.8378198
0.169608,-3.5604317
0.16961,-3.0518866
0.169612,-2.4046474
0.169614,-1.6187139
0.169616,-0.7403178
0.169618,0.184309
0.16961999,1.0627055
0.169622,1.8948698
0.169624,2.6345725
0.169626,3.2818112
0.169628,3.6978936
0.16963,3.92905
0.169632,3.92905
0.169634,3.744125
0.169636,3.3742738
0.169638,2.7732663
0.16964,2.0797954
0.169642,1.2476311
0.169644,0.36923456
0.169646,-0.55539227
0.169648,-1.4337888
0.16965,-2.2197218
0.169652,-2.9131925
0.169654,-3.467969
0.169656,-3.7915885
0.169658,-3.976514
0.16966,-3.8840513
0.169662,-3.6066632
0.169664,-3.1443493
0.16966599,-2.5433414
0.169668,-1.7574081
0.16967,-0.9252434
0.169672,-6.160736E-4
0.169674,0.92401123
0.169676,1.756176
0.169678,2.542109
0.16968,3.1893477
0.169682,3.6516623
0.169684,3.8828197
0.169686,3.9752812
0.169688,3.7903562
0.16969,3.4667363
0.169692,2.9119601
0.169694,2.2184901
0.169696,1.4325566
0.169698,0.5541601
0.1697,-0.3704667
0.169702,-1.2950945
0.169704,-2.081028
0.169706,-2.7744985
0.169708,-3.3755062
0.16971,-3.745357
0.16971199,-3.9302826
0.169714,-3.9302826
0.169716,-3.6991258
0.169718,-3.236812
0.16972,-2.6358042
0.169722,-1.8961024
0.169724,-1.0639377
0.169726,-0.13931036
0.169728,0.7853174
0.16973,1.6174817
0.169732,2.4034152
0.169734,3.050654
0.169736,3.5591989
0.169738,3.8828197
0.16974,3.9752812
0.169742,3.8365874
0.169744,3.5129685
0.169746,3.0044227
0.169748,2.357184
0.16975,1.5250192
0.169752,0.6928544
0.169754,-0.2317729
0.169756,-0.83278084
0.169758,1.8948698
0.16976,2.7732663
0.169762,3.3742738
0.169764,3.7903562
0.169766,3.9752812
0.169768,3.9752812
0.16977,3.7903562
0.169772,3.3742738
0.169774,2.7732663
0.169776,2.0797954
0.169778,1.2476311
0.16978,0.3230033
0.169782,-0.601624
0.169784,-1.48002
0.169786,-2.2197218
0.169788,-2.9131925
0.16979,-3.467969
0.169792,-3.7915885
0.169794,-3.9302826
0.169796,-3.8840513
0.169798,-3.5604317
0.1698,-3.098118
0.169802,-2.4508786
0.169804,-1.6649456
0.169806,-0.83278084
0.169808,0.091846466
0.16981,1.0164738
0.169812,1.8486385
0.169814,2.5883412
0.169816,3.23558
0.169818,3.6516623
0.16982,3.92905
0.16982199,3.9752812
0.169824,3.7903562
0.169826,3.420505
0.169828,2.8657289
0.16983,2.172258
0.169832,1.3863249
0.169834,0.46169758
0.169836,-0.46292973
0.169838,-1.3413262
0.16984,-2.1272593
0.169842,-2.8207297
0.169844,-3.4217377
0.169846,-3.7915885
0.169848,-3.9302826
0.16985,-3.8840513
0.169852,-3.6528945
0.169854,-3.1905808
0.169856,-2.589573
0.169858,-1.8498712
0.16986,-1.0177064
0.169862,-0.09307861
0.169864,0.8315482
0.169866,1.6637135
0.16986799,2.4496465
0.16987,3.0968862
0.169872,3.605431
0.169874,3.8828197
0.169876,3.9752812
0.169878,3.8365874
0.16988,3.5129685
0.169882,2.9581914
0.169884,2.3109517
0.169886,1.4787879
0.169888,0.64662313
0.16989,-0.27800417
0.169892,-1.202632
0.169894,-1.9885652
0.169896,-2.728267
0.169898,-3.329275
0.1699,-3.745357
0.169902,-3.9302826
0.169904,-3.9302826
0.169906,-3.6991258
0.169908,-3.2830436
0.16991,-2.728267
0.169912,-1.9885652
0.16991399,-1.1564007
0.169916,-0.2317729
0.169918,0.6928544
0.16992,1.5250192
0.169922,2.3109517
0.169924,3.0044227
0.169926,3.5129685
0.169928,3.8365874
0.16993,3.9752812
0.169932,3.8828197
0.169934,3.5591989
0.169936,3.050654
0.169938,2.4034152
0.16994,1.6174817
0.169942,0.7853174
0.169944,-0.13931036
0.169946,-1.0177064
0.169948,-1.8498712
0.16995,-2.589573
0.169952,-3.236812
0.169954,-3.6528945
0.169956,-3.9302826
0.169958,-3.9302826
0.16995999,-3.745357
0.169962,-3.3755062
0.169964,-2.8207297
0.169966,-2.1272593
0.169968,-1.2950945
0.16997,-0.41669846
0.169972,0.50792885
0.169974,1.4325566
0.169976,2.2184901
0.169978,2.9119601
0.16998,3.4667363
0.169982,3.7903562
0.169984,3.9752812
0.169986,3.8828197
0.169988,3.6516623
0.16999,3.1893477
0.169992,2.542109
0.169994,1.756176
0.169996,0.92401123
0.169998,0.045615196
0.17,-0.8790121
0.170002,-1.7111769
0.170004,-2.4971101
0.170006,-3.1443493
0.170008,-3.6066632
0.17001,-3.8840513
0.170012,-3.976514
0.170014,-3.7915885
0.170016,-3.467969
0.170018,-2.9594238
0.17002,-2.2659533
0.170022,-1.48002
0.170024,-0.55539227
0.170026,0.36923456
0.170028,1.2476311
0.17003,2.0797954
0.170032,2.7732663
0.170034,3.3742738
0.170036,3.744125
0.170038,3.92905
0.17004,3.92905
0.170042,3.6978936
0.170044,3.2818112
0.170046,2.6808028
0.170048,1.8948698
0.17005,1.1089368
0.170052,0.184309
0.170054,-0.7403178
0.170056,-1.5724826
0.170058,-2.3584158
0.17006,-3.0518866
0.170062,-3.5604317
0.170064,-3.8378198
0.170066,-3.976514
0.170068,-3.8378198
0.17006999,-3.5604317
0.170072,-3.0518866
0.170074,-2.3584158
0.170076,-1.5724826
0.170078,-0.7403178
0.17008,0.184309
0.170082,1.1089368
0.170084,1.9411016
0.170086,2.6808028
0.170088,3.2818112
0.17009,3.6978936
0.170092,3.92905
0.170094,3.92905
0.170096,3.744125
0.170098,3.3280425
0.1701,2.7732663
0.170102,2.033564
0.170104,1.2476311
0.170106,0.36923456
0.170108,-0.55539227
0.17011,-1.4337888
0.170112,-2.2197218
0.170114,-2.9131925
0.17011599,-3.467969
0.170118,-3.7915885
0.17012,-3.976514
0.170122,-3.8840513
0.170124,-3.6066632
0.170126,-3.1443493
0.170128,-2.4971101
0.17013,-1.7111769
0.170132,-0.8790121
0.170134,0.045615196
0.170136,0.970243
0.170138,1.8024073
0.17014,2.542109
0.170142,3.1893477
0.170144,3.6516623
0.170146,3.8828197
0.170148,3.92905
0.17015,3.7903562
0.170152,3.420505
0.170154,2.9119601
0.170156,2.172258
0.170158,1.3863249
0.17016,0.50792885
0.17016199,-0.41669846
0.170164,-1.2950945
0.170166,-2.081028
0.170168,-2.8207297
0.17017,-3.3755062
0.170172,-3.745357
0.170174,-3.9302826
0.170176,-3.976514
0.170178,-0.7403178
0.17018,2.727035
0.170182,2.5883412
0.170184,1.8486385
0.170186,1.0164738
0.170188,0.13807821
0.17019,-0.78654957
0.170192,-1.6187139
0.170194,-2.4046474
0.170196,-3.098118
0.170198,-3.5604317
0.1702,-3.8840513
0.170202,-3.976514
0.170204,-3.8378198
0.170206,-3.5142004
0.17020799,-3.0056553
0.17021,-2.3584158
0.170212,-1.5262513
0.170214,-0.694087
0.170216,0.23054075
0.170218,1.1551685
0.17022,1.9873328
0.170222,2.727035
0.170224,3.2818112
0.170226,3.6978936
0.170228,3.92905
0.17023,3.92905
0.170232,3.744125
0.170234,3.3280425
0.170236,2.727035
0.170238,1.9873328
0.17024,1.2013993
0.170242,0.27677202
0.170244,-0.601624
0.170246,-1.48002
0.170248,-2.2659533
0.17025,-2.9594238
0.170252,-3.467969
0.170254,-3.8378198
0.170256,-3.976514
0.170258,-3.8840513
0.17026,-3.6066632
0.170262,-3.098118
0.170264,-2.4508786
0.170266,-1.6649456
0.170268,-0.83278084
0.17027,0.091846466
0.170272,1.0164738
0.170274,1.8486385
0.170276,2.5883412
0.170278,3.23558
0.17028,3.6516623
0.170282,3.92905
0.170284,3.92905
0.170286,3.7903562
0.170288,3.420505
0.17029,2.8657289
0.170292,2.126027
0.170294,1.3400936
0.170296,0.46169758
0.170298,-0.46292973
0.1703,-1.3413262
0.170302,-2.1272593
0.170304,-2.866961
0.170306,-3.4217377
0.170308,-3.7915885
0.17031,-3.9302826
0.170312,-3.8840513
0.170314,-3.6528945
0.170316,-3.1905808
0.170318,-2.589573
0.17032,-1.8036394
0.170322,-0.9714751
0.170324,-0.046847343
0.170326,0.8315482
0.170328,1.7099442
0.17033,2.4496465
0.170332,3.1431174
0.170334,3.605431
0.170336,3.8828197
0.170338,3.9752812
0.17034,3.8365874
0.170342,3.4667363
0.170344,2.9581914
0.170346,2.2647214
0.170348,1.4787879
0.17035,0.60039186
0.170352,-0.32423592
0.170354,-1.202632
0.170356,-1.9885652
0.170358,-2.728267
0.17036,-3.329275
0.170362,-3.745357
0.17036399,-3.9302826
0.170366,-3.9302826
0.170368,-3.6991258
0.17037,-3.2830436
0.170372,-2.6820357
0.170374,-1.9423337
0.170376,-1.1564007
0.170378,-0.2317729
0.17038,0.6928544
0.170382,1.5712504
0.170384,2.357184
0.170386,3.0044227
0.170388,3.5129685
0.17039,3.8365874
0.170392,3.9752812
0.170394,3.8828197
0.170396,3.5591989
0.170398,3.050654
0.1704,2.4034152
0.170402,1.6174817
0.170404,0.7853174
0.170406,-0.13931036
0.170408,-1.0639377
0.17040999,-1.8498712
0.170412,-2.6358042
0.170414,-3.236812
0.170416,-3.6991258
0.170418,-3.9302826
0.17042,-3.9302826
0.170422,-3.745357
0.170424,-3.3755062
0.170426,-2.8207297
0.170428,-2.081028
0.17043,-1.2950945
0.170432,-0.3704667
0.170434,0.5541601
0.170436,1.4325566
0.170438,2.2184901
0.17044,2.9119601
0.170442,3.4667363
0.170444,3.7903562
0.170446,3.9752812
0.170448,3.8828197
0.17045,3.605431
0.170452,3.1431174
0.170454,2.542109
0.17045599,1.756176
0.170458,0.92401123
0.17046,-6.160736E-4
0.170462,-0.8790121
0.170464,-1.7111769
0.170466,-2.4971101
0.170468,-3.1443493
0.17047,-3.6066632
0.170472,-3.8840513
0.170474,-3.976514
0.170476,-3.7915885
0.170478,-3.467969
0.17048,-2.9131925
0.170482,-2.2197218
0.170484,-1.4337888
0.170486,-0.55539227
0.170488,0.36923456
0.17049,1.2938623
0.170492,2.0797954
0.170494,2.8194976
0.170496,3.3742738
0.170498,3.744125
0.1705,3.92905
0.170502,3.92905
0.170504,3.6978936
0.170506,3.23558
0.170508,2.6345725
0.17051,1.8948698
0.170512,1.0627055
0.170514,0.184309
0.170516,-0.7403178
0.170518,-1.5724826
0.17052,-2.3584158
0.170522,-3.0518866
0.170524,-3.5604317
0.170526,-3.8378198
0.170528,-3.976514
0.17053,-3.8378198
0.170532,-3.5142004
0.170534,-3.0518866
0.170536,-2.3584158
0.170538,-1.5724826
0.17054,-0.694087
0.170542,0.23054075
0.170544,1.1089368
0.170546,1.9411016
0.170548,2.6808028
0.17055,3.2818112
0.170552,3.6978936
0.170554,3.92905
0.170556,3.92905
0.170558,3.744125
0.17056,3.3280425
0.170562,2.7732663
0.170564,2.033564
0.170566,1.2476311
0.170568,0.3230033
0.17057,-0.601624
0.170572,-1.48002
0.170574,-2.2197218
0.170576,-2.9131925
0.170578,-3.467969
0.17058,-3.7915885
0.170582,-3.976514
0.170584,-3.8840513
0.170586,-3.6066632
0.170588,-3.1443493
0.17059,-2.4971101
0.170592,-1.7111769
0.170594,-0.8790121
0.170596,0.045615196
0.170598,-1.0177064
0.1706,-1.8498712
0.170602,-2.6358042
0.170604,-3.236812
0.170606,-3.6991258
0.170608,-3.976514
0.17061,-4.022745
0.17061199,-3.8378198
0.170614,-3.467969
0.170616,-2.9131925
0.170618,-2.2197218
0.17062,-1.4337888
0.170622,-0.5091615
0.170624,0.4154663
0.170626,1.2938623
0.170628,2.126027
0.17063,2.8194976
0.170632,3.3742738
0.170634,3.744125
0.170636,3.92905
0.170638,3.8828197
0.17064,3.6516623
0.170642,3.1893477
0.170644,2.5883412
0.170646,1.8486385
0.170648,1.0164738
0.17065,0.091846466
0.170652,-0.83278084
0.170654,-1.6649456
0.170656,-2.4508786
0.17065799,-3.098118
0.17066,-3.5604317
0.170662,-3.8840513
0.170664,-3.976514
0.170666,-3.8378198
0.170668,-3.5142004
0.17067,-3.0056553
0.170672,-2.3121846
0.170674,-1.5262513
0.170676,-0.6478553
0.170678,0.27677202
0.17068,1.2013993
0.170682,1.9873328
0.170684,2.727035
0.170686,3.3280425
0.170688,3.744125
0.17069,3.92905
0.170692,3.92905
0.170694,3.6978936
0.170696,3.2818112
0.170698,2.727035
0.1707,1.9873328
0.170702,1.1551685
0.17070399,0.27677202
0.170706,-0.6478553
0.170708,-1.48002
0.17071,-2.3121846
0.170712,-2.9594238
0.170714,-3.5142004
0.170716,-3.8378198
0.170718,-3.976514
0.17072,-3.8840513
0.170722,-3.5604317
0.170724,-3.098118
0.170726,-2.4508786
0.170728,-1.6649456
0.17073,-0.78654957
0.170732,0.13807821
0.170734,1.0164738
0.170736,1.8486385
0.170738,2.6345725
0.17074,3.23558
0.170742,3.6516623
0.170744,3.92905
0.170746,3.92905
0.170748,3.7903562
0.17074999,3.3742738
0.170752,2.8194976
0.170754,2.126027
0.170756,1.3400936
0.170758,0.4154663
0.17076,-0.5091615
0.170762,-1.387557
0.170764,-2.1734905
0.170766,-2.866961
0.170768,-3.4217377
0.17077,-3.7915885
0.170772,-3.9302826
0.170774,-3.8840513
0.170776,-3.6528945
0.170778,-3.1905808
0.17078,-2.5433414
0.170782,-1.8036394
0.170784,-0.9714751
0.170786,-0.046847343
0.170788,0.87777996
0.17079,1.7099442
0.170792,2.4958777
0.170794,3.1431174
0.170796,3.605431
0.170798,3.8828197
0.1708,3.9752812
0.170802,3.8365874
0.170804,3.4667363
0.170806,2.9581914
0.170808,2.2647214
0.17081,1.4787879
0.170812,0.60039186
0.170814,-0.32423592
0.170816,-1.2488632
0.170818,-2.0347965
0.17082,-2.7744985
0.170822,-3.329275
0.170824,-3.745357
0.170826,-3.9302826
0.170828,-3.9302826
0.17083,-3.6991258
0.170832,-3.2830436
0.170834,-2.6820357
0.170836,-1.9423337
0.170838,-1.1101689
0.17084,-0.18554163
0.170842,0.7390857
0.170844,1.5712504
0.170846,2.357184
0.170848,3.050654
0.17085,3.5591989
0.170852,3.8365874
0.170854,3.9752812
0.170856,3.8365874
0.170858,3.5591989
0.17085999,3.050654
0.170862,2.4034152
0.170864,1.5712504
0.170866,0.7390857
0.170868,-0.18554163
0.17087,-1.0639377
0.170872,-1.8961024
0.170874,-2.6358042
0.170876,-3.236812
0.170878,-3.6991258
0.17088,-3.9302826
0.170882,-3.9302826
0.170884,-3.745357
0.170886,-3.3755062
0.170888,-2.8207297
0.17089,-2.081028
0.170892,-1.2488632
0.170894,-0.3704667
0.170896,0.5541601
0.170898,1.4325566
0.1709,2.2184901
0.170902,2.9119601
0.170904,3.4667363
0.17090599,3.8365874
0.170908,3.9752812
0.17091,3.8828197
0.170912,3.605431
0.170914,3.1431174
0.170916,2.4958777
0.170918,1.756176
0.17092,0.87777996
0.170922,-6.160736E-4
0.170924,-0.9252434
0.170926,-1.7574081
0.170928,-2.4971101
0.17093,-3.1443493
0.170932,-3.6066632
0.170934,-3.8840513
0.170936,-3.9302826
0.170938,-3.7915885
0.17094,-3.467969
0.170942,-2.9131925
0.170944,-2.2197218
0.170946,-1.4337888
0.170948,-0.5091615
0.17095,0.4154663
0.17095199,1.2938623
0.170954,2.126027
0.170956,2.8194976
0.170958,3.3742738
0.17096,3.744125
0.170962,3.92905
0.170964,3.92905
0.170966,3.6978936
0.170968,3.23558
0.17097,2.6345725
0.170972,1.8948698
0.170974,1.0627055
0.170976,0.13807821
0.170978,-0.78654957
0.17098,-1.6187139
0.170982,-2.4046474
0.170984,-3.0518866
0.170986,-3.5604317
0.170988,-3.8378198
0.17099,-3.976514
0.170992,-3.8378198
0.170994,-3.5142004
0.170996,-3.0056553
0.17099799,-2.3584158
0.171,-1.5262513
0.171002,-0.694087
0.171004,0.23054075
0.171006,1.1551685
0.171008,1.9873328
0.17101,2.727035
0.171012,3.2818112
0.171014,3.6978936
0.171016,3.92905
0.171018,1.0627055
0.17102,-2.2197218
0.171022,-3.2830436
0.171024,-2.7744985
0.171026,-2.0347965
0.171028,-1.202632
0.17103,-0.32423592
0.171032,0.60039186
0.171034,1.4787879
0.171036,2.2647214
0.171038,2.9581914
0.17104,3.5129685
0.171042,3.8365874
0.171044,3.9752812
0.171046,3.8828197
0.171048,3.605431
0.17105,3.0968862
0.171052,2.4496465
0.171054,1.7099442
0.171056,0.8315482
0.171058,-0.046847343
0.17106,-0.9714751
0.171062,-1.8036394
0.171064,-2.5433414
0.171066,-3.1905808
0.171068,-3.6528945
0.17107,-3.8840513
0.171072,-3.9302826
0.171074,-3.7915885
0.171076,-3.4217377
0.171078,-2.866961
0.17108,-2.1734905
0.171082,-1.387557
0.171084,-0.46292973
0.171086,0.46169758
0.171088,1.3400936
0.17109,2.126027
0.171092,2.8657289
0.171094,3.420505
0.171096,3.7903562
0.171098,3.92905
0.1711,3.8828197
0.171102,3.6516623
0.171104,3.1893477
0.171106,2.5883412
0.17110799,1.8486385
0.17111,1.0164738
0.171112,0.091846466
0.171114,-0.83278084
0.171116,-1.6649456
0.171118,-2.4508786
0.17112,-3.098118
0.171122,-3.5604317
0.171124,-3.8840513
0.171126,-3.976514
0.171128,-3.8378198
0.17113,-3.5142004
0.171132,-2.9594238
0.171134,-2.3121846
0.171136,-1.48002
0.171138,-0.6478553
0.17114,0.27677202
0.171142,1.2013993
0.171144,2.033564
0.171146,2.727035
0.171148,3.3280425
0.17115,3.744125
0.171152,3.92905
0.17115399,3.92905
0.171156,3.6978936
0.171158,3.2818112
0.17116,2.6808028
0.171162,1.9873328
0.171164,1.1551685
0.171166,0.23054075
0.171168,-0.6478553
0.17117,-1.5262513
0.171172,-2.3121846
0.171174,-3.0056553
0.171176,-3.5142004
0.171178,-3.8378198
0.17118,-3.976514
0.171182,-3.8840513
0.171184,-3.5604317
0.171186,-3.098118
0.171188,-2.4508786
0.17119,-1.6187139
0.171192,-0.78654957
0.171194,0.13807821
0.171196,1.0627055
0.171198,1.8948698
0.17119999,2.6345725
0.171202,3.23558
0.171204,3.6978936
0.171206,3.92905
0.171208,3.92905
0.17121,3.744125
0.171212,3.3742738
0.171214,2.8194976
0.171216,2.126027
0.171218,1.2938623
0.17122,0.4154663
0.171222,-0.5091615
0.171224,-1.387557
0.171226,-2.1734905
0.171228,-2.866961
0.17123,-3.4217377
0.171232,-3.7915885
0.171234,-3.9302826
0.171236,-3.8840513
0.171238,-3.6528945
0.17124,-3.1905808
0.171242,-2.5433414
0.171244,-1.8036394
0.17124599,-0.9252434
0.171248,-0.046847343
0.17125,0.87777996
0.171252,1.7099442
0.171254,2.4958777
0.171256,3.1431174
0.171258,3.605431
0.17126,3.8828197
0.171262,3.9752812
0.171264,3.7903562
0.171266,3.4667363
0.171268,2.9119601
0.17127,2.2184901
0.171272,1.4787879
0.171274,0.5541601
0.171276,-0.3704667
0.171278,-1.2488632
0.17128,-2.0347965
0.171282,-2.7744985
0.171284,-3.329275
0.171286,-3.745357
0.171288,-3.9302826
0.17129,-3.9302826
0.171292,-3.6991258
0.171294,-3.2830436
0.171296,-2.6820357
0.171298,-1.9423337
0.1713,-1.1101689
0.171302,-0.18554163
0.171304,0.7390857
0.171306,1.5712504
0.171308,2.357184
0.17131,3.050654
0.171312,3.5591989
0.171314,3.8365874
0.171316,3.9752812
0.171318,3.8365874
0.17132,3.5591989
0.171322,3.050654
0.171324,2.357184
0.171326,1.5712504
0.171328,0.7390857
0.17133,-0.18554163
0.171332,-1.1101689
0.171334,-1.8961024
0.171336,-2.6358042
0.171338,-3.236812
0.17134,-3.6991258
0.171342,-3.9302826
0.171344,-3.9302826
0.171346,-3.745357
0.171348,-3.3755062
0.17135,-2.7744985
0.171352,-2.081028
0.171354,-1.2488632
0.171356,-0.3704667
0.171358,0.60039186
0.17136,1.4787879
0.171362,2.2647214
0.171364,2.9581914
0.171366,3.4667363
0.171368,3.8365874
0.17137,3.9752812
0.171372,3.8828197
0.171374,3.605431
0.171376,3.1431174
0.171378,2.4958777
0.17138,1.7099442
0.171382,0.87777996
0.171384,-0.046847343
0.171386,-0.9252434
0.171388,-1.7574081
0.17139,-2.5433414
0.171392,-3.1905808
0.171394,-3.6066632
0.171396,-3.8840513
0.171398,-3.9302826
0.1714,-3.7915885
0.17140199,-3.4217377
0.171404,-2.9131925
0.171406,-2.2197218
0.171408,-1.387557
0.17141,-0.5091615
0.171412,0.4154663
0.171414,1.2938623
0.171416,2.126027
0.171418,2.8194976
0.17142,3.3742738
0.171422,3.7903562
0.171424,3.92905
0.171426,3.92905
0.171428,3.6516623
0.17143,3.23558
0.171432,2.6345725
0.171434,1.8486385
0.171436,1.0627055
0.171438,0.045615196
0.17144,0.87777996
0.171442,1.7099442
0.171444,2.4958777
0.171446,3.1431174
0.17144799,3.6516623
0.17145,3.92905
0.171452,4.0215135
0.171454,3.8828197
0.171456,3.5591989
0.171458,3.050654
0.17146,2.357184
0.171462,1.5712504
0.171464,0.6928544
0.171466,-0.2317729
0.171468,-1.1101689
0.17147,-1.9423337
0.171472,-2.6820357
0.171474,-3.2830436
0.171476,-3.6991258
0.171478,-3.9302826
0.17148,-3.9302826
0.171482,-3.6991258
0.171484,-3.329275
0.171486,-2.728267
0.171488,-1.9885652
0.17149,-1.1564007
0.171492,-0.27800417
0.17149399,0.64662313
0.171496,1.5250192
0.171498,2.3109517
0.1715,3.0044227
0.171502,3.5129685
0.171504,3.8365874
0.171506,3.9752812
0.171508,3.8828197
0.17151,3.605431
0.171512,3.0968862
0.171514,2.4496465
0.171516,1.6637135
0.171518,0.8315482
0.17152,-0.09307861
0.171522,-1.0177064
0.171524,-1.8036394
0.171526,-2.589573
0.171528,-3.1905808
0.17153,-3.6528945
0.171532,-3.8840513
0.171534,-3.9302826
0.171536,-3.7915885
0.171538,-3.4217377
0.17154,-2.866961
0.171542,-2.1272593
0.171544,-1.3413262
0.171546,-0.46292973
0.171548,0.46169758
0.17155,1.3863249
0.171552,2.172258
0.171554,2.8657289
0.171556,3.420505
0.171558,3.7903562
0.17156,3.9752812
0.171562,3.8828197
0.171564,3.6516623
0.171566,3.1893477
0.171568,2.5883412
0.17157,1.8024073
0.171572,0.970243
0.171574,0.091846466
0.171576,-0.83278084
0.171578,-1.6649456
0.17158,-2.4508786
0.171582,-3.098118
0.171584,-3.6066632
0.171586,-3.8840513
0.171588,-3.976514
0.17159,-3.8378198
0.171592,-3.467969
0.171594,-2.9594238
0.171596,-2.2659533
0.171598,-1.48002
0.1716,-0.601624
0.171602,0.3230033
0.171604,1.2476311
0.171606,2.033564
0.171608,2.7732663
0.17161,3.3280425
0.171612,3.744125
0.171614,3.92905
0.171616,3.92905
0.171618,3.6978936
0.17162,3.2818112
0.171622,2.6808028
0.171624,1.9411016
0.171626,1.1089368
0.171628,0.23054075
0.17163,-0.694087
0.171632,-1.5262513
0.171634,-2.3121846
0.171636,-3.0056553
0.171638,-3.5142004
0.17164,-3.8378198
0.171642,-3.976514
0.171644,-3.8378198
0.171646,-3.5604317
0.171648,-3.0518866
0.17164999,-2.4046474
0.171652,-1.6187139
0.171654,-0.7403178
0.171656,0.184309
0.171658,1.0627055
0.17166,1.8948698
0.171662,2.6345725
0.171664,3.23558
0.171666,3.6978936
0.171668,3.92905
0.17167,3.92905
0.171672,3.744125
0.171674,3.3742738
0.171676,2.8194976
0.171678,2.0797954
0.17168,1.2938623
0.171682,0.36923456
0.171684,-0.5091615
0.171686,-1.4337888
0.171688,-2.2197218
0.17169,-2.9131925
0.171692,-3.467969
0.171694,-3.7915885
0.17169599,-3.9302826
0.171698,-3.8840513
0.1717,-3.6066632
0.171702,-3.1443493
0.171704,-2.5433414
0.171706,-1.7574081
0.171708,-0.9252434
0.17171,-6.160736E-4
0.171712,0.92401123
0.171714,1.756176
0.171716,2.542109
0.171718,3.1431174
0.17172,3.605431
0.171722,3.8828197
0.171724,3.9752812
0.171726,3.7903562
0.171728,3.4667363
0.17173,2.9119601
0.171732,2.2184901
0.171734,1.4325566
0.171736,0.5541601
0.171738,-0.3704667
0.17174,-1.2488632
0.17174199,-2.081028
0.171744,-2.7744985
0.171746,-3.3755062
0.171748,-3.745357
0.17175,-3.9302826
0.171752,-3.9302826
0.171754,-3.6991258
0.171756,-3.236812
0.171758,-2.6358042
0.17176,-1.8961024
0.171762,-1.0639377
0.171764,-0.13931036
0.171766,0.7390857
0.171768,1.6174817
0.17177,2.4034152
0.171772,3.050654
0.171774,3.5591989
0.171776,3.8365874
0.171778,3.9752812
0.17178,3.8365874
0.171782,3.5129685
0.171784,3.0044227
0.171786,2.357184
0.17178799,1.5712504
0.17179,0.6928544
0.171792,-0.2317729
0.171794,-1.1101689
0.171796,-1.9423337
0.171798,-2.6820357
0.1718,-3.2830436
0.171802,-3.6991258
0.171804,-3.9302826
0.171806,-3.9302826
0.171808,-3.745357
0.17181,-3.329275
0.171812,-2.7744985
0.171814,-2.0347965
0.171816,-1.202632
0.171818,-0.32423592
0.17182,0.60039186
0.171822,1.4787879
0.171824,2.2647214
0.171826,2.9581914
0.171828,3.4667363
0.17183,3.8365874
0.171832,3.9752812
0.171834,3.8828197
0.171836,3.605431
0.171838,3.0968862
0.17184,2.4958777
0.171842,1.7099442
0.171844,0.87777996
0.171846,-0.046847343
0.171848,-0.9714751
0.17185,-1.8036394
0.171852,-2.5433414
0.171854,-3.1905808
0.171856,-3.6528945
0.171858,-1.8036394
0.17186,1.8948698
0.171862,3.744125
0.171864,3.420505
0.171866,2.8657289
0.171868,2.172258
0.17187,1.3863249
0.171872,0.50792885
0.171874,-0.41669846
0.171876,-1.2950945
0.171878,-2.1272593
0.17188,-2.8207297
0.171882,-3.3755062
0.171884,-3.745357
0.171886,-3.9302826
0.171888,-3.8840513
0.17189,-3.6528945
0.171892,-3.236812
0.171894,-2.589573
0.171896,-1.8498712
0.17189799,-1.0177064
0.1719,-0.09307861
0.171902,0.8315482
0.171904,1.6637135
0.171906,2.4496465
0.171908,3.0968862
0.17191,3.605431
0.171912,3.8828197
0.171914,3.9752812
0.171916,3.8365874
0.171918,3.5129685
0.17192,3.0044227
0.171922,2.3109517
0.171924,1.5250192
0.171926,0.64662313
0.171928,-0.27800417
0.17193,-1.1564007
0.171932,-1.9885652
0.171934,-2.728267
0.171936,-3.2830436
0.171938,-3.6991258
0.17194,-3.9302826
0.171942,-3.9302826
0.17194399,-3.6991258
0.171946,-3.329275
0.171948,-2.728267
0.17195,-1.9885652
0.171952,-1.1564007
0.171954,-0.27800417
0.171956,0.64662313
0.171958,1.5250192
0.17196,2.3109517
0.171962,3.0044227
0.171964,3.5129685
0.171966,3.8365874
0.171968,3.9752812
0.17197,3.8828197
0.171972,3.5591989
0.171974,3.0968862
0.171976,2.4496465
0.171978,1.6637135
0.17198,0.7853174
0.171982,-0.09307861
0.171984,-1.0177064
0.171986,-1.8498712
0.171988,-2.589573
0.17198999,-3.1905808
0.171992,-3.6528945
0.171994,-3.9302826
0.171996,-3.9302826
0.171998,-3.7915885
0.172,-3.3755062
0.172002,-2.8207297
0.172004,-2.1272593
0.172006,-1.3413262
0.172008,-0.41669846
0.17201,0.50792885
0.172012,1.3863249
0.172014,2.172258
0.172016,2.8657289
0.172018,3.420505
0.17202,3.7903562
0.172022,3.9752812
0.172024,3.8828197
0.172026,3.6516623
0.172028,3.1893477
0.17203,2.542109
0.172032,1.8024073
0.172034,0.970243
0.17203599,0.045615196
0.172038,-0.8790121
0.17204,-1.7111769
0.172042,-2.4508786
0.172044,-3.098118
0.172046,-3.6066632
0.172048,-3.8840513
0.17205,-3.976514
0.172052,-3.8378198
0.172054,-3.467969
0.172056,-2.9594238
0.172058,-2.2659533
0.17206,-1.48002
0.172062,-0.601624
0.172064,0.3230033
0.172066,1.2476311
0.172068,2.033564
0.17207,2.7732663
0.172072,3.3742738
0.172074,3.744125
0.172076,3.92905
0.172078,3.92905
0.17208,3.6978936
0.172082,3.2818112
0.172084,2.6808028
0.172086,1.9411016
0.172088,1.1089368
0.17209,0.23054075
0.172092,-0.694087
0.172094,-1.5724826
0.172096,-2.3584158
0.172098,-3.0056553
0.1721,-3.5142004
0.172102,-3.8378198
0.172104,-3.976514
0.172106,-3.8378198
0.172108,-3.5604317
0.17211,-3.0518866
0.172112,-2.4046474
0.172114,-1.6187139
0.172116,-0.7403178
0.172118,0.184309
0.17212,1.1089368
0.172122,1.8948698
0.172124,2.6808028
0.172126,3.2818112
0.172128,3.6978936
0.17213,3.92905
0.172132,3.92905
0.172134,3.744125
0.172136,3.3742738
0.172138,2.7732663
0.17214,2.0797954
0.172142,1.2476311
0.172144,0.36923456
0.17214599,-0.55539227
0.172148,-1.4337888
0.17215,-2.2197218
0.172152,-2.9131925
0.172154,-3.467969
0.172156,-3.7915885
0.172158,-3.9302826
0.17216,-3.8840513
0.172162,-3.6066632
0.172164,-3.1443493
0.172166,-2.5433414
0.172168,-1.7574081
0.17217,-0.8790121
0.172172,-6.160736E-4
0.172174,0.92401123
0.172176,1.756176
0.172178,2.542109
0.17218,3.1893477
0.172182,3.6516623
0.172184,3.8828197
0.172186,3.9752812
0.172188,3.7903562
0.17219,3.420505
0.17219199,2.9119601
0.172194,2.2184901
0.172196,1.4325566
0.172198,0.5541601
0.1722,-0.3704667
0.172202,-1.2950945
0.172204,-2.081028
0.172206,-2.8207297
0.172208,-3.3755062
0.17221,-3.745357
0.172212,-3.9302826
0.172214,-3.9302826
0.172216,-3.6991258
0.172218,-3.236812
0.17222,-2.6358042
0.172222,-1.8961024
0.172224,-1.0639377
0.172226,-0.13931036
0.172228,0.7853174
0.17223,1.6174817
0.172232,2.4034152
0.172234,3.050654
0.172236,3.5591989
0.17223799,3.8828197
0.17224,3.9752812
0.172242,3.8365874
0.172244,3.5129685
0.172246,3.0044227
0.172248,2.357184
0.17225,1.5250192
0.172252,0.6928544
0.172254,-0.2317729
0.172256,-1.1101689
0.172258,-1.9423337
0.17226,-2.6820357
0.172262,-3.2830436
0.172264,-3.6991258
0.172266,-3.9302826
0.172268,-3.9302826
0.17227,-3.745357
0.172272,-3.329275
0.172274,-2.7744985
0.172276,-2.0347965
0.172278,0.184309
0.17228,0.23054075
0.172282,-0.694087
0.17228399,-1.5262513
0.172286,-2.3121846
0.172288,-3.0056553
0.17229,-3.5604317
0.172292,-3.8840513
0.172294,-4.022745
0.172296,-3.9302826
0.172298,-3.6528945
0.1723,-3.1443493
0.172302,-2.4971101
0.172304,-1.7111769
0.172306,-0.8790121
0.172308,0.045615196
0.17231,0.970243
0.172312,1.8024073
0.172314,2.5883412
0.172316,3.1893477
0.172318,3.6516623
0.17232,3.8828197
0.172322,3.92905
0.172324,3.7903562
0.172326,3.420505
0.172328,2.8657289
0.17233,2.126027
0.172332,1.3400936
0.172334,0.46169758
0.172336,-0.46292973
0.172338,-1.3413262
0.17234,-2.1272593
0.172342,-2.866961
0.172344,-3.4217377
0.172346,-3.7915885
0.172348,-3.9302826
0.17235,-3.9302826
0.172352,-3.6528945
0.172354,-3.1905808
0.172356,-2.589573
0.172358,-1.8498712
0.17236,-0.9714751
0.172362,-0.09307861
0.172364,0.8315482
0.172366,1.6637135
0.172368,2.4496465
0.17237,3.0968862
0.172372,3.605431
0.172374,3.8828197
0.172376,3.9752812
0.172378,3.8365874
0.17238,3.4667363
0.172382,2.9581914
0.172384,2.2647214
0.172386,1.4787879
0.172388,0.60039186
0.17239,-0.27800417
0.172392,-1.202632
0.17239399,-1.9885652
0.172396,-2.728267
0.172398,-3.329275
0.1724,-3.745357
0.172402,-3.9302826
0.172404,-3.9302826
0.172406,-3.6991258
0.172408,-3.2830436
0.17241,-2.728267
0.172412,-1.9885652
0.172414,-1.1564007
0.172416,-0.2317729
0.172418,0.6928544
0.17242,1.5250192
0.172422,2.357184
0.172424,3.0044227
0.172426,3.5129685
0.172428,3.8365874
0.17243,3.9752812
0.172432,3.8828197
0.172434,3.5591989
0.172436,3.050654
0.172438,2.4034152
0.17243999,1.6174817
0.172442,0.7853174
0.172444,-0.13931036
0.172446,-1.0177064
0.172448,-1.8498712
0.17245,-2.589573
0.172452,-3.236812
0.172454,-3.6528945
0.172456,-3.9302826
0.172458,-3.9302826
0.17246,-3.745357
0.172462,-3.3755062
0.172464,-2.8207297
0.172466,-2.1272593
0.172468,-1.2950945
0.17247,-0.41669846
0.172472,0.50792885
0.172474,1.4325566
0.172476,2.2184901
0.172478,2.9119601
0.17248,3.4667363
0.172482,3.7903562
0.172484,3.9752812
0.17248599,3.8828197
0.172488,3.605431
0.17249,3.1893477
0.172492,2.542109
0.172494,1.756176
0.172496,0.92401123
0.172498,0.045615196
0.1725,-0.8790121
0.172502,-1.7111769
0.172504,-2.4971101
0.172506,-3.1443493
0.172508,-3.6066632
0.17251,-3.8840513
0.172512,-3.976514
0.172514,-3.7915885
0.172516,-3.467969
0.172518,-2.9131925
0.17252,-2.2659533
0.172522,-1.4337888
0.172524,-0.55539227
0.172526,0.36923456
0.172528,1.2476311
0.17253,2.0797954
0.17253199,2.7732663
0.172534,3.3742738
0.172536,3.744125
0.172538,3.92905
0.17254,3.92905
0.172542,3.6978936
0.172544,3.23558
0.172546,2.6345725
0.172548,1.8948698
0.17255,1.1089368
0.172552,0.184309
0.172554,-0.7403178
0.172556,-1.5724826
0.172558,-2.3584158
0.17256,-3.0518866
0.172562,-3.5604317
0.172564,-3.8378198
0.172566,-3.976514
0.172568,-3.8378198
0.17257,-3.5604317
0.172572,-3.0518866
0.172574,-2.3584158
0.172576,-1.5724826
0.172578,-0.694087
0.17258,0.184309
0.172582,1.1089368
0.172584,1.9411016
0.172586,2.6808028
0.172588,3.2818112
0.17259,3.6978936
0.172592,3.92905
0.172594,3.92905
0.172596,3.744125
0.172598,3.3280425
0.1726,2.7732663
0.172602,2.033564
0.172604,1.2476311
0.172606,0.3230033
0.172608,-0.55539227
0.17261,-1.4337888
0.172612,-2.2197218
0.172614,-2.9131925
0.172616,-3.467969
0.172618,-3.7915885
0.17262,-3.976514
0.172622,-3.8840513
0.172624,-3.6066632
0.172626,-3.1443493
0.172628,-2.4971101
0.17263,-1.7111769
0.172632,-0.8790121
0.172634,0.045615196
0.172636,0.970243
0.172638,1.8024073
0.17264,2.542109
0.172642,3.1893477
0.172644,3.6516623
0.172646,3.8828197
0.172648,3.92905
0.17265,3.7903562
0.172652,3.420505
0.172654,2.8657289
0.172656,2.172258
0.172658,1.3863249
0.17266,0.50792885
0.172662,-0.41669846
0.172664,-1.2950945
0.172666,-2.081028
0.172668,-2.8207297
0.17267,-3.3755062
0.172672,-3.745357
0.172674,-3.9302826
0.172676,-3.9302826
0.172678,-3.6528945
0.17268,-3.236812
0.172682,-2.6358042
0.172684,-1.8498712
0.172686,-1.0177064
0.17268799,-0.13931036
0.17269,0.7853174
0.172692,1.6637135
0.172694,2.4496465
0.172696,3.0968862
0.172698,1.8024073
0.1727,-1.5724826
0.172702,-3.8840513
0.172704,-3.8840513
0.172706,-3.5604317
0.172708,-3.0056553
0.17271,-2.3584158
0.172712,-1.5262513
0.172714,-0.694087
0.172716,0.23054075
0.172718,1.1551685
0.17272,1.9873328
0.172722,2.6808028
0.172724,3.2818112
0.172726,3.6978936
0.172728,3.92905
0.17273,3.92905
0.172732,3.6978936
0.17273399,3.3280425
0.172736,2.727035
0.172738,1.9873328
0.17274,1.2013993
0.172742,0.27677202
0.172744,-0.6478553
0.172746,-1.48002
0.172748,-2.2659533
0.17275,-2.9594238
0.172752,-3.5142004
0.172754,-3.8378198
0.172756,-3.976514
0.172758,-3.8840513
0.17276,-3.6066632
0.172762,-3.098118
0.172764,-2.4508786
0.172766,-1.6649456
0.172768,-0.83278084
0.17277,0.091846466
0.172772,1.0164738
0.172774,1.8486385
0.172776,2.5883412
0.172778,3.23558
0.17277999,3.6516623
0.172782,3.8828197
0.172784,3.92905
0.172786,3.7903562
0.172788,3.420505
0.17279,2.8194976
0.172792,2.126027
0.172794,1.3400936
0.172796,0.46169758
0.172798,-0.46292973
0.1728,-1.3413262
0.172802,-2.1734905
0.172804,-2.866961
0.172806,-3.4217377
0.172808,-3.7915885
0.17281,-3.9302826
0.172812,-3.8840513
0.172814,-3.6528945
0.172816,-3.1905808
0.172818,-2.589573
0.17282,-1.8036394
0.172822,-0.9714751
0.172824,-0.046847343
0.172826,0.8315482
0.172828,1.7099442
0.17283,2.4958777
0.172832,3.1431174
0.172834,3.605431
0.172836,3.8828197
0.172838,3.9752812
0.17284,3.8365874
0.172842,3.4667363
0.172844,2.9581914
0.172846,2.2647214
0.172848,1.4787879
0.17285,0.60039186
0.172852,-0.32423592
0.172854,-1.202632
0.172856,-2.0347965
0.172858,-2.728267
0.17286,-3.329275
0.172862,-3.745357
0.172864,-3.9302826
0.172866,-3.9302826
0.172868,-3.6991258
0.17287,-3.2830436
0.172872,-2.6820357
0.172874,-1.9423337
0.172876,-1.1564007
0.172878,-0.2317729
0.17288,0.6928544
0.172882,1.5712504
0.172884,2.357184
0.172886,3.0044227
0.172888,3.5129685
0.17289,3.8365874
0.172892,3.9752812
0.172894,3.8365874
0.172896,3.5591989
0.172898,3.050654
0.1729,2.4034152
0.172902,1.6174817
0.172904,0.7390857
0.172906,-0.13931036
0.172908,-1.0639377
0.17291,-1.8961024
0.172912,-2.6358042
0.172914,-3.236812
0.172916,-3.6991258
0.172918,-3.9302826
0.17292,-3.9302826
0.172922,-3.745357
0.172924,-3.3755062
0.172926,-2.8207297
0.172928,-2.081028
0.17293,-1.2950945
0.172932,-0.3704667
0.172934,0.5541601
0.17293599,1.4325566
0.172938,2.2184901
0.17294,2.9119601
0.172942,3.4667363
0.172944,3.7903562
0.172946,3.9752812
0.172948,3.8828197
0.17295,3.605431
0.172952,3.1431174
0.172954,2.542109
0.172956,1.756176
0.172958,0.92401123
0.17296,-6.160736E-4
0.172962,-0.8790121
0.172964,-1.7574081
0.172966,-2.4971101
0.172968,-3.1443493
0.17297,-3.6066632
0.172972,-3.8840513
0.172974,-3.976514
0.172976,-3.7915885
0.172978,-3.467969
0.17298,-2.9131925
0.17298199,-2.2197218
0.172984,-1.4337888
0.172986,-0.55539227
0.172988,0.36923456
0.17299,1.2938623
0.172992,2.0797954
0.172994,2.8194976
0.172996,3.3742738
0.172998,3.744125
0.173,3.92905
0.173002,3.92905
0.173004,3.6978936
0.173006,3.23558
0.173008,2.6345725
0.17301,1.8948698
0.173012,1.0627055
0.173014,0.184309
0.173016,-0.7403178
0.173018,-1.5724826
0.17302,-2.3584158
0.173022,-3.0518866
0.173024,-3.5604317
0.173026,-3.8378198
0.17302799,-3.976514
0.17303,-3.8378198
0.173032,-3.5142004
0.173034,-3.0518866
0.173036,-2.3584158
0.173038,-1.5724826
0.17304,-0.694087
0.173042,0.23054075
0.173044,1.1089368
0.173046,1.9411016
0.173048,2.6808028
0.17305,3.2818112
0.173052,3.6978936
0.173054,3.92905
0.173056,3.92905
0.173058,3.744125
0.17306,3.3280425
0.173062,2.7732663
0.173064,2.033564
0.173066,1.2476311
0.173068,0.3230033
0.17307,-0.601624
0.173072,-1.48002
0.17307399,-2.2659533
0.173076,-2.9594238
0.173078,-3.467969
0.17308,-3.8378198
0.173082,-3.976514
0.173084,-3.8840513
0.173086,-3.6066632
0.173088,-3.1443493
0.17309,-2.4971101
0.173092,-1.7111769
0.173094,-0.8790121
0.173096,0.045615196
0.173098,0.970243
0.1731,1.8024073
0.173102,2.5883412
0.173104,3.1893477
0.173106,3.6516623
0.173108,3.8828197
0.17311,3.92905
0.173112,3.7903562
0.173114,3.420505
0.173116,2.8657289
0.173118,1.2013993
0.17312,-1.1101689
0.173122,-0.41669846
0.173124,0.50792885
0.173126,1.3863249
0.173128,2.2184901
0.17313,2.9119601
0.173132,3.4667363
0.173134,3.8365874
0.173136,3.9752812
0.173138,3.92905
0.17314,3.6978936
0.173142,3.23558
0.173144,2.6345725
0.173146,1.8486385
0.173148,1.0164738
0.17315,0.13807821
0.173152,-0.78654957
0.173154,-1.6187139
0.173156,-2.4046474
0.173158,-3.0518866
0.17316,-3.5604317
0.173162,-3.8378198
0.173164,-3.9302826
0.173166,-3.8378198
0.173168,-3.5142004
0.17317,-2.9594238
0.173172,-2.3121846
0.173174,-1.48002
0.173176,-0.6478553
0.173178,0.27677202
0.17318,1.2013993
0.173182,1.9873328
0.17318399,2.727035
0.173186,3.3280425
0.173188,3.744125
0.17319,3.92905
0.173192,3.92905
0.173194,3.6978936
0.173196,3.2818112
0.173198,2.727035
0.1732,1.9873328
0.173202,1.1551685
0.173204,0.27677202
0.173206,-0.6478553
0.173208,-1.48002
0.17321,-2.3121846
0.173212,-2.9594238
0.173214,-3.5142004
0.173216,-3.8378198
0.173218,-3.976514
0.17322,-3.8840513
0.173222,-3.5604317
0.173224,-3.098118
0.173226,-2.4508786
0.173228,-1.6649456
0.17322999,-0.78654957
0.173232,0.13807821
0.173234,1.0164738
0.173236,1.8486385
0.173238,2.6345725
0.17324,3.23558
0.173242,3.6516623
0.173244,3.92905
0.173246,3.92905
0.173248,3.7903562
0.17325,3.3742738
0.173252,2.8194976
0.173254,2.126027
0.173256,1.2938623
0.173258,0.4154663
0.17326,-0.5091615
0.173262,-1.387557
0.173264,-2.1734905
0.173266,-2.866961
0.173268,-3.4217377
0.17327,-3.7915885
0.173272,-3.9302826
0.173274,-3.8840513
0.17327599,-3.6528945
0.173278,-3.1905808
0.17328,-2.5433414
0.173282,-1.8036394
0.173284,-0.9714751
0.173286,-0.046847343
0.173288,0.87777996
0.17329,1.7099442
0.173292,2.4958777
0.173294,3.1431174
0.173296,3.605431
0.173298,3.8828197
0.1733,3.9752812
0.173302,3.7903562
0.173304,3.4667363
0.173306,2.9581914
0.173308,2.2647214
0.17331,1.4787879
0.173312,0.60039186
0.173314,-0.32423592
0.173316,-1.2488632
0.173318,-2.0347965
0.17332,-2.7744985
0.17332199,-3.329275
0.173324,-3.745357
0.173326,-3.9302826
0.173328,-3.9302826
0.17333,-3.6991258
0.173332,-3.2830436
0.173334,-2.6820357
0.173336,-1.9423337
0.173338,-1.1101689
0.17334,-0.18554163
0.173342,0.7390857
0.173344,1.5712504
0.173346,2.357184
0.173348,3.050654
0.17335,3.5591989
0.173352,3.8365874
0.173354,3.9752812
0.173356,3.8365874
0.173358,3.5591989
0.17336,3.050654
0.173362,2.357184
0.173364,1.5712504
0.173366,0.7390857
0.173368,-0.18554163
0.17337,-1.0639377
0.173372,-1.8961024
0.173374,-2.6358042
0.173376,-3.236812
0.173378,-3.6991258
0.17338,-3.9302826
0.173382,-3.9302826
0.173384,-3.745357
0.173386,-3.3755062
0.173388,-2.7744985
0.17339,-2.081028
0.173392,-1.2488632
0.173394,-0.3704667
0.173396,0.5541601
0.173398,1.4787879
0.1734,2.2647214
0.173402,2.9119601
0.173404,3.4667363
0.173406,3.7903562
0.173408,3.9752812
0.17341,3.8828197
0.173412,3.605431
0.173414,3.1431174
0.173416,2.4958777
0.173418,1.756176
0.17342,0.87777996
0.173422,-6.160736E-4
0.173424,-0.9252434
0.173426,-1.7574081
0.173428,-2.5433414
0.17343,-3.1443493
0.17343199,-3.6066632
0.173434,-3.8840513
0.173436,-3.9302826
0.173438,-3.7915885
0.17344,-3.4217377
0.173442,-2.9131925
0.173444,-2.2197218
0.173446,-1.4337888
0.173448,-0.5091615
0.17345,0.4154663
0.173452,1.2938623
0.173454,2.126027
0.173456,2.8194976
0.173458,3.3742738
0.17346,3.744125
0.173462,3.92905
0.173464,3.92905
0.173466,3.6978936
0.173468,3.23558
0.17347,2.6345725
0.173472,1.8948698
0.173474,1.0627055
0.173476,0.13807821
0.17347799,-0.78654957
0.17348,-1.6187139
0.173482,-2.4046474
0.173484,-3.0518866
0.173486,-3.5604317
0.173488,-3.8840513
0.17349,-3.976514
0.173492,-3.8378198
0.173494,-3.5142004
0.173496,-3.0056553
0.173498,-2.3584158
0.1735,-1.5262513
0.173502,-0.694087
0.173504,0.23054075
0.173506,1.1551685
0.173508,1.9873328
0.17351,2.727035
0.173512,3.2818112
0.173514,3.6978936
0.173516,3.92905
0.173518,3.92905
0.17352,3.744125
0.173522,3.3280425
0.17352399,2.727035
0.173526,2.033564
0.173528,1.2013993
0.17353,0.3230033
0.173532,-0.601624
0.173534,-1.48002
0.173536,-2.2659533
0.173538,-1.9423337
0.17354,1.6637135
0.173542,3.8365874
0.173544,3.9752812
0.173546,3.92905
0.173548,3.605431
0.17355,3.1431174
0.173552,2.4958777
0.173554,1.7099442
0.173556,0.87777996
0.173558,-0.046847343
0.17356,-0.9714751
0.173562,-1.8036394
0.173564,-2.5433414
0.173566,-3.1905808
0.173568,-3.6528945
0.17356999,-3.8840513
0.173572,-3.9302826
0.173574,-3.7915885
0.173576,-3.4217377
0.173578,-2.866961
0.17358,-2.1734905
0.173582,-1.3413262
0.173584,-0.46292973
0.173586,0.46169758
0.173588,1.3863249
0.17359,2.172258
0.173592,2.8657289
0.173594,3.420505
0.173596,3.7903562
0.173598,3.9752812
0.1736,3.92905
0.173602,3.6516623
0.173604,3.1893477
0.173606,2.5883412
0.173608,1.8486385
0.17361,1.0164738
0.173612,0.091846466
0.173614,-0.83278084
0.173616,-1.6649456
0.173618,-2.4508786
0.17362,-3.098118
0.173622,-3.5604317
0.173624,-3.8840513
0.173626,-3.976514
0.173628,-3.8378198
0.17363,-3.5142004
0.173632,-2.9594238
0.173634,-2.3121846
0.173636,-1.48002
0.173638,-0.601624
0.17364,0.3230033
0.173642,1.2013993
0.173644,2.033564
0.173646,2.7732663
0.173648,3.3280425
0.17365,3.744125
0.173652,3.92905
0.173654,3.92905
0.173656,3.6978936
0.173658,3.2818112
0.17366,2.6808028
0.173662,1.9873328
0.173664,1.1551685
0.173666,0.23054075
0.173668,-0.6478553
0.17367,-1.5262513
0.173672,-2.3121846
0.173674,-3.0056553
0.173676,-3.5142004
0.173678,-3.8378198
0.17368,-3.976514
0.173682,-3.8840513
0.173684,-3.5604317
0.173686,-3.098118
0.173688,-2.4046474
0.17369,-1.6187139
0.173692,-0.78654957
0.173694,0.13807821
0.173696,1.0627055
0.173698,1.8948698
0.1737,2.6345725
0.173702,3.23558
0.173704,3.6978936
0.173706,3.92905
0.173708,3.92905
0.17371,3.744125
0.173712,3.3742738
0.173714,2.8194976
0.173716,2.126027
0.173718,1.2938623
0.17372,0.4154663
0.173722,-0.5091615
0.173724,-1.387557
0.17372599,-2.1734905
0.173728,-2.866961
0.17373,-3.4217377
0.173732,-3.7915885
0.173734,-3.9302826
0.173736,-3.8840513
0.173738,-3.6528945
0.17374,-3.1905808
0.173742,-2.5433414
0.173744,-1.7574081
0.173746,-0.9252434
0.173748,-6.160736E-4
0.17375,0.87777996
0.173752,1.756176
0.173754,2.4958777
0.173756,3.1431174
0.173758,3.605431
0.17376,3.8828197
0.173762,3.9752812
0.173764,3.7903562
0.173766,3.4667363
0.173768,2.9119601
0.17377,2.2184901
0.17377199,1.4325566
0.173774,0.5541601
0.173776,-0.3704667
0.173778,-1.2488632
0.17378,-2.0347965
0.173782,-2.7744985
0.173784,-3.329275
0.173786,-3.745357
0.173788,-3.9302826
0.17379,-3.9302826
0.173792,-3.6991258
0.173794,-3.2830436
0.173796,-2.6820357
0.173798,-1.9423337
0.1738,-1.1101689
0.173802,-0.18554163
0.173804,0.7390857
0.173806,1.5712504
0.173808,2.4034152
0.17381,3.050654
0.173812,3.5591989
0.173814,3.8365874
0.173816,3.9752812
0.17381799,3.8365874
0.17382,3.5591989
0.173822,3.050654
0.173824,2.357184
0.173826,1.5712504
0.173828,0.7390857
0.17383,-0.18554163
0.173832,-1.1101689
0.173834,-1.8961024
0.173836,-2.6358042
0.173838,-3.2830436
0.17384,-3.6991258
0.173842,-3.9302826
0.173844,-3.9302826
0.173846,-3.745357
0.173848,-3.3755062
0.17385,-2.7744985
0.173852,-2.081028
0.173854,-1.2488632
0.173856,-0.32423592
0.173858,0.60039186
0.17386,1.4787879
0.173862,2.2647214
0.173864,2.9581914
0.173866,3.4667363
0.173868,3.8365874
0.17387,3.9752812
0.173872,3.8828197
0.173874,3.605431
0.173876,3.1431174
0.173878,2.4958777
0.17388,1.7099442
0.173882,0.87777996
0.173884,-0.046847343
0.173886,-0.9252434
0.173888,-1.7574081
0.17389,-2.5433414
0.173892,-3.1905808
0.173894,-3.6528945
0.173896,-3.8840513
0.173898,-3.9302826
0.1739,-3.7915885
0.173902,-3.4217377
0.173904,-2.9131925
0.173906,-2.1734905
0.173908,-1.387557
0.17391,-0.5091615
0.173912,0.4154663
0.173914,1.3400936
0.173916,2.126027
0.173918,2.8194976
0.17392,3.3742738
0.173922,3.7903562
0.173924,3.92905
0.173926,3.92905
0.173928,3.6516623
0.17393,3.23558
0.173932,2.6345725
0.173934,1.8486385
0.173936,1.0164738
0.173938,0.13807821
0.17394,-0.78654957
0.173942,-1.6187139
0.173944,-2.4046474
0.173946,-3.0518866
0.173948,-3.5604317
0.17395,-3.8840513
0.173952,-3.976514
0.173954,-3.8378198
0.173956,-3.5142004
0.173958,-2.5433414
0.17396,1.0627055
0.173962,1.4325566
0.173964,0.60039186
0.173966,-0.32423592
0.173968,-1.202632
0.17397,-2.0347965
0.173972,-2.728267
0.17397399,-3.329275
0.173976,-3.745357
0.173978,-3.976514
0.17398,-3.976514
0.173982,-3.745357
0.173984,-3.329275
0.173986,-2.7744985
0.173988,-2.0347965
0.17399,-1.202632
0.173992,-0.27800417
0.173994,0.64662313
0.173996,1.4787879
0.173998,2.3109517
0.174,2.9581914
0.174002,3.5129685
0.174004,3.8365874
0.174006,3.92905
0.174008,3.8828197
0.17401,3.5591989
0.174012,3.0968862
0.174014,2.4496465
0.174016,1.6637135
0.174018,0.8315482
0.17401999,-0.09307861
0.174022,-1.0177064
0.174024,-1.8498712
0.174026,-2.589573
0.174028,-3.1905808
0.17403,-3.6528945
0.174032,-3.9302826
0.174034,-3.9302826
0.174036,-3.7915885
0.174038,-3.4217377
0.17404,-2.866961
0.174042,-2.1272593
0.174044,-1.3413262
0.174046,-0.41669846
0.174048,0.50792885
0.17405,1.3863249
0.174052,2.172258
0.174054,2.8657289
0.174056,3.420505
0.174058,3.7903562
0.17406,3.92905
0.174062,3.8828197
0.174064,3.6516623
0.17406599,3.1893477
0.174068,2.542109
0.17407,1.8024073
0.174072,0.970243
0.174074,0.045615196
0.174076,-0.83278084
0.174078,-1.6649456
0.17408,-2.4508786
0.174082,-3.098118
0.174084,-3.6066632
0.174086,-3.8840513
0.174088,-3.9302826
0.17409,-3.8378198
0.174092,-3.467969
0.174094,-2.9594238
0.174096,-2.2659533
0.174098,-1.48002
0.1741,-0.601624
0.174102,0.3230033
0.174104,1.2476311
0.174106,2.033564
0.174108,2.7732663
0.17411,3.3280425
0.17411199,3.744125
0.174114,3.92905
0.174116,3.92905
0.174118,3.6978936
0.17412,3.2818112
0.174122,2.6808028
0.174124,1.9411016
0.174126,1.1089368
0.174128,0.23054075
0.17413,-0.694087
0.174132,-1.5262513
0.174134,-2.3121846
0.174136,-3.0056553
0.174138,-3.5142004
0.17414,-3.8378198
0.174142,-3.976514
0.174144,-3.8378198
0.174146,-3.5604317
0.174148,-3.0518866
0.17415,-2.4046474
0.174152,-1.6187139
0.174154,-0.7403178
0.174156,0.184309
0.174158,1.0627055
0.17416,1.8948698
0.174162,2.6345725
0.174164,3.23558
0.174166,3.6978936
0.174168,3.92905
0.17417,3.92905
0.174172,3.744125
0.174174,3.3742738
0.174176,2.8194976
0.174178,2.0797954
0.17418,1.2938623
0.174182,0.36923456
0.174184,-0.55539227
0.174186,-1.4337888
0.174188,-2.2197218
0.17419,-2.9131925
0.174192,-3.467969
0.174194,-3.7915885
0.174196,-3.9302826
0.174198,-3.8840513
0.1742,-3.6066632
0.174202,-3.1443493
0.174204,-2.5433414
0.174206,-1.7574081
0.174208,-0.9252434
0.17421,-6.160736E-4
0.174212,0.92401123
0.174214,1.756176
0.174216,2.542109
0.174218,3.1431174
0.17422,3.605431
0.17422199,3.8828197
0.174224,3.9752812
0.174226,3.7903562
0.174228,3.4667363
0.17423,2.9119601
0.174232,2.2184901
0.174234,1.4325566
0.174236,0.5541601
0.174238,-0.3704667
0.17424,-1.2488632
0.174242,-2.081028
0.174244,-2.7744985
0.174246,-3.3755062
0.174248,-3.745357
0.17425,-3.9302826
0.174252,-3.9302826
0.174254,-3.6991258
0.174256,-3.236812
0.174258,-2.6358042
0.17426,-1.8961024
0.174262,-1.0639377
0.174264,-0.13931036
0.174266,0.7853174
0.17426799,1.6174817
0.17427,2.4034152
0.174272,3.050654
0.174274,3.5591989
0.174276,3.8828197
0.174278,3.9752812
0.17428,3.8365874
0.174282,3.5129685
0.174284,3.0044227
0.174286,2.357184
0.174288,1.5712504
0.17429,0.6928544
0.174292,-0.2317729
0.174294,-1.1101689
0.174296,-1.9423337
0.174298,-2.6820357
0.1743,-3.2830436
0.174302,-3.6991258
0.174304,-3.9302826
0.174306,-3.9302826
0.174308,-3.745357
0.17431,-3.329275
0.174312,-2.7744985
0.17431399,-2.0347965
0.174316,-1.202632
0.174318,-0.32423592
0.17432,0.60039186
0.174322,1.4787879
0.174324,2.2647214
0.174326,2.9581914
0.174328,3.4667363
0.17433,3.8365874
0.174332,3.9752812
0.174334,3.8828197
0.174336,3.605431
0.174338,3.0968862
0.17434,2.4496465
0.174342,1.7099442
0.174344,0.8315482
0.174346,-0.046847343
0.174348,-0.9714751
0.17435,-1.8036394
0.174352,-2.5433414
0.174354,-3.1905808
0.174356,-3.6528945
0.174358,-3.8840513
0.17435999,-3.9302826
0.174362,-3.7915885
0.174364,-3.4217377
0.174366,-2.866961
0.174368,-2.1734905
0.17437,-1.387557
0.174372,-0.46292973
0.174374,0.46169758
0.174376,1.3400936
0.174378,1.6174817
0.17438,-1.7111769
0.174382,-3.4217377
0.174384,-3.8378198
0.174386,-3.976514
0.174388,-3.9302826
0.17439,-3.6991258
0.174392,-3.236812
0.174394,-2.6358042
0.174396,-1.8961024
0.174398,-1.0639377
0.1744,-0.13931036
0.174402,0.7853174
0.174404,1.6637135
0.174406,2.4034152
0.174408,3.0968862
0.17441,3.5591989
0.174412,3.8365874
0.174414,3.92905
0.174416,3.8365874
0.174418,3.4667363
0.17442,2.9581914
0.174422,2.2647214
0.174424,1.4787879
0.174426,0.64662313
0.174428,-0.27800417
0.17443,-1.1564007
0.174432,-1.9885652
0.174434,-2.728267
0.174436,-3.329275
0.174438,-3.745357
0.17444,-3.9302826
0.174442,-3.9302826
0.174444,-3.745357
0.174446,-3.329275
0.174448,-2.728267
0.17445,-1.9885652
0.174452,-1.1564007
0.174454,-0.27800417
0.174456,0.64662313
0.174458,1.5250192
0.17446,2.3109517
0.174462,3.0044227
0.174464,3.5129685
0.174466,3.8365874
0.174468,3.9752812
0.17446999,3.8828197
0.174472,3.5591989
0.174474,3.0968862
0.174476,2.4034152
0.174478,1.6637135
0.17448,0.7853174
0.174482,-0.13931036
0.174484,-1.0177064
0.174486,-1.8498712
0.174488,-2.589573
0.17449,-3.236812
0.174492,-3.6528945
0.174494,-3.9302826
0.174496,-3.9302826
0.174498,-3.7915885
0.1745,-3.3755062
0.174502,-2.8207297
0.174504,-2.1272593
0.174506,-1.3413262
0.174508,-0.41669846
0.17451,0.50792885
0.174512,1.3863249
0.174514,2.172258
0.17451599,2.9119601
0.174518,3.420505
0.17452,3.7903562
0.174522,3.92905
0.174524,3.8828197
0.174526,3.6516623
0.174528,3.1893477
0.17453,2.542109
0.174532,1.8024073
0.174534,0.970243
0.174536,0.045615196
0.174538,-0.8790121
0.17454,-1.7111769
0.174542,-2.4971101
0.174544,-3.1443493
0.174546,-3.6066632
0.174548,-3.8840513
0.17455,-3.976514
0.174552,-3.8378198
0.174554,-3.467969
0.174556,-2.9594238
0.174558,-2.2659533
0.17456,-1.48002
0.17456199,-0.601624
0.174564,0.3230033
0.174566,1.2476311
0.174568,2.033564
0.17457,2.7732663
0.174572,3.3742738
0.174574,3.744125
0.174576,3.92905
0.174578,3.92905
0.17458,3.6978936
0.174582,3.2818112
0.174584,2.6808028
0.174586,1.9411016
0.174588,1.1089368
0.17459,0.184309
0.174592,-0.694087
0.174594,-1.5724826
0.174596,-2.3584158
0.174598,-3.0056553
0.1746,-3.5142004
0.174602,-3.8378198
0.174604,-3.976514
0.174606,-3.8378198
0.17460799,-3.5604317
0.17461,-3.0518866
0.174612,-2.4046474
0.174614,-1.6187139
0.174616,-0.7403178
0.174618,0.184309
0.17462,1.1089368
0.174622,1.9411016
0.174624,2.6808028
0.174626,3.2818112
0.174628,3.6978936
0.17463,3.92905
0.174632,3.92905
0.174634,3.744125
0.174636,3.3742738
0.174638,2.7732663
0.17464,2.0797954
0.174642,1.2476311
0.174644,0.36923456
0.174646,-0.55539227
0.174648,-1.4337888
0.17465,-2.2197218
0.174652,-2.9131925
0.174654,-3.467969
0.174656,-3.7915885
0.174658,-3.9302826
0.17466,-3.8840513
0.174662,-3.6066632
0.174664,-3.1443493
0.174666,-2.4971101
0.174668,-1.7574081
0.17467,-0.8790121
0.174672,0.045615196
0.174674,0.92401123
0.174676,1.756176
0.174678,2.542109
0.17468,3.1893477
0.174682,3.6516623
0.174684,3.8828197
0.174686,3.9752812
0.174688,3.7903562
0.17469,3.420505
0.174692,2.9119601
0.174694,2.2184901
0.174696,1.4325566
0.174698,0.50792885
0.1747,-0.41669846
0.174702,-1.2950945
0.174704,-2.081028
0.174706,-2.8207297
0.174708,-3.3755062
0.17471,-3.745357
0.174712,-3.9302826
0.174714,-3.9302826
0.174716,-3.6991258
0.17471799,-3.236812
0.17472,-2.6358042
0.174722,-1.8961024
0.174724,-1.0639377
0.174726,-0.13931036
0.174728,0.7853174
0.17473,1.6174817
0.174732,2.4034152
0.174734,3.0968862
0.174736,3.5591989
0.174738,3.8828197
0.17474,3.9752812
0.174742,3.8365874
0.174744,3.5129685
0.174746,3.0044227
0.174748,2.3109517
0.17475,1.5250192
0.174752,0.6928544
0.174754,-0.2317729
0.174756,-1.1564007
0.174758,-1.9423337
0.17476,-2.6820357
0.174762,-3.2830436
0.17476399,-3.6991258
0.174766,-3.9302826
0.174768,-3.9302826
0.17477,-3.745357
0.174772,-3.329275
0.174774,-2.7744985
0.174776,-2.0347965
0.174778,-1.202632
0.17478,-0.27800417
0.174782,0.64662313
0.174784,1.4787879
0.174786,2.3109517
0.174788,2.9581914
0.17479,3.5129685
0.174792,3.8365874
0.174794,3.9752812
0.174796,3.8828197
0.174798,3.3280425
0.1748,-6.160736E-4
0.174802,-2.2659533
0.174804,-1.6187139
0.174806,-0.78654957
0.174808,0.13807821
0.17480999,1.0164738
0.174812,1.8486385
0.174814,2.6345725
0.174816,3.23558
0.174818,3.6978936
0.17482,3.92905
0.174822,3.9752812
0.174824,3.7903562
0.174826,3.420505
0.174828,2.8657289
0.17483,2.172258
0.174832,1.3863249
0.174834,0.46169758
0.174836,-0.46292973
0.174838,-1.3413262
0.17484,-2.1272593
0.174842,-2.8207297
0.174844,-3.4217377
0.174846,-3.7915885
0.174848,-3.9302826
0.17485,-3.8840513
0.174852,-3.6528945
0.174854,-3.1905808
0.17485599,-2.589573
0.174858,-1.8036394
0.17486,-0.9714751
0.174862,-0.09307861
0.174864,0.8315482
0.174866,1.7099442
0.174868,2.4496465
0.17487,3.0968862
0.174872,3.605431
0.174874,3.8828197
0.174876,3.9752812
0.174878,3.8365874
0.17488,3.4667363
0.174882,2.9581914
0.174884,2.2647214
0.174886,1.4787879
0.174888,0.60039186
0.17489,-0.32423592
0.174892,-1.202632
0.174894,-1.9885652
0.174896,-2.728267
0.174898,-3.329275
0.1749,-3.745357
0.174902,-3.9302826
0.174904,-3.9302826
0.174906,-3.6991258
0.174908,-3.2830436
0.17491,-2.728267
0.174912,-1.9885652
0.174914,-1.1564007
0.174916,-0.2317729
0.174918,0.6928544
0.17492,1.5250192
0.174922,2.357184
0.174924,3.0044227
0.174926,3.5129685
0.174928,3.8365874
0.17493,3.9752812
0.174932,3.8365874
0.174934,3.5591989
0.174936,3.050654
0.174938,2.4034152
0.17494,1.6174817
0.174942,0.7853174
0.174944,-0.13931036
0.174946,-1.0639377
0.174948,-1.8498712
0.17495,-2.6358042
0.174952,-3.236812
0.174954,-3.6528945
0.174956,-3.9302826
0.174958,-3.9302826
0.17496,-3.745357
0.174962,-3.3755062
0.174964,-2.8207297
0.174966,-2.1272593
0.174968,-1.2950945
0.17497,-0.3704667
0.174972,0.50792885
0.174974,1.4325566
0.174976,2.2184901
0.174978,2.9119601
0.17498,3.4667363
0.174982,3.7903562
0.174984,3.9752812
0.174986,3.8828197
0.174988,3.605431
0.17499,3.1431174
0.174992,2.542109
0.174994,1.756176
0.174996,0.92401123
0.174998,-6.160736E-4
0.175,-0.8790121
0.175002,-1.7111769
0.175004,-2.4971101
0.175006,-3.1443493
0.175008,-3.6066632
0.17501,-3.8840513
0.17501199,-3.976514
0.175014,-3.7915885
0.175016,-3.467969
0.175018,-2.9131925
0.17502,-2.2197218
0.175022,-1.4337888
0.175024,-0.55539227
0.175026,0.36923456
0.175028,1.2938623
0.17503,2.0797954
0.175032,2.7732663
0.175034,3.3742738
0.175036,3.744125
0.175038,3.92905
0.17504,3.92905
0.175042,3.6978936
0.175044,3.23558
0.175046,2.6345725
0.175048,1.8948698
0.17505,1.0627055
0.175052,0.184309
0.175054,-0.7403178
0.175056,-1.5724826
0.17505799,-2.3584158
0.17506,-3.0518866
0.175062,-3.5604317
0.175064,-3.8378198
0.175066,-3.976514
0.175068,-3.8378198
0.17507,-3.5604317
0.175072,-3.0518866
0.175074,-2.3584158
0.175076,-1.5724826
0.175078,-0.694087
0.17508,0.23054075
0.175082,1.1089368
0.175084,1.9411016
0.175086,2.6808028
0.175088,3.2818112
0.17509,3.6978936
0.175092,3.92905
0.175094,3.92905
0.175096,3.744125
0.175098,3.3280425
0.1751,2.7732663
0.175102,2.033564
0.17510399,1.2476311
0.175106,0.3230033
0.175108,-0.601624
0.17511,-1.48002
0.175112,-2.2197218
0.175114,-2.9131925
0.175116,-3.467969
0.175118,-3.8378198
0.17512,-3.976514
0.175122,-3.8840513
0.175124,-3.6066632
0.175126,-3.1443493
0.175128,-2.4971101
0.17513,-1.7111769
0.175132,-0.8790121
0.175134,0.045615196
0.175136,0.970243
0.175138,1.8024073
0.17514,2.542109
0.175142,3.1893477
0.175144,3.6516623
0.175146,3.8828197
0.175148,3.92905
0.17514999,3.7903562
0.175152,3.420505
0.175154,2.8657289
0.175156,2.172258
0.175158,1.3863249
0.17516,0.50792885
0.175162,-0.41669846
0.175164,-1.2950945
0.175166,-2.1272593
0.175168,-2.8207297
0.17517,-3.3755062
0.175172,-3.745357
0.175174,-3.9302826
0.175176,-3.9302826
0.175178,-3.6528945
0.17518,-3.236812
0.175182,-2.6358042
0.175184,-1.8498712
0.175186,-1.0177064
0.175188,-0.09307861
0.17519,0.7853174
0.175192,1.6637135
0.175194,2.4496465
0.175196,3.0968862
0.175198,3.5591989
0.1752,3.8828197
0.175202,3.9752812
0.175204,3.8365874
0.175206,3.5129685
0.175208,3.0044227
0.17521,2.3109517
0.175212,1.5250192
0.175214,0.64662313
0.175216,-0.27800417
0.175218,-1.202632
0.17522,1.8486385
0.175222,2.7732663
0.175224,3.3742738
0.175226,3.7903562
0.175228,3.9752812
0.17523,3.9752812
0.175232,3.744125
0.175234,3.3742738
0.175236,2.7732663
0.175238,2.033564
0.17524,1.2013993
0.175242,0.3230033
0.175244,-0.601624
0.175246,-1.48002
0.175248,-2.2659533
0.17525,-2.9594238
0.175252,-3.467969
0.175254,-3.7915885
0.175256,-3.9302826
0.175258,-3.8378198
0.17525999,-3.5604317
0.175262,-3.098118
0.175264,-2.4508786
0.175266,-1.6649456
0.175268,-0.78654957
0.17527,0.13807821
0.175272,1.0164738
0.175274,1.8486385
0.175276,2.6345725
0.175278,3.23558
0.17528,3.6516623
0.175282,3.92905
0.175284,3.9752812
0.175286,3.7903562
0.175288,3.420505
0.17529,2.8657289
0.175292,2.126027
0.175294,1.3400936
0.175296,0.46169758
0.175298,-0.46292973
0.1753,-1.3413262
0.175302,-2.1272593
0.175304,-2.866961
0.17530599,-3.4217377
0.175308,-3.7915885
0.17531,-3.9302826
0.175312,-3.8840513
0.175314,-3.6528945
0.175316,-3.1905808
0.175318,-2.589573
0.17532,-1.8036394
0.175322,-0.9714751
0.175324,-0.046847343
0.175326,0.87777996
0.175328,1.7099442
0.17533,2.4958777
0.175332,3.1431174
0.175334,3.605431
0.175336,3.8828197
0.175338,3.9752812
0.17534,3.8365874
0.175342,3.4667363
0.175344,2.9581914
0.175346,2.2647214
0.175348,1.4787879
0.17535,0.60039186
0.17535199,-0.32423592
0.175354,-1.202632
0.175356,-2.0347965
0.175358,-2.728267
0.17536,-3.329275
0.175362,-3.745357
0.175364,-3.9302826
0.175366,-3.9302826
0.175368,-3.6991258
0.17537,-3.2830436
0.175372,-2.6820357
0.175374,-1.9423337
0.175376,-1.1101689
0.175378,-0.2317729
0.17538,0.6928544
0.175382,1.5712504
0.175384,2.357184
0.175386,3.0044227
0.175388,3.5129685
0.17539,3.8365874
0.175392,3.9752812
0.175394,3.8365874
0.175396,3.5591989
0.17539799,3.050654
0.1754,2.4034152
0.175402,1.6174817
0.175404,0.7390857
0.175406,-0.13931036
0.175408,-1.0639377
0.17541,-1.8961024
0.175412,-2.6358042
0.175414,-3.236812
0.175416,-3.6991258
0.175418,-3.9302826
0.17542,-3.9302826
0.175422,-3.745357
0.175424,-3.3755062
0.175426,-2.8207297
0.175428,-2.081028
0.17543,-1.2950945
0.175432,-0.3704667
0.175434,0.5541601
0.175436,1.4325566
0.175438,2.2184901
0.17544,2.9119601
0.175442,3.4667363
0.175444,3.7903562
0.175446,3.9752812
0.175448,3.8828197
0.17545,3.605431
0.175452,3.1431174
0.175454,2.4958777
0.175456,1.756176
0.175458,0.92401123
0.17546,-6.160736E-4
0.175462,-0.9252434
0.175464,-1.7574081
0.175466,-2.4971101
0.175468,-3.1443493
0.17547,-3.6066632
0.175472,-3.8840513
0.175474,-3.9302826
0.175476,-3.7915885
0.175478,-3.467969
0.17548,-2.9131925
0.175482,-2.2197218
0.175484,-1.4337888
0.175486,-0.55539227
0.175488,0.36923456
0.17549,1.2938623
0.175492,2.0797954
0.175494,2.8194976
0.175496,3.3742738
0.175498,3.744125
0.1755,3.92905
0.175502,3.92905
0.175504,3.6978936
0.175506,3.23558
0.17550799,2.6345725
0.17551,1.8948698
0.175512,1.0627055
0.175514,0.184309
0.175516,-0.7403178
0.175518,-1.5724826
0.17552,-2.3584158
0.175522,-3.0518866
0.175524,-3.5604317
0.175526,-3.8378198
0.175528,-3.976514
0.17553,-3.8378198
0.175532,-3.5142004
0.175534,-3.0056553
0.175536,-2.3584158
0.175538,-1.5724826
0.17554,-0.694087
0.175542,0.23054075
0.175544,1.1551685
0.175546,1.9411016
0.175548,2.6808028
0.17555,3.2818112
0.175552,3.6978936
0.17555399,3.92905
0.175556,3.92905
0.175558,3.744125
0.17556,3.3280425
0.175562,2.7732663
0.175564,2.033564
0.175566,1.2013993
0.175568,0.3230033
0.17557,-0.601624
0.175572,-1.48002
0.175574,-2.2659533
0.175576,-2.9594238
0.175578,-3.467969
0.17558,-3.8378198
0.175582,-3.976514
0.175584,-3.8840513
0.175586,-3.6066632
0.175588,-3.1443493
0.17559,-2.4971101
0.175592,-1.7111769
0.175594,-0.83278084
0.175596,0.045615196
0.175598,0.970243
0.17559999,1.8024073
0.175602,2.5883412
0.175604,3.1893477
0.175606,3.6516623
0.175608,3.8828197
0.17561,3.92905
0.175612,3.7903562
0.175614,3.420505
0.175616,2.8657289
0.175618,2.172258
0.17562,1.3863249
0.175622,0.46169758
0.175624,-0.41669846
0.175626,-1.3413262
0.175628,-2.1272593
0.17563,-2.8207297
0.175632,-3.3755062
0.175634,-3.7915885
0.175636,-3.9302826
0.175638,-3.8840513
0.17564,-1.0177064
0.175642,2.5883412
0.175644,2.542109
0.17564599,1.8024073
0.175648,0.970243
0.17565,0.091846466
0.175652,-0.83278084
0.175654,-1.6649456
0.175656,-2.4508786
0.175658,-3.098118
0.17566,-3.6066632
0.175662,-3.8840513
0.175664,-3.976514
0.175666,-3.8378198
0.175668,-3.5142004
0.17567,-3.0056553
0.175672,-2.3121846
0.175674,-1.48002
0.175676,-0.6478553
0.175678,0.27677202
0.17568,1.2013993
0.175682,1.9873328
0.175684,2.727035
0.175686,3.3280425
0.175688,3.744125
0.17569,3.92905
0.175692,3.92905
0.175694,3.6978936
0.175696,3.2818112
0.175698,2.727035
0.1757,1.9873328
0.175702,1.1551685
0.175704,0.27677202
0.175706,-0.6478553
0.175708,-1.5262513
0.17571,-2.3121846
0.175712,-3.0056553
0.175714,-3.5142004
0.175716,-3.8378198
0.175718,-3.976514
0.17572,-3.8840513
0.175722,-3.5604317
0.175724,-3.098118
0.175726,-2.4508786
0.175728,-1.6187139
0.17573,-0.78654957
0.175732,0.13807821
0.175734,1.0627055
0.175736,1.8948698
0.175738,2.6345725
0.17574,3.23558
0.175742,3.6978936
0.175744,3.92905
0.175746,3.92905
0.175748,3.7903562
0.17575,3.3742738
0.175752,2.8194976
0.175754,2.126027
0.17575599,1.2938623
0.175758,0.4154663
0.17576,-0.5091615
0.175762,-1.387557
0.175764,-2.1734905
0.175766,-2.866961
0.175768,-3.4217377
0.17577,-3.7915885
0.175772,-3.9302826
0.175774,-3.8840513
0.175776,-3.6528945
0.175778,-3.1905808
0.17578,-2.5433414
0.175782,-1.8036394
0.175784,-0.9252434
0.175786,-0.046847343
0.175788,0.87777996
0.17579,1.7099442
0.175792,2.4958777
0.175794,3.1431174
0.175796,3.605431
0.175798,3.8828197
0.1758,3.9752812
0.17580199,3.8365874
0.175804,3.4667363
0.175806,2.9119601
0.175808,2.2647214
0.17581,1.4787879
0.175812,0.60039186
0.175814,-0.32423592
0.175816,-1.2488632
0.175818,-2.0347965
0.17582,-2.7744985
0.175822,-3.329275
0.175824,-3.745357
0.175826,-3.9302826
0.175828,-3.9302826
0.17583,-3.6991258
0.175832,-3.2830436
0.175834,-2.6820357
0.175836,-1.9423337
0.175838,-1.1101689
0.17584,-0.18554163
0.175842,0.7390857
0.175844,1.5712504
0.175846,2.357184
0.17584799,3.050654
0.17585,3.5591989
0.175852,3.8365874
0.175854,3.9752812
0.175856,3.8365874
0.175858,3.5591989
0.17586,3.050654
0.175862,2.357184
0.175864,1.5712504
0.175866,0.7390857
0.175868,-0.18554163
0.17587,-1.0639377
0.175872,-1.8961024
0.175874,-2.6358042
0.175876,-3.236812
0.175878,-3.6991258
0.17588,-3.9302826
0.175882,-3.9302826
0.175884,-3.745357
0.175886,-3.3755062
0.175888,-2.7744985
0.17589,-2.081028
0.175892,-1.2488632
0.17589399,-0.3704667
0.175896,0.5541601
0.175898,1.4787879
0.1759,2.2647214
0.175902,2.9581914
0.175904,3.4667363
0.175906,3.8365874
0.175908,3.9752812
0.17591,3.8828197
0.175912,3.605431
0.175914,3.1431174
0.175916,2.4958777
0.175918,1.7099442
0.17592,0.87777996
0.175922,-6.160736E-4
0.175924,-0.9252434
0.175926,-1.7574081
0.175928,-2.5433414
0.17593,-3.1443493
0.175932,-3.6066632
0.175934,-3.8840513
0.175936,-3.9302826
0.175938,-3.7915885
0.17594,-3.4217377
0.175942,-2.9131925
0.175944,-2.2197218
0.175946,-1.387557
0.175948,-0.5091615
0.17595,0.4154663
0.175952,1.2938623
0.175954,2.126027
0.175956,2.8194976
0.175958,3.3742738
0.17596,3.7903562
0.175962,3.92905
0.175964,3.92905
0.175966,3.6516623
0.175968,3.23558
0.17597,2.6345725
0.175972,1.8486385
0.175974,1.0627055
0.175976,0.13807821
0.175978,-0.78654957
0.17598,-1.6187139
0.175982,-2.4046474
0.175984,-3.0518866
0.175986,-3.5604317
0.175988,-3.8840513
0.17599,-3.976514
0.175992,-3.8378198
0.175994,-3.5142004
0.175996,-3.0056553
0.175998,-2.3584158
0.176,-1.5262513
0.176002,-0.694087
0.176004,0.23054075
0.176006,1.1551685
0.176008,1.9873328
0.17601,2.727035
0.176012,3.2818112
0.176014,3.6978936
0.176016,3.92905
0.176018,3.92905
0.17602,3.744125
0.176022,3.3280425
0.176024,2.727035
0.176026,2.033564
0.176028,1.2013993
0.17603,0.27677202
0.176032,-0.601624
0.176034,-1.48002
0.176036,-2.2659533
0.176038,-2.9594238
0.17604,-3.467969
0.176042,-3.8378198
0.176044,-3.976514
0.176046,-3.8840513
0.176048,-3.6066632
0.17604999,-3.098118
0.176052,-2.4508786
0.176054,-1.6649456
0.176056,-0.83278084
0.176058,0.091846466
0.17606,-1.0639377
0.176062,-1.8961024
0.176064,-2.6358042
0.176066,-3.2830436
0.176068,-3.6991258
0.17607,-3.976514
0.176072,-3.976514
0.176074,-3.8378198
0.176076,-3.467969
0.176078,-2.9131925
0.17608,-2.2197218
0.176082,-1.387557
0.176084,-0.5091615
0.176086,0.46169758
0.176088,1.3400936
0.17609,2.126027
0.176092,2.8194976
0.176094,3.420505
0.17609599,3.744125
0.176098,3.92905
0.1761,3.8828197
0.176102,3.6516623
0.176104,3.1893477
0.176106,2.542109
0.176108,1.8024073
0.17611,0.970243
0.176112,0.091846466
0.176114,-0.83278084
0.176116,-1.6649456
0.176118,-2.4508786
0.17612,-3.098118
0.176122,-3.6066632
0.176124,-3.8840513
0.176126,-3.976514
0.176128,-3.8378198
0.17613,-3.5142004
0.176132,-2.9594238
0.176134,-2.3121846
0.176136,-1.48002
0.176138,-0.601624
0.17614,0.3230033
0.17614199,1.2013993
0.176144,2.033564
0.176146,2.7732663
0.176148,3.3280425
0.17615,3.744125
0.176152,3.92905
0.176154,3.92905
0.176156,3.6978936
0.176158,3.2818112
0.17616,2.6808028
0.176162,1.9411016
0.176164,1.1551685
0.176166,0.23054075
0.176168,-0.694087
0.17617,-1.5262513
0.176172,-2.3121846
0.176174,-3.0056553
0.176176,-3.5142004
0.176178,-3.8378198
0.17618,-3.976514
0.176182,-3.8840513
0.176184,-3.5604317
0.176186,-3.098118
0.176188,-2.4046474
0.17619,-1.6187139
0.176192,-0.78654957
0.176194,0.13807821
0.176196,1.0627055
0.176198,1.8948698
0.1762,2.6345725
0.176202,3.23558
0.176204,3.6978936
0.176206,3.92905
0.176208,3.92905
0.17621,3.744125
0.176212,3.3742738
0.176214,2.8194976
0.176216,2.0797954
0.176218,1.2938623
0.17622,0.4154663
0.176222,-0.5091615
0.176224,-1.387557
0.176226,-2.1734905
0.176228,-2.866961
0.17623,-3.4217377
0.176232,-3.7915885
0.176234,-3.9302826
0.176236,-3.8840513
0.176238,-3.6066632
0.17624,-3.1905808
0.176242,-2.5433414
0.176244,-1.7574081
0.176246,-0.9252434
0.176248,-6.160736E-4
0.17625,0.92401123
0.176252,1.756176
0.176254,2.4958777
0.176256,3.1431174
0.176258,3.605431
0.17626,3.8828197
0.176262,3.9752812
0.176264,3.7903562
0.176266,3.4667363
0.176268,2.9119601
0.17627,2.2184901
0.176272,1.4325566
0.176274,0.5541601
0.176276,-0.3704667
0.176278,-1.2488632
0.17628,-2.0347965
0.176282,-2.7744985
0.176284,-3.3755062
0.176286,-3.745357
0.176288,-3.9302826
0.17629,-3.9302826
0.176292,-3.6991258
0.176294,-3.2830436
0.176296,-2.6820357
0.17629799,-1.8961024
0.1763,-1.0639377
0.176302,-0.18554163
0.176304,0.7390857
0.176306,1.6174817
0.176308,2.4034152
0.17631,3.050654
0.176312,3.5591989
0.176314,3.8365874
0.176316,3.9752812
0.176318,3.8365874
0.17632,3.5129685
0.176322,3.050654
0.176324,2.357184
0.176326,1.5712504
0.176328,0.7390857
0.17633,-0.18554163
0.176332,-1.1101689
0.176334,-1.8961024
0.176336,-2.6820357
0.176338,-3.2830436
0.17634,-3.6991258
0.176342,-3.9302826
0.17634399,-3.9302826
0.176346,-3.745357
0.176348,-3.329275
0.17635,-2.7744985
0.176352,-2.0347965
0.176354,-1.2488632
0.176356,-0.32423592
0.176358,0.60039186
0.17636,1.4787879
0.176362,2.2647214
0.176364,2.9581914
0.176366,3.4667363
0.176368,3.8365874
0.17637,3.9752812
0.176372,3.8828197
0.176374,3.605431
0.176376,3.1431174
0.176378,2.4958777
0.17638,1.7099442
0.176382,0.87777996
0.176384,-0.046847343
0.176386,-0.9252434
0.176388,-1.7574081
0.17638999,-2.5433414
0.176392,-3.1905808
0.176394,-3.6528945
0.176396,-3.8840513
0.176398,-3.9302826
0.1764,-3.7915885
0.176402,-3.4217377
0.176404,-2.9131925
0.176406,-2.1734905
0.176408,-1.387557
0.17641,-0.5091615
0.176412,0.4154663
0.176414,1.3400936
0.176416,2.126027
0.176418,2.8194976
0.17642,3.420505
0.176422,3.7903562
0.176424,3.92905
0.176426,3.92905
0.176428,3.6516623
0.17643,3.23558
0.176432,2.5883412
0.176434,1.8486385
0.17643599,1.0164738
0.176438,0.13807821
0.17644,-0.78654957
0.176442,-1.6187139
0.176444,-2.4046474
0.176446,-3.0518866
0.176448,-3.5604317
0.17645,-3.8840513
0.176452,-3.976514
0.176454,-3.8378198
0.176456,-3.5142004
0.176458,-3.0056553
0.17646,-2.3121846
0.176462,-1.5262513
0.176464,-0.6478553
0.176466,0.27677202
0.176468,1.1551685
0.17647,1.9873328
0.176472,2.727035
0.176474,3.3280425
0.176476,3.744125
0.176478,3.92905
0.17648,1.3863249
0.176482,-1.9423337
0.176484,-3.2830436
0.176486,-2.728267
0.176488,-1.9885652
0.17649,-1.1564007
0.176492,-0.27800417
0.176494,0.64662313
0.176496,1.5250192
0.176498,2.3109517
0.1765,3.0044227
0.176502,3.5129685
0.176504,3.8365874
0.176506,3.9752812
0.176508,3.8828197
0.17651,3.5591989
0.176512,3.0968862
0.176514,2.4496465
0.176516,1.6637135
0.176518,0.8315482
0.17652,-0.09307861
0.176522,-1.0177064
0.176524,-1.8498712
0.176526,-2.589573
0.176528,-3.236812
0.17653,-3.6528945
0.176532,-3.9302826
0.176534,-3.9302826
0.176536,-3.7915885
0.176538,-3.4217377
0.17654,-2.866961
0.176542,-2.1272593
0.176544,-1.3413262
0.17654599,-0.41669846
0.176548,0.50792885
0.17655,1.3863249
0.176552,2.172258
0.176554,2.8657289
0.176556,3.420505
0.176558,3.7903562
0.17656,3.92905
0.176562,3.8828197
0.176564,3.6516623
0.176566,3.1893477
0.176568,2.542109
0.17657,1.8024073
0.176572,0.970243
0.176574,0.045615196
0.176576,-0.83278084
0.176578,-1.7111769
0.17658,-2.4508786
0.176582,-3.098118
0.176584,-3.6066632
0.176586,-3.8840513
0.176588,-3.976514
0.17659,-3.8378198
0.17659199,-3.467969
0.176594,-2.9594238
0.176596,-2.2659533
0.176598,-1.48002
0.1766,-0.601624
0.176602,0.3230033
0.176604,1.2476311
0.176606,2.033564
0.176608,2.7732663
0.17661,3.3280425
0.176612,3.744125
0.176614,3.92905
0.176616,3.92905
0.176618,3.6978936
0.17662,3.2818112
0.176622,2.6808028
0.176624,1.9411016
0.176626,1.1089368
0.176628,0.23054075
0.17663,-0.694087
0.176632,-1.5262513
0.176634,-2.3584158
0.176636,-3.0056553
0.17663799,-3.5142004
0.17664,-3.8378198
0.176642,-3.976514
0.176644,-3.8378198
0.176646,-3.5604317
0.176648,-3.0518866
0.17665,-2.4046474
0.176652,-1.6187139
0.176654,-0.7403178
0.176656,0.184309
0.176658,1.0627055
0.17666,1.8948698
0.176662,2.6345725
0.176664,3.2818112
0.176666,3.6978936
0.176668,3.92905
0.17667,3.92905
0.176672,3.744125
0.176674,3.3742738
0.176676,2.7732663
0.176678,2.0797954
0.17668,1.2938623
0.176682,0.36923456
0.17668399,-0.55539227
0.176686,-1.4337888
0.176688,-2.2197218
0.17669,-2.9131925
0.176692,-3.467969
0.176694,-3.7915885
0.176696,-3.9302826
0.176698,-3.8840513
0.1767,-3.6066632
0.176702,-3.1443493
0.176704,-2.5433414
0.176706,-1.7574081
0.176708,-0.9252434
0.17671,-6.160736E-4
0.176712,0.92401123
0.176714,1.756176
0.176716,2.542109
0.176718,3.1431174
0.17672,3.605431
0.176722,3.8828197
0.176724,3.92905
0.176726,3.7903562
0.176728,3.420505
0.17673,2.9119601
0.176732,2.2184901
0.176734,1.4325566
0.176736,0.5541601
0.176738,-0.3704667
0.17674,-1.2950945
0.176742,-2.081028
0.176744,-2.7744985
0.176746,-3.3755062
0.176748,-3.745357
0.17675,-3.9302826
0.176752,-3.9302826
0.176754,-3.6991258
0.176756,-3.236812
0.176758,-2.6358042
0.17676,-1.8961024
0.176762,-1.0639377
0.176764,-0.13931036
0.176766,0.7853174
0.176768,1.6174817
0.17677,2.4034152
0.176772,3.050654
0.176774,3.5591989
0.176776,3.8828197
0.176778,3.9752812
0.17678,3.8365874
0.176782,3.5129685
0.176784,3.0044227
0.176786,2.357184
0.176788,1.5250192
0.17679,0.6928544
0.176792,-0.2317729
0.17679399,-1.1101689
0.176796,-1.9423337
0.176798,-2.6820357
0.1768,-3.2830436
0.176802,-3.6991258
0.176804,-3.9302826
0.176806,-3.9302826
0.176808,-3.745357
0.17681,-3.329275
0.176812,-2.7744985
0.176814,-2.0347965
0.176816,-1.202632
0.176818,-0.32423592
0.17682,0.60039186
0.176822,1.4787879
0.176824,2.2647214
0.176826,2.9581914
0.176828,3.4667363
0.17683,3.8365874
0.176832,3.9752812
0.176834,3.8828197
0.176836,3.605431
0.176838,3.0968862
0.17683999,2.4496465
0.176842,1.7099442
0.176844,0.8315482
0.176846,-0.046847343
0.176848,-0.9714751
0.17685,-1.8036394
0.176852,-2.5433414
0.176854,-3.1905808
0.176856,-3.6528945
0.176858,-3.8840513
0.17686,-3.9302826
0.176862,-3.7915885
0.176864,-3.4217377
0.176866,-2.866961
0.176868,-2.1734905
0.17687,-1.387557
0.176872,-0.46292973
0.176874,0.46169758
0.176876,1.3400936
0.176878,2.126027
0.17688,2.8657289
0.176882,3.420505
0.176884,3.7903562
0.17688599,3.92905
0.176888,3.92905
0.17689,3.6516623
0.176892,3.1893477
0.176894,2.5883412
0.176896,1.8486385
0.176898,1.0164738
0.1769,0.091846466
0.176902,0.92401123
0.176904,1.756176
0.176906,2.542109
0.176908,3.1893477
0.17691,3.6516623
0.176912,3.92905
0.176914,4.0215135
0.176916,3.8828197
0.176918,3.5591989
0.17692,3.0044227
0.176922,2.3109517
0.176924,1.5250192
0.176926,0.6928544
0.176928,-0.2317729
0.17693,-1.1564007
0.17693199,-1.9423337
0.176934,-2.6820357
0.176936,-3.2830436
0.176938,-3.6991258
0.17694,-3.9302826
0.176942,-3.9302826
0.176944,-3.6991258
0.176946,-3.2830436
0.176948,-2.728267
0.17695,-1.9885652
0.176952,-1.1564007
0.176954,-0.2317729
0.176956,0.6928544
0.176958,1.5250192
0.17696,2.3109517
0.176962,3.0044227
0.176964,3.5129685
0.176966,3.8365874
0.176968,3.9752812
0.17697,3.8828197
0.176972,3.5591989
0.176974,3.0968862
0.176976,2.4034152
0.176978,1.6637135
0.17698,0.7853174
0.176982,-0.13931036
0.176984,-1.0177064
0.176986,-1.8498712
0.176988,-2.589573
0.17699,-3.236812
0.176992,-3.6528945
0.176994,-3.9302826
0.176996,-3.9302826
0.176998,-3.745357
0.177,-3.3755062
0.177002,-2.8207297
0.177004,-2.1272593
0.177006,-1.2950945
0.177008,-0.41669846
0.17701,0.50792885
0.177012,1.3863249
0.177014,2.2184901
0.177016,2.9119601
0.177018,3.420505
0.17702,3.7903562
0.177022,3.92905
0.177024,3.8828197
0.177026,3.6516623
0.177028,3.1893477
0.17703,2.542109
0.177032,1.8024073
0.177034,0.970243
0.177036,0.045615196
0.177038,-0.8790121
0.17704,-1.7111769
0.17704199,-2.4971101
0.177044,-3.1443493
0.177046,-3.6066632
0.177048,-3.8840513
0.17705,-3.976514
0.177052,-3.7915885
0.177054,-3.467969
0.177056,-2.9594238
0.177058,-2.2659533
0.17706,-1.48002
0.177062,-0.55539227
0.177064,0.36923456
0.177066,1.2476311
0.177068,2.0797954
0.17707,2.7732663
0.177072,3.3742738
0.177074,3.744125
0.177076,3.92905
0.177078,3.92905
0.17708,3.6978936
0.177082,3.2818112
0.177084,2.6808028
0.177086,1.9411016
0.17708799,1.1089368
0.17709,0.184309
0.177092,-0.694087
0.177094,-1.5724826
0.177096,-2.3584158
0.177098,-3.0056553
0.1771,-3.5142004
0.177102,-3.8378198
0.177104,-3.976514
0.177106,-3.8378198
0.177108,-3.5604317
0.17711,-3.0518866
0.177112,-2.4046474
0.177114,-1.5724826
0.177116,-0.7403178
0.177118,0.184309
0.17712,1.1089368
0.177122,1.9411016
0.177124,2.6808028
0.177126,3.2818112
0.177128,3.6978936
0.17713,3.92905
0.177132,3.92905
0.17713399,3.744125
0.177136,3.3742738
0.177138,2.7732663
0.17714,2.0797954
0.177142,1.2476311
0.177144,0.36923456
0.177146,-0.55539227
0.177148,-1.4337888
0.17715,-2.2197218
0.177152,-2.9131925
0.177154,-3.467969
0.177156,-3.7915885
0.177158,-3.9302826
0.17716,-3.8840513
0.177162,-3.6066632
0.177164,-3.1443493
0.177166,-2.4971101
0.177168,-1.7574081
0.17717,-0.8790121
0.177172,0.045615196
0.177174,0.92401123
0.177176,1.8024073
0.177178,2.542109
0.17717999,3.1893477
0.177182,3.6516623
0.177184,3.8828197
0.177186,3.9752812
0.177188,3.7903562
0.17719,3.420505
0.177192,2.9119601
0.177194,2.2184901
0.177196,1.3863249
0.177198,0.50792885
0.1772,-0.41669846
0.177202,-1.2950945
0.177204,-2.081028
0.177206,-2.8207297
0.177208,-3.3755062
0.17721,-3.745357
0.177212,-3.9302826
0.177214,-3.9302826
0.177216,-3.6528945
0.177218,-3.236812
0.17722,-2.6358042
0.177222,-1.8961024
0.177224,-1.0639377
0.177226,-0.13931036
0.177228,0.7853174
0.17723,1.6174817
0.177232,2.4034152
0.177234,3.0968862
0.177236,3.5591989
0.177238,3.8828197
0.17724,3.9752812
0.177242,3.8365874
0.177244,3.5129685
0.177246,3.0044227
0.177248,2.3109517
0.17725,1.5250192
0.177252,0.6928544
0.177254,-0.2317729
0.177256,-1.1564007
0.177258,-1.9423337
0.17726,-2.6820357
0.177262,-3.2830436
0.177264,-3.6991258
0.177266,-3.9302826
0.177268,-3.9302826
0.17727,-3.745357
0.177272,-3.329275
0.177274,-2.728267
0.177276,-2.0347965
0.177278,-1.202632
0.17728,-0.27800417
0.177282,0.64662313
0.177284,1.4787879
0.177286,2.3109517
0.177288,2.9581914
0.17729,3.5129685
0.177292,3.8365874
0.177294,3.9752812
0.177296,3.8828197
0.177298,3.605431
0.1773,3.0968862
0.177302,2.4496465
0.177304,1.6637135
0.177306,0.8315482
0.177308,-0.09307861
0.17731,-0.9714751
0.177312,-1.8036394
0.177314,-2.589573
0.177316,-3.1905808
0.177318,-3.6528945
0.17732,-2.081028
0.177322,1.5712504
0.177324,3.6978936
0.177326,3.420505
0.177328,2.8657289
0.17733,2.172258
0.177332,1.3400936
0.177334,0.46169758
0.17733599,-0.46292973
0.177338,-1.3413262
0.17734,-2.1272593
0.177342,-2.866961
0.177344,-3.4217377
0.177346,-3.7915885
0.177348,-3.9302826
0.17735,-3.8840513
0.177352,-3.6528945
0.177354,-3.1905808
0.177356,-2.589573
0.177358,-1.8036394
0.17736,-0.9714751
0.177362,-0.046847343
0.177364,0.87777996
0.177366,1.7099442
0.177368,2.4958777
0.17737,3.1431174
0.177372,3.605431
0.177374,3.8828197
0.177376,3.9752812
0.177378,3.8365874
0.17738,3.4667363
0.17738199,2.9581914
0.177384,2.2647214
0.177386,1.4787879
0.177388,0.60039186
0.17739,-0.32423592
0.177392,-1.202632
0.177394,-1.9885652
0.177396,-2.728267
0.177398,-3.329275
0.1774,-3.745357
0.177402,-3.9302826
0.177404,-3.9302826
0.177406,-3.6991258
0.177408,-3.2830436
0.17741,-2.6820357
0.177412,-1.9423337
0.177414,-1.1101689
0.177416,-0.2317729
0.177418,0.6928544
0.17742,1.5712504
0.177422,2.357184
0.177424,3.0044227
0.177426,3.5129685
0.17742799,3.8365874
0.17743,3.9752812
0.177432,3.8828197
0.177434,3.5591989
0.177436,3.050654
0.177438,2.4034152
0.17744,1.6174817
0.177442,0.7853174
0.177444,-0.13931036
0.177446,-1.0639377
0.177448,-1.8498712
0.17745,-2.6358042
0.177452,-3.236812
0.177454,-3.6528945
0.177456,-3.9302826
0.177458,-3.9302826
0.17746,-3.745357
0.177462,-3.3755062
0.177464,-2.8207297
0.177466,-2.081028
0.177468,-1.2950945
0.17747,-0.3704667
0.177472,0.5541601
0.17747399,1.4325566
0.177476,2.2184901
0.177478,2.9119601
0.17748,3.4667363
0.177482,3.7903562
0.177484,3.9752812
0.177486,3.8828197
0.177488,3.605431
0.17749,3.1431174
0.177492,2.542109
0.177494,1.756176
0.177496,0.92401123
0.177498,-6.160736E-4
0.1775,-0.8790121
0.177502,-1.7111769
0.177504,-2.4971101
0.177506,-3.1443493
0.177508,-3.6066632
0.17751,-3.8840513
0.177512,-3.9302826
0.177514,-3.7915885
0.177516,-3.467969
0.177518,-2.9131925
0.17752,-2.2197218
0.177522,-1.4337888
0.177524,-0.55539227
0.177526,0.36923456
0.177528,1.2938623
0.17753,2.0797954
0.177532,2.8194976
0.177534,3.3742738
0.177536,3.744125
0.177538,3.92905
0.17754,3.92905
0.177542,3.6978936
0.177544,3.23558
0.177546,2.6345725
0.177548,1.8948698
0.17755,1.0627055
0.177552,0.184309
0.177554,-0.7403178
0.177556,-1.5724826
0.177558,-2.3584158
0.17756,-3.0518866
0.177562,-3.5604317
0.177564,-3.8378198
0.177566,-3.976514
0.177568,-3.8378198
0.17757,-3.5142004
0.177572,-3.0518866
0.177574,-2.3584158
0.177576,-1.5724826
0.177578,-0.694087
0.17758,0.23054075
0.177582,1.1089368
0.17758399,1.9411016
0.177586,2.6808028
0.177588,3.2818112
0.17759,3.6978936
0.177592,3.92905
0.177594,3.92905
0.177596,3.744125
0.177598,3.3280425
0.1776,2.7732663
0.177602,2.033564
0.177604,1.2476311
0.177606,0.3230033
0.177608,-0.601624
0.17761,-1.48002
0.177612,-2.2197218
0.177614,-2.9131925
0.177616,-3.467969
0.177618,-3.7915885
0.17762,-3.9302826
0.177622,-3.8840513
0.177624,-3.6066632
0.177626,-3.1443493
0.177628,-2.4971101
0.17762999,-1.7111769
0.177632,-0.8790121
0.177634,0.045615196
0.177636,0.970243
0.177638,1.8024073
0.17764,2.5883412
0.177642,3.1893477
0.177644,3.6516623
0.177646,3.8828197
0.177648,3.92905
0.17765,3.7903562
0.177652,3.420505
0.177654,2.8657289
0.177656,2.172258
0.177658,1.3863249
0.17766,0.50792885
0.177662,-0.41669846
0.177664,-1.2950945
0.177666,-2.1272593
0.177668,-2.8207297
0.17767,-3.3755062
0.177672,-3.7915885
0.177674,-3.9302826
0.17767599,-3.8840513
0.177678,-3.6528945
0.17768,-3.236812
0.177682,-2.6358042
0.177684,-1.8498712
0.177686,-1.0177064
0.177688,-0.09307861
0.17769,0.8315482
0.177692,1.6637135
0.177694,2.4496465
0.177696,3.0968862
0.177698,3.5591989
0.1777,3.8828197
0.177702,3.9752812
0.177704,3.8365874
0.177706,3.5129685
0.177708,3.0044227
0.17771,2.3109517
0.177712,1.5250192
0.177714,0.64662313
0.177716,-0.27800417
0.177718,-1.1564007
0.17772,-1.9885652
0.17772199,-2.728267
0.177724,-3.2830436
0.177726,-3.6991258
0.177728,-3.9302826
0.17773,-3.9302826
0.177732,-3.6991258
0.177734,-3.329275
0.177736,-2.728267
0.177738,-1.9885652
0.17774,0.045615196
0.177742,0.184309
0.177744,-0.7403178
0.177746,-1.5724826
0.177748,-2.3584158
0.17775,-3.0518866
0.177752,-3.5604317
0.177754,-3.8840513
0.177756,-4.022745
0.177758,-3.9302826
0.17776,-3.6066632
0.177762,-3.1443493
0.177764,-2.4971101
0.177766,-1.7111769
0.177768,-0.83278084
0.17777,0.091846466
0.177772,1.0164738
0.177774,1.8486385
0.177776,2.5883412
0.177778,3.1893477
0.17778,3.6516623
0.177782,3.8828197
0.177784,3.92905
0.177786,3.744125
0.177788,3.3742738
0.17779,2.8194976
0.177792,2.126027
0.177794,1.3400936
0.177796,0.4154663
0.177798,-0.5091615
0.1778,-1.387557
0.177802,-2.1734905
0.177804,-2.866961
0.177806,-3.4217377
0.177808,-3.7915885
0.17781,-3.9302826
0.177812,-3.8840513
0.177814,-3.6528945
0.177816,-3.1905808
0.177818,-2.589573
0.17782,-1.8036394
0.177822,-0.9714751
0.177824,-0.046847343
0.177826,0.87777996
0.177828,1.7099442
0.17783,2.4958777
0.17783199,3.1431174
0.177834,3.605431
0.177836,3.8828197
0.177838,3.9752812
0.17784,3.8365874
0.177842,3.4667363
0.177844,2.9581914
0.177846,2.2647214
0.177848,1.4787879
0.17785,0.60039186
0.177852,-0.32423592
0.177854,-1.202632
0.177856,-2.0347965
0.177858,-2.7744985
0.17786,-3.329275
0.177862,-3.745357
0.177864,-3.9302826
0.177866,-3.9302826
0.177868,-3.6991258
0.17787,-3.2830436
0.177872,-2.6820357
0.177874,-1.9423337
0.177876,-1.1101689
0.17787799,-0.2317729
0.17788,0.6928544
0.177882,1.5712504
0.177884,2.357184
0.177886,3.050654
0.177888,3.5129685
0.17789,3.8365874
0.177892,3.9752812
0.177894,3.8365874
0.177896,3.5591989
0.177898,3.050654
0.1779,2.4034152
0.177902,1.6174817
0.177904,0.7390857
0.177906,-0.18554163
0.177908,-1.0639377
0.17791,-1.8961024
0.177912,-2.6358042
0.177914,-3.236812
0.177916,-3.6991258
0.177918,-3.9302826
0.17792,-3.9302826
0.177922,-3.745357
0.17792399,-3.3755062
0.177926,-2.8207297
0.177928,-2.081028
0.17793,-1.2950945
0.177932,-0.3704667
0.177934,0.5541601
0.177936,1.4325566
0.177938,2.2184901
0.17794,2.9119601
0.177942,3.4667363
0.177944,3.7903562
0.177946,3.9752812
0.177948,3.8828197
0.17795,3.605431
0.177952,3.1431174
0.177954,2.4958777
0.177956,1.756176
0.177958,0.92401123
0.17796,-6.160736E-4
0.177962,-0.9252434
0.177964,-1.7574081
0.177966,-2.4971101
0.177968,-3.1443493
0.17796999,-3.6066632
0.177972,-3.8840513
0.177974,-3.9302826
0.177976,-3.7915885
0.177978,-3.467969
0.17798,-2.9131925
0.177982,-2.2197218
0.177984,-1.4337888
0.177986,-0.5091615
0.177988,0.4154663
0.17799,1.2938623
0.177992,2.0797954
0.177994,2.8194976
0.177996,3.3742738
0.177998,3.744125
0.178,3.92905
0.178002,3.92905
0.178004,3.6978936
0.178006,3.23558
0.178008,2.6345725
0.17801,1.8948698
0.178012,1.0627055
0.178014,0.13807821
0.178016,-0.7403178
0.178018,-1.6187139
0.17802,-2.4046474
0.178022,-3.0518866
0.178024,-3.5604317
0.178026,-3.8378198
0.178028,-3.976514
0.17803,-3.8378198
0.178032,-3.5142004
0.178034,-3.0056553
0.178036,-2.3584158
0.178038,-1.5724826
0.17804,-0.694087
0.178042,0.23054075
0.178044,1.1551685
0.178046,1.9411016
0.178048,2.6808028
0.17805,3.2818112
0.178052,3.6978936
0.178054,3.92905
0.178056,3.92905
0.178058,3.744125
0.17806,3.3280425
0.178062,2.7732663
0.178064,2.033564
0.178066,1.2013993
0.178068,0.3230033
0.17807,-0.601624
0.178072,-1.48002
0.178074,-2.2659533
0.178076,-2.9594238
0.178078,-3.467969
0.17807999,-3.8378198
0.178082,-3.976514
0.178084,-3.8840513
0.178086,-3.6066632
0.178088,-3.1443493
0.17809,-2.4971101
0.178092,-1.7111769
0.178094,-0.83278084
0.178096,0.091846466
0.178098,0.970243
0.1781,1.8024073
0.178102,2.5883412
0.178104,3.1893477
0.178106,3.6516623
0.178108,3.8828197
0.17811,3.92905
0.178112,3.7903562
0.178114,3.420505
0.178116,2.8657289
0.178118,2.172258
0.17812,1.3863249
0.178122,0.46169758
0.178124,-0.46292973
0.17812599,-1.3413262
0.178128,-2.1272593
0.17813,-2.8207297
0.178132,-3.3755062
0.178134,-3.7915885
0.178136,-3.9302826
0.178138,-3.8840513
0.17814,-3.6528945
0.178142,-3.236812
0.178144,-2.589573
0.178146,-1.8498712
0.178148,-1.0177064
0.17815,-0.09307861
0.178152,0.8315482
0.178154,1.6637135
0.178156,2.4496465
0.178158,3.0968862
0.17816,2.126027
0.178162,-1.2950945
0.178164,-3.8378198
0.178166,-3.8378198
0.178168,-3.5142004
0.17817,-3.0056553
0.17817199,-2.3121846
0.178174,-1.5262513
0.178176,-0.6478553
0.178178,0.27677202
0.17818,1.2013993
0.178182,1.9873328
0.178184,2.727035
0.178186,3.3280425
0.178188,3.6978936
0.17819,3.92905
0.178192,3.92905
0.178194,3.6978936
0.178196,3.2818112
0.178198,2.6808028
0.1782,1.9411016
0.178202,1.1551685
0.178204,0.23054075
0.178206,-0.694087
0.178208,-1.5262513
0.17821,-2.3121846
0.178212,-3.0056553
0.178214,-3.5142004
0.178216,-3.8378198
0.17821799,-3.976514
0.17822,-3.8840513
0.178222,-3.5604317
0.178224,-3.098118
0.178226,-2.4508786
0.178228,-1.6187139
0.17823,-0.78654957
0.178232,0.13807821
0.178234,1.0627055
0.178236,1.8948698
0.178238,2.6345725
0.17824,3.23558
0.178242,3.6516623
0.178244,3.92905
0.178246,3.92905
0.178248,3.744125
0.17825,3.3742738
0.178252,2.8194976
0.178254,2.126027
0.178256,1.2938623
0.178258,0.4154663
0.17826,-0.5091615
0.178262,-1.387557
0.178264,-2.1734905
0.178266,-2.866961
0.178268,-3.4217377
0.17827,-3.7915885
0.178272,-3.9302826
0.178274,-3.8840513
0.178276,-3.6528945
0.178278,-3.1905808
0.17828,-2.5433414
0.178282,-1.8036394
0.178284,-0.9252434
0.178286,-0.046847343
0.178288,0.87777996
0.17829,1.7099442
0.178292,2.4958777
0.178294,3.1431174
0.178296,3.605431
0.178298,3.8828197
0.1783,3.9752812
0.178302,3.7903562
0.178304,3.4667363
0.178306,2.9119601
0.178308,2.2184901
0.17831,1.4325566
0.178312,0.5541601
0.178314,-0.3704667
0.178316,-1.2488632
0.178318,-2.0347965
0.17832,-2.7744985
0.178322,-3.329275
0.178324,-3.745357
0.178326,-3.9302826
0.178328,-3.9302826
0.17833,-3.6991258
0.178332,-3.2830436
0.178334,-2.6820357
0.178336,-1.9423337
0.178338,-1.1101689
0.17834,-0.18554163
0.178342,0.7390857
0.178344,1.5712504
0.178346,2.357184
0.178348,3.050654
0.17835,3.5591989
0.178352,3.8365874
0.178354,3.9752812
0.178356,3.8365874
0.178358,3.5591989
0.17836,3.050654
0.178362,2.357184
0.178364,1.5712504
0.178366,0.7390857
0.178368,-0.18554163
0.17837,-1.1101689
0.178372,-1.8961024
0.17837399,-2.6358042
0.178376,-3.2830436
0.178378,-3.6991258
0.17838,-3.9302826
0.178382,-3.9302826
0.178384,-3.745357
0.178386,-3.3755062
0.178388,-2.7744985
0.17839,-2.081028
0.178392,-1.2488632
0.178394,-0.3704667
0.178396,0.60039186
0.178398,1.4787879
0.1784,2.2647214
0.178402,2.9581914
0.178404,3.4667363
0.178406,3.8365874
0.178408,3.9752812
0.17841,3.8828197
0.178412,3.605431
0.178414,3.1431174
0.178416,2.4958777
0.178418,1.7099442
0.17841999,0.87777996
0.178422,-0.046847343
0.178424,-0.9252434
0.178426,-1.7574081
0.178428,-2.5433414
0.17843,-3.1905808
0.178432,-3.6528945
0.178434,-3.8840513
0.178436,-3.9302826
0.178438,-3.7915885
0.17844,-3.4217377
0.178442,-2.9131925
0.178444,-2.2197218
0.178446,-1.387557
0.178448,-0.5091615
0.17845,0.4154663
0.178452,1.2938623
0.178454,2.126027
0.178456,2.8194976
0.178458,3.3742738
0.17846,3.7903562
0.178462,3.92905
0.178464,3.92905
0.17846599,3.6516623
0.178468,3.23558
0.17847,2.6345725
0.178472,1.8486385
0.178474,1.0164738
0.178476,0.13807821
0.178478,-0.78654957
0.17848,-1.6187139
0.178482,-2.4046474
0.178484,-3.0518866
0.178486,-3.5604317
0.178488,-3.8840513
0.17849,-3.976514
0.178492,-3.8378198
0.178494,-3.5142004
0.178496,-3.0056553
0.178498,-2.3121846
0.1785,-1.5262513
0.178502,-0.6478553
0.178504,0.27677202
0.178506,1.1551685
0.178508,1.9873328
0.17851,2.727035
0.178512,3.3280425
0.178514,3.6978936
0.178516,3.92905
0.178518,3.92905
0.17852,3.744125
0.178522,3.3280425
0.178524,2.727035
0.178526,1.9873328
0.178528,1.2013993
0.17853,0.27677202
0.178532,-0.6478553
0.178534,-1.48002
0.178536,-2.2659533
0.178538,-2.9594238
0.17854,-3.5142004
0.178542,-3.8378198
0.178544,-3.976514
0.178546,-3.8840513
0.178548,-3.6066632
0.17855,-3.098118
0.178552,-2.4508786
0.178554,-1.6649456
0.178556,-0.83278084
0.178558,0.091846466
0.17856,1.0164738
0.178562,1.8486385
0.178564,2.5883412
0.178566,3.23558
0.178568,3.6516623
0.17857,3.92905
0.178572,3.92905
0.178574,3.7903562
0.178576,3.420505
0.178578,2.8657289
0.17858,1.3863249
0.178582,-1.0639377
0.178584,-0.3704667
0.178586,0.5541601
0.178588,1.4325566
0.17859,2.2184901
0.178592,2.9119601
0.178594,3.4667363
0.178596,3.8365874
0.178598,3.9752812
0.1786,3.92905
0.178602,3.6978936
0.178604,3.23558
0.178606,2.5883412
0.178608,1.8486385
0.17861,1.0164738
0.178612,0.091846466
0.178614,-0.83278084
0.178616,-1.6649456
0.178618,-2.4508786
0.17862,-3.098118
0.17862199,-3.5604317
0.178624,-3.8840513
0.178626,-3.9302826
0.178628,-3.7915885
0.17863,-3.467969
0.178632,-2.9594238
0.178634,-2.2659533
0.178636,-1.48002
0.178638,-0.601624
0.17864,0.3230033
0.178642,1.2013993
0.178644,2.033564
0.178646,2.7732663
0.178648,3.3280425
0.17865,3.744125
0.178652,3.92905
0.178654,3.92905
0.178656,3.6978936
0.178658,3.2818112
0.17866,2.6808028
0.178662,1.9411016
0.178664,1.1551685
0.178666,0.23054075
0.17866799,-0.694087
0.17867,-1.5262513
0.178672,-2.3121846
0.178674,-3.0056553
0.178676,-3.5142004
0.178678,-3.8378198
0.17868,-3.976514
0.178682,-3.8378198
0.178684,-3.5604317
0.178686,-3.0518866
0.178688,-2.4046474
0.17869,-1.6187139
0.178692,-0.78654957
0.178694,0.13807821
0.178696,1.0627055
0.178698,1.8948698
0.1787,2.6345725
0.178702,3.23558
0.178704,3.6978936
0.178706,3.92905
0.178708,3.92905
0.17871,3.744125
0.178712,3.3742738
0.17871399,2.8194976
0.178716,2.0797954
0.178718,1.2938623
0.17872,0.4154663
0.178722,-0.5091615
0.178724,-1.387557
0.178726,-2.1734905
0.178728,-2.9131925
0.17873,-3.4217377
0.178732,-3.7915885
0.178734,-3.9302826
0.178736,-3.8840513
0.178738,-3.6066632
0.17874,-3.1905808
0.178742,-2.5433414
0.178744,-1.7574081
0.178746,-0.9252434
0.178748,-6.160736E-4
0.17875,0.92401123
0.178752,1.756176
0.178754,2.4958777
0.178756,3.1431174
0.178758,3.605431
0.17875999,3.8828197
0.178762,3.92905
0.178764,3.7903562
0.178766,3.4667363
0.178768,2.9119601
0.17877,2.2184901
0.178772,1.4325566
0.178774,0.5541601
0.178776,-0.3704667
0.178778,-1.2488632
0.17878,-2.081028
0.178782,-2.7744985
0.178784,-3.3755062
0.178786,-3.745357
0.178788,-3.9302826
0.17879,-3.9302826
0.178792,-3.6991258
0.178794,-3.2830436
0.178796,-2.6820357
0.178798,-1.8961024
0.1788,-1.0639377
0.178802,-0.18554163
0.178804,0.7390857
0.178806,1.6174817
0.178808,2.4034152
0.17881,3.050654
0.178812,3.5591989
0.178814,3.8365874
0.178816,3.9752812
0.178818,3.8365874
0.17882,3.5129685
0.178822,3.0044227
0.178824,2.357184
0.178826,1.5712504
0.178828,0.6928544
0.17883,-0.18554163
0.178832,-1.1101689
0.178834,-1.9423337
0.178836,-2.6820357
0.178838,-3.2830436
0.17884,-3.6991258
0.178842,-3.9302826
0.178844,-3.9302826
0.178846,-3.745357
0.178848,-3.329275
0.17885,-2.7744985
0.178852,-2.0347965
0.178854,-1.2488632
0.178856,-0.32423592
0.178858,0.60039186
0.17886,1.4787879
0.178862,2.2647214
0.178864,2.9581914
0.178866,3.4667363
0.178868,3.8365874
0.17886999,3.9752812
0.178872,3.8828197
0.178874,3.605431
0.178876,3.1431174
0.178878,2.4958777
0.17888,1.7099442
0.178882,0.87777996
0.178884,-0.046847343
0.178886,-0.9714751
0.178888,-1.8036394
0.17889,-2.5433414
0.178892,-3.1905808
0.178894,-3.6528945
0.178896,-3.8840513
0.178898,-3.9302826
0.1789,-3.7915885
0.178902,-3.4217377
0.178904,-2.9131925
0.178906,-2.1734905
0.178908,-1.387557
0.17891,-0.5091615
0.178912,0.4154663
0.178914,1.3400936
0.17891599,2.126027
0.178918,2.8194976
0.17892,3.420505
0.178922,3.7903562
0.178924,3.92905
0.178926,3.92905
0.178928,3.6516623
0.17893,3.23558
0.178932,2.5883412
0.178934,1.8486385
0.178936,1.0164738
0.178938,0.13807821
0.17894,-0.78654957
0.178942,-1.6187139
0.178944,-2.4046474
0.178946,-3.098118
0.178948,-3.5604317
0.17895,-3.8840513
0.178952,-3.976514
0.178954,-3.8378198
0.178956,-3.5142004
0.178958,-3.0056553
0.17896,-2.3121846
0.17896199,-1.5262513
0.178964,-0.6478553
0.178966,0.27677202
0.178968,1.2013993
0.17897,1.9873328
0.178972,2.727035
0.178974,3.3280425
0.178976,3.744125
0.178978,3.92905
0.17898,3.92905
0.178982,3.6978936
0.178984,3.3280425
0.178986,2.727035
0.178988,1.9873328
0.17899,1.1551685
0.178992,0.27677202
0.178994,-0.6478553
0.178996,-1.48002
0.178998,-2.3121846
0.179,-2.2659533
0.179002,1.3400936
0.179004,3.7903562
0.179006,3.9752812
0.17900799,3.8828197
0.17901,3.605431
0.179012,3.0968862
0.179014,2.4496465
0.179016,1.6637135
0.179018,0.8315482
0.17902,-0.09307861
0.179022,-1.0177064
0.179024,-1.8036394
0.179026,-2.589573
0.179028,-3.1905808
0.17903,-3.6528945
0.179032,-3.8840513
0.179034,-3.9302826
0.179036,-3.745357
0.179038,-3.3755062
0.17904,-2.8207297
0.179042,-2.1272593
0.179044,-1.2950945
0.179046,-0.41669846
0.179048,0.50792885
0.17905,1.3863249
0.179052,2.172258
0.179054,2.9119601
0.179056,3.420505
0.179058,3.7903562
0.17906,3.9752812
0.179062,3.8828197
0.179064,3.6516623
0.179066,3.1893477
0.179068,2.542109
0.17907,1.8024073
0.179072,0.970243
0.179074,0.045615196
0.179076,-0.8790121
0.179078,-1.7111769
0.17908,-2.4508786
0.179082,-3.098118
0.179084,-3.6066632
0.179086,-3.8840513
0.179088,-3.9302826
0.17909,-3.8378198
0.179092,-3.467969
0.179094,-2.9594238
0.179096,-2.2659533
0.179098,-1.48002
0.1791,-0.601624
0.179102,0.3230033
0.179104,1.2476311
0.179106,2.033564
0.179108,2.7732663
0.17911,3.3742738
0.179112,3.744125
0.179114,3.92905
0.179116,3.92905
0.17911799,3.6978936
0.17912,3.2818112
0.179122,2.6808028
0.179124,1.9411016
0.179126,1.1089368
0.179128,0.23054075
0.17913,-0.694087
0.179132,-1.5724826
0.179134,-2.3584158
0.179136,-3.0056553
0.179138,-3.5142004
0.17914,-3.8378198
0.179142,-3.976514
0.179144,-3.8378198
0.179146,-3.5604317
0.179148,-3.0518866
0.17915,-2.4046474
0.179152,-1.6187139
0.179154,-0.7403178
0.179156,0.184309
0.179158,1.1089368
0.17916,1.8948698
0.179162,2.6808028
0.17916399,3.2818112
0.179166,3.6978936
0.179168,3.92905
0.17917,3.92905
0.179172,3.744125
0.179174,3.3742738
0.179176,2.7732663
0.179178,2.0797954
0.17918,1.2476311
0.179182,0.36923456
0.179184,-0.55539227
0.179186,-1.4337888
0.179188,-2.2197218
0.17919,-2.9131925
0.179192,-3.467969
0.179194,-3.7915885
0.179196,-3.9302826
0.179198,-3.8840513
0.1792,-3.6066632
0.179202,-3.1443493
0.179204,-2.4971101
0.179206,-1.7574081
0.179208,-0.8790121
0.17920999,-6.160736E-4
0.179212,0.92401123
0.179214,1.756176
0.179216,2.542109
0.179218,3.1893477
0.17922,3.6516623
0.179222,3.8828197
0.179224,3.9752812
0.179226,3.7903562
0.179228,3.4667363
0.17923,2.9119601
0.179232,2.2184901
0.179234,1.4325566
0.179236,0.50792885
0.179238,-0.3704667
0.17924,-1.2950945
0.179242,-2.081028
0.179244,-2.8207297
0.179246,-3.3755062
0.179248,-3.745357
0.17925,-3.9302826
0.179252,-3.9302826
0.179254,-3.6991258
0.17925599,-3.236812
0.179258,-2.6358042
0.17926,-1.8961024
0.179262,-1.0639377
0.179264,-0.13931036
0.179266,0.7853174
0.179268,1.6174817
0.17927,2.4034152
0.179272,3.050654
0.179274,3.5591989
0.179276,3.8828197
0.179278,3.9752812
0.17928,3.8365874
0.179282,3.5129685
0.179284,3.0044227
0.179286,2.357184
0.179288,1.5250192
0.17929,0.6928544
0.179292,-0.2317729
0.179294,-1.1101689
0.179296,-1.9423337
0.179298,-2.6820357
0.1793,-3.2830436
0.179302,-3.6991258
0.179304,-3.9302826
0.179306,-3.9302826
0.179308,-3.745357
0.17931,-3.329275
0.179312,-2.7744985
0.179314,-2.0347965
0.179316,-1.202632
0.179318,-0.32423592
0.17932,0.60039186
0.179322,1.4787879
0.179324,2.2647214
0.179326,2.9581914
0.179328,3.5129685
0.17933,3.8365874
0.179332,3.9752812
0.179334,3.8828197
0.179336,3.605431
0.179338,3.0968862
0.17934,2.4496465
0.179342,1.6637135
0.179344,0.8315482
0.179346,-0.09307861
0.179348,-0.9714751
0.17935,-1.8036394
0.179352,-2.5433414
0.179354,-3.1905808
0.179356,-3.6528945
0.179358,-3.8840513
0.17936,-3.9302826
0.179362,-3.7915885
0.179364,-3.4217377
0.17936599,-2.866961
0.179368,-2.1734905
0.17937,-1.3413262
0.179372,-0.46292973
0.179374,0.46169758
0.179376,1.3400936
0.179378,2.172258
0.17938,2.8657289
0.179382,3.420505
0.179384,3.7903562
0.179386,3.92905
0.179388,3.92905
0.17939,3.6516623
0.179392,3.1893477
0.179394,2.5883412
0.179396,1.8486385
0.179398,1.0164738
0.1794,0.091846466
0.179402,-0.83278084
0.179404,-1.6649456
0.179406,-2.4508786
0.179408,-3.098118
0.17941,-3.6066632
0.17941199,-3.8840513
0.179414,-3.976514
0.179416,-3.8378198
0.179418,-3.5142004
0.17942,-2.728267
0.179422,0.8315482
0.179424,1.4325566
0.179426,0.5541601
0.179428,-0.32423592
0.17943,-1.2488632
0.179432,-2.0347965
0.179434,-2.7744985
0.179436,-3.3755062
0.179438,-3.745357
0.17944,-3.976514
0.179442,-3.976514
0.179444,-3.745357
0.179446,-3.329275
0.179448,-2.728267
0.17945,-1.9885652
0.179452,-1.1564007
0.179454,-0.27800417
0.179456,0.64662313
0.17945799,1.5250192
0.17946,2.3109517
0.179462,3.0044227
0.179464,3.5129685
0.179466,3.8365874
0.179468,3.92905
0.17947,3.8365874
0.179472,3.5591989
0.179474,3.050654
0.179476,2.4034152
0.179478,1.6174817
0.17948,0.7853174
0.179482,-0.13931036
0.179484,-1.0177064
0.179486,-1.8498712
0.179488,-2.589573
0.17949,-3.236812
0.179492,-3.6528945
0.179494,-3.9302826
0.179496,-3.9302826
0.179498,-3.7915885
0.1795,-3.3755062
0.179502,-2.8207297
0.17950399,-2.1272593
0.179506,-1.2950945
0.179508,-0.41669846
0.17951,0.50792885
0.179512,1.3863249
0.179514,2.2184901
0.179516,2.9119601
0.179518,3.420505
0.17952,3.7903562
0.179522,3.9752812
0.179524,3.8828197
0.179526,3.6516623
0.179528,3.1893477
0.17953,2.542109
0.179532,1.8024073
0.179534,0.92401123
0.179536,0.045615196
0.179538,-0.8790121
0.17954,-1.7111769
0.179542,-2.4971101
0.179544,-3.1443493
0.179546,-3.6066632
0.179548,-3.8840513
0.17955,-3.976514
0.179552,-3.7915885
0.179554,-3.467969
0.179556,-2.9594238
0.179558,-2.2659533
0.17956,-1.48002
0.179562,-0.55539227
0.179564,0.36923456
0.179566,1.2476311
0.179568,2.0797954
0.17957,2.7732663
0.179572,3.3742738
0.179574,3.744125
0.179576,3.92905
0.179578,3.92905
0.17958,3.6978936
0.179582,3.2818112
0.179584,2.6808028
0.179586,1.9411016
0.179588,1.1089368
0.17959,0.184309
0.179592,-0.7403178
0.179594,-1.5724826
0.179596,-2.3584158
0.179598,-3.0056553
0.1796,-3.5142004
0.179602,-3.8378198
0.179604,-3.976514
0.179606,-3.8378198
0.179608,-3.5604317
0.17961,-3.0518866
0.179612,-2.4046474
0.179614,-1.5724826
0.179616,-0.7403178
0.179618,0.184309
0.17962,1.1089368
0.179622,1.9411016
0.179624,2.6808028
0.179626,3.2818112
0.179628,3.6978936
0.17963,3.92905
0.179632,3.92905
0.179634,3.744125
0.179636,3.3742738
0.179638,2.7732663
0.17964,2.0797954
0.179642,1.2476311
0.179644,0.36923456
0.179646,-0.55539227
0.179648,-1.4337888
0.17965,-2.2197218
0.179652,-2.9131925
0.179654,-3.467969
0.179656,-3.7915885
0.179658,-3.9302826
0.17965999,-3.8840513
0.179662,-3.6066632
0.179664,-3.1443493
0.179666,-2.4971101
0.179668,-1.7111769
0.17967,-0.8790121
0.179672,0.045615196
0.179674,0.970243
0.179676,1.8024073
0.179678,2.542109
0.17968,3.1893477
0.179682,3.6516623
0.179684,3.8828197
0.179686,3.9752812
0.179688,3.7903562
0.17969,3.420505
0.179692,2.9119601
0.179694,2.172258
0.179696,1.3863249
0.179698,0.50792885
0.1797,-0.41669846
0.179702,-1.2950945
0.179704,-2.081028
0.17970599,-2.8207297
0.179708,-3.3755062
0.17971,-3.745357
0.179712,-3.9302826
0.179714,-3.9302826
0.179716,-3.6528945
0.179718,-3.236812
0.17972,-2.6358042
0.179722,-1.8961024
0.179724,-1.0177064
0.179726,-0.13931036
0.179728,0.7853174
0.17973,1.6637135
0.179732,2.4034152
0.179734,3.0968862
0.179736,3.5591989
0.179738,3.8828197
0.17974,3.9752812
0.179742,3.8365874
0.179744,3.5129685
0.179746,3.0044227
0.179748,2.3109517
0.17975,1.5250192
0.17975199,0.6928544
0.179754,-0.2317729
0.179756,-1.1564007
0.179758,-1.9423337
0.17976,-2.6820357
0.179762,-3.2830436
0.179764,-3.6991258
0.179766,-3.9302826
0.179768,-3.9302826
0.17977,-3.745357
0.179772,-3.329275
0.179774,-2.728267
0.179776,-2.0347965
0.179778,-1.202632
0.17978,-0.27800417
0.179782,0.64662313
0.179784,1.4787879
0.179786,2.3109517
0.179788,2.9581914
0.17979,3.5129685
0.179792,3.8365874
0.179794,3.9752812
0.179796,3.8828197
0.17979799,3.605431
0.1798,3.0968862
0.179802,2.4496465
0.179804,1.6637135
0.179806,0.8315482
0.179808,-0.09307861
0.17981,-0.9714751
0.179812,-1.8036394
0.179814,-2.589573
0.179816,-3.1905808
0.179818,-3.6528945
0.17982,-3.8840513
0.179822,-3.9302826
0.179824,-3.7915885
0.179826,-3.4217377
0.179828,-2.866961
0.17983,-2.1734905
0.179832,-1.3413262
0.179834,-0.46292973
0.179836,0.46169758
0.179838,1.3863249
0.17984,1.9411016
0.179842,-1.3413262
0.179844,-3.4217377
0.179846,-3.8378198
0.179848,-3.976514
0.17985,-3.9302826
0.179852,-3.6991258
0.179854,-3.236812
0.179856,-2.6358042
0.179858,-1.8498712
0.17986,-1.0177064
0.179862,-0.09307861
0.179864,0.8315482
0.179866,1.6637135
0.179868,2.4496465
0.17987,3.0968862
0.179872,3.5591989
0.179874,3.8828197
0.179876,3.92905
0.179878,3.7903562
0.17988,3.4667363
0.179882,2.9581914
0.179884,2.2647214
0.179886,1.4787879
0.179888,0.60039186
0.17989,-0.32423592
0.179892,-1.202632
0.179894,-2.0347965
0.179896,-2.728267
0.179898,-3.329275
0.1799,-3.745357
0.179902,-3.9302826
0.179904,-3.9302826
0.179906,-3.6991258
0.17990799,-3.2830436
0.17991,-2.728267
0.179912,-1.9423337
0.179914,-1.1564007
0.179916,-0.2317729
0.179918,0.6928544
0.17992,1.5712504
0.179922,2.357184
0.179924,3.0044227
0.179926,3.5129685
0.179928,3.8365874
0.17993,3.9752812
0.179932,3.8365874
0.179934,3.5591989
0.179936,3.050654
0.179938,2.4034152
0.17994,1.6174817
0.179942,0.7390857
0.179944,-0.13931036
0.179946,-1.0639377
0.179948,-1.8961024
0.17995,-2.6358042
0.179952,-3.236812
0.17995399,-3.6991258
0.179956,-3.9302826
0.179958,-3.9302826
0.17996,-3.745357
0.179962,-3.3755062
0.179964,-2.8207297
0.179966,-2.081028
0.179968,-1.2950945
0.17997,-0.3704667
0.179972,0.5541601
0.179974,1.4325566
0.179976,2.2184901
0.179978,2.9119601
0.17998,3.4667363
0.179982,3.7903562
0.179984,3.9752812
0.179986,3.8828197
0.179988,3.605431
0.17999,3.1431174
0.179992,2.542109
0.179994,1.756176
0.179996,0.92401123
0.179998,-6.160736E-4
0.17999999,-0.8790121
0.180002,-1.7111769
0.180004,-2.4971101
0.180006,-3.1443493
0.180008,-3.6066632
0.18001,-3.8840513
0.180012,-3.9302826
0.180014,-3.7915885
0.180016,-3.467969
0.180018,-2.9131925
0.18002,-2.2197218
0.180022,-1.4337888
0.180024,-0.55539227
0.180026,0.36923456
0.180028,1.2938623
0.18003,2.0797954
0.180032,2.8194976
0.180034,3.3742738
0.180036,3.744125
0.180038,3.92905
0.18004,3.92905
0.180042,3.6978936
0.180044,3.23558
0.18004599,2.6345725
0.180048,1.8948698
0.18005,1.0627055
0.180052,0.184309
0.180054,-0.7403178
0.180056,-1.5724826
0.180058,-2.3584158
0.18006,-3.0518866
0.180062,-3.5604317
0.180064,-3.8378198
0.180066,-3.976514
0.180068,-3.8378198
0.18007,-3.5142004
0.180072,-3.0518866
0.180074,-2.3584158
0.180076,-1.5724826
0.180078,-0.694087
0.18008,0.23054075
0.180082,1.1089368
0.180084,1.9411016
0.180086,2.6808028
0.180088,3.2818112
0.18009,3.6978936
0.180092,3.92905
0.180094,3.92905
0.180096,3.744125
0.180098,3.3280425
0.1801,2.7732663
0.180102,2.033564
0.180104,1.2476311
0.180106,0.3230033
0.180108,-0.601624
0.18011,-1.48002
0.180112,-2.2659533
0.180114,-2.9594238
0.180116,-3.467969
0.180118,-3.8378198
0.18012,-3.976514
0.180122,-3.8840513
0.180124,-3.6066632
0.180126,-3.1443493
0.180128,-2.4971101
0.18013,-1.7111769
0.180132,-0.83278084
0.180134,0.045615196
0.180136,0.970243
0.180138,1.8024073
0.18014,2.5883412
0.180142,3.1893477
0.180144,3.6516623
0.180146,3.8828197
0.180148,3.92905
0.18015,3.7903562
0.180152,3.420505
0.180154,2.8657289
0.18015599,2.172258
0.180158,1.3863249
0.18016,0.50792885
0.180162,-0.41669846
0.180164,-1.3413262
0.180166,-2.1272593
0.180168,-2.8207297
0.18017,-3.3755062
0.180172,-3.7915885
0.180174,-3.9302826
0.180176,-3.9302826
0.180178,-3.6528945
0.18018,-3.236812
0.180182,-2.589573
0.180184,-1.8498712
0.180186,-1.0177064
0.180188,-0.09307861
0.18019,0.8315482
0.180192,1.6637135
0.180194,2.4496465
0.180196,3.0968862
0.180198,3.605431
0.1802,3.8828197
0.18020199,3.9752812
0.180204,3.8365874
0.180206,3.5129685
0.180208,2.9581914
0.18021,2.3109517
0.180212,1.4787879
0.180214,0.64662313
0.180216,-0.27800417
0.180218,-1.1564007
0.18022,-1.9885652
0.180222,-2.728267
0.180224,-3.329275
0.180226,-3.6991258
0.180228,-3.9302826
0.18023,-3.9302826
0.180232,-3.6991258
0.180234,-3.329275
0.180236,-2.728267
0.180238,-1.9885652
0.18024,-1.1564007
0.180242,-0.27800417
0.180244,0.64662313
0.180246,1.5250192
0.18024799,2.3109517
0.18025,3.0044227
0.180252,3.5129685
0.180254,3.8365874
0.180256,3.9752812
0.180258,3.8828197
0.18026,3.605431
0.180262,0.23054075
0.180264,-2.2197218
0.180266,-1.6187139
0.180268,-0.7403178
0.18027,0.13807821
0.180272,1.0627055
0.180274,1.8948698
0.180276,2.6345725
0.180278,3.23558
0.18028,3.6978936
0.180282,3.92905
0.180284,3.9752812
0.180286,3.7903562
0.180288,3.420505
0.18029,2.8657289
0.180292,2.126027
0.18029399,1.3400936
0.180296,0.46169758
0.180298,-0.46292973
0.1803,-1.387557
0.180302,-2.1734905
0.180304,-2.866961
0.180306,-3.4217377
0.180308,-3.7915885
0.18031,-3.9302826
0.180312,-3.8840513
0.180314,-3.6528945
0.180316,-3.1905808
0.180318,-2.5433414
0.18032,-1.8036394
0.180322,-0.9714751
0.180324,-0.046847343
0.180326,0.87777996
0.180328,1.7099442
0.18033,2.4958777
0.180332,3.1431174
0.180334,3.605431
0.180336,3.8828197
0.180338,3.9752812
0.18034,3.8365874
0.180342,3.4667363
0.180344,2.9581914
0.180346,2.2647214
0.180348,1.4787879
0.18035,0.60039186
0.180352,-0.32423592
0.180354,-1.202632
0.180356,-2.0347965
0.180358,-2.7744985
0.18036,-3.329275
0.180362,-3.745357
0.180364,-3.9302826
0.180366,-3.9302826
0.180368,-3.6991258
0.18037,-3.2830436
0.180372,-2.6820357
0.180374,-1.9423337
0.180376,-1.1101689
0.180378,-0.2317729
0.18038,0.6928544
0.180382,1.5712504
0.180384,2.357184
0.180386,3.050654
0.180388,3.5591989
0.18039,3.8365874
0.180392,3.9752812
0.180394,3.8365874
0.180396,3.5591989
0.180398,3.050654
0.1804,2.4034152
0.180402,1.5712504
0.18040399,0.7390857
0.180406,-0.18554163
0.180408,-1.0639377
0.18041,-1.8961024
0.180412,-2.6358042
0.180414,-3.236812
0.180416,-3.6991258
0.180418,-3.9302826
0.18042,-3.9302826
0.180422,-3.745357
0.180424,-3.3755062
0.180426,-2.8207297
0.180428,-2.081028
0.18043,-1.2488632
0.180432,-0.3704667
0.180434,0.5541601
0.180436,1.4325566
0.180438,2.2184901
0.18044,2.9119601
0.180442,3.4667363
0.180444,3.7903562
0.180446,3.9752812
0.180448,3.8828197
0.18044999,3.605431
0.180452,3.1431174
0.180454,2.4958777
0.180456,1.756176
0.180458,0.92401123
0.18046,-6.160736E-4
0.180462,-0.9252434
0.180464,-1.7574081
0.180466,-2.4971101
0.180468,-3.1443493
0.18047,-3.6066632
0.180472,-3.8840513
0.180474,-3.9302826
0.180476,-3.7915885
0.180478,-3.467969
0.18048,-2.9131925
0.180482,-2.2197218
0.180484,-1.4337888
0.180486,-0.5091615
0.180488,0.4154663
0.18049,1.2938623
0.180492,2.0797954
0.180494,2.8194976
0.18049599,3.3742738
0.180498,3.744125
0.1805,3.92905
0.180502,3.92905
0.180504,3.6978936
0.180506,3.23558
0.180508,2.6345725
0.18051,1.8948698
0.180512,1.0627055
0.180514,0.13807821
0.180516,-0.7403178
0.180518,-1.6187139
0.18052,-2.4046474
0.180522,-3.0518866
0.180524,-3.5604317
0.180526,-3.8378198
0.180528,-3.976514
0.18053,-3.8378198
0.180532,-3.5142004
0.180534,-3.0056553
0.180536,-2.3584158
0.180538,-1.5262513
0.18054,-0.694087
0.18054199,0.23054075
0.180544,1.1551685
0.180546,1.9411016
0.180548,2.6808028
0.18055,3.2818112
0.180552,3.6978936
0.180554,3.92905
0.180556,3.92905
0.180558,3.744125
0.18056,3.3280425
0.180562,2.727035
0.180564,2.033564
0.180566,1.2013993
0.180568,0.3230033
0.18057,-0.601624
0.180572,-1.48002
0.180574,-2.2659533
0.180576,-2.9594238
0.180578,-3.467969
0.18058,-3.8378198
0.180582,-3.976514
0.180584,-3.8840513
0.180586,-3.6066632
0.180588,-3.098118
0.18059,-2.4971101
0.180592,-1.7111769
0.180594,-0.83278084
0.180596,0.091846466
0.180598,0.970243
0.1806,1.8024073
0.180602,2.5883412
0.180604,3.1893477
0.180606,3.6516623
0.180608,3.8828197
0.18061,3.92905
0.180612,3.7903562
0.180614,3.420505
0.180616,2.8657289
0.180618,2.172258
0.18062,1.3400936
0.180622,0.46169758
0.180624,-0.46292973
0.180626,-1.3413262
0.180628,-2.1272593
0.18063,-2.8207297
0.180632,-3.4217377
0.180634,-3.7915885
0.180636,-3.9302826
0.180638,-3.8840513
0.18064,-3.6528945
0.180642,-3.1905808
0.180644,-2.589573
0.180646,-1.8498712
0.180648,-1.0177064
0.18065,-0.09307861
0.180652,0.8315482
0.180654,1.6637135
0.180656,2.4496465
0.180658,3.0968862
0.18066,3.605431
0.180662,3.8828197
0.180664,3.9752812
0.180666,3.8365874
0.180668,3.4667363
0.18067,2.9581914
0.180672,2.3109517
0.180674,1.4787879
0.180676,0.64662313
0.180678,-0.27800417
0.18068,-1.1564007
0.180682,1.6637135
0.180684,2.8194976
0.180686,3.3742738
0.180688,3.7903562
0.18069,3.9752812
0.180692,3.9752812
0.180694,3.744125
0.180696,3.3280425
0.18069799,2.727035
0.1807,1.9873328
0.180702,1.2013993
0.180704,0.27677202
0.180706,-0.6478553
0.180708,-1.48002
0.18071,-2.3121846
0.180712,-2.9594238
0.180714,-3.5142004
0.180716,-3.8378198
0.180718,-3.9302826
0.18072,-3.8378198
0.180722,-3.5604317
0.180724,-3.0518866
0.180726,-2.4046474
0.180728,-1.6187139
0.18073,-0.78654957
0.180732,0.13807821
0.180734,1.0627055
0.180736,1.8948698
0.180738,2.6345725
0.18074,3.23558
0.180742,3.6978936
0.18074399,3.92905
0.180746,3.92905
0.180748,3.7903562
0.18075,3.3742738
0.180752,2.8194976
0.180754,2.126027
0.180756,1.2938623
0.180758,0.4154663
0.18076,-0.5091615
0.180762,-1.387557
0.180764,-2.1734905
0.180766,-2.866961
0.180768,-3.4217377
0.18077,-3.7915885
0.180772,-3.9302826
0.180774,-3.8840513
0.180776,-3.6528945
0.180778,-3.1905808
0.18078,-2.5433414
0.180782,-1.7574081
0.180784,-0.9252434
0.180786,-6.160736E-4
0.180788,0.87777996
0.18078999,1.756176
0.180792,2.4958777
0.180794,3.1431174
0.180796,3.605431
0.180798,3.8828197
0.1808,3.9752812
0.180802,3.7903562
0.180804,3.4667363
0.180806,2.9119601
0.180808,2.2184901
0.18081,1.4325566
0.180812,0.5541601
0.180814,-0.3704667
0.180816,-1.2488632
0.180818,-2.0347965
0.18082,-2.7744985
0.180822,-3.3755062
0.180824,-3.745357
0.180826,-3.9302826
0.180828,-3.9302826
0.18083,-3.6991258
0.180832,-3.2830436
0.180834,-2.6820357
0.18083599,-1.8961024
0.180838,-1.1101689
0.18084,-0.18554163
0.180842,0.7390857
0.180844,1.6174817
0.180846,2.4034152
0.180848,3.050654
0.18085,3.5591989
0.180852,3.8365874
0.180854,3.9752812
0.180856,3.8365874
0.180858,3.5591989
0.18086,3.050654
0.180862,2.357184
0.180864,1.5712504
0.180866,0.7390857
0.180868,-0.18554163
0.18087,-1.1101689
0.180872,-1.8961024
0.180874,-2.6358042
0.180876,-3.2830436
0.180878,-3.6991258
0.18088,-3.9302826
0.180882,-3.9302826
0.180884,-3.745357
0.180886,-3.3755062
0.180888,-2.7744985
0.18089,-2.081028
0.180892,-1.2488632
0.180894,-0.32423592
0.180896,0.60039186
0.180898,1.4787879
0.1809,2.2647214
0.180902,2.9581914
0.180904,3.4667363
0.180906,3.8365874
0.180908,3.9752812
0.18091,3.8828197
0.180912,3.605431
0.180914,3.1431174
0.180916,2.4958777
0.180918,1.7099442
0.18092,0.87777996
0.180922,-0.046847343
0.180924,-0.9252434
0.180926,-1.7574081
0.180928,-2.5433414
0.18093,-3.1905808
0.180932,-3.6528945
0.180934,-3.8840513
0.180936,-3.9302826
0.180938,-3.7915885
0.18094,-3.4217377
0.180942,-2.9131925
0.180944,-2.2197218
0.18094599,-1.387557
0.180948,-0.5091615
0.18095,0.4154663
0.180952,1.3400936
0.180954,2.126027
0.180956,2.8194976
0.180958,3.3742738
0.18096,3.7903562
0.180962,3.92905
0.180964,3.92905
0.180966,3.6516623
0.180968,3.23558
0.18097,2.6345725
0.180972,1.8486385
0.180974,1.0164738
0.180976,0.13807821
0.180978,-0.78654957
0.18098,-1.6187139
0.180982,-2.4046474
0.180984,-3.0518866
0.180986,-3.5604317
0.180988,-3.8840513
0.18099,-3.976514
0.18099199,-3.8378198
0.180994,-3.5142004
0.180996,-3.0056553
0.180998,-2.3121846
0.181,-1.5262513
0.181002,-0.6478553
0.181004,0.27677202
0.181006,1.1551685
0.181008,1.9873328
0.18101,2.727035
0.181012,3.3280425
0.181014,3.6978936
0.181016,3.92905
0.181018,3.92905
0.18102,3.744125
0.181022,3.3280425
0.181024,2.727035
0.181026,1.9873328
0.181028,1.2013993
0.18103,0.27677202
0.181032,-0.6478553
0.181034,-1.48002
0.181036,-2.2659533
0.18103799,-2.9594238
0.18104,-3.5142004
0.181042,-3.8378198
0.181044,-3.976514
0.181046,-3.8840513
0.181048,-3.6066632
0.18105,-3.098118
0.181052,-2.4508786
0.181054,-1.6649456
0.181056,-0.83278084
0.181058,0.091846466
0.18106,1.0164738
0.181062,1.8486385
0.181064,2.5883412
0.181066,3.23558
0.181068,3.6516623
0.18107,3.92905
0.181072,3.92905
0.181074,3.7903562
0.181076,3.420505
0.181078,2.8657289
0.18108,2.126027
0.181082,1.3400936
0.18108399,0.46169758
0.181086,-0.46292973
0.181088,-1.3413262
0.18109,-2.1734905
0.181092,-2.866961
0.181094,-3.4217377
0.181096,-3.7915885
0.181098,-3.9302826
0.1811,-3.8840513
0.181102,-1.2950945
0.181104,2.4034152
0.181106,2.542109
0.181108,1.8024073
0.18111,0.970243
0.181112,0.045615196
0.181114,-0.8790121
0.181116,-1.7111769
0.181118,-2.4971101
0.18112,-3.1443493
0.181122,-3.6066632
0.181124,-3.8840513
0.181126,-3.976514
0.181128,-3.8378198
0.18113,-3.5142004
0.181132,-2.9594238
0.181134,-2.2659533
0.181136,-1.48002
0.181138,-0.601624
0.18114,0.3230033
0.181142,1.2013993
0.181144,2.033564
0.181146,2.7732663
0.181148,3.3280425
0.18115,3.744125
0.181152,3.92905
0.181154,3.92905
0.181156,3.6978936
0.181158,3.2818112
0.18116,2.6808028
0.181162,1.9411016
0.181164,1.1089368
0.181166,0.23054075
0.181168,-0.694087
0.18117,-1.5262513
0.181172,-2.3121846
0.181174,-3.0056553
0.181176,-3.5142004
0.181178,-3.8378198
0.18118,-3.976514
0.181182,-3.8840513
0.181184,-3.5604317
0.181186,-3.0518866
0.181188,-2.4046474
0.18119,-1.6187139
0.181192,-0.7403178
0.18119399,0.184309
0.181196,1.0627055
0.181198,1.8948698
0.1812,2.6345725
0.181202,3.23558
0.181204,3.6978936
0.181206,3.92905
0.181208,3.92905
0.18121,3.744125
0.181212,3.3742738
0.181214,2.8194976
0.181216,2.0797954
0.181218,1.2938623
0.18122,0.36923456
0.181222,-0.5091615
0.181224,-1.4337888
0.181226,-2.2197218
0.181228,-2.9131925
0.18123,-3.4217377
0.181232,-3.7915885
0.181234,-3.9302826
0.181236,-3.8840513
0.181238,-3.6066632
0.18123999,-3.1443493
0.181242,-2.5433414
0.181244,-1.7574081
0.181246,-0.9252434
0.181248,-6.160736E-4
0.18125,0.92401123
0.181252,1.756176
0.181254,2.542109
0.181256,3.1431174
0.181258,3.605431
0.18126,3.8828197
0.181262,3.9752812
0.181264,3.7903562
0.181266,3.4667363
0.181268,2.9119601
0.18127,2.2184901
0.181272,1.4325566
0.181274,0.5541601
0.181276,-0.3704667
0.181278,-1.2488632
0.18128,-2.081028
0.181282,-2.7744985
0.181284,-3.3755062
0.18128599,-3.745357
0.181288,-3.9302826
0.18129,-3.9302826
0.181292,-3.6991258
0.181294,-3.236812
0.181296,-2.6820357
0.181298,-1.8961024
0.1813,-1.0639377
0.181302,-0.18554163
0.181304,0.7390857
0.181306,1.6174817
0.181308,2.4034152
0.18131,3.050654
0.181312,3.5591989
0.181314,3.8828197
0.181316,3.9752812
0.181318,3.8365874
0.18132,3.5129685
0.181322,3.0044227
0.181324,2.357184
0.181326,1.5712504
0.181328,0.6928544
0.18133,-0.2317729
0.18133199,-1.1101689
0.181334,-1.9423337
0.181336,-2.6820357
0.181338,-3.2830436
0.18134,-3.6991258
0.181342,-3.9302826
0.181344,-3.9302826
0.181346,-3.745357
0.181348,-3.329275
0.18135,-2.7744985
0.181352,-2.0347965
0.181354,-1.2488632
0.181356,-0.32423592
0.181358,0.60039186
0.18136,1.4787879
0.181362,2.2647214
0.181364,2.9581914
0.181366,3.4667363
0.181368,3.8365874
0.18137,3.9752812
0.181372,3.8828197
0.181374,3.605431
0.181376,3.1431174
0.181378,2.4958777
0.18138,1.7099442
0.181382,0.87777996
0.181384,-0.046847343
0.181386,-0.9714751
0.181388,-1.8036394
0.18139,-2.5433414
0.181392,-3.1905808
0.181394,-3.6528945
0.181396,-3.8840513
0.181398,-3.9302826
0.1814,-3.7915885
0.181402,-3.4217377
0.181404,-2.866961
0.181406,-2.1734905
0.181408,-1.387557
0.18141,-0.46292973
0.181412,0.46169758
0.181414,1.3400936
0.181416,2.126027
0.181418,2.8657289
0.18142,3.420505
0.181422,3.7903562
0.181424,3.92905
0.181426,3.92905
0.181428,3.6516623
0.18143,3.23558
0.181432,2.5883412
0.181434,1.8486385
0.181436,1.0164738
0.181438,0.091846466
0.18144,-0.78654957
0.18144199,-1.6649456
0.181444,-2.4046474
0.181446,-3.098118
0.181448,-3.5604317
0.18145,-3.8840513
0.181452,-3.976514
0.181454,-3.8378198
0.181456,-3.5142004
0.181458,-3.0056553
0.18146,-2.3121846
0.181462,-1.5262513
0.181464,-0.6478553
0.181466,0.27677202
0.181468,1.2013993
0.18147,1.9873328
0.181472,2.727035
0.181474,3.3280425
0.181476,3.744125
0.181478,3.92905
0.18148,3.92905
0.181482,3.6978936
0.181484,3.2818112
0.181486,2.727035
0.18148799,1.9873328
0.18149,1.1551685
0.181492,0.27677202
0.181494,-0.6478553
0.181496,-1.48002
0.181498,-2.3121846
0.1815,-2.9594238
0.181502,-3.5142004
0.181504,-3.8378198
0.181506,-3.976514
0.181508,-3.8840513
0.18151,-3.5604317
0.181512,-3.098118
0.181514,-2.4508786
0.181516,-1.6649456
0.181518,-0.78654957
0.18152,0.13807821
0.181522,-1.0639377
0.181524,-1.9423337
0.181526,-2.6820357
0.181528,-3.2830436
0.18153,-3.745357
0.181532,-3.976514
0.18153399,-3.976514
0.181536,-3.8378198
0.181538,-3.4217377
0.18154,-2.866961
0.181542,-2.1734905
0.181544,-1.3413262
0.181546,-0.46292973
0.181548,0.46169758
0.18155,1.3863249
0.181552,2.172258
0.181554,2.8657289
0.181556,3.420505
0.181558,3.7903562
0.18156,3.92905
0.181562,3.8828197
0.181564,3.605431
0.181566,3.1431174
0.181568,2.542109
0.18157,1.756176
0.181572,0.92401123
0.181574,0.045615196
0.181576,-0.8790121
0.181578,-1.7111769
0.18157999,-2.4971101
0.181582,-3.1443493
0.181584,-3.6066632
0.181586,-3.8840513
0.181588,-3.976514
0.18159,-3.8378198
0.181592,-3.467969
0.181594,-2.9594238
0.181596,-2.2659533
0.181598,-1.48002
0.1816,-0.601624
0.181602,0.3230033
0.181604,1.2476311
0.181606,2.033564
0.181608,2.7732663
0.18161,3.3742738
0.181612,3.744125
0.181614,3.92905
0.181616,3.92905
0.181618,3.6978936
0.18162,3.2818112
0.181622,2.6808028
0.181624,1.9411016
0.181626,1.1089368
0.181628,0.184309
0.18163,-0.694087
0.181632,-1.5724826
0.181634,-2.3584158
0.181636,-3.0056553
0.181638,-3.5142004
0.18164,-3.8378198
0.181642,-3.976514
0.181644,-3.8378198
0.181646,-3.5604317
0.181648,-3.0518866
0.18165,-2.4046474
0.181652,-1.5724826
0.181654,-0.7403178
0.181656,0.184309
0.181658,1.1089368
0.18166,1.9411016
0.181662,2.6808028
0.181664,3.2818112
0.181666,3.6978936
0.181668,3.92905
0.18167,3.92905
0.181672,3.744125
0.181674,3.3742738
0.181676,2.7732663
0.181678,2.0797954
0.18168,1.2476311
0.181682,0.36923456
0.181684,-0.55539227
0.181686,-1.4337888
0.181688,-2.2197218
0.18168999,-2.9131925
0.181692,-3.467969
0.181694,-3.7915885
0.181696,-3.9302826
0.181698,-3.8840513
0.1817,-3.6066632
0.181702,-3.1443493
0.181704,-2.4971101
0.181706,-1.7574081
0.181708,-0.8790121
0.18171,0.045615196
0.181712,0.92401123
0.181714,1.756176
0.181716,2.542109
0.181718,3.1893477
0.18172,3.6516623
0.181722,3.8828197
0.181724,3.9752812
0.181726,3.7903562
0.181728,3.420505
0.18173,2.9119601
0.181732,2.2184901
0.181734,1.4325566
0.18173599,0.50792885
0.181738,-0.41669846
0.18174,-1.2950945
0.181742,-2.081028
0.181744,-2.8207297
0.181746,-3.3755062
0.181748,-3.745357
0.18175,-3.9302826
0.181752,-3.9302826
0.181754,-3.6991258
0.181756,-3.236812
0.181758,-2.6358042
0.18176,-1.8961024
0.181762,-1.0639377
0.181764,-0.13931036
0.181766,0.7853174
0.181768,1.6174817
0.18177,2.4034152
0.181772,3.0968862
0.181774,3.5591989
0.181776,3.8828197
0.181778,3.9752812
0.18178,3.8365874
0.18178199,3.5129685
0.181784,3.0044227
0.181786,2.3109517
0.181788,1.5250192
0.18179,0.6928544
0.181792,-0.2317729
0.181794,-1.1564007
0.181796,-1.9423337
0.181798,-2.6820357
0.1818,-3.2830436
0.181802,-3.6991258
0.181804,-3.9302826
0.181806,-3.9302826
0.181808,-3.745357
0.18181,-3.329275
0.181812,-2.7744985
0.181814,-2.0347965
0.181816,-1.202632
0.181818,-0.27800417
0.18182,0.64662313
0.181822,1.4787879
0.181824,2.3109517
0.181826,2.9581914
0.18182799,3.5129685
0.18183,3.8365874
0.181832,3.9752812
0.181834,3.8828197
0.181836,3.605431
0.181838,3.0968862
0.18184,2.4496465
0.181842,1.6637135
0.181844,0.8315482
0.181846,-0.09307861
0.181848,-0.9714751
0.18185,-1.8036394
0.181852,-2.589573
0.181854,-3.1905808
0.181856,-3.6528945
0.181858,-3.8840513
0.18186,-3.9302826
0.181862,-3.7915885
0.181864,-3.4217377
0.181866,-2.866961
0.181868,-2.1734905
0.18187,-1.3413262
0.181872,-0.46292973
0.181874,0.46169758
0.181876,1.3400936
0.181878,2.172258
0.18188,2.8657289
0.181882,3.420505
0.181884,3.7903562
0.181886,3.92905
0.181888,3.8828197
0.18189,3.6516623
0.181892,3.1893477
0.181894,2.5883412
0.181896,1.8024073
0.181898,0.970243
0.1819,0.091846466
0.181902,-0.83278084
0.181904,-1.6649456
0.181906,-2.4508786
0.181908,-3.098118
0.18191,-3.6066632
0.181912,-3.8840513
0.181914,-3.976514
0.181916,-3.8378198
0.181918,-3.5142004
0.18192,-2.9594238
0.181922,-2.3121846
0.181924,-1.48002
0.181926,-0.601624
0.181928,0.3230033
0.18193,1.2013993
0.181932,2.033564
0.181934,2.727035
0.181936,3.3280425
0.181938,3.744125
0.18194,3.92905
0.181942,1.6174817
0.181944,-1.7111769
0.181946,-3.236812
0.181948,-2.6820357
0.18195,-1.9885652
0.181952,-1.1564007
0.181954,-0.2317729
0.181956,0.6928544
0.181958,1.5250192
0.18196,2.357184
0.181962,3.0044227
0.181964,3.5129685
0.181966,3.8365874
0.181968,3.9752812
0.18197,3.8828197
0.181972,3.5591989
0.181974,3.050654
0.181976,2.4034152
0.181978,1.6174817
0.18198,0.7853174
0.181982,-0.13931036
0.18198399,-1.0177064
0.181986,-1.8498712
0.181988,-2.589573
0.18199,-3.236812
0.181992,-3.6528945
0.181994,-3.9302826
0.181996,-3.9302826
0.181998,-3.745357
0.182,-3.3755062
0.182002,-2.8207297
0.182004,-2.1272593
0.182006,-1.2950945
0.182008,-0.41669846
0.18201,0.50792885
0.182012,1.4325566
0.182014,2.2184901
0.182016,2.9119601
0.182018,3.420505
0.18202,3.7903562
0.182022,3.92905
0.182024,3.8828197
0.182026,3.605431
0.182028,3.1431174
0.18202999,2.542109
0.182032,1.756176
0.182034,0.92401123
0.182036,0.045615196
0.182038,-0.8790121
0.18204,-1.7111769
0.182042,-2.4971101
0.182044,-3.1443493
0.182046,-3.6066632
0.182048,-3.8840513
0.18205,-3.976514
0.182052,-3.7915885
0.182054,-3.467969
0.182056,-2.9594238
0.182058,-2.2659533
0.18206,-1.4337888
0.182062,-0.55539227
0.182064,0.36923456
0.182066,1.2476311
0.182068,2.0797954
0.18207,2.7732663
0.182072,3.3742738
0.182074,3.744125
0.18207599,3.92905
0.182078,3.92905
0.18208,3.6978936
0.182082,3.23558
0.182084,2.6345725
0.182086,1.8948698
0.182088,1.1089368
0.18209,0.184309
0.182092,-0.7403178
0.182094,-1.5724826
0.182096,-2.3584158
0.182098,-3.0518866
0.1821,-3.5604317
0.182102,-3.8378198
0.182104,-3.976514
0.182106,-3.8378198
0.182108,-3.5604317
0.18211,-3.0518866
0.182112,-2.3584158
0.182114,-1.5724826
0.182116,-0.7403178
0.182118,0.184309
0.18212,1.1089368
0.18212199,1.9411016
0.182124,2.6808028
0.182126,3.2818112
0.182128,3.6978936
0.18213,3.92905
0.182132,3.92905
0.182134,3.744125
0.182136,3.3280425
0.182138,2.7732663
0.18214,2.033564
0.182142,1.2476311
0.182144,0.36923456
0.182146,-0.55539227
0.182148,-1.4337888
0.18215,-2.2197218
0.182152,-2.9131925
0.182154,-3.467969
0.182156,-3.7915885
0.182158,-3.976514
0.18216,-3.8840513
0.182162,-3.6066632
0.182164,-3.1443493
0.182166,-2.4971101
0.182168,-1.7111769
0.18217,-0.8790121
0.182172,0.045615196
0.182174,0.970243
0.182176,1.8024073
0.182178,2.542109
0.18218,3.1893477
0.182182,3.6516623
0.182184,3.8828197
0.182186,3.92905
0.182188,3.7903562
0.18219,3.420505
0.182192,2.8657289
0.182194,2.172258
0.182196,1.3863249
0.182198,0.50792885
0.1822,-0.41669846
0.182202,-1.2950945
0.182204,-2.081028
0.182206,-2.8207297
0.182208,-3.3755062
0.18221,-3.745357
0.182212,-3.9302826
0.182214,-3.9302826
0.182216,-3.6528945
0.182218,-3.236812
0.18222,-2.6358042
0.182222,-1.8498712
0.182224,-1.0177064
0.182226,-0.13931036
0.182228,0.7853174
0.18223,1.6637135
0.18223199,2.4496465
0.182234,3.0968862
0.182236,3.5591989
0.182238,3.8828197
0.18224,3.9752812
0.182242,3.8365874
0.182244,3.5129685
0.182246,3.0044227
0.182248,2.3109517
0.18225,1.5250192
0.182252,0.64662313
0.182254,-0.2317729
0.182256,-1.1564007
0.182258,-1.9423337
0.18226,-2.6820357
0.182262,-3.2830436
0.182264,-3.6991258
0.182266,-3.9302826
0.182268,-3.9302826
0.18227,-3.745357
0.182272,-3.329275
0.182274,-2.728267
0.182276,-2.0347965
0.18227799,-1.202632
0.18228,-0.27800417
0.182282,0.64662313
0.182284,1.4787879
0.182286,2.3109517
0.182288,2.9581914
0.18229,3.5129685
0.182292,3.8365874
0.182294,3.9752812
0.182296,3.8828197
0.182298,3.5591989
0.1823,3.0968862
0.182302,2.4496465
0.182304,1.6637135
0.182306,0.8315482
0.182308,-0.09307861
0.18231,-1.0177064
0.182312,-1.8036394
0.182314,-2.589573
0.182316,-3.1905808
0.182318,-3.6528945
0.18232,-3.8840513
0.182322,-3.9302826
0.18232399,-3.7915885
0.182326,-3.4217377
0.182328,-2.866961
0.18233,-2.1272593
0.182332,-1.3413262
0.182334,-0.46292973
0.182336,0.46169758
0.182338,1.3863249
0.18234,2.172258
0.182342,2.8657289
0.182344,3.420505
0.182346,3.7903562
0.182348,3.92905
0.18235,3.8828197
0.182352,3.6516623
0.182354,3.1893477
0.182356,2.542109
0.182358,1.8024073
0.18236,0.970243
0.182362,0.13807821
0.182364,0.92401123
0.182366,1.8024073
0.182368,2.542109
0.18236999,3.1893477
0.182372,3.6516623
0.182374,3.92905
0.182376,4.0215135
0.182378,3.8828197
0.18238,3.5129685
0.182382,3.0044227
0.182384,2.3109517
0.182386,1.4787879
0.182388,0.64662313
0.18239,-0.27800417
0.182392,-1.202632
0.182394,-1.9885652
0.182396,-2.728267
0.182398,-3.329275
0.1824,-3.6991258
0.182402,-3.9302826
0.182404,-3.9302826
0.182406,-3.6991258
0.182408,-3.2830436
0.18241,-2.6820357
0.182412,-1.9423337
0.182414,-1.1101689
0.182416,-0.2317729
0.182418,0.6928544
0.18242,1.5712504
0.182422,2.357184
0.182424,3.050654
0.182426,3.5591989
0.182428,3.8365874
0.18243,3.9752812
0.182432,3.8828197
0.182434,3.5591989
0.182436,3.050654
0.182438,2.4034152
0.18244,1.6174817
0.182442,0.7390857
0.182444,-0.13931036
0.182446,-1.0639377
0.182448,-1.8961024
0.18245,-2.6358042
0.182452,-3.236812
0.182454,-3.6991258
0.182456,-3.9302826
0.182458,-3.9302826
0.18246,-3.745357
0.182462,-3.3755062
0.182464,-2.8207297
0.182466,-2.081028
0.182468,-1.2950945
0.18247,-0.3704667
0.182472,0.5541601
0.182474,1.4325566
0.182476,2.2184901
0.182478,2.9119601
0.18247999,3.4667363
0.182482,3.7903562
0.182484,3.9752812
0.182486,3.8828197
0.182488,3.605431
0.18249,3.1431174
0.182492,2.4958777
0.182494,1.756176
0.182496,0.92401123
0.182498,-6.160736E-4
0.1825,-0.9252434
0.182502,-1.7574081
0.182504,-2.4971101
0.182506,-3.1443493
0.182508,-3.6066632
0.18251,-3.8840513
0.182512,-3.9302826
0.182514,-3.7915885
0.182516,-3.467969
0.182518,-2.9131925
0.18252,-2.2197218
0.182522,-1.4337888
0.182524,-0.55539227
0.18252599,0.36923456
0.182528,1.2938623
0.18253,2.0797954
0.182532,2.8194976
0.182534,3.3742738
0.182536,3.744125
0.182538,3.92905
0.18254,3.92905
0.182542,3.6978936
0.182544,3.23558
0.182546,2.6345725
0.182548,1.8948698
0.18255,1.0627055
0.182552,0.184309
0.182554,-0.7403178
0.182556,-1.6187139
0.182558,-2.4046474
0.18256,-3.0518866
0.182562,-3.5604317
0.182564,-3.8378198
0.182566,-3.976514
0.182568,-3.8378198
0.18257,-3.5142004
0.18257199,-3.0056553
0.182574,-2.3584158
0.182576,-1.5724826
0.182578,-0.694087
0.18258,0.23054075
0.182582,1.1551685
0.182584,1.9411016
0.182586,2.6808028
0.182588,3.2818112
0.18259,3.6978936
0.182592,3.92905
0.182594,3.92905
0.182596,3.744125
0.182598,3.3280425
0.1826,2.7732663
0.182602,2.033564
0.182604,1.2013993
0.182606,0.3230033
0.182608,-0.601624
0.18261,-1.48002
0.182612,-2.2659533
0.182614,-2.9594238
0.182616,-3.467969
0.18261799,-3.8378198
0.18262,-3.976514
0.182622,-3.8840513
0.182624,-3.6066632
0.182626,-3.1443493
0.182628,-2.4971101
0.18263,-1.7111769
0.182632,-0.83278084
0.182634,0.045615196
0.182636,0.970243
0.182638,1.8024073
0.18264,2.5883412
0.182642,3.1893477
0.182644,3.6516623
0.182646,3.8828197
0.182648,3.92905
0.18265,3.7903562
0.182652,3.420505
0.182654,2.8657289
0.182656,2.172258
0.182658,1.3863249
0.18266,0.46169758
0.182662,-0.41669846
0.182664,-1.3413262
0.182666,-2.1272593
0.182668,-2.8207297
0.18267,-3.3755062
0.182672,-3.7915885
0.182674,-3.9302826
0.182676,-3.9302826
0.182678,-3.6528945
0.18268,-3.236812
0.182682,-2.589573
0.182684,-1.8498712
0.182686,-1.0177064
0.182688,-0.09307861
0.18269,0.8315482
0.182692,1.6637135
0.182694,2.4496465
0.182696,3.0968862
0.182698,3.605431
0.1827,3.8828197
0.182702,3.9752812
0.182704,3.8365874
0.182706,3.5129685
0.182708,2.9581914
0.18271,2.3109517
0.182712,1.4787879
0.182714,0.64662313
0.182716,-0.27800417
0.182718,-1.1564007
0.18272,-1.9885652
0.182722,-2.728267
0.182724,-3.329275
0.182726,-3.6991258
0.18272799,-3.9302826
0.18273,-3.9302826
0.182732,-3.6991258
0.182734,-3.329275
0.182736,-2.728267
0.182738,-1.9885652
0.18274,-1.1564007
0.182742,-0.27800417
0.182744,0.64662313
0.182746,1.5250192
0.182748,2.3109517
0.18275,3.0044227
0.182752,3.5129685
0.182754,3.8365874
0.182756,3.9752812
0.182758,3.8828197
0.18276,3.5591989
0.182762,3.0968862
0.182764,2.4034152
0.182766,1.6637135
0.182768,0.7853174
0.18277,-0.13931036
0.182772,-1.0177064
0.18277399,-1.8498712
0.182776,-2.589573
0.182778,-3.236812
0.18278,-3.6528945
0.182782,-2.4046474
0.182784,1.2476311
0.182786,3.6978936
0.182788,3.3742738
0.18279,2.8194976
0.182792,2.126027
0.182794,1.3400936
0.182796,0.4154663
0.182798,-0.5091615
0.1828,-1.387557
0.182802,-2.1734905
0.182804,-2.866961
0.182806,-3.4217377
0.182808,-3.7915885
0.18281,-3.9302826
0.182812,-3.8840513
0.182814,-3.6528945
0.182816,-3.1905808
0.182818,-2.5433414
0.18281999,-1.8036394
0.182822,-0.9714751
0.182824,-0.046847343
0.182826,0.87777996
0.182828,1.7099442
0.18283,2.4958777
0.182832,3.1431174
0.182834,3.605431
0.182836,3.8828197
0.182838,3.9752812
0.18284,3.8365874
0.182842,3.4667363
0.182844,2.9581914
0.182846,2.2647214
0.182848,1.4787879
0.18285,0.60039186
0.182852,-0.32423592
0.182854,-1.2488632
0.182856,-2.0347965
0.182858,-2.7744985
0.18286,-3.329275
0.182862,-3.745357
0.182864,-3.9302826
0.18286599,-3.9302826
0.182868,-3.6991258
0.18287,-3.2830436
0.182872,-2.6820357
0.182874,-1.9423337
0.182876,-1.1101689
0.182878,-0.18554163
0.18288,0.7390857
0.182882,1.5712504
0.182884,2.357184
0.182886,3.050654
0.182888,3.5591989
0.18289,3.8365874
0.182892,3.9752812
0.182894,3.8365874
0.182896,3.5591989
0.182898,3.050654
0.1829,2.4034152
0.182902,1.5712504
0.182904,0.7390857
0.182906,-0.18554163
0.182908,-1.0639377
0.18291,-1.8961024
0.182912,-2.6358042
0.182914,-3.236812
0.182916,-3.6991258
0.182918,-3.9302826
0.18292,-3.9302826
0.182922,-3.745357
0.182924,-3.3755062
0.182926,-2.8207297
0.182928,-2.081028
0.18293,-1.2488632
0.182932,-0.3704667
0.182934,0.5541601
0.182936,1.4325566
0.182938,2.2647214
0.18294,2.9119601
0.182942,3.4667363
0.182944,3.8365874
0.182946,3.9752812
0.182948,3.8828197
0.18295,3.605431
0.182952,3.1431174
0.182954,2.4958777
0.182956,1.756176
0.182958,0.87777996
0.18296,-6.160736E-4
0.182962,-0.9252434
0.182964,-1.7574081
0.182966,-2.4971101
0.182968,-3.1443493
0.18297,-3.6066632
0.182972,-3.8840513
0.182974,-3.9302826
0.182976,-3.7915885
0.182978,-3.467969
0.18298,-2.9131925
0.182982,-2.2197218
0.182984,-1.4337888
0.182986,-0.5091615
0.182988,0.4154663
0.18299,1.2938623
0.182992,2.126027
0.182994,2.8194976
0.182996,3.3742738
0.182998,3.744125
0.183,3.92905
0.183002,3.92905
0.183004,3.6978936
0.183006,3.23558
0.183008,2.6345725
0.18301,1.8948698
0.183012,1.0627055
0.183014,0.13807821
0.183016,-0.78654957
0.183018,-1.6187139
0.18302,-2.4046474
0.18302199,-3.0518866
0.183024,-3.5604317
0.183026,-3.8378198
0.183028,-3.976514
0.18303,-3.8378198
0.183032,-3.5142004
0.183034,-3.0056553
0.183036,-2.3584158
0.183038,-1.5262513
0.18304,-0.694087
0.183042,0.23054075
0.183044,1.1551685
0.183046,1.9873328
0.183048,2.727035
0.18305,3.2818112
0.183052,3.6978936
0.183054,3.92905
0.183056,3.92905
0.183058,3.744125
0.18306,3.3280425
0.183062,2.727035
0.183064,2.033564
0.183066,1.2013993
0.18306799,0.3230033
0.18307,-0.601624
0.183072,-1.48002
0.183074,-2.2659533
0.183076,-2.9594238
0.183078,-3.467969
0.18308,-3.8378198
0.183082,-3.976514
0.183084,-3.8840513
0.183086,-3.6066632
0.183088,-3.098118
0.18309,-2.4508786
0.183092,-1.6649456
0.183094,-0.83278084
0.183096,0.091846466
0.183098,1.0164738
0.1831,1.8486385
0.183102,2.5883412
0.183104,3.1893477
0.183106,3.6516623
0.183108,3.92905
0.18311,3.92905
0.183112,3.7903562
0.18311399,3.420505
0.183116,2.8657289
0.183118,2.172258
0.18312,1.3400936
0.183122,0.46169758
0.183124,-0.46292973
0.183126,-1.3413262
0.183128,-2.1272593
0.18313,-2.8207297
0.183132,-3.4217377
0.183134,-3.7915885
0.183136,-3.9302826
0.183138,-3.8840513
0.18314,-3.6528945
0.183142,-3.1905808
0.183144,-2.589573
0.183146,-1.8498712
0.183148,-0.9714751
0.18315,-0.09307861
0.183152,0.8315482
0.183154,1.7099442
0.183156,2.4496465
0.183158,3.0968862
0.18315999,3.605431
0.183162,3.8828197
0.183164,3.9752812
0.183166,3.8365874
0.183168,3.5129685
0.18317,2.9581914
0.183172,2.2647214
0.183174,1.4787879
0.183176,0.64662313
0.183178,-0.27800417
0.18318,-1.202632
0.183182,-1.9885652
0.183184,-2.728267
0.183186,-3.329275
0.183188,-3.745357
0.18319,-3.9302826
0.183192,-3.9302826
0.183194,-3.6991258
0.183196,-3.2830436
0.183198,-2.728267
0.1832,-1.9885652
0.183202,-0.13931036
0.183204,0.13807821
0.183206,-0.7403178
0.183208,-1.6187139
0.18321,-2.4046474
0.183212,-3.0518866
0.183214,-3.5604317
0.183216,-3.8840513
0.183218,-4.022745
0.18322,-3.8840513
0.183222,-3.6066632
0.183224,-3.098118
0.183226,-2.4508786
0.183228,-1.6649456
0.18323,-0.78654957
0.183232,0.13807821
0.183234,1.0164738
0.183236,1.8486385
0.183238,2.6345725
0.18324,3.23558
0.183242,3.6516623
0.183244,3.8828197
0.183246,3.92905
0.183248,3.744125
0.18325,3.3742738
0.183252,2.8194976
0.183254,2.0797954
0.183256,1.2938623
0.183258,0.4154663
0.18326,-0.5091615
0.183262,-1.387557
0.183264,-2.1734905
0.183266,-2.9131925
0.183268,-3.4217377
0.18326999,-3.7915885
0.183272,-3.976514
0.183274,-3.8840513
0.183276,-3.6528945
0.183278,-3.1905808
0.18328,-2.5433414
0.183282,-1.7574081
0.183284,-0.9252434
0.183286,-6.160736E-4
0.183288,0.87777996
0.18329,1.756176
0.183292,2.4958777
0.183294,3.1431174
0.183296,3.605431
0.183298,3.8828197
0.1833,3.9752812
0.183302,3.7903562
0.183304,3.4667363
0.183306,2.9119601
0.183308,2.2184901
0.18331,1.4325566
0.183312,0.5541601
0.183314,-0.3704667
0.18331599,-1.2488632
0.183318,-2.0347965
0.18332,-2.7744985
0.183322,-3.3755062
0.183324,-3.745357
0.183326,-3.9302826
0.183328,-3.9302826
0.18333,-3.6991258
0.183332,-3.2830436
0.183334,-2.6820357
0.183336,-1.8961024
0.183338,-1.0639377
0.18334,-0.18554163
0.183342,0.7390857
0.183344,1.6174817
0.183346,2.4034152
0.183348,3.050654
0.18335,3.5591989
0.183352,3.8365874
0.183354,3.9752812
0.183356,3.8365874
0.183358,3.5129685
0.18336,3.050654
0.18336199,2.357184
0.183364,1.5712504
0.183366,0.7390857
0.183368,-0.18554163
0.18337,-1.1101689
0.183372,-1.8961024
0.183374,-2.6820357
0.183376,-3.2830436
0.183378,-3.6991258
0.18338,-3.9302826
0.183382,-3.9302826
0.183384,-3.745357
0.183386,-3.329275
0.183388,-2.7744985
0.18339,-2.0347965
0.183392,-1.2488632
0.183394,-0.32423592
0.183396,0.60039186
0.183398,1.4787879
0.1834,2.2647214
0.183402,2.9581914
0.183404,3.4667363
0.183406,3.8365874
0.18340799,3.9752812
0.18341,3.8828197
0.183412,3.605431
0.183414,3.1431174
0.183416,2.4958777
0.183418,1.7099442
0.18342,0.87777996
0.183422,-0.046847343
0.183424,-0.9252434
0.183426,-1.7574081
0.183428,-2.5433414
0.18343,-3.1905808
0.183432,-3.6528945
0.183434,-3.8840513
0.183436,-3.9302826
0.183438,-3.7915885
0.18344,-3.4217377
0.183442,-2.9131925
0.183444,-2.1734905
0.183446,-1.387557
0.183448,-0.5091615
0.18345,0.4154663
0.183452,1.3400936
0.183454,2.126027
0.183456,2.8194976
0.183458,3.420505
0.18346,3.7903562
0.183462,3.92905
0.183464,3.92905
0.183466,3.6516623
0.183468,3.23558
0.18347,2.5883412
0.183472,1.8486385
0.183474,1.0164738
0.183476,0.13807821
0.183478,-0.78654957
0.18348,-1.6187139
0.183482,-2.4046474
0.183484,-3.0518866
0.183486,-3.5604317
0.183488,-3.8840513
0.18349,-3.976514
0.183492,-3.8378198
0.183494,-3.5142004
0.183496,-3.0056553
0.183498,-2.3121846
0.1835,-1.5262513
0.183502,-0.6478553
0.183504,0.27677202
0.183506,1.1551685
0.183508,1.9873328
0.18351,2.727035
0.183512,3.3280425
0.183514,3.744125
0.183516,3.92905
0.18351799,3.92905
0.18352,3.744125
0.183522,3.3280425
0.183524,2.727035
0.183526,1.9873328
0.183528,1.2013993
0.18353,0.27677202
0.183532,-0.6478553
0.183534,-1.48002
0.183536,-2.2659533
0.183538,-2.9594238
0.18354,-3.5142004
0.183542,-3.8378198
0.183544,-3.976514
0.183546,-3.8840513
0.183548,-3.5604317
0.18355,-3.098118
0.183552,-2.4508786
0.183554,-1.6649456
0.183556,-0.83278084
0.183558,0.091846466
0.18356,1.0164738
0.183562,1.8486385
0.18356399,2.5883412
0.183566,3.23558
0.183568,3.6516623
0.18357,3.92905
0.183572,3.92905
0.183574,3.7903562
0.183576,3.3742738
0.183578,2.8194976
0.18358,2.126027
0.183582,1.3400936
0.183584,0.46169758
0.183586,-0.46292973
0.183588,-1.387557
0.18359,-2.1734905
0.183592,-2.866961
0.183594,-3.4217377
0.183596,-3.7915885
0.183598,-3.9302826
0.1836,-3.8840513
0.183602,-3.6528945
0.183604,-3.1905808
0.183606,-2.589573
0.183608,-1.8036394
0.18360999,-0.9714751
0.183612,-0.046847343
0.183614,0.87777996
0.183616,1.7099442
0.183618,2.4958777
0.18362,3.1431174
0.183622,2.4496465
0.183624,-1.0177064
0.183626,-3.745357
0.183628,-3.8378198
0.18363,-3.5142004
0.183632,-2.9594238
0.183634,-2.3121846
0.183636,-1.48002
0.183638,-0.601624
0.18364,0.3230033
0.183642,1.2013993
0.183644,2.033564
0.183646,2.7732663
0.183648,3.3280425
0.18365,3.744125
0.183652,3.92905
0.183654,3.92905
0.18365599,3.6978936
0.183658,3.2818112
0.18366,2.6808028
0.183662,1.9411016
0.183664,1.1089368
0.183666,0.23054075
0.183668,-0.694087
0.18367,-1.5262513
0.183672,-2.3584158
0.183674,-3.0056553
0.183676,-3.5142004
0.183678,-3.8378198
0.18368,-3.976514
0.183682,-3.8840513
0.183684,-3.5604317
0.183686,-3.0518866
0.183688,-2.4046474
0.18369,-1.6187139
0.183692,-0.7403178
0.183694,0.13807821
0.183696,1.0627055
0.183698,1.8948698
0.1837,2.6345725
0.183702,3.23558
0.183704,3.6978936
0.183706,3.92905
0.183708,3.92905
0.18371,3.744125
0.183712,3.3742738
0.183714,2.7732663
0.183716,2.0797954
0.183718,1.2938623
0.18372,0.36923456
0.183722,-0.55539227
0.183724,-1.4337888
0.183726,-2.2197218
0.183728,-2.9131925
0.18373,-3.467969
0.183732,-3.7915885
0.183734,-3.976514
0.183736,-3.8840513
0.183738,-3.6066632
0.18374,-3.1443493
0.183742,-2.5433414
0.183744,-1.7574081
0.183746,-0.9252434
0.183748,-6.160736E-4
0.18375,0.92401123
0.183752,1.756176
0.183754,2.542109
0.183756,3.1431174
0.183758,3.605431
0.18376,3.8828197
0.183762,3.92905
0.183764,3.7903562
0.18376599,3.4667363
0.183768,2.9119601
0.18377,2.2184901
0.183772,1.4325566
0.183774,0.5541601
0.183776,-0.3704667
0.183778,-1.2488632
0.18378,-2.081028
0.183782,-2.7744985
0.183784,-3.3755062
0.183786,-3.745357
0.183788,-3.9302826
0.18379,-3.9302826
0.183792,-3.6991258
0.183794,-3.236812
0.183796,-2.6358042
0.183798,-1.8961024
0.1838,-1.0639377
0.183802,-0.13931036
0.183804,0.7390857
0.183806,1.6174817
0.183808,2.4034152
0.18381,3.050654
0.18381199,3.5591989
0.183814,3.8365874
0.183816,3.9752812
0.183818,3.8365874
0.18382,3.5129685
0.183822,3.0044227
0.183824,2.357184
0.183826,1.5712504
0.183828,0.6928544
0.18383,-0.2317729
0.183832,-1.1101689
0.183834,-1.9423337
0.183836,-2.6820357
0.183838,-3.2830436
0.18384,-3.6991258
0.183842,-3.9302826
0.183844,-3.9302826
0.183846,-3.745357
0.183848,-3.329275
0.18385,-2.7744985
0.183852,-2.0347965
0.183854,-1.202632
0.183856,-0.32423592
0.18385799,0.60039186
0.18386,1.4787879
0.183862,2.2647214
0.183864,2.9581914
0.183866,3.4667363
0.183868,3.8365874
0.18387,3.9752812
0.183872,3.8828197
0.183874,3.605431
0.183876,3.0968862
0.183878,2.4496465
0.18388,1.7099442
0.183882,0.8315482
0.183884,-0.046847343
0.183886,-0.9714751
0.183888,-1.8036394
0.18389,-2.5433414
0.183892,-3.1905808
0.183894,-3.6528945
0.183896,-3.8840513
0.183898,-3.9302826
0.1839,-3.7915885
0.183902,-3.4217377
0.18390399,-2.866961
0.183906,-2.1734905
0.183908,-1.387557
0.18391,-0.46292973
0.183912,0.46169758
0.183914,1.3400936
0.183916,2.126027
0.183918,2.8657289
0.18392,3.420505
0.183922,3.7903562
0.183924,3.92905
0.183926,3.8828197
0.183928,3.6516623
0.18393,3.23558
0.183932,2.5883412
0.183934,1.8486385
0.183936,1.0164738
0.183938,0.091846466
0.18394,-0.78654957
0.183942,-1.6649456
0.183944,-2.4508786
0.183946,-3.098118
0.183948,-3.5604317
0.18395,-3.8840513
0.183952,-3.976514
0.183954,-3.8378198
0.183956,-3.5142004
0.183958,-3.0056553
0.18396,-2.3121846
0.183962,-1.48002
0.183964,-0.6478553
0.183966,0.27677202
0.183968,1.2013993
0.18397,1.9873328
0.183972,2.727035
0.183974,3.3280425
0.183976,3.744125
0.183978,3.92905
0.18398,3.92905
0.183982,3.6978936
0.183984,3.2818112
0.183986,2.727035
0.183988,1.9873328
0.18399,1.1551685
0.183992,0.27677202
0.183994,-0.6478553
0.183996,-1.48002
0.183998,-2.3121846
0.184,-3.0056553
0.184002,-3.5142004
0.184004,-3.8378198
0.184006,-3.976514
0.184008,-3.8840513
0.18401,-3.5604317
0.184012,-3.098118
0.18401399,-2.4508786
0.184016,-1.6649456
0.184018,-0.78654957
0.18402,0.13807821
0.184022,1.0164738
0.184024,1.8486385
0.184026,2.6345725
0.184028,3.23558
0.18403,3.6516623
0.184032,3.92905
0.184034,3.92905
0.184036,3.7903562
0.184038,3.3742738
0.18404,2.8194976
0.184042,1.5250192
0.184044,-1.0177064
0.184046,-0.32423592
0.184048,0.60039186
0.18405,1.4787879
0.184052,2.2647214
0.184054,2.9581914
0.184056,3.5129685
0.184058,3.8365874
0.18405999,3.9752812
0.184062,3.92905
0.184064,3.6516623
0.184066,3.1893477
0.184068,2.5883412
0.18407,1.8024073
0.184072,0.970243
0.184074,0.045615196
0.184076,-0.83278084
0.184078,-1.6649456
0.18408,-2.4508786
0.184082,-3.098118
0.184084,-3.6066632
0.184086,-3.8840513
0.184088,-3.9302826
0.18409,-3.7915885
0.184092,-3.467969
0.184094,-2.9131925
0.184096,-2.2659533
0.184098,-1.4337888
0.1841,-0.55539227
0.184102,0.36923456
0.184104,1.2476311
0.18410599,2.0797954
0.184108,2.7732663
0.18411,3.3742738
0.184112,3.744125
0.184114,3.92905
0.184116,3.92905
0.184118,3.6978936
0.18412,3.2818112
0.184122,2.6808028
0.184124,1.9411016
0.184126,1.1089368
0.184128,0.184309
0.18413,-0.7403178
0.184132,-1.5724826
0.184134,-2.3584158
0.184136,-3.0056553
0.184138,-3.5142004
0.18414,-3.8378198
0.184142,-3.976514
0.184144,-3.8378198
0.184146,-3.5604317
0.184148,-3.0518866
0.18415,-2.4046474
0.18415199,-1.5724826
0.184154,-0.7403178
0.184156,0.184309
0.184158,1.1089368
0.18416,1.9411016
0.184162,2.6808028
0.184164,3.2818112
0.184166,3.6978936
0.184168,3.92905
0.18417,3.92905
0.184172,3.744125
0.184174,3.3742738
0.184176,2.7732663
0.184178,2.0797954
0.18418,1.2476311
0.184182,0.36923456
0.184184,-0.55539227
0.184186,-1.4337888
0.184188,-2.2197218
0.18419,-2.9131925
0.184192,-3.467969
0.184194,-3.7915885
0.184196,-3.976514
0.18419799,-3.8840513
0.1842,-3.6066632
0.184202,-3.1443493
0.184204,-2.4971101
0.184206,-1.7111769
0.184208,-0.8790121
0.18421,0.045615196
0.184212,0.92401123
0.184214,1.8024073
0.184216,2.542109
0.184218,3.1893477
0.18422,3.6516623
0.184222,3.8828197
0.184224,3.9752812
0.184226,3.7903562
0.184228,3.420505
0.18423,2.9119601
0.184232,2.2184901
0.184234,1.3863249
0.184236,0.50792885
0.184238,-0.41669846
0.18424,-1.2950945
0.184242,-2.081028
0.184244,-2.8207297
0.184246,-3.3755062
0.184248,-3.745357
0.18425,-3.9302826
0.184252,-3.9302826
0.184254,-3.6991258
0.184256,-3.236812
0.184258,-2.6358042
0.18426,-1.8961024
0.184262,-1.0639377
0.184264,-0.13931036
0.184266,0.7853174
0.184268,1.6174817
0.18427,2.4034152
0.184272,3.0968862
0.184274,3.5591989
0.184276,3.8828197
0.184278,3.9752812
0.18428,3.8365874
0.184282,3.5129685
0.184284,3.0044227
0.184286,2.3109517
0.184288,1.5250192
0.18429,0.6928544
0.184292,-0.2317729
0.184294,-1.1564007
0.184296,-1.9423337
0.184298,-2.6820357
0.1843,-3.2830436
0.184302,-3.6991258
0.184304,-3.9302826
0.184306,-3.9302826
0.18430799,-3.745357
0.18431,-3.329275
0.184312,-2.728267
0.184314,-2.0347965
0.184316,-1.202632
0.184318,-0.27800417
0.18432,0.64662313
0.184322,1.4787879
0.184324,2.3109517
0.184326,2.9581914
0.184328,3.5129685
0.18433,3.8365874
0.184332,3.9752812
0.184334,3.8828197
0.184336,3.605431
0.184338,3.0968862
0.18434,2.4496465
0.184342,1.6637135
0.184344,0.8315482
0.184346,-0.09307861
0.184348,-0.9714751
0.18435,-1.8036394
0.184352,-2.589573
0.18435399,-3.1905808
0.184356,-3.6528945
0.184358,-3.8840513
0.18436,-3.9302826
0.184362,-3.7915885
0.184364,-3.4217377
0.184366,-2.866961
0.184368,-2.1734905
0.18437,-1.3413262
0.184372,-0.46292973
0.184374,0.46169758
0.184376,1.3863249
0.184378,2.172258
0.18438,2.8657289
0.184382,3.420505
0.184384,3.7903562
0.184386,3.92905
0.184388,3.8828197
0.18439,3.6516623
0.184392,3.1893477
0.184394,2.5883412
0.184396,1.8024073
0.184398,0.970243
0.18439999,0.091846466
0.184402,-0.83278084
0.184404,-1.6649456
0.184406,-2.4508786
0.184408,-3.098118
0.18441,-3.6066632
0.184412,-3.8840513
0.184414,-3.976514
0.184416,-3.8378198
0.184418,-3.467969
0.18442,-2.9594238
0.184422,-2.2659533
0.184424,-1.48002
0.184426,-0.601624
0.184428,0.3230033
0.18443,1.2013993
0.184432,2.033564
0.184434,2.7732663
0.184436,3.3280425
0.184438,3.744125
0.18444,3.92905
0.184442,3.92905
0.184444,3.6978936
0.18444599,3.2818112
0.184448,2.6808028
0.18445,1.9411016
0.184452,1.1551685
0.184454,0.23054075
0.184456,-0.694087
0.184458,-1.5262513
0.18446,-2.3121846
0.184462,-2.589573
0.184464,0.92401123
0.184466,3.744125
0.184468,3.9752812
0.18447,3.8828197
0.184472,3.605431
0.184474,3.0968862
0.184476,2.4496465
0.184478,1.6637135
0.18448,0.7853174
0.184482,-0.09307861
0.184484,-1.0177064
0.184486,-1.8498712
0.184488,-2.589573
0.18449,-3.236812
0.184492,-3.6528945
0.184494,-3.8840513
0.184496,-3.9302826
0.184498,-3.745357
0.1845,-3.3755062
0.184502,-2.8207297
0.184504,-2.081028
0.184506,-1.2950945
0.184508,-0.3704667
0.18451,0.5541601
0.184512,1.4325566
0.184514,2.2184901
0.184516,2.9119601
0.184518,3.4667363
0.18452,3.7903562
0.184522,3.9752812
0.184524,3.8828197
0.184526,3.6516623
0.184528,3.1893477
0.18453,2.542109
0.184532,1.756176
0.184534,0.92401123
0.184536,0.045615196
0.184538,-0.8790121
0.18454,-1.7111769
0.184542,-2.4971101
0.184544,-3.1443493
0.184546,-3.6066632
0.184548,-3.8840513
0.18455,-3.9302826
0.184552,-3.7915885
0.184554,-3.467969
0.18455599,-2.9131925
0.184558,-2.2197218
0.18456,-1.4337888
0.184562,-0.55539227
0.184564,0.36923456
0.184566,1.2476311
0.184568,2.0797954
0.18457,2.8194976
0.184572,3.3742738
0.184574,3.744125
0.184576,3.92905
0.184578,3.92905
0.18458,3.6978936
0.184582,3.23558
0.184584,2.6345725
0.184586,1.8948698
0.184588,1.1089368
0.18459,0.184309
0.184592,-0.7403178
0.184594,-1.5724826
0.184596,-2.3584158
0.184598,-3.0518866
0.1846,-3.5604317
0.18460199,-3.8378198
0.184604,-3.976514
0.184606,-3.8378198
0.184608,-3.5142004
0.18461,-3.0518866
0.184612,-2.3584158
0.184614,-1.5724826
0.184616,-0.694087
0.184618,0.23054075
0.18462,1.1089368
0.184622,1.9411016
0.184624,2.6808028
0.184626,3.2818112
0.184628,3.6978936
0.18463,3.92905
0.184632,3.92905
0.184634,3.744125
0.184636,3.3280425
0.184638,2.7732663
0.18464,2.033564
0.184642,1.2476311
0.184644,0.3230033
0.184646,-0.55539227
0.18464799,-1.4337888
0.18465,-2.2197218
0.184652,-2.9131925
0.184654,-3.467969
0.184656,-3.7915885
0.184658,-3.976514
0.18466,-3.8840513
0.184662,-3.6066632
0.184664,-3.1443493
0.184666,-2.4971101
0.184668,-1.7111769
0.18467,-0.8790121
0.184672,0.045615196
0.184674,0.970243
0.184676,1.8024073
0.184678,2.542109
0.18468,3.1893477
0.184682,3.6516623
0.184684,3.8828197
0.184686,3.92905
0.184688,3.7903562
0.18469,3.420505
0.184692,2.8657289
0.18469399,2.172258
0.184696,1.3863249
0.184698,0.50792885
0.1847,-0.41669846
0.184702,-1.2950945
0.184704,-2.1272593
0.184706,-2.8207297
0.184708,-3.3755062
0.18471,-3.745357
0.184712,-3.9302826
0.184714,-3.9302826
0.184716,-3.6528945
0.184718,-3.236812
0.18472,-2.6358042
0.184722,-1.8498712
0.184724,-1.0177064
0.184726,-0.09307861
0.184728,0.7853174
0.18473,1.6637135
0.184732,2.4496465
0.184734,3.0968862
0.184736,3.5591989
0.184738,3.8828197
0.18474,3.9752812
0.184742,3.8365874
0.184744,3.5129685
0.184746,3.0044227
0.184748,2.3109517
0.18475,1.5250192
0.184752,0.64662313
0.184754,-0.27800417
0.184756,-1.1564007
0.184758,-1.9885652
0.18476,-2.6820357
0.184762,-3.2830436
0.184764,-3.6991258
0.184766,-3.9302826
0.184768,-3.9302826
0.18477,-3.745357
0.184772,-3.329275
0.184774,-2.728267
0.184776,-1.9885652
0.184778,-1.202632
0.18478,-0.27800417
0.184782,0.64662313
0.184784,1.5250192
0.184786,2.3109517
0.184788,3.0044227
0.18479,3.5129685
0.184792,3.8365874
0.184794,3.9752812
0.184796,3.8828197
0.184798,3.5591989
0.1848,3.0968862
0.184802,2.4496465
0.18480399,1.6637135
0.184806,0.8315482
0.184808,-0.09307861
0.18481,-1.0177064
0.184812,-1.8498712
0.184814,-2.589573
0.184816,-3.1905808
0.184818,-3.6528945
0.18482,-3.8840513
0.184822,-3.9302826
0.184824,-3.7915885
0.184826,-3.4217377
0.184828,-2.866961
0.18483,-2.1272593
0.184832,-1.3413262
0.184834,-0.41669846
0.184836,0.50792885
0.184838,1.3863249
0.18484,2.172258
0.184842,2.8657289
0.184844,3.420505
0.184846,3.7903562
0.184848,3.92905
0.18484999,3.8828197
0.184852,3.6516623
0.184854,3.1893477
0.184856,2.542109
0.184858,1.8024073
0.18486,0.970243
0.184862,0.045615196
0.184864,-0.83278084
0.184866,-1.6649456
0.184868,-2.4508786
0.18487,-3.098118
0.184872,-3.6066632
0.184874,-3.8840513
0.184876,-3.976514
0.184878,-3.8378198
0.18488,-3.467969
0.184882,-2.866961
0.184884,0.64662313
0.184886,1.3863249
0.184888,0.5541601
0.18489,-0.3704667
0.184892,-1.2488632
0.184894,-2.081028
0.18489599,-2.7744985
0.184898,-3.3755062
0.1849,-3.7915885
0.184902,-3.976514
0.184904,-3.976514
0.184906,-3.745357
0.184908,-3.329275
0.18491,-2.728267
0.184912,-1.9885652
0.184914,-1.1564007
0.184916,-0.2317729
0.184918,0.6928544
0.18492,1.5712504
0.184922,2.357184
0.184924,3.0044227
0.184926,3.5129685
0.184928,3.8365874
0.18493,3.92905
0.184932,3.8365874
0.184934,3.5591989
0.184936,3.050654
0.184938,2.4034152
0.18494,1.6174817
0.18494199,0.7390857
0.184944,-0.18554163
0.184946,-1.0639377
0.184948,-1.8961024
0.18495,-2.6358042
0.184952,-3.236812
0.184954,-3.6991258
0.184956,-3.9302826
0.184958,-3.9302826
0.18496,-3.745357
0.184962,-3.3755062
0.184964,-2.8207297
0.184966,-2.081028
0.184968,-1.2950945
0.18497,-0.3704667
0.184972,0.5541601
0.184974,1.4325566
0.184976,2.2184901
0.184978,2.9119601
0.18498,3.4667363
0.184982,3.7903562
0.184984,3.9752812
0.184986,3.8828197
0.184988,3.605431
0.18499,3.1431174
0.184992,2.4958777
0.184994,1.756176
0.184996,0.92401123
0.184998,-6.160736E-4
0.185,-0.9252434
0.185002,-1.7574081
0.185004,-2.4971101
0.185006,-3.1443493
0.185008,-3.6066632
0.18501,-3.8840513
0.185012,-3.9302826
0.185014,-3.7915885
0.185016,-3.467969
0.185018,-2.9131925
0.18502,-2.2197218
0.185022,-1.4337888
0.185024,-0.5091615
0.185026,0.4154663
0.185028,1.2938623
0.18503,2.0797954
0.185032,2.8194976
0.185034,3.3742738
0.185036,3.744125
0.185038,3.92905
0.18504,3.92905
0.185042,3.6978936
0.185044,3.23558
0.185046,2.6345725
0.185048,1.8948698
0.18505,1.0627055
0.18505199,0.13807821
0.185054,-0.7403178
0.185056,-1.6187139
0.185058,-2.4046474
0.18506,-3.0518866
0.185062,-3.5604317
0.185064,-3.8378198
0.185066,-3.976514
0.185068,-3.8378198
0.18507,-3.5142004
0.185072,-3.0056553
0.185074,-2.3584158
0.185076,-1.5724826
0.185078,-0.694087
0.18508,0.23054075
0.185082,1.1551685
0.185084,1.9411016
0.185086,2.6808028
0.185088,3.2818112
0.18509,3.6978936
0.185092,3.92905
0.185094,3.92905
0.185096,3.744125
0.18509799,3.3280425
0.1851,2.7732663
0.185102,2.033564
0.185104,1.2013993
0.185106,0.3230033
0.185108,-0.601624
0.18511,-1.48002
0.185112,-2.2659533
0.185114,-2.9594238
0.185116,-3.467969
0.185118,-3.8378198
0.18512,-3.9302826
0.185122,-3.8840513
0.185124,-3.6066632
0.185126,-3.098118
0.185128,-2.4971101
0.18513,-1.7111769
0.185132,-0.83278084
0.185134,0.091846466
0.185136,0.970243
0.185138,1.8024073
0.18514,2.5883412
0.185142,3.1893477
0.18514399,3.6516623
0.185146,3.92905
0.185148,3.92905
0.18515,3.7903562
0.185152,3.420505
0.185154,2.8657289
0.185156,2.172258
0.185158,1.3863249
0.18516,0.46169758
0.185162,-0.46292973
0.185164,-1.3413262
0.185166,-2.1272593
0.185168,-2.8207297
0.18517,-3.4217377
0.185172,-3.7915885
0.185174,-3.9302826
0.185176,-3.8840513
0.185178,-3.6528945
0.18518,-3.236812
0.185182,-2.589573
0.185184,-1.8498712
0.185186,-1.0177064
0.185188,-0.09307861
0.18518999,0.8315482
0.185192,1.6637135
0.185194,2.4496465
0.185196,3.0968862
0.185198,3.605431
0.1852,3.8828197
0.185202,3.9752812
0.185204,3.8365874
0.185206,3.5129685
0.185208,2.9581914
0.18521,2.3109517
0.185212,1.4787879
0.185214,0.64662313
0.185216,-0.27800417
0.185218,-1.202632
0.18522,-1.9885652
0.185222,-2.728267
0.185224,-3.329275
0.185226,-3.745357
0.185228,-3.9302826
0.18523,-3.9302826
0.185232,-3.6991258
0.185234,-3.2830436
0.185236,-2.728267
0.185238,-1.9885652
0.18524,-1.1564007
0.185242,-0.2317729
0.185244,0.6928544
0.185246,1.5250192
0.185248,2.3109517
0.18525,3.0044227
0.185252,3.5129685
0.185254,3.8365874
0.185256,3.9752812
0.185258,3.8828197
0.18526,3.5591989
0.185262,3.0968862
0.185264,2.4034152
0.185266,1.6174817
0.185268,0.7853174
0.18527,-0.13931036
0.185272,-1.0177064
0.185274,-1.8498712
0.185276,-2.589573
0.185278,-3.236812
0.18528,-3.6528945
0.185282,-3.9302826
0.185284,-3.9302826
0.185286,-3.745357
0.185288,-3.3755062
0.18529,-2.8207297
0.185292,-2.1272593
0.185294,-1.2950945
0.185296,-0.41669846
0.185298,0.50792885
0.1853,1.3863249
0.185302,2.2647214
0.185304,-0.9714751
0.185306,-3.3755062
0.185308,-3.8378198
0.18531,-3.976514
0.185312,-3.9302826
0.185314,-3.6991258
0.185316,-3.236812
0.185318,-2.589573
0.18532,-1.8036394
0.185322,-0.9714751
0.185324,-0.046847343
0.185326,0.87777996
0.185328,1.7099442
0.18533,2.4958777
0.185332,3.1431174
0.185334,3.605431
0.185336,3.8828197
0.185338,3.92905
0.18534,3.7903562
0.185342,3.4667363
0.185344,2.9119601
0.18534599,2.2184901
0.185348,1.4325566
0.18535,0.5541601
0.185352,-0.3704667
0.185354,-1.2488632
0.185356,-2.0347965
0.185358,-2.7744985
0.18536,-3.3755062
0.185362,-3.745357
0.185364,-3.9302826
0.185366,-3.9302826
0.185368,-3.6991258
0.18537,-3.2830436
0.185372,-2.6820357
0.185374,-1.9423337
0.185376,-1.1101689
0.185378,-0.18554163
0.18538,0.7390857
0.185382,1.5712504
0.185384,2.357184
0.185386,3.050654
0.185388,3.5591989
0.18539,3.8365874
0.18539199,3.9752812
0.185394,3.8365874
0.185396,3.5591989
0.185398,3.050654
0.1854,2.357184
0.185402,1.5712504
0.185404,0.7390857
0.185406,-0.18554163
0.185408,-1.0639377
0.18541,-1.8961024
0.185412,-2.6358042
0.185414,-3.236812
0.185416,-3.6991258
0.185418,-3.9302826
0.18542,-3.9302826
0.185422,-3.745357
0.185424,-3.3755062
0.185426,-2.7744985
0.185428,-2.081028
0.18543,-1.2488632
0.185432,-0.3704667
0.185434,0.5541601
0.185436,1.4787879
0.18543799,2.2647214
0.18544,2.9119601
0.185442,3.4667363
0.185444,3.7903562
0.185446,3.9752812
0.185448,3.8828197
0.18545,3.605431
0.185452,3.1431174
0.185454,2.4958777
0.185456,1.7099442
0.185458,0.87777996
0.18546,-6.160736E-4
0.185462,-0.9252434
0.185464,-1.7574081
0.185466,-2.5433414
0.185468,-3.1443493
0.18547,-3.6066632
0.185472,-3.8840513
0.185474,-3.976514
0.185476,-3.7915885
0.185478,-3.4217377
0.18548,-2.9131925
0.185482,-2.2197218
0.18548399,-1.387557
0.185486,-0.5091615
0.185488,0.4154663
0.18549,1.2938623
0.185492,2.126027
0.185494,2.8194976
0.185496,3.3742738
0.185498,3.7903562
0.1855,3.92905
0.185502,3.92905
0.185504,3.6516623
0.185506,3.23558
0.185508,2.6345725
0.18551,1.8948698
0.185512,1.0627055
0.185514,0.13807821
0.185516,-0.78654957
0.185518,-1.6187139
0.18552,-2.4046474
0.185522,-3.0518866
0.185524,-3.5604317
0.185526,-3.8840513
0.185528,-3.976514
0.18553,-3.8378198
0.185532,-3.5142004
0.185534,-3.0056553
0.185536,-2.3584158
0.185538,-1.5262513
0.18554,-0.694087
0.185542,0.23054075
0.185544,1.1551685
0.185546,1.9873328
0.185548,2.727035
0.18555,3.2818112
0.185552,3.6978936
0.185554,3.92905
0.185556,3.92905
0.185558,3.744125
0.18556,3.3280425
0.185562,2.727035
0.185564,2.033564
0.185566,1.2013993
0.185568,0.3230033
0.18557,-0.601624
0.185572,-1.48002
0.185574,-2.2659533
0.185576,-2.9594238
0.185578,-3.467969
0.18558,-3.8378198
0.185582,-3.976514
0.185584,-3.8840513
0.185586,-3.6066632
0.185588,-3.098118
0.18559,-2.4508786
0.185592,-1.6649456
0.18559399,-0.83278084
0.185596,0.091846466
0.185598,1.0164738
0.1856,1.8486385
0.185602,2.5883412
0.185604,3.1893477
0.185606,3.6516623
0.185608,3.92905
0.18561,3.92905
0.185612,3.7903562
0.185614,3.420505
0.185616,2.8657289
0.185618,2.126027
0.18562,1.3400936
0.185622,0.46169758
0.185624,-0.46292973
0.185626,-1.3413262
0.185628,-2.1272593
0.18563,-2.866961
0.185632,-3.4217377
0.185634,-3.7915885
0.185636,-3.9302826
0.185638,-3.8840513
0.18563999,-3.6528945
0.185642,-3.1905808
0.185644,-2.589573
0.185646,-1.8498712
0.185648,-0.9714751
0.18565,-0.09307861
0.185652,0.8315482
0.185654,1.7099442
0.185656,2.4496465
0.185658,3.0968862
0.18566,3.605431
0.185662,3.8828197
0.185664,3.9752812
0.185666,3.8365874
0.185668,3.4667363
0.18567,2.9581914
0.185672,2.2647214
0.185674,1.4787879
0.185676,0.60039186
0.185678,-0.27800417
0.18568,-1.202632
0.185682,-1.9885652
0.185684,-2.728267
0.18568599,-3.329275
0.185688,-3.745357
0.18569,-3.9302826
0.185692,-3.9302826
0.185694,-3.6991258
0.185696,-3.2830436
0.185698,-2.728267
0.1857,-1.9885652
0.185702,-1.1564007
0.185704,-0.2317729
0.185706,0.6928544
0.185708,1.5250192
0.18571,2.357184
0.185712,3.0044227
0.185714,3.5129685
0.185716,3.8365874
0.185718,3.9752812
0.18572,3.8828197
0.185722,3.605431
0.185724,0.46169758
0.185726,-2.1272593
0.185728,-1.5724826
0.18573,-0.7403178
0.18573199,0.184309
0.185734,1.1089368
0.185736,1.9411016
0.185738,2.6808028
0.18574,3.2818112
0.185742,3.6978936
0.185744,3.92905
0.185746,3.9752812
0.185748,3.7903562
0.18575,3.3742738
0.185752,2.8194976
0.185754,2.126027
0.185756,1.2938623
0.185758,0.4154663
0.18576,-0.5091615
0.185762,-1.387557
0.185764,-2.1734905
0.185766,-2.866961
0.185768,-3.4217377
0.18577,-3.7915885
0.185772,-3.9302826
0.185774,-3.8840513
0.185776,-3.6066632
0.185778,-3.1443493
0.18578,-2.5433414
0.185782,-1.7574081
0.185784,-0.9252434
0.185786,-6.160736E-4
0.185788,0.92401123
0.18579,1.756176
0.185792,2.4958777
0.185794,3.1431174
0.185796,3.605431
0.185798,3.8828197
0.1858,3.9752812
0.185802,3.7903562
0.185804,3.4667363
0.185806,2.9119601
0.185808,2.2184901
0.18581,1.4325566
0.185812,0.5541601
0.185814,-0.3704667
0.185816,-1.2488632
0.185818,-2.081028
0.18582,-2.7744985
0.185822,-3.3755062
0.185824,-3.745357
0.185826,-3.9302826
0.185828,-3.9302826
0.18583,-3.6991258
0.185832,-3.2830436
0.185834,-2.6820357
0.185836,-1.8961024
0.185838,-1.0639377
0.18584,-0.18554163
0.18584199,0.7390857
0.185844,1.6174817
0.185846,2.4034152
0.185848,3.050654
0.18585,3.5591989
0.185852,3.8365874
0.185854,3.9752812
0.185856,3.8365874
0.185858,3.5129685
0.18586,3.0044227
0.185862,2.357184
0.185864,1.5712504
0.185866,0.6928544
0.185868,-0.18554163
0.18587,-1.1101689
0.185872,-1.9423337
0.185874,-2.6820357
0.185876,-3.2830436
0.185878,-3.6991258
0.18588,-3.9302826
0.185882,-3.9302826
0.185884,-3.745357
0.185886,-3.329275
0.18588799,-2.7744985
0.18589,-2.0347965
0.185892,-1.2488632
0.185894,-0.32423592
0.185896,0.60039186
0.185898,1.4787879
0.1859,2.2647214
0.185902,2.9581914
0.185904,3.4667363
0.185906,3.8365874
0.185908,3.9752812
0.18591,3.8828197
0.185912,3.605431
0.185914,3.1431174
0.185916,2.4958777
0.185918,1.7099442
0.18592,0.87777996
0.185922,-0.046847343
0.185924,-0.9714751
0.185926,-1.7574081
0.185928,-2.5433414
0.18593,-3.1905808
0.185932,-3.6528945
0.18593399,-3.8840513
0.185936,-3.9302826
0.185938,-3.7915885
0.18594,-3.4217377
0.185942,-2.866961
0.185944,-2.1734905
0.185946,-1.387557
0.185948,-0.5091615
0.18595,0.4154663
0.185952,1.3400936
0.185954,2.126027
0.185956,2.8194976
0.185958,3.420505
0.18596,3.7903562
0.185962,3.92905
0.185964,3.92905
0.185966,3.6516623
0.185968,3.23558
0.18597,2.5883412
0.185972,1.8486385
0.185974,1.0164738
0.185976,0.13807821
0.185978,-0.78654957
0.18597999,-1.6187139
0.185982,-2.4046474
0.185984,-3.098118
0.185986,-3.5604317
0.185988,-3.8840513
0.18599,-3.976514
0.185992,-3.8378198
0.185994,-3.5142004
0.185996,-3.0056553
0.185998,-2.3121846
0.186,-1.5262513
0.186002,-0.6478553
0.186004,0.27677202
0.186006,1.2013993
0.186008,1.9873328
0.18601,2.727035
0.186012,3.3280425
0.186014,3.744125
0.186016,3.92905
0.186018,3.92905
0.18602,3.6978936
0.186022,3.3280425
0.186024,2.727035
0.186026,1.9873328
0.186028,1.1551685
0.18603,0.27677202
0.186032,-0.6478553
0.186034,-1.48002
0.186036,-2.3121846
0.186038,-2.9594238
0.18604,-3.5142004
0.186042,-3.8378198
0.186044,-3.976514
0.186046,-3.8840513
0.186048,-3.5604317
0.18605,-3.098118
0.186052,-2.4508786
0.186054,-1.6649456
0.186056,-0.78654957
0.186058,0.13807821
0.18606,1.0164738
0.186062,1.8486385
0.186064,2.5883412
0.186066,3.23558
0.186068,3.6516623
0.18607,3.92905
0.186072,3.92905
0.186074,3.7903562
0.186076,3.3742738
0.186078,2.8194976
0.18608,2.126027
0.186082,1.3400936
0.186084,0.4154663
0.186086,-0.46292973
0.186088,-1.387557
0.18608999,-2.1734905
0.186092,-2.866961
0.186094,-3.4217377
0.186096,-3.7915885
0.186098,-3.9302826
0.1861,-3.8840513
0.186102,-3.6528945
0.186104,-3.1905808
0.186106,-2.589573
0.186108,-1.8036394
0.18611,-0.9714751
0.186112,-0.046847343
0.186114,0.87777996
0.186116,1.7099442
0.186118,2.4958777
0.18612,3.1431174
0.186122,3.605431
0.186124,3.8828197
0.186126,3.9752812
0.186128,3.8365874
0.18613,3.4667363
0.186132,2.9581914
0.186134,2.2647214
0.18613599,1.4787879
0.186138,0.60039186
0.18614,-0.32423592
0.186142,-1.202632
0.186144,1.3863249
0.186146,2.8194976
0.186148,3.420505
0.18615,3.7903562
0.186152,3.9752812
0.186154,3.9752812
0.186156,3.744125
0.186158,3.3280425
0.18616,2.727035
0.186162,1.9873328
0.186164,1.1551685
0.186166,0.23054075
0.186168,-0.6478553
0.18617,-1.5262513
0.186172,-2.3121846
0.186174,-3.0056553
0.186176,-3.5142004
0.186178,-3.8378198
0.18618,-3.9302826
0.18618199,-3.8378198
0.186184,-3.5604317
0.186186,-3.0518866
0.186188,-2.4046474
0.18619,-1.5724826
0.186192,-0.7403178
0.186194,0.184309
0.186196,1.1089368
0.186198,1.8948698
0.1862,2.6808028
0.186202,3.2818112
0.186204,3.6978936
0.186206,3.92905
0.186208,3.92905
0.18621,3.744125
0.186212,3.3742738
0.186214,2.8194976
0.186216,2.0797954
0.186218,1.2938623
0.18622,0.36923456
0.186222,-0.55539227
0.186224,-1.4337888
0.186226,-2.2197218
0.18622799,-2.9131925
0.18623,-3.467969
0.186232,-3.7915885
0.186234,-3.9302826
0.186236,-3.8840513
0.186238,-3.6066632
0.18624,-3.1443493
0.186242,-2.5433414
0.186244,-1.7574081
0.186246,-0.9252434
0.186248,-6.160736E-4
0.18625,0.92401123
0.186252,1.756176
0.186254,2.542109
0.186256,3.1893477
0.186258,3.6516623
0.18626,3.8828197
0.186262,3.9752812
0.186264,3.7903562
0.186266,3.4667363
0.186268,2.9119601
0.18627,2.2184901
0.186272,1.4325566
0.186274,0.5541601
0.186276,-0.3704667
0.186278,-1.2950945
0.18628,-2.081028
0.186282,-2.7744985
0.186284,-3.3755062
0.186286,-3.745357
0.186288,-3.9302826
0.18629,-3.9302826
0.186292,-3.6991258
0.186294,-3.236812
0.186296,-2.6358042
0.186298,-1.8961024
0.1863,-1.0639377
0.186302,-0.13931036
0.186304,0.7853174
0.186306,1.6174817
0.186308,2.4034152
0.18631,3.050654
0.186312,3.5591989
0.186314,3.8828197
0.186316,3.9752812
0.186318,3.8365874
0.18632,3.5129685
0.186322,3.0044227
0.186324,2.357184
0.186326,1.5712504
0.186328,0.6928544
0.18633,-0.2317729
0.186332,-1.1101689
0.186334,-1.9423337
0.186336,-2.6820357
0.18633799,-3.2830436
0.18634,-3.6991258
0.186342,-3.9302826
0.186344,-3.9302826
0.186346,-3.745357
0.186348,-3.329275
0.18635,-2.7744985
0.186352,-2.0347965
0.186354,-1.202632
0.186356,-0.32423592
0.186358,0.60039186
0.18636,1.4787879
0.186362,2.2647214
0.186364,2.9581914
0.186366,3.5129685
0.186368,3.8365874
0.18637,3.9752812
0.186372,3.8828197
0.186374,3.605431
0.186376,3.0968862
0.186378,2.4496465
0.18638,1.7099442
0.186382,0.8315482
0.18638399,-0.046847343
0.186386,-0.9714751
0.186388,-1.8036394
0.18639,-2.5433414
0.186392,-3.1905808
0.186394,-3.6528945
0.186396,-3.8840513
0.186398,-3.9302826
0.1864,-3.7915885
0.186402,-3.4217377
0.186404,-2.866961
0.186406,-2.1734905
0.186408,-1.387557
0.18641,-0.46292973
0.186412,0.46169758
0.186414,1.3400936
0.186416,2.126027
0.186418,2.8657289
0.18642,3.420505
0.186422,3.7903562
0.186424,3.92905
0.186426,3.92905
0.186428,3.6516623
0.18642999,3.1893477
0.186432,2.5883412
0.186434,1.8486385
0.186436,1.0164738
0.186438,0.091846466
0.18644,-0.83278084
0.186442,-1.6649456
0.186444,-2.4508786
0.186446,-3.098118
0.186448,-3.5604317
0.18645,-3.8840513
0.186452,-3.976514
0.186454,-3.8378198
0.186456,-3.5142004
0.186458,-3.0056553
0.18646,-2.3121846
0.186462,-1.48002
0.186464,-0.6478553
0.186466,0.27677202
0.186468,1.2013993
0.18647,2.033564
0.186472,2.727035
0.186474,3.3280425
0.18647599,3.744125
0.186478,3.92905
0.18648,3.92905
0.186482,3.6978936
0.186484,3.2818112
0.186486,2.727035
0.186488,1.9873328
0.18649,1.1551685
0.186492,0.27677202
0.186494,-0.6478553
0.186496,-1.5262513
0.186498,-2.3121846
0.1865,-3.0056553
0.186502,-3.5142004
0.186504,-3.8378198
0.186506,-3.976514
0.186508,-3.8840513
0.18651,-3.5604317
0.186512,-3.098118
0.186514,-2.4508786
0.186516,-1.6649456
0.186518,-0.78654957
0.18652,0.13807821
0.18652199,1.0627055
0.186524,1.8948698
0.186526,2.6345725
0.186528,3.23558
0.18653,3.6516623
0.186532,3.92905
0.186534,3.92905
0.186536,3.744125
0.186538,3.3742738
0.18654,2.8194976
0.186542,2.126027
0.186544,1.2938623
0.186546,0.4154663
0.186548,-0.5091615
0.18655,-1.387557
0.186552,-2.1734905
0.186554,-2.866961
0.186556,-3.4217377
0.186558,-3.7915885
0.18656,-3.9302826
0.186562,-3.8840513
0.186564,-1.5262513
0.186566,2.172258
0.186568,2.4958777
0.18657,1.756176
0.186572,0.92401123
0.186574,-6.160736E-4
0.186576,-0.8790121
0.186578,-1.7111769
0.18658,-2.4971101
0.186582,-3.1443493
0.186584,-3.6066632
0.186586,-3.8840513
0.186588,-3.976514
0.18659,-3.8378198
0.186592,-3.467969
0.186594,-2.9594238
0.186596,-2.2659533
0.186598,-1.48002
0.1866,-0.55539227
0.186602,0.36923456
0.186604,1.2476311
0.186606,2.0797954
0.186608,2.7732663
0.18661,3.3742738
0.186612,3.744125
0.186614,3.92905
0.186616,3.92905
0.186618,3.6978936
0.18662,3.2818112
0.186622,2.6808028
0.186624,1.9411016
0.186626,1.1089368
0.186628,0.184309
0.18663,-0.7403178
0.18663199,-1.5724826
0.186634,-2.3584158
0.186636,-3.0056553
0.186638,-3.5604317
0.18664,-3.8378198
0.186642,-3.976514
0.186644,-3.8378198
0.186646,-3.5604317
0.186648,-3.0518866
0.18665,-2.4046474
0.186652,-1.5724826
0.186654,-0.7403178
0.186656,0.184309
0.186658,1.1089368
0.18666,1.9411016
0.186662,2.6808028
0.186664,3.2818112
0.186666,3.6978936
0.186668,3.92905
0.18667,3.92905
0.186672,3.744125
0.186674,3.3280425
0.186676,2.7732663
0.18667799,2.0797954
0.18668,1.2476311
0.186682,0.36923456
0.186684,-0.55539227
0.186686,-1.4337888
0.186688,-2.2197218
0.18669,-2.9131925
0.186692,-3.467969
0.186694,-3.7915885
0.186696,-3.976514
0.186698,-3.8840513
0.1867,-3.6066632
0.186702,-3.1443493
0.186704,-2.4971101
0.186706,-1.7111769
0.186708,-0.8790121
0.18671,0.045615196
0.186712,0.970243
0.186714,1.8024073
0.186716,2.542109
0.186718,3.1893477
0.18672,3.6516623
0.186722,3.8828197
0.18672399,3.9752812
0.186726,3.7903562
0.186728,3.420505
0.18673,2.9119601
0.186732,2.172258
0.186734,1.3863249
0.186736,0.50792885
0.186738,-0.41669846
0.18674,-1.2950945
0.186742,-2.081028
0.186744,-2.8207297
0.186746,-3.3755062
0.186748,-3.745357
0.18675,-3.9302826
0.186752,-3.9302826
0.186754,-3.6528945
0.186756,-3.236812
0.186758,-2.6358042
0.18676,-1.8961024
0.186762,-1.0177064
0.186764,-0.13931036
0.186766,0.7853174
0.186768,1.6637135
0.18676999,2.4496465
0.186772,3.0968862
0.186774,3.5591989
0.186776,3.8828197
0.186778,3.9752812
0.18678,3.8365874
0.186782,3.5129685
0.186784,3.0044227
0.186786,2.3109517
0.186788,1.5250192
0.18679,0.6928544
0.186792,-0.2317729
0.186794,-1.1564007
0.186796,-1.9423337
0.186798,-2.6820357
0.1868,-3.2830436
0.186802,-3.6991258
0.186804,-3.9302826
0.186806,-3.9302826
0.186808,-3.745357
0.18681,-3.329275
0.186812,-2.728267
0.186814,-2.0347965
0.186816,-1.202632
0.186818,-0.27800417
0.18682,0.64662313
0.186822,1.4787879
0.186824,2.3109517
0.186826,3.0044227
0.186828,3.5129685
0.18683,3.8365874
0.186832,3.9752812
0.186834,3.8828197
0.186836,3.5591989
0.186838,3.0968862
0.18684,2.4496465
0.186842,1.6637135
0.186844,0.8315482
0.186846,-0.09307861
0.186848,-0.9714751
0.18685,-1.8036394
0.186852,-2.589573
0.186854,-3.1905808
0.186856,-3.6528945
0.186858,-3.8840513
0.18686,-3.9302826
0.186862,-3.7915885
0.186864,-3.4217377
0.186866,-2.866961
0.186868,-2.1734905
0.18687,-1.3413262
0.186872,-0.46292973
0.186874,0.46169758
0.186876,1.3863249
0.186878,2.172258
0.18687999,2.8657289
0.186882,3.420505
0.186884,3.7903562
0.186886,3.92905
0.186888,3.8828197
0.18689,3.6516623
0.186892,3.1893477
0.186894,2.5883412
0.186896,1.8024073
0.186898,0.970243
0.1869,0.091846466
0.186902,-0.83278084
0.186904,-1.6649456
0.186906,-2.4508786
0.186908,-3.098118
0.18691,-3.6066632
0.186912,-3.8840513
0.186914,-3.976514
0.186916,-3.8378198
0.186918,-3.467969
0.18692,-2.9594238
0.186922,-2.2659533
0.186924,-1.48002
0.18692599,-0.601624
0.186928,0.3230033
0.18693,1.2013993
0.186932,2.033564
0.186934,2.7732663
0.186936,3.3280425
0.186938,3.744125
0.18694,3.92905
0.186942,3.92905
0.186944,3.6978936
0.186946,3.2818112
0.186948,2.6808028
0.18695,1.9411016
0.186952,1.1551685
0.186954,0.23054075
0.186956,-0.694087
0.186958,-1.5262513
0.18696,-2.3121846
0.186962,-3.0056553
0.186964,-3.5142004
0.186966,-3.8378198
0.186968,-3.976514
0.18697,-3.8378198
0.18697199,-3.5604317
0.186974,-3.0518866
0.186976,-2.4046474
0.186978,-1.6187139
0.18698,-0.78654957
0.186982,0.184309
0.186984,-1.0177064
0.186986,-1.9423337
0.186988,-2.6820357
0.18699,-3.2830436
0.186992,-3.745357
0.186994,-3.976514
0.186996,-3.976514
0.186998,-3.7915885
0.187,-3.4217377
0.187002,-2.866961
0.187004,-2.1272593
0.187006,-1.3413262
0.187008,-0.41669846
0.18701,0.50792885
0.187012,1.3863249
0.187014,2.172258
0.187016,2.8657289
0.18701799,3.420505
0.18702,3.7903562
0.187022,3.92905
0.187024,3.8828197
0.187026,3.605431
0.187028,3.1431174
0.18703,2.4958777
0.187032,1.756176
0.187034,0.92401123
0.187036,-6.160736E-4
0.187038,-0.8790121
0.18704,-1.7111769
0.187042,-2.4971101
0.187044,-3.1443493
0.187046,-3.6066632
0.187048,-3.8840513
0.18705,-3.976514
0.187052,-3.7915885
0.187054,-3.467969
0.187056,-2.9131925
0.187058,-2.2197218
0.18706,-1.4337888
0.187062,-0.55539227
0.187064,0.36923456
0.187066,1.2938623
0.187068,2.0797954
0.18707,2.8194976
0.187072,3.3742738
0.187074,3.744125
0.187076,3.92905
0.187078,3.92905
0.18708,3.6978936
0.187082,3.23558
0.187084,2.6345725
0.187086,1.8948698
0.187088,1.0627055
0.18709,0.184309
0.187092,-0.7403178
0.187094,-1.5724826
0.187096,-2.3584158
0.187098,-3.0518866
0.1871,-3.5604317
0.187102,-3.8378198
0.187104,-3.976514
0.187106,-3.8378198
0.187108,-3.5142004
0.18711,-3.0518866
0.187112,-2.3584158
0.187114,-1.5724826
0.187116,-0.694087
0.187118,0.23054075
0.18712,1.1089368
0.187122,1.9411016
0.187124,2.6808028
0.187126,3.2818112
0.18712799,3.6978936
0.18713,3.92905
0.187132,3.92905
0.187134,3.744125
0.187136,3.3280425
0.187138,2.7732663
0.18714,2.033564
0.187142,1.2476311
0.187144,0.3230033
0.187146,-0.601624
0.187148,-1.48002
0.18715,-2.2197218
0.187152,-2.9131925
0.187154,-3.467969
0.187156,-3.7915885
0.187158,-3.976514
0.18716,-3.8840513
0.187162,-3.6066632
0.187164,-3.1443493
0.187166,-2.4971101
0.187168,-1.7111769
0.18717,-0.8790121
0.187172,0.045615196
0.18717399,0.970243
0.187176,1.8024073
0.187178,2.542109
0.18718,3.1893477
0.187182,3.6516623
0.187184,3.8828197
0.187186,3.9752812
0.187188,3.7903562
0.18719,3.420505
0.187192,2.8657289
0.187194,2.172258
0.187196,1.3863249
0.187198,0.50792885
0.1872,-0.41669846
0.187202,-1.2950945
0.187204,-2.1272593
0.187206,-2.8207297
0.187208,-3.3755062
0.18721,-3.745357
0.187212,-3.9302826
0.187214,-3.9302826
0.187216,-3.6528945
0.187218,-3.236812
0.18721999,-2.6358042
0.187222,-1.8498712
0.187224,-1.0177064
0.187226,-0.09307861
0.187228,0.8315482
0.18723,1.6637135
0.187232,2.4496465
0.187234,3.0968862
0.187236,3.5591989
0.187238,3.8828197
0.18724,3.9752812
0.187242,3.8365874
0.187244,3.5129685
0.187246,3.0044227
0.187248,2.3109517
0.18725,1.5250192
0.187252,0.64662313
0.187254,-0.27800417
0.187256,-1.1564007
0.187258,-1.9885652
0.18726,-2.728267
0.187262,-3.2830436
0.187264,-3.6991258
0.18726599,-3.9302826
0.187268,-3.9302826
0.18727,-3.745357
0.187272,-3.329275
0.187274,-2.728267
0.187276,-1.9885652
0.187278,-1.1564007
0.18728,-0.27800417
0.187282,0.64662313
0.187284,1.5250192
0.187286,2.3109517
0.187288,3.0044227
0.18729,3.5129685
0.187292,3.8365874
0.187294,3.9752812
0.187296,3.8828197
0.187298,3.5591989
0.1873,3.0968862
0.187302,2.4496465
0.187304,1.6637135
0.187306,0.8315482
0.187308,-0.09307861
0.18731,-1.0177064
0.187312,-1.8498712
0.187314,-2.589573
0.187316,-3.1905808
0.187318,-3.6528945
0.18732,-3.8840513
0.187322,-3.9302826
0.187324,-3.7915885
0.187326,-3.4217377
0.187328,-2.866961
0.18733,-2.1272593
0.187332,-1.3413262
0.187334,-0.41669846
0.187336,0.50792885
0.187338,1.3863249
0.18734,2.172258
0.187342,2.8657289
0.187344,3.420505
0.187346,3.7903562
0.187348,3.92905
0.18735,3.8828197
0.187352,3.6516623
0.187354,3.1893477
0.187356,2.542109
0.187358,1.8024073
0.18736,0.970243
0.187362,0.045615196
0.187364,-0.83278084
0.187366,-1.7111769
0.187368,-2.4508786
0.18737,-3.098118
0.187372,-3.6066632
0.187374,-3.8840513
0.18737599,-3.976514
0.187378,-3.8378198
0.18738,-3.467969
0.187382,-2.9594238
0.187384,-2.2659533
0.187386,-1.48002
0.187388,-0.601624
0.18739,0.3230033
0.187392,1.2476311
0.187394,2.033564
0.187396,2.7732663
0.187398,3.3742738
0.1874,3.744125
0.187402,3.92905
0.187404,1.8948698
0.187406,-1.48002
0.187408,-3.1905808
0.18741,-2.6820357
0.187412,-1.9423337
0.187414,-1.1101689
0.187416,-0.18554163
0.187418,0.7390857
0.18742,1.5712504
0.18742199,2.357184
0.187424,3.050654
0.187426,3.5591989
0.187428,3.8365874
0.18743,3.9752812
0.187432,3.8365874
0.187434,3.5591989
0.187436,3.050654
0.187438,2.4034152
0.18744,1.6174817
0.187442,0.7390857
0.187444,-0.18554163
0.187446,-1.0639377
0.187448,-1.8961024
0.18745,-2.6358042
0.187452,-3.236812
0.187454,-3.6991258
0.187456,-3.9302826
0.187458,-3.9302826
0.18746,-3.745357
0.187462,-3.3755062
0.187464,-2.8207297
0.187466,-2.081028
0.18746799,-1.2488632
0.18747,-0.3704667
0.187472,0.5541601
0.187474,1.4325566
0.187476,2.2184901
0.187478,2.9119601
0.18748,3.4667363
0.187482,3.7903562
0.187484,3.92905
0.187486,3.8828197
0.187488,3.605431
0.18749,3.1431174
0.187492,2.4958777
0.187494,1.756176
0.187496,0.87777996
0.187498,-6.160736E-4
0.1875,-0.9252434
0.187502,-1.7574081
0.187504,-2.4971101
0.187506,-3.1443493
0.187508,-3.6066632
0.18751,-3.8840513
0.187512,-3.976514
0.18751399,-3.7915885
0.187516,-3.467969
0.187518,-2.9131925
0.18752,-2.2197218
0.187522,-1.4337888
0.187524,-0.5091615
0.187526,0.4154663
0.187528,1.2938623
0.18753,2.0797954
0.187532,2.8194976
0.187534,3.3742738
0.187536,3.744125
0.187538,3.92905
0.18754,3.92905
0.187542,3.6978936
0.187544,3.23558
0.187546,2.6345725
0.187548,1.8948698
0.18755,1.0627055
0.187552,0.13807821
0.187554,-0.78654957
0.187556,-1.6187139
0.187558,-2.4046474
0.18756,-3.0518866
0.187562,-3.5604317
0.187564,-3.8378198
0.187566,-3.976514
0.187568,-3.8378198
0.18757,-3.5142004
0.187572,-3.0056553
0.187574,-2.3584158
0.187576,-1.5262513
0.187578,-0.694087
0.18758,0.23054075
0.187582,1.1551685
0.187584,1.9411016
0.187586,2.6808028
0.187588,3.2818112
0.18759,3.6978936
0.187592,3.92905
0.187594,3.92905
0.187596,3.744125
0.187598,3.3280425
0.1876,2.727035
0.187602,2.033564
0.187604,1.2013993
0.187606,0.3230033
0.187608,-0.601624
0.18761,-1.48002
0.187612,-2.2659533
0.187614,-2.9594238
0.187616,-3.467969
0.187618,-3.8378198
0.18762,-3.976514
0.187622,-3.8840513
0.187624,-3.6066632
0.187626,-3.098118
0.187628,-2.4971101
0.18763,-1.7111769
0.187632,-0.83278084
0.187634,0.091846466
0.187636,0.970243
0.187638,1.8024073
0.18764,2.5883412
0.187642,3.1893477
0.187644,3.6516623
0.187646,3.8828197
0.187648,3.92905
0.18765,3.7903562
0.187652,3.420505
0.187654,2.8657289
0.187656,2.172258
0.187658,1.3400936
0.18766,0.46169758
0.187662,-0.46292973
0.187664,-1.3413262
0.187666,-2.1272593
0.187668,-2.8207297
0.18766999,-3.4217377
0.187672,-3.7915885
0.187674,-3.9302826
0.187676,-3.8840513
0.187678,-3.6528945
0.18768,-3.1905808
0.187682,-2.589573
0.187684,-1.8498712
0.187686,-1.0177064
0.187688,-0.09307861
0.18769,0.8315482
0.187692,1.6637135
0.187694,2.4496465
0.187696,3.0968862
0.187698,3.605431
0.1877,3.8828197
0.187702,3.9752812
0.187704,3.8365874
0.187706,3.5129685
0.187708,2.9581914
0.18771,2.2647214
0.187712,1.4787879
0.187714,0.64662313
0.18771599,-0.27800417
0.187718,-1.202632
0.18772,-1.9885652
0.187722,-2.728267
0.187724,-3.329275
0.187726,-3.745357
0.187728,-3.9302826
0.18773,-3.9302826
0.187732,-3.6991258
0.187734,-3.2830436
0.187736,-2.728267
0.187738,-1.9885652
0.18774,-1.1564007
0.187742,-0.2317729
0.187744,0.6928544
0.187746,1.5250192
0.187748,2.3109517
0.18775,3.0044227
0.187752,3.5129685
0.187754,3.8365874
0.187756,3.9752812
0.187758,3.8828197
0.18776,3.5591989
0.18776199,3.050654
0.187764,2.4034152
0.187766,1.6174817
0.187768,0.7853174
0.18777,-0.13931036
0.187772,-1.0177064
0.187774,-1.8498712
0.187776,-2.589573
0.187778,-3.236812
0.18778,-3.6528945
0.187782,-3.9302826
0.187784,-3.9302826
0.187786,-3.745357
0.187788,-3.3755062
0.18779,-2.8207297
0.187792,-2.1272593
0.187794,-1.2950945
0.187796,-0.41669846
0.187798,0.50792885
0.1878,1.4325566
0.187802,2.2184901
0.187804,2.9119601
0.187806,3.4667363
0.18780799,3.7903562
0.18781,3.92905
0.187812,3.8828197
0.187814,3.6516623
0.187816,3.1893477
0.187818,2.542109
0.18782,1.756176
0.187822,0.92401123
0.187824,0.184309
0.187826,0.970243
0.187828,1.8024073
0.18783,2.5883412
0.187832,3.1893477
0.187834,3.6516623
0.187836,3.92905
0.187838,4.0215135
0.18784,3.8365874
0.187842,3.5129685
0.187844,2.9581914
0.187846,2.2647214
0.187848,1.4787879
0.18785,0.60039186
0.187852,-0.32423592
0.187854,-1.202632
0.187856,-2.0347965
0.187858,-2.728267
0.18786,-3.329275
0.187862,-3.745357
0.187864,-3.9302826
0.187866,-3.8840513
0.187868,-3.6991258
0.18787,-3.236812
0.187872,-2.6820357
0.187874,-1.8961024
0.187876,-1.0639377
0.187878,-0.18554163
0.18788,0.7390857
0.187882,1.6174817
0.187884,2.4034152
0.187886,3.050654
0.187888,3.5591989
0.18789,3.8365874
0.187892,3.9752812
0.187894,3.8365874
0.187896,3.5591989
0.187898,3.050654
0.1879,2.357184
0.187902,1.5712504
0.187904,0.7390857
0.187906,-0.18554163
0.187908,-1.0639377
0.18791,-1.8961024
0.187912,-2.6358042
0.187914,-3.236812
0.187916,-3.6991258
0.18791799,-3.9302826
0.18792,-3.9302826
0.187922,-3.745357
0.187924,-3.3755062
0.187926,-2.7744985
0.187928,-2.081028
0.18793,-1.2488632
0.187932,-0.3704667
0.187934,0.5541601
0.187936,1.4787879
0.187938,2.2647214
0.18794,2.9581914
0.187942,3.4667363
0.187944,3.8365874
0.187946,3.9752812
0.187948,3.8828197
0.18795,3.605431
0.187952,3.1431174
0.187954,2.4958777
0.187956,1.7099442
0.187958,0.87777996
0.18796,-0.046847343
0.187962,-0.9252434
0.18796399,-1.7574081
0.187966,-2.5433414
0.187968,-3.1443493
0.18797,-3.6528945
0.187972,-3.8840513
0.187974,-3.9302826
0.187976,-3.7915885
0.187978,-3.4217377
0.18798,-2.9131925
0.187982,-2.2197218
0.187984,-1.387557
0.187986,-0.5091615
0.187988,0.4154663
0.18799,1.2938623
0.187992,2.126027
0.187994,2.8194976
0.187996,3.3742738
0.187998,3.7903562
0.188,3.92905
0.188002,3.92905
0.188004,3.6516623
0.188006,3.23558
0.188008,2.6345725
0.18800999,1.8486385
0.188012,1.0164738
0.188014,0.13807821
0.188016,-0.78654957
0.188018,-1.6187139
0.18802,-2.4046474
0.188022,-3.0518866
0.188024,-3.5604317
0.188026,-3.8840513
0.188028,-3.976514
0.18803,-3.8378198
0.188032,-3.5142004
0.188034,-3.0056553
0.188036,-2.3121846
0.188038,-1.5262513
0.18804,-0.6478553
0.188042,0.27677202
0.188044,1.1551685
0.188046,1.9873328
0.188048,2.727035
0.18805,3.3280425
0.188052,3.6978936
0.188054,3.92905
0.18805599,3.92905
0.188058,3.744125
0.18806,3.3280425
0.188062,2.727035
0.188064,1.9873328
0.188066,1.2013993
0.188068,0.27677202
0.18807,-0.601624
0.188072,-1.48002
0.188074,-2.2659533
0.188076,-2.9594238
0.188078,-3.467969
0.18808,-3.8378198
0.188082,-3.976514
0.188084,-3.8840513
0.188086,-3.6066632
0.188088,-3.098118
0.18809,-2.4508786
0.188092,-1.6649456
0.188094,-0.83278084
0.188096,0.091846466
0.188098,1.0164738
0.1881,1.8486385
0.188102,2.5883412
0.188104,3.23558
0.188106,3.6516623
0.188108,3.92905
0.18811,3.92905
0.188112,3.7903562
0.188114,3.420505
0.188116,2.8657289
0.188118,2.126027
0.18812,1.3400936
0.188122,0.46169758
0.188124,-0.46292973
0.188126,-1.3413262
0.188128,-2.1272593
0.18813,-2.866961
0.188132,-3.4217377
0.188134,-3.7915885
0.188136,-3.9302826
0.188138,-3.8840513
0.18814,-3.6528945
0.188142,-3.1905808
0.188144,-2.589573
0.188146,-1.8036394
0.188148,-0.9714751
0.18815,-0.046847343
0.188152,0.8315482
0.188154,1.7099442
0.188156,2.4496465
0.188158,3.1431174
0.18816,3.605431
0.188162,3.8828197
0.188164,3.9752812
0.18816599,3.8365874
0.188168,3.4667363
0.18817,2.9581914
0.188172,2.2647214
0.188174,1.4787879
0.188176,0.60039186
0.188178,-0.32423592
0.18818,-1.202632
0.188182,-1.9885652
0.188184,-2.728267
0.188186,-3.329275
0.188188,-3.745357
0.18819,-3.9302826
0.188192,-3.9302826
0.188194,-3.6991258
0.188196,-3.2830436
0.188198,-2.728267
0.1882,-1.9423337
0.188202,-1.1564007
0.188204,-0.2317729
0.188206,0.6928544
0.188208,1.5712504
0.18821,2.357184
0.18821199,3.0044227
0.188214,3.5129685
0.188216,3.8365874
0.188218,3.9752812
0.18822,3.8828197
0.188222,3.5591989
0.188224,3.050654
0.188226,2.4034152
0.188228,1.6174817
0.18823,0.7853174
0.188232,-0.13931036
0.188234,-1.0639377
0.188236,-1.8498712
0.188238,-2.6358042
0.18824,-3.236812
0.188242,-3.6991258
0.188244,-2.6820357
0.188246,0.92401123
0.188248,3.605431
0.18825,3.3742738
0.188252,2.8194976
0.188254,2.0797954
0.188256,1.2938623
0.18825799,0.4154663
0.18826,-0.5091615
0.188262,-1.387557
0.188264,-2.1734905
0.188266,-2.9131925
0.188268,-3.4217377
0.18827,-3.7915885
0.188272,-3.9302826
0.188274,-3.8840513
0.188276,-3.6066632
0.188278,-3.1443493
0.18828,-2.5433414
0.188282,-1.7574081
0.188284,-0.9252434
0.188286,-6.160736E-4
0.188288,0.92401123
0.18829,1.756176
0.188292,2.542109
0.188294,3.1431174
0.188296,3.605431
0.188298,3.8828197
0.1883,3.9752812
0.188302,3.7903562
0.18830399,3.4667363
0.188306,2.9119601
0.188308,2.2184901
0.18831,1.4325566
0.188312,0.5541601
0.188314,-0.3704667
0.188316,-1.2488632
0.188318,-2.081028
0.18832,-2.7744985
0.188322,-3.3755062
0.188324,-3.745357
0.188326,-3.9302826
0.188328,-3.9302826
0.18833,-3.6991258
0.188332,-3.236812
0.188334,-2.6358042
0.188336,-1.8961024
0.188338,-1.0639377
0.18834,-0.13931036
0.188342,0.7390857
0.188344,1.6174817
0.188346,2.4034152
0.188348,3.050654
0.18835,3.5591989
0.188352,3.8828197
0.188354,3.9752812
0.188356,3.8365874
0.188358,3.5129685
0.18836,3.0044227
0.188362,2.357184
0.188364,1.5712504
0.188366,0.6928544
0.188368,-0.2317729
0.18837,-1.1101689
0.188372,-1.9423337
0.188374,-2.6820357
0.188376,-3.2830436
0.188378,-3.6991258
0.18838,-3.9302826
0.188382,-3.9302826
0.188384,-3.745357
0.188386,-3.329275
0.188388,-2.7744985
0.18839,-2.0347965
0.188392,-1.2488632
0.188394,-0.32423592
0.188396,0.60039186
0.188398,1.4787879
0.1884,2.2647214
0.188402,2.9581914
0.188404,3.4667363
0.188406,3.8365874
0.188408,3.9752812
0.18841,3.8828197
0.188412,3.605431
0.18841399,3.1431174
0.188416,2.4958777
0.188418,1.7099442
0.18842,0.87777996
0.188422,-0.046847343
0.188424,-0.9714751
0.188426,-1.8036394
0.188428,-2.5433414
0.18843,-3.1905808
0.188432,-3.6528945
0.188434,-3.8840513
0.188436,-3.9302826
0.188438,-3.7915885
0.18844,-3.4217377
0.188442,-2.866961
0.188444,-2.1734905
0.188446,-1.387557
0.188448,-0.46292973
0.18845,0.46169758
0.188452,1.3400936
0.188454,2.126027
0.188456,2.8657289
0.188458,3.420505
0.18845999,3.7903562
0.188462,3.92905
0.188464,3.92905
0.188466,3.6516623
0.188468,3.23558
0.18847,2.5883412
0.188472,1.8486385
0.188474,1.0164738
0.188476,0.091846466
0.188478,-0.78654957
0.18848,-1.6649456
0.188482,-2.4046474
0.188484,-3.098118
0.188486,-3.5604317
0.188488,-3.8840513
0.18849,-3.976514
0.188492,-3.8378198
0.188494,-3.5142004
0.188496,-3.0056553
0.188498,-2.3121846
0.1885,-1.5262513
0.188502,-0.6478553
0.188504,0.27677202
0.18850599,1.2013993
0.188508,1.9873328
0.18851,2.727035
0.188512,3.3280425
0.188514,3.744125
0.188516,3.92905
0.188518,3.92905
0.18852,3.6978936
0.188522,3.3280425
0.188524,2.727035
0.188526,1.9873328
0.188528,1.1551685
0.18853,0.27677202
0.188532,-0.6478553
0.188534,-1.48002
0.188536,-2.3121846
0.188538,-2.9594238
0.18854,-3.5142004
0.188542,-3.8378198
0.188544,-3.976514
0.188546,-3.8840513
0.188548,-3.5604317
0.18855,-3.098118
0.18855199,-2.4508786
0.188554,-1.6649456
0.188556,-0.78654957
0.188558,0.13807821
0.18856,1.0164738
0.188562,1.8486385
0.188564,2.6345725
0.188566,3.23558
0.188568,3.6516623
0.18857,3.92905
0.188572,3.92905
0.188574,3.7903562
0.188576,3.3742738
0.188578,2.8194976
0.18858,2.126027
0.188582,1.3400936
0.188584,0.4154663
0.188586,-0.5091615
0.188588,-1.387557
0.18859,-2.1734905
0.188592,-2.866961
0.188594,-3.4217377
0.188596,-3.7915885
0.188598,-3.9302826
0.1886,-3.8840513
0.188602,-3.6528945
0.188604,-3.1905808
0.188606,-2.5433414
0.188608,-1.8036394
0.18861,-0.9714751
0.188612,-0.046847343
0.188614,0.87777996
0.188616,1.7099442
0.188618,2.4958777
0.18862,3.1431174
0.188622,3.605431
0.188624,3.8828197
0.188626,3.9752812
0.188628,3.8365874
0.18863,3.4667363
0.188632,2.9581914
0.188634,2.2647214
0.188636,1.4787879
0.188638,0.60039186
0.18864,-0.32423592
0.188642,-1.2488632
0.188644,-2.0347965
0.188646,-2.7744985
0.188648,-3.329275
0.18865,-3.745357
0.188652,-3.9302826
0.188654,-3.9302826
0.188656,-3.6991258
0.188658,-3.2830436
0.18866,-2.6820357
0.188662,-1.9423337
0.188664,-0.32423592
0.188666,0.091846466
0.188668,-0.78654957
0.18867,-1.6187139
0.188672,-2.4046474
0.188674,-3.098118
0.188676,-3.6066632
0.188678,-3.8840513
0.18868,-4.022745
0.188682,-3.8840513
0.188684,-3.6066632
0.188686,-3.098118
0.188688,-2.4508786
0.18869,-1.6187139
0.188692,-0.78654957
0.188694,0.13807821
0.188696,1.0627055
0.188698,1.8948698
0.1887,2.6345725
0.188702,3.23558
0.188704,3.6516623
0.188706,3.8828197
0.18870799,3.92905
0.18871,3.744125
0.188712,3.3280425
0.188714,2.7732663
0.188716,2.0797954
0.188718,1.2476311
0.18872,0.36923456
0.188722,-0.55539227
0.188724,-1.4337888
0.188726,-2.2197218
0.188728,-2.9131925
0.18873,-3.467969
0.188732,-3.7915885
0.188734,-3.976514
0.188736,-3.8840513
0.188738,-3.6066632
0.18874,-3.1443493
0.188742,-2.5433414
0.188744,-1.7574081
0.188746,-0.9252434
0.188748,-6.160736E-4
0.18875,0.92401123
0.188752,1.756176
0.18875399,2.542109
0.188756,3.1893477
0.188758,3.6516623
0.18876,3.8828197
0.188762,3.9752812
0.188764,3.7903562
0.188766,3.420505
0.188768,2.9119601
0.18877,2.2184901
0.188772,1.4325566
0.188774,0.5541601
0.188776,-0.3704667
0.188778,-1.2950945
0.18878,-2.081028
0.188782,-2.8207297
0.188784,-3.3755062
0.188786,-3.745357
0.188788,-3.9302826
0.18879,-3.9302826
0.188792,-3.6991258
0.188794,-3.236812
0.188796,-2.6358042
0.188798,-1.8961024
0.18879999,-1.0639377
0.188802,-0.13931036
0.188804,0.7853174
0.188806,1.6174817
0.188808,2.4034152
0.18881,3.050654
0.188812,3.5591989
0.188814,3.8828197
0.188816,3.9752812
0.188818,3.8365874
0.18882,3.5129685
0.188822,3.0044227
0.188824,2.357184
0.188826,1.5250192
0.188828,0.6928544
0.18883,-0.2317729
0.188832,-1.1101689
0.188834,-1.9423337
0.188836,-2.6820357
0.188838,-3.2830436
0.18884,-3.6991258
0.188842,-3.9302826
0.188844,-3.9302826
0.18884599,-3.745357
0.188848,-3.329275
0.18885,-2.7744985
0.188852,-2.0347965
0.188854,-1.202632
0.188856,-0.32423592
0.188858,0.60039186
0.18886,1.4787879
0.188862,2.2647214
0.188864,2.9581914
0.188866,3.5129685
0.188868,3.8365874
0.18887,3.9752812
0.188872,3.8828197
0.188874,3.605431
0.188876,3.0968862
0.188878,2.4496465
0.18888,1.7099442
0.188882,0.8315482
0.188884,-0.046847343
0.188886,-0.9714751
0.188888,-1.8036394
0.18889,-2.5433414
0.188892,-3.1905808
0.188894,-3.6528945
0.188896,-3.8840513
0.188898,-3.9302826
0.1889,-3.7915885
0.188902,-3.4217377
0.188904,-2.866961
0.188906,-2.1734905
0.188908,-1.387557
0.18891,-0.46292973
0.188912,0.46169758
0.188914,1.3400936
0.188916,2.172258
0.188918,2.8657289
0.18892,3.420505
0.188922,3.7903562
0.188924,3.92905
0.188926,3.8828197
0.188928,3.6516623
0.18893,3.1893477
0.188932,2.5883412
0.188934,1.8486385
0.188936,1.0164738
0.188938,0.091846466
0.18894,-0.83278084
0.188942,-1.6649456
0.188944,-2.4508786
0.188946,-3.098118
0.188948,-3.5604317
0.18895,-3.8840513
0.188952,-3.976514
0.188954,-3.8378198
0.18895599,-3.5142004
0.188958,-2.9594238
0.18896,-2.3121846
0.188962,-1.48002
0.188964,-0.6478553
0.188966,0.27677202
0.188968,1.2013993
0.18897,2.033564
0.188972,2.727035
0.188974,3.3280425
0.188976,3.744125
0.188978,3.92905
0.18898,3.92905
0.188982,3.6978936
0.188984,3.2818112
0.188986,2.727035
0.188988,1.9873328
0.18899,1.1551685
0.188992,0.27677202
0.188994,-0.6478553
0.188996,-1.5262513
0.188998,-2.3121846
0.189,-3.0056553
0.18900199,-3.5142004
0.189004,-3.8378198
0.189006,-3.976514
0.189008,-3.8840513
0.18901,-3.5604317
0.189012,-3.098118
0.189014,-2.4508786
0.189016,-1.6187139
0.189018,-0.78654957
0.18902,0.13807821
0.189022,1.0627055
0.189024,1.8948698
0.189026,2.6345725
0.189028,3.23558
0.18903,3.6978936
0.189032,3.92905
0.189034,3.92905
0.189036,3.744125
0.189038,3.3742738
0.18904,2.8194976
0.189042,2.126027
0.189044,1.2938623
0.189046,0.4154663
0.18904799,-0.5091615
0.18905,-1.387557
0.189052,-2.1734905
0.189054,-2.866961
0.189056,-3.4217377
0.189058,-3.7915885
0.18906,-3.9302826
0.189062,-3.8840513
0.189064,-3.6528945
0.189066,-3.1905808
0.189068,-2.5433414
0.18907,-1.8036394
0.189072,-0.9252434
0.189074,-0.046847343
0.189076,0.87777996
0.189078,1.756176
0.18908,2.4958777
0.189082,3.1431174
0.189084,2.7732663
0.189086,-0.694087
0.189088,-3.6528945
0.18909,-3.8378198
0.189092,-3.467969
0.18909399,-2.9594238
0.189096,-2.2659533
0.189098,-1.48002
0.1891,-0.55539227
0.189102,0.36923456
0.189104,1.2476311
0.189106,2.0797954
0.189108,2.7732663
0.18911,3.3742738
0.189112,3.744125
0.189114,3.92905
0.189116,3.92905
0.189118,3.6978936
0.18912,3.23558
0.189122,2.6345725
0.189124,1.8948698
0.189126,1.0627055
0.189128,0.184309
0.18913,-0.7403178
0.189132,-1.5724826
0.189134,-2.3584158
0.189136,-3.0518866
0.189138,-3.5604317
0.18914,-3.8378198
0.189142,-3.976514
0.189144,-3.8378198
0.189146,-3.5604317
0.189148,-3.0518866
0.18915,-2.3584158
0.189152,-1.5724826
0.189154,-0.7403178
0.189156,0.184309
0.189158,1.1089368
0.18916,1.9411016
0.189162,2.6808028
0.189164,3.2818112
0.189166,3.6978936
0.189168,3.92905
0.18917,3.92905
0.189172,3.744125
0.189174,3.3280425
0.189176,2.7732663
0.189178,2.033564
0.18918,1.2476311
0.189182,0.36923456
0.189184,-0.55539227
0.189186,-1.4337888
0.189188,-2.2197218
0.18919,-2.9131925
0.189192,-3.467969
0.189194,-3.7915885
0.189196,-3.976514
0.189198,-3.8840513
0.1892,-3.6066632
0.189202,-3.1443493
0.18920399,-2.4971101
0.189206,-1.7111769
0.189208,-0.8790121
0.18921,0.045615196
0.189212,0.970243
0.189214,1.8024073
0.189216,2.542109
0.189218,3.1893477
0.18922,3.6516623
0.189222,3.8828197
0.189224,3.92905
0.189226,3.7903562
0.189228,3.420505
0.18923,2.8657289
0.189232,2.172258
0.189234,1.3863249
0.189236,0.50792885
0.189238,-0.41669846
0.18924,-1.2950945
0.189242,-2.081028
0.189244,-2.8207297
0.189246,-3.3755062
0.189248,-3.745357
0.18924999,-3.9302826
0.189252,-3.9302826
0.189254,-3.6528945
0.189256,-3.236812
0.189258,-2.6358042
0.18926,-1.8498712
0.189262,-1.0177064
0.189264,-0.13931036
0.189266,0.7853174
0.189268,1.6637135
0.18927,2.4496465
0.189272,3.0968862
0.189274,3.5591989
0.189276,3.8828197
0.189278,3.9752812
0.18928,3.8365874
0.189282,3.5129685
0.189284,3.0044227
0.189286,2.3109517
0.189288,1.5250192
0.18929,0.64662313
0.189292,-0.27800417
0.189294,-1.1564007
0.18929599,-1.9423337
0.189298,-2.6820357
0.1893,-3.2830436
0.189302,-3.6991258
0.189304,-3.9302826
0.189306,-3.9302826
0.189308,-3.745357
0.18931,-3.329275
0.189312,-2.728267
0.189314,-2.0347965
0.189316,-1.202632
0.189318,-0.27800417
0.18932,0.64662313
0.189322,1.4787879
0.189324,2.3109517
0.189326,3.0044227
0.189328,3.5129685
0.18933,3.8365874
0.189332,3.9752812
0.189334,3.8828197
0.189336,3.5591989
0.189338,3.0968862
0.18934,2.4496465
0.18934199,1.6637135
0.189344,0.8315482
0.189346,-0.09307861
0.189348,-1.0177064
0.18935,-1.8036394
0.189352,-2.589573
0.189354,-3.1905808
0.189356,-3.6528945
0.189358,-3.8840513
0.18936,-3.9302826
0.189362,-3.7915885
0.189364,-3.4217377
0.189366,-2.866961
0.189368,-2.1272593
0.18937,-1.3413262
0.189372,-0.46292973
0.189374,0.46169758
0.189376,1.3863249
0.189378,2.172258
0.18938,2.8657289
0.189382,3.420505
0.189384,3.7903562
0.189386,3.92905
0.189388,3.8828197
0.18939,3.6516623
0.189392,3.1893477
0.189394,2.5883412
0.189396,1.8024073
0.189398,0.970243
0.1894,0.091846466
0.189402,-0.83278084
0.189404,-1.6649456
0.189406,-2.4508786
0.189408,-3.098118
0.18941,-3.6066632
0.189412,-3.8840513
0.189414,-3.976514
0.189416,-3.8378198
0.189418,-3.467969
0.18942,-2.9594238
0.189422,-2.2659533
0.189424,-1.48002
0.189426,-0.601624
0.189428,0.3230033
0.18943,1.2476311
0.189432,2.033564
0.189434,2.7732663
0.189436,3.3280425
0.189438,3.744125
0.18944,3.92905
0.189442,3.92905
0.189444,3.6978936
0.189446,3.2818112
0.189448,2.6808028
0.18945,1.9411016
0.18945199,1.1089368
0.189454,0.23054075
0.189456,-0.694087
0.189458,-1.5262513
0.18946,-2.3121846
0.189462,-3.0056553
0.189464,-3.5142004
0.189466,-3.8378198
0.189468,-3.976514
0.18947,-3.8378198
0.189472,-3.5604317
0.189474,-3.0518866
0.189476,-2.4046474
0.189478,-1.6187139
0.18948,-0.7403178
0.189482,0.184309
0.189484,1.0627055
0.189486,1.8948698
0.189488,2.6345725
0.18949,3.23558
0.189492,3.6978936
0.189494,3.92905
0.189496,3.92905
0.18949799,3.744125
0.1895,3.3742738
0.189502,2.8194976
0.189504,1.6637135
0.189506,-0.9714751
0.189508,-0.32423592
0.18951,0.60039186
0.189512,1.4787879
0.189514,2.2647214
0.189516,2.9581914
0.189518,3.5129685
0.18952,3.8365874
0.189522,4.0215135
0.189524,3.92905
0.189526,3.6516623
0.189528,3.1893477
0.18953,2.542109
0.189532,1.8024073
0.189534,0.92401123
0.189536,0.045615196
0.189538,-0.8790121
0.18954,-1.7111769
0.189542,-2.4971101
0.18954399,-3.1443493
0.189546,-3.6066632
0.189548,-3.8840513
0.18955,-3.9302826
0.189552,-3.7915885
0.189554,-3.467969
0.189556,-2.9131925
0.189558,-2.2197218
0.18956,-1.4337888
0.189562,-0.55539227
0.189564,0.36923456
0.189566,1.2938623
0.189568,2.0797954
0.18957,2.8194976
0.189572,3.3742738
0.189574,3.744125
0.189576,3.92905
0.189578,3.92905
0.18958,3.6978936
0.189582,3.23558
0.189584,2.6345725
0.189586,1.8948698
0.189588,1.0627055
0.18958999,0.184309
0.189592,-0.7403178
0.189594,-1.5724826
0.189596,-2.3584158
0.189598,-3.0518866
0.1896,-3.5604317
0.189602,-3.8378198
0.189604,-3.976514
0.189606,-3.8378198
0.189608,-3.5142004
0.18961,-3.0518866
0.189612,-2.3584158
0.189614,-1.5724826
0.189616,-0.694087
0.189618,0.23054075
0.18962,1.1089368
0.189622,1.9411016
0.189624,2.6808028
0.189626,3.2818112
0.189628,3.6978936
0.18963,3.92905
0.189632,3.92905
0.189634,3.744125
0.189636,3.3280425
0.189638,2.7732663
0.18964,2.033564
0.189642,1.2476311
0.189644,0.3230033
0.189646,-0.601624
0.189648,-1.48002
0.18965,-2.2659533
0.189652,-2.9594238
0.189654,-3.467969
0.189656,-3.8378198
0.189658,-3.976514
0.18966,-3.8840513
0.189662,-3.6066632
0.189664,-3.1443493
0.189666,-2.4971101
0.189668,-1.7111769
0.18967,-0.8790121
0.189672,0.045615196
0.189674,0.970243
0.189676,1.8024073
0.189678,2.5883412
0.18968,3.1893477
0.189682,3.6516623
0.189684,3.8828197
0.189686,3.92905
0.189688,3.7903562
0.18969,3.420505
0.189692,2.8657289
0.189694,2.172258
0.189696,1.3863249
0.189698,0.50792885
0.18969999,-0.41669846
0.189702,-1.3413262
0.189704,-2.1272593
0.189706,-2.8207297
0.189708,-3.3755062
0.18971,-3.7915885
0.189712,-3.9302826
0.189714,-3.9302826
0.189716,-3.6528945
0.189718,-3.236812
0.18972,-2.6358042
0.189722,-1.8498712
0.189724,-1.0177064
0.189726,-0.09307861
0.189728,0.8315482
0.18973,1.6637135
0.189732,2.4496465
0.189734,3.0968862
0.189736,3.605431
0.189738,3.8828197
0.18974,3.9752812
0.189742,3.8365874
0.189744,3.5129685
0.18974599,3.0044227
0.189748,2.3109517
0.18975,1.5250192
0.189752,0.64662313
0.189754,-0.27800417
0.189756,-1.1564007
0.189758,-1.9885652
0.18976,-2.728267
0.189762,-3.2830436
0.189764,-3.6991258
0.189766,-3.9302826
0.189768,-3.9302826
0.18977,-3.6991258
0.189772,-3.329275
0.189774,-2.728267
0.189776,-1.9885652
0.189778,-1.1564007
0.18978,-0.27800417
0.189782,0.64662313
0.189784,1.5250192
0.189786,2.3109517
0.189788,3.0044227
0.18979,3.5129685
0.18979199,3.8365874
0.189794,3.9752812
0.189796,3.8828197
0.189798,3.5591989
0.1898,3.0968862
0.189802,2.4496465
0.189804,1.6637135
0.189806,0.7853174
0.189808,-0.09307861
0.18981,-1.0177064
0.189812,-1.8498712
0.189814,-2.589573
0.189816,-3.236812
0.189818,-3.6528945
0.18982,-3.9302826
0.189822,-3.9302826
0.189824,-3.7915885
0.189826,-3.3755062
0.189828,-2.8207297
0.18983,-2.1272593
0.189832,-1.3413262
0.189834,-0.41669846
0.189836,0.50792885
0.18983799,1.3863249
0.18984,2.172258
0.189842,2.8657289
0.189844,3.420505
0.189846,3.7903562
0.189848,3.92905
0.18985,3.8828197
0.189852,3.6516623
0.189854,3.1893477
0.189856,2.542109
0.189858,1.8024073
0.18986,0.970243
0.189862,0.045615196
0.189864,-0.8790121
0.189866,-1.7111769
0.189868,-2.4508786
0.18987,-3.098118
0.189872,-3.6066632
0.189874,-3.8840513
0.189876,-3.9302826
0.189878,-3.8378198
0.18988,-3.467969
0.189882,-2.9594238
0.18988399,-2.2659533
0.189886,-1.48002
0.189888,-0.601624
0.18989,0.3230033
0.189892,1.2476311
0.189894,2.033564
0.189896,2.7732663
0.189898,3.3742738
0.1899,3.744125
0.189902,3.92905
0.189904,3.92905
0.189906,3.6978936
0.189908,3.2818112
0.18991,2.6808028
0.189912,1.9411016
0.189914,1.1089368
0.189916,0.23054075
0.189918,-0.694087
0.18992,-1.5724826
0.189922,-2.3584158
0.189924,-2.8207297
0.189926,0.5541601
0.189928,3.6978936
0.18993,3.9752812
0.189932,3.8828197
0.189934,3.5591989
0.189936,3.050654
0.189938,2.4034152
0.18994,1.6174817
0.189942,0.7853174
0.189944,-0.13931036
0.189946,-1.0639377
0.189948,-1.8961024
0.18995,-2.6358042
0.189952,-3.236812
0.189954,-3.6528945
0.189956,-3.8840513
0.189958,-3.9302826
0.18996,-3.745357
0.189962,-3.3755062
0.189964,-2.7744985
0.189966,-2.081028
0.189968,-1.2488632
0.18997,-0.3704667
0.189972,0.5541601
0.189974,1.4787879
0.189976,2.2647214
0.189978,2.9581914
0.18998,3.4667363
0.189982,3.8365874
0.189984,3.9752812
0.189986,3.8828197
0.189988,3.605431
0.18999,3.1431174
0.189992,2.4958777
0.18999399,1.756176
0.189996,0.92401123
0.189998,-6.160736E-4
0.19,-0.9252434
0.190002,-1.7574081
0.190004,-2.4971101
0.190006,-3.1443493
0.190008,-3.6066632
0.19001,-3.8840513
0.190012,-3.9302826
0.190014,-3.7915885
0.190016,-3.4217377
0.190018,-2.9131925
0.19002,-2.2197218
0.190022,-1.4337888
0.190024,-0.5091615
0.190026,0.4154663
0.190028,1.2938623
0.19003,2.126027
0.190032,2.8194976
0.190034,3.3742738
0.190036,3.7903562
0.190038,3.92905
0.19003999,3.92905
0.190042,3.6978936
0.190044,3.23558
0.190046,2.6345725
0.190048,1.8948698
0.19005,1.0627055
0.190052,0.13807821
0.190054,-0.78654957
0.190056,-1.6187139
0.190058,-2.4046474
0.19006,-3.0518866
0.190062,-3.5604317
0.190064,-3.8378198
0.190066,-3.976514
0.190068,-3.8378198
0.19007,-3.5142004
0.190072,-3.0056553
0.190074,-2.3584158
0.190076,-1.5262513
0.190078,-0.694087
0.19008,0.23054075
0.190082,1.1551685
0.190084,1.9873328
0.19008599,2.727035
0.190088,3.2818112
0.19009,3.6978936
0.190092,3.92905
0.190094,3.92905
0.190096,3.744125
0.190098,3.3280425
0.1901,2.727035
0.190102,2.033564
0.190104,1.2013993
0.190106,0.3230033
0.190108,-0.601624
0.19011,-1.48002
0.190112,-2.2659533
0.190114,-2.9594238
0.190116,-3.467969
0.190118,-3.8378198
0.19012,-3.976514
0.190122,-3.8840513
0.190124,-3.6066632
0.190126,-3.098118
0.190128,-2.4508786
0.19013,-1.6649456
0.19013199,-0.83278084
0.190134,0.091846466
0.190136,1.0164738
0.190138,1.8486385
0.19014,2.5883412
0.190142,3.23558
0.190144,3.6516623
0.190146,3.92905
0.190148,3.9752812
0.19015,3.7903562
0.190152,3.420505
0.190154,2.8657289
0.190156,2.172258
0.190158,1.3863249
0.19016,0.46169758
0.190162,-0.46292973
0.190164,-1.3413262
0.190166,-2.1272593
0.190168,-2.8207297
0.19017,-3.4217377
0.190172,-3.7915885
0.190174,-3.9302826
0.190176,-3.8840513
0.190178,-3.6528945
0.19018,-3.1905808
0.190182,-2.589573
0.190184,-1.8036394
0.190186,-0.9714751
0.190188,-0.09307861
0.19019,0.8315482
0.190192,1.7099442
0.190194,2.4496465
0.190196,3.0968862
0.190198,3.605431
0.1902,3.8828197
0.190202,3.9752812
0.190204,3.8365874
0.190206,3.5129685
0.190208,2.9581914
0.19021,2.3109517
0.190212,1.4787879
0.190214,0.64662313
0.190216,-0.27800417
0.190218,-1.202632
0.19022,-1.9885652
0.190222,-2.728267
0.190224,-3.329275
0.190226,-3.745357
0.190228,-3.9302826
0.19023,-3.9302826
0.190232,-3.6991258
0.190234,-3.2830436
0.190236,-2.728267
0.190238,-1.9885652
0.19024,-1.1564007
0.19024199,-0.2317729
0.190244,0.6928544
0.190246,1.5250192
0.190248,2.357184
0.19025,3.0044227
0.190252,3.5129685
0.190254,3.8365874
0.190256,3.9752812
0.190258,3.8828197
0.19026,3.5591989
0.190262,3.0968862
0.190264,2.4034152
0.190266,1.6174817
0.190268,0.7853174
0.19027,-0.13931036
0.190272,-1.0177064
0.190274,-1.8498712
0.190276,-2.6358042
0.190278,-3.236812
0.19028,-3.6528945
0.190282,-3.9302826
0.190284,-3.9302826
0.190286,-3.745357
0.19028799,-3.3755062
0.19029,-2.8207297
0.190292,-2.1272593
0.190294,-1.2950945
0.190296,-0.41669846
0.190298,0.50792885
0.1903,1.4325566
0.190302,2.2184901
0.190304,2.9119601
0.190306,3.4667363
0.190308,3.7903562
0.19031,3.9752812
0.190312,3.8828197
0.190314,3.6516623
0.190316,3.1893477
0.190318,2.542109
0.19032,1.756176
0.190322,0.92401123
0.190324,0.045615196
0.190326,-0.8790121
0.190328,-1.7111769
0.19033,-2.4971101
0.190332,-3.1443493
0.19033399,-3.6066632
0.190336,-3.8840513
0.190338,-3.976514
0.19034,-3.7915885
0.190342,-3.467969
0.190344,-2.9594238
0.190346,0.4154663
0.190348,1.3400936
0.19035,0.50792885
0.190352,-0.41669846
0.190354,-1.2950945
0.190356,-2.081028
0.190358,-2.8207297
0.19036,-3.3755062
0.190362,-3.7915885
0.190364,-3.976514
0.190366,-3.9302826
0.190368,-3.6991258
0.19037,-3.2830436
0.190372,-2.6820357
0.190374,-1.9423337
0.190376,-1.1101689
0.190378,-0.18554163
0.19037999,0.7390857
0.190382,1.5712504
0.190384,2.357184
0.190386,3.050654
0.190388,3.5591989
0.19039,3.8365874
0.190392,3.92905
0.190394,3.8365874
0.190396,3.5129685
0.190398,3.0044227
0.1904,2.357184
0.190402,1.5712504
0.190404,0.7390857
0.190406,-0.18554163
0.190408,-1.1101689
0.19041,-1.8961024
0.190412,-2.6358042
0.190414,-3.2830436
0.190416,-3.6991258
0.190418,-3.9302826
0.19042,-3.9302826
0.190422,-3.745357
0.190424,-3.3755062
0.190426,-2.7744985
0.190428,-2.081028
0.19043,-1.2488632
0.190432,-0.32423592
0.190434,0.60039186
0.190436,1.4787879
0.190438,2.2647214
0.19044,2.9581914
0.190442,3.4667363
0.190444,3.8365874
0.190446,3.9752812
0.190448,3.8828197
0.19045,3.605431
0.190452,3.1431174
0.190454,2.4958777
0.190456,1.7099442
0.190458,0.87777996
0.19046,-0.046847343
0.190462,-0.9252434
0.190464,-1.7574081
0.190466,-2.5433414
0.190468,-3.1905808
0.19047,-3.6066632
0.190472,-3.8840513
0.190474,-3.9302826
0.190476,-3.7915885
0.190478,-3.4217377
0.19048,-2.9131925
0.190482,-2.2197218
0.190484,-1.387557
0.190486,-0.5091615
0.190488,0.4154663
0.19048999,1.3400936
0.190492,2.126027
0.190494,2.8194976
0.190496,3.420505
0.190498,3.7903562
0.1905,3.92905
0.190502,3.92905
0.190504,3.6516623
0.190506,3.23558
0.190508,2.6345725
0.19051,1.8486385
0.190512,1.0164738
0.190514,0.13807821
0.190516,-0.78654957
0.190518,-1.6187139
0.19052,-2.4046474
0.190522,-3.0518866
0.190524,-3.5604317
0.190526,-3.8840513
0.190528,-3.976514
0.19053,-3.8378198
0.190532,-3.5142004
0.190534,-3.0056553
0.19053599,-2.3121846
0.190538,-1.5262513
0.19054,-0.6478553
0.190542,0.27677202
0.190544,1.1551685
0.190546,1.9873328
0.190548,2.727035
0.19055,3.3280425
0.190552,3.6978936
0.190554,3.92905
0.190556,3.92905
0.190558,3.744125
0.19056,3.3280425
0.190562,2.727035
0.190564,1.9873328
0.190566,1.2013993
0.190568,0.27677202
0.19057,-0.6478553
0.190572,-1.48002
0.190574,-2.2659533
0.190576,-2.9594238
0.190578,-3.5142004
0.19058,-3.8378198
0.19058199,-3.976514
0.190584,-3.8840513
0.190586,-3.6066632
0.190588,-3.098118
0.19059,-2.4508786
0.190592,-1.6649456
0.190594,-0.83278084
0.190596,0.091846466
0.190598,1.0164738
0.1906,1.8486385
0.190602,2.5883412
0.190604,3.23558
0.190606,3.6516623
0.190608,3.92905
0.19061,3.92905
0.190612,3.7903562
0.190614,3.420505
0.190616,2.8657289
0.190618,2.126027
0.19062,1.3400936
0.190622,0.46169758
0.190624,-0.46292973
0.190626,-1.3413262
0.19062799,-2.1272593
0.19063,-2.866961
0.190632,-3.4217377
0.190634,-3.7915885
0.190636,-3.9302826
0.190638,-3.8840513
0.19064,-3.6528945
0.190642,-3.1905808
0.190644,-2.589573
0.190646,-1.8036394
0.190648,-0.9714751
0.19065,-0.046847343
0.190652,0.87777996
0.190654,1.7099442
0.190656,2.4958777
0.190658,3.1431174
0.19066,3.605431
0.190662,3.8828197
0.190664,3.9752812
0.190666,3.8365874
0.190668,3.4667363
0.19067,2.9581914
0.190672,2.2647214
0.190674,1.4787879
0.190676,0.60039186
0.190678,-0.32423592
0.19068,-1.202632
0.190682,-2.0347965
0.190684,-2.728267
0.190686,-3.329275
0.190688,-3.745357
0.19069,-3.9302826
0.190692,-3.9302826
0.190694,-3.6991258
0.190696,-3.2830436
0.190698,-2.6820357
0.1907,-1.9423337
0.190702,-1.1101689
0.190704,-0.2317729
0.190706,0.6928544
0.190708,1.5712504
0.19071,2.357184
0.190712,3.0044227
0.190714,3.5129685
0.190716,3.8365874
0.190718,3.9752812
0.19072,3.8828197
0.190722,3.5591989
0.190724,3.050654
0.190726,2.4034152
0.190728,1.6174817
0.19073,0.7853174
0.190732,-0.13931036
0.190734,-1.0639377
0.190736,-1.8961024
0.19073799,-2.6358042
0.19074,-3.236812
0.190742,-3.6991258
0.190744,-3.9302826
0.190746,-3.9302826
0.190748,-3.745357
0.19075,-3.3755062
0.190752,-2.8207297
0.190754,-2.081028
0.190756,-1.2950945
0.190758,-0.3704667
0.19076,0.5541601
0.190762,1.4325566
0.190764,2.2647214
0.190766,-0.601624
0.190768,-3.329275
0.19077,-3.8378198
0.190772,-3.976514
0.190774,-3.9302826
0.190776,-3.6528945
0.190778,-3.1905808
0.19078,-2.5433414
0.190782,-1.8036394
0.19078399,-0.9252434
0.190786,-0.046847343
0.190788,0.87777996
0.19079,1.756176
0.190792,2.4958777
0.190794,3.1431174
0.190796,3.605431
0.190798,3.8828197
0.1908,3.92905
0.190802,3.7903562
0.190804,3.420505
0.190806,2.9119601
0.190808,2.2184901
0.19081,1.4325566
0.190812,0.5541601
0.190814,-0.3704667
0.190816,-1.2950945
0.190818,-2.081028
0.19082,-2.8207297
0.190822,-3.3755062
0.190824,-3.745357
0.190826,-3.9302826
0.190828,-3.9302826
0.19082999,-3.6991258
0.190832,-3.236812
0.190834,-2.6358042
0.190836,-1.8961024
0.190838,-1.0639377
0.19084,-0.13931036
0.190842,0.7390857
0.190844,1.6174817
0.190846,2.4034152
0.190848,3.050654
0.19085,3.5591989
0.190852,3.8365874
0.190854,3.9752812
0.190856,3.8365874
0.190858,3.5129685
0.19086,3.0044227
0.190862,2.357184
0.190864,1.5712504
0.190866,0.6928544
0.190868,-0.2317729
0.19087,-1.1101689
0.190872,-1.9423337
0.190874,-2.6820357
0.19087599,-3.2830436
0.190878,-3.6991258
0.19088,-3.9302826
0.190882,-3.9302826
0.190884,-3.745357
0.190886,-3.329275
0.190888,-2.7744985
0.19089,-2.0347965
0.190892,-1.202632
0.190894,-0.32423592
0.190896,0.60039186
0.190898,1.4787879
0.1909,2.2647214
0.190902,2.9581914
0.190904,3.4667363
0.190906,3.8365874
0.190908,3.9752812
0.19091,3.8828197
0.190912,3.605431
0.190914,3.0968862
0.190916,2.4496465
0.190918,1.7099442
0.19092,0.87777996
0.190922,-0.046847343
0.190924,-0.9714751
0.190926,-1.8036394
0.190928,-2.5433414
0.19093,-3.1905808
0.190932,-3.6528945
0.190934,-3.8840513
0.190936,-3.9302826
0.190938,-3.7915885
0.19094,-3.4217377
0.190942,-2.866961
0.190944,-2.1734905
0.190946,-1.387557
0.190948,-0.46292973
0.19095,0.46169758
0.190952,1.3400936
0.190954,2.126027
0.190956,2.8657289
0.190958,3.420505
0.19096,3.7903562
0.190962,3.92905
0.190964,3.92905
0.190966,3.6516623
0.190968,3.23558
0.19097,2.5883412
0.190972,1.8486385
0.190974,1.0164738
0.190976,0.091846466
0.190978,-0.78654957
0.19098,-1.6649456
0.190982,-2.4046474
0.190984,-3.098118
0.190986,-3.5604317
0.190988,-3.8840513
0.19099,-3.976514
0.190992,-3.8378198
0.190994,-3.5142004
0.190996,-3.0056553
0.190998,-2.3121846
0.191,-1.48002
0.191002,-0.6478553
0.191004,0.27677202
0.191006,1.2013993
0.191008,1.9873328
0.19101,2.727035
0.191012,3.3280425
0.191014,3.744125
0.191016,3.92905
0.191018,3.92905
0.19102,3.6978936
0.191022,3.2818112
0.191024,2.727035
0.191026,1.9873328
0.191028,1.1551685
0.19103,0.27677202
0.19103199,-0.6478553
0.191034,-1.48002
0.191036,-2.3121846
0.191038,-2.9594238
0.19104,-3.5142004
0.191042,-3.8378198
0.191044,-3.976514
0.191046,-3.8840513
0.191048,-3.5604317
0.19105,-3.098118
0.191052,-2.4508786
0.191054,-1.6649456
0.191056,-0.78654957
0.191058,0.13807821
0.19106,1.0164738
0.191062,1.8486385
0.191064,2.6345725
0.191066,3.23558
0.191068,3.6516623
0.19107,3.92905
0.191072,3.92905
0.191074,3.7903562
0.191076,3.3742738
0.19107799,2.8194976
0.19108,2.126027
0.191082,1.2938623
0.191084,0.4154663
0.191086,-0.5091615
0.191088,-1.387557
0.19109,-2.1734905
0.191092,-2.866961
0.191094,-3.4217377
0.191096,-3.7915885
0.191098,-3.9302826
0.1911,-3.8840513
0.191102,-3.6528945
0.191104,-3.1905808
0.191106,-2.5433414
0.191108,-1.8036394
0.19111,-0.9252434
0.191112,-0.046847343
0.191114,0.87777996
0.191116,1.7099442
0.191118,2.4958777
0.19112,3.1431174
0.191122,3.605431
0.19112399,3.8828197
0.191126,3.9752812
0.191128,3.8365874
0.19113,3.4667363
0.191132,2.9581914
0.191134,2.2647214
0.191136,1.4787879
0.191138,0.60039186
0.19114,-0.32423592
0.191142,-1.2488632
0.191144,-2.0347965
0.191146,-2.7744985
0.191148,-3.329275
0.19115,-3.745357
0.191152,-3.9302826
0.191154,-3.9302826
0.191156,-3.6991258
0.191158,-3.2830436
0.19116,-2.6820357
0.191162,-1.9423337
0.191164,-1.1101689
0.191166,-0.18554163
0.191168,0.7390857
0.19116999,1.5712504
0.191172,2.357184
0.191174,3.050654
0.191176,3.5591989
0.191178,3.8365874
0.19118,3.9752812
0.191182,3.8365874
0.191184,3.5591989
0.191186,0.6928544
0.191188,-2.0347965
0.19119,-1.5262513
0.191192,-0.694087
0.191194,0.23054075
0.191196,1.1551685
0.191198,1.9411016
0.1912,2.6808028
0.191202,3.2818112
0.191204,3.6978936
0.191206,3.92905
0.191208,3.9752812
0.19121,3.7903562
0.191212,3.3742738
0.191214,2.8194976
0.191216,2.0797954
0.191218,1.2938623
0.19122,0.36923456
0.191222,-0.55539227
0.191224,-1.4337888
0.191226,-2.2197218
0.191228,-2.9131925
0.19123,-3.467969
0.191232,-3.7915885
0.191234,-3.9302826
0.191236,-3.8840513
0.191238,-3.6066632
0.19124,-3.1443493
0.191242,-2.4971101
0.191244,-1.7574081
0.191246,-0.8790121
0.191248,0.045615196
0.19125,0.92401123
0.191252,1.756176
0.191254,2.542109
0.191256,3.1893477
0.191258,3.6516623
0.19126,3.8828197
0.191262,3.9752812
0.191264,3.7903562
0.191266,3.420505
0.191268,2.9119601
0.19127,2.2184901
0.191272,1.4325566
0.191274,0.50792885
0.191276,-0.3704667
0.191278,-1.2950945
0.19127999,-2.081028
0.191282,-2.8207297
0.191284,-3.3755062
0.191286,-3.745357
0.191288,-3.9302826
0.19129,-3.9302826
0.191292,-3.6991258
0.191294,-3.236812
0.191296,-2.6358042
0.191298,-1.8961024
0.1913,-1.0639377
0.191302,-0.13931036
0.191304,0.7853174
0.191306,1.6174817
0.191308,2.4034152
0.19131,3.050654
0.191312,3.5591989
0.191314,3.8828197
0.191316,3.9752812
0.191318,3.8365874
0.19132,3.5129685
0.191322,3.0044227
0.191324,2.357184
0.19132599,1.5250192
0.191328,0.6928544
0.19133,-0.2317729
0.191332,-1.1564007
0.191334,-1.9423337
0.191336,-2.6820357
0.191338,-3.2830436
0.19134,-3.6991258
0.191342,-3.9302826
0.191344,-3.9302826
0.191346,-3.745357
0.191348,-3.329275
0.19135,-2.7744985
0.191352,-2.0347965
0.191354,-1.202632
0.191356,-0.27800417
0.191358,0.60039186
0.19136,1.4787879
0.191362,2.3109517
0.191364,2.9581914
0.191366,3.5129685
0.191368,3.8365874
0.19137,3.9752812
0.19137199,3.8828197
0.191374,3.605431
0.191376,3.0968862
0.191378,2.4496465
0.19138,1.6637135
0.191382,0.8315482
0.191384,-0.09307861
0.191386,-0.9714751
0.191388,-1.8036394
0.19139,-2.589573
0.191392,-3.1905808
0.191394,-3.6528945
0.191396,-3.8840513
0.191398,-3.9302826
0.1914,-3.7915885
0.191402,-3.4217377
0.191404,-2.866961
0.191406,-2.1734905
0.191408,-1.3413262
0.19141,-0.46292973
0.191412,0.46169758
0.191414,1.3400936
0.191416,2.172258
0.19141799,2.8657289
0.19142,3.420505
0.191422,3.7903562
0.191424,3.9752812
0.191426,3.92905
0.191428,3.6516623
0.19143,3.1893477
0.191432,2.5883412
0.191434,1.8024073
0.191436,1.0164738
0.191438,0.091846466
0.19144,-0.83278084
0.191442,-1.6649456
0.191444,-2.4508786
0.191446,-3.098118
0.191448,-3.6066632
0.19145,-3.8840513
0.191452,-3.976514
0.191454,-3.8378198
0.191456,-3.5142004
0.191458,-2.9594238
0.19146,-2.3121846
0.191462,-1.48002
0.191464,-0.601624
0.191466,0.3230033
0.191468,1.2013993
0.19147,2.033564
0.191472,2.7732663
0.191474,3.3280425
0.191476,3.744125
0.191478,3.92905
0.19148,3.92905
0.191482,3.6978936
0.191484,3.2818112
0.191486,2.6808028
0.191488,1.9873328
0.19149,1.1551685
0.191492,0.23054075
0.191494,-0.6478553
0.191496,-1.5262513
0.191498,-2.3121846
0.1915,-3.0056553
0.191502,-3.5142004
0.191504,-3.8378198
0.191506,-3.976514
0.191508,-3.8840513
0.19151,-3.5604317
0.191512,-3.098118
0.191514,-2.4046474
0.191516,-1.6187139
0.191518,-0.78654957
0.19152,0.13807821
0.191522,1.0627055
0.191524,1.8948698
0.191526,2.6345725
0.19152799,3.23558
0.19153,3.6978936
0.191532,3.92905
0.191534,3.92905
0.191536,3.744125
0.191538,3.3742738
0.19154,2.8194976
0.191542,2.126027
0.191544,1.2938623
0.191546,0.4154663
0.191548,-0.5091615
0.19155,-1.387557
0.191552,-2.1734905
0.191554,-2.866961
0.191556,-3.4217377
0.191558,-3.7915885
0.19156,-3.9302826
0.191562,-3.8840513
0.191564,-3.6528945
0.191566,-3.1905808
0.191568,-2.5433414
0.19157,-1.7574081
0.191572,-0.9252434
0.19157399,-6.160736E-4
0.191576,0.87777996
0.191578,1.756176
0.19158,2.4958777
0.191582,3.1431174
0.191584,3.605431
0.191586,3.8828197
0.191588,3.9752812
0.19159,3.7903562
0.191592,3.4667363
0.191594,2.9119601
0.191596,2.2184901
0.191598,1.4325566
0.1916,0.5541601
0.191602,-0.3704667
0.191604,-1.2488632
0.191606,1.0627055
0.191608,2.8194976
0.19161,3.420505
0.191612,3.7903562
0.191614,3.9752812
0.191616,3.9752812
0.191618,3.744125
0.19161999,3.2818112
0.191622,2.6808028
0.191624,1.9411016
0.191626,1.1089368
0.191628,0.23054075
0.19163,-0.694087
0.191632,-1.5724826
0.191634,-2.3584158
0.191636,-3.0056553
0.191638,-3.5142004
0.19164,-3.8378198
0.191642,-3.9302826
0.191644,-3.8378198
0.191646,-3.5142004
0.191648,-3.0056553
0.19165,-2.3584158
0.191652,-1.5724826
0.191654,-0.694087
0.191656,0.23054075
0.191658,1.1089368
0.19166,1.9411016
0.191662,2.6808028
0.191664,3.2818112
0.19166599,3.6978936
0.191668,3.92905
0.19167,3.92905
0.191672,3.744125
0.191674,3.3280425
0.191676,2.7732663
0.191678,2.033564
0.19168,1.2476311
0.191682,0.36923456
0.191684,-0.55539227
0.191686,-1.4337888
0.191688,-2.2197218
0.19169,-2.9131925
0.191692,-3.467969
0.191694,-3.7915885
0.191696,-3.9302826
0.191698,-3.8840513
0.1917,-3.6066632
0.191702,-3.1443493
0.191704,-2.4971101
0.191706,-1.7111769
0.191708,-0.8790121
0.19171,0.045615196
0.191712,0.970243
0.191714,1.8024073
0.191716,2.542109
0.191718,3.1893477
0.19172,3.6516623
0.191722,3.8828197
0.191724,3.9752812
0.191726,3.7903562
0.191728,3.420505
0.19173,2.8657289
0.191732,2.172258
0.191734,1.3863249
0.191736,0.50792885
0.191738,-0.41669846
0.19174,-1.2950945
0.191742,-2.081028
0.191744,-2.8207297
0.191746,-3.3755062
0.191748,-3.745357
0.19175,-3.9302826
0.191752,-3.9302826
0.191754,-3.6528945
0.191756,-3.236812
0.191758,-2.6358042
0.19176,-1.8498712
0.191762,-1.0177064
0.191764,-0.09307861
0.191766,0.7853174
0.191768,1.6637135
0.19177,2.4496465
0.191772,3.0968862
0.191774,3.5591989
0.19177599,3.8828197
0.191778,3.9752812
0.19178,3.8365874
0.191782,3.5129685
0.191784,3.0044227
0.191786,2.3109517
0.191788,1.5250192
0.19179,0.64662313
0.191792,-0.27800417
0.191794,-1.1564007
0.191796,-1.9885652
0.191798,-2.6820357
0.1918,-3.2830436
0.191802,-3.6991258
0.191804,-3.9302826
0.191806,-3.9302826
0.191808,-3.745357
0.19181,-3.329275
0.191812,-2.728267
0.191814,-1.9885652
0.191816,-1.202632
0.191818,-0.27800417
0.19182,0.64662313
0.19182199,1.5250192
0.191824,2.3109517
0.191826,3.0044227
0.191828,3.5129685
0.19183,3.8365874
0.191832,3.9752812
0.191834,3.8828197
0.191836,3.5591989
0.191838,3.0968862
0.19184,2.4496465
0.191842,1.6637135
0.191844,0.8315482
0.191846,-0.09307861
0.191848,-1.0177064
0.19185,-1.8498712
0.191852,-2.589573
0.191854,-3.1905808
0.191856,-3.6528945
0.191858,-3.9302826
0.19186,-3.9302826
0.191862,-3.7915885
0.191864,-3.4217377
0.191866,-2.866961
0.19186799,-2.1272593
0.19187,-1.3413262
0.191872,-0.41669846
0.191874,0.50792885
0.191876,1.3863249
0.191878,2.172258
0.19188,2.8657289
0.191882,3.420505
0.191884,3.7903562
0.191886,3.9752812
0.191888,3.8828197
0.19189,3.6516623
0.191892,3.1893477
0.191894,2.5883412
0.191896,1.8024073
0.191898,0.970243
0.1919,0.045615196
0.191902,-0.83278084
0.191904,-1.6649456
0.191906,-2.4508786
0.191908,-3.098118
0.19191,-3.6066632
0.191912,-3.8840513
0.19191399,-3.976514
0.191916,-3.8378198
0.191918,-3.467969
0.19192,-2.9594238
0.191922,-2.2659533
0.191924,-1.48002
0.191926,-0.601624
0.191928,0.3230033
0.19193,1.2476311
0.191932,2.033564
0.191934,2.7732663
0.191936,3.3280425
0.191938,3.744125
0.19194,3.92905
0.191942,3.92905
0.191944,3.6978936
0.191946,3.2818112
0.191948,2.6808028
0.19195,1.9411016
0.191952,1.1089368
0.191954,0.23054075
0.191956,-0.694087
0.191958,-1.5262513
0.19196,-2.3584158
0.191962,-3.0056553
0.191964,-3.5142004
0.191966,-3.8378198
0.191968,-3.976514
0.19197,-3.8378198
0.191972,-3.5604317
0.191974,-3.0518866
0.191976,-2.4046474
0.191978,-1.6187139
0.19198,-0.7403178
0.191982,0.184309
0.191984,1.0627055
0.191986,1.8948698
0.191988,2.6345725
0.19199,3.23558
0.191992,3.6978936
0.191994,3.92905
0.191996,3.92905
0.191998,3.744125
0.192,3.3742738
0.192002,2.7732663
0.192004,2.0797954
0.192006,1.2938623
0.192008,0.36923456
0.19201,-0.55539227
0.192012,-1.4337888
0.192014,-2.2197218
0.192016,-2.9131925
0.192018,-3.467969
0.19202,-3.7915885
0.192022,-3.976514
0.19202399,-3.8840513
0.192026,-1.8036394
0.192028,1.9411016
0.19203,2.4496465
0.192032,1.7099442
0.192034,0.87777996
0.192036,-0.046847343
0.192038,-0.9252434
0.19204,-1.7574081
0.192042,-2.5433414
0.192044,-3.1443493
0.192046,-3.6528945
0.192048,-3.8840513
0.19205,-3.976514
0.192052,-3.8378198
0.192054,-3.467969
0.192056,-2.9131925
0.192058,-2.2197218
0.19206,-1.4337888
0.192062,-0.55539227
0.192064,0.36923456
0.192066,1.2938623
0.192068,2.0797954
0.19206999,2.8194976
0.192072,3.3742738
0.192074,3.744125
0.192076,3.92905
0.192078,3.92905
0.19208,3.6978936
0.192082,3.23558
0.192084,2.6345725
0.192086,1.8948698
0.192088,1.0627055
0.19209,0.184309
0.192092,-0.7403178
0.192094,-1.5724826
0.192096,-2.3584158
0.192098,-3.0518866
0.1921,-3.5604317
0.192102,-3.8378198
0.192104,-3.976514
0.192106,-3.8378198
0.192108,-3.5142004
0.19211,-3.0056553
0.192112,-2.3584158
0.192114,-1.5724826
0.19211599,-0.694087
0.192118,0.23054075
0.19212,1.1089368
0.192122,1.9411016
0.192124,2.6808028
0.192126,3.2818112
0.192128,3.6978936
0.19213,3.92905
0.192132,3.92905
0.192134,3.744125
0.192136,3.3280425
0.192138,2.7732663
0.19214,2.033564
0.192142,1.2476311
0.192144,0.3230033
0.192146,-0.601624
0.192148,-1.48002
0.19215,-2.2659533
0.192152,-2.9594238
0.192154,-3.467969
0.192156,-3.8378198
0.192158,-3.9302826
0.19216,-3.8840513
0.19216199,-3.6066632
0.192164,-3.1443493
0.192166,-2.4971101
0.192168,-1.7111769
0.19217,-0.83278084
0.192172,0.045615196
0.192174,0.970243
0.192176,1.8024073
0.192178,2.5883412
0.19218,3.1893477
0.192182,3.6516623
0.192184,3.8828197
0.192186,3.92905
0.192188,3.7903562
0.19219,3.420505
0.192192,2.8657289
0.192194,2.172258
0.192196,1.3863249
0.192198,0.50792885
0.1922,-0.41669846
0.192202,-1.3413262
0.192204,-2.1272593
0.192206,-2.8207297
0.19220799,-3.3755062
0.19221,-3.7915885
0.192212,-3.9302826
0.192214,-3.9302826
0.192216,-3.6528945
0.192218,-3.236812
0.19222,-2.589573
0.192222,-1.8498712
0.192224,-1.0177064
0.192226,-0.09307861
0.192228,0.8315482
0.19223,1.6637135
0.192232,2.4496465
0.192234,3.0968862
0.192236,3.605431
0.192238,3.8828197
0.19224,3.9752812
0.192242,3.8365874
0.192244,3.5129685
0.192246,2.9581914
0.192248,2.3109517
0.19225,1.4787879
0.192252,0.64662313
0.192254,-0.27800417
0.192256,-1.1564007
0.192258,-1.9885652
0.19226,-2.728267
0.192262,-3.329275
0.192264,-3.6991258
0.192266,-3.9302826
0.192268,-3.9302826
0.19227,-3.6991258
0.192272,-3.329275
0.192274,-2.728267
0.192276,-1.9885652
0.192278,-1.1564007
0.19228,-0.27800417
0.192282,0.64662313
0.192284,1.5250192
0.192286,2.3109517
0.192288,3.0044227
0.19229,3.5129685
0.192292,3.8365874
0.192294,3.9752812
0.192296,3.8828197
0.192298,3.5591989
0.1923,3.0968862
0.192302,2.4496465
0.192304,1.6637135
0.192306,0.7853174
0.192308,-0.09307861
0.19231,-1.0177064
0.192312,-1.8498712
0.192314,-2.589573
0.192316,-3.236812
0.19231799,-3.6528945
0.19232,-3.9302826
0.192322,-3.9302826
0.192324,-3.7915885
0.192326,-3.3755062
0.192328,-2.8207297
0.19233,-2.1272593
0.192332,-1.3413262
0.192334,-0.41669846
0.192336,0.50792885
0.192338,1.3863249
0.19234,2.172258
0.192342,2.9119601
0.192344,3.420505
0.192346,3.7903562
0.192348,3.9752812
0.19235,3.8828197
0.192352,3.6516623
0.192354,3.1893477
0.192356,2.542109
0.192358,1.8024073
0.19236,0.970243
0.192362,0.045615196
0.19236399,-0.8790121
0.192366,-1.7111769
0.192368,-2.4508786
0.19237,-3.1443493
0.192372,-3.6066632
0.192374,-3.8840513
0.192376,-3.9302826
0.192378,-3.8378198
0.19238,-3.467969
0.192382,-2.9594238
0.192384,-2.2659533
0.192386,-1.48002
0.192388,-0.55539227
0.19239,0.36923456
0.192392,1.2476311
0.192394,2.033564
0.192396,2.7732663
0.192398,3.3742738
0.1924,3.744125
0.192402,3.92905
0.192404,3.92905
0.192406,3.6978936
0.192408,3.2818112
0.19240999,2.6808028
0.192412,1.9411016
0.192414,1.1089368
0.192416,0.184309
0.192418,-0.694087
0.19242,-1.5724826
0.192422,-2.3584158
0.192424,-3.0056553
0.192426,-3.5142004
0.192428,-3.8378198
0.19243,-3.976514
0.192432,-3.8378198
0.192434,-3.5604317
0.192436,-3.0518866
0.192438,-2.4046474
0.19244,-1.5724826
0.192442,-0.7403178
0.192444,0.184309
0.192446,-0.9714751
0.192448,-1.9885652
0.19245,-2.728267
0.192452,-3.329275
0.192454,-3.745357
0.19245599,-3.976514
0.192458,-3.976514
0.19246,-3.7915885
0.192462,-3.4217377
0.192464,-2.8207297
0.192466,-2.1272593
0.192468,-1.2950945
0.19247,-0.3704667
0.192472,0.5541601
0.192474,1.4325566
0.192476,2.2184901
0.192478,2.9119601
0.19248,3.4667363
0.192482,3.7903562
0.192484,3.92905
0.192486,3.8828197
0.192488,3.605431
0.19249,3.1431174
0.192492,2.4958777
0.192494,1.7099442
0.192496,0.87777996
0.192498,-0.046847343
0.1925,-0.9252434
0.192502,-1.7574081
0.192504,-2.5433414
0.192506,-3.1905808
0.192508,-3.6528945
0.19251,-3.8840513
0.192512,-3.976514
0.192514,-3.7915885
0.192516,-3.467969
0.192518,-2.9131925
0.19252,-2.2197218
0.192522,-1.4337888
0.192524,-0.5091615
0.192526,0.4154663
0.192528,1.2938623
0.19253,2.126027
0.192532,2.8194976
0.192534,3.3742738
0.192536,3.744125
0.192538,3.92905
0.19254,3.92905
0.192542,3.6516623
0.192544,3.23558
0.192546,2.6345725
0.192548,1.8486385
0.19255,1.0627055
0.192552,0.13807821
0.192554,-0.78654957
0.192556,-1.6187139
0.192558,-2.4046474
0.19256,-3.0518866
0.192562,-3.5604317
0.192564,-3.8840513
0.19256599,-3.976514
0.192568,-3.8378198
0.19257,-3.5142004
0.192572,-3.0056553
0.192574,-2.3584158
0.192576,-1.5262513
0.192578,-0.694087
0.19258,0.23054075
0.192582,1.1551685
0.192584,1.9873328
0.192586,2.727035
0.192588,3.2818112
0.19259,3.6978936
0.192592,3.92905
0.192594,3.92905
0.192596,3.744125
0.192598,3.3280425
0.1926,2.727035
0.192602,2.033564
0.192604,1.2013993
0.192606,0.3230033
0.192608,-0.601624
0.19261,-1.48002
0.19261199,-2.2659533
0.192614,-2.9594238
0.192616,-3.467969
0.192618,-3.8378198
0.19262,-3.976514
0.192622,-3.8840513
0.192624,-3.6066632
0.192626,-3.098118
0.192628,-2.4508786
0.19263,-1.6649456
0.192632,-0.83278084
0.192634,0.091846466
0.192636,1.0164738
0.192638,1.8486385
0.19264,2.5883412
0.192642,3.23558
0.192644,3.6516623
0.192646,3.8828197
0.192648,3.92905
0.19265,3.7903562
0.192652,3.420505
0.192654,2.8657289
0.192656,2.126027
0.19265799,1.3400936
0.19266,0.46169758
0.192662,-0.46292973
0.192664,-1.3413262
0.192666,-2.1272593
0.192668,-2.866961
0.19267,-3.4217377
0.192672,-3.7915885
0.192674,-3.9302826
0.192676,-3.8840513
0.192678,-3.6528945
0.19268,-3.1905808
0.192682,-2.589573
0.192684,-1.8036394
0.192686,-0.9714751
0.192688,-0.09307861
0.19269,0.8315482
0.192692,1.7099442
0.192694,2.4496465
0.192696,3.0968862
0.192698,3.605431
0.1927,3.8828197
0.192702,3.9752812
0.19270399,3.8365874
0.192706,3.4667363
0.192708,2.9581914
0.19271,2.2647214
0.192712,1.4787879
0.192714,0.60039186
0.192716,-0.27800417
0.192718,-1.202632
0.19272,-1.9885652
0.192722,-2.728267
0.192724,-3.329275
0.192726,-3.745357
0.192728,-3.9302826
0.19273,-3.9302826
0.192732,-3.6991258
0.192734,-3.2830436
0.192736,-2.728267
0.192738,-1.9885652
0.19274,-1.1564007
0.192742,-0.2317729
0.192744,0.6928544
0.192746,1.5250192
0.192748,2.357184
0.19275,3.0044227
0.192752,3.5129685
0.192754,3.8365874
0.192756,3.9752812
0.192758,3.8365874
0.19276,3.5591989
0.192762,3.050654
0.192764,2.4034152
0.192766,1.6174817
0.192768,0.7853174
0.19277,-0.13931036
0.192772,-1.0639377
0.192774,-1.8498712
0.192776,-2.6358042
0.192778,-3.236812
0.19278,-3.6528945
0.192782,-3.9302826
0.192784,-3.9302826
0.192786,-3.745357
0.192788,-3.3755062
0.19279,-2.8207297
0.192792,-2.1272593
0.192794,-1.2950945
0.192796,-0.41669846
0.192798,0.5541601
0.1928,1.4325566
0.192802,2.2184901
0.192804,2.9119601
0.192806,3.4667363
0.192808,3.7903562
0.19281,3.92905
0.192812,3.8828197
0.19281399,3.605431
0.192816,3.1431174
0.192818,2.542109
0.19282,1.756176
0.192822,0.92401123
0.192824,0.045615196
0.192826,-0.8790121
0.192828,-1.7111769
0.19283,-2.4971101
0.192832,-3.1443493
0.192834,-3.6066632
0.192836,-3.8840513
0.192838,-3.9302826
0.19284,-3.7915885
0.192842,-3.467969
0.192844,-2.9131925
0.192846,-2.2197218
0.192848,-1.4337888
0.19285,-0.55539227
0.192852,0.36923456
0.192854,1.2938623
0.192856,2.0797954
0.192858,2.7732663
0.19285999,3.3742738
0.192862,3.744125
0.192864,3.92905
0.192866,2.172258
0.192868,-1.202632
0.19287,-3.1443493
0.192872,-2.6358042
0.192874,-1.8961024
0.192876,-1.0639377
0.192878,-0.18554163
0.19288,0.7390857
0.192882,1.6174817
0.192884,2.4034152
0.192886,3.050654
0.192888,3.5591989
0.19289,3.8828197
0.192892,3.9752812
0.192894,3.8365874
0.192896,3.5591989
0.192898,3.050654
0.1929,2.357184
0.192902,1.5712504
0.192904,0.7390857
0.19290599,-0.18554163
0.192908,-1.1101689
0.19291,-1.8961024
0.192912,-2.6358042
0.192914,-3.2830436
0.192916,-3.6991258
0.192918,-3.9302826
0.19292,-3.9302826
0.192922,-3.745357
0.192924,-3.3755062
0.192926,-2.7744985
0.192928,-2.081028
0.19293,-1.2488632
0.192932,-0.32423592
0.192934,0.60039186
0.192936,1.4787879
0.192938,2.2647214
0.19294,2.9581914
0.192942,3.4667363
0.192944,3.8365874
0.192946,3.9752812
0.192948,3.8828197
0.19295,3.605431
0.19295199,3.1431174
0.192954,2.4958777
0.192956,1.7099442
0.192958,0.87777996
0.19296,-0.046847343
0.192962,-0.9252434
0.192964,-1.7574081
0.192966,-2.5433414
0.192968,-3.1905808
0.19297,-3.6528945
0.192972,-3.8840513
0.192974,-3.9302826
0.192976,-3.7915885
0.192978,-3.4217377
0.19298,-2.9131925
0.192982,-2.2197218
0.192984,-1.387557
0.192986,-0.5091615
0.192988,0.4154663
0.19299,1.3400936
0.192992,2.126027
0.192994,2.8194976
0.192996,3.3742738
0.192998,3.7903562
0.193,3.92905
0.193002,3.92905
0.193004,3.6516623
0.193006,3.23558
0.193008,2.5883412
0.19301,1.8486385
0.193012,1.0164738
0.193014,0.13807821
0.193016,-0.78654957
0.193018,-1.6187139
0.19302,-2.4046474
0.193022,-3.0518866
0.193024,-3.5604317
0.193026,-3.8840513
0.193028,-3.976514
0.19303,-3.8378198
0.193032,-3.5142004
0.193034,-3.0056553
0.193036,-2.3121846
0.193038,-1.5262513
0.19304,-0.6478553
0.193042,0.27677202
0.193044,1.1551685
0.193046,1.9873328
0.193048,2.727035
0.19305,3.3280425
0.193052,3.744125
0.193054,3.92905
0.193056,3.92905
0.193058,3.744125
0.19306,3.3280425
0.19306199,2.727035
0.193064,1.9873328
0.193066,1.2013993
0.193068,0.27677202
0.19307,-0.6478553
0.193072,-1.48002
0.193074,-2.2659533
0.193076,-2.9594238
0.193078,-3.5142004
0.19308,-3.8378198
0.193082,-3.976514
0.193084,-3.8840513
0.193086,-3.6066632
0.193088,-3.098118
0.19309,-2.4508786
0.193092,-1.6649456
0.193094,-0.83278084
0.193096,0.091846466
0.193098,1.0164738
0.1931,1.8486385
0.193102,2.5883412
0.193104,3.23558
0.193106,3.6516623
0.19310799,3.92905
0.19311,3.92905
0.193112,3.7903562
0.193114,3.420505
0.193116,2.8194976
0.193118,2.126027
0.19312,1.3400936
0.193122,0.46169758
0.193124,-0.46292973
0.193126,-1.3413262
0.193128,-2.1734905
0.19313,-2.866961
0.193132,-3.4217377
0.193134,-3.7915885
0.193136,-3.9302826
0.193138,-3.8840513
0.19314,-3.6528945
0.193142,-3.1905808
0.193144,-2.589573
0.193146,-1.8036394
0.193148,-0.9714751
0.19315,-0.046847343
0.193152,0.87777996
0.19315399,1.7099442
0.193156,2.4958777
0.193158,3.1431174
0.19316,3.605431
0.193162,3.8828197
0.193164,3.9752812
0.193166,3.8365874
0.193168,3.4667363
0.19317,2.9581914
0.193172,2.2647214
0.193174,1.4787879
0.193176,0.60039186
0.193178,-0.32423592
0.19318,-1.202632
0.193182,-2.0347965
0.193184,-2.728267
0.193186,-3.329275
0.193188,-3.745357
0.19319,-3.9302826
0.193192,-3.9302826
0.193194,-3.6991258
0.193196,-3.2830436
0.193198,-2.6820357
0.19319999,-1.9423337
0.193202,-1.1101689
0.193204,-0.2317729
0.193206,0.6928544
0.193208,1.5712504
0.19321,2.357184
0.193212,3.0044227
0.193214,3.5129685
0.193216,3.8365874
0.193218,3.9752812
0.19322,3.8365874
0.193222,3.5591989
0.193224,3.050654
0.193226,2.4034152
0.193228,1.6174817
0.19323,0.7390857
0.193232,-0.13931036
0.193234,-1.0639377
0.193236,-1.8961024
0.193238,-2.6358042
0.19324,-3.236812
0.193242,-3.6991258
0.193244,-3.9302826
0.19324599,-3.9302826
0.193248,-3.745357
0.19325,-3.3755062
0.193252,-2.8207297
0.193254,-2.081028
0.193256,-1.2950945
0.193258,-0.3704667
0.19326,0.5541601
0.193262,1.4325566
0.193264,2.2184901
0.193266,2.9119601
0.193268,3.4667363
0.19327,3.7903562
0.193272,3.9752812
0.193274,3.8828197
0.193276,3.605431
0.193278,3.1431174
0.19328,2.4958777
0.193282,1.756176
0.193284,0.92401123
0.193286,0.23054075
0.193288,1.0164738
0.19329,1.8486385
0.193292,2.5883412
0.193294,3.23558
0.193296,3.6978936
0.193298,3.92905
0.1933,4.0215135
0.193302,3.8365874
0.193304,3.5129685
0.193306,2.9581914
0.193308,2.2647214
0.19331,1.4787879
0.193312,0.5541601
0.193314,-0.3704667
0.193316,-1.2488632
0.193318,-2.0347965
0.19332,-2.7744985
0.193322,-3.329275
0.193324,-3.745357
0.193326,-3.9302826
0.193328,-3.8840513
0.19333,-3.6528945
0.193332,-3.236812
0.193334,-2.6358042
0.193336,-1.8961024
0.193338,-1.0639377
0.19334,-0.13931036
0.193342,0.7853174
0.193344,1.6174817
0.193346,2.4034152
0.193348,3.0968862
0.19335,3.5591989
0.193352,3.8828197
0.193354,3.9752812
0.19335599,3.8365874
0.193358,3.5129685
0.19336,3.0044227
0.193362,2.357184
0.193364,1.5712504
0.193366,0.6928544
0.193368,-0.2317729
0.19337,-1.1101689
0.193372,-1.9423337
0.193374,-2.6820357
0.193376,-3.2830436
0.193378,-3.6991258
0.19338,-3.9302826
0.193382,-3.9302826
0.193384,-3.745357
0.193386,-3.329275
0.193388,-2.7744985
0.19339,-2.0347965
0.193392,-1.202632
0.193394,-0.32423592
0.193396,0.60039186
0.193398,1.4787879
0.1934,2.2647214
0.19340199,2.9581914
0.193404,3.5129685
0.193406,3.8365874
0.193408,3.9752812
0.19341,3.8828197
0.193412,3.605431
0.193414,3.0968862
0.193416,2.4496465
0.193418,1.7099442
0.19342,0.8315482
0.193422,-0.046847343
0.193424,-0.9714751
0.193426,-1.8036394
0.193428,-2.5433414
0.19343,-3.1905808
0.193432,-3.6528945
0.193434,-3.8840513
0.193436,-3.9302826
0.193438,-3.7915885
0.19344,-3.4217377
0.193442,-2.866961
0.193444,-2.1734905
0.193446,-1.387557
0.19344799,-0.46292973
0.19345,0.46169758
0.193452,1.3400936
0.193454,2.126027
0.193456,2.8657289
0.193458,3.420505
0.19346,3.7903562
0.193462,3.92905
0.193464,3.8828197
0.193466,3.6516623
0.193468,3.1893477
0.19347,2.5883412
0.193472,1.8486385
0.193474,1.0164738
0.193476,0.091846466
0.193478,-0.83278084
0.19348,-1.6649456
0.193482,-2.4508786
0.193484,-3.098118
0.193486,-3.5604317
0.193488,-3.8840513
0.19349,-3.976514
0.193492,-3.8378198
0.19349399,-3.5142004
0.193496,-3.0056553
0.193498,-2.3121846
0.1935,-1.48002
0.193502,-0.6478553
0.193504,0.27677202
0.193506,1.2013993
0.193508,2.033564
0.19351,2.727035
0.193512,3.3280425
0.193514,3.744125
0.193516,3.92905
0.193518,3.92905
0.19352,3.6978936
0.193522,3.2818112
0.193524,2.727035
0.193526,1.9873328
0.193528,1.1551685
0.19353,0.27677202
0.193532,-0.6478553
0.193534,-1.5262513
0.193536,-2.3121846
0.193538,-3.0056553
0.19354,-3.5142004
0.193542,-3.8378198
0.193544,-3.976514
0.193546,-3.8840513
0.193548,-3.5604317
0.19355,-3.098118
0.193552,-2.4508786
0.193554,-1.6649456
0.193556,-0.78654957
0.193558,0.13807821
0.19356,1.0627055
0.193562,1.8948698
0.193564,2.6345725
0.193566,3.23558
0.193568,3.6978936
0.19357,3.92905
0.193572,3.92905
0.193574,3.744125
0.193576,3.3742738
0.193578,2.8194976
0.19358,2.126027
0.193582,1.2938623
0.193584,0.4154663
0.193586,-0.5091615
0.193588,-1.387557
0.19359,-2.1734905
0.193592,-2.866961
0.193594,-3.4217377
0.193596,-3.7915885
0.193598,-3.9302826
0.1936,-3.8840513
0.193602,-3.6528945
0.19360399,-3.1905808
0.193606,-2.5433414
0.193608,-1.8036394
0.19361,-0.9252434
0.193612,-0.046847343
0.193614,0.87777996
0.193616,1.7099442
0.193618,2.4958777
0.19362,3.1431174
0.193622,3.605431
0.193624,3.8828197
0.193626,3.9752812
0.193628,3.7903562
0.19363,3.4667363
0.193632,2.9119601
0.193634,2.2647214
0.193636,1.4787879
0.193638,0.5541601
0.19364,-0.32423592
0.193642,-1.2488632
0.193644,-2.0347965
0.193646,-2.7744985
0.193648,-3.329275
0.19364999,-3.745357
0.193652,-3.9302826
0.193654,-3.9302826
0.193656,-3.6991258
0.193658,-3.2830436
0.19366,-2.6820357
0.193662,-1.9423337
0.193664,-1.1101689
0.193666,-0.18554163
0.193668,0.7390857
0.19367,1.5712504
0.193672,2.357184
0.193674,3.050654
0.193676,3.5591989
0.193678,3.8365874
0.19368,3.9752812
0.193682,3.8365874
0.193684,3.5591989
0.193686,3.050654
0.193688,2.357184
0.19369,1.5712504
0.193692,0.7390857
0.193694,-0.18554163
0.19369599,-1.0639377
0.193698,-1.8961024
0.1937,-2.6358042
0.193702,-3.236812
0.193704,-3.6991258
0.193706,-2.9131925
0.193708,0.64662313
0.19371,3.5591989
0.193712,3.3742738
0.193714,2.7732663
0.193716,2.0797954
0.193718,1.2476311
0.19372,0.36923456
0.193722,-0.55539227
0.193724,-1.4337888
0.193726,-2.2197218
0.193728,-2.9131925
0.19373,-3.467969
0.193732,-3.7915885
0.193734,-3.9302826
0.193736,-3.8840513
0.193738,-3.6066632
0.19374,-3.1443493
0.19374199,-2.4971101
0.193744,-1.7574081
0.193746,-0.8790121
0.193748,0.045615196
0.19375,0.92401123
0.193752,1.8024073
0.193754,2.542109
0.193756,3.1893477
0.193758,3.6516623
0.19376,3.8828197
0.193762,3.9752812
0.193764,3.7903562
0.193766,3.420505
0.193768,2.9119601
0.19377,2.2184901
0.193772,1.4325566
0.193774,0.50792885
0.193776,-0.41669846
0.193778,-1.2950945
0.19378,-2.081028
0.193782,-2.8207297
0.193784,-3.3755062
0.193786,-3.745357
0.193788,-3.9302826
0.19379,-3.9302826
0.193792,-3.6528945
0.193794,-3.236812
0.193796,-2.6358042
0.193798,-1.8961024
0.1938,-1.0639377
0.193802,-0.13931036
0.193804,0.7853174
0.193806,1.6174817
0.193808,2.4034152
0.19381,3.0968862
0.193812,3.5591989
0.193814,3.8828197
0.193816,3.9752812
0.193818,3.8365874
0.19382,3.5129685
0.193822,3.0044227
0.193824,2.3109517
0.193826,1.5250192
0.193828,0.6928544
0.19383,-0.2317729
0.193832,-1.1564007
0.193834,-1.9423337
0.193836,-2.6820357
0.193838,-3.2830436
0.19384,-3.6991258
0.193842,-3.9302826
0.193844,-3.9302826
0.193846,-3.745357
0.193848,-3.329275
0.19385,-2.7744985
0.19385199,-2.0347965
0.193854,-1.202632
0.193856,-0.27800417
0.193858,0.64662313
0.19386,1.4787879
0.193862,2.3109517
0.193864,2.9581914
0.193866,3.5129685
0.193868,3.8365874
0.19387,3.9752812
0.193872,3.8828197
0.193874,3.605431
0.193876,3.0968862
0.193878,2.4496465
0.19388,1.6637135
0.193882,0.8315482
0.193884,-0.09307861
0.193886,-0.9714751
0.193888,-1.8036394
0.19389,-2.589573
0.193892,-3.1905808
0.193894,-3.6528945
0.193896,-3.8840513
0.19389799,-3.9302826
0.1939,-3.7915885
0.193902,-3.4217377
0.193904,-2.866961
0.193906,-2.1734905
0.193908,-1.3413262
0.19391,-0.46292973
0.193912,0.46169758
0.193914,1.3400936
0.193916,2.172258
0.193918,2.8657289
0.19392,3.420505
0.193922,3.7903562
0.193924,3.92905
0.193926,3.8828197
0.193928,3.6516623
0.19393,3.1893477
0.193932,2.5883412
0.193934,1.8024073
0.193936,0.970243
0.193938,0.091846466
0.19394,-0.83278084
0.193942,-1.6649456
0.19394399,-2.4508786
0.193946,-3.098118
0.193948,-3.6066632
0.19395,-3.8840513
0.193952,-3.976514
0.193954,-3.8378198
0.193956,-3.467969
0.193958,-2.9594238
0.19396,-2.3121846
0.193962,-1.48002
0.193964,-0.601624
0.193966,0.3230033
0.193968,1.2013993
0.19397,2.033564
0.193972,2.7732663
0.193974,3.3280425
0.193976,3.744125
0.193978,3.92905
0.19398,3.92905
0.193982,3.6978936
0.193984,3.2818112
0.193986,2.6808028
0.193988,1.9411016
0.19398999,1.1551685
0.193992,0.23054075
0.193994,-0.694087
0.193996,-1.5262513
0.193998,-2.3121846
0.194,-3.0056553
0.194002,-3.5142004
0.194004,-3.8378198
0.194006,-3.976514
0.194008,-3.8378198
0.19401,-3.5604317
0.194012,-3.098118
0.194014,-2.4046474
0.194016,-1.6187139
0.194018,-0.78654957
0.19402,0.13807821
0.194022,1.0627055
0.194024,1.8948698
0.194026,2.6345725
0.194028,3.23558
0.19403,3.6978936
0.194032,3.92905
0.194034,3.92905
0.194036,3.744125
0.194038,3.3742738
0.19404,2.8194976
0.194042,2.0797954
0.194044,1.2938623
0.194046,0.4154663
0.194048,-0.5091615
0.19405,-1.387557
0.194052,-2.1734905
0.194054,-2.866961
0.194056,-3.4217377
0.194058,-3.7915885
0.19406,-3.9302826
0.194062,-3.8840513
0.194064,-3.6066632
0.194066,-3.1905808
0.194068,-2.5433414
0.19407,-1.7574081
0.194072,-0.9252434
0.194074,-6.160736E-4
0.194076,0.92401123
0.194078,1.756176
0.19408,2.4958777
0.194082,3.1431174
0.194084,3.605431
0.194086,3.8828197
0.194088,3.9752812
0.19409,3.7903562
0.194092,3.4667363
0.194094,2.9119601
0.194096,2.2184901
0.194098,1.4325566
0.19409999,0.5541601
0.194102,-0.3704667
0.194104,-1.2488632
0.194106,-2.0347965
0.194108,-2.7744985
0.19411,-3.3755062
0.194112,-3.745357
0.194114,-3.9302826
0.194116,-3.9302826
0.194118,-3.6991258
0.19412,-3.2830436
0.194122,-2.6820357
0.194124,-1.8961024
0.194126,-0.46292973
0.194128,0.045615196
0.19413,-0.83278084
0.194132,-1.6649456
0.194134,-2.4508786
0.194136,-3.098118
0.194138,-3.6066632
0.19414,-3.9302826
0.194142,-4.022745
0.194144,-3.8840513
0.19414599,-3.5604317
0.194148,-3.0518866
0.19415,-2.4046474
0.194152,-1.6187139
0.194154,-0.7403178
0.194156,0.184309
0.194158,1.1089368
0.19416,1.9411016
0.194162,2.6808028
0.194164,3.2818112
0.194166,3.6978936
0.194168,3.92905
0.19417,3.92905
0.194172,3.744125
0.194174,3.3280425
0.194176,2.7732663
0.194178,2.033564
0.19418,1.2013993
0.194182,0.3230033
0.194184,-0.601624
0.194186,-1.48002
0.194188,-2.2659533
0.19419,-2.9594238
0.19419199,-3.467969
0.194194,-3.8378198
0.194196,-3.976514
0.194198,-3.8840513
0.1942,-3.6066632
0.194202,-3.1443493
0.194204,-2.4971101
0.194206,-1.7111769
0.194208,-0.8790121
0.19421,0.045615196
0.194212,0.970243
0.194214,1.8024073
0.194216,2.542109
0.194218,3.1893477
0.19422,3.6516623
0.194222,3.8828197
0.194224,3.92905
0.194226,3.7903562
0.194228,3.420505
0.19423,2.8657289
0.194232,2.172258
0.194234,1.3863249
0.194236,0.50792885
0.19423799,-0.41669846
0.19424,-1.2950945
0.194242,-2.1272593
0.194244,-2.8207297
0.194246,-3.3755062
0.194248,-3.7915885
0.19425,-3.9302826
0.194252,-3.9302826
0.194254,-3.6528945
0.194256,-3.236812
0.194258,-2.6358042
0.19426,-1.8498712
0.194262,-1.0177064
0.194264,-0.09307861
0.194266,0.8315482
0.194268,1.6637135
0.19427,2.4496465
0.194272,3.0968862
0.194274,3.5591989
0.194276,3.8828197
0.194278,3.9752812
0.19428,3.8365874
0.194282,3.5129685
0.194284,3.0044227
0.194286,2.3109517
0.194288,1.5250192
0.19429,0.64662313
0.194292,-0.27800417
0.194294,-1.1564007
0.194296,-1.9885652
0.194298,-2.728267
0.1943,-3.2830436
0.194302,-3.6991258
0.194304,-3.9302826
0.194306,-3.9302826
0.194308,-3.745357
0.19431,-3.329275
0.194312,-2.728267
0.194314,-1.9885652
0.194316,-1.1564007
0.194318,-0.27800417
0.19432,0.64662313
0.194322,1.5250192
0.194324,2.3109517
0.194326,3.0044227
0.194328,3.5129685
0.19433,3.8365874
0.194332,3.9752812
0.194334,3.8828197
0.194336,3.5591989
0.194338,3.0968862
0.19434,2.4496465
0.194342,1.6637135
0.194344,0.8315482
0.194346,-0.09307861
0.19434799,-1.0177064
0.19435,-1.8498712
0.194352,-2.589573
0.194354,-3.1905808
0.194356,-3.6528945
0.194358,-3.8840513
0.19436,-3.9302826
0.194362,-3.7915885
0.194364,-3.4217377
0.194366,-2.866961
0.194368,-2.1272593
0.19437,-1.3413262
0.194372,-0.41669846
0.194374,0.50792885
0.194376,1.3863249
0.194378,2.172258
0.19438,2.8657289
0.194382,3.420505
0.194384,3.7903562
0.194386,3.92905
0.194388,3.8828197
0.19439,3.6516623
0.194392,3.1893477
0.19439399,2.542109
0.194396,1.8024073
0.194398,0.970243
0.1944,0.045615196
0.194402,-0.83278084
0.194404,-1.7111769
0.194406,-2.4508786
0.194408,-3.098118
0.19441,-3.6066632
0.194412,-3.8840513
0.194414,-3.976514
0.194416,-3.8378198
0.194418,-3.467969
0.19442,-2.9594238
0.194422,-2.2659533
0.194424,-1.48002
0.194426,-0.601624
0.194428,0.3230033
0.19443,1.2476311
0.194432,2.033564
0.194434,2.7732663
0.194436,3.3742738
0.194438,3.744125
0.19443999,3.92905
0.194442,3.92905
0.194444,3.6978936
0.194446,3.2818112
0.194448,2.6808028
0.19445,1.9411016
0.194452,1.1089368
0.194454,0.23054075
0.194456,-0.694087
0.194458,-1.5262513
0.19446,-2.3584158
0.194462,-3.0056553
0.194464,-3.5142004
0.194466,-3.8378198
0.194468,-3.976514
0.19447,-3.8378198
0.194472,-3.5604317
0.194474,-3.0518866
0.194476,-2.4046474
0.194478,-1.6187139
0.19448,-0.7403178
0.194482,0.184309
0.194484,1.0627055
0.19448599,1.8948698
0.194488,2.6345725
0.19449,3.2818112
0.194492,3.6978936
0.194494,3.92905
0.194496,3.92905
0.194498,3.744125
0.1945,3.3742738
0.194502,2.7732663
0.194504,2.0797954
0.194506,1.2938623
0.194508,0.36923456
0.19451,-0.55539227
0.194512,-1.4337888
0.194514,-2.2197218
0.194516,-2.9131925
0.194518,-3.467969
0.19452,-3.7915885
0.194522,-3.9302826
0.194524,-3.8840513
0.194526,-3.6066632
0.194528,-3.1443493
0.19453,-2.5433414
0.19453199,-1.7574081
0.194534,-0.8790121
0.194536,-6.160736E-4
0.194538,0.92401123
0.19454,1.756176
0.194542,2.542109
0.194544,3.1893477
0.194546,3.050654
0.194548,-0.3704667
0.19455,-3.5142004
0.194552,-3.8378198
0.194554,-3.467969
0.194556,-2.9131925
0.194558,-2.2197218
0.19456,-1.4337888
0.194562,-0.55539227
0.194564,0.36923456
0.194566,1.2938623
0.194568,2.0797954
0.19457,2.8194976
0.194572,3.3742738
0.194574,3.744125
0.194576,3.92905
0.194578,3.92905
0.19458,3.6516623
0.194582,3.23558
0.194584,2.6345725
0.194586,1.8948698
0.194588,1.0627055
0.19459,0.13807821
0.194592,-0.7403178
0.194594,-1.6187139
0.194596,-2.4046474
0.194598,-3.0518866
0.1946,-3.5604317
0.194602,-3.8840513
0.194604,-3.976514
0.194606,-3.8378198
0.194608,-3.5142004
0.19461,-3.0518866
0.194612,-2.3584158
0.194614,-1.5724826
0.194616,-0.694087
0.194618,0.23054075
0.19462,1.1551685
0.194622,1.9411016
0.194624,2.6808028
0.194626,3.2818112
0.194628,3.6978936
0.19463,3.92905
0.194632,3.92905
0.194634,3.744125
0.194636,3.3280425
0.194638,2.7732663
0.19464,2.033564
0.19464199,1.2013993
0.194644,0.3230033
0.194646,-0.601624
0.194648,-1.48002
0.19465,-2.2659533
0.194652,-2.9594238
0.194654,-3.467969
0.194656,-3.8378198
0.194658,-3.976514
0.19466,-3.8840513
0.194662,-3.6066632
0.194664,-3.1443493
0.194666,-2.4971101
0.194668,-1.7111769
0.19467,-0.83278084
0.194672,0.091846466
0.194674,0.970243
0.194676,1.8024073
0.194678,2.5883412
0.19468,3.1893477
0.194682,3.6516623
0.194684,3.8828197
0.194686,3.92905
0.19468799,3.7903562
0.19469,3.420505
0.194692,2.8657289
0.194694,2.172258
0.194696,1.3863249
0.194698,0.46169758
0.1947,-0.46292973
0.194702,-1.3413262
0.194704,-2.1272593
0.194706,-2.8207297
0.194708,-3.4217377
0.19471,-3.7915885
0.194712,-3.9302826
0.194714,-3.8840513
0.194716,-3.6528945
0.194718,-3.236812
0.19472,-2.589573
0.194722,-1.8498712
0.194724,-1.0177064
0.194726,-0.09307861
0.194728,0.8315482
0.19473,1.6637135
0.194732,2.4496465
0.19473399,3.0968862
0.194736,3.605431
0.194738,3.8828197
0.19474,3.9752812
0.194742,3.8365874
0.194744,3.5129685
0.194746,2.9581914
0.194748,2.3109517
0.19475,1.4787879
0.194752,0.64662313
0.194754,-0.27800417
0.194756,-1.1564007
0.194758,-1.9885652
0.19476,-2.728267
0.194762,-3.329275
0.194764,-3.745357
0.194766,-3.9302826
0.194768,-3.9302826
0.19477,-3.6991258
0.194772,-3.2830436
0.194774,-2.728267
0.194776,-1.9885652
0.194778,-1.1564007
0.19477999,-0.27800417
0.194782,0.6928544
0.194784,1.5250192
0.194786,2.3109517
0.194788,3.0044227
0.19479,3.5129685
0.194792,3.8365874
0.194794,3.9752812
0.194796,3.8828197
0.194798,3.5591989
0.1948,3.0968862
0.194802,2.4034152
0.194804,1.6637135
0.194806,0.7853174
0.194808,-0.13931036
0.19481,-1.0177064
0.194812,-1.8498712
0.194814,-2.589573
0.194816,-3.236812
0.194818,-3.6528945
0.19482,-3.9302826
0.194822,-3.9302826
0.194824,-3.7915885
0.194826,-3.3755062
0.194828,-2.8207297
0.19483,-2.1272593
0.194832,-1.2950945
0.194834,-0.41669846
0.194836,0.50792885
0.194838,1.3863249
0.19484,2.2184901
0.194842,2.9119601
0.194844,3.420505
0.194846,3.7903562
0.194848,3.9752812
0.19485,3.8828197
0.194852,3.6516623
0.194854,3.1893477
0.194856,2.542109
0.194858,1.8024073
0.19486,0.970243
0.194862,0.045615196
0.194864,-0.8790121
0.194866,-1.7111769
0.194868,-2.4971101
0.19487,-3.1443493
0.194872,-3.6066632
0.194874,-3.8840513
0.194876,-3.976514
0.194878,-3.7915885
0.19488,-3.467969
0.194882,-2.9594238
0.194884,-2.2659533
0.194886,-1.48002
0.194888,-0.55539227
0.19488999,0.36923456
0.194892,1.2476311
0.194894,2.0797954
0.194896,2.7732663
0.194898,3.3742738
0.1949,3.744125
0.194902,3.92905
0.194904,3.92905
0.194906,3.6978936
0.194908,3.2818112
0.19491,2.6808028
0.194912,1.9411016
0.194914,1.1089368
0.194916,0.184309
0.194918,-0.694087
0.19492,-1.5724826
0.194922,-2.3584158
0.194924,-3.0056553
0.194926,-3.5142004
0.194928,-3.8378198
0.19493,-3.976514
0.194932,-3.8378198
0.194934,-3.5604317
0.19493599,-3.0518866
0.194938,-2.4046474
0.19494,-1.5724826
0.194942,-0.7403178
0.194944,0.184309
0.194946,1.1089368
0.194948,1.9411016
0.19495,2.6808028
0.194952,3.2818112
0.194954,3.6978936
0.194956,3.92905
0.194958,3.92905
0.19496,3.744125
0.194962,3.3742738
0.194964,2.7732663
0.194966,1.8024073
0.194968,-0.8790121
0.19497,-0.27800417
0.194972,0.64662313
0.194974,1.5250192
0.194976,2.3109517
0.194978,3.0044227
0.19498,3.5129685
0.19498199,3.8828197
0.194984,4.0215135
0.194986,3.92905
0.194988,3.6516623
0.19499,3.1893477
0.194992,2.542109
0.194994,1.756176
0.194996,0.92401123
0.194998,-6.160736E-4
0.195,-0.9252434
0.195002,-1.7574081
0.195004,-2.4971101
0.195006,-3.1443493
0.195008,-3.6066632
0.19501,-3.8840513
0.195012,-3.9302826
0.195014,-3.7915885
0.195016,-3.4217377
0.195018,-2.9131925
0.19502,-2.1734905
0.195022,-1.387557
0.195024,-0.5091615
0.195026,0.4154663
0.19502799,1.3400936
0.19503,2.126027
0.195032,2.8194976
0.195034,3.3742738
0.195036,3.7903562
0.195038,3.9752812
0.19504,3.92905
0.195042,3.6978936
0.195044,3.23558
0.195046,2.6345725
0.195048,1.8486385
0.19505,1.0627055
0.195052,0.13807821
0.195054,-0.78654957
0.195056,-1.6187139
0.195058,-2.4046474
0.19506,-3.0518866
0.195062,-3.5604317
0.195064,-3.8378198
0.195066,-3.976514
0.195068,-3.8378198
0.19507,-3.5142004
0.195072,-3.0056553
0.195074,-2.3121846
0.195076,-1.5262513
0.195078,-0.6478553
0.19508,0.27677202
0.195082,1.1551685
0.195084,1.9873328
0.195086,2.727035
0.195088,3.3280425
0.19509,3.6978936
0.195092,3.92905
0.195094,3.92905
0.195096,3.744125
0.195098,3.3280425
0.1951,2.727035
0.195102,1.9873328
0.195104,1.2013993
0.195106,0.27677202
0.195108,-0.601624
0.19511,-1.48002
0.195112,-2.2659533
0.195114,-2.9594238
0.195116,-3.467969
0.195118,-3.8378198
0.19512,-3.976514
0.195122,-3.8840513
0.195124,-3.6066632
0.195126,-3.098118
0.195128,-2.4508786
0.19513,-1.6649456
0.195132,-0.83278084
0.195134,0.091846466
0.195136,1.0164738
0.19513799,1.8486385
0.19514,2.5883412
0.195142,3.23558
0.195144,3.6516623
0.195146,3.92905
0.195148,3.92905
0.19515,3.7903562
0.195152,3.420505
0.195154,2.8657289
0.195156,2.126027
0.195158,1.3400936
0.19516,0.46169758
0.195162,-0.46292973
0.195164,-1.3413262
0.195166,-2.1272593
0.195168,-2.866961
0.19517,-3.4217377
0.195172,-3.7915885
0.195174,-3.9302826
0.195176,-3.8840513
0.195178,-3.6528945
0.19518,-3.1905808
0.195182,-2.589573
0.19518399,-1.8036394
0.195186,-0.9714751
0.195188,-0.046847343
0.19519,0.8315482
0.195192,1.7099442
0.195194,2.4496465
0.195196,3.1431174
0.195198,3.605431
0.1952,3.8828197
0.195202,3.9752812
0.195204,3.8365874
0.195206,3.4667363
0.195208,2.9581914
0.19521,2.2647214
0.195212,1.4787879
0.195214,0.60039186
0.195216,-0.32423592
0.195218,-1.202632
0.19522,-1.9885652
0.195222,-2.728267
0.195224,-3.329275
0.195226,-3.745357
0.195228,-3.9302826
0.19522999,-3.9302826
0.195232,-3.6991258
0.195234,-3.2830436
0.195236,-2.728267
0.195238,-1.9423337
0.19524,-1.1564007
0.195242,-0.2317729
0.195244,0.6928544
0.195246,1.5712504
0.195248,2.357184
0.19525,3.0044227
0.195252,3.5129685
0.195254,3.8365874
0.195256,3.9752812
0.195258,3.8828197
0.19526,3.5591989
0.195262,3.050654
0.195264,2.4034152
0.195266,1.6174817
0.195268,0.7853174
0.19527,-0.13931036
0.195272,-1.0639377
0.195274,-1.8498712
0.19527599,-2.6358042
0.195278,-3.236812
0.19528,-3.6528945
0.195282,-3.9302826
0.195284,-3.9302826
0.195286,-3.745357
0.195288,-3.3755062
0.19529,-2.8207297
0.195292,-2.081028
0.195294,-1.2950945
0.195296,-0.3704667
0.195298,0.5541601
0.1953,1.4325566
0.195302,2.2184901
0.195304,2.9119601
0.195306,3.4667363
0.195308,3.7903562
0.19531,3.9752812
0.195312,3.8828197
0.195314,3.605431
0.195316,3.1431174
0.195318,2.542109
0.19532,1.756176
0.195322,0.92401123
0.195324,-6.160736E-4
0.195326,-0.8790121
0.195328,-1.7111769
0.19533,-2.4971101
0.195332,-3.1443493
0.195334,-3.6066632
0.195336,-3.8840513
0.195338,-3.9302826
0.19534,-3.7915885
0.195342,-3.467969
0.195344,-2.9131925
0.195346,-2.2197218
0.195348,-1.4337888
0.19535,-0.55539227
0.195352,0.36923456
0.195354,1.2938623
0.195356,2.0797954
0.195358,2.8194976
0.19536,3.3742738
0.195362,3.744125
0.195364,3.92905
0.195366,3.92905
0.195368,3.6978936
0.19537,3.23558
0.195372,2.6345725
0.195374,1.8948698
0.195376,1.0627055
0.195378,0.184309
0.19538,-0.7403178
0.195382,-1.5724826
0.195384,-2.3584158
0.19538599,-3.0518866
0.195388,0.184309
0.19539,3.605431
0.195392,3.9752812
0.195394,3.8828197
0.195396,3.5591989
0.195398,3.050654
0.1954,2.4034152
0.195402,1.5712504
0.195404,0.7390857
0.195406,-0.18554163
0.195408,-1.0639377
0.19541,-1.8961024
0.195412,-2.6358042
0.195414,-3.236812
0.195416,-3.6991258
0.195418,-3.9302826
0.19542,-3.9302826
0.195422,-3.745357
0.195424,-3.329275
0.195426,-2.7744985
0.195428,-2.0347965
0.19543,-1.2488632
0.19543199,-0.32423592
0.195434,0.60039186
0.195436,1.4787879
0.195438,2.2647214
0.19544,2.9581914
0.195442,3.4667363
0.195444,3.8365874
0.195446,3.9752812
0.195448,3.8828197
0.19545,3.605431
0.195452,3.1431174
0.195454,2.4958777
0.195456,1.7099442
0.195458,0.87777996
0.19546,-0.046847343
0.195462,-0.9252434
0.195464,-1.7574081
0.195466,-2.5433414
0.195468,-3.1905808
0.19547,-3.6528945
0.195472,-3.8840513
0.195474,-3.9302826
0.195476,-3.7915885
0.19547799,-3.4217377
0.19548,-2.866961
0.195482,-2.1734905
0.195484,-1.387557
0.195486,-0.5091615
0.195488,0.4154663
0.19549,1.3400936
0.195492,2.126027
0.195494,2.8194976
0.195496,3.420505
0.195498,3.7903562
0.1955,3.92905
0.195502,3.92905
0.195504,3.6516623
0.195506,3.23558
0.195508,2.5883412
0.19551,1.8486385
0.195512,1.0164738
0.195514,0.13807821
0.195516,-0.78654957
0.195518,-1.6187139
0.19552,-2.4046474
0.195522,-3.0518866
0.19552399,-3.5604317
0.195526,-3.8840513
0.195528,-3.976514
0.19553,-3.8378198
0.195532,-3.5142004
0.195534,-3.0056553
0.195536,-2.3121846
0.195538,-1.5262513
0.19554,-0.6478553
0.195542,0.27677202
0.195544,1.2013993
0.195546,1.9873328
0.195548,2.727035
0.19555,3.3280425
0.195552,3.744125
0.195554,3.92905
0.195556,3.92905
0.195558,3.744125
0.19556,3.3280425
0.195562,2.727035
0.195564,1.9873328
0.195566,1.2013993
0.195568,0.27677202
0.19556999,-0.6478553
0.195572,-1.48002
0.195574,-2.2659533
0.195576,-2.9594238
0.195578,-3.5142004
0.19558,-3.8378198
0.195582,-3.976514
0.195584,-3.8840513
0.195586,-3.5604317
0.195588,-3.098118
0.19559,-2.4508786
0.195592,-1.6649456
0.195594,-0.78654957
0.195596,0.091846466
0.195598,1.0164738
0.1956,1.8486385
0.195602,2.5883412
0.195604,3.23558
0.195606,3.6516623
0.195608,3.92905
0.19561,3.92905
0.195612,3.7903562
0.195614,3.3742738
0.195616,2.8194976
0.195618,2.126027
0.19562,1.3400936
0.195622,0.4154663
0.195624,-0.46292973
0.195626,-1.387557
0.195628,-2.1734905
0.19563,-2.866961
0.195632,-3.4217377
0.195634,-3.7915885
0.195636,-3.9302826
0.195638,-3.8840513
0.19564,-3.6528945
0.195642,-3.1905808
0.195644,-2.589573
0.195646,-1.8036394
0.195648,-0.9714751
0.19565,-0.046847343
0.195652,0.87777996
0.195654,1.7099442
0.195656,2.4958777
0.195658,3.1431174
0.19566,3.605431
0.195662,3.8828197
0.195664,3.9752812
0.195666,3.8365874
0.195668,3.4667363
0.19567,2.9581914
0.195672,2.2647214
0.195674,1.4787879
0.195676,0.60039186
0.195678,-0.32423592
0.19567999,-1.202632
0.195682,-2.0347965
0.195684,-2.728267
0.195686,-3.329275
0.195688,-3.745357
0.19569,-3.9302826
0.195692,-3.9302826
0.195694,-3.6991258
0.195696,-3.2830436
0.195698,-2.6820357
0.1957,-1.9423337
0.195702,-1.1101689
0.195704,-0.2317729
0.195706,0.6928544
0.195708,1.5712504
0.19571,2.357184
0.195712,3.050654
0.195714,3.5129685
0.195716,3.8365874
0.195718,3.9752812
0.19572,3.8365874
0.195722,3.5591989
0.195724,3.050654
0.19572599,2.4034152
0.195728,1.6174817
0.19573,0.7390857
0.195732,-0.18554163
0.195734,-1.0639377
0.195736,-1.8961024
0.195738,-2.6358042
0.19574,-3.236812
0.195742,-3.6991258
0.195744,-3.9302826
0.195746,-3.9302826
0.195748,-3.745357
0.19575,-3.3755062
0.195752,-2.8207297
0.195754,-2.081028
0.195756,-1.2950945
0.195758,-0.3704667
0.19576,0.5541601
0.195762,1.4325566
0.195764,2.2184901
0.195766,2.9119601
0.195768,3.4667363
0.19577,3.7903562
0.19577199,3.9752812
0.195774,3.8828197
0.195776,3.605431
0.195778,3.1431174
0.19578,2.4958777
0.195782,1.756176
0.195784,0.92401123
0.195786,-6.160736E-4
0.195788,-0.9252434
0.19579,-1.7574081
0.195792,-2.4971101
0.195794,-3.1443493
0.195796,-3.6066632
0.195798,-3.8840513
0.1958,-3.9302826
0.195802,-3.7915885
0.195804,-3.467969
0.195806,-2.9131925
0.195808,0.184309
0.19581,1.2938623
0.195812,0.46169758
0.195814,-0.46292973
0.195816,-1.3413262
0.19581799,-2.1272593
0.19582,-2.866961
0.195822,-3.4217377
0.195824,-3.7915885
0.195826,-3.976514
0.195828,-3.9302826
0.19583,-3.6991258
0.195832,-3.2830436
0.195834,-2.6820357
0.195836,-1.8961024
0.195838,-1.0639377
0.19584,-0.18554163
0.195842,0.7390857
0.195844,1.6174817
0.195846,2.4034152
0.195848,3.050654
0.19585,3.5591989
0.195852,3.8365874
0.195854,3.92905
0.195856,3.8365874
0.195858,3.5129685
0.19586,3.0044227
0.195862,2.3109517
0.195864,1.5250192
0.195866,0.6928544
0.195868,-0.2317729
0.19587,-1.1564007
0.195872,-1.9423337
0.195874,-2.6820357
0.195876,-3.2830436
0.195878,-3.6991258
0.19588,-3.9302826
0.195882,-3.9302826
0.195884,-3.745357
0.195886,-3.329275
0.195888,-2.7744985
0.19589,-2.0347965
0.195892,-1.202632
0.195894,-0.32423592
0.195896,0.60039186
0.195898,1.4787879
0.1959,2.2647214
0.195902,2.9581914
0.195904,3.5129685
0.195906,3.8365874
0.195908,3.9752812
0.19591,3.8828197
0.195912,3.605431
0.195914,3.0968862
0.195916,2.4496465
0.195918,1.7099442
0.19592,0.8315482
0.195922,-0.046847343
0.195924,-0.9714751
0.195926,-1.8036394
0.19592799,-2.5433414
0.19593,-3.1905808
0.195932,-3.6528945
0.195934,-3.8840513
0.195936,-3.9302826
0.195938,-3.7915885
0.19594,-3.4217377
0.195942,-2.866961
0.195944,-2.1734905
0.195946,-1.387557
0.195948,-0.46292973
0.19595,0.46169758
0.195952,1.3400936
0.195954,2.172258
0.195956,2.8657289
0.195958,3.420505
0.19596,3.7903562
0.195962,3.92905
0.195964,3.92905
0.195966,3.6516623
0.195968,3.1893477
0.19597,2.5883412
0.195972,1.8486385
0.19597399,1.0164738
0.195976,0.091846466
0.195978,-0.83278084
0.19598,-1.6649456
0.195982,-2.4508786
0.195984,-3.098118
0.195986,-3.5604317
0.195988,-3.8840513
0.19599,-3.976514
0.195992,-3.8378198
0.195994,-3.5142004
0.195996,-2.9594238
0.195998,-2.3121846
0.196,-1.48002
0.196002,-0.601624
0.196004,0.27677202
0.196006,1.2013993
0.196008,2.033564
0.19601,2.727035
0.196012,3.3280425
0.196014,3.744125
0.196016,3.92905
0.196018,3.92905
0.19601999,3.6978936
0.196022,3.2818112
0.196024,2.727035
0.196026,1.9873328
0.196028,1.1551685
0.19603,0.27677202
0.196032,-0.6478553
0.196034,-1.5262513
0.196036,-2.3121846
0.196038,-3.0056553
0.19604,-3.5142004
0.196042,-3.8378198
0.196044,-3.976514
0.196046,-3.8840513
0.196048,-3.5604317
0.19605,-3.098118
0.196052,-2.4046474
0.196054,-1.6187139
0.196056,-0.78654957
0.196058,0.13807821
0.19606,1.0627055
0.196062,1.8948698
0.196064,2.6345725
0.19606599,3.23558
0.196068,3.6978936
0.19607,3.92905
0.196072,3.92905
0.196074,3.744125
0.196076,3.3742738
0.196078,2.8194976
0.19608,2.126027
0.196082,1.2938623
0.196084,0.4154663
0.196086,-0.5091615
0.196088,-1.387557
0.19609,-2.1734905
0.196092,-2.866961
0.196094,-3.4217377
0.196096,-3.7915885
0.196098,-3.9302826
0.1961,-3.8840513
0.196102,-3.6528945
0.196104,-3.1905808
0.196106,-2.5433414
0.196108,-1.8036394
0.19611,-0.9252434
0.196112,-0.046847343
0.196114,0.87777996
0.196116,1.7099442
0.196118,2.4958777
0.19612,3.1431174
0.196122,3.605431
0.196124,3.8828197
0.196126,3.9752812
0.196128,3.7903562
0.19613,3.4667363
0.196132,2.9119601
0.196134,2.2184901
0.196136,1.4787879
0.196138,0.5541601
0.19614,-0.32423592
0.196142,-1.2488632
0.196144,-2.0347965
0.196146,-2.7744985
0.196148,-3.329275
0.19615,-3.745357
0.196152,-3.9302826
0.196154,-3.9302826
0.196156,-3.6991258
0.196158,-3.2830436
0.19616,-2.6820357
0.196162,-1.9423337
0.196164,-1.1101689
0.196166,-0.18554163
0.196168,0.7390857
0.19617,1.5712504
0.196172,2.4034152
0.196174,3.050654
0.19617599,3.5591989
0.196178,3.8365874
0.19618,3.9752812
0.196182,3.8365874
0.196184,3.5591989
0.196186,3.050654
0.196188,2.357184
0.19619,1.5712504
0.196192,0.7390857
0.196194,-0.18554163
0.196196,-1.1101689
0.196198,-1.8961024
0.1962,-2.6358042
0.196202,-3.2830436
0.196204,-3.6991258
0.196206,-3.9302826
0.196208,-3.9302826
0.19621,-3.745357
0.196212,-3.3755062
0.196214,-2.7744985
0.196216,-2.081028
0.196218,-1.2488632
0.19622,-0.32423592
0.19622199,0.60039186
0.196224,1.4787879
0.196226,2.2647214
0.196228,-0.2317729
0.19623,-3.236812
0.196232,-3.8378198
0.196234,-3.976514
0.196236,-3.9302826
0.196238,-3.6528945
0.19624,-3.1905808
0.196242,-2.5433414
0.196244,-1.7574081
0.196246,-0.9252434
0.196248,-6.160736E-4
0.19625,0.92401123
0.196252,1.756176
0.196254,2.542109
0.196256,3.1431174
0.196258,3.605431
0.19626,3.8828197
0.196262,3.92905
0.196264,3.7903562
0.196266,3.420505
0.19626799,2.8657289
0.19627,2.172258
0.196272,1.3863249
0.196274,0.50792885
0.196276,-0.41669846
0.196278,-1.2950945
0.19628,-2.081028
0.196282,-2.8207297
0.196284,-3.3755062
0.196286,-3.7915885
0.196288,-3.9302826
0.19629,-3.9302826
0.196292,-3.6991258
0.196294,-3.236812
0.196296,-2.6358042
0.196298,-1.8961024
0.1963,-1.0639377
0.196302,-0.13931036
0.196304,0.7853174
0.196306,1.6174817
0.196308,2.4034152
0.19631,3.0968862
0.196312,3.5591989
0.19631399,3.8828197
0.196316,3.9752812
0.196318,3.8365874
0.19632,3.5129685
0.196322,3.0044227
0.196324,2.3109517
0.196326,1.5250192
0.196328,0.6928544
0.19633,-0.2317729
0.196332,-1.1564007
0.196334,-1.9423337
0.196336,-2.6820357
0.196338,-3.2830436
0.19634,-3.6991258
0.196342,-3.9302826
0.196344,-3.9302826
0.196346,-3.745357
0.196348,-3.329275
0.19635,-2.728267
0.196352,-2.0347965
0.196354,-1.202632
0.196356,-0.27800417
0.196358,0.64662313
0.19636,1.4787879
0.196362,2.3109517
0.196364,2.9581914
0.196366,3.5129685
0.196368,3.8365874
0.19637,3.9752812
0.196372,3.8828197
0.196374,3.5591989
0.196376,3.0968862
0.196378,2.4496465
0.19638,1.6637135
0.196382,0.8315482
0.196384,-0.09307861
0.196386,-0.9714751
0.196388,-1.8036394
0.19639,-2.589573
0.196392,-3.1905808
0.196394,-3.6528945
0.196396,-3.8840513
0.196398,-3.9302826
0.1964,-3.7915885
0.196402,-3.4217377
0.196404,-2.866961
0.196406,-2.1734905
0.196408,-1.3413262
0.19641,-0.46292973
0.196412,0.46169758
0.196414,1.3863249
0.196416,2.172258
0.196418,2.8657289
0.19642,3.420505
0.196422,3.7903562
0.19642399,3.92905
0.196426,3.8828197
0.196428,3.6516623
0.19643,3.1893477
0.196432,2.5883412
0.196434,1.8024073
0.196436,0.970243
0.196438,0.091846466
0.19644,-0.83278084
0.196442,-1.6649456
0.196444,-2.4508786
0.196446,-3.098118
0.196448,-3.6066632
0.19645,-3.8840513
0.196452,-3.976514
0.196454,-3.8378198
0.196456,-3.467969
0.196458,-2.9594238
0.19646,-2.2659533
0.196462,-1.48002
0.196464,-0.601624
0.196466,0.3230033
0.196468,1.2013993
0.19646999,2.033564
0.196472,2.7732663
0.196474,3.3280425
0.196476,3.744125
0.196478,3.92905
0.19648,3.92905
0.196482,3.6978936
0.196484,3.2818112
0.196486,2.6808028
0.196488,1.9411016
0.19649,1.1551685
0.196492,0.23054075
0.196494,-0.694087
0.196496,-1.5262513
0.196498,-2.3121846
0.1965,-3.0056553
0.196502,-3.5142004
0.196504,-3.8378198
0.196506,-3.976514
0.196508,-3.8840513
0.19651,-3.5604317
0.196512,-3.0518866
0.196514,-2.4046474
0.19651599,-1.6187139
0.196518,-0.78654957
0.19652,0.13807821
0.196522,1.0627055
0.196524,1.8948698
0.196526,2.6345725
0.196528,3.23558
0.19653,3.6978936
0.196532,3.92905
0.196534,3.92905
0.196536,3.744125
0.196538,3.3742738
0.19654,2.8194976
0.196542,2.0797954
0.196544,1.2938623
0.196546,0.4154663
0.196548,-0.5091615
0.19655,-1.387557
0.196552,-2.1734905
0.196554,-2.9131925
0.196556,-3.4217377
0.196558,-3.7915885
0.19656,-3.9302826
0.19656199,-3.8840513
0.196564,-3.6066632
0.196566,-3.1905808
0.196568,-2.5433414
0.19657,-1.7574081
0.196572,-0.9252434
0.196574,-6.160736E-4
0.196576,0.92401123
0.196578,1.756176
0.19658,2.4958777
0.196582,3.1431174
0.196584,3.605431
0.196586,3.8828197
0.196588,3.9752812
0.19659,3.7903562
0.196592,3.4667363
0.196594,2.9119601
0.196596,2.2184901
0.196598,1.4325566
0.1966,0.5541601
0.196602,-0.3704667
0.196604,-1.2488632
0.196606,-2.081028
0.196608,-2.7744985
0.19661,-3.3755062
0.196612,-3.745357
0.196614,-3.9302826
0.196616,-3.9302826
0.196618,-3.6991258
0.19662,-3.2830436
0.196622,-2.6820357
0.196624,-1.8961024
0.196626,-1.0639377
0.196628,-0.18554163
0.19663,0.7390857
0.196632,1.6174817
0.196634,2.4034152
0.196636,3.050654
0.196638,3.5591989
0.19664,3.8365874
0.196642,3.9752812
0.196644,3.8365874
0.196646,3.5129685
0.196648,0.92401123
0.19665,-1.9423337
0.196652,-1.5262513
0.196654,-0.6478553
0.196656,0.27677202
0.196658,1.1551685
0.19666,1.9873328
0.196662,2.727035
0.196664,3.3280425
0.196666,3.744125
0.196668,3.92905
0.19667,3.9752812
0.19667199,3.744125
0.196674,3.3742738
0.196676,2.7732663
0.196678,2.033564
0.19668,1.2476311
0.196682,0.3230033
0.196684,-0.55539227
0.196686,-1.48002
0.196688,-2.2197218
0.19669,-2.9131925
0.196692,-3.467969
0.196694,-3.7915885
0.196696,-3.9302826
0.196698,-3.8840513
0.1967,-3.6066632
0.196702,-3.1443493
0.196704,-2.4971101
0.196706,-1.7111769
0.196708,-0.8790121
0.19671,0.045615196
0.196712,0.970243
0.196714,1.8024073
0.196716,2.5883412
0.19671799,3.1893477
0.19672,3.6516623
0.196722,3.8828197
0.196724,3.92905
0.196726,3.7903562
0.196728,3.420505
0.19673,2.8657289
0.196732,2.172258
0.196734,1.3863249
0.196736,0.50792885
0.196738,-0.41669846
0.19674,-1.3413262
0.196742,-2.1272593
0.196744,-2.8207297
0.196746,-3.3755062
0.196748,-3.7915885
0.19675,-3.9302826
0.196752,-3.9302826
0.196754,-3.6528945
0.196756,-3.236812
0.196758,-2.6358042
0.19676,-1.8498712
0.196762,-1.0177064
0.19676399,-0.09307861
0.196766,0.8315482
0.196768,1.6637135
0.19677,2.4496465
0.196772,3.0968862
0.196774,3.5591989
0.196776,3.8828197
0.196778,3.9752812
0.19678,3.8365874
0.196782,3.5129685
0.196784,2.9581914
0.196786,2.3109517
0.196788,1.5250192
0.19679,0.64662313
0.196792,-0.27800417
0.196794,-1.1564007
0.196796,-1.9885652
0.196798,-2.728267
0.1968,-3.329275
0.196802,-3.6991258
0.196804,-3.9302826
0.196806,-3.9302826
0.196808,-3.745357
0.19680999,-3.329275
0.196812,-2.728267
0.196814,-1.9885652
0.196816,-1.1564007
0.196818,-0.27800417
0.19682,0.64662313
0.196822,1.5250192
0.196824,2.3109517
0.196826,3.0044227
0.196828,3.5129685
0.19683,3.8365874
0.196832,3.9752812
0.196834,3.8828197
0.196836,3.5591989
0.196838,3.0968862
0.19684,2.4496465
0.196842,1.6637135
0.196844,0.7853174
0.196846,-0.09307861
0.196848,-1.0177064
0.19685,-1.8498712
0.196852,-2.589573
0.196854,-3.236812
0.19685599,-3.6528945
0.196858,-3.9302826
0.19686,-3.9302826
0.196862,-3.7915885
0.196864,-3.4217377
0.196866,-2.8207297
0.196868,-2.1272593
0.19687,-1.3413262
0.196872,-0.41669846
0.196874,0.50792885
0.196876,1.3863249
0.196878,2.172258
0.19688,2.8657289
0.196882,3.420505
0.196884,3.7903562
0.196886,3.92905
0.196888,3.8828197
0.19689,3.6516623
0.196892,3.1893477
0.196894,2.542109
0.196896,1.8024073
0.196898,0.970243
0.1969,0.045615196
0.196902,-0.8790121
0.196904,-1.7111769
0.196906,-2.4508786
0.196908,-3.098118
0.19691,-3.6066632
0.196912,-3.8840513
0.196914,-3.976514
0.196916,-3.8378198
0.196918,-3.467969
0.19692,-2.9594238
0.196922,-2.2659533
0.196924,-1.48002
0.196926,-0.601624
0.196928,0.3230033
0.19693,1.2476311
0.196932,2.033564
0.196934,2.7732663
0.196936,3.3280425
0.196938,3.744125
0.19694,3.92905
0.196942,3.92905
0.196944,3.6978936
0.196946,3.2818112
0.196948,2.6808028
0.19695,1.9411016
0.196952,1.1089368
0.196954,0.23054075
0.196956,-0.694087
0.196958,-1.5724826
0.19696,-2.3584158
0.196962,-3.0056553
0.196964,-3.5142004
0.19696599,-3.8378198
0.196968,-3.976514
0.19697,-3.8378198
0.196972,-3.5604317
0.196974,-3.0518866
0.196976,-2.4046474
0.196978,-1.6187139
0.19698,-0.7403178
0.196982,0.184309
0.196984,1.1089368
0.196986,1.8948698
0.196988,2.6808028
0.19699,3.2818112
0.196992,3.6978936
0.196994,3.92905
0.196996,3.92905
0.196998,3.744125
0.197,3.3742738
0.197002,2.7732663
0.197004,2.0797954
0.197006,1.2476311
0.197008,0.36923456
0.19701,-0.55539227
0.19701199,-1.4337888
0.197014,-2.2197218
0.197016,-2.9131925
0.197018,-3.467969
0.19702,-3.7915885
0.197022,-3.9302826
0.197024,-3.8840513
0.197026,-3.6066632
0.197028,-3.1443493
0.19703,-2.5433414
0.197032,-1.7574081
0.197034,-0.8790121
0.197036,0.045615196
0.197038,0.92401123
0.19704,1.756176
0.197042,2.542109
0.197044,3.1893477
0.197046,3.6516623
0.197048,3.8828197
0.19705,3.92905
0.197052,3.7903562
0.197054,3.420505
0.197056,2.9119601
0.19705799,2.2184901
0.19706,1.4325566
0.197062,0.50792885
0.197064,-0.3704667
0.197066,-1.2950945
0.197068,0.64662313
0.19707,2.8194976
0.197072,3.420505
0.197074,3.8365874
0.197076,3.9752812
0.197078,3.9752812
0.19708,3.6978936
0.197082,3.2818112
0.197084,2.6808028
0.197086,1.9411016
0.197088,1.1089368
0.19709,0.184309
0.197092,-0.7403178
0.197094,-1.5724826
0.197096,-2.3584158
0.197098,-3.0518866
0.1971,-3.5142004
0.197102,-3.8378198
0.19710399,-3.9302826
0.197106,-3.8378198
0.197108,-3.5142004
0.19711,-3.0056553
0.197112,-2.3584158
0.197114,-1.5262513
0.197116,-0.694087
0.197118,0.23054075
0.19712,1.1551685
0.197122,1.9873328
0.197124,2.727035
0.197126,3.2818112
0.197128,3.6978936
0.19713,3.92905
0.197132,3.92905
0.197134,3.744125
0.197136,3.3280425
0.197138,2.7732663
0.19714,2.033564
0.197142,1.2013993
0.197144,0.3230033
0.197146,-0.601624
0.197148,-1.48002
0.19715,-2.2659533
0.197152,-2.9594238
0.197154,-3.467969
0.197156,-3.8378198
0.197158,-3.976514
0.19716,-3.8840513
0.197162,-3.6066632
0.197164,-3.098118
0.197166,-2.4971101
0.197168,-1.7111769
0.19717,-0.83278084
0.197172,0.091846466
0.197174,0.970243
0.197176,1.8024073
0.197178,2.5883412
0.19718,3.1893477
0.197182,3.6516623
0.197184,3.92905
0.197186,3.92905
0.197188,3.7903562
0.19719,3.420505
0.197192,2.8657289
0.197194,2.172258
0.197196,1.3863249
0.197198,0.46169758
0.1972,-0.46292973
0.197202,-1.3413262
0.197204,-2.1272593
0.197206,-2.8207297
0.197208,-3.4217377
0.19721,-3.7915885
0.197212,-3.9302826
0.19721399,-3.9302826
0.197216,-3.6528945
0.197218,-3.236812
0.19722,-2.589573
0.197222,-1.8498712
0.197224,-1.0177064
0.197226,-0.09307861
0.197228,0.8315482
0.19723,1.6637135
0.197232,2.4496465
0.197234,3.0968862
0.197236,3.605431
0.197238,3.8828197
0.19724,3.9752812
0.197242,3.8365874
0.197244,3.5129685
0.197246,2.9581914
0.197248,2.3109517
0.19725,1.4787879
0.197252,0.64662313
0.197254,-0.27800417
0.197256,-1.202632
0.197258,-1.9885652
0.19725999,-2.728267
0.197262,-3.329275
0.197264,-3.745357
0.197266,-3.9302826
0.197268,-3.9302826
0.19727,-3.6991258
0.197272,-3.2830436
0.197274,-2.728267
0.197276,-1.9885652
0.197278,-1.1564007
0.19728,-0.2317729
0.197282,0.6928544
0.197284,1.5250192
0.197286,2.3109517
0.197288,3.0044227
0.19729,3.5129685
0.197292,3.8365874
0.197294,3.9752812
0.197296,3.8828197
0.197298,3.5591989
0.1973,3.050654
0.197302,2.4034152
0.197304,1.6174817
0.19730599,0.7853174
0.197308,-0.13931036
0.19731,-1.0177064
0.197312,-1.8498712
0.197314,-2.589573
0.197316,-3.236812
0.197318,-3.6528945
0.19732,-3.9302826
0.197322,-3.9302826
0.197324,-3.745357
0.197326,-3.3755062
0.197328,-2.8207297
0.19733,-2.1272593
0.197332,-1.2950945
0.197334,-0.41669846
0.197336,0.50792885
0.197338,1.3863249
0.19734,2.2184901
0.197342,2.9119601
0.197344,3.420505
0.197346,3.7903562
0.197348,3.92905
0.19735,3.8828197
0.19735199,3.6516623
0.197354,3.1893477
0.197356,2.542109
0.197358,1.756176
0.19736,0.92401123
0.197362,0.045615196
0.197364,-0.8790121
0.197366,-1.7111769
0.197368,-2.4971101
0.19737,-3.1443493
0.197372,-3.6066632
0.197374,-3.8840513
0.197376,-3.976514
0.197378,-3.7915885
0.19738,-3.467969
0.197382,-2.9594238
0.197384,-2.2659533
0.197386,-1.48002
0.197388,-0.55539227
0.19739,0.36923456
0.197392,1.2476311
0.197394,2.0797954
0.197396,2.7732663
0.197398,3.3742738
0.1974,3.744125
0.197402,3.92905
0.197404,3.92905
0.197406,3.6978936
0.197408,3.2818112
0.19741,2.6808028
0.197412,1.9411016
0.197414,1.1089368
0.197416,0.184309
0.197418,-0.7403178
0.19742,-1.5724826
0.197422,-2.3584158
0.197424,-3.0056553
0.197426,-3.5142004
0.197428,-3.8378198
0.19743,-3.976514
0.197432,-3.8378198
0.197434,-3.5604317
0.197436,-3.0518866
0.197438,-2.4046474
0.19744,-1.5724826
0.197442,-0.7403178
0.197444,0.184309
0.197446,1.1089368
0.197448,1.9411016
0.19745,2.6808028
0.197452,3.2818112
0.197454,3.6978936
0.197456,3.92905
0.197458,3.92905
0.19746,3.744125
0.19746199,3.3280425
0.197464,2.7732663
0.197466,2.0797954
0.197468,1.2476311
0.19747,0.36923456
0.197472,-0.55539227
0.197474,-1.4337888
0.197476,-2.2197218
0.197478,-2.9131925
0.19748,-3.467969
0.197482,-3.7915885
0.197484,-3.976514
0.197486,-3.8840513
0.197488,-2.0347965
0.19749,1.6637135
0.197492,2.4496465
0.197494,1.6637135
0.197496,0.8315482
0.197498,-0.046847343
0.1975,-0.9714751
0.197502,-1.8036394
0.197504,-2.5433414
0.197506,-3.1905808
0.19750799,-3.6528945
0.19751,-3.9302826
0.197512,-3.976514
0.197514,-3.7915885
0.197516,-3.467969
0.197518,-2.9131925
0.19752,-2.2197218
0.197522,-1.387557
0.197524,-0.5091615
0.197526,0.4154663
0.197528,1.2938623
0.19753,2.126027
0.197532,2.8194976
0.197534,3.3742738
0.197536,3.7903562
0.197538,3.92905
0.19754,3.92905
0.197542,3.6516623
0.197544,3.23558
0.197546,2.6345725
0.197548,1.8486385
0.19755,1.0164738
0.197552,0.13807821
0.19755399,-0.78654957
0.197556,-1.6187139
0.197558,-2.4046474
0.19756,-3.0518866
0.197562,-3.5604317
0.197564,-3.8840513
0.197566,-3.976514
0.197568,-3.8378198
0.19757,-3.5142004
0.197572,-3.0056553
0.197574,-2.3121846
0.197576,-1.5262513
0.197578,-0.6478553
0.19758,0.27677202
0.197582,1.1551685
0.197584,1.9873328
0.197586,2.727035
0.197588,3.3280425
0.19759,3.6978936
0.197592,3.92905
0.197594,3.92905
0.197596,3.744125
0.197598,3.3280425
0.19759999,2.727035
0.197602,1.9873328
0.197604,1.2013993
0.197606,0.27677202
0.197608,-0.6478553
0.19761,-1.48002
0.197612,-2.2659533
0.197614,-2.9594238
0.197616,-3.5142004
0.197618,-3.8378198
0.19762,-3.976514
0.197622,-3.8840513
0.197624,-3.5604317
0.197626,-3.098118
0.197628,-2.4508786
0.19763,-1.6649456
0.197632,-0.83278084
0.197634,0.091846466
0.197636,1.0164738
0.197638,1.8486385
0.19764,2.5883412
0.197642,3.23558
0.197644,3.6516623
0.197646,3.92905
0.197648,3.92905
0.19765,3.7903562
0.197652,3.420505
0.197654,2.8657289
0.197656,2.126027
0.197658,1.3400936
0.19766,0.46169758
0.197662,-0.46292973
0.197664,-1.3413262
0.197666,-2.1272593
0.197668,-2.866961
0.19767,-3.4217377
0.197672,-3.7915885
0.197674,-3.9302826
0.197676,-3.8840513
0.197678,-3.6528945
0.19768,-3.1905808
0.197682,-2.589573
0.197684,-1.8036394
0.197686,-0.9714751
0.197688,-0.046847343
0.19769,0.87777996
0.197692,1.7099442
0.197694,2.4958777
0.197696,3.1431174
0.197698,3.605431
0.1977,3.8828197
0.197702,3.9752812
0.197704,3.8365874
0.197706,3.4667363
0.197708,2.9581914
0.19770999,2.2647214
0.197712,1.4787879
0.197714,0.60039186
0.197716,-0.32423592
0.197718,-1.202632
0.19772,-2.0347965
0.197722,-2.728267
0.197724,-3.329275
0.197726,-3.745357
0.197728,-3.9302826
0.19773,-3.9302826
0.197732,-3.6991258
0.197734,-3.2830436
0.197736,-2.6820357
0.197738,-1.9423337
0.19774,-1.1101689
0.197742,-0.2317729
0.197744,0.6928544
0.197746,1.5712504
0.197748,2.357184
0.19775,3.0044227
0.197752,3.5129685
0.197754,3.8365874
0.19775599,3.9752812
0.197758,3.8828197
0.19776,3.5591989
0.197762,3.050654
0.197764,2.4034152
0.197766,1.6174817
0.197768,0.7853174
0.19777,-0.13931036
0.197772,-1.0639377
0.197774,-1.8961024
0.197776,-2.6358042
0.197778,-3.236812
0.19778,-3.6991258
0.197782,-3.9302826
0.197784,-3.9302826
0.197786,-3.745357
0.197788,-3.3755062
0.19779,-2.8207297
0.197792,-2.081028
0.197794,-1.2950945
0.197796,-0.3704667
0.197798,0.5541601
0.1978,1.4325566
0.19780199,2.2184901
0.197804,2.9119601
0.197806,3.4667363
0.197808,3.7903562
0.19781,3.9752812
0.197812,3.8828197
0.197814,3.605431
0.197816,3.1431174
0.197818,2.542109
0.19782,1.756176
0.197822,0.92401123
0.197824,-6.160736E-4
0.197826,-0.8790121
0.197828,-1.7111769
0.19783,-2.4971101
0.197832,-3.1443493
0.197834,-3.6066632
0.197836,-3.8840513
0.197838,-3.976514
0.19784,-3.7915885
0.197842,-3.467969
0.197844,-2.9131925
0.197846,-2.2197218
0.19784799,-1.4337888
0.19785,-0.55539227
0.197852,0.36923456
0.197854,1.2938623
0.197856,2.0797954
0.197858,2.8194976
0.19786,3.3742738
0.197862,3.744125
0.197864,3.92905
0.197866,3.92905
0.197868,3.6978936
0.19787,3.23558
0.197872,2.6345725
0.197874,1.8948698
0.197876,1.0627055
0.197878,0.184309
0.19788,-0.7403178
0.197882,-1.5724826
0.197884,-2.3584158
0.197886,-3.0518866
0.197888,-3.5604317
0.19789,-3.8378198
0.197892,-3.976514
0.19789399,-3.8378198
0.197896,-3.5142004
0.197898,-3.0518866
0.1979,-2.3584158
0.197902,-1.5724826
0.197904,-0.694087
0.197906,0.23054075
0.197908,-0.8790121
0.19791,-1.9885652
0.197912,-2.728267
0.197914,-3.329275
0.197916,-3.745357
0.197918,-3.976514
0.19792,-3.976514
0.197922,-3.7915885
0.197924,-3.3755062
0.197926,-2.8207297
0.197928,-2.081028
0.19793,-1.2488632
0.197932,-0.3704667
0.197934,0.5541601
0.197936,1.4787879
0.197938,2.2647214
0.19794,2.9119601
0.197942,3.4667363
0.197944,3.7903562
0.197946,3.92905
0.197948,3.8828197
0.19795,3.605431
0.197952,3.0968862
0.197954,2.4496465
0.197956,1.7099442
0.197958,0.8315482
0.19796,-0.046847343
0.197962,-0.9714751
0.197964,-1.8036394
0.197966,-2.5433414
0.197968,-3.1905808
0.19797,-3.6528945
0.197972,-3.8840513
0.197974,-3.976514
0.197976,-3.7915885
0.197978,-3.4217377
0.19798,-2.9131925
0.197982,-2.1734905
0.197984,-1.387557
0.197986,-0.5091615
0.197988,0.4154663
0.19799,1.3400936
0.197992,2.126027
0.197994,2.8194976
0.197996,3.420505
0.197998,3.7903562
0.198,3.92905
0.198002,3.92905
0.19800399,3.6516623
0.198006,3.23558
0.198008,2.5883412
0.19801,1.8486385
0.198012,1.0164738
0.198014,0.091846466
0.198016,-0.78654957
0.198018,-1.6649456
0.19802,-2.4046474
0.198022,-3.098118
0.198024,-3.5604317
0.198026,-3.8840513
0.198028,-3.976514
0.19803,-3.8378198
0.198032,-3.5142004
0.198034,-3.0056553
0.198036,-2.3121846
0.198038,-1.5262513
0.19804,-0.6478553
0.198042,0.27677202
0.198044,1.2013993
0.198046,1.9873328
0.198048,2.727035
0.19804999,3.3280425
0.198052,3.744125
0.198054,3.92905
0.198056,3.92905
0.198058,3.6978936
0.19806,3.3280425
0.198062,2.727035
0.198064,1.9873328
0.198066,1.1551685
0.198068,0.27677202
0.19807,-0.6478553
0.198072,-1.48002
0.198074,-2.3121846
0.198076,-2.9594238
0.198078,-3.5142004
0.19808,-3.8378198
0.198082,-3.976514
0.198084,-3.8840513
0.198086,-3.5604317
0.198088,-3.098118
0.19809,-2.4508786
0.198092,-1.6649456
0.198094,-0.78654957
0.19809599,0.13807821
0.198098,1.0164738
0.1981,1.8486385
0.198102,2.5883412
0.198104,3.23558
0.198106,3.6516623
0.198108,3.92905
0.19811,3.92905
0.198112,3.7903562
0.198114,3.3742738
0.198116,2.8194976
0.198118,2.126027
0.19812,1.3400936
0.198122,0.4154663
0.198124,-0.5091615
0.198126,-1.387557
0.198128,-2.1734905
0.19813,-2.866961
0.198132,-3.4217377
0.198134,-3.7915885
0.198136,-3.9302826
0.198138,-3.8840513
0.19814,-3.6528945
0.19814199,-3.1905808
0.198144,-2.589573
0.198146,-1.8036394
0.198148,-0.9714751
0.19815,-0.046847343
0.198152,0.87777996
0.198154,1.7099442
0.198156,2.4958777
0.198158,3.1431174
0.19816,3.605431
0.198162,3.8828197
0.198164,3.9752812
0.198166,3.8365874
0.198168,3.4667363
0.19817,2.9581914
0.198172,2.2647214
0.198174,1.4787879
0.198176,0.60039186
0.198178,-0.32423592
0.19818,-1.202632
0.198182,-2.0347965
0.198184,-2.7744985
0.198186,-3.329275
0.198188,-3.745357
0.19819,-3.9302826
0.198192,-3.9302826
0.198194,-3.6991258
0.198196,-3.2830436
0.198198,-2.6820357
0.1982,-1.9423337
0.198202,-1.1101689
0.198204,-0.18554163
0.198206,0.7390857
0.198208,1.5712504
0.19821,2.357184
0.198212,3.050654
0.198214,3.5591989
0.198216,3.8365874
0.198218,3.9752812
0.19822,3.8365874
0.198222,3.5591989
0.198224,3.050654
0.198226,2.4034152
0.198228,1.6174817
0.19823,0.7390857
0.198232,-0.18554163
0.198234,-1.0639377
0.198236,-1.8961024
0.198238,-2.6358042
0.19824,-3.236812
0.198242,-3.6991258
0.198244,-3.9302826
0.198246,-3.9302826
0.198248,-3.745357
0.19825,-3.3755062
0.19825199,-2.8207297
0.198254,-2.081028
0.198256,-1.2488632
0.198258,-0.3704667
0.19826,0.5541601
0.198262,1.4325566
0.198264,2.2184901
0.198266,2.9119601
0.198268,3.4667363
0.19827,3.7903562
0.198272,3.9752812
0.198274,3.8828197
0.198276,3.605431
0.198278,3.1431174
0.19828,2.4958777
0.198282,1.756176
0.198284,0.92401123
0.198286,-6.160736E-4
0.198288,-0.9252434
0.19829,-1.7574081
0.198292,-2.4971101
0.198294,-3.1443493
0.198296,-3.6066632
0.19829799,-3.8840513
0.1983,-3.9302826
0.198302,-3.7915885
0.198304,-3.467969
0.198306,-2.9131925
0.198308,-2.2197218
0.19831,-1.4337888
0.198312,-0.5091615
0.198314,0.4154663
0.198316,1.2938623
0.198318,2.0797954
0.19832,2.8194976
0.198322,3.3742738
0.198324,3.744125
0.198326,3.92905
0.198328,2.4496465
0.19833,-0.9252434
0.198332,-3.098118
0.198334,-2.6358042
0.198336,-1.8498712
0.198338,-1.0177064
0.19834,-0.13931036
0.198342,0.7853174
0.19834399,1.6174817
0.198346,2.4034152
0.198348,3.0968862
0.19835,3.5591989
0.198352,3.8828197
0.198354,3.9752812
0.198356,3.8365874
0.198358,3.5129685
0.19836,3.0044227
0.198362,2.357184
0.198364,1.5250192
0.198366,0.6928544
0.198368,-0.2317729
0.19837,-1.1101689
0.198372,-1.9423337
0.198374,-2.6820357
0.198376,-3.2830436
0.198378,-3.6991258
0.19838,-3.9302826
0.198382,-3.9302826
0.198384,-3.745357
0.198386,-3.329275
0.198388,-2.7744985
0.19838999,-2.0347965
0.198392,-1.202632
0.198394,-0.32423592
0.198396,0.60039186
0.198398,1.4787879
0.1984,2.2647214
0.198402,2.9581914
0.198404,3.5129685
0.198406,3.8365874
0.198408,3.9752812
0.19841,3.8828197
0.198412,3.605431
0.198414,3.0968862
0.198416,2.4496465
0.198418,1.6637135
0.19842,0.8315482
0.198422,-0.09307861
0.198424,-0.9714751
0.198426,-1.8036394
0.198428,-2.589573
0.19843,-3.1905808
0.198432,-3.6528945
0.198434,-3.8840513
0.198436,-3.9302826
0.198438,-3.7915885
0.19844,-3.4217377
0.198442,-2.866961
0.198444,-2.1734905
0.198446,-1.3413262
0.198448,-0.46292973
0.19845,0.46169758
0.198452,1.3400936
0.198454,2.172258
0.198456,2.8657289
0.198458,3.420505
0.19846,3.7903562
0.198462,3.92905
0.198464,3.8828197
0.198466,3.6516623
0.198468,3.1893477
0.19847,2.5883412
0.198472,1.8024073
0.198474,0.970243
0.198476,0.091846466
0.198478,-0.83278084
0.19848,-1.6649456
0.198482,-2.4508786
0.198484,-3.098118
0.198486,-3.6066632
0.198488,-3.8840513
0.19849,-3.976514
0.198492,-3.8378198
0.198494,-3.5142004
0.198496,-2.9594238
0.198498,-2.3121846
0.19849999,-1.48002
0.198502,-0.601624
0.198504,0.3230033
0.198506,1.2013993
0.198508,2.033564
0.19851,2.727035
0.198512,3.3280425
0.198514,3.744125
0.198516,3.92905
0.198518,3.92905
0.19852,3.6978936
0.198522,3.2818112
0.198524,2.6808028
0.198526,1.9873328
0.198528,1.1551685
0.19853,0.23054075
0.198532,-0.6478553
0.198534,-1.5262513
0.198536,-2.3121846
0.198538,-3.0056553
0.19854,-3.5142004
0.198542,-3.8378198
0.198544,-3.976514
0.19854599,-3.8840513
0.198548,-3.5604317
0.19855,-3.098118
0.198552,-2.4046474
0.198554,-1.6187139
0.198556,-0.78654957
0.198558,0.13807821
0.19856,1.0627055
0.198562,1.8948698
0.198564,2.6345725
0.198566,3.23558
0.198568,3.6978936
0.19857,3.92905
0.198572,3.92905
0.198574,3.744125
0.198576,3.3742738
0.198578,2.8194976
0.19858,2.126027
0.198582,1.2938623
0.198584,0.4154663
0.198586,-0.5091615
0.198588,-1.387557
0.19859,-2.1734905
0.19859199,-2.866961
0.198594,-3.4217377
0.198596,-3.7915885
0.198598,-3.9302826
0.1986,-3.8840513
0.198602,-3.6528945
0.198604,-3.1905808
0.198606,-2.5433414
0.198608,-1.7574081
0.19861,-0.9252434
0.198612,-6.160736E-4
0.198614,0.87777996
0.198616,1.756176
0.198618,2.4958777
0.19862,3.1431174
0.198622,3.605431
0.198624,3.8828197
0.198626,3.9752812
0.198628,3.7903562
0.19863,3.4667363
0.198632,2.9119601
0.198634,2.2184901
0.198636,1.4325566
0.19863799,0.5541601
0.19864,-0.3704667
0.198642,-1.2488632
0.198644,-2.0347965
0.198646,-2.7744985
0.198648,-3.3755062
0.19865,-3.745357
0.198652,-3.9302826
0.198654,-3.9302826
0.198656,-3.6991258
0.198658,-3.2830436
0.19866,-2.6820357
0.198662,-1.9423337
0.198664,-1.1101689
0.198666,-0.18554163
0.198668,0.7390857
0.19867,1.6174817
0.198672,2.4034152
0.198674,3.050654
0.198676,3.5591989
0.198678,3.8365874
0.19868,3.9752812
0.198682,3.8365874
0.198684,3.5129685
0.198686,3.050654
0.198688,2.357184
0.19869,1.5712504
0.198692,0.7390857
0.198694,-0.18554163
0.198696,-1.1101689
0.198698,-1.8961024
0.1987,-2.6358042
0.198702,-3.2830436
0.198704,-3.6991258
0.198706,-3.9302826
0.198708,-3.9302826
0.19871,-3.745357
0.198712,-3.3755062
0.198714,-2.7744985
0.198716,-2.081028
0.198718,-1.2488632
0.19872,-0.32423592
0.198722,0.60039186
0.198724,1.4787879
0.198726,2.2647214
0.198728,2.9581914
0.19873,3.4667363
0.198732,3.8365874
0.198734,3.9752812
0.198736,3.8828197
0.198738,3.605431
0.19874,3.1431174
0.198742,2.4958777
0.198744,1.7099442
0.198746,0.87777996
0.19874799,0.23054075
0.19875,1.0164738
0.198752,1.8486385
0.198754,2.6345725
0.198756,3.23558
0.198758,3.6978936
0.19876,3.9752812
0.198762,4.0215135
0.198764,3.8365874
0.198766,3.4667363
0.198768,2.9119601
0.19877,2.2184901
0.198772,1.4325566
0.198774,0.5541601
0.198776,-0.3704667
0.198778,-1.2950945
0.19878,-2.081028
0.198782,-2.7744985
0.198784,-3.3755062
0.198786,-3.745357
0.198788,-3.9302826
0.19879,-3.8840513
0.198792,-3.6528945
0.19879399,-3.236812
0.198796,-2.6358042
0.198798,-1.8498712
0.1988,-1.0177064
0.198802,-0.09307861
0.198804,0.7853174
0.198806,1.6637135
0.198808,2.4496465
0.19881,3.0968862
0.198812,3.5591989
0.198814,3.8828197
0.198816,3.9752812
0.198818,3.8365874
0.19882,3.5129685
0.198822,3.0044227
0.198824,2.3109517
0.198826,1.5250192
0.198828,0.6928544
0.19883,-0.2317729
0.198832,-1.1564007
0.198834,-1.9423337
0.198836,-2.6820357
0.198838,-3.2830436
0.19883999,-3.6991258
0.198842,-3.9302826
0.198844,-3.9302826
0.198846,-3.745357
0.198848,-3.329275
0.19885,-2.728267
0.198852,-1.9885652
0.198854,-1.202632
0.198856,-0.27800417
0.198858,0.64662313
0.19886,1.4787879
0.198862,2.3109517
0.198864,3.0044227
0.198866,3.5129685
0.198868,3.8365874
0.19887,3.9752812
0.198872,3.8828197
0.198874,3.605431
0.198876,3.0968862
0.198878,2.4496465
0.19888,1.6637135
0.198882,0.8315482
0.198884,-0.09307861
0.19888599,-1.0177064
0.198888,-1.8036394
0.19889,-2.589573
0.198892,-3.1905808
0.198894,-3.6528945
0.198896,-3.8840513
0.198898,-3.9302826
0.1989,-3.7915885
0.198902,-3.4217377
0.198904,-2.866961
0.198906,-2.1272593
0.198908,-1.3413262
0.19891,-0.46292973
0.198912,0.46169758
0.198914,1.3863249
0.198916,2.172258
0.198918,2.8657289
0.19892,3.420505
0.198922,3.7903562
0.198924,3.92905
0.198926,3.8828197
0.198928,3.6516623
0.19893,3.1893477
0.19893199,2.5883412
0.198934,1.8024073
0.198936,0.970243
0.198938,0.091846466
0.19894,-0.83278084
0.198942,-1.6649456
0.198944,-2.4508786
0.198946,-3.098118
0.198948,-3.6066632
0.19895,-3.8840513
0.198952,-3.976514
0.198954,-3.8378198
0.198956,-3.467969
0.198958,-2.9594238
0.19896,-2.2659533
0.198962,-1.48002
0.198964,-0.601624
0.198966,0.3230033
0.198968,1.2013993
0.19897,2.033564
0.198972,2.7732663
0.198974,3.3280425
0.198976,3.744125
0.198978,3.92905
0.19898,3.92905
0.198982,3.6978936
0.198984,3.2818112
0.198986,2.6808028
0.198988,1.9411016
0.19899,1.1551685
0.198992,0.23054075
0.198994,-0.694087
0.19899599,-1.5262513
0.198998,-2.3121846
0.199,-3.0056553
0.199002,-3.5142004
0.199004,-3.8378198
0.199006,-3.976514
0.199008,-3.8378198
0.19901,-3.5604317
0.199012,-3.0518866
0.199014,-2.4046474
0.199016,-1.6187139
0.199018,-0.7403178
0.19902,0.13807821
0.199022,1.0627055
0.199024,1.8948698
0.199026,2.6345725
0.199028,3.23558
0.19903,3.6978936
0.199032,3.92905
0.199034,3.92905
0.199036,3.744125
0.199038,3.3742738
0.19904,2.8194976
0.19904199,2.0797954
0.199044,1.2938623
0.199046,0.36923456
0.199048,-0.5091615
0.19905,-1.4337888
0.199052,-2.2197218
0.199054,-2.9131925
0.199056,-3.4217377
0.199058,-3.7915885
0.19906,-3.9302826
0.199062,-3.8840513
0.199064,-3.6066632
0.199066,-3.1443493
0.199068,-2.5433414
0.19907,-1.7574081
0.199072,-0.9252434
0.199074,-6.160736E-4
0.199076,0.92401123
0.199078,1.756176
0.19908,2.542109
0.199082,3.1431174
0.199084,3.605431
0.199086,3.8828197
0.19908799,3.9752812
0.19909,3.7903562
0.199092,3.4667363
0.199094,2.9119601
0.199096,2.2184901
0.199098,1.4325566
0.1991,0.5541601
0.199102,-0.3704667
0.199104,-1.2488632
0.199106,-2.081028
0.199108,-2.7744985
0.19911,-3.3755062
0.199112,-3.745357
0.199114,-3.9302826
0.199116,-3.9302826
0.199118,-3.6991258
0.19912,-3.236812
0.199122,-2.6358042
0.199124,-1.8961024
0.199126,-1.0639377
0.199128,-0.18554163
0.19913,0.7390857
0.199132,1.6174817
0.19913399,2.4034152
0.199136,3.050654
0.199138,3.5591989
0.19914,3.8365874
0.199142,3.9752812
0.199144,3.8365874
0.199146,3.5129685
0.199148,3.0044227
0.19915,2.357184
0.199152,1.5712504
0.199154,0.6928544
0.199156,-0.2317729
0.199158,-1.1101689
0.19916,-1.9423337
0.199162,-2.6820357
0.199164,-3.2830436
0.199166,-3.6991258
0.199168,-3.1905808
0.19917,0.3230033
0.199172,3.4667363
0.199174,3.3280425
0.199176,2.7732663
0.199178,2.033564
0.19917999,1.2013993
0.199182,0.3230033
0.199184,-0.601624
0.199186,-1.48002
0.199188,-2.2659533
0.19919,-2.9594238
0.199192,-3.467969
0.199194,-3.8378198
0.199196,-3.9302826
0.199198,-3.8840513
0.1992,-3.6066632
0.199202,-3.1443493
0.199204,-2.4971101
0.199206,-1.7111769
0.199208,-0.83278084
0.19921,0.091846466
0.199212,0.970243
0.199214,1.8024073
0.199216,2.5883412
0.199218,3.1893477
0.19922,3.6516623
0.199222,3.92905
0.199224,3.92905
0.199226,3.7903562
0.199228,3.420505
0.19923,2.8657289
0.199232,2.172258
0.199234,1.3863249
0.199236,0.50792885
0.199238,-0.41669846
0.19924,-1.3413262
0.199242,-2.1272593
0.199244,-2.8207297
0.199246,-3.3755062
0.199248,-3.7915885
0.19925,-3.9302826
0.199252,-3.8840513
0.199254,-3.6528945
0.199256,-3.236812
0.199258,-2.589573
0.19926,-1.8498712
0.199262,-1.0177064
0.199264,-0.09307861
0.199266,0.8315482
0.199268,1.6637135
0.19927,2.4496465
0.199272,3.0968862
0.199274,3.605431
0.199276,3.8828197
0.199278,3.9752812
0.19928,3.8365874
0.199282,3.5129685
0.199284,2.9581914
0.199286,2.3109517
0.199288,1.4787879
0.19928999,0.64662313
0.199292,-0.27800417
0.199294,-1.1564007
0.199296,-1.9885652
0.199298,-2.728267
0.1993,-3.329275
0.199302,-3.6991258
0.199304,-3.9302826
0.199306,-3.9302826
0.199308,-3.6991258
0.19931,-3.329275
0.199312,-2.728267
0.199314,-1.9885652
0.199316,-1.1564007
0.199318,-0.27800417
0.19932,0.64662313
0.199322,1.5250192
0.199324,2.3109517
0.199326,3.0044227
0.199328,3.5129685
0.19933,3.8365874
0.199332,3.9752812
0.199334,3.8828197
0.19933599,3.5591989
0.199338,3.0968862
0.19934,2.4496465
0.199342,1.6637135
0.199344,0.7853174
0.199346,-0.09307861
0.199348,-1.0177064
0.19935,-1.8498712
0.199352,-2.589573
0.199354,-3.236812
0.199356,-3.6528945
0.199358,-3.9302826
0.19936,-3.9302826
0.199362,-3.7915885
0.199364,-3.3755062
0.199366,-2.8207297
0.199368,-2.1272593
0.19937,-1.2950945
0.199372,-0.41669846
0.199374,0.50792885
0.199376,1.3863249
0.199378,2.172258
0.19938,2.9119601
0.19938199,3.420505
0.199384,3.7903562
0.199386,3.9752812
0.199388,3.8828197
0.19939,3.6516623
0.199392,3.1893477
0.199394,2.542109
0.199396,1.8024073
0.199398,0.970243
0.1994,0.045615196
0.199402,-0.8790121
0.199404,-1.7111769
0.199406,-2.4508786
0.199408,-3.1443493
0.19941,-3.6066632
0.199412,-3.8840513
0.199414,-3.976514
0.199416,-3.8378198
0.199418,-3.467969
0.19942,-2.9594238
0.199422,-2.2659533
0.199424,-1.48002
0.199426,-0.55539227
0.19942799,0.36923456
0.19943,1.2476311
0.199432,2.0797954
0.199434,2.7732663
0.199436,3.3742738
0.199438,3.744125
0.19944,3.92905
0.199442,3.92905
0.199444,3.6978936
0.199446,3.2818112
0.199448,2.6808028
0.19945,1.9411016
0.199452,1.1089368
0.199454,0.184309
0.199456,-0.694087
0.199458,-1.5724826
0.19946,-2.3584158
0.199462,-3.0056553
0.199464,-3.5142004
0.199466,-3.8378198
0.199468,-3.976514
0.19947,-3.8378198
0.199472,-3.5604317
0.199474,-3.0518866
0.199476,-2.4046474
0.199478,-1.5724826
0.19948,-0.7403178
0.199482,0.184309
0.199484,1.1089368
0.199486,1.9411016
0.199488,2.6808028
0.19949,3.2818112
0.199492,3.6978936
0.199494,3.92905
0.199496,3.92905
0.199498,3.744125
0.1995,3.3742738
0.199502,2.7732663
0.199504,2.0797954
0.199506,1.2476311
0.199508,0.36923456
0.19951,-0.55539227
0.199512,-1.4337888
0.199514,-2.2197218
0.199516,-2.9131925
0.199518,-3.467969
0.19952,-3.7915885
0.199522,-3.9302826
0.199524,-3.8840513
0.199526,-3.6066632
0.199528,-3.1443493
0.19953,-2.4971101
0.199532,-1.7574081
0.199534,-0.8790121
0.199536,0.045615196
0.19953799,0.92401123
0.19954,1.756176
0.199542,2.542109
0.199544,3.1893477
0.199546,3.6516623
0.199548,3.8828197
0.19955,3.9752812
0.199552,3.7903562
0.199554,3.420505
0.199556,2.9119601
0.199558,2.2184901
0.19956,1.4325566
0.199562,0.50792885
0.199564,-0.41669846
0.199566,-1.2950945
0.199568,-2.081028
0.19957,-2.8207297
0.199572,-3.3755062
0.199574,-3.745357
0.199576,-3.9302826
0.199578,-3.9302826
0.19958,-3.6991258
0.199582,-3.236812
0.19958399,-2.6358042
0.199586,-1.8961024
0.199588,-0.6478553
0.19959,0.045615196
0.199592,-0.83278084
0.199594,-1.6649456
0.199596,-2.4508786
0.199598,-3.1443493
0.1996,-3.6066632
0.199602,-3.9302826
0.199604,-4.022745
0.199606,-3.8840513
0.199608,-3.5604317
0.19961,-3.0518866
0.199612,-2.3584158
0.199614,-1.5724826
0.199616,-0.694087
0.199618,0.23054075
0.19962,1.1089368
0.199622,1.9411016
0.199624,2.6808028
0.199626,3.2818112
0.199628,3.6978936
0.19962999,3.92905
0.199632,3.92905
0.199634,3.6978936
0.199636,3.3280425
0.199638,2.727035
0.19964,1.9873328
0.199642,1.2013993
0.199644,0.27677202
0.199646,-0.601624
0.199648,-1.48002
0.19965,-2.2659533
0.199652,-2.9594238
0.199654,-3.467969
0.199656,-3.8378198
0.199658,-3.976514
0.19966,-3.8840513
0.199662,-3.6066632
0.199664,-3.098118
0.199666,-2.4971101
0.199668,-1.7111769
0.19967,-0.83278084
0.199672,0.091846466
0.199674,0.970243
0.19967599,1.8024073
0.199678,2.5883412
0.19968,3.1893477
0.199682,3.6516623
0.199684,3.8828197
0.199686,3.92905
0.199688,3.7903562
0.19969,3.420505
0.199692,2.8657289
0.199694,2.172258
0.199696,1.3400936
0.199698,0.46169758
0.1997,-0.46292973
0.199702,-1.3413262
0.199704,-2.1272593
0.199706,-2.8207297
0.199708,-3.4217377
0.19971,-3.7915885
0.199712,-3.9302826
0.199714,-3.8840513
0.199716,-3.6528945
0.199718,-3.1905808
0.19972,-2.589573
0.199722,-1.8498712
0.199724,-0.9714751
0.199726,-0.09307861
0.199728,0.8315482
0.19973,1.6637135
0.199732,2.4496465
0.199734,3.0968862
0.199736,3.605431
0.199738,3.8828197
0.19974,3.9752812
0.199742,3.8365874
0.199744,3.5129685
0.199746,2.9581914
0.199748,2.2647214
0.19975,1.4787879
0.199752,0.64662313
0.199754,-0.27800417
0.199756,-1.202632
0.199758,-1.9885652
0.19976,-2.728267
0.199762,-3.329275
0.199764,-3.745357
0.199766,-3.9302826
0.199768,-3.9302826
0.19977,-3.6991258
0.199772,-3.2830436
0.199774,-2.728267
0.199776,-1.9885652
0.199778,-1.1564007
0.19978,-0.2317729
0.199782,0.6928544
0.199784,1.5250192
0.19978599,2.357184
0.199788,3.0044227
0.19979,3.5129685
0.199792,3.8365874
0.199794,3.9752812
0.199796,3.8828197
0.199798,3.5591989
0.1998,3.050654
0.199802,2.4034152
0.199804,1.6174817
0.199806,0.7853174
0.199808,-0.13931036
0.19981,-1.0177064
0.199812,-1.8498712
0.199814,-2.589573
0.199816,-3.236812
0.199818,-3.6528945
0.19982,-3.9302826
0.199822,-3.9302826
0.199824,-3.745357
0.199826,-3.3755062
0.199828,-2.8207297
0.19983,-2.1272593
0.19983199,-1.2950945
0.199834,-0.41669846
0.199836,0.50792885
0.199838,1.4325566
0.19984,2.2184901
0.199842,2.9119601
0.199844,3.4667363
0.199846,3.7903562
0.199848,3.9752812
0.19985,3.8828197
0.199852,3.6516623
0.199854,3.1893477
0.199856,2.542109
0.199858,1.756176
0.19986,0.92401123
0.199862,0.045615196
0.199864,-0.8790121
0.199866,-1.7111769
0.199868,-2.4971101
0.19987,-3.1443493
0.199872,-3.6066632
0.199874,-3.8840513
0.199876,-3.9302826
0.19987799,-3.7915885
0.19988,-3.467969
0.199882,-2.9594238
0.199884,-2.2659533
0.199886,-1.4337888
0.199888,-0.55539227
0.19989,0.36923456
0.199892,1.2476311
0.199894,2.0797954
0.199896,2.7732663
0.199898,3.3742738
0.1999,3.744125
0.199902,3.92905
0.199904,3.92905
0.199906,3.6978936
0.199908,3.2818112
0.19991,2.6345725
0.199912,1.8948698
0.199914,1.1089368
0.199916,0.184309
0.199918,-0.7403178
0.19992,-1.5724826
0.199922,-2.3584158
0.19992399,-3.0518866
0.199926,-3.5604317
0.199928,-3.8378198
0.19993,-3.976514
0.199932,-3.8378198
0.199934,-3.5604317
0.199936,-3.0518866
0.199938,-2.3584158
0.19994,-1.5724826
0.199942,-0.7403178
0.199944,0.184309
0.199946,1.1089368
0.199948,1.9411016
0.19995,2.6808028
0.199952,3.2818112
0.199954,3.6978936
0.199956,3.92905
0.199958,3.92905
0.19996,3.744125
0.199962,3.3280425
0.199964,2.7732663
0.199966,2.033564
0.199968,1.2476311
0.19997,0.36923456
0.199972,-0.55539227
0.199974,-1.4337888
0.199976,-2.2197218
0.199978,-2.9131925
0.19998,-3.467969
0.199982,-3.7915885
0.199984,-3.9302826
0.199986,-3.8840513
0.199988,-3.6066632
0.19999,-3.1443493
0.199992,-2.4971101
0.199994,-1.7111769
0.199996,-0.8790121
0.199998,0.045615196
