Time,CH1
0.0,-0.046847343
2.0E-6,1.6637135
4.0E-6,3.1893477
6.0E-6,4.298901
8.0E-6,4.8536773
1.0E-5,4.8536773
1.2E-5,4.252671
1.4E-5,3.0968862
1.6E-5,1.6174817
1.8E-5,-0.09307861
2.0E-5,-1.7574081
2.2E-5,-3.236812
2.4E-5,-4.346365
2.6E-5,-4.85491
2.8E-5,-4.8086786
3.0E-5,-4.2076707
3.2E-5,-3.0518866
3.4E-5,-1.48002
3.6E-5,0.23054075
3.8E-5,1.8948698
4.0E-5,3.3742738
4.2E-5,4.437596
4.4E-5,4.8999095
4.6E-5,4.7612157
4.8E-5,4.113976
5.0E-5,2.9119601
5.2E-5,1.3863249
5.4E-5,-0.32423592
5.6E-5,-1.9885652
5.8E-5,-3.4217377
6.0E-5,-4.4388275
6.2E-5,-4.9011416
6.4E-5,-4.7624474
6.6E-5,-4.068977
6.8E-5,-2.8207297
7.0E-5,-1.2950945
7.2E-5,0.46169758
7.4E-5,2.126027
7.6E-5,3.5591989
7.8E-5,4.483826
8.0E-5,4.8999095
8.2E-5,4.7149835
8.4E-5,3.9752812
8.6E-5,2.727035
8.8E-5,1.1551685
9.0E-5,-0.55539227
9.2E-5,-2.1734905
9.4E-5,-3.6066632
9.6E-5,-4.5312905
9.8E-5,-4.9011416
1.0E-4,-4.669985
1.02E-4,-3.8840513
1.04E-4,-2.6358042
1.06E-4,-1.0177064
1.08E-4,0.7390857
1.1E-4,2.357184
1.12E-4,3.6978936
1.14E-4,4.5762897
1.16E-4,4.8999095
1.17999996E-4,4.622521
1.2E-4,3.8365874
1.22E-4,2.4958777
1.24E-4,0.92401123
1.26E-4,-0.83278084
1.28E-4,-2.4046474
1.3E-4,-3.7915885
1.32E-4,-4.623753
1.34E-4,-4.9011416
1.36E-4,-4.577522
1.38E-4,-3.745357
1.4E-4,-2.4046474
1.42E-4,-0.78654957
1.44E-4,0.970243
1.46E-4,2.5883412
1.48E-4,3.8828197
1.4999999E-4,4.668752
1.52E-4,4.8999095
1.54E-4,4.5300584
1.56E-4,3.6516623
1.58E-4,2.2647214
1.6E-4,0.64662313
1.62E-4,-1.0639377
1.64E-4,-2.6358042
1.66E-4,-3.9302826
1.68E-4,-4.716216
1.7E-4,-4.9011416
1.72E-4,-4.4850593
1.74E-4,-3.5604317
1.76E-4,-2.2197218
1.78E-4,-0.55539227
1.8E-4,1.2013993
1.82E-4,2.7732663
1.84E-4,4.0215135
1.86E-4,4.7612157
1.88E-4,4.8999095
1.9E-4,4.437596
1.92E-4,3.4667363
1.94E-4,2.0797954
1.96E-4,0.4154663
1.98E-4,-1.2950945
2.0E-4,-2.8207297
2.02E-4,-4.068977
2.04E-4,-4.7624474
2.06E-4,-4.9011416
2.08E-4,-4.4388275
2.1E-4,-3.4217377
2.12E-4,-1.9885652
2.14E-4,-0.27800417
2.16E-4,1.4325566
2.18E-4,3.0044227
2.2E-4,4.1602073
2.22E-4,4.807446
2.24E-4,4.8999095
2.26E-4,4.3913646
2.28E-4,3.2818112
2.3E-4,1.8486385
2.32E-4,0.184309
2.34E-4,-1.5262513
2.3599999E-4,-3.0518866
2.38E-4,-4.2076707
2.4E-4,-4.8086786
2.42E-4,-4.85491
2.44E-4,-4.3001337
2.46E-4,-3.236812
2.48E-4,-1.7574081
2.5E-4,-0.046847343
2.52E-4,1.6637135
2.54E-4,3.1893477
2.56E-4,4.298901
2.58E-4,4.8536773
2.6E-4,4.8536773
2.62E-4,4.252671
2.64E-4,3.0968862
2.66E-4,1.6174817
2.68E-4,-0.09307861
2.7E-4,-1.7574081
2.72E-4,-3.236812
2.74E-4,-4.346365
2.76E-4,-4.85491
2.78E-4,-4.8086786
2.8E-4,-4.2076707
2.82E-4,-3.0518866
2.84E-4,-1.48002
2.86E-4,0.23054075
2.88E-4,1.8948698
2.9E-4,3.3742738
2.92E-4,4.437596
2.94E-4,4.8999095
2.96E-4,4.7612157
2.98E-4,4.113976
2.9999999E-4,2.9119601
3.02E-4,1.3863249
3.04E-4,-0.32423592
3.06E-4,-1.9885652
3.08E-4,-3.4217377
3.1E-4,-4.4388275
3.12E-4,-4.9011416
3.14E-4,-4.7624474
3.16E-4,-4.068977
3.18E-4,-2.8207297
3.2E-4,-1.2950945
3.22E-4,0.46169758
3.24E-4,2.126027
3.26E-4,3.5591989
3.28E-4,4.483826
3.3E-4,4.8999095
3.32E-4,4.7149835
3.34E-4,3.9752812
3.36E-4,2.727035
3.38E-4,1.1551685
3.4E-4,-0.55539227
3.4199998E-4,-2.1734905
3.44E-4,-3.6066632
3.46E-4,-4.5312905
3.48E-4,-4.9011416
3.5E-4,-4.669985
3.52E-4,-3.8840513
3.54E-4,-2.6358042
3.56E-4,-1.0177064
3.58E-4,0.7390857
3.6E-4,2.357184
3.62E-4,3.6978936
3.64E-4,4.5762897
3.66E-4,4.8999095
3.68E-4,4.622521
3.7E-4,3.8365874
3.72E-4,2.4958777
3.74E-4,0.92401123
3.76E-4,-0.83278084
3.78E-4,-2.4046474
3.8E-4,-3.7915885
3.82E-4,-4.623753
3.84E-4,-4.9011416
3.86E-4,-4.577522
3.88E-4,-3.745357
3.9E-4,-2.4046474
3.92E-4,-0.78654957
3.94E-4,0.970243
3.96E-4,2.5883412
3.98E-4,3.8828197
4.0E-4,4.668752
4.02E-4,4.8999095
4.04E-4,4.5300584
4.06E-4,3.6516623
4.08E-4,2.2647214
4.1E-4,0.64662313
4.12E-4,-1.0639377
4.14E-4,-2.6358042
4.16E-4,-3.9302826
4.18E-4,-4.716216
4.2E-4,-4.9011416
4.22E-4,-4.4850593
4.24E-4,-3.5604317
4.26E-4,-2.1734905
4.28E-4,-0.55539227
4.3E-4,1.2013993
4.32E-4,2.7732663
4.34E-4,4.0215135
4.36E-4,4.7612157
4.38E-4,4.8999095
4.4E-4,4.437596
4.42E-4,3.4667363
4.44E-4,2.0797954
4.46E-4,0.4154663
4.48E-4,-1.2950945
4.5E-4,-2.8207297
4.52E-4,-4.068977
4.54E-4,-4.7624474
4.56E-4,-4.9011416
4.58E-4,-4.4388275
4.6E-4,-3.4217377
4.62E-4,-1.9885652
4.64E-4,-0.27800417
4.66E-4,1.4787879
4.68E-4,3.0044227
4.7E-4,4.1602073
4.7199999E-4,4.807446
4.74E-4,4.8999095
4.76E-4,4.3451324
4.78E-4,3.2818112
4.8E-4,1.8486385
4.82E-4,0.184309
4.84E-4,-1.5262513
4.86E-4,-3.0518866
4.88E-4,-4.2076707
4.9E-4,-4.8086786
4.92E-4,-4.85491
4.94E-4,-4.3001337
4.96E-4,-3.236812
4.98E-4,-1.7111769
5.0E-4,-0.046847343
5.02E-4,1.6637135
5.04E-4,3.1893477
5.06E-4,4.298901
5.08E-4,4.8536773
5.1E-4,4.8536773
5.12E-4,4.252671
5.14E-4,3.0968862
5.16E-4,1.6174817
5.18E-4,-0.09307861
5.2E-4,-1.7574081
5.22E-4,-3.236812
5.24E-4,-4.346365
5.26E-4,-4.85491
5.28E-4,-4.8086786
5.3E-4,-4.1614394
5.32E-4,-3.0518866
5.34E-4,-1.48002
5.36E-4,0.23054075
5.38E-4,1.8948698
5.4E-4,3.3742738
5.42E-4,4.437596
5.44E-4,4.8999095
5.46E-4,4.7612157
5.48E-4,4.113976
5.5E-4,2.9119601
5.52E-4,1.3863249
5.54E-4,-0.32423592
5.56E-4,-1.9885652
5.58E-4,-3.4217377
5.6E-4,-4.4388275
5.62E-4,-4.9011416
5.64E-4,-4.7624474
5.66E-4,-4.022745
5.68E-4,-2.8207297
5.7E-4,-1.2950945
5.72E-4,0.46169758
5.74E-4,2.126027
5.76E-4,3.5591989
5.78E-4,4.483826
5.8E-4,4.8999095
5.82E-4,4.7149835
5.84E-4,3.9752812
5.86E-4,2.727035
5.88E-4,1.1551685
5.9E-4,-0.55539227
5.92E-4,-2.1734905
5.94E-4,-3.6066632
5.96E-4,-4.5312905
5.98E-4,-4.9011416
5.9999997E-4,-4.669985
6.02E-4,-3.8840513
6.04E-4,-2.6358042
6.06E-4,-1.0177064
6.08E-4,0.7390857
6.1E-4,2.357184
6.12E-4,3.6978936
6.14E-4,4.5762897
6.16E-4,4.8999095
6.18E-4,4.622521
6.2E-4,3.8365874
6.22E-4,2.4958777
6.24E-4,0.92401123
6.26E-4,-0.83278084
6.28E-4,-2.4046474
6.3E-4,-3.7915885
6.32E-4,-4.623753
6.34E-4,-4.9011416
6.36E-4,-4.577522
6.38E-4,-3.745357
6.4E-4,-2.4046474
6.42E-4,-0.78654957
6.44E-4,0.970243
6.46E-4,2.5883412
6.48E-4,3.8828197
6.5E-4,4.668752
6.52E-4,4.8999095
6.54E-4,4.5300584
6.56E-4,3.6516623
6.58E-4,2.2647214
6.6E-4,0.64662313
6.62E-4,-1.0639377
6.64E-4,-2.6358042
6.66E-4,-3.9302826
6.68E-4,-4.716216
6.7E-4,-4.9011416
6.72E-4,-4.4850593
6.74E-4,-3.6066632
6.76E-4,-2.1734905
6.78E-4,-0.55539227
6.8E-4,1.2013993
6.82E-4,2.7732663
6.8399997E-4,4.0215135
6.86E-4,4.7612157
6.88E-4,4.8999095
6.9E-4,4.437596
6.92E-4,3.4667363
6.94E-4,2.0797954
6.96E-4,0.4154663
6.98E-4,-1.2950945
7.0E-4,-2.8207297
7.02E-4,-4.068977
7.04E-4,-4.7624474
7.06E-4,-4.9011416
7.08E-4,-4.4388275
7.1E-4,-3.4217377
7.12E-4,-1.9885652
7.14E-4,-0.27800417
7.16E-4,1.4787879
7.18E-4,3.0044227
7.2E-4,4.1602073
7.22E-4,4.807446
7.24E-4,4.8536773
7.26E-4,4.3451324
7.28E-4,3.2818112
7.2999997E-4,1.8486385
7.32E-4,0.184309
7.34E-4,-1.5262513
7.36E-4,-3.0518866
7.38E-4,-4.2076707
7.4E-4,-4.8086786
7.42E-4,-4.85491
7.44E-4,-4.3001337
7.46E-4,-3.236812
7.48E-4,-1.7111769
7.5E-4,-0.13931036
7.52E-4,0.4154663
7.54E-4,0.7853174
7.56E-4,1.1551685
7.58E-4,1.4787879
7.6E-4,1.8486385
7.62E-4,2.2184901
7.64E-4,2.542109
7.66E-4,2.8657289
7.68E-4,3.1893477
7.7E-4,3.4667363
7.72E-4,3.744125
7.74E-4,3.9752812
7.76E-4,4.2064385
7.78E-4,4.3913646
7.8E-4,4.5300584
7.82E-4,4.7149835
7.84E-4,4.807446
7.86E-4,4.8999095
7.88E-4,4.992371
7.9E-4,5.0386033
7.92E-4,5.0386033
7.94E-4,5.0386033
7.96E-4,4.992371
7.98E-4,4.8999095
8.0E-4,4.807446
8.02E-4,4.668752
8.04E-4,4.5300584
8.06E-4,4.3451324
8.08E-4,4.1602073
8.1E-4,3.92905
8.12E-4,3.6516623
8.1399997E-4,3.3742738
8.16E-4,3.0968862
8.18E-4,2.7732663
8.2E-4,2.4496465
8.22E-4,2.126027
8.24E-4,1.756176
8.26E-4,1.4325566
8.28E-4,1.0627055
8.3E-4,0.6928544
8.32E-4,0.27677202
8.34E-4,-0.09307861
8.36E-4,-0.46292973
8.38E-4,-0.83278084
8.4E-4,-1.202632
8.42E-4,-1.5724826
8.44E-4,-1.9423337
8.46E-4,-2.2659533
8.48E-4,-2.589573
8.5E-4,-2.9131925
8.52E-4,-3.236812
8.54E-4,-3.5142004
8.56E-4,-3.7915885
8.58E-4,-4.022745
8.6E-4,-4.2539024
8.62E-4,-4.4388275
8.64E-4,-4.577522
8.66E-4,-4.716216
8.68E-4,-4.85491
8.7E-4,-4.947373
8.72E-4,-4.993604
8.74E-4,-4.993604
8.76E-4,-5.0398355
8.78E-4,-4.993604
8.8E-4,-4.947373
8.82E-4,-4.85491
8.84E-4,-4.7624474
8.86E-4,-4.623753
8.88E-4,-4.4388275
8.9E-4,-4.3001337
8.92E-4,-4.068977
8.94E-4,-3.8378198
8.96E-4,-3.5604317
8.9799997E-4,-3.2830436
9.0E-4,-3.0056553
9.02E-4,-2.6820357
9.04E-4,-2.3584158
9.06E-4,-1.9885652
9.08E-4,-1.6187139
9.1E-4,-1.2950945
9.12E-4,-0.9252434
9.14E-4,-0.55539227
9.16E-4,-0.13931036
9.18E-4,0.23054075
9.2E-4,0.60039186
9.22E-4,0.970243
9.24E-4,1.3863249
9.26E-4,1.7099442
9.28E-4,2.0797954
9.3E-4,2.4034152
9.32E-4,2.727035
9.34E-4,3.050654
9.36E-4,3.3280425
9.38E-4,3.605431
9.4E-4,3.8828197
9.42E-4,4.113976
9.4399997E-4,4.298901
9.46E-4,4.483826
9.48E-4,4.622521
9.5E-4,4.7612157
9.52E-4,4.8999095
9.54E-4,4.946141
9.56E-4,4.992371
9.58E-4,5.0386033
9.6E-4,5.0386033
9.62E-4,4.992371
9.64E-4,4.946141
9.66E-4,4.8536773
9.68E-4,4.7149835
9.7E-4,4.5762897
9.72E-4,4.437596
9.74E-4,4.2064385
9.76E-4,3.9752812
9.78E-4,3.744125
9.8E-4,3.4667363
9.82E-4,3.1893477
9.84E-4,2.8657289
9.859999E-4,2.5883412
9.88E-4,2.2184901
9.9E-4,1.8948698
9.92E-4,1.5250192
9.94E-4,1.1551685
9.96E-4,0.7853174
9.98E-4,0.4154663
0.001,0.045615196
0.001002,-0.32423592
0.001004,-0.7403178
0.001006,-1.1101689
0.001008,-1.48002
0.00101,-1.8036394
0.001012,-2.1734905
0.001014,-2.4971101
0.001016,-2.8207297
0.001018,-3.1443493
0.00102,-3.4217377
0.001022,-3.6991258
0.001024,-3.9302826
0.001026,-4.1614394
0.001028,-4.3925962
0.00103,-4.5312905
0.001032,-4.669985
0.001034,-4.8086786
0.001036,-4.9011416
0.001038,-4.947373
0.00104,-4.993604
0.001042,-5.0398355
0.001044,-4.993604
0.001046,-4.947373
0.001048,-4.9011416
0.00105,-4.7624474
0.001052,-4.669985
0.001054,-4.4850593
0.001056,-4.346365
0.001058,-4.1614394
0.00106,-3.8840513
0.001062,-3.6528945
0.001064,-3.3755062
0.001066,-3.098118
0.001068,-2.7744985
0.00107,-2.4508786
0.001072,-2.1272593
0.001074,-1.7574081
0.001076,-1.4337888
0.001078,-1.0639377
0.00108,-0.6478553
0.001082,-0.27800417
0.001084,0.091846466
0.001086,0.50792885
0.001088,0.87777996
0.00109,1.2476311
0.001092,1.5712504
0.001094,1.9411016
0.001096,2.2647214
0.001098,2.6345725
0.0011,2.9581914
0.001102,3.23558
0.001104,3.5129685
0.001106,3.7903562
0.001108,4.0215135
0.00111,4.252671
0.001112,4.437596
0.001114,4.5762897
0.001116,4.7149835
0.001118,4.8536773
0.00112,4.946141
0.001122,4.992371
0.001124,5.0386033
0.001126,5.0386033
0.001128,4.992371
0.00113,4.946141
0.001132,4.8536773
0.001134,4.7612157
0.001136,4.622521
0.001138,4.437596
0.00114,4.298901
0.001142,4.0677447
0.001144,3.8365874
0.001146,3.5591989
0.001148,3.2818112
0.00115,3.0044227
0.001152,2.6808028
0.0011539999,2.357184
0.001156,1.9873328
0.001158,1.6637135
0.00116,1.2938623
0.001162,0.92401123
0.001164,0.5541601
0.001166,0.184309
0.001168,-0.2317729
0.00117,-0.601624
0.001172,-0.9714751
0.001174,-1.3413262
0.001176,-1.6649456
0.001178,-2.0347965
0.00118,-2.3584158
0.001182,-2.728267
0.001184,-3.0056553
0.001186,-3.329275
0.001188,-3.6066632
0.00119,-3.8378198
0.001192,-4.115208
0.001194,-4.3001337
0.001196,-4.4850593
0.001198,-4.623753
0.0011999999,-4.7624474
0.001202,-4.85491
0.001204,-4.947373
0.001206,-4.993604
0.001208,-5.0398355
0.00121,-4.993604
0.001212,-4.993604
0.001214,-4.9011416
0.001216,-4.8086786
0.001218,-4.716216
0.00122,-4.5312905
0.001222,-4.3925962
0.001224,-4.2076707
0.001226,-3.976514
0.001228,-3.745357
0.00123,-3.467969
0.001232,-3.1905808
0.001234,-2.866961
0.001236,-2.5433414
0.001238,-2.2197218
0.00124,-1.8961024
0.001242,-1.5262513
0.001244,-1.1564007
0.0012459999,-0.78654957
0.001248,-0.41669846
0.00125,-0.046847343
0.001252,0.36923456
0.001254,0.7390857
0.001256,1.1089368
0.001258,1.4787879
0.00126,1.8024073
0.001262,2.172258
0.001264,2.4958777
0.001266,2.8194976
0.001268,3.1431174
0.00127,3.420505
0.001272,3.6978936
0.001274,3.9752812
0.001276,4.1602073
0.001278,4.3913646
0.00128,4.5300584
0.001282,4.668752
0.001284,4.807446
0.001286,4.8999095
0.001288,4.992371
0.00129,5.0386033
0.001292,5.0386033
0.001294,5.0386033
0.001296,4.992371
0.001298,4.8999095
0.0013,4.807446
0.001302,4.668752
0.001304,4.483826
0.001306,4.3451324
0.001308,4.1602073
0.00131,3.92905
0.001312,3.6516623
0.001314,3.3742738
0.001316,3.0968862
0.001318,2.7732663
0.00132,2.4496465
0.001322,2.126027
0.001324,1.756176
0.001326,1.4325566
0.001328,1.0627055
0.00133,0.6928544
0.001332,0.27677202
0.001334,-0.09307861
0.001336,-0.46292973
0.001338,-0.83278084
0.00134,-1.202632
0.001342,-1.5724826
0.001344,-1.9423337
0.001346,-2.2659533
0.001348,-2.589573
0.00135,-2.9131925
0.001352,-3.236812
0.001354,-3.5142004
0.001356,-3.7915885
0.001358,-4.022745
0.00136,-4.2539024
0.001362,-4.4388275
0.001364,-4.577522
0.001366,-4.716216
0.0013679999,-4.85491
0.00137,-4.947373
0.001372,-4.993604
0.001374,-4.993604
0.001376,-5.0398355
0.001378,-4.993604
0.00138,-4.947373
0.001382,-4.85491
0.001384,-4.7624474
0.001386,-4.623753
0.001388,-4.4388275
0.00139,-4.3001337
0.001392,-4.068977
0.001394,-3.8378198
0.001396,-3.5604317
0.001398,-3.2830436
0.0014,-3.0056553
0.001402,-2.6820357
0.001404,-2.3584158
0.001406,-1.9885652
0.001408,-1.6187139
0.00141,-1.2950945
0.001412,-0.9252434
0.0014139999,-0.55539227
0.001416,-0.13931036
0.001418,0.23054075
0.00142,0.60039186
0.001422,0.970243
0.001424,1.3400936
0.001426,1.7099442
0.001428,2.0797954
0.00143,2.4034152
0.001432,2.727035
0.001434,3.050654
0.001436,3.3280425
0.001438,3.605431
0.00144,3.8828197
0.001442,4.113976
0.001444,4.298901
0.001446,4.483826
0.001448,4.622521
0.00145,4.7612157
0.001452,4.8999095
0.001454,4.946141
0.001456,4.992371
0.001458,5.0386033
0.0014599999,5.0386033
0.001462,4.992371
0.001464,4.8999095
0.001466,4.8536773
0.001468,4.7149835
0.00147,4.5762897
0.001472,4.3913646
0.001474,4.2064385
0.001476,3.9752812
0.001478,3.744125
0.00148,3.4667363
0.001482,3.1893477
0.001484,2.8657289
0.001486,2.542109
0.001488,2.2184901
0.00149,1.8948698
0.001492,1.5250192
0.001494,1.2013993
0.001496,0.7853174
0.001498,0.4154663
0.0015,0.045615196
0.001502,-0.32423592
0.001504,-0.7403178
0.001506,-1.1101689
0.001508,-1.48002
0.00151,-1.8036394
0.001512,-2.1734905
0.001514,-2.4971101
0.001516,-2.8207297
0.001518,-3.1443493
0.00152,-3.4217377
0.001522,-3.6991258
0.001524,-3.9302826
0.001526,-4.1614394
0.001528,-4.3925962
0.00153,-4.5312905
0.001532,-4.669985
0.001534,-4.8086786
0.001536,-4.9011416
0.001538,-4.947373
0.00154,-4.993604
0.001542,-5.0398355
0.001544,-4.993604
0.001546,-4.947373
0.001548,-4.9011416
0.00155,-4.7624474
0.001552,-4.669985
0.001554,-4.4850593
0.001556,-4.346365
0.001558,-4.1614394
0.00156,-3.8840513
0.001562,-3.6528945
0.001564,-3.3755062
0.001566,-3.098118
0.001568,-2.7744985
0.00157,-2.4508786
0.001572,-2.1272593
0.001574,-1.7574081
0.001576,-1.4337888
0.001578,-1.0639377
0.00158,-0.6478553
0.0015819999,-0.27800417
0.001584,0.091846466
0.001586,0.50792885
0.001588,0.87777996
0.00159,1.2476311
0.001592,1.5712504
0.001594,1.9411016
0.001596,2.2647214
0.001598,2.6345725
0.0016,2.9581914
0.001602,3.23558
0.001604,3.5129685
0.001606,3.7903562
0.001608,4.0215135
0.00161,4.252671
0.001612,4.437596
0.001614,4.5762897
0.001616,4.7149835
0.001618,4.8536773
0.00162,4.946141
0.001622,4.992371
0.001624,5.0386033
0.001626,5.0386033
0.0016279999,4.992371
0.00163,4.946141
0.001632,4.8536773
0.001634,4.7612157
0.001636,4.622521
0.001638,4.437596
0.00164,4.298901
0.001642,4.0677447
0.001644,3.8365874
0.001646,3.5591989
0.001648,3.2818112
0.00165,3.0044227
0.001652,2.6808028
0.001654,2.357184
0.001656,1.9873328
0.001658,1.6637135
0.00166,1.2938623
0.001662,0.92401123
0.001664,0.5541601
0.001666,0.184309
0.001668,-0.2317729
0.00167,-0.601624
0.001672,-0.9714751
0.0016739999,-1.3413262
0.001676,-1.6649456
0.001678,-2.0347965
0.00168,-2.3584158
0.001682,-2.728267
0.001684,-3.0056553
0.001686,-3.329275
0.001688,-3.6066632
0.00169,-3.8840513
0.001692,-4.115208
0.001694,-4.3001337
0.001696,-4.4850593
0.001698,-4.623753
0.0017,-4.7624474
0.001702,-4.85491
0.001704,-4.947373
0.001706,-4.993604
0.001708,-5.0398355
0.00171,-4.993604
0.001712,-4.993604
0.001714,-4.9011416
0.001716,-4.8086786
0.001718,-4.716216
0.00172,-4.5312905
0.001722,-4.3925962
0.001724,-4.2076707
0.001726,-3.976514
0.001728,-3.745357
0.00173,-3.467969
0.001732,-3.1905808
0.001734,-2.866961
0.001736,-2.5433414
0.001738,-2.2197218
0.00174,-1.8961024
0.001742,-1.5262513
0.001744,-1.1564007
0.001746,-0.78654957
0.001748,-0.41669846
0.0017499999,0.091846466
0.001752,1.6174817
0.001754,3.1431174
0.001756,4.252671
0.001758,4.807446
0.00176,4.807446
0.001762,4.2064385
0.001764,3.0968862
0.001766,1.5712504
0.001768,-0.09307861
0.00177,-1.7574081
0.001772,-3.2830436
0.001774,-4.346365
0.001776,-4.9011416
0.001778,-4.8086786
0.00178,-4.2076707
0.001782,-3.0518866
0.001784,-1.48002
0.001786,0.23054075
0.001788,1.8948698
0.00179,3.3742738
0.001792,4.3913646
0.001794,4.8999095
0.0017959999,4.7612157
0.001798,4.113976
0.0018,2.9119601
0.001802,1.3863249
0.001804,-0.32423592
0.001806,-1.9885652
0.001808,-3.4217377
0.00181,-4.4388275
0.001812,-4.9011416
0.001814,-4.7624474
0.001816,-4.068977
0.001818,-2.8207297
0.00182,-1.2488632
0.001822,0.46169758
0.001824,2.126027
0.001826,3.5591989
0.001828,4.483826
0.00183,4.8999095
0.001832,4.7149835
0.001834,3.9752812
0.001836,2.727035
0.001838,1.1551685
0.00184,-0.601624
0.0018419999,-2.2197218
0.001844,-3.6066632
0.001846,-4.5312905
0.001848,-4.9011416
0.00185,-4.669985
0.001852,-3.8840513
0.001854,-2.6358042
0.001856,-1.0177064
0.001858,0.7390857
0.00186,2.357184
0.001862,3.744125
0.001864,4.5762897
0.001866,4.8999095
0.001868,4.622521
0.00187,3.8365874
0.001872,2.4958777
0.001874,0.92401123
0.001876,-0.83278084
0.001878,-2.4046474
0.00188,-3.7915885
0.001882,-4.623753
0.001884,-4.9011416
0.001886,-4.577522
0.0018879999,-3.745357
0.00189,-2.4046474
0.001892,-0.78654957
0.001894,0.970243
0.001896,2.5883412
0.001898,3.8828197
0.0019,4.668752
0.001902,4.8999095
0.001904,4.5300584
0.001906,3.6516623
0.001908,2.2647214
0.00191,0.64662313
0.001912,-1.0639377
0.001914,-2.6358042
0.001916,-3.9302826
0.001918,-4.716216
0.00192,-4.9011416
0.001922,-4.4850593
0.001924,-3.5604317
0.001926,-2.1734905
0.001928,-0.5091615
0.00193,1.2013993
0.001932,2.7732663
0.0019339999,4.0215135
0.001936,4.7612157
0.001938,4.8999095
0.00194,4.437596
0.001942,3.4667363
0.001944,2.0797954
0.001946,0.4154663
0.001948,-1.2950945
0.00195,-2.866961
0.001952,-4.068977
0.001954,-4.7624474
0.001956,-4.9011416
0.001958,-4.4388275
0.00196,-3.4217377
0.001962,-1.9423337
0.001964,-0.27800417
0.001966,1.4787879
0.001968,3.0044227
0.00197,4.1602073
0.0019719999,4.807446
0.001974,4.8999095
0.001976,4.3451324
0.001978,3.2818112
0.00198,1.8486385
0.001982,0.184309
0.001984,-1.5262513
0.001986,-3.0518866
0.001988,-4.2076707
0.00199,-4.8086786
0.001992,-4.85491
0.001994,-4.3001337
0.001996,-3.236812
0.001998,-1.7111769
0.002,-0.046847343
0.002002,1.6637135
0.002004,3.1893477
0.002006,4.298901
0.002008,4.8536773
0.00201,4.8536773
0.002012,4.252671
0.002014,3.0968862
0.002016,1.6174817
0.002018,-0.09307861
0.00202,-1.7574081
0.002022,-3.236812
0.002024,-4.346365
0.002026,-4.85491
0.002028,-4.8086786
0.00203,-4.1614394
0.002032,-3.0518866
0.002034,-1.48002
0.002036,0.23054075
0.002038,1.8948698
0.00204,3.3742738
0.002042,4.437596
0.002044,4.8999095
0.002046,4.7612157
0.002048,4.113976
0.00205,2.9119601
0.002052,1.3863249
0.002054,-0.32423592
0.002056,-1.9885652
0.002058,-3.4217377
0.00206,-4.4388275
0.002062,-4.9011416
0.002064,-4.7624474
0.002066,-4.022745
0.002068,-2.8207297
0.00207,-1.2488632
0.002072,0.46169758
0.002074,2.126027
0.002076,3.5591989
0.002078,4.483826
0.00208,4.8999095
0.002082,4.7149835
0.002084,3.9752812
0.002086,2.727035
0.002088,1.1551685
0.00209,-0.601624
0.002092,-2.2197218
0.0020939999,-3.6066632
0.002096,-4.5312905
0.002098,-4.9011416
0.0021,-4.669985
0.002102,-3.8840513
0.002104,-2.6358042
0.002106,-1.0177064
0.002108,0.7390857
0.00211,2.357184
0.002112,3.744125
0.002114,4.5762897
0.002116,4.8999095
0.002118,4.622521
0.00212,3.7903562
0.002122,2.4958777
0.002124,0.92401123
0.002126,-0.83278084
0.002128,-2.4046474
0.00213,-3.7915885
0.002132,-4.623753
0.002134,-4.9011416
0.002136,-4.577522
0.002138,-3.745357
0.00214,-2.4046474
0.002142,-0.78654957
0.002144,0.970243
0.002146,2.5883412
0.002148,3.8828197
0.00215,4.668752
0.002152,4.8999095
0.002154,4.5300584
0.002156,3.6516623
0.002158,2.2647214
0.00216,0.64662313
0.002162,-1.0639377
0.002164,-2.6358042
0.002166,-3.9302826
0.002168,-4.716216
0.00217,-4.9011416
0.002172,-4.4850593
0.002174,-3.5604317
0.002176,-2.1734905
0.002178,-0.5091615
0.00218,1.2013993
0.002182,2.7732663
0.002184,4.0215135
0.0021859999,4.7612157
0.002188,4.8999095
0.00219,4.437596
0.002192,3.4667363
0.002194,2.033564
0.002196,0.4154663
0.002198,-1.2950945
0.0022,-2.866961
0.002202,-4.068977
0.002204,-4.7624474
0.002206,-4.9011416
0.002208,-4.4388275
0.00221,-3.4217377
0.002212,-1.9423337
0.002214,-0.27800417
0.002216,1.4787879
0.002218,3.0044227
0.00222,4.1602073
0.002222,4.807446
0.002224,4.8536773
0.002226,4.3451324
0.002228,3.2818112
0.00223,1.8486385
0.002232,0.184309
0.002234,-1.5262513
0.002236,-3.0518866
0.002238,-4.2076707
0.00224,-4.8086786
0.002242,-4.85491
0.002244,-4.3001337
0.002246,-3.236812
0.002248,-1.7111769
0.00225,-0.046847343
0.002252,1.6637135
0.002254,3.1893477
0.002256,4.298901
0.002258,4.8536773
0.00226,4.8536773
0.002262,4.252671
0.002264,3.0968862
0.002266,1.6174817
0.002268,-0.09307861
0.00227,-1.7574081
0.002272,-3.236812
0.002274,-4.346365
0.002276,-4.85491
0.0022779999,-4.8086786
0.00228,-4.1614394
0.002282,-3.0518866
0.002284,-1.48002
0.002286,0.23054075
0.002288,1.8948698
0.00229,3.3742738
0.002292,4.437596
0.002294,4.8999095
0.002296,4.7612157
0.002298,4.113976
0.0023,2.9119601
0.002302,1.3863249
0.002304,-0.32423592
0.002306,-1.9885652
0.0023079999,-3.4217377
0.00231,-4.4388275
0.002312,-4.9011416
0.002314,-4.7624474
0.002316,-4.022745
0.002318,-2.8207297
0.00232,-1.2488632
0.002322,0.46169758
0.002324,2.126027
0.002326,3.5591989
0.002328,4.483826
0.00233,4.8999095
0.002332,4.7149835
0.002334,3.9752812
0.002336,2.727035
0.002338,1.1551685
0.00234,-0.601624
0.002342,-2.2197218
0.002344,-3.6066632
0.002346,-4.5312905
0.002348,-4.9011416
0.00235,-4.669985
0.002352,-3.8840513
0.002354,-2.6358042
0.002356,-1.0177064
0.002358,0.7390857
0.00236,2.357184
0.002362,3.744125
0.002364,4.5762897
0.002366,4.8999095
0.002368,4.622521
0.00237,3.7903562
0.002372,2.4958777
0.002374,0.87777996
0.002376,-0.83278084
0.002378,-2.4046474
0.00238,-3.7915885
0.002382,-4.623753
0.002384,-4.9011416
0.002386,-4.577522
0.002388,-3.745357
0.00239,-2.4046474
0.002392,-0.78654957
0.002394,0.970243
0.002396,2.5883412
0.002398,3.8828197
0.0023999999,4.668752
0.002402,4.8999095
0.002404,4.5300584
0.002406,3.6516623
0.002408,2.2647214
0.00241,0.64662313
0.002412,-1.0639377
0.002414,-2.6358042
0.002416,-3.9302826
0.002418,-4.716216
0.00242,-4.9011416
0.002422,-4.4850593
0.002424,-3.5604317
0.002426,-2.1734905
0.002428,-0.5091615
0.00243,1.2013993
0.002432,2.7732663
0.002434,4.0215135
0.002436,4.7612157
0.002438,4.8999095
0.00244,4.437596
0.002442,3.4667363
0.002444,2.033564
0.002446,0.4154663
0.002448,-1.2950945
0.00245,-2.866961
0.002452,-4.068977
0.002454,-4.7624474
0.002456,-4.9011416
0.002458,-4.4388275
0.00246,-3.4217377
0.002462,-1.9423337
0.002464,-0.27800417
0.002466,1.4787879
0.002468,3.0044227
0.00247,4.1602073
0.002472,4.807446
0.002474,4.8999095
0.002476,4.3451324
0.002478,3.2818112
0.00248,1.8486385
0.002482,0.184309
0.002484,-1.5262513
0.002486,-3.0518866
0.002488,-4.2076707
0.00249,-4.8086786
0.0024919999,-4.85491
0.002494,-4.3001337
0.002496,-3.236812
0.002498,-1.7111769
0.0025,-6.160736E-4
0.002502,1.6637135
0.002504,3.1893477
0.002506,4.298901
0.002508,4.8536773
0.00251,4.8536773
0.002512,4.252671
0.002514,3.0968862
0.002516,1.6174817
0.002518,-0.09307861
0.00252,-1.7574081
0.0025219999,-3.236812
0.002524,-4.346365
0.002526,-4.85491
0.002528,-4.8086786
0.00253,-4.1614394
0.002532,-3.0518866
0.002534,-1.48002
0.002536,0.23054075
0.002538,1.8948698
0.00254,3.3742738
0.002542,4.437596
0.002544,4.8999095
0.002546,4.7612157
0.002548,4.113976
0.00255,2.9119601
0.002552,1.3863249
0.002554,-0.32423592
0.002556,-1.9885652
0.002558,-3.4217377
0.00256,-4.4388275
0.002562,-4.9011416
0.002564,-4.7624474
0.002566,-4.022745
0.002568,-2.8207297
0.00257,-1.2488632
0.002572,0.46169758
0.002574,2.126027
0.002576,3.5591989
0.002578,4.483826
0.00258,4.8999095
0.002582,4.7149835
0.002584,3.9752812
0.002586,2.727035
0.002588,1.1551685
0.00259,-0.601624
0.002592,-2.2197218
0.002594,-3.6066632
0.002596,-4.5312905
0.002598,-4.9011416
0.0026,-4.669985
0.002602,-3.8840513
0.002604,-2.6358042
0.002606,-1.0177064
0.002608,0.7390857
0.00261,2.357184
0.002612,3.744125
0.0026139999,4.5762897
0.002616,4.8999095
0.002618,4.622521
0.00262,3.7903562
0.002622,2.4958777
0.002624,0.87777996
0.002626,-0.83278084
0.002628,-2.4046474
0.00263,-3.7915885
0.002632,-4.623753
0.002634,-4.9011416
0.002636,-4.577522
0.002638,-3.745357
0.00264,-2.4046474
0.002642,-0.78654957
0.002644,0.970243
0.002646,2.5883412
0.002648,3.8828197
0.00265,4.668752
0.002652,4.8999095
0.002654,4.5300584
0.002656,3.6516623
0.002658,2.2647214
0.00266,0.64662313
0.002662,-1.0639377
0.002664,-2.6358042
0.002666,-3.9302826
0.002668,-4.716216
0.00267,-4.9011416
0.002672,-4.4850593
0.002674,-3.5604317
0.002676,-2.1734905
0.002678,-0.5091615
0.00268,1.2476311
0.002682,2.7732663
0.002684,4.0215135
0.002686,4.7612157
0.002688,4.8999095
0.00269,4.437596
0.002692,3.4667363
0.002694,2.033564
0.002696,0.4154663
0.002698,-1.2950945
0.0027,-2.866961
0.002702,-4.068977
0.002704,-4.7624474
0.0027059999,-4.9011416
0.002708,-4.4388275
0.00271,-3.4217377
0.002712,-1.9423337
0.002714,-0.27800417
0.002716,1.4787879
0.002718,3.0044227
0.00272,4.1602073
0.002722,4.807446
0.002724,4.8999095
0.002726,4.3451324
0.002728,3.2818112
0.00273,1.8486385
0.002732,0.13807821
0.002734,-1.5262513
0.0027359999,-3.0518866
0.002738,-4.2076707
0.00274,-4.8086786
0.002742,-4.85491
0.002744,-4.3001337
0.002746,-3.236812
0.002748,-1.7111769
0.00275,-0.13931036
0.002752,0.4154663
0.002754,0.7853174
0.002756,1.1551685
0.002758,1.4787879
0.00276,1.8486385
0.002762,2.2184901
0.002764,2.542109
0.002766,2.8657289
0.002768,3.1893477
0.00277,3.4667363
0.002772,3.744125
0.002774,3.9752812
0.002776,4.2064385
0.002778,4.3913646
0.00278,4.5300584
0.002782,4.7149835
0.002784,4.807446
0.002786,4.8999095
0.002788,4.992371
0.00279,5.0386033
0.002792,5.0386033
0.002794,5.0386033
0.002796,4.992371
0.002798,4.8999095
0.0028,4.807446
0.002802,4.668752
0.002804,4.5300584
0.002806,4.3451324
0.002808,4.1602073
0.00281,3.92905
0.002812,3.6516623
0.002814,3.3742738
0.002816,3.0968862
0.002818,2.7732663
0.00282,2.4496465
0.002822,2.126027
0.002824,1.756176
0.002826,1.4325566
0.0028279999,1.0627055
0.00283,0.6928544
0.002832,0.27677202
0.002834,-0.09307861
0.002836,-0.46292973
0.002838,-0.83278084
0.00284,-1.202632
0.002842,-1.5724826
0.002844,-1.9423337
0.002846,-2.2659533
0.002848,-2.589573
0.00285,-2.9131925
0.002852,-3.236812
0.002854,-3.5142004
0.002856,-3.7915885
0.002858,-4.022745
0.00286,-4.2539024
0.002862,-4.4388275
0.002864,-4.577522
0.002866,-4.716216
0.002868,-4.85491
0.00287,-4.9011416
0.002872,-4.993604
0.002874,-4.993604
0.002876,-5.0398355
0.002878,-4.993604
0.00288,-4.947373
0.002882,-4.85491
0.002884,-4.7624474
0.002886,-4.623753
0.002888,-4.4388275
0.00289,-4.3001337
0.002892,-4.068977
0.002894,-3.8378198
0.002896,-3.5604317
0.002898,-3.2830436
0.0029,-3.0056553
0.002902,-2.6820357
0.002904,-2.3584158
0.002906,-1.9885652
0.002908,-1.6187139
0.00291,-1.2950945
0.002912,-0.9252434
0.002914,-0.55539227
0.002916,-0.13931036
0.002918,0.23054075
0.0029199999,0.60039186
0.002922,0.970243
0.002924,1.3400936
0.002926,1.7099442
0.002928,2.0797954
0.00293,2.4034152
0.002932,2.727035
0.002934,3.050654
0.002936,3.3280425
0.002938,3.605431
0.00294,3.8828197
0.002942,4.113976
0.002944,4.298901
0.002946,4.483826
0.002948,4.622521
0.0029499999,4.7612157
0.002952,4.8999095
0.002954,4.946141
0.002956,4.992371
0.002958,5.0386033
0.00296,5.0386033
0.002962,4.992371
0.002964,4.8999095
0.002966,4.807446
0.002968,4.7149835
0.00297,4.5762897
0.002972,4.3913646
0.002974,4.2064385
0.002976,3.9752812
0.002978,3.744125
0.00298,3.4667363
0.002982,3.1893477
0.002984,2.8657289
0.002986,2.542109
0.002988,2.2184901
0.00299,1.8948698
0.002992,1.5250192
0.002994,1.1551685
0.002996,0.7853174
0.002998,0.4154663
0.003,0.045615196
0.003002,-0.32423592
0.003004,-0.7403178
0.003006,-1.1101689
0.003008,-1.48002
0.00301,-1.8036394
0.003012,-2.1734905
0.003014,-2.4971101
0.003016,-2.8207297
0.003018,-3.1443493
0.00302,-3.4217377
0.003022,-3.6991258
0.003024,-3.9302826
0.003026,-4.1614394
0.003028,-4.3925962
0.00303,-4.5312905
0.003032,-4.669985
0.003034,-4.8086786
0.003036,-4.9011416
0.003038,-4.947373
0.00304,-4.993604
0.0030419999,-5.0398355
0.003044,-4.993604
0.003046,-4.947373
0.003048,-4.9011416
0.00305,-4.7624474
0.003052,-4.669985
0.003054,-4.4850593
0.003056,-4.346365
0.003058,-4.115208
0.00306,-3.9302826
0.003062,-3.6528945
0.003064,-3.3755062
0.003066,-3.098118
0.003068,-2.7744985
0.00307,-2.4508786
0.003072,-2.1272593
0.003074,-1.7574081
0.003076,-1.4337888
0.003078,-1.0177064
0.00308,-0.6478553
0.003082,-0.27800417
0.003084,0.091846466
0.003086,0.50792885
0.003088,0.87777996
0.00309,1.2476311
0.003092,1.5712504
0.003094,1.9411016
0.003096,2.2647214
0.003098,2.6345725
0.0031,2.9581914
0.003102,3.23558
0.003104,3.5129685
0.003106,3.7903562
0.003108,4.0215135
0.00311,4.252671
0.003112,4.437596
0.003114,4.5762897
0.003116,4.7149835
0.003118,4.8536773
0.00312,4.946141
0.003122,4.992371
0.003124,5.0386033
0.003126,5.0386033
0.003128,4.992371
0.00313,4.946141
0.003132,4.8536773
0.0031339999,4.7612157
0.003136,4.622521
0.003138,4.437596
0.00314,4.298901
0.003142,4.0677447
0.003144,3.8365874
0.003146,3.5591989
0.003148,3.2818112
0.00315,3.0044227
0.003152,2.6808028
0.003154,2.357184
0.003156,1.9873328
0.003158,1.6174817
0.00316,1.2938623
0.003162,0.92401123
0.0031639999,0.5541601
0.003166,0.184309
0.003168,-0.2317729
0.00317,-0.601624
0.003172,-0.9714751
0.003174,-1.3413262
0.003176,-1.6649456
0.003178,-2.0347965
0.00318,-2.3584158
0.003182,-2.728267
0.003184,-3.0518866
0.003186,-3.329275
0.003188,-3.6066632
0.00319,-3.8840513
0.003192,-4.115208
0.003194,-4.3001337
0.003196,-4.4850593
0.003198,-4.623753
0.0032,-4.7624474
0.003202,-4.85491
0.003204,-4.947373
0.003206,-4.993604
0.003208,-5.0398355
0.00321,-4.993604
0.003212,-4.993604
0.003214,-4.9011416
0.003216,-4.8086786
0.003218,-4.716216
0.00322,-4.5312905
0.003222,-4.3925962
0.003224,-4.2076707
0.003226,-3.976514
0.003228,-3.745357
0.00323,-3.467969
0.003232,-3.1905808
0.003234,-2.866961
0.003236,-2.5433414
0.003238,-2.2197218
0.00324,-1.8498712
0.003242,-1.5262513
0.003244,-1.1564007
0.003246,-0.78654957
0.003248,-0.41669846
0.00325,-0.046847343
0.003252,0.36923456
0.003254,0.7390857
0.0032559999,1.1089368
0.003258,1.4787879
0.00326,1.8024073
0.003262,2.172258
0.003264,2.4958777
0.003266,2.8194976
0.003268,3.1431174
0.00327,3.420505
0.003272,3.6978936
0.003274,3.9752812
0.003276,4.1602073
0.003278,4.3913646
0.00328,4.5300584
0.003282,4.668752
0.003284,4.807446
0.0032859999,4.8999095
0.003288,4.992371
0.00329,5.0386033
0.003292,5.0386033
0.003294,5.0386033
0.003296,4.992371
0.003298,4.8999095
0.0033,4.807446
0.003302,4.668752
0.003304,4.483826
0.003306,4.3451324
0.003308,4.1602073
0.00331,3.92905
0.003312,3.6516623
0.003314,3.3742738
0.003316,3.0968862
0.003318,2.7732663
0.00332,2.4496465
0.003322,2.126027
0.003324,1.756176
0.003326,1.4325566
0.003328,1.0627055
0.00333,0.6928544
0.003332,0.27677202
0.003334,-0.09307861
0.003336,-0.46292973
0.003338,-0.83278084
0.00334,-1.202632
0.003342,-1.5724826
0.003344,-1.9423337
0.003346,-2.2659533
0.0033479999,-2.589573
0.00335,-2.9131925
0.003352,-3.236812
0.003354,-3.5142004
0.003356,-3.7915885
0.003358,-4.022745
0.00336,-4.2539024
0.003362,-4.4388275
0.003364,-4.577522
0.003366,-4.716216
0.003368,-4.85491
0.00337,-4.947373
0.003372,-4.993604
0.003374,-4.993604
0.003376,-5.0398355
0.0033779999,-4.993604
0.00338,-4.947373
0.003382,-4.85491
0.003384,-4.7624474
0.003386,-4.623753
0.003388,-4.4388275
0.00339,-4.3001337
0.003392,-4.068977
0.003394,-3.8378198
0.003396,-3.5604317
0.003398,-3.2830436
0.0034,-3.0056553
0.003402,-2.6820357
0.003404,-2.3584158
0.003406,-1.9885652
0.003408,-1.6187139
0.00341,-1.2950945
0.003412,-0.9252434
0.003414,-0.55539227
0.003416,-0.13931036
0.003418,0.23054075
0.00342,0.60039186
0.003422,0.970243
0.003424,1.3863249
0.003426,1.7099442
0.003428,2.0797954
0.00343,2.4034152
0.003432,2.727035
0.003434,3.050654
0.003436,3.3280425
0.003438,3.605431
0.00344,3.8828197
0.003442,4.113976
0.003444,4.298901
0.003446,4.483826
0.003448,4.622521
0.00345,4.7612157
0.003452,4.8999095
0.003454,4.946141
0.003456,4.992371
0.003458,5.0386033
0.00346,5.0386033
0.003462,4.992371
0.003464,4.8999095
0.003466,4.8536773
0.003468,4.7149835
0.0034699999,4.5762897
0.003472,4.3913646
0.003474,4.2064385
0.003476,3.9752812
0.003478,3.744125
0.00348,3.4667363
0.003482,3.1893477
0.003484,2.8657289
0.003486,2.542109
0.003488,2.2184901
0.00349,1.8948698
0.003492,1.5250192
0.003494,1.1551685
0.003496,0.7853174
0.003498,0.4154663
0.0034999999,0.045615196
0.003502,-0.32423592
0.003504,-0.7403178
0.003506,-1.1101689
0.003508,-1.48002
0.00351,-1.8036394
0.003512,-2.1734905
0.003514,-2.4971101
0.003516,-2.8207297
0.003518,-3.1443493
0.00352,-3.4217377
0.003522,-3.6991258
0.003524,-3.9302826
0.003526,-4.1614394
0.003528,-4.3925962
0.00353,-4.5312905
0.003532,-4.669985
0.003534,-4.8086786
0.003536,-4.9011416
0.003538,-4.947373
0.00354,-4.993604
0.003542,-5.0398355
0.003544,-4.993604
0.003546,-4.947373
0.003548,-4.9011416
0.00355,-4.7624474
0.003552,-4.669985
0.003554,-4.4850593
0.003556,-4.346365
0.003558,-4.115208
0.00356,-3.8840513
0.0035619999,-3.6528945
0.003564,-3.3755062
0.003566,-3.098118
0.003568,-2.7744985
0.00357,-2.4508786
0.003572,-2.1272593
0.003574,-1.7574081
0.003576,-1.4337888
0.003578,-1.0639377
0.00358,-0.6478553
0.003582,-0.27800417
0.003584,0.091846466
0.003586,0.50792885
0.003588,0.87777996
0.00359,1.2476311
0.0035919999,1.5712504
0.003594,1.9411016
0.003596,2.3109517
0.003598,2.6345725
0.0036,2.9581914
0.003602,3.23558
0.003604,3.5129685
0.003606,3.7903562
0.003608,4.0215135
0.00361,4.252671
0.003612,4.437596
0.003614,4.5762897
0.003616,4.7149835
0.003618,4.8536773
0.00362,4.946141
0.003622,4.992371
0.003624,5.0386033
0.003626,5.0386033
0.003628,4.992371
0.00363,4.946141
0.003632,4.8536773
0.003634,4.7612157
0.003636,4.622521
0.003638,4.437596
0.00364,4.298901
0.003642,4.0677447
0.003644,3.8365874
0.003646,3.5591989
0.003648,3.2818112
0.00365,3.0044227
0.003652,2.6808028
0.003654,2.357184
0.003656,1.9873328
0.003658,1.6637135
0.00366,1.2938623
0.003662,0.92401123
0.003664,0.5541601
0.003666,0.184309
0.003668,-0.2317729
0.00367,-0.601624
0.003672,-0.9714751
0.003674,-1.3413262
0.003676,-1.6649456
0.003678,-2.0347965
0.00368,-2.3584158
0.003682,-2.728267
0.0036839999,-3.0518866
0.003686,-3.329275
0.003688,-3.6066632
0.00369,-3.8840513
0.003692,-4.115208
0.003694,-4.3001337
0.003696,-4.4850593
0.003698,-4.623753
0.0037,-4.7624474
0.003702,-4.85491
0.003704,-4.947373
0.003706,-4.993604
0.003708,-5.0398355
0.00371,-4.993604
0.003712,-4.993604
0.0037139999,-4.9011416
0.003716,-4.8086786
0.003718,-4.716216
0.00372,-4.5312905
0.003722,-4.3925962
0.003724,-4.2076707
0.003726,-3.976514
0.003728,-3.745357
0.00373,-3.467969
0.003732,-3.1905808
0.003734,-2.866961
0.003736,-2.5433414
0.003738,-2.2197218
0.00374,-1.8498712
0.003742,-1.5262513
0.003744,-1.1564007
0.003746,-0.78654957
0.003748,-0.41669846
0.00375,0.091846466
0.003752,1.6174817
0.003754,3.1431174
0.003756,4.252671
0.003758,4.807446
0.00376,4.807446
0.003762,4.2064385
0.003764,3.0968862
0.003766,1.5712504
0.003768,-0.09307861
0.00377,-1.7574081
0.003772,-3.2830436
0.003774,-4.3925962
0.0037759999,-4.9011416
0.003778,-4.8086786
0.00378,-4.2076707
0.003782,-3.0518866
0.003784,-1.48002
0.003786,0.23054075
0.003788,1.8948698
0.00379,3.3742738
0.003792,4.3913646
0.003794,4.8999095
0.003796,4.7612157
0.003798,4.113976
0.0038,2.9119601
0.003802,1.3863249
0.003804,-0.3704667
0.0038059999,-1.9885652
0.003808,-3.467969
0.00381,-4.4388275
0.003812,-4.9011416
0.003814,-4.7624474
0.003816,-4.022745
0.003818,-2.8207297
0.00382,-1.2488632
0.003822,0.50792885
0.003824,2.126027
0.003826,3.5591989
0.003828,4.483826
0.00383,4.8999095
0.003832,4.7149835
0.003834,3.9752812
0.003836,2.6808028
0.003838,1.1551685
0.00384,-0.601624
0.003842,-2.2197218
0.003844,-3.6066632
0.003846,-4.5312905
0.003848,-4.9011416
0.00385,-4.669985
0.003852,-3.8840513
0.003854,-2.6358042
0.003856,-1.0177064
0.003858,0.7390857
0.00386,2.357184
0.003862,3.744125
0.003864,4.5762897
0.003866,4.8999095
0.0038679999,4.622521
0.00387,3.7903562
0.003872,2.4958777
0.003874,0.87777996
0.003876,-0.83278084
0.003878,-2.4046474
0.00388,-3.7915885
0.003882,-4.623753
0.003884,-4.9011416
0.003886,-4.577522
0.003888,-3.745357
0.00389,-2.4046474
0.003892,-0.78654957
0.003894,0.970243
0.003896,2.5883412
0.0038979999,3.8828197
0.0039,4.668752
0.003902,4.8999095
0.003904,4.5300584
0.003906,3.6516623
0.003908,2.2647214
0.00391,0.64662313
0.003912,-1.0639377
0.003914,-2.6358042
0.003916,-3.9302826
0.003918,-4.716216
0.00392,-4.9011416
0.003922,-4.4850593
0.003924,-3.5604317
0.003926,-2.1734905
0.003928,-0.5091615
0.00393,1.2476311
0.003932,2.7732663
0.003934,4.0215135
0.003936,4.7612157
0.003938,4.8999095
0.00394,4.437596
0.003942,3.4667363
0.0039439998,2.033564
0.003946,0.4154663
0.003948,-1.2950945
0.00395,-2.866961
0.003952,-4.115208
0.003954,-4.7624474
0.003956,-4.9011416
0.003958,-4.4388275
0.00396,-3.3755062
0.003962,-1.9423337
0.003964,-0.27800417
0.003966,1.4787879
0.003968,3.0044227
0.00397,4.1602073
0.003972,4.807446
0.003974,4.8536773
0.003976,4.3451324
0.003978,3.2818112
0.00398,1.8024073
0.003982,0.13807821
0.003984,-1.5262513
0.003986,-3.0518866
0.003988,-4.2076707
0.00399,-4.8086786
0.003992,-4.85491
0.003994,-4.3001337
0.003996,-3.236812
0.003998,-1.7111769
0.004,-6.160736E-4
0.004002,1.6637135
0.004004,3.1893477
0.004006,4.298901
0.004008,4.8536773
0.00401,4.8536773
0.004012,4.252671
0.004014,3.0968862
0.004016,1.5712504
0.004018,-0.09307861
0.00402,-1.7574081
0.004022,-3.236812
0.004024,-4.346365
0.004026,-4.85491
0.004028,-4.8086786
0.00403,-4.1614394
0.004032,-3.0056553
0.004034,-1.48002
0.004036,0.23054075
0.004038,1.9411016
0.00404,3.3742738
0.004042,4.437596
0.004044,4.8999095
0.004046,4.7612157
0.004048,4.113976
0.00405,2.9119601
0.004052,1.3863249
0.004054,-0.32423592
0.004056,-1.9885652
0.004058,-3.4217377
0.00406,-4.4388275
0.004062,-4.9011416
0.004064,-4.7624474
0.0040659998,-4.022745
0.004068,-2.8207297
0.00407,-1.2488632
0.004072,0.50792885
0.004074,2.126027
0.004076,3.5591989
0.004078,4.483826
0.00408,4.8999095
0.004082,4.7149835
0.004084,3.9752812
0.004086,2.6808028
0.004088,1.1551685
0.00409,-0.601624
0.004092,-2.2197218
0.004094,-3.6066632
0.004096,-4.5312905
0.004098,-4.9011416
0.0041,-4.669985
0.004102,-3.8840513
0.004104,-2.6358042
0.004106,-1.0177064
0.004108,0.7390857
0.00411,2.357184
0.004112,3.744125
0.004114,4.5762897
0.004116,4.946141
0.004118,4.622521
0.00412,3.7903562
0.004122,2.4958777
0.004124,0.87777996
0.004126,-0.83278084
0.004128,-2.4046474
0.00413,-3.7915885
0.004132,-4.623753
0.004134,-4.9011416
0.004136,-4.577522
0.004138,-3.745357
0.00414,-2.4046474
0.004142,-0.78654957
0.004144,0.970243
0.004146,2.5883412
0.004148,3.8828197
0.00415,4.668752
0.004152,4.8999095
0.004154,4.5300584
0.004156,3.6516623
0.004158,2.2647214
0.00416,0.64662313
0.004162,-1.0639377
0.004164,-2.6358042
0.004166,-3.9302826
0.004168,-4.716216
0.00417,-4.9011416
0.004172,-4.4850593
0.004174,-3.5604317
0.004176,-2.1734905
0.004178,-0.5091615
0.00418,1.2476311
0.004182,2.8194976
0.004184,4.0215135
0.004186,4.7612157
0.0041879998,4.8999095
0.00419,4.437596
0.004192,3.4667363
0.004194,2.033564
0.004196,0.4154663
0.004198,-1.2950945
0.0042,-2.866961
0.004202,-4.068977
0.004204,-4.7624474
0.004206,-4.9011416
0.004208,-4.4388275
0.00421,-3.3755062
0.004212,-1.9423337
0.004214,-0.27800417
0.004216,1.4787879
0.004218,3.0044227
0.00422,4.1602073
0.004222,4.807446
0.004224,4.8999095
0.004226,4.3451324
0.004228,3.2818112
0.00423,1.8024073
0.004232,0.13807821
0.004234,-1.5262513
0.004236,-3.0518866
0.004238,-4.2076707
0.00424,-4.8086786
0.004242,-4.85491
0.004244,-4.3001337
0.004246,-3.236812
0.004248,-1.7111769
0.0042499998,-6.160736E-4
0.004252,1.7099442
0.004254,3.1893477
0.004256,4.298901
0.004258,4.8536773
0.00426,4.8536773
0.004262,4.252671
0.004264,3.0968862
0.004266,1.5712504
0.004268,-0.09307861
0.00427,-1.7574081
0.004272,-3.236812
0.004274,-4.346365
0.004276,-4.85491
0.004278,-4.8086786
0.00428,-4.1614394
0.004282,-3.0056553
0.004284,-1.48002
0.004286,0.23054075
0.004288,1.9411016
0.00429,3.3742738
0.004292,4.437596
0.004294,4.8999095
0.004296,4.7612157
0.004298,4.113976
0.0043,2.9119601
0.004302,1.3863249
0.004304,-0.32423592
0.004306,-1.9885652
0.004308,-3.4217377
0.0043099998,-4.4388275
0.004312,-4.9011416
0.004314,-4.7624474
0.004316,-4.022745
0.004318,-2.8207297
0.00432,-1.2488632
0.004322,0.50792885
0.004324,2.172258
0.004326,3.5591989
0.004328,4.483826
0.00433,4.8999095
0.004332,4.7149835
0.004334,3.9752812
0.004336,2.6808028
0.004338,1.1551685
0.00434,-0.601624
0.004342,-2.2197218
0.004344,-3.6066632
0.004346,-4.5312905
0.004348,-4.9011416
0.00435,-4.669985
0.004352,-3.8840513
0.004354,-2.6358042
0.004356,-1.0177064
0.004358,0.7390857
0.00436,2.357184
0.004362,3.744125
0.004364,4.622521
0.004366,4.8999095
0.004368,4.622521
0.00437,3.7903562
0.0043719998,2.4958777
0.004374,0.87777996
0.004376,-0.83278084
0.004378,-2.4508786
0.00438,-3.7915885
0.004382,-4.623753
0.004384,-4.9011416
0.004386,-4.577522
0.004388,-3.745357
0.00439,-2.4046474
0.004392,-0.78654957
0.004394,0.970243
0.004396,2.5883412
0.004398,3.8828197
0.0044,4.668752
0.004402,4.8999095
0.004404,4.5300584
0.004406,3.6516623
0.004408,2.2647214
0.00441,0.64662313
0.004412,-1.0639377
0.004414,-2.6358042
0.004416,-3.9302826
0.004418,-4.716216
0.00442,-4.9011416
0.004422,-4.4850593
0.004424,-3.5604317
0.004426,-2.1734905
0.004428,-0.5091615
0.00443,1.2476311
0.004432,2.8194976
0.004434,4.0215135
0.004436,4.7612157
0.004438,4.8999095
0.00444,4.437596
0.004442,3.4667363
0.004444,2.033564
0.004446,0.4154663
0.004448,-1.2950945
0.00445,-2.866961
0.004452,-4.068977
0.004454,-4.7624474
0.004456,-4.9011416
0.004458,-4.4388275
0.00446,-3.3755062
0.004462,-1.9423337
0.004464,-0.27800417
0.004466,1.4787879
0.004468,3.0044227
0.00447,4.1602073
0.004472,4.807446
0.004474,4.8536773
0.004476,4.3451324
0.004478,3.2818112
0.00448,1.8024073
0.004482,0.13807821
0.004484,-1.5262513
0.004486,-3.0518866
0.004488,-4.2076707
0.00449,-4.8086786
0.004492,-4.85491
0.0044939998,-4.3001337
0.004496,-3.236812
0.004498,-1.7111769
0.0045,-6.160736E-4
0.004502,1.6637135
0.004504,3.1893477
0.004506,4.298901
0.004508,4.8536773
0.00451,4.8536773
0.004512,4.252671
0.004514,3.0968862
0.004516,1.5712504
0.004518,-0.09307861
0.00452,-1.7574081
0.004522,-3.236812
0.004524,-4.346365
0.004526,-4.85491
0.004528,-4.8086786
0.00453,-4.1614394
0.004532,-3.0056553
0.004534,-1.48002
0.004536,0.23054075
0.004538,1.9411016
0.00454,3.3742738
0.004542,4.437596
0.004544,4.8999095
0.004546,4.7612157
0.004548,4.113976
0.00455,2.9119601
0.004552,1.3863249
0.004554,-0.32423592
0.0045559998,-1.9885652
0.004558,-3.4217377
0.00456,-4.4388275
0.004562,-4.9011416
0.004564,-4.7624474
0.004566,-4.022745
0.004568,-2.8207297
0.00457,-1.2488632
0.004572,0.50792885
0.004574,2.172258
0.004576,3.5591989
0.004578,4.483826
0.00458,4.8999095
0.004582,4.7149835
0.004584,3.9752812
0.004586,2.6808028
0.004588,1.1551685
0.00459,-0.601624
0.004592,-2.2197218
0.004594,-3.6066632
0.004596,-4.5312905
0.004598,-4.9011416
0.0046,-4.669985
0.004602,-3.8840513
0.004604,-2.6358042
0.004606,-1.0177064
0.004608,0.7390857
0.00461,2.357184
0.004612,3.744125
0.004614,4.5762897
0.0046159998,4.8999095
0.004618,4.622521
0.00462,3.7903562
0.004622,2.4958777
0.004624,0.87777996
0.004626,-0.83278084
0.004628,-2.4508786
0.00463,-3.7915885
0.004632,-4.623753
0.004634,-4.9011416
0.004636,-4.577522
0.004638,-3.745357
0.00464,-2.4046474
0.004642,-0.78654957
0.004644,0.970243
0.004646,2.5883412
0.004648,3.8828197
0.00465,4.668752
0.004652,4.8999095
0.004654,4.5300584
0.004656,3.6516623
0.004658,2.2647214
0.00466,0.64662313
0.004662,-1.0639377
0.004664,-2.6358042
0.004666,-3.9302826
0.004668,-4.716216
0.00467,-4.9011416
0.004672,-4.4850593
0.004674,-3.5604317
0.004676,-2.1734905
0.0046779998,-0.5091615
0.00468,1.2476311
0.004682,2.8194976
0.004684,4.0215135
0.004686,4.7612157
0.004688,4.8999095
0.00469,4.437596
0.004692,3.4667363
0.004694,2.033564
0.004696,0.4154663
0.004698,-1.2950945
0.0047,-2.866961
0.004702,-4.115208
0.004704,-4.7624474
0.004706,-4.9011416
0.004708,-4.4388275
0.00471,-3.3755062
0.004712,-1.9423337
0.004714,-0.27800417
0.004716,1.4787879
0.004718,3.0044227
0.00472,4.1602073
0.004722,4.807446
0.004724,4.8536773
0.004726,4.3451324
0.004728,3.2818112
0.00473,1.8024073
0.004732,0.13807821
0.004734,-1.5262513
0.004736,-3.0518866
0.0047379998,-4.2076707
0.00474,-4.8086786
0.004742,-4.85491
0.004744,-4.3001337
0.004746,-3.236812
0.004748,-1.7111769
0.00475,-0.09307861
0.004752,0.4154663
0.004754,0.7853174
0.004756,1.1551685
0.004758,1.4787879
0.00476,1.8486385
0.004762,2.2184901
0.004764,2.542109
0.004766,2.8657289
0.004768,3.1893477
0.00477,3.4667363
0.004772,3.744125
0.004774,3.9752812
0.004776,4.2064385
0.004778,4.3913646
0.00478,4.5300584
0.004782,4.7149835
0.004784,4.807446
0.004786,4.8999095
0.004788,4.992371
0.00479,5.0386033
0.004792,5.0386033
0.004794,5.0386033
0.004796,4.992371
0.004798,4.8999095
0.0047999998,4.807446
0.004802,4.668752
0.004804,4.5300584
0.004806,4.3451324
0.004808,4.1602073
0.00481,3.92905
0.004812,3.6516623
0.004814,3.3742738
0.004816,3.0968862
0.004818,2.7732663
0.00482,2.4496465
0.004822,2.126027
0.004824,1.756176
0.004826,1.4325566
0.004828,1.0627055
0.00483,0.6928544
0.004832,0.27677202
0.004834,-0.09307861
0.004836,-0.46292973
0.004838,-0.83278084
0.00484,-1.202632
0.004842,-1.5724826
0.004844,-1.9423337
0.004846,-2.2659533
0.004848,-2.589573
0.00485,-2.9131925
0.004852,-3.236812
0.004854,-3.5142004
0.004856,-3.7915885
0.004858,-4.022745
0.00486,-4.2539024
0.004862,-4.4388275
0.004864,-4.577522
0.004866,-4.716216
0.004868,-4.85491
0.00487,-4.947373
0.004872,-4.993604
0.004874,-5.0398355
0.004876,-4.993604
0.004878,-4.993604
0.00488,-4.947373
0.004882,-4.85491
0.004884,-4.7624474
0.004886,-4.623753
0.004888,-4.4388275
0.00489,-4.3001337
0.004892,-4.068977
0.004894,-3.8378198
0.004896,-3.5604317
0.004898,-3.2830436
0.0049,-3.0056553
0.004902,-2.6820357
0.004904,-2.3121846
0.004906,-1.9885652
0.004908,-1.6187139
0.00491,-1.2950945
0.004912,-0.9252434
0.004914,-0.55539227
0.004916,-0.13931036
0.004918,0.23054075
0.00492,0.60039186
0.0049219998,0.970243
0.004924,1.3863249
0.004926,1.7099442
0.004928,2.0797954
0.00493,2.4034152
0.004932,2.727035
0.004934,3.050654
0.004936,3.3280425
0.004938,3.605431
0.00494,3.8828197
0.004942,4.113976
0.004944,4.3451324
0.004946,4.483826
0.004948,4.622521
0.00495,4.7612157
0.004952,4.8999095
0.004954,4.946141
0.004956,4.992371
0.004958,5.0386033
0.00496,5.0386033
0.004962,4.992371
0.004964,4.8999095
0.004966,4.8536773
0.004968,4.7149835
0.00497,4.5762897
0.004972,4.3913646
0.004974,4.2064385
0.004976,3.9752812
0.004978,3.744125
0.00498,3.4667363
0.004982,3.1893477
0.0049839998,2.8657289
0.004986,2.542109
0.004988,2.2184901
0.00499,1.8948698
0.004992,1.5250192
0.004994,1.1551685
0.004996,0.7853174
0.004998,0.4154663
0.005,0.045615196
0.005002,-0.32423592
0.005004,-0.7403178
0.005006,-1.1101689
0.005008,-1.48002
0.00501,-1.8036394
0.005012,-2.1734905
0.005014,-2.4971101
0.005016,-2.8207297
0.005018,-3.1443493
0.00502,-3.4217377
0.005022,-3.6991258
0.005024,-3.9302826
0.005026,-4.1614394
0.005028,-4.3925962
0.00503,-4.5312905
0.005032,-4.669985
0.005034,-4.8086786
0.005036,-4.9011416
0.005038,-4.947373
0.00504,-4.993604
0.005042,-5.0398355
0.0050439998,-4.993604
0.005046,-4.947373
0.005048,-4.9011416
0.00505,-4.7624474
0.005052,-4.669985
0.005054,-4.4850593
0.005056,-4.346365
0.005058,-4.115208
0.00506,-3.8840513
0.005062,-3.6528945
0.005064,-3.3755062
0.005066,-3.098118
0.005068,-2.7744985
0.00507,-2.4508786
0.005072,-2.1272593
0.005074,-1.7574081
0.005076,-1.4337888
0.005078,-1.0177064
0.00508,-0.6478553
0.005082,-0.27800417
0.005084,0.091846466
0.005086,0.50792885
0.005088,0.87777996
0.00509,1.2476311
0.005092,1.5712504
0.005094,1.9411016
0.005096,2.3109517
0.005098,2.6345725
0.0051,2.9581914
0.005102,3.23558
0.005104,3.5129685
0.0051059998,3.7903562
0.005108,4.0215135
0.00511,4.252671
0.005112,4.437596
0.005114,4.5762897
0.005116,4.7149835
0.005118,4.8536773
0.00512,4.946141
0.005122,4.992371
0.005124,5.0386033
0.005126,5.0386033
0.005128,4.992371
0.00513,4.946141
0.005132,4.8536773
0.005134,4.7612157
0.005136,4.622521
0.005138,4.437596
0.00514,4.298901
0.005142,4.0677447
0.005144,3.8365874
0.005146,3.5591989
0.005148,3.2818112
0.00515,3.0044227
0.005152,2.6808028
0.005154,2.357184
0.005156,1.9873328
0.005158,1.6174817
0.00516,1.2938623
0.005162,0.92401123
0.005164,0.5541601
0.0051659998,0.184309
0.005168,-0.2317729
0.00517,-0.601624
0.005172,-0.9714751
0.005174,-1.3413262
0.005176,-1.6649456
0.005178,-2.0347965
0.00518,-2.4046474
0.005182,-2.728267
0.005184,-3.0518866
0.005186,-3.329275
0.005188,-3.6066632
0.00519,-3.8840513
0.005192,-4.115208
0.005194,-4.3001337
0.005196,-4.4850593
0.005198,-4.623753
0.0052,-4.7624474
0.005202,-4.85491
0.005204,-4.947373
0.005206,-4.993604
0.005208,-5.0398355
0.00521,-4.993604
0.005212,-4.993604
0.005214,-4.9011416
0.005216,-4.8086786
0.005218,-4.716216
0.00522,-4.5312905
0.005222,-4.3925962
0.005224,-4.2076707
0.005226,-3.976514
0.0052279998,-3.745357
0.00523,-3.467969
0.005232,-3.1905808
0.005234,-2.866961
0.005236,-2.5433414
0.005238,-2.2197218
0.00524,-1.8498712
0.005242,-1.5262513
0.005244,-1.1564007
0.005246,-0.78654957
0.005248,-0.41669846
0.00525,-0.046847343
0.005252,0.36923456
0.005254,0.7390857
0.005256,1.1089368
0.005258,1.4787879
0.00526,1.8486385
0.005262,2.172258
0.005264,2.4958777
0.005266,2.8194976
0.005268,3.1431174
0.00527,3.420505
0.005272,3.6978936
0.005274,3.9752812
0.005276,4.1602073
0.005278,4.3913646
0.00528,4.5300584
0.005282,4.668752
0.005284,4.807446
0.005286,4.8999095
0.005288,4.992371
0.00529,5.0386033
0.005292,5.0386033
0.005294,4.992371
0.005296,4.946141
0.005298,4.8999095
0.0053,4.807446
0.005302,4.668752
0.005304,4.483826
0.005306,4.3451324
0.005308,4.1602073
0.00531,3.92905
0.005312,3.6516623
0.005314,3.3742738
0.005316,3.0968862
0.005318,2.7732663
0.00532,2.4496465
0.005322,2.126027
0.005324,1.756176
0.005326,1.4325566
0.005328,1.0627055
0.00533,0.6928544
0.005332,0.27677202
0.005334,-0.09307861
0.005336,-0.46292973
0.005338,-0.83278084
0.00534,-1.202632
0.005342,-1.5724826
0.005344,-1.9423337
0.005346,-2.2659533
0.005348,-2.589573
0.0053499998,-2.9131925
0.005352,-3.236812
0.005354,-3.5142004
0.005356,-3.7915885
0.005358,-4.022745
0.00536,-4.2539024
0.005362,-4.4388275
0.005364,-4.577522
0.005366,-4.716216
0.005368,-4.85491
0.00537,-4.947373
0.005372,-4.993604
0.005374,-4.993604
0.005376,-5.0398355
0.005378,-4.993604
0.00538,-4.947373
0.005382,-4.85491
0.005384,-4.7624474
0.005386,-4.623753
0.005388,-4.4388275
0.00539,-4.3001337
0.005392,-4.068977
0.005394,-3.8378198
0.005396,-3.5604317
0.005398,-3.2830436
0.0054,-3.0056553
0.005402,-2.6820357
0.005404,-2.3584158
0.005406,-1.9885652
0.005408,-1.6187139
0.00541,-1.2950945
0.0054119998,-0.9252434
0.005414,-0.55539227
0.005416,-0.13931036
0.005418,0.23054075
0.00542,0.60039186
0.005422,1.0164738
0.005424,1.3863249
0.005426,1.7099442
0.005428,2.0797954
0.00543,2.4034152
0.005432,2.727035
0.005434,3.050654
0.005436,3.3280425
0.005438,3.605431
0.00544,3.8828197
0.005442,4.113976
0.005444,4.298901
0.005446,4.483826
0.005448,4.622521
0.00545,4.7612157
0.005452,4.8999095
0.005454,4.946141
0.005456,4.992371
0.005458,5.0386033
0.00546,5.0386033
0.005462,4.992371
0.005464,4.8999095
0.005466,4.807446
0.005468,4.7149835
0.00547,4.5762897
0.0054719998,4.3913646
0.005474,4.2064385
0.005476,3.9752812
0.005478,3.744125
0.00548,3.4667363
0.005482,3.1893477
0.005484,2.8657289
0.005486,2.542109
0.005488,2.2184901
0.00549,1.8948698
0.005492,1.5250192
0.005494,1.1551685
0.005496,0.7853174
0.005498,0.4154663
0.0055,0.045615196
0.005502,-0.3704667
0.005504,-0.7403178
0.005506,-1.1101689
0.005508,-1.48002
0.00551,-1.8036394
0.005512,-2.1734905
0.005514,-2.4971101
0.005516,-2.8207297
0.005518,-3.1443493
0.00552,-3.4217377
0.005522,-3.6991258
0.005524,-3.9302826
0.005526,-4.1614394
0.005528,-4.3925962
0.00553,-4.5312905
0.005532,-4.669985
0.0055339998,-4.8086786
0.005536,-4.9011416
0.005538,-4.947373
0.00554,-4.993604
0.005542,-5.0398355
0.005544,-4.993604
0.005546,-4.947373
0.005548,-4.9011416
0.00555,-4.7624474
0.005552,-4.669985
0.005554,-4.4850593
0.005556,-4.346365
0.005558,-4.115208
0.00556,-3.8840513
0.005562,-3.6528945
0.005564,-3.3755062
0.005566,-3.098118
0.005568,-2.7744985
0.00557,-2.4508786
0.005572,-2.1272593
0.005574,-1.7574081
0.005576,-1.4337888
0.005578,-1.0177064
0.00558,-0.6478553
0.005582,-0.27800417
0.005584,0.091846466
0.005586,0.50792885
0.005588,0.87777996
0.00559,1.2476311
0.005592,1.5712504
0.0055939998,1.9411016
0.005596,2.3109517
0.005598,2.6345725
0.0056,2.9581914
0.005602,3.23558
0.005604,3.5129685
0.005606,3.7903562
0.005608,4.0215135
0.00561,4.252671
0.005612,4.437596
0.005614,4.5762897
0.005616,4.7149835
0.005618,4.8536773
0.00562,4.946141
0.005622,4.992371
0.005624,5.0386033
0.005626,5.0386033
0.005628,4.992371
0.00563,4.946141
0.005632,4.8536773
0.005634,4.7612157
0.005636,4.622521
0.005638,4.437596
0.00564,4.298901
0.005642,4.0677447
0.005644,3.8365874
0.005646,3.5591989
0.005648,3.2818112
0.00565,3.0044227
0.005652,2.6808028
0.005654,2.357184
0.0056559998,1.9873328
0.005658,1.6174817
0.00566,1.2938623
0.005662,0.92401123
0.005664,0.5541601
0.005666,0.184309
0.005668,-0.2317729
0.00567,-0.601624
0.005672,-0.9714751
0.005674,-1.3413262
0.005676,-1.6649456
0.005678,-2.0347965
0.00568,-2.4046474
0.005682,-2.728267
0.005684,-3.0518866
0.005686,-3.329275
0.005688,-3.6066632
0.00569,-3.8840513
0.005692,-4.115208
0.005694,-4.3001337
0.005696,-4.4850593
0.005698,-4.623753
0.0057,-4.7624474
0.005702,-4.85491
0.005704,-4.947373
0.005706,-4.993604
0.005708,-5.0398355
0.00571,-4.993604
0.005712,-4.993604
0.005714,-4.9011416
0.005716,-4.8086786
0.005718,-4.716216
0.00572,-4.5312905
0.005722,-4.3925962
0.005724,-4.2076707
0.005726,-3.976514
0.005728,-3.745357
0.00573,-3.467969
0.005732,-3.1905808
0.005734,-2.866961
0.005736,-2.5433414
0.005738,-2.2197218
0.00574,-1.8498712
0.005742,-1.5262513
0.005744,-1.1564007
0.005746,-0.78654957
0.005748,-0.41669846
0.00575,0.091846466
0.005752,1.6637135
0.005754,3.1431174
0.005756,4.252671
0.005758,4.807446
0.00576,4.807446
0.005762,4.2064385
0.005764,3.050654
0.005766,1.5712504
0.005768,-0.13931036
0.00577,-1.8036394
0.005772,-3.2830436
0.005774,-4.3925962
0.005776,-4.9011416
0.0057779998,-4.8086786
0.00578,-4.2076707
0.005782,-3.0518866
0.005784,-1.48002
0.005786,0.23054075
0.005788,1.8948698
0.00579,3.3742738
0.005792,4.437596
0.005794,4.8999095
0.005796,4.7612157
0.005798,4.113976
0.0058,2.9119601
0.005802,1.3863249
0.005804,-0.3704667
0.005806,-1.9885652
0.005808,-3.467969
0.00581,-4.4388275
0.005812,-4.9011416
0.005814,-4.7624474
0.005816,-4.022745
0.005818,-2.8207297
0.00582,-1.2488632
0.005822,0.50792885
0.005824,2.172258
0.005826,3.5591989
0.005828,4.483826
0.00583,4.8999095
0.005832,4.7149835
0.005834,3.9752812
0.005836,2.6808028
0.005838,1.1089368
0.0058399998,-0.601624
0.005842,-2.2197218
0.005844,-3.6066632
0.005846,-4.5312905
0.005848,-4.9011416
0.00585,-4.669985
0.005852,-3.8840513
0.005854,-2.6358042
0.005856,-1.0177064
0.005858,0.7390857
0.00586,2.357184
0.005862,3.744125
0.005864,4.622521
0.005866,4.8999095
0.005868,4.622521
0.00587,3.7903562
0.005872,2.4958777
0.005874,0.87777996
0.005876,-0.83278084
0.005878,-2.4508786
0.00588,-3.7915885
0.005882,-4.623753
0.005884,-4.9011416
0.005886,-4.577522
0.005888,-3.745357
0.00589,-2.4046474
0.005892,-0.7403178
0.005894,0.970243
0.005896,2.5883412
0.005898,3.8828197
0.0058999998,4.668752
0.005902,4.8999095
0.005904,4.5300584
0.005906,3.6516623
0.005908,2.2647214
0.00591,0.64662313
0.005912,-1.0639377
0.005914,-2.6358042
0.005916,-3.9302826
0.005918,-4.716216
0.00592,-4.9011416
0.005922,-4.4850593
0.005924,-3.5604317
0.005926,-2.1734905
0.005928,-0.5091615
0.00593,1.2476311
0.005932,2.8194976
0.005934,4.0215135
0.005936,4.7612157
0.005938,4.8999095
0.00594,4.437596
0.005942,3.4667363
0.005944,2.033564
0.005946,0.4154663
0.005948,-1.3413262
0.00595,-2.866961
0.005952,-4.115208
0.005954,-4.7624474
0.005956,-4.9011416
0.005958,-4.3925962
0.00596,-3.3755062
0.0059619998,-1.9423337
0.005964,-0.27800417
0.005966,1.4787879
0.005968,3.0044227
0.00597,4.2064385
0.005972,4.807446
0.005974,4.8536773
0.005976,4.3451324
0.005978,3.2818112
0.00598,1.8024073
0.005982,0.13807821
0.005984,-1.5262513
0.005986,-3.0518866
0.005988,-4.2539024
0.00599,-4.8086786
0.005992,-4.85491
0.005994,-4.3001337
0.005996,-3.1905808
0.005998,-1.7111769
0.006,-6.160736E-4
0.006002,1.7099442
0.006004,3.1893477
0.006006,4.298901
0.006008,4.8536773
0.00601,4.8536773
0.006012,4.252671
0.006014,3.0968862
0.006016,1.5712504
0.006018,-0.09307861
0.00602,-1.7574081
0.0060219998,-3.236812
0.006024,-4.346365
0.006026,-4.85491
0.006028,-4.8086786
0.00603,-4.1614394
0.006032,-3.0056553
0.006034,-1.48002
0.006036,0.23054075
0.006038,1.9411016
0.00604,3.3742738
0.006042,4.437596
0.006044,4.8999095
0.006046,4.7612157
0.006048,4.113976
0.00605,2.9119601
0.006052,1.3863249
0.006054,-0.3704667
0.006056,-1.9885652
0.006058,-3.467969
0.00606,-4.4388275
0.006062,-4.9011416
0.006064,-4.7624474
0.006066,-4.022745
0.006068,-2.8207297
0.00607,-1.2488632
0.006072,0.50792885
0.006074,2.172258
0.006076,3.5591989
0.006078,4.483826
0.00608,4.8999095
0.006082,4.7149835
0.0060839998,3.9752812
0.006086,2.6808028
0.006088,1.1089368
0.00609,-0.601624
0.006092,-2.2197218
0.006094,-3.6066632
0.006096,-4.5312905
0.006098,-4.9011416
0.0061,-4.669985
0.006102,-3.8840513
0.006104,-2.589573
0.006106,-1.0177064
0.006108,0.7390857
0.00611,2.357184
0.006112,3.744125
0.006114,4.622521
0.006116,4.8999095
0.006118,4.622521
0.00612,3.7903562
0.006122,2.4958777
0.006124,0.87777996
0.006126,-0.83278084
0.006128,-2.4508786
0.00613,-3.7915885
0.006132,-4.623753
0.006134,-4.9011416
0.006136,-4.577522
0.006138,-3.745357
0.00614,-2.4046474
0.006142,-0.7403178
0.006144,1.0164738
0.0061459998,2.5883412
0.006148,3.8828197
0.00615,4.668752
0.006152,4.8999095
0.006154,4.5300584
0.006156,3.6516623
0.006158,2.2647214
0.00616,0.64662313
0.006162,-1.0639377
0.006164,-2.6358042
0.006166,-3.9302826
0.006168,-4.716216
0.00617,-4.9011416
0.006172,-4.4850593
0.006174,-3.5604317
0.006176,-2.1734905
0.006178,-0.5091615
0.00618,1.2476311
0.006182,2.8194976
0.006184,4.0215135
0.006186,4.7612157
0.006188,4.8999095
0.00619,4.437596
0.006192,3.4667363
0.006194,2.033564
0.006196,0.4154663
0.006198,-1.3413262
0.0062,-2.866961
0.006202,-4.115208
0.006204,-4.7624474
0.0062059998,-4.9011416
0.006208,-4.4388275
0.00621,-3.3755062
0.006212,-1.9423337
0.006214,-0.27800417
0.006216,1.4787879
0.006218,3.0044227
0.00622,4.1602073
0.006222,4.807446
0.006224,4.8536773
0.006226,4.3451324
0.006228,3.2818112
0.00623,1.8024073
0.006232,0.13807821
0.006234,-1.5262513
0.006236,-3.0518866
0.006238,-4.2539024
0.00624,-4.8086786
0.006242,-4.85491
0.006244,-4.3001337
0.006246,-3.1905808
0.006248,-1.7111769
0.00625,-6.160736E-4
0.006252,1.7099442
0.006254,3.1893477
0.006256,4.298901
0.006258,4.8536773
0.00626,4.8536773
0.006262,4.252671
0.006264,3.0968862
0.006266,1.5712504
0.0062679998,-0.09307861
0.00627,-1.7574081
0.006272,-3.2830436
0.006274,-4.346365
0.006276,-4.85491
0.006278,-4.8086786
0.00628,-4.1614394
0.006282,-3.0056553
0.006284,-1.48002
0.006286,0.23054075
0.006288,1.9411016
0.00629,3.3742738
0.006292,4.437596
0.006294,4.8999095
0.006296,4.7612157
0.006298,4.113976
0.0063,2.9119601
0.006302,1.3863249
0.006304,-0.3704667
0.006306,-1.9885652
0.006308,-3.467969
0.00631,-4.4388275
0.006312,-4.9011416
0.006314,-4.716216
0.006316,-4.022745
0.006318,-2.8207297
0.00632,-1.2488632
0.006322,0.50792885
0.006324,2.172258
0.006326,3.5591989
0.0063279998,4.483826
0.00633,4.8999095
0.006332,4.7149835
0.006334,3.9752812
0.006336,2.6808028
0.006338,1.1089368
0.00634,-0.601624
0.006342,-2.2197218
0.006344,-3.6066632
0.006346,-4.5312905
0.006348,-4.9011416
0.00635,-4.669985
0.006352,-3.8840513
0.006354,-2.6358042
0.006356,-1.0177064
0.006358,0.7390857
0.00636,2.357184
0.006362,3.744125
0.006364,4.622521
0.006366,4.8999095
0.006368,4.622521
0.00637,3.7903562
0.006372,2.4958777
0.006374,0.87777996
0.006376,-0.83278084
0.006378,-2.4508786
0.00638,-3.7915885
0.006382,-4.623753
0.006384,-4.9011416
0.006386,-4.577522
0.006388,-3.745357
0.0063899998,-2.4046474
0.006392,-0.7403178
0.006394,1.0164738
0.006396,2.5883412
0.006398,3.8828197
0.0064,4.668752
0.006402,4.8999095
0.006404,4.5300584
0.006406,3.6516623
0.006408,2.2647214
0.00641,0.64662313
0.006412,-1.0639377
0.006414,-2.6358042
0.006416,-3.9302826
0.006418,-4.716216
0.00642,-4.9011416
0.006422,-4.4850593
0.006424,-3.5604317
0.006426,-2.1734905
0.006428,-0.5091615
0.00643,1.2476311
0.006432,2.8194976
0.006434,4.0215135
0.006436,4.7612157
0.006438,4.8999095
0.00644,4.437596
0.006442,3.4667363
0.006444,2.033564
0.006446,0.4154663
0.006448,-1.3413262
0.0064499998,-2.866961
0.006452,-4.115208
0.006454,-4.7624474
0.006456,-4.9011416
0.006458,-4.3925962
0.00646,-3.3755062
0.006462,-1.9423337
0.006464,-0.2317729
0.006466,1.4787879
0.006468,3.0044227
0.00647,4.2064385
0.006472,4.807446
0.006474,4.8536773
0.006476,4.3451324
0.006478,3.2818112
0.00648,1.8024073
0.006482,0.13807821
0.006484,-1.5262513
0.006486,-3.0518866
0.006488,-4.2539024
0.00649,-4.8086786
0.006492,-4.85491
0.006494,-4.3001337
0.006496,-3.1905808
0.006498,-1.7111769
0.0065,-6.160736E-4
0.006502,1.7099442
0.006504,3.1893477
0.006506,4.298901
0.006508,4.8536773
0.00651,4.8536773
0.0065119998,4.252671
0.006514,3.0968862
0.006516,1.5712504
0.006518,-0.09307861
0.00652,-1.7574081
0.006522,-3.2830436
0.006524,-4.346365
0.006526,-4.85491
0.006528,-4.8086786
0.00653,-4.1614394
0.006532,-3.0056553
0.006534,-1.48002
0.006536,0.23054075
0.006538,1.9411016
0.00654,3.3742738
0.006542,4.437596
0.006544,4.8999095
0.006546,4.7612157
0.006548,4.113976
0.00655,2.9119601
0.006552,1.3863249
0.006554,-0.3704667
0.006556,-1.9885652
0.006558,-3.467969
0.00656,-4.4388275
0.006562,-4.9011416
0.006564,-4.7624474
0.006566,-4.022745
0.006568,-2.8207297
0.00657,-1.2488632
0.0065719998,0.50792885
0.0065739998,2.172258
0.006576,3.5591989
0.006578,4.483826
0.00658,4.8999095
0.006582,4.7149835
0.006584,3.9752812
0.006586,2.6808028
0.006588,1.1089368
0.00659,-0.601624
0.006592,-2.2197218
0.006594,-3.6066632
0.006596,-4.5312905
0.006598,-4.9011416
0.0066,-4.669985
0.006602,-3.8840513
0.006604,-2.589573
0.006606,-1.0177064
0.006608,0.7390857
0.00661,2.357184
0.006612,3.744125
0.006614,4.622521
0.006616,4.946141
0.006618,4.622521
0.00662,3.7903562
0.006622,2.4958777
0.006624,0.87777996
0.006626,-0.83278084
0.006628,-2.4508786
0.00663,-3.7915885
0.006632,-4.623753
0.0066339998,-4.9011416
0.006636,-4.577522
0.006638,-3.745357
0.00664,-2.4046474
0.006642,-0.7403178
0.006644,1.0164738
0.006646,2.5883412
0.006648,3.8828197
0.00665,4.668752
0.006652,4.8999095
0.006654,4.5300584
0.006656,3.6516623
0.006658,2.2647214
0.00666,0.64662313
0.006662,-1.0639377
0.006664,-2.6358042
0.006666,-3.9302826
0.006668,-4.716216
0.00667,-4.9011416
0.006672,-4.4850593
0.006674,-3.5604317
0.006676,-2.1734905
0.006678,-0.5091615
0.00668,1.2476311
0.006682,2.8194976
0.006684,4.0677447
0.006686,4.7612157
0.006688,4.8999095
0.00669,4.437596
0.006692,3.4667363
0.006694,2.033564
0.0066959998,0.4154663
0.006698,-1.3413262
0.0067,-2.866961
0.006702,-4.115208
0.006704,-4.7624474
0.006706,-4.9011416
0.006708,-4.3925962
0.00671,-3.3755062
0.006712,-1.9423337
0.006714,-0.2317729
0.006716,1.4787879
0.006718,3.0044227
0.00672,4.2064385
0.006722,4.807446
0.006724,4.8536773
0.006726,4.3451324
0.006728,3.2818112
0.00673,1.8024073
0.006732,0.13807821
0.006734,-1.5262513
0.006736,-3.0518866
0.006738,-4.2539024
0.00674,-4.8086786
0.006742,-4.85491
0.006744,-4.3001337
0.006746,-3.1905808
0.006748,-1.7111769
0.00675,-0.09307861
0.006752,0.4154663
0.006754,0.7853174
0.0067559998,1.1551685
0.006758,1.5250192
0.00676,1.8486385
0.006762,2.2184901
0.006764,2.542109
0.006766,2.8657289
0.006768,3.1893477
0.00677,3.4667363
0.006772,3.744125
0.006774,3.9752812
0.006776,4.2064385
0.006778,4.3913646
0.00678,4.5300584
0.006782,4.7149835
0.006784,4.807446
0.006786,4.8999095
0.006788,4.992371
0.00679,5.0386033
0.006792,5.0386033
0.006794,5.0386033
0.006796,4.992371
0.006798,4.8999095
0.0068,4.807446
0.006802,4.668752
0.006804,4.5300584
0.006806,4.3451324
0.006808,4.1602073
0.00681,3.92905
0.006812,3.6516623
0.006814,3.3742738
0.006816,3.0968862
0.0068179998,2.7732663
0.00682,2.4496465
0.006822,2.126027
0.006824,1.756176
0.006826,1.4325566
0.006828,1.0627055
0.00683,0.6928544
0.006832,0.27677202
0.006834,-0.09307861
0.006836,-0.46292973
0.006838,-0.83278084
0.00684,-1.202632
0.006842,-1.5724826
0.006844,-1.9423337
0.006846,-2.2659533
0.006848,-2.589573
0.00685,-2.9131925
0.006852,-3.236812
0.006854,-3.5142004
0.006856,-3.7915885
0.006858,-4.022745
0.00686,-4.2539024
0.006862,-4.4388275
0.006864,-4.577522
0.006866,-4.716216
0.006868,-4.85491
0.00687,-4.947373
0.006872,-4.993604
0.006874,-5.0398355
0.006876,-5.0398355
0.0068779998,-4.993604
0.00688,-4.947373
0.006882,-4.85491
0.006884,-4.7624474
0.006886,-4.623753
0.006888,-4.4388275
0.00689,-4.3001337
0.006892,-4.068977
0.006894,-3.8378198
0.006896,-3.5604317
0.006898,-3.2830436
0.0069,-3.0056553
0.006902,-2.6820357
0.006904,-2.3121846
0.006906,-1.9885652
0.006908,-1.6187139
0.00691,-1.2950945
0.006912,-0.9252434
0.006914,-0.55539227
0.006916,-0.13931036
0.006918,0.23054075
0.00692,0.60039186
0.006922,1.0164738
0.006924,1.3863249
0.006926,1.7099442
0.006928,2.0797954
0.00693,2.4034152
0.006932,2.727035
0.006934,3.050654
0.006936,3.3280425
0.006938,3.605431
0.0069399998,3.8828197
0.006942,4.113976
0.006944,4.298901
0.006946,4.483826
0.006948,4.622521
0.00695,4.7612157
0.006952,4.8999095
0.006954,4.946141
0.006956,4.992371
0.006958,5.0386033
0.00696,5.0386033
0.006962,4.992371
0.006964,4.8999095
0.006966,4.807446
0.006968,4.7149835
0.00697,4.5762897
0.006972,4.3913646
0.006974,4.2064385
0.006976,3.9752812
0.006978,3.744125
0.00698,3.4667363
0.006982,3.1893477
0.006984,2.8657289
0.006986,2.542109
0.006988,2.2184901
0.00699,1.8948698
0.006992,1.5250192
0.006994,1.1551685
0.006996,0.7853174
0.006998,0.4154663
0.0069999998,0.045615196
0.0070019998,-0.3704667
0.007004,-0.7403178
0.007006,-1.1101689
0.007008,-1.48002
0.00701,-1.8036394
0.007012,-2.1734905
0.007014,-2.4971101
0.007016,-2.8207297
0.007018,-3.1443493
0.00702,-3.4217377
0.007022,-3.6991258
0.007024,-3.9302826
0.007026,-4.1614394
0.007028,-4.3925962
0.00703,-4.5312905
0.007032,-4.669985
0.007034,-4.8086786
0.007036,-4.9011416
0.007038,-4.947373
0.00704,-4.993604
0.007042,-5.0398355
0.007044,-4.993604
0.007046,-4.947373
0.007048,-4.9011416
0.00705,-4.7624474
0.007052,-4.669985
0.007054,-4.4850593
0.007056,-4.346365
0.007058,-4.115208
0.00706,-3.8840513
0.0070619998,-3.6528945
0.007064,-3.3755062
0.007066,-3.098118
0.007068,-2.7744985
0.00707,-2.4508786
0.007072,-2.1272593
0.007074,-1.7574081
0.007076,-1.4337888
0.007078,-1.0177064
0.00708,-0.6478553
0.007082,-0.27800417
0.007084,0.091846466
0.007086,0.50792885
0.007088,0.87777996
0.00709,1.2476311
0.007092,1.5712504
0.007094,1.9411016
0.007096,2.3109517
0.007098,2.6345725
0.0071,2.9581914
0.007102,3.23558
0.007104,3.5129685
0.007106,3.7903562
0.007108,4.0215135
0.00711,4.252671
0.007112,4.437596
0.007114,4.5762897
0.007116,4.7149835
0.007118,4.8536773
0.00712,4.946141
0.007122,4.992371
0.0071239998,5.0386033
0.007126,5.0386033
0.007128,4.992371
0.00713,4.946141
0.007132,4.8536773
0.007134,4.7612157
0.007136,4.622521
0.007138,4.437596
0.00714,4.298901
0.007142,4.0677447
0.007144,3.8365874
0.007146,3.5591989
0.007148,3.2818112
0.00715,3.0044227
0.007152,2.6808028
0.007154,2.357184
0.007156,1.9873328
0.007158,1.6174817
0.00716,1.2938623
0.007162,0.92401123
0.007164,0.5541601
0.007166,0.184309
0.007168,-0.2317729
0.00717,-0.601624
0.007172,-0.9714751
0.007174,-1.3413262
0.007176,-1.6649456
0.007178,-2.0347965
0.00718,-2.4046474
0.007182,-2.728267
0.0071839998,-3.0518866
0.007186,-3.329275
0.007188,-3.6066632
0.00719,-3.8840513
0.007192,-4.115208
0.007194,-4.3001337
0.007196,-4.4850593
0.007198,-4.623753
0.0072,-4.7624474
0.007202,-4.85491
0.007204,-4.947373
0.007206,-4.993604
0.007208,-5.0398355
0.00721,-4.993604
0.007212,-4.993604
0.007214,-4.9011416
0.007216,-4.8086786
0.007218,-4.716216
0.00722,-4.5312905
0.007222,-4.3925962
0.007224,-4.2076707
0.007226,-3.976514
0.007228,-3.745357
0.00723,-3.467969
0.007232,-3.1905808
0.007234,-2.866961
0.007236,-2.5433414
0.007238,-2.2197218
0.00724,-1.8498712
0.007242,-1.5262513
0.007244,-1.1564007
0.0072459998,-0.78654957
0.007248,-0.41669846
0.00725,-6.160736E-4
0.007252,0.36923456
0.007254,0.7390857
0.007256,1.1089368
0.007258,1.4787879
0.00726,1.8486385
0.007262,2.172258
0.007264,2.4958777
0.007266,2.8194976
0.007268,3.1431174
0.00727,3.420505
0.007272,3.6978936
0.007274,3.9752812
0.007276,4.2064385
0.007278,4.3913646
0.00728,4.5300584
0.007282,4.668752
0.007284,4.807446
0.007286,4.8999095
0.007288,4.992371
0.00729,5.0386033
0.007292,5.0386033
0.007294,4.992371
0.007296,4.946141
0.007298,4.8999095
0.0073,4.807446
0.007302,4.668752
0.007304,4.483826
0.0073059998,4.3451324
0.007308,4.1602073
0.00731,3.92905
0.007312,3.6516623
0.007314,3.3742738
0.007316,3.0968862
0.007318,2.7732663
0.00732,2.4496465
0.007322,2.126027
0.007324,1.756176
0.007326,1.4325566
0.007328,1.0627055
0.00733,0.6928544
0.007332,0.27677202
0.007334,-0.09307861
0.007336,-0.46292973
0.007338,-0.83278084
0.00734,-1.2488632
0.007342,-1.5724826
0.007344,-1.9423337
0.007346,-2.2659533
0.007348,-2.589573
0.00735,-2.9131925
0.007352,-3.236812
0.007354,-3.5142004
0.007356,-3.7915885
0.007358,-4.022745
0.00736,-4.2539024
0.007362,-4.4388275
0.007364,-4.577522
0.007366,-4.716216
0.0073679998,-4.85491
0.00737,-4.947373
0.007372,-4.993604
0.007374,-4.993604
0.007376,-5.0398355
0.007378,-4.993604
0.00738,-4.947373
0.007382,-4.85491
0.007384,-4.7624474
0.007386,-4.623753
0.007388,-4.4388275
0.00739,-4.3001337
0.007392,-4.068977
0.007394,-3.8378198
0.007396,-3.5604317
0.007398,-3.2830436
0.0074,-3.0056553
0.007402,-2.6820357
0.007404,-2.3121846
0.007406,-1.9885652
0.007408,-1.6187139
0.00741,-1.2950945
0.007412,-0.9252434
0.007414,-0.55539227
0.007416,-0.13931036
0.007418,0.23054075
0.00742,0.60039186
0.007422,1.0164738
0.007424,1.3863249
0.007426,1.7099442
0.0074279997,2.0797954
0.0074299998,2.4034152
0.007432,2.727035
0.007434,3.050654
0.007436,3.3280425
0.007438,3.605431
0.00744,3.8828197
0.007442,4.113976
0.007444,4.298901
0.007446,4.483826
0.007448,4.622521
0.00745,4.7612157
0.007452,4.8999095
0.007454,4.946141
0.007456,4.992371
0.007458,5.0386033
0.00746,5.0386033
0.007462,4.992371
0.007464,4.8999095
0.007466,4.807446
0.007468,4.7149835
0.00747,4.5762897
0.007472,4.3913646
0.007474,4.2064385
0.007476,3.9752812
0.007478,3.744125
0.00748,3.4667363
0.007482,3.1893477
0.007484,2.8657289
0.007486,2.542109
0.007488,2.2184901
0.0074899998,1.8948698
0.007492,1.5250192
0.007494,1.1551685
0.007496,0.7853174
0.007498,0.4154663
0.0075,0.045615196
0.007502,-0.3704667
0.007504,-0.7403178
0.007506,-1.1101689
0.007508,-1.48002
0.00751,-1.8036394
0.007512,-2.1734905
0.007514,-2.4971101
0.007516,-2.8207297
0.007518,-3.1443493
0.00752,-3.4217377
0.007522,-3.6991258
0.007524,-3.9302826
0.007526,-4.1614394
0.007528,-4.3925962
0.00753,-4.5312905
0.007532,-4.669985
0.007534,-4.8086786
0.007536,-4.9011416
0.007538,-4.947373
0.00754,-4.993604
0.007542,-5.0398355
0.007544,-4.993604
0.007546,-4.947373
0.007548,-4.9011416
0.00755,-4.7624474
0.0075519998,-4.669985
0.007554,-4.4850593
0.007556,-4.346365
0.007558,-4.115208
0.00756,-3.8840513
0.007562,-3.6528945
0.007564,-3.3755062
0.007566,-3.098118
0.007568,-2.7744985
0.00757,-2.4508786
0.007572,-2.1272593
0.007574,-1.7574081
0.007576,-1.387557
0.007578,-1.0177064
0.00758,-0.6478553
0.007582,-0.27800417
0.007584,0.091846466
0.007586,0.50792885
0.007588,0.87777996
0.00759,1.2476311
0.007592,1.5712504
0.007594,1.9411016
0.007596,2.3109517
0.007598,2.6345725
0.0076,2.9581914
0.007602,3.23558
0.007604,3.5129685
0.007606,3.7903562
0.007608,4.0215135
0.00761,4.252671
0.0076119998,4.437596
0.007614,4.5762897
0.007616,4.7149835
0.007618,4.8536773
0.00762,4.946141
0.007622,4.992371
0.007624,5.0386033
0.007626,5.0386033
0.007628,4.992371
0.00763,4.946141
0.007632,4.8536773
0.007634,4.7612157
0.007636,4.622521
0.007638,4.437596
0.00764,4.298901
0.007642,4.0677447
0.007644,3.8365874
0.007646,3.5591989
0.007648,3.2818112
0.00765,3.0044227
0.007652,2.6808028
0.007654,2.357184
0.007656,1.9873328
0.007658,1.6174817
0.00766,1.2938623
0.007662,0.92401123
0.007664,0.5541601
0.007666,0.184309
0.007668,-0.2317729
0.00767,-0.601624
0.007672,-0.9714751
0.0076739998,-1.3413262
0.007676,-1.6649456
0.007678,-2.0347965
0.00768,-2.4046474
0.007682,-2.728267
0.007684,-3.0518866
0.007686,-3.329275
0.007688,-3.6066632
0.00769,-3.8840513
0.007692,-4.115208
0.007694,-4.3001337
0.007696,-4.4850593
0.007698,-4.623753
0.0077,-4.7624474
0.007702,-4.85491
0.007704,-4.947373
0.007706,-4.993604
0.007708,-5.0398355
0.00771,-4.993604
0.007712,-4.993604
0.007714,-4.9011416
0.007716,-4.8086786
0.007718,-4.716216
0.00772,-4.5312905
0.007722,-4.3925962
0.007724,-4.2076707
0.007726,-3.976514
0.007728,-3.745357
0.00773,-3.467969
0.007732,-3.1905808
0.0077339998,-2.866961
0.0077359998,-2.5433414
0.007738,-2.2197218
0.00774,-1.8498712
0.007742,-1.5262513
0.007744,-1.1564007
0.007746,-0.78654957
0.007748,-0.41669846
0.00775,0.091846466
0.007752,1.6637135
0.007754,3.1431174
0.007756,4.252671
0.007758,4.807446
0.00776,4.807446
0.007762,4.2064385
0.007764,3.050654
0.007766,1.5712504
0.007768,-0.13931036
0.00777,-1.8036394
0.007772,-3.2830436
0.007774,-4.3925962
0.007776,-4.9011416
0.007778,-4.8086786
0.00778,-4.1614394
0.007782,-3.0056553
0.007784,-1.48002
0.007786,0.23054075
0.007788,1.9411016
0.00779,3.3742738
0.007792,4.437596
0.007794,4.8999095
0.0077959998,4.7612157
0.007798,4.0677447
0.0078,2.8657289
0.007802,1.3400936
0.007804,-0.3704667
0.007806,-1.9885652
0.007808,-3.467969
0.00781,-4.4388275
0.007812,-4.9011416
0.007814,-4.7624474
0.007816,-4.022745
0.007818,-2.8207297
0.00782,-1.2488632
0.007822,0.50792885
0.007824,2.172258
0.0078259995,3.5591989
0.007828,4.483826
0.00783,4.8999095
0.007832,4.7149835
0.007834,3.92905
0.007836,2.6808028
0.007838,1.1089368
0.00784,-0.601624
0.007842,-2.2197218
0.007844,-3.6528945
0.007846,-4.5312905
0.007848,-4.9011416
0.00785,-4.669985
0.007852,-3.8840513
0.007854,-2.589573
0.007856,-1.0177064
0.007858,0.7390857
0.00786,2.4034152
0.007862,3.744125
0.007864,4.622521
0.007866,4.8999095
0.007868,4.622521
0.00787,3.7903562
0.007872,2.4958777
0.007874,0.87777996
0.007876,-0.83278084
0.007878,-2.4508786
0.00788,-3.7915885
0.007882,-4.623753
0.007884,-4.9011416
0.007886,-4.577522
0.0078879995,-3.745357
0.00789,-2.4046474
0.007892,-0.7403178
0.007894,1.0164738
0.007896,2.5883412
0.007898,3.8828197
0.0079,4.668752
0.007902,4.8999095
0.007904,4.5300584
0.007906,3.6516623
0.007908,2.2647214
0.00791,0.64662313
0.007912,-1.1101689
0.007914,-2.6358042
0.007916,-3.976514
0.007918,-4.716216
0.00792,-4.9011416
0.007922,-4.4850593
0.007924,-3.5604317
0.007926,-2.1734905
0.007928,-0.5091615
0.00793,1.2476311
0.007932,2.8194976
0.007934,4.0677447
0.007936,4.7612157
0.007938,4.8999095
0.00794,4.437596
0.007942,3.4667363
0.007944,2.033564
0.007946,0.36923456
0.007948,-1.3413262
0.0079499995,-2.866961
0.007952,-4.115208
0.007954,-4.7624474
0.007956,-4.9011416
0.007958,-4.3925962
0.00796,-3.3755062
0.007962,-1.9423337
0.007964,-0.2317729
0.007966,1.4787879
0.007968,3.0044227
0.00797,4.2064385
0.007972,4.807446
0.007974,4.8536773
0.007976,4.3451324
0.007978,3.2818112
0.00798,1.8024073
0.007982,0.13807821
0.007984,-1.5262513
0.007986,-3.0518866
0.007988,-4.2539024
0.00799,-4.8086786
0.007992,-4.85491
0.007994,-4.3001337
0.007996,-3.1905808
0.007998,-1.7111769
0.008,-6.160736E-4
0.008002,1.7099442
0.008004,3.1893477
0.008006,4.298901
0.008008,4.8536773
0.00801,4.807446
0.008012,4.252671
0.008014,3.0968862
0.008016,1.5712504
0.008018,-0.09307861
0.00802,-1.7574081
0.008022,-3.2830436
0.008024,-4.346365
0.008026,-4.85491
0.008028,-4.8086786
0.00803,-4.1614394
0.008032,-3.0056553
0.008034,-1.48002
0.008036,0.27677202
0.008038,1.9411016
0.00804,3.3742738
0.008042,4.437596
0.008044,4.8999095
0.008046,4.7612157
0.008048,4.113976
0.00805,2.9119601
0.008052,1.3400936
0.008054,-0.3704667
0.008056,-1.9885652
0.008058,-3.467969
0.00806,-4.4388275
0.008062,-4.9011416
0.008064,-4.716216
0.008066,-4.022745
0.008068,-2.8207297
0.0080699995,-1.2488632
0.008072,0.50792885
0.008074,2.172258
0.008076,3.5591989
0.008078,4.5300584
0.00808,4.8999095
0.008082,4.7149835
0.008084,3.9752812
0.008086,2.6808028
0.008088,1.1089368
0.00809,-0.601624
0.008092,-2.2197218
0.008094,-3.6528945
0.008096,-4.5312905
0.008098,-4.9011416
0.0081,-4.669985
0.008102,-3.8840513
0.008104,-2.589573
0.008106,-1.0177064
0.008108,0.7390857
0.00811,2.4034152
0.008112,3.744125
0.008114,4.622521
0.008116,4.946141
0.008118,4.622521
0.00812,3.7903562
0.008122,2.4958777
0.008124,0.87777996
0.008126,-0.83278084
0.008128,-2.4508786
0.00813,-3.7915885
0.0081319995,-4.623753
0.008134,-4.9011416
0.008136,-4.577522
0.008138,-3.745357
0.00814,-2.4046474
0.008142,-0.7403178
0.008144,1.0164738
0.008146,2.5883412
0.008148,3.8828197
0.00815,4.668752
0.008152,4.8999095
0.008154,4.5300584
0.008156,3.6516623
0.008158,2.2647214
0.00816,0.64662313
0.008162,-1.1101689
0.008164,-2.6820357
0.008166,-3.976514
0.008168,-4.716216
0.00817,-4.9011416
0.008172,-4.4850593
0.008174,-3.5604317
0.008176,-2.1734905
0.008178,-0.5091615
0.00818,1.2476311
0.008182,2.8194976
0.008184,4.0677447
0.008186,4.7612157
0.008188,4.8999095
0.00819,4.437596
0.008192,3.4667363
0.0081939995,2.033564
0.008196,0.36923456
0.008198,-1.3413262
0.0082,-2.866961
0.008202,-4.115208
0.008204,-4.7624474
0.008206,-4.9011416
0.008208,-4.3925962
0.00821,-3.3755062
0.008212,-1.9423337
0.008214,-0.2317729
0.008216,1.4787879
0.008218,3.0044227
0.00822,4.2064385
0.008222,4.807446
0.008224,4.8536773
0.008226,4.3451324
0.008228,3.2818112
0.00823,1.8024073
0.008232,0.13807821
0.008234,-1.5262513
0.008236,-3.0518866
0.008238,-4.2539024
0.00824,-4.8086786
0.008242,-4.85491
0.008244,-4.3001337
0.008246,-3.1905808
0.008248,-1.7111769
0.00825,-6.160736E-4
0.008252,1.7099442
0.008254,3.1893477
0.008256,4.298901
0.008258,4.8536773
0.00826,4.807446
0.008262,4.252671
0.008264,3.0968862
0.008266,1.5712504
0.008268,-0.09307861
0.00827,-1.7574081
0.008272,-3.2830436
0.008274,-4.346365
0.008276,-4.85491
0.008278,-4.8086786
0.00828,-4.1614394
0.008282,-3.0056553
0.008284,-1.48002
0.008286,0.27677202
0.008288,1.9411016
0.00829,3.3742738
0.008292,4.437596
0.008294,4.8999095
0.008296,4.7612157
0.008298,4.113976
0.0083,2.8657289
0.008302,1.3400936
0.008304,-0.3704667
0.008306,-1.9885652
0.008308,-3.467969
0.00831,-4.4388275
0.008312,-4.9011416
0.008314,-4.716216
0.008316,-4.022745
0.008318,-2.8207297
0.00832,-1.2488632
0.008322,0.50792885
0.008324,2.172258
0.008326,3.5591989
0.008328,4.5300584
0.00833,4.8999095
0.008332,4.7149835
0.008334,3.92905
0.008336,2.6808028
0.008338,1.1089368
0.00834,-0.601624
0.008342,-2.2197218
0.008344,-3.6528945
0.008346,-4.5312905
0.008348,-4.9011416
0.00835,-4.669985
0.008352,-3.8840513
0.008354,-2.589573
0.008356,-1.0177064
0.008358,0.7390857
0.00836,2.4034152
0.008362,3.744125
0.008364,4.622521
0.008366,4.8999095
0.008368,4.622521
0.00837,3.7903562
0.008372,2.4958777
0.008374,0.87777996
0.0083759995,-0.83278084
0.008378,-2.4508786
0.00838,-3.7915885
0.008382,-4.623753
0.008384,-4.9011416
0.008386,-4.577522
0.008388,-3.745357
0.00839,-2.4046474
0.008392,-0.7403178
0.008394,1.0164738
0.008396,2.5883412
0.008398,3.8828197
0.0084,4.668752
0.008402,4.8999095
0.008404,4.5300584
0.008406,3.6516623
0.008408,2.2647214
0.00841,0.64662313
0.008412,-1.1101689
0.008414,-2.6820357
0.008416,-3.976514
0.008418,-4.716216
0.00842,-4.9011416
0.008422,-4.4850593
0.008424,-3.5604317
0.008426,-2.1734905
0.008428,-0.5091615
0.00843,1.2476311
0.008432,2.8194976
0.008434,4.0677447
0.008436,4.7612157
0.0084379995,4.8999095
0.00844,4.437596
0.008442,3.4667363
0.008444,2.033564
0.008446,0.36923456
0.008448,-1.3413262
0.00845,-2.866961
0.008452,-4.115208
0.008454,-4.7624474
0.008456,-4.9011416
0.008458,-4.3925962
0.00846,-3.3755062
0.008462,-1.9423337
0.008464,-0.2317729
0.008466,1.4787879
0.008468,3.0044227
0.00847,4.2064385
0.008472,4.807446
0.008474,4.8536773
0.008476,4.3451324
0.008478,3.2818112
0.00848,1.8024073
0.008482,0.13807821
0.008484,-1.5262513
0.008486,-3.0518866
0.008488,-4.2539024
0.00849,-4.8086786
0.008492,-4.85491
0.008494,-4.3001337
0.008496,-3.1905808
0.008498,-1.7111769
0.0084999995,-6.160736E-4
0.008502,1.7099442
0.008504,3.1893477
0.008506,4.298901
0.008508,4.8536773
0.00851,4.807446
0.008512,4.2064385
0.008514,3.0968862
0.008516,1.5712504
0.008518,-0.13931036
0.00852,-1.7574081
0.008522,-3.2830436
0.008524,-4.346365
0.008526,-4.85491
0.008528,-4.8086786
0.00853,-4.1614394
0.008532,-3.0056553
0.008534,-1.48002
0.008536,0.27677202
0.008538,1.9411016
0.00854,3.3742738
0.008542,4.437596
0.008544,4.8999095
0.008546,4.7612157
0.008548,4.113976
0.00855,2.9119601
0.008552,1.3400936
0.008554,-0.3704667
0.008556,-1.9885652
0.008558,-3.467969
0.00856,-4.4388275
0.008562,-4.9011416
0.008564,-4.716216
0.008566,-4.022745
0.008568,-2.8207297
0.00857,-1.2488632
0.008572,0.50792885
0.008574,2.172258
0.008576,3.5591989
0.008578,4.5300584
0.00858,4.8999095
0.008582,4.7149835
0.008584,3.92905
0.008586,2.6808028
0.008588,1.1089368
0.00859,-0.601624
0.008592,-2.2197218
0.008594,-3.6528945
0.008596,-4.5312905
0.008598,-4.9011416
0.0086,-4.669985
0.008602,-3.8840513
0.008604,-2.589573
0.008606,-0.9714751
0.008608,0.7390857
0.00861,2.4034152
0.008612,3.744125
0.008614,4.622521
0.008616,4.8999095
0.008618,4.622521
0.0086199995,3.7903562
0.008622,2.4496465
0.008624,0.87777996
0.008626,-0.83278084
0.008628,-2.4508786
0.00863,-3.7915885
0.008632,-4.623753
0.008634,-4.9011416
0.008636,-4.577522
0.008638,-3.745357
0.00864,-2.4046474
0.008642,-0.7403178
0.008644,1.0164738
0.008646,2.5883412
0.008648,3.8828197
0.00865,4.668752
0.008652,4.8999095
0.008654,4.5300584
0.008656,3.6516623
0.008658,2.2647214
0.00866,0.64662313
0.008662,-1.1101689
0.008664,-2.6820357
0.008666,-3.976514
0.008668,-4.716216
0.00867,-4.9011416
0.008672,-4.4850593
0.008674,-3.5604317
0.008676,-2.1734905
0.008678,-0.5091615
0.00868,1.2476311
0.0086819995,2.8194976
0.008684,4.0677447
0.008686,4.7612157
0.008688,4.8999095
0.00869,4.437596
0.008692,3.4667363
0.008694,2.033564
0.008696,0.36923456
0.008698,-1.3413262
0.0087,-2.866961
0.008702,-4.115208
0.008704,-4.7624474
0.008706,-4.9011416
0.008708,-4.3925962
0.00871,-3.3755062
0.008712,-1.9423337
0.008714,-0.2317729
0.008716,1.4787879
0.008718,3.0044227
0.00872,4.2064385
0.008722,4.807446
0.008724,4.8536773
0.008726,4.3451324
0.008728,3.2818112
0.00873,1.8024073
0.008732,0.13807821
0.008734,-1.5262513
0.008736,-3.0518866
0.008738,-4.2539024
0.00874,-4.8086786
0.008742,-4.85491
0.0087439995,-4.3001337
0.008746,-3.1905808
0.008748,-1.7111769
0.00875,-0.09307861
0.008752,0.4154663
0.008754,0.7853174
0.008756,1.1551685
0.008758,1.5250192
0.00876,1.8486385
0.008762,2.2184901
0.008764,2.542109
0.008766,2.8657289
0.008768,3.1893477
0.00877,3.4667363
0.008772,3.744125
0.008774,3.9752812
0.008776,4.2064385
0.008778,4.3913646
0.00878,4.5300584
0.008782,4.7149835
0.008784,4.807446
0.008786,4.8999095
0.008788,4.992371
0.00879,5.0386033
0.008792,5.0386033
0.008794,5.0386033
0.008796,4.992371
0.008798,4.8999095
0.0088,4.807446
0.008802,4.668752
0.008804,4.483826
0.0088059995,4.3451324
0.008808,4.1602073
0.00881,3.92905
0.008812,3.6516623
0.008814,3.3742738
0.008816,3.0968862
0.008818,2.7732663
0.00882,2.4496465
0.008822,2.126027
0.008824,1.756176
0.008826,1.4325566
0.008828,1.0627055
0.00883,0.6928544
0.008832,0.27677202
0.008834,-0.09307861
0.008836,-0.46292973
0.008838,-0.83278084
0.00884,-1.2488632
0.008842,-1.5724826
0.008844,-1.9423337
0.008846,-2.2659533
0.008848,-2.589573
0.00885,-2.9131925
0.008852,-3.236812
0.008854,-3.5142004
0.008856,-3.7915885
0.008858,-4.022745
0.00886,-4.2539024
0.008862,-4.4388275
0.008864,-4.577522
0.008866,-4.716216
0.008868,-4.85491
0.00887,-4.947373
0.008872,-4.993604
0.008874,-4.993604
0.008876,-5.0398355
0.008878,-4.993604
0.00888,-4.947373
0.008882,-4.85491
0.008884,-4.7624474
0.008886,-4.623753
0.008888,-4.4388275
0.00889,-4.2539024
0.008892,-4.068977
0.008894,-3.8378198
0.008896,-3.5604317
0.008898,-3.2830436
0.0089,-3.0056553
0.008902,-2.6820357
0.008904,-2.3121846
0.008906,-1.9885652
0.008908,-1.6187139
0.00891,-1.2950945
0.008912,-0.9252434
0.008914,-0.5091615
0.008916,-0.13931036
0.008918,0.23054075
0.00892,0.60039186
0.008922,1.0164738
0.008924,1.3863249
0.0089259995,1.7099442
0.008928,2.0797954
0.00893,2.4034152
0.008932,2.727035
0.008934,3.050654
0.008936,3.3280425
0.008938,3.605431
0.00894,3.8828197
0.008942,4.113976
0.008944,4.298901
0.008946,4.483826
0.008948,4.622521
0.00895,4.7612157
0.008952,4.8999095
0.008954,4.946141
0.008956,4.992371
0.008958,5.0386033
0.00896,5.0386033
0.008962,4.992371
0.008964,4.8999095
0.008966,4.807446
0.008968,4.7149835
0.00897,4.5762897
0.008972,4.3913646
0.008974,4.2064385
0.008976,3.9752812
0.008978,3.744125
0.00898,3.4667363
0.008982,3.1893477
0.008984,2.8657289
0.008986,2.542109
0.0089879995,2.2184901
0.00899,1.8948698
0.008992,1.5250192
0.008994,1.1551685
0.008996,0.7853174
0.008998,0.4154663
0.009,0.045615196
0.009002,-0.3704667
0.009004,-0.7403178
0.009006,-1.1101689
0.009008,-1.48002
0.00901,-1.8036394
0.009012,-2.1734905
0.009014,-2.4971101
0.009016,-2.8207297
0.009018,-3.1443493
0.00902,-3.4217377
0.009022,-3.6991258
0.009024,-3.9302826
0.009026,-4.1614394
0.009028,-4.3925962
0.00903,-4.5312905
0.009032,-4.669985
0.009034,-4.8086786
0.009036,-4.9011416
0.009038,-4.947373
0.00904,-4.993604
0.009042,-5.0398355
0.009044,-4.993604
0.009046,-4.947373
0.009048,-4.9011416
0.0090499995,-4.7624474
0.009052,-4.669985
0.009054,-4.4850593
0.009056,-4.346365
0.009058,-4.115208
0.00906,-3.8840513
0.009062,-3.6528945
0.009064,-3.3755062
0.009066,-3.098118
0.009068,-2.7744985
0.00907,-2.4508786
0.009072,-2.1272593
0.009074,-1.7574081
0.009076,-1.387557
0.009078,-1.0177064
0.00908,-0.6478553
0.009082,-0.27800417
0.009084,0.091846466
0.009086,0.50792885
0.009088,0.87777996
0.00909,1.2476311
0.009092,1.5712504
0.009094,1.9411016
0.009096,2.3109517
0.009098,2.6345725
0.0091,2.9581914
0.009102,3.23558
0.009104,3.5129685
0.009106,3.7903562
0.009108,4.0215135
0.00911,4.252671
0.0091119995,4.437596
0.009114,4.5762897
0.009116,4.7149835
0.009118,4.8536773
0.00912,4.946141
0.009122,4.992371
0.009124,5.0386033
0.009126,5.0386033
0.009128,4.992371
0.00913,4.946141
0.009132,4.8536773
0.009134,4.7612157
0.009136,4.622521
0.009138,4.437596
0.00914,4.298901
0.009142,4.0677447
0.009144,3.8365874
0.009146,3.5591989
0.009148,3.2818112
0.00915,3.0044227
0.009152,2.6808028
0.009154,2.357184
0.009156,1.9873328
0.009158,1.6174817
0.00916,1.2938623
0.009162,0.92401123
0.009164,0.5541601
0.009166,0.184309
0.009168,-0.2317729
0.00917,-0.601624
0.009172,-0.9714751
0.009174,-1.3413262
0.009176,-1.6649456
0.009178,-2.0347965
0.00918,-2.4046474
0.009182,-2.728267
0.009184,-3.0518866
0.009186,-3.329275
0.009188,-3.6066632
0.00919,-3.8840513
0.009192,-4.115208
0.009194,-4.3001337
0.009196,-4.4850593
0.009198,-4.623753
0.0092,-4.7624474
0.009202,-4.85491
0.009204,-4.947373
0.009206,-4.993604
0.009208,-5.0398355
0.00921,-4.993604
0.009212,-4.993604
0.009214,-4.9011416
0.009216,-4.8086786
0.009218,-4.716216
0.00922,-4.5312905
0.009222,-4.3925962
0.009224,-4.2076707
0.009226,-3.976514
0.009228,-3.745357
0.00923,-3.467969
0.0092319995,-3.1905808
0.009234,-2.866961
0.009236,-2.5433414
0.009238,-2.2197218
0.00924,-1.8498712
0.009242,-1.5262513
0.009244,-1.1564007
0.009246,-0.78654957
0.009248,-0.41669846
0.00925,-6.160736E-4
0.009252,0.36923456
0.009254,0.7390857
0.009256,1.1089368
0.009258,1.4787879
0.00926,1.8486385
0.009262,2.172258
0.009264,2.4958777
0.009266,2.8194976
0.009268,3.1431174
0.00927,3.420505
0.009272,3.6978936
0.009274,3.9752812
0.009276,4.2064385
0.009278,4.3913646
0.00928,4.5300584
0.009282,4.668752
0.009284,4.807446
0.009286,4.8999095
0.009288,4.992371
0.00929,5.0386033
0.009292,5.0386033
0.0092939995,4.992371
0.009296,4.946141
0.009298,4.8999095
0.0093,4.807446
0.009302,4.668752
0.009304,4.483826
0.009306,4.3451324
0.009308,4.1602073
0.00931,3.92905
0.009312,3.6516623
0.009314,3.3742738
0.009316,3.0968862
0.009318,2.7732663
0.00932,2.4496465
0.009322,2.126027
0.009324,1.756176
0.009326,1.4325566
0.009328,1.0627055
0.00933,0.6928544
0.009332,0.27677202
0.009334,-0.09307861
0.009336,-0.46292973
0.009338,-0.83278084
0.00934,-1.2488632
0.009342,-1.5724826
0.009344,-1.9423337
0.009346,-2.2659533
0.009348,-2.589573
0.00935,-2.9131925
0.009352,-3.236812
0.009354,-3.5142004
0.0093559995,-3.7915885
0.009358,-4.022745
0.00936,-4.2539024
0.009362,-4.4388275
0.009364,-4.577522
0.009366,-4.716216
0.009368,-4.85491
0.00937,-4.947373
0.009372,-4.993604
0.009374,-5.0398355
0.009376,-5.0398355
0.009378,-4.993604
0.00938,-4.947373
0.009382,-4.85491
0.009384,-4.716216
0.009386,-4.623753
0.009388,-4.4388275
0.00939,-4.2539024
0.009392,-4.068977
0.009394,-3.8378198
0.009396,-3.5604317
0.009398,-3.2830436
0.0094,-2.9594238
0.009402,-2.6820357
0.009404,-2.3121846
0.009406,-1.9885652
0.009408,-1.6187139
0.00941,-1.2950945
0.009412,-0.9252434
0.009414,-0.5091615
0.009416,-0.13931036
0.009418,0.23054075
0.00942,0.60039186
0.009422,1.0164738
0.009424,1.3863249
0.009426,1.7099442
0.009428,2.0797954
0.00943,2.4034152
0.009432,2.727035
0.009434,3.050654
0.009436,3.3280425
0.009438,3.605431
0.00944,3.8828197
0.009442,4.113976
0.009444,4.298901
0.009446,4.483826
0.009448,4.622521
0.00945,4.7612157
0.009452,4.8999095
0.009454,4.946141
0.009456,4.992371
0.009458,5.0386033
0.00946,5.0386033
0.009462,4.992371
0.009464,4.8999095
0.009466,4.807446
0.009468,4.7149835
0.00947,4.5762897
0.009472,4.3913646
0.009474,4.2064385
0.0094759995,3.9752812
0.009478,3.744125
0.00948,3.4667363
0.009482,3.1893477
0.009484,2.8657289
0.009486,2.542109
0.009488,2.2184901
0.00949,1.8948698
0.009492,1.5250192
0.009494,1.1551685
0.009496,0.7853174
0.009498,0.4154663
0.0095,0.045615196
0.009502,-0.3704667
0.009504,-0.7403178
0.009506,-1.1101689
0.009508,-1.48002
0.00951,-1.8036394
0.009512,-2.1734905
0.009514,-2.4971101
0.009516,-2.8207297
0.009518,-3.1443493
0.00952,-3.4217377
0.009522,-3.6991258
0.009524,-3.9302826
0.009526,-4.1614394
0.009528,-4.3925962
0.00953,-4.5312905
0.009532,-4.669985
0.009534,-4.8086786
0.009536,-4.9011416
0.0095379995,-4.947373
0.00954,-4.993604
0.009542,-5.0398355
0.009544,-4.993604
0.009546,-4.947373
0.009548,-4.9011416
0.00955,-4.7624474
0.009552,-4.669985
0.009554,-4.4850593
0.009556,-4.346365
0.009558,-4.115208
0.00956,-3.8840513
0.009562,-3.6528945
0.009564,-3.3755062
0.009566,-3.098118
0.009568,-2.7744985
0.00957,-2.4508786
0.009572,-2.081028
0.009574,-1.7574081
0.009576,-1.387557
0.009578,-1.0177064
0.00958,-0.6478553
0.009582,-0.27800417
0.009584,0.091846466
0.009586,0.50792885
0.009588,0.87777996
0.00959,1.2476311
0.009592,1.5712504
0.009594,1.9411016
0.009596,2.3109517
0.009598,2.6345725
0.0095999995,2.9581914
0.009602,3.23558
0.009604,3.5129685
0.009606,3.7903562
0.009608,4.0215135
0.00961,4.252671
0.009612,4.437596
0.009614,4.5762897
0.009616,4.7149835
0.009618,4.8536773
0.00962,4.946141
0.009622,4.992371
0.009624,5.0386033
0.009626,5.0386033
0.009628,4.992371
0.00963,4.946141
0.009632,4.8536773
0.009634,4.7612157
0.009636,4.622521
0.009638,4.437596
0.00964,4.298901
0.009642,4.0677447
0.009644,3.8365874
0.009646,3.5591989
0.009648,3.2818112
0.00965,3.0044227
0.009652,2.6808028
0.009654,2.357184
0.009656,1.9873328
0.009658,1.6174817
0.00966,1.2938623
0.0096619995,0.92401123
0.009664,0.5541601
0.009666,0.184309
0.009668,-0.2317729
0.00967,-0.601624
0.009672,-0.9714751
0.009674,-1.3413262
0.009676,-1.7111769
0.009678,-2.0347965
0.00968,-2.4046474
0.009682,-2.728267
0.009684,-3.0518866
0.009686,-3.329275
0.009688,-3.6066632
0.00969,-3.8840513
0.009692,-4.115208
0.009694,-4.3001337
0.009696,-4.4850593
0.009698,-4.623753
0.0097,-4.7624474
0.009702,-4.85491
0.009704,-4.947373
0.009706,-4.993604
0.009708,-5.0398355
0.00971,-4.993604
0.009712,-4.993604
0.009714,-4.9011416
0.009716,-4.8086786
0.009718,-4.716216
0.00972,-4.5312905
0.009722,-4.3925962
0.009724,-4.2076707
0.009726,-3.976514
0.009728,-3.745357
0.00973,-3.467969
0.009732,-3.1905808
0.009734,-2.866961
0.009736,-2.5433414
0.009738,-2.2197218
0.00974,-1.8498712
0.009742,-1.5262513
0.009744,-1.1564007
0.009746,-0.78654957
0.009748,-0.41669846
0.00975,0.091846466
0.009752,1.6637135
0.009754,3.1893477
0.009756,4.298901
0.009758,4.807446
0.00976,4.807446
0.009762,4.2064385
0.009764,3.050654
0.009766,1.5250192
0.009768,-0.13931036
0.00977,-1.8036394
0.009772,-3.2830436
0.009774,-4.3925962
0.009776,-4.9011416
0.009778,-4.8086786
0.00978,-4.1614394
0.0097819995,-3.0056553
0.009784,-1.48002
0.009786,0.23054075
0.009788,1.9411016
0.00979,3.3742738
0.009792,4.437596
0.009794,4.8999095
0.009796,4.7612157
0.009798,4.0677447
0.0098,2.8657289
0.009802,1.3400936
0.009804,-0.3704667
0.009806,-2.0347965
0.009808,-3.467969
0.00981,-4.4388275
0.009812,-4.9011416
0.009814,-4.7624474
0.009816,-4.022745
0.009818,-2.8207297
0.00982,-1.2488632
0.009822,0.50792885
0.009824,2.172258
0.009826,3.5591989
0.009828,4.5300584
0.00983,4.8999095
0.009832,4.7149835
0.009834,3.92905
0.009836,2.6808028
0.009838,1.1089368
0.00984,-0.601624
0.009842,-2.2197218
0.0098439995,-3.6528945
0.009846,-4.5312905
0.009848,-4.9011416
0.00985,-4.669985
0.009852,-3.8840513
0.009854,-2.589573
0.009856,-0.9714751
0.009858,0.7853174
0.00986,2.4034152
0.009862,3.744125
0.009864,4.622521
0.009866,4.8999095
0.009868,4.622521
0.00987,3.7903562
0.009872,2.4496465
0.009874,0.87777996
0.009876,-0.8790121
0.009878,-2.4508786
0.00988,-3.7915885
0.009882,-4.623753
0.009884,-4.9011416
0.009886,-4.577522
0.009888,-3.6991258
0.00989,-2.4046474
0.009892,-0.7403178
0.009894,1.0164738
0.009896,2.5883412
0.009898,3.8828197
0.0099,4.668752
0.009902,4.8999095
0.009904,4.5300584
0.0099059995,3.605431
0.009908,2.2647214
0.00991,0.64662313
0.009912,-1.1101689
0.009914,-2.6820357
0.009916,-3.976514
0.009918,-4.716216
0.00992,-4.9011416
0.009922,-4.4850593
0.009924,-3.5604317
0.009926,-2.1734905
0.009928,-0.5091615
0.00993,1.2476311
0.009932,2.8194976
0.009934,4.0677447
0.009936,4.7612157
0.009938,4.8999095
0.00994,4.437596
0.009942,3.4667363
0.009944,2.033564
0.009946,0.36923456
0.009948,-1.3413262
0.00995,-2.866961
0.009952,-4.115208
0.009954,-4.7624474
0.009956,-4.9011416
0.009958,-4.3925962
0.00996,-3.3755062
0.009962,-1.9423337
0.009964,-0.2317729
0.009966,1.4787879
0.0099679995,3.0044227
0.00997,4.2064385
0.009972,4.807446
0.009974,4.8536773
0.009976,4.3451324
0.009978,3.2818112
0.00998,1.8024073
0.009982,0.13807821
0.009984,-1.5262513
0.009986,-3.098118
0.009988,-4.2539024
0.00999,-4.8086786
0.009992,-4.85491
0.009994,-4.3001337
0.009996,-3.1905808
0.009998,-1.7111769
0.01,-6.160736E-4
0.010002,1.7099442
0.010004,3.23558
0.010006,4.298901
0.010008,4.8536773
0.01001,4.807446
0.010012,4.2064385
0.010014,3.0968862
0.010016,1.5712504
0.010018,-0.13931036
0.01002,-1.7574081
0.010022,-3.2830436
0.010024,-4.346365
0.010026,-4.85491
0.010028,-4.8086786
0.01003,-4.1614394
0.010032,-3.0056553
0.010034,-1.48002
0.010036,0.27677202
0.010038,1.9411016
0.01004,3.420505
0.010042,4.437596
0.010044,4.8999095
0.010046,4.7612157
0.010048,4.113976
0.01005,2.8657289
0.010052,1.3400936
0.010054,-0.3704667
0.010056,-1.9885652
0.010058,-3.467969
0.01006,-4.4388275
0.010062,-4.9011416
0.010064,-4.716216
0.010066,-4.022745
0.010068,-2.8207297
0.01007,-1.2488632
0.010072,0.50792885
0.010074,2.172258
0.010076,3.5591989
0.010078,4.5300584
0.01008,4.8999095
0.010082,4.7149835
0.010084,3.92905
0.010086,2.6808028
0.0100879995,1.1089368
0.01009,-0.601624
0.010092,-2.2197218
0.010094,-3.6528945
0.010096,-4.5312905
0.010098,-4.9011416
0.0101,-4.669985
0.010102,-3.8840513
0.010104,-2.589573
0.010106,-0.9714751
0.010108,0.7853174
0.01011,2.4034152
0.010112,3.744125
0.010114,4.622521
0.010116,4.8999095
0.010118,4.622521
0.01012,3.7903562
0.010122,2.4496465
0.010124,0.87777996
0.010126,-0.8790121
0.010128,-2.4508786
0.01013,-3.7915885
0.010132,-4.623753
0.010134,-4.9011416
0.010136,-4.577522
0.010138,-3.6991258
0.01014,-2.3584158
0.010142,-0.7403178
0.010144,1.0164738
0.010146,2.5883412
0.010148,3.8828197
0.0101499995,4.668752
0.010152,4.8999095
0.010154,4.5300584
0.010156,3.605431
0.010158,2.2647214
0.01016,0.64662313
0.010162,-1.1101689
0.010164,-2.6820357
0.010166,-3.976514
0.010168,-4.716216
0.01017,-4.9011416
0.010172,-4.4850593
0.010174,-3.5604317
0.010176,-2.1734905
0.010178,-0.5091615
0.01018,1.2476311
0.010182,2.8194976
0.010184,4.0677447
0.010186,4.7612157
0.010188,4.8999095
0.01019,4.437596
0.010192,3.4667363
0.010194,2.033564
0.010196,0.36923456
0.010198,-1.3413262
0.0102,-2.866961
0.010202,-4.115208
0.010204,-4.7624474
0.010206,-4.9011416
0.010208,-4.3925962
0.01021,-3.3755062
0.0102119995,-1.9423337
0.010214,-0.2317729
0.010216,1.4787879
0.010218,3.0044227
0.01022,4.2064385
0.010222,4.807446
0.010224,4.8536773
0.010226,4.3451324
0.010228,3.2818112
0.01023,1.8024073
0.010232,0.13807821
0.010234,-1.5262513
0.010236,-3.098118
0.010238,-4.2539024
0.01024,-4.8086786
0.010242,-4.85491
0.010244,-4.3001337
0.010246,-3.1905808
0.010248,-1.7111769
0.01025,-6.160736E-4
0.010252,1.7099442
0.010254,3.23558
0.010256,4.298901
0.010258,4.8536773
0.01026,4.807446
0.010262,4.2064385
0.010264,3.0968862
0.010266,1.5712504
0.010268,-0.13931036
0.01027,-1.8036394
0.010272,-3.2830436
0.010274,-4.346365
0.010276,-4.85491
0.010278,-4.8086786
0.01028,-4.1614394
0.010282,-3.0056553
0.010284,-1.48002
0.010286,0.27677202
0.010288,1.9411016
0.01029,3.420505
0.010292,4.437596
0.010294,4.8999095
0.010296,4.7612157
0.010298,4.113976
0.0103,2.8657289
0.010302,1.3400936
0.010304,-0.3704667
0.010306,-1.9885652
0.010308,-3.467969
0.01031,-4.4388275
0.010312,-4.9011416
0.010314,-4.716216
0.010316,-4.022745
0.010318,-2.8207297
0.01032,-1.2488632
0.010322,0.50792885
0.010324,2.172258
0.010326,3.5591989
0.010328,4.5300584
0.01033,4.8999095
0.0103319995,4.7149835
0.010334,3.92905
0.010336,2.6808028
0.010338,1.1089368
0.01034,-0.601624
0.010342,-2.2197218
0.010344,-3.6528945
0.010346,-4.5312905
0.010348,-4.9011416
0.01035,-4.669985
0.010352,-3.8840513
0.010354,-2.589573
0.010356,-0.9714751
0.010358,0.7853174
0.01036,2.4034152
0.010362,3.744125
0.010364,4.622521
0.010366,4.8999095
0.010368,4.622521
0.01037,3.7903562
0.010372,2.4496465
0.010374,0.87777996
0.010376,-0.8790121
0.010378,-2.4508786
0.01038,-3.7915885
0.010382,-4.623753
0.010384,-4.9011416
0.010386,-4.577522
0.010388,-3.6991258
0.01039,-2.4046474
0.010392,-0.7403178
0.0103939995,1.0164738
0.010396,2.5883412
0.010398,3.8828197
0.0104,4.668752
0.010402,4.8999095
0.010404,4.5300584
0.010406,3.605431
0.010408,2.2647214
0.01041,0.64662313
0.010412,-1.1101689
0.010414,-2.6820357
0.010416,-3.976514
0.010418,-4.716216
0.01042,-4.9011416
0.010422,-4.4850593
0.010424,-3.5604317
0.010426,-2.1734905
0.010428,-0.5091615
0.01043,1.2476311
0.010432,2.8194976
0.010434,4.0677447
0.010436,4.7612157
0.010438,4.8999095
0.01044,4.437596
0.010442,3.4667363
0.010444,2.033564
0.010446,0.36923456
0.010448,-1.3413262
0.01045,-2.866961
0.010452,-4.115208
0.010454,-4.7624474
0.0104559995,-4.9011416
0.010458,-4.3925962
0.01046,-3.3755062
0.010462,-1.9423337
0.010464,-0.2317729
0.010466,1.4787879
0.010468,3.0044227
0.01047,4.2064385
0.010472,4.807446
0.010474,4.8536773
0.010476,4.3451324
0.010478,3.2818112
0.01048,1.8024073
0.010482,0.13807821
0.010484,-1.5724826
0.010486,-3.098118
0.010488,-4.2539024
0.01049,-4.8086786
0.010492,-4.85491
0.010494,-4.3001337
0.010496,-3.1905808
0.010498,-1.7111769
0.0105,-6.160736E-4
0.010502,1.7099442
0.010504,3.23558
0.010506,4.298901
0.010508,4.8536773
0.01051,4.807446
0.010512,4.2064385
0.010514,3.0968862
0.010516,1.5712504
0.0105179995,-0.13931036
0.01052,-1.8036394
0.010522,-3.2830436
0.010524,-4.346365
0.010526,-4.85491
0.010528,-4.8086786
0.01053,-4.1614394
0.010532,-3.0056553
0.010534,-1.48002
0.010536,0.27677202
0.010538,1.9411016
0.01054,3.420505
0.010542,4.437596
0.010544,4.8999095
0.010546,4.7612157
0.010548,4.113976
0.01055,2.8657289
0.010552,1.3400936
0.010554,-0.3704667
0.010556,-1.9885652
0.010558,-3.467969
0.01056,-4.4388275
0.010562,-4.9011416
0.010564,-4.716216
0.010566,-4.022745
0.010568,-2.8207297
0.01057,-1.2488632
0.010572,0.50792885
0.010574,2.172258
0.010576,3.5591989
0.010578,4.5300584
0.01058,4.8999095
0.010582,4.7149835
0.010584,3.92905
0.010586,2.6808028
0.010588,1.1089368
0.01059,-0.601624
0.010592,-2.2197218
0.010594,-3.6528945
0.010596,-4.5312905
0.010598,-4.9011416
0.0106,-4.669985
0.010602,-3.8840513
0.010604,-2.589573
0.010606,-0.9714751
0.010608,0.7853174
0.01061,2.4034152
0.010612,3.744125
0.010614,4.622521
0.010616,4.8999095
0.010618,4.622521
0.01062,3.7903562
0.010622,2.4496465
0.010624,0.87777996
0.010626,-0.8790121
0.010628,-2.4508786
0.01063,-3.7915885
0.010632,-4.623753
0.010634,-4.9011416
0.010636,-4.577522
0.0106379995,-3.6991258
0.01064,-2.3584158
0.010642,-0.7403178
0.010644,1.0164738
0.010646,2.6345725
0.010648,3.92905
0.01065,4.668752
0.010652,4.8999095
0.010654,4.5300584
0.010656,3.605431
0.010658,2.2647214
0.01066,0.60039186
0.010662,-1.1101689
0.010664,-2.6820357
0.010666,-3.976514
0.010668,-4.716216
0.01067,-4.9011416
0.010672,-4.4850593
0.010674,-3.5604317
0.010676,-2.1734905
0.010678,-0.5091615
0.01068,1.2476311
0.010682,2.8194976
0.010684,4.0677447
0.010686,4.7612157
0.010688,4.8999095
0.01069,4.437596
0.010692,3.4667363
0.010694,2.033564
0.010696,0.36923456
0.010698,-1.3413262
0.0106999995,-2.866961
0.010702,-4.115208
0.010704,-4.7624474
0.010706,-4.9011416
0.010708,-4.3925962
0.01071,-3.3755062
0.010712,-1.9423337
0.010714,-0.2317729
0.010716,1.4787879
0.010718,3.0044227
0.01072,4.2064385
0.010722,4.807446
0.010724,4.8536773
0.010726,4.3451324
0.010728,3.2818112
0.01073,1.8024073
0.010732,0.13807821
0.010734,-1.5724826
0.010736,-3.098118
0.010738,-4.2539024
0.01074,-4.8086786
0.010742,-4.85491
0.010744,-4.3001337
0.010746,-3.1905808
0.010748,-1.7111769
0.01075,-0.09307861
0.010752,0.4154663
0.010754,0.7853174
0.010756,1.1551685
0.010758,1.5250192
0.01076,1.8486385
0.0107619995,2.2184901
0.010764,2.542109
0.010766,2.8657289
0.010768,3.1893477
0.01077,3.4667363
0.010772,3.744125
0.010774,3.9752812
0.010776,4.2064385
0.010778,4.3913646
0.01078,4.5300584
0.010782,4.7149835
0.010784,4.807446
0.010786,4.8999095
0.010788,4.992371
0.01079,5.0386033
0.010792,5.0386033
0.010794,5.0386033
0.010796,4.992371
0.010798,4.8999095
0.0108,4.807446
0.010802,4.668752
0.010804,4.483826
0.010806,4.3451324
0.010808,4.1602073
0.01081,3.92905
0.010812,3.6516623
0.010814,3.3742738
0.010816,3.0968862
0.010818,2.7732663
0.01082,2.4496465
0.010822,2.126027
0.0108239995,1.756176
0.010826,1.4325566
0.010828,1.0627055
0.01083,0.6928544
0.010832,0.27677202
0.010834,-0.09307861
0.010836,-0.46292973
0.010838,-0.83278084
0.01084,-1.2488632
0.010842,-1.5724826
0.010844,-1.9423337
0.010846,-2.2659533
0.010848,-2.589573
0.01085,-2.9131925
0.010852,-3.236812
0.010854,-3.5142004
0.010856,-3.7915885
0.010858,-4.022745
0.01086,-4.2539024
0.010862,-4.4388275
0.010864,-4.577522
0.010866,-4.716216
0.010868,-4.85491
0.01087,-4.947373
0.010872,-4.993604
0.010874,-4.993604
0.010876,-5.0398355
0.010878,-4.993604
0.01088,-4.947373
0.0108819995,-4.85491
0.010884,-4.716216
0.010886,-4.623753
0.010888,-4.4388275
0.01089,-4.2539024
0.010892,-4.068977
0.010894,-3.8378198
0.010896,-3.5604317
0.010898,-3.2830436
0.0109,-2.9594238
0.010902,-2.6820357
0.010904,-2.3121846
0.010906,-1.9885652
0.010908,-1.6187139
0.01091,-1.2950945
0.010912,-0.9252434
0.010914,-0.5091615
0.010916,-0.13931036
0.010918,0.23054075
0.01092,0.60039186
0.010922,1.0164738
0.010924,1.3863249
0.010926,1.7099442
0.010928,2.0797954
0.01093,2.4034152
0.010932,2.727035
0.010934,3.050654
0.010936,3.3280425
0.010938,3.605431
0.01094,3.8828197
0.010942,4.113976
0.0109439995,4.298901
0.010946,4.483826
0.010948,4.622521
0.01095,4.7612157
0.010952,4.8999095
0.010954,4.946141
0.010956,4.992371
0.010958,5.0386033
0.01096,5.0386033
0.010962,4.992371
0.010964,4.8999095
0.010966,4.8536773
0.010968,4.7149835
0.01097,4.5762897
0.010972,4.3913646
0.010974,4.2064385
0.010976,3.9752812
0.010978,3.744125
0.01098,3.4667363
0.010982,3.1893477
0.010984,2.8657289
0.010986,2.542109
0.010988,2.2184901
0.01099,1.8948698
0.010992,1.5250192
0.010994,1.1551685
0.010996,0.7853174
0.010998,0.4154663
0.011,0.045615196
0.011002,-0.3704667
0.011004,-0.7403178
0.0110059995,-1.1101689
0.011008,-1.48002
0.01101,-1.8036394
0.011012,-2.1734905
0.011014,-2.4971101
0.011016,-2.8207297
0.011018,-3.1443493
0.01102,-3.4217377
0.011022,-3.6991258
0.011024,-3.9302826
0.011026,-4.1614394
0.011028,-4.3925962
0.01103,-4.5312905
0.011032,-4.669985
0.011034,-4.8086786
0.011036,-4.9011416
0.011038,-4.947373
0.01104,-4.993604
0.011042,-5.0398355
0.011044,-4.993604
0.011046,-4.947373
0.011048,-4.9011416
0.01105,-4.7624474
0.011052,-4.669985
0.011054,-4.4850593
0.011056,-4.346365
0.011058,-4.115208
0.01106,-3.8840513
0.011062,-3.6528945
0.011064,-3.3755062
0.011066,-3.098118
0.0110679995,-2.7744985
0.01107,-2.4508786
0.011072,-2.081028
0.011074,-1.7574081
0.011076,-1.387557
0.011078,-1.0177064
0.01108,-0.6478553
0.011082,-0.27800417
0.011084,0.091846466
0.011086,0.50792885
0.011088,0.87777996
0.01109,1.2476311
0.011092,1.5712504
0.011094,1.9411016
0.011096,2.3109517
0.011098,2.6345725
0.0111,2.9581914
0.011102,3.23558
0.011104,3.5129685
0.011106,3.7903562
0.011108,4.0215135
0.01111,4.252671
0.011112,4.437596
0.011114,4.5762897
0.011116,4.7149835
0.011118,4.8536773
0.01112,4.946141
0.011122,4.992371
0.011124,5.0386033
0.011126,5.0386033
0.011128,4.992371
0.0111299995,4.946141
0.011132,4.8536773
0.011134,4.7612157
0.011136,4.622521
0.011138,4.437596
0.01114,4.298901
0.011142,4.0677447
0.011144,3.8365874
0.011146,3.5591989
0.011148,3.2818112
0.01115,3.0044227
0.011152,2.6808028
0.011154,2.357184
0.011156,1.9873328
0.011158,1.6174817
0.01116,1.2938623
0.011162,0.92401123
0.011164,0.5541601
0.011166,0.13807821
0.011168,-0.2317729
0.01117,-0.601624
0.011172,-0.9714751
0.011174,-1.3413262
0.011176,-1.7111769
0.011178,-2.0347965
0.01118,-2.4046474
0.011182,-2.728267
0.011184,-3.0518866
0.011186,-3.329275
0.0111879995,-3.6066632
0.01119,-3.8840513
0.011192,-4.115208
0.011194,-4.3001337
0.011196,-4.4850593
0.011198,-4.623753
0.0112,-4.7624474
0.011202,-4.85491
0.011204,-4.947373
0.011206,-4.993604
0.011208,-5.0398355
0.01121,-4.993604
0.011212,-4.993604
0.011214,-4.9011416
0.011216,-4.8086786
0.011218,-4.716216
0.01122,-4.5312905
0.011222,-4.3925962
0.011224,-4.2076707
0.011226,-3.976514
0.011228,-3.745357
0.01123,-3.467969
0.011232,-3.1905808
0.011234,-2.866961
0.011236,-2.5433414
0.011238,-2.2197218
0.01124,-1.8498712
0.011242,-1.48002
0.011244,-1.1564007
0.011246,-0.78654957
0.011248,-0.41669846
0.0112499995,-6.160736E-4
0.011252,0.36923456
0.011254,0.7390857
0.011256,1.1089368
0.011258,1.4787879
0.01126,1.8486385
0.011262,2.172258
0.011264,2.4958777
0.011266,2.8194976
0.011268,3.1431174
0.01127,3.420505
0.011272,3.6978936
0.011274,3.9752812
0.011276,4.2064385
0.011278,4.3913646
0.01128,4.5300584
0.011282,4.668752
0.011284,4.807446
0.011286,4.8999095
0.011288,4.992371
0.01129,5.0386033
0.011292,5.0386033
0.011294,5.0386033
0.011296,4.946141
0.011298,4.8999095
0.0113,4.807446
0.011302,4.668752
0.011304,4.483826
0.011306,4.3451324
0.011308,4.1602073
0.01131,3.92905
0.0113119995,3.6516623
0.011314,3.3742738
0.011316,3.0968862
0.011318,2.7732663
0.01132,2.4496465
0.011322,2.126027
0.011324,1.756176
0.011326,1.4325566
0.011328,1.0627055
0.01133,0.64662313
0.011332,0.27677202
0.011334,-0.09307861
0.011336,-0.46292973
0.011338,-0.8790121
0.01134,-1.2488632
0.011342,-1.5724826
0.011344,-1.9423337
0.011346,-2.2659533
0.011348,-2.589573
0.01135,-2.9131925
0.011352,-3.236812
0.011354,-3.5142004
0.011356,-3.7915885
0.011358,-4.022745
0.01136,-4.2539024
0.011362,-4.4388275
0.011364,-4.577522
0.011366,-4.716216
0.011368,-4.85491
0.01137,-4.947373
0.011372,-4.993604
0.0113739995,-5.0398355
0.011376,-5.0398355
0.011378,-4.993604
0.01138,-4.947373
0.011382,-4.85491
0.011384,-4.7624474
0.011386,-4.577522
0.011388,-4.4388275
0.01139,-4.2539024
0.011392,-4.068977
0.011394,-3.8378198
0.011396,-3.5604317
0.011398,-3.2830436
0.0114,-3.0056553
0.011402,-2.6820357
0.011404,-2.3121846
0.011406,-1.9885652
0.011408,-1.6187139
0.01141,-1.2950945
0.011412,-0.9252434
0.011414,-0.5091615
0.011416,-0.13931036
0.011418,0.23054075
0.01142,0.60039186
0.011422,1.0164738
0.011424,1.3863249
0.011426,1.7099442
0.011428,2.0797954
0.01143,2.4034152
0.011432,2.727035
0.011434,3.050654
0.011436,3.3280425
0.011438,3.605431
0.01144,3.8828197
0.011442,4.113976
0.011444,4.3451324
0.011446,4.483826
0.011448,4.622521
0.01145,4.7612157
0.011452,4.8999095
0.011454,4.946141
0.011456,4.992371
0.011458,5.0386033
0.01146,5.0386033
0.011462,4.992371
0.011464,4.8999095
0.011466,4.807446
0.011468,4.7149835
0.01147,4.5762897
0.011472,4.3913646
0.011474,4.2064385
0.011476,3.9752812
0.011478,3.744125
0.01148,3.4667363
0.011482,3.1893477
0.011484,2.8657289
0.011486,2.542109
0.011488,2.2184901
0.01149,1.8486385
0.011492,1.5250192
0.0114939995,1.1551685
0.011496,0.7853174
0.011498,0.4154663
0.0115,0.045615196
0.011502,-0.3704667
0.011504,-0.7403178
0.011506,-1.1101689
0.011508,-1.48002
0.01151,-1.8036394
0.011512,-2.1734905
0.011514,-2.4971101
0.011516,-2.8207297
0.011518,-3.1443493
0.01152,-3.4217377
0.011522,-3.6991258
0.011524,-3.9302826
0.011526,-4.1614394
0.011528,-4.3925962
0.01153,-4.5312905
0.011532,-4.669985
0.011534,-4.8086786
0.011536,-4.9011416
0.011538,-4.947373
0.01154,-4.993604
0.011542,-5.0398355
0.011544,-4.993604
0.011546,-4.947373
0.011548,-4.9011416
0.01155,-4.7624474
0.011552,-4.669985
0.011554,-4.4850593
0.0115559995,-4.346365
0.011558,-4.115208
0.01156,-3.8840513
0.011562,-3.6528945
0.011564,-3.3755062
0.011566,-3.098118
0.011568,-2.7744985
0.01157,-2.4508786
0.011572,-2.081028
0.011574,-1.7574081
0.011576,-1.387557
0.011578,-1.0177064
0.01158,-0.6478553
0.011582,-0.27800417
0.011584,0.091846466
0.011586,0.50792885
0.011588,0.87777996
0.01159,1.2476311
0.011592,1.5712504
0.011594,1.9411016
0.011596,2.3109517
0.011598,2.6345725
0.0116,2.9581914
0.011602,3.23558
0.011604,3.5129685
0.011606,3.7903562
0.011608,4.0215135
0.01161,4.252671
0.011612,4.437596
0.011614,4.5762897
0.011616,4.7149835
0.0116179995,4.8536773
0.01162,4.946141
0.011622,4.992371
0.011624,5.0386033
0.011626,5.0386033
0.011628,4.992371
0.01163,4.946141
0.011632,4.8536773
0.011634,4.7612157
0.011636,4.622521
0.011638,4.437596
0.01164,4.298901
0.011642,4.0677447
0.011644,3.8365874
0.011646,3.5591989
0.011648,3.2818112
0.01165,3.0044227
0.011652,2.6808028
0.011654,2.3109517
0.011656,1.9873328
0.011658,1.6174817
0.01166,1.2938623
0.011662,0.92401123
0.011664,0.5541601
0.011666,0.13807821
0.011668,-0.2317729
0.01167,-0.601624
0.011672,-0.9714751
0.011674,-1.3413262
0.011676,-1.7111769
0.011678,-2.0347965
0.0116799995,-2.4046474
0.011682,-2.728267
0.011684,-3.0518866
0.011686,-3.329275
0.011688,-3.6066632
0.01169,-3.8840513
0.011692,-4.115208
0.011694,-4.3001337
0.011696,-4.4850593
0.011698,-4.623753
0.0117,-4.7624474
0.011702,-4.85491
0.011704,-4.947373
0.011706,-4.993604
0.011708,-5.0398355
0.01171,-4.993604
0.011712,-4.993604
0.011714,-4.9011416
0.011716,-4.8086786
0.011718,-4.716216
0.01172,-4.5312905
0.011722,-4.3925962
0.011724,-4.2076707
0.011726,-3.976514
0.011728,-3.745357
0.01173,-3.467969
0.011732,-3.1905808
0.011734,-2.866961
0.011736,-2.5433414
0.0117379995,-2.2197218
0.01174,-1.8498712
0.011742,-1.48002
0.011744,-1.1564007
0.011746,-0.78654957
0.011748,-0.41669846
0.01175,0.091846466
0.011752,1.6637135
0.011754,3.1893477
0.011756,4.298901
0.011758,4.807446
0.01176,4.807446
0.011762,4.2064385
0.011764,3.050654
0.011766,1.5250192
0.011768,-0.13931036
0.01177,-1.8036394
0.011772,-3.2830436
0.011774,-4.3925962
0.011776,-4.9011416
0.011778,-4.8086786
0.01178,-4.1614394
0.011782,-3.0056553
0.011784,-1.48002
0.011786,0.27677202
0.011788,1.9411016
0.01179,3.3742738
0.011792,4.437596
0.011794,4.8999095
0.011796,4.7612157
0.011798,4.0677447
0.0117999995,2.8657289
0.011802,1.3400936
0.011804,-0.3704667
0.011806,-2.0347965
0.011808,-3.467969
0.01181,-4.4388275
0.011812,-4.9011416
0.011814,-4.716216
0.011816,-4.022745
0.011818,-2.8207297
0.01182,-1.2488632
0.011822,0.50792885
0.011824,2.172258
0.011826,3.5591989
0.011828,4.5300584
0.01183,4.8999095
0.011832,4.7149835
0.011834,3.92905
0.011836,2.6808028
0.011838,1.1089368
0.01184,-0.601624
0.011842,-2.2197218
0.011844,-3.6528945
0.011846,-4.5312905
0.011848,-4.9011416
0.01185,-4.669985
0.011852,-3.8840513
0.011854,-2.589573
0.011856,-0.9714751
0.011858,0.7853174
0.01186,2.4034152
0.0118619995,3.744125
0.011864,4.622521
0.011866,4.8999095
0.011868,4.622521
0.01187,3.7903562
0.011872,2.4496465
0.011874,0.87777996
0.011876,-0.8790121
0.011878,-2.4508786
0.01188,-3.7915885
0.011882,-4.623753
0.011884,-4.9011416
0.011886,-4.577522
0.011888,-3.6991258
0.01189,-2.3584158
0.011892,-0.7403178
0.011894,1.0164738
0.011896,2.6345725
0.011898,3.92905
0.0119,4.668752
0.011902,4.8999095
0.011904,4.5300584
0.011906,3.605431
0.011908,2.2647214
0.01191,0.60039186
0.011912,-1.1101689
0.011914,-2.6820357
0.011916,-3.976514
0.011918,-4.716216
0.01192,-4.9011416
0.011922,-4.4850593
0.0119239995,-3.5604317
0.011926,-2.1734905
0.011928,-0.46292973
0.01193,1.2476311
0.011932,2.8194976
0.011934,4.0677447
0.011936,4.7612157
0.011938,4.8999095
0.01194,4.437596
0.011942,3.4667363
0.011944,2.033564
0.011946,0.36923456
0.011948,-1.3413262
0.01195,-2.866961
0.011952,-4.115208
0.011954,-4.7624474
0.011956,-4.9011416
0.011958,-4.3925962
0.01196,-3.3755062
0.011962,-1.9423337
0.011964,-0.2317729
0.011966,1.4787879
0.011968,3.0044227
0.01197,4.2064385
0.011972,4.807446
0.011974,4.8536773
0.011976,4.3451324
0.011978,3.2818112
0.01198,1.8024073
0.011982,0.13807821
0.011984,-1.5724826
0.0119859995,-3.098118
0.011988,-4.2539024
0.01199,-4.8086786
0.011992,-4.85491
0.011994,-4.3001337
0.011996,-3.1905808
0.011998,-1.6649456
0.012,0.045615196
0.012002,1.7099442
0.012004,3.23558
0.012006,4.3451324
0.012008,4.8536773
0.01201,4.807446
0.012012,4.2064385
0.012014,3.0968862
0.012016,1.5712504
0.012018,-0.13931036
0.01202,-1.8036394
0.012022,-3.2830436
0.012024,-4.346365
0.012026,-4.85491
0.012028,-4.8086786
0.01203,-4.1614394
0.012032,-3.0056553
0.012034,-1.48002
0.012036,0.27677202
0.012038,1.9411016
0.01204,3.420505
0.012042,4.437596
0.0120439995,4.8999095
0.012046,4.7612157
0.012048,4.0677447
0.01205,2.8657289
0.012052,1.3400936
0.012054,-0.3704667
0.012056,-2.0347965
0.012058,-3.467969
0.01206,-4.4388275
0.012062,-4.9011416
0.012064,-4.716216
0.012066,-4.022745
0.012068,-2.8207297
0.01207,-1.2488632
0.012072,0.50792885
0.012074,2.172258
0.012076,3.605431
0.012078,4.5300584
0.01208,4.8999095
0.012082,4.7149835
0.012084,3.92905
0.012086,2.6808028
0.012088,1.1089368
0.01209,-0.6478553
0.012092,-2.2197218
0.012094,-3.6528945
0.012096,-4.5312905
0.012098,-4.9011416
0.0121,-4.669985
0.012102,-3.8840513
0.012104,-2.589573
0.0121059995,-0.9714751
0.012108,0.7853174
0.01211,2.4034152
0.012112,3.744125
0.012114,4.622521
0.012116,4.946141
0.012118,4.622521
0.01212,3.7903562
0.012122,2.4496465
0.012124,0.87777996
0.012126,-0.8790121
0.012128,-2.4508786
0.01213,-3.7915885
0.012132,-4.623753
0.012134,-4.9011416
0.012136,-4.577522
0.012138,-3.6991258
0.01214,-2.3584158
0.012142,-0.7403178
0.012144,1.0164738
0.012146,2.6345725
0.012148,3.92905
0.01215,4.668752
0.012152,4.8999095
0.012154,4.5300584
0.012156,3.605431
0.012158,2.2647214
0.01216,0.60039186
0.012162,-1.1101689
0.012164,-2.6820357
0.012166,-3.976514
0.0121679995,-4.716216
0.01217,-4.9011416
0.012172,-4.4850593
0.012174,-3.5604317
0.012176,-2.1734905
0.012178,-0.46292973
0.01218,1.2476311
0.012182,2.8194976
0.012184,4.0677447
0.012186,4.7612157
0.012188,4.8999095
0.01219,4.437596
0.012192,3.4667363
0.012194,2.033564
0.012196,0.36923456
0.012198,-1.3413262
0.0122,-2.866961
0.012202,-4.115208
0.012204,-4.7624474
0.012206,-4.9011416
0.012208,-4.3925962
0.01221,-3.3755062
0.012212,-1.9423337
0.012214,-0.2317729
0.012216,1.4787879
0.012218,3.0044227
0.01222,4.2064385
0.012222,4.807446
0.012224,4.8536773
0.012226,4.3451324
0.012228,3.2818112
0.0122299995,1.8024073
0.012232,0.13807821
0.012234,-1.5724826
0.012236,-3.098118
0.012238,-4.2539024
0.01224,-4.8086786
0.012242,-4.85491
0.012244,-4.3001337
0.012246,-3.1905808
0.012248,-1.6649456
0.01225,0.045615196
0.012252,1.7099442
0.012254,3.23558
0.012256,4.3451324
0.012258,4.8536773
0.01226,4.807446
0.012262,4.2064385
0.012264,3.050654
0.012266,1.5712504
0.012268,-0.13931036
0.01227,-1.8036394
0.012272,-3.2830436
0.012274,-4.346365
0.012276,-4.85491
0.012278,-4.8086786
0.01228,-4.1614394
0.012282,-3.0056553
0.012284,-1.48002
0.012286,0.27677202
0.012288,1.9411016
0.01229,3.420505
0.0122919995,4.437596
0.012294,4.8999095
0.012296,4.7612157
0.012298,4.0677447
0.0123,2.8657289
0.012302,1.3400936
0.012304,-0.3704667
0.012306,-2.0347965
0.012308,-3.467969
0.01231,-4.4388275
0.012312,-4.9011416
0.012314,-4.716216
0.012316,-4.022745
0.012318,-2.8207297
0.01232,-1.202632
0.012322,0.50792885
0.012324,2.172258
0.012326,3.605431
0.012328,4.5300584
0.01233,4.8999095
0.012332,4.7149835
0.012334,3.92905
0.012336,2.6808028
0.012338,1.1089368
0.01234,-0.6478553
0.012342,-2.2197218
0.012344,-3.6528945
0.012346,-4.5312905
0.012348,-4.9011416
0.0123499995,-4.669985
0.012352,-3.8840513
0.012354,-2.589573
0.012356,-0.9714751
0.012358,0.7853174
0.01236,2.4034152
0.012362,3.744125
0.012364,4.622521
0.012366,4.946141
0.012368,4.622521
0.01237,3.7903562
0.012372,2.4496465
0.012374,0.87777996
0.012376,-0.8790121
0.012378,-2.4508786
0.01238,-3.7915885
0.012382,-4.623753
0.012384,-4.9011416
0.012386,-4.577522
0.012388,-3.6991258
0.01239,-2.3584158
0.012392,-0.7403178
0.012394,1.0164738
0.012396,2.6345725
0.012398,3.92905
0.0124,4.668752
0.012402,4.8999095
0.012404,4.5300584
0.012406,3.605431
0.012408,2.2184901
0.01241,0.60039186
0.0124119995,-1.1101689
0.012414,-2.6820357
0.012416,-3.976514
0.012418,-4.716216
0.01242,-4.9011416
0.012422,-4.4850593
0.012424,-3.5604317
0.012426,-2.1734905
0.012428,-0.46292973
0.01243,1.2476311
0.012432,2.8194976
0.012434,4.0677447
0.012436,4.7612157
0.012438,4.8999095
0.01244,4.437596
0.012442,3.4667363
0.012444,2.033564
0.012446,0.36923456
0.012448,-1.3413262
0.01245,-2.866961
0.012452,-4.115208
0.012454,-4.7624474
0.012456,-4.9011416
0.012458,-4.3925962
0.01246,-3.3755062
0.012462,-1.9423337
0.012464,-0.2317729
0.012466,1.4787879
0.012468,3.050654
0.01247,4.2064385
0.012472,4.807446
0.0124739995,4.8536773
0.012476,4.3451324
0.012478,3.2818112
0.01248,1.8024073
0.012482,0.13807821
0.012484,-1.5724826
0.012486,-3.098118
0.012488,-4.2539024
0.01249,-4.85491
0.012492,-4.85491
0.012494,-4.3001337
0.012496,-3.1905808
0.012498,-1.6649456
0.0125,0.045615196
0.012502,1.7099442
0.012504,3.23558
0.012506,4.3451324
0.012508,4.8536773
0.01251,4.807446
0.012512,4.2064385
0.012514,3.0968862
0.012516,1.5712504
0.012518,-0.13931036
0.01252,-1.8036394
0.012522,-3.2830436
0.012524,-4.3925962
0.012526,-4.85491
0.012528,-4.8086786
0.01253,-4.1614394
0.012532,-3.0056553
0.012534,-1.48002
0.0125359995,0.27677202
0.012538,1.9411016
0.01254,3.420505
0.012542,4.437596
0.012544,4.8999095
0.012546,4.7612157
0.012548,4.0677447
0.01255,2.8657289
0.012552,1.3400936
0.012554,-0.3704667
0.012556,-2.0347965
0.012558,-3.467969
0.01256,-4.4388275
0.012562,-4.9011416
0.012564,-4.716216
0.012566,-4.022745
0.012568,-2.8207297
0.01257,-1.202632
0.012572,0.50792885
0.012574,2.172258
0.012576,3.605431
0.012578,4.5300584
0.01258,4.8999095
0.012582,4.7149835
0.012584,3.92905
0.012586,2.6808028
0.012588,1.1089368
0.01259,-0.6478553
0.012592,-2.2197218
0.0125939995,-3.6528945
0.012596,-4.5312905
0.012598,-4.9011416
0.0126,-4.669985
0.012602,-3.8840513
0.012604,-2.589573
0.012606,-0.9714751
0.012608,0.7853174
0.01261,2.4034152
0.012612,3.744125
0.012614,4.622521
0.012616,4.946141
0.012618,4.622521
0.01262,3.7903562
0.012622,2.4496465
0.012624,0.87777996
0.012626,-0.8790121
0.012628,-2.4508786
0.01263,-3.7915885
0.012632,-4.623753
0.012634,-4.9011416
0.012636,-4.577522
0.012638,-3.6991258
0.01264,-2.3584158
0.012642,-0.7403178
0.012644,1.0164738
0.012646,2.6345725
0.012648,3.92905
0.01265,4.668752
0.012652,4.8999095
0.012654,4.5300584
0.0126559995,3.605431
0.012658,2.2184901
0.01266,0.60039186
0.012662,-1.1101689
0.012664,-2.6820357
0.012666,-3.976514
0.012668,-4.716216
0.01267,-4.9011416
0.012672,-4.4850593
0.012674,-3.5604317
0.012676,-2.1734905
0.012678,-0.46292973
0.01268,1.2476311
0.012682,2.8194976
0.012684,4.0677447
0.012686,4.7612157
0.012688,4.8999095
0.01269,4.437596
0.012692,3.4667363
0.012694,2.033564
0.012696,0.36923456
0.012698,-1.3413262
0.0127,-2.866961
0.012702,-4.115208
0.012704,-4.7624474
0.012706,-4.85491
0.012708,-4.3925962
0.01271,-3.3755062
0.012712,-1.9423337
0.012714,-0.2317729
0.012716,1.4787879
0.0127179995,3.050654
0.01272,4.2064385
0.012722,4.807446
0.012724,4.8536773
0.012726,4.3451324
0.012728,3.2818112
0.01273,1.8024073
0.012732,0.13807821
0.012734,-1.5724826
0.012736,-3.098118
0.012738,-4.2539024
0.01274,-4.8086786
0.012742,-4.85491
0.012744,-4.3001337
0.012746,-3.1905808
0.012748,-1.6649456
0.01275,-0.09307861
0.012752,0.4154663
0.012754,0.7853174
0.012756,1.1551685
0.012758,1.5250192
0.01276,1.8486385
0.012762,2.2184901
0.012764,2.542109
0.012766,2.8657289
0.012768,3.1893477
0.01277,3.4667363
0.012772,3.744125
0.012774,3.9752812
0.012776,4.2064385
0.012778,4.3913646
0.0127799995,4.5300584
0.012782,4.7149835
0.012784,4.807446
0.012786,4.8999095
0.012788,4.992371
0.01279,5.0386033
0.012792,5.0386033
0.012794,5.0386033
0.012796,4.992371
0.012798,4.8999095
0.0128,4.807446
0.012802,4.668752
0.012804,4.483826
0.012806,4.3451324
0.012808,4.1602073
0.01281,3.92905
0.012812,3.6516623
0.012814,3.3742738
0.012816,3.0968862
0.012818,2.7732663
0.01282,2.4496465
0.012822,2.126027
0.012824,1.756176
0.012826,1.4325566
0.012828,1.0627055
0.01283,0.64662313
0.012832,0.27677202
0.012834,-0.09307861
0.012836,-0.46292973
0.012838,-0.8790121
0.01284,-1.2488632
0.0128419995,-1.5724826
0.012844,-1.9423337
0.012846,-2.2659533
0.012848,-2.589573
0.01285,-2.9131925
0.012852,-3.236812
0.012854,-3.5142004
0.012856,-3.7915885
0.012858,-4.022745
0.01286,-4.2539024
0.012862,-4.4388275
0.012864,-4.577522
0.012866,-4.716216
0.012868,-4.85491
0.01287,-4.947373
0.012872,-4.993604
0.012874,-5.0398355
0.012876,-5.0398355
0.012878,-4.993604
0.01288,-4.947373
0.012882,-4.85491
0.012884,-4.7624474
0.012886,-4.577522
0.012888,-4.4388275
0.01289,-4.2539024
0.012892,-4.068977
0.012894,-3.8378198
0.012896,-3.5604317
0.012898,-3.2830436
0.0128999995,-2.9594238
0.012902,-2.6820357
0.012904,-2.3121846
0.012906,-1.9885652
0.012908,-1.6187139
0.01291,-1.2950945
0.012912,-0.9252434
0.012914,-0.5091615
0.012916,-0.13931036
0.012918,0.23054075
0.01292,0.60039186
0.012922,1.0164738
0.012924,1.3863249
0.012926,1.7099442
0.012928,2.0797954
0.01293,2.4034152
0.012932,2.727035
0.012934,3.050654
0.012936,3.3280425
0.012938,3.605431
0.01294,3.8828197
0.012942,4.113976
0.012944,4.3451324
0.012946,4.483826
0.012948,4.622521
0.01295,4.7612157
0.012952,4.8999095
0.012954,4.946141
0.012956,4.992371
0.012958,5.0386033
0.01296,5.0386033
0.0129619995,4.992371
0.012964,4.8999095
0.012966,4.807446
0.012968,4.7149835
0.01297,4.5762897
0.012972,4.3913646
0.012974,4.2064385
0.012976,3.9752812
0.012978,3.744125
0.01298,3.4667363
0.012982,3.1893477
0.012984,2.8657289
0.012986,2.542109
0.012988,2.2184901
0.01299,1.8486385
0.012992,1.5250192
0.012994,1.1551685
0.012996,0.7853174
0.012998,0.4154663
0.013,0.045615196
0.013002,-0.3704667
0.013004,-0.7403178
0.013006,-1.1101689
0.013008,-1.48002
0.01301,-1.8036394
0.013012,-2.1734905
0.013014,-2.4971101
0.013016,-2.8207297
0.013018,-3.1443493
0.01302,-3.4217377
0.013022,-3.6991258
0.0130239995,-3.9302826
0.013026,-4.1614394
0.013028,-4.3925962
0.01303,-4.5312905
0.013032,-4.669985
0.013034,-4.8086786
0.013036,-4.9011416
0.013038,-4.947373
0.01304,-4.993604
0.013042,-5.0398355
0.013044,-4.993604
0.013046,-4.947373
0.013048,-4.9011416
0.01305,-4.7624474
0.013052,-4.669985
0.013054,-4.4850593
0.013056,-4.346365
0.013058,-4.115208
0.01306,-3.8840513
0.013062,-3.6528945
0.013064,-3.3755062
0.013066,-3.098118
0.013068,-2.7744985
0.01307,-2.4508786
0.013072,-2.081028
0.013074,-1.7574081
0.013076,-1.387557
0.013078,-1.0177064
0.01308,-0.6478553
0.013082,-0.27800417
0.013084,0.091846466
0.0130859995,0.50792885
0.013088,0.87777996
0.01309,1.2476311
0.013092,1.5712504
0.013094,1.9411016
0.013096,2.3109517
0.013098,2.6345725
0.0131,2.9581914
0.013102,3.23558
0.013104,3.5129685
0.013106,3.7903562
0.013108,4.0215135
0.01311,4.252671
0.013112,4.437596
0.013114,4.5762897
0.013116,4.7149835
0.013118,4.8536773
0.01312,4.946141
0.013122,4.992371
0.013124,5.0386033
0.013126,5.0386033
0.013128,4.992371
0.01313,4.946141
0.013132,4.8536773
0.013134,4.7612157
0.013136,4.622521
0.013138,4.437596
0.01314,4.298901
0.013142,4.0677447
0.0131439995,3.8365874
0.013146,3.5591989
0.0131479995,3.2818112
0.01315,3.0044227
0.013152,2.6808028
0.013154,2.3109517
0.013156,1.9873328
0.013158,1.6174817
0.01316,1.2938623
0.013162,0.92401123
0.013164,0.5541601
0.013166,0.13807821
0.013168,-0.2317729
0.01317,-0.601624
0.013172,-0.9714751
0.013174,-1.3413262
0.013176,-1.7111769
0.013178,-2.0347965
0.01318,-2.4046474
0.013182,-2.728267
0.013184,-3.0518866
0.013186,-3.329275
0.013188,-3.6066632
0.01319,-3.8840513
0.013192,-4.115208
0.013194,-4.3001337
0.013196,-4.4850593
0.013198,-4.623753
0.0132,-4.7624474
0.013202,-4.85491
0.013204,-4.947373
0.0132059995,-4.993604
0.013208,-5.0398355
0.01321,-4.993604
0.013212,-4.993604
0.013214,-4.9011416
0.013216,-4.8086786
0.013218,-4.716216
0.01322,-4.5312905
0.013222,-4.3925962
0.013224,-4.2076707
0.013226,-3.976514
0.013228,-3.745357
0.01323,-3.467969
0.013232,-3.1905808
0.013234,-2.866961
0.013236,-2.5433414
0.013238,-2.2197218
0.01324,-1.8498712
0.013242,-1.48002
0.013244,-1.1564007
0.013246,-0.78654957
0.013248,-0.41669846
0.01325,-6.160736E-4
0.013252,0.36923456
0.013254,0.7390857
0.013256,1.1089368
0.013258,1.4787879
0.01326,1.8486385
0.013262,2.172258
0.013264,2.542109
0.013266,2.8657289
0.0132679995,3.1431174
0.01327,3.420505
0.013272,3.6978936
0.013274,3.9752812
0.013276,4.2064385
0.013278,4.3913646
0.01328,4.5300584
0.013282,4.668752
0.013284,4.807446
0.013286,4.8999095
0.013288,4.992371
0.01329,5.0386033
0.013292,5.0386033
0.013294,5.0386033
0.013296,4.946141
0.013298,4.8999095
0.0133,4.807446
0.013302,4.668752
0.013304,4.483826
0.013306,4.3451324
0.013308,4.113976
0.01331,3.8828197
0.013312,3.6516623
0.013314,3.3742738
0.013316,3.0968862
0.013318,2.7732663
0.01332,2.4496465
0.013322,2.126027
0.013324,1.756176
0.013326,1.4325566
0.013328,1.0627055
0.0133299995,0.64662313
0.013332,0.27677202
0.013334,-0.09307861
0.013336,-0.46292973
0.013338,-0.8790121
0.01334,-1.2488632
0.013342,-1.5724826
0.013344,-1.9423337
0.013346,-2.2659533
0.013348,-2.589573
0.01335,-2.9131925
0.013352,-3.236812
0.013354,-3.5142004
0.013356,-3.7915885
0.013358,-4.022745
0.01336,-4.2539024
0.013362,-4.4388275
0.013364,-4.577522
0.013366,-4.716216
0.013368,-4.85491
0.01337,-4.947373
0.013372,-4.993604
0.013374,-4.993604
0.013376,-5.0398355
0.013378,-4.993604
0.01338,-4.947373
0.013382,-4.85491
0.013384,-4.716216
0.013386,-4.577522
0.013388,-4.4388275
0.01339,-4.2539024
0.0133919995,-4.068977
0.013394,-3.8378198
0.013396,-3.5604317
0.013398,-3.2830436
0.0134,-2.9594238
0.013402,-2.6820357
0.013404,-2.3121846
0.013406,-1.9885652
0.013408,-1.6187139
0.01341,-1.2950945
0.013412,-0.9252434
0.013414,-0.5091615
0.013416,-0.13931036
0.013418,0.23054075
0.01342,0.64662313
0.013422,1.0164738
0.013424,1.3863249
0.013426,1.7099442
0.013428,2.0797954
0.01343,2.4034152
0.013432,2.727035
0.013434,3.050654
0.013436,3.3280425
0.013438,3.605431
0.01344,3.8828197
0.013442,4.113976
0.013444,4.3451324
0.013446,4.483826
0.013448,4.622521
0.0134499995,4.7612157
0.013452,4.8999095
0.0134539995,4.946141
0.013456,4.992371
0.013458,5.0386033
0.01346,5.0386033
0.013462,4.992371
0.013464,4.8999095
0.013466,4.807446
0.013468,4.7149835
0.01347,4.5762897
0.013472,4.3913646
0.013474,4.2064385
0.013476,3.9752812
0.013478,3.744125
0.01348,3.4667363
0.013482,3.1893477
0.013484,2.8657289
0.013486,2.542109
0.013488,2.2184901
0.01349,1.8486385
0.013492,1.5250192
0.013494,1.1551685
0.013496,0.7853174
0.013498,0.4154663
0.0135,0.045615196
0.013502,-0.3704667
0.013504,-0.7403178
0.013506,-1.1101689
0.013508,-1.48002
0.01351,-1.8036394
0.0135119995,-2.1734905
0.013514,-2.4971101
0.013516,-2.8207297
0.013518,-3.1443493
0.01352,-3.4217377
0.013522,-3.6991258
0.013524,-3.9302826
0.013526,-4.1614394
0.013528,-4.3925962
0.01353,-4.5312905
0.013532,-4.669985
0.013534,-4.8086786
0.013536,-4.9011416
0.013538,-4.947373
0.01354,-4.993604
0.013542,-5.0398355
0.013544,-4.993604
0.013546,-4.947373
0.013548,-4.9011416
0.01355,-4.7624474
0.013552,-4.669985
0.013554,-4.4850593
0.013556,-4.346365
0.013558,-4.115208
0.01356,-3.8840513
0.013562,-3.6528945
0.013564,-3.3755062
0.013566,-3.098118
0.013568,-2.7744985
0.01357,-2.4508786
0.013572,-2.081028
0.0135739995,-1.7574081
0.013576,-1.387557
0.013578,-1.0177064
0.01358,-0.6478553
0.013582,-0.27800417
0.013584,0.13807821
0.013586,0.50792885
0.013588,0.87777996
0.01359,1.2476311
0.013592,1.5712504
0.013594,1.9411016
0.013596,2.3109517
0.013598,2.6345725
0.0136,2.9581914
0.013602,3.23558
0.013604,3.5129685
0.013606,3.7903562
0.013608,4.0215135
0.01361,4.252671
0.013612,4.437596
0.013614,4.5762897
0.013616,4.7149835
0.013618,4.8536773
0.01362,4.946141
0.013622,4.992371
0.013624,5.0386033
0.013626,5.0386033
0.013628,4.992371
0.01363,4.946141
0.013632,4.8536773
0.013634,4.7612157
0.0136359995,4.622521
0.013638,4.437596
0.01364,4.298901
0.013642,4.0677447
0.013644,3.8365874
0.013646,3.5591989
0.013648,3.2818112
0.01365,2.9581914
0.013652,2.6808028
0.013654,2.3109517
0.013656,1.9873328
0.013658,1.6174817
0.01366,1.2938623
0.013662,0.92401123
0.013664,0.5541601
0.013666,0.13807821
0.013668,-0.2317729
0.01367,-0.601624
0.013672,-0.9714751
0.013674,-1.3413262
0.013676,-1.7111769
0.013678,-2.0347965
0.01368,-2.4046474
0.013682,-2.728267
0.013684,-3.0518866
0.013686,-3.329275
0.013688,-3.6066632
0.01369,-3.8840513
0.013692,-4.115208
0.013694,-4.3001337
0.013696,-4.4850593
0.0136979995,-4.623753
0.0137,-4.7624474
0.013702,-4.85491
0.013704,-4.947373
0.013706,-4.993604
0.013708,-5.0398355
0.01371,-4.993604
0.013712,-4.993604
0.013714,-4.9011416
0.013716,-4.8086786
0.013718,-4.716216
0.01372,-4.5312905
0.013722,-4.3925962
0.013724,-4.2076707
0.013726,-3.976514
0.013728,-3.745357
0.01373,-3.467969
0.013732,-3.1905808
0.013734,-2.866961
0.013736,-2.5433414
0.013738,-2.2197218
0.01374,-1.8498712
0.013742,-1.48002
0.013744,-1.1564007
0.013746,-0.78654957
0.013748,-0.41669846
0.01375,0.091846466
0.013752,1.6637135
0.013754,3.1893477
0.0137559995,4.298901
0.013758,4.807446
0.01376,4.807446
0.013762,4.2064385
0.013764,3.050654
0.013766,1.5250192
0.013768,-0.13931036
0.01377,-1.8036394
0.013772,-3.329275
0.013774,-4.3925962
0.013776,-4.9011416
0.013778,-4.8086786
0.01378,-4.1614394
0.013782,-3.0056553
0.013784,-1.48002
0.013786,0.27677202
0.013788,1.9411016
0.01379,3.420505
0.013792,4.437596
0.013794,4.8999095
0.013796,4.7612157
0.013798,4.0677447
0.0138,2.8657289
0.013802,1.3400936
0.013804,-0.3704667
0.013806,-2.0347965
0.013808,-3.467969
0.01381,-4.4388275
0.013812,-4.9011416
0.013814,-4.716216
0.013816,-4.022745
0.0138179995,-2.8207297
0.01382,-1.202632
0.013822,0.50792885
0.013824,2.172258
0.013826,3.605431
0.013828,4.5300584
0.01383,4.8999095
0.013832,4.7149835
0.013834,3.92905
0.013836,2.6808028
0.013838,1.1089368
0.01384,-0.6478553
0.013842,-2.2659533
0.013844,-3.6528945
0.013846,-4.5312905
0.013848,-4.9011416
0.01385,-4.669985
0.013852,-3.8840513
0.013854,-2.589573
0.013856,-0.9714751
0.013858,0.7853174
0.01386,2.4034152
0.013862,3.744125
0.013864,4.622521
0.013866,4.8999095
0.013868,4.622521
0.01387,3.7903562
0.013872,2.4496465
0.013874,0.8315482
0.013876,-0.8790121
0.013878,-2.4508786
0.0138799995,-3.7915885
0.013882,-4.623753
0.013884,-4.9011416
0.013886,-4.577522
0.013888,-3.6991258
0.01389,-2.3584158
0.013892,-0.7403178
0.013894,1.0164738
0.013896,2.6345725
0.013898,3.92905
0.0139,4.7149835
0.013902,4.8999095
0.013904,4.5300584
0.013906,3.605431
0.013908,2.2184901
0.01391,0.60039186
0.013912,-1.1101689
0.013914,-2.6820357
0.013916,-3.976514
0.013918,-4.716216
0.01392,-4.9011416
0.013922,-4.4850593
0.013924,-3.5604317
0.013926,-2.1272593
0.013928,-0.46292973
0.01393,1.2938623
0.013932,2.8194976
0.013934,4.0677447
0.013936,4.7612157
0.013938,4.8999095
0.01394,4.437596
0.0139419995,3.420505
0.013944,2.033564
0.013946,0.36923456
0.013948,-1.3413262
0.01395,-2.866961
0.013952,-4.115208
0.013954,-4.7624474
0.013956,-4.85491
0.013958,-4.3925962
0.01396,-3.3755062
0.013962,-1.8961024
0.013964,-0.2317729
0.013966,1.4787879
0.013968,3.050654
0.01397,4.2064385
0.013972,4.807446
0.013974,4.8536773
0.013976,4.3451324
0.013978,3.23558
0.01398,1.8024073
0.013982,0.091846466
0.013984,-1.5724826
0.013986,-3.098118
0.013988,-4.2539024
0.01399,-4.85491
0.013992,-4.85491
0.013994,-4.3001337
0.013996,-3.1905808
0.013998,-1.6649456
0.0139999995,0.045615196
0.014002,1.7099442
0.0140039995,3.23558
0.014006,4.3451324
0.014008,4.8536773
0.01401,4.807446
0.014012,4.2064385
0.014014,3.050654
0.014016,1.5712504
0.014018,-0.13931036
0.01402,-1.8036394
0.014022,-3.2830436
0.014024,-4.3925962
0.014026,-4.85491
0.014028,-4.8086786
0.01403,-4.1614394
0.014032,-3.0056553
0.014034,-1.48002
0.014036,0.27677202
0.014038,1.9411016
0.01404,3.420505
0.014042,4.437596
0.014044,4.8999095
0.014046,4.7612157
0.014048,4.0677447
0.01405,2.8657289
0.014052,1.3400936
0.014054,-0.3704667
0.014056,-2.0347965
0.014058,-3.467969
0.01406,-4.4388275
0.0140619995,-4.9011416
0.014064,-4.716216
0.014066,-4.022745
0.014068,-2.7744985
0.01407,-1.202632
0.014072,0.5541601
0.014074,2.172258
0.014076,3.605431
0.014078,4.5300584
0.01408,4.8999095
0.014082,4.7149835
0.014084,3.92905
0.014086,2.6808028
0.014088,1.1089368
0.01409,-0.6478553
0.014092,-2.2659533
0.014094,-3.6528945
0.014096,-4.577522
0.014098,-4.9011416
0.0141,-4.669985
0.014102,-3.8840513
0.014104,-2.589573
0.014106,-0.9714751
0.014108,0.7853174
0.01411,2.4034152
0.014112,3.744125
0.014114,4.622521
0.014116,4.8999095
0.014118,4.622521
0.01412,3.7903562
0.014122,2.4496465
0.0141239995,0.8315482
0.014126,-0.8790121
0.014128,-2.4508786
0.01413,-3.7915885
0.014132,-4.623753
0.014134,-4.9011416
0.014136,-4.577522
0.014138,-3.6991258
0.01414,-2.3584158
0.014142,-0.7403178
0.014144,1.0164738
0.014146,2.6345725
0.014148,3.92905
0.01415,4.7149835
0.014152,4.8999095
0.014154,4.5300584
0.014156,3.605431
0.014158,2.2184901
0.01416,0.60039186
0.014162,-1.1101689
0.014164,-2.6820357
0.014166,-3.976514
0.014168,-4.716216
0.01417,-4.9011416
0.014172,-4.4850593
0.014174,-3.5604317
0.014176,-2.1272593
0.014178,-0.46292973
0.01418,1.2938623
0.014182,2.8194976
0.014184,4.0677447
0.0141859995,4.7612157
0.014188,4.8999095
0.01419,4.437596
0.014192,3.420505
0.014194,2.033564
0.014196,0.36923456
0.014198,-1.3413262
0.0142,-2.9131925
0.014202,-4.115208
0.014204,-4.7624474
0.014206,-4.85491
0.014208,-4.3925962
0.01421,-3.3755062
0.014212,-1.8961024
0.014214,-0.2317729
0.014216,1.4787879
0.014218,3.050654
0.01422,4.2064385
0.014222,4.807446
0.014224,4.8536773
0.014226,4.3451324
0.014228,3.23558
0.01423,1.8024073
0.014232,0.091846466
0.014234,-1.5724826
0.014236,-3.098118
0.014238,-4.2539024
0.01424,-4.85491
0.014242,-4.85491
0.014244,-4.3001337
0.014246,-3.1905808
0.0142479995,-1.6649456
0.01425,0.045615196
0.014252,1.7099442
0.014254,3.23558
0.014256,4.3451324
0.014258,4.8536773
0.01426,4.807446
0.014262,4.2064385
0.014264,3.050654
0.014266,1.5250192
0.014268,-0.13931036
0.01427,-1.8036394
0.014272,-3.2830436
0.014274,-4.3925962
0.014276,-4.85491
0.014278,-4.8086786
0.01428,-4.1614394
0.014282,-3.0056553
0.014284,-1.48002
0.014286,0.27677202
0.014288,1.9411016
0.01429,3.420505
0.014292,4.437596
0.014294,4.8999095
0.014296,4.7612157
0.014298,4.0677447
0.0143,2.8657289
0.014302,1.3400936
0.014304,-0.3704667
0.0143059995,-2.0347965
0.014308,-3.467969
0.0143099995,-4.4388275
0.014312,-4.9011416
0.014314,-4.716216
0.014316,-4.022745
0.014318,-2.7744985
0.01432,-1.202632
0.014322,0.5541601
0.014324,2.172258
0.014326,3.605431
0.014328,4.5300584
0.01433,4.8999095
0.014332,4.7149835
0.014334,3.92905
0.014336,2.6808028
0.014338,1.1089368
0.01434,-0.6478553
0.014342,-2.2659533
0.014344,-3.6528945
0.014346,-4.5312905
0.014348,-4.9011416
0.01435,-4.669985
0.014352,-3.8840513
0.014354,-2.589573
0.014356,-0.9714751
0.014358,0.7853174
0.01436,2.4034152
0.014362,3.744125
0.014364,4.622521
0.014366,4.8999095
0.0143679995,4.622521
0.01437,3.7903562
0.014372,2.4496465
0.014374,0.8315482
0.014376,-0.8790121
0.014378,-2.4508786
0.01438,-3.8378198
0.014382,-4.623753
0.014384,-4.9011416
0.014386,-4.577522
0.014388,-3.6991258
0.01439,-2.3584158
0.014392,-0.7403178
0.014394,1.0164738
0.014396,2.6345725
0.014398,3.92905
0.0144,4.7149835
0.014402,4.8999095
0.014404,4.5300584
0.014406,3.605431
0.014408,2.2184901
0.01441,0.60039186
0.014412,-1.1101689
0.014414,-2.6820357
0.014416,-3.976514
0.014418,-4.716216
0.01442,-4.9011416
0.014422,-4.4850593
0.014424,-3.5604317
0.014426,-2.1272593
0.014428,-0.46292973
0.0144299995,1.2938623
0.014432,2.8194976
0.014434,4.0677447
0.014436,4.7612157
0.014438,4.8999095
0.01444,4.437596
0.014442,3.420505
0.014444,1.9873328
0.014446,0.36923456
0.014448,-1.3413262
0.01445,-2.9131925
0.014452,-4.115208
0.014454,-4.7624474
0.014456,-4.85491
0.014458,-4.3925962
0.01446,-3.3755062
0.014462,-1.8961024
0.014464,-0.2317729
0.014466,1.4787879
0.014468,3.050654
0.01447,4.2064385
0.014472,4.807446
0.014474,4.8536773
0.014476,4.3451324
0.014478,3.23558
0.01448,1.756176
0.014482,0.091846466
0.014484,-1.5724826
0.014486,-3.098118
0.014488,-4.2539024
0.01449,-4.85491
0.0144919995,-4.85491
0.014494,-4.3001337
0.014496,-3.1905808
0.014498,-1.6649456
0.0145,0.045615196
0.014502,1.7099442
0.014504,3.23558
0.014506,4.3451324
0.014508,4.8536773
0.01451,4.807446
0.014512,4.2064385
0.014514,3.050654
0.014516,1.5250192
0.014518,-0.13931036
0.01452,-1.8036394
0.014522,-3.2830436
0.014524,-4.3925962
0.014526,-4.85491
0.014528,-4.8086786
0.01453,-4.1614394
0.014532,-3.0056553
0.014534,-1.48002
0.014536,0.27677202
0.014538,1.9411016
0.01454,3.420505
0.014542,4.437596
0.014544,4.8999095
0.014546,4.7612157
0.014548,4.0677447
0.0145499995,2.8657289
0.014552,1.3400936
0.0145539995,-0.3704667
0.014556,-2.0347965
0.014558,-3.467969
0.01456,-4.4388275
0.014562,-4.9011416
0.014564,-4.716216
0.014566,-4.022745
0.014568,-2.7744985
0.01457,-1.202632
0.014572,0.5541601
0.014574,2.172258
0.014576,3.605431
0.014578,4.5300584
0.01458,4.8999095
0.014582,4.7149835
0.014584,3.92905
0.014586,2.6808028
0.014588,1.1089368
0.01459,-0.6478553
0.014592,-2.2659533
0.014594,-3.6528945
0.014596,-4.5312905
0.014598,-4.9011416
0.0146,-4.669985
0.014602,-3.8840513
0.014604,-2.589573
0.014606,-0.9714751
0.014608,0.7853174
0.01461,2.4034152
0.0146119995,3.744125
0.014614,4.622521
0.014616,4.8999095
0.014618,4.622521
0.01462,3.7903562
0.014622,2.4496465
0.014624,0.8315482
0.014626,-0.8790121
0.014628,-2.4508786
0.01463,-3.8378198
0.014632,-4.623753
0.014634,-4.9011416
0.014636,-4.577522
0.014638,-3.6991258
0.01464,-2.3584158
0.014642,-0.7403178
0.014644,1.0164738
0.014646,2.6345725
0.014648,3.92905
0.01465,4.668752
0.014652,4.8999095
0.014654,4.5300584
0.014656,3.605431
0.014658,2.2184901
0.01466,0.60039186
0.014662,-1.1101689
0.014664,-2.6820357
0.014666,-3.976514
0.014668,-4.716216
0.01467,-4.9011416
0.014672,-4.4850593
0.0146739995,-3.5604317
0.014676,-2.1272593
0.014678,-0.46292973
0.01468,1.2938623
0.014682,2.8194976
0.014684,4.0677447
0.014686,4.7612157
0.014688,4.8999095
0.01469,4.437596
0.014692,3.420505
0.014694,1.9873328
0.014696,0.36923456
0.014698,-1.3413262
0.0147,-2.9131925
0.014702,-4.115208
0.014704,-4.7624474
0.014706,-4.85491
0.014708,-4.3925962
0.01471,-3.3755062
0.014712,-1.8961024
0.014714,-0.2317729
0.014716,1.4787879
0.014718,3.050654
0.01472,4.2064385
0.014722,4.807446
0.014724,4.8536773
0.014726,4.3451324
0.014728,3.23558
0.01473,1.756176
0.014732,0.091846466
0.014734,-1.5724826
0.0147359995,-3.098118
0.014738,-4.2539024
0.01474,-4.85491
0.014742,-4.85491
0.014744,-4.3001337
0.014746,-3.1905808
0.014748,-1.6649456
0.01475,-0.09307861
0.014752,0.4154663
0.014754,0.7853174
0.014756,1.1551685
0.014758,1.5250192
0.01476,1.8486385
0.014762,2.2184901
0.014764,2.542109
0.014766,2.8657289
0.014768,3.1893477
0.01477,3.4667363
0.014772,3.744125
0.014774,3.9752812
0.014776,4.2064385
0.014778,4.3913646
0.01478,4.5300584
0.014782,4.7149835
0.014784,4.807446
0.014786,4.8999095
0.014788,4.992371
0.01479,5.0386033
0.014792,5.0386033
0.014794,5.0386033
0.014796,4.992371
0.0147979995,4.8999095
0.0148,4.807446
0.014802,4.668752
0.014804,4.483826
0.014806,4.3451324
0.014808,4.1602073
0.01481,3.92905
0.014812,3.6516623
0.014814,3.3742738
0.014816,3.0968862
0.014818,2.7732663
0.01482,2.4496465
0.014822,2.126027
0.014824,1.756176
0.014826,1.4325566
0.014828,1.0627055
0.01483,0.64662313
0.014832,0.27677202
0.014834,-0.09307861
0.014836,-0.46292973
0.014838,-0.8790121
0.01484,-1.2488632
0.014842,-1.5724826
0.014844,-1.9423337
0.014846,-2.2659533
0.014848,-2.589573
0.01485,-2.9131925
0.014852,-3.236812
0.014854,-3.5142004
0.0148559995,-3.7915885
0.014858,-4.022745
0.0148599995,-4.2539024
0.014862,-4.4388275
0.014864,-4.577522
0.014866,-4.716216
0.014868,-4.85491
0.01487,-4.947373
0.014872,-4.993604
0.014874,-5.0398355
0.014876,-5.0398355
0.014878,-4.993604
0.01488,-4.947373
0.014882,-4.85491
0.014884,-4.7624474
0.014886,-4.577522
0.014888,-4.4388275
0.01489,-4.2539024
0.014892,-4.068977
0.014894,-3.8378198
0.014896,-3.5604317
0.014898,-3.2830436
0.0149,-2.9594238
0.014902,-2.6820357
0.014904,-2.3121846
0.014906,-1.9885652
0.014908,-1.6187139
0.01491,-1.2950945
0.014912,-0.9252434
0.014914,-0.5091615
0.014916,-0.13931036
0.0149179995,0.23054075
0.01492,0.64662313
0.014922,1.0164738
0.014924,1.3863249
0.014926,1.7099442
0.014928,2.0797954
0.01493,2.4034152
0.014932,2.727035
0.014934,3.050654
0.014936,3.3280425
0.014938,3.605431
0.01494,3.8828197
0.014942,4.113976
0.014944,4.3451324
0.014946,4.483826
0.014948,4.622521
0.01495,4.7612157
0.014952,4.8999095
0.014954,4.946141
0.014956,4.992371
0.014958,5.0386033
0.01496,5.0386033
0.014962,4.992371
0.014964,4.8999095
0.014966,4.807446
0.014968,4.7149835
0.01497,4.5762897
0.014972,4.3913646
0.014974,4.2064385
0.014976,3.9752812
0.014978,3.744125
0.0149799995,3.4667363
0.014982,3.1893477
0.014984,2.8657289
0.014986,2.542109
0.014988,2.2184901
0.01499,1.8486385
0.014992,1.5250192
0.014994,1.1551685
0.014996,0.7853174
0.014998,0.4154663
0.015,0.045615196
0.015002,-0.3704667
0.015004,-0.7403178
0.015006,-1.1101689
0.015008,-1.48002
0.01501,-1.8036394
0.015012,-2.1734905
0.015014,-2.4971101
0.015016,-2.8207297
0.015018,-3.1443493
0.01502,-3.4217377
0.015022,-3.6991258
0.015024,-3.9302826
0.015026,-4.1614394
0.015028,-4.3925962
0.01503,-4.5312905
0.015032,-4.669985
0.015034,-4.8086786
0.015036,-4.9011416
0.015038,-4.947373
0.01504,-4.993604
0.0150419995,-5.0398355
0.015044,-4.993604
0.015046,-4.947373
0.015048,-4.9011416
0.01505,-4.7624474
0.015052,-4.669985
0.015054,-4.4850593
0.015056,-4.346365
0.015058,-4.115208
0.01506,-3.8840513
0.015062,-3.6528945
0.015064,-3.3755062
0.015066,-3.098118
0.015068,-2.7744985
0.01507,-2.4508786
0.015072,-2.081028
0.015074,-1.7574081
0.015076,-1.387557
0.015078,-1.0177064
0.01508,-0.6478553
0.015082,-0.27800417
0.015084,0.13807821
0.015086,0.50792885
0.015088,0.87777996
0.01509,1.2476311
0.015092,1.5712504
0.015094,1.9411016
0.015096,2.3109517
0.015098,2.6345725
0.0151,2.9581914
0.015102,3.23558
0.0151039995,3.5591989
0.015106,3.7903562
0.015108,4.0215135
0.01511,4.252671
0.015112,4.437596
0.015114,4.5762897
0.015116,4.7149835
0.015118,4.8536773
0.01512,4.946141
0.015122,4.992371
0.015124,5.0386033
0.015126,5.0386033
0.015128,4.992371
0.01513,4.946141
0.015132,4.8536773
0.015134,4.7612157
0.015136,4.622521
0.015138,4.437596
0.01514,4.298901
0.015142,4.0677447
0.015144,3.8365874
0.015146,3.5591989
0.015148,3.2818112
0.01515,2.9581914
0.015152,2.6808028
0.015154,2.3109517
0.015156,1.9873328
0.015158,1.6174817
0.01516,1.2938623
0.0151619995,0.92401123
0.015164,0.5541601
0.0151659995,0.13807821
0.015168,-0.2317729
0.01517,-0.601624
0.015172,-0.9714751
0.015174,-1.3413262
0.015176,-1.7111769
0.015178,-2.0347965
0.01518,-2.4046474
0.015182,-2.728267
0.015184,-3.0518866
0.015186,-3.329275
0.015188,-3.6066632
0.01519,-3.8840513
0.015192,-4.115208
0.015194,-4.3001337
0.015196,-4.4850593
0.015198,-4.623753
0.0152,-4.7624474
0.015202,-4.85491
0.015204,-4.947373
0.015206,-4.993604
0.015208,-5.0398355
0.01521,-4.993604
0.015212,-4.993604
0.015214,-4.9011416
0.015216,-4.8086786
0.015218,-4.716216
0.01522,-4.5312905
0.015222,-4.3925962
0.0152239995,-4.2076707
0.015226,-3.976514
0.015228,-3.745357
0.01523,-3.467969
0.015232,-3.1905808
0.015234,-2.866961
0.015236,-2.5433414
0.015238,-2.2197218
0.01524,-1.8498712
0.015242,-1.48002
0.015244,-1.1564007
0.015246,-0.78654957
0.015248,-0.41669846
0.01525,-6.160736E-4
0.015252,0.36923456
0.015254,0.7390857
0.015256,1.1089368
0.015258,1.4787879
0.01526,1.8486385
0.015262,2.172258
0.015264,2.542109
0.015266,2.8657289
0.015268,3.1431174
0.01527,3.4667363
0.015272,3.6978936
0.015274,3.9752812
0.015276,4.2064385
0.015278,4.3913646
0.01528,4.5300584
0.015282,4.668752
0.015284,4.807446
0.0152859995,4.8999095
0.015288,4.992371
0.01529,5.0386033
0.015292,5.0386033
0.015294,4.992371
0.015296,4.946141
0.015298,4.8999095
0.0153,4.807446
0.015302,4.668752
0.015304,4.483826
0.015306,4.3451324
0.015308,4.1602073
0.01531,3.8828197
0.015312,3.6516623
0.015314,3.3742738
0.015316,3.0968862
0.015318,2.7732663
0.01532,2.4496465
0.015322,2.0797954
0.015324,1.756176
0.015326,1.4325566
0.015328,1.0164738
0.01533,0.64662313
0.015332,0.27677202
0.015334,-0.09307861
0.015336,-0.46292973
0.015338,-0.8790121
0.01534,-1.2488632
0.015342,-1.5724826
0.015344,-1.9423337
0.015346,-2.2659533
0.0153479995,-2.6358042
0.01535,-2.9131925
0.015352,-3.236812
0.015354,-3.5142004
0.015356,-3.7915885
0.015358,-4.022745
0.01536,-4.2539024
0.015362,-4.4388275
0.015364,-4.577522
0.015366,-4.716216
0.015368,-4.85491
0.01537,-4.947373
0.015372,-4.993604
0.015374,-4.993604
0.015376,-5.0398355
0.015378,-4.993604
0.01538,-4.947373
0.015382,-4.85491
0.015384,-4.716216
0.015386,-4.577522
0.015388,-4.4388275
0.01539,-4.2539024
0.015392,-4.068977
0.015394,-3.8378198
0.015396,-3.5604317
0.015398,-3.2830436
0.0154,-2.9594238
0.015402,-2.6820357
0.015404,-2.3121846
0.0154059995,-1.9885652
0.015408,-1.6187139
0.0154099995,-1.2950945
0.015412,-0.9252434
0.015414,-0.5091615
0.015416,-0.13931036
0.015418,0.23054075
0.01542,0.64662313
0.015422,1.0164738
0.015424,1.3863249
0.015426,1.7099442
0.015428,2.0797954
0.01543,2.4034152
0.015432,2.727035
0.015434,3.050654
0.015436,3.3280425
0.015438,3.605431
0.01544,3.8828197
0.015442,4.113976
0.015444,4.3451324
0.015446,4.483826
0.015448,4.622521
0.01545,4.7612157
0.015452,4.8999095
0.015454,4.946141
0.015456,4.992371
0.015458,5.0386033
0.01546,5.0386033
0.015462,4.992371
0.015464,4.8999095
0.015466,4.807446
0.0154679995,4.7149835
0.01547,4.5762897
0.0154719995,4.3913646
0.015474,4.2064385
0.015476,3.9752812
0.015478,3.744125
0.01548,3.4667363
0.015482,3.1893477
0.015484,2.8657289
0.015486,2.542109
0.015488,2.2184901
0.01549,1.8486385
0.015492,1.5250192
0.015494,1.1551685
0.015496,0.7853174
0.015498,0.4154663
0.0155,0.045615196
0.015502,-0.3704667
0.015504,-0.7403178
0.015506,-1.1101689
0.015508,-1.48002
0.01551,-1.8036394
0.015512,-2.1734905
0.015514,-2.4971101
0.015516,-2.8207297
0.015518,-3.1443493
0.01552,-3.4217377
0.015522,-3.6991258
0.015524,-3.9302826
0.015526,-4.1614394
0.015528,-4.3925962
0.0155299995,-4.5312905
0.015532,-4.669985
0.015534,-4.8086786
0.015536,-4.9011416
0.015538,-4.947373
0.01554,-4.993604
0.015542,-5.0398355
0.015544,-4.993604
0.015546,-4.947373
0.015548,-4.9011416
0.01555,-4.7624474
0.015552,-4.669985
0.015554,-4.4850593
0.015556,-4.346365
0.015558,-4.115208
0.01556,-3.8840513
0.015562,-3.6528945
0.015564,-3.3755062
0.015566,-3.098118
0.015568,-2.7744985
0.01557,-2.4508786
0.015572,-2.081028
0.015574,-1.7574081
0.015576,-1.387557
0.015578,-1.0177064
0.01558,-0.6478553
0.015582,-0.27800417
0.015584,0.13807821
0.015586,0.50792885
0.015588,0.87777996
0.01559,1.2476311
0.0155919995,1.5712504
0.015594,1.9411016
0.015596,2.3109517
0.015598,2.6345725
0.0156,2.9581914
0.015602,3.23558
0.015604,3.5129685
0.015606,3.7903562
0.015608,4.0215135
0.01561,4.252671
0.015612,4.437596
0.015614,4.5762897
0.015616,4.7149835
0.015618,4.8536773
0.01562,4.946141
0.015622,4.992371
0.015624,5.0386033
0.015626,5.0386033
0.015628,4.992371
0.01563,4.946141
0.015632,4.8536773
0.015634,4.7612157
0.015636,4.622521
0.015638,4.437596
0.01564,4.298901
0.015642,4.0677447
0.015644,3.8365874
0.015646,3.5591989
0.015648,3.2818112
0.01565,2.9581914
0.015651999,2.6808028
0.015654,2.3109517
0.015656,1.9873328
0.015658,1.6174817
0.01566,1.2938623
0.015662,0.92401123
0.015664,0.5541601
0.015666,0.13807821
0.015668,-0.2317729
0.01567,-0.601624
0.015672,-0.9714751
0.015674,-1.3413262
0.015676,-1.7111769
0.015678,-2.0347965
0.01568,-2.4046474
0.015682,-2.728267
0.015684,-3.0518866
0.015686,-3.329275
0.015688,-3.6066632
0.01569,-3.8840513
0.015692,-4.115208
0.015694,-4.3001337
0.015696,-4.4850593
0.015698,-4.623753
0.0157,-4.7624474
0.015702,-4.85491
0.015704,-4.947373
0.015706,-4.993604
0.015708,-5.0398355
0.01571,-4.993604
0.015712,-4.993604
0.015713999,-4.9011416
0.015716,-4.8086786
0.015718,-4.716216
0.01572,-4.5312905
0.015722,-4.3925962
0.015724,-4.2076707
0.015726,-3.976514
0.015728,-3.745357
0.01573,-3.467969
0.015732,-3.1905808
0.015734,-2.866961
0.015736,-2.5433414
0.015738,-2.2197218
0.01574,-1.8498712
0.015742,-1.48002
0.015744,-1.1564007
0.015746,-0.78654957
0.015748,-0.41669846
0.01575,0.13807821
0.015752,1.6637135
0.015754,3.1893477
0.015756,4.298901
0.015758,4.807446
0.01576,4.807446
0.015762,4.2064385
0.015764,3.050654
0.015766,1.5250192
0.015768,-0.18554163
0.01577,-1.8036394
0.015772,-3.329275
0.015774,-4.3925962
0.015775999,-4.9011416
0.015778,-4.8086786
0.01578,-4.1614394
0.015782,-3.0056553
0.015784,-1.48002
0.015786,0.27677202
0.015788,1.9411016
0.01579,3.420505
0.015792,4.437596
0.015794,4.8999095
0.015796,4.7612157
0.015798,4.0677447
0.0158,2.8657289
0.015802,1.3400936
0.015804,-0.41669846
0.015806,-2.0347965
0.015808,-3.467969
0.01581,-4.4850593
0.015812,-4.9011416
0.015814,-4.716216
0.015816,-4.022745
0.015818,-2.7744985
0.01582,-1.202632
0.015822,0.5541601
0.015824,2.172258
0.015826,3.605431
0.015828,4.5300584
0.01583,4.8999095
0.015832,4.7149835
0.015834,3.92905
0.015836,2.6345725
0.015837999,1.0627055
0.01584,-0.6478553
0.015842,-2.2659533
0.015844,-3.6528945
0.015846,-4.577522
0.015848,-4.9011416
0.01585,-4.669985
0.015852,-3.8840513
0.015854,-2.589573
0.015856,-0.9714751
0.015858,0.7853174
0.01586,2.4034152
0.015862,3.744125
0.015864,4.622521
0.015866,4.8999095
0.015868,4.622521
0.01587,3.7903562
0.015872,2.4496465
0.015874,0.8315482
0.015876,-0.8790121
0.015878,-2.4508786
0.01588,-3.8378198
0.015882,-4.623753
0.015884,-4.9011416
0.015886,-4.577522
0.015888,-3.6991258
0.01589,-2.3584158
0.015892,-0.694087
0.015894,1.0164738
0.015896,2.6345725
0.015898,3.92905
0.015899999,4.7149835
0.015902,4.8999095
0.015904,4.5300584
0.015906,3.605431
0.015908,2.2184901
0.01591,0.60039186
0.015912,-1.1101689
0.015914,-2.6820357
0.015916,-3.976514
0.015918,-4.716216
0.01592,-4.9011416
0.015922,-4.4850593
0.015924,-3.5604317
0.015926,-2.1272593
0.015928,-0.46292973
0.01593,1.2938623
0.015932,2.8194976
0.015934,4.0677447
0.015936,4.7612157
0.015938,4.8999095
0.01594,4.437596
0.015942,3.420505
0.015944,1.9873328
0.015946,0.36923456
0.015948,-1.3413262
0.01595,-2.9131925
0.015952,-4.115208
0.015954,-4.7624474
0.015956,-4.85491
0.015958,-4.3925962
0.01596,-3.3755062
0.015962,-1.8961024
0.015964,-0.2317729
0.015966,1.4787879
0.015968,3.050654
0.01597,4.2064385
0.015972,4.807446
0.015974,4.8536773
0.015976,4.3451324
0.015978,3.23558
0.01598,1.756176
0.015982,0.091846466
0.015984,-1.5724826
0.015986,-3.098118
0.015988,-4.2539024
0.01599,-4.85491
0.015992,-4.85491
0.015994,-4.3001337
0.015996,-3.1905808
0.015998,-1.6649456
0.016,0.045615196
0.016002,1.7099442
0.016004,3.23558
0.016006,4.3451324
0.016008,4.8536773
0.01601,4.807446
0.016012,4.2064385
0.016014,3.050654
0.016016,1.5250192
0.016018,-0.13931036
0.01602,-1.8036394
0.016022,-3.2830436
0.016024,-4.3925962
0.016026,-4.85491
0.016028,-4.8086786
0.01603,-4.1614394
0.016032,-3.0056553
0.016034,-1.4337888
0.016036,0.27677202
0.016038,1.9873328
0.01604,3.420505
0.016042,4.437596
0.016044,4.8999095
0.016046,4.7612157
0.016048,4.0677447
0.01605,2.8657289
0.016052,1.3400936
0.016054,-0.41669846
0.016056,-2.0347965
0.016058,-3.467969
0.01606,-4.4388275
0.016062,-4.9011416
0.016064,-4.716216
0.016066,-4.022745
0.016068,-2.7744985
0.01607,-1.202632
0.016072,0.5541601
0.016074,2.172258
0.016076,3.605431
0.016078,4.5300584
0.01608,4.8999095
0.016082,4.7149835
0.016084,3.92905
0.016086,2.6345725
0.016088,1.1089368
0.01609,-0.6478553
0.016092,-2.2659533
0.016094,-3.6528945
0.016096,-4.577522
0.016098,-4.9011416
0.0161,-4.669985
0.016102,-3.8840513
0.016104,-2.589573
0.016106,-0.9714751
0.016108,0.7853174
0.01611,2.4034152
0.016112,3.744125
0.016114,4.622521
0.016116,4.946141
0.016118,4.622521
0.01612,3.7903562
0.016122,2.4496465
0.016124,0.8315482
0.016126,-0.8790121
0.016128,-2.4508786
0.01613,-3.8378198
0.016132,-4.623753
0.016134,-4.9011416
0.016136,-4.577522
0.016138,-3.6991258
0.016139999,-2.3584158
0.016142,-0.694087
0.016144,1.0164738
0.016146,2.6345725
0.016148,3.92905
0.01615,4.7149835
0.016152,4.8999095
0.016154,4.5300584
0.016156,3.605431
0.016158,2.2184901
0.01616,0.60039186
0.016162,-1.1101689
0.016164,-2.6820357
0.016166,-3.976514
0.016168,-4.716216
0.01617,-4.9011416
0.016172,-4.4850593
0.016174,-3.5604317
0.016176,-2.1272593
0.016178,-0.46292973
0.01618,1.2938623
0.016182,2.8194976
0.016184,4.0677447
0.016186,4.7612157
0.016188,4.8999095
0.01619,4.437596
0.016192,3.420505
0.016194,1.9873328
0.016196,0.36923456
0.016198,-1.3413262
0.0162,-2.9131925
0.016201999,-4.115208
0.016204,-4.7624474
0.016206,-4.85491
0.016208,-4.3925962
0.01621,-3.3755062
0.016212,-1.8961024
0.016214,-0.2317729
0.016216,1.4787879
0.016218,3.050654
0.01622,4.2064385
0.016222,4.807446
0.016224,4.8536773
0.016226,4.3451324
0.016228,3.23558
0.01623,1.756176
0.016232,0.091846466
0.016234,-1.5724826
0.016236,-3.098118
0.016238,-4.2539024
0.01624,-4.85491
0.016242,-4.85491
0.016244,-4.3001337
0.016246,-3.1905808
0.016248,-1.6649456
0.01625,0.045615196
0.016252,1.756176
0.016254,3.23558
0.016256,4.3451324
0.016258,4.8536773
0.01626,4.807446
0.016262,4.2064385
0.016263999,3.050654
0.016266,1.5250192
0.016268,-0.13931036
0.01627,-1.8036394
0.016272,-3.2830436
0.016274,-4.3925962
0.016276,-4.85491
0.016278,-4.8086786
0.01628,-4.1614394
0.016282,-3.0056553
0.016284,-1.4337888
0.016286,0.27677202
0.016288,1.9873328
0.01629,3.420505
0.016292,4.437596
0.016294,4.8999095
0.016296,4.7612157
0.016298,4.0677447
0.0163,2.8657289
0.016302,1.3400936
0.016304,-0.41669846
0.016306,-2.0347965
0.016308,-3.467969
0.01631,-4.4388275
0.016312,-4.9011416
0.016314,-4.716216
0.016316,-4.022745
0.016318,-2.7744985
0.01632,-1.202632
0.016322,0.5541601
0.016324,2.172258
0.016325999,3.605431
0.016328,4.5300584
0.01633,4.8999095
0.016332,4.7149835
0.016334,3.92905
0.016336,2.6808028
0.016338,1.0627055
0.01634,-0.6478553
0.016342,-2.2659533
0.016344,-3.6528945
0.016346,-4.577522
0.016348,-4.9011416
0.01635,-4.669985
0.016352,-3.8378198
0.016354,-2.589573
0.016356,-0.9714751
0.016358,0.7853174
0.01636,2.4034152
0.016362,3.744125
0.016364,4.622521
0.016366,4.8999095
0.016368,4.622521
0.01637,3.7903562
0.016372,2.4496465
0.016374,0.8315482
0.016376,-0.8790121
0.016378,-2.4508786
0.01638,-3.8378198
0.016382,-4.623753
0.016384,-4.9011416
0.016386,-4.577522
0.016387999,-3.6991258
0.01639,-2.3584158
0.016392,-0.694087
0.016394,1.0164738
0.016396,2.6345725
0.016398,3.92905
0.0164,4.7149835
0.016402,4.8999095
0.016404,4.5300584
0.016406,3.605431
0.016408,2.2184901
0.01641,0.60039186
0.016412,-1.1101689
0.016414,-2.6820357
0.016416,-3.976514
0.016418,-4.716216
0.01642,-4.9011416
0.016422,-4.4850593
0.016424,-3.5142004
0.016426,-2.1272593
0.016428,-0.46292973
0.01643,1.2938623
0.016432,2.8194976
0.016434,4.0677447
0.016436,4.7612157
0.016438,4.8999095
0.01644,4.437596
0.016442,3.420505
0.016444,1.9873328
0.016446,0.36923456
0.016448,-1.387557
0.016449999,-2.9131925
0.016452,-4.115208
0.016454,-4.7624474
0.016456,-4.85491
0.016458,-4.3925962
0.01646,-3.3755062
0.016462,-1.8961024
0.016464,-0.2317729
0.016466,1.4787879
0.016468,3.050654
0.01647,4.2064385
0.016472,4.807446
0.016474,4.8536773
0.016476,4.3451324
0.016478,3.23558
0.01648,1.756176
0.016482,0.091846466
0.016484,-1.5724826
0.016486,-3.098118
0.016488,-4.2539024
0.01649,-4.85491
0.016492,-4.85491
0.016494,-4.3001337
0.016496,-3.1905808
0.016498,-1.6649456
0.0165,0.045615196
0.016502,1.756176
0.016504,3.23558
0.016506,4.3451324
0.016508,4.8536773
0.01651,4.807446
0.016512,4.2064385
0.016514,3.050654
0.016516,1.5250192
0.016518,-0.13931036
0.01652,-1.8036394
0.016522,-3.2830436
0.016524,-4.3925962
0.016526,-4.85491
0.016528,-4.8086786
0.01653,-4.1614394
0.016532,-3.0056553
0.016534,-1.4337888
0.016536,0.27677202
0.016538,1.9873328
0.01654,3.420505
0.016542,4.437596
0.016544,4.8999095
0.016546,4.7612157
0.016548,4.0677447
0.01655,2.8657289
0.016552,1.3400936
0.016554,-0.41669846
0.016556,-2.0347965
0.016558,-3.467969
0.01656,-4.4388275
0.016562,-4.9011416
0.016564,-4.716216
0.016566,-4.022745
0.016568,-2.7744985
0.01657,-1.202632
0.016572,0.5541601
0.016574,2.172258
0.016576,3.605431
0.016578,4.5300584
0.01658,4.8999095
0.016582,4.7149835
0.016584,3.92905
0.016586,2.6345725
0.016588,1.0627055
0.01659,-0.6478553
0.016592,-2.2659533
0.016594,-3.6528945
0.016596,-4.577522
0.016598,-4.9011416
0.0166,-4.669985
0.016602,-3.8378198
0.016604,-2.589573
0.016606,-0.9714751
0.016608,0.7853174
0.01661,2.4034152
0.016612,3.744125
0.016614,4.622521
0.016616,4.946141
0.016618,4.622521
0.01662,3.7903562
0.016622,2.4496465
0.016624,0.8315482
0.016626,-0.8790121
0.016628,-2.4508786
0.01663,-3.8378198
0.016632,-4.623753
0.016634,-4.9011416
0.016636,-4.577522
0.016638,-3.6991258
0.01664,-2.3584158
0.016642,-0.694087
0.016644,1.0164738
0.016646,2.6345725
0.016648,3.92905
0.01665,4.7149835
0.016652,4.8999095
0.016654,4.5300584
0.016656,3.605431
0.016658,2.2184901
0.01666,0.60039186
0.016662,-1.1101689
0.016664,-2.6820357
0.016666,-3.976514
0.016668,-4.716216
0.01667,-4.9011416
0.016672,-4.4850593
0.016674,-3.5142004
0.016676,-2.1272593
0.016678,-0.46292973
0.01668,1.2938623
0.016682,2.8194976
0.016684,4.0677447
0.016686,4.7612157
0.016688,4.8999095
0.016689999,4.437596
0.016692,3.420505
0.016694,1.9873328
0.016696,0.36923456
0.016698,-1.387557
0.0167,-2.9131925
0.016702,-4.115208
0.016704,-4.7624474
0.016706,-4.85491
0.016708,-4.3925962
0.01671,-3.3755062
0.016712,-1.8961024
0.016714,-0.2317729
0.016716,1.4787879
0.016718,3.050654
0.01672,4.2064385
0.016722,4.807446
0.016724,4.8536773
0.016726,4.3451324
0.016728,3.23558
0.01673,1.756176
0.016732,0.091846466
0.016734,-1.5724826
0.016736,-3.098118
0.016738,-4.2539024
0.01674,-4.85491
0.016742,-4.85491
0.016744,-4.3001337
0.016746,-3.1905808
0.016748,-1.6649456
0.01675,-0.09307861
0.016751999,0.4154663
0.016754,0.7853174
0.016756,1.1551685
0.016758,1.5250192
0.01676,1.8486385
0.016762,2.2184901
0.016764,2.542109
0.016766,2.8657289
0.016768,3.1893477
0.01677,3.4667363
0.016772,3.744125
0.016774,3.9752812
0.016776,4.2064385
0.016778,4.3913646
0.01678,4.5300584
0.016782,4.7149835
0.016784,4.807446
0.016786,4.8999095
0.016788,4.992371
0.01679,5.0386033
0.016792,5.0386033
0.016794,5.0386033
0.016796,4.992371
0.016798,4.8999095
0.0168,4.807446
0.016802,4.668752
0.016804,4.483826
0.016806,4.3451324
0.016808,4.1602073
0.01681,3.92905
0.016812,3.6516623
0.016813999,3.3742738
0.016816,3.0968862
0.016818,2.7732663
0.01682,2.4496465
0.016822,2.126027
0.016824,1.756176
0.016826,1.4325566
0.016828,1.0164738
0.01683,0.64662313
0.016832,0.27677202
0.016834,-0.09307861
0.016836,-0.46292973
0.016838,-0.8790121
0.01684,-1.2488632
0.016842,-1.5724826
0.016844,-1.9423337
0.016846,-2.2659533
0.016848,-2.6358042
0.01685,-2.9131925
0.016852,-3.236812
0.016854,-3.5142004
0.016856,-3.7915885
0.016858,-4.022745
0.01686,-4.2539024
0.016862,-4.4388275
0.016864,-4.577522
0.016866,-4.716216
0.016868,-4.85491
0.01687,-4.947373
0.016872,-4.993604
0.016874,-5.0398355
0.016875999,-5.0398355
0.016878,-4.993604
0.01688,-4.947373
0.016882,-4.85491
0.016884,-4.716216
0.016886,-4.577522
0.016888,-4.4388275
0.01689,-4.2539024
0.016892,-4.068977
0.016894,-3.8378198
0.016896,-3.5604317
0.016898,-3.2830436
0.0169,-2.9594238
0.016902,-2.6820357
0.016904,-2.3121846
0.016906,-1.9885652
0.016908,-1.6187139
0.01691,-1.2950945
0.016912,-0.8790121
0.016914,-0.5091615
0.016916,-0.13931036
0.016918,0.23054075
0.01692,0.64662313
0.016922,1.0164738
0.016924,1.3863249
0.016926,1.7099442
0.016928,2.0797954
0.01693,2.4034152
0.016932,2.727035
0.016934,3.050654
0.016936,3.3280425
0.016937999,3.605431
0.01694,3.8828197
0.016942,4.113976
0.016944,4.3451324
0.016946,4.483826
0.016948,4.622521
0.01695,4.7612157
0.016952,4.8999095
0.016954,4.946141
0.016956,4.992371
0.016958,5.0386033
0.01696,5.0386033
0.016962,4.992371
0.016964,4.8999095
0.016966,4.807446
0.016968,4.7149835
0.01697,4.5762897
0.016972,4.3913646
0.016974,4.2064385
0.016976,3.9752812
0.016978,3.744125
0.01698,3.4667363
0.016982,3.1893477
0.016984,2.8657289
0.016986,2.542109
0.016988,2.2184901
0.01699,1.8486385
0.016992,1.5250192
0.016994,1.1551685
0.016996,0.7853174
0.016998,0.4154663
0.016999999,0.045615196
0.017002,-0.3704667
0.017004,-0.7403178
0.017006,-1.1101689
0.017008,-1.48002
0.01701,-1.8036394
0.017012,-2.1734905
0.017014,-2.4971101
0.017016,-2.8207297
0.017018,-3.1443493
0.01702,-3.4217377
0.017022,-3.6991258
0.017024,-3.9302826
0.017026,-4.1614394
0.017028,-4.3925962
0.01703,-4.5312905
0.017032,-4.669985
0.017034,-4.8086786
0.017036,-4.9011416
0.017038,-4.947373
0.01704,-4.993604
0.017042,-5.0398355
0.017044,-4.993604
0.017046,-4.947373
0.017048,-4.9011416
0.01705,-4.7624474
0.017052,-4.669985
0.017054,-4.4850593
0.017056,-4.346365
0.017058,-4.115208
0.01706,-3.8840513
0.017061999,-3.6528945
0.017064,-3.3755062
0.017066,-3.098118
0.017068,-2.7744985
0.01707,-2.4508786
0.017072,-2.081028
0.017074,-1.7574081
0.017076,-1.387557
0.017078,-1.0177064
0.01708,-0.6478553
0.017082,-0.27800417
0.017084,0.13807821
0.017086,0.50792885
0.017088,0.87777996
0.01709,1.2476311
0.017092,1.6174817
0.017094,1.9411016
0.017096,2.3109517
0.017098,2.6345725
0.0171,2.9581914
0.017102,3.23558
0.017104,3.5591989
0.017106,3.7903562
0.017108,4.0215135
0.01711,4.252671
0.017112,4.437596
0.017114,4.5762897
0.017116,4.7149835
0.017118,4.8536773
0.01712,4.946141
0.017122,4.992371
0.017124,5.0386033
0.017126,5.0386033
0.017128,4.992371
0.01713,4.946141
0.017132,4.8536773
0.017134,4.7612157
0.017136,4.622521
0.017138,4.437596
0.01714,4.298901
0.017142,4.0677447
0.017144,3.8365874
0.017146,3.5591989
0.017148,3.2818112
0.01715,2.9581914
0.017152,2.6808028
0.017154,2.3109517
0.017156,1.9873328
0.017158,1.6174817
0.01716,1.2938623
0.017162,0.92401123
0.017164,0.5541601
0.017166,0.13807821
0.017168,-0.2317729
0.01717,-0.601624
0.017172,-0.9714751
0.017174,-1.3413262
0.017176,-1.7111769
0.017178,-2.0347965
0.01718,-2.4046474
0.017182,-2.728267
0.017184,-3.0518866
0.017186,-3.329275
0.017188,-3.6066632
0.01719,-3.8840513
0.017192,-4.115208
0.017194,-4.3001337
0.017196,-4.4850593
0.017198,-4.623753
0.0172,-4.7624474
0.017202,-4.85491
0.017204,-4.947373
0.017206,-4.993604
0.017208,-5.0398355
0.01721,-4.993604
0.017212,-4.993604
0.017214,-4.9011416
0.017216,-4.8086786
0.017218,-4.716216
0.01722,-4.5312905
0.017222,-4.3925962
0.017224,-4.2076707
0.017226,-3.976514
0.017228,-3.745357
0.01723,-3.467969
0.017232,-3.1905808
0.017234,-2.866961
0.017236,-2.5433414
0.017238,-2.2197218
0.017239999,-1.8498712
0.017242,-1.48002
0.017244,-1.1564007
0.017246,-0.78654957
0.017248,-0.41669846
0.01725,-6.160736E-4
0.017252,0.36923456
0.017254,0.7390857
0.017256,1.1089368
0.017258,1.4787879
0.01726,1.8486385
0.017262,2.172258
0.017264,2.542109
0.017266,2.8657289
0.017268,3.1431174
0.01727,3.4667363
0.017272,3.6978936
0.017274,3.9752812
0.017276,4.2064385
0.017278,4.3913646
0.01728,4.5300584
0.017282,4.668752
0.017284,4.807446
0.017286,4.8999095
0.017288,4.992371
0.01729,5.0386033
0.017292,5.0386033
0.017294,4.992371
0.017296,4.946141
0.017298,4.8999095
0.0173,4.807446
0.017301999,4.668752
0.017304,4.483826
0.017306,4.3451324
0.017308,4.113976
0.01731,3.8828197
0.017312,3.6516623
0.017314,3.3742738
0.017316,3.0968862
0.017318,2.7732663
0.01732,2.4496465
0.017322,2.0797954
0.017324,1.756176
0.017326,1.3863249
0.017328,1.0164738
0.01733,0.64662313
0.017332,0.27677202
0.017334,-0.09307861
0.017336,-0.46292973
0.017338,-0.8790121
0.01734,-1.2488632
0.017342,-1.5724826
0.017344,-1.9423337
0.017346,-2.2659533
0.017348,-2.6358042
0.01735,-2.9131925
0.017352,-3.236812
0.017354,-3.5142004
0.017356,-3.7915885
0.017358,-4.022745
0.01736,-4.2539024
0.017362,-4.4388275
0.017363999,-4.577522
0.017366,-4.716216
0.017368,-4.85491
0.01737,-4.947373
0.017372,-4.993604
0.017374,-5.0398355
0.017376,-4.993604
0.017378,-4.993604
0.01738,-4.947373
0.017382,-4.85491
0.017384,-4.716216
0.017386,-4.577522
0.017388,-4.4388275
0.01739,-4.2539024
0.017392,-4.068977
0.017394,-3.8378198
0.017396,-3.5604317
0.017398,-3.2830436
0.0174,-2.9594238
0.017402,-2.6358042
0.017404,-2.3121846
0.017406,-1.9885652
0.017408,-1.6187139
0.01741,-1.2950945
0.017412,-0.8790121
0.017414,-0.5091615
0.017416,-0.13931036
0.017418,0.23054075
0.01742,0.64662313
0.017422,1.0164738
0.017424,1.3863249
0.017425999,1.7099442
0.017428,2.0797954
0.01743,2.4034152
0.017432,2.727035
0.017434,3.050654
0.017436,3.3280425
0.017438,3.605431
0.01744,3.8828197
0.017442,4.113976
0.017444,4.3451324
0.017446,4.483826
0.017448,4.622521
0.01745,4.7612157
0.017452,4.8999095
0.017454,4.946141
0.017456,4.992371
0.017458,5.0386033
0.01746,5.0386033
0.017462,4.992371
0.017464,4.8999095
0.017466,4.807446
0.017468,4.7149835
0.01747,4.5762897
0.017472,4.3913646
0.017474,4.2064385
0.017476,3.9752812
0.017478,3.744125
0.01748,3.4667363
0.017482,3.1893477
0.017484,2.8657289
0.017486,2.542109
0.017487999,2.2184901
0.01749,1.8486385
0.017492,1.5250192
0.017494,1.1551685
0.017496,0.7853174
0.017498,0.4154663
0.0175,0.045615196
0.017502,-0.3704667
0.017504,-0.7403178
0.017506,-1.1101689
0.017508,-1.48002
0.01751,-1.8036394
0.017512,-2.1734905
0.017514,-2.4971101
0.017516,-2.8207297
0.017518,-3.1443493
0.01752,-3.4217377
0.017522,-3.6991258
0.017524,-3.9302826
0.017526,-4.1614394
0.017528,-4.3925962
0.01753,-4.5312905
0.017532,-4.669985
0.017534,-4.8086786
0.017536,-4.9011416
0.017538,-4.947373
0.01754,-4.993604
0.017542,-5.0398355
0.017544,-4.993604
0.017546,-4.947373
0.017548,-4.9011416
0.017549999,-4.7624474
0.017552,-4.669985
0.017554,-4.4850593
0.017556,-4.346365
0.017558,-4.115208
0.01756,-3.8840513
0.017562,-3.6528945
0.017564,-3.3755062
0.017566,-3.098118
0.017568,-2.7744985
0.01757,-2.4508786
0.017572,-2.081028
0.017574,-1.7574081
0.017576,-1.387557
0.017578,-1.0177064
0.01758,-0.6478553
0.017582,-0.27800417
0.017584,0.13807821
0.017586,0.50792885
0.017588,0.87777996
0.01759,1.2476311
0.017592,1.6174817
0.017594,1.9411016
0.017596,2.3109517
0.017598,2.6345725
0.0176,2.9581914
0.017602,3.23558
0.017604,3.5591989
0.017606,3.7903562
0.017608,4.0215135
0.01761,4.252671
0.017611999,4.437596
0.017614,4.5762897
0.017616,4.7149835
0.017618,4.8536773
0.01762,4.946141
0.017622,4.992371
0.017624,5.0386033
0.017626,5.0386033
0.017628,4.992371
0.01763,4.946141
0.017632,4.8536773
0.017634,4.7612157
0.017636,4.622521
0.017638,4.437596
0.01764,4.298901
0.017642,4.0677447
0.017644,3.8365874
0.017646,3.5591989
0.017648,3.2818112
0.01765,2.9581914
0.017652,2.6808028
0.017654,2.3109517
0.017656,1.9873328
0.017658,1.6174817
0.01766,1.2938623
0.017662,0.92401123
0.017664,0.5541601
0.017666,0.13807821
0.017668,-0.2317729
0.01767,-0.601624
0.017672,-0.9714751
0.017674,-1.3413262
0.017676,-1.7111769
0.017678,-2.0347965
0.01768,-2.4046474
0.017682,-2.728267
0.017684,-3.0518866
0.017686,-3.329275
0.017688,-3.6066632
0.01769,-3.8840513
0.017692,-4.115208
0.017694,-4.3001337
0.017696,-4.4850593
0.017698,-4.623753
0.0177,-4.7624474
0.017702,-4.85491
0.017704,-4.947373
0.017706,-4.993604
0.017708,-5.0398355
0.01771,-4.993604
0.017712,-4.993604
0.017714,-4.9011416
0.017716,-4.8086786
0.017718,-4.716216
0.01772,-4.5312905
0.017722,-4.3925962
0.017724,-4.2076707
0.017726,-3.976514
0.017728,-3.745357
0.01773,-3.467969
0.017732,-3.1905808
0.017734,-2.866961
0.017736,-2.5433414
0.017738,-2.2197218
0.01774,-1.8498712
0.017742,-1.48002
0.017744,-1.1564007
0.017746,-0.78654957
0.017748,-0.41669846
0.01775,0.13807821
0.017752,1.7099442
0.017754,3.1893477
0.017756,4.298901
0.017758,4.807446
0.01776,4.807446
0.017762,4.1602073
0.017764,3.0044227
0.017766,1.5250192
0.017768,-0.18554163
0.01777,-1.8498712
0.017772,-3.329275
0.017774,-4.3925962
0.017776,-4.9011416
0.017778,-4.8086786
0.01778,-4.1614394
0.017782,-3.0056553
0.017784,-1.48002
0.017786,0.27677202
0.017788,1.9411016
0.01779,3.420505
0.017792,4.437596
0.017794,4.8999095
0.017796,4.7612157
0.017798,4.0677447
0.0178,2.8657289
0.017802,1.2938623
0.017804,-0.41669846
0.017806,-2.0347965
0.017808,-3.467969
0.01781,-4.4850593
0.017812,-4.9011416
0.017814,-4.716216
0.017816,-4.022745
0.017818,-2.7744985
0.01782,-1.202632
0.017822,0.5541601
0.017824,2.2184901
0.017826,3.605431
0.017828,4.5300584
0.01783,4.8999095
0.017832,4.7149835
0.017834,3.92905
0.017836,2.6345725
0.017838,1.0627055
0.01784,-0.6478553
0.017842,-2.2659533
0.017844,-3.6528945
0.017846,-4.577522
0.017848,-4.9011416
0.01785,-4.669985
0.017851999,-3.8378198
0.017854,-2.589573
0.017856,-0.9714751
0.017858,0.7853174
0.01786,2.4034152
0.017862,3.744125
0.017864,4.622521
0.017866,4.8999095
0.017868,4.622521
0.01787,3.7903562
0.017872,2.4496465
0.017874,0.8315482
0.017876,-0.8790121
0.017878,-2.4971101
0.01788,-3.8378198
0.017882,-4.669985
0.017884,-4.9011416
0.017886,-4.577522
0.017888,-3.6991258
0.01789,-2.3584158
0.017892,-0.694087
0.017894,1.0627055
0.017896,2.6345725
0.017898,3.92905
0.0179,4.7149835
0.017902,4.8999095
0.017904,4.5300584
0.017906,3.605431
0.017908,2.2184901
0.01791,0.60039186
0.017912,-1.1564007
0.017913999,-2.6820357
0.017916,-3.976514
0.017918,-4.716216
0.01792,-4.9011416
0.017922,-4.4850593
0.017924,-3.5142004
0.017926,-2.1272593
0.017928,-0.46292973
0.01793,1.2938623
0.017932,2.8657289
0.017934,4.0677447
0.017936,4.7612157
0.017938,4.8999095
0.01794,4.437596
0.017942,3.420505
0.017944,1.9873328
0.017946,0.3230033
0.017948,-1.387557
0.01795,-2.9131925
0.017952,-4.115208
0.017954,-4.7624474
0.017956,-4.85491
0.017958,-4.3925962
0.01796,-3.3755062
0.017962,-1.8961024
0.017964,-0.18554163
0.017966,1.5250192
0.017968,3.050654
0.01797,4.2064385
0.017972,4.807446
0.017974,4.8536773
0.017975999,4.3451324
0.017978,3.23558
0.01798,1.756176
0.017982,0.091846466
0.017984,-1.5724826
0.017986,-3.098118
0.017988,-4.2539024
0.01799,-4.85491
0.017992,-4.85491
0.017994,-4.2539024
0.017996,-3.1905808
0.017998,-1.6649456
0.018,0.045615196
0.018002,1.756176
0.018004,3.23558
0.018006,4.3451324
0.018008,4.8536773
0.01801,4.807446
0.018012,4.2064385
0.018014,3.050654
0.018016,1.5250192
0.018018,-0.13931036
0.01802,-1.8036394
0.018022,-3.2830436
0.018024,-4.3925962
0.018026,-4.85491
0.018028,-4.8086786
0.01803,-4.1614394
0.018032,-2.9594238
0.018034,-1.4337888
0.018036,0.27677202
0.018037999,1.9873328
0.01804,3.420505
0.018042,4.437596
0.018044,4.8999095
0.018046,4.7612157
0.018048,4.0677447
0.01805,2.8657289
0.018052,1.3400936
0.018054,-0.41669846
0.018056,-2.0347965
0.018058,-3.467969
0.01806,-4.4850593
0.018062,-4.9011416
0.018064,-4.716216
0.018066,-4.022745
0.018068,-2.7744985
0.01807,-1.202632
0.018072,0.5541601
0.018074,2.2184901
0.018076,3.605431
0.018078,4.5300584
0.01808,4.8999095
0.018082,4.7149835
0.018084,3.92905
0.018086,2.6345725
0.018088,1.0627055
0.01809,-0.6478553
0.018092,-2.2659533
0.018094,-3.6528945
0.018096,-4.577522
0.018098,-4.9011416
0.018099999,-4.669985
0.018102,-3.8378198
0.018104,-2.589573
0.018106,-0.9714751
0.018108,0.7853174
0.01811,2.4034152
0.018112,3.7903562
0.018114,4.622521
0.018116,4.8999095
0.018118,4.622521
0.01812,3.744125
0.018122,2.4496465
0.018124,0.8315482
0.018126,-0.8790121
0.018128,-2.4971101
0.01813,-3.8378198
0.018132,-4.623753
0.018134,-4.9011416
0.018136,-4.577522
0.018138,-3.6991258
0.01814,-2.3584158
0.018142,-0.694087
0.018144,1.0627055
0.018146,2.6345725
0.018148,3.92905
0.01815,4.7149835
0.018152,4.8999095
0.018154,4.5300584
0.018156,3.605431
0.018158,2.2184901
0.01816,0.60039186
0.018161999,-1.1564007
0.018164,-2.6820357
0.018166,-3.976514
0.018168,-4.716216
0.01817,-4.9011416
0.018172,-4.4850593
0.018174,-3.5142004
0.018176,-2.1272593
0.018178,-0.46292973
0.01818,1.2938623
0.018182,2.8657289
0.018184,4.0677447
0.018186,4.7612157
0.018188,4.8999095
0.01819,4.437596
0.018192,3.420505
0.018194,1.9873328
0.018196,0.3230033
0.018198,-1.387557
0.0182,-2.9131925
0.018202,-4.115208
0.018204,-4.7624474
0.018206,-4.85491
0.018208,-4.3925962
0.01821,-3.3755062
0.018212,-1.8961024
0.018214,-0.18554163
0.018216,1.5250192
0.018218,3.050654
0.01822,4.2064385
0.018222,4.807446
0.018223999,4.8536773
0.018226,4.3451324
0.018228,3.23558
0.01823,1.756176
0.018232,0.091846466
0.018234,-1.5724826
0.018236,-3.098118
0.018238,-4.2539024
0.01824,-4.85491
0.018242,-4.85491
0.018244,-4.2539024
0.018246,-3.1905808
0.018248,-1.6649456
0.01825,0.045615196
0.018252,1.756176
0.018254,3.23558
0.018256,4.3451324
0.018258,4.8536773
0.01826,4.807446
0.018262,4.2064385
0.018264,3.050654
0.018266,1.5250192
0.018268,-0.13931036
0.01827,-1.8036394
0.018272,-3.2830436
0.018274,-4.3925962
0.018276,-4.85491
0.018278,-4.8086786
0.01828,-4.1614394
0.018282,-2.9594238
0.018284,-1.4337888
0.018286,0.3230033
0.018288,1.9873328
0.01829,3.420505
0.018292,4.437596
0.018294,4.8999095
0.018296,4.7612157
0.018298,4.0677447
0.0183,2.8657289
0.018302,1.3400936
0.018304,-0.41669846
0.018306,-2.0347965
0.018308,-3.467969
0.01831,-4.4388275
0.018312,-4.9011416
0.018314,-4.716216
0.018316,-4.022745
0.018318,-2.7744985
0.01832,-1.202632
0.018322,0.5541601
0.018324,2.2184901
0.018326,3.605431
0.018328,4.5300584
0.01833,4.8999095
0.018332,4.7149835
0.018334,3.92905
0.018336,2.6345725
0.018338,1.0627055
0.01834,-0.6478553
0.018342,-2.2659533
0.018344,-3.6528945
0.018346,-4.577522
0.018348,-4.9011416
0.01835,-4.669985
0.018352,-3.8378198
0.018354,-2.589573
0.018356,-0.9714751
0.018358,0.7853174
0.01836,2.4034152
0.018362,3.7903562
0.018364,4.622521
0.018366,4.946141
0.018368,4.622521
0.01837,3.7903562
0.018372,2.4496465
0.018374,0.8315482
0.018376,-0.8790121
0.018378,-2.4971101
0.01838,-3.8378198
0.018382,-4.623753
0.018384,-4.9011416
0.018386,-4.577522
0.018388,-3.6991258
0.01839,-2.3584158
0.018392,-0.694087
0.018394,1.0627055
0.018396,2.6345725
0.018398,3.92905
0.0184,4.7149835
0.018401999,4.8999095
0.018404,4.5300584
0.018406,3.605431
0.018408,2.2184901
0.01841,0.60039186
0.018412,-1.1564007
0.018414,-2.6820357
0.018416,-3.976514
0.018418,-4.716216
0.01842,-4.9011416
0.018422,-4.4850593
0.018424,-3.5142004
0.018426,-2.1272593
0.018428,-0.46292973
0.01843,1.2938623
0.018432,2.8657289
0.018434,4.0677447
0.018436,4.7612157
0.018438,4.8999095
0.01844,4.437596
0.018442,3.420505
0.018444,1.9873328
0.018446,0.3230033
0.018448,-1.387557
0.01845,-2.9131925
0.018452,-4.115208
0.018454,-4.7624474
0.018456,-4.85491
0.018458,-4.3925962
0.01846,-3.3755062
0.018462,-1.8961024
0.018463999,-0.18554163
0.018466,1.5250192
0.018468,3.050654
0.01847,4.2064385
0.018472,4.807446
0.018474,4.8536773
0.018476,4.3451324
0.018478,3.23558
0.01848,1.756176
0.018482,0.091846466
0.018484,-1.5724826
0.018486,-3.098118
0.018488,-4.2539024
0.01849,-4.85491
0.018492,-4.85491
0.018494,-4.2539024
0.018496,-3.1905808
0.018498,-1.6649456
0.0185,0.045615196
0.018502,1.756176
0.018504,3.23558
0.018506,4.3451324
0.018508,4.8536773
0.01851,4.807446
0.018512,4.2064385
0.018514,3.050654
0.018516,1.5250192
0.018518,-0.13931036
0.01852,-1.8036394
0.018522,-3.2830436
0.018524,-4.3925962
0.018525999,-4.85491
0.018528,-4.8086786
0.01853,-4.1614394
0.018532,-2.9594238
0.018534,-1.4337888
0.018536,0.3230033
0.018538,1.9873328
0.01854,3.420505
0.018542,4.437596
0.018544,4.8999095
0.018546,4.7612157
0.018548,4.0677447
0.01855,2.8657289
0.018552,1.2938623
0.018554,-0.41669846
0.018556,-2.0347965
0.018558,-3.467969
0.01856,-4.4850593
0.018562,-4.9011416
0.018564,-4.716216
0.018566,-4.022745
0.018568,-2.7744985
0.01857,-1.202632
0.018572,0.5541601
0.018574,2.2184901
0.018576,3.605431
0.018578,4.5300584
0.01858,4.8999095
0.018582,4.7149835
0.018584,3.92905
0.018586,2.6345725
0.018587999,1.0627055
0.01859,-0.6478553
0.018592,-2.2659533
0.018594,-3.6528945
0.018596,-4.577522
0.018598,-4.9011416
0.0186,-4.669985
0.018602,-3.8378198
0.018604,-2.5433414
0.018606,-0.9714751
0.018608,0.7853174
0.01861,2.4034152
0.018612,3.7903562
0.018614,4.622521
0.018616,4.8999095
0.018618,4.622521
0.01862,3.7903562
0.018622,2.4496465
0.018624,0.8315482
0.018626,-0.8790121
0.018628,-2.4971101
0.01863,-3.8378198
0.018632,-4.669985
0.018634,-4.9011416
0.018636,-4.577522
0.018638,-3.6991258
0.01864,-2.3584158
0.018642,-0.694087
0.018644,1.0627055
0.018646,2.6345725
0.018648,3.92905
0.018649999,4.7149835
0.018652,4.8999095
0.018654,4.5300584
0.018656,3.605431
0.018658,2.2184901
0.01866,0.60039186
0.018662,-1.1564007
0.018664,-2.6820357
0.018666,-3.976514
0.018668,-4.716216
0.01867,-4.9011416
0.018672,-4.4850593
0.018674,-3.5142004
0.018676,-2.1272593
0.018678,-0.46292973
0.01868,1.2938623
0.018682,2.8657289
0.018684,4.0677447
0.018686,4.7612157
0.018688,4.8999095
0.01869,4.437596
0.018692,3.420505
0.018694,1.9873328
0.018696,0.3230033
0.018698,-1.387557
0.0187,-2.9131925
0.018702,-4.115208
0.018704,-4.7624474
0.018706,-4.85491
0.018708,-4.3925962
0.01871,-3.3755062
0.018711999,-1.8961024
0.018714,-0.18554163
0.018716,1.5250192
0.018718,3.050654
0.01872,4.2064385
0.018722,4.807446
0.018724,4.8536773
0.018726,4.3451324
0.018728,3.23558
0.01873,1.756176
0.018732,0.091846466
0.018734,-1.5724826
0.018736,-3.098118
0.018738,-4.2539024
0.01874,-4.85491
0.018742,-4.85491
0.018744,-4.2539024
0.018746,-3.1905808
0.018748,-1.6649456
0.01875,-0.09307861
0.018752,0.4154663
0.018754,0.7853174
0.018756,1.1551685
0.018758,1.5250192
0.01876,1.8948698
0.018762,2.2184901
0.018764,2.542109
0.018766,2.8657289
0.018768,3.1893477
0.01877,3.4667363
0.018772,3.744125
0.018773999,3.9752812
0.018776,4.2064385
0.018778,4.3913646
0.01878,4.5762897
0.018782,4.7149835
0.018784,4.807446
0.018786,4.946141
0.018788,4.992371
0.01879,5.0386033
0.018792,5.0386033
0.018794,5.0386033
0.018796,4.992371
0.018798,4.8999095
0.0188,4.807446
0.018802,4.668752
0.018804,4.483826
0.018806,4.3451324
0.018808,4.1602073
0.01881,3.8828197
0.018812,3.6516623
0.018814,3.3742738
0.018816,3.0968862
0.018818,2.7732663
0.01882,2.4496465
0.018822,2.126027
0.018824,1.756176
0.018826,1.4325566
0.018828,1.0164738
0.01883,0.64662313
0.018832,0.27677202
0.018834,-0.09307861
0.018836,-0.46292973
0.018838,-0.8790121
0.01884,-1.2488632
0.018842,-1.5724826
0.018844,-1.9423337
0.018846,-2.2659533
0.018848,-2.6358042
0.01885,-2.9594238
0.018852,-3.236812
0.018854,-3.5142004
0.018856,-3.7915885
0.018858,-4.022745
0.01886,-4.2539024
0.018862,-4.4388275
0.018864,-4.577522
0.018866,-4.716216
0.018868,-4.85491
0.01887,-4.947373
0.018872,-4.993604
0.018874,-4.993604
0.018876,-4.993604
0.018878,-4.993604
0.01888,-4.947373
0.018882,-4.85491
0.018884,-4.716216
0.018886,-4.577522
0.018888,-4.4388275
0.01889,-4.2539024
0.018892,-4.068977
0.018894,-3.7915885
0.018896,-3.5604317
0.018898,-3.2830436
0.0189,-2.9594238
0.018902,-2.6358042
0.018904,-2.3121846
0.018906,-1.9885652
0.018908,-1.6187139
0.01891,-1.2950945
0.018912,-0.8790121
0.018914,-0.5091615
0.018916,-0.13931036
0.018918,0.23054075
0.01892,0.64662313
0.018922,1.0164738
0.018924,1.3863249
0.018926,1.7099442
0.018928,2.0797954
0.01893,2.4034152
0.018932,2.727035
0.018934,3.050654
0.018936,3.3742738
0.018938,3.605431
0.01894,3.8828197
0.018942,4.113976
0.018944,4.3451324
0.018946,4.483826
0.018948,4.622521
0.01895,4.7612157
0.018951999,4.8999095
0.018954,4.946141
0.018956,4.992371
0.018958,5.0386033
0.01896,5.0386033
0.018962,4.992371
0.018964,4.8999095
0.018966,4.807446
0.018968,4.7149835
0.01897,4.5300584
0.018972,4.3913646
0.018974,4.2064385
0.018976,3.9752812
0.018978,3.744125
0.01898,3.4667363
0.018982,3.1893477
0.018984,2.8657289
0.018986,2.542109
0.018988,2.2184901
0.01899,1.8486385
0.018992,1.5250192
0.018994,1.1551685
0.018996,0.7853174
0.018998,0.4154663
0.019,0.045615196
0.019002,-0.3704667
0.019004,-0.7403178
0.019006,-1.1101689
0.019008,-1.48002
0.01901,-1.8036394
0.019012,-2.1734905
0.019013999,-2.4971101
0.019016,-2.8207297
0.019018,-3.1443493
0.01902,-3.4217377
0.019022,-3.6991258
0.019024,-3.976514
0.019026,-4.1614394
0.019028,-4.3925962
0.01903,-4.5312905
0.019032,-4.669985
0.019034,-4.8086786
0.019036,-4.9011416
0.019038,-4.947373
0.01904,-4.993604
0.019042,-5.0398355
0.019044,-4.993604
0.019046,-4.947373
0.019048,-4.9011416
0.01905,-4.7624474
0.019052,-4.623753
0.019054,-4.4850593
0.019056,-4.346365
0.019058,-4.115208
0.01906,-3.8840513
0.019062,-3.6528945
0.019064,-3.3755062
0.019066,-3.098118
0.019068,-2.7744985
0.01907,-2.4508786
0.019072,-2.081028
0.019074,-1.7574081
0.019075999,-1.387557
0.019078,-1.0177064
0.01908,-0.6478553
0.019082,-0.27800417
0.019084,0.13807821
0.019086,0.50792885
0.019088,0.87777996
0.01909,1.2476311
0.019092,1.6174817
0.019094,1.9411016
0.019096,2.3109517
0.019098,2.6345725
0.0191,2.9581914
0.019102,3.23558
0.019104,3.5591989
0.019106,3.7903562
0.019108,4.0215135
0.01911,4.252671
0.019112,4.437596
0.019114,4.5762897
0.019116,4.7149835
0.019118,4.8536773
0.01912,4.946141
0.019122,4.992371
0.019124,5.0386033
0.019126,5.0386033
0.019128,4.992371
0.01913,4.946141
0.019132,4.8536773
0.019134,4.7612157
0.019136,4.622521
0.019137999,4.437596
0.01914,4.298901
0.019142,4.0677447
0.019144,3.8365874
0.019146,3.5591989
0.019148,3.2818112
0.01915,2.9581914
0.019152,2.6808028
0.019154,2.3109517
0.019156,1.9873328
0.019158,1.6174817
0.01916,1.2938623
0.019162,0.92401123
0.019164,0.5541601
0.019166,0.13807821
0.019168,-0.2317729
0.01917,-0.601624
0.019172,-0.9714751
0.019174,-1.3413262
0.019176,-1.7111769
0.019178,-2.0347965
0.01918,-2.4046474
0.019182,-2.728267
0.019184,-3.0518866
0.019186,-3.329275
0.019188,-3.6066632
0.01919,-3.8840513
0.019192,-4.115208
0.019194,-4.3001337
0.019196,-4.4850593
0.019198,-4.623753
0.019199999,-4.7624474
0.019202,-4.85491
0.019204,-4.947373
0.019206,-4.993604
0.019208,-5.0398355
0.01921,-4.993604
0.019212,-4.993604
0.019214,-4.9011416
0.019216,-4.8086786
0.019218,-4.716216
0.01922,-4.5312905
0.019222,-4.3925962
0.019224,-4.2076707
0.019226,-3.976514
0.019228,-3.745357
0.01923,-3.467969
0.019232,-3.1905808
0.019234,-2.866961
0.019236,-2.5433414
0.019238,-2.2197218
0.01924,-1.8498712
0.019242,-1.48002
0.019244,-1.1564007
0.019246,-0.78654957
0.019248,-0.41669846
0.01925,-6.160736E-4
0.019252,0.36923456
0.019254,0.7390857
0.019256,1.1089368
0.019258,1.4787879
0.01926,1.8486385
0.019261999,2.172258
0.019264,2.542109
0.019266,2.8657289
0.019268,3.1431174
0.01927,3.4667363
0.019272,3.6978936
0.019274,3.9752812
0.019276,4.2064385
0.019278,4.3913646
0.01928,4.5300584
0.019282,4.668752
0.019284,4.807446
0.019286,4.8999095
0.019288,4.992371
0.01929,5.0386033
0.019292,5.0386033
0.019294,4.992371
0.019296,4.946141
0.019298,4.8999095
0.0193,4.807446
0.019302,4.668752
0.019304,4.483826
0.019306,4.3451324
0.019308,4.113976
0.01931,3.8828197
0.019312,3.6516623
0.019314,3.3742738
0.019316,3.0968862
0.019318,2.7732663
0.01932,2.4496465
0.019322,2.0797954
0.019323999,1.756176
0.019326,1.3863249
0.019328,1.0164738
0.01933,0.64662313
0.019332,0.27677202
0.019334,-0.09307861
0.019336,-0.5091615
0.019338,-0.8790121
0.01934,-1.2488632
0.019342,-1.5724826
0.019344,-1.9423337
0.019346,-2.2659533
0.019348,-2.6358042
0.01935,-2.9594238
0.019352,-3.236812
0.019354,-3.5142004
0.019356,-3.7915885
0.019358,-4.022745
0.01936,-4.2539024
0.019362,-4.4388275
0.019364,-4.577522
0.019366,-4.716216
0.019368,-4.85491
0.01937,-4.947373
0.019372,-4.993604
0.019374,-5.0398355
0.019376,-5.0398355
0.019378,-4.993604
0.01938,-4.947373
0.019382,-4.85491
0.019384,-4.716216
0.019385999,-4.577522
0.019388,-4.4388275
0.01939,-4.2539024
0.019392,-4.068977
0.019394,-3.8378198
0.019396,-3.5604317
0.019398,-3.2830436
0.0194,-2.9594238
0.019402,-2.6358042
0.019404,-2.3121846
0.019406,-1.9885652
0.019408,-1.6187139
0.01941,-1.2950945
0.019412,-0.8790121
0.019414,-0.5091615
0.019416,-0.13931036
0.019418,0.23054075
0.01942,0.64662313
0.019422,1.0164738
0.019424,1.3863249
0.019426,1.7099442
0.019428,2.0797954
0.01943,2.4034152
0.019432,2.727035
0.019434,3.050654
0.019436,3.3742738
0.019438,3.6516623
0.01944,3.8828197
0.019442,4.113976
0.019444,4.3451324
0.019446,4.483826
0.019448,4.622521
0.01945,4.7612157
0.019452,4.8999095
0.019454,4.946141
0.019456,4.992371
0.019458,5.0386033
0.01946,5.0386033
0.019462,4.992371
0.019464,4.8999095
0.019466,4.807446
0.019468,4.7149835
0.01947,4.5300584
0.019472,4.3913646
0.019474,4.2064385
0.019476,3.9752812
0.019478,3.744125
0.01948,3.4667363
0.019482,3.1893477
0.019484,2.8657289
0.019486,2.542109
0.019488,2.2184901
0.01949,1.8486385
0.019492,1.5250192
0.019494,1.1551685
0.019496,0.7853174
0.019498,0.4154663
0.0195,0.045615196
0.019501999,-0.3704667
0.019504,-0.7403178
0.019506,-1.1101689
0.019508,-1.48002
0.01951,-1.8036394
0.019512,-2.1734905
0.019514,-2.4971101
0.019516,-2.8207297
0.019518,-3.1443493
0.01952,-3.4217377
0.019522,-3.6991258
0.019524,-3.976514
0.019526,-4.1614394
0.019528,-4.3925962
0.01953,-4.5312905
0.019532,-4.669985
0.019534,-4.8086786
0.019536,-4.9011416
0.019538,-4.993604
0.01954,-4.993604
0.019542,-5.0398355
0.019544,-4.993604
0.019546,-4.947373
0.019548,-4.9011416
0.01955,-4.7624474
0.019552,-4.669985
0.019554,-4.4850593
0.019556,-4.346365
0.019558,-4.115208
0.01956,-3.8840513
0.019562,-3.6528945
0.019563999,-3.3755062
0.019566,-3.098118
0.019568,-2.7744985
0.01957,-2.4508786
0.019572,-2.081028
0.019574,-1.7574081
0.019576,-1.387557
0.019578,-1.0177064
0.01958,-0.6478553
0.019582,-0.27800417
0.019584,0.13807821
0.019586,0.50792885
0.019588,0.87777996
0.01959,1.2476311
0.019592,1.6174817
0.019594,1.9411016
0.019596,2.3109517
0.019598,2.6345725
0.0196,2.9581914
0.019602,3.23558
0.019604,3.5591989
0.019606,3.7903562
0.019608,4.0215135
0.01961,4.252671
0.019612,4.437596
0.019614,4.5762897
0.019616,4.7149835
0.019618,4.8536773
0.01962,4.946141
0.019622,4.992371
0.019624,5.0386033
0.019625999,5.0386033
0.019628,4.992371
0.01963,4.946141
0.019632,4.8536773
0.019634,4.7612157
0.019636,4.622521
0.019638,4.437596
0.01964,4.298901
0.019642,4.0677447
0.019644,3.8365874
0.019646,3.5591989
0.019648,3.2818112
0.01965,2.9581914
0.019652,2.6808028
0.019654,2.3109517
0.019656,1.9873328
0.019658,1.6174817
0.01966,1.2938623
0.019662,0.92401123
0.019664,0.5541601
0.019666,0.13807821
0.019668,-0.2317729
0.01967,-0.601624
0.019672,-0.9714751
0.019674,-1.3413262
0.019676,-1.7111769
0.019678,-2.0347965
0.01968,-2.4046474
0.019682,-2.728267
0.019684,-3.0518866
0.019686,-3.329275
0.019687999,-3.6066632
0.01969,-3.8840513
0.019692,-4.115208
0.019694,-4.3001337
0.019696,-4.4850593
0.019698,-4.623753
0.0197,-4.7624474
0.019702,-4.85491
0.019704,-4.947373
0.019706,-4.993604
0.019708,-5.0398355
0.01971,-4.993604
0.019712,-4.993604
0.019714,-4.9011416
0.019716,-4.8086786
0.019718,-4.669985
0.01972,-4.5312905
0.019722,-4.3925962
0.019724,-4.2076707
0.019726,-3.976514
0.019728,-3.745357
0.01973,-3.467969
0.019732,-3.1905808
0.019734,-2.866961
0.019736,-2.5433414
0.019738,-2.2197218
0.01974,-1.8498712
0.019742,-1.48002
0.019744,-1.1564007
0.019746,-0.78654957
0.019748,-0.41669846
0.019749999,0.13807821
0.019752,1.7099442
0.019754,3.1893477
0.019756,4.298901
0.019758,4.8536773
0.01976,4.807446
0.019762,4.1602073
0.019764,3.0044227
0.019766,1.4787879
0.019768,-0.18554163
0.01977,-1.8498712
0.019772,-3.329275
0.019774,-4.3925962
0.019776,-4.9011416
0.019778,-4.8086786
0.01978,-4.1614394
0.019782,-3.0056553
0.019784,-1.4337888
0.019786,0.27677202
0.019788,1.9873328
0.01979,3.420505
0.019792,4.437596
0.019794,4.8999095
0.019796,4.7612157
0.019798,4.0677447
0.0198,2.8657289
0.019802,1.2938623
0.019804,-0.41669846
0.019806,-2.0347965
0.019808,-3.5142004
0.01981,-4.4850593
0.019811999,-4.9011416
0.019814,-4.716216
0.019816,-4.022745
0.019818,-2.7744985
0.01982,-1.202632
0.019822,0.5541601
0.019824,2.2184901
0.019826,3.605431
0.019828,4.5300584
0.01983,4.8999095
0.019832,4.7149835
0.019834,3.92905
0.019836,2.6345725
0.019838,1.0627055
0.01984,-0.6478553
0.019842,-2.2659533
0.019844,-3.6528945
0.019846,-4.577522
0.019848,-4.9011416
0.01985,-4.669985
0.019852,-3.8378198
0.019854,-2.5433414
0.019856,-0.9252434
0.019858,0.7853174
0.01986,2.4034152
0.019862,3.7903562
0.019864,4.622521
0.019866,4.8999095
0.019868,4.622521
0.01987,3.744125
0.019872,2.4496465
0.019873999,0.8315482
0.019876,-0.8790121
0.019878,-2.4971101
0.01988,-3.8378198
0.019882,-4.669985
0.019884,-4.9011416
0.019886,-4.577522
0.019888,-3.6991258
0.01989,-2.3584158
0.019892,-0.694087
0.019894,1.0627055
0.019896,2.6345725
0.019898,3.92905
0.0199,4.7149835
0.019902,4.8999095
0.019904,4.5300584
0.019906,3.605431
0.019908,2.2184901
0.01991,0.60039186
0.019912,-1.1564007
0.019914,-2.6820357
0.019916,-3.976514
0.019918,-4.716216
0.01992,-4.9011416
0.019922,-4.4850593
0.019924,-3.5142004
0.019926,-2.1272593
0.019928,-0.46292973
0.01993,1.2938623
0.019932,2.8657289
0.019934,4.0677447
0.019935999,4.7612157
0.019938,4.8999095
0.01994,4.437596
0.019942,3.420505
0.019944,1.9873328
0.019946,0.3230033
0.019948,-1.387557
0.01995,-2.9131925
0.019952,-4.115208
0.019954,-4.8086786
0.019956,-4.85491
0.019958,-4.3925962
0.01996,-3.329275
0.019962,-1.8961024
0.019964,-0.18554163
0.019966,1.5250192
0.019968,3.050654
0.01997,4.2064385
0.019972,4.807446
0.019974,4.8536773
0.019976,4.3451324
0.019978,3.23558
0.01998,1.756176
0.019982,0.091846466
0.019984,-1.5724826
0.019986,-3.098118
0.019988,-4.2539024
0.01999,-4.85491
0.019992,-4.85491
0.019994,-4.2539024
0.019996,-3.1443493
0.019998,-1.6649456
0.02,0.045615196
0.020002,1.756176
0.020004,3.23558
0.020006,4.3451324
0.020008,4.8536773
0.02001,4.807446
0.020012,4.2064385
0.020014,3.050654
0.020016,1.5250192
0.020018,-0.18554163
0.02002,-1.8036394
0.020022,-3.329275
0.020024,-4.3925962
0.020026,-4.85491
0.020028,-4.7624474
0.02003,-4.1614394
0.020032,-2.9594238
0.020034,-1.4337888
0.020036,0.3230033
0.020038,1.9873328
0.02004,3.420505
0.020042,4.437596
0.020044,4.8999095
0.020046,4.7612157
0.020048,4.0677447
0.02005,2.8657289
0.020052,1.2938623
0.020054,-0.41669846
0.020056,-2.0347965
0.020058,-3.5142004
0.02006,-4.4850593
0.020062,-4.9011416
0.020064,-4.716216
0.020066,-4.022745
0.020068,-2.7744985
0.02007,-1.202632
0.020072,0.5541601
0.020074,2.2184901
0.020076,3.605431
0.020078,4.5300584
0.02008,4.8999095
0.020082,4.7149835
0.020084,3.92905
0.020086,2.6345725
0.020088,1.0627055
0.02009,-0.6478553
0.020092,-2.2659533
0.020094,-3.6528945
0.020096,-4.577522
0.020098,-4.9011416
0.0201,-4.669985
0.020102,-3.8378198
0.020104,-2.5433414
0.020106,-0.9252434
0.020108,0.7853174
0.02011,2.4496465
0.020112,3.7903562
0.020113999,4.622521
0.020116,4.946141
0.020118,4.622521
0.02012,3.744125
0.020122,2.4496465
0.020124,0.8315482
0.020126,-0.8790121
0.020128,-2.4971101
0.02013,-3.8378198
0.020132,-4.669985
0.020134,-4.9011416
0.020136,-4.577522
0.020138,-3.6991258
0.02014,-2.3584158
0.020142,-0.694087
0.020144,1.0627055
0.020146,2.6345725
0.020148,3.92905
0.02015,4.7149835
0.020152,4.8999095
0.020154,4.5300584
0.020156,3.605431
0.020158,2.2184901
0.02016,0.60039186
0.020162,-1.1564007
0.020164,-2.6820357
0.020166,-3.976514
0.020168,-4.716216
0.02017,-4.9011416
0.020172,-4.4850593
0.020174,-3.5142004
0.020175999,-2.1272593
0.020178,-0.46292973
0.02018,1.2938623
0.020182,2.8657289
0.020184,4.0677447
0.020186,4.7612157
0.020188,4.8999095
0.02019,4.437596
0.020192,3.420505
0.020194,1.9873328
0.020196,0.3230033
0.020198,-1.387557
0.0202,-2.9131925
0.020202,-4.115208
0.020204,-4.8086786
0.020206,-4.85491
0.020208,-4.3925962
0.02021,-3.329275
0.020212,-1.8961024
0.020214,-0.18554163
0.020216,1.5250192
0.020218,3.050654
0.02022,4.2064385
0.020222,4.807446
0.020224,4.8536773
0.020226,4.3451324
0.020228,3.23558
0.02023,1.756176
0.020232,0.091846466
0.020234,-1.5724826
0.020236,-3.098118
0.020237999,-4.2539024
0.02024,-4.85491
0.020242,-4.85491
0.020244,-4.2539024
0.020246,-3.1443493
0.020248,-1.6649456
0.02025,0.045615196
0.020252,1.756176
0.020254,3.23558
0.020256,4.3451324
0.020258,4.8536773
0.02026,4.807446
0.020262,4.2064385
0.020264,3.050654
0.020266,1.5250192
0.020268,-0.18554163
0.02027,-1.8036394
0.020272,-3.2830436
0.020274,-4.3925962
0.020276,-4.85491
0.020278,-4.8086786
0.02028,-4.1614394
0.020282,-2.9594238
0.020284,-1.4337888
0.020286,0.3230033
0.020288,1.9873328
0.02029,3.420505
0.020292,4.437596
0.020294,4.8999095
0.020296,4.7612157
0.020298,4.0677447
0.020299999,2.8657289
0.020302,1.2938623
0.020304,-0.41669846
0.020306,-2.0347965
0.020308,-3.5142004
0.02031,-4.4850593
0.020312,-4.9011416
0.020314,-4.716216
0.020316,-4.022745
0.020318,-2.7744985
0.02032,-1.202632
0.020322,0.5541601
0.020324,2.2184901
0.020326,3.605431
0.020328,4.5300584
0.02033,4.8999095
0.020332,4.7149835
0.020334,3.92905
0.020336,2.6345725
0.020338,1.0627055
0.02034,-0.6478553
0.020342,-2.2659533
0.020344,-3.6528945
0.020346,-4.577522
0.020348,-4.9011416
0.02035,-4.669985
0.020352,-3.8378198
0.020354,-2.5433414
0.020356,-0.9252434
0.020358,0.7853174
0.02036,2.4496465
0.020361999,3.7903562
0.020364,4.622521
0.020366,4.8999095
0.020368,4.622521
0.02037,3.744125
0.020372,2.4034152
0.020374,0.8315482
0.020376,-0.9252434
0.020378,-2.4971101
0.02038,-3.8378198
0.020382,-4.669985
0.020384,-4.9011416
0.020386,-4.577522
0.020388,-3.6991258
0.02039,-2.3584158
0.020392,-0.694087
0.020394,1.0627055
0.020396,2.6345725
0.020398,3.92905
0.0204,4.7149835
0.020402,4.8999095
0.020404,4.5300584
0.020406,3.605431
0.020408,2.2184901
0.02041,0.60039186
0.020412,-1.1564007
0.020414,-2.6820357
0.020416,-3.976514
0.020418,-4.716216
0.02042,-4.9011416
0.020422,-4.4850593
0.020423999,-3.5142004
0.020426,-2.1272593
0.020428,-0.46292973
0.02043,1.2938623
0.020432,2.8657289
0.020434,4.0677447
0.020436,4.7612157
0.020438,4.8999095
0.02044,4.437596
0.020442,3.420505
0.020444,1.9873328
0.020446,0.3230033
0.020448,-1.387557
0.02045,-2.9131925
0.020452,-4.115208
0.020454,-4.8086786
0.020456,-4.85491
0.020458,-4.3925962
0.02046,-3.329275
0.020462,-1.8961024
0.020464,-0.18554163
0.020466,1.5250192
0.020468,3.050654
0.02047,4.2064385
0.020472,4.807446
0.020474,4.8536773
0.020476,4.3451324
0.020478,3.23558
0.02048,1.756176
0.020482,0.091846466
0.020484,-1.5724826
0.020485999,-3.098118
0.020488,-4.2539024
0.02049,-4.85491
0.020492,-4.85491
0.020494,-4.2539024
0.020496,-3.1443493
0.020498,-1.6649456
0.0205,0.045615196
0.020502,1.756176
0.020504,3.23558
0.020506,4.3451324
0.020508,4.8536773
0.02051,4.807446
0.020512,4.2064385
0.020514,3.050654
0.020516,1.5250192
0.020518,-0.18554163
0.02052,-1.8036394
0.020522,-3.329275
0.020524,-4.3925962
0.020526,-4.85491
0.020528,-4.8086786
0.02053,-4.1614394
0.020532,-2.9594238
0.020534,-1.4337888
0.020536,0.3230033
0.020538,1.9873328
0.02054,3.420505
0.020542,4.437596
0.020544,4.8999095
0.020546,4.7612157
0.020548,4.0677447
0.02055,2.8657289
0.020552,1.2938623
0.020554,-0.41669846
0.020556,-2.0347965
0.020558,-3.5142004
0.02056,-4.4850593
0.020562,-4.9011416
0.020564,-4.716216
0.020566,-3.976514
0.020568,-2.7744985
0.02057,-1.202632
0.020572,0.5541601
0.020574,2.2184901
0.020576,3.605431
0.020578,4.5300584
0.02058,4.8999095
0.020582,4.7149835
0.020584,3.92905
0.020586,2.6345725
0.020588,1.0627055
0.02059,-0.6478553
0.020592,-2.2659533
0.020594,-3.6528945
0.020596,-4.577522
0.020598,-4.9011416
0.0206,-4.669985
0.020602,-3.8378198
0.020604,-2.5433414
0.020606,-0.9252434
0.020608,0.7853174
0.02061,2.4496465
0.020612,3.7903562
0.020614,4.622521
0.020616,4.8999095
0.020618,4.622521
0.02062,3.744125
0.020622,2.4496465
0.020624,0.8315482
0.020626,-0.9252434
0.020628,-2.4971101
0.02063,-3.8378198
0.020632,-4.669985
0.020634,-4.9011416
0.020636,-4.577522
0.020638,-3.6991258
0.02064,-2.3584158
0.020642,-0.694087
0.020644,1.0627055
0.020646,2.6345725
0.020648,3.92905
0.02065,4.7149835
0.020652,4.8999095
0.020654,4.5300584
0.020656,3.605431
0.020658,2.2184901
0.02066,0.60039186
0.020662,-1.1564007
0.020663999,-2.6820357
0.020666,-3.976514
0.020668,-4.716216
0.02067,-4.9011416
0.020672,-4.4850593
0.020674,-3.5142004
0.020676,-2.1272593
0.020678,-0.46292973
0.02068,1.2938623
0.020682,2.8657289
0.020684,4.0677447
0.020686,4.7612157
0.020688,4.8999095
0.02069,4.437596
0.020692,3.420505
0.020694,1.9873328
0.020696,0.3230033
0.020698,-1.387557
0.0207,-2.9131925
0.020702,-4.115208
0.020704,-4.8086786
0.020706,-4.85491
0.020708,-4.3925962
0.02071,-3.329275
0.020712,-1.8961024
0.020714,-0.18554163
0.020716,1.5250192
0.020718,3.050654
0.02072,4.2064385
0.020722,4.807446
0.020724,4.8536773
0.020725999,4.3451324
0.020728,3.23558
0.02073,1.756176
0.020732,0.091846466
0.020734,-1.5724826
0.020736,-3.098118
0.020738,-4.2539024
0.02074,-4.85491
0.020742,-4.85491
0.020744,-4.2539024
0.020746,-3.1443493
0.020748,-1.6649456
0.02075,-0.09307861
0.020752,0.4154663
0.020754,0.7853174
0.020756,1.1551685
0.020758,1.5250192
0.02076,1.8486385
0.020762,2.2184901
0.020764,2.542109
0.020766,2.8657289
0.020768,3.1893477
0.02077,3.4667363
0.020772,3.744125
0.020774,3.9752812
0.020776,4.2064385
0.020778,4.3913646
0.02078,4.5762897
0.020782,4.7149835
0.020784,4.807446
0.020786,4.8999095
0.020787999,4.992371
0.02079,5.0386033
0.020792,5.0386033
0.020794,5.0386033
0.020796,4.992371
0.020798,4.8999095
0.0208,4.807446
0.020802,4.668752
0.020804,4.483826
0.020806,4.3451324
0.020808,4.1602073
0.02081,3.8828197
0.020812,3.6516623
0.020814,3.3742738
0.020816,3.0968862
0.020818,2.7732663
0.02082,2.4496465
0.020822,2.0797954
0.020824,1.756176
0.020826,1.3863249
0.020828,1.0164738
0.02083,0.64662313
0.020832,0.27677202
0.020834,-0.09307861
0.020836,-0.5091615
0.020838,-0.8790121
0.02084,-1.2488632
0.020842,-1.5724826
0.020844,-1.9423337
0.020846,-2.2659533
0.020848,-2.6358042
0.020849999,-2.9594238
0.020852,-3.236812
0.020854,-3.5142004
0.020856,-3.7915885
0.020858,-4.022745
0.02086,-4.2539024
0.020862,-4.4388275
0.020864,-4.577522
0.020866,-4.716216
0.020868,-4.85491
0.02087,-4.947373
0.020872,-4.993604
0.020874,-4.993604
0.020876,-4.993604
0.020878,-4.993604
0.02088,-4.947373
0.020882,-4.85491
0.020884,-4.716216
0.020886,-4.577522
0.020888,-4.4388275
0.02089,-4.2539024
0.020892,-4.068977
0.020894,-3.8378198
0.020896,-3.5604317
0.020898,-3.2830436
0.0209,-2.9594238
0.020902,-2.6358042
0.020904,-2.3121846
0.020906,-1.9885652
0.020908,-1.6187139
0.02091,-1.2950945
0.020911999,-0.8790121
0.020914,-0.5091615
0.020916,-0.13931036
0.020918,0.23054075
0.02092,0.64662313
0.020922,1.0164738
0.020924,1.3863249
0.020926,1.7099442
0.020928,2.0797954
0.02093,2.4034152
0.020932,2.727035
0.020934,3.050654
0.020936,3.3742738
0.020938,3.6516623
0.02094,3.8828197
0.020942,4.113976
0.020944,4.3451324
0.020946,4.483826
0.020948,4.622521
0.02095,4.7612157
0.020952,4.8999095
0.020954,4.946141
0.020956,4.992371
0.020958,5.0386033
0.02096,5.0386033
0.020962,4.992371
0.020964,4.8999095
0.020966,4.807446
0.020968,4.7149835
0.02097,4.5300584
0.020972,4.3913646
0.020973999,4.2064385
0.020976,3.9752812
0.020978,3.744125
0.02098,3.4667363
0.020982,3.1893477
0.020984,2.8657289
0.020986,2.542109
0.020988,2.2184901
0.02099,1.8486385
0.020992,1.5250192
0.020994,1.1551685
0.020996,0.7853174
0.020998,0.4154663
0.021,0.045615196
0.021002,-0.3704667
0.021004,-0.7403178
0.021006,-1.1101689
0.021008,-1.48002
0.02101,-1.8036394
0.021012,-2.1734905
0.021014,-2.4971101
0.021016,-2.8207297
0.021018,-3.1443493
0.02102,-3.4217377
0.021022,-3.6991258
0.021024,-3.976514
0.021026,-4.1614394
0.021028,-4.3925962
0.02103,-4.5312905
0.021032,-4.669985
0.021034,-4.8086786
0.021035999,-4.9011416
0.021038,-4.947373
0.02104,-4.993604
0.021042,-5.0398355
0.021044,-4.993604
0.021046,-4.947373
0.021048,-4.9011416
0.02105,-4.7624474
0.021052,-4.623753
0.021054,-4.4850593
0.021056,-4.346365
0.021058,-4.115208
0.02106,-3.8840513
0.021062,-3.6528945
0.021064,-3.3755062
0.021066,-3.098118
0.021068,-2.7744985
0.02107,-2.4508786
0.021072,-2.081028
0.021074,-1.7574081
0.021076,-1.387557
0.021078,-1.0177064
0.02108,-0.6478553
0.021082,-0.27800417
0.021084,0.13807821
0.021086,0.50792885
0.021088,0.87777996
0.02109,1.2476311
0.021092,1.6174817
0.021094,1.9411016
0.021096,2.3109517
0.021097999,2.6345725
0.0211,2.9581914
0.021102,3.23558
0.021104,3.5591989
0.021106,3.7903562
0.021108,4.0215135
0.02111,4.252671
0.021112,4.437596
0.021114,4.5762897
0.021116,4.7149835
0.021118,4.8536773
0.02112,4.946141
0.021122,4.992371
0.021124,5.0386033
0.021126,5.0386033
0.021128,4.992371
0.02113,4.946141
0.021132,4.8536773
0.021134,4.7612157
0.021136,4.622521
0.021138,4.437596
0.02114,4.298901
0.021142,4.0677447
0.021144,3.8365874
0.021146,3.5591989
0.021148,3.2818112
0.02115,2.9581914
0.021152,2.6345725
0.021154,2.3109517
0.021156,1.9873328
0.021158,1.6174817
0.02116,1.2938623
0.021162,0.92401123
0.021164,0.5541601
0.021166,0.13807821
0.021168,-0.2317729
0.02117,-0.601624
0.021172,-0.9714751
0.021174,-1.3413262
0.021176,-1.7111769
0.021178,-2.0347965
0.02118,-2.4046474
0.021182,-2.728267
0.021184,-3.0518866
0.021186,-3.329275
0.021188,-3.6066632
0.02119,-3.8840513
0.021192,-4.115208
0.021194,-4.3001337
0.021196,-4.4850593
0.021198,-4.623753
0.0212,-4.7624474
0.021202,-4.85491
0.021204,-4.947373
0.021206,-4.993604
0.021208,-5.0398355
0.02121,-4.993604
0.021212,-4.993604
0.021213999,-4.9011416
0.021216,-4.8086786
0.021218,-4.669985
0.02122,-4.5312905
0.021222,-4.3925962
0.021224,-4.2076707
0.021226,-3.976514
0.021228,-3.745357
0.02123,-3.467969
0.021232,-3.1905808
0.021234,-2.866961
0.021236,-2.5433414
0.021238,-2.2197218
0.02124,-1.8498712
0.021242,-1.48002
0.021244,-1.1564007
0.021246,-0.78654957
0.021248,-0.3704667
0.02125,-6.160736E-4
0.021252,0.36923456
0.021254,0.7390857
0.021256,1.1551685
0.021258,1.4787879
0.02126,1.8486385
0.021262,2.172258
0.021264,2.542109
0.021266,2.8657289
0.021268,3.1431174
0.02127,3.4667363
0.021272,3.6978936
0.021274,3.9752812
0.021275999,4.2064385
0.021278,4.3913646
0.02128,4.5300584
0.021282,4.668752
0.021284,4.807446
0.021286,4.8999095
0.021288,4.992371
0.02129,5.0386033
0.021292,5.0386033
0.021294,4.992371
0.021296,4.946141
0.021298,4.8999095
0.0213,4.807446
0.021302,4.668752
0.021304,4.483826
0.021306,4.3451324
0.021308,4.113976
0.02131,3.8828197
0.021312,3.6516623
0.021314,3.3742738
0.021316,3.0968862
0.021318,2.7732663
0.02132,2.4496465
0.021322,2.0797954
0.021324,1.756176
0.021326,1.3863249
0.021328,1.0164738
0.02133,0.64662313
0.021332,0.27677202
0.021334,-0.09307861
0.021336,-0.5091615
0.021337999,-0.8790121
0.02134,-1.2488632
0.021342,-1.5724826
0.021344,-1.9423337
0.021346,-2.2659533
0.021348,-2.6358042
0.02135,-2.9594238
0.021352,-3.236812
0.021354,-3.5142004
0.021356,-3.7915885
0.021358,-4.022745
0.02136,-4.2539024
0.021362,-4.4388275
0.021364,-4.577522
0.021366,-4.716216
0.021368,-4.85491
0.02137,-4.947373
0.021372,-4.993604
0.021374,-5.0398355
0.021376,-5.0398355
0.021378,-4.993604
0.02138,-4.947373
0.021382,-4.85491
0.021384,-4.716216
0.021386,-4.577522
0.021388,-4.4388275
0.02139,-4.2539024
0.021392,-4.068977
0.021394,-3.7915885
0.021396,-3.5604317
0.021398,-3.2830436
0.021399999,-2.9594238
0.021402,-2.6358042
0.021404,-2.3121846
0.021406,-1.9885652
0.021408,-1.6187139
0.02141,-1.2950945
0.021412,-0.8790121
0.021414,-0.5091615
0.021416,-0.13931036
0.021418,0.23054075
0.02142,0.64662313
0.021422,1.0164738
0.021424,1.3863249
0.021426,1.7099442
0.021428,2.0797954
0.02143,2.4034152
0.021432,2.727035
0.021434,3.050654
0.021436,3.3742738
0.021438,3.6516623
0.02144,3.8828197
0.021442,4.113976
0.021444,4.3451324
0.021446,4.483826
0.021448,4.622521
0.02145,4.7612157
0.021452,4.8999095
0.021454,4.946141
0.021456,4.992371
0.021458,5.0386033
0.02146,5.0386033
0.021461999,4.992371
0.021464,4.8999095
0.021466,4.807446
0.021468,4.7149835
0.02147,4.5300584
0.021472,4.3913646
0.021474,4.2064385
0.021476,3.9752812
0.021478,3.744125
0.02148,3.4667363
0.021482,3.1893477
0.021484,2.8657289
0.021486,2.542109
0.021488,2.2184901
0.02149,1.8486385
0.021492,1.5250192
0.021494,1.1551685
0.021496,0.7853174
0.021498,0.4154663
0.0215,0.045615196
0.021502,-0.3704667
0.021504,-0.7403178
0.021506,-1.1101689
0.021508,-1.48002
0.02151,-1.8036394
0.021512,-2.1734905
0.021514,-2.4971101
0.021516,-2.8207297
0.021518,-3.1443493
0.02152,-3.4217377
0.021522,-3.6991258
0.021523999,-3.9302826
0.021526,-4.1614394
0.021528,-4.3925962
0.02153,-4.5312905
0.021532,-4.669985
0.021534,-4.8086786
0.021536,-4.9011416
0.021538,-4.993604
0.02154,-4.993604
0.021542,-5.0398355
0.021544,-4.993604
0.021546,-4.947373
0.021548,-4.9011416
0.02155,-4.7624474
0.021552,-4.669985
0.021554,-4.4850593
0.021556,-4.346365
0.021558,-4.115208
0.02156,-3.8840513
0.021562,-3.6528945
0.021564,-3.3755062
0.021566,-3.0518866
0.021568,-2.7744985
0.02157,-2.4508786
0.021572,-2.081028
0.021574,-1.7574081
0.021576,-1.387557
0.021578,-1.0177064
0.02158,-0.6478553
0.021582,-0.27800417
0.021584,0.13807821
0.021585999,0.50792885
0.021588,0.87777996
0.02159,1.2476311
0.021592,1.6174817
0.021594,1.9411016
0.021596,2.3109517
0.021598,2.6345725
0.0216,2.9581914
0.021602,3.23558
0.021604,3.5591989
0.021606,3.7903562
0.021608,4.0215135
0.02161,4.252671
0.021612,4.437596
0.021614,4.5762897
0.021616,4.7149835
0.021618,4.8536773
0.02162,4.946141
0.021622,4.992371
0.021624,5.0386033
0.021626,5.0386033
0.021628,4.992371
0.02163,4.946141
0.021632,4.8536773
0.021634,4.7612157
0.021636,4.622521
0.021638,4.437596
0.02164,4.252671
0.021642,4.0677447
0.021644,3.8365874
0.021646,3.5591989
0.021647999,3.2818112
0.02165,2.9581914
0.021652,2.6808028
0.021654,2.3109517
0.021656,1.9873328
0.021658,1.6174817
0.02166,1.2938623
0.021662,0.92401123
0.021664,0.5541601
0.021666,0.13807821
0.021668,-0.2317729
0.02167,-0.601624
0.021672,-0.9714751
0.021674,-1.3413262
0.021676,-1.7111769
0.021678,-2.0347965
0.02168,-2.4046474
0.021682,-2.728267
0.021684,-3.0518866
0.021686,-3.329275
0.021688,-3.6066632
0.02169,-3.8840513
0.021692,-4.115208
0.021694,-4.3001337
0.021696,-4.4850593
0.021698,-4.623753
0.0217,-4.7624474
0.021702,-4.85491
0.021704,-4.947373
0.021706,-4.993604
0.021708,-5.0398355
0.02171,-4.993604
0.021712,-4.993604
0.021714,-4.9011416
0.021716,-4.8086786
0.021718,-4.716216
0.02172,-4.5312905
0.021722,-4.3925962
0.021724,-4.2076707
0.021726,-3.976514
0.021728,-3.745357
0.02173,-3.467969
0.021732,-3.1905808
0.021734,-2.866961
0.021736,-2.5433414
0.021738,-2.2197218
0.02174,-1.8498712
0.021742,-1.48002
0.021744,-1.1564007
0.021746,-0.78654957
0.021748,-0.41669846
0.02175,0.13807821
0.021752,1.7099442
0.021754,3.1893477
0.021756,4.298901
0.021758,4.8536773
0.02176,4.807446
0.021762,4.1602073
0.021763999,3.0044227
0.021766,1.4787879
0.021768,-0.18554163
0.02177,-1.8498712
0.021772,-3.329275
0.021774,-4.3925962
0.021776,-4.9011416
0.021778,-4.8086786
0.02178,-4.1614394
0.021782,-2.9594238
0.021784,-1.4337888
0.021786,0.3230033
0.021788,1.9873328
0.02179,3.420505
0.021792,4.437596
0.021794,4.8999095
0.021796,4.7612157
0.021798,4.0677447
0.0218,2.8194976
0.021802,1.2938623
0.021804,-0.41669846
0.021806,-2.081028
0.021808,-3.5142004
0.02181,-4.4850593
0.021812,-4.9011416
0.021814,-4.716216
0.021816,-4.022745
0.021818,-2.7744985
0.02182,-1.202632
0.021822,0.5541601
0.021824,2.2184901
0.021825999,3.605431
0.021828,4.5300584
0.02183,4.8999095
0.021832,4.668752
0.021834,3.92905
0.021836,2.6345725
0.021838,1.0627055
0.02184,-0.6478553
0.021842,-2.2659533
0.021844,-3.6528945
0.021846,-4.577522
0.021848,-4.9011416
0.02185,-4.669985
0.021852,-3.8378198
0.021854,-2.5433414
0.021856,-0.9252434
0.021858,0.8315482
0.02186,2.4496465
0.021862,3.7903562
0.021864,4.622521
0.021866,4.8999095
0.021868,4.622521
0.02187,3.744125
0.021872,2.4034152
0.021874,0.8315482
0.021876,-0.9252434
0.021878,-2.4971101
0.02188,-3.8378198
0.021882,-4.669985
0.021884,-4.9011416
0.021886,-4.577522
0.021887999,-3.6991258
0.02189,-2.3584158
0.021892,-0.694087
0.021894,1.0627055
0.021896,2.6345725
0.021898,3.92905
0.0219,4.7149835
0.021902,4.8999095
0.021904,4.5300584
0.021906,3.605431
0.021908,2.2184901
0.02191,0.5541601
0.021912,-1.1564007
0.021914,-2.728267
0.021916,-3.976514
0.021918,-4.716216
0.02192,-4.9011416
0.021922,-4.4850593
0.021924,-3.5142004
0.021926,-2.1272593
0.021928,-0.46292973
0.02193,1.2938623
0.021932,2.8657289
0.021934,4.0677447
0.021936,4.7612157
0.021938,4.8999095
0.02194,4.437596
0.021942,3.420505
0.021944,1.9873328
0.021946,0.3230033
0.021948,-1.387557
0.021949999,-2.9131925
0.021952,-4.115208
0.021954,-4.8086786
0.021956,-4.85491
0.021958,-4.3925962
0.02196,-3.329275
0.021962,-1.8961024
0.021964,-0.18554163
0.021966,1.5250192
0.021968,3.050654
0.02197,4.2064385
0.021972,4.807446
0.021974,4.8536773
0.021976,4.3451324
0.021978,3.23558
0.02198,1.756176
0.021982,0.091846466
0.021984,-1.6187139
0.021986,-3.098118
0.021988,-4.2539024
0.02199,-4.85491
0.021992,-4.85491
0.021994,-4.2539024
0.021996,-3.1443493
0.021998,-1.6649456
0.022,0.045615196
0.022002,1.756176
0.022004,3.23558
0.022006,4.3451324
0.022008,4.8536773
0.02201,4.807446
0.022011999,4.2064385
0.022014,3.050654
0.022016,1.5250192
0.022018,-0.18554163
0.02202,-1.8036394
0.022022,-3.329275
0.022024,-4.3925962
0.022026,-4.85491
0.022028,-4.7624474
0.02203,-4.115208
0.022032,-2.9594238
0.022034,-1.4337888
0.022036,0.3230033
0.022038,1.9873328
0.02204,3.420505
0.022042,4.437596
0.022044,4.8999095
0.022046,4.7612157
0.022048,4.0677447
0.02205,2.8194976
0.022052,1.2938623
0.022054,-0.41669846
0.022056,-2.0347965
0.022058,-3.5142004
0.02206,-4.4850593
0.022062,-4.9011416
0.022064,-4.716216
0.022066,-3.976514
0.022068,-2.7744985
0.02207,-1.202632
0.022072,0.5541601
0.022073999,2.2184901
0.022076,3.605431
0.022078,4.5300584
0.02208,4.8999095
0.022082,4.668752
0.022084,3.92905
0.022086,2.6345725
0.022088,1.0627055
0.02209,-0.6478553
0.022092,-2.2659533
0.022094,-3.6528945
0.022096,-4.577522
0.022098,-4.9011416
0.0221,-4.669985
0.022102,-3.8378198
0.022104,-2.5433414
0.022106,-0.9252434
0.022108,0.8315482
0.02211,2.4496465
0.022112,3.7903562
0.022114,4.622521
0.022116,4.8999095
0.022118,4.622521
0.02212,3.744125
0.022122,2.4034152
0.022124,0.8315482
0.022126,-0.9252434
0.022128,-2.4971101
0.02213,-3.8378198
0.022132,-4.669985
0.022134,-4.9011416
0.022135999,-4.577522
0.022138,-3.6991258
0.02214,-2.3584158
0.022142,-0.694087
0.022144,1.0627055
0.022146,2.6345725
0.022148,3.92905
0.02215,4.7149835
0.022152,4.8999095
0.022154,4.5300584
0.022156,3.605431
0.022158,2.2184901
0.02216,0.5541601
0.022162,-1.1564007
0.022164,-2.728267
0.022166,-3.976514
0.022168,-4.716216
0.02217,-4.9011416
0.022172,-4.4850593
0.022174,-3.5142004
0.022176,-2.1272593
0.022178,-0.46292973
0.02218,1.2938623
0.022182,2.8657289
0.022184,4.0677447
0.022186,4.7612157
0.022188,4.8999095
0.02219,4.437596
0.022192,3.420505
0.022194,1.9873328
0.022196,0.3230033
0.022197999,-1.387557
0.0222,-2.9131925
0.022202,-4.115208
0.022204,-4.8086786
0.022206,-4.85491
0.022208,-4.3925962
0.02221,-3.329275
0.022212,-1.8961024
0.022214,-0.18554163
0.022216,1.5250192
0.022218,3.050654
0.02222,4.2064385
0.022222,4.807446
0.022224,4.8536773
0.022226,4.3451324
0.022228,3.23558
0.02223,1.756176
0.022232,0.091846466
0.022234,-1.6187139
0.022236,-3.1443493
0.022238,-4.2539024
0.02224,-4.85491
0.022242,-4.85491
0.022244,-4.2539024
0.022246,-3.1443493
0.022248,-1.6649456
0.02225,0.045615196
0.022252,1.756176
0.022254,3.23558
0.022256,4.3451324
0.022258,4.8536773
0.022259999,4.807446
0.022262,4.2064385
0.022264,3.050654
0.022266,1.5250192
0.022268,-0.18554163
0.02227,-1.8498712
0.022272,-3.329275
0.022274,-4.3925962
0.022276,-4.85491
0.022278,-4.7624474
0.02228,-4.115208
0.022282,-2.9594238
0.022284,-1.4337888
0.022286,0.3230033
0.022288,1.9873328
0.02229,3.420505
0.022292,4.437596
0.022294,4.8999095
0.022296,4.7612157
0.022298,4.0677447
0.0223,2.8194976
0.022302,1.2938623
0.022304,-0.41669846
0.022306,-2.0347965
0.022308,-3.5142004
0.02231,-4.4850593
0.022312,-4.9011416
0.022314,-4.716216
0.022316,-3.976514
0.022318,-2.7744985
0.02232,-1.202632
0.022322,0.5541601
0.022324,2.2184901
0.022326,3.605431
0.022328,4.5300584
0.02233,4.8999095
0.022332,4.668752
0.022334,3.92905
0.022336,2.6345725
0.022338,1.0627055
0.02234,-0.6478553
0.022342,-2.2659533
0.022344,-3.6528945
0.022346,-4.577522
0.022348,-4.9011416
0.02235,-4.669985
0.022352,-3.8378198
0.022354,-2.5433414
0.022356,-0.9252434
0.022358,0.8315482
0.02236,2.4496465
0.022362,3.7903562
0.022364,4.622521
0.022366,4.8999095
0.022368,4.622521
0.02237,3.744125
0.022372,2.4034152
0.022374,0.8315482
0.022375999,-0.9252434
0.022378,-2.4971101
0.02238,-3.8378198
0.022382,-4.669985
0.022384,-4.9011416
0.022386,-4.577522
0.022388,-3.6991258
0.02239,-2.3584158
0.022392,-0.694087
0.022394,1.0627055
0.022396,2.6345725
0.022398,3.92905
0.0224,4.7149835
0.022402,4.8999095
0.022404,4.5300584
0.022406,3.605431
0.022408,2.2184901
0.02241,0.5541601
0.022412,-1.1564007
0.022414,-2.728267
0.022416,-3.976514
0.022418,-4.716216
0.02242,-4.9011416
0.022422,-4.4850593
0.022424,-3.5142004
0.022426,-2.1272593
0.022428,-0.41669846
0.02243,1.2938623
0.022432,2.8657289
0.022434,4.0677447
0.022436,4.7612157
0.022437999,4.8999095
0.02244,4.437596
0.022442,3.420505
0.022444,1.9873328
0.022446,0.3230033
0.022448,-1.387557
0.02245,-2.9131925
0.022452,-4.115208
0.022454,-4.8086786
0.022456,-4.85491
0.022458,-4.3925962
0.02246,-3.329275
0.022462,-1.8961024
0.022464,-0.18554163
0.022466,1.5250192
0.022468,3.050654
0.02247,4.2064385
0.022472,4.807446
0.022474,4.8536773
0.022476,4.3451324
0.022478,3.23558
0.02248,1.756176
0.022482,0.091846466
0.022484,-1.6187139
0.022486,-3.1443493
0.022488,-4.2539024
0.02249,-4.85491
0.022492,-4.85491
0.022494,-4.2539024
0.022496,-3.1443493
0.022498,-1.6649456
0.022499999,0.045615196
0.022502,1.756176
0.022504,3.23558
0.022506,4.3451324
0.022508,4.8536773
0.02251,4.807446
0.022512,4.2064385
0.022514,3.050654
0.022516,1.5250192
0.022518,-0.18554163
0.02252,-1.8498712
0.022522,-3.329275
0.022524,-4.3925962
0.022526,-4.85491
0.022528,-4.7624474
0.02253,-4.115208
0.022532,-2.9594238
0.022534,-1.4337888
0.022536,0.3230033
0.022538,1.9873328
0.02254,3.420505
0.022542,4.437596
0.022544,4.8999095
0.022546,4.7612157
0.022548,4.0677447
0.02255,2.8194976
0.022552,1.2938623
0.022554,-0.41669846
0.022556,-2.0347965
0.022558,-3.5142004
0.02256,-4.4850593
0.022561999,-4.9011416
0.022564,-4.716216
0.022566,-3.976514
0.022568,-2.7744985
0.02257,-1.202632
0.022572,0.5541601
0.022574,2.2184901
0.022576,3.605431
0.022578,4.5300584
0.02258,4.8999095
0.022582,4.668752
0.022584,3.92905
0.022586,2.6345725
0.022588,1.0627055
0.02259,-0.6478553
0.022592,-2.2659533
0.022594,-3.6528945
0.022596,-4.577522
0.022598,-4.9011416
0.0226,-4.669985
0.022602,-3.8378198
0.022604,-2.5433414
0.022606,-0.9252434
0.022608,0.8315482
0.02261,2.4496465
0.022612,3.7903562
0.022614,4.622521
0.022616,4.8999095
0.022618,4.622521
0.02262,3.744125
0.022622,2.4034152
0.022623999,0.8315482
0.022626,-0.9252434
0.022628,-2.4971101
0.02263,-3.8378198
0.022632,-4.669985
0.022634,-4.9011416
0.022636,-4.577522
0.022638,-3.6991258
0.02264,-2.3584158
0.022642,-0.694087
0.022644,1.0627055
0.022646,2.6345725
0.022648,3.92905
0.02265,4.7149835
0.022652,4.8999095
0.022654,4.5300584
0.022656,3.605431
0.022658,2.2184901
0.02266,0.5541601
0.022662,-1.1564007
0.022664,-2.728267
0.022666,-3.976514
0.022668,-4.716216
0.02267,-4.9011416
0.022672,-4.4850593
0.022674,-3.5142004
0.022676,-2.1272593
0.022678,-0.41669846
0.02268,1.2938623
0.022682,2.8657289
0.022684,4.0677447
0.022685999,4.7612157
0.022688,4.8999095
0.02269,4.437596
0.022692,3.420505
0.022694,1.9873328
0.022696,0.3230033
0.022698,-1.387557
0.0227,-2.9131925
0.022702,-4.115208
0.022704,-4.8086786
0.022706,-4.85491
0.022708,-4.3925962
0.02271,-3.329275
0.022712,-1.8961024
0.022714,-0.18554163
0.022716,1.5250192
0.022718,3.050654
0.02272,4.2064385
0.022722,4.807446
0.022724,4.8536773
0.022726,4.3451324
0.022728,3.23558
0.02273,1.756176
0.022732,0.091846466
0.022734,-1.6187139
0.022736,-3.098118
0.022738,-4.2539024
0.02274,-4.85491
0.022742,-4.85491
0.022744,-4.2539024
0.022746,-3.1443493
0.022747999,-1.6187139
0.02275,-0.09307861
0.022752,0.4154663
0.022754,0.7853174
0.022756,1.1551685
0.022758,1.5250192
0.02276,1.8948698
0.022762,2.2184901
0.022764,2.542109
0.022766,2.8657289
0.022768,3.1893477
0.02277,3.4667363
0.022772,3.744125
0.022774,3.9752812
0.022776,4.2064385
0.022778,4.3913646
0.02278,4.5762897
0.022782,4.7149835
0.022784,4.807446
0.022786,4.8999095
0.022788,4.992371
0.02279,5.0386033
0.022792,5.0386033
0.022794,5.0386033
0.022796,4.992371
0.022798,4.8999095
0.0228,4.807446
0.022802,4.668752
0.022804,4.483826
0.022806,4.3451324
0.022808,4.113976
0.022809999,3.8828197
0.022812,3.6516623
0.022814,3.3742738
0.022816,3.0968862
0.022818,2.7732663
0.02282,2.4496465
0.022822,2.0797954
0.022824,1.756176
0.022826,1.3863249
0.022828,1.0164738
0.02283,0.64662313
0.022832,0.27677202
0.022834,-0.09307861
0.022836,-0.5091615
0.022838,-0.8790121
0.02284,-1.2488632
0.022842,-1.5724826
0.022844,-1.9423337
0.022846,-2.2659533
0.022848,-2.6358042
0.02285,-2.9594238
0.022852,-3.236812
0.022854,-3.5142004
0.022856,-3.7915885
0.022858,-4.022745
0.02286,-4.2539024
0.022862,-4.4388275
0.022864,-4.577522
0.022866,-4.716216
0.022868,-4.85491
0.02287,-4.947373
0.022872,-4.993604
0.022874,-5.0398355
0.022876,-5.0398355
0.022878,-4.993604
0.02288,-4.947373
0.022882,-4.85491
0.022884,-4.716216
0.022886,-4.577522
0.022888,-4.4388275
0.02289,-4.2539024
0.022892,-4.068977
0.022894,-3.7915885
0.022896,-3.5604317
0.022898,-3.2830436
0.0229,-2.9594238
0.022902,-2.6358042
0.022904,-2.3121846
0.022906,-1.9885652
0.022908,-1.6187139
0.02291,-1.2950945
0.022912,-0.8790121
0.022914,-0.5091615
0.022916,-0.13931036
0.022918,0.23054075
0.02292,0.64662313
0.022922,1.0164738
0.022924,1.3863249
0.022925999,1.7099442
0.022928,2.0797954
0.02293,2.4034152
0.022932,2.727035
0.022934,3.050654
0.022936,3.3742738
0.022938,3.6516623
0.02294,3.8828197
0.022942,4.113976
0.022944,4.3451324
0.022946,4.483826
0.022948,4.622521
0.02295,4.7612157
0.022952,4.8999095
0.022954,4.946141
0.022956,4.992371
0.022958,5.0386033
0.02296,5.0386033
0.022962,4.992371
0.022964,4.8999095
0.022966,4.807446
0.022968,4.7149835
0.02297,4.5300584
0.022972,4.3913646
0.022974,4.2064385
0.022976,3.9752812
0.022978,3.744125
0.02298,3.4667363
0.022982,3.1893477
0.022984,2.8657289
0.022986,2.542109
0.022987999,2.2184901
0.02299,1.8486385
0.022992,1.4787879
0.022994,1.1551685
0.022996,0.7853174
0.022998,0.4154663
0.023,-6.160736E-4
0.023002,-0.3704667
0.023004,-0.7403178
0.023006,-1.1101689
0.023008,-1.48002
0.02301,-1.8036394
0.023012,-2.1734905
0.023014,-2.4971101
0.023016,-2.8207297
0.023018,-3.1443493
0.02302,-3.4217377
0.023022,-3.6991258
0.023024,-3.976514
0.023026,-4.1614394
0.023028,-4.3925962
0.02303,-4.5312905
0.023032,-4.669985
0.023034,-4.8086786
0.023036,-4.9011416
0.023038,-4.947373
0.02304,-4.993604
0.023042,-5.0398355
0.023044,-4.993604
0.023046,-4.947373
0.023048,-4.9011416
0.023049999,-4.7624474
0.023052,-4.669985
0.023054,-4.4850593
0.023056,-4.346365
0.023058,-4.115208
0.02306,-3.8840513
0.023062,-3.6528945
0.023064,-3.3755062
0.023066,-3.098118
0.023068,-2.7744985
0.02307,-2.4508786
0.023072,-2.081028
0.023074,-1.7111769
0.023076,-1.387557
0.023078,-1.0177064
0.02308,-0.6478553
0.023082,-0.27800417
0.023084,0.13807821
0.023086,0.50792885
0.023088,0.87777996
0.02309,1.2476311
0.023092,1.6174817
0.023094,1.9411016
0.023096,2.3109517
0.023098,2.6345725
0.0231,2.9581914
0.023102,3.23558
0.023104,3.5591989
0.023106,3.7903562
0.023108,4.0215135
0.02311,4.252671
0.023111999,4.437596
0.023114,4.5762897
0.023116,4.7149835
0.023118,4.8536773
0.02312,4.946141
0.023122,4.992371
0.023124,5.0386033
0.023126,5.0386033
0.023128,4.992371
0.02313,4.946141
0.023132,4.8536773
0.023134,4.7612157
0.023136,4.622521
0.023138,4.437596
0.02314,4.252671
0.023142,4.0677447
0.023144,3.8365874
0.023146,3.5591989
0.023148,3.2818112
0.02315,2.9581914
0.023152,2.6345725
0.023154,2.3109517
0.023156,1.9873328
0.023158,1.6174817
0.02316,1.2938623
0.023162,0.92401123
0.023164,0.50792885
0.023166,0.13807821
0.023168,-0.2317729
0.02317,-0.601624
0.023172,-0.9714751
0.023173999,-1.387557
0.023176,-1.7111769
0.023178,-2.0347965
0.02318,-2.4046474
0.023182,-2.728267
0.023184,-3.0518866
0.023186,-3.329275
0.023188,-3.6066632
0.02319,-3.8840513
0.023192,-4.115208
0.023194,-4.3001337
0.023196,-4.4850593
0.023198,-4.623753
0.0232,-4.7624474
0.023202,-4.85491
0.023204,-4.947373
0.023206,-4.993604
0.023208,-5.0398355
0.02321,-4.993604
0.023212,-4.993604
0.023214,-4.9011416
0.023216,-4.8086786
0.023218,-4.669985
0.02322,-4.5312905
0.023222,-4.3925962
0.023224,-4.2076707
0.023226,-3.976514
0.023228,-3.745357
0.02323,-3.467969
0.023232,-3.1905808
0.023234,-2.866961
0.023235999,-2.5433414
0.023238,-2.2197218
0.02324,-1.8498712
0.023242,-1.48002
0.023244,-1.1564007
0.023246,-0.78654957
0.023248,-0.3704667
0.02325,-6.160736E-4
0.023252,0.36923456
0.023254,0.7390857
0.023256,1.1551685
0.023258,1.4787879
0.02326,1.8486385
0.023262,2.172258
0.023264,2.542109
0.023266,2.8657289
0.023268,3.1431174
0.02327,3.4667363
0.023272,3.6978936
0.023274,3.9752812
0.023276,4.2064385
0.023278,4.3913646
0.02328,4.5300584
0.023282,4.668752
0.023284,4.807446
0.023286,4.8999095
0.023288,4.992371
0.02329,5.0386033
0.023292,5.0386033
0.023294,4.992371
0.023296,4.946141
0.023297999,4.8999095
0.0233,4.7612157
0.023302,4.668752
0.023304,4.483826
0.023306,4.3451324
0.023308,4.113976
0.02331,3.8828197
0.023312,3.6516623
0.023314,3.3742738
0.023316,3.0968862
0.023318,2.7732663
0.02332,2.4496465
0.023322,2.0797954
0.023324,1.756176
0.023326,1.3863249
0.023328,1.0164738
0.02333,0.64662313
0.023332,0.27677202
0.023334,-0.09307861
0.023336,-0.5091615
0.023338,-0.8790121
0.02334,-1.2488632
0.023342,-1.5724826
0.023344,-1.9423337
0.023346,-2.2659533
0.023348,-2.6358042
0.02335,-2.9594238
0.023352,-3.236812
0.023354,-3.5142004
0.023356,-3.7915885
0.023358,-4.022745
0.023359999,-4.2539024
0.023362,-4.4388275
0.023364,-4.577522
0.023366,-4.716216
0.023368,-4.85491
0.02337,-4.947373
0.023372,-4.993604
0.023374,-4.993604
0.023376,-5.0398355
0.023378,-4.993604
0.02338,-4.947373
0.023382,-4.85491
0.023384,-4.716216
0.023386,-4.577522
0.023388,-4.4388275
0.02339,-4.2539024
0.023392,-4.068977
0.023394,-3.7915885
0.023396,-3.5604317
0.023398,-3.2830436
0.0234,-2.9594238
0.023402,-2.6358042
0.023404,-2.3121846
0.023406,-1.9885652
0.023408,-1.6187139
0.02341,-1.2488632
0.023412,-0.8790121
0.023414,-0.5091615
0.023416,-0.13931036
0.023418,0.23054075
0.02342,0.64662313
0.023421999,1.0164738
0.023424,1.3863249
0.023426,1.7099442
0.023428,2.0797954
0.02343,2.4034152
0.023432,2.727035
0.023434,3.050654
0.023436,3.3742738
0.023438,3.6516623
0.02344,3.8828197
0.023442,4.113976
0.023444,4.3451324
0.023446,4.483826
0.023448,4.622521
0.02345,4.7612157
0.023452,4.8999095
0.023454,4.946141
0.023456,4.992371
0.023458,5.0386033
0.02346,5.0386033
0.023462,4.992371
0.023464,4.8999095
0.023466,4.807446
0.023468,4.7149835
0.02347,4.5300584
0.023472,4.3913646
0.023474,4.2064385
0.023475999,3.9752812
0.023478,3.744125
0.02348,3.4667363
0.023482,3.1893477
0.023484,2.8657289
0.023486,2.542109
0.023488,2.2184901
0.02349,1.8486385
0.023492,1.4787879
0.023494,1.1551685
0.023496,0.7853174
0.023498,0.4154663
0.0235,-6.160736E-4
0.023502,-0.3704667
0.023504,-0.7403178
0.023506,-1.1101689
0.023508,-1.48002
0.02351,-1.8036394
0.023512,-2.1734905
0.023514,-2.4971101
0.023516,-2.8207297
0.023518,-3.1443493
0.02352,-3.4217377
0.023522,-3.6991258
0.023524,-3.976514
0.023526,-4.1614394
0.023528,-4.3925962
0.02353,-4.5312905
0.023532,-4.669985
0.023534,-4.8086786
0.023536,-4.9011416
0.023537999,-4.993604
0.02354,-4.993604
0.023542,-5.0398355
0.023544,-4.993604
0.023546,-4.947373
0.023548,-4.9011416
0.02355,-4.7624474
0.023552,-4.623753
0.023554,-4.4850593
0.023556,-4.346365
0.023558,-4.115208
0.02356,-3.8840513
0.023562,-3.6528945
0.023564,-3.3755062
0.023566,-3.0518866
0.023568,-2.7744985
0.02357,-2.4508786
0.023572,-2.081028
0.023574,-1.7574081
0.023576,-1.387557
0.023578,-1.0177064
0.02358,-0.6478553
0.023582,-0.27800417
0.023584,0.13807821
0.023586,0.50792885
0.023588,0.87777996
0.02359,1.2476311
0.023592,1.6174817
0.023594,1.9411016
0.023596,2.3109517
0.023598,2.6345725
0.023599999,2.9581914
0.023602,3.23558
0.023604,3.5591989
0.023606,3.7903562
0.023608,4.0215135
0.02361,4.252671
0.023612,4.437596
0.023614,4.5762897
0.023616,4.7149835
0.023618,4.8536773
0.02362,4.946141
0.023622,4.992371
0.023624,5.0386033
0.023626,5.0386033
0.023628,4.992371
0.02363,4.946141
0.023632,4.8536773
0.023634,4.7612157
0.023636,4.622521
0.023638,4.437596
0.02364,4.252671
0.023642,4.0677447
0.023644,3.8365874
0.023646,3.5591989
0.023648,3.2818112
0.02365,2.9581914
0.023652,2.6345725
0.023654,2.3109517
0.023656,1.9873328
0.023658,1.6174817
0.02366,1.2938623
0.023661999,0.92401123
0.023664,0.50792885
0.023666,0.13807821
0.023668,-0.2317729
0.02367,-0.601624
0.023672,-0.9714751
0.023674,-1.387557
0.023676,-1.7111769
0.023678,-2.081028
0.02368,-2.4046474
0.023682,-2.728267
0.023684,-3.0518866
0.023686,-3.329275
0.023688,-3.6066632
0.02369,-3.8840513
0.023692,-4.115208
0.023694,-4.3001337
0.023696,-4.4850593
0.023698,-4.623753
0.0237,-4.7624474
0.023702,-4.85491
0.023704,-4.947373
0.023706,-4.993604
0.023708,-5.0398355
0.02371,-4.993604
0.023712,-4.993604
0.023714,-4.9011416
0.023716,-4.8086786
0.023718,-4.669985
0.02372,-4.5312905
0.023722,-4.3925962
0.023723999,-4.2076707
0.023726,-3.976514
0.023728,-3.745357
0.02373,-3.467969
0.023732,-3.1905808
0.023734,-2.866961
0.023736,-2.5433414
0.023738,-2.2197218
0.02374,-1.8498712
0.023742,-1.48002
0.023744,-1.1564007
0.023746,-0.78654957
0.023748,-0.3704667
0.02375,0.13807821
0.023752,1.7099442
0.023754,3.23558
0.023756,4.298901
0.023758,4.8536773
0.02376,4.7612157
0.023762,4.1602073
0.023764,3.0044227
0.023766,1.4787879
0.023768,-0.18554163
0.02377,-1.8498712
0.023772,-3.329275
0.023774,-4.3925962
0.023776,-4.9011416
0.023778,-4.8086786
0.02378,-4.1614394
0.023782,-2.9594238
0.023784,-1.4337888
0.023785999,0.3230033
0.023788,1.9873328
0.02379,3.420505
0.023792,4.437596
0.023794,4.8999095
0.023796,4.7612157
0.023798,4.0677447
0.0238,2.8194976
0.023802,1.2938623
0.023804,-0.41669846
0.023806,-2.081028
0.023808,-3.5142004
0.02381,-4.4850593
0.023812,-4.9011416
0.023814,-4.716216
0.023816,-3.976514
0.023818,-2.7744985
0.02382,-1.202632
0.023822,0.5541601
0.023824,2.2184901
0.023826,3.605431
0.023828,4.5300584
0.02383,4.8999095
0.023832,4.668752
0.023834,3.92905
0.023836,2.6345725
0.023838,1.0627055
0.02384,-0.694087
0.023842,-2.2659533
0.023844,-3.6991258
0.023846,-4.577522
0.023847999,-4.9011416
0.02385,-4.669985
0.023852,-3.8378198
0.023854,-2.5433414
0.023856,-0.9252434
0.023858,0.8315482
0.02386,2.4496465
0.023862,3.7903562
0.023864,4.622521
0.023866,4.8999095
0.023868,4.622521
0.02387,3.744125
0.023872,2.4034152
0.023874,0.8315482
0.023876,-0.9252434
0.023878,-2.4971101
0.02388,-3.8378198
0.023882,-4.669985
0.023884,-4.9011416
0.023886,-4.577522
0.023888,-3.6991258
0.02389,-2.3121846
0.023892,-0.694087
0.023894,1.0627055
0.023896,2.6345725
0.023898,3.92905
0.0239,4.7149835
0.023902,4.8999095
0.023904,4.5300584
0.023906,3.605431
0.023908,2.2184901
0.023909999,0.5541601
0.023912,-1.1564007
0.023914,-2.728267
0.023916,-3.976514
0.023918,-4.716216
0.02392,-4.9011416
0.023922,-4.4850593
0.023924,-3.5142004
0.023926,-2.1272593
0.023928,-0.41669846
0.02393,1.2938623
0.023932,2.8657289
0.023934,4.0677447
0.023936,4.7612157
0.023938,4.8999095
0.02394,4.437596
0.023942,3.420505
0.023944,1.9873328
0.023946,0.3230033
0.023948,-1.387557
0.02395,-2.9131925
0.023952,-4.1614394
0.023954,-4.8086786
0.023956,-4.85491
0.023958,-4.3925962
0.02396,-3.329275
0.023962,-1.8961024
0.023964,-0.18554163
0.023966,1.5250192
0.023968,3.050654
0.02397,4.2064385
0.023971999,4.807446
0.023974,4.8536773
0.023976,4.3451324
0.023978,3.23558
0.02398,1.756176
0.023982,0.091846466
0.023984,-1.6187139
0.023986,-3.1443493
0.023988,-4.2539024
0.02399,-4.85491
0.023992,-4.85491
0.023994,-4.2539024
0.023996,-3.1443493
0.023998,-1.6187139
0.024,0.091846466
0.024002,1.756176
0.024004,3.23558
0.024006,4.3451324
0.024008,4.8536773
0.02401,4.807446
0.024012,4.2064385
0.024014,3.050654
0.024016,1.5250192
0.024018,-0.18554163
0.02402,-1.8498712
0.024022,-3.329275
0.024024,-4.3925962
0.024025999,-4.85491
0.024028,-4.7624474
0.02403,-4.115208
0.024032,-2.9594238
0.024034,-1.4337888
0.024036,0.3230033
0.024038,1.9873328
0.02404,3.4667363
0.024042,4.437596
0.024044,4.8999095
0.024046,4.7612157
0.024048,4.0677447
0.02405,2.8194976
0.024052,1.2938623
0.024054,-0.41669846
0.024056,-2.081028
0.024058,-3.5142004
0.02406,-4.4850593
0.024062,-4.9011416
0.024064,-4.716216
0.024066,-3.976514
0.024068,-2.7744985
0.02407,-1.1564007
0.024072,0.5541601
0.024074,2.2184901
0.024076,3.605431
0.024078,4.5300584
0.02408,4.8999095
0.024082,4.668752
0.024084,3.92905
0.024086,2.6345725
0.024087999,1.0627055
0.02409,-0.694087
0.024092,-2.2659533
0.024094,-3.6991258
0.024096,-4.577522
0.024098,-4.9011416
0.0241,-4.623753
0.024102,-3.8378198
0.024104,-2.5433414
0.024106,-0.9252434
0.024108,0.8315482
0.02411,2.4496465
0.024112,3.7903562
0.024114,4.622521
0.024116,4.8999095
0.024118,4.622521
0.02412,3.744125
0.024122,2.4034152
0.024124,0.8315482
0.024126,-0.9252434
0.024128,-2.4971101
0.02413,-3.8378198
0.024132,-4.669985
0.024134,-4.9011416
0.024136,-4.577522
0.024138,-3.6991258
0.02414,-2.3121846
0.024142,-0.694087
0.024144,1.0627055
0.024146,2.6808028
0.024148,3.92905
0.024149999,4.7149835
0.024152,4.8999095
0.024154,4.5300584
0.024156,3.605431
0.024158,2.172258
0.02416,0.5541601
0.024162,-1.1564007
0.024164,-2.728267
0.024166,-3.976514
0.024168,-4.716216
0.02417,-4.9011416
0.024172,-4.4388275
0.024174,-3.5142004
0.024176,-2.1272593
0.024178,-0.41669846
0.02418,1.2938623
0.024182,2.8657289
0.024184,4.0677447
0.024186,4.7612157
0.024188,4.8999095
0.02419,4.437596
0.024192,3.420505
0.024194,1.9873328
0.024196,0.3230033
0.024198,-1.387557
0.0242,-2.9131925
0.024202,-4.1614394
0.024204,-4.8086786
0.024206,-4.85491
0.024208,-4.3925962
0.02421,-3.329275
0.024211999,-1.8961024
0.024214,-0.18554163
0.024216,1.5250192
0.024218,3.050654
0.02422,4.2064385
0.024222,4.807446
0.024224,4.8536773
0.024226,4.298901
0.024228,3.23558
0.02423,1.756176
0.024232,0.045615196
0.024234,-1.6187139
0.024236,-3.1443493
0.024238,-4.2539024
0.02424,-4.85491
0.024242,-4.85491
0.024244,-4.2539024
0.024246,-3.1443493
0.024248,-1.6187139
0.02425,0.091846466
0.024252,1.756176
0.024254,3.23558
0.024256,4.3451324
0.024258,4.8536773
0.02426,4.807446
0.024262,4.2064385
0.024264,3.050654
0.024266,1.5250192
0.024268,-0.18554163
0.02427,-1.8498712
0.024272,-3.329275
0.024273999,-4.3925962
0.024276,-4.85491
0.024278,-4.7624474
0.02428,-4.115208
0.024282,-2.9594238
0.024284,-1.4337888
0.024286,0.3230033
0.024288,1.9873328
0.02429,3.4667363
0.024292,4.437596
0.024294,4.8999095
0.024296,4.7612157
0.024298,4.0677447
0.0243,2.8194976
0.024302,1.2938623
0.024304,-0.41669846
0.024306,-2.081028
0.024308,-3.5142004
0.02431,-4.4850593
0.024312,-4.9011416
0.024314,-4.716216
0.024316,-3.976514
0.024318,-2.7744985
0.02432,-1.1564007
0.024322,0.5541601
0.024324,2.2184901
0.024326,3.605431
0.024328,4.5300584
0.02433,4.8999095
0.024332,4.668752
0.024334,3.92905
0.024335999,2.6345725
0.024338,1.0627055
0.02434,-0.694087
0.024342,-2.2659533
0.024344,-3.6991258
0.024346,-4.577522
0.024348,-4.9011416
0.02435,-4.623753
0.024352,-3.8378198
0.024354,-2.5433414
0.024356,-0.9252434
0.024358,0.8315482
0.02436,2.4496465
0.024362,3.7903562
0.024364,4.622521
0.024366,4.8999095
0.024368,4.622521
0.02437,3.744125
0.024372,2.4034152
0.024374,0.7853174
0.024376,-0.9252434
0.024378,-2.4971101
0.02438,-3.8378198
0.024382,-4.669985
0.024384,-4.9011416
0.024386,-4.577522
0.024388,-3.6991258
0.02439,-2.3121846
0.024392,-0.694087
0.024394,1.0627055
0.024396,2.6808028
0.024397999,3.92905
0.0244,4.7149835
0.024402,4.8999095
0.024404,4.5300584
0.024406,3.605431
0.024408,2.172258
0.02441,0.5541601
0.024412,-1.1564007
0.024414,-2.728267
0.024416,-3.976514
0.024418,-4.716216
0.02442,-4.9011416
0.024422,-4.4388275
0.024424,-3.5142004
0.024426,-2.081028
0.024428,-0.41669846
0.02443,1.2938623
0.024432,2.8657289
0.024434,4.0677447
0.024436,4.7612157
0.024438,4.8999095
0.02444,4.437596
0.024442,3.420505
0.024444,1.9873328
0.024446,0.3230033
0.024448,-1.387557
0.02445,-2.9131925
0.024452,-4.1614394
0.024454,-4.8086786
0.024456,-4.85491
0.024458,-4.3925962
0.024459999,-3.329275
0.024462,-1.8961024
0.024464,-0.18554163
0.024466,1.5250192
0.024468,3.050654
0.02447,4.2064385
0.024472,4.807446
0.024474,4.8536773
0.024476,4.298901
0.024478,3.23558
0.02448,1.756176
0.024482,0.045615196
0.024484,-1.6187139
0.024486,-3.1443493
0.024488,-4.2539024
0.02449,-4.85491
0.024492,-4.85491
0.024494,-4.2539024
0.024496,-3.1443493
0.024498,-1.6187139
0.0245,0.091846466
0.024502,1.756176
0.024504,3.2818112
0.024506,4.3451324
0.024508,4.8536773
0.02451,4.807446
0.024512,4.2064385
0.024514,3.050654
0.024516,1.5250192
0.024518,-0.18554163
0.02452,-1.8498712
0.024521999,-3.329275
0.024524,-4.3925962
0.024526,-4.85491
0.024528,-4.7624474
0.02453,-4.115208
0.024532,-2.9594238
0.024534,-1.4337888
0.024536,0.3230033
0.024538,1.9873328
0.02454,3.4667363
0.024542,4.437596
0.024544,4.8999095
0.024546,4.7612157
0.024548,4.0677447
0.02455,2.8194976
0.024552,1.2938623
0.024554,-0.41669846
0.024556,-2.081028
0.024558,-3.5142004
0.02456,-4.4850593
0.024562,-4.9011416
0.024564,-4.716216
0.024566,-3.976514
0.024568,-2.7744985
0.02457,-1.1564007
0.024572,0.60039186
0.024574,2.2184901
0.024576,3.605431
0.024578,4.5300584
0.02458,4.8999095
0.024582,4.668752
0.024583999,3.92905
0.024586,2.6345725
0.024588,1.0627055
0.02459,-0.694087
0.024592,-2.2659533
0.024594,-3.6991258
0.024596,-4.577522
0.024598,-4.9011416
0.0246,-4.623753
0.024602,-3.8378198
0.024604,-2.5433414
0.024606,-0.9252434
0.024608,0.8315482
0.02461,2.4496465
0.024612,3.7903562
0.024614,4.622521
0.024616,4.8999095
0.024618,4.622521
0.02462,3.744125
0.024622,2.4034152
0.024624,0.7853174
0.024626,-0.9252434
0.024628,-2.4971101
0.02463,-3.8378198
0.024632,-4.669985
0.024634,-4.9011416
0.024636,-4.577522
0.024637999,-3.6991258
0.02464,-2.3121846
0.024642,-0.694087
0.024644,1.0627055
0.024646,2.6808028
0.024648,3.92905
0.02465,4.7149835
0.024652,4.8999095
0.024654,4.5300584
0.024656,3.605431
0.024658,2.172258
0.02466,0.5541601
0.024662,-1.1564007
0.024664,-2.728267
0.024666,-3.976514
0.024668,-4.716216
0.02467,-4.9011416
0.024672,-4.4388275
0.024674,-3.5142004
0.024676,-2.081028
0.024678,-0.41669846
0.02468,1.2938623
0.024682,2.8657289
0.024684,4.0677447
0.024686,4.7612157
0.024688,4.8999095
0.02469,4.437596
0.024692,3.420505
0.024694,1.9873328
0.024696,0.3230033
0.024698,-1.387557
0.024699999,-2.9131925
0.024702,-4.1614394
0.024704,-4.8086786
0.024706,-4.85491
0.024708,-4.3925962
0.02471,-3.329275
0.024712,-1.8498712
0.024714,-0.18554163
0.024716,1.5250192
0.024718,3.050654
0.02472,4.2064385
0.024722,4.807446
0.024724,4.8536773
0.024726,4.298901
0.024728,3.23558
0.02473,1.756176
0.024732,0.045615196
0.024734,-1.6187139
0.024736,-3.1443493
0.024738,-4.2539024
0.02474,-4.85491
0.024742,-4.85491
0.024744,-4.2539024
0.024746,-3.1443493
0.024748,-1.6187139
0.02475,-0.09307861
0.024752,0.4154663
0.024754,0.7853174
0.024756,1.1551685
0.024758,1.5250192
0.02476,1.8948698
0.024761999,2.2184901
0.024764,2.542109
0.024766,2.8657289
0.024768,3.1893477
0.02477,3.4667363
0.024772,3.744125
0.024774,3.9752812
0.024776,4.2064385
0.024778,4.3913646
0.02478,4.5762897
0.024782,4.7149835
0.024784,4.807446
0.024786,4.946141
0.024788,4.992371
0.02479,5.0386033
0.024792,5.0386033
0.024794,5.0386033
0.024796,4.992371
0.024798,4.8999095
0.0248,4.807446
0.024802,4.668752
0.024804,4.483826
0.024806,4.3451324
0.024808,4.113976
0.02481,3.8828197
0.024812,3.6516623
0.024814,3.3742738
0.024816,3.0968862
0.024818,2.7732663
0.02482,2.4496465
0.024822,2.0797954
0.024823999,1.756176
0.024826,1.3863249
0.024828,1.0164738
0.02483,0.64662313
0.024832,0.27677202
0.024834,-0.09307861
0.024836,-0.5091615
0.024838,-0.8790121
0.02484,-1.2488632
0.024842,-1.5724826
0.024844,-1.9423337
0.024846,-2.2659533
0.024848,-2.6358042
0.02485,-2.9594238
0.024852,-3.236812
0.024854,-3.5142004
0.024856,-3.7915885
0.024858,-4.022745
0.02486,-4.2539024
0.024862,-4.4388275
0.024864,-4.577522
0.024866,-4.716216
0.024868,-4.85491
0.02487,-4.947373
0.024872,-4.993604
0.024874,-5.0398355
0.024876,-5.0398355
0.024878,-4.993604
0.02488,-4.947373
0.024882,-4.85491
0.024884,-4.716216
0.024885999,-4.577522
0.024888,-4.4388275
0.02489,-4.2539024
0.024892,-4.068977
0.024894,-3.7915885
0.024896,-3.5604317
0.024898,-3.2830436
0.0249,-2.9594238
0.024902,-2.6358042
0.024904,-2.3121846
0.024906,-1.9885652
0.024908,-1.6187139
0.02491,-1.2488632
0.024912,-0.8790121
0.024914,-0.5091615
0.024916,-0.13931036
0.024918,0.23054075
0.02492,0.64662313
0.024922,1.0164738
0.024924,1.3863249
0.024926,1.7099442
0.024928,2.0797954
0.02493,2.4034152
0.024932,2.727035
0.024934,3.050654
0.024936,3.3742738
0.024938,3.6516623
0.02494,3.8828197
0.024942,4.113976
0.024944,4.3451324
0.024946,4.483826
0.024947999,4.668752
0.02495,4.7612157
0.024952,4.8999095
0.024954,4.946141
0.024956,4.992371
0.024958,5.0386033
0.02496,5.0386033
0.024962,4.992371
0.024964,4.8999095
0.024966,4.807446
0.024968,4.7149835
0.02497,4.5300584
0.024972,4.3913646
0.024974,4.2064385
0.024976,3.9752812
0.024978,3.744125
0.02498,3.4667363
0.024982,3.1893477
0.024984,2.8657289
0.024986,2.542109
0.024988,2.2184901
0.02499,1.8486385
0.024992,1.4787879
0.024994,1.1551685
0.024996,0.7853174
0.024998,0.4154663
0.025,-6.160736E-4
0.025002,-0.3704667
0.025004,-0.7403178
0.025006,-1.1101689
0.025008,-1.48002
0.025009999,-1.8036394
0.025012,-2.1734905
0.025014,-2.4971101
0.025016,-2.8207297
0.025018,-3.1443493
0.02502,-3.4217377
0.025022,-3.6991258
0.025024,-3.976514
0.025026,-4.1614394
0.025028,-4.3925962
0.02503,-4.5312905
0.025032,-4.669985
0.025034,-4.8086786
0.025036,-4.9011416
0.025038,-4.993604
0.02504,-4.993604
0.025042,-5.0398355
0.025044,-4.993604
0.025046,-4.947373
0.025048,-4.9011416
0.02505,-4.7624474
0.025052,-4.623753
0.025054,-4.4850593
0.025056,-4.346365
0.025058,-4.115208
0.02506,-3.8840513
0.025062,-3.6528945
0.025064,-3.3755062
0.025066,-3.0518866
0.025068,-2.7744985
0.02507,-2.4508786
0.025071999,-2.081028
0.025074,-1.7574081
0.025076,-1.387557
0.025078,-1.0177064
0.02508,-0.6478553
0.025082,-0.27800417
0.025084,0.13807821
0.025086,0.50792885
0.025088,0.87777996
0.02509,1.2476311
0.025092,1.6174817
0.025094,1.9411016
0.025096,2.3109517
0.025098,2.6345725
0.0251,2.9581914
0.025102,3.2818112
0.025104,3.5591989
0.025106,3.7903562
0.025108,4.0677447
0.02511,4.252671
0.025112,4.437596
0.025114,4.5762897
0.025116,4.7149835
0.025118,4.8536773
0.02512,4.946141
0.025122,4.992371
0.025124,5.0386033
0.025126,5.0386033
0.025128,4.992371
0.02513,4.946141
0.025132,4.8536773
0.025133999,4.7612157
0.025136,4.622521
0.025138,4.437596
0.02514,4.252671
0.025142,4.0677447
0.025144,3.8365874
0.025146,3.5591989
0.025148,3.2818112
0.02515,2.9581914
0.025152,2.6345725
0.025154,2.3109517
0.025156,1.9873328
0.025158,1.6174817
0.02516,1.2938623
0.025162,0.92401123
0.025164,0.50792885
0.025166,0.13807821
0.025168,-0.2317729
0.02517,-0.601624
0.025172,-0.9714751
0.025174,-1.387557
0.025176,-1.7111769
0.025178,-2.081028
0.02518,-2.4046474
0.025182,-2.728267
0.025184,-3.0518866
0.025186,-3.329275
0.025187999,-3.6066632
0.02519,-3.8840513
0.025192,-4.115208
0.025194,-4.3001337
0.025196,-4.4850593
0.025198,-4.623753
0.0252,-4.7624474
0.025202,-4.85491
0.025204,-4.947373
0.025206,-4.993604
0.025208,-5.0398355
0.02521,-4.993604
0.025212,-4.993604
0.025214,-4.9011416
0.025216,-4.8086786
0.025218,-4.669985
0.02522,-4.5312905
0.025222,-4.3925962
0.025224,-4.2076707
0.025226,-3.976514
0.025228,-3.745357
0.02523,-3.467969
0.025232,-3.1905808
0.025234,-2.866961
0.025236,-2.5433414
0.025238,-2.2197218
0.02524,-1.8498712
0.025242,-1.48002
0.025244,-1.1564007
0.025246,-0.78654957
0.025248,-0.3704667
0.025249999,-6.160736E-4
0.025252,0.36923456
0.025254,0.7390857
0.025256,1.1551685
0.025258,1.4787879
0.02526,1.8486385
0.025262,2.172258
0.025264,2.542109
0.025266,2.8657289
0.025268,3.1431174
0.02527,3.4667363
0.025272,3.6978936
0.025274,3.9752812
0.025276,4.2064385
0.025278,4.3913646
0.02528,4.5300584
0.025282,4.7149835
0.025284,4.807446
0.025286,4.8999095
0.025288,4.992371
0.02529,5.0386033
0.025292,5.0386033
0.025294,4.992371
0.025296,4.946141
0.025298,4.8999095
0.0253,4.807446
0.025302,4.668752
0.025304,4.483826
0.025306,4.3451324
0.025308,4.113976
0.02531,3.8828197
0.025311999,3.6516623
0.025314,3.3742738
0.025316,3.0968862
0.025318,2.7732663
0.02532,2.4496465
0.025322,2.0797954
0.025324,1.756176
0.025326,1.3863249
0.025328,1.0164738
0.02533,0.64662313
0.025332,0.27677202
0.025334,-0.09307861
0.025336,-0.5091615
0.025338,-0.8790121
0.02534,-1.2488632
0.025342,-1.5724826
0.025344,-1.9423337
0.025346,-2.2659533
0.025348,-2.6358042
0.02535,-2.9594238
0.025352,-3.236812
0.025354,-3.5142004
0.025356,-3.7915885
0.025358,-4.022745
0.02536,-4.2539024
0.025362,-4.4388275
0.025364,-4.577522
0.025366,-4.716216
0.025368,-4.85491
0.02537,-4.947373
0.025372,-4.993604
0.025373999,-5.0398355
0.025376,-5.0398355
0.025378,-4.993604
0.02538,-4.947373
0.025382,-4.85491
0.025384,-4.716216
0.025386,-4.577522
0.025388,-4.4388275
0.02539,-4.2539024
0.025392,-4.068977
0.025394,-3.7915885
0.025396,-3.5604317
0.025398,-3.2830436
0.0254,-2.9594238
0.025402,-2.6358042
0.025404,-2.3121846
0.025406,-1.9885652
0.025408,-1.6187139
0.02541,-1.2488632
0.025412,-0.8790121
0.025414,-0.5091615
0.025416,-0.13931036
0.025418,0.23054075
0.02542,0.64662313
0.025422,1.0164738
0.025424,1.3863249
0.025426,1.7099442
0.025428,2.0797954
0.02543,2.4034152
0.025432,2.727035
0.025434,3.050654
0.025435999,3.3742738
0.025438,3.6516623
0.02544,3.8828197
0.025442,4.113976
0.025444,4.3451324
0.025446,4.483826
0.025448,4.622521
0.02545,4.7612157
0.025452,4.8999095
0.025454,4.946141
0.025456,4.992371
0.025458,5.0386033
0.02546,5.0386033
0.025462,4.992371
0.025464,4.8999095
0.025466,4.807446
0.025468,4.7149835
0.02547,4.5300584
0.025472,4.3913646
0.025474,4.2064385
0.025476,3.9752812
0.025478,3.744125
0.02548,3.4667363
0.025482,3.1893477
0.025484,2.8657289
0.025486,2.542109
0.025488,2.2184901
0.02549,1.8486385
0.025492,1.4787879
0.025494,1.1551685
0.025496,0.7853174
0.025497999,0.4154663
0.0255,-6.160736E-4
0.025502,-0.3704667
0.025504,-0.7403178
0.025506,-1.1101689
0.025508,-1.48002
0.02551,-1.8036394
0.025512,-2.1734905
0.025514,-2.4971101
0.025516,-2.8207297
0.025518,-3.1443493
0.02552,-3.4217377
0.025522,-3.6991258
0.025524,-3.976514
0.025526,-4.1614394
0.025528,-4.3925962
0.02553,-4.5312905
0.025532,-4.669985
0.025534,-4.8086786
0.025536,-4.9011416
0.025538,-4.993604
0.02554,-4.993604
0.025542,-5.0398355
0.025544,-4.993604
0.025546,-4.947373
0.025548,-4.9011416
0.02555,-4.7624474
0.025552,-4.623753
0.025554,-4.4850593
0.025556,-4.346365
0.025558,-4.115208
0.025559999,-3.8840513
0.025562,-3.6528945
0.025564,-3.3755062
0.025566,-3.0518866
0.025568,-2.7744985
0.02557,-2.4508786
0.025572,-2.081028
0.025574,-1.7111769
0.025576,-1.387557
0.025578,-1.0177064
0.02558,-0.6478553
0.025582,-0.27800417
0.025584,0.13807821
0.025586,0.50792885
0.025588,0.87777996
0.02559,1.2476311
0.025592,1.6174817
0.025594,1.9411016
0.025596,2.3109517
0.025598,2.6345725
0.0256,2.9581914
0.025602,3.23558
0.025604,3.5591989
0.025606,3.7903562
0.025608,4.0215135
0.02561,4.252671
0.025612,4.437596
0.025614,4.5762897
0.025616,4.7149835
0.025618,4.8536773
0.02562,4.946141
0.025621999,4.992371
0.025624,5.0386033
0.025626,5.0386033
0.025628,4.992371
0.02563,4.946141
0.025632,4.8536773
0.025634,4.7612157
0.025636,4.622521
0.025638,4.437596
0.02564,4.252671
0.025642,4.0677447
0.025644,3.7903562
0.025646,3.5591989
0.025648,3.2818112
0.02565,2.9581914
0.025652,2.6345725
0.025654,2.3109517
0.025656,1.9873328
0.025658,1.6174817
0.02566,1.2938623
0.025662,0.92401123
0.025664,0.50792885
0.025666,0.13807821
0.025668,-0.2317729
0.02567,-0.601624
0.025672,-1.0177064
0.025674,-1.387557
0.025676,-1.7111769
0.025678,-2.081028
0.02568,-2.4046474
0.025682,-2.728267
0.025683999,-3.0518866
0.025686,-3.329275
0.025688,-3.6066632
0.02569,-3.8840513
0.025692,-4.115208
0.025694,-4.3001337
0.025696,-4.4850593
0.025698,-4.623753
0.0257,-4.7624474
0.025702,-4.85491
0.025704,-4.947373
0.025706,-4.993604
0.025708,-5.0398355
0.02571,-4.993604
0.025712,-4.993604
0.025714,-4.9011416
0.025716,-4.8086786
0.025718,-4.669985
0.02572,-4.5312905
0.025722,-4.3925962
0.025724,-4.2076707
0.025726,-3.976514
0.025728,-3.745357
0.02573,-3.467969
0.025732,-3.1905808
0.025734,-2.866961
0.025736,-2.5433414
0.025737999,-2.2197218
0.02574,-1.8498712
0.025742,-1.48002
0.025744,-1.1564007
0.025745999,-0.78654957
0.025748,-0.3704667
0.02575,0.13807821
0.025752,1.7099442
0.025754,3.23558
0.025756,4.298901
0.025758,4.8536773
0.02576,4.7612157
0.025762,4.1602073
0.025764,3.0044227
0.025766,1.4787879
0.025768,-0.2317729
0.02577,-1.8498712
0.025772,-3.329275
0.025774,-4.4388275
0.025776,-4.9011416
0.025778,-4.8086786
0.02578,-4.1614394
0.025782,-2.9594238
0.025784,-1.4337888
0.025786,0.3230033
0.025788,1.9873328
0.02579,3.420505
0.025792,4.437596
0.025794,4.8999095
0.025796,4.7612157
0.025798,4.0215135
0.025799999,2.8194976
0.025802,1.2938623
0.025804,-0.46292973
0.025806,-2.081028
0.025808,-3.5142004
0.02581,-4.4850593
0.025812,-4.9011416
0.025814,-4.716216
0.025816,-3.976514
0.025818,-2.7744985
0.02582,-1.1564007
0.025822,0.60039186
0.025824,2.2184901
0.025826,3.605431
0.025828,4.5300584
0.02583,4.8999095
0.025832,4.668752
0.025834,3.8828197
0.025836,2.6345725
0.025838,1.0627055
0.02584,-0.694087
0.025842,-2.3121846
0.025844,-3.6991258
0.025846,-4.577522
0.025848,-4.9011416
0.02585,-4.623753
0.025852,-3.8378198
0.025854,-2.5433414
0.025856,-0.9252434
0.025858,0.8315482
0.02586,2.4496465
0.025861999,3.7903562
0.025864,4.622521
0.025866,4.8999095
0.025868,4.622521
0.02587,3.744125
0.025872,2.4034152
0.025874,0.7853174
0.025876,-0.9252434
0.025878,-2.4971101
0.02588,-3.8378198
0.025882,-4.669985
0.025884,-4.9011416
0.025886,-4.577522
0.025888,-3.6991258
0.02589,-2.3121846
0.025892,-0.694087
0.025894,1.0627055
0.025896,2.6808028
0.025898,3.92905
0.0259,4.7149835
0.025902,4.8999095
0.025904,4.5300584
0.025906,3.5591989
0.025908,2.172258
0.02591,0.5541601
0.025912,-1.1564007
0.025914,-2.728267
0.025916,-3.976514
0.025918,-4.716216
0.02592,-4.9011416
0.025922,-4.4388275
0.025923999,-3.5142004
0.025926,-2.081028
0.025928,-0.41669846
0.02593,1.3400936
0.025932,2.8657289
0.025934,4.113976
0.025936,4.7612157
0.025938,4.8999095
0.02594,4.437596
0.025942,3.420505
0.025944,1.9411016
0.025946,0.3230033
0.025948,-1.387557
0.02595,-2.9131925
0.025952,-4.1614394
0.025954,-4.8086786
0.025956,-4.85491
0.025958,-4.3925962
0.02596,-3.329275
0.025962,-1.8498712
0.025964,-0.18554163
0.025966,1.5250192
0.025968,3.050654
0.02597,4.2064385
0.025972,4.807446
0.025974,4.8536773
0.025976,4.298901
0.025978,3.23558
0.02598,1.756176
0.025982,0.045615196
0.025984,-1.6187139
0.025985999,-3.1443493
0.025988,-4.2539024
0.02599,-4.85491
0.025992,-4.85491
0.025994,-4.2539024
0.025996,-3.1443493
0.025998,-1.6187139
0.026,0.091846466
0.026002,1.756176
0.026004,3.2818112
0.026006,4.3451324
0.026008,4.8536773
0.02601,4.807446
0.026012,4.2064385
0.026014,3.0044227
0.026016,1.4787879
0.026018,-0.18554163
0.02602,-1.8498712
0.026022,-3.329275
0.026024,-4.3925962
0.026026,-4.85491
0.026028,-4.7624474
0.02603,-4.115208
0.026032,-2.9594238
0.026034,-1.4337888
0.026036,0.3230033
0.026038,1.9873328
0.02604,3.4667363
0.026042,4.437596
0.026044,4.8999095
0.026046,4.7612157
0.026047999,4.0677447
0.02605,2.8194976
0.026052,1.2938623
0.026054,-0.41669846
0.026056,-2.081028
0.026058,-3.5142004
0.02606,-4.4850593
0.026062,-4.9011416
0.026064,-4.716216
0.026066,-3.976514
0.026068,-2.7744985
0.02607,-1.1564007
0.026072,0.60039186
0.026074,2.2184901
0.026076,3.605431
0.026078,4.5300584
0.02608,4.8999095
0.026082,4.668752
0.026084,3.8828197
0.026086,2.6345725
0.026088,1.0627055
0.02609,-0.694087
0.026092,-2.3121846
0.026094,-3.6991258
0.026096,-4.577522
0.026098,-4.9011416
0.0261,-4.623753
0.026102,-3.8378198
0.026104,-2.5433414
0.026106,-0.9252434
0.026108,0.8315482
0.026109999,2.4496465
0.026112,3.7903562
0.026114,4.622521
0.026116,4.8999095
0.026118,4.622521
0.02612,3.744125
0.026122,2.4034152
0.026124,0.7853174
0.026126,-0.9252434
0.026128,-2.4971101
0.02613,-3.8378198
0.026132,-4.669985
0.026134,-4.9011416
0.026136,-4.577522
0.026138,-3.6991258
0.02614,-2.3121846
0.026142,-0.694087
0.026144,1.0627055
0.026146,2.6808028
0.026148,3.92905
0.02615,4.7149835
0.026152,4.8999095
0.026154,4.5300584
0.026156,3.5591989
0.026158,2.172258
0.02616,0.5541601
0.026162,-1.1564007
0.026164,-2.728267
0.026166,-4.022745
0.026168,-4.716216
0.02617,-4.9011416
0.026171999,-4.4388275
0.026174,-3.5142004
0.026176,-2.081028
0.026178,-0.41669846
0.02618,1.3400936
0.026182,2.8657289
0.026184,4.113976
0.026186,4.7612157
0.026188,4.8999095
0.02619,4.437596
0.026192,3.420505
0.026194,1.9411016
0.026196,0.3230033
0.026198,-1.387557
0.0262,-2.9131925
0.026202,-4.1614394
0.026204,-4.8086786
0.026206,-4.85491
0.026208,-4.3925962
0.02621,-3.329275
0.026212,-1.8498712
0.026214,-0.18554163
0.026216,1.5250192
0.026218,3.050654
0.02622,4.2064385
0.026222,4.807446
0.026224,4.8536773
0.026226,4.298901
0.026228,3.23558
0.02623,1.7099442
0.026232,0.045615196
0.026233999,-1.6187139
0.026236,-3.1443493
0.026238,-4.2539024
0.02624,-4.85491
0.026242,-4.85491
0.026244,-4.2539024
0.026246,-3.1443493
0.026248,-1.6187139
0.02625,0.091846466
0.026252,1.756176
0.026254,3.2818112
0.026256,4.3451324
0.026258,4.8536773
0.02626,4.807446
0.026262,4.2064385
0.026264,3.050654
0.026266,1.4787879
0.026268,-0.18554163
0.02627,-1.8498712
0.026272,-3.329275
0.026274,-4.3925962
0.026276,-4.9011416
0.026278,-4.7624474
0.02628,-4.115208
0.026282,-2.9594238
0.026284,-1.4337888
0.026286,0.3230033
0.026287999,1.9873328
0.02629,3.4667363
0.026292,4.437596
0.026294,4.8999095
0.026295999,4.7612157
0.026298,4.0677447
0.0263,2.8194976
0.026302,1.2938623
0.026304,-0.46292973
0.026306,-2.081028
0.026308,-3.5142004
0.02631,-4.4850593
0.026312,-4.9011416
0.026314,-4.716216
0.026316,-3.976514
0.026318,-2.728267
0.02632,-1.1564007
0.026322,0.60039186
0.026324,2.2184901
0.026326,3.605431
0.026328,4.5300584
0.02633,4.8999095
0.026332,4.668752
0.026334,3.8828197
0.026336,2.6345725
0.026338,1.0627055
0.02634,-0.694087
0.026342,-2.3121846
0.026344,-3.6991258
0.026346,-4.577522
0.026348,-4.9011416
0.026349999,-4.623753
0.026352,-3.8378198
0.026354,-2.5433414
0.026356,-0.9252434
0.026358,0.8315482
0.02636,2.4496465
0.026362,3.7903562
0.026364,4.622521
0.026366,4.946141
0.026368,4.622521
0.02637,3.744125
0.026372,2.4034152
0.026374,0.7853174
0.026376,-0.9252434
0.026378,-2.4971101
0.02638,-3.8378198
0.026382,-4.669985
0.026384,-4.9011416
0.026386,-4.577522
0.026388,-3.6528945
0.02639,-2.3121846
0.026392,-0.694087
0.026394,1.0627055
0.026396,2.6808028
0.026398,3.92905
0.0264,4.7149835
0.026402,4.8999095
0.026404,4.5300584
0.026406,3.5591989
0.026408,2.172258
0.02641,0.5541601
0.026411999,-1.1564007
0.026414,-2.728267
0.026416,-4.022745
0.026418,-4.716216
0.02642,-4.9011416
0.026422,-4.4388275
0.026424,-3.5142004
0.026426,-2.081028
0.026428,-0.41669846
0.02643,1.3400936
0.026432,2.8657289
0.026434,4.113976
0.026436,4.7612157
0.026438,4.8999095
0.02644,4.437596
0.026442,3.420505
0.026444,1.9411016
0.026446,0.3230033
0.026448,-1.387557
0.02645,-2.9131925
0.026452,-4.1614394
0.026454,-4.8086786
0.026456,-4.85491
0.026458,-4.3925962
0.02646,-3.329275
0.026462,-1.8498712
0.026464,-0.18554163
0.026466,1.5250192
0.026468,3.0968862
0.02647,4.252671
0.026472,4.807446
0.026473999,4.8536773
0.026476,4.298901
0.026478,3.23558
0.02648,1.7099442
0.026482,0.045615196
0.026484,-1.6187139
0.026486,-3.1443493
0.026488,-4.3001337
0.02649,-4.85491
0.026492,-4.8086786
0.026494,-4.2539024
0.026496,-3.1443493
0.026498,-1.6187139
0.0265,0.091846466
0.026502,1.756176
0.026504,3.2818112
0.026506,4.3451324
0.026508,4.8536773
0.02651,4.807446
0.026512,4.2064385
0.026514,3.0044227
0.026516,1.4787879
0.026518,-0.18554163
0.02652,-1.8498712
0.026522,-3.329275
0.026524,-4.3925962
0.026526,-4.85491
0.026528,-4.7624474
0.02653,-4.115208
0.026532,-2.9594238
0.026534,-1.4337888
0.026535999,0.3230033
0.026538,1.9873328
0.02654,3.4667363
0.026542,4.437596
0.026544,4.8999095
0.026546,4.7612157
0.026548,4.0677447
0.02655,2.8194976
0.026552,1.2938623
0.026554,-0.46292973
0.026556,-2.081028
0.026558,-3.5142004
0.02656,-4.4850593
0.026562,-4.9011416
0.026564,-4.716216
0.026566,-3.976514
0.026568,-2.728267
0.02657,-1.1564007
0.026572,0.60039186
0.026574,2.2184901
0.026576,3.605431
0.026578,4.5300584
0.02658,4.8999095
0.026582,4.668752
0.026584,3.8828197
0.026586,2.6345725
0.026588,1.0627055
0.02659,-0.694087
0.026592,-2.3121846
0.026594,-3.6991258
0.026596,-4.577522
0.026597999,-4.9011416
0.0266,-4.623753
0.026602,-3.8378198
0.026604,-2.5433414
0.026606,-0.9252434
0.026608,0.8315482
0.02661,2.4496465
0.026612,3.7903562
0.026614,4.622521
0.026616,4.8999095
0.026618,4.622521
0.02662,3.744125
0.026622,2.4034152
0.026624,0.7853174
0.026626,-0.9252434
0.026628,-2.4971101
0.02663,-3.8378198
0.026632,-4.669985
0.026634,-4.9011416
0.026636,-4.577522
0.026638,-3.6528945
0.02664,-2.3121846
0.026642,-0.694087
0.026644,1.0627055
0.026646,2.6808028
0.026648,3.92905
0.02665,4.7149835
0.026652,4.8999095
0.026654,4.5300584
0.026656,3.5591989
0.026658,2.172258
0.026659999,0.5541601
0.026662,-1.1564007
0.026664,-2.728267
0.026666,-4.022745
0.026668,-4.716216
0.02667,-4.9011416
0.026672,-4.4388275
0.026674,-3.5142004
0.026676,-2.081028
0.026678,-0.41669846
0.02668,1.3400936
0.026682,2.8657289
0.026684,4.113976
0.026686,4.7612157
0.026688,4.8999095
0.02669,4.437596
0.026692,3.420505
0.026694,1.9411016
0.026696,0.3230033
0.026698,-1.387557
0.0267,-2.9594238
0.026702,-4.1614394
0.026704,-4.8086786
0.026706,-4.85491
0.026708,-4.3925962
0.02671,-3.329275
0.026712,-1.8498712
0.026714,-0.18554163
0.026716,1.5250192
0.026718,3.0968862
0.02672,4.2064385
0.026721999,4.807446
0.026724,4.8536773
0.026726,4.298901
0.026728,3.23558
0.02673,1.7099442
0.026732,0.045615196
0.026734,-1.6187139
0.026736,-3.1443493
0.026738,-4.3001337
0.02674,-4.85491
0.026742,-4.85491
0.026744,-4.2539024
0.026746,-3.1443493
0.026748,-1.6187139
0.02675,-0.046847343
0.026752,0.4154663
0.026754,0.7853174
0.026756,1.1551685
0.026758,1.5250192
0.02676,1.8948698
0.026762,2.2184901
0.026764,2.542109
0.026766,2.8657289
0.026768,3.1893477
0.02677,3.4667363
0.026772,3.744125
0.026774,3.9752812
0.026776,4.2064385
0.026778,4.3913646
0.02678,4.5762897
0.026782,4.7149835
0.026783999,4.807446
0.026786,4.946141
0.026788,4.992371
0.02679,5.0386033
0.026792,5.0386033
0.026794,5.0386033
0.026796,4.992371
0.026798,4.8999095
0.0268,4.807446
0.026802,4.668752
0.026804,4.483826
0.026806,4.3451324
0.026808,4.113976
0.02681,3.8828197
0.026812,3.6516623
0.026814,3.3742738
0.026816,3.0968862
0.026818,2.7732663
0.02682,2.4496465
0.026822,2.0797954
0.026824,1.756176
0.026826,1.3863249
0.026828,1.0164738
0.02683,0.64662313
0.026832,0.27677202
0.026834,-0.09307861
0.026836,-0.5091615
0.026837999,-0.8790121
0.02684,-1.2488632
0.026842,-1.5724826
0.026844,-1.9423337
0.026845999,-2.2659533
0.026848,-2.6358042
0.02685,-2.9594238
0.026852,-3.236812
0.026854,-3.5142004
0.026856,-3.7915885
0.026858,-4.022745
0.02686,-4.2539024
0.026862,-4.4388275
0.026864,-4.577522
0.026866,-4.716216
0.026868,-4.85491
0.02687,-4.947373
0.026872,-4.993604
0.026874,-4.993604
0.026876,-5.0398355
0.026878,-4.993604
0.02688,-4.947373
0.026882,-4.85491
0.026884,-4.716216
0.026886,-4.577522
0.026888,-4.4388275
0.02689,-4.2539024
0.026892,-4.068977
0.026894,-3.7915885
0.026896,-3.5604317
0.026898,-3.2830436
0.026899999,-2.9594238
0.026902,-2.6358042
0.026904,-2.3121846
0.026906,-1.9885652
0.026907999,-1.6187139
0.02691,-1.2488632
0.026912,-0.8790121
0.026914,-0.5091615
0.026916,-0.13931036
0.026918,0.23054075
0.02692,0.64662313
0.026922,1.0164738
0.026924,1.3863249
0.026926,1.7099442
0.026928,2.0797954
0.02693,2.4034152
0.026932,2.727035
0.026934,3.050654
0.026936,3.3742738
0.026938,3.6516623
0.02694,3.8828197
0.026942,4.113976
0.026944,4.3451324
0.026946,4.483826
0.026948,4.622521
0.02695,4.7612157
0.026952,4.8999095
0.026954,4.946141
0.026956,4.992371
0.026958,5.0386033
0.02696,5.0386033
0.026961999,4.992371
0.026964,4.8999095
0.026966,4.807446
0.026968,4.7149835
0.02697,4.5300584
0.026972,4.3913646
0.026974,4.2064385
0.026976,3.9752812
0.026978,3.744125
0.02698,3.4667363
0.026982,3.1893477
0.026984,2.8657289
0.026986,2.542109
0.026988,2.2184901
0.02699,1.8486385
0.026992,1.4787879
0.026994,1.1551685
0.026996,0.7853174
0.026998,0.4154663
0.027,-6.160736E-4
0.027002,-0.3704667
0.027004,-0.7403178
0.027006,-1.1101689
0.027008,-1.48002
0.02701,-1.8036394
0.027012,-2.1734905
0.027014,-2.4971101
0.027016,-2.8207297
0.027018,-3.1443493
0.02702,-3.4217377
0.027022,-3.6991258
0.027023999,-3.976514
0.027026,-4.2076707
0.027028,-4.3925962
0.02703,-4.5312905
0.027032,-4.669985
0.027034,-4.8086786
0.027036,-4.9011416
0.027038,-4.993604
0.02704,-4.993604
0.027042,-5.0398355
0.027044,-4.993604
0.027046,-4.947373
0.027048,-4.9011416
0.02705,-4.7624474
0.027052,-4.623753
0.027054,-4.4850593
0.027056,-4.346365
0.027058,-4.115208
0.02706,-3.8840513
0.027062,-3.6528945
0.027064,-3.3755062
0.027066,-3.0518866
0.027068,-2.7744985
0.02707,-2.4508786
0.027072,-2.081028
0.027074,-1.7111769
0.027076,-1.387557
0.027078,-1.0177064
0.02708,-0.6478553
0.027082,-0.27800417
0.027084,0.13807821
0.027085999,0.50792885
0.027088,0.87777996
0.02709,1.2476311
0.027092,1.6174817
0.027094,1.9411016
0.027096,2.3109517
0.027098,2.6345725
0.0271,2.9581914
0.027102,3.2818112
0.027104,3.5591989
0.027106,3.7903562
0.027108,4.0677447
0.02711,4.252671
0.027112,4.437596
0.027114,4.5762897
0.027116,4.7149835
0.027118,4.8536773
0.02712,4.946141
0.027122,4.992371
0.027124,5.0386033
0.027126,5.0386033
0.027128,4.992371
0.02713,4.946141
0.027132,4.8536773
0.027134,4.7612157
0.027136,4.5762897
0.027138,4.437596
0.02714,4.252671
0.027142,4.0677447
0.027144,3.7903562
0.027146,3.5591989
0.027147999,3.2818112
0.02715,2.9581914
0.027152,2.6345725
0.027154,2.3109517
0.027156,1.9873328
0.027158,1.6174817
0.02716,1.2938623
0.027162,0.92401123
0.027164,0.50792885
0.027166,0.13807821
0.027168,-0.2317729
0.02717,-0.601624
0.027172,-1.0177064
0.027174,-1.387557
0.027176,-1.7111769
0.027178,-2.081028
0.02718,-2.4046474
0.027182,-2.728267
0.027184,-3.0518866
0.027186,-3.329275
0.027188,-3.6066632
0.02719,-3.8840513
0.027192,-4.115208
0.027194,-4.3001337
0.027196,-4.4850593
0.027198,-4.623753
0.0272,-4.7624474
0.027202,-4.85491
0.027204,-4.947373
0.027206,-4.993604
0.027208,-5.0398355
0.027209999,-4.993604
0.027212,-4.993604
0.027214,-4.9011416
0.027216,-4.8086786
0.027218,-4.669985
0.02722,-4.5312905
0.027222,-4.3925962
0.027224,-4.2076707
0.027226,-3.976514
0.027228,-3.745357
0.02723,-3.467969
0.027232,-3.1905808
0.027234,-2.866961
0.027236,-2.5433414
0.027238,-2.2197218
0.02724,-1.8498712
0.027242,-1.48002
0.027244,-1.1564007
0.027246,-0.78654957
0.027248,-0.3704667
0.02725,-6.160736E-4
0.027252,0.36923456
0.027254,0.7390857
0.027256,1.1551685
0.027258,1.4787879
0.02726,1.8486385
0.027262,2.172258
0.027264,2.542109
0.027266,2.8657289
0.027268,3.1431174
0.02727,3.4667363
0.027271999,3.6978936
0.027274,3.9752812
0.027276,4.2064385
0.027278,4.3913646
0.02728,4.5300584
0.027282,4.7149835
0.027284,4.807446
0.027286,4.8999095
0.027288,4.992371
0.02729,5.0386033
0.027292,5.0386033
0.027294,4.992371
0.027296,4.946141
0.027298,4.8999095
0.0273,4.807446
0.027302,4.668752
0.027304,4.483826
0.027306,4.3451324
0.027308,4.113976
0.02731,3.8828197
0.027312,3.6516623
0.027314,3.3742738
0.027316,3.050654
0.027318,2.7732663
0.02732,2.4496465
0.027322,2.0797954
0.027324,1.756176
0.027326,1.3863249
0.027328,1.0164738
0.02733,0.64662313
0.027332,0.27677202
0.027333999,-0.09307861
0.027336,-0.5091615
0.027338,-0.8790121
0.02734,-1.2488632
0.027342,-1.5724826
0.027344,-1.9423337
0.027346,-2.2659533
0.027348,-2.6358042
0.02735,-2.9594238
0.027352,-3.236812
0.027354,-3.5142004
0.027356,-3.7915885
0.027358,-4.022745
0.02736,-4.2539024
0.027362,-4.4388275
0.027364,-4.577522
0.027366,-4.716216
0.027368,-4.85491
0.02737,-4.947373
0.027372,-4.993604
0.027374,-5.0398355
0.027376,-5.0398355
0.027378,-4.993604
0.02738,-4.947373
0.027382,-4.85491
0.027384,-4.716216
0.027386,-4.577522
0.027388,-4.4388275
0.02739,-4.2539024
0.027392,-4.068977
0.027394,-3.7915885
0.027395999,-3.5604317
0.027398,-3.2830436
0.0274,-2.9594238
0.027402,-2.6358042
0.027404,-2.3121846
0.027406,-1.9885652
0.027408,-1.6187139
0.02741,-1.2488632
0.027412,-0.8790121
0.027414,-0.5091615
0.027416,-0.13931036
0.027418,0.27677202
0.02742,0.64662313
0.027422,1.0164738
0.027424,1.3863249
0.027426,1.7099442
0.027428,2.0797954
0.02743,2.4034152
0.027432,2.727035
0.027434,3.050654
0.027436,3.3742738
0.027438,3.6516623
0.02744,3.8828197
0.027442,4.113976
0.027444,4.3451324
0.027446,4.483826
0.027448,4.668752
0.027449999,4.7612157
0.027452,4.8999095
0.027454,4.946141
0.027456,4.992371
0.027457999,5.0386033
0.02746,5.0386033
0.027462,4.992371
0.027464,4.8999095
0.027466,4.807446
0.027468,4.7149835
0.02747,4.5300584
0.027472,4.3913646
0.027474,4.2064385
0.027476,3.9752812
0.027478,3.744125
0.02748,3.4667363
0.027482,3.1893477
0.027484,2.8657289
0.027486,2.542109
0.027488,2.2184901
0.02749,1.8486385
0.027492,1.4787879
0.027494,1.1551685
0.027496,0.7853174
0.027498,0.4154663
0.0275,-6.160736E-4
0.027502,-0.3704667
0.027504,-0.7403178
0.027506,-1.1101689
0.027508,-1.48002
0.02751,-1.8036394
0.027511999,-2.1734905
0.027514,-2.4971101
0.027516,-2.8207297
0.027518,-3.1443493
0.02752,-3.4217377
0.027522,-3.6991258
0.027524,-3.976514
0.027526,-4.1614394
0.027528,-4.3925962
0.02753,-4.5312905
0.027532,-4.669985
0.027534,-4.8086786
0.027536,-4.9011416
0.027538,-4.993604
0.02754,-4.993604
0.027542,-5.0398355
0.027544,-4.993604
0.027546,-4.947373
0.027548,-4.9011416
0.02755,-4.7624474
0.027552,-4.623753
0.027554,-4.4850593
0.027556,-4.346365
0.027558,-4.115208
0.02756,-3.8840513
0.027562,-3.6528945
0.027564,-3.3755062
0.027566,-3.0518866
0.027568,-2.7744985
0.02757,-2.4508786
0.027572,-2.081028
0.027573999,-1.7111769
0.027576,-1.387557
0.027578,-1.0177064
0.02758,-0.6478553
0.027582,-0.27800417
0.027584,0.13807821
0.027586,0.50792885
0.027588,0.87777996
0.02759,1.2476311
0.027592,1.6174817
0.027594,1.9411016
0.027596,2.3109517
0.027598,2.6345725
0.0276,2.9581914
0.027602,3.2818112
0.027604,3.5591989
0.027606,3.7903562
0.027608,4.0215135
0.02761,4.252671
0.027612,4.437596
0.027614,4.5762897
0.027616,4.7149835
0.027618,4.8536773
0.02762,4.946141
0.027622,4.992371
0.027624,5.0386033
0.027626,5.0386033
0.027628,4.992371
0.02763,4.946141
0.027632,4.8536773
0.027634,4.7612157
0.027635999,4.622521
0.027638,4.437596
0.02764,4.252671
0.027642,4.0677447
0.027644,3.7903562
0.027646,3.5591989
0.027648,3.2818112
0.02765,2.9581914
0.027652,2.6345725
0.027654,2.3109517
0.027656,1.9873328
0.027658,1.6174817
0.02766,1.2938623
0.027662,0.92401123
0.027664,0.50792885
0.027666,0.13807821
0.027668,-0.2317729
0.02767,-0.601624
0.027672,-1.0177064
0.027674,-1.387557
0.027676,-1.7111769
0.027678,-2.081028
0.02768,-2.4046474
0.027682,-2.728267
0.027684,-3.0518866
0.027686,-3.329275
0.027688,-3.6066632
0.02769,-3.8840513
0.027692,-4.115208
0.027694,-4.3001337
0.027696,-4.4850593
0.027697999,-4.623753
0.0277,-4.7624474
0.027702,-4.85491
0.027704,-4.947373
0.027706,-4.993604
0.027708,-5.0398355
0.02771,-4.993604
0.027712,-4.993604
0.027714,-4.9011416
0.027716,-4.8086786
0.027718,-4.669985
0.02772,-4.5312905
0.027722,-4.3925962
0.027724,-4.2076707
0.027726,-3.976514
0.027728,-3.745357
0.02773,-3.467969
0.027732,-3.1905808
0.027734,-2.866961
0.027736,-2.5433414
0.027738,-2.2197218
0.02774,-1.8498712
0.027742,-1.48002
0.027744,-1.1564007
0.027746,-0.78654957
0.027748,-0.3704667
0.02775,0.13807821
0.027752,1.7099442
0.027754,3.23558
0.027756,4.298901
0.027758,4.8536773
0.027759999,4.7612157
0.027762,4.1602073
0.027764,3.0044227
0.027766,1.4787879
0.027768,-0.2317729
0.02777,-1.8498712
0.027772,-3.3755062
0.027774,-4.4388275
0.027776,-4.9011416
0.027778,-4.8086786
0.02778,-4.115208
0.027782,-2.9594238
0.027784,-1.4337888
0.027786,0.3230033
0.027788,1.9873328
0.02779,3.4667363
0.027792,4.437596
0.027794,4.8999095
0.027796,4.7612157
0.027798,4.0215135
0.0278,2.8194976
0.027802,1.2938623
0.027804,-0.46292973
0.027806,-2.081028
0.027808,-3.5142004
0.02781,-4.4850593
0.027812,-4.9011416
0.027814,-4.716216
0.027816,-3.976514
0.027818,-2.728267
0.02782,-1.1564007
0.027821999,0.60039186
0.027824,2.2184901
0.027826,3.605431
0.027828,4.5300584
0.02783,4.8999095
0.027832,4.668752
0.027834,3.8828197
0.027836,2.5883412
0.027838,1.0164738
0.02784,-0.694087
0.027842,-2.3121846
0.027844,-3.6991258
0.027846,-4.577522
0.027848,-4.9011416
0.02785,-4.623753
0.027852,-3.8378198
0.027854,-2.5433414
0.027856,-0.9252434
0.027858,0.8315482
0.02786,2.4496465
0.027862,3.7903562
0.027864,4.622521
0.027866,4.8999095
0.027868,4.622521
0.02787,3.744125
0.027872,2.4034152
0.027874,0.7853174
0.027876,-0.9252434
0.027878,-2.4971101
0.02788,-3.8378198
0.027882,-4.669985
0.027883999,-4.9011416
0.027886,-4.5312905
0.027888,-3.6528945
0.02789,-2.3121846
0.027892,-0.6478553
0.027894,1.0627055
0.027896,2.6808028
0.027898,3.92905
0.0279,4.7149835
0.027902,4.8999095
0.027904,4.483826
0.027906,3.5591989
0.027908,2.172258
0.02791,0.5541601
0.027912,-1.1564007
0.027914,-2.728267
0.027916,-4.022745
0.027918,-4.716216
0.02792,-4.9011416
0.027922,-4.4388275
0.027924,-3.5142004
0.027926,-2.081028
0.027928,-0.41669846
0.02793,1.3400936
0.027932,2.8657289
0.027934,4.113976
0.027936,4.7612157
0.027938,4.8999095
0.02794,4.437596
0.027942,3.420505
0.027944,1.9411016
0.027945999,0.27677202
0.027948,-1.4337888
0.02795,-2.9594238
0.027952,-4.1614394
0.027954,-4.8086786
0.027956,-4.85491
0.027958,-4.3925962
0.02796,-3.329275
0.027962,-1.8498712
0.027964,-0.18554163
0.027966,1.5250192
0.027968,3.0968862
0.02797,4.2064385
0.027972,4.8536773
0.027974,4.8536773
0.027976,4.298901
0.027978,3.23558
0.02798,1.7099442
0.027982,0.045615196
0.027984,-1.6187139
0.027986,-3.1443493
0.027988,-4.3001337
0.02799,-4.85491
0.027992,-4.8086786
0.027994,-4.2539024
0.027996,-3.1443493
0.027998,-1.6187139
0.027999999,0.091846466
0.028002,1.8024073
0.028004,3.2818112
0.028006,4.3451324
0.028007999,4.8536773
0.02801,4.807446
0.028012,4.2064385
0.028014,3.0044227
0.028016,1.4787879
0.028018,-0.18554163
0.02802,-1.8498712
0.028022,-3.329275
0.028024,-4.3925962
0.028026,-4.9011416
0.028028,-4.7624474
0.02803,-4.115208
0.028032,-2.9594238
0.028034,-1.387557
0.028036,0.3230033
0.028038,2.033564
0.02804,3.4667363
0.028042,4.437596
0.028044,4.8999095
0.028046,4.7612157
0.028048,4.0677447
0.02805,2.8194976
0.028052,1.2938623
0.028054,-0.46292973
0.028056,-2.081028
0.028058,-3.5142004
0.02806,-4.4850593
0.028061999,-4.9011416
0.028064,-4.716216
0.028066,-3.976514
0.028068,-2.728267
0.02807,-1.1564007
0.028072,0.60039186
0.028074,2.2184901
0.028076,3.6516623
0.028078,4.5300584
0.02808,4.8999095
0.028082,4.668752
0.028084,3.8828197
0.028086,2.6345725
0.028088,1.0164738
0.02809,-0.694087
0.028092,-2.3121846
0.028094,-3.6991258
0.028096,-4.577522
0.028098,-4.9011416
0.0281,-4.623753
0.028102,-3.8378198
0.028104,-2.5433414
0.028106,-0.9252434
0.028108,0.8315482
0.02811,2.4496465
0.028112,3.7903562
0.028114,4.622521
0.028116,4.8999095
0.028118,4.622521
0.02812,3.744125
0.028122,2.4034152
0.028123999,0.7853174
0.028126,-0.9252434
0.028128,-2.4971101
0.02813,-3.8378198
0.028132,-4.669985
0.028134,-4.9011416
0.028136,-4.5312905
0.028138,-3.6528945
0.02814,-2.3121846
0.028142,-0.6478553
0.028144,1.0627055
0.028146,2.6808028
0.028148,3.92905
0.02815,4.7149835
0.028152,4.8999095
0.028154,4.5300584
0.028156,3.5591989
0.028158,2.172258
0.02816,0.5541601
0.028162,-1.1564007
0.028164,-2.728267
0.028166,-4.022745
0.028168,-4.716216
0.02817,-4.9011416
0.028172,-4.4388275
0.028174,-3.5142004
0.028176,-2.081028
0.028178,-0.41669846
0.02818,1.3400936
0.028182,2.8657289
0.028184,4.113976
0.028185999,4.7612157
0.028188,4.8999095
0.02819,4.437596
0.028192,3.420505
0.028194,1.9411016
0.028196,0.3230033
0.028198,-1.4337888
0.0282,-2.9594238
0.028202,-4.1614394
0.028204,-4.8086786
0.028206,-4.85491
0.028208,-4.3925962
0.02821,-3.329275
0.028212,-1.8498712
0.028214,-0.13931036
0.028216,1.5250192
0.028218,3.0968862
0.02822,4.252671
0.028222,4.807446
0.028224,4.8536773
0.028226,4.298901
0.028228,3.23558
0.02823,1.7099442
0.028232,0.045615196
0.028234,-1.6187139
0.028236,-3.1443493
0.028238,-4.3001337
0.02824,-4.85491
0.028242,-4.85491
0.028244,-4.2539024
0.028246,-3.1443493
0.028247999,-1.6187139
0.02825,0.091846466
0.028252,1.8024073
0.028254,3.2818112
0.028256,4.3451324
0.028258,4.8536773
0.02826,4.807446
0.028262,4.1602073
0.028264,3.0044227
0.028266,1.4787879
0.028268,-0.18554163
0.02827,-1.8498712
0.028272,-3.329275
0.028274,-4.3925962
0.028276,-4.9011416
0.028278,-4.7624474
0.02828,-4.115208
0.028282,-2.9594238
0.028284,-1.387557
0.028286,0.3230033
0.028288,2.033564
0.02829,3.4667363
0.028292,4.437596
0.028294,4.8999095
0.028296,4.7612157
0.028298,4.0215135
0.0283,2.8194976
0.028302,1.2938623
0.028304,-0.46292973
0.028306,-2.081028
0.028308,-3.5142004
0.028309999,-4.4850593
0.028312,-4.9011416
0.028314,-4.716216
0.028316,-3.976514
0.028318,-2.728267
0.02832,-1.1564007
0.028322,0.60039186
0.028324,2.2184901
0.028326,3.6516623
0.028328,4.5300584
0.02833,4.8999095
0.028332,4.668752
0.028334,3.8828197
0.028336,2.5883412
0.028338,1.0164738
0.02834,-0.694087
0.028342,-2.3121846
0.028344,-3.6991258
0.028346,-4.577522
0.028348,-4.9011416
0.02835,-4.623753
0.028352,-3.8378198
0.028354,-2.5433414
0.028356,-0.9252434
0.028358,0.8315482
0.02836,2.4496465
0.028362,3.7903562
0.028364,4.622521
0.028366,4.8999095
0.028368,4.622521
0.02837,3.744125
0.028371999,2.4034152
0.028374,0.7853174
0.028376,-0.9252434
0.028378,-2.4971101
0.02838,-3.8378198
0.028382,-4.669985
0.028384,-4.9011416
0.028386,-4.5312905
0.028388,-3.6528945
0.02839,-2.3121846
0.028392,-0.6478553
0.028394,1.1089368
0.028396,2.6808028
0.028398,3.9752812
0.0284,4.7149835
0.028402,4.8999095
0.028404,4.5300584
0.028406,3.5591989
0.028408,2.172258
0.02841,0.5541601
0.028412,-1.1564007
0.028414,-2.728267
0.028416,-4.022745
0.028418,-4.716216
0.02842,-4.9011416
0.028422,-4.4388275
0.028424,-3.5142004
0.028426,-2.081028
0.028428,-0.41669846
0.02843,1.3400936
0.028432,2.8657289
0.028433999,4.113976
0.028436,4.7612157
0.028438,4.8999095
0.02844,4.437596
0.028442,3.3742738
0.028444,1.9411016
0.028446,0.27677202
0.028448,-1.4337888
0.02845,-2.9594238
0.028452,-4.1614394
0.028454,-4.8086786
0.028456,-4.85491
0.028458,-4.3925962
0.02846,-3.329275
0.028462,-1.8498712
0.028464,-0.13931036
0.028466,1.5250192
0.028468,3.0968862
0.02847,4.252671
0.028472,4.8536773
0.028474,4.8536773
0.028476,4.298901
0.028478,3.1893477
0.02848,1.7099442
0.028482,0.045615196
0.028484,-1.6187139
0.028486,-3.1443493
0.028488,-4.3001337
0.02849,-4.85491
0.028492,-4.85491
0.028494,-4.2539024
0.028495999,-3.1443493
0.028498,-1.6187139
0.0285,0.091846466
0.028502,1.8024073
0.028504,3.2818112
0.028506,4.3451324
0.028508,4.8536773
0.02851,4.807446
0.028512,4.2064385
0.028514,3.0044227
0.028516,1.4787879
0.028518,-0.18554163
0.02852,-1.8498712
0.028522,-3.329275
0.028524,-4.3925962
0.028526,-4.9011416
0.028528,-4.7624474
0.02853,-4.115208
0.028532,-2.9594238
0.028534,-1.387557
0.028536,0.3230033
0.028538,2.033564
0.02854,3.4667363
0.028542,4.437596
0.028544,4.8999095
0.028546,4.7612157
0.028548,4.0677447
0.028549999,2.8194976
0.028552,1.2938623
0.028554,-0.46292973
0.028556,-2.081028
0.028557999,-3.5142004
0.02856,-4.4850593
0.028562,-4.9011416
0.028564,-4.716216
0.028566,-3.976514
0.028568,-2.728267
0.02857,-1.1564007
0.028572,0.60039186
0.028574,2.2184901
0.028576,3.6516623
0.028578,4.5300584
0.02858,4.8999095
0.028582,4.668752
0.028584,3.8828197
0.028586,2.5883412
0.028588,1.0164738
0.02859,-0.694087
0.028592,-2.3121846
0.028594,-3.6991258
0.028596,-4.577522
0.028598,-4.9011416
0.0286,-4.623753
0.028602,-3.8378198
0.028604,-2.5433414
0.028606,-0.9252434
0.028608,0.8315482
0.02861,2.4496465
0.028611999,3.7903562
0.028614,4.622521
0.028616,4.8999095
0.028618,4.622521
0.028619999,3.744125
0.028622,2.4034152
0.028624,0.7853174
0.028626,-0.9252434
0.028628,-2.4971101
0.02863,-3.8378198
0.028632,-4.669985
0.028634,-4.9011416
0.028636,-4.5312905
0.028638,-3.6528945
0.02864,-2.3121846
0.028642,-0.6478553
0.028644,1.1089368
0.028646,2.6808028
0.028648,3.92905
0.02865,4.7149835
0.028652,4.8999095
0.028654,4.5300584
0.028656,3.5591989
0.028658,2.172258
0.02866,0.5541601
0.028662,-1.1564007
0.028664,-2.728267
0.028666,-4.022745
0.028668,-4.716216
0.02867,-4.9011416
0.028672,-4.4388275
0.028673999,-3.5142004
0.028676,-2.081028
0.028678,-0.41669846
0.02868,1.3400936
0.028682,2.8657289
0.028684,4.113976
0.028686,4.7612157
0.028688,4.8999095
0.02869,4.437596
0.028692,3.3742738
0.028694,1.9411016
0.028696,0.27677202
0.028698,-1.4337888
0.0287,-2.9594238
0.028702,-4.1614394
0.028704,-4.8086786
0.028706,-4.85491
0.028708,-4.3925962
0.02871,-3.329275
0.028712,-1.8498712
0.028714,-0.13931036
0.028716,1.5712504
0.028718,3.0968862
0.02872,4.252671
0.028722,4.807446
0.028724,4.8536773
0.028726,4.298901
0.028728,3.1893477
0.02873,1.7099442
0.028732,0.045615196
0.028734,-1.6187139
0.028735999,-3.1443493
0.028738,-4.3001337
0.02874,-4.85491
0.028742,-4.8086786
0.028744,-4.2539024
0.028746,-3.1443493
0.028748,-1.6187139
0.02875,-0.046847343
0.028752,0.4154663
0.028754,0.7853174
0.028756,1.2013993
0.028758,1.5250192
0.02876,1.8948698
0.028762,2.2184901
0.028764,2.542109
0.028766,2.8657289
0.028768,3.1893477
0.02877,3.4667363
0.028772,3.744125
0.028774,3.9752812
0.028776,4.2064385
0.028778,4.3913646
0.02878,4.5762897
0.028782,4.7149835
0.028784,4.807446
0.028786,4.946141
0.028788,4.992371
0.02879,5.0386033
0.028792,5.0386033
0.028794,5.0386033
0.028796,4.992371
0.028797999,4.8999095
0.0288,4.807446
0.028802,4.668752
0.028804,4.483826
0.028806,4.3451324
0.028808,4.113976
0.02881,3.8828197
0.028812,3.6516623
0.028814,3.3742738
0.028816,3.0968862
0.028818,2.7732663
0.02882,2.4496465
0.028822,2.0797954
0.028824,1.756176
0.028826,1.3863249
0.028828,1.0164738
0.02883,0.64662313
0.028832,0.27677202
0.028834,-0.09307861
0.028836,-0.5091615
0.028838,-0.8790121
0.02884,-1.2488632
0.028842,-1.5724826
0.028844,-1.9423337
0.028846,-2.2659533
0.028848,-2.6358042
0.02885,-2.9594238
0.028852,-3.236812
0.028854,-3.5142004
0.028856,-3.7915885
0.028858,-4.022745
0.028859999,-4.2539024
0.028862,-4.4388275
0.028864,-4.577522
0.028866,-4.716216
0.028868,-4.85491
0.02887,-4.947373
0.028872,-4.993604
0.028874,-5.0398355
0.028876,-4.993604
0.028878,-4.993604
0.02888,-4.947373
0.028882,-4.85491
0.028884,-4.716216
0.028886,-4.577522
0.028888,-4.4388275
0.02889,-4.2539024
0.028892,-4.068977
0.028894,-3.7915885
0.028896,-3.5604317
0.028898,-3.2830436
0.0289,-2.9594238
0.028902,-2.6358042
0.028904,-2.3121846
0.028906,-1.9885652
0.028908,-1.6187139
0.02891,-1.2488632
0.028912,-0.8790121
0.028914,-0.5091615
0.028916,-0.13931036
0.028918,0.27677202
0.02892,0.64662313
0.028921999,1.0164738
0.028924,1.3863249
0.028926,1.7099442
0.028928,2.0797954
0.02893,2.4034152
0.028932,2.7732663
0.028934,3.050654
0.028936,3.3742738
0.028938,3.6516623
0.02894,3.8828197
0.028942,4.113976
0.028944,4.3451324
0.028946,4.483826
0.028948,4.668752
0.02895,4.7612157
0.028952,4.8999095
0.028954,4.946141
0.028956,4.992371
0.028958,5.0386033
0.02896,5.0386033
0.028962,4.992371
0.028964,4.8999095
0.028966,4.807446
0.028968,4.7149835
0.02897,4.5300584
0.028972,4.3913646
0.028974,4.2064385
0.028976,3.9752812
0.028978,3.744125
0.02898,3.4667363
0.028982,3.1893477
0.028983999,2.8657289
0.028986,2.542109
0.028988,2.2184901
0.02899,1.8486385
0.028992,1.4787879
0.028994,1.1551685
0.028996,0.7853174
0.028998,0.4154663
0.029,-6.160736E-4
0.029002,-0.3704667
0.029004,-0.7403178
0.029006,-1.1101689
0.029008,-1.48002
0.02901,-1.8498712
0.029012,-2.1734905
0.029014,-2.4971101
0.029016,-2.8207297
0.029018,-3.1443493
0.02902,-3.4217377
0.029022,-3.6991258
0.029024,-3.976514
0.029026,-4.1614394
0.029028,-4.3925962
0.02903,-4.5312905
0.029032,-4.669985
0.029034,-4.8086786
0.029036,-4.9011416
0.029038,-4.993604
0.02904,-4.993604
0.029042,-5.0398355
0.029044,-4.993604
0.029045999,-4.947373
0.029048,-4.9011416
0.02905,-4.7624474
0.029052,-4.623753
0.029054,-4.4850593
0.029056,-4.346365
0.029058,-4.115208
0.02906,-3.8840513
0.029062,-3.6528945
0.029064,-3.3755062
0.029066,-3.0518866
0.029068,-2.7744985
0.02907,-2.4508786
0.029072,-2.081028
0.029074,-1.7111769
0.029076,-1.387557
0.029078,-1.0177064
0.02908,-0.6478553
0.029082,-0.27800417
0.029084,0.13807821
0.029086,0.50792885
0.029088,0.87777996
0.02909,1.2476311
0.029092,1.6174817
0.029094,1.9411016
0.029096,2.3109517
0.029098,2.6345725
0.029099999,2.9581914
0.029102,3.23558
0.029104,3.5591989
0.029106,3.7903562
0.029107999,4.0677447
0.02911,4.252671
0.029112,4.437596
0.029114,4.5762897
0.029116,4.7149835
0.029118,4.8536773
0.02912,4.946141
0.029122,4.992371
0.029124,5.0386033
0.029126,5.0386033
0.029128,4.992371
0.02913,4.946141
0.029132,4.8536773
0.029134,4.7612157
0.029136,4.622521
0.029138,4.437596
0.02914,4.252671
0.029142,4.0677447
0.029144,3.7903562
0.029146,3.5591989
0.029148,3.2818112
0.02915,2.9581914
0.029152,2.6345725
0.029154,2.3109517
0.029156,1.9873328
0.029158,1.6174817
0.02916,1.2938623
0.029161999,0.92401123
0.029164,0.50792885
0.029166,0.13807821
0.029168,-0.2317729
0.029169999,-0.601624
0.029172,-1.0177064
0.029174,-1.387557
0.029176,-1.7111769
0.029178,-2.081028
0.02918,-2.4046474
0.029182,-2.728267
0.029184,-3.0518866
0.029186,-3.329275
0.029188,-3.6066632
0.02919,-3.8840513
0.029192,-4.115208
0.029194,-4.3001337
0.029196,-4.4850593
0.029198,-4.623753
0.0292,-4.7624474
0.029202,-4.85491
0.029204,-4.947373
0.029206,-4.993604
0.029208,-5.0398355
0.02921,-4.993604
0.029212,-4.993604
0.029214,-4.9011416
0.029216,-4.8086786
0.029218,-4.669985
0.02922,-4.5312905
0.029222,-4.3925962
0.029223999,-4.2076707
0.029226,-3.976514
0.029228,-3.745357
0.02923,-3.467969
0.029232,-3.1905808
0.029234,-2.866961
0.029236,-2.5433414
0.029238,-2.2197218
0.02924,-1.8498712
0.029242,-1.48002
0.029244,-1.1564007
0.029246,-0.78654957
0.029248,-0.3704667
0.02925,-6.160736E-4
0.029252,0.36923456
0.029254,0.7853174
0.029256,1.1551685
0.029258,1.4787879
0.02926,1.8486385
0.029262,2.172258
0.029264,2.542109
0.029266,2.8657289
0.029268,3.1431174
0.02927,3.4667363
0.029272,3.6978936
0.029274,3.9752812
0.029276,4.2064385
0.029278,4.3913646
0.02928,4.5300584
0.029282,4.668752
0.029284,4.807446
0.029285999,4.8999095
0.029288,4.992371
0.02929,5.0386033
0.029292,5.0386033
0.029294,4.992371
0.029296,4.946141
0.029298,4.8999095
0.0293,4.7612157
0.029302,4.668752
0.029304,4.483826
0.029306,4.3451324
0.029308,4.113976
0.02931,3.8828197
0.029312,3.6516623
0.029314,3.3742738
0.029316,3.050654
0.029318,2.7732663
0.02932,2.4496465
0.029322,2.0797954
0.029324,1.756176
0.029326,1.3863249
0.029328,1.0164738
0.02933,0.64662313
0.029332,0.27677202
0.029334,-0.13931036
0.029336,-0.5091615
0.029338,-0.8790121
0.02934,-1.2488632
0.029342,-1.5724826
0.029344,-1.9423337
0.029346,-2.3121846
0.029347999,-2.6358042
0.02935,-2.9594238
0.029352,-3.236812
0.029354,-3.5142004
0.029356,-3.7915885
0.029358,-4.022745
0.02936,-4.2539024
0.029362,-4.4388275
0.029364,-4.577522
0.029366,-4.716216
0.029368,-4.85491
0.02937,-4.947373
0.029372,-4.993604
0.029374,-4.993604
0.029376,-5.0398355
0.029378,-4.993604
0.02938,-4.947373
0.029382,-4.85491
0.029384,-4.716216
0.029386,-4.577522
0.029388,-4.4388275
0.02939,-4.2539024
0.029392,-4.068977
0.029394,-3.7915885
0.029396,-3.5604317
0.029398,-3.2830436
0.0294,-2.9594238
0.029402,-2.6358042
0.029404,-2.3121846
0.029406,-1.9885652
0.029408,-1.6187139
0.029409999,-1.2488632
0.029412,-0.8790121
0.029414,-0.5091615
0.029416,-0.13931036
0.029418,0.27677202
0.02942,0.64662313
0.029422,1.0164738
0.029424,1.3863249
0.029426,1.7099442
0.029428,2.0797954
0.02943,2.4034152
0.029432,2.727035
0.029434,3.050654
0.029436,3.3742738
0.029438,3.6516623
0.02944,3.8828197
0.029442,4.113976
0.029444,4.3451324
0.029446,4.483826
0.029448,4.668752
0.02945,4.7612157
0.029452,4.8999095
0.029454,4.946141
0.029456,4.992371
0.029458,5.0386033
0.02946,5.0386033
0.029462,4.992371
0.029464,4.8999095
0.029466,4.807446
0.029468,4.7149835
0.02947,4.5300584
0.029471999,4.3913646
0.029474,4.2064385
0.029476,3.9752812
0.029478,3.744125
0.02948,3.4667363
0.029482,3.1893477
0.029484,2.8657289
0.029486,2.542109
0.029488,2.2184901
0.02949,1.8486385
0.029492,1.4787879
0.029494,1.1551685
0.029496,0.7853174
0.029498,0.4154663
0.0295,-6.160736E-4
0.029502,-0.3704667
0.029504,-0.7403178
0.029506,-1.1101689
0.029508,-1.48002
0.02951,-1.8036394
0.029512,-2.1734905
0.029514,-2.4971101
0.029516,-2.8207297
0.029518,-3.1443493
0.02952,-3.4217377
0.029522,-3.6991258
0.029524,-3.976514
0.029526,-4.2076707
0.029528,-4.3925962
0.02953,-4.5312905
0.029532,-4.669985
0.029533999,-4.8086786
0.029536,-4.9011416
0.029538,-4.993604
0.02954,-4.993604
0.029542,-5.0398355
0.029544,-4.993604
0.029546,-4.947373
0.029548,-4.9011416
0.02955,-4.7624474
0.029552,-4.623753
0.029554,-4.4850593
0.029556,-4.346365
0.029558,-4.115208
0.02956,-3.8840513
0.029562,-3.6528945
0.029564,-3.3755062
0.029566,-3.0518866
0.029568,-2.7744985
0.02957,-2.4046474
0.029572,-2.081028
0.029574,-1.7111769
0.029576,-1.387557
0.029578,-1.0177064
0.02958,-0.6478553
0.029582,-0.27800417
0.029584,0.13807821
0.029586,0.50792885
0.029588,0.87777996
0.02959,1.2476311
0.029592,1.6174817
0.029594,1.9411016
0.029595999,2.3109517
0.029598,2.6345725
0.0296,2.9581914
0.029602,3.2818112
0.029604,3.5591989
0.029606,3.7903562
0.029608,4.0677447
0.02961,4.252671
0.029612,4.437596
0.029614,4.5762897
0.029616,4.7612157
0.029618,4.8536773
0.02962,4.946141
0.029622,4.992371
0.029624,5.0386033
0.029626,5.0386033
0.029628,4.992371
0.02963,4.946141
0.029632,4.8536773
0.029634,4.7612157
0.029636,4.622521
0.029638,4.437596
0.02964,4.252671
0.029642,4.0677447
0.029644,3.7903562
0.029646,3.5591989
0.029648,3.2818112
0.02965,2.9581914
0.029652,2.6345725
0.029654,2.3109517
0.029656,1.9873328
0.029657999,1.6174817
0.02966,1.2938623
0.029662,0.87777996
0.029664,0.50792885
0.029666,0.13807821
0.029668,-0.2317729
0.02967,-0.601624
0.029672,-1.0177064
0.029674,-1.387557
0.029676,-1.7111769
0.029678,-2.081028
0.02968,-2.4046474
0.029682,-2.728267
0.029684,-3.0518866
0.029686,-3.329275
0.029688,-3.6066632
0.02969,-3.8840513
0.029692,-4.115208
0.029694,-4.3001337
0.029696,-4.4850593
0.029698,-4.623753
0.0297,-4.7624474
0.029702,-4.85491
0.029704,-4.947373
0.029706,-4.993604
0.029708,-5.0398355
0.02971,-4.993604
0.029711999,-4.993604
0.029714,-4.9011416
0.029716,-4.8086786
0.029718,-4.669985
0.029719999,-4.5312905
0.029722,-4.3925962
0.029724,-4.2076707
0.029726,-3.976514
0.029728,-3.745357
0.02973,-3.467969
0.029732,-3.1905808
0.029734,-2.866961
0.029736,-2.5433414
0.029738,-2.2197218
0.02974,-1.8498712
0.029742,-1.48002
0.029744,-1.1564007
0.029746,-0.78654957
0.029748,-0.3704667
0.02975,0.184309
0.029752,1.756176
0.029754,3.23558
0.029756,4.298901
0.029758,4.8536773
0.02976,4.7612157
0.029762,4.1602073
0.029764,3.0044227
0.029766,1.4787879
0.029768,-0.2317729
0.02977,-1.8961024
0.029772,-3.3755062
0.029773999,-4.4388275
0.029776,-4.9011416
0.029778,-4.8086786
0.02978,-4.115208
0.029781999,-2.9594238
0.029784,-1.387557
0.029786,0.3230033
0.029788,2.033564
0.02979,3.4667363
0.029792,4.437596
0.029794,4.8999095
0.029796,4.7612157
0.029798,4.0215135
0.0298,2.8194976
0.029802,1.2476311
0.029804,-0.46292973
0.029806,-2.081028
0.029808,-3.5142004
0.02981,-4.4850593
0.029812,-4.9011416
0.029814,-4.716216
0.029816,-3.976514
0.029818,-2.728267
0.02982,-1.1564007
0.029822,0.60039186
0.029824,2.2647214
0.029826,3.6516623
0.029828,4.5300584
0.02983,4.8999095
0.029832,4.668752
0.029834,3.8828197
0.029835999,2.5883412
0.029838,1.0164738
0.02984,-0.694087
0.029842,-2.3121846
0.029844,-3.6991258
0.029846,-4.577522
0.029848,-4.9011416
0.02985,-4.623753
0.029852,-3.8378198
0.029854,-2.5433414
0.029856,-0.9252434
0.029858,0.8315482
0.02986,2.4496465
0.029862,3.7903562
0.029864,4.622521
0.029866,4.8999095
0.029868,4.5762897
0.02987,3.744125
0.029872,2.4034152
0.029874,0.7853174
0.029876,-0.9252434
0.029878,-2.5433414
0.02988,-3.8378198
0.029882,-4.669985
0.029884,-4.9011416
0.029886,-4.5312905
0.029888,-3.6528945
0.02989,-2.3121846
0.029892,-0.6478553
0.029894,1.1089368
0.029896,2.6808028
0.029897999,3.9752812
0.0299,4.7149835
0.029902,4.8999095
0.029904,4.483826
0.029906,3.5591989
0.029908,2.172258
0.02991,0.5541601
0.029912,-1.202632
0.029914,-2.728267
0.029916,-4.022745
0.029918,-4.716216
0.02992,-4.9011416
0.029922,-4.4388275
0.029924,-3.5142004
0.029926,-2.081028
0.029928,-0.41669846
0.02993,1.3400936
0.029932,2.8657289
0.029934,4.113976
0.029936,4.7612157
0.029938,4.8999095
0.02994,4.437596
0.029942,3.3742738
0.029944,1.9411016
0.029946,0.27677202
0.029948,-1.4337888
0.02995,-2.9594238
0.029952,-4.1614394
0.029954,-4.8086786
0.029956,-4.85491
0.029958,-4.346365
0.029959999,-3.329275
0.029962,-1.8498712
0.029964,-0.13931036
0.029966,1.5712504
0.029968,3.0968862
0.02997,4.252671
0.029972,4.8536773
0.029974,4.8536773
0.029976,4.298901
0.029978,3.1893477
0.02998,1.7099442
0.029982,0.045615196
0.029984,-1.6187139
0.029986,-3.1443493
0.029988,-4.3001337
0.02999,-4.85491
0.029992,-4.8086786
0.029994,-4.2539024
0.029996,-3.1443493
0.029998,-1.6187139
0.03,0.091846466
0.030002,1.8024073
0.030004,3.2818112
0.030006,4.3451324
0.030008,4.8536773
0.03001,4.807446
0.030012,4.1602073
0.030014,3.0044227
0.030016,1.4787879
0.030018,-0.18554163
0.03002,-1.8498712
0.030021999,-3.329275
0.030024,-4.3925962
0.030026,-4.9011416
0.030028,-4.7624474
0.03003,-4.115208
0.030032,-2.9131925
0.030034,-1.387557
0.030036,0.36923456
0.030038,2.033564
0.03004,3.4667363
0.030042,4.437596
0.030044,4.8999095
0.030046,4.7612157
0.030048,4.0215135
0.03005,2.8194976
0.030052,1.2476311
0.030054,-0.46292973
0.030056,-2.081028
0.030058,-3.5142004
0.03006,-4.4850593
0.030062,-4.9011416
0.030064,-4.716216
0.030066,-3.976514
0.030068,-2.728267
0.03007,-1.1564007
0.030072,0.60039186
0.030074,2.2647214
0.030076,3.6516623
0.030078,4.5300584
0.03008,4.8999095
0.030082,4.668752
0.030083999,3.8828197
0.030086,2.5883412
0.030088,1.0164738
0.03009,-0.694087
0.030092,-2.3121846
0.030094,-3.6991258
0.030096,-4.577522
0.030098,-4.9011416
0.0301,-4.623753
0.030102,-3.8378198
0.030104,-2.5433414
0.030106,-0.9252434
0.030108,0.8315482
0.03011,2.4496465
0.030112,3.7903562
0.030114,4.622521
0.030116,4.8999095
0.030118,4.5762897
0.03012,3.744125
0.030122,2.4034152
0.030124,0.7853174
0.030126,-0.9252434
0.030128,-2.5433414
0.03013,-3.8378198
0.030132,-4.669985
0.030134,-4.9011416
0.030136,-4.5312905
0.030138,-3.6528945
0.03014,-2.3121846
0.030142,-0.6478553
0.030144,1.1089368
0.030145999,2.6808028
0.030148,3.9752812
0.03015,4.7149835
0.030152,4.8999095
0.030154,4.483826
0.030156,3.5591989
0.030158,2.172258
0.03016,0.5541601
0.030162,-1.202632
0.030164,-2.728267
0.030166,-4.022745
0.030168,-4.716216
0.03017,-4.9011416
0.030172,-4.4388275
0.030174,-3.5142004
0.030176,-2.081028
0.030178,-0.41669846
0.03018,1.3400936
0.030182,2.8657289
0.030184,4.113976
0.030186,4.7612157
0.030188,4.8999095
0.03019,4.437596
0.030192,3.3742738
0.030194,1.9411016
0.030196,0.27677202
0.030198,-1.4337888
0.0302,-2.9594238
0.030202,-4.1614394
0.030204,-4.8086786
0.030206,-4.85491
0.030207999,-4.3925962
0.03021,-3.329275
0.030212,-1.8498712
0.030214,-0.13931036
0.030216,1.5712504
0.030218,3.0968862
0.03022,4.252671
0.030222,4.8536773
0.030224,4.8536773
0.030226,4.298901
0.030228,3.1893477
0.03023,1.7099442
0.030232,0.045615196
0.030234,-1.6187139
0.030236,-3.1443493
0.030238,-4.3001337
0.03024,-4.85491
0.030242,-4.8086786
0.030244,-4.2539024
0.030246,-3.1443493
0.030248,-1.6187139
0.03025,0.091846466
0.030252,1.8024073
0.030254,3.2818112
0.030256,4.3451324
0.030258,4.8536773
0.03026,4.807446
0.030261999,4.1602073
0.030264,3.0044227
0.030266,1.4787879
0.030268,-0.18554163
0.030269999,-1.8498712
0.030272,-3.329275
0.030274,-4.3925962
0.030276,-4.9011416
0.030278,-4.7624474
0.03028,-4.115208
0.030282,-2.9131925
0.030284,-1.387557
0.030286,0.36923456
0.030288,2.033564
0.03029,3.4667363
0.030292,4.437596
0.030294,4.8999095
0.030296,4.7612157
0.030298,4.0215135
0.0303,2.8194976
0.030302,1.2476311
0.030304,-0.46292973
0.030306,-2.081028
0.030308,-3.5142004
0.03031,-4.4850593
0.030312,-4.9011416
0.030314,-4.716216
0.030316,-3.976514
0.030318,-2.728267
0.03032,-1.1564007
0.030322,0.60039186
0.030323999,2.2647214
0.030326,3.6516623
0.030328,4.5300584
0.03033,4.8999095
0.030331999,4.668752
0.030334,3.8828197
0.030336,2.5883412
0.030338,1.0164738
0.03034,-0.694087
0.030342,-2.3121846
0.030344,-3.6991258
0.030346,-4.577522
0.030348,-4.9011416
0.03035,-4.623753
0.030352,-3.8378198
0.030354,-2.5433414
0.030356,-0.8790121
0.030358,0.8315482
0.03036,2.4496465
0.030362,3.7903562
0.030364,4.622521
0.030366,4.8999095
0.030368,4.5762897
0.03037,3.744125
0.030372,2.4034152
0.030374,0.7853174
0.030376,-0.9252434
0.030378,-2.5433414
0.03038,-3.8378198
0.030382,-4.669985
0.030384,-4.9011416
0.030385999,-4.5312905
0.030388,-3.6528945
0.03039,-2.3121846
0.030392,-0.6478553
0.030394,1.1089368
0.030396,2.6808028
0.030398,3.9752812
0.0304,4.7149835
0.030402,4.8999095
0.030404,4.483826
0.030406,3.5591989
0.030408,2.172258
0.03041,0.5541601
0.030412,-1.202632
0.030414,-2.728267
0.030416,-4.022745
0.030418,-4.716216
0.03042,-4.9011416
0.030422,-4.4388275
0.030424,-3.5142004
0.030426,-2.081028
0.030428,-0.41669846
0.03043,1.3400936
0.030432,2.9119601
0.030434,4.113976
0.030436,4.7612157
0.030438,4.8999095
0.03044,4.437596
0.030442,3.3742738
0.030444,1.9411016
0.030446,0.27677202
0.030447999,-1.4337888
0.03045,-2.9594238
0.030452,-4.1614394
0.030454,-4.8086786
0.030456,-4.85491
0.030458,-4.346365
0.03046,-3.329275
0.030462,-1.8498712
0.030464,-0.13931036
0.030466,1.5712504
0.030468,3.0968862
0.03047,4.252671
0.030472,4.807446
0.030474,4.8536773
0.030476,4.298901
0.030478,3.1893477
0.03048,1.7099442
0.030482,0.045615196
0.030484,-1.6187139
0.030486,-3.1443493
0.030488,-4.3001337
0.03049,-4.85491
0.030492,-4.8086786
0.030494,-4.2539024
0.030496,-3.1443493
0.030498,-1.6187139
0.0305,0.091846466
0.030502,1.8024073
0.030504,3.2818112
0.030506,4.3451324
0.030508,4.8536773
0.030509999,4.807446
0.030512,4.1602073
0.030514,3.0044227
0.030516,1.4787879
0.030518,-0.2317729
0.03052,-1.8498712
0.030522,-3.329275
0.030524,-4.3925962
0.030526,-4.9011416
0.030528,-4.7624474
0.03053,-4.115208
0.030532,-2.9131925
0.030534,-1.387557
0.030536,0.36923456
0.030538,2.033564
0.03054,3.4667363
0.030542,4.437596
0.030544,4.8999095
0.030546,4.7612157
0.030548,4.0215135
0.03055,2.8194976
0.030552,1.2476311
0.030554,-0.46292973
0.030556,-2.081028
0.030558,-3.5142004
0.03056,-4.4850593
0.030562,-4.9011416
0.030564,-4.716216
0.030566,-3.976514
0.030568,-2.728267
0.03057,-1.1564007
0.030571999,0.60039186
0.030574,2.2647214
0.030576,3.6516623
0.030578,4.5300584
0.03058,4.8999095
0.030582,4.668752
0.030584,3.8828197
0.030586,2.5883412
0.030588,1.0164738
0.03059,-0.694087
0.030592,-2.3121846
0.030594,-3.6991258
0.030596,-4.577522
0.030598,-4.9011416
0.0306,-4.623753
0.030602,-3.8378198
0.030604,-2.5433414
0.030606,-0.8790121
0.030608,0.8315482
0.03061,2.4496465
0.030612,3.7903562
0.030614,4.622521
0.030616,4.8999095
0.030618,4.5762897
0.03062,3.744125
0.030622,2.4034152
0.030624,0.7853174
0.030626,-0.9252434
0.030628,-2.5433414
0.03063,-3.8378198
0.030632,-4.669985
0.030633999,-4.9011416
0.030636,-4.5312905
0.030638,-3.6528945
0.03064,-2.3121846
0.030642,-0.6478553
0.030644,1.1089368
0.030646,2.6808028
0.030648,3.9752812
0.03065,4.7149835
0.030652,4.8999095
0.030654,4.483826
0.030656,3.5591989
0.030658,2.172258
0.03066,0.5541601
0.030662,-1.202632
0.030664,-2.728267
0.030666,-4.022745
0.030668,-4.716216
0.03067,-4.9011416
0.030672,-4.4388275
0.030674,-3.5142004
0.030676,-2.081028
0.030678,-0.41669846
0.03068,1.3400936
0.030682,2.9119601
0.030684,4.113976
0.030686,4.7612157
0.030688,4.8999095
0.03069,4.437596
0.030692,3.3742738
0.030694,1.9411016
0.030695999,0.27677202
0.030698,-1.4337888
0.0307,-2.9594238
0.030702,-4.1614394
0.030704,-4.8086786
0.030706,-4.85491
0.030708,-4.346365
0.03071,-3.329275
0.030712,-1.8498712
0.030714,-0.13931036
0.030716,1.5712504
0.030718,3.0968862
0.03072,4.252671
0.030722,4.8536773
0.030724,4.8536773
0.030726,4.298901
0.030728,3.1893477
0.03073,1.7099442
0.030732,0.045615196
0.030734,-1.6187139
0.030736,-3.1443493
0.030738,-4.3001337
0.03074,-4.85491
0.030742,-4.8086786
0.030744,-4.2539024
0.030746,-3.1443493
0.030748,-1.6187139
0.03075,-0.046847343
0.030752,0.4154663
0.030754,0.8315482
0.030756,1.2013993
0.030757999,1.5250192
0.03076,1.8948698
0.030762,2.2184901
0.030764,2.542109
0.030766,2.8657289
0.030768,3.1893477
0.03077,3.4667363
0.030772,3.744125
0.030774,3.9752812
0.030776,4.2064385
0.030778,4.3913646
0.03078,4.5762897
0.030782,4.7149835
0.030784,4.807446
0.030786,4.946141
0.030788,4.992371
0.03079,5.0386033
0.030792,5.0386033
0.030794,5.0386033
0.030796,4.992371
0.030798,4.8999095
0.0308,4.807446
0.030802,4.668752
0.030804,4.483826
0.030806,4.3451324
0.030808,4.113976
0.03081,3.8828197
0.030811999,3.6516623
0.030814,3.3742738
0.030816,3.0968862
0.030818,2.7732663
0.030819999,2.4496465
0.030822,2.0797954
0.030824,1.756176
0.030826,1.3863249
0.030828,1.0164738
0.03083,0.64662313
0.030832,0.27677202
0.030834,-0.09307861
0.030836,-0.5091615
0.030838,-0.8790121
0.03084,-1.2488632
0.030842,-1.5724826
0.030844,-1.9423337
0.030846,-2.3121846
0.030848,-2.6358042
0.03085,-2.9594238
0.030852,-3.236812
0.030854,-3.5142004
0.030856,-3.7915885
0.030858,-4.022745
0.03086,-4.2539024
0.030862,-4.4388275
0.030864,-4.577522
0.030866,-4.716216
0.030868,-4.85491
0.03087,-4.947373
0.030872,-4.993604
0.030873999,-4.993604
0.030876,-4.993604
0.030878,-4.993604
0.03088,-4.947373
0.030881999,-4.85491
0.030884,-4.716216
0.030886,-4.577522
0.030888,-4.4388275
0.03089,-4.2539024
0.030892,-4.068977
0.030894,-3.7915885
0.030896,-3.5604317
0.030898,-3.2830436
0.0309,-2.9594238
0.030902,-2.6358042
0.030904,-2.3121846
0.030906,-1.9885652
0.030908,-1.6187139
0.03091,-1.2488632
0.030912,-0.8790121
0.030914,-0.5091615
0.030916,-0.13931036
0.030918,0.27677202
0.03092,0.64662313
0.030922,1.0164738
0.030924,1.3863249
0.030926,1.7099442
0.030928,2.0797954
0.03093,2.4034152
0.030932,2.7732663
0.030934,3.050654
0.030935999,3.3742738
0.030938,3.6516623
0.03094,3.8828197
0.030942,4.113976
0.030943999,4.3451324
0.030946,4.483826
0.030948,4.668752
0.03095,4.7612157
0.030952,4.8999095
0.030954,4.946141
0.030956,4.992371
0.030958,5.0386033
0.03096,5.0386033
0.030962,4.992371
0.030964,4.8999095
0.030966,4.807446
0.030968,4.7149835
0.03097,4.5300584
0.030972,4.3913646
0.030974,4.2064385
0.030976,3.9752812
0.030978,3.744125
0.03098,3.4667363
0.030982,3.1893477
0.030984,2.8657289
0.030986,2.542109
0.030988,2.2184901
0.03099,1.8486385
0.030992,1.4787879
0.030994,1.1551685
0.030996,0.7853174
0.030997999,0.4154663
0.031,-6.160736E-4
0.031002,-0.3704667
0.031004,-0.7403178
0.031006,-1.1101689
0.031008,-1.48002
0.03101,-1.8498712
0.031012,-2.1734905
0.031014,-2.4971101
0.031016,-2.8207297
0.031018,-3.1443493
0.03102,-3.4217377
0.031022,-3.6991258
0.031024,-3.976514
0.031026,-4.2076707
0.031028,-4.3925962
0.03103,-4.5312905
0.031032,-4.669985
0.031034,-4.8086786
0.031036,-4.9011416
0.031038,-4.947373
0.03104,-4.993604
0.031042,-5.0398355
0.031044,-4.993604
0.031046,-4.947373
0.031048,-4.85491
0.03105,-4.7624474
0.031052,-4.623753
0.031054,-4.4850593
0.031056,-4.346365
0.031058,-4.115208
0.031059999,-3.8840513
0.031062,-3.6528945
0.031064,-3.3755062
0.031066,-3.0518866
0.031068,-2.7744985
0.03107,-2.4046474
0.031072,-2.081028
0.031074,-1.7111769
0.031076,-1.387557
0.031078,-1.0177064
0.03108,-0.6478553
0.031082,-0.27800417
0.031084,0.13807821
0.031086,0.50792885
0.031088,0.87777996
0.03109,1.2476311
0.031092,1.6174817
0.031094,1.9873328
0.031096,2.3109517
0.031098,2.6345725
0.0311,2.9581914
0.031102,3.2818112
0.031104,3.5591989
0.031106,3.7903562
0.031108,4.0677447
0.03111,4.252671
0.031112,4.437596
0.031114,4.5762897
0.031116,4.7612157
0.031118,4.8536773
0.03112,4.946141
0.031121999,4.992371
0.031124,5.0386033
0.031126,5.0386033
0.031128,4.992371
0.03113,4.946141
0.031132,4.8536773
0.031134,4.7612157
0.031136,4.622521
0.031138,4.437596
0.03114,4.252671
0.031142,4.0677447
0.031144,3.7903562
0.031146,3.5591989
0.031148,3.2818112
0.03115,2.9581914
0.031152,2.6345725
0.031154,2.3109517
0.031156,1.9873328
0.031158,1.6174817
0.03116,1.2938623
0.031162,0.87777996
0.031164,0.50792885
0.031166,0.13807821
0.031168,-0.2317729
0.03117,-0.6478553
0.031172,-1.0177064
0.031174,-1.387557
0.031176,-1.7111769
0.031178,-2.081028
0.03118,-2.4046474
0.031182,-2.728267
0.031183999,-3.0518866
0.031186,-3.329275
0.031188,-3.6066632
0.03119,-3.8840513
0.031192,-4.115208
0.031194,-4.3001337
0.031196,-4.4850593
0.031198,-4.623753
0.0312,-4.7624474
0.031202,-4.85491
0.031204,-4.947373
0.031206,-4.993604
0.031208,-5.0398355
0.03121,-4.993604
0.031212,-4.993604
0.031214,-4.9011416
0.031216,-4.8086786
0.031218,-4.669985
0.03122,-4.5312905
0.031222,-4.3925962
0.031224,-4.2076707
0.031226,-3.976514
0.031228,-3.745357
0.03123,-3.467969
0.031232,-3.1905808
0.031234,-2.866961
0.031236,-2.5433414
0.031238,-2.2197218
0.03124,-1.8498712
0.031242,-1.48002
0.031244,-1.1564007
0.031245999,-0.7403178
0.031248,-0.3704667
0.03125,-6.160736E-4
0.031252,0.36923456
0.031254,0.7853174
0.031256,1.1551685
0.031258,1.4787879
0.03126,1.8486385
0.031262,2.2184901
0.031264,2.542109
0.031266,2.8657289
0.031268,3.1431174
0.03127,3.4667363
0.031272,3.744125
0.031274,3.9752812
0.031276,4.2064385
0.031278,4.3913646
0.03128,4.5300584
0.031282,4.7149835
0.031284,4.807446
0.031286,4.8999095
0.031288,4.992371
0.03129,5.0386033
0.031292,5.0386033
0.031294,4.992371
0.031296,4.946141
0.031298,4.8999095
0.0313,4.7612157
0.031302,4.668752
0.031303998,4.483826
0.031306,4.3451324
0.031308,4.113976
0.03131,3.8828197
0.031312,3.6516623
0.031314,3.3742738
0.031316,3.050654
0.031318,2.7732663
0.03132,2.4496465
0.031322,2.0797954
0.031324,1.756176
0.031326,1.3863249
0.031328,1.0164738
0.03133,0.64662313
0.031332,0.27677202
0.031334,-0.09307861
0.031336,-0.5091615
0.031338,-0.8790121
0.03134,-1.2488632
0.031342,-1.5724826
0.031344,-1.9423337
0.031346,-2.3121846
0.031348,-2.6358042
0.03135,-2.9594238
0.031352,-3.236812
0.031354,-3.5142004
0.031356,-3.7915885
0.031358,-4.022745
0.03136,-4.2539024
0.031362,-4.4388275
0.031364,-4.577522
0.031365998,-4.716216
0.031368,-4.85491
0.03137,-4.947373
0.031372,-4.993604
0.031374,-4.993604
0.031376,-5.0398355
0.031378,-4.993604
0.03138,-4.947373
0.031382,-4.85491
0.031384,-4.716216
0.031386,-4.577522
0.031388,-4.4388275
0.03139,-4.2539024
0.031392,-4.068977
0.031394,-3.7915885
0.031396,-3.5604317
0.031398,-3.2830436
0.0314,-2.9594238
0.031402,-2.6358042
0.031404,-2.3121846
0.031406,-1.9885652
0.031408,-1.6187139
0.03141,-1.2488632
0.031412,-0.8790121
0.031414,-0.5091615
0.031416,-0.13931036
0.031418,0.27677202
0.03142,0.64662313
0.031422,1.0164738
0.031424,1.3863249
0.031426,1.7099442
0.031427998,2.0797954
0.03143,2.4034152
0.031432,2.7732663
0.031434,3.050654
0.031436,3.3742738
0.031438,3.6516623
0.03144,3.8828197
0.031442,4.113976
0.031444,4.3451324
0.031446,4.483826
0.031448,4.668752
0.03145,4.7612157
0.031452,4.8999095
0.031454,4.946141
0.031456,4.992371
0.031458,5.0386033
0.03146,5.0386033
0.031462,4.992371
0.031464,4.8999095
0.031466,4.807446
0.031468,4.7149835
0.03147,4.5300584
0.031472,4.3913646
0.031474,4.2064385
0.031476,3.9752812
0.031478,3.744125
0.03148,3.4667363
0.031482,3.1893477
0.031484,2.8657289
0.031486,2.542109
0.031488,2.2184901
0.031489998,1.8486385
0.031492,1.4787879
0.031494,1.1551685
0.031496,0.7853174
0.031498,0.4154663
0.0315,-6.160736E-4
0.031502,-0.3704667
0.031504,-0.7403178
0.031506,-1.1101689
0.031508,-1.48002
0.03151,-1.8498712
0.031512,-2.1734905
0.031514,-2.4971101
0.031516,-2.8207297
0.031518,-3.1443493
0.03152,-3.4217377
0.031522,-3.6991258
0.031524,-3.976514
0.031526,-4.2076707
0.031528,-4.3925962
0.03153,-4.5312905
0.031532,-4.669985
0.031534,-4.8086786
0.031536,-4.9011416
0.031538,-4.993604
0.03154,-4.993604
0.031542,-5.0398355
0.031544,-4.993604
0.031546,-4.947373
0.031548,-4.9011416
0.03155,-4.7624474
0.031551998,-4.623753
0.031554,-4.4850593
0.031556,-4.346365
0.031558,-4.115208
0.03156,-3.8840513
0.031562,-3.6528945
0.031564,-3.3755062
0.031566,-3.0518866
0.031568,-2.7744985
0.03157,-2.4046474
0.031572,-2.081028
0.031574,-1.7111769
0.031576,-1.387557
0.031578,-1.0177064
0.03158,-0.6478553
0.031582,-0.27800417
0.031584,0.13807821
0.031586,0.50792885
0.031588,0.87777996
0.03159,1.2476311
0.031592,1.6174817
0.031594,1.9873328
0.031596,2.3109517
0.031598,2.6345725
0.0316,2.9581914
0.031602,3.2818112
0.031604,3.5591989
0.031606,3.7903562
0.031608,4.0677447
0.03161,4.252671
0.031612,4.437596
0.031613998,4.5762897
0.031616,4.7612157
0.031618,4.8536773
0.03162,4.946141
0.031622,4.992371
0.031624,5.0386033
0.031626,5.0386033
0.031628,4.992371
0.03163,4.946141
0.031632,4.8536773
0.031634,4.7612157
0.031636,4.622521
0.031638,4.437596
0.03164,4.252671
0.031642,4.0677447
0.031644,3.7903562
0.031646,3.5591989
0.031648,3.2818112
0.03165,2.9581914
0.031652,2.6345725
0.031654,2.3109517
0.031656,1.9873328
0.031658,1.6174817
0.03166,1.2938623
0.031662,0.87777996
0.031664,0.50792885
0.031666,0.13807821
0.031668,-0.2317729
0.03167,-0.6478553
0.031672,-1.0177064
0.031674,-1.387557
0.031675998,-1.7111769
0.031678,-2.081028
0.03168,-2.4046474
0.031682,-2.728267
0.031684,-3.0518866
0.031686,-3.329275
0.031688,-3.6066632
0.03169,-3.8840513
0.031692,-4.115208
0.031694,-4.346365
0.031696,-4.4850593
0.031698,-4.623753
0.0317,-4.7624474
0.031702,-4.85491
0.031704,-4.947373
0.031706,-4.993604
0.031708,-5.0398355
0.03171,-4.993604
0.031712,-4.993604
0.031714,-4.9011416
0.031716,-4.8086786
0.031718,-4.669985
0.03172,-4.5312905
0.031722,-4.3925962
0.031724,-4.2076707
0.031726,-3.976514
0.031728,-3.745357
0.03173,-3.467969
0.031732,-3.1443493
0.031734,-2.866961
0.031736,-2.5433414
0.031737998,-2.2197218
0.03174,-1.8498712
0.031742,-1.48002
0.031744,-1.1564007
0.031746,-0.7403178
0.031748,-0.3704667
0.03175,0.184309
0.031752,1.756176
0.031754,3.23558
0.031756,4.3451324
0.031758,4.8536773
0.03176,4.7612157
0.031762,4.1602073
0.031764,2.9581914
0.031766,1.4787879
0.031768,-0.2317729
0.03177,-1.8961024
0.031772,-3.3755062
0.031774,-4.4388275
0.031776,-4.9011416
0.031778,-4.8086786
0.03178,-4.115208
0.031782,-2.9594238
0.031784,-1.387557
0.031786,0.36923456
0.031788,2.033564
0.03179,3.4667363
0.031792,4.437596
0.031794,4.8999095
0.031796,4.7612157
0.031798,4.0215135
0.031799998,2.8194976
0.031802,1.2476311
0.031804,-0.46292973
0.031806,-2.081028
0.031808,-3.5142004
0.03181,-4.4850593
0.031812,-4.9011416
0.031814,-4.716216
0.031816,-3.976514
0.031818,-2.728267
0.03182,-1.1564007
0.031822,0.60039186
0.031824,2.2647214
0.031826,3.6516623
0.031828,4.5300584
0.03183,4.8999095
0.031832,4.668752
0.031834,3.8828197
0.031836,2.5883412
0.031838,1.0164738
0.03184,-0.694087
0.031842,-2.3121846
0.031844,-3.6991258
0.031846,-4.577522
0.031848,-4.9011416
0.03185,-4.623753
0.031852,-3.8378198
0.031854,-2.4971101
0.031856,-0.8790121
0.031858,0.87777996
0.03186,2.4496465
0.031862,3.7903562
0.031864,4.622521
0.031866,4.8999095
0.031868,4.5762897
0.03187,3.744125
0.031872,2.4034152
0.031874,0.7853174
0.031876,-0.9714751
0.031878,-2.5433414
0.03188,-3.8840513
0.031882,-4.669985
0.031884,-4.9011416
0.031886,-4.5312905
0.031888,-3.6528945
0.03189,-2.3121846
0.031892,-0.6478553
0.031894,1.1089368
0.031896,2.6808028
0.031898,3.9752812
0.0319,4.7149835
0.031902,4.8999095
0.031904,4.483826
0.031906,3.5591989
0.031908,2.172258
0.03191,0.5541601
0.031912,-1.202632
0.031914,-2.728267
0.031916,-4.022745
0.031918,-4.716216
0.03192,-4.9011416
0.031922,-4.4388275
0.031924,-3.467969
0.031926,-2.081028
0.031928,-0.41669846
0.03193,1.3400936
0.031932,2.9119601
0.031934,4.113976
0.031936,4.7612157
0.031938,4.8999095
0.03194,4.437596
0.031942,3.3742738
0.031944,1.9411016
0.031946,0.27677202
0.031948,-1.4337888
0.03195,-2.9594238
0.031952,-4.1614394
0.031954,-4.8086786
0.031956,-4.85491
0.031958,-4.346365
0.03196,-3.329275
0.031962,-1.8498712
0.031964,-0.13931036
0.031966,1.5712504
0.031968,3.0968862
0.03197,4.252671
0.031972,4.8536773
0.031974,4.8536773
0.031976,4.298901
0.031978,3.1893477
0.03198,1.7099442
0.031982,0.045615196
0.031984,-1.6187139
0.031986,-3.1443493
0.031988,-4.3001337
0.03199,-4.85491
0.031992,-4.8086786
0.031994,-4.2539024
0.031996,-3.1443493
0.031998,-1.6187139
0.032,0.091846466
0.032002,1.8024073
0.032004,3.2818112
0.032006,4.3451324
0.032008,4.8999095
0.03201,4.807446
0.032012,4.1602073
0.032014,3.0044227
0.032016,1.4787879
0.032018,-0.2317729
0.03202,-1.8498712
0.032022,-3.329275
0.032024,-4.3925962
0.032026,-4.9011416
0.032028,-4.7624474
0.03203,-4.115208
0.032032,-2.9131925
0.032034,-1.387557
0.032036,0.36923456
0.032038,2.033564
0.03204,3.4667363
0.032042,4.437596
0.032044,4.8999095
0.032046,4.7612157
0.032048,4.0215135
0.03205,2.8194976
0.032052,1.2476311
0.032054,-0.46292973
0.032056,-2.081028
0.032058,-3.5142004
0.03206,-4.4850593
0.032062,-4.9011416
0.032064,-4.716216
0.032066,-3.976514
0.032068,-2.728267
0.03207,-1.1564007
0.032072,0.60039186
0.032074,2.2647214
0.032076,3.6516623
0.032078,4.5300584
0.03208,4.8999095
0.032082,4.668752
0.032084,3.8828197
0.032086,2.5883412
0.032088,1.0164738
0.03209,-0.694087
0.032092,-2.3121846
0.032094,-3.6991258
0.032096,-4.577522
0.032098,-4.9011416
0.0321,-4.623753
0.032102,-3.8378198
0.032104,-2.4971101
0.032106,-0.8790121
0.032108,0.87777996
0.03211,2.4496465
0.032112,3.7903562
0.032114,4.622521
0.032116,4.8999095
0.032118,4.5762897
0.03212,3.744125
0.032122,2.4034152
0.032124,0.7853174
0.032126,-0.9714751
0.032128,-2.5433414
0.03213,-3.8840513
0.032132,-4.669985
0.032134,-4.9011416
0.032136,-4.5312905
0.032138,-3.6528945
0.03214,-2.3121846
0.032142,-0.6478553
0.032144,1.1089368
0.032146,2.6808028
0.032148,3.9752812
0.03215,4.7149835
0.032152,4.8999095
0.032154,4.483826
0.032156,3.5591989
0.032158,2.172258
0.03216,0.5541601
0.032162,-1.202632
0.032164,-2.728267
0.032166,-4.022745
0.032168,-4.716216
0.03217,-4.9011416
0.032172,-4.4388275
0.032174,-3.467969
0.032176,-2.081028
0.032178,-0.41669846
0.03218,1.3400936
0.032182,2.9119601
0.032184,4.113976
0.032186,4.7612157
0.032188,4.8999095
0.03219,4.437596
0.032192,3.3742738
0.032194,1.9411016
0.032196,0.27677202
0.032198,-1.4337888
0.0322,-2.9594238
0.032202,-4.1614394
0.032204,-4.8086786
0.032206,-4.85491
0.032208,-4.346365
0.03221,-3.329275
0.032212,-1.8498712
0.032214,-0.13931036
0.032216,1.5712504
0.032217998,3.0968862
0.03222,4.252671
0.032222,4.8536773
0.032224,4.8536773
0.032226,4.298901
0.032228,3.1893477
0.03223,1.7099442
0.032232,0.045615196
0.032234,-1.6187139
0.032236,-3.1443493
0.032238,-4.3001337
0.03224,-4.85491
0.032242,-4.8086786
0.032244,-4.2539024
0.032246,-3.1443493
0.032248,-1.6187139
0.03225,0.091846466
0.032252,1.8024073
0.032254,3.2818112
0.032256,4.3451324
0.032258,4.8536773
0.03226,4.807446
0.032262,4.1602073
0.032264,3.0044227
0.032266,1.4787879
0.032268,-0.2317729
0.03227,-1.8498712
0.032272,-3.329275
0.032274,-4.3925962
0.032276,-4.9011416
0.032278,-4.7624474
0.032279998,-4.115208
0.032282,-2.9131925
0.032284,-1.387557
0.032286,0.36923456
0.032288,2.033564
0.03229,3.4667363
0.032292,4.437596
0.032294,4.8999095
0.032296,4.7612157
0.032298,4.0215135
0.0323,2.8194976
0.032302,1.2476311
0.032304,-0.46292973
0.032306,-2.081028
0.032308,-3.5142004
0.03231,-4.4850593
0.032312,-4.9011416
0.032314,-4.716216
0.032316,-3.976514
0.032318,-2.728267
0.03232,-1.1564007
0.032322,0.60039186
0.032324,2.2647214
0.032326,3.6516623
0.032328,4.5762897
0.03233,4.8999095
0.032332,4.668752
0.032334,3.8828197
0.032336,2.5883412
0.032338,1.0164738
0.03234,-0.694087
0.032341998,-2.3121846
0.032344,-3.6991258
0.032346,-4.577522
0.032348,-4.9011416
0.03235,-4.623753
0.032352,-3.8378198
0.032354,-2.4971101
0.032356,-0.8790121
0.032358,0.87777996
0.03236,2.4958777
0.032362,3.7903562
0.032364,4.622521
0.032366,4.8999095
0.032368,4.5762897
0.03237,3.744125
0.032372,2.4034152
0.032374,0.7853174
0.032376,-0.9714751
0.032378,-2.5433414
0.03238,-3.8840513
0.032382,-4.669985
0.032384,-4.9011416
0.032386,-4.5312905
0.032388,-3.6528945
0.03239,-2.3121846
0.032392,-0.6478553
0.032394,1.1089368
0.032396,2.6808028
0.032398,3.9752812
0.0324,4.7149835
0.032402,4.8999095
0.032403998,4.483826
0.032406,3.5591989
0.032408,2.172258
0.03241,0.50792885
0.032412,-1.202632
0.032414,-2.728267
0.032416,-4.022745
0.032418,-4.716216
0.03242,-4.9011416
0.032422,-4.4388275
0.032424,-3.467969
0.032426,-2.081028
0.032428,-0.41669846
0.03243,1.3400936
0.032432,2.9119601
0.032434,4.113976
0.032436,4.7612157
0.032438,4.8999095
0.03244,4.437596
0.032442,3.3742738
0.032444,1.9411016
0.032446,0.27677202
0.032448,-1.4337888
0.03245,-2.9594238
0.032452,-4.1614394
0.032454,-4.8086786
0.032456,-4.85491
0.032458,-4.346365
0.03246,-3.329275
0.032462,-1.8498712
0.032464,-0.13931036
0.032465998,1.5712504
0.032468,3.0968862
0.03247,4.252671
0.032472,4.8536773
0.032474,4.8536773
0.032476,4.298901
0.032478,3.1893477
0.03248,1.7099442
0.032482,0.045615196
0.032484,-1.6187139
0.032486,-3.1443493
0.032488,-4.3001337
0.03249,-4.85491
0.032492,-4.8086786
0.032494,-4.2539024
0.032496,-3.1443493
0.032498,-1.6187139
0.0325,0.091846466
0.032502,1.8024073
0.032504,3.2818112
0.032506,4.3451324
0.032508,4.8536773
0.03251,4.807446
0.032512,4.1602073
0.032514,3.0044227
0.032516,1.4787879
0.032518,-0.2317729
0.03252,-1.8498712
0.032522,-3.329275
0.032524,-4.3925962
0.032526,-4.9011416
0.032527998,-4.7624474
0.03253,-4.115208
0.032532,-2.9131925
0.032534,-1.387557
0.032536,0.36923456
0.032538,2.033564
0.03254,3.4667363
0.032542,4.437596
0.032544,4.8999095
0.032546,4.7612157
0.032548,4.0215135
0.03255,2.8194976
0.032552,1.2476311
0.032554,-0.46292973
0.032556,-2.081028
0.032558,-3.5142004
0.03256,-4.4850593
0.032562,-4.9011416
0.032564,-4.716216
0.032566,-3.976514
0.032568,-2.728267
0.03257,-1.1564007
0.032572,0.60039186
0.032574,2.2647214
0.032576,3.6516623
0.032578,4.5300584
0.03258,4.8999095
0.032582,4.668752
0.032584,3.8828197
0.032586,2.5883412
0.032588,1.0164738
0.032589998,-0.694087
0.032592,-2.3121846
0.032594,-3.6991258
0.032596,-4.577522
0.032598,-4.9011416
0.0326,-4.623753
0.032602,-3.8378198
0.032604,-2.4971101
0.032606,-0.8790121
0.032608,0.87777996
0.03261,2.4958777
0.032612,3.7903562
0.032614,4.622521
0.032616,4.8999095
0.032618,4.5762897
0.03262,3.744125
0.032622,2.4034152
0.032624,0.7853174
0.032626,-0.9714751
0.032628,-2.5433414
0.03263,-3.8840513
0.032632,-4.669985
0.032634,-4.9011416
0.032636,-4.5312905
0.032638,-3.6528945
0.03264,-2.3121846
0.032642,-0.6478553
0.032644,1.1089368
0.032646,2.6808028
0.032648,3.9752812
0.03265,4.7149835
0.032651998,4.8999095
0.032654,4.483826
0.032656,3.5591989
0.032658,2.172258
0.03266,0.5541601
0.032662,-1.202632
0.032664,-2.728267
0.032666,-4.022745
0.032668,-4.716216
0.03267,-4.9011416
0.032672,-4.4388275
0.032674,-3.467969
0.032676,-2.081028
0.032678,-0.41669846
0.03268,1.3400936
0.032682,2.9119601
0.032684,4.113976
0.032686,4.7612157
0.032688,4.8999095
0.03269,4.437596
0.032692,3.3742738
0.032694,1.9411016
0.032696,0.27677202
0.032698,-1.4337888
0.0327,-2.9594238
0.032702,-4.1614394
0.032704,-4.8086786
0.032706,-4.85491
0.032708,-4.346365
0.03271,-3.329275
0.032712,-1.8498712
0.032713998,-0.13931036
0.032716,1.5712504
0.032718,3.0968862
0.03272,4.252671
0.032722,4.8536773
0.032724,4.8536773
0.032726,4.298901
0.032728,3.1893477
0.03273,1.7099442
0.032732,0.045615196
0.032734,-1.6187139
0.032736,-3.1443493
0.032738,-4.3001337
0.03274,-4.85491
0.032742,-4.8086786
0.032744,-4.2539024
0.032746,-3.1443493
0.032748,-1.6187139
0.03275,-0.046847343
0.032752,0.4154663
0.032754,0.8315482
0.032756,1.2013993
0.032758,1.5250192
0.03276,1.8948698
0.032762,2.2184901
0.032764,2.542109
0.032766,2.8657289
0.032768,3.1893477
0.03277,3.4667363
0.032772,3.744125
0.032774,3.9752812
0.032775998,4.2064385
0.032778,4.3913646
0.03278,4.5762897
0.032782,4.7149835
0.032784,4.8536773
0.032786,4.946141
0.032788,4.992371
0.03279,5.0386033
0.032792,5.0386033
0.032794,5.0386033
0.032796,4.992371
0.032798,4.8999095
0.0328,4.807446
0.032802,4.668752
0.032804,4.483826
0.032806,4.3451324
0.032808,4.113976
0.03281,3.8828197
0.032812,3.6516623
0.032814,3.3742738
0.032816,3.050654
0.032818,2.7732663
0.03282,2.4496465
0.032822,2.0797954
0.032824,1.756176
0.032826,1.3863249
0.032828,1.0164738
0.03283,0.64662313
0.032832,0.27677202
0.032834,-0.09307861
0.032836,-0.5091615
0.032837998,-0.8790121
0.03284,-1.2488632
0.032842,-1.5724826
0.032844,-1.9423337
0.032846,-2.3121846
0.032848,-2.6358042
0.03285,-2.9594238
0.032852,-3.236812
0.032854,-3.5142004
0.032856,-3.7915885
0.032858,-4.022745
0.03286,-4.2539024
0.032862,-4.4388275
0.032864,-4.577522
0.032866,-4.716216
0.032868,-4.85491
0.03287,-4.947373
0.032872,-4.993604
0.032874,-5.0398355
0.032876,-5.0398355
0.032878,-4.993604
0.03288,-4.947373
0.032882,-4.85491
0.032884,-4.716216
0.032886,-4.577522
0.032888,-4.4388275
0.03289,-4.2539024
0.032892,-4.022745
0.032894,-3.7915885
0.032896,-3.5604317
0.032898,-3.2830436
0.032899998,-2.9594238
0.032902,-2.6358042
0.032904,-2.3121846
0.032906,-1.9885652
0.032908,-1.6187139
0.03291,-1.2488632
0.032912,-0.8790121
0.032914,-0.5091615
0.032916,-0.13931036
0.032918,0.27677202
0.03292,0.64662313
0.032922,1.0164738
0.032924,1.3863249
0.032926,1.7099442
0.032928,2.0797954
0.03293,2.4034152
0.032932,2.7732663
0.032934,3.050654
0.032936,3.3742738
0.032938,3.6516623
0.03294,3.8828197
0.032942,4.113976
0.032944,4.3451324
0.032946,4.483826
0.032948,4.668752
0.03295,4.7612157
0.032952,4.8999095
0.032954,4.946141
0.032956,4.992371
0.032958,5.0386033
0.03296,5.0386033
0.032961998,4.992371
0.032964,4.8999095
0.032966,4.807446
0.032968,4.7149835
0.03297,4.5300584
0.032972,4.3913646
0.032974,4.2064385
0.032976,3.9752812
0.032978,3.744125
0.03298,3.4667363
0.032982,3.1893477
0.032984,2.8657289
0.032986,2.542109
0.032988,2.2184901
0.03299,1.8486385
0.032992,1.4787879
0.032994,1.1551685
0.032996,0.7853174
0.032998,0.4154663
0.033,-6.160736E-4
0.033002,-0.3704667
0.033004,-0.7403178
0.033006,-1.1101689
0.033008,-1.48002
0.03301,-1.8498712
0.033012,-2.1734905
0.033014,-2.4971101
0.033016,-2.8207297
0.033018,-3.1443493
0.03302,-3.4217377
0.033022,-3.6991258
0.033024,-3.976514
0.033026,-4.2076707
0.033028,-4.3925962
0.03303,-4.5312905
0.033032,-4.669985
0.033034,-4.8086786
0.033036,-4.9011416
0.033038,-4.993604
0.03304,-4.993604
0.033042,-5.0398355
0.033044,-4.993604
0.033046,-4.947373
0.033048,-4.9011416
0.03305,-4.7624474
0.033052,-4.623753
0.033054,-4.4850593
0.033056,-4.346365
0.033058,-4.115208
0.03306,-3.8840513
0.033062,-3.6528945
0.033064,-3.3755062
0.033066,-3.0518866
0.033068,-2.7744985
0.03307,-2.4046474
0.033072,-2.081028
0.033074,-1.7111769
0.033076,-1.387557
0.033078,-1.0177064
0.03308,-0.6478553
0.033082,-0.2317729
0.033084,0.13807821
0.033086,0.50792885
0.033088,0.87777996
0.03309,1.2476311
0.033092,1.6174817
0.033094,1.9873328
0.033096,2.3109517
0.033098,2.6345725
0.0331,2.9581914
0.033102,3.2818112
0.033104,3.5591989
0.033106,3.7903562
0.033108,4.0677447
0.03311,4.252671
0.033112,4.437596
0.033114,4.622521
0.033116,4.7612157
0.033118,4.8536773
0.03312,4.946141
0.033122,4.992371
0.033124,5.0386033
0.033126,5.0386033
0.033128,4.992371
0.03313,4.946141
0.033132,4.8536773
0.033134,4.7612157
0.033136,4.5762897
0.033138,4.437596
0.03314,4.252671
0.033142,4.0677447
0.033144,3.7903562
0.033146,3.5591989
0.033148,3.2818112
0.03315,2.9581914
0.033152,2.6345725
0.033154,2.3109517
0.033156,1.9873328
0.033158,1.6174817
0.03316,1.2938623
0.033162,0.87777996
0.033164,0.50792885
0.033166,0.13807821
0.033168,-0.2317729
0.03317,-0.6478553
0.033172,-1.0177064
0.033174,-1.387557
0.033176,-1.7111769
0.033178,-2.081028
0.03318,-2.4046474
0.033182,-2.728267
0.033184,-3.0518866
0.033186,-3.329275
0.033188,-3.6066632
0.03319,-3.8840513
0.033192,-4.115208
0.033194,-4.346365
0.033196,-4.4850593
0.033198,-4.623753
0.0332,-4.7624474
0.033202,-4.85491
0.033204,-4.947373
0.033206,-4.993604
0.033208,-5.0398355
0.03321,-4.993604
0.033212,-4.993604
0.033214,-4.9011416
0.033216,-4.8086786
0.033218,-4.669985
0.03322,-4.5312905
0.033222,-4.3925962
0.033224,-4.2076707
0.033226,-3.976514
0.033228,-3.6991258
0.03323,-3.467969
0.033232,-3.1905808
0.033234,-2.866961
0.033236,-2.5433414
0.033238,-2.2197218
0.03324,-1.8498712
0.033242,-1.48002
0.033244,-1.1564007
0.033246,-0.7403178
0.033248,-0.3704667
0.03325,-6.160736E-4
0.033252,0.36923456
0.033254,0.7853174
0.033256,1.1551685
0.033258,1.4787879
0.03326,1.8486385
0.033262,2.2184901
0.033264,2.542109
0.033266,2.8657289
0.033268,3.1893477
0.03327,3.4667363
0.033272,3.744125
0.033274,3.9752812
0.033276,4.2064385
0.033278,4.3913646
0.03328,4.5300584
0.033282,4.7149835
0.033284,4.807446
0.033286,4.8999095
0.033288,4.992371
0.03329,5.0386033
0.033292,5.0386033
0.033294,4.992371
0.033296,4.946141
0.033298,4.8999095
0.0333,4.7612157
0.033302,4.668752
0.033304,4.483826
0.033306,4.3451324
0.033308,4.113976
0.03331,3.8828197
0.033312,3.6516623
0.033314,3.3742738
0.033316,3.050654
0.033318,2.7732663
0.03332,2.4496465
0.033322,2.0797954
0.033324,1.756176
0.033326,1.3863249
0.033328,1.0164738
0.03333,0.64662313
0.033332,0.27677202
0.033334,-0.13931036
0.033336,-0.5091615
0.033338,-0.8790121
0.03334,-1.2488632
0.033342,-1.5724826
0.033344,-1.9423337
0.033346,-2.3121846
0.033348,-2.6358042
0.03335,-2.9594238
0.033352,-3.236812
0.033354,-3.5142004
0.033356,-3.7915885
0.033358,-4.022745
0.03336,-4.2539024
0.033362,-4.4388275
0.033364,-4.577522
0.033366,-4.716216
0.033368,-4.85491
0.03337,-4.947373
0.033372,-4.993604
0.033374,-4.993604
0.033376,-5.0398355
0.033378,-4.993604
0.033379998,-4.947373
0.033382,-4.85491
0.033384,-4.716216
0.033386,-4.577522
0.033388,-4.4388275
0.03339,-4.2539024
0.033392,-4.068977
0.033394,-3.7915885
0.033396,-3.5604317
0.033398,-3.2830436
0.0334,-2.9594238
0.033402,-2.6358042
0.033404,-2.3121846
0.033406,-1.9423337
0.033408,-1.6187139
0.03341,-1.2488632
0.033412,-0.8790121
0.033414,-0.5091615
0.033416,-0.13931036
0.033418,0.27677202
0.03342,0.64662313
0.033422,1.0164738
0.033424,1.3863249
0.033426,1.7099442
0.033428,2.0797954
0.03343,2.4034152
0.033432,2.7732663
0.033434,3.050654
0.033436,3.3742738
0.033438,3.6516623
0.03344,3.8828197
0.033441998,4.113976
0.033444,4.3451324
0.033446,4.483826
0.033448,4.668752
0.03345,4.7612157
0.033452,4.8999095
0.033454,4.946141
0.033456,4.992371
0.033458,5.0386033
0.03346,5.0386033
0.033462,4.992371
0.033464,4.8999095
0.033466,4.807446
0.033468,4.7149835
0.03347,4.5300584
0.033472,4.3913646
0.033474,4.2064385
0.033476,3.9752812
0.033478,3.744125
0.03348,3.4667363
0.033482,3.1893477
0.033484,2.8657289
0.033486,2.542109
0.033488,2.2184901
0.03349,1.8486385
0.033492,1.4787879
0.033494,1.1551685
0.033496,0.7853174
0.033498,0.4154663
0.0335,-6.160736E-4
0.033502,-0.3704667
0.033503998,-0.7403178
0.033506,-1.1101689
0.033508,-1.48002
0.03351,-1.8498712
0.033512,-2.1734905
0.033514,-2.4971101
0.033516,-2.8207297
0.033518,-3.1443493
0.03352,-3.4217377
0.033522,-3.6991258
0.033524,-3.976514
0.033526,-4.2076707
0.033528,-4.3925962
0.03353,-4.5312905
0.033532,-4.669985
0.033534,-4.8086786
0.033536,-4.9011416
0.033538,-4.993604
0.03354,-4.993604
0.033542,-5.0398355
0.033544,-4.993604
0.033546,-4.947373
0.033548,-4.9011416
0.03355,-4.7624474
0.033552,-4.623753
0.033554,-4.4850593
0.033556,-4.346365
0.033558,-4.115208
0.03356,-3.8840513
0.033562,-3.6528945
0.033564,-3.3755062
0.033565998,-3.0518866
0.033568,-2.7744985
0.03357,-2.4046474
0.033572,-2.081028
0.033574,-1.7111769
0.033576,-1.387557
0.033578,-1.0177064
0.03358,-0.6478553
0.033582,-0.27800417
0.033584,0.13807821
0.033586,0.50792885
0.033588,0.87777996
0.03359,1.2476311
0.033592,1.6174817
0.033594,1.9873328
0.033596,2.3109517
0.033598,2.6345725
0.0336,2.9581914
0.033602,3.2818112
0.033604,3.5591989
0.033606,3.7903562
0.033608,4.0677447
0.03361,4.252671
0.033612,4.437596
0.033614,4.5762897
0.033616,4.7612157
0.033618,4.8536773
0.03362,4.946141
0.033622,4.992371
0.033624,5.0386033
0.033626,5.0386033
0.033627998,4.992371
0.03363,4.946141
0.033632,4.8536773
0.033634,4.7612157
0.033636,4.622521
0.033638,4.437596
0.03364,4.252671
0.033642,4.0677447
0.033644,3.7903562
0.033646,3.5591989
0.033648,3.2818112
0.03365,2.9581914
0.033652,2.6345725
0.033654,2.3109517
0.033656,1.9873328
0.033658,1.6174817
0.03366,1.2938623
0.033662,0.87777996
0.033664,0.50792885
0.033666,0.13807821
0.033668,-0.2317729
0.03367,-0.6478553
0.033672,-1.0177064
0.033674,-1.387557
0.033676,-1.7111769
0.033678,-2.081028
0.03368,-2.4046474
0.033682,-2.728267
0.033684,-3.0518866
0.033686,-3.329275
0.033688,-3.6066632
0.033689998,-3.8840513
0.033692,-4.115208
0.033694,-4.346365
0.033696,-4.4850593
0.033698,-4.623753
0.0337,-4.7624474
0.033702,-4.85491
0.033704,-4.947373
0.033706,-4.993604
0.033708,-5.0398355
0.03371,-4.993604
0.033712,-4.993604
0.033714,-4.9011416
0.033716,-4.8086786
0.033718,-4.669985
0.03372,-4.5312905
0.033722,-4.3925962
0.033724,-4.2076707
0.033726,-3.976514
0.033728,-3.745357
0.03373,-3.467969
0.033732,-3.1443493
0.033734,-2.866961
0.033736,-2.5433414
0.033738,-2.2197218
0.03374,-1.8498712
0.033742,-1.48002
0.033744,-1.1564007
0.033746,-0.7403178
0.033748,-0.3704667
0.03375,0.184309
0.033751998,1.756176
0.033754,3.23558
0.033756,4.3451324
0.033758,4.8536773
0.03376,4.7612157
0.033762,4.1602073
0.033764,2.9581914
0.033766,1.4787879
0.033768,-0.2317729
0.03377,-1.8961024
0.033772,-3.3755062
0.033774,-4.4388275
0.033776,-4.9011416
0.033778,-4.8086786
0.03378,-4.115208
0.033782,-2.9594238
0.033784,-1.387557
0.033786,0.36923456
0.033788,2.033564
0.03379,3.4667363
0.033792,4.437596
0.033794,4.8999095
0.033796,4.7612157
0.033798,4.0215135
0.0338,2.7732663
0.033802,1.2476311
0.033804,-0.46292973
0.033806,-2.1272593
0.033808,-3.5142004
0.03381,-4.4850593
0.033812,-4.9011416
0.033813998,-4.716216
0.033816,-3.976514
0.033818,-2.728267
0.03382,-1.1564007
0.033822,0.60039186
0.033824,2.2647214
0.033826,3.6516623
0.033828,4.5300584
0.03383,4.8999095
0.033832,4.668752
0.033834,3.8828197
0.033836,2.5883412
0.033838,1.0164738
0.03384,-0.7403178
0.033842,-2.3121846
0.033844,-3.6991258
0.033846,-4.577522
0.033848,-4.9011416
0.03385,-4.623753
0.033852,-3.8378198
0.033854,-2.4971101
0.033856,-0.8790121
0.033858,0.87777996
0.03386,2.4958777
0.033862,3.7903562
0.033864,4.622521
0.033866,4.8999095
0.033868,4.5762897
0.03387,3.744125
0.033872,2.357184
0.033874,0.7853174
0.033875998,-0.9714751
0.033878,-2.5433414
0.03388,-3.8840513
0.033882,-4.669985
0.033884,-4.9011416
0.033886,-4.5312905
0.033888,-3.6528945
0.03389,-2.3121846
0.033892,-0.6478553
0.033894,1.1089368
0.033896,2.6808028
0.033898,3.9752812
0.0339,4.7149835
0.033902,4.8999095
0.033904,4.483826
0.033906,3.5591989
0.033908,2.172258
0.03391,0.50792885
0.033912,-1.202632
0.033914,-2.7744985
0.033916,-4.022745
0.033918,-4.7624474
0.03392,-4.9011416
0.033922,-4.4388275
0.033924,-3.467969
0.033926,-2.081028
0.033928,-0.3704667
0.03393,1.3400936
0.033932,2.9119601
0.033934,4.113976
0.033936,4.7612157
0.033937998,4.8999095
0.03394,4.437596
0.033942,3.3742738
0.033944,1.9411016
0.033946,0.27677202
0.033948,-1.4337888
0.03395,-2.9594238
0.033952,-4.1614394
0.033954,-4.8086786
0.033956,-4.85491
0.033958,-4.346365
0.03396,-3.329275
0.033962,-1.8498712
0.033964,-0.13931036
0.033966,1.5712504
0.033968,3.0968862
0.03397,4.252671
0.033972,4.8536773
0.033974,4.8536773
0.033976,4.298901
0.033978,3.1893477
0.03398,1.7099442
0.033982,0.045615196
0.033984,-1.6649456
0.033986,-3.1443493
0.033988,-4.3001337
0.03399,-4.85491
0.033992,-4.8086786
0.033994,-4.2539024
0.033996,-3.098118
0.033998,-1.5724826
0.033999998,0.13807821
0.034002,1.8024073
0.034004,3.2818112
0.034006,4.3451324
0.034008,4.8999095
0.03401,4.807446
0.034012,4.1602073
0.034014,3.0044227
0.034016,1.4787879
0.034018,-0.2317729
0.03402,-1.8961024
0.034022,-3.3755062
0.034024,-4.3925962
0.034026,-4.9011416
0.034028,-4.7624474
0.03403,-4.115208
0.034032,-2.9131925
0.034034,-1.387557
0.034036,0.36923456
0.034038,2.033564
0.03404,3.4667363
0.034042,4.437596
0.034044,4.8999095
0.034046,4.7612157
0.034048,4.0215135
0.03405,2.8194976
0.034052,1.2476311
0.034054,-0.46292973
0.034056,-2.081028
0.034058,-3.5142004
0.03406,-4.4850593
0.034061998,-4.9011416
0.034064,-4.716216
0.034066,-3.976514
0.034068,-2.728267
0.03407,-1.1101689
0.034072,0.60039186
0.034074,2.2647214
0.034076,3.6516623
0.034078,4.5300584
0.03408,4.8999095
0.034082,4.668752
0.034084,3.8828197
0.034086,2.5883412
0.034088,1.0164738
0.03409,-0.7403178
0.034092,-2.3121846
0.034094,-3.6991258
0.034096,-4.577522
0.034098,-4.9011416
0.0341,-4.623753
0.034102,-3.7915885
0.034104,-2.4971101
0.034106,-0.8790121
0.034108,0.87777996
0.03411,2.4958777
0.034112,3.7903562
0.034114,4.622521
0.034116,4.8999095
0.034118,4.5762897
0.03412,3.744125
0.034122,2.357184
0.034123998,0.7853174
0.034126,-0.9714751
0.034128,-2.5433414
0.03413,-3.8840513
0.034132,-4.669985
0.034134,-4.9011416
0.034136,-4.5312905
0.034138,-3.6528945
0.03414,-2.3121846
0.034142,-0.6478553
0.034144,1.1089368
0.034146,2.6808028
0.034148,3.9752812
0.03415,4.7149835
0.034152,4.8999095
0.034154,4.483826
0.034156,3.5591989
0.034158,2.172258
0.03416,0.50792885
0.034162,-1.202632
0.034164,-2.7744985
0.034166,-4.022745
0.034168,-4.716216
0.03417,-4.9011416
0.034172,-4.4388275
0.034174,-3.467969
0.034176,-2.081028
0.034178,-0.3704667
0.03418,1.3400936
0.034182,2.9119601
0.034184,4.113976
0.034186,4.7612157
0.034188,4.8999095
0.03419,4.437596
0.034192,3.3742738
0.034194,1.9411016
0.034196,0.27677202
0.034198,-1.4337888
0.0342,-2.9594238
0.034202,-4.1614394
0.034204,-4.8086786
0.034206,-4.85491
0.034208,-4.346365
0.03421,-3.2830436
0.034212,-1.8498712
0.034214,-0.13931036
0.034216,1.5712504
0.034218,3.0968862
0.03422,4.252671
0.034222,4.8536773
0.034224,4.8536773
0.034226,4.298901
0.034228,3.1893477
0.03423,1.7099442
0.034232,0.045615196
0.034234,-1.6649456
0.034236,-3.1443493
0.034238,-4.3001337
0.03424,-4.85491
0.034242,-4.8086786
0.034244,-4.2539024
0.034246,-3.098118
0.034248,-1.5724826
0.03425,0.13807821
0.034252,1.8024073
0.034254,3.2818112
0.034256,4.3913646
0.034258,4.8536773
0.03426,4.807446
0.034262,4.1602073
0.034264,3.0044227
0.034266,1.4787879
0.034268,-0.2317729
0.03427,-1.8961024
0.034272,-3.329275
0.034274,-4.3925962
0.034276,-4.9011416
0.034278,-4.7624474
0.03428,-4.115208
0.034282,-2.9131925
0.034284,-1.387557
0.034286,0.36923456
0.034288,2.033564
0.03429,3.4667363
0.034292,4.437596
0.034294,4.8999095
0.034296,4.7612157
0.034298,4.0215135
0.0343,2.8194976
0.034302,1.2476311
0.034304,-0.46292973
0.034306,-2.081028
0.034308,-3.5142004
0.03431,-4.4850593
0.034312,-4.9011416
0.034314,-4.716216
0.034316,-3.976514
0.034318,-2.728267
0.03432,-1.1101689
0.034322,0.60039186
0.034324,2.2647214
0.034326,3.6516623
0.034328,4.5762897
0.03433,4.8999095
0.034332,4.668752
0.034334,3.8828197
0.034336,2.5883412
0.034338,1.0164738
0.03434,-0.7403178
0.034342,-2.3121846
0.034344,-3.6991258
0.034346,-4.577522
0.034348,-4.9011416
0.03435,-4.623753
0.034352,-3.7915885
0.034354,-2.4971101
0.034356,-0.8790121
0.034358,0.87777996
0.03436,2.4958777
0.034362,3.7903562
0.034364,4.622521
0.034366,4.8999095
0.034368,4.5762897
0.03437,3.744125
0.034372,2.357184
0.034374,0.7853174
0.034376,-0.9714751
0.034378,-2.5433414
0.03438,-3.8840513
0.034382,-4.669985
0.034384,-4.9011416
0.034386,-4.5312905
0.034388,-3.6528945
0.03439,-2.3121846
0.034392,-0.6478553
0.034394,1.1089368
0.034396,2.6808028
0.034398,3.9752812
0.0344,4.7149835
0.034402,4.8999095
0.034404,4.483826
0.034406,3.5591989
0.034408,2.172258
0.03441,0.50792885
0.034412,-1.202632
0.034414,-2.7744985
0.034416,-4.022745
0.034418,-4.7624474
0.03442,-4.9011416
0.034422,-4.4388275
0.034424,-3.467969
0.034426,-2.081028
0.034428,-0.3704667
0.03443,1.3400936
0.034432,2.9119601
0.034434,4.113976
0.034436,4.7612157
0.034438,4.8999095
0.03444,4.437596
0.034442,3.3742738
0.034444,1.9411016
0.034446,0.27677202
0.034448,-1.4337888
0.03445,-2.9594238
0.034452,-4.1614394
0.034454,-4.8086786
0.034456,-4.85491
0.034458,-4.346365
0.03446,-3.2830436
0.034462,-1.8498712
0.034464,-0.13931036
0.034466,1.5712504
0.034468,3.0968862
0.03447,4.252671
0.034472,4.8536773
0.034474,4.8536773
0.034476,4.298901
0.034478,3.1893477
0.034479998,1.7099442
0.034482,0.045615196
0.034484,-1.6649456
0.034486,-3.1443493
0.034488,-4.3001337
0.03449,-4.85491
0.034492,-4.8086786
0.034494,-4.2539024
0.034496,-3.098118
0.034498,-1.5724826
0.0345,0.13807821
0.034502,1.8024073
0.034504,3.2818112
0.034506,4.3913646
0.034508,4.8536773
0.03451,4.807446
0.034512,4.1602073
0.034514,3.0044227
0.034516,1.4787879
0.034518,-0.2317729
0.03452,-1.8961024
0.034522,-3.3755062
0.034524,-4.3925962
0.034526,-4.9011416
0.034528,-4.7624474
0.03453,-4.115208
0.034532,-2.9131925
0.034534,-1.387557
0.034536,0.36923456
0.034538,2.033564
0.03454,3.4667363
0.034541998,4.437596
0.034544,4.8999095
0.034546,4.7612157
0.034548,4.0215135
0.03455,2.8194976
0.034552,1.2476311
0.034554,-0.46292973
0.034556,-2.081028
0.034558,-3.5142004
0.03456,-4.4850593
0.034562,-4.9011416
0.034564,-4.716216
0.034566,-3.976514
0.034568,-2.728267
0.03457,-1.1101689
0.034572,0.60039186
0.034574,2.2647214
0.034576,3.6516623
0.034578,4.5762897
0.03458,4.8999095
0.034582,4.668752
0.034584,3.8828197
0.034586,2.5883412
0.034588,1.0164738
0.03459,-0.7403178
0.034592,-2.3121846
0.034594,-3.6991258
0.034596,-4.577522
0.034598,-4.9011416
0.0346,-4.623753
0.034602,-3.7915885
0.034603998,-2.4971101
0.034606,-0.8790121
0.034608,0.87777996
0.03461,2.4958777
0.034612,3.7903562
0.034614,4.622521
0.034616,4.8999095
0.034618,4.5762897
0.03462,3.744125
0.034622,2.357184
0.034624,0.7853174
0.034626,-0.9714751
0.034628,-2.5433414
0.03463,-3.8840513
0.034632,-4.669985
0.034634,-4.9011416
0.034636,-4.5312905
0.034638,-3.6528945
0.03464,-2.3121846
0.034642,-0.6478553
0.034644,1.1089368
0.034646,2.6808028
0.034648,3.9752812
0.03465,4.7149835
0.034652,4.8999095
0.034654,4.483826
0.034656,3.5591989
0.034658,2.172258
0.03466,0.50792885
0.034662,-1.202632
0.034664,-2.7744985
0.034665998,-4.022745
0.034668,-4.7624474
0.03467,-4.9011416
0.034672,-4.4388275
0.034674,-3.467969
0.034676,-2.081028
0.034678,-0.3704667
0.03468,1.3400936
0.034682,2.9119601
0.034684,4.113976
0.034686,4.7612157
0.034688,4.8999095
0.03469,4.437596
0.034692,3.3742738
0.034694,1.9411016
0.034696,0.27677202
0.034698,-1.4337888
0.0347,-2.9594238
0.034702,-4.1614394
0.034704,-4.8086786
0.034706,-4.85491
0.034708,-4.346365
0.03471,-3.2830436
0.034712,-1.8498712
0.034714,-0.13931036
0.034716,1.5712504
0.034718,3.0968862
0.03472,4.252671
0.034722,4.8536773
0.034724,4.8536773
0.034726,4.298901
0.034727998,3.1893477
0.03473,1.7099442
0.034732,0.045615196
0.034734,-1.6649456
0.034736,-3.1443493
0.034738,-4.3001337
0.03474,-4.85491
0.034742,-4.8086786
0.034744,-4.2539024
0.034746,-3.098118
0.034748,-1.5724826
0.03475,-0.046847343
0.034752,0.4154663
0.034754,0.8315482
0.034756,1.2013993
0.034758,1.5250192
0.03476,1.8948698
0.034762,2.2184901
0.034764,2.542109
0.034766,2.8657289
0.034768,3.1893477
0.03477,3.4667363
0.034772,3.744125
0.034774,3.9752812
0.034776,4.2064385
0.034778,4.3913646
0.03478,4.5762897
0.034782,4.7149835
0.034784,4.8536773
0.034786,4.946141
0.034788,4.992371
0.034789998,5.0386033
0.034792,5.0386033
0.034794,5.0386033
0.034796,4.992371
0.034798,4.8999095
0.0348,4.807446
0.034802,4.668752
0.034804,4.483826
0.034806,4.3451324
0.034808,4.113976
0.03481,3.8828197
0.034812,3.6516623
0.034814,3.3742738
0.034816,3.050654
0.034818,2.7732663
0.03482,2.4496465
0.034822,2.0797954
0.034824,1.756176
0.034826,1.3863249
0.034828,1.0164738
0.03483,0.64662313
0.034832,0.27677202
0.034834,-0.13931036
0.034836,-0.5091615
0.034838,-0.8790121
0.03484,-1.2488632
0.034842,-1.5724826
0.034844,-1.9423337
0.034846,-2.3121846
0.034848,-2.6358042
0.03485,-2.9594238
0.034851998,-3.236812
0.034854,-3.5142004
0.034856,-3.7915885
0.034858,-4.022745
0.03486,-4.2539024
0.034862,-4.4388275
0.034864,-4.577522
0.034866,-4.716216
0.034868,-4.85491
0.03487,-4.947373
0.034872,-4.993604
0.034874,-5.0398355
0.034876,-5.0398355
0.034878,-4.993604
0.03488,-4.947373
0.034882,-4.85491
0.034884,-4.716216
0.034886,-4.577522
0.034888,-4.4388275
0.03489,-4.2539024
0.034892,-4.068977
0.034894,-3.7915885
0.034896,-3.5604317
0.034898,-3.2830436
0.0349,-2.9594238
0.034902,-2.6358042
0.034904,-2.3121846
0.034906,-1.9423337
0.034908,-1.6187139
0.03491,-1.2488632
0.034912,-0.8790121
0.034913998,-0.5091615
0.034916,-0.13931036
0.034918,0.27677202
0.03492,0.64662313
0.034922,1.0164738
0.034924,1.3863249
0.034926,1.7099442
0.034928,2.0797954
0.03493,2.4034152
0.034932,2.7732663
0.034934,3.050654
0.034936,3.3742738
0.034938,3.6516623
0.03494,3.8828197
0.034942,4.113976
0.034944,4.3451324
0.034946,4.483826
0.034948,4.668752
0.03495,4.7612157
0.034952,4.8999095
0.034954,4.946141
0.034956,4.992371
0.034958,5.0386033
0.03496,5.0386033
0.034962,4.992371
0.034964,4.8999095
0.034966,4.807446
0.034968,4.7149835
0.03497,4.5300584
0.034972,4.3913646
0.034974,4.2064385
0.034975998,3.9752812
0.034978,3.744125
0.03498,3.4667363
0.034982,3.1893477
0.034984,2.8657289
0.034986,2.542109
0.034988,2.2184901
0.03499,1.8486385
0.034992,1.4787879
0.034994,1.1551685
0.034996,0.7853174
0.034998,0.4154663
0.035,-6.160736E-4
0.035002,-0.3704667
0.035004,-0.7403178
0.035006,-1.1101689
0.035008,-1.48002
0.03501,-1.8498712
0.035012,-2.1734905
0.035014,-2.4971101
0.035016,-2.866961
0.035018,-3.1443493
0.03502,-3.4217377
0.035022,-3.6991258
0.035024,-3.976514
0.035026,-4.2076707
0.035028,-4.3925962
0.03503,-4.5312905
0.035032,-4.669985
0.035034,-4.8086786
0.035036,-4.9011416
0.035037998,-4.993604
0.03504,-4.993604
0.035042,-5.0398355
0.035044,-4.993604
0.035046,-4.947373
0.035048,-4.9011416
0.03505,-4.7624474
0.035052,-4.623753
0.035054,-4.4850593
0.035056,-4.346365
0.035058,-4.115208
0.03506,-3.8840513
0.035062,-3.6528945
0.035064,-3.3755062
0.035066,-3.0518866
0.035068,-2.7744985
0.03507,-2.4046474
0.035072,-2.081028
0.035074,-1.7111769
0.035076,-1.387557
0.035078,-1.0177064
0.03508,-0.6478553
0.035082,-0.2317729
0.035084,0.13807821
0.035086,0.50792885
0.035088,0.87777996
0.03509,1.2476311
0.035092,1.6174817
0.035094,1.9873328
0.035096,2.3109517
0.035098,2.6345725
0.035099998,2.9581914
0.035102,3.2818112
0.035104,3.5591989
0.035106,3.7903562
0.035108,4.0677447
0.03511,4.252671
0.035112,4.437596
0.035114,4.5762897
0.035116,4.7612157
0.035118,4.8536773
0.03512,4.946141
0.035122,4.992371
0.035124,5.0386033
0.035126,5.0386033
0.035128,4.992371
0.03513,4.946141
0.035132,4.8536773
0.035134,4.7612157
0.035136,4.5762897
0.035138,4.437596
0.03514,4.252671
0.035142,4.0677447
0.035144,3.7903562
0.035146,3.5591989
0.035148,3.2818112
0.03515,2.9581914
0.035152,2.6345725
0.035154,2.3109517
0.035156,1.9873328
0.035158,1.6174817
0.03516,1.2476311
0.035161998,0.87777996
0.035164,0.50792885
0.035166,0.13807821
0.035168,-0.2317729
0.03517,-0.6478553
0.035172,-1.0177064
0.035174,-1.387557
0.035176,-1.7111769
0.035178,-2.081028
0.03518,-2.4046474
0.035182,-2.728267
0.035184,-3.0518866
0.035186,-3.329275
0.035188,-3.6066632
0.03519,-3.8840513
0.035192,-4.115208
0.035194,-4.346365
0.035196,-4.4850593
0.035198,-4.623753
0.0352,-4.7624474
0.035202,-4.85491
0.035204,-4.947373
0.035206,-4.993604
0.035208,-5.0398355
0.03521,-4.993604
0.035212,-4.993604
0.035214,-4.9011416
0.035216,-4.8086786
0.035218,-4.669985
0.03522,-4.5312905
0.035222,-4.3925962
0.035223998,-4.2076707
0.035226,-3.976514
0.035228,-3.745357
0.03523,-3.467969
0.035232,-3.1443493
0.035234,-2.866961
0.035236,-2.5433414
0.035238,-2.2197218
0.03524,-1.8498712
0.035242,-1.48002
0.035244,-1.1564007
0.035246,-0.7403178
0.035248,-0.3704667
0.03525,-6.160736E-4
0.035252,0.36923456
0.035254,0.7853174
0.035256,1.1551685
0.035258,1.4787879
0.03526,1.8486385
0.035262,2.2184901
0.035264,2.542109
0.035266,2.8657289
0.035268,3.1893477
0.03527,3.4667363
0.035272,3.744125
0.035274,3.9752812
0.035276,4.2064385
0.035278,4.3913646
0.03528,4.5300584
0.035282,4.7149835
0.035284,4.807446
0.035285998,4.8999095
0.035288,4.992371
0.03529,5.0386033
0.035292,5.0386033
0.035294,4.992371
0.035296,4.946141
0.035298,4.8999095
0.0353,4.7612157
0.035302,4.668752
0.035304,4.483826
0.035306,4.3451324
0.035308,4.113976
0.03531,3.8828197
0.035312,3.6516623
0.035314,3.3742738
0.035316,3.050654
0.035318,2.7732663
0.03532,2.4034152
0.035322,2.0797954
0.035324,1.756176
0.035326,1.3863249
0.035328,1.0164738
0.03533,0.64662313
0.035332,0.27677202
0.035334,-0.13931036
0.035336,-0.5091615
0.035338,-0.8790121
0.03534,-1.2488632
0.035342,-1.5724826
0.035344,-1.9423337
0.035346,-2.3121846
0.035348,-2.6358042
0.03535,-2.9594238
0.035352,-3.236812
0.035354,-3.5142004
0.035356,-3.7915885
0.035358,-4.022745
0.03536,-4.2539024
0.035362,-4.4388275
0.035364,-4.577522
0.035366,-4.716216
0.035368,-4.85491
0.03537,-4.947373
0.035372,-4.993604
0.035374,-5.0398355
0.035376,-5.0398355
0.035378,-4.993604
0.03538,-4.947373
0.035382,-4.85491
0.035384,-4.716216
0.035386,-4.577522
0.035388,-4.4388275
0.03539,-4.2539024
0.035392,-4.022745
0.035394,-3.7915885
0.035396,-3.5604317
0.035398,-3.2830436
0.0354,-2.9594238
0.035402,-2.6358042
0.035404,-2.3121846
0.035406,-1.9423337
0.035408,-1.6187139
0.03541,-1.2488632
0.035412,-0.8790121
0.035414,-0.5091615
0.035416,-0.13931036
0.035418,0.27677202
0.03542,0.64662313
0.035422,1.0164738
0.035424,1.3863249
0.035426,1.7099442
0.035428,2.0797954
0.03543,2.4034152
0.035432,2.7732663
0.035434,3.050654
0.035436,3.3742738
0.035438,3.6516623
0.03544,3.8828197
0.035442,4.113976
0.035444,4.3451324
0.035446,4.483826
0.035448,4.668752
0.03545,4.7612157
0.035452,4.8999095
0.035454,4.946141
0.035456,4.992371
0.035458,5.0386033
0.03546,5.0386033
0.035462,4.992371
0.035464,4.8999095
0.035466,4.807446
0.035468,4.7149835
0.03547,4.5300584
0.035472,4.3913646
0.035474,4.2064385
0.035476,3.9752812
0.035478,3.744125
0.03548,3.4667363
0.035482,3.1893477
0.035484,2.8657289
0.035486,2.542109
0.035488,2.2184901
0.03549,1.8486385
0.035492,1.4787879
0.035494,1.1551685
0.035496,0.7853174
0.035498,0.4154663
0.0355,-6.160736E-4
0.035502,-0.3704667
0.035504,-0.7403178
0.035506,-1.1101689
0.035508,-1.48002
0.03551,-1.8498712
0.035512,-2.1734905
0.035514,-2.4971101
0.035516,-2.8207297
0.035518,-3.1443493
0.03552,-3.4217377
0.035522,-3.6991258
0.035524,-3.976514
0.035526,-4.2076707
0.035528,-4.3925962
0.03553,-4.5312905
0.035532,-4.669985
0.035534,-4.8086786
0.035536,-4.9011416
0.035538,-4.993604
0.03554,-4.993604
0.035542,-5.0398355
0.035544,-4.993604
0.035546,-4.947373
0.035548,-4.9011416
0.03555,-4.7624474
0.035552,-4.623753
0.035554,-4.4850593
0.035556,-4.346365
0.035558,-4.115208
0.03556,-3.8840513
0.035562,-3.6528945
0.035564,-3.3755062
0.035566,-3.0518866
0.035568,-2.728267
0.03557,-2.4046474
0.035572,-2.081028
0.035574,-1.7111769
0.035576,-1.387557
0.035578,-1.0177064
0.03558,-0.6478553
0.035582,-0.2317729
0.035584,0.13807821
0.035586,0.50792885
0.035588,0.87777996
0.03559,1.2476311
0.035592,1.6174817
0.035594,1.9873328
0.035596,2.3109517
0.035598,2.6345725
0.0356,2.9581914
0.035602,3.2818112
0.035604,3.5591989
0.035606,3.7903562
0.035608,4.0677447
0.03561,4.252671
0.035612,4.437596
0.035614,4.622521
0.035616,4.7149835
0.035618,4.8536773
0.03562,4.946141
0.035622,4.992371
0.035624,5.0386033
0.035626,5.0386033
0.035628,4.992371
0.03563,4.946141
0.035632,4.8536773
0.035634,4.7612157
0.035636,4.5762897
0.035638,4.437596
0.03564,4.252671
0.035641998,4.0677447
0.035644,3.7903562
0.035646,3.5591989
0.035648,3.2818112
0.03565,2.9581914
0.035652,2.6345725
0.035654,2.3109517
0.035656,1.9873328
0.035658,1.6174817
0.03566,1.2476311
0.035662,0.87777996
0.035664,0.50792885
0.035666,0.13807821
0.035668,-0.2317729
0.03567,-0.6478553
0.035672,-1.0177064
0.035674,-1.387557
0.035676,-1.7111769
0.035678,-2.081028
0.03568,-2.4046474
0.035682,-2.728267
0.035684,-3.0518866
0.035686,-3.329275
0.035688,-3.6066632
0.03569,-3.8840513
0.035692,-4.115208
0.035694,-4.346365
0.035696,-4.4850593
0.035698,-4.623753
0.0357,-4.7624474
0.035702,-4.85491
0.035703998,-4.947373
0.035706,-4.993604
0.035708,-5.0398355
0.03571,-4.993604
0.035712,-4.993604
0.035714,-4.9011416
0.035716,-4.8086786
0.035718,-4.669985
0.03572,-4.5312905
0.035722,-4.3925962
0.035724,-4.2076707
0.035726,-3.976514
0.035728,-3.6991258
0.03573,-3.467969
0.035732,-3.1443493
0.035734,-2.866961
0.035736,-2.5433414
0.035738,-2.1734905
0.03574,-1.8498712
0.035742,-1.48002
0.035744,-1.1564007
0.035746,-0.7403178
0.035748,-0.3704667
0.03575,0.184309
0.035752,1.756176
0.035754,3.23558
0.035756,4.3451324
0.035758,4.8536773
0.03576,4.7612157
0.035762,4.1602073
0.035764,2.9581914
0.035765998,1.4787879
0.035768,-0.27800417
0.03577,-1.8961024
0.035772,-3.3755062
0.035774,-4.4388275
0.035776,-4.9011416
0.035778,-4.8086786
0.03578,-4.115208
0.035782,-2.9131925
0.035784,-1.387557
0.035786,0.36923456
0.035788,2.033564
0.03579,3.4667363
0.035792,4.437596
0.035794,4.8999095
0.035796,4.7149835
0.035798,4.0215135
0.0358,2.7732663
0.035802,1.2476311
0.035804,-0.46292973
0.035806,-2.1272593
0.035808,-3.5604317
0.03581,-4.4850593
0.035812,-4.9011416
0.035814,-4.716216
0.035816,-3.976514
0.035818,-2.728267
0.03582,-1.1101689
0.035822,0.64662313
0.035824,2.2647214
0.035826,3.6516623
0.035827998,4.5300584
0.03583,4.8999095
0.035832,4.668752
0.035834,3.8828197
0.035836,2.5883412
0.035838,1.0164738
0.03584,-0.7403178
0.035842,-2.3121846
0.035844,-3.6991258
0.035846,-4.577522
0.035848,-4.9011416
0.03585,-4.623753
0.035852,-3.7915885
0.035854,-2.4971101
0.035856,-0.8790121
0.035858,0.87777996
0.03586,2.4958777
0.035862,3.8365874
0.035864,4.622521
0.035866,4.8999095
0.035868,4.5762897
0.03587,3.6978936
0.035872,2.357184
0.035874,0.7390857
0.035876,-0.9714751
0.035878,-2.5433414
0.03588,-3.8840513
0.035882,-4.669985
0.035884,-4.9011416
0.035886,-4.5312905
0.035888,-3.6528945
0.035889998,-2.2659533
0.035892,-0.6478553
0.035894,1.1089368
0.035896,2.6808028
0.035898,3.9752812
0.0359,4.7149835
0.035902,4.8999095
0.035904,4.483826
0.035906,3.5591989
0.035908,2.172258
0.03591,0.50792885
0.035912,-1.202632
0.035914,-2.7744985
0.035916,-4.022745
0.035918,-4.7624474
0.03592,-4.9011416
0.035922,-4.4388275
0.035924,-3.467969
0.035926,-2.081028
0.035928,-0.3704667
0.03593,1.3400936
0.035932,2.9119601
0.035934,4.113976
0.035936,4.7612157
0.035938,4.8999095
0.03594,4.437596
0.035942,3.3742738
0.035944,1.9411016
0.035946,0.27677202
0.035948,-1.4337888
0.03595,-2.9594238
0.035951998,-4.1614394
0.035954,-4.8086786
0.035956,-4.85491
0.035958,-4.346365
0.03596,-3.2830436
0.035962,-1.8036394
0.035964,-0.13931036
0.035966,1.5712504
0.035968,3.0968862
0.03597,4.252671
0.035972,4.8536773
0.035974,4.8536773
0.035976,4.298901
0.035978,3.1893477
0.03598,1.7099442
0.035982,-6.160736E-4
0.035984,-1.6649456
0.035986,-3.1443493
0.035988,-4.3001337
0.03599,-4.85491
0.035992,-4.8086786
0.035994,-4.2539024
0.035996,-3.098118
0.035998,-1.5724826
0.036,0.13807821
0.036002,1.8024073
0.036004,3.2818112
0.036006,4.3913646
0.036008,4.8999095
0.03601,4.807446
0.036012,4.1602073
0.036013998,3.0044227
0.036016,1.4787879
0.036018,-0.2317729
0.03602,-1.8961024
0.036022,-3.3755062
0.036024,-4.4388275
0.036026,-4.9011416
0.036028,-4.7624474
0.03603,-4.115208
0.036032,-2.9131925
0.036034,-1.387557
0.036036,0.36923456
0.036038,2.033564
0.03604,3.4667363
0.036042,4.437596
0.036044,4.8999095
0.036046,4.7612157
0.036048,4.0215135
0.03605,2.7732663
0.036052,1.2476311
0.036054,-0.46292973
0.036056,-2.1272593
0.036058,-3.5604317
0.03606,-4.4850593
0.036062,-4.9011416
0.036064,-4.716216
0.036066,-3.976514
0.036068,-2.728267
0.03607,-1.1101689
0.036072,0.64662313
0.036074,2.2647214
0.036075998,3.6516623
0.036078,4.5300584
0.03608,4.8999095
0.036082,4.668752
0.036084,3.8828197
0.036086,2.5883412
0.036088,1.0164738
0.03609,-0.7403178
0.036092,-2.3121846
0.036094,-3.6991258
0.036096,-4.577522
0.036098,-4.9011416
0.0361,-4.623753
0.036102,-3.7915885
0.036104,-2.4971101
0.036106,-0.8790121
0.036108,0.87777996
0.03611,2.4958777
0.036112,3.8365874
0.036114,4.622521
0.036116,4.946141
0.036118,4.5762897
0.03612,3.6978936
0.036122,2.357184
0.036124,0.7390857
0.036126,-0.9714751
0.036128,-2.5433414
0.03613,-3.8840513
0.036132,-4.669985
0.036134,-4.9011416
0.036136,-4.5312905
0.036137998,-3.6528945
0.03614,-2.2659533
0.036142,-0.6478553
0.036144,1.1089368
0.036146,2.6808028
0.036148,3.9752812
0.03615,4.7149835
0.036152,4.8999095
0.036154,4.483826
0.036156,3.5591989
0.036158,2.172258
0.03616,0.50792885
0.036162,-1.202632
0.036164,-2.7744985
0.036166,-4.022745
0.036168,-4.716216
0.03617,-4.9011416
0.036172,-4.4388275
0.036174,-3.467969
0.036176,-2.081028
0.036178,-0.3704667
0.03618,1.3863249
0.036182,2.9119601
0.036184,4.113976
0.036186,4.7612157
0.036188,4.8999095
0.03619,4.437596
0.036192,3.3742738
0.036194,1.9411016
0.036196,0.27677202
0.036198,-1.4337888
0.036199998,-2.9594238
0.036202,-4.1614394
0.036204,-4.8086786
0.036206,-4.85491
0.036208,-4.346365
0.03621,-3.2830436
0.036212,-1.8036394
0.036214,-0.13931036
0.036216,1.5712504
0.036218,3.0968862
0.03622,4.252671
0.036222,4.8536773
0.036224,4.8536773
0.036226,4.298901
0.036228,3.1893477
0.03623,1.7099442
0.036232,-6.160736E-4
0.036234,-1.6649456
0.036236,-3.1443493
0.036238,-4.3001337
0.03624,-4.85491
0.036242,-4.8086786
0.036244,-4.2539024
0.036246,-3.098118
0.036248,-1.5724826
0.03625,0.13807821
0.036252,1.8024073
0.036254,3.2818112
0.036256,4.3913646
0.036258,4.8536773
0.03626,4.807446
0.036261998,4.1602073
0.036264,3.0044227
0.036266,1.4787879
0.036268,-0.2317729
0.03627,-1.8961024
0.036272,-3.3755062
0.036274,-4.4388275
0.036276,-4.9011416
0.036278,-4.7624474
0.03628,-4.115208
0.036282,-2.9131925
0.036284,-1.387557
0.036286,0.36923456
0.036288,2.033564
0.03629,3.4667363
0.036292,4.437596
0.036294,4.8999095
0.036296,4.7612157
0.036298,4.0215135
0.0363,2.7732663
0.036302,1.2476311
0.036304,-0.46292973
0.036306,-2.1272593
0.036308,-3.5604317
0.03631,-4.4850593
0.036312,-4.9011416
0.036314,-4.716216
0.036316,-3.976514
0.036318,-2.728267
0.03632,-1.1101689
0.036322,0.64662313
0.036323998,2.2647214
0.036326,3.6516623
0.036328,4.5762897
0.03633,4.8999095
0.036332,4.668752
0.036334,3.8828197
0.036336,2.5883412
0.036338,1.0164738
0.03634,-0.7403178
0.036342,-2.3121846
0.036344,-3.6991258
0.036346,-4.577522
0.036348,-4.9011416
0.03635,-4.623753
0.036352,-3.7915885
0.036354,-2.4971101
0.036356,-0.8790121
0.036358,0.87777996
0.03636,2.4958777
0.036362,3.8365874
0.036364,4.622521
0.036366,4.8999095
0.036368,4.5762897
0.03637,3.6978936
0.036372,2.357184
0.036374,0.7390857
0.036376,-0.9714751
0.036378,-2.5433414
0.03638,-3.8840513
0.036382,-4.669985
0.036384,-4.9011416
0.036385998,-4.5312905
0.036388,-3.6528945
0.03639,-2.2659533
0.036392,-0.6478553
0.036394,1.1089368
0.036396,2.727035
0.036398,3.9752812
0.0364,4.7149835
0.036402,4.8999095
0.036404,4.483826
0.036406,3.5591989
0.036408,2.126027
0.03641,0.50792885
0.036412,-1.202632
0.036414,-2.7744985
0.036416,-4.022745
0.036418,-4.7624474
0.03642,-4.9011416
0.036422,-4.4388275
0.036424,-3.467969
0.036426,-2.081028
0.036428,-0.3704667
0.03643,1.3863249
0.036432,2.9119601
0.036434,4.113976
0.036436,4.7612157
0.036438,4.8999095
0.03644,4.3913646
0.036442,3.3742738
0.036444,1.9411016
0.036446,0.27677202
0.036447998,-1.4337888
0.03645,-2.9594238
0.036452,-4.1614394
0.036454,-4.8086786
0.036456,-4.85491
0.036458,-4.346365
0.03646,-3.2830436
0.036462,-1.8036394
0.036464,-0.13931036
0.036466,1.5712504
0.036468,3.0968862
0.03647,4.252671
0.036472,4.8536773
0.036474,4.8536773
0.036476,4.298901
0.036478,3.1893477
0.03648,1.7099442
0.036482,-6.160736E-4
0.036484,-1.6649456
0.036486,-3.1905808
0.036488,-4.3001337
0.03649,-4.85491
0.036492,-4.8086786
0.036494,-4.2539024
0.036496,-3.098118
0.036498,-1.5724826
0.0365,0.13807821
0.036502,1.8024073
0.036504,3.2818112
0.036506,4.3913646
0.036508,4.8999095
0.03651,4.807446
0.036512,4.1602073
0.036514,3.0044227
0.036516,1.4787879
0.036518,-0.2317729
0.03652,-1.8961024
0.036522,-3.3755062
0.036524,-4.4388275
0.036526,-4.9011416
0.036528,-4.7624474
0.03653,-4.115208
0.036532,-2.9131925
0.036534,-1.387557
0.036536,0.36923456
0.036538,2.033564
0.03654,3.4667363
0.036542,4.437596
0.036544,4.8999095
0.036546,4.7612157
0.036548,4.0215135
0.03655,2.7732663
0.036552,1.2476311
0.036554,-0.46292973
0.036556,-2.1272593
0.036558,-3.5604317
0.03656,-4.4850593
0.036562,-4.9011416
0.036564,-4.716216
0.036566,-3.976514
0.036568,-2.728267
0.03657,-1.1101689
0.036572,0.64662313
0.036574,2.2647214
0.036576,3.6516623
0.036578,4.5762897
0.03658,4.8999095
0.036582,4.668752
0.036584,3.8828197
0.036586,2.5883412
0.036588,1.0164738
0.03659,-0.7403178
0.036592,-2.3121846
0.036594,-3.6991258
0.036596,-4.577522
0.036598,-4.9011416
0.0366,-4.623753
0.036602,-3.7915885
0.036604,-2.4971101
0.036606,-0.8790121
0.036608,0.87777996
0.03661,2.4958777
0.036612,3.8365874
0.036614,4.622521
0.036616,4.8999095
0.036618,4.5762897
0.03662,3.6978936
0.036622,2.357184
0.036624,0.7390857
0.036626,-0.9714751
0.036628,-2.5433414
0.03663,-3.8840513
0.036632,-4.669985
0.036634,-4.9011416
0.036636,-4.5312905
0.036638,-3.6528945
0.03664,-2.2659533
0.036642,-0.6478553
0.036644,1.1089368
0.036646,2.727035
0.036648,3.9752812
0.03665,4.7149835
0.036652,4.8999095
0.036654,4.483826
0.036656,3.5591989
0.036658,2.126027
0.03666,0.50792885
0.036662,-1.202632
0.036664,-2.7744985
0.036666,-4.022745
0.036668,-4.7624474
0.03667,-4.9011416
0.036672,-4.4388275
0.036674,-3.467969
0.036676,-2.0347965
0.036678,-0.3704667
0.03668,1.3863249
0.036682,2.9119601
0.036684,4.113976
0.036686,4.807446
0.036688,4.8999095
0.03669,4.3913646
0.036692,3.3742738
0.036694,1.9411016
0.036696,0.27677202
0.036698,-1.4337888
0.0367,-2.9594238
0.036702,-4.1614394
0.036704,-4.8086786
0.036706,-4.85491
0.036708,-4.346365
0.03671,-3.2830436
0.036712,-1.8036394
0.036714,-0.13931036
0.036716,1.5712504
0.036718,3.0968862
0.03672,4.252671
0.036722,4.8536773
0.036724,4.8536773
0.036726,4.298901
0.036728,3.1893477
0.03673,1.7099442
0.036732,-6.160736E-4
0.036734,-1.6649456
0.036736,-3.1905808
0.036738,-4.3001337
0.03674,-4.85491
0.036741998,-4.8086786
0.036744,-4.2539024
0.036746,-3.098118
0.036748,-1.5724826
0.03675,-0.046847343
0.036752,0.4154663
0.036754,0.8315482
0.036756,1.2013993
0.036758,1.5250192
0.03676,1.8948698
0.036762,2.2184901
0.036764,2.5883412
0.036766,2.8657289
0.036768,3.1893477
0.03677,3.4667363
0.036772,3.744125
0.036774,3.9752812
0.036776,4.2064385
0.036778,4.437596
0.03678,4.5762897
0.036782,4.7149835
0.036784,4.8536773
0.036786,4.946141
0.036788,4.992371
0.03679,5.0386033
0.036792,5.0386033
0.036794,5.0386033
0.036796,4.946141
0.036798,4.8999095
0.0368,4.807446
0.036802,4.668752
0.036803998,4.483826
0.036806,4.3451324
0.036808,4.113976
0.03681,3.8828197
0.036812,3.6516623
0.036814,3.3742738
0.036816,3.050654
0.036818,2.7732663
0.03682,2.4496465
0.036822,2.0797954
0.036824,1.7099442
0.036826,1.3863249
0.036828,1.0164738
0.03683,0.64662313
0.036832,0.27677202
0.036834,-0.13931036
0.036836,-0.5091615
0.036838,-0.8790121
0.03684,-1.2488632
0.036842,-1.5724826
0.036844,-1.9423337
0.036846,-2.3121846
0.036848,-2.6358042
0.03685,-2.9594238
0.036852,-3.236812
0.036854,-3.5604317
0.036856,-3.7915885
0.036858,-4.022745
0.03686,-4.2539024
0.036862,-4.4388275
0.036864,-4.577522
0.036865998,-4.716216
0.036868,-4.85491
0.03687,-4.947373
0.036872,-4.993604
0.036874,-5.0398355
0.036876,-4.993604
0.036878,-4.993604
0.03688,-4.947373
0.036882,-4.85491
0.036884,-4.716216
0.036886,-4.577522
0.036888,-4.4388275
0.03689,-4.2539024
0.036892,-4.022745
0.036894,-3.7915885
0.036896,-3.5604317
0.036898,-3.2830436
0.0369,-2.9594238
0.036902,-2.6358042
0.036904,-2.3121846
0.036906,-1.9423337
0.036908,-1.6187139
0.03691,-1.2488632
0.036912,-0.8790121
0.036914,-0.5091615
0.036916,-0.13931036
0.036918,0.27677202
0.03692,0.64662313
0.036922,1.0164738
0.036924,1.3863249
0.036926,1.7099442
0.036927998,2.0797954
0.03693,2.4496465
0.036932,2.7732663
0.036934,3.050654
0.036936,3.3742738
0.036938,3.6516623
0.03694,3.8828197
0.036942,4.113976
0.036944,4.3451324
0.036946,4.483826
0.036948,4.668752
0.03695,4.7612157
0.036952,4.8999095
0.036954,4.946141
0.036956,4.992371
0.036958,5.0386033
0.03696,5.0386033
0.036962,4.992371
0.036964,4.8999095
0.036966,4.807446
0.036968,4.7149835
0.03697,4.5300584
0.036972,4.3913646
0.036974,4.2064385
0.036976,3.9752812
0.036978,3.744125
0.03698,3.4667363
0.036982,3.1431174
0.036984,2.8657289
0.036986,2.542109
0.036988,2.2184901
0.036989998,1.8486385
0.036992,1.4787879
0.036994,1.1551685
0.036996,0.7853174
0.036998,0.36923456
0.037,-6.160736E-4
0.037002,-0.3704667
0.037004,-0.7403178
0.037006,-1.1101689
0.037008,-1.48002
0.03701,-1.8498712
0.037012,-2.1734905
0.037014,-2.5433414
0.037016,-2.866961
0.037018,-3.1443493
0.03702,-3.467969
0.037022,-3.6991258
0.037024,-3.976514
0.037026,-4.2076707
0.037028,-4.3925962
0.03703,-4.5312905
0.037032,-4.669985
0.037034,-4.8086786
0.037036,-4.9011416
0.037038,-4.993604
0.03704,-4.993604
0.037042,-5.0398355
0.037044,-4.993604
0.037046,-4.947373
0.037048,-4.9011416
0.03705,-4.7624474
0.037051998,-4.623753
0.037054,-4.4850593
0.037056,-4.346365
0.037058,-4.115208
0.03706,-3.8840513
0.037062,-3.6528945
0.037064,-3.3755062
0.037066,-3.0518866
0.037068,-2.7744985
0.03707,-2.4046474
0.037072,-2.081028
0.037074,-1.7111769
0.037076,-1.387557
0.037078,-1.0177064
0.03708,-0.6478553
0.037082,-0.2317729
0.037084,0.13807821
0.037086,0.50792885
0.037088,0.87777996
0.03709,1.2476311
0.037092,1.6174817
0.037094,1.9873328
0.037096,2.3109517
0.037098,2.6345725
0.0371,2.9581914
0.037102,3.2818112
0.037104,3.5591989
0.037106,3.7903562
0.037108,4.0677447
0.03711,4.252671
0.037112,4.437596
0.037113998,4.622521
0.037116,4.7612157
0.037118,4.8536773
0.03712,4.946141
0.037122,4.992371
0.037124,5.0386033
0.037126,5.0386033
0.037128,4.992371
0.03713,4.946141
0.037132,4.8536773
0.037134,4.7612157
0.037136,4.5762897
0.037138,4.437596
0.03714,4.252671
0.037142,4.0677447
0.037144,3.7903562
0.037146,3.5591989
0.037148,3.2818112
0.03715,2.9581914
0.037152,2.6345725
0.037154,2.3109517
0.037156,1.9873328
0.037158,1.6174817
0.03716,1.2476311
0.037162,0.87777996
0.037164,0.50792885
0.037166,0.13807821
0.037168,-0.2317729
0.03717,-0.6478553
0.037172,-1.0177064
0.037174,-1.387557
0.037175998,-1.7111769
0.037178,-2.081028
0.03718,-2.4046474
0.037182,-2.728267
0.037184,-3.0518866
0.037186,-3.3755062
0.037188,-3.6066632
0.03719,-3.8840513
0.037192,-4.115208
0.037194,-4.346365
0.037196,-4.4850593
0.037198,-4.623753
0.0372,-4.7624474
0.037202,-4.9011416
0.037204,-4.947373
0.037206,-4.993604
0.037208,-5.0398355
0.03721,-4.993604
0.037212,-4.993604
0.037214,-4.9011416
0.037216,-4.8086786
0.037218,-4.669985
0.03722,-4.5312905
0.037222,-4.3925962
0.037224,-4.2076707
0.037226,-3.976514
0.037228,-3.6991258
0.03723,-3.467969
0.037232,-3.1443493
0.037234,-2.866961
0.037236,-2.5433414
0.037237998,-2.1734905
0.03724,-1.8498712
0.037242,-1.48002
0.037244,-1.1564007
0.037246,-0.7403178
0.037248,-0.3704667
0.03725,-6.160736E-4
0.037252,0.4154663
0.037254,0.7853174
0.037256,1.1551685
0.037258,1.4787879
0.03726,1.8486385
0.037262,2.2184901
0.037264,2.542109
0.037266,2.8657289
0.037268,3.1893477
0.03727,3.4667363
0.037272,3.744125
0.037274,3.9752812
0.037276,4.2064385
0.037278,4.3913646
0.03728,4.5300584
0.037282,4.7149835
0.037284,4.807446
0.037286,4.8999095
0.037288,4.992371
0.03729,5.0386033
0.037292,5.0386033
0.037294,4.992371
0.037296,4.946141
0.037298,4.8999095
0.037299998,4.7612157
0.037302,4.668752
0.037304,4.483826
0.037306,4.3451324
0.037308,4.113976
0.03731,3.8828197
0.037312,3.6516623
0.037314,3.3742738
0.037316,3.050654
0.037318,2.7732663
0.03732,2.4034152
0.037322,2.0797954
0.037324,1.7099442
0.037326,1.3863249
0.037328,1.0164738
0.03733,0.64662313
0.037332,0.27677202
0.037334,-0.13931036
0.037336,-0.5091615
0.037338,-0.8790121
0.03734,-1.2488632
0.037342,-1.5724826
0.037344,-1.9423337
0.037346,-2.3121846
0.037348,-2.6358042
0.03735,-2.9594238
0.037352,-3.236812
0.037354,-3.5604317
0.037356,-3.7915885
0.037358,-4.022745
0.03736,-4.2539024
0.037361998,-4.4388275
0.037364,-4.577522
0.037366,-4.716216
0.037368,-4.85491
0.03737,-4.947373
0.037372,-4.993604
0.037374,-5.0398355
0.037376,-5.0398355
0.037378,-4.993604
0.03738,-4.947373
0.037382,-4.85491
0.037384,-4.716216
0.037386,-4.577522
0.037388,-4.4388275
0.03739,-4.2539024
0.037392,-4.022745
0.037394,-3.7915885
0.037396,-3.5604317
0.037398,-3.2830436
0.0374,-2.9594238
0.037402,-2.6358042
0.037404,-2.3121846
0.037406,-1.9423337
0.037408,-1.6187139
0.03741,-1.2488632
0.037412,-0.8790121
0.037414,-0.5091615
0.037416,-0.13931036
0.037418,0.27677202
0.03742,0.64662313
0.037422,1.0164738
0.037423998,1.3863249
0.037426,1.7099442
0.037428,2.0797954
0.03743,2.4496465
0.037432,2.7732663
0.037434,3.050654
0.037436,3.3742738
0.037438,3.6516623
0.03744,3.8828197
0.037442,4.113976
0.037444,4.3451324
0.037446,4.483826
0.037448,4.668752
0.03745,4.7612157
0.037452,4.8999095
0.037454,4.946141
0.037456,4.992371
0.037458,5.0386033
0.03746,5.0386033
0.037462,4.992371
0.037464,4.8999095
0.037466,4.807446
0.037468,4.7149835
0.03747,4.5300584
0.037472,4.3913646
0.037474,4.2064385
0.037476,3.9752812
0.037478,3.744125
0.03748,3.4667363
0.037482,3.1431174
0.037484,2.8657289
0.037485998,2.542109
0.037488,2.2184901
0.03749,1.8486385
0.037492,1.4787879
0.037494,1.1551685
0.037496,0.7853174
0.037498,0.36923456
0.0375,-6.160736E-4
0.037502,-0.3704667
0.037504,-0.7403178
0.037506,-1.1101689
0.037508,-1.48002
0.03751,-1.8498712
0.037512,-2.1734905
0.037514,-2.4971101
0.037516,-2.866961
0.037518,-3.1443493
0.03752,-3.467969
0.037522,-3.6991258
0.037524,-3.976514
0.037526,-4.2076707
0.037528,-4.3925962
0.03753,-4.5312905
0.037532,-4.669985
0.037534,-4.8086786
0.037536,-4.9011416
0.037538,-4.993604
0.03754,-4.993604
0.037542,-5.0398355
0.037544,-4.993604
0.037546,-4.947373
0.037547998,-4.9011416
0.03755,-4.7624474
0.037552,-4.623753
0.037554,-4.4850593
0.037556,-4.346365
0.037558,-4.115208
0.03756,-3.8840513
0.037562,-3.6528945
0.037564,-3.3755062
0.037566,-3.0518866
0.037568,-2.7744985
0.03757,-2.4046474
0.037572,-2.081028
0.037574,-1.7111769
0.037576,-1.387557
0.037578,-1.0177064
0.03758,-0.6478553
0.037582,-0.2317729
0.037584,0.13807821
0.037586,0.50792885
0.037588,0.87777996
0.03759,1.2476311
0.037592,1.6174817
0.037594,1.9873328
0.037596,2.3109517
0.037598,2.6345725
0.0376,2.9581914
0.037602,3.2818112
0.037604,3.5591989
0.037606,3.7903562
0.037608,4.0677447
0.037609998,4.252671
0.037612,4.437596
0.037614,4.5762897
0.037616,4.7612157
0.037618,4.8536773
0.03762,4.946141
0.037622,4.992371
0.037624,5.0386033
0.037626,5.0386033
0.037628,4.992371
0.03763,4.946141
0.037632,4.8536773
0.037634,4.7612157
0.037636,4.5762897
0.037638,4.437596
0.03764,4.252671
0.037642,4.0677447
0.037644,3.7903562
0.037646,3.5591989
0.037648,3.2818112
0.03765,2.9581914
0.037652,2.6345725
0.037654,2.3109517
0.037656,1.9873328
0.037658,1.6174817
0.03766,1.2476311
0.037662,0.87777996
0.037664,0.50792885
0.037666,0.13807821
0.037668,-0.2317729
0.03767,-0.6478553
0.037672,-1.0177064
0.037674,-1.387557
0.037676,-1.7111769
0.037678,-2.081028
0.03768,-2.4046474
0.037682,-2.728267
0.037684,-3.0518866
0.037686,-3.3755062
0.037688,-3.6066632
0.03769,-3.8840513
0.037692,-4.115208
0.037694,-4.346365
0.037696,-4.4850593
0.037698,-4.623753
0.0377,-4.7624474
0.037702,-4.85491
0.037704,-4.947373
0.037706,-4.993604
0.037708,-5.0398355
0.03771,-4.993604
0.037712,-4.993604
0.037714,-4.9011416
0.037716,-4.8086786
0.037718,-4.669985
0.03772,-4.5312905
0.037722,-4.3925962
0.037724,-4.2076707
0.037726,-3.976514
0.037728,-3.6991258
0.03773,-3.467969
0.037732,-3.1443493
0.037734,-2.866961
0.037736,-2.5433414
0.037738,-2.1734905
0.03774,-1.8498712
0.037742,-1.48002
0.037744,-1.1564007
0.037746,-0.7403178
0.037748,-0.3704667
0.03775,0.184309
0.037752,1.756176
0.037754,3.23558
0.037756,4.3451324
0.037758,4.8536773
0.03776,4.7612157
0.037762,4.113976
0.037764,2.9581914
0.037766,1.4325566
0.037768,-0.27800417
0.03777,-1.8961024
0.037772,-3.3755062
0.037774,-4.4388275
0.037776,-4.9011416
0.037778,-4.7624474
0.03778,-4.115208
0.037782,-2.9131925
0.037784,-1.387557
0.037786,0.36923456
0.037788,2.033564
0.03779,3.4667363
0.037792,4.437596
0.037794,4.8999095
0.037796,4.7149835
0.037798,4.0215135
0.0378,2.7732663
0.037802,1.2476311
0.037804,-0.5091615
0.037806,-2.1272593
0.037808,-3.5604317
0.03781,-4.4850593
0.037812,-4.9011416
0.037814,-4.716216
0.037816,-3.976514
0.037818,-2.728267
0.03782,-1.1101689
0.037822,0.64662313
0.037824,2.2647214
0.037826,3.6516623
0.037828,4.5762897
0.03783,4.8999095
0.037832,4.668752
0.037834,3.8828197
0.037836,2.5883412
0.037838,0.970243
0.03784,-0.7403178
0.037842,-2.3584158
0.037844,-3.6991258
0.037846,-4.577522
0.037848,-4.9011416
0.03785,-4.623753
0.037852,-3.7915885
0.037854,-2.4971101
0.037856,-0.8790121
0.037858,0.87777996
0.03786,2.4958777
0.037862,3.8365874
0.037864,4.622521
0.037866,4.8999095
0.037868,4.5762897
0.03787,3.6978936
0.037872,2.357184
0.037874,0.7390857
0.037876,-0.9714751
0.037878,-2.5433414
0.03788,-3.8840513
0.037882,-4.669985
0.037884,-4.9011416
0.037886,-4.5312905
0.037888,-3.6528945
0.03789,-2.2659533
0.037892,-0.601624
0.037894,1.1089368
0.037896,2.727035
0.037898,3.9752812
0.0379,4.7149835
0.037902,4.8999095
0.037903998,4.483826
0.037906,3.5591989
0.037908,2.126027
0.03791,0.50792885
0.037912,-1.202632
0.037914,-2.7744985
0.037916,-4.022745
0.037918,-4.7624474
0.03792,-4.9011416
0.037922,-4.4388275
0.037924,-3.467969
0.037926,-2.0347965
0.037928,-0.3704667
0.03793,1.3863249
0.037932,2.9119601
0.037934,4.113976
0.037936,4.807446
0.037938,4.8999095
0.03794,4.3913646
0.037942,3.3742738
0.037944,1.8948698
0.037946,0.27677202
0.037948,-1.4337888
0.03795,-2.9594238
0.037952,-4.1614394
0.037954,-4.8086786
0.037956,-4.85491
0.037958,-4.346365
0.03796,-3.2830436
0.037962,-1.8036394
0.037964,-0.13931036
0.037965998,1.5712504
0.037968,3.0968862
0.03797,4.252671
0.037972,4.8536773
0.037974,4.8536773
0.037976,4.298901
0.037978,3.1893477
0.03798,1.6637135
0.037982,-6.160736E-4
0.037984,-1.6649456
0.037986,-3.1905808
0.037988,-4.3001337
0.03799,-4.85491
0.037992,-4.8086786
0.037994,-4.2539024
0.037996,-3.098118
0.037998,-1.5724826
0.038,0.13807821
0.038002,1.8024073
0.038004,3.2818112
0.038006,4.3913646
0.038008,4.8536773
0.03801,4.807446
0.038012,4.1602073
0.038014,3.0044227
0.038016,1.4787879
0.038018,-0.2317729
0.03802,-1.8961024
0.038022,-3.3755062
0.038024,-4.4388275
0.038026,-4.9011416
0.038027998,-4.7624474
0.03803,-4.115208
0.038032,-2.9131925
0.038034,-1.3413262
0.038036,0.36923456
0.038038,2.033564
0.03804,3.4667363
0.038042,4.437596
0.038044,4.8999095
0.038046,4.7612157
0.038048,4.0215135
0.03805,2.7732663
0.038052,1.2476311
0.038054,-0.5091615
0.038056,-2.1272593
0.038058,-3.5604317
0.03806,-4.4850593
0.038062,-4.9011416
0.038064,-4.716216
0.038066,-3.976514
0.038068,-2.728267
0.03807,-1.1101689
0.038072,0.64662313
0.038074,2.2647214
0.038076,3.6516623
0.038078,4.5762897
0.03808,4.8999095
0.038082,4.668752
0.038084,3.8828197
0.038086,2.5883412
0.038088,1.0164738
0.038089998,-0.7403178
0.038092,-2.3584158
0.038094,-3.6991258
0.038096,-4.577522
0.038098,-4.9011416
0.0381,-4.623753
0.038102,-3.7915885
0.038104,-2.4971101
0.038106,-0.8790121
0.038108,0.87777996
0.03811,2.4958777
0.038112,3.8365874
0.038114,4.668752
0.038116,4.8999095
0.038118,4.5762897
0.03812,3.6978936
0.038122,2.357184
0.038124,0.7390857
0.038126,-0.9714751
0.038128,-2.5433414
0.03813,-3.8840513
0.038132,-4.669985
0.038134,-4.9011416
0.038136,-4.5312905
0.038138,-3.6528945
0.03814,-2.2659533
0.038142,-0.601624
0.038144,1.1089368
0.038146,2.727035
0.038148,3.9752812
0.03815,4.7149835
0.038151998,4.8999095
0.038154,4.483826
0.038156,3.5591989
0.038158,2.126027
0.03816,0.50792885
0.038162,-1.202632
0.038164,-2.7744985
0.038166,-4.022745
0.038168,-4.7624474
0.03817,-4.9011416
0.038172,-4.4388275
0.038174,-3.467969
0.038176,-2.0347965
0.038178,-0.3704667
0.03818,1.3863249
0.038182,2.9119601
0.038184,4.113976
0.038186,4.7612157
0.038188,4.8999095
0.03819,4.3913646
0.038192,3.3742738
0.038194,1.8948698
0.038196,0.27677202
0.038198,-1.4337888
0.0382,-2.9594238
0.038202,-4.1614394
0.038204,-4.8086786
0.038206,-4.85491
0.038208,-4.346365
0.03821,-3.2830436
0.038212,-1.8036394
0.038213998,-0.13931036
0.038216,1.5712504
0.038218,3.0968862
0.03822,4.252671
0.038222,4.8536773
0.038224,4.8536773
0.038226,4.298901
0.038228,3.1893477
0.03823,1.6637135
0.038232,-6.160736E-4
0.038234,-1.6649456
0.038236,-3.1905808
0.038238,-4.3001337
0.03824,-4.85491
0.038242,-4.8086786
0.038244,-4.2076707
0.038246,-3.098118
0.038248,-1.5724826
0.03825,0.13807821
0.038252,1.8024073
0.038254,3.3280425
0.038256,4.3913646
0.038258,4.8536773
0.03826,4.807446
0.038262,4.1602073
0.038264,3.0044227
0.038266,1.4787879
0.038268,-0.2317729
0.03827,-1.8961024
0.038272,-3.3755062
0.038274,-4.4388275
0.038275998,-4.9011416
0.038278,-4.7624474
0.03828,-4.115208
0.038282,-2.9131925
0.038284,-1.3413262
0.038286,0.36923456
0.038288,2.033564
0.03829,3.4667363
0.038292,4.437596
0.038294,4.8999095
0.038296,4.7612157
0.038298,4.0215135
0.0383,2.7732663
0.038302,1.2476311
0.038304,-0.5091615
0.038306,-2.1272593
0.038308,-3.5604317
0.03831,-4.4850593
0.038312,-4.9011416
0.038314,-4.716216
0.038316,-3.976514
0.038318,-2.728267
0.03832,-1.1101689
0.038322,0.64662313
0.038324,2.2647214
0.038326,3.6516623
0.038328,4.5762897
0.03833,4.8999095
0.038332,4.668752
0.038334,3.8828197
0.038336,2.5883412
0.038337998,1.0164738
0.03834,-0.7403178
0.038342,-2.3584158
0.038344,-3.6991258
0.038346,-4.577522
0.038348,-4.9011416
0.03835,-4.623753
0.038352,-3.7915885
0.038354,-2.4971101
0.038356,-0.8790121
0.038358,0.87777996
0.03836,2.4958777
0.038362,3.8365874
0.038364,4.668752
0.038366,4.8999095
0.038368,4.5762897
0.03837,3.6978936
0.038372,2.357184
0.038374,0.7390857
0.038376,-0.9714751
0.038378,-2.5433414
0.03838,-3.8840513
0.038382,-4.669985
0.038384,-4.9011416
0.038386,-4.5312905
0.038388,-3.6528945
0.03839,-2.2659533
0.038392,-0.601624
0.038394,1.1089368
0.038396,2.727035
0.038398,3.9752812
0.038399998,4.7149835
0.038402,4.8999095
0.038404,4.483826
0.038406,3.5591989
0.038408,2.126027
0.03841,0.50792885
0.038412,-1.202632
0.038414,-2.7744985
0.038416,-4.022745
0.038418,-4.7624474
0.03842,-4.9011416
0.038422,-4.4388275
0.038424,-3.467969
0.038426,-2.0347965
0.038428,-0.3704667
0.03843,1.3863249
0.038432,2.9119601
0.038434,4.113976
0.038436,4.807446
0.038438,4.8999095
0.03844,4.3913646
0.038442,3.3742738
0.038444,1.8948698
0.038446,0.27677202
0.038448,-1.4337888
0.03845,-2.9594238
0.038452,-4.1614394
0.038454,-4.8086786
0.038456,-4.85491
0.038458,-4.346365
0.03846,-3.2830436
0.038461998,-1.8036394
0.038464,-0.13931036
0.038466,1.5712504
0.038468,3.0968862
0.03847,4.252671
0.038472,4.8536773
0.038474,4.8536773
0.038476,4.298901
0.038478,3.1893477
0.03848,1.6637135
0.038482,-6.160736E-4
0.038484,-1.6649456
0.038486,-3.1905808
0.038488,-4.3001337
0.03849,-4.85491
0.038492,-4.8086786
0.038494,-4.2076707
0.038496,-3.098118
0.038498,-1.5724826
0.0385,0.13807821
0.038502,1.8024073
0.038504,3.3280425
0.038506,4.3913646
0.038508,4.8999095
0.03851,4.807446
0.038512,4.1602073
0.038514,3.0044227
0.038516,1.4787879
0.038518,-0.2317729
0.03852,-1.8961024
0.038522,-3.3755062
0.038523998,-4.4388275
0.038526,-4.9011416
0.038528,-4.7624474
0.03853,-4.115208
0.038532,-2.9131925
0.038534,-1.3413262
0.038536,0.36923456
0.038538,2.033564
0.03854,3.4667363
0.038542,4.437596
0.038544,4.8999095
0.038546,4.7612157
0.038548,4.0215135
0.03855,2.7732663
0.038552,1.2476311
0.038554,-0.5091615
0.038556,-2.1272593
0.038558,-3.5604317
0.03856,-4.4850593
0.038562,-4.9011416
0.038564,-4.716216
0.038566,-3.9302826
0.038568,-2.728267
0.03857,-1.1101689
0.038572,0.64662313
0.038574,2.2647214
0.038576,3.6516623
0.038578,4.5762897
0.03858,4.8999095
0.038582,4.668752
0.038584,3.8828197
0.038585998,2.5883412
0.038588,0.970243
0.03859,-0.7403178
0.038592,-2.3121846
0.038594,-3.6991258
0.038596,-4.577522
0.038598,-4.9011416
0.0386,-4.623753
0.038602,-3.7915885
0.038604,-2.4971101
0.038606,-0.8790121
0.038608,0.87777996
0.03861,2.4958777
0.038612,3.8365874
0.038614,4.668752
0.038616,4.8999095
0.038618,4.5762897
0.03862,3.6978936
0.038622,2.357184
0.038624,0.7390857
0.038626,-0.9714751
0.038628,-2.5433414
0.03863,-3.8840513
0.038632,-4.669985
0.038634,-4.9011416
0.038636,-4.5312905
0.038638,-3.6528945
0.03864,-2.2659533
0.038642,-0.601624
0.038644,1.1551685
0.038646,2.727035
0.038647998,3.9752812
0.03865,4.7149835
0.038652,4.8999095
0.038654,4.483826
0.038656,3.5591989
0.038658,2.126027
0.03866,0.50792885
0.038662,-1.202632
0.038664,-2.7744985
0.038666,-4.022745
0.038668,-4.7624474
0.03867,-4.9011416
0.038672,-4.4388275
0.038674,-3.467969
0.038676,-2.0347965
0.038678,-0.3704667
0.03868,1.3863249
0.038682,2.9119601
0.038684,4.113976
0.038686,4.807446
0.038688,4.8999095
0.03869,4.3913646
0.038692,3.3742738
0.038694,1.8948698
0.038696,0.27677202
0.038698,-1.4337888
0.0387,-2.9594238
0.038702,-4.1614394
0.038704,-4.8086786
0.038706,-4.85491
0.038708,-4.346365
0.038709998,-3.2830436
0.038712,-1.8036394
0.038714,-0.13931036
0.038716,1.5712504
0.038718,3.0968862
0.03872,4.252671
0.038722,4.8536773
0.038724,4.8536773
0.038726,4.298901
0.038728,3.1893477
0.03873,1.6637135
0.038732,-6.160736E-4
0.038734,-1.6649456
0.038736,-3.1905808
0.038738,-4.3001337
0.03874,-4.85491
0.038742,-4.8086786
0.038744,-4.2076707
0.038746,-3.098118
0.038748,-1.5724826
0.03875,-0.046847343
0.038752,0.4154663
0.038754,0.8315482
0.038756,1.2013993
0.038758,1.5250192
0.03876,1.8948698
0.038762,2.2184901
0.038764,2.5883412
0.038766,2.8657289
0.038768,3.1893477
0.03877,3.4667363
0.038771998,3.744125
0.038774,3.9752812
0.038776,4.2064385
0.038778,4.437596
0.03878,4.5762897
0.038782,4.7149835
0.038784,4.8536773
0.038786,4.946141
0.038788,4.992371
0.03879,5.0386033
0.038792,5.0386033
0.038794,5.0386033
0.038796,4.992371
0.038798,4.8999095
0.0388,4.807446
0.038802,4.668752
0.038804,4.483826
0.038806,4.3451324
0.038808,4.113976
0.03881,3.8828197
0.038812,3.6516623
0.038814,3.3742738
0.038816,3.050654
0.038818,2.7732663
0.03882,2.4034152
0.038822,2.0797954
0.038824,1.7099442
0.038826,1.3863249
0.038828,1.0164738
0.03883,0.64662313
0.038832,0.27677202
0.038834,-0.13931036
0.038836,-0.5091615
0.038838,-0.8790121
0.03884,-1.2488632
0.038842,-1.5724826
0.038844,-1.9423337
0.038846,-2.3121846
0.038848,-2.6358042
0.03885,-2.9594238
0.038852,-3.236812
0.038854,-3.5604317
0.038856,-3.7915885
0.038858,-4.022745
0.03886,-4.2539024
0.038862,-4.4388275
0.038864,-4.577522
0.038866,-4.716216
0.038868,-4.85491
0.03887,-4.947373
0.038872,-4.993604
0.038874,-5.0398355
0.038876,-5.0398355
0.038878,-4.993604
0.03888,-4.947373
0.038882,-4.85491
0.038884,-4.716216
0.038886,-4.577522
0.038888,-4.4388275
0.03889,-4.2539024
0.038892,-4.022745
0.038894,-3.7915885
0.038896,-3.5604317
0.038898,-3.2830436
0.0389,-2.9594238
0.038902,-2.6358042
0.038904,-2.3121846
0.038906,-1.9423337
0.038908,-1.6187139
0.03891,-1.2488632
0.038912,-0.8790121
0.038914,-0.5091615
0.038916,-0.13931036
0.038918,0.27677202
0.03892,0.64662313
0.038922,1.0164738
0.038924,1.3863249
0.038926,1.756176
0.038928,2.0797954
0.03893,2.4496465
0.038932,2.7732663
0.038934,3.050654
0.038936,3.3742738
0.038938,3.6516623
0.03894,3.8828197
0.038942,4.113976
0.038944,4.3451324
0.038946,4.483826
0.038948,4.668752
0.03895,4.7612157
0.038952,4.8999095
0.038954,4.946141
0.038956,4.992371
0.038958,5.0386033
0.03896,5.0386033
0.038962,4.992371
0.038964,4.8999095
0.038966,4.807446
0.038968,4.7149835
0.03897,4.5300584
0.038972,4.3913646
0.038974,4.2064385
0.038976,3.9752812
0.038978,3.744125
0.03898,3.4667363
0.038982,3.1893477
0.038984,2.8657289
0.038986,2.542109
0.038988,2.2184901
0.03899,1.8486385
0.038992,1.4787879
0.038994,1.1551685
0.038996,0.7853174
0.038998,0.4154663
0.039,-6.160736E-4
0.039002,-0.3704667
0.039003998,-0.7403178
0.039006,-1.1101689
0.039008,-1.48002
0.03901,-1.8498712
0.039012,-2.1734905
0.039014,-2.4971101
0.039016,-2.866961
0.039018,-3.1443493
0.03902,-3.4217377
0.039022,-3.6991258
0.039024,-3.976514
0.039026,-4.2076707
0.039028,-4.3925962
0.03903,-4.5312905
0.039032,-4.669985
0.039034,-4.8086786
0.039036,-4.9011416
0.039038,-4.993604
0.03904,-4.993604
0.039042,-5.0398355
0.039044,-4.993604
0.039046,-4.947373
0.039048,-4.85491
0.03905,-4.7624474
0.039052,-4.623753
0.039054,-4.4850593
0.039056,-4.346365
0.039058,-4.115208
0.03906,-3.8840513
0.039062,-3.6528945
0.039064,-3.3755062
0.039065998,-3.0518866
0.039068,-2.728267
0.03907,-2.4046474
0.039072,-2.081028
0.039074,-1.7111769
0.039076,-1.387557
0.039078,-1.0177064
0.03908,-0.6478553
0.039082,-0.2317729
0.039084,0.13807821
0.039086,0.50792885
0.039088,0.87777996
0.03909,1.2938623
0.039092,1.6174817
0.039094,1.9873328
0.039096,2.3109517
0.039098,2.6345725
0.0391,2.9581914
0.039102,3.2818112
0.039104,3.5591989
0.039106,3.8365874
0.039108,4.0677447
0.03911,4.252671
0.039112,4.437596
0.039114,4.622521
0.039116,4.7612157
0.039118,4.8536773
0.03912,4.946141
0.039122,4.992371
0.039124,5.0386033
0.039126,5.0386033
0.039127998,4.992371
0.03913,4.946141
0.039132,4.8536773
0.039134,4.7612157
0.039136,4.5762897
0.039138,4.437596
0.03914,4.252671
0.039142,4.0677447
0.039144,3.7903562
0.039146,3.5591989
0.039148,3.2818112
0.03915,2.9581914
0.039152,2.6345725
0.039154,2.3109517
0.039156,1.9873328
0.039158,1.6174817
0.03916,1.2476311
0.039162,0.87777996
0.039164,0.50792885
0.039166,0.13807821
0.039168,-0.2317729
0.03917,-0.6478553
0.039172,-1.0177064
0.039174,-1.387557
0.039176,-1.7111769
0.039178,-2.081028
0.03918,-2.4046474
0.039182,-2.728267
0.039184,-3.0518866
0.039186,-3.329275
0.039188,-3.6066632
0.039189998,-3.8840513
0.039192,-4.115208
0.039194,-4.346365
0.039196,-4.4850593
0.039198,-4.623753
0.0392,-4.7624474
0.039202,-4.9011416
0.039204,-4.947373
0.039206,-4.993604
0.039208,-5.0398355
0.03921,-4.993604
0.039212,-4.993604
0.039214,-4.9011416
0.039216,-4.8086786
0.039218,-4.669985
0.03922,-4.5312905
0.039222,-4.3925962
0.039224,-4.2076707
0.039226,-3.976514
0.039228,-3.6991258
0.03923,-3.467969
0.039232,-3.1443493
0.039234,-2.866961
0.039236,-2.5433414
0.039238,-2.1734905
0.03924,-1.8498712
0.039242,-1.48002
0.039244,-1.1101689
0.039246,-0.7403178
0.039248,-0.3704667
0.03925,-6.160736E-4
0.039251998,0.4154663
0.039254,0.7853174
0.039256,1.1551685
0.039258,1.4787879
0.03926,1.8486385
0.039262,2.2184901
0.039264,2.542109
0.039266,2.8657289
0.039268,3.1893477
0.03927,3.4667363
0.039272,3.744125
0.039274,3.9752812
0.039276,4.2064385
0.039278,4.3913646
0.03928,4.5300584
0.039282,4.7149835
0.039284,4.807446
0.039286,4.8999095
0.039288,4.992371
0.03929,5.0386033
0.039292,5.0386033
0.039294,4.992371
0.039296,4.946141
0.039298,4.8999095
0.0393,4.7612157
0.039302,4.668752
0.039304,4.483826
0.039306,4.3451324
0.039308,4.113976
0.03931,3.8828197
0.039312,3.6516623
0.039313998,3.3742738
0.039316,3.050654
0.039318,2.7732663
0.03932,2.4034152
0.039322,2.0797954
0.039324,1.7099442
0.039326,1.3863249
0.039328,1.0164738
0.03933,0.64662313
0.039332,0.27677202
0.039334,-0.13931036
0.039336,-0.5091615
0.039338,-0.8790121
0.03934,-1.2488632
0.039342,-1.6187139
0.039344,-1.9423337
0.039346,-2.3121846
0.039348,-2.6358042
0.03935,-2.9594238
0.039352,-3.236812
0.039354,-3.5604317
0.039356,-3.7915885
0.039358,-4.022745
0.03936,-4.2539024
0.039362,-4.4388275
0.039364,-4.577522
0.039366,-4.716216
0.039368,-4.85491
0.03937,-4.947373
0.039372,-4.993604
0.039374,-5.0398355
0.039375998,-5.0398355
0.039378,-4.993604
0.03938,-4.947373
0.039382,-4.85491
0.039384,-4.716216
0.039386,-4.577522
0.039388,-4.4388275
0.03939,-4.2539024
0.039392,-4.022745
0.039394,-3.7915885
0.039396,-3.5604317
0.039398,-3.2830436
0.0394,-2.9594238
0.039402,-2.6358042
0.039404,-2.3121846
0.039406,-1.9423337
0.039408,-1.6187139
0.03941,-1.2488632
0.039412,-0.8790121
0.039414,-0.5091615
0.039416,-0.13931036
0.039418,0.27677202
0.03942,0.64662313
0.039422,1.0164738
0.039424,1.3863249
0.039426,1.756176
0.039428,2.0797954
0.03943,2.4496465
0.039432,2.7732663
0.039434,3.050654
0.039436,3.3742738
0.039437998,3.6516623
0.03944,3.8828197
0.039442,4.113976
0.039444,4.3451324
0.039446,4.483826
0.039448,4.668752
0.03945,4.807446
0.039452,4.8999095
0.039454,4.946141
0.039456,4.992371
0.039458,5.0386033
0.03946,5.0386033
0.039462,4.992371
0.039464,4.8999095
0.039466,4.807446
0.039468,4.7149835
0.03947,4.5300584
0.039472,4.3913646
0.039474,4.2064385
0.039476,3.9752812
0.039478,3.744125
0.03948,3.4667363
0.039482,3.1893477
0.039484,2.8657289
0.039486,2.542109
0.039488,2.2184901
0.03949,1.8486385
0.039492,1.4787879
0.039494,1.1551685
0.039496,0.7853174
0.039498,0.36923456
0.039499998,-6.160736E-4
0.039502,-0.3704667
0.039504,-0.7403178
0.039506,-1.1101689
0.039508,-1.48002
0.03951,-1.8498712
0.039512,-2.1734905
0.039514,-2.5433414
0.039516,-2.866961
0.039518,-3.1443493
0.03952,-3.467969
0.039522,-3.6991258
0.039524,-3.976514
0.039526,-4.2076707
0.039528,-4.3925962
0.03953,-4.5312905
0.039532,-4.669985
0.039534,-4.8086786
0.039536,-4.9011416
0.039538,-4.993604
0.03954,-4.993604
0.039542,-5.0398355
0.039544,-4.993604
0.039546,-4.947373
0.039548,-4.9011416
0.03955,-4.7624474
0.039552,-4.623753
0.039554,-4.4850593
0.039556,-4.346365
0.039558,-4.115208
0.03956,-3.8840513
0.039561998,-3.6528945
0.039564,-3.3755062
0.039566,-3.0518866
0.039568,-2.728267
0.03957,-2.4046474
0.039572,-2.081028
0.039574,-1.7111769
0.039576,-1.387557
0.039578,-1.0177064
0.03958,-0.6478553
0.039582,-0.2317729
0.039584,0.13807821
0.039586,0.50792885
0.039588,0.87777996
0.03959,1.2938623
0.039592,1.6174817
0.039594,1.9873328
0.039596,2.3109517
0.039598,2.6345725
0.0396,2.9581914
0.039602,3.2818112
0.039604,3.5591989
0.039606,3.8365874
0.039608,4.0677447
0.03961,4.252671
0.039612,4.437596
0.039614,4.622521
0.039616,4.7612157
0.039618,4.8536773
0.03962,4.946141
0.039622,4.992371
0.039623998,5.0386033
0.039626,5.0386033
0.039628,4.992371
0.03963,4.946141
0.039632,4.8536773
0.039634,4.7612157
0.039636,4.5762897
0.039638,4.437596
0.03964,4.252671
0.039642,4.0677447
0.039644,3.7903562
0.039646,3.5591989
0.039648,3.2818112
0.03965,2.9581914
0.039652,2.6345725
0.039654,2.3109517
0.039656,1.9411016
0.039658,1.6174817
0.03966,1.2476311
0.039662,0.87777996
0.039664,0.50792885
0.039666,0.13807821
0.039668,-0.2317729
0.03967,-0.6478553
0.039672,-1.0177064
0.039674,-1.387557
0.039676,-1.7111769
0.039678,-2.081028
0.03968,-2.4046474
0.039682,-2.728267
0.039684,-3.0518866
0.039685998,-3.3755062
0.039688,-3.6528945
0.03969,-3.8840513
0.039692,-4.115208
0.039694,-4.346365
0.039696,-4.4850593
0.039698,-4.623753
0.0397,-4.7624474
0.039702,-4.9011416
0.039704,-4.947373
0.039706,-4.993604
0.039708,-5.0398355
0.03971,-5.0398355
0.039712,-4.993604
0.039714,-4.9011416
0.039716,-4.8086786
0.039718,-4.669985
0.03972,-4.5312905
0.039722,-4.3925962
0.039724,-4.2076707
0.039726,-3.976514
0.039728,-3.6991258
0.03973,-3.467969
0.039732,-3.1443493
0.039734,-2.866961
0.039736,-2.5433414
0.039738,-2.1734905
0.03974,-1.8498712
0.039742,-1.48002
0.039744,-1.1101689
0.039746,-0.7403178
0.039747998,-0.3704667
0.03975,0.184309
0.039752,1.8024073
0.039754,3.2818112
0.039756,4.3451324
0.039758,4.8536773
0.03976,4.7612157
0.039762,4.113976
0.039764,2.9581914
0.039766,1.4325566
0.039768,-0.27800417
0.03977,-1.9423337
0.039772,-3.3755062
0.039774,-4.4388275
0.039776,-4.9011416
0.039778,-4.7624474
0.03978,-4.115208
0.039782,-2.9131925
0.039784,-1.387557
0.039786,0.36923456
0.039788,2.033564
0.03979,3.4667363
0.039792,4.437596
0.039794,4.8999095
0.039796,4.7149835
0.039798,4.0215135
0.0398,2.7732663
0.039802,1.2013993
0.039804,-0.5091615
0.039806,-2.1272593
0.039808,-3.5604317
0.039809998,-4.4850593
0.039812,-4.9011416
0.039814,-4.716216
0.039816,-3.976514
0.039818,-2.6820357
0.03982,-1.1101689
0.039822,0.64662313
0.039824,2.2647214
0.039826,3.6516623
0.039828,4.5762897
0.03983,4.8999095
0.039832,4.668752
0.039834,3.8828197
0.039836,2.5883412
0.039838,0.970243
0.03984,-0.7403178
0.039842,-2.3584158
0.039844,-3.745357
0.039846,-4.577522
0.039848,-4.9011416
0.03985,-4.623753
0.039852,-3.7915885
0.039854,-2.4971101
0.039856,-0.8790121
0.039858,0.87777996
0.03986,2.4958777
0.039862,3.8365874
0.039864,4.668752
0.039866,4.8999095
0.039868,4.5762897
0.03987,3.6978936
0.039871998,2.357184
0.039874,0.7390857
0.039876,-0.9714751
0.039878,-2.5433414
0.03988,-3.8840513
0.039882,-4.669985
0.039884,-4.9011416
0.039886,-4.5312905
0.039888,-3.6528945
0.03989,-2.2659533
0.039892,-0.601624
0.039894,1.1551685
0.039896,2.727035
0.039898,3.9752812
0.0399,4.7149835
0.039902,4.8999095
0.039904,4.483826
0.039906,3.5591989
0.039908,2.126027
0.03991,0.50792885
0.039912,-1.202632
0.039914,-2.7744985
0.039916,-4.022745
0.039918,-4.7624474
0.03992,-4.9011416
0.039922,-4.4388275
0.039924,-3.467969
0.039926,-2.0347965
0.039928,-0.3704667
0.03993,1.3863249
0.039932,2.9119601
0.039934,4.113976
0.039936,4.807446
0.039938,4.8999095
0.03994,4.3913646
0.039942,3.3742738
0.039944,1.8948698
0.039946,0.23054075
0.039948,-1.48002
0.03995,-2.9594238
0.039952,-4.1614394
0.039954,-4.8086786
0.039956,-4.85491
0.039958,-4.346365
0.03996,-3.2830436
0.039962,-1.8036394
0.039964,-0.09307861
0.039966,1.5712504
0.039968,3.1431174
0.03997,4.252671
0.039972,4.8536773
0.039974,4.8536773
0.039976,4.298901
0.039978,3.1893477
0.03998,1.6637135
0.039982,-6.160736E-4
0.039984,-1.6649456
0.039986,-3.1905808
0.039988,-4.3001337
0.03999,-4.85491
0.039992,-4.8086786
0.039994,-4.2076707
0.039996,-3.098118
0.039998,-1.5724826
0.04,0.13807821
0.040002,1.8486385
0.040004,3.3280425
0.040006,4.3913646
0.040008,4.8999095
0.04001,4.807446
0.040012,4.1602073
0.040014,2.9581914
0.040016,1.4787879
0.040018,-0.2317729
0.04002,-1.8961024
0.040022,-3.3755062
0.040024,-4.4388275
0.040026,-4.9011416
0.040028,-4.7624474
0.04003,-4.115208
0.040032,-2.9131925
0.040034,-1.3413262
0.040036,0.4154663
0.040038,2.0797954
0.04004,3.5129685
0.040042,4.483826
0.040044,4.8999095
0.040046,4.7612157
0.040048,4.0215135
0.04005,2.7732663
0.040052,1.2476311
0.040054,-0.5091615
0.040056,-2.1272593
0.040058,-3.5604317
0.04006,-4.4850593
0.040062,-4.9011416
0.040064,-4.716216
0.040066,-3.9302826
0.040068,-2.6820357
0.04007,-1.1101689
0.040072,0.64662313
0.040074,2.2647214
0.040076,3.6516623
0.040078,4.5762897
0.04008,4.8999095
0.040082,4.668752
0.040084,3.8828197
0.040086,2.5883412
0.040088,0.970243
0.04009,-0.7403178
0.040092,-2.3584158
0.040094,-3.745357
0.040096,-4.577522
0.040098,-4.9011416
0.0401,-4.623753
0.040102,-3.7915885
0.040104,-2.4971101
0.040106,-0.8790121
0.040108,0.87777996
0.04011,2.4958777
0.040112,3.8365874
0.040114,4.668752
0.040116,4.8999095
0.040118,4.5762897
0.04012,3.6978936
0.040122,2.357184
0.040124,0.7390857
0.040126,-0.9714751
0.040128,-2.5433414
0.04013,-3.8840513
0.040132,-4.669985
0.040134,-4.9011416
0.040136,-4.5312905
0.040138,-3.6528945
0.04014,-2.2659533
0.040142,-0.601624
0.040144,1.1551685
0.040146,2.727035
0.040148,3.9752812
0.04015,4.7149835
0.040152,4.8999095
0.040154,4.483826
0.040156,3.5591989
0.040158,2.126027
0.04016,0.50792885
0.040162,-1.202632
0.040164,-2.7744985
0.040165998,-4.022745
0.040168,-4.7624474
0.04017,-4.9011416
0.040172,-4.4388275
0.040174,-3.467969
0.040176,-2.0347965
0.040178,-0.3704667
0.04018,1.3863249
0.040182,2.9119601
0.040184,4.113976
0.040186,4.807446
0.040188,4.8999095
0.04019,4.3913646
0.040192,3.3742738
0.040194,1.8948698
0.040196,0.23054075
0.040198,-1.48002
0.0402,-2.9594238
0.040202,-4.1614394
0.040204,-4.8086786
0.040206,-4.85491
0.040208,-4.346365
0.04021,-3.2830436
0.040212,-1.8036394
0.040214,-0.09307861
0.040216,1.6174817
0.040218,3.1431174
0.04022,4.252671
0.040222,4.8536773
0.040224,4.8536773
0.040226,4.298901
0.040227998,3.1893477
0.04023,1.6637135
0.040232,-6.160736E-4
0.040234,-1.6649456
0.040236,-3.1905808
0.040238,-4.3001337
0.04024,-4.85491
0.040242,-4.8086786
0.040244,-4.2076707
0.040246,-3.098118
0.040248,-1.5724826
0.04025,0.13807821
0.040252,1.8486385
0.040254,3.3280425
0.040256,4.3913646
0.040258,4.8999095
0.04026,4.807446
0.040262,4.1602073
0.040264,2.9581914
0.040266,1.4787879
0.040268,-0.27800417
0.04027,-1.8961024
0.040272,-3.3755062
0.040274,-4.4388275
0.040276,-4.9011416
0.040278,-4.7624474
0.04028,-4.115208
0.040282,-2.9131925
0.040284,-1.3413262
0.040286,0.4154663
0.040288,2.0797954
0.040289998,3.5129685
0.040292,4.483826
0.040294,4.8999095
0.040296,4.7612157
0.040298,4.0215135
0.0403,2.7732663
0.040302,1.2476311
0.040304,-0.5091615
0.040306,-2.1272593
0.040308,-3.5604317
0.04031,-4.4850593
0.040312,-4.9011416
0.040314,-4.716216
0.040316,-3.9302826
0.040318,-2.6820357
0.04032,-1.1101689
0.040322,0.64662313
0.040324,2.2647214
0.040326,3.6516623
0.040328,4.5762897
0.04033,4.8999095
0.040332,4.668752
0.040334,3.8828197
0.040336,2.5883412
0.040338,0.970243
0.04034,-0.7403178
0.040342,-2.3584158
0.040344,-3.745357
0.040346,-4.577522
0.040348,-4.9011416
0.04035,-4.623753
0.040351998,-3.7915885
0.040354,-2.4971101
0.040356,-0.8790121
0.040358,0.87777996
0.04036,2.4958777
0.040362,3.8365874
0.040364,4.668752
0.040366,4.946141
0.040368,4.5762897
0.04037,3.6978936
0.040372,2.357184
0.040374,0.7390857
0.040376,-0.9714751
0.040378,-2.5433414
0.04038,-3.8840513
0.040382,-4.669985
0.040384,-4.9011416
0.040386,-4.5312905
0.040388,-3.6528945
0.04039,-2.2659533
0.040392,-0.601624
0.040394,1.1551685
0.040396,2.727035
0.040398,3.9752812
0.0404,4.7149835
0.040402,4.8999095
0.040404,4.483826
0.040406,3.5591989
0.040408,2.126027
0.04041,0.50792885
0.040412,-1.2488632
0.040413998,-2.7744985
0.040416,-4.022745
0.040418,-4.7624474
0.04042,-4.9011416
0.040422,-4.4388275
0.040424,-3.467969
0.040426,-2.0347965
0.040428,-0.3704667
0.04043,1.3863249
0.040432,2.9119601
0.040434,4.113976
0.040436,4.807446
0.040438,4.8999095
0.04044,4.3913646
0.040442,3.3742738
0.040444,1.8948698
0.040446,0.23054075
0.040448,-1.48002
0.04045,-3.0056553
0.040452,-4.1614394
0.040454,-4.8086786
0.040456,-4.85491
0.040458,-4.346365
0.04046,-3.2830436
0.040462,-1.8036394
0.040464,-0.09307861
0.040466,1.6174817
0.040468,3.1431174
0.04047,4.252671
0.040472,4.8536773
0.040474,4.8536773
0.040475998,4.298901
0.040478,3.1893477
0.04048,1.6637135
0.040482,-6.160736E-4
0.040484,-1.6649456
0.040486,-3.1905808
0.040488,-4.3001337
0.04049,-4.85491
0.040492,-4.8086786
0.040494,-4.2076707
0.040496,-3.098118
0.040498,-1.5724826
0.0405,0.13807821
0.040502,1.8486385
0.040504,3.3280425
0.040506,4.3913646
0.040508,4.8999095
0.04051,4.807446
0.040512,4.1602073
0.040514,2.9581914
0.040516,1.4787879
0.040518,-0.2317729
0.04052,-1.8961024
0.040522,-3.3755062
0.040524,-4.4388275
0.040526,-4.9011416
0.040528,-4.7624474
0.04053,-4.115208
0.040532,-2.9131925
0.040534,-1.3413262
0.040536,0.4154663
0.040537998,2.0797954
0.04054,3.5129685
0.040542,4.483826
0.040544,4.8999095
0.040546,4.7612157
0.040548,4.0215135
0.04055,2.7732663
0.040552,1.2476311
0.040554,-0.5091615
0.040556,-2.1272593
0.040558,-3.5604317
0.04056,-4.4850593
0.040562,-4.9011416
0.040564,-4.716216
0.040566,-3.9302826
0.040568,-2.6820357
0.04057,-1.1101689
0.040572,0.64662313
0.040574,2.2647214
0.040576,3.6516623
0.040578,4.5762897
0.04058,4.8999095
0.040582,4.668752
0.040584,3.8828197
0.040586,2.5883412
0.040588,0.970243
0.04059,-0.7403178
0.040592,-2.3584158
0.040594,-3.745357
0.040596,-4.577522
0.040598,-4.9011416
0.040599998,-4.623753
0.040602,-3.7915885
0.040604,-2.4971101
0.040606,-0.8790121
0.040608,0.87777996
0.04061,2.4958777
0.040612,3.8365874
0.040614,4.668752
0.040616,4.8999095
0.040618,4.5762897
0.04062,3.6978936
0.040622,2.357184
0.040624,0.7390857
0.040626,-0.9714751
0.040628,-2.5433414
0.04063,-3.8840513
0.040632,-4.669985
0.040634,-4.9011416
0.040636,-4.5312905
0.040638,-3.6528945
0.04064,-2.2659533
0.040642,-0.601624
0.040644,1.1551685
0.040646,2.727035
0.040648,3.9752812
0.04065,4.7149835
0.040652,4.8999095
0.040654,4.483826
0.040656,3.5591989
0.040658,2.126027
0.04066,0.50792885
0.040661998,-1.2488632
0.040664,-2.7744985
0.040666,-4.022745
0.040668,-4.7624474
0.04067,-4.9011416
0.040672,-4.4388275
0.040674,-3.467969
0.040676,-2.0347965
0.040678,-0.3704667
0.04068,1.3863249
0.040682,2.9119601
0.040684,4.113976
0.040686,4.807446
0.040688,4.8999095
0.04069,4.3913646
0.040692,3.3742738
0.040694,1.8948698
0.040696,0.23054075
0.040698,-1.48002
0.0407,-2.9594238
0.040702,-4.1614394
0.040704,-4.8086786
0.040706,-4.85491
0.040708,-4.346365
0.04071,-3.2830436
0.040712,-1.8036394
0.040714,-0.09307861
0.040716,1.6174817
0.040718,3.1431174
0.04072,4.252671
0.040722,4.8536773
0.040723998,4.8536773
0.040726,4.298901
0.040728,3.1893477
0.04073,1.6637135
0.040732,-6.160736E-4
0.040734,-1.6649456
0.040736,-3.1905808
0.040738,-4.3001337
0.04074,-4.85491
0.040742,-4.8086786
0.040744,-4.2076707
0.040746,-3.098118
0.040748,-1.5724826
0.04075,-0.046847343
0.040752,0.46169758
0.040754,0.8315482
0.040756,1.2013993
0.040758,1.5250192
0.04076,1.8948698
0.040762,2.2184901
0.040764,2.5883412
0.040766,2.9119601
0.040768,3.1893477
0.04077,3.4667363
0.040772,3.744125
0.040774,3.9752812
0.040776,4.2064385
0.040778,4.3913646
0.04078,4.5762897
0.040782,4.7149835
0.040784,4.807446
0.040785998,4.8999095
0.040788,4.992371
0.04079,5.0386033
0.040792,5.0386033
0.040794,4.992371
0.040796,4.946141
0.040798,4.8999095
0.0408,4.7612157
0.040802,4.622521
0.040804,4.483826
0.040806,4.3451324
0.040808,4.113976
0.04081,3.8828197
0.040812,3.6516623
0.040814,3.3742738
0.040816,3.050654
0.040818,2.727035
0.04082,2.4034152
0.040822,2.0797954
0.040824,1.7099442
0.040826,1.3863249
0.040828,1.0164738
0.04083,0.64662313
0.040832,0.27677202
0.040834,-0.13931036
0.040836,-0.5091615
0.040838,-0.8790121
0.04084,-1.2488632
0.040842,-1.6187139
0.040844,-1.9423337
0.040846,-2.3121846
0.040847998,-2.6358042
0.04085,-2.9594238
0.040852,-3.236812
0.040854,-3.5604317
0.040856,-3.7915885
0.040858,-4.022745
0.04086,-4.2539024
0.040862,-4.4388275
0.040864,-4.577522
0.040866,-4.716216
0.040868,-4.85491
0.04087,-4.947373
0.040872,-4.993604
0.040874,-5.0398355
0.040876,-5.0398355
0.040878,-4.993604
0.04088,-4.947373
0.040882,-4.85491
0.040884,-4.716216
0.040886,-4.577522
0.040888,-4.4388275
0.04089,-4.2539024
0.040892,-4.022745
0.040894,-3.7915885
0.040896,-3.5604317
0.040898,-3.2830436
0.0409,-2.9594238
0.040902,-2.6358042
0.040904,-2.3121846
0.040906,-1.9423337
0.040908,-1.6187139
0.040909998,-1.2488632
0.040912,-0.8790121
0.040914,-0.5091615
0.040916,-0.13931036
0.040918,0.27677202
0.04092,0.64662313
0.040922,1.0164738
0.040924,1.3863249
0.040926,1.756176
0.040928,2.0797954
0.04093,2.4496465
0.040932,2.7732663
0.040934,3.050654
0.040936,3.3742738
0.040938,3.6516623
0.04094,3.8828197
0.040942,4.113976
0.040944,4.3451324
0.040946,4.483826
0.040948,4.668752
0.04095,4.7612157
0.040952,4.8999095
0.040954,4.946141
0.040956,4.992371
0.040958,5.0386033
0.04096,5.0386033
0.040962,4.992371
0.040964,4.8999095
0.040966,4.807446
0.040968,4.7149835
0.04097,4.5300584
0.040971998,4.3913646
0.040974,4.2064385
0.040976,3.9752812
0.040978,3.6978936
0.04098,3.4667363
0.040982,3.1431174
0.040984,2.8657289
0.040986,2.542109
0.040988,2.2184901
0.04099,1.8486385
0.040992,1.4787879
0.040994,1.1551685
0.040996,0.7853174
0.040998,0.36923456
0.041,-6.160736E-4
0.041002,-0.3704667
0.041004,-0.7403178
0.041006,-1.1564007
0.041008,-1.48002
0.04101,-1.8498712
0.041012,-2.1734905
0.041014,-2.5433414
0.041016,-2.866961
0.041018,-3.1443493
0.04102,-3.467969
0.041022,-3.6991258
0.041024,-3.976514
0.041026,-4.2076707
0.041028,-4.3925962
0.04103,-4.5312905
0.041032,-4.669985
0.041033998,-4.8086786
0.041036,-4.9011416
0.041038,-4.993604
0.04104,-4.993604
0.041042,-5.0398355
0.041044,-4.993604
0.041046,-4.947373
0.041048,-4.9011416
0.04105,-4.7624474
0.041052,-4.623753
0.041054,-4.4850593
0.041056,-4.346365
0.041058,-4.115208
0.04106,-3.8840513
0.041062,-3.6528945
0.041064,-3.3755062
0.041066,-3.0518866
0.041068,-2.728267
0.04107,-2.4046474
0.041072,-2.081028
0.041074,-1.7111769
0.041076,-1.387557
0.041078,-1.0177064
0.04108,-0.6478553
0.041082,-0.2317729
0.041084,0.13807821
0.041086,0.50792885
0.041088,0.87777996
0.04109,1.2938623
0.041092,1.6174817
0.041094,1.9873328
0.041096,2.3109517
0.041098,2.6345725
0.0411,2.9581914
0.041102,3.2818112
0.041104,3.5591989
0.041106,3.7903562
0.041108,4.0677447
0.04111,4.252671
0.041112,4.437596
0.041114,4.622521
0.041116,4.7612157
0.041118,4.8536773
0.04112,4.946141
0.041122,4.992371
0.041124,5.0386033
0.041126,5.0386033
0.041128,4.992371
0.04113,4.946141
0.041132,4.8536773
0.041134,4.7612157
0.041136,4.5762897
0.041138,4.437596
0.04114,4.252671
0.041142,4.0677447
0.041144,3.7903562
0.041146,3.5591989
0.041148,3.2818112
0.04115,2.9581914
0.041152,2.6345725
0.041154,2.3109517
0.041156,1.9873328
0.041158,1.6174817
0.04116,1.2476311
0.041162,0.87777996
0.041164,0.50792885
0.041166,0.13807821
0.041168,-0.2317729
0.04117,-0.6478553
0.041172,-1.0177064
0.041174,-1.387557
0.041176,-1.7111769
0.041178,-2.081028
0.04118,-2.4046474
0.041182,-2.728267
0.041184,-3.0518866
0.041186,-3.3755062
0.041188,-3.6528945
0.04119,-3.8840513
0.041192,-4.115208
0.041194,-4.346365
0.041196,-4.4850593
0.041198,-4.623753
0.0412,-4.7624474
0.041202,-4.85491
0.041204,-4.947373
0.041206,-4.993604
0.041208,-5.0398355
0.04121,-4.993604
0.041212,-4.993604
0.041214,-4.9011416
0.041216,-4.8086786
0.041218,-4.669985
0.04122,-4.5312905
0.041222,-4.3925962
0.041224,-4.2076707
0.041226,-3.976514
0.041228,-3.6991258
0.04123,-3.467969
0.041232,-3.1443493
0.041234,-2.866961
0.041236,-2.5433414
0.041238,-2.1734905
0.04124,-1.8498712
0.041242,-1.48002
0.041244,-1.1101689
0.041246,-0.7403178
0.041248,-0.3704667
0.04125,-6.160736E-4
0.041252,0.4154663
0.041254,0.7853174
0.041256,1.1551685
0.041258,1.4787879
0.04126,1.8486385
0.041262,2.2184901
0.041264,2.542109
0.041265998,2.8657289
0.041268,3.1893477
0.04127,3.4667363
0.041272,3.744125
0.041274,3.9752812
0.041276,4.2064385
0.041278,4.3913646
0.04128,4.5300584
0.041282,4.7149835
0.041284,4.807446
0.041286,4.8999095
0.041288,4.992371
0.04129,5.0386033
0.041292,5.0386033
0.041294,4.992371
0.041296,4.946141
0.041298,4.8999095
0.0413,4.7612157
0.041302,4.668752
0.041304,4.483826
0.041306,4.3451324
0.041308,4.113976
0.04131,3.8828197
0.041312,3.6516623
0.041314,3.3742738
0.041316,3.050654
0.041318,2.7732663
0.04132,2.4034152
0.041322,2.0797954
0.041324,1.7099442
0.041326,1.3863249
0.041327998,1.0164738
0.04133,0.64662313
0.041332,0.27677202
0.041334,-0.13931036
0.041336,-0.5091615
0.041338,-0.8790121
0.04134,-1.2488632
0.041342,-1.6187139
0.041344,-1.9423337
0.041346,-2.3121846
0.041348,-2.6358042
0.04135,-2.9594238
0.041352,-3.236812
0.041354,-3.5604317
0.041356,-3.7915885
0.041358,-4.022745
0.04136,-4.2539024
0.041362,-4.4388275
0.041364,-4.577522
0.041366,-4.716216
0.041368,-4.85491
0.04137,-4.947373
0.041372,-4.993604
0.041374,-5.0398355
0.041376,-4.993604
0.041378,-4.993604
0.04138,-4.947373
0.041382,-4.85491
0.041384,-4.716216
0.041386,-4.577522
0.041388,-4.4388275
0.041389998,-4.2539024
0.041392,-4.022745
0.041394,-3.7915885
0.041396,-3.5604317
0.041398,-3.2830436
0.0414,-2.9594238
0.041402,-2.6358042
0.041404,-2.3121846
0.041406,-1.9423337
0.041408,-1.6187139
0.04141,-1.2488632
0.041412,-0.8790121
0.041414,-0.5091615
0.041416,-0.13931036
0.041418,0.27677202
0.04142,0.64662313
0.041422,1.0164738
0.041424,1.3863249
0.041426,1.756176
0.041428,2.0797954
0.04143,2.4496465
0.041432,2.7732663
0.041434,3.050654
0.041436,3.3742738
0.041438,3.6516623
0.04144,3.8828197
0.041442,4.113976
0.041444,4.3451324
0.041446,4.483826
0.041448,4.668752
0.04145,4.7612157
0.041451998,4.8999095
0.041454,4.946141
0.041456,4.992371
0.041458,5.0386033
0.04146,5.0386033
0.041462,4.992371
0.041464,4.8999095
0.041466,4.807446
0.041468,4.7149835
0.04147,4.5300584
0.041472,4.3913646
0.041474,4.2064385
0.041476,3.9752812
0.041478,3.744125
0.04148,3.4667363
0.041482,3.1431174
0.041484,2.8657289
0.041486,2.542109
0.041488,2.2184901
0.04149,1.8486385
0.041492,1.4787879
0.041494,1.1551685
0.041496,0.7853174
0.041498,0.36923456
0.0415,-6.160736E-4
0.041502,-0.3704667
0.041504,-0.7403178
0.041506,-1.1564007
0.041508,-1.48002
0.04151,-1.8498712
0.041512,-2.1734905
0.041513998,-2.5433414
0.041516,-2.866961
0.041518,-3.1443493
0.04152,-3.467969
0.041522,-3.6991258
0.041524,-3.976514
0.041526,-4.2076707
0.041528,-4.3925962
0.04153,-4.5312905
0.041532,-4.669985
0.041534,-4.8086786
0.041536,-4.9011416
0.041538,-4.993604
0.04154,-4.993604
0.041542,-5.0398355
0.041544,-4.993604
0.041546,-4.947373
0.041548,-4.9011416
0.04155,-4.7624474
0.041552,-4.623753
0.041554,-4.4850593
0.041556,-4.346365
0.041558,-4.115208
0.04156,-3.8840513
0.041562,-3.6528945
0.041564,-3.3755062
0.041566,-3.0518866
0.041568,-2.728267
0.04157,-2.4046474
0.041572,-2.081028
0.041574,-1.7111769
0.041575998,-1.387557
0.041578,-1.0177064
0.04158,-0.6478553
0.041582,-0.2317729
0.041584,0.13807821
0.041586,0.50792885
0.041588,0.87777996
0.04159,1.2938623
0.041592,1.6174817
0.041594,1.9873328
0.041596,2.3109517
0.041598,2.6345725
0.0416,2.9581914
0.041602,3.2818112
0.041604,3.5591989
0.041606,3.7903562
0.041608,4.0677447
0.04161,4.252671
0.041612,4.437596
0.041614,4.622521
0.041616,4.7612157
0.041618,4.8536773
0.04162,4.946141
0.041622,4.992371
0.041624,5.0386033
0.041626,5.0386033
0.041628,4.992371
0.04163,4.946141
0.041632,4.8536773
0.041634,4.7149835
0.041636,4.5762897
0.041637998,4.437596
0.04164,4.252671
0.041642,4.0215135
0.041644,3.7903562
0.041646,3.5591989
0.041648,3.2818112
0.04165,2.9581914
0.041652,2.6345725
0.041654,2.3109517
0.041656,1.9411016
0.041658,1.6174817
0.04166,1.2476311
0.041662,0.87777996
0.041664,0.50792885
0.041666,0.13807821
0.041668,-0.2317729
0.04167,-0.6478553
0.041672,-1.0177064
0.041674,-1.387557
0.041676,-1.7111769
0.041678,-2.081028
0.04168,-2.4046474
0.041682,-2.728267
0.041684,-3.0518866
0.041686,-3.3755062
0.041688,-3.6528945
0.04169,-3.8840513
0.041692,-4.115208
0.041694,-4.346365
0.041696,-4.4850593
0.041698,-4.623753
0.041699998,-4.7624474
0.041702,-4.9011416
0.041704,-4.947373
0.041706,-4.993604
0.041708,-5.0398355
0.04171,-4.993604
0.041712,-4.993604
0.041714,-4.9011416
0.041716,-4.8086786
0.041718,-4.669985
0.04172,-4.5312905
0.041722,-4.3925962
0.041724,-4.2076707
0.041726,-3.976514
0.041728,-3.6991258
0.04173,-3.467969
0.041732,-3.1443493
0.041734,-2.866961
0.041736,-2.5433414
0.041738,-2.1734905
0.04174,-1.8498712
0.041742,-1.48002
0.041744,-1.1101689
0.041746,-0.7403178
0.041748,-0.3704667
0.04175,0.184309
0.041752,1.8024073
0.041754,3.2818112
0.041756,4.3451324
0.041758,4.8536773
0.04176,4.7612157
0.041761998,4.113976
0.041764,2.9581914
0.041766,1.4325566
0.041768,-0.27800417
0.04177,-1.9423337
0.041772,-3.3755062
0.041774,-4.4388275
0.041776,-4.9011416
0.041778,-4.7624474
0.04178,-4.115208
0.041782,-2.9131925
0.041784,-1.3413262
0.041786,0.4154663
0.041788,2.033564
0.04179,3.4667363
0.041792,4.437596
0.041794,4.8999095
0.041796,4.7149835
0.041798,4.0215135
0.0418,2.7732663
0.041802,1.2013993
0.041804,-0.5091615
0.041806,-2.1272593
0.041808,-3.5604317
0.04181,-4.4850593
0.041812,-4.9011416
0.041814,-4.716216
0.041816,-3.9302826
0.041818,-2.6820357
0.04182,-1.1101689
0.041822,0.64662313
0.041823998,2.2647214
0.041826,3.6516623
0.041828,4.5762897
0.04183,4.8999095
0.041832,4.668752
0.041834,3.8828197
0.041836,2.542109
0.041838,0.970243
0.04184,-0.7403178
0.041842,-2.3584158
0.041844,-3.745357
0.041846,-4.577522
0.041848,-4.9011416
0.04185,-4.623753
0.041852,-3.7915885
0.041854,-2.4971101
0.041856,-0.83278084
0.041858,0.87777996
0.04186,2.4958777
0.041862,3.8365874
0.041864,4.668752
0.041866,4.8999095
0.041868,4.5762897
0.04187,3.6978936
0.041872,2.357184
0.041874,0.7390857
0.041876,-0.9714751
0.041878,-2.589573
0.04188,-3.8840513
0.041882,-4.669985
0.041884,-4.9011416
0.041885998,-4.5312905
0.041888,-3.6528945
0.04189,-2.2659533
0.041892,-0.601624
0.041894,1.1551685
0.041896,2.727035
0.041898,3.9752812
0.0419,4.7149835
0.041902,4.8999095
0.041904,4.483826
0.041906,3.5129685
0.041908,2.126027
0.04191,0.50792885
0.041912,-1.2488632
0.041914,-2.7744985
0.041916,-4.022745
0.041918,-4.7624474
0.04192,-4.9011416
0.041922,-4.4388275
0.041924,-3.467969
0.041926,-2.0347965
0.041928,-0.3704667
0.04193,1.3863249
0.041932,2.9119601
0.041934,4.113976
0.041936,4.807446
0.041938,4.8999095
0.04194,4.3913646
0.041942,3.3742738
0.041944,1.8948698
0.041946,0.23054075
0.041947998,-1.48002
0.04195,-3.0056553
0.041952,-4.1614394
0.041954,-4.8086786
0.041956,-4.85491
0.041958,-4.346365
0.04196,-3.2830436
0.041962,-1.8036394
0.041964,-0.09307861
0.041966,1.6174817
0.041968,3.1431174
0.04197,4.252671
0.041972,4.8536773
0.041974,4.8536773
0.041976,4.298901
0.041978,3.1893477
0.04198,1.6637135
0.041982,-6.160736E-4
0.041984,-1.6649456
0.041986,-3.1905808
0.041988,-4.3001337
0.04199,-4.85491
0.041992,-4.8086786
0.041994,-4.2076707
0.041996,-3.098118
0.041998,-1.5724826
0.042,0.13807821
0.042002,1.8486385
0.042004,3.3280425
0.042006,4.3913646
0.042008,4.8999095
0.042009998,4.807446
0.042012,4.1602073
0.042014,2.9581914
0.042016,1.4787879
0.042018,-0.27800417
0.04202,-1.8961024
0.042022,-3.3755062
0.042024,-4.4388275
0.042026,-4.9011416
0.042028,-4.7624474
0.04203,-4.068977
0.042032,-2.9131925
0.042034,-1.3413262
0.042036,0.4154663
0.042038,2.0797954
0.04204,3.5129685
0.042042,4.483826
0.042044,4.8999095
0.042046,4.7149835
0.042048,4.0215135
0.04205,2.7732663
0.042052,1.2013993
0.042054,-0.5091615
0.042056,-2.1272593
0.042058,-3.5604317
0.04206,-4.4850593
0.042062,-4.9011416
0.042064,-4.716216
0.042066,-3.9302826
0.042068,-2.6820357
0.04207,-1.1101689
0.042071998,0.64662313
0.042074,2.3109517
0.042076,3.6516623
0.042078,4.5762897
0.04208,4.8999095
0.042082,4.668752
0.042084,3.8828197
0.042086,2.542109
0.042088,0.970243
0.04209,-0.7403178
0.042092,-2.3584158
0.042094,-3.745357
0.042096,-4.577522
0.042098,-4.9011416
0.0421,-4.623753
0.042102,-3.7915885
0.042104,-2.4971101
0.042106,-0.83278084
0.042108,0.87777996
0.04211,2.4958777
0.042112,3.8365874
0.042114,4.668752
0.042116,4.8999095
0.042118,4.5762897
0.04212,3.6978936
0.042122,2.357184
0.042124,0.7390857
0.042126,-0.9714751
0.042128,-2.589573
0.04213,-3.8840513
0.042132,-4.669985
0.042133998,-4.9011416
0.042136,-4.5312905
0.042138,-3.6528945
0.04214,-2.2659533
0.042142,-0.601624
0.042144,1.1551685
0.042146,2.727035
0.042148,3.9752812
0.04215,4.7149835
0.042152,4.8999095
0.042154,4.483826
0.042156,3.5129685
0.042158,2.126027
0.04216,0.50792885
0.042162,-1.2488632
0.042164,-2.7744985
0.042166,-4.022745
0.042168,-4.7624474
0.04217,-4.9011416
0.042172,-4.4388275
0.042174,-3.467969
0.042176,-2.0347965
0.042178,-0.3704667
0.04218,1.3863249
0.042182,2.9119601
0.042184,4.113976
0.042186,4.807446
0.042188,4.8999095
0.04219,4.3913646
0.042192,3.3742738
0.042194,1.8948698
0.042195998,0.23054075
0.042198,-1.48002
0.0422,-3.0056553
0.042202,-4.1614394
0.042204,-4.8086786
0.042206,-4.85491
0.042208,-4.346365
0.04221,-3.2830436
0.042212,-1.8036394
0.042214,-0.09307861
0.042216,1.6174817
0.042218,3.1431174
0.04222,4.252671
0.042222,4.8536773
0.042224,4.8536773
0.042226,4.298901
0.042228,3.1893477
0.04223,1.6637135
0.042232,-6.160736E-4
0.042234,-1.6649456
0.042236,-3.1905808
0.042238,-4.3001337
0.04224,-4.85491
0.042242,-4.8086786
0.042244,-4.2076707
0.042246,-3.098118
0.042248,-1.5724826
0.04225,0.13807821
0.042252,1.8486385
0.042254,3.3280425
0.042256,4.3913646
0.042258,4.8999095
0.04226,4.807446
0.042262,4.1602073
0.042264,2.9581914
0.042266,1.4787879
0.042268,-0.27800417
0.04227,-1.8961024
0.042272,-3.3755062
0.042274,-4.4388275
0.042276,-4.9011416
0.042278,-4.7624474
0.04228,-4.068977
0.042282,-2.9131925
0.042284,-1.3413262
0.042286,0.4154663
0.042288,2.0797954
0.04229,3.5129685
0.042292,4.483826
0.042294,4.8999095
0.042296,4.7149835
0.042298,4.0215135
0.0423,2.7732663
0.042302,1.2013993
0.042304,-0.5091615
0.042306,-2.1272593
0.042308,-3.5604317
0.04231,-4.4850593
0.042312,-4.9011416
0.042314,-4.716216
0.042316,-3.9302826
0.042318,-2.6820357
0.04232,-1.1101689
0.042322,0.64662313
0.042324,2.3109517
0.042326,3.6516623
0.042328,4.5762897
0.04233,4.8999095
0.042332,4.668752
0.042334,3.8365874
0.042336,2.542109
0.042338,0.970243
0.04234,-0.7403178
0.042342,-2.3584158
0.042344,-3.745357
0.042346,-4.577522
0.042348,-4.9011416
0.04235,-4.623753
0.042352,-3.7915885
0.042354,-2.4971101
0.042356,-0.83278084
0.042358,0.92401123
0.04236,2.4958777
0.042362,3.8365874
0.042364,4.668752
0.042366,4.8999095
0.042368,4.5762897
0.04237,3.6978936
0.042372,2.357184
0.042374,0.7390857
0.042376,-0.9714751
0.042378,-2.589573
0.04238,-3.8840513
0.042382,-4.669985
0.042384,-4.9011416
0.042386,-4.5312905
0.042388,-3.6066632
0.04239,-2.2659533
0.042392,-0.601624
0.042394,1.1551685
0.042396,2.727035
0.042398,3.9752812
0.0424,4.7149835
0.042402,4.8999095
0.042404,4.483826
0.042406,3.5129685
0.042408,2.126027
0.04241,0.50792885
0.042412,-1.2488632
0.042414,-2.7744985
0.042416,-4.022745
0.042418,-4.7624474
0.04242,-4.9011416
0.042422,-4.4388275
0.042424,-3.467969
0.042426,-2.0347965
0.042427998,-0.3704667
0.04243,1.3863249
0.042432,2.9119601
0.042434,4.113976
0.042436,4.807446
0.042438,4.8999095
0.04244,4.3913646
0.042442,3.3742738
0.042444,1.8948698
0.042446,0.23054075
0.042448,-1.48002
0.04245,-3.0056553
0.042452,-4.1614394
0.042454,-4.8086786
0.042456,-4.85491
0.042458,-4.346365
0.04246,-3.2830436
0.042462,-1.8036394
0.042464,-0.09307861
0.042466,1.6174817
0.042468,3.1431174
0.04247,4.252671
0.042472,4.8536773
0.042474,4.8536773
0.042476,4.298901
0.042478,3.1893477
0.04248,1.6637135
0.042482,-6.160736E-4
0.042484,-1.6649456
0.042486,-3.1905808
0.042488,-4.3001337
0.042489998,-4.85491
0.042492,-4.8086786
0.042494,-4.2076707
0.042496,-3.098118
0.042498,-1.5724826
0.0425,0.13807821
0.042502,1.8486385
0.042504,3.3280425
0.042506,4.3913646
0.042508,4.8999095
0.04251,4.807446
0.042512,4.1602073
0.042514,2.9581914
0.042516,1.4787879
0.042518,-0.27800417
0.04252,-1.8961024
0.042522,-3.3755062
0.042524,-4.4388275
0.042526,-4.9011416
0.042528,-4.7624474
0.04253,-4.068977
0.042532,-2.9131925
0.042534,-1.3413262
0.042536,0.4154663
0.042538,2.0797954
0.04254,3.5129685
0.042542,4.483826
0.042544,4.8999095
0.042546,4.7149835
0.042548,4.0215135
0.04255,2.7732663
0.042551998,1.2013993
0.042554,-0.5091615
0.042556,-2.1272593
0.042558,-3.5604317
0.04256,-4.4850593
0.042562,-4.9011416
0.042564,-4.716216
0.042566,-3.9302826
0.042568,-2.6820357
0.04257,-1.1101689
0.042572,0.64662313
0.042574,2.3109517
0.042576,3.6516623
0.042578,4.5762897
0.04258,4.8999095
0.042582,4.668752
0.042584,3.8365874
0.042586,2.542109
0.042588,0.970243
0.04259,-0.7403178
0.042592,-2.3584158
0.042594,-3.745357
0.042596,-4.577522
0.042598,-4.9011416
0.0426,-4.623753
0.042602,-3.7915885
0.042604,-2.4971101
0.042606,-0.83278084
0.042608,0.92401123
0.04261,2.4958777
0.042612,3.8365874
0.042613998,4.668752
0.042616,4.8999095
0.042618,4.5762897
0.04262,3.6978936
0.042622,2.357184
0.042624,0.7390857
0.042626,-0.9714751
0.042628,-2.589573
0.04263,-3.8840513
0.042632,-4.669985
0.042634,-4.9011416
0.042636,-4.5312905
0.042638,-3.6066632
0.04264,-2.2659533
0.042642,-0.601624
0.042644,1.1551685
0.042646,2.727035
0.042648,3.9752812
0.04265,4.7149835
0.042652,4.8999095
0.042654,4.483826
0.042656,3.5129685
0.042658,2.126027
0.04266,0.50792885
0.042662,-1.2488632
0.042664,-2.7744985
0.042666,-4.022745
0.042668,-4.7624474
0.04267,-4.9011416
0.042672,-4.4388275
0.042674,-3.467969
0.042675998,-2.0347965
0.042678,-0.3704667
0.04268,1.3863249
0.042682,2.9119601
0.042684,4.113976
0.042686,4.807446
0.042688,4.8999095
0.04269,4.3913646
0.042692,3.3742738
0.042694,1.8948698
0.042696,0.23054075
0.042698,-1.48002
0.0427,-3.0056553
0.042702,-4.1614394
0.042704,-4.8086786
0.042706,-4.85491
0.042708,-4.346365
0.04271,-3.2830436
0.042712,-1.8036394
0.042714,-0.09307861
0.042716,1.6174817
0.042718,3.1431174
0.04272,4.252671
0.042722,4.8536773
0.042724,4.8536773
0.042726,4.298901
0.042728,3.1431174
0.04273,1.6637135
0.042732,-6.160736E-4
0.042734,-1.6649456
0.042736,-3.1905808
0.042737998,-4.3001337
0.04274,-4.85491
0.042742,-4.8086786
0.042744,-4.2076707
0.042746,-3.098118
0.042748,-1.5724826
0.04275,-0.046847343
0.042752,0.46169758
0.042754,0.8315482
0.042756,1.2013993
0.042758,1.5250192
0.04276,1.8948698
0.042762,2.2184901
0.042764,2.5883412
0.042766,2.9119601
0.042768,3.1893477
0.04277,3.4667363
0.042772,3.744125
0.042774,3.9752812
0.042776,4.2064385
0.042778,4.437596
0.04278,4.5762897
0.042782,4.7149835
0.042784,4.8536773
0.042786,4.946141
0.042788,4.992371
0.04279,5.0386033
0.042792,5.0386033
0.042794,5.0386033
0.042796,4.992371
0.042798,4.8999095
0.042799998,4.807446
0.042802,4.668752
0.042804,4.483826
0.042806,4.3451324
0.042808,4.113976
0.04281,3.8828197
0.042812,3.6516623
0.042814,3.3742738
0.042816,3.050654
0.042818,2.7732663
0.04282,2.4034152
0.042822,2.0797954
0.042824,1.7099442
0.042826,1.3863249
0.042828,1.0164738
0.04283,0.64662313
0.042832,0.27677202
0.042834,-0.13931036
0.042836,-0.5091615
0.042838,-0.8790121
0.04284,-1.2488632
0.042842,-1.6187139
0.042844,-1.9423337
0.042846,-2.3121846
0.042848,-2.6358042
0.04285,-2.9594238
0.042852,-3.236812
0.042854,-3.5604317
0.042856,-3.7915885
0.042858,-4.022745
0.04286,-4.2539024
0.042861998,-4.4388275
0.042864,-4.577522
0.042866,-4.716216
0.042868,-4.85491
0.04287,-4.947373
0.042872,-4.993604
0.042874,-5.0398355
0.042876,-4.993604
0.042878,-4.993604
0.04288,-4.947373
0.042882,-4.85491
0.042884,-4.716216
0.042886,-4.577522
0.042888,-4.4388275
0.04289,-4.2539024
0.042892,-4.022745
0.042894,-3.7915885
0.042896,-3.5604317
0.042898,-3.236812
0.0429,-2.9594238
0.042902,-2.6358042
0.042904,-2.3121846
0.042906,-1.9423337
0.042908,-1.6187139
0.04291,-1.2488632
0.042912,-0.8790121
0.042914,-0.5091615
0.042916,-0.13931036
0.042918,0.27677202
0.04292,0.64662313
0.042922,1.0164738
0.042923998,1.3863249
0.042926,1.756176
0.042928,2.0797954
0.04293,2.4496465
0.042932,2.7732663
0.042934,3.0968862
0.042936,3.3742738
0.042938,3.6516623
0.04294,3.8828197
0.042942,4.113976
0.042944,4.3451324
0.042946,4.483826
0.042948,4.668752
0.04295,4.7612157
0.042952,4.8999095
0.042954,4.946141
0.042956,4.992371
0.042958,5.0386033
0.04296,5.0386033
0.042962,4.992371
0.042964,4.8999095
0.042966,4.807446
0.042968,4.7149835
0.04297,4.5300584
0.042972,4.3913646
0.042974,4.2064385
0.042976,3.9752812
0.042978,3.744125
0.04298,3.4667363
0.042982,3.1431174
0.042984,2.8657289
0.042985998,2.542109
0.042988,2.172258
0.04299,1.8486385
0.042992,1.4787879
0.042994,1.1551685
0.042996,0.7853174
0.042998,0.36923456
0.043,-6.160736E-4
0.043002,-0.3704667
0.043004,-0.7403178
0.043006,-1.1564007
0.043008,-1.48002
0.04301,-1.8498712
0.043012,-2.1734905
0.043014,-2.5433414
0.043016,-2.866961
0.043018,-3.1443493
0.04302,-3.467969
0.043022,-3.6991258
0.043024,-3.976514
0.043026,-4.2076707
0.043028,-4.3925962
0.04303,-4.5312905
0.043032,-4.669985
0.043034,-4.8086786
0.043036,-4.9011416
0.043038,-4.993604
0.04304,-4.993604
0.043042,-5.0398355
0.043044,-4.993604
0.043046,-4.947373
0.043047998,-4.85491
0.04305,-4.7624474
0.043052,-4.623753
0.043054,-4.4850593
0.043056,-4.346365
0.043058,-4.115208
0.04306,-3.8840513
0.043062,-3.6528945
0.043064,-3.3755062
0.043066,-3.0518866
0.043068,-2.728267
0.04307,-2.4046474
0.043072,-2.081028
0.043074,-1.7111769
0.043076,-1.387557
0.043078,-1.0177064
0.04308,-0.6478553
0.043082,-0.2317729
0.043084,0.13807821
0.043086,0.50792885
0.043088,0.92401123
0.04309,1.2938623
0.043092,1.6174817
0.043094,1.9873328
0.043096,2.3109517
0.043098,2.6345725
0.0431,2.9581914
0.043102,3.2818112
0.043104,3.5591989
0.043106,3.8365874
0.043108,4.0677447
0.043109998,4.252671
0.043112,4.437596
0.043114,4.622521
0.043116,4.7612157
0.043118,4.8536773
0.04312,4.946141
0.043122,4.992371
0.043124,5.0386033
0.043126,5.0386033
0.043128,4.992371
0.04313,4.946141
0.043132,4.8536773
0.043134,4.7149835
0.043136,4.5762897
0.043138,4.437596
0.04314,4.252671
0.043142,4.0215135
0.043144,3.7903562
0.043146,3.5591989
0.043148,3.23558
0.04315,2.9581914
0.043152,2.6345725
0.043154,2.3109517
0.043156,1.9411016
0.043158,1.6174817
0.04316,1.2476311
0.043162,0.87777996
0.043164,0.50792885
0.043166,0.13807821
0.043168,-0.27800417
0.04317,-0.6478553
0.043171998,-1.0177064
0.043174,-1.387557
0.043176,-1.7111769
0.043178,-2.081028
0.04318,-2.4046474
0.043182,-2.728267
0.043184,-3.0518866
0.043186,-3.3755062
0.043188,-3.6528945
0.04319,-3.8840513
0.043192,-4.115208
0.043194,-4.346365
0.043196,-4.4850593
0.043198,-4.623753
0.0432,-4.7624474
0.043202,-4.9011416
0.043204,-4.947373
0.043206,-4.993604
0.043208,-5.0398355
0.04321,-4.993604
0.043212,-4.993604
0.043214,-4.9011416
0.043216,-4.8086786
0.043218,-4.669985
0.04322,-4.5312905
0.043222,-4.3925962
0.043224,-4.2076707
0.043226,-3.976514
0.043228,-3.6991258
0.04323,-3.467969
0.043232,-3.1443493
0.043233998,-2.866961
0.043236,-2.5433414
0.043238,-2.1734905
0.04324,-1.8498712
0.043242,-1.48002
0.043244,-1.1101689
0.043246,-0.7403178
0.043248,-0.3704667
0.04325,-6.160736E-4
0.043252,0.4154663
0.043254,0.7853174
0.043256,1.1551685
0.043258,1.4787879
0.04326,1.8486385
0.043262,2.2184901
0.043264,2.542109
0.043266,2.8657289
0.043268,3.1893477
0.04327,3.4667363
0.043272,3.744125
0.043274,3.9752812
0.043276,4.2064385
0.043278,4.3913646
0.04328,4.5300584
0.043282,4.7149835
0.043284,4.807446
0.043286,4.8999095
0.043288,4.992371
0.04329,5.0386033
0.043292,5.0386033
0.043294,4.992371
0.043295998,4.946141
0.043298,4.8999095
0.0433,4.7612157
0.043302,4.622521
0.043304,4.483826
0.043306,4.3451324
0.043308,4.113976
0.04331,3.8828197
0.043312,3.6516623
0.043314,3.3742738
0.043316,3.050654
0.043318,2.727035
0.04332,2.4034152
0.043322,2.0797954
0.043324,1.7099442
0.043326,1.3863249
0.043328,1.0164738
0.04333,0.64662313
0.043332,0.27677202
0.043334,-0.13931036
0.043336,-0.5091615
0.043338,-0.8790121
0.04334,-1.2488632
0.043342,-1.6187139
0.043344,-1.9423337
0.043346,-2.3121846
0.043348,-2.6358042
0.04335,-2.9594238
0.043352,-3.236812
0.043354,-3.5604317
0.043356,-3.7915885
0.043357998,-4.022745
0.04336,-4.2539024
0.043362,-4.4388275
0.043364,-4.577522
0.043366,-4.716216
0.043368,-4.85491
0.04337,-4.947373
0.043372,-4.993604
0.043374,-5.0398355
0.043376,-5.0398355
0.043378,-4.993604
0.04338,-4.947373
0.043382,-4.85491
0.043384,-4.716216
0.043386,-4.577522
0.043388,-4.4388275
0.04339,-4.2539024
0.043392,-4.022745
0.043394,-3.7915885
0.043396,-3.5604317
0.043398,-3.236812
0.0434,-2.9594238
0.043402,-2.6358042
0.043404,-2.3121846
0.043406,-1.9423337
0.043408,-1.6187139
0.04341,-1.2488632
0.043412,-0.8790121
0.043414,-0.5091615
0.043416,-0.13931036
0.043418,0.27677202
0.04342,0.64662313
0.043422,1.0164738
0.043424,1.3863249
0.043426,1.756176
0.043428,2.0797954
0.04343,2.4496465
0.043432,2.7732663
0.043434,3.050654
0.043436,3.3742738
0.043438,3.6516623
0.04344,3.8828197
0.043442,4.113976
0.043444,4.3451324
0.043446,4.483826
0.043448,4.668752
0.04345,4.7612157
0.043452,4.8999095
0.043454,4.946141
0.043456,4.992371
0.043458,5.0386033
0.04346,5.0386033
0.043462,4.992371
0.043464,4.8999095
0.043466,4.807446
0.043468,4.7149835
0.04347,4.5300584
0.043472,4.3913646
0.043474,4.2064385
0.043476,3.9752812
0.043478,3.6978936
0.04348,3.4667363
0.043482,3.1431174
0.043484,2.8657289
0.043486,2.542109
0.043488,2.172258
0.04349,1.8486385
0.043492,1.4787879
0.043494,1.1551685
0.043496,0.7390857
0.043498,0.36923456
0.0435,-6.160736E-4
0.043502,-0.3704667
0.043504,-0.7403178
0.043506,-1.1564007
0.043508,-1.48002
0.04351,-1.8498712
0.043512,-2.1734905
0.043514,-2.5433414
0.043516,-2.866961
0.043518,-3.1443493
0.04352,-3.467969
0.043522,-3.6991258
0.043524,-3.976514
0.043526,-4.2076707
0.043527998,-4.3925962
0.04353,-4.5312905
0.043532,-4.669985
0.043534,-4.8086786
0.043536,-4.9011416
0.043538,-4.993604
0.04354,-4.993604
0.043542,-5.0398355
0.043544,-4.993604
0.043546,-4.947373
0.043548,-4.85491
0.04355,-4.7624474
0.043552,-4.623753
0.043554,-4.4850593
0.043556,-4.346365
0.043558,-4.115208
0.04356,-3.8840513
0.043562,-3.6066632
0.043564,-3.3755062
0.043566,-3.0518866
0.043568,-2.728267
0.04357,-2.4046474
0.043572,-2.081028
0.043574,-1.7111769
0.043576,-1.387557
0.043578,-1.0177064
0.04358,-0.6478553
0.043582,-0.2317729
0.043584,0.13807821
0.043586,0.50792885
0.043588,0.92401123
0.043589998,1.2938623
0.043592,1.6174817
0.043594,1.9873328
0.043596,2.3109517
0.043598,2.6345725
0.0436,2.9581914
0.043602,3.2818112
0.043604,3.5591989
0.043606,3.8365874
0.043608,4.0677447
0.04361,4.252671
0.043612,4.437596
0.043614,4.622521
0.043616,4.7612157
0.043618,4.8536773
0.04362,4.946141
0.043622,4.992371
0.043624,5.0386033
0.043626,5.0386033
0.043628,4.992371
0.04363,4.946141
0.043632,4.8536773
0.043634,4.7149835
0.043636,4.5762897
0.043638,4.437596
0.04364,4.252671
0.043642,4.0215135
0.043644,3.7903562
0.043646,3.5591989
0.043648,3.2818112
0.04365,2.9581914
0.043651998,2.6345725
0.043654,2.3109517
0.043656,1.9411016
0.043658,1.6174817
0.04366,1.2476311
0.043662,0.87777996
0.043664,0.50792885
0.043666,0.13807821
0.043668,-0.27800417
0.04367,-0.6478553
0.043672,-1.0177064
0.043674,-1.387557
0.043676,-1.7111769
0.043678,-2.081028
0.04368,-2.4046474
0.043682,-2.728267
0.043684,-3.0518866
0.043686,-3.3755062
0.043688,-3.6528945
0.04369,-3.8840513
0.043692,-4.115208
0.043694,-4.346365
0.043696,-4.4850593
0.043698,-4.623753
0.0437,-4.7624474
0.043702,-4.9011416
0.043704,-4.947373
0.043706,-4.993604
0.043708,-5.0398355
0.04371,-4.993604
0.043712,-4.993604
0.043713998,-4.9011416
0.043716,-4.8086786
0.043718,-4.669985
0.04372,-4.5312905
0.043722,-4.3925962
0.043724,-4.2076707
0.043726,-3.976514
0.043728,-3.6991258
0.04373,-3.467969
0.043732,-3.1443493
0.043734,-2.866961
0.043736,-2.5433414
0.043738,-2.1734905
0.04374,-1.8498712
0.043742,-1.48002
0.043744,-1.1101689
0.043746,-0.7403178
0.043748,-0.3704667
0.04375,0.23054075
0.043752,1.8024073
0.043754,3.2818112
0.043756,4.3451324
0.043758,4.8536773
0.04376,4.7612157
0.043762,4.113976
0.043764,2.9581914
0.043766,1.4325566
0.043768,-0.27800417
0.04377,-1.9423337
0.043772,-3.4217377
0.043774,-4.4388275
0.043775998,-4.9011416
0.043778,-4.7624474
0.04378,-4.115208
0.043782,-2.9131925
0.043784,-1.3413262
0.043786,0.4154663
0.043788,2.0797954
0.04379,3.5129685
0.043792,4.483826
0.043794,4.8999095
0.043796,4.7149835
0.043798,4.0215135
0.0438,2.7732663
0.043802,1.2013993
0.043804,-0.5091615
0.043806,-2.1272593
0.043808,-3.5604317
0.04381,-4.5312905
0.043812,-4.9011416
0.043814,-4.716216
0.043816,-3.9302826
0.043818,-2.6820357
0.04382,-1.1101689
0.043822,0.64662313
0.043824,2.3109517
0.043826,3.6978936
0.043828,4.5762897
0.04383,4.8999095
0.043832,4.668752
0.043834,3.8365874
0.043836,2.542109
0.043837998,0.970243
0.04384,-0.7403178
0.043842,-2.3584158
0.043844,-3.745357
0.043846,-4.623753
0.043848,-4.9011416
0.04385,-4.623753
0.043852,-3.7915885
0.043854,-2.4971101
0.043856,-0.83278084
0.043858,0.92401123
0.04386,2.4958777
0.043862,3.8365874
0.043864,4.668752
0.043866,4.8999095
0.043868,4.5762897
0.04387,3.6978936
0.043872,2.357184
0.043874,0.7390857
0.043876,-1.0177064
0.043878,-2.589573
0.04388,-3.8840513
0.043882,-4.669985
0.043884,-4.9011416
0.043886,-4.5312905
0.043888,-3.6066632
0.04389,-2.2659533
0.043892,-0.601624
0.043894,1.1551685
0.043896,2.727035
0.043898,3.9752812
0.043899998,4.7149835
0.043902,4.8999095
0.043904,4.483826
0.043906,3.5129685
0.043908,2.126027
0.04391,0.46169758
0.043912,-1.2488632
0.043914,-2.7744985
0.043916,-4.068977
0.043918,-4.7624474
0.04392,-4.9011416
0.043922,-4.4388275
0.043924,-3.467969
0.043926,-2.0347965
0.043928,-0.32423592
0.04393,1.3863249
0.043932,2.9119601
0.043934,4.113976
0.043936,4.807446
0.043938,4.8999095
0.04394,4.3913646
0.043942,3.3280425
0.043944,1.8948698
0.043946,0.23054075
0.043948,-1.48002
0.04395,-3.0056553
0.043952,-4.2076707
0.043954,-4.8086786
0.043956,-4.85491
0.043958,-4.346365
0.04396,-3.2830436
0.043961998,-1.8036394
0.043964,-0.09307861
0.043966,1.6174817
0.043968,3.1431174
0.04397,4.252671
0.043972,4.8536773
0.043974,4.8536773
0.043976,4.298901
0.043978,3.1431174
0.04398,1.6637135
0.043982,-6.160736E-4
0.043984,-1.6649456
0.043986,-3.1905808
0.043988,-4.3001337
0.04399,-4.85491
0.043992,-4.8086786
0.043994,-4.2076707
0.043996,-3.098118
0.043998,-1.5724826
0.044,0.13807821
0.044002,1.8486385
0.044004,3.3280425
0.044006,4.3913646
0.044008,4.8999095
0.04401,4.807446
0.044012,4.1602073
0.044014,2.9581914
0.044016,1.4325566
0.044018,-0.27800417
0.04402,-1.8961024
0.044022,-3.3755062
0.044023998,-4.4388275
0.044026,-4.9011416
0.044028,-4.7624474
0.04403,-4.068977
0.044032,-2.866961
0.044034,-1.3413262
0.044036,0.4154663
0.044038,2.0797954
0.04404,3.5129685
0.044042,4.483826
0.044044,4.8999095
0.044046,4.7149835
0.044048,4.0215135
0.04405,2.7732663
0.044052,1.2013993
0.044054,-0.5091615
0.044056,-2.1272593
0.044058,-3.5604317
0.04406,-4.4850593
0.044062,-4.9011416
0.044064,-4.716216
0.044066,-3.9302826
0.044068,-2.6820357
0.04407,-1.1101689
0.044072,0.64662313
0.044074,2.3109517
0.044076,3.6978936
0.044078,4.5762897
0.04408,4.8999095
0.044082,4.668752
0.044084,3.8365874
0.044085998,2.542109
0.044088,0.970243
0.04409,-0.7403178
0.044092,-2.3584158
0.044094,-3.745357
0.044096,-4.623753
0.044098,-4.9011416
0.0441,-4.623753
0.044102,-3.7915885
0.044104,-2.4971101
0.044106,-0.83278084
0.044108,0.92401123
0.04411,2.4958777
0.044112,3.8365874
0.044114,4.668752
0.044116,4.8999095
0.044118,4.5762897
0.04412,3.6978936
0.044122,2.357184
0.044124,0.7390857
0.044126,-1.0177064
0.044128,-2.589573
0.04413,-3.8840513
0.044132,-4.669985
0.044134,-4.9011416
0.044136,-4.5312905
0.044138,-3.6066632
0.04414,-2.2659533
0.044142,-0.601624
0.044144,1.1551685
0.044146,2.727035
0.044147998,3.9752812
0.04415,4.7149835
0.044152,4.8999095
0.044154,4.483826
0.044156,3.5129685
0.044158,2.126027
0.04416,0.46169758
0.044162,-1.2488632
0.044164,-2.7744985
0.044166,-4.068977
0.044168,-4.7624474
0.04417,-4.9011416
0.044172,-4.4388275
0.044174,-3.467969
0.044176,-2.0347965
0.044178,-0.32423592
0.04418,1.3863249
0.044182,2.9119601
0.044184,4.113976
0.044186,4.807446
0.044188,4.8999095
0.04419,4.3913646
0.044192,3.3280425
0.044194,1.8948698
0.044196,0.23054075
0.044198,-1.48002
0.0442,-3.0056553
0.044202,-4.2076707
0.044204,-4.8086786
0.044206,-4.85491
0.044208,-4.346365
0.044209998,-3.2830436
0.044212,-1.8036394
0.044214,-0.09307861
0.044216,1.6174817
0.044218,3.1431174
0.04422,4.252671
0.044222,4.8536773
0.044224,4.8536773
0.044226,4.298901
0.044228,3.1431174
0.04423,1.6637135
0.044232,-6.160736E-4
0.044234,-1.6649456
0.044236,-3.1905808
0.044238,-4.3001337
0.04424,-4.85491
0.044242,-4.8086786
0.044244,-4.2076707
0.044246,-3.098118
0.044248,-1.5724826
0.04425,0.13807821
0.044252,1.8486385
0.044254,3.3280425
0.044256,4.3913646
0.044258,4.8999095
0.04426,4.807446
0.044262,4.1602073
0.044264,2.9581914
0.044266,1.4325566
0.044268,-0.27800417
0.04427,-1.8961024
0.044271998,-3.3755062
0.044274,-4.4388275
0.044276,-4.9011416
0.044278,-4.7624474
0.04428,-4.068977
0.044282,-2.9131925
0.044284,-1.3413262
0.044286,0.4154663
0.044288,2.0797954
0.04429,3.5129685
0.044292,4.483826
0.044294,4.8999095
0.044296,4.7149835
0.044298,4.0215135
0.0443,2.7732663
0.044302,1.2013993
0.044304,-0.5091615
0.044306,-2.1272593
0.044308,-3.5604317
0.04431,-4.4850593
0.044312,-4.9011416
0.044314,-4.716216
0.044316,-3.9302826
0.044318,-2.6820357
0.04432,-1.1101689
0.044322,0.64662313
0.044324,2.3109517
0.044326,3.6978936
0.044328,4.5762897
0.04433,4.8999095
0.044332,4.668752
0.044333998,3.8365874
0.044336,2.542109
0.044338,0.970243
0.04434,-0.7403178
0.044342,-2.3584158
0.044344,-3.745357
0.044346,-4.623753
0.044348,-4.9011416
0.04435,-4.623753
0.044352,-3.7915885
0.044354,-2.4508786
0.044356,-0.83278084
0.044358,0.92401123
0.04436,2.542109
0.044362,3.8365874
0.044364,4.668752
0.044366,4.8999095
0.044368,4.5762897
0.04437,3.6978936
0.044372,2.357184
0.044374,0.7390857
0.044376,-1.0177064
0.044378,-2.589573
0.04438,-3.8840513
0.044382,-4.669985
0.044384,-4.9011416
0.044386,-4.5312905
0.044388,-3.6066632
0.04439,-2.2659533
0.044392,-0.601624
0.044394,1.1551685
0.044395998,2.727035
0.044398,3.9752812
0.0444,4.7149835
0.044402,4.8999095
0.044404,4.483826
0.044406,3.5129685
0.044408,2.126027
0.04441,0.46169758
0.044412,-1.2488632
0.044414,-2.7744985
0.044416,-4.068977
0.044418,-4.7624474
0.04442,-4.9011416
0.044422,-4.4388275
0.044424,-3.467969
0.044426,-2.0347965
0.044428,-0.32423592
0.04443,1.3863249
0.044432,2.9581914
0.044434,4.113976
0.044436,4.807446
0.044438,4.8999095
0.04444,4.3913646
0.044442,3.3280425
0.044444,1.8948698
0.044446,0.23054075
0.044448,-1.48002
0.04445,-3.0056553
0.044452,-4.2076707
0.044454,-4.8086786
0.044456,-4.85491
0.044457998,-4.346365
0.04446,-3.2830436
0.044462,-1.8036394
0.044464,-0.09307861
0.044466,1.6174817
0.044468,3.1431174
0.04447,4.252671
0.044472,4.8536773
0.044474,4.8536773
0.044476,4.298901
0.044478,3.1431174
0.04448,1.6637135
0.044482,-6.160736E-4
0.044484,-1.6649456
0.044486,-3.1905808
0.044488,-4.3001337
0.04449,-4.85491
0.044492,-4.8086786
0.044494,-4.2076707
0.044496,-3.098118
0.044498,-1.5724826
0.0445,0.184309
0.044502,1.8486385
0.044504,3.3280425
0.044506,4.3913646
0.044508,4.8999095
0.04451,4.807446
0.044512,4.1602073
0.044514,2.9581914
0.044516,1.4325566
0.044518,-0.27800417
0.044519998,-1.8961024
0.044522,-3.3755062
0.044524,-4.4388275
0.044526,-4.9011416
0.044528,-4.7624474
0.04453,-4.068977
0.044532,-2.866961
0.044534,-1.3413262
0.044536,0.4154663
0.044538,2.0797954
0.04454,3.5129685
0.044542,4.483826
0.044544,4.8999095
0.044546,4.7149835
0.044548,4.0215135
0.04455,2.7732663
0.044552,1.2013993
0.044554,-0.5091615
0.044556,-2.1272593
0.044558,-3.5604317
0.04456,-4.5312905
0.044562,-4.9011416
0.044564,-4.716216
0.044566,-3.9302826
0.044568,-2.6820357
0.04457,-1.0639377
0.044572,0.64662313
0.044574,2.3109517
0.044576,3.6978936
0.044578,4.5762897
0.04458,4.8999095
0.044582,4.668752
0.044584,3.8365874
0.044586,2.542109
0.044588,0.970243
0.04459,-0.7403178
0.044592,-2.3584158
0.044594,-3.745357
0.044596,-4.623753
0.044598,-4.9011416
0.0446,-4.623753
0.044602,-3.7915885
0.044604,-2.4508786
0.044606,-0.83278084
0.044608,0.92401123
0.04461,2.542109
0.044612,3.8365874
0.044614,4.668752
0.044616,4.8999095
0.044618,4.5762897
0.04462,3.6978936
0.044622,2.357184
0.044624,0.7390857
0.044626,-1.0177064
0.044628,-2.589573
0.04463,-3.8840513
0.044632,-4.669985
0.044634,-4.9011416
0.044636,-4.5312905
0.044638,-3.6066632
0.04464,-2.2659533
0.044642,-0.601624
0.044644,1.1551685
0.044646,2.727035
0.044648,3.9752812
0.04465,4.7149835
0.044652,4.8999095
0.044654,4.483826
0.044656,3.5129685
0.044658,2.126027
0.04466,0.46169758
0.044662,-1.2488632
0.044664,-2.7744985
0.044666,-4.068977
0.044668,-4.7624474
0.04467,-4.9011416
0.044672,-4.4388275
0.044674,-3.467969
0.044676,-2.0347965
0.044678,-0.32423592
0.04468,1.3863249
0.044682,2.9581914
0.044684,4.1602073
0.044686,4.807446
0.044688,4.8999095
0.044689998,4.3913646
0.044692,3.3280425
0.044694,1.8948698
0.044696,0.23054075
0.044698,-1.48002
0.0447,-3.0056553
0.044702,-4.2076707
0.044704,-4.8086786
0.044706,-4.85491
0.044708,-4.346365
0.04471,-3.2830436
0.044712,-1.8036394
0.044714,-0.09307861
0.044716,1.6174817
0.044718,3.1431174
0.04472,4.252671
0.044722,4.8536773
0.044724,4.8536773
0.044726,4.298901
0.044728,3.1431174
0.04473,1.6637135
0.044732,-6.160736E-4
0.044734,-1.6649456
0.044736,-3.1905808
0.044738,-4.3001337
0.04474,-4.85491
0.044742,-4.8086786
0.044744,-4.2076707
0.044746,-3.098118
0.044748,-1.5724826
0.04475,-0.046847343
0.044751998,0.46169758
0.044754,0.8315482
0.044756,1.2013993
0.044758,1.5250192
0.04476,1.8948698
0.044762,2.2184901
0.044764,2.5883412
0.044766,2.9119601
0.044768,3.1893477
0.04477,3.4667363
0.044772,3.744125
0.044774,3.9752812
0.044776,4.2064385
0.044778,4.437596
0.04478,4.5762897
0.044782,4.7149835
0.044784,4.8536773
0.044786,4.946141
0.044788,4.992371
0.04479,5.0386033
0.044792,5.0386033
0.044794,5.0386033
0.044796,4.946141
0.044798,4.8999095
0.0448,4.807446
0.044802,4.668752
0.044804,4.483826
0.044806,4.3451324
0.044808,4.113976
0.04481,3.8828197
0.044812,3.6516623
0.044813998,3.3742738
0.044816,3.050654
0.044818,2.727035
0.04482,2.4034152
0.044822,2.0797954
0.044824,1.7099442
0.044826,1.3863249
0.044828,1.0164738
0.04483,0.64662313
0.044832,0.27677202
0.044834,-0.13931036
0.044836,-0.5091615
0.044838,-0.8790121
0.04484,-1.2488632
0.044842,-1.6187139
0.044844,-1.9423337
0.044846,-2.3121846
0.044848,-2.6358042
0.04485,-2.9594238
0.044852,-3.236812
0.044854,-3.5604317
0.044856,-3.7915885
0.044858,-4.022745
0.04486,-4.2539024
0.044862,-4.4388275
0.044864,-4.577522
0.044866,-4.716216
0.044868,-4.85491
0.04487,-4.947373
0.044872,-4.993604
0.044874,-5.0398355
0.044875998,-5.0398355
0.044878,-4.993604
0.04488,-4.947373
0.044882,-4.85491
0.044884,-4.716216
0.044886,-4.577522
0.044888,-4.4388275
0.04489,-4.2539024
0.044892,-4.022745
0.044894,-3.7915885
0.044896,-3.5604317
0.044898,-3.236812
0.0449,-2.9594238
0.044902,-2.6358042
0.044904,-2.3121846
0.044906,-1.9423337
0.044908,-1.5724826
0.04491,-1.2488632
0.044912,-0.8790121
0.044914,-0.5091615
0.044916,-0.13931036
0.044918,0.27677202
0.04492,0.64662313
0.044922,1.0164738
0.044924,1.3863249
0.044926,1.756176
0.044928,2.0797954
0.04493,2.4496465
0.044932,2.7732663
0.044934,3.0968862
0.044936,3.3742738
0.044937998,3.6516623
0.04494,3.8828197
0.044942,4.113976
0.044944,4.3451324
0.044946,4.483826
0.044948,4.668752
0.04495,4.7612157
0.044952,4.8999095
0.044954,4.946141
0.044956,4.992371
0.044958,5.0386033
0.04496,5.0386033
0.044962,4.992371
0.044964,4.8999095
0.044966,4.807446
0.044968,4.7149835
0.04497,4.5300584
0.044972,4.3913646
0.044974,4.2064385
0.044976,3.9752812
0.044978,3.6978936
0.04498,3.4667363
0.044982,3.1431174
0.044984,2.8657289
0.044986,2.542109
0.044988,2.172258
0.04499,1.8486385
0.044992,1.4787879
0.044994,1.1551685
0.044996,0.7390857
0.044998,0.36923456
0.044999998,-6.160736E-4
0.045002,-0.3704667
0.045004,-0.7403178
0.045006,-1.1564007
0.045008,-1.48002
0.04501,-1.8498712
0.045012,-2.1734905
0.045014,-2.5433414
0.045016,-2.866961
0.045018,-3.1443493
0.04502,-3.467969
0.045022,-3.6991258
0.045024,-3.976514
0.045026,-4.2076707
0.045028,-4.3925962
0.04503,-4.5312905
0.045032,-4.669985
0.045034,-4.8086786
0.045036,-4.9011416
0.045038,-4.993604
0.04504,-4.993604
0.045042,-5.0398355
0.045044,-4.993604
0.045046,-4.947373
0.045048,-4.85491
0.04505,-4.7624474
0.045052,-4.623753
0.045054,-4.4850593
0.045056,-4.346365
0.045058,-4.115208
0.04506,-3.8840513
0.045061998,-3.6528945
0.045064,-3.3755062
0.045066,-3.0518866
0.045068,-2.728267
0.04507,-2.4046474
0.045072,-2.081028
0.045074,-1.7111769
0.045076,-1.387557
0.045078,-1.0177064
0.04508,-0.601624
0.045082,-0.2317729
0.045084,0.13807821
0.045086,0.50792885
0.045088,0.92401123
0.04509,1.2938623
0.045092,1.6174817
0.045094,1.9873328
0.045096,2.3109517
0.045098,2.6345725
0.0451,2.9581914
0.045102,3.2818112
0.045104,3.5591989
0.045106,3.8365874
0.045108,4.0677447
0.04511,4.252671
0.045112,4.437596
0.045114,4.622521
0.045116,4.7612157
0.045118,4.8536773
0.04512,4.946141
0.045122,4.992371
0.045123998,5.0386033
0.045126,5.0386033
0.045128,4.992371
0.04513,4.946141
0.045132,4.8536773
0.045134,4.7149835
0.045136,4.5762897
0.045138,4.437596
0.04514,4.252671
0.045142,4.0677447
0.045144,3.7903562
0.045146,3.5591989
0.045148,3.23558
0.04515,2.9581914
0.045152,2.6345725
0.045154,2.3109517
0.045156,1.9411016
0.045158,1.6174817
0.04516,1.2476311
0.045162,0.87777996
0.045164,0.50792885
0.045166,0.13807821
0.045168,-0.27800417
0.04517,-0.6478553
0.045172,-1.0177064
0.045174,-1.387557
0.045176,-1.7111769
0.045178,-2.081028
0.04518,-2.4046474
0.045182,-2.728267
0.045184,-3.0518866
0.045185998,-3.3755062
0.045188,-3.6528945
0.04519,-3.8840513
0.045192,-4.115208
0.045194,-4.346365
0.045196,-4.4850593
0.045198,-4.623753
0.0452,-4.7624474
0.045202,-4.9011416
0.045204,-4.947373
0.045206,-4.993604
0.045208,-5.0398355
0.04521,-4.993604
0.045212,-4.993604
0.045214,-4.9011416
0.045216,-4.8086786
0.045218,-4.669985
0.04522,-4.5312905
0.045222,-4.3925962
0.045224,-4.2076707
0.045226,-3.976514
0.045228,-3.6991258
0.04523,-3.467969
0.045232,-3.1443493
0.045234,-2.866961
0.045236,-2.5433414
0.045238,-2.1734905
0.04524,-1.8498712
0.045242,-1.48002
0.045244,-1.1101689
0.045246,-0.7403178
0.045247998,-0.3704667
0.04525,-6.160736E-4
0.045252,0.4154663
0.045254,0.7853174
0.045256,1.1551685
0.045258,1.4787879
0.04526,1.8486385
0.045262,2.2184901
0.045264,2.542109
0.045266,2.8657289
0.045268,3.1893477
0.04527,3.4667363
0.045272,3.744125
0.045274,3.9752812
0.045276,4.2064385
0.045278,4.3913646
0.04528,4.5300584
0.045282,4.7149835
0.045284,4.807446
0.045286,4.8999095
0.045288,4.992371
0.04529,5.0386033
0.045292,5.0386033
0.045294,4.992371
0.045296,4.946141
0.045298,4.8999095
0.0453,4.7612157
0.045302,4.622521
0.045304,4.483826
0.045306,4.3451324
0.045308,4.113976
0.045309998,3.8828197
0.045312,3.6516623
0.045314,3.3742738
0.045316,3.050654
0.045318,2.727035
0.04532,2.4034152
0.045322,2.0797954
0.045324,1.7099442
0.045326,1.3863249
0.045328,1.0164738
0.04533,0.64662313
0.045332,0.27677202
0.045334,-0.13931036
0.045336,-0.5091615
0.045338,-0.8790121
0.04534,-1.2488632
0.045342,-1.6187139
0.045344,-1.9423337
0.045346,-2.3121846
0.045348,-2.6358042
0.04535,-2.9594238
0.045352,-3.236812
0.045354,-3.5604317
0.045356,-3.7915885
0.045358,-4.068977
0.04536,-4.2539024
0.045362,-4.4388275
0.045364,-4.577522
0.045366,-4.716216
0.045368,-4.85491
0.04537,-4.947373
0.045371998,-4.993604
0.045374,-5.0398355
0.045376,-4.993604
0.045378,-4.993604
0.04538,-4.947373
0.045382,-4.85491
0.045384,-4.716216
0.045386,-4.577522
0.045388,-4.4388275
0.04539,-4.2539024
0.045392,-4.022745
0.045394,-3.7915885
0.045396,-3.5604317
0.045398,-3.236812
0.0454,-2.9594238
0.045402,-2.6358042
0.045404,-2.3121846
0.045406,-1.9423337
0.045408,-1.5724826
0.04541,-1.2488632
0.045412,-0.8790121
0.045414,-0.5091615
0.045416,-0.09307861
0.045418,0.27677202
0.04542,0.64662313
0.045422,1.0164738
0.045424,1.3863249
0.045426,1.756176
0.045428,2.0797954
0.04543,2.4496465
0.045432,2.7732663
0.045433998,3.0968862
0.045436,3.3742738
0.045438,3.6516623
0.04544,3.8828197
0.045442,4.113976
0.045444,4.3451324
0.045446,4.483826
0.045448,4.668752
0.04545,4.7612157
0.045452,4.8999095
0.045454,4.946141
0.045456,4.992371
0.045458,5.0386033
0.04546,5.0386033
0.045462,4.992371
0.045464,4.8999095
0.045466,4.807446
0.045468,4.668752
0.04547,4.5300584
0.045472,4.3913646
0.045474,4.2064385
0.045476,3.9752812
0.045478,3.6978936
0.04548,3.4667363
0.045482,3.1431174
0.045484,2.8657289
0.045486,2.542109
0.045488,2.172258
0.04549,1.8486385
0.045492,1.4787879
0.045494,1.1551685
0.045495998,0.7390857
0.045498,0.36923456
0.0455,-6.160736E-4
0.045502,-0.3704667
0.045504,-0.78654957
0.045506,-1.1564007
0.045508,-1.48002
0.04551,-1.8498712
0.045512,-2.1734905
0.045514,-2.5433414
0.045516,-2.866961
0.045518,-3.1443493
0.04552,-3.467969
0.045522,-3.6991258
0.045524,-3.976514
0.045526,-4.2076707
0.045528,-4.3925962
0.04553,-4.5312905
0.045532,-4.669985
0.045534,-4.8086786
0.045536,-4.9011416
0.045538,-4.993604
0.04554,-4.993604
0.045542,-5.0398355
0.045544,-4.993604
0.045546,-4.947373
0.045548,-4.85491
0.04555,-4.7624474
0.045552,-4.623753
0.045554,-4.4850593
0.045556,-4.346365
0.045557998,-4.115208
0.04556,-3.8840513
0.045562,-3.6066632
0.045564,-3.329275
0.045566,-3.0518866
0.045568,-2.728267
0.04557,-2.4046474
0.045572,-2.081028
0.045574,-1.7111769
0.045576,-1.387557
0.045578,-1.0177064
0.04558,-0.6478553
0.045582,-0.2317729
0.045584,0.13807821
0.045586,0.50792885
0.045588,0.92401123
0.04559,1.2938623
0.045592,1.6174817
0.045594,1.9873328
0.045596,2.3109517
0.045598,2.6345725
0.0456,2.9581914
0.045602,3.2818112
0.045604,3.5591989
0.045606,3.8365874
0.045608,4.0677447
0.04561,4.252671
0.045612,4.437596
0.045614,4.622521
0.045616,4.7612157
0.045618,4.8536773
0.045619998,4.946141
0.045622,4.992371
0.045624,5.0386033
0.045626,5.0386033
0.045628,4.992371
0.04563,4.946141
0.045632,4.8536773
0.045634,4.7149835
0.045636,4.5762897
0.045638,4.437596
0.04564,4.252671
0.045642,4.0677447
0.045644,3.7903562
0.045646,3.5591989
0.045648,3.2818112
0.04565,2.9581914
0.045652,2.6345725
0.045654,2.3109517
0.045656,1.9411016
0.045658,1.6174817
0.04566,1.2476311
0.045662,0.87777996
0.045664,0.50792885
0.045666,0.13807821
0.045668,-0.27800417
0.04567,-0.6478553
0.045672,-1.0177064
0.045674,-1.387557
0.045676,-1.7111769
0.045678,-2.081028
0.04568,-2.4046474
0.045681998,-2.728267
0.045684,-3.0518866
0.045686,-3.3755062
0.045688,-3.6528945
0.04569,-3.8840513
0.045692,-4.115208
0.045694,-4.346365
0.045696,-4.4850593
0.045698,-4.623753
0.0457,-4.7624474
0.045702,-4.9011416
0.045704,-4.947373
0.045706,-4.993604
0.045708,-5.0398355
0.04571,-4.993604
0.045712,-4.993604
0.045714,-4.9011416
0.045716,-4.8086786
0.045718,-4.669985
0.04572,-4.5312905
0.045722,-4.3925962
0.045724,-4.2076707
0.045726,-3.976514
0.045728,-3.6991258
0.04573,-3.4217377
0.045732,-3.1443493
0.045734,-2.866961
0.045736,-2.5433414
0.045738,-2.1734905
0.04574,-1.8498712
0.045742,-1.48002
0.045744,-1.1101689
0.045746,-0.7403178
0.045748,-0.3704667
0.04575,0.23054075
0.045752,1.8024073
0.045754,3.2818112
0.045756,4.3451324
0.045758,4.8536773
0.04576,4.7612157
0.045762,4.113976
0.045764,2.9119601
0.045766,1.4325566
0.045768,-0.27800417
0.04577,-1.9423337
0.045772,-3.4217377
0.045774,-4.4388275
0.045776,-4.9011416
0.045778,-4.7624474
0.04578,-4.115208
0.045782,-2.9131925
0.045784,-1.3413262
0.045786,0.4154663
0.045788,2.0797954
0.045789998,3.5129685
0.045792,4.483826
0.045794,4.8999095
0.045796,4.7149835
0.045798,3.9752812
0.0458,2.7732663
0.045802,1.2013993
0.045804,-0.5091615
0.045806,-2.1734905
0.045808,-3.5604317
0.04581,-4.5312905
0.045812,-4.9011416
0.045814,-4.716216
0.045816,-3.9302826
0.045818,-2.6820357
0.04582,-1.0639377
0.045822,0.64662313
0.045824,2.3109517
0.045826,3.6978936
0.045828,4.5762897
0.04583,4.8999095
0.045832,4.668752
0.045834,3.8365874
0.045836,2.542109
0.045838,0.970243
0.04584,-0.78654957
0.045842,-2.3584158
0.045844,-3.745357
0.045846,-4.623753
0.045848,-4.9011416
0.04585,-4.623753
0.045851998,-3.7915885
0.045854,-2.4508786
0.045856,-0.83278084
0.045858,0.92401123
0.04586,2.542109
0.045862,3.8365874
0.045864,4.668752
0.045866,4.8999095
0.045868,4.5762897
0.04587,3.6978936
0.045872,2.3109517
0.045874,0.7390857
0.045876,-1.0177064
0.045878,-2.589573
0.04588,-3.8840513
0.045882,-4.669985
0.045884,-4.9011416
0.045886,-4.5312905
0.045888,-3.6066632
0.04589,-2.2659533
0.045892,-0.601624
0.045894,1.1551685
0.045896,2.727035
0.045898,3.9752812
0.0459,4.7149835
0.045902,4.8999095
0.045904,4.483826
0.045906,3.5129685
0.045908,2.126027
0.04591,0.46169758
0.045912,-1.2488632
0.045913998,-2.7744985
0.045916,-4.068977
0.045918,-4.7624474
0.04592,-4.9011416
0.045922,-4.4388275
0.045924,-3.467969
0.045926,-2.0347965
0.045928,-0.32423592
0.04593,1.3863249
0.045932,2.9581914
0.045934,4.1602073
0.045936,4.807446
0.045938,4.8999095
0.04594,4.3913646
0.045942,3.3280425
0.045944,1.8948698
0.045946,0.23054075
0.045948,-1.48002
0.04595,-3.0056553
0.045952,-4.2076707
0.045954,-4.8086786
0.045956,-4.85491
0.045958,-4.346365
0.04596,-3.2830436
0.045962,-1.8036394
0.045964,-0.09307861
0.045966,1.6174817
0.045968,3.1431174
0.04597,4.252671
0.045972,4.8536773
0.045974,4.8536773
0.045975998,4.252671
0.045978,3.1431174
0.04598,1.6637135
0.045982,-0.046847343
0.045984,-1.7111769
0.045986,-3.1905808
0.045988,-4.3001337
0.04599,-4.85491
0.045992,-4.8086786
0.045994,-4.2076707
0.045996,-3.098118
0.045998,-1.5262513
0.046,0.184309
0.046002,1.8486385
0.046004,3.3280425
0.046006,4.3913646
0.046008,4.8999095
0.04601,4.807446
0.046012,4.1602073
0.046014,2.9581914
0.046016,1.4325566
0.046018,-0.27800417
0.04602,-1.9423337
0.046022,-3.3755062
0.046024,-4.4388275
0.046026,-4.9011416
0.046028,-4.7624474
0.04603,-4.068977
0.046032,-2.866961
0.046034,-1.3413262
0.046036,0.4154663
0.046037998,2.0797954
0.04604,3.5129685
0.046042,4.483826
0.046044,4.8999095
0.046046,4.7149835
0.046048,4.0215135
0.04605,2.7732663
0.046052,1.2013993
0.046054,-0.5091615
0.046056,-2.1272593
0.046058,-3.5604317
0.04606,-4.5312905
0.046062,-4.9011416
0.046064,-4.669985
0.046066,-3.9302826
0.046068,-2.6820357
0.04607,-1.0639377
0.046072,0.6928544
0.046074,2.3109517
0.046076,3.6978936
0.046078,4.5762897
0.04608,4.8999095
0.046082,4.668752
0.046084,3.8365874
0.046086,2.542109
0.046088,0.970243
0.04609,-0.78654957
0.046092,-2.3584158
0.046094,-3.745357
0.046096,-4.623753
0.046098,-4.9011416
0.046099998,-4.623753
0.046102,-3.7915885
0.046104,-2.4508786
0.046106,-0.83278084
0.046108,0.92401123
0.04611,2.542109
0.046112,3.8365874
0.046114,4.668752
0.046116,4.8999095
0.046118,4.5762897
0.04612,3.6978936
0.046122,2.3109517
0.046124,0.7390857
0.046126,-1.0177064
0.046128,-2.589573
0.04613,-3.8840513
0.046132,-4.669985
0.046134,-4.9011416
0.046136,-4.5312905
0.046138,-3.6066632
0.04614,-2.2659533
0.046142,-0.601624
0.046144,1.1551685
0.046146,2.727035
0.046148,3.9752812
0.04615,4.7149835
0.046152,4.8999095
0.046154,4.483826
0.046156,3.5129685
0.046158,2.126027
0.04616,0.46169758
0.046161998,-1.2488632
0.046164,-2.8207297
0.046166,-4.068977
0.046168,-4.7624474
0.04617,-4.9011416
0.046172,-4.4388275
0.046174,-3.467969
0.046176,-2.0347965
0.046178,-0.32423592
0.04618,1.3863249
0.046182,2.9581914
0.046184,4.1602073
0.046186,4.807446
0.046188,4.8999095
0.04619,4.3913646
0.046192,3.3280425
0.046194,1.8948698
0.046196,0.23054075
0.046198,-1.48002
0.0462,-3.0056553
0.046202,-4.2076707
0.046204,-4.8086786
0.046206,-4.85491
0.046208,-4.346365
0.04621,-3.2830436
0.046212,-1.8036394
0.046214,-0.09307861
0.046216,1.6174817
0.046218,3.1431174
0.04622,4.252671
0.046222,4.8536773
0.046223998,4.8536773
0.046226,4.252671
0.046228,3.1431174
0.04623,1.6637135
0.046232,-0.046847343
0.046234,-1.7111769
0.046236,-3.1905808
0.046238,-4.3001337
0.04624,-4.85491
0.046242,-4.8086786
0.046244,-4.2076707
0.046246,-3.098118
0.046248,-1.5262513
0.04625,0.184309
0.046252,1.8486385
0.046254,3.3280425
0.046256,4.3913646
0.046258,4.8999095
0.04626,4.807446
0.046262,4.1602073
0.046264,2.9581914
0.046266,1.4325566
0.046268,-0.27800417
0.04627,-1.9423337
0.046272,-3.3755062
0.046274,-4.4388275
0.046276,-4.9011416
0.046278,-4.7624474
0.04628,-4.068977
0.046282,-2.866961
0.046284,-1.3413262
0.046285998,0.4154663
0.046288,2.0797954
0.04629,3.5129685
0.046292,4.483826
0.046294,4.8999095
0.046296,4.7149835
0.046298,4.0215135
0.0463,2.7732663
0.046302,1.2013993
0.046304,-0.5091615
0.046306,-2.1272593
0.046308,-3.5604317
0.04631,-4.5312905
0.046312,-4.9011416
0.046314,-4.716216
0.046316,-3.9302826
0.046318,-2.6820357
0.04632,-1.0639377
0.046322,0.6928544
0.046324,2.3109517
0.046326,3.6978936
0.046328,4.5762897
0.04633,4.8999095
0.046332,4.668752
0.046334,3.8365874
0.046336,2.542109
0.046338,0.970243
0.04634,-0.78654957
0.046342,-2.3584158
0.046344,-3.745357
0.046346,-4.623753
0.046347998,-4.9011416
0.04635,-4.623753
0.046352,-3.7915885
0.046354,-2.4508786
0.046356,-0.83278084
0.046358,0.92401123
0.04636,2.542109
0.046362,3.8365874
0.046364,4.668752
0.046366,4.8999095
0.046368,4.5762897
0.04637,3.6978936
0.046372,2.3109517
0.046374,0.7390857
0.046376,-1.0177064
0.046378,-2.589573
0.04638,-3.8840513
0.046382,-4.669985
0.046384,-4.9011416
0.046386,-4.5312905
0.046388,-3.6066632
0.04639,-2.2659533
0.046392,-0.601624
0.046394,1.1551685
0.046396,2.727035
0.046398,3.9752812
0.0464,4.7149835
0.046402,4.8999095
0.046404,4.483826
0.046406,3.5129685
0.046408,2.126027
0.046409998,0.46169758
0.046412,-1.2488632
0.046414,-2.8207297
0.046416,-4.068977
0.046418,-4.7624474
0.04642,-4.9011416
0.046422,-4.4388275
0.046424,-3.467969
0.046426,-2.0347965
0.046428,-0.32423592
0.04643,1.3863249
0.046432,2.9581914
0.046434,4.1602073
0.046436,4.807446
0.046438,4.8999095
0.04644,4.3913646
0.046442,3.3280425
0.046444,1.8948698
0.046446,0.23054075
0.046448,-1.48002
0.04645,-3.0056553
0.046452,-4.2076707
0.046454,-4.8086786
0.046456,-4.85491
0.046458,-4.346365
0.04646,-3.2830436
0.046462,-1.8036394
0.046464,-0.09307861
0.046466,1.6174817
0.046468,3.1431174
0.04647,4.252671
0.046471998,4.8536773
0.046474,4.8536773
0.046476,4.252671
0.046478,3.1431174
0.04648,1.6637135
0.046482,-0.046847343
0.046484,-1.7111769
0.046486,-3.1905808
0.046488,-4.3001337
0.04649,-4.85491
0.046492,-4.8086786
0.046494,-4.2076707
0.046496,-3.098118
0.046498,-1.5262513
0.0465,0.184309
0.046502,1.8486385
0.046504,3.3280425
0.046506,4.3913646
0.046508,4.8999095
0.04651,4.807446
0.046512,4.1602073
0.046514,2.9581914
0.046516,1.4325566
0.046518,-0.27800417
0.04652,-1.9423337
0.046522,-3.3755062
0.046524,-4.4388275
0.046526,-4.9011416
0.046528,-4.7624474
0.04653,-4.068977
0.046532,-2.866961
0.046533998,-1.3413262
0.046536,0.4154663
0.046538,2.0797954
0.04654,3.5129685
0.046542,4.483826
0.046544,4.8999095
0.046546,4.7149835
0.046548,4.0215135
0.04655,2.7732663
0.046552,1.2013993
0.046554,-0.5091615
0.046556,-2.1272593
0.046558,-3.5604317
0.04656,-4.5312905
0.046562,-4.9011416
0.046564,-4.669985
0.046566,-3.9302826
0.046568,-2.6820357
0.04657,-1.0639377
0.046572,0.6928544
0.046574,2.3109517
0.046576,3.6978936
0.046578,4.5762897
0.04658,4.8999095
0.046582,4.668752
0.046584,3.8365874
0.046586,2.542109
0.046588,0.970243
0.04659,-0.78654957
0.046592,-2.3584158
0.046594,-3.745357
0.046595998,-4.623753
0.046598,-4.9011416
0.0466,-4.623753
0.046602,-3.7915885
0.046604,-2.4508786
0.046606,-0.83278084
0.046608,0.92401123
0.04661,2.542109
0.046612,3.8365874
0.046614,4.668752
0.046616,4.8999095
0.046618,4.5762897
0.04662,3.6978936
0.046622,2.3109517
0.046624,0.6928544
0.046626,-1.0177064
0.046628,-2.589573
0.04663,-3.8840513
0.046632,-4.669985
0.046634,-4.9011416
0.046636,-4.5312905
0.046638,-3.6066632
0.04664,-2.2659533
0.046642,-0.601624
0.046644,1.1551685
0.046646,2.727035
0.046648,4.0215135
0.04665,4.7149835
0.046652,4.8999095
0.046654,4.483826
0.046656,3.5129685
0.046657998,2.126027
0.04666,0.46169758
0.046662,-1.2488632
0.046664,-2.8207297
0.046666,-4.068977
0.046668,-4.7624474
0.04667,-4.9011416
0.046672,-4.4388275
0.046674,-3.467969
0.046676,-2.0347965
0.046678,-0.32423592
0.04668,1.3863249
0.046682,2.9581914
0.046684,4.1602073
0.046686,4.807446
0.046688,4.8999095
0.04669,4.3913646
0.046692,3.3280425
0.046694,1.8948698
0.046696,0.23054075
0.046698,-1.48002
0.0467,-3.0056553
0.046702,-4.2076707
0.046704,-4.8086786
0.046706,-4.85491
0.046708,-4.346365
0.04671,-3.2830436
0.046712,-1.7574081
0.046714,-0.09307861
0.046716,1.6174817
0.046718,3.1431174
0.046719998,4.252671
0.046722,4.8536773
0.046724,4.8536773
0.046726,4.252671
0.046728,3.1431174
0.04673,1.6637135
0.046732,-0.046847343
0.046734,-1.7111769
0.046736,-3.1905808
0.046738,-4.3001337
0.04674,-4.85491
0.046742,-4.8086786
0.046744,-4.2076707
0.046746,-3.098118
0.046748,-1.5262513
0.04675,-0.046847343
0.046752,0.46169758
0.046754,0.8315482
0.046756,1.2013993
0.046758,1.5250192
0.04676,1.8948698
0.046762,2.2184901
0.046764,2.5883412
0.046766,2.9119601
0.046768,3.1893477
0.04677,3.4667363
0.046772,3.744125
0.046774,3.9752812
0.046776,4.2064385
0.046778,4.437596
0.04678,4.5762897
0.046781998,4.7149835
0.046784,4.8536773
0.046786,4.946141
0.046788,4.992371
0.04679,5.0386033
0.046792,5.0386033
0.046794,5.0386033
0.046796,4.946141
0.046798,4.8999095
0.0468,4.807446
0.046802,4.668752
0.046804,4.483826
0.046806,4.3451324
0.046808,4.113976
0.04681,3.8828197
0.046812,3.6516623
0.046814,3.3742738
0.046816,3.050654
0.046818,2.727035
0.04682,2.4034152
0.046822,2.0797954
0.046824,1.7099442
0.046826,1.3863249
0.046828,1.0164738
0.04683,0.64662313
0.046832,0.27677202
0.046834,-0.13931036
0.046836,-0.5091615
0.046838,-0.8790121
0.04684,-1.2488632
0.046842,-1.6187139
0.046843998,-1.9423337
0.046846,-2.3121846
0.046848,-2.6358042
0.04685,-2.9594238
0.046852,-3.236812
0.046854,-3.5604317
0.046856,-3.7915885
0.046858,-4.068977
0.04686,-4.2539024
0.046862,-4.4388275
0.046864,-4.577522
0.046866,-4.716216
0.046868,-4.85491
0.04687,-4.947373
0.046872,-4.993604
0.046874,-5.0398355
0.046876,-4.993604
0.046878,-4.993604
0.04688,-4.947373
0.046882,-4.85491
0.046884,-4.716216
0.046886,-4.577522
0.046888,-4.4388275
0.04689,-4.2539024
0.046892,-4.022745
0.046894,-3.7915885
0.046896,-3.5142004
0.046898,-3.236812
0.0469,-2.9594238
0.046902,-2.6358042
0.046904,-2.3121846
0.046906,-1.9423337
0.046908,-1.5724826
0.04691,-1.2488632
0.046912,-0.8790121
0.046914,-0.5091615
0.046916,-0.09307861
0.046918,0.27677202
0.04692,0.64662313
0.046922,1.0164738
0.046924,1.3863249
0.046926,1.756176
0.046928,2.0797954
0.04693,2.4496465
0.046932,2.7732663
0.046934,3.0968862
0.046936,3.3742738
0.046938,3.6516623
0.04694,3.8828197
0.046942,4.113976
0.046944,4.3451324
0.046946,4.483826
0.046948,4.668752
0.04695,4.7612157
0.046951998,4.8999095
0.046954,4.946141
0.046956,4.992371
0.046958,5.0386033
0.04696,5.0386033
0.046962,4.992371
0.046964,4.8999095
0.046966,4.807446
0.046968,4.7149835
0.04697,4.5300584
0.046972,4.3913646
0.046974,4.2064385
0.046976,3.9752812
0.046978,3.6978936
0.04698,3.4667363
0.046982,3.1431174
0.046984,2.8657289
0.046986,2.542109
0.046988,2.172258
0.04699,1.8486385
0.046992,1.4787879
0.046994,1.1551685
0.046996,0.7390857
0.046998,0.36923456
0.047,-6.160736E-4
0.047002,-0.3704667
0.047004,-0.78654957
0.047006,-1.1564007
0.047008,-1.48002
0.04701,-1.8498712
0.047012,-2.1734905
0.047013998,-2.5433414
0.047016,-2.866961
0.047018,-3.1443493
0.04702,-3.467969
0.047022,-3.6991258
0.047024,-3.976514
0.047026,-4.2076707
0.047028,-4.3925962
0.04703,-4.5312905
0.047032,-4.669985
0.047034,-4.8086786
0.047036,-4.9011416
0.047038,-4.993604
0.04704,-4.993604
0.047042,-5.0398355
0.047044,-4.993604
0.047046,-4.947373
0.047048,-4.85491
0.04705,-4.7624474
0.047052,-4.623753
0.047054,-4.4850593
0.047056,-4.3001337
0.047058,-4.115208
0.04706,-3.8840513
0.047062,-3.6066632
0.047064,-3.329275
0.047066,-3.0518866
0.047068,-2.728267
0.04707,-2.4046474
0.047072,-2.081028
0.047074,-1.7111769
0.047075998,-1.387557
0.047078,-1.0177064
0.04708,-0.601624
0.047082,-0.2317729
0.047084,0.13807821
0.047086,0.50792885
0.047088,0.92401123
0.04709,1.2938623
0.047092,1.6174817
0.047094,1.9873328
0.047096,2.3109517
0.047098,2.6808028
0.0471,2.9581914
0.047102,3.2818112
0.047104,3.5591989
0.047106,3.8365874
0.047108,4.0677447
0.04711,4.252671
0.047112,4.437596
0.047114,4.622521
0.047116,4.7612157
0.047118,4.8536773
0.04712,4.946141
0.047122,4.992371
0.047124,5.0386033
0.047126,5.0386033
0.047128,4.992371
0.04713,4.946141
0.047132,4.8536773
0.047134,4.7149835
0.047136,4.5762897
0.047137998,4.437596
0.04714,4.252671
0.047142,4.0215135
0.047144,3.7903562
0.047146,3.5591989
0.047148,3.23558
0.04715,2.9581914
0.047152,2.6345725
0.047154,2.3109517
0.047156,1.9411016
0.047158,1.6174817
0.04716,1.2476311
0.047162,0.87777996
0.047164,0.50792885
0.047166,0.13807821
0.047168,-0.27800417
0.04717,-0.6478553
0.047172,-1.0177064
0.047174,-1.387557
0.047176,-1.7111769
0.047178,-2.081028
0.04718,-2.4046474
0.047182,-2.728267
0.047184,-3.0518866
0.047186,-3.3755062
0.047188,-3.6528945
0.04719,-3.8840513
0.047192,-4.115208
0.047194,-4.346365
0.047196,-4.4850593
0.047198,-4.623753
0.047199998,-4.7624474
0.047202,-4.9011416
0.047204,-4.947373
0.047206,-4.993604
0.047208,-5.0398355
0.04721,-4.993604
0.047212,-4.947373
0.047214,-4.9011416
0.047216,-4.8086786
0.047218,-4.669985
0.04722,-4.5312905
0.047222,-4.3925962
0.047224,-4.2076707
0.047226,-3.976514
0.047228,-3.6991258
0.04723,-3.467969
0.047232,-3.1443493
0.047234,-2.866961
0.047236,-2.5433414
0.047238,-2.1734905
0.04724,-1.8498712
0.047242,-1.48002
0.047244,-1.1101689
0.047246,-0.7403178
0.047248,-0.3704667
0.04725,-6.160736E-4
0.047252,0.4154663
0.047254,0.7853174
0.047256,1.1551685
0.047258,1.4787879
0.04726,1.8486385
0.047261998,2.2184901
0.047264,2.542109
0.047266,2.8657289
0.047268,3.1893477
0.04727,3.4667363
0.047272,3.744125
0.047274,3.9752812
0.047276,4.2064385
0.047278,4.3913646
0.04728,4.5300584
0.047282,4.7149835
0.047284,4.807446
0.047286,4.8999095
0.047288,4.992371
0.04729,5.0386033
0.047292,5.0386033
0.047294,4.992371
0.047296,4.946141
0.047298,4.8999095
0.0473,4.7612157
0.047302,4.622521
0.047304,4.483826
0.047306,4.3451324
0.047308,4.113976
0.04731,3.8828197
0.047312,3.6516623
0.047314,3.3742738
0.047316,3.050654
0.047318,2.727035
0.04732,2.4034152
0.047322,2.0797954
0.047323998,1.7099442
0.047326,1.3863249
0.047328,1.0164738
0.04733,0.64662313
0.047332,0.23054075
0.047334,-0.13931036
0.047336,-0.5091615
0.047338,-0.8790121
0.04734,-1.2488632
0.047342,-1.6187139
0.047344,-1.9423337
0.047346,-2.3121846
0.047348,-2.6358042
0.04735,-2.9594238
0.047352,-3.2830436
0.047354,-3.5604317
0.047356,-3.7915885
0.047358,-4.068977
0.04736,-4.2539024
0.047362,-4.4388275
0.047364,-4.577522
0.047366,-4.716216
0.047368,-4.85491
0.04737,-4.947373
0.047372,-4.993604
0.047374,-4.993604
0.047376,-5.0398355
0.047378,-4.993604
0.04738,-4.947373
0.047382,-4.85491
0.047384,-4.716216
0.047385998,-4.577522
0.047388,-4.4388275
0.04739,-4.2539024
0.047392,-4.022745
0.047394,-3.7915885
0.047396,-3.5604317
0.047398,-3.236812
0.0474,-2.9594238
0.047402,-2.6358042
0.047404,-2.3121846
0.047406,-1.9423337
0.047408,-1.5724826
0.04741,-1.2488632
0.047412,-0.8790121
0.047414,-0.5091615
0.047416,-0.09307861
0.047418,0.27677202
0.04742,0.64662313
0.047422,1.0164738
0.047424,1.3863249
0.047426,1.756176
0.047428,2.0797954
0.04743,2.4496465
0.047432,2.7732663
0.047434,3.0968862
0.047436,3.3742738
0.047438,3.6516623
0.04744,3.8828197
0.047442,4.113976
0.047444,4.3451324
0.047446,4.483826
0.047447998,4.668752
0.04745,4.807446
0.047452,4.8999095
0.047454,4.946141
0.047456,4.992371
0.047458,5.0386033
0.04746,5.0386033
0.047462,4.992371
0.047464,4.8999095
0.047466,4.807446
0.047468,4.7149835
0.04747,4.5300584
0.047472,4.3913646
0.047474,4.2064385
0.047476,3.9752812
0.047478,3.6978936
0.04748,3.4667363
0.047482,3.1431174
0.047484,2.8657289
0.047486,2.542109
0.047488,2.172258
0.04749,1.8486385
0.047492,1.4787879
0.047494,1.1551685
0.047496,0.7390857
0.047498,0.36923456
0.0475,-6.160736E-4
0.047502,-0.3704667
0.047504,-0.78654957
0.047506,-1.1564007
0.047508,-1.48002
0.047509998,-1.8498712
0.047512,-2.1734905
0.047514,-2.5433414
0.047516,-2.866961
0.047518,-3.1443493
0.04752,-3.467969
0.047522,-3.6991258
0.047524,-3.976514
0.047526,-4.2076707
0.047528,-4.3925962
0.04753,-4.5312905
0.047532,-4.669985
0.047534,-4.8086786
0.047536,-4.9011416
0.047538,-4.993604
0.04754,-4.993604
0.047542,-5.0398355
0.047544,-4.993604
0.047546,-4.947373
0.047548,-4.85491
0.04755,-4.7624474
0.047552,-4.623753
0.047554,-4.4850593
0.047556,-4.3001337
0.047558,-4.115208
0.04756,-3.8840513
0.047562,-3.6066632
0.047564,-3.329275
0.047566,-3.0518866
0.047568,-2.728267
0.04757,-2.4046474
0.047571998,-2.081028
0.047574,-1.7111769
0.047576,-1.387557
0.047578,-1.0177064
0.04758,-0.601624
0.047582,-0.2317729
0.047584,0.13807821
0.047586,0.50792885
0.047588,0.92401123
0.04759,1.2938623
0.047592,1.6174817
0.047594,1.9873328
0.047596,2.3109517
0.047598,2.6808028
0.0476,2.9581914
0.047602,3.2818112
0.047604,3.5591989
0.047606,3.8365874
0.047608,4.0677447
0.04761,4.252671
0.047612,4.437596
0.047614,4.622521
0.047616,4.7612157
0.047618,4.8536773
0.04762,4.946141
0.047622,4.992371
0.047624,5.0386033
0.047626,5.0386033
0.047628,4.992371
0.04763,4.946141
0.047632,4.8536773
0.047633998,4.7149835
0.047636,4.5762897
0.047638,4.437596
0.04764,4.252671
0.047642,4.0215135
0.047644,3.7903562
0.047646,3.5591989
0.047648,3.23558
0.04765,2.9581914
0.047652,2.6345725
0.047654,2.3109517
0.047656,1.9411016
0.047658,1.6174817
0.04766,1.2476311
0.047662,0.87777996
0.047664,0.50792885
0.047666,0.13807821
0.047668,-0.27800417
0.04767,-0.6478553
0.047672,-1.0177064
0.047674,-1.387557
0.047676,-1.7111769
0.047678,-2.081028
0.04768,-2.4046474
0.047682,-2.728267
0.047684,-3.0518866
0.047686,-3.3755062
0.047688,-3.6528945
0.04769,-3.8840513
0.047692,-4.115208
0.047694,-4.346365
0.047695998,-4.4850593
0.047698,-4.623753
0.0477,-4.7624474
0.047702,-4.9011416
0.047704,-4.947373
0.047706,-4.993604
0.047708,-5.0398355
0.04771,-4.993604
0.047712,-4.947373
0.047714,-4.9011416
0.047716,-4.8086786
0.047718,-4.669985
0.04772,-4.5312905
0.047722,-4.3925962
0.047724,-4.2076707
0.047726,-3.976514
0.047728,-3.6991258
0.04773,-3.467969
0.047732,-3.1443493
0.047734,-2.866961
0.047736,-2.5433414
0.047738,-2.1734905
0.04774,-1.8498712
0.047742,-1.48002
0.047744,-1.1101689
0.047746,-0.7403178
0.047748,-0.3704667
0.04775,0.23054075
0.047752,1.8024073
0.047754,3.2818112
0.047756,4.3451324
0.047757998,4.8536773
0.04776,4.7612157
0.047762,4.113976
0.047764,2.9119601
0.047766,1.3863249
0.047768,-0.32423592
0.04777,-1.9423337
0.047772,-3.4217377
0.047774,-4.4388275
0.047776,-4.9011416
0.047778,-4.7624474
0.04778,-4.068977
0.047782,-2.9131925
0.047784,-1.3413262
0.047786,0.4154663
0.047788,2.0797954
0.04779,3.5129685
0.047792,4.483826
0.047794,4.8999095
0.047796,4.7149835
0.047798,3.9752812
0.0478,2.727035
0.047802,1.2013993
0.047804,-0.55539227
0.047806,-2.1734905
0.047808,-3.5604317
0.04781,-4.5312905
0.047812,-4.9011416
0.047814,-4.716216
0.047816,-3.9302826
0.047818,-2.6820357
0.047819998,-1.0639377
0.047822,0.6928544
0.047824,2.3109517
0.047826,3.6978936
0.047828,4.5762897
0.04783,4.8999095
0.047832,4.668752
0.047834,3.8365874
0.047836,2.542109
0.047838,0.970243
0.04784,-0.78654957
0.047842,-2.3584158
0.047844,-3.745357
0.047846,-4.623753
0.047848,-4.9011416
0.04785,-4.623753
0.047852,-3.7915885
0.047854,-2.4508786
0.047856,-0.83278084
0.047858,0.92401123
0.04786,2.542109
0.047862,3.8365874
0.047864,4.668752
0.047866,4.8999095
0.047868,4.5762897
0.04787,3.6978936
0.047872,2.3109517
0.047874,0.6928544
0.047876,-1.0177064
0.047878,-2.589573
0.04788,-3.8840513
0.047881998,-4.669985
0.047884,-4.9011416
0.047886,-4.5312905
0.047888,-3.6066632
0.04789,-2.2197218
0.047892,-0.601624
0.047894,1.1551685
0.047896,2.727035
0.047898,4.0215135
0.0479,4.7149835
0.047902,4.8999095
0.047904,4.483826
0.047906,3.5129685
0.047908,2.126027
0.04791,0.46169758
0.047912,-1.2488632
0.047914,-2.8207297
0.047916,-4.068977
0.047918,-4.7624474
0.04792,-4.9011416
0.047922,-4.4388275
0.047924,-3.4217377
0.047926,-1.9885652
0.047928,-0.32423592
0.04793,1.4325566
0.047932,2.9581914
0.047934,4.1602073
0.047936,4.807446
0.047938,4.8999095
0.04794,4.3913646
0.047942,3.3280425
0.047943998,1.8948698
0.047946,0.23054075
0.047948,-1.48002
0.04795,-3.0056553
0.047952,-4.2076707
0.047954,-4.8086786
0.047956,-4.85491
0.047958,-4.346365
0.04796,-3.236812
0.047962,-1.7574081
0.047964,-0.09307861
0.047966,1.6174817
0.047968,3.1431174
0.04797,4.252671
0.047972,4.8536773
0.047974,4.8536773
0.047976,4.252671
0.047978,3.1431174
0.04798,1.6637135
0.047982,-0.046847343
0.047984,-1.7111769
0.047986,-3.1905808
0.047988,-4.3001337
0.04799,-4.85491
0.047992,-4.8086786
0.047994,-4.2076707
0.047996,-3.098118
0.047998,-1.5262513
0.048,0.184309
0.048002,1.8486385
0.048004,3.3280425
0.048005998,4.3913646
0.048008,4.8999095
0.04801,4.807446
0.048012,4.1602073
0.048014,2.9581914
0.048016,1.4325566
0.048018,-0.27800417
0.04802,-1.9423337
0.048022,-3.3755062
0.048024,-4.4388275
0.048026,-4.9011416
0.048028,-4.7624474
0.04803,-4.068977
0.048032,-2.866961
0.048034,-1.3413262
0.048036,0.4154663
0.048038,2.0797954
0.04804,3.5129685
0.048042,4.483826
0.048044,4.8999095
0.048046,4.7149835
0.048048,3.9752812
0.04805,2.727035
0.048051998,1.2013993
0.048054,-0.5091615
0.048056,-2.1734905
0.048058,-3.5604317
0.04806,-4.5312905
0.048062,-4.9011416
0.048064,-4.669985
0.048066,-3.9302826
0.048068,-2.6820357
0.04807,-1.0639377
0.048072,0.6928544
0.048074,2.3109517
0.048076,3.6978936
0.048078,4.5762897
0.04808,4.946141
0.048082,4.668752
0.048084,3.8365874
0.048086,2.542109
0.048088,0.970243
0.04809,-0.78654957
0.048092,-2.3584158
0.048094,-3.745357
0.048096,-4.623753
0.048098,-4.9011416
0.0481,-4.623753
0.048102,-3.7915885
0.048104,-2.4508786
0.048106,-0.83278084
0.048108,0.92401123
0.04811,2.542109
0.048112,3.8365874
0.048113998,4.668752
0.048116,4.8999095
0.048118,4.5762897
0.04812,3.6978936
0.048122,2.3109517
0.048124,0.6928544
0.048126,-1.0177064
0.048128,-2.589573
0.04813,-3.8840513
0.048132,-4.669985
0.048134,-4.9011416
0.048136,-4.5312905
0.048138,-3.6066632
0.04814,-2.2197218
0.048142,-0.601624
0.048144,1.1551685
0.048146,2.727035
0.048148,3.9752812
0.04815,4.7149835
0.048152,4.8999095
0.048154,4.483826
0.048156,3.5129685
0.048158,2.0797954
0.04816,0.46169758
0.048162,-1.2488632
0.048164,-2.8207297
0.048166,-4.068977
0.048168,-4.7624474
0.04817,-4.9011416
0.048172,-4.4388275
0.048174,-3.4217377
0.048175998,-1.9885652
0.048178,-0.32423592
0.04818,1.4325566
0.048182,2.9581914
0.048184,4.1602073
0.048186,4.807446
0.048188,4.8999095
0.04819,4.3913646
0.048192,3.3280425
0.048194,1.8948698
0.048196,0.23054075
0.048198,-1.48002
0.0482,-3.0056553
0.048202,-4.2076707
0.048204,-4.8086786
0.048206,-4.85491
0.048208,-4.346365
0.04821,-3.236812
0.048212,-1.7574081
0.048214,-0.09307861
0.048216,1.6174817
0.048218,3.1431174
0.04822,4.298901
0.048222,4.8536773
0.048224,4.8536773
0.048226,4.252671
0.048228,3.1431174
0.04823,1.6637135
0.048232,-0.046847343
0.048234,-1.7111769
0.048236,-3.1905808
0.048237998,-4.346365
0.04824,-4.85491
0.048242,-4.8086786
0.048244,-4.2076707
0.048246,-3.098118
0.048248,-1.5262513
0.04825,0.184309
0.048252,1.8486385
0.048254,3.3280425
0.048256,4.3913646
0.048258,4.8536773
0.04826,4.807446
0.048262,4.113976
0.048264,2.9581914
0.048266,1.4325566
0.048268,-0.27800417
0.04827,-1.9423337
0.048272,-3.4217377
0.048274,-4.4388275
0.048276,-4.9011416
0.048278,-4.7624474
0.04828,-4.068977
0.048282,-2.866961
0.048284,-1.3413262
0.048286,0.4154663
0.048288,2.0797954
0.04829,3.5129685
0.048292,4.483826
0.048294,4.8999095
0.048296,4.7149835
0.048298,3.9752812
0.048299998,2.727035
0.048302,1.2013993
0.048304,-0.55539227
0.048306,-2.1734905
0.048308,-3.5604317
0.04831,-4.5312905
0.048312,-4.9011416
0.048314,-4.669985
0.048316,-3.9302826
0.048318,-2.6820357
0.04832,-1.0639377
0.048322,0.6928544
0.048324,2.3109517
0.048326,3.6978936
0.048328,4.5762897
0.04833,4.8999095
0.048332,4.668752
0.048334,3.8365874
0.048336,2.542109
0.048338,0.970243
0.04834,-0.78654957
0.048342,-2.3584158
0.048344,-3.745357
0.048346,-4.623753
0.048348,-4.9011416
0.04835,-4.623753
0.048352,-3.7915885
0.048354,-2.4508786
0.048356,-0.83278084
0.048358,0.92401123
0.04836,2.542109
0.048361998,3.8365874
0.048364,4.668752
0.048366,4.8999095
0.048368,4.5762897
0.04837,3.6978936
0.048372,2.3109517
0.048374,0.6928544
0.048376,-1.0177064
0.048378,-2.589573
0.04838,-3.8840513
0.048382,-4.669985
0.048384,-4.9011416
0.048386,-4.5312905
0.048388,-3.6066632
0.04839,-2.2197218
0.048392,-0.601624
0.048394,1.1551685
0.048396,2.727035
0.048398,4.0215135
0.0484,4.7149835
0.048402,4.8999095
0.048404,4.483826
0.048406,3.5129685
0.048408,2.0797954
0.04841,0.46169758
0.048412,-1.2488632
0.048414,-2.8207297
0.048416,-4.068977
0.048418,-4.7624474
0.04842,-4.9011416
0.048422,-4.4388275
0.048423998,-3.4217377
0.048426,-1.9885652
0.048428,-0.32423592
0.04843,1.4325566
0.048432,2.9581914
0.048434,4.1602073
0.048436,4.807446
0.048438,4.8999095
0.04844,4.3913646
0.048442,3.3280425
0.048444,1.8948698
0.048446,0.23054075
0.048448,-1.48002
0.04845,-3.0056553
0.048452,-4.2076707
0.048454,-4.8086786
0.048456,-4.85491
0.048458,-4.346365
0.04846,-3.2830436
0.048462,-1.7574081
0.048464,-0.09307861
0.048466,1.6174817
0.048468,3.1431174
0.04847,4.298901
0.048472,4.8536773
0.048474,4.8536773
0.048476,4.252671
0.048478,3.1431174
0.04848,1.6637135
0.048482,-0.046847343
0.048484,-1.7111769
0.048485998,-3.1905808
0.048488,-4.346365
0.04849,-4.85491
0.048492,-4.8086786
0.048494,-4.2076707
0.048496,-3.0518866
0.048498,-1.5262513
0.0485,0.184309
0.048502,1.8486385
0.048504,3.3280425
0.048506,4.3913646
0.048508,4.8999095
0.04851,4.807446
0.048512,4.1602073
0.048514,2.9581914
0.048516,1.4325566
0.048518,-0.27800417
0.04852,-1.9423337
0.048522,-3.3755062
0.048524,-4.4388275
0.048526,-4.9011416
0.048528,-4.7624474
0.04853,-4.068977
0.048532,-2.866961
0.048534,-1.2950945
0.048536,0.4154663
0.048538,2.0797954
0.04854,3.5129685
0.048542,4.483826
0.048544,4.8999095
0.048546,4.7149835
0.048547998,3.9752812
0.04855,2.727035
0.048552,1.2013993
0.048554,-0.55539227
0.048556,-2.1734905
0.048558,-3.5604317
0.04856,-4.5312905
0.048562,-4.9011416
0.048564,-4.669985
0.048566,-3.9302826
0.048568,-2.6820357
0.04857,-1.0639377
0.048572,0.6928544
0.048574,2.3109517
0.048576,3.6978936
0.048578,4.5762897
0.04858,4.8999095
0.048582,4.668752
0.048584,3.8365874
0.048586,2.542109
0.048588,0.970243
0.04859,-0.78654957
0.048592,-2.3584158
0.048594,-3.745357
0.048596,-4.623753
0.048598,-4.9011416
0.0486,-4.623753
0.048602,-3.7915885
0.048604,-2.4508786
0.048606,-0.83278084
0.048608,0.92401123
0.048609998,2.542109
0.048612,3.8365874
0.048614,4.668752
0.048616,4.8999095
0.048618,4.5762897
0.04862,3.6978936
0.048622,2.3109517
0.048624,0.6928544
0.048626,-1.0177064
0.048628,-2.589573
0.04863,-3.9302826
0.048632,-4.669985
0.048634,-4.9011416
0.048636,-4.5312905
0.048638,-3.6066632
0.04864,-2.2197218
0.048642,-0.55539227
0.048644,1.1551685
0.048646,2.727035
0.048648,4.0215135
0.04865,4.7149835
0.048652,4.8999095
0.048654,4.483826
0.048656,3.5129685
0.048658,2.126027
0.04866,0.46169758
0.048662,-1.2488632
0.048664,-2.8207297
0.048666,-4.068977
0.048668,-4.7624474
0.04867,-4.9011416
0.048671998,-4.4388275
0.048674,-3.4217377
0.048676,-1.9885652
0.048678,-0.32423592
0.04868,1.4325566
0.048682,2.9581914
0.048684,4.1602073
0.048686,4.807446
0.048688,4.8999095
0.04869,4.3913646
0.048692,3.3280425
0.048694,1.8948698
0.048696,0.23054075
0.048698,-1.48002
0.0487,-3.0056553
0.048702,-4.2076707
0.048704,-4.8086786
0.048706,-4.85491
0.048708,-4.346365
0.04871,-3.236812
0.048712,-1.7574081
0.048714,-0.09307861
0.048716,1.6174817
0.048718,3.1431174
0.04872,4.298901
0.048722,4.8536773
0.048724,4.8536773
0.048726,4.252671
0.048728,3.1431174
0.04873,1.6637135
0.048732,-0.046847343
0.048733998,-1.7111769
0.048736,-3.1905808
0.048738,-4.346365
0.04874,-4.85491
0.048742,-4.8086786
0.048744,-4.2076707
0.048746,-3.0518866
0.048748,-1.5262513
0.04875,-6.160736E-4
0.048752,0.46169758
0.048754,0.8315482
0.048756,1.2013993
0.048758,1.5250192
0.04876,1.8948698
0.048762,2.2647214
0.048764,2.5883412
0.048766,2.9119601
0.048768,3.1893477
0.04877,3.4667363
0.048772,3.744125
0.048774,4.0215135
0.048776,4.2064385
0.048778,4.437596
0.04878,4.5762897
0.048782,4.7149835
0.048784,4.8536773
0.048786,4.946141
0.048788,4.992371
0.04879,5.0386033
0.048792,5.0386033
0.048794,5.0386033
0.048795998,4.946141
0.048798,4.8999095
0.0488,4.807446
0.048802,4.668752
0.048804,4.483826
0.048806,4.3451324
0.048808,4.113976
0.04881,3.8828197
0.048812,3.6516623
0.048814,3.3742738
0.048816,3.050654
0.048818,2.727035
0.04882,2.4034152
0.048822,2.0797954
0.048824,1.7099442
0.048826,1.3863249
0.048828,1.0164738
0.04883,0.64662313
0.048832,0.27677202
0.048834,-0.13931036
0.048836,-0.5091615
0.048838,-0.8790121
0.04884,-1.2488632
0.048842,-1.6187139
0.048844,-1.9423337
0.048846,-2.3121846
0.048848,-2.6358042
0.04885,-2.9594238
0.048852,-3.2830436
0.048854,-3.5604317
0.048856,-3.7915885
0.048857998,-4.068977
0.04886,-4.2539024
0.048862,-4.4388275
0.048864,-4.577522
0.048866,-4.716216
0.048868,-4.85491
0.04887,-4.947373
0.048872,-4.993604
0.048874,-5.0398355
0.048876,-4.993604
0.048878,-4.993604
0.04888,-4.947373
0.048882,-4.85491
0.048884,-4.716216
0.048886,-4.577522
0.048888,-4.4388275
0.04889,-4.2539024
0.048892,-4.022745
0.048894,-3.7915885
0.048896,-3.5142004
0.048898,-3.236812
0.0489,-2.9594238
0.048902,-2.6358042
0.048904,-2.3121846
0.048906,-1.9423337
0.048908,-1.5724826
0.04891,-1.2488632
0.048912,-0.8790121
0.048914,-0.5091615
0.048916,-0.09307861
0.048918,0.27677202
0.048919998,0.64662313
0.048922,1.0164738
0.048924,1.3863249
0.048926,1.756176
0.048928,2.0797954
0.04893,2.4496465
0.048932,2.7732663
0.048934,3.0968862
0.048936,3.3742738
0.048938,3.6516623
0.04894,3.8828197
0.048942,4.113976
0.048944,4.3451324
0.048946,4.483826
0.048948,4.668752
0.04895,4.807446
0.048952,4.8999095
0.048954,4.946141
0.048956,4.992371
0.048958,5.0386033
0.04896,5.0386033
0.048962,4.992371
0.048964,4.8999095
0.048966,4.807446
0.048968,4.668752
0.04897,4.5300584
0.048972,4.3913646
0.048974,4.2064385
0.048976,3.9752812
0.048978,3.6978936
0.04898,3.4667363
0.048981998,3.1431174
0.048984,2.8657289
0.048986,2.542109
0.048988,2.172258
0.04899,1.8486385
0.048992,1.4787879
0.048994,1.1551685
0.048996,0.7390857
0.048998,0.36923456
0.049,-6.160736E-4
0.049002,-0.3704667
0.049004,-0.78654957
0.049006,-1.1564007
0.049008,-1.48002
0.04901,-1.8498712
0.049012,-2.1734905
0.049014,-2.5433414
0.049016,-2.866961
0.049018,-3.1443493
0.04902,-3.467969
0.049022,-3.6991258
0.049024,-3.976514
0.049026,-4.2076707
0.049028,-4.3925962
0.04903,-4.5312905
0.049032,-4.669985
0.049034,-4.8086786
0.049036,-4.9011416
0.049038,-4.993604
0.04904,-4.993604
0.049042,-5.0398355
0.049043998,-4.993604
0.049046,-4.947373
0.049048,-4.85491
0.04905,-4.7624474
0.049052,-4.623753
0.049054,-4.4850593
0.049056,-4.346365
0.049058,-4.115208
0.04906,-3.8840513
0.049062,-3.6066632
0.049064,-3.329275
0.049066,-3.0518866
0.049068,-2.728267
0.04907,-2.4046474
0.049072,-2.081028
0.049074,-1.7111769
0.049076,-1.387557
0.049078,-1.0177064
0.04908,-0.601624
0.049082,-0.2317729
0.049084,0.13807821
0.049086,0.50792885
0.049088,0.92401123
0.04909,1.2938623
0.049092,1.6174817
0.049094,1.9873328
0.049096,2.3109517
0.049098,2.6345725
0.0491,2.9581914
0.049102,3.2818112
0.049104,3.5591989
0.049105998,3.8365874
0.049108,4.0677447
0.04911,4.298901
0.049112,4.437596
0.049114,4.622521
0.049116,4.7612157
0.049118,4.8536773
0.04912,4.946141
0.049122,4.992371
0.049124,5.0386033
0.049126,5.0386033
0.049128,4.992371
0.04913,4.946141
0.049132,4.8536773
0.049134,4.7149835
0.049136,4.5762897
0.049138,4.437596
0.04914,4.252671
0.049142,4.0677447
0.049144,3.7903562
0.049146,3.5591989
0.049148,3.23558
0.04915,2.9581914
0.049152,2.6345725
0.049154,2.3109517
0.049156,1.9411016
0.049158,1.6174817
0.04916,1.2476311
0.049162,0.87777996
0.049164,0.50792885
0.049166,0.13807821
0.049167998,-0.27800417
0.04917,-0.6478553
0.049172,-1.0177064
0.049174,-1.387557
0.049176,-1.7111769
0.049178,-2.081028
0.04918,-2.4046474
0.049182,-2.728267
0.049184,-3.0518866
0.049186,-3.3755062
0.049188,-3.6528945
0.04919,-3.8840513
0.049192,-4.115208
0.049194,-4.346365
0.049196,-4.4850593
0.049198,-4.623753
0.0492,-4.7624474
0.049202,-4.9011416
0.049204,-4.947373
0.049206,-4.993604
0.049208,-5.0398355
0.04921,-4.993604
0.049212,-4.993604
0.049213998,-4.9011416
0.049216,-4.8086786
0.049218,-4.669985
0.04922,-4.5312905
0.049222,-4.3925962
0.049224,-4.2076707
0.049226,-3.976514
0.049228,-3.6991258
0.04923,-3.4217377
0.049232,-3.1443493
0.049234,-2.866961
0.049236,-2.5433414
0.049238,-2.1734905
0.04924,-1.8498712
0.049242,-1.48002
0.049244,-1.1101689
0.049246,-0.7403178
0.049248,-0.3704667
0.04925,-6.160736E-4
0.049252,0.4154663
0.049254,0.7853174
0.049256,1.1551685
0.049258,1.5250192
0.04926,1.8486385
0.049262,2.2184901
0.049264,2.542109
0.049266,2.8657289
0.049268,3.1893477
0.04927,3.4667363
0.049272,3.744125
0.049274,3.9752812
0.049275998,4.2064385
0.049278,4.3913646
0.04928,4.5300584
0.049282,4.7149835
0.049284,4.807446
0.049286,4.8999095
0.049288,4.992371
0.04929,5.0386033
0.049292,5.0386033
0.049294,4.992371
0.049296,4.946141
0.049298,4.8999095
0.0493,4.7612157
0.049302,4.622521
0.049304,4.483826
0.049306,4.3451324
0.049308,4.113976
0.04931,3.8828197
0.049312,3.605431
0.049314,3.3742738
0.049316,3.050654
0.049318,2.727035
0.04932,2.4034152
0.049322,2.0797954
0.049324,1.7099442
0.049326,1.3863249
0.049328,1.0164738
0.04933,0.64662313
0.049332,0.23054075
0.049334,-0.13931036
0.049336,-0.5091615
0.049337998,-0.8790121
0.04934,-1.2488632
0.049342,-1.6187139
0.049344,-1.9423337
0.049346,-2.3121846
0.049348,-2.6358042
0.04935,-2.9594238
0.049352,-3.2830436
0.049354,-3.5604317
0.049356,-3.7915885
0.049358,-4.068977
0.04936,-4.2539024
0.049362,-4.4388275
0.049364,-4.577522
0.049366,-4.716216
0.049368,-4.85491
0.04937,-4.947373
0.049372,-4.993604
0.049374,-5.0398355
0.049376,-4.993604
0.049378,-4.993604
0.04938,-4.947373
0.049382,-4.85491
0.049384,-4.716216
0.049386,-4.577522
0.049388,-4.4388275
0.04939,-4.2539024
0.049392,-4.022745
0.049394,-3.7915885
0.049396,-3.5142004
0.049398,-3.236812
0.049399998,-2.9594238
0.049402,-2.6358042
0.049404,-2.3121846
0.049406,-1.9423337
0.049408,-1.5724826
0.04941,-1.2488632
0.049412,-0.8790121
0.049414,-0.5091615
0.049416,-0.09307861
0.049418,0.27677202
0.04942,0.64662313
0.049422,1.0164738
0.049424,1.3863249
0.049426,1.756176
0.049428,2.0797954
0.04943,2.4496465
0.049432,2.7732663
0.049434,3.0968862
0.049436,3.3742738
0.049438,3.6516623
0.04944,3.8828197
0.049442,4.113976
0.049444,4.3451324
0.049446,4.483826
0.049448,4.668752
0.04945,4.807446
0.049452,4.8999095
0.049454,4.946141
0.049456,4.992371
0.049458,5.0386033
0.04946,5.0386033
0.049461998,4.992371
0.049464,4.8999095
0.049466,4.807446
0.049468,4.668752
0.04947,4.5300584
0.049472,4.3913646
0.049474,4.2064385
0.049476,3.9752812
0.049478,3.6978936
0.04948,3.4667363
0.049482,3.1431174
0.049484,2.8657289
0.049486,2.542109
0.049488,2.172258
0.04949,1.8486385
0.049492,1.4787879
0.049494,1.1089368
0.049496,0.7390857
0.049498,0.36923456
0.0495,-6.160736E-4
0.049502,-0.3704667
0.049504,-0.78654957
0.049506,-1.1564007
0.049508,-1.48002
0.04951,-1.8498712
0.049512,-2.1734905
0.049514,-2.5433414
0.049516,-2.866961
0.049518,-3.1443493
0.04952,-3.467969
0.049522,-3.6991258
0.049523998,-3.976514
0.049526,-4.2076707
0.049528,-4.3925962
0.04953,-4.5312905
0.049532,-4.669985
0.049534,-4.8086786
0.049536,-4.9011416
0.049538,-4.993604
0.04954,-4.993604
0.049542,-5.0398355
0.049544,-4.993604
0.049546,-4.947373
0.049548,-4.85491
0.04955,-4.7624474
0.049552,-4.623753
0.049554,-4.4850593
0.049556,-4.346365
0.049558,-4.115208
0.04956,-3.8840513
0.049562,-3.6066632
0.049564,-3.329275
0.049566,-3.0518866
0.049568,-2.728267
0.04957,-2.4046474
0.049572,-2.081028
0.049574,-1.7111769
0.049576,-1.387557
0.049578,-1.0177064
0.04958,-0.601624
0.049582,-0.2317729
0.049584,0.13807821
0.049585998,0.50792885
0.049588,0.92401123
0.04959,1.2938623
0.049592,1.6174817
0.049594,1.9873328
0.049596,2.3109517
0.049598,2.6808028
0.0496,2.9581914
0.049602,3.2818112
0.049604,3.5591989
0.049606,3.8365874
0.049608,4.0677447
0.04961,4.252671
0.049612,4.437596
0.049614,4.622521
0.049616,4.7612157
0.049618,4.8536773
0.04962,4.946141
0.049622,4.992371
0.049624,5.0386033
0.049626,5.0386033
0.049628,4.992371
0.04963,4.946141
0.049632,4.8536773
0.049634,4.7149835
0.049636,4.5762897
0.049638,4.437596
0.04964,4.252671
0.049642,4.0215135
0.049644,3.7903562
0.049646,3.5591989
0.049647998,3.23558
0.04965,2.9581914
0.049652,2.6345725
0.049654,2.3109517
0.049656,1.9411016
0.049658,1.6174817
0.04966,1.2476311
0.049662,0.87777996
0.049664,0.50792885
0.049666,0.13807821
0.049668,-0.27800417
0.04967,-0.6478553
0.049672,-1.0177064
0.049674,-1.387557
0.049676,-1.7111769
0.049678,-2.081028
0.04968,-2.4046474
0.049682,-2.728267
0.049684,-3.0518866
0.049686,-3.3755062
0.049688,-3.6528945
0.04969,-3.8840513
0.049692,-4.115208
0.049694,-4.346365
0.049696,-4.4850593
0.049698,-4.623753
0.0497,-4.7624474
0.049702,-4.9011416
0.049704,-4.947373
0.049706,-4.993604
0.049708,-5.0398355
0.049709998,-4.993604
0.049712,-4.993604
0.049714,-4.9011416
0.049716,-4.8086786
0.049718,-4.669985
0.04972,-4.5312905
0.049722,-4.3925962
0.049724,-4.2076707
0.049726,-3.976514
0.049728,-3.6991258
0.04973,-3.4217377
0.049732,-3.1443493
0.049734,-2.866961
0.049736,-2.5433414
0.049738,-2.1734905
0.04974,-1.8498712
0.049742,-1.48002
0.049744,-1.1101689
0.049746,-0.7403178
0.049748,-0.3704667
0.04975,0.23054075
0.049752,1.8024073
0.049754,3.2818112
0.049756,4.3451324
0.049758,4.8536773
0.04976,4.7612157
0.049762,4.113976
0.049764,2.9119601
0.049766,1.3863249
0.049768,-0.32423592
0.04977,-1.9423337
0.049771998,-3.4217377
0.049774,-4.4388275
0.049776,-4.9011416
0.049778,-4.7624474
0.04978,-4.068977
0.049782,-2.866961
0.049784,-1.3413262
0.049786,0.4154663
0.049788,2.0797954
0.04979,3.5129685
0.049792,4.483826
0.049794,4.8999095
0.049796,4.7149835
0.049798,3.9752812
0.0498,2.727035
0.049802,1.2013993
0.049804,-0.55539227
0.049806,-2.1734905
0.049808,-3.6066632
0.04981,-4.5312905
0.049812,-4.9011416
0.049814,-4.669985
0.049816,-3.9302826
0.049818,-2.6820357
0.04982,-1.0639377
0.049822,0.6928544
0.049824,2.3109517
0.049826,3.6978936
0.049828,4.5762897
0.04983,4.8999095
0.049832,4.668752
0.049833998,3.8365874
0.049836,2.542109
0.049838,0.92401123
0.04984,-0.78654957
0.049842,-2.4046474
0.049844,-3.745357
0.049846,-4.623753
0.049848,-4.9011416
0.04985,-4.623753
0.049852,-3.7915885
0.049854,-2.4508786
0.049856,-0.83278084
0.049858,0.92401123
0.04986,2.542109
0.049862,3.8365874
0.049864,4.668752
0.049866,4.8999095
0.049868,4.5762897
0.04987,3.6978936
0.049872,2.3109517
0.049874,0.6928544
0.049876,-1.0177064
0.049878,-2.589573
0.04988,-3.9302826
0.049882,-4.669985
0.049884,-4.9011416
0.049886,-4.5312905
0.049888,-3.6066632
0.04989,-2.2197218
0.049892,-0.55539227
0.049894,1.2013993
0.049895998,2.727035
0.049898,4.0215135
0.0499,4.7149835
0.049902,4.8999095
0.049904,4.483826
0.049906,3.5129685
0.049908,2.0797954
0.04991,0.46169758
0.049912,-1.2488632
0.049914,-2.8207297
0.049916,-4.068977
0.049918,-4.7624474
0.04992,-4.9011416
0.049922,-4.4388275
0.049924,-3.4217377
0.049926,-1.9885652
0.049928,-0.32423592
0.04993,1.4325566
0.049932,2.9581914
0.049934,4.1602073
0.049936,4.807446
0.049938,4.8999095
0.04994,4.3913646
0.049942,3.3280425
0.049944,1.8486385
0.049946,0.23054075
0.049948,-1.48002
0.04995,-3.0056553
0.049952,-4.2076707
0.049954,-4.8086786
0.049956,-4.85491
0.049957998,-4.346365
0.04996,-3.236812
0.049962,-1.7574081
0.049964,-0.046847343
0.049966,1.6174817
0.049968,3.1431174
0.04997,4.298901
0.049972,4.8536773
0.049974,4.8536773
0.049976,4.252671
0.049978,3.1431174
0.04998,1.6174817
0.049982,-0.046847343
0.049984,-1.7111769
0.049986,-3.1905808
0.049988,-4.346365
0.04999,-4.85491
0.049992,-4.8086786
0.049994,-4.2076707
0.049996,-3.0518866
0.049998,-1.5262513
0.05,0.184309
0.050002,1.8486385
0.050004,3.3280425
0.050006,4.3913646
0.050008,4.8999095
0.05001,4.807446
0.050012,4.113976
0.050014,2.9581914
0.050016,1.4325566
0.050018,-0.27800417
0.050019998,-1.9423337
0.050022,-3.4217377
0.050024,-4.4388275
0.050026,-4.9011416
0.050028,-4.7624474
0.05003,-4.068977
0.050032,-2.866961
0.050034,-1.2950945
0.050036,0.4154663
0.050038,2.0797954
0.05004,3.5129685
0.050042,4.483826
0.050044,4.8999095
0.050046,4.7149835
0.050048,3.9752812
0.05005,2.727035
0.050052,1.2013993
0.050054,-0.55539227
0.050056,-2.1734905
0.050058,-3.6066632
0.05006,-4.5312905
0.050062,-4.9011416
0.050064,-4.669985
0.050066,-3.9302826
0.050068,-2.6820357
0.05007,-1.0639377
0.050072,0.6928544
0.050074,2.3109517
0.050076,3.6978936
0.050078,4.5762897
0.05008,4.8999095
0.050081998,4.668752
0.050084,3.8365874
0.050086,2.542109
0.050088,0.92401123
0.05009,-0.78654957
0.050092,-2.4046474
0.050094,-3.745357
0.050096,-4.623753
0.050098,-4.9011416
0.0501,-4.623753
0.050102,-3.7915885
0.050104,-2.4508786
0.050106,-0.83278084
0.050108,0.92401123
0.05011,2.542109
0.050112,3.8365874
0.050114,4.668752
0.050116,4.8999095
0.050118,4.5762897
0.05012,3.6978936
0.050122,2.3109517
0.050124,0.6928544
0.050126,-1.0177064
0.050128,-2.589573
0.05013,-3.9302826
0.050132,-4.669985
0.050134,-4.9011416
0.050136,-4.5312905
0.050138,-3.6066632
0.05014,-2.2197218
0.050142,-0.55539227
0.050143998,1.2013993
0.050146,2.7732663
0.050148,4.0215135
0.05015,4.7149835
0.050152,4.8999095
0.050154,4.483826
0.050156,3.5129685
0.050158,2.0797954
0.05016,0.46169758
0.050162,-1.2488632
0.050164,-2.8207297
0.050166,-4.068977
0.050168,-4.7624474
0.05017,-4.9011416
0.050172,-4.4388275
0.050174,-3.4217377
0.050176,-1.9885652
0.050178,-0.32423592
0.05018,1.4325566
0.050182,2.9581914
0.050184,4.1602073
0.050186,4.807446
0.050188,4.8999095
0.05019,4.3913646
0.050192,3.3280425
0.050194,1.8486385
0.050196,0.184309
0.050198,-1.48002
0.0502,-3.0056553
0.050202,-4.2076707
0.050204,-4.8086786
0.050205998,-4.85491
0.050208,-4.346365
0.05021,-3.236812
0.050212,-1.7574081
0.050214,-0.046847343
0.050216,1.6174817
0.050218,3.1431174
0.05022,4.298901
0.050222,4.8536773
0.050224,4.8536773
0.050226,4.252671
0.050228,3.1431174
0.05023,1.6174817
0.050232,-0.046847343
0.050234,-1.7111769
0.050236,-3.236812
0.050238,-4.346365
0.05024,-4.85491
0.050242,-4.8086786
0.050244,-4.2076707
0.050246,-3.0518866
0.050248,-1.5262513
0.05025,0.184309
0.050252,1.8486385
0.050254,3.3280425
0.050256,4.3913646
0.050258,4.8999095
0.05026,4.807446
0.050262,4.113976
0.050264,2.9581914
0.050266,1.4325566
0.050267998,-0.27800417
0.05027,-1.9423337
0.050272,-3.4217377
0.050274,-4.4388275
0.050276,-4.9011416
0.050278,-4.7624474
0.05028,-4.068977
0.050282,-2.866961
0.050284,-1.2950945
0.050286,0.46169758
0.050288,2.0797954
0.05029,3.5129685
0.050292,4.483826
0.050294,4.8999095
0.050296,4.7149835
0.050298,3.9752812
0.0503,2.727035
0.050302,1.2013993
0.050304,-0.55539227
0.050306,-2.1734905
0.050308,-3.6066632
0.05031,-4.5312905
0.050312,-4.9011416
0.050313998,-4.669985
0.050316,-3.9302826
0.050318,-2.6820357
0.05032,-1.0639377
0.050322,0.6928544
0.050324,2.3109517
0.050326,3.6978936
0.050328,4.5762897
0.050329998,4.8999095
0.050332,4.668752
0.050334,3.8365874
0.050336,2.542109
0.050338,0.92401123
0.05034,-0.78654957
0.050342,-2.4046474
0.050344,-3.745357
0.050346,-4.623753
0.050348,-4.9011416
0.05035,-4.623753
0.050352,-3.7915885
0.050354,-2.4508786
0.050356,-0.83278084
0.050358,0.92401123
0.05036,2.542109
0.050362,3.8365874
0.050364,4.668752
0.050366,4.8999095
0.050368,4.5762897
0.05037,3.6978936
0.050372,2.3109517
0.050374,0.6928544
0.050375998,-1.0177064
0.050378,-2.589573
0.05038,-3.9302826
0.050382,-4.669985
0.050384,-4.9011416
0.050386,-4.5312905
0.050388,-3.6066632
0.05039,-2.2197218
0.050392,-0.55539227
0.050394,1.2013993
0.050396,2.7732663
0.050398,4.0215135
0.0504,4.7149835
0.050402,4.8999095
0.050404,4.483826
0.050406,3.5129685
0.050408,2.0797954
0.05041,0.46169758
0.050412,-1.2488632
0.050414,-2.8207297
0.050416,-4.068977
0.050418,-4.7624474
0.05042,-4.9011416
0.050422,-4.4388275
0.050424,-3.4217377
0.050426,-1.9885652
0.050428,-0.32423592
0.05043,1.4325566
0.050432,2.9581914
0.050434,4.1602073
0.050436,4.807446
0.050437998,4.8999095
0.05044,4.3913646
0.050442,3.3280425
0.050444,1.8486385
0.050446,0.184309
0.050448,-1.48002
0.05045,-3.0056553
0.050452,-4.2076707
0.050454,-4.8086786
0.050456,-4.85491
0.050458,-4.346365
0.05046,-3.236812
0.050462,-1.7574081
0.050464,-0.046847343
0.050466,1.6174817
0.050468,3.1431174
0.05047,4.298901
0.050472,4.8536773
0.050474,4.8536773
0.050476,4.252671
0.050478,3.1431174
0.05048,1.6174817
0.050482,-0.046847343
0.050484,-1.7111769
0.050486,-3.236812
0.050488,-4.346365
0.05049,-4.85491
0.050492,-4.8086786
0.050494,-4.2076707
0.050496,-3.0518866
0.050498,-1.5262513
0.050499998,0.184309
0.050502,1.8486385
0.050504,3.3280425
0.050506,4.3913646
0.050508,4.8999095
0.05051,4.807446
0.050512,4.113976
0.050514,2.9581914
0.050516,1.4325566
0.050518,-0.27800417
0.05052,-1.9423337
0.050522,-3.4217377
0.050524,-4.4388275
0.050526,-4.9011416
0.050528,-4.7624474
0.05053,-4.068977
0.050532,-2.866961
0.050534,-1.2950945
0.050536,0.46169758
0.050538,2.0797954
0.05054,3.5129685
0.050542,4.483826
0.050544,4.8999095
0.050546,4.7149835
0.050548,3.9752812
0.05055,2.727035
0.050552,1.2013993
0.050554,-0.55539227
0.050556,-2.1734905
0.050558,-3.6066632
0.05056,-4.5312905
0.050561998,-4.9011416
0.050564,-4.669985
0.050566,-3.9302826
0.050568,-2.6820357
0.05057,-1.0639377
0.050572,0.6928544
0.050574,2.3109517
0.050576,3.6978936
0.050578,4.5762897
0.05058,4.8999095
0.050582,4.668752
0.050584,3.8365874
0.050586,2.542109
0.050588,0.92401123
0.05059,-0.78654957
0.050592,-2.4046474
0.050594,-3.745357
0.050596,-4.623753
0.050598,-4.9011416
0.0506,-4.623753
0.050602,-3.745357
0.050604,-2.4508786
0.050606,-0.83278084
0.050608,0.92401123
0.05061,2.542109
0.050612,3.8365874
0.050614,4.668752
0.050616,4.8999095
0.050618,4.5762897
0.05062,3.6978936
0.050622,2.3109517
0.050623998,0.6928544
0.050626,-1.0177064
0.050628,-2.589573
0.05063,-3.9302826
0.050632,-4.669985
0.050634,-4.9011416
0.050636,-4.5312905
0.050638,-3.6066632
0.05064,-2.2197218
0.050642,-0.55539227
0.050644,1.2013993
0.050646,2.7732663
0.050648,4.0215135
0.05065,4.7149835
0.050652,4.8999095
0.050654,4.483826
0.050656,3.5129685
0.050658,2.0797954
0.05066,0.46169758
0.050662,-1.2488632
0.050664,-2.8207297
0.050666,-4.068977
0.050668,-4.7624474
0.05067,-4.9011416
0.050672,-4.4388275
0.050674,-3.4217377
0.050676,-1.9885652
0.050678,-0.32423592
0.05068,1.4325566
0.050682,2.9581914
0.050684,4.1602073
0.050685998,4.807446
0.050688,4.8999095
0.05069,4.3913646
0.050692,3.3280425
0.050694,1.8486385
0.050696,0.184309
0.050698,-1.48002
0.0507,-3.0056553
0.050702,-4.2076707
0.050704,-4.8086786
0.050706,-4.85491
0.050708,-4.346365
0.05071,-3.236812
0.050712,-1.7574081
0.050714,-0.046847343
0.050716,1.6174817
0.050718,3.1431174
0.05072,4.298901
0.050722,4.8536773
0.050724,4.8536773
0.050726,4.252671
0.050728,3.1431174
0.05073,1.6174817
0.050732,-0.046847343
0.050734,-1.7111769
0.050736,-3.236812
0.050738,-4.346365
0.05074,-4.85491
0.050742,-4.8086786
0.050744,-4.2076707
0.050746,-3.0518866
0.050747998,-1.5262513
0.05075,-6.160736E-4
0.050752,0.46169758
0.050754,0.8315482
0.050756,1.2013993
0.050758,1.5250192
0.05076,1.8948698
0.050762,2.2647214
0.050764,2.5883412
0.050766,2.9119601
0.050768,3.1893477
0.05077,3.4667363
0.050772,3.744125
0.050774,4.0215135
0.050776,4.2064385
0.050778,4.437596
0.05078,4.5762897
0.050782,4.7149835
0.050784,4.8536773
0.050786,4.946141
0.050788,4.992371
0.05079,5.0386033
0.050792,5.0386033
0.050794,5.0386033
0.050796,4.946141
0.050798,4.8999095
0.0508,4.7612157
0.050802,4.668752
0.050804,4.483826
0.050806,4.3451324
0.050808,4.113976
0.050809998,3.8828197
0.050812,3.6516623
0.050814,3.3742738
0.050816,3.050654
0.050818,2.727035
0.05082,2.4034152
0.050822,2.0797954
0.050824,1.7099442
0.050826,1.3863249
0.050828,1.0164738
0.05083,0.64662313
0.050832,0.27677202
0.050834,-0.13931036
0.050836,-0.5091615
0.050838,-0.8790121
0.05084,-1.2488632
0.050842,-1.6187139
0.050844,-1.9423337
0.050846,-2.3121846
0.050848,-2.6358042
0.05085,-2.9594238
0.050852,-3.2830436
0.050854,-3.5604317
0.050856,-3.7915885
0.050858,-4.068977
0.05086,-4.2539024
0.050862,-4.4388275
0.050864,-4.577522
0.050866,-4.716216
0.050868,-4.85491
0.05087,-4.947373
0.050871998,-4.993604
0.050874,-5.0398355
0.050876,-5.0398355
0.050878,-4.993604
0.05088,-4.947373
0.050882,-4.85491
0.050884,-4.716216
0.050886,-4.577522
0.050888,-4.4388275
0.05089,-4.2539024
0.050892,-4.022745
0.050894,-3.7915885
0.050896,-3.5142004
0.050898,-3.236812
0.0509,-2.9594238
0.050902,-2.6358042
0.050904,-2.3121846
0.050906,-1.9423337
0.050908,-1.5724826
0.05091,-1.2488632
0.050912,-0.8790121
0.050914,-0.5091615
0.050916,-0.09307861
0.050918,0.27677202
0.05092,0.64662313
0.050922,1.0164738
0.050924,1.3863249
0.050926,1.756176
0.050928,2.0797954
0.05093,2.4496465
0.050932,2.7732663
0.050933998,3.0968862
0.050936,3.3742738
0.050938,3.6516623
0.05094,3.8828197
0.050942,4.113976
0.050944,4.3451324
0.050946,4.483826
0.050948,4.668752
0.05095,4.807446
0.050952,4.8999095
0.050954,4.946141
0.050956,4.992371
0.050958,5.0386033
0.05096,5.0386033
0.050962,4.992371
0.050964,4.8999095
0.050966,4.807446
0.050968,4.668752
0.05097,4.5300584
0.050972,4.3913646
0.050974,4.2064385
0.050976,3.9752812
0.050978,3.6978936
0.05098,3.4667363
0.050982,3.1431174
0.050984,2.8657289
0.050986,2.542109
0.050988,2.172258
0.05099,1.8486385
0.050992,1.4787879
0.050994,1.1089368
0.050995998,0.7390857
0.050998,0.36923456
0.051,-6.160736E-4
0.051002,-0.3704667
0.051004,-0.78654957
0.051006,-1.1564007
0.051008,-1.48002
0.05101,-1.8498712
0.051012,-2.1734905
0.051014,-2.5433414
0.051016,-2.866961
0.051018,-3.1443493
0.05102,-3.467969
0.051022,-3.745357
0.051024,-3.976514
0.051026,-4.2076707
0.051028,-4.3925962
0.05103,-4.5312905
0.051032,-4.669985
0.051034,-4.8086786
0.051036,-4.9011416
0.051038,-4.993604
0.05104,-4.993604
0.051042,-5.0398355
0.051044,-4.993604
0.051046,-4.947373
0.051048,-4.85491
0.05105,-4.7624474
0.051052,-4.623753
0.051054,-4.4850593
0.051056,-4.3001337
0.051057998,-4.115208
0.05106,-3.8840513
0.051062,-3.6066632
0.051064,-3.329275
0.051066,-3.0518866
0.051068,-2.728267
0.05107,-2.4046474
0.051072,-2.081028
0.051074,-1.7111769
0.051076,-1.387557
0.051078,-1.0177064
0.05108,-0.601624
0.051082,-0.2317729
0.051084,0.13807821
0.051086,0.5541601
0.051088,0.92401123
0.05109,1.2938623
0.051092,1.6174817
0.051094,1.9873328
0.051096,2.3109517
0.051098,2.6808028
0.0511,2.9581914
0.051102,3.2818112
0.051104,3.5591989
0.051106,3.8365874
0.051108,4.0677447
0.05111,4.252671
0.051112,4.437596
0.051114,4.622521
0.051116,4.7612157
0.051118,4.8536773
0.051119998,4.946141
0.051122,4.992371
0.051124,5.0386033
0.051126,5.0386033
0.051128,4.992371
0.05113,4.946141
0.051132,4.8536773
0.051134,4.7149835
0.051136,4.5762897
0.051138,4.437596
0.05114,4.252671
0.051142,4.0215135
0.051144,3.7903562
0.051146,3.5591989
0.051148,3.23558
0.05115,2.9581914
0.051152,2.6345725
0.051154,2.3109517
0.051156,1.9411016
0.051158,1.6174817
0.05116,1.2476311
0.051162,0.87777996
0.051164,0.50792885
0.051166,0.13807821
0.051168,-0.27800417
0.05117,-0.6478553
0.051172,-1.0177064
0.051174,-1.387557
0.051176,-1.7111769
0.051178,-2.081028
0.05118,-2.4046474
0.051181998,-2.7744985
0.051184,-3.0518866
0.051186,-3.3755062
0.051188,-3.6528945
0.05119,-3.8840513
0.051192,-4.115208
0.051194,-4.346365
0.051196,-4.4850593
0.051198,-4.623753
0.0512,-4.7624474
0.051202,-4.9011416
0.051204,-4.947373
0.051206,-4.993604
0.051208,-5.0398355
0.05121,-4.993604
0.051212,-4.947373
0.051214,-4.9011416
0.051216,-4.8086786
0.051218,-4.669985
0.05122,-4.5312905
0.051222,-4.3925962
0.051224,-4.1614394
0.051226,-3.976514
0.051228,-3.6991258
0.05123,-3.4217377
0.051232,-3.1443493
0.051234,-2.866961
0.051236,-2.5433414
0.051238,-2.1734905
0.05124,-1.8498712
0.051242,-1.48002
0.051243998,-1.1101689
0.051246,-0.7403178
0.051248,-0.3704667
0.05125,0.045615196
0.051252,0.4154663
0.051254,0.7853174
0.051256,1.1551685
0.051258,1.5250192
0.05126,1.8486385
0.051262,2.2184901
0.051264,2.542109
0.051266,2.8657289
0.051268,3.1893477
0.05127,3.4667363
0.051272,3.744125
0.051274,3.9752812
0.051276,4.2064385
0.051278,4.3913646
0.05128,4.5762897
0.051282,4.7149835
0.051284,4.807446
0.051286,4.8999095
0.051288,4.992371
0.05129,5.0386033
0.051292,5.0386033
0.051294,4.992371
0.051296,4.946141
0.051298,4.8999095
0.0513,4.7612157
0.051302,4.622521
0.051304,4.483826
0.051305998,4.3451324
0.051308,4.113976
0.05131,3.8828197
0.051312,3.6516623
0.051314,3.3742738
0.051316,3.050654
0.051318,2.727035
0.05132,2.4034152
0.051322,2.0797954
0.051324,1.7099442
0.051326,1.3863249
0.051328,1.0164738
0.05133,0.64662313
0.051332,0.23054075
0.051334,-0.13931036
0.051336,-0.5091615
0.051338,-0.8790121
0.05134,-1.2488632
0.051342,-1.6187139
0.051344,-1.9423337
0.051346,-2.3121846
0.051348,-2.6358042
0.05135,-2.9594238
0.051352,-3.2830436
0.051354,-3.5604317
0.051356,-3.7915885
0.051358,-4.068977
0.05136,-4.2539024
0.051362,-4.4388275
0.051364,-4.577522
0.051366,-4.716216
0.051367998,-4.85491
0.05137,-4.947373
0.051372,-4.993604
0.051374,-5.0398355
0.051376,-4.993604
0.051378,-4.993604
0.05138,-4.947373
0.051382,-4.85491
0.051384,-4.716216
0.051386,-4.577522
0.051388,-4.4388275
0.05139,-4.2539024
0.051392,-4.022745
0.051394,-3.7915885
0.051396,-3.5142004
0.051398,-3.236812
0.0514,-2.9594238
0.051402,-2.6358042
0.051404,-2.3121846
0.051406,-1.9423337
0.051408,-1.5724826
0.05141,-1.2488632
0.051412,-0.8790121
0.051413998,-0.5091615
0.051416,-0.09307861
0.051418,0.27677202
0.05142,0.64662313
0.051422,1.0164738
0.051424,1.3863249
0.051426,1.756176
0.051428,2.0797954
0.051429998,2.4496465
0.051432,2.7732663
0.051434,3.0968862
0.051436,3.3742738
0.051438,3.6516623
0.05144,3.8828197
0.051442,4.113976
0.051444,4.3451324
0.051446,4.483826
0.051448,4.668752
0.05145,4.807446
0.051452,4.8999095
0.051454,4.946141
0.051456,4.992371
0.051458,5.0386033
0.05146,5.0386033
0.051462,4.992371
0.051464,4.8999095
0.051466,4.807446
0.051468,4.668752
0.05147,4.5300584
0.051472,4.3913646
0.051474,4.2064385
0.051475998,3.9752812
0.051478,3.6978936
0.05148,3.4667363
0.051482,3.1431174
0.051484,2.8657289
0.051486,2.542109
0.051488,2.172258
0.05149,1.8486385
0.051491998,1.4787879
0.051494,1.1089368
0.051496,0.7390857
0.051498,0.36923456
0.0515,-6.160736E-4
0.051502,-0.3704667
0.051504,-0.78654957
0.051506,-1.1564007
0.051508,-1.48002
0.05151,-1.8498712
0.051512,-2.1734905
0.051514,-2.5433414
0.051516,-2.866961
0.051518,-3.1443493
0.05152,-3.467969
0.051522,-3.6991258
0.051524,-3.976514
0.051526,-4.2076707
0.051528,-4.3925962
0.05153,-4.5312905
0.051532,-4.669985
0.051534,-4.8086786
0.051536,-4.9011416
0.051537998,-4.993604
0.05154,-4.993604
0.051542,-5.0398355
0.051544,-4.993604
0.051546,-4.947373
0.051548,-4.85491
0.05155,-4.7624474
0.051552,-4.623753
0.051554,-4.4850593
0.051556,-4.3001337
0.051558,-4.115208
0.05156,-3.8840513
0.051562,-3.6066632
0.051564,-3.329275
0.051566,-3.0518866
0.051568,-2.728267
0.05157,-2.4046474
0.051572,-2.081028
0.051574,-1.7111769
0.051576,-1.387557
0.051578,-1.0177064
0.05158,-0.601624
0.051582,-0.2317729
0.051584,0.13807821
0.051586,0.5541601
0.051588,0.92401123
0.05159,1.2938623
0.051592,1.6174817
0.051594,1.9873328
0.051596,2.3109517
0.051598,2.6808028
0.051599998,2.9581914
0.051602,3.2818112
0.051604,3.5591989
0.051606,3.8365874
0.051608,4.0677447
0.05161,4.298901
0.051612,4.437596
0.051614,4.622521
0.051616,4.7612157
0.051618,4.8536773
0.05162,4.946141
0.051622,4.992371
0.051624,5.0386033
0.051626,5.0386033
0.051628,4.992371
0.05163,4.946141
0.051632,4.8536773
0.051634,4.7149835
0.051636,4.5762897
0.051638,4.437596
0.05164,4.252671
0.051642,4.0215135
0.051644,3.7903562
0.051646,3.5591989
0.051648,3.23558
0.05165,2.9581914
0.051652,2.6345725
0.051654,2.3109517
0.051656,1.9411016
0.051658,1.6174817
0.05166,1.2476311
0.051661998,0.87777996
0.051664,0.50792885
0.051666,0.13807821
0.051668,-0.27800417
0.05167,-0.6478553
0.051672,-1.0177064
0.051674,-1.387557
0.051676,-1.7111769
0.051678,-2.081028
0.05168,-2.4046474
0.051682,-2.7744985
0.051684,-3.0518866
0.051686,-3.3755062
0.051688,-3.6528945
0.05169,-3.8840513
0.051692,-4.115208
0.051694,-4.346365
0.051696,-4.4850593
0.051698,-4.623753
0.0517,-4.7624474
0.051702,-4.9011416
0.051704,-4.947373
0.051706,-4.993604
0.051708,-5.0398355
0.05171,-4.993604
0.051712,-4.993604
0.051714,-4.9011416
0.051716,-4.8086786
0.051718,-4.669985
0.05172,-4.5312905
0.051722,-4.3925962
0.051723998,-4.1614394
0.051726,-3.976514
0.051728,-3.6991258
0.05173,-3.4217377
0.051732,-3.1443493
0.051734,-2.866961
0.051736,-2.5433414
0.051738,-2.1734905
0.05174,-1.8498712
0.051742,-1.48002
0.051744,-1.1101689
0.051746,-0.7403178
0.051748,-0.3704667
0.05175,0.23054075
0.051752,1.8486385
0.051754,3.2818112
0.051756,4.3451324
0.051758,4.8536773
0.05176,4.7612157
0.051762,4.113976
0.051764,2.9119601
0.051766,1.3863249
0.051768,-0.32423592
0.05177,-1.9885652
0.051772,-3.4217377
0.051774,-4.4388275
0.051776,-4.9011416
0.051778,-4.7624474
0.05178,-4.068977
0.051782,-2.866961
0.051784,-1.3413262
0.051785998,0.4154663
0.051788,2.0797954
0.05179,3.5129685
0.051792,4.483826
0.051794,4.8999095
0.051796,4.7149835
0.051798,3.9752812
0.0518,2.727035
0.051802,1.1551685
0.051804,-0.55539227
0.051806,-2.1734905
0.051808,-3.6066632
0.05181,-4.5312905
0.051812,-4.9011416
0.051814,-4.669985
0.051816,-3.9302826
0.051818,-2.6820357
0.05182,-1.0639377
0.051822,0.6928544
0.051824,2.3109517
0.051826,3.6978936
0.051828,4.5762897
0.05183,4.8999095
0.051832,4.668752
0.051834,3.8365874
0.051836,2.542109
0.051838,0.92401123
0.05184,-0.78654957
0.051842,-2.4046474
0.051844,-3.745357
0.051846,-4.623753
0.051847998,-4.9011416
0.05185,-4.623753
0.051852,-3.745357
0.051854,-2.4508786
0.051856,-0.83278084
0.051858,0.92401123
0.05186,2.542109
0.051862,3.8365874
0.051864,4.668752
0.051866,4.8999095
0.051868,4.5762897
0.05187,3.6978936
0.051872,2.3109517
0.051874,0.6928544
0.051876,-1.0177064
0.051878,-2.589573
0.05188,-3.9302826
0.051882,-4.669985
0.051884,-4.9011416
0.051886,-4.5312905
0.051888,-3.6066632
0.05189,-2.2197218
0.051892,-0.55539227
0.051894,1.2013993
0.051896,2.7732663
0.051898,4.0215135
0.0519,4.7612157
0.051902,4.8999095
0.051904,4.483826
0.051906,3.5129685
0.051908,2.0797954
0.051909998,0.46169758
0.051912,-1.2950945
0.051914,-2.8207297
0.051916,-4.068977
0.051918,-4.7624474
0.05192,-4.9011416
0.051922,-4.4388275
0.051924,-3.4217377
0.051926,-1.9885652
0.051928,-0.32423592
0.05193,1.4325566
0.051932,2.9581914
0.051934,4.1602073
0.051936,4.807446
0.051938,4.8999095
0.05194,4.3913646
0.051942,3.3280425
0.051944,1.8486385
0.051946,0.184309
0.051948,-1.48002
0.05195,-3.0056553
0.051952,-4.2076707
0.051954,-4.8086786
0.051956,-4.85491
0.051958,-4.346365
0.05196,-3.236812
0.051962,-1.7574081
0.051964,-0.046847343
0.051966,1.6637135
0.051968,3.1431174
0.05197,4.298901
0.051971998,4.8536773
0.051974,4.8536773
0.051976,4.252671
0.051978,3.1431174
0.05198,1.6174817
0.051982,-0.046847343
0.051984,-1.7111769
0.051986,-3.236812
0.051988,-4.346365
0.05199,-4.85491
0.051992,-4.8086786
0.051994,-4.2076707
0.051996,-3.0518866
0.051998,-1.5262513
0.052,0.184309
0.052002,1.8948698
0.052004,3.3280425
0.052006,4.3913646
0.052008,4.8999095
0.05201,4.807446
0.052012,4.113976
0.052014,2.9581914
0.052016,1.4325566
0.052018,-0.27800417
0.05202,-1.9423337
0.052022,-3.4217377
0.052024,-4.4388275
0.052026,-4.9011416
0.052028,-4.7624474
0.05203,-4.068977
0.052032,-2.866961
0.052033998,-1.2950945
0.052036,0.46169758
0.052038,2.126027
0.05204,3.5129685
0.052042,4.483826
0.052044,4.8999095
0.052046,4.7149835
0.052048,3.9752812
0.05205,2.727035
0.052052,1.2013993
0.052054,-0.55539227
0.052056,-2.1734905
0.052058,-3.6066632
0.05206,-4.5312905
0.052062,-4.9011416
0.052064,-4.669985
0.052066,-3.9302826
0.052068,-2.6358042
0.05207,-1.0639377
0.052072,0.6928544
0.052074,2.3109517
0.052076,3.6978936
0.052078,4.5762897
0.05208,4.8999095
0.052082,4.668752
0.052084,3.8365874
0.052086,2.542109
0.052088,0.92401123
0.05209,-0.78654957
0.052092,-2.4046474
0.052094,-3.745357
0.052095998,-4.623753
0.052098,-4.9011416
0.0521,-4.623753
0.052102,-3.745357
0.052104,-2.4508786
0.052106,-0.78654957
0.052108,0.92401123
0.05211,2.542109
0.052112,3.8828197
0.052114,4.668752
0.052116,4.8999095
0.052118,4.5762897
0.05212,3.6516623
0.052122,2.3109517
0.052124,0.6928544
0.052126,-1.0177064
0.052128,-2.589573
0.05213,-3.9302826
0.052132,-4.716216
0.052134,-4.9011416
0.052136,-4.5312905
0.052138,-3.6066632
0.05214,-2.2197218
0.052142,-0.55539227
0.052144,1.2013993
0.052146,2.7732663
0.052148,4.0215135
0.05215,4.7612157
0.052152,4.8999095
0.052154,4.483826
0.052156,3.5129685
0.052157998,2.0797954
0.05216,0.46169758
0.052162,-1.2950945
0.052164,-2.8207297
0.052166,-4.068977
0.052168,-4.7624474
0.05217,-4.9011416
0.052172,-4.4388275
0.052174,-3.4217377
0.052176,-1.9885652
0.052178,-0.32423592
0.05218,1.4325566
0.052182,2.9581914
0.052184,4.1602073
0.052186,4.807446
0.052188,4.8999095
0.05219,4.3913646
0.052192,3.3280425
0.052194,1.8486385
0.052196,0.184309
0.052198,-1.48002
0.0522,-3.0056553
0.052202,-4.2076707
0.052204,-4.8086786
0.052206,-4.85491
0.052208,-4.346365
0.05221,-3.236812
0.052212,-1.7574081
0.052214,-0.046847343
0.052216,1.6637135
0.052218,3.1431174
0.052219998,4.298901
0.052222,4.8536773
0.052224,4.8536773
0.052226,4.252671
0.052228,3.1431174
0.05223,1.6174817
0.052232,-0.046847343
0.052234,-1.7111769
0.052236,-3.236812
0.052238,-4.346365
0.05224,-4.85491
0.052242,-4.8086786
0.052244,-4.2076707
0.052246,-3.0518866
0.052248,-1.5262513
0.05225,0.184309
0.052252,1.8948698
0.052254,3.3742738
0.052256,4.3913646
0.052258,4.8999095
0.05226,4.807446
0.052262,4.113976
0.052264,2.9581914
0.052266,1.4325566
0.052268,-0.32423592
0.05227,-1.9423337
0.052272,-3.4217377
0.052274,-4.4388275
0.052276,-4.9011416
0.052278,-4.7624474
0.05228,-4.068977
0.052281998,-2.866961
0.052284,-1.2950945
0.052286,0.46169758
0.052288,2.126027
0.05229,3.5129685
0.052292,4.483826
0.052294,4.8999095
0.052296,4.7149835
0.052298,3.9752812
0.0523,2.727035
0.052302,1.1551685
0.052304,-0.55539227
0.052306,-2.1734905
0.052308,-3.6066632
0.05231,-4.5312905
0.052312,-4.9011416
0.052314,-4.669985
0.052316,-3.9302826
0.052318,-2.6358042
0.05232,-1.0639377
0.052322,0.6928544
0.052324,2.3109517
0.052326,3.6978936
0.052328,4.5762897
0.05233,4.8999095
0.052332,4.668752
0.052334,3.8365874
0.052336,2.542109
0.052338,0.92401123
0.05234,-0.78654957
0.052342,-2.4046474
0.052343998,-3.745357
0.052346,-4.623753
0.052348,-4.9011416
0.05235,-4.623753
0.052352,-3.745357
0.052354,-2.4508786
0.052356,-0.78654957
0.052358,0.92401123
0.05236,2.542109
0.052362,3.8828197
0.052364,4.668752
0.052366,4.8999095
0.052368,4.5762897
0.05237,3.6516623
0.052372,2.3109517
0.052374,0.6928544
0.052376,-1.0177064
0.052378,-2.589573
0.05238,-3.9302826
0.052382,-4.669985
0.052384,-4.9011416
0.052386,-4.5312905
0.052388,-3.6066632
0.05239,-2.2197218
0.052392,-0.55539227
0.052394,1.2013993
0.052396,2.7732663
0.052398,4.0215135
0.0524,4.7149835
0.052402,4.8999095
0.052404,4.483826
0.052405998,3.5129685
0.052408,2.0797954
0.05241,0.46169758
0.052412,-1.2950945
0.052414,-2.8207297
0.052416,-4.068977
0.052418,-4.7624474
0.05242,-4.9011416
0.052422,-4.4388275
0.052424,-3.4217377
0.052426,-1.9885652
0.052428,-0.32423592
0.05243,1.4325566
0.052432,2.9581914
0.052434,4.1602073
0.052436,4.807446
0.052438,4.8999095
0.05244,4.3913646
0.052442,3.3280425
0.052444,1.8486385
0.052446,0.184309
0.052448,-1.48002
0.05245,-3.0056553
0.052452,-4.2076707
0.052454,-4.8086786
0.052456,-4.85491
0.052458,-4.346365
0.05246,-3.236812
0.052462,-1.7574081
0.052464,-0.046847343
0.052466,1.6637135
0.052467998,3.1431174
0.05247,4.298901
0.052472,4.8536773
0.052474,4.8536773
0.052476,4.252671
0.052478,3.1431174
0.05248,1.6174817
0.052482,-0.046847343
0.052484,-1.7111769
0.052486,-3.236812
0.052488,-4.346365
0.05249,-4.85491
0.052492,-4.8086786
0.052494,-4.2076707
0.052496,-3.0518866
0.052498,-1.5262513
0.0525,0.184309
0.052502,1.8948698
0.052504,3.3280425
0.052506,4.3913646
0.052508,4.8999095
0.05251,4.807446
0.052512,4.113976
0.052514,2.9581914
0.052516,1.4325566
0.052518,-0.32423592
0.05252,-1.9423337
0.052522,-3.4217377
0.052524,-4.4388275
0.052526,-4.9011416
0.052528,-4.7624474
0.052529998,-4.068977
0.052532,-2.866961
0.052534,-1.2950945
0.052536,0.46169758
0.052538,2.126027
0.05254,3.5129685
0.052542,4.483826
0.052544,4.8999095
0.052546,4.7149835
0.052548,3.9752812
0.05255,2.727035
0.052552,1.1551685
0.052554,-0.55539227
0.052556,-2.1734905
0.052558,-3.6066632
0.05256,-4.5312905
0.052562,-4.9011416
0.052564,-4.669985
0.052566,-3.9302826
0.052568,-2.6358042
0.05257,-1.0639377
0.052572,0.6928544
0.052574,2.3109517
0.052575998,3.6978936
0.052578,4.5762897
0.05258,4.8999095
0.052582,4.668752
0.052584,3.8365874
0.052586,2.542109
0.052588,0.92401123
0.05259,-0.78654957
0.052591998,-2.4046474
0.052594,-3.745357
0.052596,-4.623753
0.052598,-4.9011416
0.0526,-4.623753
0.052602,-3.745357
0.052604,-2.4508786
0.052606,-0.78654957
0.052608,0.92401123
0.05261,2.542109
0.052612,3.8828197
0.052614,4.668752
0.052616,4.8999095
0.052618,4.5762897
0.05262,3.6516623
0.052622,2.3109517
0.052624,0.6928544
0.052626,-1.0177064
0.052628,-2.589573
0.05263,-3.9302826
0.052632,-4.669985
0.052634,-4.9011416
0.052636,-4.5312905
0.052637998,-3.6066632
0.05264,-2.2197218
0.052642,-0.55539227
0.052644,1.2013993
0.052646,2.7732663
0.052648,4.0215135
0.05265,4.7612157
0.052652,4.8999095
0.052653998,4.483826
0.052656,3.5129685
0.052658,2.0797954
0.05266,0.46169758
0.052662,-1.2950945
0.052664,-2.8207297
0.052666,-4.068977
0.052668,-4.7624474
0.05267,-4.9011416
0.052672,-4.4388275
0.052674,-3.4217377
0.052676,-1.9885652
0.052678,-0.32423592
0.05268,1.4325566
0.052682,2.9581914
0.052684,4.1602073
0.052686,4.807446
0.052688,4.8999095
0.05269,4.3913646
0.052692,3.3280425
0.052694,1.8486385
0.052696,0.184309
0.052698,-1.48002
0.052699998,-3.0056553
0.052702,-4.2076707
0.052704,-4.8086786
0.052706,-4.85491
0.052708,-4.346365
0.05271,-3.236812
0.052712,-1.7574081
0.052714,-0.046847343
0.052716,1.6637135
0.052718,3.1431174
0.05272,4.298901
0.052722,4.8536773
0.052724,4.8536773
0.052726,4.252671
0.052728,3.1431174
0.05273,1.6174817
0.052732,-0.046847343
0.052734,-1.7111769
0.052736,-3.236812
0.052738,-4.346365
0.05274,-4.85491
0.052742,-4.8086786
0.052744,-4.2076707
0.052746,-3.0518866
0.052748,-1.5262513
0.05275,-6.160736E-4
0.052752,0.46169758
0.052754,0.8315482
0.052756,1.2013993
0.052758,1.5250192
0.05276,1.8948698
0.052761998,2.2647214
0.052764,2.5883412
0.052766,2.9119601
0.052768,3.1893477
0.05277,3.5129685
0.052772,3.744125
0.052774,4.0215135
0.052776,4.2064385
0.052778,4.437596
0.05278,4.5762897
0.052782,4.7149835
0.052784,4.8536773
0.052786,4.946141
0.052788,4.992371
0.05279,5.0386033
0.052792,5.0386033
0.052794,5.0386033
0.052796,4.946141
0.052798,4.8999095
0.0528,4.7612157
0.052802,4.668752
0.052804,4.483826
0.052806,4.3451324
0.052808,4.113976
0.05281,3.8828197
0.052812,3.6516623
0.052814,3.3742738
0.052816,3.050654
0.052818,2.727035
0.05282,2.4034152
0.052822,2.0797954
0.052823998,1.7099442
0.052826,1.3863249
0.052828,1.0164738
0.05283,0.64662313
0.052832,0.23054075
0.052834,-0.13931036
0.052836,-0.5091615
0.052838,-0.8790121
0.05284,-1.2488632
0.052842,-1.6187139
0.052844,-1.9423337
0.052846,-2.3121846
0.052848,-2.6358042
0.05285,-2.9594238
0.052852,-3.2830436
0.052854,-3.5604317
0.052856,-3.7915885
0.052858,-4.068977
0.05286,-4.2539024
0.052862,-4.4388275
0.052864,-4.577522
0.052866,-4.716216
0.052868,-4.85491
0.05287,-4.947373
0.052872,-4.993604
0.052874,-5.0398355
0.052876,-4.993604
0.052878,-4.993604
0.05288,-4.947373
0.052882,-4.85491
0.052884,-4.716216
0.052885998,-4.577522
0.052888,-4.4388275
0.05289,-4.2539024
0.052892,-4.022745
0.052894,-3.7915885
0.052896,-3.5142004
0.052898,-3.236812
0.0529,-2.9594238
0.052902,-2.6358042
0.052904,-2.3121846
0.052906,-1.9423337
0.052908,-1.5724826
0.05291,-1.2488632
0.052912,-0.8790121
0.052914,-0.5091615
0.052916,-0.09307861
0.052918,0.27677202
0.05292,0.64662313
0.052922,1.0164738
0.052924,1.3863249
0.052926,1.756176
0.052928,2.0797954
0.05293,2.4496465
0.052932,2.7732663
0.052934,3.0968862
0.052936,3.3742738
0.052938,3.6516623
0.05294,3.8828197
0.052942,4.113976
0.052944,4.3451324
0.052946,4.483826
0.052947998,4.668752
0.05295,4.7612157
0.052952,4.8999095
0.052954,4.946141
0.052956,4.992371
0.052958,5.0386033
0.05296,5.0386033
0.052962,4.992371
0.052964,4.8999095
0.052966,4.807446
0.052968,4.668752
0.05297,4.5300584
0.052972,4.3913646
0.052974,4.2064385
0.052976,3.9752812
0.052978,3.6978936
0.05298,3.4667363
0.052982,3.1431174
0.052984,2.8657289
0.052986,2.542109
0.052988,2.172258
0.05299,1.8486385
0.052992,1.4787879
0.052994,1.1089368
0.052996,0.7390857
0.052998,0.36923456
0.053,-6.160736E-4
0.053002,-0.3704667
0.053004,-0.78654957
0.053006,-1.1564007
0.053008,-1.48002
0.053009998,-1.8498712
0.053012,-2.2197218
0.053014,-2.5433414
0.053016,-2.866961
0.053018,-3.1905808
0.05302,-3.467969
0.053022,-3.745357
0.053024,-3.976514
0.053026,-4.2076707
0.053028,-4.3925962
0.05303,-4.5312905
0.053032,-4.716216
0.053034,-4.8086786
0.053036,-4.9011416
0.053038,-4.993604
0.05304,-4.993604
0.053042,-5.0398355
0.053044,-4.993604
0.053046,-4.947373
0.053048,-4.85491
0.05305,-4.7624474
0.053052,-4.623753
0.053054,-4.4850593
0.053056,-4.3001337
0.053058,-4.115208
0.05306,-3.8840513
0.053062,-3.6066632
0.053064,-3.329275
0.053066,-3.0518866
0.053068,-2.728267
0.05307,-2.4046474
0.053071998,-2.081028
0.053074,-1.7111769
0.053076,-1.387557
0.053078,-0.9714751
0.05308,-0.601624
0.053082,-0.2317729
0.053084,0.13807821
0.053086,0.5541601
0.053088,0.92401123
0.05309,1.2938623
0.053092,1.6174817
0.053094,1.9873328
0.053096,2.3109517
0.053098,2.6808028
0.0531,3.0044227
0.053102,3.2818112
0.053104,3.5591989
0.053106,3.8365874
0.053108,4.0677447
0.05311,4.298901
0.053112,4.437596
0.053114,4.622521
0.053116,4.7612157
0.053118,4.8536773
0.05312,4.946141
0.053122,4.992371
0.053124,5.0386033
0.053126,5.0386033
0.053128,4.992371
0.05313,4.946141
0.053132,4.8536773
0.053133998,4.7149835
0.053136,4.5762897
0.053138,4.437596
0.05314,4.252671
0.053142,4.0215135
0.053144,3.7903562
0.053146,3.5591989
0.053148,3.23558
0.05315,2.9581914
0.053152,2.6345725
0.053154,2.3109517
0.053156,1.9411016
0.053158,1.6174817
0.05316,1.2476311
0.053162,0.87777996
0.053164,0.50792885
0.053166,0.13807821
0.053168,-0.27800417
0.05317,-0.6478553
0.053172,-1.0177064
0.053174,-1.387557
0.053176,-1.7111769
0.053178,-2.081028
0.05318,-2.4046474
0.053182,-2.728267
0.053184,-3.0518866
0.053186,-3.3755062
0.053188,-3.6528945
0.05319,-3.8840513
0.053192,-4.115208
0.053194,-4.346365
0.053195998,-4.4850593
0.053198,-4.623753
0.0532,-4.7624474
0.053202,-4.9011416
0.053204,-4.947373
0.053206,-4.993604
0.053208,-5.0398355
0.05321,-4.993604
0.053212,-4.993604
0.053214,-4.9011416
0.053216,-4.8086786
0.053218,-4.669985
0.05322,-4.5312905
0.053222,-4.3925962
0.053224,-4.1614394
0.053226,-3.976514
0.053228,-3.6991258
0.05323,-3.4217377
0.053232,-3.1443493
0.053234,-2.866961
0.053236,-2.4971101
0.053238,-2.1734905
0.05324,-1.8498712
0.053242,-1.48002
0.053244,-1.1101689
0.053246,-0.7403178
0.053248,-0.3704667
0.05325,0.045615196
0.053252,0.4154663
0.053254,0.7853174
0.053256,1.1551685
0.053257998,1.5250192
0.05326,1.8486385
0.053262,2.2184901
0.053264,2.542109
0.053266,2.8657289
0.053268,3.1893477
0.05327,3.4667363
0.053272,3.744125
0.053274,3.9752812
0.053276,4.2064385
0.053278,4.3913646
0.05328,4.5300584
0.053282,4.7149835
0.053284,4.807446
0.053286,4.8999095
0.053288,4.992371
0.05329,5.0386033
0.053292,5.0386033
0.053294,4.992371
0.053296,4.946141
0.053298,4.8999095
0.0533,4.7612157
0.053302,4.622521
0.053304,4.483826
0.053306,4.3451324
0.053308,4.113976
0.05331,3.8828197
0.053312,3.605431
0.053314,3.3280425
0.053316,3.050654
0.053318,2.727035
0.053319998,2.4034152
0.053322,2.0797954
0.053324,1.7099442
0.053326,1.3863249
0.053328,1.0164738
0.05333,0.64662313
0.053332,0.23054075
0.053334,-0.13931036
0.053336,-0.5091615
0.053338,-0.8790121
0.05334,-1.2488632
0.053342,-1.6187139
0.053344,-1.9885652
0.053346,-2.3121846
0.053348,-2.6358042
0.05335,-2.9594238
0.053352,-3.2830436
0.053354,-3.5604317
0.053356,-3.7915885
0.053358,-4.068977
0.05336,-4.2539024
0.053362,-4.4388275
0.053364,-4.577522
0.053366,-4.716216
0.053368,-4.85491
0.05337,-4.947373
0.053372,-4.993604
0.053374,-5.0398355
0.053376,-4.993604
0.053378,-4.993604
0.05338,-4.947373
0.053381998,-4.85491
0.053384,-4.716216
0.053386,-4.577522
0.053388,-4.4388275
0.05339,-4.2539024
0.053392,-4.022745
0.053394,-3.7915885
0.053396,-3.5142004
0.053398,-3.236812
0.0534,-2.9594238
0.053402,-2.6358042
0.053404,-2.3121846
0.053406,-1.9423337
0.053408,-1.5724826
0.05341,-1.2488632
0.053412,-0.8790121
0.053414,-0.5091615
0.053416,-0.09307861
0.053418,0.27677202
0.05342,0.64662313
0.053422,1.0164738
0.053424,1.3863249
0.053426,1.756176
0.053428,2.0797954
0.05343,2.4496465
0.053432,2.7732663
0.053434,3.0968862
0.053436,3.3742738
0.053438,3.6516623
0.05344,3.8828197
0.053442,4.113976
0.053443998,4.3451324
0.053446,4.483826
0.053448,4.668752
0.05345,4.807446
0.053452,4.8999095
0.053454,4.946141
0.053456,4.992371
0.053458,5.0386033
0.05346,5.0386033
0.053462,4.992371
0.053464,4.8999095
0.053466,4.807446
0.053468,4.668752
0.05347,4.5300584
0.053472,4.3913646
0.053474,4.2064385
0.053476,3.9752812
0.053478,3.6978936
0.05348,3.4667363
0.053482,3.1431174
0.053484,2.8657289
0.053486,2.542109
0.053488,2.172258
0.05349,1.8486385
0.053492,1.4787879
0.053494,1.1089368
0.053496,0.7390857
0.053498,0.36923456
0.0535,-6.160736E-4
0.053502,-0.3704667
0.053504,-0.78654957
0.053505998,-1.1564007
0.053508,-1.48002
0.05351,-1.8498712
0.053512,-2.2197218
0.053514,-2.5433414
0.053516,-2.866961
0.053518,-3.1905808
0.05352,-3.467969
0.053522,-3.745357
0.053524,-3.976514
0.053526,-4.2076707
0.053528,-4.3925962
0.05353,-4.5312905
0.053532,-4.669985
0.053534,-4.8086786
0.053536,-4.9011416
0.053538,-4.993604
0.05354,-4.993604
0.053542,-5.0398355
0.053544,-4.993604
0.053546,-4.947373
0.053548,-4.85491
0.05355,-4.7624474
0.053552,-4.623753
0.053554,-4.4850593
0.053556,-4.3001337
0.053558,-4.115208
0.05356,-3.8840513
0.053562,-3.6066632
0.053564,-3.329275
0.053566,-3.0518866
0.053567998,-2.728267
0.05357,-2.4046474
0.053572,-2.081028
0.053574,-1.7111769
0.053576,-1.387557
0.053578,-0.9714751
0.05358,-0.601624
0.053582,-0.2317729
0.053584,0.13807821
0.053586,0.5541601
0.053588,0.92401123
0.05359,1.2938623
0.053592,1.6174817
0.053594,1.9873328
0.053596,2.3109517
0.053598,2.6808028
0.0536,2.9581914
0.053602,3.2818112
0.053604,3.5591989
0.053606,3.8365874
0.053608,4.0677447
0.05361,4.298901
0.053612,4.437596
0.053614,4.622521
0.053616,4.7612157
0.053618,4.8536773
0.05362,4.946141
0.053622,4.992371
0.053624,5.0386033
0.053626,5.0386033
0.053628,4.992371
0.053629998,4.946141
0.053632,4.8536773
0.053634,4.7149835
0.053636,4.5762897
0.053638,4.437596
0.05364,4.252671
0.053642,4.0215135
0.053644,3.7903562
0.053646,3.5129685
0.053648,3.23558
0.05365,2.9581914
0.053652,2.6345725
0.053654,2.3109517
0.053656,1.9411016
0.053658,1.5712504
0.05366,1.2476311
0.053662,0.87777996
0.053664,0.50792885
0.053666,0.13807821
0.053668,-0.27800417
0.05367,-0.6478553
0.053672,-1.0177064
0.053674,-1.387557
0.053675998,-1.7111769
0.053678,-2.081028
0.05368,-2.4046474
0.053682,-2.7744985
0.053684,-3.0518866
0.053686,-3.3755062
0.053688,-3.6528945
0.05369,-3.8840513
0.053691998,-4.115208
0.053694,-4.346365
0.053696,-4.4850593
0.053698,-4.623753
0.0537,-4.7624474
0.053702,-4.9011416
0.053704,-4.947373
0.053706,-4.993604
0.053708,-5.0398355
0.05371,-4.993604
0.053712,-4.947373
0.053714,-4.9011416
0.053716,-4.8086786
0.053718,-4.669985
0.05372,-4.5312905
0.053722,-4.3925962
0.053724,-4.1614394
0.053726,-3.976514
0.053728,-3.6991258
0.05373,-3.4217377
0.053732,-3.1443493
0.053734,-2.866961
0.053736,-2.5433414
0.053737998,-2.1734905
0.05374,-1.8498712
0.053742,-1.48002
0.053744,-1.1101689
0.053746,-0.7403178
0.053748,-0.3704667
0.05375,0.23054075
0.053752,1.8486385
0.053753998,3.3280425
0.053756,4.3913646
0.053758,4.8536773
0.05376,4.7612157
0.053762,4.113976
0.053764,2.9119601
0.053766,1.3863249
0.053768,-0.32423592
0.05377,-1.9885652
0.053772,-3.4217377
0.053774,-4.4388275
0.053776,-4.9011416
0.053778,-4.7624474
0.05378,-4.068977
0.053782,-2.866961
0.053784,-1.2950945
0.053786,0.46169758
0.053788,2.0797954
0.05379,3.5129685
0.053792,4.483826
0.053794,4.8999095
0.053796,4.7149835
0.053798,3.9752812
0.053799998,2.727035
0.053802,1.1551685
0.053804,-0.55539227
0.053806,-2.1734905
0.053808,-3.6066632
0.05381,-4.5312905
0.053812,-4.9011416
0.053814,-4.669985
0.053815998,-3.9302826
0.053818,-2.6358042
0.05382,-1.0639377
0.053822,0.6928544
0.053824,2.3109517
0.053826,3.6978936
0.053828,4.5762897
0.05383,4.8999095
0.053832,4.622521
0.053834,3.8365874
0.053836,2.4958777
0.053838,0.92401123
0.05384,-0.78654957
0.053842,-2.4046474
0.053844,-3.745357
0.053846,-4.623753
0.053848,-4.9011416
0.05385,-4.623753
0.053852,-3.745357
0.053854,-2.4508786
0.053856,-0.78654957
0.053858,0.970243
0.05386,2.542109
0.053861998,3.8828197
0.053864,4.668752
0.053866,4.8999095
0.053868,4.5762897
0.05387,3.6516623
0.053872,2.3109517
0.053874,0.6928544
0.053876,-1.0639377
0.053878,-2.589573
0.05388,-3.9302826
0.053882,-4.669985
0.053884,-4.9011416
0.053886,-4.5312905
0.053888,-3.6066632
0.05389,-2.2197218
0.053892,-0.55539227
0.053894,1.2013993
0.053896,2.7732663
0.053898,4.0215135
0.0539,4.7612157
0.053902,4.8999095
0.053904,4.437596
0.053906,3.5129685
0.053908,2.0797954
0.05391,0.4154663
0.053912,-1.2950945
0.053914,-2.8207297
0.053916,-4.068977
0.053918,-4.7624474
0.05392,-4.9011416
0.053922,-4.4388275
0.053923998,-3.4217377
0.053926,-1.9885652
0.053928,-0.32423592
0.05393,1.4325566
0.053932,2.9581914
0.053934,4.1602073
0.053936,4.807446
0.053938,4.8999095
0.05394,4.3913646
0.053942,3.3280425
0.053944,1.8486385
0.053946,0.184309
0.053948,-1.48002
0.05395,-3.0518866
0.053952,-4.2076707
0.053954,-4.8086786
0.053956,-4.85491
0.053958,-4.3001337
0.05396,-3.236812
0.053962,-1.7574081
0.053964,-0.046847343
0.053966,1.6637135
0.053968,3.1893477
0.05397,4.298901
0.053972,4.8536773
0.053974,4.8536773
0.053976,4.252671
0.053978,3.1431174
0.05398,1.6174817
0.053982,-0.046847343
0.053984,-1.7111769
0.053985998,-3.236812
0.053988,-4.346365
0.05399,-4.85491
0.053992,-4.8086786
0.053994,-4.2076707
0.053996,-3.0518866
0.053998,-1.5262513
0.054,0.184309
0.054002,1.8948698
0.054004,3.3742738
0.054006,4.3913646
0.054008,4.8999095
0.05401,4.807446
0.054012,4.113976
0.054014,2.9119601
0.054016,1.4325566
0.054018,-0.32423592
0.05402,-1.9423337
0.054022,-3.4217377
0.054024,-4.4388275
0.054026,-4.9011416
0.054028,-4.7624474
0.05403,-4.068977
0.054032,-2.866961
0.054034,-1.2950945
0.054036,0.46169758
0.054038,2.126027
0.05404,3.5591989
0.054042,4.483826
0.054044,4.8999095
0.054046,4.7149835
0.054047998,3.9752812
0.05405,2.727035
0.054052,1.1551685
0.054054,-0.55539227
0.054056,-2.1734905
0.054058,-3.6066632
0.05406,-4.5312905
0.054062,-4.9011416
0.054064,-4.669985
0.054066,-3.9302826
0.054068,-2.6358042
0.05407,-1.0639377
0.054072,0.6928544
0.054074,2.357184
0.054076,3.6978936
0.054078,4.5762897
0.05408,4.8999095
0.054082,4.668752
0.054084,3.8365874
0.054086,2.4958777
0.054088,0.92401123
0.05409,-0.78654957
0.054092,-2.4046474
0.054094,-3.745357
0.054096,-4.623753
0.054098,-4.9011416
0.0541,-4.623753
0.054102,-3.745357
0.054104,-2.4508786
0.054106,-0.78654957
0.054108,0.970243
0.054109998,2.542109
0.054112,3.8828197
0.054114,4.668752
0.054116,4.8999095
0.054118,4.5762897
0.05412,3.6516623
0.054122,2.3109517
0.054124,0.6928544
0.054126,-1.0639377
0.054128,-2.6358042
0.05413,-3.9302826
0.054132,-4.716216
0.054134,-4.9011416
0.054136,-4.5312905
0.054138,-3.6066632
0.05414,-2.2197218
0.054142,-0.55539227
0.054144,1.2013993
0.054146,2.7732663
0.054148,4.0215135
0.05415,4.7612157
0.054152,4.8999095
0.054154,4.437596
0.054156,3.5129685
0.054158,2.0797954
0.05416,0.4154663
0.054162,-1.2950945
0.054164,-2.8207297
0.054166,-4.068977
0.054168,-4.7624474
0.05417,-4.9011416
0.054171998,-4.4388275
0.054174,-3.4217377
0.054176,-1.9885652
0.054178,-0.27800417
0.05418,1.4325566
0.054182,2.9581914
0.054184,4.1602073
0.054186,4.807446
0.054188,4.8999095
0.05419,4.3913646
0.054192,3.3280425
0.054194,1.8486385
0.054196,0.184309
0.054198,-1.48002
0.0542,-3.0518866
0.054202,-4.2076707
0.054204,-4.8086786
0.054206,-4.85491
0.054208,-4.3001337
0.05421,-3.236812
0.054212,-1.7574081
0.054214,-0.046847343
0.054216,1.6637135
0.054218,3.1893477
0.05422,4.298901
0.054222,4.8536773
0.054224,4.8536773
0.054226,4.252671
0.054228,3.1431174
0.05423,1.6174817
0.054232,-0.046847343
0.054233998,-1.7111769
0.054236,-3.236812
0.054238,-4.346365
0.05424,-4.85491
0.054242,-4.8086786
0.054244,-4.2076707
0.054246,-3.0518866
0.054248,-1.5262513
0.05425,0.184309
0.054252,1.8948698
0.054254,3.3742738
0.054256,4.3913646
0.054258,4.8999095
0.05426,4.807446
0.054262,4.113976
0.054264,2.9119601
0.054266,1.3863249
0.054268,-0.32423592
0.05427,-1.9423337
0.054272,-3.4217377
0.054274,-4.4388275
0.054276,-4.9011416
0.054278,-4.7624474
0.05428,-4.068977
0.054282,-2.866961
0.054284,-1.2950945
0.054286,0.46169758
0.054288,2.126027
0.05429,3.5591989
0.054292,4.483826
0.054294,4.8999095
0.054295998,4.7149835
0.054298,3.9752812
0.0543,2.727035
0.054302,1.1551685
0.054304,-0.55539227
0.054306,-2.1734905
0.054308,-3.6066632
0.05431,-4.5312905
0.054312,-4.9011416
0.054314,-4.669985
0.054316,-3.9302826
0.054318,-2.6358042
0.05432,-1.0639377
0.054322,0.6928544
0.054324,2.357184
0.054326,3.6978936
0.054328,4.5762897
0.05433,4.8999095
0.054332,4.668752
0.054334,3.8365874
0.054336,2.4958777
0.054338,0.92401123
0.05434,-0.78654957
0.054342,-2.4046474
0.054344,-3.745357
0.054346,-4.623753
0.054348,-4.9011416
0.05435,-4.623753
0.054352,-3.745357
0.054354,-2.4508786
0.054356,-0.78654957
0.054357998,0.970243
0.05436,2.542109
0.054362,3.8828197
0.054364,4.668752
0.054366,4.8999095
0.054368,4.5762897
0.05437,3.6516623
0.054372,2.3109517
0.054374,0.6928544
0.054376,-1.0639377
0.054378,-2.6358042
0.05438,-3.9302826
0.054382,-4.716216
0.054384,-4.9011416
0.054386,-4.5312905
0.054388,-3.6066632
0.05439,-2.2197218
0.054392,-0.55539227
0.054394,1.2013993
0.054396,2.7732663
0.054398,4.0215135
0.0544,4.7612157
0.054402,4.8999095
0.054404,4.483826
0.054406,3.5129685
0.054408,2.0797954
0.05441,0.4154663
0.054412,-1.2950945
0.054414,-2.8207297
0.054416,-4.068977
0.054418,-4.7624474
0.054419998,-4.9011416
0.054422,-4.4388275
0.054424,-3.4217377
0.054426,-1.9885652
0.054428,-0.27800417
0.05443,1.4325566
0.054432,2.9581914
0.054434,4.1602073
0.054436,4.807446
0.054438,4.8999095
0.05444,4.3913646
0.054442,3.3280425
0.054444,1.8486385
0.054446,0.184309
0.054448,-1.48002
0.05445,-3.0056553
0.054452,-4.2076707
0.054454,-4.8086786
0.054456,-4.85491
0.054458,-4.3001337
0.05446,-3.236812
0.054462,-1.7574081
0.054464,-0.046847343
0.054466,1.6637135
0.054468,3.1893477
0.05447,4.298901
0.054472,4.8536773
0.054474,4.8536773
0.054476,4.252671
0.054478,3.1431174
0.05448,1.6174817
0.054481998,-0.046847343
0.054484,-1.7111769
0.054486,-3.236812
0.054488,-4.346365
0.05449,-4.85491
0.054492,-4.8086786
0.054494,-4.2076707
0.054496,-3.0518866
0.054498,-1.5262513
0.0545,0.23054075
0.054502,1.8948698
0.054504,3.3742738
0.054506,4.3913646
0.054508,4.8999095
0.05451,4.807446
0.054512,4.113976
0.054514,2.9119601
0.054516,1.3863249
0.054518,-0.32423592
0.05452,-1.9423337
0.054522,-3.4217377
0.054524,-4.4388275
0.054526,-4.9011416
0.054528,-4.7624474
0.05453,-4.068977
0.054532,-2.866961
0.054534,-1.2950945
0.054536,0.46169758
0.054538,2.126027
0.05454,3.5129685
0.054542,4.483826
0.054543998,4.8999095
0.054546,4.7149835
0.054548,3.9752812
0.05455,2.727035
0.054552,1.1551685
0.054554,-0.55539227
0.054556,-2.1734905
0.054558,-3.6066632
0.05456,-4.5312905
0.054562,-4.9011416
0.054564,-4.669985
0.054566,-3.9302826
0.054568,-2.6358042
0.05457,-1.0639377
0.054572,0.6928544
0.054574,2.357184
0.054576,3.6978936
0.054578,4.5762897
0.05458,4.8999095
0.054582,4.668752
0.054584,3.8365874
0.054586,2.4958777
0.054588,0.92401123
0.05459,-0.78654957
0.054592,-2.4046474
0.054594,-3.745357
0.054596,-4.623753
0.054598,-4.9011416
0.0546,-4.577522
0.054602,-3.745357
0.054604,-2.4508786
0.054605998,-0.78654957
0.054608,0.970243
0.05461,2.542109
0.054612,3.8828197
0.054614,4.668752
0.054616,4.8999095
0.054618,4.5762897
0.05462,3.6516623
0.054622,2.3109517
0.054624,0.6928544
0.054626,-1.0639377
0.054628,-2.6358042
0.05463,-3.9302826
0.054632,-4.716216
0.054634,-4.9011416
0.054636,-4.5312905
0.054638,-3.6066632
0.05464,-2.2197218
0.054642,-0.55539227
0.054644,1.2013993
0.054646,2.7732663
0.054648,4.0215135
0.05465,4.7612157
0.054652,4.8999095
0.054654,4.437596
0.054656,3.5129685
0.054658,2.0797954
0.05466,0.4154663
0.054662,-1.2950945
0.054664,-2.8207297
0.054666,-4.068977
0.054667998,-4.7624474
0.05467,-4.9011416
0.054672,-4.4388275
0.054674,-3.4217377
0.054676,-1.9885652
0.054678,-0.27800417
0.05468,1.4325566
0.054682,2.9581914
0.054684,4.1602073
0.054686,4.807446
0.054688,4.8999095
0.05469,4.3913646
0.054692,3.3280425
0.054694,1.8486385
0.054696,0.184309
0.054698,-1.48002
0.0547,-3.0518866
0.054702,-4.2076707
0.054704,-4.8086786
0.054706,-4.85491
0.054708,-4.3001337
0.05471,-3.236812
0.054712,-1.7574081
0.054714,-0.046847343
0.054716,1.6637135
0.054718,3.1893477
0.05472,4.298901
0.054722,4.8536773
0.054724,4.8536773
0.054726,4.252671
0.054728,3.1431174
0.054729998,1.6174817
0.054732,-0.046847343
0.054734,-1.7111769
0.054736,-3.236812
0.054738,-4.346365
0.05474,-4.85491
0.054742,-4.8086786
0.054744,-4.2076707
0.054746,-3.0518866
0.054748,-1.5262513
0.05475,-6.160736E-4
0.054752,0.46169758
0.054754,0.8315482
0.054756,1.2013993
0.054758,1.5250192
0.05476,1.8948698
0.054762,2.2647214
0.054764,2.5883412
0.054766,2.9119601
0.054768,3.1893477
0.05477,3.5129685
0.054772,3.744125
0.054774,4.0215135
0.054776,4.2064385
0.054778,4.437596
0.05478,4.5762897
0.054782,4.7149835
0.054784,4.8536773
0.054786,4.946141
0.054788,4.992371
0.05479,5.0386033
0.054791998,5.0386033
0.054794,5.0386033
0.054796,4.946141
0.054798,4.8999095
0.0548,4.7612157
0.054802,4.668752
0.054804,4.483826
0.054806,4.3451324
0.054808,4.113976
0.05481,3.8828197
0.054812,3.6516623
0.054814,3.3742738
0.054816,3.050654
0.054818,2.727035
0.05482,2.4034152
0.054822,2.0797954
0.054824,1.7099442
0.054826,1.3863249
0.054828,1.0164738
0.05483,0.64662313
0.054832,0.23054075
0.054834,-0.13931036
0.054836,-0.5091615
0.054837998,-0.8790121
0.05484,-1.2488632
0.054842,-1.6187139
0.054844,-1.9885652
0.054846,-2.3121846
0.054848,-2.6358042
0.05485,-2.9594238
0.054852,-3.2830436
0.054853998,-3.5604317
0.054856,-3.7915885
0.054858,-4.068977
0.05486,-4.2539024
0.054862,-4.4388275
0.054864,-4.577522
0.054866,-4.716216
0.054868,-4.85491
0.05487,-4.947373
0.054872,-4.993604
0.054874,-5.0398355
0.054876,-5.0398355
0.054878,-4.993604
0.05488,-4.947373
0.054882,-4.85491
0.054884,-4.716216
0.054886,-4.577522
0.054888,-4.4388275
0.05489,-4.2539024
0.054892,-4.022745
0.054894,-3.7915885
0.054896,-3.5142004
0.054898,-3.236812
0.054899998,-2.9594238
0.054902,-2.6358042
0.054904,-2.3121846
0.054906,-1.9423337
0.054908,-1.5724826
0.05491,-1.2488632
0.054912,-0.8790121
0.054914,-0.5091615
0.054915998,-0.09307861
0.054918,0.27677202
0.05492,0.64662313
0.054922,1.0164738
0.054924,1.4325566
0.054926,1.756176
0.054928,2.0797954
0.05493,2.4496465
0.054932,2.7732663
0.054934,3.0968862
0.054936,3.3742738
0.054938,3.6516623
0.05494,3.8828197
0.054942,4.113976
0.054944,4.3451324
0.054946,4.483826
0.054948,4.668752
0.05495,4.807446
0.054952,4.8999095
0.054954,4.946141
0.054956,4.992371
0.054958,5.0386033
0.05496,5.0386033
0.054961998,4.992371
0.054964,4.8999095
0.054966,4.807446
0.054968,4.668752
0.05497,4.5300584
0.054972,4.3913646
0.054974,4.2064385
0.054976,3.9752812
0.054978,3.6978936
0.05498,3.420505
0.054982,3.1431174
0.054984,2.8657289
0.054986,2.542109
0.054988,2.172258
0.05499,1.8486385
0.054992,1.4787879
0.054994,1.1089368
0.054996,0.7390857
0.054998,0.36923456
0.055,-6.160736E-4
0.055002,-0.3704667
0.055004,-0.78654957
0.055006,-1.1564007
0.055008,-1.48002
0.05501,-1.8498712
0.055012,-2.2197218
0.055014,-2.5433414
0.055016,-2.866961
0.055018,-3.1905808
0.05502,-3.467969
0.055022,-3.745357
0.055023998,-3.976514
0.055026,-4.2076707
0.055028,-4.3925962
0.05503,-4.5312905
0.055032,-4.716216
0.055034,-4.8086786
0.055036,-4.9011416
0.055038,-4.993604
0.05504,-4.993604
0.055042,-5.0398355
0.055044,-4.993604
0.055046,-4.947373
0.055048,-4.85491
0.05505,-4.7624474
0.055052,-4.623753
0.055054,-4.4850593
0.055056,-4.3001337
0.055058,-4.115208
0.05506,-3.8840513
0.055062,-3.6066632
0.055064,-3.329275
0.055066,-3.0518866
0.055068,-2.728267
0.05507,-2.4046474
0.055072,-2.081028
0.055074,-1.7111769
0.055076,-1.387557
0.055078,-0.9714751
0.05508,-0.601624
0.055082,-0.2317729
0.055084,0.13807821
0.055085998,0.5541601
0.055088,0.92401123
0.05509,1.2938623
0.055092,1.6174817
0.055094,1.9873328
0.055096,2.3109517
0.055098,2.6808028
0.0551,3.0044227
0.055102,3.2818112
0.055104,3.5591989
0.055106,3.8365874
0.055108,4.0677447
0.05511,4.298901
0.055112,4.437596
0.055114,4.622521
0.055116,4.7612157
0.055118,4.8536773
0.05512,4.946141
0.055122,4.992371
0.055124,5.0386033
0.055126,5.0386033
0.055128,4.992371
0.05513,4.946141
0.055132,4.8536773
0.055134,4.7149835
0.055136,4.5762897
0.055138,4.437596
0.05514,4.252671
0.055142,4.0215135
0.055144,3.7903562
0.055146,3.5591989
0.055147998,3.23558
0.05515,2.9581914
0.055152,2.6345725
0.055154,2.3109517
0.055156,1.9411016
0.055158,1.5712504
0.05516,1.2476311
0.055162,0.87777996
0.055164,0.50792885
0.055166,0.13807821
0.055168,-0.27800417
0.05517,-0.6478553
0.055172,-1.0177064
0.055174,-1.387557
0.055176,-1.7111769
0.055178,-2.081028
0.05518,-2.4046474
0.055182,-2.7744985
0.055184,-3.0518866
0.055186,-3.3755062
0.055188,-3.6528945
0.05519,-3.8840513
0.055192,-4.115208
0.055194,-4.346365
0.055196,-4.4850593
0.055198,-4.623753
0.0552,-4.7624474
0.055202,-4.9011416
0.055204,-4.947373
0.055206,-4.993604
0.055208,-5.0398355
0.055209998,-4.993604
0.055212,-4.993604
0.055214,-4.9011416
0.055216,-4.8086786
0.055218,-4.669985
0.05522,-4.5312905
0.055222,-4.3925962
0.055224,-4.1614394
0.055226,-3.976514
0.055228,-3.6991258
0.05523,-3.4217377
0.055232,-3.1443493
0.055234,-2.8207297
0.055236,-2.4971101
0.055238,-2.1734905
0.05524,-1.8036394
0.055242,-1.48002
0.055244,-1.1101689
0.055246,-0.7403178
0.055248,-0.3704667
0.05525,0.045615196
0.055252,0.4154663
0.055254,0.7853174
0.055256,1.1551685
0.055258,1.5250192
0.05526,1.8486385
0.055262,2.2184901
0.055264,2.542109
0.055266,2.8657289
0.055268,3.1893477
0.05527,3.4667363
0.055271998,3.744125
0.055274,3.9752812
0.055276,4.2064385
0.055278,4.3913646
0.05528,4.5762897
0.055282,4.7149835
0.055284,4.807446
0.055286,4.8999095
0.055288,4.992371
0.05529,5.0386033
0.055292,5.0386033
0.055294,4.992371
0.055296,4.946141
0.055298,4.8999095
0.0553,4.7612157
0.055302,4.622521
0.055304,4.483826
0.055306,4.3451324
0.055308,4.113976
0.05531,3.8828197
0.055312,3.605431
0.055314,3.3280425
0.055316,3.050654
0.055318,2.727035
0.05532,2.4034152
0.055322,2.0797954
0.055324,1.7099442
0.055326,1.3863249
0.055328,1.0164738
0.05533,0.64662313
0.055332,0.23054075
0.055333998,-0.13931036
0.055336,-0.5091615
0.055338,-0.8790121
0.05534,-1.2488632
0.055342,-1.6187139
0.055344,-1.9885652
0.055346,-2.3121846
0.055348,-2.6358042
0.05535,-2.9594238
0.055352,-3.2830436
0.055354,-3.5604317
0.055356,-3.7915885
0.055358,-4.068977
0.05536,-4.2539024
0.055362,-4.4388275
0.055364,-4.577522
0.055366,-4.716216
0.055368,-4.85491
0.05537,-4.947373
0.055372,-4.993604
0.055374,-5.0398355
0.055376,-5.0398355
0.055378,-4.993604
0.05538,-4.947373
0.055382,-4.85491
0.055384,-4.716216
0.055386,-4.577522
0.055388,-4.4388275
0.05539,-4.2539024
0.055392,-4.022745
0.055394,-3.7915885
0.055395998,-3.5142004
0.055398,-3.236812
0.0554,-2.9594238
0.055402,-2.6358042
0.055404,-2.3121846
0.055406,-1.9423337
0.055408,-1.5724826
0.05541,-1.2488632
0.055412,-0.8790121
0.055414,-0.5091615
0.055416,-0.09307861
0.055418,0.27677202
0.05542,0.64662313
0.055422,1.0164738
0.055424,1.4325566
0.055426,1.756176
0.055428,2.0797954
0.05543,2.4496465
0.055432,2.7732663
0.055434,3.0968862
0.055436,3.3742738
0.055438,3.6516623
0.05544,3.8828197
0.055442,4.1602073
0.055444,4.3451324
0.055446,4.483826
0.055448,4.668752
0.05545,4.807446
0.055452,4.8999095
0.055454,4.946141
0.055456,4.992371
0.055457998,5.0386033
0.05546,5.0386033
0.055462,4.992371
0.055464,4.8999095
0.055466,4.807446
0.055468,4.668752
0.05547,4.5300584
0.055472,4.3913646
0.055474,4.2064385
0.055476,3.9752812
0.055478,3.6978936
0.05548,3.420505
0.055482,3.1431174
0.055484,2.8657289
0.055486,2.542109
0.055488,2.172258
0.05549,1.8486385
0.055492,1.4787879
0.055494,1.1089368
0.055496,0.7390857
0.055498,0.36923456
0.0555,-6.160736E-4
0.055502,-0.41669846
0.055504,-0.78654957
0.055506,-1.1564007
0.055508,-1.48002
0.05551,-1.8498712
0.055512,-2.2197218
0.055514,-2.5433414
0.055516,-2.866961
0.055518,-3.1905808
0.055519998,-3.467969
0.055522,-3.745357
0.055524,-3.976514
0.055526,-4.2076707
0.055528,-4.3925962
0.05553,-4.5312905
0.055532,-4.716216
0.055534,-4.8086786
0.055536,-4.9011416
0.055538,-4.993604
0.05554,-4.993604
0.055542,-5.0398355
0.055544,-4.993604
0.055546,-4.947373
0.055548,-4.85491
0.05555,-4.7624474
0.055552,-4.623753
0.055554,-4.4850593
0.055556,-4.3001337
0.055558,-4.115208
0.05556,-3.8840513
0.055562,-3.6066632
0.055564,-3.329275
0.055566,-3.0518866
0.055568,-2.728267
0.05557,-2.4046474
0.055572,-2.081028
0.055574,-1.7111769
0.055576,-1.387557
0.055578,-0.9714751
0.05558,-0.601624
0.055581998,-0.2317729
0.055584,0.13807821
0.055586,0.5541601
0.055588,0.92401123
0.05559,1.2938623
0.055592,1.6174817
0.055594,1.9873328
0.055596,2.3109517
0.055598,2.6808028
0.0556,3.0044227
0.055602,3.2818112
0.055604,3.5591989
0.055606,3.8365874
0.055608,4.0677447
0.05561,4.298901
0.055612,4.437596
0.055614,4.622521
0.055616,4.7612157
0.055618,4.8536773
0.05562,4.946141
0.055622,4.992371
0.055624,5.0386033
0.055626,5.0386033
0.055628,4.992371
0.05563,4.946141
0.055632,4.8536773
0.055634,4.7149835
0.055636,4.5762897
0.055638,4.437596
0.05564,4.252671
0.055642,4.0215135
0.055643998,3.7903562
0.055646,3.5129685
0.055648,3.23558
0.05565,2.9581914
0.055652,2.6345725
0.055654,2.3109517
0.055656,1.9411016
0.055658,1.5712504
0.05566,1.2476311
0.055662,0.87777996
0.055664,0.50792885
0.055666,0.13807821
0.055668,-0.27800417
0.05567,-0.6478553
0.055672,-1.0177064
0.055674,-1.387557
0.055676,-1.7111769
0.055678,-2.081028
0.05568,-2.4046474
0.055682,-2.7744985
0.055684,-3.0518866
0.055686,-3.3755062
0.055688,-3.6528945
0.05569,-3.8840513
0.055692,-4.115208
0.055694,-4.346365
0.055696,-4.4850593
0.055698,-4.623753
0.0557,-4.7624474
0.055702,-4.9011416
0.055704,-4.947373
0.055705998,-4.993604
0.055708,-5.0398355
0.05571,-4.993604
0.055712,-4.993604
0.055714,-4.9011416
0.055716,-4.8086786
0.055718,-4.669985
0.05572,-4.5312905
0.055722,-4.3925962
0.055724,-4.1614394
0.055726,-3.976514
0.055728,-3.6991258
0.05573,-3.4217377
0.055732,-3.1443493
0.055734,-2.8207297
0.055736,-2.4971101
0.055738,-2.1734905
0.05574,-1.8036394
0.055742,-1.48002
0.055744,-1.1101689
0.055746,-0.7403178
0.055748,-0.3704667
0.05575,0.23054075
0.055752,1.8486385
0.055754,3.3280425
0.055756,4.3913646
0.055758,4.8536773
0.05576,4.7612157
0.055762,4.113976
0.055764,2.9119601
0.055766,1.3863249
0.055767998,-0.32423592
0.05577,-1.9885652
0.055772,-3.4217377
0.055774,-4.4388275
0.055776,-4.9011416
0.055778,-4.7624474
0.05578,-4.068977
0.055782,-2.866961
0.055784,-1.2950945
0.055786,0.46169758
0.055788,2.126027
0.05579,3.5129685
0.055792,4.483826
0.055794,4.8999095
0.055796,4.7149835
0.055798,3.9752812
0.0558,2.727035
0.055802,1.1551685
0.055804,-0.55539227
0.055806,-2.1734905
0.055808,-3.6066632
0.05581,-4.5312905
0.055812,-4.9011416
0.055814,-4.669985
0.055816,-3.9302826
0.055818,-2.6358042
0.05582,-1.0639377
0.055822,0.6928544
0.055824,2.357184
0.055826,3.6978936
0.055828,4.5762897
0.055829998,4.8999095
0.055832,4.622521
0.055834,3.8365874
0.055836,2.4958777
0.055838,0.92401123
0.05584,-0.78654957
0.055842,-2.4046474
0.055844,-3.745357
0.055846,-4.623753
0.055848,-4.9011416
0.05585,-4.577522
0.055852,-3.745357
0.055854,-2.4508786
0.055856,-0.78654957
0.055858,0.970243
0.05586,2.542109
0.055862,3.8828197
0.055864,4.668752
0.055866,4.8999095
0.055868,4.5762897
0.05587,3.6516623
0.055872,2.3109517
0.055874,0.6928544
0.055876,-1.0639377
0.055878,-2.6358042
0.05588,-3.9302826
0.055882,-4.716216
0.055884,-4.9011416
0.055886,-4.4850593
0.055888,-3.6066632
0.05589,-2.2197218
0.055891998,-0.55539227
0.055894,1.2013993
0.055896,2.7732663
0.055898,4.0215135
0.0559,4.7612157
0.055902,4.8999095
0.055904,4.437596
0.055906,3.5129685
0.055908,2.0797954
0.05591,0.4154663
0.055912,-1.2950945
0.055914,-2.8207297
0.055916,-4.068977
0.055918,-4.7624474
0.05592,-4.9011416
0.055922,-4.4388275
0.055924,-3.4217377
0.055926,-1.9885652
0.055928,-0.27800417
0.05593,1.4325566
0.055932,2.9581914
0.055934,4.1602073
0.055936,4.807446
0.055937998,4.8999095
0.05594,4.3913646
0.055942,3.3280425
0.055944,1.8486385
0.055946,0.184309
0.055948,-1.48002
0.05595,-3.0518866
0.055952,-4.2076707
0.055953998,-4.8086786
0.055956,-4.85491
0.055958,-4.3001337
0.05596,-3.236812
0.055962,-1.7574081
0.055964,-0.046847343
0.055966,1.6637135
0.055968,3.1893477
0.05597,4.298901
0.055972,4.8536773
0.055974,4.8536773
0.055976,4.252671
0.055978,3.1431174
0.05598,1.6174817
0.055982,-0.09307861
0.055984,-1.7111769
0.055986,-3.236812
0.055988,-4.346365
0.05599,-4.85491
0.055992,-4.8086786
0.055994,-4.2076707
0.055996,-3.0518866
0.055998,-1.5262513
0.055999998,0.23054075
0.056002,1.8948698
0.056004,3.3742738
0.056006,4.3913646
0.056008,4.8999095
0.05601,4.807446
0.056012,4.113976
0.056014,2.9119601
0.056015998,1.3863249
0.056018,-0.32423592
0.05602,-1.9423337
0.056022,-3.4217377
0.056024,-4.4388275
0.056026,-4.9011416
0.056028,-4.7624474
0.05603,-4.068977
0.056032,-2.866961
0.056034,-1.2950945
0.056036,0.46169758
0.056038,2.126027
0.05604,3.5591989
0.056042,4.483826
0.056044,4.8999095
0.056046,4.7149835
0.056048,3.9752812
0.05605,2.727035
0.056052,1.1551685
0.056054,-0.55539227
0.056056,-2.1734905
0.056058,-3.6066632
0.05606,-4.5312905
0.056061998,-4.9011416
0.056064,-4.669985
0.056066,-3.9302826
0.056068,-2.6358042
0.05607,-1.0177064
0.056072,0.6928544
0.056074,2.357184
0.056076,3.6978936
0.056077998,4.5762897
0.05608,4.8999095
0.056082,4.622521
0.056084,3.8365874
0.056086,2.4958777
0.056088,0.92401123
0.05609,-0.78654957
0.056092,-2.4046474
0.056094,-3.745357
0.056096,-4.623753
0.056098,-4.9011416
0.0561,-4.577522
0.056102,-3.745357
0.056104,-2.4508786
0.056106,-0.78654957
0.056108,0.970243
0.05611,2.542109
0.056112,3.8828197
0.056114,4.668752
0.056116,4.8999095
0.056118,4.5762897
0.05612,3.6516623
0.056122,2.3109517
0.056123998,0.6928544
0.056126,-1.0639377
0.056128,-2.6358042
0.05613,-3.9302826
0.056132,-4.716216
0.056134,-4.9011416
0.056136,-4.4850593
0.056138,-3.6066632
0.05614,-2.2197218
0.056142,-0.55539227
0.056144,1.2013993
0.056146,2.7732663
0.056148,4.0215135
0.05615,4.7612157
0.056152,4.8999095
0.056154,4.437596
0.056156,3.4667363
0.056158,2.0797954
0.05616,0.4154663
0.056162,-1.2950945
0.056164,-2.8207297
0.056166,-4.068977
0.056168,-4.7624474
0.05617,-4.9011416
0.056172,-4.4388275
0.056174,-3.4217377
0.056176,-1.9885652
0.056178,-0.27800417
0.05618,1.4325566
0.056182,2.9581914
0.056184,4.1602073
0.056185998,4.807446
0.056188,4.8536773
0.05619,4.3913646
0.056192,3.3280425
0.056194,1.8486385
0.056196,0.184309
0.056198,-1.48002
0.0562,-3.0518866
0.056202,-4.2076707
0.056204,-4.8086786
0.056206,-4.85491
0.056208,-4.3001337
0.05621,-3.236812
0.056212,-1.7574081
0.056214,-0.046847343
0.056216,1.6637135
0.056218,3.1893477
0.05622,4.298901
0.056222,4.8536773
0.056224,4.8536773
0.056226,4.252671
0.056228,3.1431174
0.05623,1.6174817
0.056232,-0.09307861
0.056234,-1.7111769
0.056236,-3.236812
0.056238,-4.346365
0.05624,-4.85491
0.056242,-4.8086786
0.056244,-4.2076707
0.056246,-3.0518866
0.056247998,-1.48002
0.05625,0.23054075
0.056252,1.8948698
0.056254,3.3742738
0.056256,4.3913646
0.056258,4.8999095
0.05626,4.807446
0.056262,4.113976
0.056264,2.9119601
0.056266,1.3863249
0.056268,-0.32423592
0.05627,-1.9423337
0.056272,-3.4217377
0.056274,-4.4388275
0.056276,-4.9011416
0.056278,-4.7624474
0.05628,-4.068977
0.056282,-2.866961
0.056284,-1.2950945
0.056286,0.46169758
0.056288,2.126027
0.05629,3.5591989
0.056292,4.483826
0.056294,4.8999095
0.056296,4.7149835
0.056298,3.9752812
0.0563,2.727035
0.056302,1.1551685
0.056304,-0.55539227
0.056306,-2.1734905
0.056308,-3.6066632
0.056309998,-4.5312905
0.056312,-4.9011416
0.056314,-4.669985
0.056316,-3.9302826
0.056318,-2.6358042
0.05632,-1.0177064
0.056322,0.6928544
0.056324,2.357184
0.056326,3.6978936
0.056328,4.5762897
0.05633,4.8999095
0.056332,4.622521
0.056334,3.8365874
0.056336,2.4958777
0.056338,0.92401123
0.05634,-0.78654957
0.056342,-2.4046474
0.056344,-3.7915885
0.056346,-4.623753
0.056348,-4.9011416
0.05635,-4.577522
0.056352,-3.745357
0.056354,-2.4508786
0.056356,-0.78654957
0.056358,0.970243
0.05636,2.542109
0.056362,3.8828197
0.056364,4.668752
0.056366,4.8999095
0.056368,4.5762897
0.05637,3.6516623
0.056371998,2.3109517
0.056374,0.6928544
0.056376,-1.0639377
0.056378,-2.6358042
0.05638,-3.9302826
0.056382,-4.716216
0.056384,-4.9011416
0.056386,-4.4850593
0.056388,-3.6066632
0.05639,-2.2197218
0.056392,-0.55539227
0.056394,1.2013993
0.056396,2.7732663
0.056398,4.0215135
0.0564,4.7612157
0.056402,4.8999095
0.056404,4.437596
0.056406,3.5129685
0.056408,2.0797954
0.05641,0.4154663
0.056412,-1.2950945
0.056414,-2.8207297
0.056416,-4.068977
0.056418,-4.7624474
0.05642,-4.9011416
0.056422,-4.4388275
0.056424,-3.4217377
0.056426,-1.9885652
0.056428,-0.27800417
0.05643,1.4325566
0.056432,2.9581914
0.056433998,4.1602073
0.056436,4.807446
0.056438,4.8999095
0.05644,4.3913646
0.056442,3.3280425
0.056444,1.8486385
0.056446,0.184309
0.056448,-1.48002
0.05645,-3.0518866
0.056452,-4.2076707
0.056454,-4.8086786
0.056456,-4.85491
0.056458,-4.3001337
0.05646,-3.236812
0.056462,-1.7574081
0.056464,-0.046847343
0.056466,1.6637135
0.056468,3.1893477
0.05647,4.298901
0.056472,4.8536773
0.056474,4.8536773
0.056476,4.252671
0.056478,3.0968862
0.05648,1.6174817
0.056482,-0.09307861
0.056484,-1.7111769
0.056486,-3.236812
0.056488,-4.346365
0.05649,-4.85491
0.056492,-4.8086786
0.056494,-4.2076707
0.056495998,-3.0518866
0.056498,-1.48002
0.0565,0.23054075
0.056502,1.8948698
0.056504,3.3742738
0.056506,4.3913646
0.056508,4.8999095
0.05651,4.7612157
0.056512,4.113976
0.056514,2.9119601
0.056516,1.3863249
0.056518,-0.32423592
0.05652,-1.9423337
0.056522,-3.4217377
0.056524,-4.4388275
0.056526,-4.9011416
0.056528,-4.7624474
0.05653,-4.068977
0.056532,-2.866961
0.056534,-1.2950945
0.056536,0.46169758
0.056538,2.126027
0.05654,3.5591989
0.056542,4.483826
0.056544,4.8999095
0.056546,4.7149835
0.056548,3.9752812
0.05655,2.727035
0.056552,1.1551685
0.056554,-0.55539227
0.056556,-2.1734905
0.056557998,-3.6066632
0.05656,-4.5312905
0.056562,-4.9011416
0.056564,-4.669985
0.056566,-3.9302826
0.056568,-2.6358042
0.05657,-1.0177064
0.056572,0.6928544
0.056574,2.357184
0.056576,3.6978936
0.056578,4.5762897
0.05658,4.8999095
0.056582,4.668752
0.056584,3.8365874
0.056586,2.4958777
0.056588,0.92401123
0.05659,-0.83278084
0.056592,-2.4046474
0.056594,-3.7915885
0.056596,-4.623753
0.056598,-4.9011416
0.0566,-4.577522
0.056602,-3.745357
0.056604,-2.4046474
0.056606,-0.78654957
0.056608,0.970243
0.05661,2.542109
0.056612,3.8828197
0.056614,4.668752
0.056616,4.8999095
0.056618,4.5762897
0.056619998,3.6516623
0.056622,2.3109517
0.056624,0.6928544
0.056626,-1.0639377
0.056628,-2.6358042
0.05663,-3.9302826
0.056632,-4.716216
0.056634,-4.9011416
0.056636,-4.4850593
0.056638,-3.6066632
0.05664,-2.2197218
0.056642,-0.55539227
0.056644,1.2013993
0.056646,2.7732663
0.056648,4.0215135
0.05665,4.7612157
0.056652,4.8999095
0.056654,4.437596
0.056656,3.5129685
0.056658,2.0797954
0.05666,0.4154663
0.056662,-1.2950945
0.056664,-2.8207297
0.056666,-4.068977
0.056668,-4.7624474
0.05667,-4.9011416
0.056672,-4.4388275
0.056674,-3.4217377
0.056676,-1.9885652
0.056678,-0.27800417
0.05668,1.4325566
0.056681998,3.0044227
0.056684,4.1602073
0.056686,4.807446
0.056688,4.8999095
0.05669,4.3913646
0.056692,3.3280425
0.056694,1.8486385
0.056696,0.184309
0.056698,-1.48002
0.0567,-3.0518866
0.056702,-4.2076707
0.056704,-4.8086786
0.056706,-4.85491
0.056708,-4.3001337
0.05671,-3.236812
0.056712,-1.7574081
0.056714,-0.046847343
0.056716,1.6637135
0.056718,3.1893477
0.05672,4.298901
0.056722,4.8536773
0.056724,4.8536773
0.056726,4.252671
0.056728,3.0968862
0.05673,1.6174817
0.056732,-0.09307861
0.056734,-1.7111769
0.056736,-3.236812
0.056738,-4.346365
0.05674,-4.85491
0.056742,-4.8086786
0.056743998,-4.2076707
0.056746,-3.0518866
0.056748,-1.48002
0.05675,-6.160736E-4
0.056752,0.46169758
0.056754,0.8315482
0.056756,1.2013993
0.056758,1.5250192
0.05676,1.8948698
0.056762,2.2647214
0.056764,2.5883412
0.056766,2.9119601
0.056768,3.1893477
0.05677,3.5129685
0.056772,3.744125
0.056774,4.0215135
0.056776,4.2064385
0.056778,4.437596
0.05678,4.5762897
0.056782,4.7149835
0.056784,4.8536773
0.056786,4.946141
0.056788,4.992371
0.05679,5.0386033
0.056792,5.0386033
0.056794,5.0386033
0.056796,4.946141
0.056798,4.8999095
0.0568,4.7612157
0.056802,4.668752
0.056804,4.483826
0.056805998,4.3451324
0.056808,4.113976
0.05681,3.8828197
0.056812,3.6516623
0.056814,3.3742738
0.056816,3.050654
0.056818,2.727035
0.05682,2.4034152
0.056822,2.0797954
0.056824,1.7099442
0.056826,1.3863249
0.056828,1.0164738
0.05683,0.64662313
0.056832,0.23054075
0.056834,-0.13931036
0.056836,-0.5091615
0.056838,-0.8790121
0.05684,-1.2488632
0.056842,-1.6187139
0.056844,-1.9885652
0.056846,-2.3121846
0.056848,-2.6358042
0.05685,-2.9594238
0.056852,-3.2830436
0.056854,-3.5604317
0.056856,-3.7915885
0.056858,-4.068977
0.05686,-4.2539024
0.056862,-4.4388275
0.056864,-4.577522
0.056866,-4.716216
0.056867998,-4.85491
0.05687,-4.947373
0.056872,-4.993604
0.056874,-4.993604
0.056876,-4.993604
0.056878,-4.993604
0.05688,-4.947373
0.056882,-4.85491
0.056884,-4.716216
0.056886,-4.577522
0.056888,-4.4388275
0.05689,-4.2539024
0.056892,-4.022745
0.056894,-3.7915885
0.056896,-3.5142004
0.056898,-3.236812
0.0569,-2.9594238
0.056902,-2.6358042
0.056904,-2.3121846
0.056906,-1.9423337
0.056908,-1.5724826
0.05691,-1.2488632
0.056912,-0.8790121
0.056914,-0.5091615
0.056916,-0.09307861
0.056918,0.27677202
0.05692,0.64662313
0.056922,1.0627055
0.056924,1.4325566
0.056926,1.756176
0.056928,2.126027
0.056929998,2.4496465
0.056932,2.7732663
0.056934,3.0968862
0.056936,3.3742738
0.056938,3.6516623
0.05694,3.8828197
0.056942,4.1602073
0.056944,4.3451324
0.056946,4.483826
0.056948,4.668752
0.05695,4.807446
0.056952,4.8999095
0.056954,4.946141
0.056956,4.992371
0.056958,5.0386033
0.05696,5.0386033
0.056962,4.992371
0.056964,4.8999095
0.056966,4.807446
0.056968,4.668752
0.05697,4.5300584
0.056972,4.3913646
0.056974,4.2064385
0.056976,3.9752812
0.056978,3.6978936
0.05698,3.420505
0.056982,3.1431174
0.056984,2.8657289
0.056986,2.4958777
0.056988,2.172258
0.05699,1.8486385
0.056991998,1.4787879
0.056994,1.1089368
0.056996,0.7390857
0.056998,0.36923456
0.057,-6.160736E-4
0.057002,-0.41669846
0.057004,-0.78654957
0.057006,-1.1564007
0.057008,-1.48002
0.05701,-1.8498712
0.057012,-2.2197218
0.057014,-2.5433414
0.057016,-2.866961
0.057018,-3.1905808
0.05702,-3.467969
0.057022,-3.745357
0.057024,-3.976514
0.057026,-4.2076707
0.057028,-4.3925962
0.05703,-4.5312905
0.057032,-4.716216
0.057034,-4.8086786
0.057036,-4.9011416
0.057038,-4.993604
0.05704,-4.993604
0.057042,-5.0398355
0.057044,-4.993604
0.057046,-4.947373
0.057048,-4.85491
0.05705,-4.7624474
0.057052,-4.623753
0.057053998,-4.4850593
0.057056,-4.3001337
0.057058,-4.115208
0.05706,-3.8840513
0.057062,-3.6066632
0.057064,-3.329275
0.057066,-3.0518866
0.057068,-2.728267
0.05707,-2.4046474
0.057072,-2.081028
0.057074,-1.7111769
0.057076,-1.387557
0.057078,-0.9714751
0.05708,-0.601624
0.057082,-0.2317729
0.057084,0.13807821
0.057086,0.5541601
0.057088,0.92401123
0.05709,1.2938623
0.057092,1.6174817
0.057094,1.9873328
0.057096,2.3109517
0.057098,2.6808028
0.057099998,2.9581914
0.057102,3.2818112
0.057104,3.5591989
0.057106,3.8365874
0.057108,4.0677447
0.05711,4.298901
0.057112,4.437596
0.057114,4.622521
0.057115998,4.7612157
0.057118,4.8536773
0.05712,4.946141
0.057122,4.992371
0.057124,5.0386033
0.057126,5.0386033
0.057128,4.992371
0.05713,4.946141
0.057132,4.8536773
0.057134,4.7149835
0.057136,4.5762897
0.057138,4.437596
0.05714,4.252671
0.057142,4.0215135
0.057144,3.7903562
0.057146,3.5129685
0.057148,3.23558
0.05715,2.9581914
0.057152,2.6345725
0.057154,2.3109517
0.057156,1.9411016
0.057158,1.5712504
0.05716,1.2476311
0.057161998,0.87777996
0.057164,0.50792885
0.057166,0.13807821
0.057168,-0.27800417
0.05717,-0.6478553
0.057172,-1.0177064
0.057174,-1.387557
0.057176,-1.7111769
0.057177998,-2.081028
0.05718,-2.4046474
0.057182,-2.7744985
0.057184,-3.0518866
0.057186,-3.3755062
0.057188,-3.6528945
0.05719,-3.8840513
0.057192,-4.115208
0.057194,-4.346365
0.057196,-4.4850593
0.057198,-4.669985
0.0572,-4.7624474
0.057202,-4.9011416
0.057204,-4.947373
0.057206,-4.993604
0.057208,-5.0398355
0.05721,-4.993604
0.057212,-4.947373
0.057214,-4.9011416
0.057216,-4.8086786
0.057218,-4.669985
0.05722,-4.5312905
0.057222,-4.3925962
0.057223998,-4.1614394
0.057226,-3.976514
0.057228,-3.6991258
0.05723,-3.4217377
0.057232,-3.1443493
0.057234,-2.8207297
0.057236,-2.4971101
0.057238,-2.1734905
0.057239998,-1.8036394
0.057242,-1.48002
0.057244,-1.1101689
0.057246,-0.7403178
0.057248,-0.3704667
0.05725,0.045615196
0.057252,0.4154663
0.057254,0.7853174
0.057256,1.1551685
0.057258,1.5250192
0.05726,1.8948698
0.057262,2.2184901
0.057264,2.542109
0.057266,2.8657289
0.057268,3.1893477
0.05727,3.4667363
0.057272,3.744125
0.057274,3.9752812
0.057276,4.2064385
0.057278,4.3913646
0.05728,4.5762897
0.057282,4.7149835
0.057284,4.807446
0.057285998,4.8999095
0.057288,4.992371
0.05729,5.0386033
0.057292,5.0386033
0.057294,4.992371
0.057296,4.946141
0.057298,4.8999095
0.0573,4.7612157
0.057302,4.622521
0.057304,4.483826
0.057306,4.3451324
0.057308,4.113976
0.05731,3.8828197
0.057312,3.605431
0.057314,3.3280425
0.057316,3.050654
0.057318,2.727035
0.05732,2.4034152
0.057322,2.0797954
0.057324,1.7099442
0.057326,1.3863249
0.057328,1.0164738
0.05733,0.64662313
0.057332,0.23054075
0.057334,-0.13931036
0.057336,-0.5091615
0.057338,-0.8790121
0.05734,-1.2950945
0.057342,-1.6187139
0.057344,-1.9885652
0.057346,-2.3121846
0.057347998,-2.6358042
0.05735,-2.9594238
0.057352,-3.2830436
0.057354,-3.5604317
0.057356,-3.7915885
0.057358,-4.068977
0.05736,-4.2539024
0.057362,-4.4388275
0.057364,-4.577522
0.057366,-4.716216
0.057368,-4.85491
0.05737,-4.947373
0.057372,-4.993604
0.057374,-5.0398355
0.057376,-5.0398355
0.057378,-4.993604
0.05738,-4.947373
0.057382,-4.85491
0.057384,-4.716216
0.057386,-4.577522
0.057388,-4.4388275
0.05739,-4.2539024
0.057392,-4.022745
0.057394,-3.7915885
0.057396,-3.5142004
0.057398,-3.236812
0.0574,-2.9594238
0.057402,-2.6358042
0.057404,-2.3121846
0.057406,-1.9423337
0.057408,-1.5724826
0.057409998,-1.2488632
0.057412,-0.8790121
0.057414,-0.5091615
0.057416,-0.09307861
0.057418,0.27677202
0.05742,0.64662313
0.057422,1.0627055
0.057424,1.4325566
0.057426,1.756176
0.057428,2.126027
0.05743,2.4496465
0.057432,2.7732663
0.057434,3.0968862
0.057436,3.3742738
0.057438,3.6516623
0.05744,3.92905
0.057442,4.1602073
0.057444,4.3451324
0.057446,4.483826
0.057448,4.668752
0.05745,4.807446
0.057452,4.8999095
0.057454,4.946141
0.057456,4.992371
0.057458,5.0386033
0.05746,5.0386033
0.057462,4.992371
0.057464,4.8999095
0.057466,4.807446
0.057468,4.668752
0.05747,4.5300584
0.057471998,4.3913646
0.057474,4.2064385
0.057476,3.9752812
0.057478,3.6978936
0.05748,3.420505
0.057482,3.1431174
0.057484,2.8657289
0.057486,2.542109
0.057488,2.172258
0.05749,1.8486385
0.057492,1.4787879
0.057494,1.1089368
0.057496,0.7390857
0.057498,0.36923456
0.0575,-6.160736E-4
0.057502,-0.41669846
0.057504,-0.78654957
0.057506,-1.1564007
0.057508,-1.48002
0.05751,-1.8498712
0.057512,-2.2197218
0.057514,-2.5433414
0.057516,-2.866961
0.057518,-3.1905808
0.05752,-3.467969
0.057522,-3.745357
0.057524,-3.976514
0.057526,-4.2076707
0.057528,-4.3925962
0.05753,-4.5312905
0.057532,-4.716216
0.057533998,-4.8086786
0.057536,-4.9011416
0.057538,-4.993604
0.05754,-4.993604
0.057542,-5.0398355
0.057544,-4.993604
0.057546,-4.947373
0.057548,-4.85491
0.05755,-4.7624474
0.057552,-4.623753
0.057554,-4.4850593
0.057556,-4.3001337
0.057558,-4.115208
0.05756,-3.8840513
0.057562,-3.6066632
0.057564,-3.329275
0.057566,-3.0518866
0.057568,-2.728267
0.05757,-2.4046474
0.057572,-2.081028
0.057574,-1.7111769
0.057576,-1.387557
0.057578,-0.9714751
0.05758,-0.601624
0.057582,-0.2317729
0.057584,0.13807821
0.057586,0.5541601
0.057588,0.92401123
0.05759,1.2938623
0.057592,1.6174817
0.057594,1.9873328
0.057595998,2.3109517
0.057598,2.6808028
0.0576,3.0044227
0.057602,3.2818112
0.057604,3.5591989
0.057606,3.8365874
0.057608,4.0677447
0.05761,4.298901
0.057612,4.437596
0.057614,4.622521
0.057616,4.7612157
0.057618,4.8536773
0.05762,4.946141
0.057622,4.992371
0.057624,5.0386033
0.057626,5.0386033
0.057628,4.992371
0.05763,4.946141
0.057632,4.8536773
0.057634,4.7149835
0.057636,4.5762897
0.057638,4.437596
0.05764,4.252671
0.057642,4.0215135
0.057644,3.7903562
0.057646,3.5129685
0.057648,3.23558
0.05765,2.9581914
0.057652,2.6345725
0.057654,2.3109517
0.057656,1.9411016
0.057657998,1.5712504
0.05766,1.2476311
0.057662,0.87777996
0.057664,0.50792885
0.057666,0.13807821
0.057668,-0.27800417
0.05767,-0.6478553
0.057672,-1.0177064
0.057674,-1.387557
0.057676,-1.7111769
0.057678,-2.081028
0.05768,-2.4046474
0.057682,-2.7744985
0.057684,-3.0518866
0.057686,-3.3755062
0.057688,-3.6528945
0.05769,-3.8840513
0.057692,-4.115208
0.057694,-4.346365
0.057696,-4.4850593
0.057698,-4.669985
0.0577,-4.7624474
0.057702,-4.9011416
0.057704,-4.947373
0.057706,-4.993604
0.057708,-5.0398355
0.05771,-4.993604
0.057712,-4.947373
0.057714,-4.9011416
0.057716,-4.8086786
0.057718,-4.669985
0.057719998,-4.5312905
0.057722,-4.3925962
0.057724,-4.1614394
0.057726,-3.976514
0.057728,-3.6991258
0.05773,-3.4217377
0.057732,-3.1443493
0.057734,-2.8207297
0.057736,-2.4971101
0.057738,-2.1734905
0.05774,-1.8036394
0.057742,-1.48002
0.057744,-1.1101689
0.057746,-0.7403178
0.057748,-0.3704667
0.05775,0.27677202
0.057752,1.8486385
0.057754,3.3280425
0.057756,4.3913646
0.057758,4.8536773
0.05776,4.7612157
0.057762,4.0677447
0.057764,2.9119601
0.057766,1.3863249
0.057768,-0.3704667
0.05777,-1.9885652
0.057772,-3.467969
0.057774,-4.4388275
0.057776,-4.9011416
0.057778,-4.7624474
0.05778,-4.068977
0.057781998,-2.866961
0.057784,-1.2950945
0.057786,0.46169758
0.057788,2.126027
0.05779,3.5591989
0.057792,4.483826
0.057794,4.8999095
0.057796,4.7149835
0.057798,3.9752812
0.0578,2.727035
0.057802,1.1551685
0.057804,-0.55539227
0.057806,-2.2197218
0.057808,-3.6066632
0.05781,-4.5312905
0.057812,-4.9011416
0.057814,-4.669985
0.057816,-3.8840513
0.057818,-2.6358042
0.05782,-1.0177064
0.057822,0.7390857
0.057824,2.357184
0.057826,3.6978936
0.057828,4.5762897
0.05783,4.8999095
0.057832,4.622521
0.057834,3.8365874
0.057836,2.4958777
0.057838,0.92401123
0.05784,-0.83278084
0.057842,-2.4046474
0.057843998,-3.7915885
0.057846,-4.623753
0.057848,-4.9011416
0.05785,-4.577522
0.057852,-3.745357
0.057854,-2.4046474
0.057856,-0.78654957
0.057858,0.970243
0.05786,2.5883412
0.057862,3.8828197
0.057864,4.668752
0.057866,4.8999095
0.057868,4.5300584
0.05787,3.6516623
0.057872,2.3109517
0.057874,0.64662313
0.057876,-1.0639377
0.057878,-2.6358042
0.05788,-3.9302826
0.057882,-4.716216
0.057884,-4.9011416
0.057886,-4.4850593
0.057888,-3.6066632
0.05789,-2.2197218
0.057892,-0.55539227
0.057894,1.2013993
0.057896,2.7732663
0.057898,4.0215135
0.0579,4.7612157
0.057902,4.8999095
0.057904,4.437596
0.057905998,3.4667363
0.057908,2.0797954
0.05791,0.4154663
0.057912,-1.2950945
0.057914,-2.8207297
0.057916,-4.068977
0.057918,-4.7624474
0.05792,-4.9011416
0.057922,-4.4388275
0.057924,-3.4217377
0.057926,-1.9885652
0.057928,-0.27800417
0.05793,1.4325566
0.057932,3.0044227
0.057934,4.1602073
0.057936,4.807446
0.057938,4.8999095
0.05794,4.3913646
0.057942,3.3280425
0.057944,1.8486385
0.057946,0.184309
0.057948,-1.5262513
0.05795,-3.0518866
0.057952,-4.2076707
0.057954,-4.8086786
0.057956,-4.85491
0.057958,-4.3001337
0.05796,-3.236812
0.057962,-1.7574081
0.057964,-0.046847343
0.057966,1.6637135
0.057967998,3.1893477
0.05797,4.298901
0.057972,4.8536773
0.057974,4.8536773
0.057976,4.252671
0.057978,3.0968862
0.05798,1.6174817
0.057982,-0.09307861
0.057984,-1.7574081
0.057986,-3.236812
0.057988,-4.346365
0.05799,-4.85491
0.057992,-4.8086786
0.057994,-4.2076707
0.057996,-3.0518866
0.057998,-1.48002
0.058,0.23054075
0.058002,1.8948698
0.058004,3.3742738
0.058006,4.437596
0.058008,4.8999095
0.05801,4.7612157
0.058012,4.113976
0.058014,2.9119601
0.058016,1.3863249
0.058018,-0.32423592
0.05802,-1.9885652
0.058022,-3.4217377
0.058024,-4.4388275
0.058026,-4.9011416
0.058028,-4.7624474
0.058029998,-4.068977
0.058032,-2.8207297
0.058034,-1.2950945
0.058036,0.46169758
0.058038,2.126027
0.05804,3.5591989
0.058042,4.483826
0.058044,4.8999095
0.058046,4.7149835
0.058048,3.9752812
0.05805,2.727035
0.058052,1.1551685
0.058054,-0.55539227
0.058056,-2.1734905
0.058058,-3.6066632
0.05806,-4.5312905
0.058062,-4.9011416
0.058064,-4.669985
0.058066,-3.8840513
0.058068,-2.6358042
0.05807,-1.0177064
0.058072,0.7390857
0.058074,2.357184
0.058076,3.6978936
0.058078,4.5762897
0.05808,4.8999095
0.058082,4.622521
0.058084,3.8365874
0.058086,2.4958777
0.058088,0.92401123
0.05809,-0.83278084
0.058091998,-2.4046474
0.058094,-3.7915885
0.058096,-4.623753
0.058098,-4.9011416
0.0581,-4.577522
0.058102,-3.745357
0.058104,-2.4046474
0.058106,-0.78654957
0.058108,0.970243
0.05811,2.5883412
0.058112,3.8828197
0.058114,4.668752
0.058116,4.8999095
0.058118,4.5300584
0.05812,3.6516623
0.058122,2.2647214
0.058124,0.64662313
0.058126,-1.0639377
0.058128,-2.6358042
0.05813,-3.9302826
0.058132,-4.716216
0.058134,-4.9011416
0.058136,-4.4850593
0.058138,-3.6066632
0.05814,-2.2197218
0.058142,-0.55539227
0.058144,1.2013993
0.058146,2.7732663
0.058148,4.0215135
0.05815,4.7612157
0.058152,4.8999095
0.058153998,4.437596
0.058156,3.4667363
0.058158,2.0797954
0.05816,0.4154663
0.058162,-1.2950945
0.058164,-2.8207297
0.058166,-4.068977
0.058168,-4.7624474
0.05817,-4.9011416
0.058172,-4.4388275
0.058174,-3.4217377
0.058176,-1.9885652
0.058178,-0.27800417
0.05818,1.4325566
0.058182,3.0044227
0.058184,4.1602073
0.058186,4.807446
0.058188,4.8999095
0.05819,4.3913646
0.058192,3.2818112
0.058194,1.8486385
0.058196,0.184309
0.058198,-1.5262513
0.058199998,-3.0518866
0.058202,-4.2076707
0.058204,-4.8086786
0.058206,-4.85491
0.058208,-4.3001337
0.05821,-3.236812
0.058212,-1.7574081
0.058214,-0.046847343
0.058215998,1.6637135
0.058218,3.1893477
0.05822,4.298901
0.058222,4.8536773
0.058224,4.8536773
0.058226,4.252671
0.058228,3.0968862
0.05823,1.6174817
0.058232,-0.09307861
0.058234,-1.7574081
0.058236,-3.236812
0.058238,-4.346365
0.05824,-4.85491
0.058242,-4.8086786
0.058244,-4.2076707
0.058246,-3.0518866
0.058248,-1.48002
0.05825,0.23054075
0.058252,1.8948698
0.058254,3.3742738
0.058256,4.437596
0.058258,4.8999095
0.05826,4.7612157
0.058261998,4.113976
0.058264,2.9119601
0.058266,1.3863249
0.058268,-0.32423592
0.05827,-1.9885652
0.058272,-3.4217377
0.058274,-4.4388275
0.058276,-4.9011416
0.058277998,-4.7624474
0.05828,-4.068977
0.058282,-2.8207297
0.058284,-1.2950945
0.058286,0.46169758
0.058288,2.126027
0.05829,3.5591989
0.058292,4.483826
0.058294,4.8999095
0.058296,4.7149835
0.058298,3.9752812
0.0583,2.727035
0.058302,1.1551685
0.058304,-0.55539227
0.058306,-2.1734905
0.058308,-3.6066632
0.05831,-4.5312905
0.058312,-4.9011416
0.058314,-4.669985
0.058316,-3.8840513
0.058318,-2.6358042
0.05832,-1.0177064
0.058322,0.7390857
0.058323998,2.357184
0.058326,3.6978936
0.058328,4.5762897
0.05833,4.8999095
0.058332,4.622521
0.058334,3.8365874
0.058336,2.4958777
0.058338,0.92401123
0.058339998,-0.83278084
0.058342,-2.4046474
0.058344,-3.7915885
0.058346,-4.623753
0.058348,-4.9011416
0.05835,-4.577522
0.058352,-3.745357
0.058354,-2.4046474
0.058356,-0.78654957
0.058358,0.970243
0.05836,2.5883412
0.058362,3.8828197
0.058364,4.668752
0.058366,4.8999095
0.058368,4.5300584
0.05837,3.6516623
0.058372,2.2647214
0.058374,0.64662313
0.058376,-1.0639377
0.058378,-2.6358042
0.05838,-3.9302826
0.058382,-4.716216
0.058384,-4.9011416
0.058385998,-4.4850593
0.058388,-3.6066632
0.05839,-2.2197218
0.058392,-0.55539227
0.058394,1.2013993
0.058396,2.7732663
0.058398,4.0215135
0.0584,4.7612157
0.058401998,4.8999095
0.058404,4.437596
0.058406,3.4667363
0.058408,2.0797954
0.05841,0.4154663
0.058412,-1.2950945
0.058414,-2.8207297
0.058416,-4.068977
0.058418,-4.7624474
0.05842,-4.9011416
0.058422,-4.4388275
0.058424,-3.4217377
0.058426,-1.9885652
0.058428,-0.27800417
0.05843,1.4325566
0.058432,3.0044227
0.058434,4.1602073
0.058436,4.807446
0.058438,4.8536773
0.05844,4.3451324
0.058442,3.2818112
0.058444,1.8486385
0.058446,0.184309
0.058447998,-1.5262513
0.05845,-3.0518866
0.058452,-4.2076707
0.058454,-4.8086786
0.058456,-4.85491
0.058458,-4.3001337
0.05846,-3.236812
0.058462,-1.7111769
0.058464,-0.046847343
0.058466,1.6637135
0.058468,3.1893477
0.05847,4.298901
0.058472,4.8536773
0.058474,4.8536773
0.058476,4.252671
0.058478,3.0968862
0.05848,1.6174817
0.058482,-0.09307861
0.058484,-1.7574081
0.058486,-3.236812
0.058488,-4.346365
0.05849,-4.85491
0.058492,-4.8086786
0.058494,-4.2076707
0.058496,-3.0518866
0.058498,-1.48002
0.0585,0.23054075
0.058502,1.8948698
0.058504,3.3742738
0.058506,4.437596
0.058508,4.8999095
0.058509998,4.7612157
0.058512,4.113976
0.058514,2.9119601
0.058516,1.3863249
0.058518,-0.32423592
0.05852,-1.9885652
0.058522,-3.4217377
0.058524,-4.4388275
0.058526,-4.9011416
0.058528,-4.7624474
0.05853,-4.068977
0.058532,-2.8207297
0.058534,-1.2950945
0.058536,0.46169758
0.058538,2.126027
0.05854,3.5591989
0.058542,4.483826
0.058544,4.8999095
0.058546,4.7149835
0.058548,3.9752812
0.05855,2.727035
0.058552,1.1551685
0.058554,-0.55539227
0.058556,-2.1734905
0.058558,-3.6066632
0.05856,-4.5312905
0.058562,-4.9011416
0.058564,-4.669985
0.058566,-3.8840513
0.058568,-2.6358042
0.05857,-1.0177064
0.058571998,0.7390857
0.058574,2.357184
0.058576,3.6978936
0.058578,4.5762897
0.05858,4.8999095
0.058582,4.622521
0.058584,3.8365874
0.058586,2.4958777
0.058588,0.92401123
0.05859,-0.83278084
0.058592,-2.4046474
0.058594,-3.7915885
0.058596,-4.623753
0.058598,-4.9011416
0.0586,-4.577522
0.058602,-3.745357
0.058604,-2.4046474
0.058606,-0.78654957
0.058608,0.970243
0.05861,2.5883412
0.058612,3.8828197
0.058614,4.668752
0.058616,4.8999095
0.058618,4.5300584
0.05862,3.6516623
0.058622,2.2647214
0.058624,0.64662313
0.058626,-1.0639377
0.058628,-2.6358042
0.05863,-3.9302826
0.058632,-4.716216
0.058633998,-4.9011416
0.058636,-4.4850593
0.058638,-3.6066632
0.05864,-2.1734905
0.058642,-0.55539227
0.058644,1.2013993
0.058646,2.7732663
0.058648,4.0215135
0.05865,4.7612157
0.058652,4.8999095
0.058654,4.437596
0.058656,3.4667363
0.058658,2.0797954
0.05866,0.4154663
0.058662,-1.2950945
0.058664,-2.8207297
0.058666,-4.068977
0.058668,-4.7624474
0.05867,-4.9011416
0.058672,-4.4388275
0.058674,-3.4217377
0.058676,-1.9885652
0.058678,-0.27800417
0.05868,1.4325566
0.058682,3.0044227
0.058684,4.1602073
0.058686,4.807446
0.058688,4.8999095
0.05869,4.3451324
0.058692,3.2818112
0.058694,1.8486385
0.058695998,0.184309
0.058698,-1.5262513
0.0587,-3.0518866
0.058702,-4.2076707
0.058704,-4.8086786
0.058706,-4.85491
0.058708,-4.3001337
0.05871,-3.236812
0.058712,-1.7111769
0.058714,-0.046847343
0.058716,1.6637135
0.058718,3.1893477
0.05872,4.298901
0.058722,4.8536773
0.058724,4.8536773
0.058726,4.252671
0.058728,3.0968862
0.05873,1.6174817
0.058732,-0.09307861
0.058734,-1.7574081
0.058736,-3.236812
0.058738,-4.346365
0.05874,-4.85491
0.058742,-4.8086786
0.058744,-4.1614394
0.058746,-3.0518866
0.058748,-1.48002
0.05875,-6.160736E-4
0.058752,0.46169758
0.058754,0.8315482
0.058756,1.2013993
0.058757998,1.5250192
0.05876,1.8948698
0.058762,2.2647214
0.058764,2.5883412
0.058766,2.9119601
0.058768,3.1893477
0.05877,3.5129685
0.058772,3.744125
0.058774,4.0215135
0.058776,4.2064385
0.058778,4.437596
0.05878,4.5762897
0.058782,4.7149835
0.058784,4.8536773
0.058786,4.946141
0.058788,4.992371
0.05879,5.0386033
0.058792,5.0386033
0.058794,5.0386033
0.058796,4.946141
0.058798,4.8999095
0.0588,4.7612157
0.058802,4.668752
0.058804,4.483826
0.058806,4.3451324
0.058808,4.113976
0.05881,3.8828197
0.058812,3.605431
0.058814,3.3280425
0.058816,3.050654
0.058818,2.727035
0.058819998,2.4034152
0.058822,2.0797954
0.058824,1.7099442
0.058826,1.3863249
0.058828,1.0164738
0.05883,0.64662313
0.058832,0.23054075
0.058834,-0.13931036
0.058836,-0.5091615
0.058838,-0.8790121
0.05884,-1.2950945
0.058842,-1.6187139
0.058844,-1.9885652
0.058846,-2.3121846
0.058848,-2.6358042
0.05885,-2.9594238
0.058852,-3.2830436
0.058854,-3.5604317
0.058856,-3.7915885
0.058858,-4.068977
0.05886,-4.2539024
0.058862,-4.4388275
0.058864,-4.577522
0.058866,-4.716216
0.058868,-4.85491
0.05887,-4.947373
0.058872,-4.993604
0.058874,-5.0398355
0.058876,-4.993604
0.058878,-4.993604
0.05888,-4.947373
0.058881998,-4.85491
0.058884,-4.716216
0.058886,-4.577522
0.058888,-4.4388275
0.05889,-4.2539024
0.058892,-4.022745
0.058894,-3.7915885
0.058896,-3.5142004
0.058898,-3.236812
0.0589,-2.9594238
0.058902,-2.6358042
0.058904,-2.3121846
0.058906,-1.9423337
0.058908,-1.5724826
0.05891,-1.2488632
0.058912,-0.8790121
0.058914,-0.46292973
0.058916,-0.09307861
0.058918,0.27677202
0.05892,0.64662313
0.058922,1.0627055
0.058924,1.4325566
0.058926,1.756176
0.058928,2.126027
0.05893,2.4496465
0.058932,2.7732663
0.058934,3.0968862
0.058936,3.3742738
0.058938,3.6516623
0.05894,3.92905
0.058942,4.1602073
0.058943998,4.3451324
0.058946,4.483826
0.058948,4.668752
0.05895,4.807446
0.058952,4.8999095
0.058954,4.946141
0.058956,4.992371
0.058958,5.0386033
0.05896,5.0386033
0.058962,4.992371
0.058964,4.8999095
0.058966,4.807446
0.058968,4.668752
0.05897,4.5300584
0.058972,4.3913646
0.058974,4.2064385
0.058976,3.9752812
0.058978,3.6978936
0.05898,3.420505
0.058982,3.1431174
0.058984,2.8194976
0.058986,2.4958777
0.058988,2.172258
0.05899,1.8486385
0.058992,1.4787879
0.058994,1.1089368
0.058996,0.7390857
0.058998,0.36923456
0.059,-6.160736E-4
0.059002,-0.41669846
0.059004,-0.78654957
0.059005998,-1.1564007
0.059008,-1.48002
0.05901,-1.8498712
0.059012,-2.2197218
0.059014,-2.5433414
0.059016,-2.866961
0.059018,-3.1905808
0.05902,-3.467969
0.059022,-3.745357
0.059024,-3.976514
0.059026,-4.2076707
0.059028,-4.3925962
0.05903,-4.5312905
0.059032,-4.716216
0.059034,-4.8086786
0.059036,-4.9011416
0.059038,-4.993604
0.05904,-4.993604
0.059042,-5.0398355
0.059044,-4.993604
0.059046,-4.947373
0.059048,-4.85491
0.05905,-4.7624474
0.059052,-4.623753
0.059054,-4.4850593
0.059056,-4.3001337
0.059058,-4.115208
0.05906,-3.8840513
0.059062,-3.6066632
0.059064,-3.329275
0.059066,-3.0518866
0.059067998,-2.728267
0.05907,-2.4046474
0.059072,-2.081028
0.059074,-1.7111769
0.059076,-1.3413262
0.059078,-0.9714751
0.05908,-0.601624
0.059082,-0.2317729
0.059084,0.13807821
0.059086,0.5541601
0.059088,0.92401123
0.05909,1.2938623
0.059092,1.6174817
0.059094,1.9873328
0.059096,2.357184
0.059098,2.6808028
0.0591,3.0044227
0.059102,3.2818112
0.059104,3.5591989
0.059106,3.8365874
0.059108,4.0677447
0.05911,4.298901
0.059112,4.437596
0.059114,4.622521
0.059116,4.7612157
0.059118,4.8536773
0.05912,4.946141
0.059122,4.992371
0.059124,5.0386033
0.059126,5.0386033
0.059128,4.992371
0.059129998,4.946141
0.059132,4.8536773
0.059134,4.7149835
0.059136,4.5762897
0.059138,4.437596
0.05914,4.252671
0.059142,4.0215135
0.059144,3.7903562
0.059146,3.5129685
0.059148,3.23558
0.05915,2.9581914
0.059152,2.6345725
0.059154,2.3109517
0.059156,1.9411016
0.059158,1.5712504
0.05916,1.2476311
0.059162,0.87777996
0.059164,0.50792885
0.059166,0.13807821
0.059168,-0.27800417
0.05917,-0.6478553
0.059172,-1.0177064
0.059174,-1.387557
0.059176,-1.7111769
0.059178,-2.081028
0.05918,-2.4046474
0.059182,-2.7744985
0.059184,-3.0518866
0.059186,-3.3755062
0.059188,-3.6528945
0.05919,-3.8840513
0.059191998,-4.115208
0.059194,-4.346365
0.059196,-4.4850593
0.059198,-4.669985
0.0592,-4.7624474
0.059202,-4.9011416
0.059204,-4.947373
0.059206,-4.993604
0.059208,-5.0398355
0.05921,-4.993604
0.059212,-4.993604
0.059214,-4.9011416
0.059216,-4.8086786
0.059218,-4.669985
0.05922,-4.5312905
0.059222,-4.3925962
0.059224,-4.1614394
0.059226,-3.976514
0.059228,-3.6991258
0.05923,-3.4217377
0.059232,-3.1443493
0.059234,-2.8207297
0.059236,-2.4971101
0.059238,-2.1734905
0.05924,-1.8036394
0.059242,-1.48002
0.059244,-1.1101689
0.059246,-0.7403178
0.059248,-0.3704667
0.05925,0.045615196
0.059252,0.4154663
0.059253998,0.7853174
0.059256,1.1551685
0.059258,1.5250192
0.05926,1.8948698
0.059262,2.2184901
0.059264,2.542109
0.059266,2.8657289
0.059268,3.1893477
0.05927,3.4667363
0.059272,3.744125
0.059274,3.9752812
0.059276,4.2064385
0.059278,4.3913646
0.05928,4.5762897
0.059282,4.7149835
0.059284,4.807446
0.059286,4.8999095
0.059288,4.992371
0.05929,5.0386033
0.059292,5.0386033
0.059294,4.992371
0.059296,4.946141
0.059298,4.8999095
0.0593,4.7612157
0.059302,4.622521
0.059304,4.483826
0.059306,4.3451324
0.059308,4.113976
0.05931,3.8828197
0.059312,3.605431
0.059314,3.3280425
0.059315998,3.050654
0.059318,2.727035
0.05932,2.4034152
0.059322,2.0797954
0.059324,1.7099442
0.059326,1.3863249
0.059328,1.0164738
0.05933,0.64662313
0.059332,0.23054075
0.059334,-0.13931036
0.059336,-0.5091615
0.059338,-0.8790121
0.05934,-1.2950945
0.059342,-1.6187139
0.059344,-1.9885652
0.059346,-2.3121846
0.059348,-2.6358042
0.05935,-2.9594238
0.059352,-3.2830436
0.059354,-3.5604317
0.059356,-3.7915885
0.059358,-4.068977
0.05936,-4.2539024
0.059361998,-4.4388275
0.059364,-4.577522
0.059366,-4.716216
0.059368,-4.85491
0.05937,-4.947373
0.059372,-4.993604
0.059374,-5.0398355
0.059376,-4.993604
0.059377998,-4.993604
0.05938,-4.947373
0.059382,-4.85491
0.059384,-4.716216
0.059386,-4.577522
0.059388,-4.4388275
0.05939,-4.2539024
0.059392,-4.022745
0.059394,-3.7915885
0.059396,-3.5142004
0.059398,-3.236812
0.0594,-2.9594238
0.059402,-2.6358042
0.059404,-2.2659533
0.059406,-1.9423337
0.059408,-1.5724826
0.05941,-1.2488632
0.059412,-0.8790121
0.059414,-0.46292973
0.059416,-0.09307861
0.059418,0.27677202
0.05942,0.64662313
0.059422,1.0627055
0.059423998,1.4325566
0.059426,1.756176
0.059428,2.126027
0.05943,2.4496465
0.059432,2.7732663
0.059434,3.0968862
0.059436,3.3742738
0.059438,3.6516623
0.059439998,3.92905
0.059442,4.1602073
0.059444,4.3451324
0.059446,4.483826
0.059448,4.668752
0.05945,4.807446
0.059452,4.8999095
0.059454,4.946141
0.059456,4.992371
0.059458,5.0386033
0.05946,5.0386033
0.059462,4.992371
0.059464,4.8999095
0.059466,4.807446
0.059468,4.668752
0.05947,4.5300584
0.059472,4.3913646
0.059474,4.2064385
0.059476,3.9752812
0.059478,3.6978936
0.05948,3.420505
0.059482,3.1431174
0.059484,2.8194976
0.059485998,2.4958777
0.059488,2.172258
0.05949,1.8486385
0.059492,1.4787879
0.059494,1.1089368
0.059496,0.7390857
0.059498,0.36923456
0.0595,-6.160736E-4
0.059501998,-0.41669846
0.059504,-0.78654957
0.059506,-1.1564007
0.059508,-1.48002
0.05951,-1.8498712
0.059512,-2.2197218
0.059514,-2.5433414
0.059516,-2.866961
0.059518,-3.1905808
0.05952,-3.467969
0.059522,-3.745357
0.059524,-3.976514
0.059526,-4.2076707
0.059528,-4.3925962
0.05953,-4.5312905
0.059532,-4.669985
0.059534,-4.8086786
0.059536,-4.9011416
0.059538,-4.993604
0.05954,-4.993604
0.059542,-5.0398355
0.059544,-4.993604
0.059546,-4.947373
0.059547998,-4.85491
0.05955,-4.7624474
0.059552,-4.623753
0.059554,-4.4850593
0.059556,-4.3001337
0.059558,-4.115208
0.05956,-3.8840513
0.059562,-3.6066632
0.059563998,-3.329275
0.059566,-3.0518866
0.059568,-2.728267
0.05957,-2.4046474
0.059572,-2.081028
0.059574,-1.7111769
0.059576,-1.3413262
0.059578,-0.9714751
0.05958,-0.601624
0.059582,-0.2317729
0.059584,0.13807821
0.059586,0.5541601
0.059588,0.92401123
0.05959,1.2938623
0.059592,1.6174817
0.059594,1.9873328
0.059596,2.3109517
0.059598,2.6808028
0.0596,3.0044227
0.059602,3.2818112
0.059604,3.5591989
0.059606,3.8365874
0.059608,4.0677447
0.059609998,4.298901
0.059612,4.437596
0.059614,4.622521
0.059616,4.7612157
0.059618,4.8536773
0.05962,4.946141
0.059622,4.992371
0.059624,5.0386033
0.059626,5.0386033
0.059628,4.992371
0.05963,4.946141
0.059632,4.8536773
0.059634,4.7149835
0.059636,4.5762897
0.059638,4.437596
0.05964,4.252671
0.059642,4.0215135
0.059644,3.7903562
0.059646,3.5129685
0.059648,3.23558
0.05965,2.9581914
0.059652,2.6345725
0.059654,2.3109517
0.059656,1.9411016
0.059658,1.5712504
0.05966,1.2476311
0.059662,0.87777996
0.059664,0.50792885
0.059666,0.13807821
0.059668,-0.27800417
0.05967,-0.6478553
0.059671998,-1.0177064
0.059674,-1.387557
0.059676,-1.7574081
0.059678,-2.081028
0.05968,-2.4046474
0.059682,-2.7744985
0.059684,-3.0518866
0.059686,-3.3755062
0.059688,-3.6528945
0.05969,-3.8840513
0.059692,-4.115208
0.059694,-4.346365
0.059696,-4.4850593
0.059698,-4.669985
0.0597,-4.7624474
0.059702,-4.9011416
0.059704,-4.947373
0.059706,-4.993604
0.059708,-5.0398355
0.05971,-4.993604
0.059712,-4.947373
0.059714,-4.9011416
0.059716,-4.8086786
0.059718,-4.669985
0.05972,-4.5312905
0.059722,-4.3925962
0.059724,-4.1614394
0.059726,-3.976514
0.059728,-3.6991258
0.05973,-3.4217377
0.059732,-3.1443493
0.059733998,-2.8207297
0.059736,-2.4971101
0.059738,-2.1734905
0.05974,-1.8036394
0.059742,-1.48002
0.059744,-1.1101689
0.059746,-0.7403178
0.059748,-0.3704667
0.05975,0.27677202
0.059752,1.8486385
0.059754,3.3280425
0.059756,4.3913646
0.059758,4.8536773
0.05976,4.7612157
0.059762,4.0677447
0.059764,2.8657289
0.059766,1.3400936
0.059768,-0.3704667
0.05977,-1.9885652
0.059772,-3.467969
0.059774,-4.4388275
0.059776,-4.9011416
0.059778,-4.7624474
0.05978,-4.068977
0.059782,-2.866961
0.059784,-1.2950945
0.059786,0.46169758
0.059788,2.126027
0.05979,3.5591989
0.059792,4.483826
0.059794,4.8999095
0.059795998,4.7149835
0.059798,3.9752812
0.0598,2.6808028
0.059802,1.1551685
0.059804,-0.601624
0.059806,-2.2197218
0.059808,-3.6066632
0.05981,-4.5312905
0.059812,-4.9011416
0.059814,-4.669985
0.059816,-3.8840513
0.059818,-2.6358042
0.05982,-1.0177064
0.059822,0.7390857
0.059824,2.357184
0.059826,3.6978936
0.059828,4.5762897
0.05983,4.8999095
0.059832,4.622521
0.059834,3.7903562
0.059836,2.4958777
0.059838,0.92401123
0.05984,-0.83278084
0.059842,-2.4046474
0.059844,-3.7915885
0.059846,-4.623753
0.059848,-4.9011416
0.05985,-4.577522
0.059852,-3.745357
0.059854,-2.4046474
0.059856,-0.78654957
0.059857998,0.970243
0.05986,2.5883412
0.059862,3.8828197
0.059864,4.668752
0.059866,4.8999095
0.059868,4.5300584
0.05987,3.6516623
0.059872,2.2647214
0.059874,0.64662313
0.059876,-1.0639377
0.059878,-2.6358042
0.05988,-3.9302826
0.059882,-4.716216
0.059884,-4.9011416
0.059886,-4.4850593
0.059888,-3.5604317
0.05989,-2.1734905
0.059892,-0.5091615
0.059894,1.2013993
0.059896,2.7732663
0.059898,4.0215135
0.0599,4.7612157
0.059902,4.8999095
0.059904,4.437596
0.059906,3.4667363
0.059908,2.0797954
0.05991,0.4154663
0.059912,-1.2950945
0.059914,-2.866961
0.059916,-4.068977
0.059918,-4.7624474
0.059919998,-4.9011416
0.059922,-4.4388275
0.059924,-3.4217377
0.059926,-1.9423337
0.059928,-0.27800417
0.05993,1.4787879
0.059932,3.0044227
0.059934,4.1602073
0.059936,4.807446
0.059938,4.8536773
0.05994,4.3451324
0.059942,3.2818112
0.059944,1.8486385
0.059946,0.184309
0.059948,-1.5262513
0.05995,-3.0518866
0.059952,-4.2076707
0.059954,-4.8086786
0.059956,-4.85491
0.059958,-4.3001337
0.05996,-3.236812
0.059962,-1.7111769
0.059964,-0.046847343
0.059966,1.6637135
0.059968,3.1893477
0.05997,4.298901
0.059972,4.8536773
0.059974,4.8536773
0.059976,4.252671
0.059978,3.0968862
0.05998,1.6174817
0.059981998,-0.09307861
0.059984,-1.7574081
0.059986,-3.236812
0.059988,-4.346365
0.05999,-4.85491
0.059992,-4.8086786
0.059994,-4.1614394
0.059996,-3.0518866
0.059998,-1.48002
0.06,0.23054075
0.060002,1.8948698
0.060004,3.3742738
0.060006,4.437596
0.060008,4.8999095
0.06001,4.7612157
0.060012,4.113976
0.060014,2.9119601
0.060016,1.3863249
0.060018,-0.32423592
0.06002,-1.9885652
0.060022,-3.4217377
0.060024,-4.4388275
0.060026,-4.9011416
0.060028,-4.7624474
0.06003,-4.022745
0.060032,-2.8207297
0.060034,-1.2488632
0.060036,0.46169758
0.060038,2.126027
0.06004,3.5591989
0.060042,4.483826
0.060043998,4.8999095
0.060046,4.7149835
0.060048,3.9752812
0.06005,2.727035
0.060052,1.1551685
0.060054,-0.601624
0.060056,-2.2197218
0.060058,-3.6066632
0.06006,-4.5312905
0.060062,-4.9011416
0.060064,-4.669985
0.060066,-3.8840513
0.060068,-2.6358042
0.06007,-1.0177064
0.060072,0.7390857
0.060074,2.357184
0.060076,3.744125
0.060078,4.5762897
0.06008,4.8999095
0.060082,4.622521
0.060084,3.7903562
0.060086,2.4958777
0.060088,0.92401123
0.06009,-0.83278084
0.060092,-2.4046474
0.060094,-3.7915885
0.060096,-4.623753
0.060098,-4.9011416
0.0601,-4.577522
0.060102,-3.745357
0.060104,-2.4046474
0.060105998,-0.78654957
0.060108,0.970243
0.06011,2.5883412
0.060112,3.8828197
0.060114,4.668752
0.060116,4.8999095
0.060118,4.5300584
0.06012,3.6516623
0.060122,2.2647214
0.060124,0.64662313
0.060126,-1.0639377
0.060128,-2.6358042
0.06013,-3.9302826
0.060132,-4.716216
0.060134,-4.9011416
0.060136,-4.4850593
0.060138,-3.5604317
0.06014,-2.1734905
0.060142,-0.5091615
0.060144,1.2013993
0.060146,2.7732663
0.060148,4.0215135
0.06015,4.7612157
0.060152,4.8999095
0.060154,4.437596
0.060156,3.4667363
0.060158,2.033564
0.06016,0.4154663
0.060162,-1.2950945
0.060164,-2.866961
0.060166,-4.068977
0.060167998,-4.7624474
0.06017,-4.9011416
0.060172,-4.4388275
0.060174,-3.4217377
0.060176,-1.9423337
0.060178,-0.27800417
0.06018,1.4787879
0.060182,3.0044227
0.060184,4.1602073
0.060186,4.807446
0.060188,4.8536773
0.06019,4.3451324
0.060192,3.2818112
0.060194,1.8486385
0.060196,0.184309
0.060198,-1.5262513
0.0602,-3.0518866
0.060202,-4.2076707
0.060204,-4.8086786
0.060206,-4.85491
0.060208,-4.3001337
0.06021,-3.236812
0.060212,-1.7111769
0.060214,-0.046847343
0.060216,1.6637135
0.060218,3.1893477
0.06022,4.298901
0.060222,4.8536773
0.060224,4.8536773
0.060226,4.252671
0.060228,3.0968862
0.060229998,1.6174817
0.060232,-0.09307861
0.060234,-1.7574081
0.060236,-3.236812
0.060238,-4.346365
0.06024,-4.85491
0.060242,-4.8086786
0.060244,-4.1614394
0.060246,-3.0518866
0.060248,-1.48002
0.06025,0.23054075
0.060252,1.8948698
0.060254,3.3742738
0.060256,4.437596
0.060258,4.8999095
0.06026,4.7612157
0.060262,4.113976
0.060264,2.9119601
0.060266,1.3863249
0.060268,-0.32423592
0.06027,-1.9885652
0.060272,-3.4217377
0.060274,-4.4388275
0.060276,-4.9011416
0.060278,-4.7624474
0.06028,-4.022745
0.060282,-2.8207297
0.060284,-1.2488632
0.060286,0.46169758
0.060288,2.126027
0.06029,3.5591989
0.060291998,4.483826
0.060294,4.8999095
0.060296,4.7149835
0.060298,3.9752812
0.0603,2.727035
0.060302,1.1551685
0.060304,-0.601624
0.060306,-2.2197218
0.060308,-3.6066632
0.06031,-4.5312905
0.060312,-4.9011416
0.060314,-4.669985
0.060316,-3.8840513
0.060318,-2.6358042
0.06032,-1.0177064
0.060322,0.7390857
0.060324,2.357184
0.060326,3.744125
0.060328,4.5762897
0.06033,4.8999095
0.060332,4.622521
0.060334,3.7903562
0.060336,2.4958777
0.060338,0.87777996
0.06034,-0.83278084
0.060342,-2.4046474
0.060344,-3.7915885
0.060346,-4.623753
0.060348,-4.9011416
0.06035,-4.577522
0.060352,-3.745357
0.060353998,-2.4046474
0.060356,-0.78654957
0.060358,0.970243
0.06036,2.5883412
0.060362,3.8828197
0.060364,4.668752
0.060366,4.8999095
0.060368,4.5300584
0.06037,3.6516623
0.060372,2.2647214
0.060374,0.64662313
0.060376,-1.0639377
0.060378,-2.6358042
0.06038,-3.9302826
0.060382,-4.716216
0.060384,-4.9011416
0.060386,-4.4850593
0.060388,-3.5604317
0.06039,-2.1734905
0.060392,-0.5091615
0.060394,1.2013993
0.060396,2.7732663
0.060398,4.0215135
0.0604,4.7612157
0.060402,4.8999095
0.060404,4.437596
0.060406,3.4667363
0.060408,2.033564
0.06041,0.4154663
0.060412,-1.2950945
0.060414,-2.866961
0.060415998,-4.068977
0.060418,-4.7624474
0.06042,-4.9011416
0.060422,-4.4388275
0.060424,-3.4217377
0.060426,-1.9423337
0.060428,-0.27800417
0.06043,1.4787879
0.060432,3.0044227
0.060434,4.1602073
0.060436,4.807446
0.060438,4.8536773
0.06044,4.3451324
0.060442,3.2818112
0.060444,1.8486385
0.060446,0.184309
0.060448,-1.5262513
0.06045,-3.0518866
0.060452,-4.2076707
0.060454,-4.8086786
0.060456,-4.85491
0.060458,-4.3001337
0.06046,-3.236812
0.060461998,-1.7111769
0.060464,-0.046847343
0.060466,1.6637135
0.060468,3.1893477
0.06047,4.298901
0.060472,4.8536773
0.060474,4.8536773
0.060476,4.252671
0.060477998,3.0968862
0.06048,1.6174817
0.060482,-0.09307861
0.060484,-1.7574081
0.060486,-3.236812
0.060488,-4.346365
0.06049,-4.85491
0.060492,-4.8086786
0.060494,-4.1614394
0.060496,-3.0518866
0.060498,-1.48002
0.0605,0.23054075
0.060502,1.8948698
0.060504,3.3742738
0.060506,4.437596
0.060508,4.8999095
0.06051,4.7612157
0.060512,4.113976
0.060514,2.9119601
0.060516,1.3863249
0.060518,-0.32423592
0.06052,-1.9885652
0.060522,-3.4217377
0.060523998,-4.4388275
0.060526,-4.9011416
0.060528,-4.7624474
0.06053,-4.022745
0.060532,-2.8207297
0.060534,-1.2488632
0.060536,0.46169758
0.060538,2.126027
0.060539998,3.5591989
0.060542,4.483826
0.060544,4.8999095
0.060546,4.7149835
0.060548,3.9752812
0.06055,2.727035
0.060552,1.1551685
0.060554,-0.601624
0.060556,-2.2197218
0.060558,-3.6066632
0.06056,-4.5312905
0.060562,-4.9011416
0.060564,-4.669985
0.060566,-3.8840513
0.060568,-2.6358042
0.06057,-1.0177064
0.060572,0.7390857
0.060574,2.357184
0.060576,3.744125
0.060578,4.5762897
0.06058,4.8999095
0.060582,4.622521
0.060584,3.7903562
0.060585998,2.4958777
0.060588,0.87777996
0.06059,-0.83278084
0.060592,-2.4046474
0.060594,-3.7915885
0.060596,-4.623753
0.060598,-4.9011416
0.0606,-4.577522
0.060601998,-3.745357
0.060604,-2.4046474
0.060606,-0.78654957
0.060608,0.970243
0.06061,2.5883412
0.060612,3.8828197
0.060614,4.668752
0.060616,4.8999095
0.060618,4.5300584
0.06062,3.6516623
0.060622,2.2647214
0.060624,0.64662313
0.060626,-1.0639377
0.060628,-2.6358042
0.06063,-3.9302826
0.060632,-4.716216
0.060634,-4.9011416
0.060636,-4.4850593
0.060638,-3.5604317
0.06064,-2.1734905
0.060642,-0.5091615
0.060644,1.2013993
0.060646,2.7732663
0.060647998,4.0215135
0.06065,4.7612157
0.060652,4.8999095
0.060654,4.437596
0.060656,3.4667363
0.060658,2.033564
0.06066,0.4154663
0.060662,-1.2950945
0.060663998,-2.866961
0.060666,-4.068977
0.060668,-4.7624474
0.06067,-4.9011416
0.060672,-4.4388275
0.060674,-3.4217377
0.060676,-1.9423337
0.060678,-0.27800417
0.06068,1.4787879
0.060682,3.0044227
0.060684,4.1602073
0.060686,4.807446
0.060688,4.8536773
0.06069,4.3451324
0.060692,3.2818112
0.060694,1.8486385
0.060696,0.184309
0.060698,-1.5262513
0.0607,-3.0518866
0.060702,-4.2076707
0.060704,-4.8086786
0.060706,-4.85491
0.060708,-4.3001337
0.060709998,-3.236812
0.060712,-1.7111769
0.060714,-6.160736E-4
0.060716,1.6637135
0.060718,3.1893477
0.06072,4.298901
0.060722,4.8536773
0.060724,4.8536773
0.060725998,4.252671
0.060728,3.0968862
0.06073,1.6174817
0.060732,-0.09307861
0.060734,-1.7574081
0.060736,-3.236812
0.060738,-4.346365
0.06074,-4.85491
0.060742,-4.8086786
0.060744,-4.1614394
0.060746,-3.0518866
0.060748,-1.48002
0.06075,-6.160736E-4
0.060752,0.46169758
0.060754,0.8315482
0.060756,1.2013993
0.060758,1.5712504
0.06076,1.8948698
0.060762,2.2647214
0.060764,2.5883412
0.060766,2.9119601
0.060768,3.23558
0.06077,3.5129685
0.060771998,3.744125
0.060774,4.0215135
0.060776,4.2064385
0.060778,4.437596
0.06078,4.5762897
0.060782,4.7149835
0.060784,4.8536773
0.060786,4.946141
0.060788,4.992371
0.06079,5.0386033
0.060792,5.0386033
0.060794,5.0386033
0.060796,4.946141
0.060798,4.8999095
0.0608,4.7612157
0.060802,4.622521
0.060804,4.483826
0.060806,4.3451324
0.060808,4.113976
0.06081,3.8828197
0.060812,3.605431
0.060814,3.3280425
0.060816,3.050654
0.060818,2.727035
0.06082,2.4034152
0.060822,2.0797954
0.060824,1.7099442
0.060826,1.3863249
0.060828,1.0164738
0.06083,0.64662313
0.060832,0.23054075
0.060833998,-0.13931036
0.060836,-0.5091615
0.060838,-0.8790121
0.06084,-1.2950945
0.060842,-1.6187139
0.060844,-1.9885652
0.060846,-2.3121846
0.060848,-2.6358042
0.06085,-2.9594238
0.060852,-3.2830436
0.060854,-3.5604317
0.060856,-3.7915885
0.060858,-4.068977
0.06086,-4.2539024
0.060862,-4.4388275
0.060864,-4.577522
0.060866,-4.716216
0.060868,-4.85491
0.06087,-4.947373
0.060872,-4.993604
0.060874,-5.0398355
0.060876,-4.993604
0.060878,-4.993604
0.06088,-4.947373
0.060882,-4.85491
0.060884,-4.716216
0.060886,-4.577522
0.060888,-4.4388275
0.06089,-4.2539024
0.060892,-4.022745
0.060894,-3.7915885
0.060895998,-3.5142004
0.060898,-3.236812
0.0609,-2.9594238
0.060902,-2.6358042
0.060904,-2.3121846
0.060906,-1.9423337
0.060908,-1.5724826
0.06091,-1.2488632
0.060912,-0.8790121
0.060914,-0.46292973
0.060916,-0.09307861
0.060918,0.27677202
0.06092,0.64662313
0.060922,1.0627055
0.060924,1.4325566
0.060926,1.756176
0.060928,2.126027
0.06093,2.4496465
0.060932,2.7732663
0.060934,3.0968862
0.060936,3.3742738
0.060938,3.6516623
0.06094,3.92905
0.060942,4.1602073
0.060944,4.3451324
0.060946,4.483826
0.060948,4.668752
0.06095,4.807446
0.060952,4.8999095
0.060954,4.946141
0.060956,4.992371
0.060957998,5.0386033
0.06096,5.0386033
0.060962,4.992371
0.060964,4.8999095
0.060966,4.807446
0.060968,4.668752
0.06097,4.5300584
0.060972,4.3913646
0.060974,4.2064385
0.060976,3.9752812
0.060978,3.6978936
0.06098,3.420505
0.060982,3.1431174
0.060984,2.8194976
0.060986,2.4958777
0.060988,2.172258
0.06099,1.8486385
0.060992,1.4787879
0.060994,1.1089368
0.060996,0.7390857
0.060998,0.36923456
0.061,-6.160736E-4
0.061002,-0.41669846
0.061004,-0.78654957
0.061006,-1.1564007
0.061008,-1.48002
0.06101,-1.8498712
0.061012,-2.2197218
0.061014,-2.5433414
0.061016,-2.866961
0.061018,-3.1905808
0.061019998,-3.467969
0.061022,-3.745357
0.061024,-3.976514
0.061026,-4.2076707
0.061028,-4.3925962
0.06103,-4.5312905
0.061032,-4.716216
0.061034,-4.8086786
0.061036,-4.9011416
0.061038,-4.993604
0.06104,-4.993604
0.061042,-5.0398355
0.061044,-4.993604
0.061046,-4.947373
0.061048,-4.85491
0.06105,-4.7624474
0.061052,-4.623753
0.061054,-4.4850593
0.061056,-4.3001337
0.061058,-4.115208
0.06106,-3.8840513
0.061062,-3.6066632
0.061064,-3.329275
0.061066,-3.0518866
0.061068,-2.728267
0.06107,-2.4046474
0.061072,-2.081028
0.061074,-1.7111769
0.061076,-1.3413262
0.061078,-0.9714751
0.06108,-0.601624
0.061081998,-0.2317729
0.061084,0.13807821
0.061086,0.5541601
0.061088,0.92401123
0.06109,1.2938623
0.061092,1.6174817
0.061094,1.9873328
0.061096,2.357184
0.061098,2.6808028
0.0611,3.0044227
0.061102,3.2818112
0.061104,3.5591989
0.061106,3.8365874
0.061108,4.0677447
0.06111,4.298901
0.061112,4.437596
0.061114,4.622521
0.061116,4.7612157
0.061118,4.8536773
0.06112,4.946141
0.061122,4.992371
0.061124,5.0386033
0.061126,5.0386033
0.061128,4.992371
0.06113,4.946141
0.061132,4.8536773
0.061134,4.7149835
0.061136,4.5762897
0.061138,4.437596
0.06114,4.252671
0.061142,4.0215135
0.061143998,3.7903562
0.061146,3.5129685
0.061148,3.23558
0.06115,2.9581914
0.061152,2.6345725
0.061154,2.3109517
0.061156,1.9411016
0.061158,1.5712504
0.06116,1.2476311
0.061162,0.87777996
0.061164,0.50792885
0.061166,0.091846466
0.061168,-0.27800417
0.06117,-0.6478553
0.061172,-1.0177064
0.061174,-1.387557
0.061176,-1.7574081
0.061178,-2.081028
0.06118,-2.4508786
0.061182,-2.7744985
0.061184,-3.0518866
0.061186,-3.3755062
0.061188,-3.6528945
0.06119,-3.8840513
0.061192,-4.115208
0.061194,-4.346365
0.061196,-4.4850593
0.061198,-4.669985
0.0612,-4.7624474
0.061202,-4.9011416
0.061204,-4.947373
0.061205998,-4.993604
0.061208,-5.0398355
0.06121,-4.993604
0.061212,-4.947373
0.061214,-4.9011416
0.061216,-4.8086786
0.061218,-4.669985
0.06122,-4.5312905
0.061222,-4.3925962
0.061224,-4.1614394
0.061226,-3.9302826
0.061228,-3.6991258
0.06123,-3.4217377
0.061232,-3.1443493
0.061234,-2.8207297
0.061236,-2.4971101
0.061238,-2.1734905
0.06124,-1.8036394
0.061242,-1.48002
0.061244,-1.1101689
0.061246,-0.7403178
0.061248,-0.3704667
0.06125,0.045615196
0.061252,0.4154663
0.061254,0.7853174
0.061256,1.1551685
0.061258,1.5250192
0.06126,1.8948698
0.061262,2.2184901
0.061264,2.542109
0.061266,2.8657289
0.061267998,3.1893477
0.06127,3.4667363
0.061272,3.744125
0.061274,3.9752812
0.061276,4.2064385
0.061278,4.3913646
0.06128,4.5762897
0.061282,4.7149835
0.061284,4.807446
0.061286,4.8999095
0.061288,4.992371
0.06129,5.0386033
0.061292,5.0386033
0.061294,4.992371
0.061296,4.946141
0.061298,4.8999095
0.0613,4.7612157
0.061302,4.622521
0.061304,4.483826
0.061306,4.298901
0.061308,4.113976
0.06131,3.8828197
0.061312,3.605431
0.061314,3.3280425
0.061316,3.050654
0.061318,2.727035
0.06132,2.4034152
0.061322,2.0797954
0.061324,1.7099442
0.061326,1.3863249
0.061328,1.0164738
0.061329998,0.60039186
0.061332,0.23054075
0.061334,-0.13931036
0.061336,-0.5091615
0.061338,-0.9252434
0.06134,-1.2950945
0.061342,-1.6187139
0.061344,-1.9885652
0.061346,-2.3121846
0.061348,-2.6358042
0.06135,-2.9594238
0.061352,-3.2830436
0.061354,-3.5604317
0.061356,-3.7915885
0.061358,-4.068977
0.06136,-4.2539024
0.061362,-4.4388275
0.061364,-4.577522
0.061366,-4.716216
0.061368,-4.85491
0.06137,-4.947373
0.061372,-4.993604
0.061374,-5.0398355
0.061376,-4.993604
0.061378,-4.993604
0.06138,-4.947373
0.061382,-4.85491
0.061384,-4.716216
0.061386,-4.577522
0.061388,-4.4388275
0.06139,-4.2539024
0.061391998,-4.022745
0.061394,-3.7915885
0.061396,-3.5142004
0.061398,-3.236812
0.0614,-2.9594238
0.061402,-2.6358042
0.061404,-2.3121846
0.061406,-1.9423337
0.061408,-1.5724826
0.06141,-1.2488632
0.061412,-0.8790121
0.061414,-0.46292973
0.061416,-0.09307861
0.061418,0.27677202
0.06142,0.64662313
0.061422,1.0627055
0.061424,1.4325566
0.061426,1.756176
0.061428,2.126027
0.06143,2.4496465
0.061432,2.7732663
0.061434,3.0968862
0.061436,3.3742738
0.061438,3.6516623
0.06144,3.92905
0.061442,4.1602073
0.061444,4.3451324
0.061446,4.483826
0.061448,4.668752
0.06145,4.807446
0.061452,4.8999095
0.061453998,4.946141
0.061456,4.992371
0.061458,5.0386033
0.06146,5.0386033
0.061462,4.992371
0.061464,4.8999095
0.061466,4.807446
0.061468,4.668752
0.06147,4.5300584
0.061472,4.3913646
0.061474,4.2064385
0.061476,3.9752812
0.061478,3.6978936
0.06148,3.420505
0.061482,3.1431174
0.061484,2.8194976
0.061486,2.4958777
0.061488,2.172258
0.06149,1.8486385
0.061492,1.4787879
0.061494,1.1089368
0.061496,0.7390857
0.061498,0.36923456
0.0615,-6.160736E-4
0.061502,-0.41669846
0.061504,-0.78654957
0.061506,-1.1564007
0.061508,-1.48002
0.06151,-1.8498712
0.061512,-2.2197218
0.061514,-2.5433414
0.061515998,-2.866961
0.061518,-3.1905808
0.06152,-3.467969
0.061522,-3.745357
0.061524,-3.976514
0.061526,-4.2076707
0.061528,-4.3925962
0.06153,-4.5312905
0.061532,-4.716216
0.061534,-4.8086786
0.061536,-4.9011416
0.061538,-4.993604
0.06154,-4.993604
0.061542,-5.0398355
0.061544,-4.993604
0.061546,-4.947373
0.061548,-4.85491
0.06155,-4.7624474
0.061552,-4.623753
0.061554,-4.4850593
0.061556,-4.3001337
0.061558,-4.115208
0.06156,-3.8840513
0.061562,-3.6066632
0.061564,-3.329275
0.061566,-3.0518866
0.061568,-2.728267
0.06157,-2.4046474
0.061572,-2.081028
0.061574,-1.7111769
0.061576,-1.3413262
0.061577998,-0.9714751
0.06158,-0.601624
0.061582,-0.2317729
0.061584,0.13807821
0.061586,0.5541601
0.061588,0.92401123
0.06159,1.2938623
0.061592,1.6174817
0.061594,1.9873328
0.061596,2.3109517
0.061598,2.6808028
0.0616,3.0044227
0.061602,3.2818112
0.061604,3.5591989
0.061606,3.8365874
0.061608,4.0677447
0.06161,4.298901
0.061612,4.437596
0.061614,4.622521
0.061616,4.7612157
0.061618,4.8536773
0.06162,4.946141
0.061622,4.992371
0.061623998,5.0386033
0.061626,5.0386033
0.061628,4.992371
0.06163,4.946141
0.061632,4.8536773
0.061634,4.7149835
0.061636,4.5762897
0.061638,4.437596
0.061639998,4.252671
0.061642,4.0215135
0.061644,3.7903562
0.061646,3.5129685
0.061648,3.23558
0.06165,2.9581914
0.061652,2.6345725
0.061654,2.3109517
0.061656,1.9411016
0.061658,1.5712504
0.06166,1.2476311
0.061662,0.87777996
0.061664,0.50792885
0.061666,0.091846466
0.061668,-0.27800417
0.06167,-0.6478553
0.061672,-1.0177064
0.061674,-1.387557
0.061676,-1.7574081
0.061678,-2.081028
0.06168,-2.4508786
0.061682,-2.7744985
0.061684,-3.0518866
0.061685998,-3.3755062
0.061688,-3.6528945
0.06169,-3.8840513
0.061692,-4.115208
0.061694,-4.346365
0.061696,-4.4850593
0.061698,-4.669985
0.0617,-4.7624474
0.061701998,-4.9011416
0.061704,-4.947373
0.061706,-4.993604
0.061708,-5.0398355
0.06171,-4.993604
0.061712,-4.993604
0.061714,-4.9011416
0.061716,-4.8086786
0.061718,-4.669985
0.06172,-4.5312905
0.061722,-4.3925962
0.061724,-4.1614394
0.061726,-3.9302826
0.061728,-3.6991258
0.06173,-3.4217377
0.061732,-3.1443493
0.061734,-2.8207297
0.061736,-2.4971101
0.061738,-2.1734905
0.06174,-1.8036394
0.061742,-1.48002
0.061744,-1.1101689
0.061746,-0.7403178
0.061747998,-0.3704667
0.06175,0.27677202
0.061752,1.8948698
0.061754,3.3280425
0.061756,4.3913646
0.061758,4.8536773
0.06176,4.7612157
0.061762,4.0677447
0.061763998,2.8657289
0.061766,1.3400936
0.061768,-0.3704667
0.06177,-1.9885652
0.061772,-3.467969
0.061774,-4.4388275
0.061776,-4.9011416
0.061778,-4.7624474
0.06178,-4.068977
0.061782,-2.8207297
0.061784,-1.2950945
0.061786,0.46169758
0.061788,2.126027
0.06179,3.5591989
0.061792,4.483826
0.061794,4.8999095
0.061796,4.7149835
0.061798,3.9752812
0.0618,2.6808028
0.061802,1.1089368
0.061804,-0.601624
0.061806,-2.2197218
0.061808,-3.6066632
0.061809998,-4.5312905
0.061812,-4.9011416
0.061814,-4.669985
0.061816,-3.8840513
0.061818,-2.6358042
0.06182,-1.0177064
0.061822,0.7390857
0.061824,2.357184
0.061825998,3.744125
0.061828,4.5762897
0.06183,4.8999095
0.061832,4.622521
0.061834,3.7903562
0.061836,2.4958777
0.061838,0.87777996
0.06184,-0.83278084
0.061842,-2.4508786
0.061844,-3.7915885
0.061846,-4.623753
0.061848,-4.9011416
0.06185,-4.577522
0.061852,-3.745357
0.061854,-2.4046474
0.061856,-0.78654957
0.061858,0.970243
0.06186,2.5883412
0.061862,3.8828197
0.061864,4.668752
0.061866,4.8999095
0.061868,4.5300584
0.06187,3.6516623
0.061871998,2.2647214
0.061874,0.64662313
0.061876,-1.0639377
0.061878,-2.6358042
0.06188,-3.9302826
0.061882,-4.716216
0.061884,-4.9011416
0.061886,-4.4850593
0.061887998,-3.5604317
0.06189,-2.1734905
0.061892,-0.5091615
0.061894,1.2476311
0.061896,2.7732663
0.061898,4.0215135
0.0619,4.7612157
0.061902,4.8999095
0.061904,4.437596
0.061906,3.4667363
0.061908,2.033564
0.06191,0.4154663
0.061912,-1.2950945
0.061914,-2.866961
0.061916,-4.068977
0.061918,-4.7624474
0.06192,-4.9011416
0.061922,-4.4388275
0.061924,-3.4217377
0.061926,-1.9423337
0.061928,-0.27800417
0.06193,1.4787879
0.061932,3.0044227
0.061933998,4.1602073
0.061936,4.807446
0.061938,4.8536773
0.06194,4.3451324
0.061942,3.2818112
0.061944,1.8024073
0.061946,0.13807821
0.061948,-1.5262513
0.06195,-3.0518866
0.061952,-4.2076707
0.061954,-4.8086786
0.061956,-4.85491
0.061958,-4.3001337
0.06196,-3.236812
0.061962,-1.7111769
0.061964,-6.160736E-4
0.061966,1.6637135
0.061968,3.1893477
0.06197,4.298901
0.061972,4.8536773
0.061974,4.8536773
0.061976,4.252671
0.061978,3.0968862
0.06198,1.5712504
0.061982,-0.09307861
0.061984,-1.7574081
0.061986,-3.236812
0.061988,-4.346365
0.06199,-4.85491
0.061992,-4.8086786
0.061994,-4.1614394
0.061995998,-3.0056553
0.061998,-1.48002
0.062,0.23054075
0.062002,1.8948698
0.062004,3.3742738
0.062006,4.437596
0.062008,4.8999095
0.06201,4.7612157
0.062012,4.113976
0.062014,2.9119601
0.062016,1.3863249
0.062018,-0.32423592
0.06202,-1.9885652
0.062022,-3.4217377
0.062024,-4.4388275
0.062026,-4.9011416
0.062028,-4.7624474
0.06203,-4.022745
0.062032,-2.8207297
0.062034,-1.2488632
0.062036,0.50792885
0.062038,2.126027
0.06204,3.5591989
0.062042,4.483826
0.062044,4.8999095
0.062046,4.7149835
0.062048,3.9752812
0.06205,2.6808028
0.062052,1.1551685
0.062054,-0.601624
0.062056,-2.2197218
0.062057998,-3.6066632
0.06206,-4.5312905
0.062062,-4.9011416
0.062064,-4.669985
0.062066,-3.8840513
0.062068,-2.6358042
0.06207,-1.0177064
0.062072,0.7390857
0.062074,2.357184
0.062076,3.744125
0.062078,4.5762897
0.06208,4.8999095
0.062082,4.622521
0.062084,3.7903562
0.062086,2.4958777
0.062088,0.87777996
0.06209,-0.83278084
0.062092,-2.4046474
0.062094,-3.7915885
0.062096,-4.623753
0.062098,-4.9011416
0.0621,-4.577522
0.062102,-3.745357
0.062104,-2.4046474
0.062106,-0.78654957
0.062108,0.970243
0.06211,2.5883412
0.062112,3.8828197
0.062114,4.668752
0.062116,4.8999095
0.062118,4.5300584
0.062119998,3.6516623
0.062122,2.2647214
0.062124,0.64662313
0.062126,-1.0639377
0.062128,-2.6358042
0.06213,-3.9302826
0.062132,-4.716216
0.062134,-4.9011416
0.062136,-4.4850593
0.062138,-3.5604317
0.06214,-2.1734905
0.062142,-0.5091615
0.062144,1.2476311
0.062146,2.7732663
0.062148,4.0215135
0.06215,4.7612157
0.062152,4.8999095
0.062154,4.437596
0.062156,3.4667363
0.062158,2.033564
0.06216,0.4154663
0.062162,-1.2950945
0.062164,-2.866961
0.062166,-4.068977
0.062168,-4.7624474
0.06217,-4.9011416
0.062172,-4.4388275
0.062174,-3.4217377
0.062176,-1.9423337
0.062178,-0.27800417
0.06218,1.4787879
0.062181998,3.0044227
0.062184,4.1602073
0.062186,4.807446
0.062188,4.8536773
0.06219,4.3451324
0.062192,3.2818112
0.062194,1.8024073
0.062196,0.13807821
0.062198,-1.5262513
0.0622,-3.0518866
0.062202,-4.2076707
0.062204,-4.8086786
0.062206,-4.85491
0.062208,-4.3001337
0.06221,-3.236812
0.062212,-1.7111769
0.062214,-6.160736E-4
0.062216,1.6637135
0.062218,3.1893477
0.06222,4.298901
0.062222,4.8536773
0.062224,4.8536773
0.062226,4.252671
0.062228,3.0968862
0.06223,1.5712504
0.062232,-0.09307861
0.062234,-1.7574081
0.062236,-3.236812
0.062238,-4.346365
0.06224,-4.85491
0.062242,-4.8086786
0.062243998,-4.1614394
0.062246,-3.0056553
0.062248,-1.48002
0.06225,0.23054075
0.062252,1.9411016
0.062254,3.3742738
0.062256,4.437596
0.062258,4.8999095
0.06226,4.7612157
0.062262,4.113976
0.062264,2.9119601
0.062266,1.3863249
0.062268,-0.32423592
0.06227,-1.9885652
0.062272,-3.4217377
0.062274,-4.4388275
0.062276,-4.9011416
0.062278,-4.7624474
0.06228,-4.022745
0.062282,-2.8207297
0.062284,-1.2488632
0.062286,0.50792885
0.062288,2.126027
0.06229,3.5591989
0.062292,4.483826
0.062294,4.8999095
0.062296,4.7149835
0.062298,3.9752812
0.0623,2.6808028
0.062302,1.1551685
0.062304,-0.601624
0.062305998,-2.2197218
0.062308,-3.6066632
0.06231,-4.5312905
0.062312,-4.9011416
0.062314,-4.669985
0.062316,-3.8840513
0.062318,-2.6358042
0.06232,-1.0177064
0.062322,0.7390857
0.062324,2.357184
0.062326,3.744125
0.062328,4.5762897
0.06233,4.8999095
0.062332,4.622521
0.062334,3.7903562
0.062336,2.4958777
0.062338,0.87777996
0.06234,-0.83278084
0.062342,-2.4046474
0.062344,-3.7915885
0.062346,-4.623753
0.062348,-4.9011416
0.06235,-4.577522
0.062352,-3.745357
0.062354,-2.4046474
0.062356,-0.78654957
0.062358,0.970243
0.06236,2.5883412
0.062362,3.8828197
0.062364,4.668752
0.062366,4.8999095
0.062367998,4.5300584
0.06237,3.6516623
0.062372,2.2647214
0.062374,0.64662313
0.062376,-1.0639377
0.062378,-2.6358042
0.06238,-3.9302826
0.062382,-4.716216
0.062384,-4.9011416
0.062386,-4.4850593
0.062388,-3.5604317
0.06239,-2.1734905
0.062392,-0.5091615
0.062394,1.2476311
0.062396,2.8194976
0.062398,4.0215135
0.0624,4.7612157
0.062402,4.8999095
0.062404,4.437596
0.062406,3.4667363
0.062408,2.033564
0.06241,0.4154663
0.062412,-1.2950945
0.062414,-2.866961
0.062416,-4.068977
0.062418,-4.7624474
0.06242,-4.9011416
0.062422,-4.4388275
0.062424,-3.4217377
0.062426,-1.9423337
0.062428,-0.27800417
0.062429998,1.4787879
0.062432,3.0044227
0.062434,4.1602073
0.062436,4.807446
0.062438,4.8536773
0.06244,4.3451324
0.062442,3.2818112
0.062444,1.8024073
0.062446,0.13807821
0.062448,-1.5262513
0.06245,-3.0518866
0.062452,-4.2076707
0.062454,-4.8086786
0.062456,-4.85491
0.062458,-4.3001337
0.06246,-3.236812
0.062462,-1.7111769
0.062464,-6.160736E-4
0.062466,1.6637135
0.062468,3.1893477
0.06247,4.298901
0.062472,4.8536773
0.062474,4.8536773
0.062476,4.252671
0.062478,3.0968862
0.06248,1.5712504
0.062482,-0.09307861
0.062484,-1.7574081
0.062486,-3.236812
0.062488,-4.346365
0.06249,-4.85491
0.062491998,-4.8086786
0.062494,-4.1614394
0.062496,-3.0056553
0.062498,-1.48002
0.0625,0.23054075
0.062502,1.9411016
0.062504,3.3742738
0.062506,4.437596
0.062508,4.8999095
0.06251,4.7612157
0.062512,4.113976
0.062514,2.9119601
0.062516,1.3863249
0.062518,-0.32423592
0.06252,-1.9885652
0.062522,-3.4217377
0.062524,-4.4388275
0.062526,-4.9011416
0.062528,-4.7624474
0.06253,-4.022745
0.062532,-2.8207297
0.062534,-1.2488632
0.062536,0.50792885
0.062538,2.126027
0.06254,3.5591989
0.062542,4.483826
0.062544,4.8999095
0.062546,4.7149835
0.062548,3.9752812
0.06255,2.6808028
0.062552,1.1551685
0.062554,-0.601624
0.062556,-2.2197218
0.062558,-3.6066632
0.06256,-4.5312905
0.062562,-4.9011416
0.062564,-4.669985
0.062566,-3.8840513
0.062568,-2.6358042
0.06257,-1.0177064
0.062572,0.7390857
0.062574,2.357184
0.062576,3.744125
0.062578,4.5762897
0.06258,4.8999095
0.062582,4.622521
0.062584,3.7903562
0.062586,2.4958777
0.062588,0.87777996
0.06259,-0.83278084
0.062592,-2.4508786
0.062594,-3.7915885
0.062596,-4.623753
0.062598,-4.9011416
0.0626,-4.577522
0.062602,-3.745357
0.062604,-2.4046474
0.062606,-0.78654957
0.062607996,0.970243
0.06261,2.5883412
0.062612,3.8828197
0.062614,4.668752
0.062616,4.8999095
0.062618,4.5300584
0.06262,3.6516623
0.062622,2.2647214
0.062624,0.64662313
0.062626,-1.0639377
0.062628,-2.6358042
0.06263,-3.9302826
0.062632,-4.716216
0.062634,-4.9011416
0.062636,-4.4850593
0.062638,-3.5604317
0.06264,-2.1734905
0.062642,-0.5091615
0.062644,1.2476311
0.062646,2.8194976
0.062648,4.0215135
0.06265,4.7612157
0.062652,4.8999095
0.062654,4.437596
0.062656,3.4667363
0.062658,2.033564
0.06266,0.4154663
0.062662,-1.2950945
0.062664,-2.866961
0.062666,-4.068977
0.062668,-4.7624474
0.06267,-4.9011416
0.062672,-4.4388275
0.062674,-3.3755062
0.062676,-1.9423337
0.062678,-0.27800417
0.06268,1.4787879
0.062682,3.0044227
0.062684,4.1602073
0.062686,4.807446
0.062688,4.8536773
0.06269,4.3451324
0.062692,3.2818112
0.062694,1.8024073
0.062696,0.13807821
0.062698,-1.5262513
0.0627,-3.0518866
0.062702,-4.2076707
0.062704,-4.8086786
0.062706,-4.85491
0.062708,-4.3001337
0.06271,-3.236812
0.062712,-1.7111769
0.062714,-6.160736E-4
0.062716,1.7099442
0.062718,3.1893477
0.06272,4.298901
0.062722,4.8536773
0.062724,4.807446
0.062726,4.252671
0.062728,3.0968862
0.06273,1.5712504
0.062731996,-0.09307861
0.062734,-1.7574081
0.062736,-3.236812
0.062738,-4.346365
0.06274,-4.85491
0.062742,-4.8086786
0.062744,-4.1614394
0.062746,-3.0056553
0.062748,-1.48002
0.06275,-6.160736E-4
0.062752,0.46169758
0.062754,0.8315482
0.062756,1.2013993
0.062758,1.5712504
0.06276,1.8948698
0.062762,2.2647214
0.062764,2.5883412
0.062766,2.9119601
0.062768,3.1893477
0.06277,3.5129685
0.062772,3.744125
0.062774,4.0215135
0.062776,4.2064385
0.062778,4.437596
0.06278,4.5762897
0.062782,4.7149835
0.062784,4.8536773
0.062786,4.946141
0.062788,4.992371
0.06279,5.0386033
0.062792,5.0386033
0.062794,5.0386033
0.062796,4.946141
0.062798,4.8999095
0.0628,4.7612157
0.062802,4.622521
0.062804,4.483826
0.062806,4.3451324
0.062808,4.113976
0.06281,3.8828197
0.062812,3.605431
0.062814,3.3280425
0.062816,3.050654
0.062818,2.727035
0.06282,2.4034152
0.062822,2.0797954
0.062824,1.7099442
0.062826,1.3863249
0.062828,1.0164738
0.06283,0.64662313
0.062832,0.23054075
0.062834,-0.13931036
0.062836,-0.5091615
0.062838,-0.9252434
0.06284,-1.2950945
0.062842,-1.6187139
0.062844,-1.9885652
0.062846,-2.3121846
0.062848,-2.6358042
0.06285,-2.9594238
0.062852,-3.2830436
0.062854,-3.5604317
0.062855996,-3.8378198
0.062858,-4.068977
0.06286,-4.2539024
0.062862,-4.4388275
0.062864,-4.577522
0.062866,-4.716216
0.062868,-4.85491
0.06287,-4.947373
0.062872,-4.993604
0.062874,-5.0398355
0.062876,-4.993604
0.062878,-4.993604
0.06288,-4.947373
0.062882,-4.85491
0.062884,-4.716216
0.062886,-4.577522
0.062888,-4.4388275
0.06289,-4.2539024
0.062892,-4.022745
0.062894,-3.7915885
0.062896,-3.5142004
0.062898,-3.236812
0.0629,-2.9594238
0.062902,-2.6358042
0.062904,-2.2659533
0.062906,-1.9423337
0.062908,-1.5724826
0.06291,-1.2488632
0.062912,-0.8790121
0.062914,-0.46292973
0.062916,-0.09307861
0.062918,0.27677202
0.06292,0.64662313
0.062922,1.0627055
0.062924,1.4325566
0.062926,1.756176
0.062928,2.126027
0.06293,2.4496465
0.062932,2.7732663
0.062934,3.0968862
0.062936,3.3742738
0.062938,3.6516623
0.06294,3.92905
0.062942,4.1602073
0.062944,4.3451324
0.062946,4.483826
0.062948,4.668752
0.06295,4.807446
0.062952,4.8999095
0.062954,4.946141
0.062956,5.0386033
0.062958,5.0386033
0.06296,5.0386033
0.062962,4.992371
0.062964,4.8999095
0.062966,4.807446
0.062968,4.668752
0.06297,4.5300584
0.062972,4.3913646
0.062974,4.1602073
0.062976,3.9752812
0.062978,3.6978936
0.062979996,3.420505
0.062982,3.1431174
0.062984,2.8194976
0.062986,2.4958777
0.062988,2.172258
0.06299,1.8486385
0.062992,1.4787879
0.062994,1.1089368
0.062996,0.7390857
0.062998,0.36923456
0.063,-6.160736E-4
0.063002,-0.41669846
0.063004,-0.78654957
0.063006,-1.1564007
0.063008,-1.48002
0.06301,-1.8498712
0.063012,-2.2197218
0.063014,-2.5433414
0.063016,-2.866961
0.063018,-3.1905808
0.06302,-3.467969
0.063022,-3.745357
0.063024,-3.976514
0.063026,-4.2076707
0.063028,-4.3925962
0.06303,-4.5312905
0.063032,-4.716216
0.063034,-4.8086786
0.063036,-4.9011416
0.063038,-4.993604
0.06304,-4.993604
0.063042,-5.0398355
0.063044,-4.993604
0.063046,-4.947373
0.063048,-4.85491
0.06305,-4.7624474
0.063052,-4.623753
0.063054,-4.4850593
0.063056,-4.3001337
0.063058,-4.115208
0.06306,-3.8840513
0.063062,-3.6066632
0.063064,-3.329275
0.063066,-3.0518866
0.063068,-2.728267
0.06307,-2.4046474
0.063072,-2.0347965
0.063074,-1.7111769
0.063076,-1.3413262
0.063078,-0.9714751
0.06308,-0.601624
0.063082,-0.2317729
0.063084,0.13807821
0.063086,0.5541601
0.063088,0.92401123
0.06309,1.2938623
0.063092,1.6174817
0.063094,1.9873328
0.063096,2.357184
0.063098,2.6808028
0.0631,3.0044227
0.063102,3.2818112
0.063103996,3.5591989
0.063106,3.8365874
0.063108,4.0677447
0.06311,4.298901
0.063112,4.437596
0.063114,4.622521
0.063116,4.7612157
0.063118,4.8536773
0.06312,4.946141
0.063122,4.992371
0.063124,5.0386033
0.063126,5.0386033
0.063128,4.992371
0.06313,4.946141
0.063132,4.8536773
0.063134,4.7149835
0.063136,4.5762897
0.063138,4.437596
0.06314,4.252671
0.063142,4.0215135
0.063144,3.7903562
0.063146,3.5129685
0.063148,3.23558
0.06315,2.9581914
0.063152,2.6345725
0.063154,2.3109517
0.063156,1.9411016
0.063158,1.5712504
0.06316,1.2476311
0.063162,0.87777996
0.063164,0.50792885
0.063166,0.091846466
0.063168,-0.27800417
0.06317,-0.6478553
0.063172,-1.0177064
0.063174,-1.387557
0.063176,-1.7574081
0.063178,-2.081028
0.06318,-2.4508786
0.063182,-2.7744985
0.063184,-3.0518866
0.063186,-3.3755062
0.063188,-3.6528945
0.06319,-3.8840513
0.063192,-4.115208
0.063194,-4.346365
0.063196,-4.4850593
0.063198,-4.669985
0.0632,-4.7624474
0.063202,-4.9011416
0.063204,-4.947373
0.063206,-4.993604
0.063208,-5.0398355
0.06321,-4.993604
0.063212,-4.947373
0.063214,-4.9011416
0.063216,-4.8086786
0.063218,-4.669985
0.06322,-4.5312905
0.063222,-4.3925962
0.063224,-4.1614394
0.063226,-3.9302826
0.063227996,-3.6991258
0.06323,-3.4217377
0.063232,-3.1443493
0.063234,-2.8207297
0.063236,-2.4971101
0.063238,-2.1734905
0.06324,-1.8036394
0.063242,-1.48002
0.063244,-1.1101689
0.063246,-0.7403178
0.063248,-0.3704667
0.06325,0.045615196
0.063252,0.4154663
0.063254,0.7853174
0.063256,1.1551685
0.063258,1.5250192
0.06326,1.8948698
0.063262,2.2184901
0.063264,2.542109
0.063266,2.8657289
0.063268,3.1893477
0.06327,3.4667363
0.063272,3.744125
0.063274,3.9752812
0.063276,4.2064385
0.063278,4.3913646
0.06328,4.5762897
0.063282,4.7149835
0.063284,4.807446
0.063286,4.8999095
0.063288,4.992371
0.06329,5.0386033
0.063292,5.0386033
0.063294,4.992371
0.063296,4.946141
0.063298,4.8999095
0.0633,4.7612157
0.063302,4.622521
0.063304,4.483826
0.063306,4.298901
0.063308,4.113976
0.06331,3.8828197
0.063312,3.605431
0.063314,3.3280425
0.063316,3.050654
0.063318,2.727035
0.06332,2.4034152
0.063322,2.0797954
0.063324,1.7099442
0.063326,1.3863249
0.063328,1.0164738
0.06333,0.60039186
0.063332,0.23054075
0.063334,-0.13931036
0.063336,-0.5091615
0.063338,-0.9252434
0.06334,-1.2950945
0.063342,-1.6187139
0.063344,-1.9885652
0.063346,-2.3121846
0.063348,-2.6358042
0.06335,-2.9594238
0.063351996,-3.2830436
0.063354,-3.5604317
0.063356,-3.8378198
0.063358,-4.068977
0.06336,-4.2539024
0.063362,-4.4388275
0.063364,-4.623753
0.063366,-4.716216
0.063368,-4.85491
0.06337,-4.947373
0.063372,-4.993604
0.063374,-5.0398355
0.063376,-4.993604
0.063378,-4.993604
0.06338,-4.947373
0.063382,-4.85491
0.063384,-4.716216
0.063386,-4.577522
0.063388,-4.4388275
0.06339,-4.2539024
0.063392,-4.022745
0.063394,-3.7915885
0.063396,-3.5142004
0.063397996,-3.236812
0.0634,-2.9594238
0.063402,-2.6358042
0.063404,-2.2659533
0.063406,-1.9423337
0.063408,-1.5724826
0.06341,-1.2488632
0.063412,-0.8790121
0.063414,-0.46292973
0.063416,-0.09307861
0.063418,0.27677202
0.06342,0.64662313
0.063422,1.0627055
0.063424,1.4325566
0.063426,1.756176
0.063428,2.126027
0.06343,2.4496465
0.063432,2.7732663
0.063434,3.0968862
0.063436,3.3742738
0.063438,3.6516623
0.06344,3.92905
0.063442,4.1602073
0.063444,4.3451324
0.063446,4.483826
0.063448,4.668752
0.06345,4.807446
0.063452,4.8999095
0.063454,4.946141
0.063456,4.992371
0.063458,5.0386033
0.06346,5.0386033
0.063462,4.992371
0.063464,4.8999095
0.063466,4.807446
0.063468,4.668752
0.06347,4.5300584
0.063472,4.3913646
0.063474,4.2064385
0.063475996,3.9752812
0.063478,3.6978936
0.06348,3.420505
0.063482,3.1431174
0.063484,2.8194976
0.063486,2.4958777
0.063488,2.172258
0.06349,1.8024073
0.063492,1.4787879
0.063494,1.1089368
0.063496,0.7390857
0.063498,0.36923456
0.0635,-6.160736E-4
0.063502,-0.41669846
0.063504,-0.78654957
0.063506,-1.1564007
0.063508,-1.48002
0.06351,-1.8498712
0.063512,-2.2197218
0.063514,-2.5433414
0.063516,-2.866961
0.063518,-3.1905808
0.06352,-3.467969
0.063521996,-3.745357
0.063524,-3.976514
0.063526,-4.2076707
0.063528,-4.3925962
0.06353,-4.5312905
0.063532,-4.716216
0.063534,-4.8086786
0.063536,-4.9011416
0.063538,-4.993604
0.06354,-4.993604
0.063542,-5.0398355
0.063544,-4.993604
0.063546,-4.947373
0.063548,-4.85491
0.06355,-4.7624474
0.063552,-4.623753
0.063554,-4.4850593
0.063556,-4.3001337
0.063558,-4.115208
0.06356,-3.8840513
0.063562,-3.6066632
0.063564,-3.329275
0.063566,-3.0518866
0.063568,-2.728267
0.06357,-2.4046474
0.063572,-2.0347965
0.063574,-1.7111769
0.063576,-1.3413262
0.063578,-0.9714751
0.06358,-0.601624
0.063582,-0.2317729
0.063584,0.184309
0.063586,0.5541601
0.063588,0.92401123
0.06359,1.2938623
0.063592,1.6174817
0.063594,1.9873328
0.063596,2.357184
0.063598,2.6808028
0.063599996,3.0044227
0.063602,3.2818112
0.063604,3.5591989
0.063606,3.8365874
0.063608,4.0677447
0.06361,4.298901
0.063612,4.437596
0.063614,4.622521
0.063616,4.7612157
0.063618,4.8536773
0.06362,4.946141
0.063622,4.992371
0.063624,5.0386033
0.063626,5.0386033
0.063628,4.992371
0.06363,4.946141
0.063632,4.8536773
0.063634,4.7149835
0.063636,4.5762897
0.063638,4.437596
0.06364,4.252671
0.063642,4.0215135
0.063644,3.7903562
0.063645996,3.5129685
0.063648,3.23558
0.06365,2.9581914
0.063652,2.6345725
0.063654,2.3109517
0.063656,1.9411016
0.063658,1.5712504
0.06366,1.2476311
0.063662,0.87777996
0.063664,0.50792885
0.063666,0.091846466
0.063668,-0.27800417
0.06367,-0.6478553
0.063672,-1.0177064
0.063674,-1.387557
0.063676,-1.7574081
0.063678,-2.081028
0.06368,-2.4508786
0.063682,-2.7744985
0.063684,-3.0518866
0.063686,-3.3755062
0.063688,-3.6528945
0.06369,-3.8840513
0.063692,-4.115208
0.063694,-4.346365
0.063696,-4.4850593
0.063698,-4.669985
0.0637,-4.7624474
0.063702,-4.9011416
0.063704,-4.947373
0.063706,-4.993604
0.063708,-5.0398355
0.06371,-4.993604
0.063712,-4.947373
0.063714,-4.9011416
0.063716,-4.8086786
0.063718,-4.669985
0.06372,-4.5312905
0.063722,-4.3925962
0.063724,-4.1614394
0.063726,-3.9302826
0.063728,-3.6991258
0.06373,-3.4217377
0.063732,-3.1443493
0.063734,-2.8207297
0.063736,-2.4971101
0.063738,-2.1734905
0.06374,-1.8036394
0.063742,-1.48002
0.063744,-1.1101689
0.063746,-0.7403178
0.063748,-0.3704667
0.06375,0.27677202
0.063752,1.8948698
0.063754,3.3280425
0.063756,4.3913646
0.063758,4.8536773
0.06376,4.7612157
0.063762,4.0677447
0.063764,2.8657289
0.063766,1.3400936
0.063768,-0.3704667
0.063769996,-2.0347965
0.063772,-3.467969
0.063774,-4.4388275
0.063776,-4.9011416
0.063778,-4.7624474
0.06378,-4.068977
0.063782,-2.8207297
0.063784,-1.2488632
0.063786,0.50792885
0.063788,2.126027
0.06379,3.5591989
0.063792,4.483826
0.063794,4.8999095
0.063796,4.7149835
0.063798,3.92905
0.0638,2.6808028
0.063802,1.1089368
0.063804,-0.601624
0.063806,-2.2197218
0.063808,-3.6066632
0.06381,-4.5312905
0.063812,-4.9011416
0.063814,-4.669985
0.063816,-3.8840513
0.063818,-2.6358042
0.06382,-1.0177064
0.063822,0.7390857
0.063824,2.357184
0.063826,3.744125
0.063828,4.5762897
0.06383,4.8999095
0.063832,4.622521
0.063834,3.7903562
0.063836,2.4958777
0.063838,0.87777996
0.06384,-0.83278084
0.063842,-2.4508786
0.063844,-3.7915885
0.063846,-4.623753
0.063848,-4.9011416
0.06385,-4.577522
0.063852,-3.745357
0.063854,-2.4046474
0.063856,-0.7403178
0.063858,0.970243
0.06386,2.5883412
0.063862,3.8828197
0.063864,4.668752
0.063866,4.8999095
0.063868,4.5300584
0.06387,3.6516623
0.063872,2.2647214
0.063874,0.64662313
0.063876,-1.0639377
0.063878,-2.6358042
0.06388,-3.9302826
0.063882,-4.716216
0.063884,-4.9011416
0.063886,-4.4850593
0.063888,-3.5604317
0.06389,-2.1734905
0.063892,-0.5091615
0.063893996,1.2476311
0.063896,2.8194976
0.063898,4.0215135
0.0639,4.7612157
0.063902,4.8999095
0.063904,4.437596
0.063906,3.4667363
0.063908,2.033564
0.06391,0.4154663
0.063912,-1.3413262
0.063914,-2.866961
0.063916,-4.115208
0.063918,-4.7624474
0.06392,-4.9011416
0.063922,-4.4388275
0.063924,-3.3755062
0.063926,-1.9423337
0.063928,-0.27800417
0.06393,1.4787879
0.063932,3.0044227
0.063934,4.1602073
0.063936,4.807446
0.063938,4.8536773
0.06394,4.3451324
0.063942,3.2818112
0.063944,1.8024073
0.063946,0.13807821
0.063948,-1.5262513
0.06395,-3.0518866
0.063952,-4.2539024
0.063954,-4.8086786
0.063956,-4.85491
0.063958,-4.3001337
0.06396,-3.1905808
0.063962,-1.7111769
0.063964,-6.160736E-4
0.063966,1.7099442
0.063968,3.1893477
0.06397,4.298901
0.063972,4.8536773
0.063974,4.807446
0.063976,4.252671
0.063978,3.0968862
0.06398,1.5712504
0.063982,-0.09307861
0.063984,-1.7574081
0.063986,-3.236812
0.063988,-4.346365
0.06399,-4.85491
0.063992,-4.8086786
0.063994,-4.1614394
0.063996,-3.0056553
0.063998,-1.48002
0.064,0.23054075
0.064002,1.9411016
0.064004,3.3742738
0.064006,4.437596
0.064008,4.8999095
0.06401,4.7612157
0.064012,4.113976
0.064014,2.9119601
0.064016,1.3863249
0.064017996,-0.3704667
0.06402,-1.9885652
0.064022,-3.467969
0.064024,-4.4388275
0.064026,-4.9011416
0.064028,-4.7624474
0.06403,-4.022745
0.064032,-2.8207297
0.064034,-1.2488632
0.064036,0.50792885
0.064038,2.172258
0.06404,3.5591989
0.064042,4.483826
0.064044,4.8999095
0.064046,4.7149835
0.064048,3.9752812
0.06405,2.6808028
0.064052,1.1089368
0.064054,-0.601624
0.064056,-2.2197218
0.064058,-3.6066632
0.06406,-4.5312905
0.064062,-4.9011416
0.064064,-4.669985
0.064066,-3.8840513
0.064068,-2.6358042
0.06407,-1.0177064
0.064072,0.7390857
0.064074,2.357184
0.064076,3.744125
0.064078,4.5762897
0.06408,4.8999095
0.064082,4.622521
0.064084,3.7903562
0.064086,2.4958777
0.064088,0.87777996
0.06409,-0.83278084
0.064092,-2.4508786
0.064094,-3.7915885
0.064096,-4.623753
0.064098,-4.9011416
0.0641,-4.577522
0.064102,-3.745357
0.064104,-2.4046474
0.064106,-0.7403178
0.064108,0.970243
0.06411,2.5883412
0.064112,3.8828197
0.064114,4.668752
0.064116,4.8999095
0.064118,4.5300584
0.06412,3.6516623
0.064122,2.2647214
0.064124,0.64662313
0.064126,-1.0639377
0.064128,-2.6358042
0.06413,-3.9302826
0.064132,-4.716216
0.064134,-4.9011416
0.064136,-4.4850593
0.064138,-3.5604317
0.06414,-2.1734905
0.064141996,-0.5091615
0.064144,1.2476311
0.064146,2.8194976
0.064148,4.0215135
0.06415,4.7612157
0.064152,4.8999095
0.064154,4.437596
0.064156,3.4667363
0.064158,2.033564
0.06416,0.4154663
0.064162,-1.3413262
0.064164,-2.866961
0.064166,-4.115208
0.064168,-4.7624474
0.06417,-4.9011416
0.064172,-4.3925962
0.064174,-3.3755062
0.064176,-1.9423337
0.064178,-0.27800417
0.06418,1.4787879
0.064182,3.0044227
0.064184,4.1602073
0.064186,4.807446
0.064188,4.8536773
0.06419,4.3451324
0.064192,3.2818112
0.064194,1.8024073
0.064196,0.13807821
0.064198,-1.5262513
0.0642,-3.0518866
0.064202,-4.2539024
0.064204,-4.8086786
0.064206,-4.85491
0.064208,-4.3001337
0.06421,-3.1905808
0.064212,-1.7111769
0.064214,-6.160736E-4
0.064216,1.7099442
0.064218,3.1893477
0.06422,4.298901
0.064222,4.8536773
0.064224,4.8536773
0.064226,4.252671
0.064228,3.0968862
0.06423,1.5712504
0.064232,-0.09307861
0.064234,-1.7574081
0.064236,-3.236812
0.064238,-4.346365
0.06424,-4.85491
0.064242,-4.8086786
0.064244,-4.1614394
0.064246,-3.0056553
0.064248,-1.48002
0.06425,0.23054075
0.064252,1.9411016
0.064254,3.3742738
0.064256,4.437596
0.064258,4.8999095
0.06426,4.7612157
0.064262,4.113976
0.064264,2.9119601
0.064265996,1.3863249
0.064268,-0.3704667
0.06427,-1.9885652
0.064272,-3.467969
0.064274,-4.4388275
0.064276,-4.9011416
0.064278,-4.716216
0.06428,-4.022745
0.064282,-2.8207297
0.064284,-1.2488632
0.064286,0.50792885
0.064288,2.172258
0.06429,3.5591989
0.064292,4.483826
0.064294,4.8999095
0.064296,4.7149835
0.064298,3.9752812
0.0643,2.6808028
0.064302,1.1089368
0.064304,-0.601624
0.064306,-2.2197218
0.064308,-3.6066632
0.06431,-4.5312905
0.064312,-4.9011416
0.064314,-4.669985
0.064316,-3.8840513
0.064318,-2.6358042
0.06432,-1.0177064
0.064322,0.7390857
0.064324,2.357184
0.064326,3.744125
0.064328,4.5762897
0.06433,4.8999095
0.064332,4.622521
0.064334,3.7903562
0.064336,2.4958777
0.064338,0.87777996
0.06434,-0.83278084
0.064342,-2.4508786
0.064344,-3.7915885
0.064346,-4.623753
0.064348,-4.9011416
0.06435,-4.577522
0.064352,-3.745357
0.064354,-2.4046474
0.064356,-0.7403178
0.064358,1.0164738
0.06436,2.5883412
0.064362,3.8828197
0.064364,4.668752
0.064366,4.8999095
0.064368,4.5300584
0.06437,3.6516623
0.064372,2.2647214
0.064374,0.64662313
0.064376,-1.0639377
0.064378,-2.6358042
0.06438,-3.9302826
0.064382,-4.716216
0.064384,-4.9011416
0.064386,-4.4850593
0.064388,-3.5604317
0.064389996,-2.1734905
0.064392,-0.5091615
0.064394,1.2476311
0.064396,2.8194976
0.064398,4.0677447
0.0644,4.7612157
0.064402,4.8999095
0.064404,4.437596
0.064406,3.4667363
0.064408,2.033564
0.06441,0.4154663
0.064412,-1.3413262
0.064414,-2.866961
0.064416,-4.115208
0.064418,-4.7624474
0.06442,-4.9011416
0.064422,-4.3925962
0.064424,-3.3755062
0.064426,-1.9423337
0.064428,-0.27800417
0.06443,1.4787879
0.064432,3.0044227
0.064434,4.1602073
0.064435996,4.807446
0.064438,4.8536773
0.06444,4.3451324
0.064442,3.2818112
0.064444,1.8024073
0.064446,0.13807821
0.064448,-1.5262513
0.06445,-3.0518866
0.064452,-4.2539024
0.064454,-4.8086786
0.064456,-4.85491
0.064458,-4.3001337
0.06446,-3.1905808
0.064462,-1.7111769
0.064464,-6.160736E-4
0.064466,1.7099442
0.064468,3.1893477
0.06447,4.298901
0.064472,4.8536773
0.064474,4.807446
0.064476,4.252671
0.064478,3.0968862
0.06448,1.5712504
0.064482,-0.09307861
0.064484,-1.7574081
0.064486,-3.2830436
0.064488,-4.346365
0.06449,-4.85491
0.064492,-4.8086786
0.064494,-4.1614394
0.064496,-3.0056553
0.064498,-1.48002
0.0645,0.23054075
0.064502,1.9411016
0.064504,3.3742738
0.064506,4.437596
0.064508,4.8999095
0.06451,4.7612157
0.064512,4.113976
0.064513996,2.9119601
0.064516,1.3863249
0.064518,-0.3704667
0.06452,-1.9885652
0.064522,-3.467969
0.064524,-4.4388275
0.064526,-4.9011416
0.064528,-4.7624474
0.06453,-4.022745
0.064532,-2.8207297
0.064534,-1.2488632
0.064536,0.50792885
0.064538,2.172258
0.06454,3.5591989
0.064542,4.483826
0.064544,4.8999095
0.064546,4.7149835
0.064548,3.9752812
0.06455,2.6808028
0.064552,1.1089368
0.064554,-0.601624
0.064556,-2.2197218
0.064558,-3.6066632
0.064559996,-4.5312905
0.064562,-4.9011416
0.064564,-4.669985
0.064566,-3.8840513
0.064568,-2.6358042
0.06457,-1.0177064
0.064572,0.7390857
0.064574,2.357184
0.064576,3.744125
0.064578,4.5762897
0.06458,4.8999095
0.064582,4.622521
0.064584,3.7903562
0.064586,2.4958777
0.064588,0.87777996
0.06459,-0.83278084
0.064592,-2.4508786
0.064594,-3.7915885
0.064596,-4.623753
0.064598,-4.9011416
0.0646,-4.577522
0.064602,-3.745357
0.064604,-2.4046474
0.064606,-0.7403178
0.064608,1.0164738
0.06461,2.5883412
0.064612,3.8828197
0.064614,4.668752
0.064616,4.8999095
0.064618,4.5300584
0.06462,3.6516623
0.064622,2.2647214
0.064624,0.64662313
0.064626,-1.0639377
0.064628,-2.6358042
0.06463,-3.9302826
0.064632,-4.716216
0.064634,-4.9011416
0.064636,-4.4850593
0.064637996,-3.5604317
0.06464,-2.1734905
0.064642,-0.5091615
0.064644,1.2476311
0.064646,2.8194976
0.064648,4.0215135
0.06465,4.7612157
0.064652,4.8999095
0.064654,4.437596
0.064656,3.4667363
0.064658,2.033564
0.06466,0.36923456
0.064662,-1.3413262
0.064664,-2.866961
0.064666,-4.115208
0.064668,-4.7624474
0.06467,-4.9011416
0.064672,-4.4388275
0.064674,-3.3755062
0.064676,-1.9423337
0.064678,-0.27800417
0.06468,1.4787879
0.064682,3.0044227
0.064683996,4.2064385
0.064686,4.807446
0.064688,4.8536773
0.06469,4.3451324
0.064692,3.2818112
0.064694,1.8024073
0.064696,0.13807821
0.064698,-1.5262513
0.0647,-3.0518866
0.064702,-4.2539024
0.064704,-4.8086786
0.064706,-4.85491
0.064708,-4.3001337
0.06471,-3.1905808
0.064712,-1.7111769
0.064714,-6.160736E-4
0.064716,1.7099442
0.064718,3.1893477
0.06472,4.298901
0.064722,4.8536773
0.064724,4.807446
0.064726,4.252671
0.064728,3.0968862
0.06473,1.5712504
0.064732,-0.09307861
0.064734,-1.7574081
0.064736,-3.2830436
0.064738,-4.346365
0.06474,-4.85491
0.064742,-4.8086786
0.064744,-4.1614394
0.064746,-3.0056553
0.064748,-1.48002
0.06475,-6.160736E-4
0.064752,0.46169758
0.064754,0.8315482
0.064756,1.2013993
0.064758,1.5712504
0.06476,1.8948698
0.064761996,2.2647214
0.064764,2.5883412
0.064766,2.9119601
0.064768,3.23558
0.06477,3.5129685
0.064772,3.744125
0.064774,4.0215135
0.064776,4.252671
0.064778,4.437596
0.06478,4.5762897
0.064782,4.7149835
0.064784,4.8536773
0.064786,4.946141
0.064788,4.992371
0.06479,5.0386033
0.064792,5.0386033
0.064794,5.0386033
0.064796,4.946141
0.064798,4.8999095
0.0648,4.7612157
0.064802,4.622521
0.064804,4.483826
0.064806,4.3451324
0.064807996,4.113976
0.06481,3.8828197
0.064812,3.605431
0.064814,3.3280425
0.064816,3.050654
0.064818,2.727035
0.06482,2.4034152
0.064822,2.0797954
0.064824,1.7099442
0.064826,1.3863249
0.064828,1.0164738
0.06483,0.60039186
0.064832,0.23054075
0.064834,-0.13931036
0.064836,-0.5091615
0.064838,-0.9252434
0.06484,-1.2950945
0.064842,-1.6187139
0.064844,-1.9885652
0.064846,-2.3121846
0.064848,-2.6358042
0.06485,-2.9594238
0.064852,-3.2830436
0.064854,-3.5604317
0.064856,-3.8378198
0.064858,-4.068977
0.06486,-4.2539024
0.064862,-4.4388275
0.064864,-4.577522
0.064866,-4.716216
0.064868,-4.85491
0.06487,-4.947373
0.064872,-4.993604
0.064874,-5.0398355
0.064876,-4.993604
0.064878,-4.993604
0.06488,-4.947373
0.064882,-4.85491
0.064884,-4.716216
0.064886,-4.577522
0.064888,-4.4388275
0.06489,-4.2539024
0.064892,-4.022745
0.064894,-3.7915885
0.064896,-3.5142004
0.064898,-3.236812
0.0649,-2.9594238
0.064902,-2.6358042
0.064904,-2.2659533
0.064906,-1.9423337
0.064908,-1.5724826
0.06491,-1.2488632
0.064912,-0.8790121
0.064914,-0.46292973
0.064916,-0.09307861
0.064918,0.27677202
0.06492,0.6928544
0.064922,1.0627055
0.064924,1.4325566
0.064926,1.756176
0.064928,2.126027
0.06493,2.4496465
0.064931996,2.7732663
0.064934,3.0968862
0.064936,3.3742738
0.064938,3.6516623
0.06494,3.92905
0.064942,4.1602073
0.064944,4.3451324
0.064946,4.483826
0.064948,4.668752
0.06495,4.807446
0.064952,4.8999095
0.064954,4.992371
0.064956,4.992371
0.064958,5.0386033
0.06496,5.0386033
0.064962,4.992371
0.064964,4.8999095
0.064966,4.807446
0.064968,4.668752
0.06497,4.5300584
0.064972,4.3913646
0.064974,4.1602073
0.064976,3.9752812
0.064978,3.6978936
0.06498,3.420505
0.064982,3.1431174
0.064984,2.8194976
0.064986,2.4958777
0.064988,2.172258
0.06499,1.8486385
0.064992,1.4787879
0.064994,1.1089368
0.064996,0.7390857
0.064998,0.36923456
0.065,-6.160736E-4
0.065002,-0.41669846
0.065004,-0.78654957
0.065006,-1.1564007
0.065008,-1.48002
0.06501,-1.8498712
0.065012,-2.2197218
0.065014,-2.5433414
0.065016,-2.866961
0.065018,-3.1905808
0.06502,-3.467969
0.065022,-3.745357
0.065024,-3.976514
0.065026,-4.2076707
0.065028,-4.3925962
0.06503,-4.5312905
0.065032,-4.716216
0.065034,-4.8086786
0.065036,-4.9011416
0.065038,-4.993604
0.06504,-4.993604
0.065042,-5.0398355
0.065044,-4.993604
0.065046,-4.947373
0.065048,-4.85491
0.06505,-4.7624474
0.065052,-4.623753
0.065054,-4.4850593
0.065055996,-4.3001337
0.065058,-4.115208
0.06506,-3.8840513
0.065062,-3.6066632
0.065064,-3.329275
0.065066,-3.0518866
0.065068,-2.728267
0.06507,-2.4046474
0.065072,-2.0347965
0.065074,-1.7111769
0.065076,-1.3413262
0.065078,-0.9714751
0.06508,-0.601624
0.065082,-0.2317729
0.065084,0.184309
0.065086,0.5541601
0.065088,0.92401123
0.06509,1.2938623
0.065092,1.6174817
0.065094,1.9873328
0.065096,2.357184
0.065098,2.6808028
0.0651,3.0044227
0.065102,3.2818112
0.065104,3.5591989
0.065106,3.8365874
0.065108,4.0677447
0.06511,4.298901
0.065112,4.437596
0.065114,4.622521
0.065116,4.7612157
0.065118,4.8536773
0.06512,4.946141
0.065122,4.992371
0.065124,5.0386033
0.065126,5.0386033
0.065128,4.992371
0.06513,4.946141
0.065132,4.8536773
0.065134,4.7149835
0.065136,4.5762897
0.065138,4.437596
0.06514,4.252671
0.065142,4.0215135
0.065144,3.7903562
0.065146,3.5129685
0.065148,3.23558
0.06515,2.9581914
0.065152,2.6345725
0.065154,2.3109517
0.065156,1.9411016
0.065158,1.5712504
0.06516,1.2476311
0.065162,0.87777996
0.065164,0.50792885
0.065166,0.091846466
0.065168,-0.27800417
0.06517,-0.6478553
0.065172,-1.0177064
0.065174,-1.387557
0.065176,-1.7574081
0.065178,-2.081028
0.065179996,-2.4508786
0.065182,-2.7744985
0.065184,-3.098118
0.065186,-3.3755062
0.065188,-3.6528945
0.06519,-3.8840513
0.065192,-4.115208
0.065194,-4.346365
0.065196,-4.4850593
0.065198,-4.669985
0.0652,-4.7624474
0.065202,-4.9011416
0.065204,-4.947373
0.065206,-4.993604
0.065208,-5.0398355
0.06521,-4.993604
0.065212,-4.947373
0.065214,-4.9011416
0.065216,-4.8086786
0.065218,-4.669985
0.06522,-4.5312905
0.065222,-4.3925962
0.065224,-4.1614394
0.065226,-3.9302826
0.065228,-3.6991258
0.06523,-3.4217377
0.065232,-3.1443493
0.065234,-2.8207297
0.065236,-2.4971101
0.065238,-2.1734905
0.06524,-1.8036394
0.065242,-1.48002
0.065244,-1.1101689
0.065246,-0.7403178
0.065248,-0.3704667
0.06525,0.045615196
0.065252,0.4154663
0.065254,0.7853174
0.065256,1.1551685
0.065258,1.5250192
0.06526,1.8948698
0.065262,2.2184901
0.065264,2.542109
0.065266,2.8657289
0.065268,3.1893477
0.06527,3.4667363
0.065272,3.744125
0.065274,3.9752812
0.065276,4.2064385
0.065278,4.3913646
0.06528,4.5762897
0.065282,4.7149835
0.065284,4.807446
0.065286,4.8999095
0.065288,4.992371
0.06529,5.0386033
0.065292,5.0386033
0.065294,4.992371
0.065296,4.946141
0.065298,4.8999095
0.0653,4.7612157
0.065302,4.622521
0.065303996,4.483826
0.065306,4.298901
0.065308,4.113976
0.06531,3.8828197
0.065312,3.605431
0.065314,3.3280425
0.065316,3.050654
0.065318,2.727035
0.06532,2.4034152
0.065322,2.0797954
0.065324,1.7099442
0.065326,1.3863249
0.065328,1.0164738
0.06533,0.60039186
0.065332,0.23054075
0.065334,-0.13931036
0.065336,-0.5091615
0.065338,-0.9252434
0.06534,-1.2950945
0.065342,-1.6187139
0.065344,-1.9885652
0.065346,-2.3121846
0.065348,-2.6358042
0.06535,-2.9594238
0.065352,-3.2830436
0.065354,-3.5604317
0.065356,-3.8378198
0.065358,-4.068977
0.06536,-4.2539024
0.065362,-4.4388275
0.065364,-4.577522
0.065366,-4.716216
0.065368,-4.85491
0.06537,-4.947373
0.065372,-4.993604
0.065374,-5.0398355
0.065376,-5.0398355
0.065378,-4.993604
0.06538,-4.947373
0.065382,-4.85491
0.065384,-4.716216
0.065386,-4.577522
0.065388,-4.4388275
0.06539,-4.2539024
0.065392,-4.022745
0.065394,-3.7915885
0.065396,-3.5142004
0.065398,-3.236812
0.0654,-2.9594238
0.065402,-2.6358042
0.065404,-2.2659533
0.065406,-1.9423337
0.065408,-1.5724826
0.06541,-1.2488632
0.065412,-0.8790121
0.065414,-0.46292973
0.065416,-0.09307861
0.065418,0.27677202
0.06542,0.6928544
0.065422,1.0627055
0.065424,1.4325566
0.065426,1.756176
0.065427996,2.126027
0.06543,2.4496465
0.065432,2.7732663
0.065434,3.0968862
0.065436,3.3742738
0.065438,3.6516623
0.06544,3.92905
0.065442,4.1602073
0.065444,4.3451324
0.065446,4.483826
0.065448,4.668752
0.06545,4.807446
0.065452,4.8999095
0.065454,4.946141
0.065456,4.992371
0.065458,5.0386033
0.06546,5.0386033
0.065462,4.992371
0.065464,4.8999095
0.065466,4.807446
0.065468,4.668752
0.06547,4.5300584
0.065472,4.3913646
0.065474,4.1602073
0.065476,3.92905
0.065478,3.6978936
0.06548,3.420505
0.065482,3.1431174
0.065484,2.8194976
0.065486,2.4958777
0.065488,2.172258
0.06549,1.8024073
0.065492,1.4787879
0.065494,1.1089368
0.065496,0.7390857
0.065498,0.36923456
0.0655,-6.160736E-4
0.065502,-0.41669846
0.065504,-0.78654957
0.065506,-1.1564007
0.065508,-1.48002
0.06551,-1.8498712
0.065512,-2.2197218
0.065514,-2.5433414
0.065516,-2.866961
0.065518,-3.1905808
0.06552,-3.467969
0.065522,-3.745357
0.065524,-3.976514
0.065526,-4.2076707
0.065528,-4.3925962
0.06553,-4.5312905
0.065532,-4.716216
0.065534,-4.8086786
0.065536,-4.9011416
0.065538,-4.993604
0.06554,-4.993604
0.065542,-5.0398355
0.065544,-4.993604
0.065546,-4.947373
0.065548,-4.85491
0.06555,-4.7624474
0.065551996,-4.623753
0.065554,-4.4850593
0.065556,-4.3001337
0.065558,-4.115208
0.06556,-3.8840513
0.065562,-3.6066632
0.065564,-3.329275
0.065566,-3.0518866
0.065568,-2.728267
0.06557,-2.4046474
0.065572,-2.0347965
0.065574,-1.7111769
0.065576,-1.3413262
0.065578,-0.9714751
0.06558,-0.601624
0.065582,-0.2317729
0.065584,0.184309
0.065586,0.5541601
0.065588,0.92401123
0.06559,1.2938623
0.065592,1.6174817
0.065594,1.9873328
0.065596,2.357184
0.065597996,2.6808028
0.0656,3.0044227
0.065602,3.2818112
0.065604,3.5591989
0.065606,3.8365874
0.065608,4.0677447
0.06561,4.298901
0.065612,4.437596
0.065614,4.622521
0.065616,4.7612157
0.065618,4.8536773
0.06562,4.946141
0.065622,4.992371
0.065624,5.0386033
0.065626,5.0386033
0.065628,4.992371
0.06563,4.946141
0.065632,4.8536773
0.065634,4.7149835
0.065636,4.5762897
0.065638,4.437596
0.06564,4.252671
0.065642,4.0215135
0.065644,3.7903562
0.065646,3.5129685
0.065648,3.23558
0.06565,2.9581914
0.065652,2.6345725
0.065654,2.3109517
0.065656,1.9411016
0.065658,1.5712504
0.06566,1.2476311
0.065662,0.87777996
0.065664,0.50792885
0.065666,0.091846466
0.065668,-0.27800417
0.06567,-0.6478553
0.065672,-1.0177064
0.065674,-1.387557
0.065675996,-1.7574081
0.065678,-2.081028
0.06568,-2.4508786
0.065682,-2.7744985
0.065684,-3.098118
0.065686,-3.3755062
0.065688,-3.6528945
0.06569,-3.8840513
0.065692,-4.115208
0.065694,-4.346365
0.065696,-4.4850593
0.065698,-4.669985
0.0657,-4.7624474
0.065702,-4.9011416
0.065704,-4.947373
0.065706,-4.993604
0.065708,-5.0398355
0.06571,-4.993604
0.065712,-4.947373
0.065714,-4.9011416
0.065716,-4.8086786
0.065718,-4.669985
0.06572,-4.5312905
0.065721996,-4.3925962
0.065724,-4.1614394
0.065726,-3.9302826
0.065728,-3.6991258
0.06573,-3.4217377
0.065732,-3.1443493
0.065734,-2.8207297
0.065736,-2.4971101
0.065738,-2.1734905
0.06574,-1.8036394
0.065742,-1.48002
0.065744,-1.1101689
0.065746,-0.7403178
0.065748,-0.3704667
0.06575,0.27677202
0.065752,1.8948698
0.065754,3.3280425
0.065756,4.3913646
0.065758,4.8536773
0.06576,4.7612157
0.065762,4.0677447
0.065764,2.8657289
0.065766,1.3400936
0.065768,-0.3704667
0.06577,-2.0347965
0.065772,-3.467969
0.065774,-4.4388275
0.065776,-4.9011416
0.065778,-4.7624474
0.06578,-4.022745
0.065782,-2.8207297
0.065784,-1.2488632
0.065786,0.50792885
0.065788,2.172258
0.06579,3.5591989
0.065792,4.483826
0.065794,4.8999095
0.065796,4.7149835
0.065798,3.92905
0.065799996,2.6808028
0.065802,1.1089368
0.065804,-0.601624
0.065806,-2.2197218
0.065808,-3.6528945
0.06581,-4.5312905
0.065812,-4.9011416
0.065814,-4.669985
0.065816,-3.8840513
0.065818,-2.589573
0.06582,-1.0177064
0.065822,0.7390857
0.065824,2.357184
0.065826,3.744125
0.065828,4.622521
0.06583,4.8999095
0.065832,4.622521
0.065834,3.7903562
0.065836,2.4958777
0.065838,0.87777996
0.06584,-0.83278084
0.065842,-2.4508786
0.065844,-3.7915885
0.065845996,-4.623753
0.065848,-4.9011416
0.06585,-4.577522
0.065852,-3.745357
0.065854,-2.4046474
0.065856,-0.7403178
0.065858,1.0164738
0.06586,2.5883412
0.065862,3.8828197
0.065864,4.668752
0.065866,4.8999095
0.065868,4.5300584
0.06587,3.6516623
0.065872,2.2647214
0.065874,0.64662313
0.065876,-1.1101689
0.065878,-2.6358042
0.06588,-3.976514
0.065882,-4.716216
0.065884,-4.9011416
0.065886,-4.4850593
0.065888,-3.5604317
0.06589,-2.1734905
0.065892,-0.5091615
0.065894,1.2476311
0.065896,2.8194976
0.065898,4.0677447
0.0659,4.7612157
0.065902,4.8999095
0.065904,4.437596
0.065906,3.4667363
0.065908,2.033564
0.06591,0.36923456
0.065912,-1.3413262
0.065914,-2.866961
0.065916,-4.115208
0.065918,-4.7624474
0.06592,-4.9011416
0.065922,-4.3925962
0.065923996,-3.3755062
0.065926,-1.9423337
0.065928,-0.2317729
0.06593,1.4787879
0.065932,3.0044227
0.065934,4.2064385
0.065936,4.807446
0.065938,4.8536773
0.06594,4.3451324
0.065942,3.2818112
0.065944,1.8024073
0.065946,0.13807821
0.065948,-1.5262513
0.06595,-3.0518866
0.065952,-4.2539024
0.065954,-4.8086786
0.065956,-4.85491
0.065958,-4.3001337
0.06596,-3.1905808
0.065962,-1.7111769
0.065964,-6.160736E-4
0.065966,1.7099442
0.065968,3.1893477
0.065969996,4.298901
0.065972,4.8536773
0.065974,4.8536773
0.065976,4.252671
0.065978,3.0968862
0.06598,1.5712504
0.065982,-0.09307861
0.065984,-1.7574081
0.065986,-3.2830436
0.065988,-4.346365
0.06599,-4.85491
0.065992,-4.8086786
0.065994,-4.1614394
0.065996,-3.0056553
0.065998,-1.48002
0.066,0.27677202
0.066002,1.9411016
0.066004,3.3742738
0.066006,4.437596
0.066008,4.8999095
0.06601,4.7612157
0.066012,4.113976
0.066014,2.9119601
0.066016,1.3400936
0.066018,-0.3704667
0.06602,-1.9885652
0.066022,-3.467969
0.066024,-4.4388275
0.066026,-4.9011416
0.066028,-4.716216
0.06603,-4.022745
0.066032,-2.8207297
0.066034,-1.2488632
0.066036,0.50792885
0.066038,2.172258
0.06604,3.5591989
0.066042,4.5300584
0.066044,4.8999095
0.066046,4.7149835
0.066048,3.92905
0.06605,2.6808028
0.066052,1.1089368
0.066054,-0.601624
0.066056,-2.2197218
0.066058,-3.6528945
0.06606,-4.5312905
0.066062,-4.9011416
0.066064,-4.669985
0.066066,-3.8840513
0.066068,-2.589573
0.06607,-1.0177064
0.066072,0.7390857
0.066074,2.4034152
0.066076,3.744125
0.066078,4.622521
0.06608,4.8999095
0.066082,4.622521
0.066084,3.7903562
0.066086,2.4958777
0.066088,0.87777996
0.06609,-0.83278084
0.066092,-2.4508786
0.066093996,-3.7915885
0.066096,-4.623753
0.066098,-4.9011416
0.0661,-4.577522
0.066102,-3.745357
0.066104,-2.4046474
0.066106,-0.7403178
0.066108,1.0164738
0.06611,2.5883412
0.066112,3.8828197
0.066114,4.668752
0.066116,4.8999095
0.066118,4.5300584
0.06612,3.6516623
0.066122,2.2647214
0.066124,0.64662313
0.066126,-1.1101689
0.066128,-2.6820357
0.06613,-3.9302826
0.066132,-4.716216
0.066134,-4.9011416
0.066136,-4.4850593
0.066138,-3.5604317
0.06614,-2.1734905
0.066142,-0.5091615
0.066144,1.2476311
0.066146,2.8194976
0.066148,4.0677447
0.06615,4.7612157
0.066152,4.8999095
0.066154,4.437596
0.066156,3.4667363
0.066158,2.033564
0.06616,0.36923456
0.066162,-1.3413262
0.066164,-2.866961
0.066166,-4.115208
0.066168,-4.7624474
0.06617,-4.9011416
0.066172,-4.3925962
0.066174,-3.3755062
0.066176,-1.9423337
0.066178,-0.2317729
0.06618,1.4787879
0.066182,3.0044227
0.066184,4.2064385
0.066186,4.807446
0.066188,4.8536773
0.06619,4.3451324
0.066192,3.2818112
0.066194,1.8024073
0.066196,0.13807821
0.066198,-1.5262513
0.0662,-3.0518866
0.066202,-4.2539024
0.066204,-4.8086786
0.066206,-4.85491
0.066208,-4.3001337
0.06621,-3.1905808
0.066212,-1.7111769
0.066214,-6.160736E-4
0.066216,1.7099442
0.066217996,3.1893477
0.06622,4.298901
0.066222,4.8536773
0.066224,4.8536773
0.066226,4.252671
0.066228,3.0968862
0.06623,1.5712504
0.066232,-0.09307861
0.066234,-1.7574081
0.066236,-3.2830436
0.066238,-4.346365
0.06624,-4.85491
0.066242,-4.8086786
0.066244,-4.1614394
0.066246,-3.0056553
0.066248,-1.48002
0.06625,0.27677202
0.066252,1.9411016
0.066254,3.3742738
0.066256,4.437596
0.066258,4.8999095
0.06626,4.7612157
0.066262,4.113976
0.066264,2.9119601
0.066266,1.3400936
0.066268,-0.3704667
0.06627,-1.9885652
0.066272,-3.467969
0.066274,-4.4388275
0.066276,-4.9011416
0.066278,-4.716216
0.06628,-4.022745
0.066282,-2.8207297
0.066284,-1.2488632
0.066286,0.50792885
0.066288,2.172258
0.06629,3.5591989
0.066292,4.5300584
0.066294,4.8999095
0.066296,4.7149835
0.066298,3.9752812
0.0663,2.6808028
0.066302,1.1089368
0.066304,-0.601624
0.066306,-2.2197218
0.066308,-3.6528945
0.06631,-4.5312905
0.066312,-4.9011416
0.066314,-4.669985
0.066316,-3.8840513
0.066318,-2.589573
0.06632,-1.0177064
0.066322,0.7390857
0.066324,2.4034152
0.066326,3.744125
0.066328,4.622521
0.06633,4.8999095
0.066332,4.622521
0.066334,3.7903562
0.066336,2.4496465
0.066338,0.87777996
0.06634,-0.83278084
0.066341996,-2.4508786
0.066344,-3.7915885
0.066346,-4.623753
0.066348,-4.9011416
0.06635,-4.577522
0.066352,-3.745357
0.066354,-2.4046474
0.066356,-0.7403178
0.066358,1.0164738
0.06636,2.5883412
0.066362,3.8828197
0.066364,4.668752
0.066366,4.8999095
0.066368,4.5300584
0.06637,3.6516623
0.066372,2.2647214
0.066374,0.64662313
0.066376,-1.1101689
0.066378,-2.6358042
0.06638,-3.9302826
0.066382,-4.716216
0.066384,-4.9011416
0.066386,-4.4850593
0.066388,-3.5604317
0.06639,-2.1734905
0.066392,-0.5091615
0.066394,1.2476311
0.066396,2.8194976
0.066398,4.0677447
0.0664,4.7612157
0.066402,4.8999095
0.066404,4.437596
0.066406,3.4667363
0.066408,2.033564
0.06641,0.36923456
0.066412,-1.3413262
0.066414,-2.866961
0.066416,-4.115208
0.066418,-4.7624474
0.06642,-4.9011416
0.066422,-4.3925962
0.066424,-3.3755062
0.066426,-1.9423337
0.066428,-0.2317729
0.06643,1.4787879
0.066432,3.0044227
0.066434,4.2064385
0.066436,4.807446
0.066438,4.8536773
0.06644,4.3451324
0.066442,3.2818112
0.066444,1.8024073
0.066446,0.13807821
0.066448,-1.5262513
0.06645,-3.0518866
0.066452,-4.2539024
0.066454,-4.8086786
0.066456,-4.85491
0.066458,-4.3001337
0.06646,-3.1905808
0.066462,-1.7111769
0.066464,-6.160736E-4
0.066465996,1.7099442
0.066468,3.1893477
0.06647,4.298901
0.066472,4.8536773
0.066474,4.807446
0.066476,4.252671
0.066478,3.0968862
0.06648,1.5712504
0.066482,-0.09307861
0.066484,-1.7574081
0.066486,-3.2830436
0.066488,-4.346365
0.06649,-4.85491
0.066492,-4.8086786
0.066494,-4.1614394
0.066496,-3.0056553
0.066498,-1.48002
0.0665,0.27677202
0.066502,1.9411016
0.066504,3.420505
0.066506,4.437596
0.066508,4.8999095
0.06651,4.7612157
0.066512,4.113976
0.066514,2.9119601
0.066516,1.3400936
0.066518,-0.3704667
0.06652,-1.9885652
0.066522,-3.467969
0.066524,-4.4388275
0.066526,-4.9011416
0.066528,-4.716216
0.06653,-4.022745
0.066532,-2.8207297
0.066534,-1.2488632
0.066536,0.50792885
0.066538,2.172258
0.06654,3.5591989
0.066542,4.5300584
0.066544,4.8999095
0.066546,4.7149835
0.066548,3.92905
0.06655,2.6808028
0.066552,1.1089368
0.066554,-0.601624
0.066556,-2.2197218
0.066558,-3.6528945
0.06656,-4.5312905
0.066562,-4.9011416
0.066564,-4.669985
0.066566,-3.8840513
0.066568,-2.589573
0.06657,-1.0177064
0.066572,0.7390857
0.066574,2.4034152
0.066576,3.744125
0.066578,4.622521
0.06658,4.8999095
0.066582,4.622521
0.066584,3.7903562
0.066586,2.4958777
0.066588,0.87777996
0.066589996,-0.83278084
0.066592,-2.4508786
0.066594,-3.7915885
0.066596,-4.623753
0.066598,-4.9011416
0.0666,-4.577522
0.066602,-3.745357
0.066604,-2.4046474
0.066606,-0.7403178
0.066608,1.0164738
0.06661,2.5883412
0.066612,3.8828197
0.066614,4.668752
0.066616,4.8999095
0.066618,4.5300584
0.06662,3.6516623
0.066622,2.2647214
0.066624,0.64662313
0.066626,-1.1101689
0.066628,-2.6358042
0.06663,-3.976514
0.066632,-4.716216
0.066634,-4.9011416
0.066636,-4.4850593
0.066638,-3.5604317
0.06664,-2.1734905
0.066642,-0.5091615
0.066644,1.2476311
0.066646,2.8194976
0.066648,4.0677447
0.06665,4.7612157
0.066652,4.8999095
0.066654,4.437596
0.066656,3.4667363
0.066658,2.033564
0.06666,0.36923456
0.066662,-1.3413262
0.066664,-2.866961
0.066666,-4.115208
0.066668,-4.7624474
0.06667,-4.9011416
0.066672,-4.3925962
0.066674,-3.3755062
0.066676,-1.9423337
0.066678,-0.2317729
0.06668,1.4787879
0.066682,3.0044227
0.066684,4.2064385
0.066686,4.807446
0.066688,4.8536773
0.06669,4.3451324
0.066692,3.2818112
0.066694,1.8024073
0.066696,0.13807821
0.066698,-1.5262513
0.0667,-3.0518866
0.066702,-4.2539024
0.066704,-4.8086786
0.066706,-4.85491
0.066708,-4.3001337
0.06671,-3.1905808
0.066712,-1.7111769
0.066713996,-6.160736E-4
0.066716,1.7099442
0.066718,3.1893477
0.06672,4.298901
0.066722,4.8536773
0.066724,4.807446
0.066726,4.2064385
0.066728,3.0968862
0.06673,1.5712504
0.066732,-0.09307861
0.066734,-1.7574081
0.066736,-3.2830436
0.066738,-4.346365
0.06674,-4.85491
0.066742,-4.8086786
0.066744,-4.1614394
0.066746,-3.0056553
0.066748,-1.48002
0.06675,-6.160736E-4
0.066752,0.46169758
0.066754,0.8315482
0.066756,1.2013993
0.066758,1.5712504
0.066759996,1.8948698
0.066762,2.2647214
0.066764,2.5883412
0.066766,2.9119601
0.066768,3.23558
0.06677,3.5129685
0.066772,3.744125
0.066774,4.0215135
0.066776,4.252671
0.066778,4.437596
0.06678,4.5762897
0.066782,4.7149835
0.066784,4.8536773
0.066786,4.946141
0.066788,4.992371
0.06679,5.0386033
0.066792,5.0386033
0.066794,5.0386033
0.066796,4.946141
0.066798,4.8999095
0.0668,4.7612157
0.066802,4.622521
0.066804,4.483826
0.066806,4.3451324
0.066808,4.113976
0.06681,3.8828197
0.066812,3.605431
0.066814,3.3280425
0.066816,3.050654
0.066818,2.727035
0.06682,2.4034152
0.066822,2.0797954
0.066824,1.7099442
0.066826,1.3863249
0.066828,1.0164738
0.06683,0.60039186
0.066832,0.23054075
0.066834,-0.13931036
0.066836,-0.5091615
0.066837996,-0.9252434
0.06684,-1.2950945
0.066842,-1.6187139
0.066844,-1.9885652
0.066846,-2.3121846
0.066848,-2.6358042
0.06685,-2.9594238
0.066852,-3.2830436
0.066854,-3.5604317
0.066856,-3.8378198
0.066858,-4.068977
0.06686,-4.2539024
0.066862,-4.4388275
0.066864,-4.623753
0.066866,-4.716216
0.066868,-4.85491
0.06687,-4.947373
0.066872,-4.993604
0.066874,-5.0398355
0.066876,-4.993604
0.066878,-4.993604
0.06688,-4.947373
0.066882,-4.85491
0.066883996,-4.716216
0.066886,-4.577522
0.066888,-4.4388275
0.06689,-4.2539024
0.066892,-4.022745
0.066894,-3.7915885
0.066896,-3.5142004
0.066898,-3.236812
0.0669,-2.9594238
0.066902,-2.6358042
0.066904,-2.2659533
0.066906,-1.9423337
0.066908,-1.5724826
0.06691,-1.2488632
0.066912,-0.83278084
0.066914,-0.46292973
0.066916,-0.09307861
0.066918,0.27677202
0.06692,0.6928544
0.066922,1.0627055
0.066924,1.4325566
0.066926,1.756176
0.066928,2.126027
0.06693,2.4496465
0.066932,2.7732663
0.066934,3.0968862
0.066936,3.3742738
0.066938,3.6516623
0.06694,3.92905
0.066942,4.1602073
0.066944,4.3451324
0.066946,4.483826
0.066948,4.668752
0.06695,4.807446
0.066952,4.8999095
0.066954,4.946141
0.066956,4.992371
0.066958,5.0386033
0.06696,5.0386033
0.066961996,4.992371
0.066964,4.8999095
0.066966,4.807446
0.066968,4.668752
0.06697,4.5300584
0.066972,4.3913646
0.066974,4.1602073
0.066976,3.9752812
0.066978,3.6978936
0.06698,3.420505
0.066982,3.1431174
0.066984,2.8194976
0.066986,2.4958777
0.066988,2.172258
0.06699,1.8024073
0.066992,1.4787879
0.066994,1.1089368
0.066996,0.7390857
0.066998,0.36923456
0.067,-6.160736E-4
0.067002,-0.41669846
0.067004,-0.78654957
0.067006,-1.1564007
0.067007996,-1.48002
0.06701,-1.8498712
0.067012,-2.2197218
0.067014,-2.5433414
0.067016,-2.866961
0.067018,-3.1905808
0.06702,-3.467969
0.067022,-3.745357
0.067024,-3.976514
0.067026,-4.2076707
0.067028,-4.3925962
0.06703,-4.5312905
0.067032,-4.716216
0.067034,-4.8086786
0.067036,-4.9011416
0.067038,-4.993604
0.06704,-4.993604
0.067042,-5.0398355
0.067044,-4.993604
0.067046,-4.947373
0.067048,-4.85491
0.06705,-4.7624474
0.067052,-4.623753
0.067054,-4.4850593
0.067056,-4.3001337
0.067058,-4.115208
0.06706,-3.8840513
0.067062,-3.6066632
0.067064,-3.329275
0.067066,-3.0518866
0.067068,-2.728267
0.06707,-2.4046474
0.067072,-2.0347965
0.067074,-1.7111769
0.067076,-1.3413262
0.067078,-0.9714751
0.06708,-0.601624
0.067082,-0.2317729
0.067084,0.184309
0.067085996,0.5541601
0.067088,0.92401123
0.06709,1.2938623
0.067092,1.6174817
0.067094,1.9873328
0.067096,2.357184
0.067098,2.6808028
0.0671,3.0044227
0.067102,3.2818112
0.067104,3.5591989
0.067106,3.8365874
0.067108,4.0677447
0.06711,4.298901
0.067112,4.437596
0.067114,4.622521
0.067116,4.7612157
0.067118,4.8536773
0.06712,4.946141
0.067122,4.992371
0.067124,5.0386033
0.067126,5.0386033
0.067128,4.992371
0.06713,4.946141
0.067131996,4.8536773
0.067134,4.7149835
0.067136,4.5762897
0.067138,4.437596
0.06714,4.252671
0.067142,4.0215135
0.067144,3.7903562
0.067146,3.5129685
0.067148,3.23558
0.06715,2.9581914
0.067152,2.6345725
0.067154,2.2647214
0.067156,1.9411016
0.067158,1.5712504
0.06716,1.2476311
0.067162,0.87777996
0.067164,0.50792885
0.067166,0.091846466
0.067168,-0.27800417
0.06717,-0.6478553
0.067172,-1.0177064
0.067174,-1.387557
0.067176,-1.7574081
0.067178,-2.081028
0.06718,-2.4508786
0.067182,-2.7744985
0.067184,-3.098118
0.067186,-3.3755062
0.067188,-3.6528945
0.06719,-3.8840513
0.067192,-4.115208
0.067194,-4.346365
0.067196,-4.4850593
0.067198,-4.669985
0.0672,-4.7624474
0.067202,-4.9011416
0.067204,-4.947373
0.067206,-4.993604
0.067208,-5.0398355
0.06721,-4.993604
0.067212,-4.947373
0.067214,-4.9011416
0.067216,-4.8086786
0.067218,-4.669985
0.06722,-4.5312905
0.067222,-4.3925962
0.067224,-4.1614394
0.067226,-3.9302826
0.067228,-3.6991258
0.06723,-3.4217377
0.067232,-3.1443493
0.067234,-2.8207297
0.067236,-2.4971101
0.067238,-2.1734905
0.06724,-1.8036394
0.067242,-1.48002
0.067244,-1.1101689
0.067246,-0.7403178
0.067248,-0.3704667
0.06725,0.045615196
0.067252,0.4154663
0.067254,0.7853174
0.067255996,1.1551685
0.067258,1.5250192
0.06726,1.8948698
0.067262,2.2184901
0.067264,2.542109
0.067266,2.8657289
0.067268,3.1893477
0.06727,3.4667363
0.067272,3.744125
0.067274,3.9752812
0.067276,4.2064385
0.067278,4.3913646
0.06728,4.5762897
0.067282,4.7149835
0.067284,4.807446
0.067286,4.946141
0.067288,4.992371
0.06729,5.0386033
0.067292,5.0386033
0.067294,4.992371
0.067296,4.946141
0.067298,4.8999095
0.0673,4.7612157
0.067302,4.622521
0.067304,4.483826
0.067306,4.298901
0.067308,4.113976
0.06731,3.8828197
0.067312,3.605431
0.067314,3.3280425
0.067316,3.050654
0.067318,2.727035
0.06732,2.4034152
0.067322,2.0797954
0.067324,1.7099442
0.067326,1.3863249
0.067328,1.0164738
0.06733,0.60039186
0.067332,0.23054075
0.067334,-0.13931036
0.067336,-0.55539227
0.067338,-0.9252434
0.06734,-1.2950945
0.067342,-1.6187139
0.067344,-1.9885652
0.067346,-2.3121846
0.067348,-2.6358042
0.06735,-2.9594238
0.067352,-3.2830436
0.067354,-3.5604317
0.067356,-3.8378198
0.067358,-4.068977
0.06736,-4.2539024
0.067362,-4.4388275
0.067364,-4.623753
0.067366,-4.7624474
0.067368,-4.85491
0.06737,-4.947373
0.067372,-4.993604
0.067374,-5.0398355
0.067376,-5.0398355
0.067378,-4.993604
0.067379996,-4.947373
0.067382,-4.85491
0.067384,-4.716216
0.067386,-4.577522
0.067388,-4.4388275
0.06739,-4.2539024
0.067392,-4.022745
0.067394,-3.7915885
0.067396,-3.5142004
0.067398,-3.236812
0.0674,-2.9594238
0.067402,-2.6358042
0.067404,-2.2659533
0.067406,-1.9423337
0.067408,-1.5724826
0.06741,-1.2488632
0.067412,-0.8790121
0.067414,-0.46292973
0.067416,-0.09307861
0.067418,0.27677202
0.06742,0.6928544
0.067422,1.0627055
0.067424,1.4325566
0.067426,1.756176
0.067428,2.126027
0.06743,2.4496465
0.067432,2.7732663
0.067434,3.0968862
0.067436,3.3742738
0.067438,3.6516623
0.06744,3.92905
0.067442,4.1602073
0.067444,4.3451324
0.067446,4.483826
0.067448,4.668752
0.06745,4.807446
0.067452,4.8999095
0.067454,4.946141
0.067456,4.992371
0.067458,5.0386033
0.06746,5.0386033
0.067462,4.992371
0.067464,4.8999095
0.067466,4.807446
0.067468,4.668752
0.06747,4.5300584
0.067472,4.3913646
0.067474,4.1602073
0.067476,3.9752812
0.067478,3.6978936
0.06748,3.420505
0.067482,3.1431174
0.067484,2.8194976
0.067486,2.4958777
0.067488,2.172258
0.06749,1.8024073
0.067492,1.4787879
0.067494,1.1089368
0.067496,0.7390857
0.067498,0.36923456
0.0675,-0.046847343
0.067502,-0.41669846
0.067503996,-0.78654957
0.067506,-1.1564007
0.067508,-1.48002
0.06751,-1.8498712
0.067512,-2.2197218
0.067514,-2.5433414
0.067516,-2.866961
0.067518,-3.1905808
0.06752,-3.467969
0.067522,-3.745357
0.067524,-3.976514
0.067526,-4.2076707
0.067528,-4.3925962
0.06753,-4.5312905
0.067532,-4.716216
0.067534,-4.8086786
0.067536,-4.9011416
0.067538,-4.993604
0.06754,-4.993604
0.067542,-5.0398355
0.067544,-4.993604
0.067546,-4.947373
0.067548,-4.85491
0.06755,-4.7624474
0.067552,-4.623753
0.067554,-4.4850593
0.067556,-4.3001337
0.067558,-4.115208
0.06756,-3.8840513
0.067562,-3.6066632
0.067564,-3.329275
0.067566,-3.0518866
0.067568,-2.728267
0.06757,-2.4046474
0.067572,-2.0347965
0.067574,-1.7111769
0.067576,-1.3413262
0.067578,-0.9714751
0.06758,-0.601624
0.067582,-0.2317729
0.067584,0.184309
0.067586,0.5541601
0.067588,0.92401123
0.06759,1.2938623
0.067592,1.6174817
0.067594,1.9873328
0.067596,2.357184
0.067598,2.6808028
0.0676,3.0044227
0.067602,3.2818112
0.067604,3.5591989
0.067606,3.8365874
0.067608,4.0677447
0.06761,4.298901
0.067612,4.437596
0.067614,4.622521
0.067616,4.7612157
0.067618,4.8536773
0.06762,4.946141
0.067622,4.992371
0.067624,5.0386033
0.067626,5.0386033
0.067627996,4.992371
0.06763,4.946141
0.067632,4.8536773
0.067634,4.7149835
0.067636,4.5762897
0.067638,4.437596
0.06764,4.252671
0.067642,4.0215135
0.067644,3.7903562
0.067646,3.5129685
0.067648,3.23558
0.06765,2.9581914
0.067652,2.6345725
0.067654,2.2647214
0.067656,1.9411016
0.067658,1.5712504
0.06766,1.2476311
0.067662,0.87777996
0.067664,0.50792885
0.067666,0.091846466
0.067668,-0.27800417
0.06767,-0.6478553
0.067672,-1.0177064
0.067674,-1.387557
0.067676,-1.7574081
0.067678,-2.081028
0.06768,-2.4508786
0.067682,-2.7744985
0.067684,-3.098118
0.067686,-3.3755062
0.067688,-3.6528945
0.06769,-3.8840513
0.067692,-4.115208
0.067694,-4.346365
0.067696,-4.4850593
0.067698,-4.669985
0.0677,-4.7624474
0.067702,-4.9011416
0.067704,-4.947373
0.067706,-4.993604
0.067708,-5.0398355
0.06771,-4.993604
0.067712,-4.947373
0.067714,-4.9011416
0.067716,-4.8086786
0.067718,-4.669985
0.06772,-4.5312905
0.067722,-4.3925962
0.067724,-4.1614394
0.067726,-3.9302826
0.067728,-3.6991258
0.06773,-3.4217377
0.067732,-3.1443493
0.067734,-2.8207297
0.067736,-2.4971101
0.067738,-2.1734905
0.06774,-1.8036394
0.067742,-1.48002
0.067744,-1.1101689
0.067746,-0.7403178
0.067748,-0.3704667
0.06775,0.27677202
0.067751996,1.8948698
0.067754,3.3742738
0.067756,4.3913646
0.067758,4.8536773
0.06776,4.7149835
0.067762,4.0677447
0.067764,2.8657289
0.067766,1.3400936
0.067768,-0.3704667
0.06777,-2.0347965
0.067772,-3.467969
0.067774,-4.4850593
0.067776,-4.9011416
0.067778,-4.7624474
0.06778,-4.022745
0.067782,-2.8207297
0.067784,-1.2488632
0.067786,0.50792885
0.067788,2.172258
0.06779,3.5591989
0.067792,4.483826
0.067794,4.8999095
0.067796,4.7149835
0.067797996,3.92905
0.0678,2.6808028
0.067802,1.1089368
0.067804,-0.601624
0.067806,-2.2197218
0.067808,-3.6528945
0.06781,-4.5312905
0.067812,-4.9011416
0.067814,-4.669985
0.067816,-3.8840513
0.067818,-2.589573
0.06782,-0.9714751
0.067822,0.7390857
0.067824,2.4034152
0.067826,3.744125
0.067828,4.622521
0.06783,4.8999095
0.067832,4.622521
0.067834,3.7903562
0.067836,2.4496465
0.067838,0.87777996
0.06784,-0.8790121
0.067842,-2.4508786
0.067844,-3.7915885
0.067846,-4.623753
0.067848,-4.9011416
0.06785,-4.577522
0.067852,-3.745357
0.067854,-2.4046474
0.067856,-0.7403178
0.067858,1.0164738
0.06786,2.5883412
0.067862,3.8828197
0.067864,4.668752
0.067866,4.8999095
0.067868,4.5300584
0.06787,3.605431
0.067872,2.2647214
0.067874,0.64662313
0.067875996,-1.1101689
0.067878,-2.6820357
0.06788,-3.976514
0.067882,-4.716216
0.067884,-4.9011416
0.067886,-4.4850593
0.067888,-3.5604317
0.06789,-2.1734905
0.067892,-0.5091615
0.067894,1.2476311
0.067896,2.8194976
0.067898,4.0677447
0.0679,4.7612157
0.067902,4.8999095
0.067904,4.437596
0.067906,3.4667363
0.067908,2.033564
0.06791,0.36923456
0.067912,-1.3413262
0.067914,-2.866961
0.067916,-4.115208
0.067918,-4.7624474
0.06792,-4.9011416
0.067921996,-4.3925962
0.067924,-3.3755062
0.067926,-1.9423337
0.067928,-0.2317729
0.06793,1.4787879
0.067932,3.0044227
0.067934,4.2064385
0.067936,4.807446
0.067938,4.8536773
0.06794,4.3451324
0.067942,3.2818112
0.067944,1.8024073
0.067946,0.13807821
0.067948,-1.5262513
0.06795,-3.098118
0.067952,-4.2539024
0.067954,-4.8086786
0.067956,-4.85491
0.067958,-4.3001337
0.06796,-3.1905808
0.067962,-1.7111769
0.067964,-6.160736E-4
0.067966,1.7099442
0.067968,3.23558
0.06797,4.298901
0.067972,4.8536773
0.067974,4.807446
0.067976,4.2064385
0.067978,3.0968862
0.06798,1.5712504
0.067982,-0.13931036
0.067984,-1.7574081
0.067986,-3.2830436
0.067988,-4.346365
0.06799,-4.85491
0.067992,-4.8086786
0.067994,-4.1614394
0.067996,-3.0056553
0.067998,-1.48002
0.067999996,0.27677202
0.068002,1.9411016
0.068004,3.420505
0.068006,4.437596
0.068008,4.8999095
0.06801,4.7612157
0.068012,4.113976
0.068014,2.8657289
0.068016,1.3400936
0.068018,-0.3704667
0.06802,-1.9885652
0.068022,-3.467969
0.068024,-4.4388275
0.068026,-4.9011416
0.068028,-4.716216
0.06803,-4.022745
0.068032,-2.8207297
0.068034,-1.2488632
0.068036,0.50792885
0.068038,2.172258
0.06804,3.5591989
0.068042,4.5300584
0.068044,4.8999095
0.068045996,4.7149835
0.068048,3.92905
0.06805,2.6808028
0.068052,1.1089368
0.068054,-0.601624
0.068056,-2.2197218
0.068058,-3.6528945
0.06806,-4.5312905
0.068062,-4.9011416
0.068064,-4.669985
0.068066,-3.8840513
0.068068,-2.589573
0.06807,-0.9714751
0.068072,0.7853174
0.068074,2.4034152
0.068076,3.744125
0.068078,4.622521
0.06808,4.8999095
0.068082,4.622521
0.068084,3.7903562
0.068086,2.4496465
0.068088,0.87777996
0.06809,-0.8790121
0.068092,-2.4508786
0.068094,-3.7915885
0.068096,-4.623753
0.068098,-4.9011416
0.0681,-4.577522
0.068102,-3.6991258
0.068104,-2.4046474
0.068106,-0.7403178
0.068108,1.0164738
0.06811,2.5883412
0.068112,3.8828197
0.068114,4.668752
0.068116,4.8999095
0.068118,4.5300584
0.06812,3.605431
0.068122,2.2647214
0.068123996,0.64662313
0.068126,-1.1101689
0.068128,-2.6820357
0.06813,-3.976514
0.068132,-4.716216
0.068134,-4.9011416
0.068136,-4.4850593
0.068138,-3.5604317
0.06814,-2.1734905
0.068142,-0.5091615
0.068144,1.2476311
0.068146,2.8194976
0.068148,4.0677447
0.06815,4.7612157
0.068152,4.8999095
0.068154,4.437596
0.068156,3.4667363
0.068158,2.033564
0.06816,0.36923456
0.068162,-1.3413262
0.068164,-2.866961
0.068166,-4.115208
0.068168,-4.7624474
0.068169996,-4.9011416
0.068172,-4.3925962
0.068174,-3.3755062
0.068176,-1.9423337
0.068178,-0.2317729
0.06818,1.4787879
0.068182,3.0044227
0.068184,4.2064385
0.068186,4.807446
0.068188,4.8536773
0.06819,4.3451324
0.068192,3.2818112
0.068194,1.8024073
0.068196,0.13807821
0.068198,-1.5262513
0.0682,-3.098118
0.068202,-4.2539024
0.068204,-4.8086786
0.068206,-4.85491
0.068208,-4.3001337
0.06821,-3.1905808
0.068212,-1.7111769
0.068214,-6.160736E-4
0.068216,1.7099442
0.068218,3.23558
0.06822,4.298901
0.068222,4.8536773
0.068224,4.807446
0.068226,4.2064385
0.068228,3.0968862
0.06823,1.5712504
0.068232,-0.13931036
0.068234,-1.8036394
0.068236,-3.2830436
0.068238,-4.346365
0.06824,-4.85491
0.068242,-4.8086786
0.068244,-4.1614394
0.068246,-3.0056553
0.068247996,-1.48002
0.06825,0.27677202
0.068252,1.9411016
0.068254,3.420505
0.068256,4.437596
0.068258,4.8999095
0.06826,4.7612157
0.068262,4.0677447
0.068264,2.8657289
0.068266,1.3400936
0.068268,-0.3704667
0.06827,-1.9885652
0.068272,-3.467969
0.068274,-4.4388275
0.068276,-4.9011416
0.068278,-4.716216
0.06828,-4.022745
0.068282,-2.8207297
0.068284,-1.2488632
0.068286,0.50792885
0.068288,2.172258
0.06829,3.5591989
0.068292,4.5300584
0.068293996,4.8999095
0.068296,4.7149835
0.068298,3.92905
0.0683,2.6808028
0.068302,1.1089368
0.068304,-0.601624
0.068306,-2.2197218
0.068308,-3.6528945
0.06831,-4.5312905
0.068312,-4.9011416
0.068314,-4.669985
0.068316,-3.8840513
0.068318,-2.589573
0.06832,-0.9714751
0.068322,0.7853174
0.068324,2.4034152
0.068326,3.744125
0.068328,4.622521
0.06833,4.8999095
0.068332,4.622521
0.068334,3.7903562
0.068336,2.4496465
0.068338,0.87777996
0.06834,-0.8790121
0.068342,-2.4508786
0.068344,-3.7915885
0.068346,-4.623753
0.068348,-4.9011416
0.06835,-4.577522
0.068352,-3.6991258
0.068354,-2.4046474
0.068356,-0.7403178
0.068358,1.0164738
0.06836,2.5883412
0.068362,3.8828197
0.068364,4.668752
0.068366,4.8999095
0.068368,4.5300584
0.06837,3.605431
0.068372,2.2647214
0.068374,0.60039186
0.068376,-1.1101689
0.068378,-2.6820357
0.06838,-3.976514
0.068382,-4.716216
0.068384,-4.9011416
0.068386,-4.4850593
0.068388,-3.5604317
0.06839,-2.1734905
0.068392,-0.5091615
0.068394,1.2476311
0.068396,2.8194976
0.068398,4.0677447
0.0684,4.7612157
0.068402,4.8999095
0.068404,4.437596
0.068406,3.4667363
0.068408,2.033564
0.06841,0.36923456
0.068412,-1.3413262
0.068414,-2.866961
0.068416,-4.115208
0.068417996,-4.7624474
0.06842,-4.9011416
0.068422,-4.3925962
0.068424,-3.3755062
0.068426,-1.9423337
0.068428,-0.2317729
0.06843,1.4787879
0.068432,3.0044227
0.068434,4.2064385
0.068436,4.807446
0.068438,4.8536773
0.06844,4.3451324
0.068442,3.2818112
0.068444,1.8024073
0.068446,0.13807821
0.068448,-1.5724826
0.06845,-3.098118
0.068452,-4.2539024
0.068454,-4.8086786
0.068456,-4.85491
0.068458,-4.3001337
0.06846,-3.1905808
0.068462,-1.7111769
0.068464,-6.160736E-4
0.068466,1.7099442
0.068468,3.23558
0.06847,4.298901
0.068472,4.8536773
0.068474,4.807446
0.068476,4.2064385
0.068478,3.0968862
0.06848,1.5712504
0.068482,-0.13931036
0.068484,-1.7574081
0.068486,-3.2830436
0.068488,-4.346365
0.06849,-4.85491
0.068492,-4.8086786
0.068494,-4.1614394
0.068496,-3.0056553
0.068498,-1.48002
0.0685,0.27677202
0.068502,1.9411016
0.068504,3.420505
0.068506,4.437596
0.068508,4.8999095
0.06851,4.7612157
0.068512,4.0677447
0.068514,2.8657289
0.068516,1.3400936
0.068518,-0.3704667
0.06852,-1.9885652
0.068522,-3.467969
0.068524,-4.4388275
0.068526,-4.9011416
0.068528,-4.716216
0.06853,-4.022745
0.068532,-2.8207297
0.068534,-1.2488632
0.068536,0.50792885
0.068538,2.172258
0.06854,3.5591989
0.068541996,4.5300584
0.068544,4.8999095
0.068546,4.7149835
0.068548,3.92905
0.06855,2.6808028
0.068552,1.1089368
0.068554,-0.601624
0.068556,-2.2197218
0.068558,-3.6528945
0.06856,-4.5312905
0.068562,-4.9011416
0.068564,-4.669985
0.068566,-3.8840513
0.068568,-2.589573
0.06857,-0.9714751
0.068572,0.7853174
0.068574,2.4034152
0.068576,3.744125
0.068578,4.622521
0.06858,4.8999095
0.068582,4.622521
0.068584,3.7903562
0.068586,2.4496465
0.068588,0.87777996
0.06859,-0.8790121
0.068592,-2.4508786
0.068594,-3.7915885
0.068596,-4.623753
0.068598,-4.9011416
0.0686,-4.577522
0.068602,-3.6991258
0.068604,-2.3584158
0.068606,-0.7403178
0.068608,1.0164738
0.06861,2.5883412
0.068612,3.8828197
0.068614,4.668752
0.068616,4.8999095
0.068618,4.5300584
0.06862,3.605431
0.068622,2.2647214
0.068624,0.60039186
0.068626,-1.1101689
0.068628,-2.6820357
0.06863,-3.976514
0.068632,-4.716216
0.068634,-4.9011416
0.068636,-4.4850593
0.068638,-3.5604317
0.06864,-2.1734905
0.068642,-0.5091615
0.068644,1.2476311
0.068646,2.8194976
0.068648,4.0677447
0.06865,4.7612157
0.068652,4.8999095
0.068654,4.437596
0.068656,3.4667363
0.068658,2.033564
0.06866,0.36923456
0.068662,-1.3413262
0.068664,-2.866961
0.068665996,-4.115208
0.068668,-4.7624474
0.06867,-4.85491
0.068672,-4.3925962
0.068674,-3.3755062
0.068676,-1.9423337
0.068678,-0.2317729
0.06868,1.4787879
0.068682,3.0044227
0.068684,4.2064385
0.068686,4.807446
0.068688,4.8536773
0.06869,4.3451324
0.068692,3.2818112
0.068694,1.8024073
0.068696,0.13807821
0.068698,-1.5724826
0.0687,-3.098118
0.068702,-4.2539024
0.068704,-4.8086786
0.068706,-4.85491
0.068708,-4.3001337
0.06871,-3.1905808
0.068712,-1.7111769
0.068714,-6.160736E-4
0.068716,1.7099442
0.068718,3.23558
0.06872,4.298901
0.068722,4.8536773
0.068724,4.807446
0.068726,4.2064385
0.068728,3.0968862
0.06873,1.5712504
0.068732,-0.13931036
0.068734,-1.8036394
0.068736,-3.2830436
0.068738,-4.346365
0.06874,-4.85491
0.068742,-4.8086786
0.068744,-4.1614394
0.068746,-3.0056553
0.068748,-1.48002
0.06875,-6.160736E-4
0.068752,0.46169758
0.068754,0.8315482
0.068756,1.2013993
0.068758,1.5712504
0.06876,1.8948698
0.068762,2.2647214
0.068764,2.5883412
0.068766,2.9119601
0.068768,3.23558
0.06877,3.5129685
0.068772,3.744125
0.068774,4.0215135
0.068776,4.252671
0.068778,4.437596
0.06878,4.5762897
0.068782,4.7149835
0.068784,4.8536773
0.068786,4.946141
0.068788,4.992371
0.068789996,5.0386033
0.068792,5.0386033
0.068794,5.0386033
0.068796,4.946141
0.068798,4.8999095
0.0688,4.7612157
0.068802,4.622521
0.068804,4.483826
0.068806,4.3451324
0.068808,4.113976
0.06881,3.8828197
0.068812,3.605431
0.068814,3.3280425
0.068816,3.050654
0.068818,2.727035
0.06882,2.4034152
0.068822,2.0797954
0.068824,1.7099442
0.068826,1.3863249
0.068828,0.970243
0.06883,0.60039186
0.068832,0.23054075
0.068834,-0.13931036
0.068836,-0.5091615
0.068838,-0.9252434
0.06884,-1.2950945
0.068842,-1.6187139
0.068844,-1.9885652
0.068846,-2.3121846
0.068848,-2.6358042
0.06885,-2.9594238
0.068852,-3.2830436
0.068854,-3.5604317
0.068856,-3.8378198
0.068858,-4.068977
0.06886,-4.2539024
0.068862,-4.4388275
0.068864,-4.623753
0.068866,-4.7624474
0.068868,-4.85491
0.06887,-4.947373
0.068872,-4.993604
0.068874,-5.0398355
0.068876,-5.0398355
0.068878,-4.993604
0.06888,-4.947373
0.068882,-4.85491
0.068884,-4.716216
0.068886,-4.577522
0.068888,-4.4388275
0.06889,-4.2539024
0.068892,-4.022745
0.068894,-3.7915885
0.068896,-3.5142004
0.068898,-3.236812
0.0689,-2.9131925
0.068902,-2.6358042
0.068904,-2.2659533
0.068906,-1.9423337
0.068908,-1.5724826
0.06891,-1.2488632
0.068912,-0.83278084
0.068913996,-0.46292973
0.068916,-0.09307861
0.068918,0.27677202
0.06892,0.6928544
0.068922,1.0627055
0.068924,1.4325566
0.068926,1.756176
0.068928,2.126027
0.06893,2.4496465
0.068932,2.7732663
0.068934,3.0968862
0.068936,3.3742738
0.068938,3.6516623
0.06894,3.92905
0.068942,4.1602073
0.068944,4.3451324
0.068946,4.483826
0.068948,4.668752
0.06895,4.807446
0.068952,4.8999095
0.068954,4.946141
0.068956,4.992371
0.068958,5.0386033
0.068959996,5.0386033
0.068962,4.992371
0.068964,4.8999095
0.068966,4.807446
0.068968,4.668752
0.06897,4.5300584
0.068972,4.3913646
0.068974,4.1602073
0.068976,3.9752812
0.068978,3.6978936
0.06898,3.420505
0.068982,3.1431174
0.068984,2.8194976
0.068986,2.4958777
0.068988,2.172258
0.06899,1.8024073
0.068992,1.4787879
0.068994,1.1089368
0.068996,0.7390857
0.068998,0.36923456
0.069,-0.046847343
0.069002,-0.41669846
0.069004,-0.78654957
0.069006,-1.1564007
0.069008,-1.48002
0.06901,-1.8498712
0.069012,-2.2197218
0.069014,-2.5433414
0.069016,-2.866961
0.069018,-3.1905808
0.06902,-3.467969
0.069022,-3.745357
0.069024,-3.976514
0.069026,-4.2076707
0.069028,-4.3925962
0.06903,-4.5312905
0.069032,-4.716216
0.069034,-4.8086786
0.069036,-4.9011416
0.069037996,-4.993604
0.06904,-4.993604
0.069042,-5.0398355
0.069044,-4.993604
0.069046,-4.947373
0.069048,-4.85491
0.06905,-4.7624474
0.069052,-4.623753
0.069054,-4.4850593
0.069056,-4.3001337
0.069058,-4.115208
0.06906,-3.8840513
0.069062,-3.6066632
0.069064,-3.329275
0.069066,-3.0518866
0.069068,-2.728267
0.06907,-2.4046474
0.069072,-2.0347965
0.069074,-1.7111769
0.069076,-1.3413262
0.069078,-0.9714751
0.06908,-0.601624
0.069082,-0.2317729
0.069083996,0.184309
0.069086,0.5541601
0.069088,0.92401123
0.06909,1.2938623
0.069092,1.6637135
0.069094,1.9873328
0.069096,2.357184
0.069098,2.6808028
0.0691,3.0044227
0.069102,3.2818112
0.069104,3.5591989
0.069106,3.8365874
0.069108,4.0677447
0.06911,4.298901
0.069112,4.437596
0.069114,4.622521
0.069116,4.7612157
0.069118,4.8536773
0.06912,4.946141
0.069122,4.992371
0.069124,5.0386033
0.069126,5.0386033
0.069128,4.992371
0.06913,4.946141
0.069132,4.8536773
0.069134,4.7149835
0.069136,4.5762897
0.069138,4.437596
0.06914,4.252671
0.069142,4.0215135
0.069144,3.7903562
0.069146,3.5129685
0.069148,3.23558
0.06915,2.9581914
0.069152,2.6345725
0.069154,2.2647214
0.069156,1.9411016
0.069158,1.5712504
0.06916,1.2476311
0.069161996,0.87777996
0.069164,0.50792885
0.069166,0.091846466
0.069168,-0.27800417
0.06917,-0.6478553
0.069172,-1.0177064
0.069174,-1.387557
0.069176,-1.7574081
0.069178,-2.081028
0.06918,-2.4508786
0.069182,-2.7744985
0.069184,-3.098118
0.069186,-3.3755062
0.069188,-3.6528945
0.06919,-3.8840513
0.069192,-4.115208
0.069194,-4.346365
0.069196,-4.4850593
0.069198,-4.669985
0.0692,-4.7624474
0.069202,-4.9011416
0.069204,-4.947373
0.069206,-4.993604
0.069207996,-5.0398355
0.06921,-4.993604
0.069212,-4.947373
0.069214,-4.9011416
0.069216,-4.8086786
0.069218,-4.669985
0.06922,-4.5312905
0.069222,-4.3925962
0.069224,-4.1614394
0.069226,-3.9302826
0.069228,-3.6991258
0.06923,-3.4217377
0.069232,-3.1443493
0.069234,-2.8207297
0.069236,-2.4971101
0.069238,-2.1734905
0.06924,-1.8036394
0.069242,-1.48002
0.069244,-1.1101689
0.069246,-0.7403178
0.069248,-0.3704667
0.06925,0.045615196
0.069252,0.4154663
0.069254,0.7853174
0.069256,1.1551685
0.069258,1.5250192
0.06926,1.8948698
0.069262,2.2184901
0.069264,2.542109
0.069266,2.8657289
0.069268,3.1893477
0.06927,3.4667363
0.069272,3.744125
0.069274,3.9752812
0.069276,4.2064385
0.069278,4.437596
0.06928,4.5762897
0.069282,4.7149835
0.069284,4.807446
0.069285996,4.8999095
0.069288,4.992371
0.06929,5.0386033
0.069292,5.0386033
0.069294,4.992371
0.069296,4.946141
0.069298,4.8999095
0.0693,4.7612157
0.069302,4.622521
0.069304,4.483826
0.069306,4.298901
0.069308,4.113976
0.06931,3.8828197
0.069312,3.605431
0.069314,3.3280425
0.069316,3.050654
0.069318,2.727035
0.06932,2.4034152
0.069322,2.033564
0.069324,1.7099442
0.069326,1.3400936
0.069328,0.970243
0.06933,0.60039186
0.069331996,0.23054075
0.069334,-0.13931036
0.069336,-0.55539227
0.069338,-0.9252434
0.06934,-1.2950945
0.069342,-1.6187139
0.069344,-1.9885652
0.069346,-2.3121846
0.069348,-2.6358042
0.06935,-2.9594238
0.069352,-3.2830436
0.069354,-3.5604317
0.069356,-3.8378198
0.069358,-4.068977
0.06936,-4.2539024
0.069362,-4.4388275
0.069364,-4.623753
0.069366,-4.7624474
0.069368,-4.85491
0.06937,-4.947373
0.069372,-4.993604
0.069374,-5.0398355
0.069376,-4.993604
0.069378,-4.993604
0.06938,-4.947373
0.069382,-4.85491
0.069384,-4.716216
0.069386,-4.577522
0.069388,-4.4388275
0.06939,-4.2539024
0.069392,-4.022745
0.069394,-3.7915885
0.069396,-3.5142004
0.069398,-3.236812
0.0694,-2.9131925
0.069402,-2.6358042
0.069404,-2.2659533
0.069406,-1.9423337
0.069408,-1.5724826
0.069409996,-1.2488632
0.069412,-0.83278084
0.069414,-0.46292973
0.069416,-0.09307861
0.069418,0.27677202
0.06942,0.6928544
0.069422,1.0627055
0.069424,1.4325566
0.069426,1.756176
0.069428,2.126027
0.06943,2.4496465
0.069432,2.7732663
0.069434,3.0968862
0.069436,3.3742738
0.069438,3.6516623
0.06944,3.92905
0.069442,4.1602073
0.069444,4.3451324
0.069446,4.483826
0.069448,4.668752
0.06945,4.807446
0.069452,4.8999095
0.069454,4.992371
0.069455996,5.0386033
0.069458,5.0386033
0.06946,5.0386033
0.069462,4.992371
0.069464,4.8999095
0.069466,4.807446
0.069468,4.668752
0.06947,4.5300584
0.069472,4.3913646
0.069474,4.1602073
0.069476,3.92905
0.069478,3.6978936
0.06948,3.420505
0.069482,3.1431174
0.069484,2.8194976
0.069486,2.4958777
0.069488,2.172258
0.06949,1.8024073
0.069492,1.4787879
0.069494,1.1089368
0.069496,0.7390857
0.069498,0.36923456
0.0695,-0.046847343
0.069502,-0.41669846
0.069504,-0.78654957
0.069506,-1.1564007
0.069508,-1.48002
0.06951,-1.8498712
0.069512,-2.2197218
0.069514,-2.5433414
0.069516,-2.866961
0.069518,-3.1905808
0.06952,-3.467969
0.069522,-3.745357
0.069524,-3.976514
0.069526,-4.2076707
0.069528,-4.3925962
0.06953,-4.5312905
0.069532,-4.716216
0.069534,-4.8086786
0.069536,-4.9011416
0.069538,-4.993604
0.06954,-4.993604
0.069542,-5.0398355
0.069544,-4.993604
0.069546,-4.947373
0.069548,-4.85491
0.06955,-4.7624474
0.069552,-4.623753
0.069554,-4.4850593
0.069556,-4.3001337
0.069558,-4.115208
0.06956,-3.8840513
0.069562,-3.6066632
0.069564,-3.329275
0.069566,-3.0518866
0.069568,-2.728267
0.06957,-2.4046474
0.069572,-2.0347965
0.069574,-1.7111769
0.069576,-1.3413262
0.069578,-0.9714751
0.069579996,-0.601624
0.069582,-0.2317729
0.069584,0.184309
0.069586,0.5541601
0.069588,0.92401123
0.06959,1.2938623
0.069592,1.6637135
0.069594,1.9873328
0.069596,2.357184
0.069598,2.6808028
0.0696,3.0044227
0.069602,3.2818112
0.069604,3.5591989
0.069606,3.8365874
0.069608,4.0677447
0.06961,4.298901
0.069612,4.437596
0.069614,4.622521
0.069616,4.7612157
0.069618,4.8536773
0.06962,4.946141
0.069622,4.992371
0.069624,5.0386033
0.069626,5.0386033
0.069628,4.992371
0.06963,4.946141
0.069632,4.8536773
0.069634,4.7149835
0.069636,4.5762897
0.069638,4.437596
0.06964,4.252671
0.069642,4.0215135
0.069644,3.7903562
0.069646,3.5129685
0.069648,3.23558
0.06965,2.9581914
0.069652,2.6345725
0.069654,2.2647214
0.069656,1.9411016
0.069658,1.5712504
0.06966,1.2476311
0.069662,0.87777996
0.069664,0.50792885
0.069666,0.091846466
0.069668,-0.27800417
0.06967,-0.6478553
0.069672,-1.0177064
0.069674,-1.387557
0.069676,-1.7574081
0.069678,-2.081028
0.06968,-2.4508786
0.069682,-2.7744985
0.069684,-3.098118
0.069686,-3.3755062
0.069688,-3.6528945
0.06969,-3.8840513
0.069692,-4.115208
0.069694,-4.346365
0.069696,-4.4850593
0.069698,-4.669985
0.0697,-4.7624474
0.069702,-4.9011416
0.069703996,-4.947373
0.069706,-4.993604
0.069708,-5.0398355
0.06971,-4.993604
0.069712,-4.947373
0.069714,-4.9011416
0.069716,-4.8086786
0.069718,-4.669985
0.06972,-4.5312905
0.069722,-4.3925962
0.069724,-4.1614394
0.069726,-3.9302826
0.069728,-3.6991258
0.06973,-3.4217377
0.069732,-3.1443493
0.069734,-2.8207297
0.069736,-2.4971101
0.069738,-2.1734905
0.06974,-1.8036394
0.069742,-1.48002
0.069744,-1.1101689
0.069746,-0.7403178
0.069748,-0.3704667
0.06975,0.3230033
0.069752,1.8948698
0.069754,3.3742738
0.069756,4.3913646
0.069758,4.8536773
0.06976,4.7149835
0.069762,4.0677447
0.069764,2.8657289
0.069766,1.3400936
0.069768,-0.41669846
0.06977,-2.0347965
0.069772,-3.467969
0.069774,-4.4850593
0.069776,-4.9011416
0.069778,-4.7624474
0.06978,-4.022745
0.069782,-2.8207297
0.069784,-1.2488632
0.069786,0.50792885
0.069788,2.172258
0.06979,3.5591989
0.069792,4.483826
0.069794,4.8999095
0.069796,4.7149835
0.069798,3.92905
0.0698,2.6808028
0.069802,1.1089368
0.069804,-0.6478553
0.069806,-2.2197218
0.069808,-3.6528945
0.06981,-4.5312905
0.069812,-4.9011416
0.069814,-4.669985
0.069816,-3.8840513
0.069818,-2.589573
0.06982,-0.9714751
0.069822,0.7853174
0.069824,2.4034152
0.069826,3.744125
0.069827996,4.622521
0.06983,4.8999095
0.069832,4.622521
0.069834,3.7903562
0.069836,2.4496465
0.069838,0.87777996
0.06984,-0.8790121
0.069842,-2.4508786
0.069844,-3.7915885
0.069846,-4.623753
0.069848,-4.9011416
0.06985,-4.577522
0.069852,-3.6991258
0.069854,-2.3584158
0.069856,-0.7403178
0.069858,1.0164738
0.06986,2.6345725
0.069862,3.92905
0.069864,4.668752
0.069866,4.8999095
0.069868,4.5300584
0.06987,3.605431
0.069872,2.2184901
0.069874,0.60039186
0.069876,-1.1101689
0.069878,-2.6820357
0.06988,-3.976514
0.069882,-4.716216
0.069884,-4.9011416
0.069886,-4.4850593
0.069888,-3.5604317
0.06989,-2.1734905
0.069892,-0.46292973
0.069894,1.2476311
0.069896,2.8194976
0.069898,4.0677447
0.0699,4.7612157
0.069902,4.8999095
0.069904,4.437596
0.069906,3.4667363
0.069908,2.033564
0.06991,0.36923456
0.069912,-1.3413262
0.069914,-2.866961
0.069916,-4.115208
0.069918,-4.7624474
0.06992,-4.85491
0.069922,-4.3925962
0.069924,-3.3755062
0.069926,-1.9423337
0.069928,-0.2317729
0.06993,1.4787879
0.069932,3.0044227
0.069934,4.2064385
0.069936,4.807446
0.069938,4.8536773
0.06994,4.3451324
0.069942,3.2818112
0.069944,1.8024073
0.069946,0.13807821
0.069948,-1.5724826
0.06995,-3.098118
0.069951996,-4.2539024
0.069954,-4.85491
0.069956,-4.85491
0.069958,-4.3001337
0.06996,-3.1905808
0.069962,-1.6649456
0.069964,0.045615196
0.069966,1.7099442
0.069968,3.23558
0.06997,4.3451324
0.069972,4.8536773
0.069974,4.807446
0.069976,4.2064385
0.069978,3.0968862
0.06998,1.5712504
0.069982,-0.13931036
0.069984,-1.8036394
0.069986,-3.2830436
0.069988,-4.346365
0.06999,-4.85491
0.069992,-4.8086786
0.069994,-4.1614394
0.069996,-3.0056553
0.069998,-1.48002
0.07,0.27677202
0.070002,1.9411016
0.070004,3.420505
0.070006,4.437596
0.070008,4.8999095
0.07001,4.7612157
0.070012,4.0677447
0.070014,2.8657289
0.070016,1.3400936
0.070018,-0.3704667
0.07002,-2.0347965
0.070022,-3.467969
0.070024,-4.4388275
0.070026,-4.9011416
0.070028,-4.716216
0.07003,-4.022745
0.070032,-2.8207297
0.070034,-1.2488632
0.070036,0.50792885
0.070038,2.172258
0.07004,3.605431
0.070042,4.5300584
0.070044,4.8999095
0.070046,4.7149835
0.070048,3.92905
0.07005,2.6808028
0.070052,1.1089368
0.070054,-0.601624
0.070056,-2.2197218
0.070058,-3.6528945
0.07006,-4.5312905
0.070062,-4.9011416
0.070064,-4.669985
0.070066,-3.8840513
0.070068,-2.589573
0.07007,-0.9714751
0.070072,0.7853174
0.070074,2.4034152
0.070075996,3.744125
0.070078,4.622521
0.07008,4.8999095
0.070082,4.622521
0.070084,3.7903562
0.070086,2.4496465
0.070088,0.87777996
0.07009,-0.8790121
0.070092,-2.4508786
0.070094,-3.7915885
0.070096,-4.623753
0.070098,-4.9011416
0.0701,-4.577522
0.070102,-3.6991258
0.070104,-2.3584158
0.070106,-0.7403178
0.070108,1.0164738
0.07011,2.6345725
0.070112,3.92905
0.070114,4.668752
0.070116,4.8999095
0.070118,4.5300584
0.07012,3.605431
0.070121996,2.2184901
0.070124,0.60039186
0.070126,-1.1101689
0.070128,-2.6820357
0.07013,-3.976514
0.070132,-4.716216
0.070134,-4.9011416
0.070136,-4.4850593
0.070138,-3.5604317
0.07014,-2.1734905
0.070142,-0.46292973
0.070144,1.2476311
0.070146,2.8194976
0.070148,4.0677447
0.07015,4.7612157
0.070152,4.8999095
0.070154,4.437596
0.070156,3.4667363
0.070158,2.033564
0.07016,0.36923456
0.070162,-1.3413262
0.070164,-2.866961
0.070166,-4.115208
0.070168,-4.7624474
0.07017,-4.85491
0.070172,-4.3925962
0.070174,-3.3755062
0.070176,-1.9423337
0.070178,-0.2317729
0.07018,1.4787879
0.070182,3.0044227
0.070184,4.2064385
0.070186,4.807446
0.070188,4.8536773
0.07019,4.3451324
0.070192,3.2818112
0.070194,1.8024073
0.070196,0.13807821
0.070198,-1.5724826
0.070199996,-3.098118
0.070202,-4.2539024
0.070204,-4.8086786
0.070206,-4.85491
0.070208,-4.3001337
0.07021,-3.1905808
0.070212,-1.6649456
0.070214,0.045615196
0.070216,1.7099442
0.070218,3.23558
0.07022,4.3451324
0.070222,4.8536773
0.070224,4.807446
0.070226,4.2064385
0.070228,3.0968862
0.07023,1.5712504
0.070232,-0.13931036
0.070234,-1.8036394
0.070236,-3.2830436
0.070238,-4.346365
0.07024,-4.85491
0.070242,-4.8086786
0.070244,-4.1614394
0.070245996,-3.0056553
0.070248,-1.48002
0.07025,0.27677202
0.070252,1.9411016
0.070254,3.420505
0.070256,4.437596
0.070258,4.8999095
0.07026,4.7612157
0.070262,4.0677447
0.070264,2.8657289
0.070266,1.3400936
0.070268,-0.3704667
0.07027,-2.0347965
0.070272,-3.467969
0.070274,-4.4388275
0.070276,-4.9011416
0.070278,-4.716216
0.07028,-4.022745
0.070282,-2.8207297
0.070284,-1.2488632
0.070286,0.50792885
0.070288,2.172258
0.07029,3.605431
0.070292,4.5300584
0.070294,4.8999095
0.070296,4.7149835
0.070298,3.92905
0.0703,2.6808028
0.070302,1.1089368
0.070304,-0.6478553
0.070306,-2.2197218
0.070308,-3.6528945
0.07031,-4.5312905
0.070312,-4.9011416
0.070314,-4.669985
0.070316,-3.8840513
0.070318,-2.589573
0.07032,-0.9714751
0.070322,0.7853174
0.070323996,2.4034152
0.070326,3.744125
0.070328,4.622521
0.07033,4.8999095
0.070332,4.622521
0.070334,3.7903562
0.070336,2.4496465
0.070338,0.87777996
0.07034,-0.8790121
0.070342,-2.4508786
0.070344,-3.7915885
0.070346,-4.623753
0.070348,-4.9011416
0.07035,-4.577522
0.070352,-3.6991258
0.070354,-2.3584158
0.070356,-0.7403178
0.070358,1.0164738
0.07036,2.6345725
0.070362,3.92905
0.070364,4.668752
0.070366,4.8999095
0.070368,4.5300584
0.070369996,3.605431
0.070372,2.2184901
0.070374,0.60039186
0.070376,-1.1101689
0.070378,-2.6820357
0.07038,-3.976514
0.070382,-4.716216
0.070384,-4.9011416
0.070386,-4.4850593
0.070388,-3.5604317
0.07039,-2.1734905
0.070392,-0.46292973
0.070394,1.2476311
0.070396,2.8194976
0.070398,4.0677447
0.0704,4.7612157
0.070402,4.8999095
0.070404,4.437596
0.070406,3.4667363
0.070408,2.033564
0.07041,0.36923456
0.070412,-1.3413262
0.070414,-2.866961
0.070416,-4.115208
0.070418,-4.7624474
0.07042,-4.9011416
0.070422,-4.3925962
0.070424,-3.3755062
0.070426,-1.9423337
0.070428,-0.2317729
0.07043,1.4787879
0.070432,3.0044227
0.070434,4.2064385
0.070436,4.807446
0.070438,4.8536773
0.07044,4.3451324
0.070442,3.2818112
0.070444,1.8024073
0.070446,0.13807821
0.070447996,-1.5724826
0.07045,-3.098118
0.070452,-4.2539024
0.070454,-4.8086786
0.070456,-4.85491
0.070458,-4.3001337
0.07046,-3.1905808
0.070462,-1.6649456
0.070464,0.045615196
0.070466,1.7099442
0.070468,3.23558
0.07047,4.298901
0.070472,4.8536773
0.070474,4.807446
0.070476,4.2064385
0.070478,3.050654
0.07048,1.5712504
0.070482,-0.13931036
0.070484,-1.8036394
0.070486,-3.2830436
0.070488,-4.346365
0.07049,-4.85491
0.070492,-4.8086786
0.070493996,-4.1614394
0.070496,-3.0056553
0.070498,-1.48002
0.0705,0.27677202
0.070502,1.9411016
0.070504,3.420505
0.070506,4.437596
0.070508,4.8999095
0.07051,4.7612157
0.070512,4.0677447
0.070514,2.8657289
0.070516,1.3400936
0.070518,-0.3704667
0.07052,-2.0347965
0.070522,-3.467969
0.070524,-4.4388275
0.070526,-4.9011416
0.070528,-4.716216
0.07053,-4.022745
0.070532,-2.8207297
0.070534,-1.2488632
0.070536,0.50792885
0.070538,2.172258
0.07054,3.605431
0.070542,4.5300584
0.070544,4.8999095
0.070546,4.7149835
0.070548,3.92905
0.07055,2.6808028
0.070552,1.1089368
0.070554,-0.6478553
0.070556,-2.2197218
0.070558,-3.6528945
0.07056,-4.5312905
0.070562,-4.9011416
0.070564,-4.669985
0.070566,-3.8840513
0.070568,-2.589573
0.07057,-0.9714751
0.070571996,0.7853174
0.070574,2.4034152
0.070576,3.744125
0.070578,4.622521
0.07058,4.946141
0.070582,4.622521
0.070584,3.7903562
0.070586,2.4496465
0.070588,0.87777996
0.07059,-0.8790121
0.070592,-2.4508786
0.070594,-3.7915885
0.070596,-4.623753
0.070598,-4.9011416
0.0706,-4.577522
0.070602,-3.6991258
0.070604,-2.3584158
0.070606,-0.7403178
0.070608,1.0164738
0.07061,2.6345725
0.070612,3.92905
0.070614,4.668752
0.070616,4.8999095
0.070617996,4.5300584
0.07062,3.605431
0.070622,2.2184901
0.070624,0.60039186
0.070626,-1.1101689
0.070628,-2.6820357
0.07063,-3.976514
0.070632,-4.716216
0.070634,-4.9011416
0.070636,-4.4850593
0.070638,-3.5604317
0.07064,-2.1734905
0.070642,-0.46292973
0.070644,1.2476311
0.070646,2.8194976
0.070648,4.0677447
0.07065,4.7612157
0.070652,4.8999095
0.070654,4.437596
0.070656,3.4667363
0.070658,2.033564
0.07066,0.36923456
0.070662,-1.3413262
0.070664,-2.866961
0.070666,-4.115208
0.070668,-4.7624474
0.07067,-4.9011416
0.070672,-4.3925962
0.070674,-3.3755062
0.070676,-1.9423337
0.070678,-0.2317729
0.07068,1.4787879
0.070682,3.0044227
0.070684,4.2064385
0.070686,4.807446
0.070688,4.8536773
0.07069,4.3451324
0.070692,3.2818112
0.070694,1.8024073
0.070696,0.13807821
0.070698,-1.5724826
0.0707,-3.098118
0.070702,-4.2539024
0.070704,-4.85491
0.070706,-4.85491
0.070708,-4.3001337
0.07071,-3.1905808
0.070712,-1.6649456
0.070714,0.045615196
0.070716,1.7099442
0.070718,3.23558
0.07072,4.3451324
0.070722,4.8536773
0.070724,4.807446
0.070726,4.2064385
0.070728,3.050654
0.07073,1.5712504
0.070732,-0.13931036
0.070734,-1.8036394
0.070736,-3.2830436
0.070738,-4.346365
0.07074,-4.85491
0.070741996,-4.8086786
0.070744,-4.1614394
0.070746,-3.0056553
0.070748,-1.48002
0.07075,-6.160736E-4
0.070752,0.46169758
0.070754,0.8315482
0.070756,1.2013993
0.070758,1.5712504
0.07076,1.8948698
0.070762,2.2647214
0.070764,2.5883412
0.070766,2.9119601
0.070768,3.23558
0.07077,3.5129685
0.070772,3.7903562
0.070774,4.0215135
0.070776,4.252671
0.070778,4.437596
0.07078,4.5762897
0.070782,4.7149835
0.070784,4.8536773
0.070786,4.946141
0.070788,4.992371
0.07079,5.0386033
0.070792,5.0386033
0.070794,5.0386033
0.070796,4.946141
0.070798,4.8999095
0.0708,4.7612157
0.070802,4.622521
0.070804,4.483826
0.070806,4.298901
0.070808,4.113976
0.07081,3.8828197
0.070812,3.605431
0.070814,3.3280425
0.070816,3.050654
0.070818,2.727035
0.07082,2.4034152
0.070822,2.0797954
0.070824,1.7099442
0.070826,1.3400936
0.070828,0.970243
0.07083,0.60039186
0.070832,0.23054075
0.070834,-0.13931036
0.070836,-0.55539227
0.070838,-0.9252434
0.07084,-1.2950945
0.070842,-1.6187139
0.070844,-1.9885652
0.070846,-2.3121846
0.070848,-2.6358042
0.07085,-2.9594238
0.070852,-3.2830436
0.070854,-3.5604317
0.070856,-3.8378198
0.070858,-4.068977
0.07086,-4.2539024
0.070862,-4.4388275
0.070864,-4.623753
0.070865996,-4.7624474
0.070868,-4.85491
0.07087,-4.947373
0.070872,-4.993604
0.070874,-5.0398355
0.070876,-4.993604
0.070878,-4.993604
0.07088,-4.947373
0.070882,-4.85491
0.070884,-4.716216
0.070886,-4.577522
0.070888,-4.4388275
0.07089,-4.2539024
0.070892,-4.022745
0.070894,-3.7915885
0.070896,-3.5142004
0.070898,-3.236812
0.0709,-2.9131925
0.070902,-2.6358042
0.070904,-2.2659533
0.070906,-1.9423337
0.070908,-1.5724826
0.07091,-1.2488632
0.070912,-0.83278084
0.070914,-0.46292973
0.070916,-0.09307861
0.070918,0.27677202
0.07092,0.6928544
0.070922,1.0627055
0.070924,1.4325566
0.070926,1.756176
0.070928,2.126027
0.07093,2.4496465
0.070932,2.7732663
0.070934,3.0968862
0.070936,3.3742738
0.070938,3.6516623
0.07094,3.92905
0.070942,4.1602073
0.070944,4.3451324
0.070946,4.483826
0.070948,4.668752
0.07095,4.807446
0.070952,4.8999095
0.070954,4.992371
0.070956,4.992371
0.070958,5.0386033
0.07096,5.0386033
0.070962,4.992371
0.070964,4.8999095
0.070966,4.807446
0.070968,4.668752
0.07097,4.5300584
0.070972,4.3913646
0.070974,4.1602073
0.070976,3.9752812
0.070978,3.6978936
0.07098,3.420505
0.070982,3.1431174
0.070984,2.8194976
0.070986,2.4958777
0.070988,2.172258
0.070989996,1.8024073
0.070992,1.4787879
0.070994,1.1089368
0.070996,0.7390857
0.070998,0.36923456
0.071,-0.046847343
0.071002,-0.41669846
0.071004,-0.78654957
0.071006,-1.1564007
0.071008,-1.48002
0.07101,-1.8498712
0.071012,-2.2197218
0.071014,-2.5433414
0.071016,-2.866961
0.071018,-3.1905808
0.07102,-3.467969
0.071022,-3.745357
0.071024,-3.976514
0.071026,-4.2076707
0.071028,-4.3925962
0.07103,-4.5312905
0.071032,-4.716216
0.071034,-4.8086786
0.071036,-4.9011416
0.071038,-4.993604
0.07104,-4.993604
0.071042,-5.0398355
0.071044,-4.993604
0.071046,-4.947373
0.071048,-4.85491
0.07105,-4.7624474
0.071052,-4.623753
0.071054,-4.4850593
0.071056,-4.3001337
0.071058,-4.115208
0.07106,-3.8840513
0.071062,-3.6066632
0.071064,-3.329275
0.071066,-3.0518866
0.071068,-2.728267
0.07107,-2.4046474
0.071072,-2.0347965
0.071074,-1.7111769
0.071076,-1.3413262
0.071078,-0.9714751
0.07108,-0.601624
0.071082,-0.2317729
0.071084,0.184309
0.071086,0.5541601
0.071088,0.92401123
0.07109,1.2938623
0.071092,1.6637135
0.071094,1.9873328
0.071096,2.357184
0.071098,2.6808028
0.0711,3.0044227
0.071102,3.2818112
0.071104,3.5591989
0.071106,3.8365874
0.071108,4.0677447
0.07111,4.298901
0.071112,4.437596
0.071113996,4.622521
0.071116,4.7612157
0.071118,4.8536773
0.07112,4.946141
0.071122,4.992371
0.071124,5.0386033
0.071126,5.0386033
0.071128,4.992371
0.07113,4.946141
0.071132,4.8536773
0.071134,4.7149835
0.071136,4.5762897
0.071138,4.437596
0.07114,4.252671
0.071142,4.0215135
0.071144,3.7903562
0.071146,3.5129685
0.071148,3.23558
0.07115,2.9581914
0.071152,2.6345725
0.071154,2.2647214
0.071156,1.9411016
0.071158,1.5712504
0.07116,1.2476311
0.071162,0.87777996
0.071164,0.50792885
0.071166,0.091846466
0.071168,-0.27800417
0.07117,-0.6478553
0.071172,-1.0177064
0.071174,-1.387557
0.071176,-1.7574081
0.071178,-2.081028
0.07118,-2.4508786
0.071182,-2.7744985
0.071184,-3.098118
0.071186,-3.3755062
0.071188,-3.6528945
0.07119,-3.8840513
0.071192,-4.115208
0.071194,-4.346365
0.071196,-4.4850593
0.071198,-4.669985
0.0712,-4.7624474
0.071202,-4.9011416
0.071204,-4.947373
0.071206,-4.993604
0.071208,-5.0398355
0.07121,-4.993604
0.071212,-4.947373
0.071214,-4.9011416
0.071216,-4.8086786
0.071218,-4.669985
0.07122,-4.5312905
0.071222,-4.3925962
0.071224,-4.1614394
0.071226,-3.9302826
0.071228,-3.6991258
0.07123,-3.4217377
0.071232,-3.1443493
0.071234,-2.8207297
0.071236,-2.4971101
0.071237996,-2.1734905
0.07124,-1.8036394
0.071242,-1.48002
0.071244,-1.1101689
0.071246,-0.7403178
0.071248,-0.32423592
0.07125,0.045615196
0.071252,0.4154663
0.071254,0.7853174
0.071256,1.1551685
0.071258,1.5250192
0.07126,1.8948698
0.071262,2.2184901
0.071264,2.5883412
0.071266,2.9119601
0.071268,3.1893477
0.07127,3.4667363
0.071272,3.744125
0.071274,3.9752812
0.071276,4.2064385
0.071278,4.3913646
0.07128,4.5762897
0.071282,4.7149835
0.071283996,4.807446
0.071286,4.8999095
0.071288,4.992371
0.07129,5.0386033
0.071292,5.0386033
0.071294,4.992371
0.071296,4.946141
0.071298,4.8999095
0.0713,4.7612157
0.071302,4.622521
0.071304,4.483826
0.071306,4.298901
0.071308,4.113976
0.07131,3.8828197
0.071312,3.605431
0.071314,3.3280425
0.071316,3.050654
0.071318,2.727035
0.07132,2.4034152
0.071322,2.033564
0.071324,1.7099442
0.071326,1.3400936
0.071328,0.970243
0.07133,0.60039186
0.071332,0.23054075
0.071334,-0.13931036
0.071336,-0.55539227
0.071338,-0.9252434
0.07134,-1.2950945
0.071342,-1.6187139
0.071344,-1.9885652
0.071346,-2.3121846
0.071348,-2.6358042
0.07135,-2.9594238
0.071352,-3.2830436
0.071354,-3.5604317
0.071356,-3.8378198
0.071358,-4.068977
0.07136,-4.2539024
0.071361996,-4.4388275
0.071364,-4.623753
0.071366,-4.7624474
0.071368,-4.85491
0.07137,-4.947373
0.071372,-4.993604
0.071374,-5.0398355
0.071376,-4.993604
0.071378,-4.993604
0.07138,-4.947373
0.071382,-4.85491
0.071384,-4.716216
0.071386,-4.577522
0.071388,-4.4388275
0.07139,-4.2539024
0.071392,-4.022745
0.071394,-3.7915885
0.071396,-3.5142004
0.071398,-3.236812
0.0714,-2.9594238
0.071402,-2.6358042
0.071404,-2.2659533
0.071406,-1.9423337
0.071407996,-1.5724826
0.07141,-1.2488632
0.071412,-0.83278084
0.071414,-0.46292973
0.071416,-0.09307861
0.071418,0.27677202
0.07142,0.6928544
0.071422,1.0627055
0.071424,1.4325566
0.071426,1.756176
0.071428,2.126027
0.07143,2.4496465
0.071432,2.7732663
0.071434,3.0968862
0.071436,3.3742738
0.071438,3.6516623
0.07144,3.92905
0.071442,4.1602073
0.071444,4.3451324
0.071446,4.483826
0.071448,4.668752
0.07145,4.807446
0.071452,4.8999095
0.071454,4.992371
0.071456,4.992371
0.071458,5.0386033
0.07146,5.0386033
0.071462,4.992371
0.071464,4.8999095
0.071466,4.807446
0.071468,4.668752
0.07147,4.5300584
0.071472,4.3913646
0.071474,4.1602073
0.071476,3.92905
0.071478,3.6978936
0.07148,3.420505
0.071482,3.1431174
0.071484,2.8194976
0.071485996,2.4958777
0.071488,2.172258
0.07149,1.8024073
0.071492,1.4787879
0.071494,1.1089368
0.071496,0.7390857
0.071498,0.36923456
0.0715,-0.046847343
0.071502,-0.41669846
0.071504,-0.78654957
0.071506,-1.1564007
0.071508,-1.5262513
0.07151,-1.8498712
0.071512,-2.2197218
0.071514,-2.5433414
0.071516,-2.866961
0.071518,-3.1905808
0.07152,-3.467969
0.071522,-3.745357
0.071524,-3.976514
0.071526,-4.2076707
0.071528,-4.3925962
0.07153,-4.5312905
0.071531996,-4.716216
0.071534,-4.8086786
0.071536,-4.9011416
0.071538,-4.993604
0.07154,-4.993604
0.071542,-5.0398355
0.071544,-4.993604
0.071546,-4.947373
0.071548,-4.85491
0.07155,-4.7624474
0.071552,-4.623753
0.071554,-4.4850593
0.071556,-4.3001337
0.071558,-4.115208
0.07156,-3.8840513
0.071562,-3.6066632
0.071564,-3.329275
0.071566,-3.0518866
0.071568,-2.728267
0.07157,-2.4046474
0.071572,-2.0347965
0.071574,-1.7111769
0.071576,-1.3413262
0.071578,-0.9714751
0.07158,-0.601624
0.071582,-0.2317729
0.071584,0.184309
0.071586,0.5541601
0.071588,0.92401123
0.07159,1.2938623
0.071592,1.6637135
0.071594,1.9873328
0.071596,2.357184
0.071598,2.6808028
0.0716,3.0044227
0.071602,3.2818112
0.071604,3.5591989
0.071606,3.8365874
0.071608,4.0677447
0.071609996,4.298901
0.071612,4.437596
0.071614,4.622521
0.071616,4.7612157
0.071618,4.8536773
0.07162,4.946141
0.071622,4.992371
0.071624,5.0386033
0.071626,5.0386033
0.071628,4.992371
0.07163,4.946141
0.071632,4.8536773
0.071634,4.7149835
0.071636,4.5762897
0.071638,4.437596
0.07164,4.252671
0.071642,4.0215135
0.071644,3.7903562
0.071646,3.5129685
0.071648,3.23558
0.07165,2.9581914
0.071652,2.6345725
0.071654,2.2647214
0.071655996,1.9411016
0.071658,1.5712504
0.07166,1.2476311
0.071662,0.87777996
0.071664,0.50792885
0.071666,0.091846466
0.071668,-0.27800417
0.07167,-0.6478553
0.071672,-1.0177064
0.071674,-1.387557
0.071676,-1.7574081
0.071678,-2.081028
0.07168,-2.4508786
0.071682,-2.7744985
0.071684,-3.098118
0.071686,-3.3755062
0.071688,-3.6528945
0.07169,-3.8840513
0.071692,-4.115208
0.071694,-4.346365
0.071696,-4.4850593
0.071698,-4.669985
0.0717,-4.7624474
0.071702,-4.9011416
0.071704,-4.947373
0.071706,-4.993604
0.071708,-5.0398355
0.07171,-4.993604
0.071712,-4.947373
0.071714,-4.9011416
0.071716,-4.8086786
0.071718,-4.669985
0.07172,-4.5312905
0.071722,-4.3925962
0.071724,-4.1614394
0.071726,-3.9302826
0.071728,-3.6991258
0.07173,-3.4217377
0.071732,-3.1443493
0.071733996,-2.8207297
0.071736,-2.4971101
0.071738,-2.1734905
0.07174,-1.8036394
0.071742,-1.48002
0.071744,-1.1101689
0.071746,-0.7403178
0.071748,-0.32423592
0.07175,0.3230033
0.071752,1.8948698
0.071754,3.3742738
0.071756,4.3913646
0.071758,4.8536773
0.07176,4.7149835
0.071762,4.0677447
0.071764,2.8194976
0.071766,1.2938623
0.071768,-0.41669846
0.07177,-2.0347965
0.071772,-3.5142004
0.071774,-4.4850593
0.071776,-4.9011416
0.071778,-4.7624474
0.071779996,-4.022745
0.071782,-2.8207297
0.071784,-1.2488632
0.071786,0.50792885
0.071788,2.172258
0.07179,3.5591989
0.071792,4.5300584
0.071794,4.8999095
0.071796,4.7149835
0.071798,3.92905
0.0718,2.6808028
0.071802,1.1089368
0.071804,-0.6478553
0.071806,-2.2659533
0.071808,-3.6528945
0.07181,-4.577522
0.071812,-4.9011416
0.071814,-4.669985
0.071816,-3.8840513
0.071818,-2.589573
0.07182,-0.9714751
0.071822,0.7853174
0.071824,2.4034152
0.071826,3.744125
0.071828,4.622521
0.07183,4.8999095
0.071832,4.622521
0.071834,3.7903562
0.071836,2.4496465
0.071838,0.8315482
0.07184,-0.8790121
0.071842,-2.4508786
0.071844,-3.7915885
0.071846,-4.623753
0.071848,-4.9011416
0.07185,-4.577522
0.071852,-3.6991258
0.071854,-2.3584158
0.071856,-0.7403178
0.071858,1.0164738
0.07186,2.6345725
0.071862,3.92905
0.071864,4.668752
0.071866,4.8999095
0.071868,4.5300584
0.07187,3.605431
0.071872,2.2184901
0.071874,0.60039186
0.071876,-1.1101689
0.071878,-2.6820357
0.07188,-3.976514
0.071882,-4.716216
0.071884,-4.9011416
0.071886,-4.4850593
0.071888,-3.5604317
0.07189,-2.1272593
0.071892,-0.46292973
0.071894,1.2476311
0.071896,2.8194976
0.071898,4.0677447
0.0719,4.7612157
0.071902,4.8999095
0.071903996,4.437596
0.071906,3.420505
0.071908,1.9873328
0.07191,0.36923456
0.071912,-1.3413262
0.071914,-2.866961
0.071916,-4.115208
0.071918,-4.7624474
0.07192,-4.85491
0.071922,-4.3925962
0.071924,-3.3755062
0.071926,-1.8961024
0.071928,-0.2317729
0.07193,1.4787879
0.071932,3.050654
0.071934,4.2064385
0.071936,4.807446
0.071938,4.8536773
0.07194,4.3451324
0.071942,3.2818112
0.071944,1.8024073
0.071946,0.091846466
0.071948,-1.5724826
0.07195,-3.098118
0.071952,-4.2539024
0.071954,-4.8086786
0.071956,-4.85491
0.071958,-4.3001337
0.07196,-3.1905808
0.071962,-1.6649456
0.071964,0.045615196
0.071966,1.7099442
0.071968,3.23558
0.07197,4.3451324
0.071972,4.8536773
0.071974,4.807446
0.071976,4.2064385
0.071978,3.050654
0.07198,1.5712504
0.071982,-0.13931036
0.071984,-1.8036394
0.071986,-3.2830436
0.071988,-4.3925962
0.07199,-4.85491
0.071992,-4.8086786
0.071994,-4.1614394
0.071996,-3.0056553
0.071998,-1.48002
0.072,0.27677202
0.072002,1.9411016
0.072004,3.420505
0.072006,4.437596
0.072008,4.8999095
0.07201,4.7612157
0.072012,4.0677447
0.072014,2.8657289
0.072016,1.3400936
0.072018,-0.3704667
0.07202,-2.0347965
0.072022,-3.467969
0.072024,-4.4388275
0.072026,-4.9011416
0.072027996,-4.716216
0.07203,-4.022745
0.072032,-2.7744985
0.072034,-1.202632
0.072036,0.5541601
0.072038,2.172258
0.07204,3.605431
0.072042,4.5300584
0.072044,4.8999095
0.072046,4.7149835
0.072048,3.92905
0.07205,2.6808028
0.072052,1.1089368
0.072054,-0.6478553
0.072056,-2.2659533
0.072058,-3.6528945
0.07206,-4.5312905
0.072062,-4.9011416
0.072064,-4.669985
0.072066,-3.8840513
0.072068,-2.589573
0.07207,-0.9714751
0.072072,0.7853174
0.072074,2.4034152
0.072076,3.744125
0.072078,4.622521
0.07208,4.8999095
0.072082,4.622521
0.072084,3.7903562
0.072086,2.4496465
0.072088,0.8315482
0.07209,-0.8790121
0.072092,-2.4508786
0.072094,-3.7915885
0.072096,-4.623753
0.072098,-4.9011416
0.0721,-4.577522
0.072102,-3.6991258
0.072104,-2.3584158
0.072106,-0.7403178
0.072108,1.0164738
0.07211,2.6345725
0.072112,3.92905
0.072114,4.668752
0.072116,4.8999095
0.072118,4.5300584
0.07212,3.605431
0.072122,2.2184901
0.072124,0.60039186
0.072126,-1.1101689
0.072128,-2.6820357
0.07213,-3.976514
0.072132,-4.716216
0.072134,-4.9011416
0.072136,-4.4850593
0.072138,-3.5604317
0.07214,-2.1272593
0.072142,-0.46292973
0.072144,1.2938623
0.072146,2.8194976
0.072148,4.0677447
0.07215,4.7612157
0.072151996,4.8999095
0.072154,4.437596
0.072156,3.420505
0.072158,1.9873328
0.07216,0.36923456
0.072162,-1.3413262
0.072164,-2.866961
0.072166,-4.115208
0.072168,-4.7624474
0.07217,-4.85491
0.072172,-4.3925962
0.072174,-3.3755062
0.072176,-1.8961024
0.072178,-0.2317729
0.07218,1.4787879
0.072182,3.050654
0.072184,4.2064385
0.072186,4.807446
0.072188,4.8536773
0.07219,4.3451324
0.072192,3.2818112
0.072194,1.8024073
0.072196,0.091846466
0.072198,-1.5724826
0.0722,-3.098118
0.072202,-4.2539024
0.072204,-4.85491
0.072206,-4.85491
0.072208,-4.3001337
0.07221,-3.1905808
0.072212,-1.6649456
0.072214,0.045615196
0.072216,1.7099442
0.072218,3.23558
0.07222,4.3451324
0.072222,4.8536773
0.072224,4.807446
0.072226,4.2064385
0.072228,3.050654
0.07223,1.5250192
0.072232,-0.13931036
0.072234,-1.8036394
0.072236,-3.2830436
0.072238,-4.3925962
0.07224,-4.85491
0.072242,-4.8086786
0.072244,-4.1614394
0.072246,-3.0056553
0.072248,-1.48002
0.07225,0.27677202
0.072252,1.9411016
0.072254,3.420505
0.072256,4.437596
0.072258,4.8999095
0.07226,4.7612157
0.072262,4.0677447
0.072264,2.8657289
0.072266,1.3400936
0.072268,-0.3704667
0.07227,-2.0347965
0.072272,-3.467969
0.072274,-4.4388275
0.072275996,-4.9011416
0.072278,-4.716216
0.07228,-4.022745
0.072282,-2.7744985
0.072284,-1.202632
0.072286,0.5541601
0.072288,2.172258
0.07229,3.605431
0.072292,4.5300584
0.072294,4.8999095
0.072296,4.7149835
0.072298,3.92905
0.0723,2.6808028
0.072302,1.1089368
0.072304,-0.6478553
0.072306,-2.2659533
0.072308,-3.6528945
0.07231,-4.5312905
0.072312,-4.9011416
0.072314,-4.669985
0.072316,-3.8840513
0.072318,-2.589573
0.07232,-0.9714751
0.072321996,0.7853174
0.072324,2.4034152
0.072326,3.744125
0.072328,4.622521
0.07233,4.8999095
0.072332,4.622521
0.072334,3.7903562
0.072336,2.4496465
0.072338,0.8315482
0.07234,-0.8790121
0.072342,-2.4508786
0.072344,-3.7915885
0.072346,-4.623753
0.072348,-4.9011416
0.07235,-4.577522
0.072352,-3.6991258
0.072354,-2.3584158
0.072356,-0.7403178
0.072358,1.0164738
0.07236,2.6345725
0.072362,3.92905
0.072364,4.7149835
0.072366,4.8999095
0.072368,4.5300584
0.07237,3.605431
0.072372,2.2184901
0.072374,0.60039186
0.072376,-1.1101689
0.072378,-2.6820357
0.07238,-3.976514
0.072382,-4.716216
0.072384,-4.9011416
0.072386,-4.4850593
0.072388,-3.5604317
0.07239,-2.1272593
0.072392,-0.46292973
0.072394,1.2938623
0.072396,2.8194976
0.072398,4.0677447
0.072399996,4.7612157
0.072402,4.8999095
0.072404,4.437596
0.072406,3.420505
0.072408,1.9873328
0.07241,0.36923456
0.072412,-1.3413262
0.072414,-2.866961
0.072416,-4.115208
0.072418,-4.7624474
0.07242,-4.85491
0.072422,-4.3925962
0.072424,-3.3755062
0.072426,-1.8961024
0.072428,-0.2317729
0.07243,1.4787879
0.072432,3.050654
0.072434,4.2064385
0.072436,4.807446
0.072438,4.8536773
0.07244,4.3451324
0.072442,3.23558
0.072444,1.8024073
0.072445996,0.091846466
0.072448,-1.5724826
0.07245,-3.098118
0.072452,-4.2539024
0.072454,-4.85491
0.072456,-4.85491
0.072458,-4.3001337
0.07246,-3.1905808
0.072462,-1.6649456
0.072464,0.045615196
0.072466,1.7099442
0.072468,3.23558
0.07247,4.3451324
0.072472,4.8536773
0.072474,4.807446
0.072476,4.2064385
0.072478,3.050654
0.07248,1.5250192
0.072482,-0.13931036
0.072484,-1.8036394
0.072486,-3.2830436
0.072488,-4.3925962
0.07249,-4.85491
0.072492,-4.8086786
0.072494,-4.1614394
0.072496,-3.0056553
0.072498,-1.48002
0.0725,0.27677202
0.072502,1.9411016
0.072504,3.420505
0.072506,4.437596
0.072508,4.8999095
0.07251,4.7612157
0.072512,4.0677447
0.072514,2.8657289
0.072516,1.3400936
0.072518,-0.3704667
0.07252,-2.0347965
0.072522,-3.467969
0.072523996,-4.4388275
0.072526,-4.9011416
0.072528,-4.716216
0.07253,-4.022745
0.072532,-2.7744985
0.072534,-1.202632
0.072536,0.5541601
0.072538,2.172258
0.07254,3.605431
0.072542,4.5300584
0.072544,4.8999095
0.072546,4.7149835
0.072548,3.92905
0.07255,2.6808028
0.072552,1.1089368
0.072554,-0.6478553
0.072556,-2.2659533
0.072558,-3.6528945
0.07256,-4.5312905
0.072562,-4.9011416
0.072564,-4.669985
0.072566,-3.8840513
0.072568,-2.589573
0.072569996,-0.9714751
0.072572,0.7853174
0.072574,2.4034152
0.072576,3.744125
0.072578,4.622521
0.07258,4.8999095
0.072582,4.622521
0.072584,3.7903562
0.072586,2.4496465
0.072588,0.8315482
0.07259,-0.8790121
0.072592,-2.4508786
0.072594,-3.8378198
0.072596,-4.623753
0.072598,-4.9011416
0.0726,-4.577522
0.072602,-3.6991258
0.072604,-2.3584158
0.072606,-0.7403178
0.072608,1.0164738
0.07261,2.6345725
0.072612,3.92905
0.072614,4.668752
0.072616,4.8999095
0.072618,4.5300584
0.07262,3.605431
0.072622,2.2184901
0.072624,0.60039186
0.072626,-1.1101689
0.072628,-2.6820357
0.07263,-3.976514
0.072632,-4.716216
0.072634,-4.9011416
0.072636,-4.4850593
0.072638,-3.5604317
0.07264,-2.1272593
0.072642,-0.46292973
0.072644,1.2938623
0.072646,2.8194976
0.072647996,4.0677447
0.07265,4.7612157
0.072652,4.8999095
0.072654,4.437596
0.072656,3.420505
0.072658,1.9873328
0.07266,0.36923456
0.072662,-1.3413262
0.072664,-2.866961
0.072666,-4.115208
0.072668,-4.7624474
0.07267,-4.9011416
0.072672,-4.3925962
0.072674,-3.3755062
0.072676,-1.8961024
0.072678,-0.2317729
0.07268,1.4787879
0.072682,3.050654
0.072684,4.2064385
0.072686,4.807446
0.072688,4.8536773
0.07269,4.3451324
0.072692,3.23558
0.072693996,1.8024073
0.072696,0.091846466
0.072698,-1.5724826
0.0727,-3.098118
0.072702,-4.2539024
0.072704,-4.85491
0.072706,-4.85491
0.072708,-4.3001337
0.07271,-3.1905808
0.072712,-1.6649456
0.072714,0.045615196
0.072716,1.7099442
0.072718,3.23558
0.07272,4.3451324
0.072722,4.8536773
0.072724,4.807446
0.072726,4.2064385
0.072728,3.050654
0.07273,1.5250192
0.072732,-0.13931036
0.072734,-1.8036394
0.072736,-3.2830436
0.072738,-4.3925962
0.07274,-4.85491
0.072742,-4.8086786
0.072744,-4.1614394
0.072746,-3.0056553
0.072748,-1.48002
0.07275,0.045615196
0.072752,0.46169758
0.072754,0.8315482
0.072756,1.2013993
0.072758,1.5712504
0.07276,1.8948698
0.072762,2.2647214
0.072764,2.5883412
0.072766,2.9119601
0.072768,3.23558
0.07277,3.5129685
0.072771996,3.7903562
0.072774,4.0215135
0.072776,4.252671
0.072778,4.437596
0.07278,4.5762897
0.072782,4.7149835
0.072784,4.8536773
0.072786,4.946141
0.072788,4.992371
0.07279,5.0386033
0.072792,5.0386033
0.072794,5.0386033
0.072796,4.946141
0.072798,4.8999095
0.0728,4.7612157
0.072802,4.622521
0.072804,4.483826
0.072806,4.298901
0.072808,4.113976
0.07281,3.8828197
0.072812,3.605431
0.072814,3.3280425
0.072816,3.050654
0.072817996,2.727035
0.07282,2.4034152
0.072822,2.0797954
0.072824,1.7099442
0.072826,1.3400936
0.072828,0.970243
0.07283,0.60039186
0.072832,0.23054075
0.072834,-0.13931036
0.072836,-0.55539227
0.072838,-0.9252434
0.07284,-1.2950945
0.072842,-1.6187139
0.072844,-1.9885652
0.072846,-2.3121846
0.072848,-2.6820357
0.07285,-2.9594238
0.072852,-3.2830436
0.072854,-3.5604317
0.072856,-3.8378198
0.072858,-4.068977
0.07286,-4.2539024
0.072862,-4.4388275
0.072864,-4.623753
0.072866,-4.7624474
0.072868,-4.85491
0.07287,-4.947373
0.072872,-4.993604
0.072874,-5.0398355
0.072876,-4.993604
0.072878,-4.993604
0.07288,-4.947373
0.072882,-4.85491
0.072884,-4.716216
0.072886,-4.577522
0.072888,-4.4388275
0.07289,-4.2539024
0.072892,-4.022745
0.072894,-3.7915885
0.072895996,-3.5142004
0.072898,-3.236812
0.0729,-2.9131925
0.072902,-2.6358042
0.072904,-2.2659533
0.072906,-1.9423337
0.072908,-1.5724826
0.07291,-1.2488632
0.072912,-0.83278084
0.072914,-0.46292973
0.072916,-0.09307861
0.072918,0.27677202
0.07292,0.6928544
0.072922,1.0627055
0.072924,1.4325566
0.072926,1.756176
0.072928,2.126027
0.07293,2.4496465
0.072932,2.7732663
0.072934,3.0968862
0.072936,3.3742738
0.072938,3.6516623
0.07294,3.92905
0.072941996,4.1602073
0.072944,4.3451324
0.072946,4.483826
0.072948,4.668752
0.07295,4.807446
0.072952,4.8999095
0.072954,4.992371
0.072956,5.0386033
0.072958,5.0386033
0.07296,5.0386033
0.072962,4.992371
0.072964,4.8999095
0.072966,4.807446
0.072968,4.668752
0.07297,4.5300584
0.072972,4.3913646
0.072974,4.1602073
0.072976,3.92905
0.072978,3.6978936
0.07298,3.420505
0.072982,3.1431174
0.072984,2.8194976
0.072986,2.4958777
0.072988,2.172258
0.07299,1.8024073
0.072992,1.4787879
0.072994,1.1089368
0.072996,0.7390857
0.072998,0.36923456
0.073,-0.046847343
0.073002,-0.41669846
0.073004,-0.78654957
0.073006,-1.1564007
0.073008,-1.5262513
0.07301,-1.8498712
0.073012,-2.2197218
0.073014,-2.5433414
0.073016,-2.866961
0.073018,-3.1905808
0.07302,-3.467969
0.073022,-3.745357
0.073024,-3.976514
0.073026,-4.2076707
0.073028,-4.3925962
0.07303,-4.5312905
0.073032,-4.716216
0.073034,-4.8086786
0.073036,-4.9011416
0.073038,-4.993604
0.07304,-4.993604
0.073042,-5.0398355
0.073044,-4.993604
0.073046,-4.947373
0.073048,-4.85491
0.07305,-4.7624474
0.073052,-4.623753
0.073054,-4.4850593
0.073056,-4.3001337
0.073058,-4.115208
0.07306,-3.8840513
0.073062,-3.6066632
0.073064,-3.329275
0.073065996,-3.0518866
0.073068,-2.728267
0.07307,-2.4046474
0.073072,-2.0347965
0.073074,-1.7111769
0.073076,-1.3413262
0.073078,-0.9714751
0.07308,-0.601624
0.073082,-0.2317729
0.073084,0.184309
0.073086,0.5541601
0.073088,0.92401123
0.07309,1.2938623
0.073092,1.6637135
0.073094,1.9873328
0.073096,2.357184
0.073098,2.6808028
0.0731,3.0044227
0.073102,3.2818112
0.073104,3.5591989
0.073106,3.8365874
0.073108,4.0677447
0.07311,4.298901
0.073112,4.437596
0.073114,4.622521
0.073116,4.7612157
0.073118,4.8536773
0.07312,4.946141
0.073122,4.992371
0.073124,5.0386033
0.073126,5.0386033
0.073128,4.992371
0.07313,4.946141
0.073132,4.8536773
0.073134,4.7149835
0.073136,4.5762897
0.073138,4.437596
0.07314,4.252671
0.073142,4.0215135
0.073144,3.7903562
0.073146,3.5129685
0.073148,3.23558
0.07315,2.9581914
0.073152,2.6345725
0.073154,2.2647214
0.073156,1.9411016
0.073158,1.5712504
0.07316,1.2476311
0.073162,0.87777996
0.073164,0.46169758
0.073166,0.091846466
0.073168,-0.27800417
0.07317,-0.6478553
0.073172,-1.0177064
0.073174,-1.4337888
0.073176,-1.7574081
0.073178,-2.081028
0.07318,-2.4508786
0.073182,-2.7744985
0.073184,-3.098118
0.073186,-3.3755062
0.073188,-3.6528945
0.073189996,-3.8840513
0.073192,-4.115208
0.073194,-4.346365
0.073196,-4.4850593
0.073198,-4.669985
0.0732,-4.7624474
0.073202,-4.9011416
0.073204,-4.947373
0.073206,-4.993604
0.073208,-5.0398355
0.07321,-4.993604
0.073212,-4.947373
0.073214,-4.9011416
0.073216,-4.8086786
0.073218,-4.669985
0.07322,-4.5312905
0.073222,-4.3925962
0.073224,-4.1614394
0.073226,-3.9302826
0.073228,-3.6991258
0.07323,-3.4217377
0.073232,-3.1443493
0.073234,-2.8207297
0.073236,-2.4971101
0.073238,-2.1734905
0.07324,-1.8036394
0.073242,-1.48002
0.073244,-1.1101689
0.073246,-0.7403178
0.073248,-0.32423592
0.07325,0.045615196
0.073252,0.4154663
0.073254,0.7853174
0.073256,1.2013993
0.073258,1.5250192
0.07326,1.8948698
0.073262,2.2184901
0.073264,2.5883412
0.073266,2.9119601
0.073268,3.1893477
0.07327,3.4667363
0.073272,3.744125
0.073274,3.9752812
0.073276,4.2064385
0.073278,4.437596
0.07328,4.5762897
0.073282,4.7149835
0.073284,4.807446
0.073286,4.946141
0.073288,4.992371
0.07329,5.0386033
0.073292,5.0386033
0.073294,4.992371
0.073296,4.946141
0.073298,4.8999095
0.0733,4.7612157
0.073302,4.622521
0.073304,4.483826
0.073306,4.298901
0.073308,4.113976
0.07331,3.8828197
0.073312,3.605431
0.073313996,3.3280425
0.073316,3.050654
0.073318,2.727035
0.07332,2.4034152
0.073322,2.033564
0.073324,1.7099442
0.073326,1.3400936
0.073328,0.970243
0.07333,0.60039186
0.073332,0.23054075
0.073334,-0.13931036
0.073336,-0.55539227
0.073338,-0.9252434
0.07334,-1.2950945
0.073342,-1.6187139
0.073344,-1.9885652
0.073346,-2.3121846
0.073348,-2.6820357
0.07335,-2.9594238
0.073352,-3.2830436
0.073354,-3.5604317
0.073356,-3.8378198
0.073358,-4.068977
0.07336,-4.3001337
0.073362,-4.4388275
0.073364,-4.623753
0.073366,-4.7624474
0.073368,-4.85491
0.07337,-4.947373
0.073372,-4.993604
0.073374,-5.0398355
0.073376,-4.993604
0.073378,-4.993604
0.07338,-4.9011416
0.073382,-4.85491
0.073384,-4.716216
0.073386,-4.577522
0.073388,-4.4388275
0.07339,-4.2539024
0.073392,-4.022745
0.073394,-3.7915885
0.073396,-3.5142004
0.073398,-3.236812
0.0734,-2.9131925
0.073402,-2.6358042
0.073404,-2.2659533
0.073406,-1.9423337
0.073408,-1.5724826
0.07341,-1.202632
0.073412,-0.83278084
0.073414,-0.46292973
0.073416,-0.09307861
0.073418,0.27677202
0.07342,0.6928544
0.073422,1.0627055
0.073424,1.4325566
0.073426,1.756176
0.073428,2.126027
0.07343,2.4496465
0.073432,2.7732663
0.073434,3.0968862
0.073436,3.3742738
0.073437996,3.6516623
0.07344,3.92905
0.073442,4.1602073
0.073444,4.3451324
0.073446,4.483826
0.073448,4.668752
0.07345,4.807446
0.073452,4.8999095
0.073454,4.946141
0.073456,5.0386033
0.073458,5.0386033
0.07346,5.0386033
0.073462,4.992371
0.073464,4.8999095
0.073466,4.807446
0.073468,4.668752
0.07347,4.5300584
0.073472,4.3913646
0.073474,4.1602073
0.073476,3.92905
0.073478,3.6978936
0.07348,3.420505
0.073482,3.1431174
0.073483996,2.8194976
0.073486,2.4958777
0.073488,2.172258
0.07349,1.8024073
0.073492,1.4787879
0.073494,1.1089368
0.073496,0.7390857
0.073498,0.36923456
0.0735,-0.046847343
0.073502,-0.41669846
0.073504,-0.78654957
0.073506,-1.1564007
0.073508,-1.5262513
0.07351,-1.8498712
0.073512,-2.2197218
0.073514,-2.5433414
0.073516,-2.866961
0.073518,-3.1905808
0.07352,-3.467969
0.073522,-3.745357
0.073524,-3.976514
0.073526,-4.2076707
0.073528,-4.3925962
0.07353,-4.5312905
0.073532,-4.716216
0.073534,-4.8086786
0.073536,-4.9011416
0.073538,-4.993604
0.07354,-4.993604
0.073542,-5.0398355
0.073544,-4.993604
0.073546,-4.947373
0.073548,-4.85491
0.07355,-4.7624474
0.073552,-4.623753
0.073554,-4.4850593
0.073556,-4.3001337
0.073558,-4.115208
0.07356,-3.8840513
0.073561996,-3.6066632
0.073564,-3.329275
0.073566,-3.0518866
0.073568,-2.728267
0.07357,-2.4046474
0.073572,-2.0347965
0.073574,-1.7111769
0.073576,-1.3413262
0.073578,-0.9714751
0.07358,-0.601624
0.073582,-0.2317729
0.073584,0.184309
0.073586,0.5541601
0.073588,0.92401123
0.07359,1.2938623
0.073592,1.6637135
0.073594,1.9873328
0.073596,2.357184
0.073598,2.6808028
0.0736,3.0044227
0.073602,3.2818112
0.073604,3.5591989
0.073606,3.8365874
0.073607996,4.0677447
0.07361,4.298901
0.073612,4.437596
0.073614,4.622521
0.073616,4.7612157
0.073618,4.8536773
0.07362,4.946141
0.073622,4.992371
0.073624,5.0386033
0.073626,5.0386033
0.073628,4.992371
0.07363,4.946141
0.073632,4.8536773
0.073634,4.7149835
0.073636,4.5762897
0.073638,4.437596
0.07364,4.252671
0.073642,4.0215135
0.073644,3.7903562
0.073646,3.5129685
0.073648,3.23558
0.07365,2.9581914
0.073652,2.6345725
0.073654,2.2647214
0.073656,1.9411016
0.073658,1.5712504
0.07366,1.2476311
0.073662,0.87777996
0.073664,0.46169758
0.073666,0.091846466
0.073668,-0.27800417
0.07367,-0.6478553
0.073672,-1.0177064
0.073674,-1.387557
0.073676,-1.7574081
0.073678,-2.081028
0.07368,-2.4508786
0.073682,-2.7744985
0.073684,-3.098118
0.073685996,-3.3755062
0.073688,-3.6528945
0.07369,-3.8840513
0.073692,-4.115208
0.073694,-4.346365
0.073696,-4.4850593
0.073698,-4.669985
0.0737,-4.7624474
0.073702,-4.9011416
0.073704,-4.947373
0.073706,-4.993604
0.073708,-5.0398355
0.07371,-4.993604
0.073712,-4.947373
0.073714,-4.9011416
0.073716,-4.8086786
0.073718,-4.669985
0.07372,-4.5312905
0.073722,-4.3925962
0.073724,-4.1614394
0.073726,-3.9302826
0.073728,-3.6991258
0.07373,-3.4217377
0.073731996,-3.1443493
0.073734,-2.8207297
0.073736,-2.4971101
0.073738,-2.1734905
0.07374,-1.8036394
0.073742,-1.48002
0.073744,-1.1101689
0.073746,-0.7403178
0.073748,-0.32423592
0.07375,0.3230033
0.073752,1.8948698
0.073754,3.3742738
0.073756,4.3913646
0.073758,4.8536773
0.07376,4.7149835
0.073762,4.0677447
0.073764,2.8194976
0.073766,1.2938623
0.073768,-0.41669846
0.07377,-2.0347965
0.073772,-3.5142004
0.073774,-4.4850593
0.073776,-4.9011416
0.073778,-4.7624474
0.07378,-4.022745
0.073782,-2.8207297
0.073784,-1.202632
0.073786,0.50792885
0.073788,2.172258
0.07379,3.605431
0.073792,4.5300584
0.073794,4.8999095
0.073796,4.7149835
0.073798,3.92905
0.0738,2.6345725
0.073802,1.0627055
0.073804,-0.6478553
0.073806,-2.2659533
0.073808,-3.6528945
0.073809996,-4.577522
0.073812,-4.9011416
0.073814,-4.669985
0.073816,-3.8840513
0.073818,-2.589573
0.07382,-0.9714751
0.073822,0.7853174
0.073824,2.4034152
0.073826,3.744125
0.073828,4.622521
0.07383,4.8999095
0.073832,4.622521
0.073834,3.7903562
0.073836,2.4496465
0.073838,0.8315482
0.07384,-0.8790121
0.073842,-2.4508786
0.073844,-3.8378198
0.073846,-4.623753
0.073848,-4.9011416
0.07385,-4.577522
0.073852,-3.6991258
0.073854,-2.3584158
0.073855996,-0.7403178
0.073858,1.0164738
0.07386,2.6345725
0.073862,3.92905
0.073864,4.7149835
0.073866,4.8999095
0.073868,4.5300584
0.07387,3.605431
0.073872,2.2184901
0.073874,0.60039186
0.073876,-1.1101689
0.073878,-2.6820357
0.07388,-3.976514
0.073882,-4.716216
0.073884,-4.9011416
0.073886,-4.4850593
0.073888,-3.5604317
0.07389,-2.1272593
0.073892,-0.46292973
0.073894,1.2938623
0.073896,2.8194976
0.073898,4.0677447
0.0739,4.7612157
0.073902,4.8999095
0.073904,4.437596
0.073906,3.420505
0.073908,1.9873328
0.07391,0.36923456
0.073912,-1.3413262
0.073914,-2.9131925
0.073916,-4.115208
0.073918,-4.7624474
0.07392,-4.85491
0.073922,-4.3925962
0.073924,-3.3755062
0.073926,-1.8961024
0.073928,-0.2317729
0.07393,1.4787879
0.073932,3.050654
0.073933996,4.2064385
0.073936,4.807446
0.073938,4.8536773
0.07394,4.3451324
0.073942,3.23558
0.073944,1.756176
0.073946,0.091846466
0.073948,-1.5724826
0.07395,-3.098118
0.073952,-4.2539024
0.073954,-4.85491
0.073956,-4.85491
0.073958,-4.3001337
0.07396,-3.1905808
0.073962,-1.6649456
0.073964,0.045615196
0.073966,1.7099442
0.073968,3.23558
0.07397,4.3451324
0.073972,4.8536773
0.073974,4.807446
0.073976,4.2064385
0.073978,3.050654
0.073979996,1.5250192
0.073982,-0.13931036
0.073984,-1.8036394
0.073986,-3.2830436
0.073988,-4.3925962
0.07399,-4.85491
0.073992,-4.8086786
0.073994,-4.1614394
0.073996,-3.0056553
0.073998,-1.4337888
0.074,0.27677202
0.074002,1.9873328
0.074004,3.420505
0.074006,4.437596
0.074008,4.8999095
0.07401,4.7612157
0.074012,4.0677447
0.074014,2.8657289
0.074016,1.3400936
0.074018,-0.41669846
0.07402,-2.0347965
0.074022,-3.467969
0.074024,-4.4388275
0.074026,-4.9011416
0.074028,-4.716216
0.07403,-4.022745
0.074032,-2.7744985
0.074034,-1.202632
0.074036,0.5541601
0.074038,2.172258
0.07404,3.605431
0.074042,4.5300584
0.074044,4.8999095
0.074046,4.7149835
0.074048,3.92905
0.07405,2.6808028
0.074052,1.1089368
0.074054,-0.6478553
0.074056,-2.2659533
0.074057996,-3.6528945
0.07406,-4.577522
0.074062,-4.9011416
0.074064,-4.669985
0.074066,-3.8840513
0.074068,-2.589573
0.07407,-0.9714751
0.074072,0.7853174
0.074074,2.4034152
0.074076,3.744125
0.074078,4.622521
0.07408,4.8999095
0.074082,4.622521
0.074084,3.7903562
0.074086,2.4496465
0.074088,0.8315482
0.07409,-0.8790121
0.074092,-2.4508786
0.074094,-3.8378198
0.074096,-4.623753
0.074098,-4.9011416
0.0741,-4.577522
0.074102,-3.6991258
0.074103996,-2.3584158
0.074106,-0.694087
0.074108,1.0164738
0.07411,2.6345725
0.074112,3.92905
0.074114,4.7149835
0.074116,4.8999095
0.074118,4.5300584
0.07412,3.605431
0.074122,2.2184901
0.074124,0.60039186
0.074126,-1.1101689
0.074128,-2.6820357
0.07413,-3.976514
0.074132,-4.716216
0.074134,-4.9011416
0.074136,-4.4850593
0.074138,-3.5604317
0.07414,-2.1272593
0.074142,-0.46292973
0.074144,1.2938623
0.074146,2.8194976
0.074148,4.0677447
0.07415,4.7612157
0.074152,4.8999095
0.074154,4.437596
0.074156,3.420505
0.074158,1.9873328
0.07416,0.36923456
0.074162,-1.3413262
0.074164,-2.9131925
0.074166,-4.115208
0.074168,-4.7624474
0.07417,-4.85491
0.074172,-4.3925962
0.074174,-3.3755062
0.074176,-1.8961024
0.074178,-0.2317729
0.07418,1.4787879
0.074182,3.050654
0.074184,4.2064385
0.074186,4.807446
0.074188,4.8536773
0.07419,4.3451324
0.074192,3.23558
0.074194,1.756176
0.074196,0.091846466
0.074198,-1.5724826
0.0742,-3.098118
0.074202,-4.2539024
0.074204,-4.85491
0.074206,-4.85491
0.074208,-4.3001337
0.07421,-3.1905808
0.074212,-1.6649456
0.074214,0.045615196
0.074216,1.756176
0.074218,3.23558
0.07422,4.3451324
0.074222,4.8536773
0.074224,4.807446
0.074226,4.2064385
0.074227996,3.050654
0.07423,1.5250192
0.074232,-0.13931036
0.074234,-1.8036394
0.074236,-3.2830436
0.074238,-4.3925962
0.07424,-4.85491
0.074242,-4.8086786
0.074244,-4.1614394
0.074246,-3.0056553
0.074248,-1.4337888
0.07425,0.27677202
0.074252,1.9873328
0.074254,3.420505
0.074256,4.437596
0.074258,4.8999095
0.07426,4.7612157
0.074262,4.0677447
0.074264,2.8657289
0.074266,1.3400936
0.074268,-0.41669846
0.07427,-2.0347965
0.074272,-3.467969
0.074274,-4.4388275
0.074276,-4.9011416
0.074278,-4.716216
0.07428,-4.022745
0.074282,-2.7744985
0.074284,-1.202632
0.074286,0.5541601
0.074288,2.172258
0.07429,3.605431
0.074292,4.5300584
0.074294,4.8999095
0.074296,4.7149835
0.074298,3.92905
0.0743,2.6345725
0.074302,1.1089368
0.074304,-0.6478553
0.074306,-2.2659533
0.074308,-3.6528945
0.07431,-4.577522
0.074312,-4.9011416
0.074314,-4.669985
0.074316,-3.8378198
0.074318,-2.589573
0.07432,-0.9714751
0.074322,0.7853174
0.074324,2.4034152
0.074326,3.744125
0.074328,4.622521
0.07433,4.8999095
0.074332,4.622521
0.074334,3.7903562
0.074336,2.4496465
0.074338,0.8315482
0.07434,-0.8790121
0.074342,-2.4508786
0.074344,-3.8378198
0.074346,-4.623753
0.074348,-4.9011416
0.07435,-4.577522
0.074351996,-3.6991258
0.074354,-2.3584158
0.074356,-0.694087
0.074358,1.0164738
0.07436,2.6345725
0.074362,3.92905
0.074364,4.7149835
0.074366,4.8999095
0.074368,4.5300584
0.07437,3.605431
0.074372,2.2184901
0.074374,0.60039186
0.074376,-1.1101689
0.074378,-2.6820357
0.07438,-3.976514
0.074382,-4.716216
0.074384,-4.9011416
0.074386,-4.4850593
0.074388,-3.5142004
0.07439,-2.1272593
0.074392,-0.46292973
0.074394,1.2938623
0.074396,2.8194976
0.074398,4.0677447
0.0744,4.7612157
0.074402,4.8999095
0.074404,4.437596
0.074406,3.420505
0.074408,1.9873328
0.07441,0.36923456
0.074412,-1.3413262
0.074414,-2.9131925
0.074416,-4.115208
0.074418,-4.7624474
0.07442,-4.85491
0.074422,-4.3925962
0.074424,-3.3755062
0.074426,-1.8961024
0.074428,-0.2317729
0.07443,1.4787879
0.074432,3.050654
0.074434,4.2064385
0.074436,4.807446
0.074438,4.8536773
0.07444,4.3451324
0.074442,3.23558
0.074444,1.756176
0.074446,0.091846466
0.074448,-1.5724826
0.07445,-3.098118
0.074452,-4.2539024
0.074454,-4.85491
0.074456,-4.85491
0.074458,-4.3001337
0.07446,-3.1905808
0.074462,-1.6649456
0.074464,0.045615196
0.074466,1.756176
0.074468,3.23558
0.07447,4.3451324
0.074472,4.8536773
0.074474,4.807446
0.074475996,4.2064385
0.074478,3.050654
0.07448,1.5250192
0.074482,-0.13931036
0.074484,-1.8036394
0.074486,-3.2830436
0.074488,-4.3925962
0.07449,-4.85491
0.074492,-4.8086786
0.074494,-4.1614394
0.074496,-3.0056553
0.074498,-1.4337888
0.0745,0.27677202
0.074502,1.9873328
0.074504,3.420505
0.074506,4.437596
0.074508,4.8999095
0.07451,4.7612157
0.074512,4.0677447
0.074514,2.8657289
0.074516,1.3400936
0.074518,-0.41669846
0.07452,-2.0347965
0.074522,-3.467969
0.074524,-4.4388275
0.074526,-4.9011416
0.074528,-4.716216
0.07453,-4.022745
0.074532,-2.7744985
0.074534,-1.202632
0.074536,0.5541601
0.074538,2.172258
0.07454,3.605431
0.074542,4.5300584
0.074544,4.8999095
0.074546,4.7149835
0.074548,3.92905
0.07455,2.6345725
0.074552,1.0627055
0.074554,-0.6478553
0.074556,-2.2659533
0.074558,-3.6528945
0.07456,-4.577522
0.074562,-4.9011416
0.074564,-4.669985
0.074566,-3.8378198
0.074568,-2.589573
0.07457,-0.9714751
0.074572,0.7853174
0.074574,2.4034152
0.074576,3.744125
0.074578,4.622521
0.07458,4.946141
0.074582,4.622521
0.074584,3.7903562
0.074586,2.4496465
0.074588,0.8315482
0.07459,-0.8790121
0.074592,-2.4971101
0.074594,-3.8378198
0.074596,-4.623753
0.074598,-4.9011416
0.074599996,-4.577522
0.074602,-3.6991258
0.074604,-2.3584158
0.074606,-0.694087
0.074608,1.0164738
0.07461,2.6345725
0.074612,3.92905
0.074614,4.7149835
0.074616,4.8999095
0.074618,4.5300584
0.07462,3.605431
0.074622,2.2184901
0.074624,0.60039186
0.074626,-1.1101689
0.074628,-2.6820357
0.07463,-3.976514
0.074632,-4.716216
0.074634,-4.9011416
0.074636,-4.4850593
0.074638,-3.5142004
0.07464,-2.1272593
0.074642,-0.46292973
0.074644,1.2938623
0.074645996,2.8194976
0.074648,4.0677447
0.07465,4.7612157
0.074652,4.8999095
0.074654,4.437596
0.074656,3.420505
0.074658,1.9873328
0.07466,0.36923456
0.074662,-1.387557
0.074664,-2.9131925
0.074666,-4.115208
0.074668,-4.7624474
0.07467,-4.85491
0.074672,-4.3925962
0.074674,-3.3755062
0.074676,-1.8961024
0.074678,-0.2317729
0.07468,1.4787879
0.074682,3.050654
0.074684,4.2064385
0.074686,4.807446
0.074688,4.8536773
0.07469,4.3451324
0.074692,3.23558
0.074694,1.756176
0.074696,0.091846466
0.074698,-1.5724826
0.0747,-3.098118
0.074702,-4.2539024
0.074704,-4.85491
0.074706,-4.85491
0.074708,-4.3001337
0.07471,-3.1905808
0.074712,-1.6649456
0.074714,0.045615196
0.074716,1.756176
0.074718,3.23558
0.07472,4.3451324
0.074722,4.8536773
0.074723996,4.807446
0.074726,4.2064385
0.074728,3.050654
0.07473,1.5250192
0.074732,-0.13931036
0.074734,-1.8036394
0.074736,-3.2830436
0.074738,-4.3925962
0.07474,-4.85491
0.074742,-4.8086786
0.074744,-4.1614394
0.074746,-3.0056553
0.074748,-1.4337888
0.07475,0.045615196
0.074752,0.46169758
0.074754,0.8315482
0.074756,1.2013993
0.074758,1.5712504
0.07476,1.8948698
0.074762,2.2647214
0.074764,2.5883412
0.074766,2.9119601
0.074768,3.23558
0.074769996,3.5129685
0.074772,3.7903562
0.074774,4.0215135
0.074776,4.252671
0.074778,4.437596
0.07478,4.5762897
0.074782,4.7149835
0.074784,4.8536773
0.074786,4.946141
0.074788,4.992371
0.07479,5.0386033
0.074792,5.0386033
0.074794,5.0386033
0.074796,4.946141
0.074798,4.8999095
0.0748,4.7612157
0.074802,4.622521
0.074804,4.483826
0.074806,4.298901
0.074808,4.113976
0.07481,3.8828197
0.074812,3.605431
0.074814,3.3280425
0.074816,3.050654
0.074818,2.727035
0.07482,2.4034152
0.074822,2.033564
0.074824,1.7099442
0.074826,1.3400936
0.074828,0.970243
0.07483,0.60039186
0.074832,0.23054075
0.074834,-0.13931036
0.074836,-0.55539227
0.074838,-0.9252434
0.07484,-1.2950945
0.074842,-1.6187139
0.074844,-1.9885652
0.074846,-2.3121846
0.074847996,-2.6820357
0.07485,-2.9594238
0.074852,-3.2830436
0.074854,-3.5604317
0.074856,-3.8378198
0.074858,-4.068977
0.07486,-4.3001337
0.074862,-4.4388275
0.074864,-4.623753
0.074866,-4.7624474
0.074868,-4.85491
0.07487,-4.947373
0.074872,-4.993604
0.074874,-5.0398355
0.074876,-4.993604
0.074878,-4.993604
0.07488,-4.947373
0.074882,-4.85491
0.074884,-4.716216
0.074886,-4.577522
0.074888,-4.4388275
0.07489,-4.2539024
0.074892,-4.022745
0.074893996,-3.7915885
0.074896,-3.5142004
0.074898,-3.236812
0.0749,-2.9131925
0.074902,-2.589573
0.074904,-2.2659533
0.074906,-1.9423337
0.074908,-1.5724826
0.07491,-1.202632
0.074912,-0.83278084
0.074914,-0.46292973
0.074916,-0.09307861
0.074918,0.27677202
0.07492,0.6928544
0.074922,1.0627055
0.074924,1.4325566
0.074926,1.756176
0.074928,2.126027
0.07493,2.4496465
0.074932,2.7732663
0.074934,3.0968862
0.074936,3.3742738
0.074938,3.6516623
0.07494,3.92905
0.074942,4.1602073
0.074944,4.3451324
0.074946,4.483826
0.074948,4.668752
0.07495,4.807446
0.074952,4.8999095
0.074954,4.992371
0.074956,4.992371
0.074958,5.0386033
0.07496,5.0386033
0.074962,4.992371
0.074964,4.8999095
0.074966,4.807446
0.074968,4.668752
0.07497,4.5300584
0.074971996,4.3913646
0.074974,4.1602073
0.074976,3.92905
0.074978,3.6978936
0.07498,3.420505
0.074982,3.1431174
0.074984,2.8194976
0.074986,2.4958777
0.074988,2.172258
0.07499,1.8024073
0.074992,1.4787879
0.074994,1.1089368
0.074996,0.7390857
0.074998,0.36923456
0.075,-0.046847343
0.075002,-0.41669846
0.075004,-0.78654957
0.075006,-1.1564007
0.075008,-1.5262513
0.07501,-1.8498712
0.075012,-2.2197218
0.075014,-2.5433414
0.075016,-2.866961
0.075017996,-3.1905808
0.07502,-3.467969
0.075022,-3.745357
0.075024,-3.976514
0.075026,-4.2076707
0.075028,-4.3925962
0.07503,-4.5312905
0.075032,-4.716216
0.075034,-4.8086786
0.075036,-4.9011416
0.075038,-4.993604
0.07504,-4.993604
0.075042,-5.0398355
0.075044,-4.993604
0.075046,-4.947373
0.075048,-4.85491
0.07505,-4.7624474
0.075052,-4.623753
0.075054,-4.4850593
0.075056,-4.3001337
0.075058,-4.115208
0.07506,-3.8840513
0.075062,-3.6066632
0.075064,-3.329275
0.075066,-3.0518866
0.075068,-2.728267
0.07507,-2.4046474
0.075072,-2.0347965
0.075074,-1.7111769
0.075076,-1.3413262
0.075078,-0.9714751
0.07508,-0.601624
0.075082,-0.2317729
0.075084,0.184309
0.075086,0.5541601
0.075088,0.92401123
0.07509,1.2938623
0.075092,1.6637135
0.075094,1.9873328
0.075095996,2.357184
0.075098,2.6808028
0.0751,3.0044227
0.075102,3.2818112
0.075104,3.5591989
0.075106,3.8365874
0.075108,4.0677447
0.07511,4.298901
0.075112,4.437596
0.075114,4.622521
0.075116,4.7612157
0.075118,4.8536773
0.07512,4.946141
0.075122,4.992371
0.075124,5.0386033
0.075126,5.0386033
0.075128,4.992371
0.07513,4.946141
0.075132,4.8536773
0.075134,4.7149835
0.075136,4.5762897
0.075138,4.437596
0.07514,4.252671
0.075141996,4.0215135
0.075144,3.7903562
0.075146,3.5129685
0.075148,3.23558
0.07515,2.9581914
0.075152,2.6345725
0.075154,2.2647214
0.075156,1.9411016
0.075158,1.5712504
0.07516,1.2476311
0.075162,0.87777996
0.075164,0.46169758
0.075166,0.091846466
0.075168,-0.27800417
0.07517,-0.6478553
0.075172,-1.0177064
0.075174,-1.4337888
0.075176,-1.7574081
0.075178,-2.081028
0.07518,-2.4508786
0.075182,-2.7744985
0.075184,-3.098118
0.075186,-3.3755062
0.075188,-3.6528945
0.07519,-3.8840513
0.075192,-4.1614394
0.075194,-4.346365
0.075196,-4.4850593
0.075198,-4.669985
0.0752,-4.7624474
0.075202,-4.9011416
0.075204,-4.947373
0.075206,-4.993604
0.075208,-5.0398355
0.07521,-4.993604
0.075212,-4.947373
0.075214,-4.9011416
0.075216,-4.8086786
0.075218,-4.669985
0.075219996,-4.5312905
0.075222,-4.3925962
0.075224,-4.1614394
0.075226,-3.9302826
0.075228,-3.6991258
0.07523,-3.4217377
0.075232,-3.1443493
0.075234,-2.8207297
0.075236,-2.4971101
0.075238,-2.1734905
0.07524,-1.8036394
0.075242,-1.48002
0.075244,-1.1101689
0.075246,-0.7403178
0.075248,-0.32423592
0.07525,0.045615196
0.075252,0.4154663
0.075254,0.7853174
0.075256,1.2013993
0.075258,1.5250192
0.07526,1.8948698
0.075262,2.2184901
0.075264,2.5883412
0.075265996,2.9119601
0.075268,3.1893477
0.07527,3.4667363
0.075272,3.744125
0.075274,3.9752812
0.075276,4.2064385
0.075278,4.437596
0.07528,4.5762897
0.075282,4.7149835
0.075284,4.8536773
0.075286,4.8999095
0.075288,4.992371
0.07529,5.0386033
0.075292,5.0386033
0.075294,4.992371
0.075296,4.946141
0.075298,4.8536773
0.0753,4.7612157
0.075302,4.622521
0.075304,4.483826
0.075306,4.298901
0.075308,4.113976
0.07531,3.8828197
0.075312,3.605431
0.075314,3.3280425
0.075316,3.050654
0.075318,2.727035
0.07532,2.4034152
0.075322,2.033564
0.075324,1.7099442
0.075326,1.3400936
0.075328,0.970243
0.07533,0.60039186
0.075332,0.23054075
0.075334,-0.13931036
0.075336,-0.55539227
0.075338,-0.9252434
0.07534,-1.2950945
0.075342,-1.6187139
0.075344,-1.9885652
0.075346,-2.3121846
0.075348,-2.6820357
0.07535,-2.9594238
0.075352,-3.2830436
0.075354,-3.5604317
0.075356,-3.8378198
0.075358,-4.068977
0.07536,-4.3001337
0.075362,-4.4388275
0.075364,-4.623753
0.075366,-4.7624474
0.075368,-4.85491
0.07537,-4.947373
0.075372,-4.993604
0.075374,-5.0398355
0.075376,-4.993604
0.075378,-4.993604
0.07538,-4.947373
0.075382,-4.85491
0.075384,-4.716216
0.075386,-4.577522
0.075388,-4.4388275
0.075389996,-4.2539024
0.075392,-4.022745
0.075394,-3.7915885
0.075396,-3.5142004
0.075398,-3.236812
0.0754,-2.9131925
0.075402,-2.6358042
0.075404,-2.2659533
0.075406,-1.9423337
0.075408,-1.5724826
0.07541,-1.202632
0.075412,-0.83278084
0.075414,-0.46292973
0.075416,-0.09307861
0.075418,0.27677202
0.07542,0.6928544
0.075422,1.0627055
0.075424,1.4325566
0.075426,1.756176
0.075428,2.126027
0.07543,2.4496465
0.075432,2.7732663
0.075434,3.0968862
0.075436,3.3742738
0.075438,3.6516623
0.07544,3.92905
0.075442,4.1602073
0.075444,4.3451324
0.075446,4.5300584
0.075448,4.668752
0.07545,4.807446
0.075452,4.8999095
0.075454,4.992371
0.075456,5.0386033
0.075458,5.0386033
0.07546,5.0386033
0.075462,4.992371
0.075464,4.8999095
0.075466,4.807446
0.075468,4.668752
0.07547,4.5300584
0.075472,4.3913646
0.075474,4.1602073
0.075476,3.92905
0.075478,3.6978936
0.07548,3.420505
0.075482,3.1431174
0.075484,2.8194976
0.075486,2.4958777
0.075488,2.172258
0.07549,1.8024073
0.075492,1.4787879
0.075494,1.1089368
0.075496,0.7390857
0.075498,0.36923456
0.0755,-0.046847343
0.075502,-0.41669846
0.075504,-0.78654957
0.075506,-1.1564007
0.075508,-1.5262513
0.07551,-1.8498712
0.075512,-2.2197218
0.075513996,-2.5433414
0.075516,-2.866961
0.075518,-3.1905808
0.07552,-3.467969
0.075522,-3.745357
0.075524,-3.976514
0.075526,-4.2076707
0.075528,-4.3925962
0.07553,-4.5312905
0.075532,-4.716216
0.075534,-4.8086786
0.075536,-4.9011416
0.075538,-4.993604
0.07554,-4.993604
0.075542,-5.0398355
0.075544,-4.993604
0.075546,-4.947373
0.075548,-4.85491
0.07555,-4.7624474
0.075552,-4.623753
0.075554,-4.4850593
0.075556,-4.3001337
0.075558,-4.115208
0.07556,-3.8840513
0.075562,-3.6066632
0.075564,-3.329275
0.075566,-3.0518866
0.075568,-2.728267
0.07557,-2.4046474
0.075572,-2.0347965
0.075574,-1.6649456
0.075576,-1.3413262
0.075578,-0.9714751
0.07558,-0.601624
0.075582,-0.2317729
0.075584,0.184309
0.075586,0.5541601
0.075588,0.92401123
0.07559,1.2938623
0.075592,1.6637135
0.075594,1.9873328
0.075596,2.357184
0.075598,2.6808028
0.0756,3.0044227
0.075602,3.2818112
0.075604,3.5591989
0.075606,3.8365874
0.075608,4.0677447
0.07561,4.298901
0.075612,4.437596
0.075614,4.622521
0.075616,4.7612157
0.075618,4.8536773
0.07562,4.946141
0.075622,4.992371
0.075624,5.0386033
0.075626,5.0386033
0.075628,4.992371
0.07563,4.946141
0.075632,4.8536773
0.075634,4.7149835
0.075636,4.5762897
0.075637996,4.437596
0.07564,4.252671
0.075642,4.0215135
0.075644,3.7903562
0.075646,3.5129685
0.075648,3.23558
0.07565,2.9119601
0.075652,2.6345725
0.075654,2.2647214
0.075656,1.9411016
0.075658,1.5712504
0.07566,1.2476311
0.075662,0.87777996
0.075664,0.46169758
0.075666,0.091846466
0.075668,-0.27800417
0.07567,-0.6478553
0.075672,-1.0639377
0.075674,-1.387557
0.075676,-1.7574081
0.075678,-2.081028
0.07568,-2.4508786
0.075682,-2.7744985
0.075684,-3.098118
0.075686,-3.3755062
0.075688,-3.6528945
0.07569,-3.8840513
0.075692,-4.1614394
0.075694,-4.346365
0.075696,-4.4850593
0.075698,-4.669985
0.0757,-4.7624474
0.075702,-4.9011416
0.075704,-4.947373
0.075706,-4.993604
0.075708,-5.0398355
0.07571,-4.993604
0.075712,-4.947373
0.075714,-4.9011416
0.075716,-4.8086786
0.075718,-4.669985
0.07572,-4.5312905
0.075722,-4.3925962
0.075724,-4.1614394
0.075726,-3.9302826
0.075728,-3.6991258
0.07573,-3.4217377
0.075732,-3.1443493
0.075734,-2.8207297
0.075736,-2.4971101
0.075738,-2.1734905
0.07574,-1.8036394
0.075742,-1.48002
0.075744,-1.1101689
0.075746,-0.7403178
0.075748,-0.32423592
0.07575,0.3230033
0.075752,1.9411016
0.075754,3.3742738
0.075756,4.3913646
0.075758,4.8536773
0.07576,4.7149835
0.075761996,4.0215135
0.075764,2.8194976
0.075766,1.2938623
0.075768,-0.41669846
0.07577,-2.081028
0.075772,-3.5142004
0.075774,-4.4850593
0.075776,-4.9011416
0.075778,-4.7624474
0.07578,-4.022745
0.075782,-2.7744985
0.075784,-1.202632
0.075786,0.5541601
0.075788,2.172258
0.07579,3.605431
0.075792,4.5300584
0.075794,4.8999095
0.075796,4.668752
0.075798,3.92905
0.0758,2.6345725
0.075802,1.0627055
0.075804,-0.6478553
0.075806,-2.2659533
0.075807996,-3.6528945
0.07581,-4.577522
0.075812,-4.9011416
0.075814,-4.669985
0.075816,-3.8378198
0.075818,-2.589573
0.07582,-0.9714751
0.075822,0.7853174
0.075824,2.4034152
0.075826,3.744125
0.075828,4.622521
0.07583,4.8999095
0.075832,4.622521
0.075834,3.7903562
0.075836,2.4496465
0.075838,0.8315482
0.07584,-0.8790121
0.075842,-2.4971101
0.075844,-3.8378198
0.075846,-4.669985
0.075848,-4.9011416
0.07585,-4.577522
0.075852,-3.6991258
0.075854,-2.3584158
0.075856,-0.694087
0.075858,1.0627055
0.07586,2.6345725
0.075862,3.92905
0.075864,4.7149835
0.075866,4.8999095
0.075868,4.5300584
0.07587,3.605431
0.075872,2.2184901
0.075874,0.60039186
0.075876,-1.1101689
0.075878,-2.6820357
0.07588,-3.976514
0.075882,-4.716216
0.075884,-4.9011416
0.075885996,-4.4850593
0.075888,-3.5142004
0.07589,-2.1272593
0.075892,-0.46292973
0.075894,1.2938623
0.075896,2.8657289
0.075898,4.0677447
0.0759,4.7612157
0.075902,4.8999095
0.075904,4.437596
0.075906,3.420505
0.075908,1.9873328
0.07591,0.3230033
0.075912,-1.387557
0.075914,-2.9131925
0.075916,-4.115208
0.075918,-4.7624474
0.07592,-4.85491
0.075922,-4.3925962
0.075924,-3.3755062
0.075926,-1.8961024
0.075928,-0.18554163
0.07593,1.5250192
0.075931996,3.050654
0.075934,4.2064385
0.075936,4.807446
0.075938,4.8536773
0.07594,4.3451324
0.075942,3.23558
0.075944,1.756176
0.075946,0.091846466
0.075948,-1.5724826
0.07595,-3.098118
0.075952,-4.2539024
0.075954,-4.85491
0.075956,-4.85491
0.075958,-4.3001337
0.07596,-3.1905808
0.075962,-1.6649456
0.075964,0.045615196
0.075966,1.756176
0.075968,3.23558
0.07597,4.3451324
0.075972,4.8536773
0.075974,4.807446
0.075976,4.2064385
0.075978,3.050654
0.07598,1.5250192
0.075982,-0.13931036
0.075984,-1.8036394
0.075986,-3.2830436
0.075988,-4.3925962
0.07599,-4.85491
0.075992,-4.8086786
0.075994,-4.1614394
0.075996,-2.9594238
0.075998,-1.4337888
0.076,0.27677202
0.076002,1.9873328
0.076004,3.420505
0.076006,4.437596
0.076008,4.8999095
0.076009996,4.7612157
0.076012,4.0677447
0.076014,2.8657289
0.076016,1.3400936
0.076018,-0.41669846
0.07602,-2.0347965
0.076022,-3.467969
0.076024,-4.4388275
0.076026,-4.9011416
0.076028,-4.716216
0.07603,-4.022745
0.076032,-2.7744985
0.076034,-1.202632
0.076036,0.5541601
0.076038,2.2184901
0.07604,3.605431
0.076042,4.5300584
0.076044,4.8999095
0.076046,4.7149835
0.076048,3.92905
0.07605,2.6345725
0.076052,1.0627055
0.076054,-0.6478553
0.076055996,-2.2659533
0.076058,-3.6528945
0.07606,-4.577522
0.076062,-4.9011416
0.076064,-4.669985
0.076066,-3.8378198
0.076068,-2.589573
0.07607,-0.9714751
0.076072,0.7853174
0.076074,2.4034152
0.076076,3.7903562
0.076078,4.622521
0.07608,4.8999095
0.076082,4.622521
0.076084,3.7903562
0.076086,2.4496465
0.076088,0.8315482
0.07609,-0.8790121
0.076092,-2.4971101
0.076094,-3.8378198
0.076096,-4.623753
0.076098,-4.9011416
0.0761,-4.577522
0.076102,-3.6991258
0.076104,-2.3584158
0.076106,-0.694087
0.076108,1.0627055
0.07611,2.6345725
0.076112,3.92905
0.076114,4.7149835
0.076116,4.8999095
0.076118,4.5300584
0.07612,3.605431
0.076122,2.2184901
0.076124,0.60039186
0.076126,-1.1101689
0.076128,-2.6820357
0.07613,-3.976514
0.076132,-4.716216
0.076133996,-4.9011416
0.076136,-4.4850593
0.076138,-3.5142004
0.07614,-2.1272593
0.076142,-0.46292973
0.076144,1.2938623
0.076146,2.8657289
0.076148,4.0677447
0.07615,4.7612157
0.076152,4.8999095
0.076154,4.437596
0.076156,3.420505
0.076158,1.9873328
0.07616,0.3230033
0.076162,-1.387557
0.076164,-2.9131925
0.076166,-4.115208
0.076168,-4.7624474
0.07617,-4.85491
0.076172,-4.3925962
0.076174,-3.3755062
0.076176,-1.8961024
0.076178,-0.18554163
0.076179996,1.5250192
0.076182,3.050654
0.076184,4.2064385
0.076186,4.807446
0.076188,4.8536773
0.07619,4.3451324
0.076192,3.23558
0.076194,1.756176
0.076196,0.091846466
0.076198,-1.5724826
0.0762,-3.098118
0.076202,-4.2539024
0.076204,-4.85491
0.076206,-4.85491
0.076208,-4.2539024
0.07621,-3.1905808
0.076212,-1.6649456
0.076214,0.045615196
0.076216,1.756176
0.076218,3.23558
0.07622,4.3451324
0.076222,4.8536773
0.076224,4.807446
0.076226,4.2064385
0.076228,3.050654
0.07623,1.5250192
0.076232,-0.13931036
0.076234,-1.8036394
0.076236,-3.2830436
0.076238,-4.3925962
0.07624,-4.85491
0.076242,-4.7624474
0.076244,-4.1614394
0.076246,-2.9594238
0.076248,-1.4337888
0.07625,0.27677202
0.076252,1.9873328
0.076254,3.420505
0.076256,4.437596
0.076257996,4.8999095
0.07626,4.7612157
0.076262,4.0677447
0.076264,2.8657289
0.076266,1.3400936
0.076268,-0.41669846
0.07627,-2.0347965
0.076272,-3.467969
0.076274,-4.4388275
0.076276,-4.9011416
0.076278,-4.716216
0.07628,-4.022745
0.076282,-2.7744985
0.076284,-1.202632
0.076286,0.5541601
0.076288,2.2184901
0.07629,3.605431
0.076292,4.5300584
0.076294,4.8999095
0.076296,4.7149835
0.076298,3.92905
0.0763,2.6345725
0.076302,1.0627055
0.076303996,-0.6478553
0.076306,-2.2659533
0.076308,-3.6528945
0.07631,-4.577522
0.076312,-4.9011416
0.076314,-4.669985
0.076316,-3.8378198
0.076318,-2.589573
0.07632,-0.9714751
0.076322,0.7853174
0.076324,2.4034152
0.076326,3.7903562
0.076328,4.622521
0.07633,4.8999095
0.076332,4.622521
0.076334,3.7903562
0.076336,2.4496465
0.076338,0.8315482
0.07634,-0.8790121
0.076342,-2.4971101
0.076344,-3.8378198
0.076346,-4.669985
0.076348,-4.9011416
0.07635,-4.577522
0.076352,-3.6991258
0.076354,-2.3584158
0.076356,-0.694087
0.076358,1.0627055
0.07636,2.6345725
0.076362,3.92905
0.076364,4.7149835
0.076366,4.8999095
0.076368,4.5300584
0.07637,3.605431
0.076372,2.2184901
0.076374,0.60039186
0.076376,-1.1564007
0.076378,-2.6820357
0.07638,-3.976514
0.076381996,-4.716216
0.076384,-4.9011416
0.076386,-4.4850593
0.076388,-3.5142004
0.07639,-2.1272593
0.076392,-0.46292973
0.076394,1.2938623
0.076396,2.8657289
0.076398,4.0677447
0.0764,4.7612157
0.076402,4.8999095
0.076404,4.437596
0.076406,3.420505
0.076408,1.9873328
0.07641,0.3230033
0.076412,-1.387557
0.076414,-2.9131925
0.076416,-4.115208
0.076418,-4.7624474
0.07642,-4.85491
0.076422,-4.3925962
0.076424,-3.3755062
0.076426,-1.8961024
0.076427996,-0.18554163
0.07643,1.5250192
0.076432,3.050654
0.076434,4.2064385
0.076436,4.807446
0.076438,4.8536773
0.07644,4.3451324
0.076442,3.23558
0.076444,1.756176
0.076446,0.091846466
0.076448,-1.5724826
0.07645,-3.098118
0.076452,-4.2539024
0.076454,-4.85491
0.076456,-4.85491
0.076458,-4.2539024
0.07646,-3.1905808
0.076462,-1.6649456
0.076464,0.045615196
0.076466,1.756176
0.076468,3.23558
0.07647,4.3451324
0.076472,4.8536773
0.076474,4.807446
0.076476,4.2064385
0.076478,3.050654
0.07648,1.5250192
0.076482,-0.13931036
0.076484,-1.8036394
0.076486,-3.2830436
0.076488,-4.3925962
0.07649,-4.85491
0.076492,-4.8086786
0.076494,-4.1614394
0.076496,-2.9594238
0.076498,-1.4337888
0.0765,0.3230033
0.076502,1.9873328
0.076504,3.420505
0.076506,4.437596
0.076508,4.8999095
0.07651,4.7612157
0.076512,4.0677447
0.076514,2.8657289
0.076516,1.3400936
0.076518,-0.41669846
0.07652,-2.0347965
0.076522,-3.467969
0.076524,-4.4388275
0.076526,-4.9011416
0.076528,-4.716216
0.07653,-4.022745
0.076532,-2.7744985
0.076534,-1.202632
0.076536,0.5541601
0.076538,2.2184901
0.07654,3.605431
0.076542,4.5300584
0.076544,4.8999095
0.076546,4.7149835
0.076548,3.92905
0.07655,2.6345725
0.076551996,1.0627055
0.076554,-0.6478553
0.076556,-2.2659533
0.076558,-3.6528945
0.07656,-4.577522
0.076562,-4.9011416
0.076564,-4.669985
0.076566,-3.8378198
0.076568,-2.589573
0.07657,-0.9714751
0.076572,0.7853174
0.076574,2.4034152
0.076576,3.7903562
0.076578,4.622521
0.07658,4.946141
0.076582,4.622521
0.076584,3.7903562
0.076586,2.4496465
0.076588,0.8315482
0.07659,-0.8790121
0.076592,-2.4971101
0.076594,-3.8378198
0.076596,-4.669985
0.076598,-4.9011416
0.0766,-4.577522
0.076602,-3.6991258
0.076604,-2.3584158
0.076606,-0.694087
0.076608,1.0627055
0.07661,2.6345725
0.076612,3.92905
0.076614,4.7149835
0.076616,4.8999095
0.076618,4.5300584
0.07662,3.605431
0.076622,2.2184901
0.076624,0.60039186
0.076626,-1.1564007
0.076628,-2.6820357
0.07663,-3.976514
0.076632,-4.716216
0.076634,-4.9011416
0.076636,-4.4850593
0.076638,-3.5142004
0.07664,-2.1272593
0.076642,-0.46292973
0.076644,1.2938623
0.076646,2.8657289
0.076648,4.0677447
0.07665,4.7612157
0.076652,4.8999095
0.076654,4.437596
0.076656,3.420505
0.076658,1.9873328
0.07666,0.3230033
0.076662,-1.387557
0.076664,-2.9131925
0.076666,-4.115208
0.076668,-4.7624474
0.07667,-4.85491
0.076672,-4.3925962
0.076674,-3.3755062
0.076675996,-1.8961024
0.076678,-0.18554163
0.07668,1.5250192
0.076682,3.050654
0.076684,4.2064385
0.076686,4.807446
0.076688,4.8536773
0.07669,4.3451324
0.076692,3.23558
0.076694,1.756176
0.076696,0.091846466
0.076698,-1.5724826
0.0767,-3.098118
0.076702,-4.2539024
0.076704,-4.85491
0.076706,-4.85491
0.076708,-4.2539024
0.07671,-3.1905808
0.076712,-1.6649456
0.076714,0.045615196
0.076716,1.756176
0.076718,3.23558
0.07672,4.3451324
0.076722,4.8536773
0.076724,4.807446
0.076726,4.2064385
0.076728,3.050654
0.07673,1.5250192
0.076732,-0.13931036
0.076734,-1.8036394
0.076736,-3.2830436
0.076738,-4.3925962
0.07674,-4.85491
0.076742,-4.8086786
0.076744,-4.1614394
0.076746,-2.9594238
0.076748,-1.4337888
0.07675,0.045615196
0.076752,0.46169758
0.076754,0.8315482
0.076756,1.2013993
0.076758,1.5712504
0.07676,1.9411016
0.076762,2.2647214
0.076764,2.5883412
0.076766,2.9119601
0.076768,3.23558
0.07677,3.5129685
0.076772,3.7903562
0.076774,4.0215135
0.076776,4.252671
0.076778,4.437596
0.07678,4.5762897
0.076782,4.7149835
0.076784,4.8536773
0.076786,4.946141
0.076788,4.992371
0.07679,5.0386033
0.076792,5.0386033
0.076794,5.0386033
0.076796,4.946141
0.076798,4.8999095
0.076799996,4.7612157
0.076802,4.622521
0.076804,4.483826
0.076806,4.298901
0.076808,4.113976
0.07681,3.8828197
0.076812,3.605431
0.076814,3.3280425
0.076816,3.050654
0.076818,2.727035
0.07682,2.4034152
0.076822,2.033564
0.076824,1.7099442
0.076826,1.3400936
0.076828,0.970243
0.07683,0.60039186
0.076832,0.23054075
0.076834,-0.13931036
0.076836,-0.55539227
0.076838,-0.9252434
0.07684,-1.2950945
0.076842,-1.6187139
0.076844,-1.9885652
0.076845996,-2.3121846
0.076848,-2.6820357
0.07685,-2.9594238
0.076852,-3.2830436
0.076854,-3.5604317
0.076856,-3.8378198
0.076858,-4.068977
0.07686,-4.3001337
0.076862,-4.4388275
0.076864,-4.623753
0.076866,-4.7624474
0.076868,-4.85491
0.07687,-4.947373
0.076872,-4.993604
0.076874,-5.0398355
0.076876,-4.993604
0.076878,-4.993604
0.07688,-4.947373
0.076882,-4.85491
0.076884,-4.716216
0.076886,-4.577522
0.076888,-4.4388275
0.07689,-4.2539024
0.076892,-4.022745
0.076894,-3.7915885
0.076896,-3.5142004
0.076898,-3.236812
0.0769,-2.9131925
0.076902,-2.589573
0.076904,-2.2659533
0.076906,-1.9423337
0.076908,-1.5724826
0.07691,-1.202632
0.076912,-0.83278084
0.076914,-0.46292973
0.076916,-0.09307861
0.076918,0.3230033
0.07692,0.6928544
0.076922,1.0627055
0.076923996,1.4325566
0.076926,1.756176
0.076928,2.126027
0.07693,2.4496465
0.076932,2.7732663
0.076934,3.0968862
0.076936,3.3742738
0.076938,3.6516623
0.07694,3.92905
0.076942,4.1602073
0.076944,4.3451324
0.076946,4.483826
0.076948,4.668752
0.07695,4.807446
0.076952,4.8999095
0.076954,4.992371
0.076956,5.0386033
0.076958,5.0386033
0.07696,5.0386033
0.076962,4.992371
0.076964,4.8999095
0.076966,4.807446
0.076968,4.668752
0.076969996,4.5300584
0.076972,4.3913646
0.076974,4.1602073
0.076976,3.92905
0.076978,3.6978936
0.07698,3.420505
0.076982,3.1431174
0.076984,2.8194976
0.076986,2.4958777
0.076988,2.172258
0.07699,1.8024073
0.076992,1.4787879
0.076994,1.1089368
0.076996,0.7390857
0.076998,0.36923456
0.077,-0.046847343
0.077002,-0.41669846
0.077004,-0.78654957
0.077006,-1.1564007
0.077008,-1.5262513
0.07701,-1.8498712
0.077012,-2.2197218
0.077014,-2.5433414
0.077016,-2.866961
0.077018,-3.1905808
0.07702,-3.467969
0.077022,-3.745357
0.077024,-3.976514
0.077026,-4.2076707
0.077028,-4.3925962
0.07703,-4.5312905
0.077032,-4.716216
0.077034,-4.8086786
0.077036,-4.9011416
0.077038,-4.993604
0.07704,-4.993604
0.077042,-5.0398355
0.077044,-4.993604
0.077046,-4.947373
0.077047996,-4.85491
0.07705,-4.7624474
0.077052,-4.623753
0.077054,-4.4850593
0.077056,-4.3001337
0.077058,-4.115208
0.07706,-3.8840513
0.077062,-3.6066632
0.077064,-3.329275
0.077066,-3.0518866
0.077068,-2.728267
0.07707,-2.4046474
0.077072,-2.0347965
0.077074,-1.6649456
0.077076,-1.3413262
0.077078,-0.9714751
0.07708,-0.601624
0.077082,-0.2317729
0.077084,0.184309
0.077086,0.5541601
0.077088,0.92401123
0.07709,1.2938623
0.077092,1.6637135
0.077093996,1.9873328
0.077096,2.357184
0.077098,2.6808028
0.0771,3.0044227
0.077102,3.2818112
0.077104,3.5591989
0.077106,3.8365874
0.077108,4.0677447
0.07711,4.298901
0.077112,4.437596
0.077114,4.622521
0.077116,4.7612157
0.077118,4.8536773
0.07712,4.946141
0.077122,4.992371
0.077124,5.0386033
0.077126,5.0386033
0.077128,4.992371
0.07713,4.946141
0.077132,4.8536773
0.077134,4.7149835
0.077136,4.5762897
0.077138,4.437596
0.07714,4.252671
0.077142,4.0215135
0.077144,3.7903562
0.077146,3.5129685
0.077148,3.23558
0.07715,2.9119601
0.077152,2.6345725
0.077154,2.2647214
0.077156,1.9411016
0.077158,1.5712504
0.07716,1.2476311
0.077162,0.87777996
0.077164,0.46169758
0.077166,0.091846466
0.077168,-0.27800417
0.07717,-0.6478553
0.077171996,-1.0639377
0.077174,-1.4337888
0.077176,-1.7574081
0.077178,-2.081028
0.07718,-2.4508786
0.077182,-2.7744985
0.077184,-3.098118
0.077186,-3.3755062
0.077188,-3.6528945
0.07719,-3.9302826
0.077192,-4.115208
0.077194,-4.346365
0.077196,-4.4850593
0.077198,-4.669985
0.0772,-4.7624474
0.077202,-4.9011416
0.077204,-4.947373
0.077206,-4.993604
0.077208,-5.0398355
0.07721,-4.993604
0.077212,-4.947373
0.077214,-4.9011416
0.077216,-4.8086786
0.077217996,-4.669985
0.07722,-4.5312905
0.077222,-4.3925962
0.077224,-4.1614394
0.077226,-3.9302826
0.077228,-3.6991258
0.07723,-3.4217377
0.077232,-3.1443493
0.077234,-2.8207297
0.077236,-2.4971101
0.077238,-2.1734905
0.07724,-1.8036394
0.077242,-1.48002
0.077244,-1.1101689
0.077246,-0.7403178
0.077248,-0.32423592
0.07725,0.045615196
0.077252,0.4154663
0.077254,0.7853174
0.077256,1.2013993
0.077258,1.5250192
0.07726,1.8948698
0.077262,2.2184901
0.077264,2.5883412
0.077266,2.9119601
0.077268,3.1893477
0.07727,3.4667363
0.077272,3.744125
0.077274,3.9752812
0.077276,4.2064385
0.077278,4.437596
0.07728,4.5762897
0.077282,4.7149835
0.077284,4.807446
0.077286,4.946141
0.077288,4.992371
0.07729,5.0386033
0.077292,5.0386033
0.077294,4.992371
0.077295996,4.946141
0.077298,4.8999095
0.0773,4.7612157
0.077302,4.622521
0.077304,4.483826
0.077306,4.298901
0.077308,4.113976
0.07731,3.8828197
0.077312,3.605431
0.077314,3.3280425
0.077316,3.050654
0.077318,2.727035
0.07732,2.4034152
0.077322,2.033564
0.077324,1.7099442
0.077326,1.3400936
0.077328,0.970243
0.07733,0.60039186
0.077332,0.23054075
0.077334,-0.13931036
0.077336,-0.55539227
0.077338,-0.9252434
0.07734,-1.2950945
0.077341996,-1.6187139
0.077344,-1.9885652
0.077346,-2.3121846
0.077348,-2.6820357
0.07735,-2.9594238
0.077352,-3.2830436
0.077354,-3.5604317
0.077356,-3.8378198
0.077358,-4.068977
0.07736,-4.3001337
0.077362,-4.4388275
0.077364,-4.623753
0.077366,-4.7624474
0.077368,-4.85491
0.07737,-4.947373
0.077372,-4.993604
0.077374,-5.0398355
0.077376,-4.993604
0.077378,-4.993604
0.07738,-4.9011416
0.077382,-4.85491
0.077384,-4.716216
0.077386,-4.577522
0.077388,-4.4388275
0.07739,-4.2539024
0.077392,-4.022745
0.077394,-3.7915885
0.077396,-3.5142004
0.077398,-3.236812
0.0774,-2.9131925
0.077402,-2.589573
0.077404,-2.2659533
0.077406,-1.9423337
0.077408,-1.5724826
0.07741,-1.202632
0.077412,-0.83278084
0.077414,-0.46292973
0.077416,-0.09307861
0.077418,0.3230033
0.077419996,0.6928544
0.077422,1.0627055
0.077424,1.4325566
0.077426,1.756176
0.077428,2.126027
0.07743,2.4496465
0.077432,2.7732663
0.077434,3.0968862
0.077436,3.3742738
0.077438,3.6516623
0.07744,3.92905
0.077442,4.1602073
0.077444,4.3451324
0.077446,4.5300584
0.077448,4.668752
0.07745,4.807446
0.077452,4.8999095
0.077454,4.992371
0.077456,5.0386033
0.077458,5.0386033
0.07746,5.0386033
0.077462,4.992371
0.077464,4.8999095
0.077465996,4.807446
0.077468,4.668752
0.07747,4.5300584
0.077472,4.3913646
0.077474,4.1602073
0.077476,3.92905
0.077478,3.6978936
0.07748,3.420505
0.077482,3.1431174
0.077484,2.8194976
0.077486,2.4958777
0.077488,2.172258
0.07749,1.8024073
0.077492,1.4787879
0.077494,1.1089368
0.077496,0.7390857
0.077498,0.36923456
0.0775,-0.046847343
0.077502,-0.41669846
0.077504,-0.78654957
0.077506,-1.1564007
0.077508,-1.5262513
0.07751,-1.8498712
0.077512,-2.2197218
0.077514,-2.5433414
0.077516,-2.866961
0.077518,-3.1905808
0.07752,-3.467969
0.077522,-3.745357
0.077524,-3.976514
0.077526,-4.2076707
0.077528,-4.3925962
0.07753,-4.5312905
0.077532,-4.716216
0.077534,-4.8086786
0.077536,-4.9011416
0.077538,-4.993604
0.07754,-4.993604
0.077542,-5.0398355
0.077543996,-4.993604
0.077546,-4.947373
0.077548,-4.85491
0.07755,-4.7624474
0.077552,-4.623753
0.077554,-4.4850593
0.077556,-4.3001337
0.077558,-4.115208
0.07756,-3.8840513
0.077562,-3.6066632
0.077564,-3.329275
0.077566,-3.0518866
0.077568,-2.728267
0.07757,-2.4046474
0.077572,-2.0347965
0.077574,-1.6649456
0.077576,-1.3413262
0.077578,-0.9714751
0.07758,-0.601624
0.077582,-0.2317729
0.077584,0.184309
0.077586,0.5541601
0.077588,0.92401123
0.077589996,1.2938623
0.077592,1.6637135
0.077594,1.9873328
0.077596,2.357184
0.077598,2.6808028
0.0776,3.0044227
0.077602,3.2818112
0.077604,3.5591989
0.077606,3.8365874
0.077608,4.0677447
0.07761,4.298901
0.077612,4.437596
0.077614,4.622521
0.077616,4.7612157
0.077618,4.8536773
0.07762,4.946141
0.077622,4.992371
0.077624,5.0386033
0.077626,5.0386033
0.077628,4.992371
0.07763,4.946141
0.077632,4.8536773
0.077634,4.7149835
0.077636,4.5762897
0.077638,4.437596
0.07764,4.252671
0.077642,4.0215135
0.077644,3.7903562
0.077646,3.5129685
0.077648,3.23558
0.07765,2.9119601
0.077652,2.6345725
0.077654,2.2647214
0.077656,1.9411016
0.077658,1.5712504
0.07766,1.2476311
0.077662,0.87777996
0.077664,0.46169758
0.077666,0.091846466
0.077668,-0.27800417
0.07767,-0.6478553
0.077672,-1.0639377
0.077674,-1.4337888
0.077676,-1.7574081
0.077678,-2.081028
0.07768,-2.4508786
0.077682,-2.7744985
0.077684,-3.098118
0.077686,-3.3755062
0.077688,-3.6528945
0.07769,-3.9302826
0.077692,-4.1614394
0.077694,-4.346365
0.077696,-4.4850593
0.077698,-4.669985
0.0777,-4.7624474
0.077702,-4.9011416
0.077704,-4.947373
0.077706,-4.993604
0.077708,-5.0398355
0.07771,-4.993604
0.077712,-4.947373
0.077713996,-4.9011416
0.077716,-4.8086786
0.077718,-4.669985
0.07772,-4.5312905
0.077722,-4.3925962
0.077724,-4.1614394
0.077726,-3.9302826
0.077728,-3.6991258
0.07773,-3.4217377
0.077732,-3.1443493
0.077734,-2.8207297
0.077736,-2.4971101
0.077738,-2.1734905
0.07774,-1.8036394
0.077742,-1.48002
0.077744,-1.1101689
0.077746,-0.7403178
0.077748,-0.32423592
0.07775,0.3230033
0.077752,1.9411016
0.077754,3.3742738
0.077756,4.437596
0.077758,4.8536773
0.07776,4.7149835
0.077762,4.0215135
0.077764,2.8194976
0.077766,1.2938623
0.077768,-0.41669846
0.07777,-2.081028
0.077772,-3.5142004
0.077774,-4.4850593
0.077776,-4.9011416
0.077778,-4.7624474
0.07778,-4.022745
0.077782,-2.7744985
0.077784,-1.202632
0.077786,0.5541601
0.077788,2.2184901
0.07779,3.605431
0.077792,4.5300584
0.077794,4.8999095
0.077796,4.668752
0.077798,3.92905
0.0778,2.6345725
0.077802,1.0627055
0.077804,-0.6478553
0.077806,-2.2659533
0.077808,-3.6528945
0.07781,-4.577522
0.077812,-4.9011416
0.077814,-4.669985
0.077816,-3.8378198
0.077818,-2.5433414
0.07782,-0.9714751
0.077822,0.7853174
0.077824,2.4034152
0.077826,3.7903562
0.077828,4.622521
0.07783,4.8999095
0.077832,4.622521
0.077834,3.744125
0.077836,2.4496465
0.077837996,0.8315482
0.07784,-0.8790121
0.077842,-2.4971101
0.077844,-3.8378198
0.077846,-4.669985
0.077848,-4.9011416
0.07785,-4.577522
0.077852,-3.6991258
0.077854,-2.3584158
0.077856,-0.694087
0.077858,1.0627055
0.07786,2.6345725
0.077862,3.92905
0.077864,4.7149835
0.077866,4.8999095
0.077868,4.5300584
0.07787,3.605431
0.077872,2.2184901
0.077874,0.60039186
0.077876,-1.1564007
0.077878,-2.6820357
0.07788,-3.976514
0.077882,-4.716216
0.077884,-4.9011416
0.077886,-4.4850593
0.077888,-3.5142004
0.07789,-2.1272593
0.077892,-0.46292973
0.077894,1.2938623
0.077896,2.8657289
0.077898,4.0677447
0.0779,4.7612157
0.077902,4.8999095
0.077904,4.437596
0.077906,3.420505
0.077908,1.9873328
0.07791,0.3230033
0.077912,-1.387557
0.077914,-2.9131925
0.077916,-4.115208
0.077918,-4.7624474
0.07792,-4.85491
0.077922,-4.3925962
0.077924,-3.329275
0.077926,-1.8961024
0.077928,-0.18554163
0.07793,1.5250192
0.077932,3.050654
0.077934,4.2064385
0.077936,4.807446
0.077938,4.8536773
0.07794,4.3451324
0.077942,3.23558
0.077944,1.756176
0.077946,0.091846466
0.077948,-1.5724826
0.07795,-3.098118
0.077952,-4.2539024
0.077954,-4.85491
0.077956,-4.85491
0.077958,-4.2539024
0.07796,-3.1443493
0.077961996,-1.6649456
0.077964,0.045615196
0.077966,1.756176
0.077968,3.23558
0.07797,4.3451324
0.077972,4.8536773
0.077974,4.807446
0.077976,4.2064385
0.077978,3.050654
0.07798,1.5250192
0.077982,-0.18554163
0.077984,-1.8036394
0.077986,-3.329275
0.077988,-4.3925962
0.07799,-4.85491
0.077992,-4.8086786
0.077994,-4.1614394
0.077996,-2.9594238
0.077998,-1.4337888
0.078,0.3230033
0.078002,1.9873328
0.078004,3.420505
0.078006,4.437596
0.078007996,4.8999095
0.07801,4.7612157
0.078012,4.0677447
0.078014,2.8657289
0.078016,1.2938623
0.078018,-0.41669846
0.07802,-2.0347965
0.078022,-3.467969
0.078024,-4.4850593
0.078026,-4.9011416
0.078028,-4.716216
0.07803,-4.022745
0.078032,-2.7744985
0.078034,-1.202632
0.078036,0.5541601
0.078038,2.2184901
0.07804,3.605431
0.078042,4.5300584
0.078044,4.8999095
0.078046,4.7149835
0.078048,3.92905
0.07805,2.6345725
0.078052,1.0627055
0.078054,-0.6478553
0.078056,-2.2659533
0.078058,-3.6528945
0.07806,-4.577522
0.078062,-4.9011416
0.078064,-4.669985
0.078066,-3.8378198
0.078068,-2.5433414
0.07807,-0.9252434
0.078072,0.7853174
0.078074,2.4496465
0.078076,3.7903562
0.078078,4.622521
0.07808,4.8999095
0.078082,4.622521
0.078084,3.744125
0.078085996,2.4496465
0.078088,0.8315482
0.07809,-0.8790121
0.078092,-2.4971101
0.078094,-3.8378198
0.078096,-4.669985
0.078098,-4.9011416
0.0781,-4.577522
0.078102,-3.6991258
0.078104,-2.3584158
0.078106,-0.694087
0.078108,1.0627055
0.07811,2.6345725
0.078112,3.92905
0.078114,4.7149835
0.078116,4.8999095
0.078118,4.5300584
0.07812,3.605431
0.078122,2.2184901
0.078124,0.60039186
0.078126,-1.1564007
0.078128,-2.6820357
0.07813,-3.976514
0.078131996,-4.716216
0.078134,-4.9011416
0.078136,-4.4850593
0.078138,-3.5142004
0.07814,-2.1272593
0.078142,-0.46292973
0.078144,1.2938623
0.078146,2.8657289
0.078148,4.0677447
0.07815,4.7612157
0.078152,4.8999095
0.078154,4.437596
0.078156,3.420505
0.078158,1.9873328
0.07816,0.3230033
0.078162,-1.387557
0.078164,-2.9131925
0.078166,-4.115208
0.078168,-4.8086786
0.07817,-4.85491
0.078172,-4.3925962
0.078174,-3.329275
0.078176,-1.8961024
0.078178,-0.18554163
0.07818,1.5250192
0.078182,3.050654
0.078184,4.2064385
0.078186,4.807446
0.078188,4.8536773
0.07819,4.3451324
0.078192,3.23558
0.078194,1.756176
0.078196,0.091846466
0.078198,-1.5724826
0.0782,-3.098118
0.078202,-4.2539024
0.078204,-4.85491
0.078206,-4.85491
0.078208,-4.2539024
0.078209996,-3.1443493
0.078212,-1.6649456
0.078214,0.045615196
0.078216,1.756176
0.078218,3.23558
0.07822,4.3451324
0.078222,4.8536773
0.078224,4.807446
0.078226,4.2064385
0.078228,3.050654
0.07823,1.5250192
0.078232,-0.18554163
0.078234,-1.8036394
0.078236,-3.2830436
0.078238,-4.3925962
0.07824,-4.85491
0.078242,-4.8086786
0.078244,-4.1614394
0.078246,-2.9594238
0.078248,-1.4337888
0.07825,0.3230033
0.078252,1.9873328
0.078254,3.420505
0.078255996,4.437596
0.078258,4.8999095
0.07826,4.7612157
0.078262,4.0677447
0.078264,2.8657289
0.078266,1.2938623
0.078268,-0.41669846
0.07827,-2.0347965
0.078272,-3.5142004
0.078274,-4.4850593
0.078276,-4.9011416
0.078278,-4.716216
0.07828,-4.022745
0.078282,-2.7744985
0.078284,-1.202632
0.078286,0.5541601
0.078288,2.2184901
0.07829,3.605431
0.078292,4.5300584
0.078294,4.8999095
0.078296,4.7149835
0.078298,3.92905
0.0783,2.6345725
0.078302,1.0627055
0.078304,-0.6478553
0.078306,-2.2659533
0.078308,-3.6528945
0.07831,-4.577522
0.078312,-4.9011416
0.078314,-4.669985
0.078316,-3.8378198
0.078318,-2.5433414
0.07832,-0.9252434
0.078322,0.7853174
0.078324,2.4496465
0.078326,3.7903562
0.078328,4.622521
0.07833,4.946141
0.078332,4.622521
0.078333996,3.744125
0.078336,2.4496465
0.078338,0.8315482
0.07834,-0.8790121
0.078342,-2.4971101
0.078344,-3.8378198
0.078346,-4.669985
0.078348,-4.9011416
0.07835,-4.577522
0.078352,-3.6991258
0.078354,-2.3584158
0.078356,-0.694087
0.078358,1.0627055
0.07836,2.6345725
0.078362,3.92905
0.078364,4.7149835
0.078366,4.8999095
0.078368,4.5300584
0.07837,3.605431
0.078372,2.2184901
0.078374,0.60039186
0.078376,-1.1564007
0.078378,-2.6820357
0.078379996,-3.976514
0.078382,-4.716216
0.078384,-4.9011416
0.078386,-4.4850593
0.078388,-3.5142004
0.07839,-2.1272593
0.078392,-0.46292973
0.078394,1.2938623
0.078396,2.8657289
0.078398,4.0677447
0.0784,4.7612157
0.078402,4.8999095
0.078404,4.437596
0.078406,3.420505
0.078408,1.9873328
0.07841,0.3230033
0.078412,-1.387557
0.078414,-2.9131925
0.078416,-4.115208
0.078418,-4.7624474
0.07842,-4.85491
0.078422,-4.3925962
0.078424,-3.329275
0.078426,-1.8961024
0.078428,-0.18554163
0.07843,1.5250192
0.078432,3.050654
0.078434,4.2064385
0.078436,4.807446
0.078438,4.8536773
0.07844,4.3451324
0.078442,3.23558
0.078444,1.756176
0.078446,0.091846466
0.078448,-1.5724826
0.07845,-3.098118
0.078452,-4.2539024
0.078454,-4.85491
0.078456,-4.85491
0.078457996,-4.2539024
0.07846,-3.1443493
0.078462,-1.6649456
0.078464,0.045615196
0.078466,1.756176
0.078468,3.23558
0.07847,4.3451324
0.078472,4.8536773
0.078474,4.807446
0.078476,4.2064385
0.078478,3.050654
0.07848,1.5250192
0.078482,-0.18554163
0.078484,-1.8036394
0.078486,-3.329275
0.078488,-4.3925962
0.07849,-4.85491
0.078492,-4.7624474
0.078494,-4.1614394
0.078496,-2.9594238
0.078498,-1.4337888
0.0785,0.3230033
0.078502,1.9873328
0.078503996,3.420505
0.078506,4.437596
0.078508,4.8999095
0.07851,4.7612157
0.078512,4.0677447
0.078514,2.8657289
0.078516,1.2938623
0.078518,-0.41669846
0.07852,-2.0347965
0.078522,-3.5142004
0.078524,-4.4850593
0.078526,-4.9011416
0.078528,-4.716216
0.07853,-4.022745
0.078532,-2.7744985
0.078534,-1.202632
0.078536,0.5541601
0.078538,2.2184901
0.07854,3.605431
0.078542,4.5300584
0.078544,4.8999095
0.078546,4.7149835
0.078548,3.92905
0.07855,2.6345725
0.078552,1.0627055
0.078554,-0.6478553
0.078556,-2.2659533
0.078558,-3.6528945
0.07856,-4.577522
0.078562,-4.9011416
0.078564,-4.669985
0.078566,-3.8378198
0.078568,-2.5433414
0.07857,-0.9252434
0.078572,0.7853174
0.078574,2.4496465
0.078576,3.7903562
0.078578,4.622521
0.07858,4.8999095
0.078581996,4.622521
0.078584,3.744125
0.078586,2.4034152
0.078588,0.8315482
0.07859,-0.8790121
0.078592,-2.4971101
0.078594,-3.8378198
0.078596,-4.669985
0.078598,-4.9011416
0.0786,-4.577522
0.078602,-3.6991258
0.078604,-2.3584158
0.078606,-0.694087
0.078608,1.0627055
0.07861,2.6345725
0.078612,3.92905
0.078614,4.7149835
0.078616,4.8999095
0.078618,4.5300584
0.07862,3.605431
0.078622,2.2184901
0.078624,0.60039186
0.078626,-1.1564007
0.078627996,-2.6820357
0.07863,-3.976514
0.078632,-4.716216
0.078634,-4.9011416
0.078636,-4.4850593
0.078638,-3.5142004
0.07864,-2.1272593
0.078642,-0.46292973
0.078644,1.2938623
0.078646,2.8657289
0.078648,4.0677447
0.07865,4.7612157
0.078652,4.8999095
0.078654,4.437596
0.078656,3.420505
0.078658,1.9873328
0.07866,0.3230033
0.078662,-1.387557
0.078664,-2.9131925
0.078666,-4.115208
0.078668,-4.8086786
0.07867,-4.85491
0.078672,-4.3925962
0.078674,-3.329275
0.078676,-1.8961024
0.078678,-0.18554163
0.07868,1.5250192
0.078682,3.050654
0.078684,4.2064385
0.078686,4.807446
0.078688,4.8536773
0.07869,4.3451324
0.078692,3.23558
0.078694,1.756176
0.078696,0.091846466
0.078698,-1.5724826
0.0787,-3.098118
0.078702,-4.2539024
0.078704,-4.85491
0.078706,-4.85491
0.078708,-4.2539024
0.07871,-3.1443493
0.078712,-1.6649456
0.078714,0.045615196
0.078716,1.756176
0.078718,3.23558
0.07872,4.3451324
0.078722,4.8536773
0.078724,4.807446
0.078726,4.2064385
0.078728,3.050654
0.07873,1.5250192
0.078732,-0.18554163
0.078734,-1.8036394
0.078736,-3.329275
0.078738,-4.3925962
0.07874,-4.85491
0.078742,-4.8086786
0.078744,-4.1614394
0.078746,-2.9594238
0.078748,-1.4337888
0.07875,0.045615196
0.078751996,0.46169758
0.078754,0.8315482
0.078756,1.2013993
0.078758,1.5712504
0.07876,1.9411016
0.078762,2.2647214
0.078764,2.5883412
0.078766,2.9119601
0.078768,3.23558
0.07877,3.5129685
0.078772,3.7903562
0.078774,4.0215135
0.078776,4.252671
0.078778,4.437596
0.07878,4.5762897
0.078782,4.7149835
0.078784,4.8536773
0.078786,4.946141
0.078788,4.992371
0.07879,5.0386033
0.078792,5.0386033
0.078794,5.0386033
0.078796,4.946141
0.078798,4.8999095
0.0788,4.7612157
0.078802,4.622521
0.078804,4.483826
0.078806,4.298901
0.078808,4.113976
0.07881,3.8828197
0.078812,3.605431
0.078814,3.3280425
0.078816,3.050654
0.078818,2.727035
0.07882,2.4034152
0.078822,2.033564
0.078824,1.7099442
0.078826,1.3400936
0.078828,0.970243
0.07883,0.60039186
0.078832,0.23054075
0.078834,-0.13931036
0.078836,-0.55539227
0.078838,-0.9252434
0.07884,-1.2950945
0.078842,-1.6187139
0.078844,-1.9885652
0.078846,-2.3121846
0.078848,-2.6820357
0.07885,-2.9594238
0.078852,-3.2830436
0.078854,-3.5604317
0.078856,-3.8378198
0.078858,-4.068977
0.07886,-4.3001337
0.078862,-4.4388275
0.078864,-4.623753
0.078866,-4.7624474
0.078868,-4.85491
0.07887,-4.947373
0.078872,-4.993604
0.078874,-5.0398355
0.078875996,-4.993604
0.078878,-4.993604
0.07888,-4.9011416
0.078882,-4.85491
0.078884,-4.716216
0.078886,-4.577522
0.078888,-4.4388275
0.07889,-4.2539024
0.078892,-4.022745
0.078894,-3.7915885
0.078896,-3.5142004
0.078898,-3.236812
0.0789,-2.9131925
0.078902,-2.589573
0.078904,-2.2659533
0.078906,-1.9423337
0.078908,-1.5724826
0.07891,-1.202632
0.078912,-0.83278084
0.078914,-0.46292973
0.078916,-0.09307861
0.078918,0.3230033
0.07892,0.6928544
0.078922,1.0627055
0.078924,1.4325566
0.078926,1.756176
0.078928,2.126027
0.07893,2.4496465
0.078932,2.7732663
0.078934,3.0968862
0.078936,3.3742738
0.078938,3.6516623
0.07894,3.92905
0.078942,4.1602073
0.078944,4.3451324
0.078946,4.5300584
0.078948,4.668752
0.07895,4.807446
0.078952,4.8999095
0.078954,4.992371
0.078956,5.0386033
0.078958,5.0386033
0.07896,5.0386033
0.078962,4.992371
0.078964,4.8999095
0.078966,4.807446
0.078968,4.668752
0.07897,4.5300584
0.078972,4.3913646
0.078974,4.1602073
0.078976,3.92905
0.078978,3.6978936
0.07898,3.420505
0.078982,3.1431174
0.078984,2.8194976
0.078986,2.4958777
0.078988,2.172258
0.07899,1.8024073
0.078992,1.4787879
0.078994,1.1089368
0.078996,0.7390857
0.078998,0.36923456
0.078999996,-0.046847343
0.079002,-0.41669846
0.079004,-0.78654957
0.079006,-1.1564007
0.079008,-1.5262513
0.07901,-1.8498712
0.079012,-2.2197218
0.079014,-2.5433414
0.079016,-2.866961
0.079018,-3.1905808
0.07902,-3.467969
0.079022,-3.745357
0.079024,-3.976514
0.079026,-4.2076707
0.079028,-4.3925962
0.07903,-4.5312905
0.079032,-4.716216
0.079034,-4.8086786
0.079036,-4.9011416
0.079038,-4.993604
0.07904,-4.993604
0.079042,-5.0398355
0.079044,-4.993604
0.079046,-4.947373
0.079048,-4.85491
0.07905,-4.7624474
0.079052,-4.623753
0.079054,-4.4850593
0.079056,-4.3001337
0.079058,-4.115208
0.07906,-3.8840513
0.079062,-3.6066632
0.079064,-3.329275
0.079066,-3.0518866
0.079068,-2.728267
0.07907,-2.4046474
0.079072,-2.0347965
0.079074,-1.6649456
0.079076,-1.3413262
0.079078,-0.9714751
0.07908,-0.601624
0.079082,-0.2317729
0.079084,0.184309
0.079086,0.5541601
0.079088,0.92401123
0.07909,1.2938623
0.079092,1.6637135
0.079094,1.9873328
0.079096,2.357184
0.079098,2.6808028
0.0791,3.0044227
0.079102,3.2818112
0.079104,3.5591989
0.079106,3.8365874
0.079108,4.0677447
0.07911,4.298901
0.079112,4.437596
0.079114,4.622521
0.079116,4.7612157
0.079118,4.8536773
0.07912,4.946141
0.079122,4.992371
0.079123996,5.0386033
0.079126,5.0386033
0.079128,4.992371
0.07913,4.946141
0.079132,4.8536773
0.079134,4.7149835
0.079136,4.5762897
0.079138,4.437596
0.07914,4.252671
0.079142,4.0215135
0.079144,3.7903562
0.079146,3.5129685
0.079148,3.23558
0.07915,2.9119601
0.079152,2.5883412
0.079154,2.2647214
0.079156,1.9411016
0.079158,1.5712504
0.07916,1.2476311
0.079162,0.87777996
0.079164,0.46169758
0.079166,0.091846466
0.079168,-0.27800417
0.079169996,-0.6478553
0.079172,-1.0639377
0.079174,-1.4337888
0.079176,-1.7574081
0.079178,-2.1272593
0.07918,-2.4508786
0.079182,-2.7744985
0.079184,-3.098118
0.079186,-3.3755062
0.079188,-3.6528945
0.07919,-3.9302826
0.079192,-4.1614394
0.079194,-4.346365
0.079196,-4.4850593
0.079198,-4.669985
0.0792,-4.7624474
0.079202,-4.9011416
0.079204,-4.947373
0.079206,-4.993604
0.079208,-5.0398355
0.07921,-4.993604
0.079212,-4.947373
0.079214,-4.9011416
0.079216,-4.8086786
0.079218,-4.669985
0.07922,-4.5312905
0.079222,-4.3925962
0.079224,-4.1614394
0.079226,-3.9302826
0.079228,-3.6991258
0.07923,-3.4217377
0.079232,-3.1443493
0.079234,-2.8207297
0.079236,-2.4971101
0.079238,-2.1734905
0.07924,-1.8036394
0.079242,-1.48002
0.079244,-1.1101689
0.079246,-0.7403178
0.079247996,-0.32423592
0.07925,0.045615196
0.079252,0.4154663
0.079254,0.8315482
0.079256,1.2013993
0.079258,1.5250192
0.07926,1.8948698
0.079262,2.2184901
0.079264,2.5883412
0.079266,2.9119601
0.079268,3.1893477
0.07927,3.4667363
0.079272,3.744125
0.079274,3.9752812
0.079276,4.2064385
0.079278,4.437596
0.07928,4.5762897
0.079282,4.7149835
0.079284,4.8536773
0.079286,4.8999095
0.079288,4.992371
0.07929,5.0386033
0.079292,5.0386033
0.079293996,4.992371
0.079296,4.946141
0.079298,4.8999095
0.0793,4.7612157
0.079302,4.622521
0.079304,4.483826
0.079306,4.298901
0.079308,4.113976
0.07931,3.8828197
0.079312,3.605431
0.079314,3.3280425
0.079316,3.050654
0.079318,2.727035
0.07932,2.4034152
0.079322,2.033564
0.079324,1.7099442
0.079326,1.3400936
0.079328,0.970243
0.07933,0.60039186
0.079332,0.23054075
0.079334,-0.18554163
0.079336,-0.55539227
0.079338,-0.9252434
0.07934,-1.2950945
0.079342,-1.6187139
0.079344,-1.9885652
0.079346,-2.3121846
0.079348,-2.6820357
0.07935,-3.0056553
0.079352,-3.2830436
0.079354,-3.5604317
0.079356,-3.8378198
0.079358,-4.068977
0.07936,-4.3001337
0.079362,-4.4388275
0.079364,-4.623753
0.079366,-4.7624474
0.079368,-4.85491
0.07937,-4.947373
0.079371996,-4.993604
0.079374,-5.0398355
0.079376,-4.993604
0.079378,-4.993604
0.07938,-4.947373
0.079382,-4.85491
0.079384,-4.716216
0.079386,-4.577522
0.079388,-4.4388275
0.07939,-4.2539024
0.079392,-4.022745
0.079394,-3.7915885
0.079396,-3.5142004
0.079398,-3.236812
0.0794,-2.9131925
0.079402,-2.589573
0.079404,-2.2659533
0.079406,-1.9423337
0.079408,-1.5724826
0.07941,-1.202632
0.079412,-0.83278084
0.079414,-0.46292973
0.079416,-0.09307861
0.079417996,0.3230033
0.07942,0.6928544
0.079422,1.0627055
0.079424,1.4325566
0.079426,1.756176
0.079428,2.126027
0.07943,2.4496465
0.079432,2.7732663
0.079434,3.0968862
0.079436,3.3742738
0.079438,3.6516623
0.07944,3.92905
0.079442,4.1602073
0.079444,4.3451324
0.079446,4.5300584
0.079448,4.668752
0.07945,4.807446
0.079452,4.8999095
0.079454,4.992371
0.079456,4.992371
0.079458,5.0386033
0.07946,5.0386033
0.079462,4.992371
0.079464,4.8999095
0.079466,4.807446
0.079468,4.668752
0.07947,4.5300584
0.079472,4.3913646
0.079474,4.1602073
0.079476,3.92905
0.079478,3.6978936
0.07948,3.420505
0.079482,3.1431174
0.079484,2.8194976
0.079486,2.4958777
0.079488,2.172258
0.07949,1.8024073
0.079492,1.4787879
0.079494,1.1089368
0.079495996,0.7390857
0.079498,0.36923456
0.0795,-0.046847343
0.079502,-0.41669846
0.079504,-0.78654957
0.079506,-1.1564007
0.079508,-1.5262513
0.07951,-1.8498712
0.079512,-2.2197218
0.079514,-2.5433414
0.079516,-2.866961
0.079518,-3.1905808
0.07952,-3.467969
0.079522,-3.745357
0.079524,-3.976514
0.079526,-4.2076707
0.079528,-4.3925962
0.07953,-4.5312905
0.079532,-4.716216
0.079534,-4.8086786
0.079536,-4.9011416
0.079538,-4.993604
0.07954,-4.993604
0.079541996,-5.0398355
0.079544,-4.993604
0.079546,-4.947373
0.079548,-4.85491
0.07955,-4.7624474
0.079552,-4.623753
0.079554,-4.4850593
0.079556,-4.3001337
0.079558,-4.115208
0.07956,-3.8840513
0.079562,-3.6066632
0.079564,-3.329275
0.079566,-3.0518866
0.079568,-2.728267
0.07957,-2.4046474
0.079572,-2.0347965
0.079574,-1.6649456
0.079576,-1.3413262
0.079578,-0.9714751
0.07958,-0.601624
0.079582,-0.2317729
0.079584,0.184309
0.079586,0.5541601
0.079588,0.92401123
0.07959,1.2938623
0.079592,1.6637135
0.079594,1.9873328
0.079596,2.357184
0.079598,2.6808028
0.0796,3.0044227
0.079602,3.2818112
0.079604,3.5591989
0.079606,3.8365874
0.079608,4.0677447
0.07961,4.298901
0.079612,4.437596
0.079614,4.622521
0.079616,4.7612157
0.079618,4.8536773
0.079619996,4.946141
0.079622,4.992371
0.079624,5.0386033
0.079626,5.0386033
0.079628,4.992371
0.07963,4.946141
0.079632,4.8536773
0.079634,4.7149835
0.079636,4.5762897
0.079638,4.437596
0.07964,4.252671
0.079642,4.0215135
0.079644,3.7903562
0.079646,3.5129685
0.079648,3.23558
0.07965,2.9119601
0.079652,2.6345725
0.079654,2.2647214
0.079656,1.9411016
0.079658,1.5712504
0.07966,1.2476311
0.079662,0.8315482
0.079664,0.46169758
0.079665996,0.091846466
0.079668,-0.27800417
0.07967,-0.6478553
0.079672,-1.0639377
0.079674,-1.4337888
0.079676,-1.7574081
0.079678,-2.1272593
0.07968,-2.4508786
0.079682,-2.7744985
0.079684,-3.098118
0.079686,-3.3755062
0.079688,-3.6528945
0.07969,-3.9302826
0.079692,-4.1614394
0.079694,-4.346365
0.079696,-4.4850593
0.079698,-4.669985
0.0797,-4.7624474
0.079702,-4.9011416
0.079704,-4.947373
0.079706,-4.993604
0.079708,-5.0398355
0.07971,-4.993604
0.079712,-4.947373
0.079714,-4.9011416
0.079716,-4.8086786
0.079718,-4.669985
0.07972,-4.5312905
0.079722,-4.3925962
0.079724,-4.1614394
0.079726,-3.9302826
0.079728,-3.6991258
0.07973,-3.4217377
0.079732,-3.1443493
0.079734,-2.8207297
0.079736,-2.4971101
0.079738,-2.1734905
0.07974,-1.8036394
0.079742,-1.48002
0.079743996,-1.1101689
0.079746,-0.7403178
0.079748,-0.32423592
0.07975,0.3230033
0.079752,1.9411016
0.079754,3.3742738
0.079756,4.437596
0.079758,4.8536773
0.07976,4.7149835
0.079762,4.0215135
0.079764,2.8194976
0.079766,1.2938623
0.079768,-0.46292973
0.07977,-2.081028
0.079772,-3.5142004
0.079774,-4.4850593
0.079776,-4.9011416
0.079778,-4.716216
0.07978,-4.022745
0.079782,-2.7744985
0.079784,-1.202632
0.079786,0.5541601
0.079788,2.2184901
0.079789996,3.605431
0.079792,4.5300584
0.079794,4.8999095
0.079796,4.668752
0.079798,3.92905
0.0798,2.6345725
0.079802,1.0627055
0.079804,-0.6478553
0.079806,-2.2659533
0.079808,-3.6991258
0.07981,-4.577522
0.079812,-4.9011416
0.079814,-4.669985
0.079816,-3.8378198
0.079818,-2.5433414
0.07982,-0.9252434
0.079822,0.8315482
0.079824,2.4496465
0.079826,3.7903562
0.079828,4.622521
0.07983,4.8999095
0.079832,4.622521
0.079834,3.744125
0.079836,2.4034152
0.079838,0.8315482
0.07984,-0.9252434
0.079842,-2.4971101
0.079844,-3.8378198
0.079846,-4.669985
0.079848,-4.9011416
0.07985,-4.577522
0.079852,-3.6991258
0.079854,-2.3584158
0.079856,-0.694087
0.079858,1.0627055
0.07986,2.6345725
0.079862,3.92905
0.079864,4.7149835
0.079866,4.8999095
0.079868,4.5300584
0.07987,3.605431
0.079872,2.2184901
0.079874,0.5541601
0.079876,-1.1564007
0.079878,-2.728267
0.07988,-3.976514
0.079882,-4.716216
0.079884,-4.9011416
0.079886,-4.4850593
0.079888,-3.5142004
0.07989,-2.1272593
0.079892,-0.46292973
0.079894,1.2938623
0.079896,2.8657289
0.079898,4.0677447
0.0799,4.7612157
0.079902,4.8999095
0.079904,4.437596
0.079906,3.420505
0.079908,1.9873328
0.07991,0.3230033
0.079912,-1.387557
0.079913996,-2.9131925
0.079916,-4.115208
0.079918,-4.8086786
0.07992,-4.85491
0.079922,-4.3925962
0.079924,-3.329275
0.079926,-1.8961024
0.079928,-0.18554163
0.07993,1.5250192
0.079932,3.050654
0.079934,4.2064385
0.079936,4.807446
0.079938,4.8536773
0.07994,4.3451324
0.079942,3.23558
0.079944,1.756176
0.079946,0.091846466
0.079948,-1.6187139
0.07995,-3.098118
0.079952,-4.2539024
0.079954,-4.85491
0.079956,-4.85491
0.079958,-4.2539024
0.07996,-3.1443493
0.079962,-1.6649456
0.079964,0.045615196
0.079966,1.756176
0.079968,3.23558
0.07997,4.3451324
0.079972,4.8536773
0.079974,4.807446
0.079976,4.2064385
0.079978,3.050654
0.07998,1.5250192
0.079982,-0.18554163
0.079984,-1.8498712
0.079986,-3.329275
0.079988,-4.3925962
0.07999,-4.85491
0.079992,-4.7624474
0.079994,-4.115208
0.079996,-2.9594238
0.079998,-1.4337888
0.08,0.3230033
0.080002,1.9873328
0.080004,3.420505
0.080006,4.437596
0.080008,4.8999095
0.08001,4.7612157
0.080012,4.0677447
0.080014,2.8657289
0.080016,1.2938623
0.080018,-0.41669846
0.08002,-2.0347965
0.080022,-3.5142004
0.080024,-4.4850593
0.080026,-4.9011416
0.080028,-4.716216
0.08003,-3.976514
0.080032,-2.7744985
0.080034,-1.202632
0.080036,0.5541601
0.080037996,2.2184901
0.08004,3.605431
0.080042,4.5300584
0.080044,4.8999095
0.080046,4.7149835
0.080048,3.92905
0.08005,2.6345725
0.080052,1.0627055
0.080054,-0.6478553
0.080056,-2.2659533
0.080058,-3.6528945
0.08006,-4.577522
0.080062,-4.9011416
0.080064,-4.669985
0.080066,-3.8378198
0.080068,-2.5433414
0.08007,-0.9252434
0.080072,0.8315482
0.080074,2.4496465
0.080076,3.7903562
0.080078,4.622521
0.08008,4.8999095
0.080082,4.622521
0.080084,3.744125
0.080086,2.4034152
0.080088,0.8315482
0.08009,-0.9252434
0.080092,-2.4971101
0.080094,-3.8378198
0.080096,-4.669985
0.080098,-4.9011416
0.0801,-4.577522
0.080102,-3.6991258
0.080104,-2.3584158
0.080106,-0.694087
0.080108,1.0627055
0.08011,2.6345725
0.080112,3.92905
0.080114,4.7149835
0.080116,4.8999095
0.080118,4.5300584
0.08012,3.605431
0.080122,2.2184901
0.080124,0.5541601
0.080126,-1.1564007
0.080128,-2.728267
0.08013,-3.976514
0.080132,-4.716216
0.080134,-4.9011416
0.080136,-4.4850593
0.080138,-3.5142004
0.08014,-2.1272593
0.080142,-0.46292973
0.080144,1.2938623
0.080146,2.8657289
0.080148,4.0677447
0.08015,4.7612157
0.080152,4.8999095
0.080154,4.437596
0.080156,3.420505
0.080158,1.9873328
0.08016,0.3230033
0.080161996,-1.387557
0.080164,-2.9131925
0.080166,-4.115208
0.080168,-4.8086786
0.08017,-4.85491
0.080172,-4.3925962
0.080174,-3.329275
0.080176,-1.8961024
0.080178,-0.18554163
0.08018,1.5250192
0.080182,3.050654
0.080184,4.2064385
0.080186,4.807446
0.080188,4.8536773
0.08019,4.3451324
0.080192,3.23558
0.080194,1.756176
0.080196,0.091846466
0.080198,-1.6187139
0.0802,-3.098118
0.080202,-4.2539024
0.080204,-4.85491
0.080206,-4.85491
0.080208,-4.2539024
0.08021,-3.1443493
0.080212,-1.6649456
0.080214,0.045615196
0.080216,1.756176
0.080218,3.23558
0.08022,4.3451324
0.080222,4.8536773
0.080224,4.807446
0.080226,4.2064385
0.080228,3.050654
0.08023,1.5250192
0.080232,-0.18554163
0.080234,-1.8498712
0.080236,-3.329275
0.080238,-4.3925962
0.08024,-4.85491
0.080242,-4.7624474
0.080244,-4.115208
0.080246,-2.9594238
0.080248,-1.4337888
0.08025,0.3230033
0.080252,1.9873328
0.080254,3.420505
0.080256,4.437596
0.080258,4.8999095
0.08026,4.7612157
0.080262,4.0677447
0.080264,2.8657289
0.080266,1.2938623
0.080268,-0.41669846
0.08027,-2.0347965
0.080272,-3.5142004
0.080274,-4.4850593
0.080276,-4.9011416
0.080278,-4.716216
0.08028,-3.976514
0.080282,-2.7744985
0.080284,-1.202632
0.080285996,0.5541601
0.080288,2.2184901
0.08029,3.605431
0.080292,4.5300584
0.080294,4.8999095
0.080296,4.7149835
0.080298,3.92905
0.0803,2.6345725
0.080302,1.0627055
0.080304,-0.6478553
0.080306,-2.2659533
0.080308,-3.6528945
0.08031,-4.577522
0.080312,-4.9011416
0.080314,-4.669985
0.080316,-3.8378198
0.080318,-2.5433414
0.08032,-0.9252434
0.080322,0.8315482
0.080324,2.4496465
0.080326,3.7903562
0.080328,4.622521
0.08033,4.946141
0.080331996,4.622521
0.080334,3.744125
0.080336,2.4034152
0.080338,0.8315482
0.08034,-0.9252434
0.080342,-2.4971101
0.080344,-3.8378198
0.080346,-4.669985
0.080348,-4.9011416
0.08035,-4.577522
0.080352,-3.6991258
0.080354,-2.3584158
0.080356,-0.694087
0.080358,1.0627055
0.08036,2.6345725
0.080362,3.92905
0.080364,4.7149835
0.080366,4.8999095
0.080368,4.5300584
0.08037,3.605431
0.080372,2.2184901
0.080374,0.5541601
0.080376,-1.1564007
0.080378,-2.728267
0.08038,-3.976514
0.080382,-4.716216
0.080384,-4.9011416
0.080386,-4.4850593
0.080388,-3.5142004
0.08039,-2.1272593
0.080392,-0.41669846
0.080394,1.2938623
0.080396,2.8657289
0.080398,4.0677447
0.0804,4.7612157
0.080402,4.8999095
0.080404,4.437596
0.080406,3.420505
0.080408,1.9873328
0.080409996,0.3230033
0.080412,-1.387557
0.080414,-2.9131925
0.080416,-4.115208
0.080418,-4.8086786
0.08042,-4.85491
0.080422,-4.3925962
0.080424,-3.329275
0.080426,-1.8961024
0.080428,-0.18554163
0.08043,1.5250192
0.080432,3.050654
0.080434,4.2064385
0.080436,4.807446
0.080438,4.8536773
0.08044,4.3451324
0.080442,3.23558
0.080444,1.756176
0.080446,0.091846466
0.080448,-1.6187139
0.08045,-3.098118
0.080452,-4.2539024
0.080454,-4.85491
0.080455996,-4.85491
0.080458,-4.2539024
0.08046,-3.1443493
0.080462,-1.6649456
0.080464,0.045615196
0.080466,1.756176
0.080468,3.23558
0.08047,4.3451324
0.080472,4.8536773
0.080474,4.807446
0.080476,4.2064385
0.080478,3.050654
0.08048,1.5250192
0.080482,-0.18554163
0.080484,-1.8498712
0.080486,-3.329275
0.080488,-4.3925962
0.08049,-4.85491
0.080492,-4.7624474
0.080494,-4.115208
0.080496,-2.9594238
0.080498,-1.4337888
0.0805,0.3230033
0.080502,1.9873328
0.080504,3.420505
0.080506,4.437596
0.080508,4.8999095
0.08051,4.7612157
0.080512,4.0677447
0.080514,2.8194976
0.080516,1.2938623
0.080518,-0.41669846
0.08052,-2.0347965
0.080522,-3.5142004
0.080524,-4.4850593
0.080526,-4.9011416
0.080528,-4.716216
0.08053,-3.976514
0.080532,-2.7744985
0.080533996,-1.202632
0.080536,0.5541601
0.080538,2.2184901
0.08054,3.605431
0.080542,4.5300584
0.080544,4.8999095
0.080546,4.668752
0.080548,3.92905
0.08055,2.6345725
0.080552,1.0627055
0.080554,-0.6478553
0.080556,-2.2659533
0.080558,-3.6528945
0.08056,-4.577522
0.080562,-4.9011416
0.080564,-4.669985
0.080566,-3.8378198
0.080568,-2.5433414
0.08057,-0.9252434
0.080572,0.8315482
0.080574,2.4496465
0.080576,3.7903562
0.080578,4.622521
0.080579996,4.8999095
0.080582,4.622521
0.080584,3.744125
0.080586,2.4034152
0.080588,0.8315482
0.08059,-0.9252434
0.080592,-2.4971101
0.080594,-3.8378198
0.080596,-4.669985
0.080598,-4.9011416
0.0806,-4.577522
0.080602,-3.6991258
0.080604,-2.3121846
0.080606,-0.694087
0.080608,1.0627055
0.08061,2.6345725
0.080612,3.92905
0.080614,4.7149835
0.080616,4.8999095
0.080618,4.5300584
0.08062,3.605431
0.080622,2.2184901
0.080624,0.5541601
0.080626,-1.1564007
0.080628,-2.728267
0.08063,-3.976514
0.080632,-4.716216
0.080634,-4.9011416
0.080636,-4.4850593
0.080638,-3.5142004
0.08064,-2.1272593
0.080642,-0.41669846
0.080644,1.2938623
0.080646,2.8657289
0.080648,4.0677447
0.08065,4.7612157
0.080652,4.8999095
0.080654,4.437596
0.080656,3.420505
0.080657996,1.9873328
0.08066,0.3230033
0.080662,-1.387557
0.080664,-2.9131925
0.080666,-4.115208
0.080668,-4.8086786
0.08067,-4.85491
0.080672,-4.3925962
0.080674,-3.329275
0.080676,-1.8961024
0.080678,-0.18554163
0.08068,1.5250192
0.080682,3.050654
0.080684,4.2064385
0.080686,4.807446
0.080688,4.8536773
0.08069,4.3451324
0.080692,3.23558
0.080694,1.756176
0.080696,0.091846466
0.080698,-1.6187139
0.0807,-3.1443493
0.080702,-4.2539024
0.080703996,-4.85491
0.080706,-4.85491
0.080708,-4.2539024
0.08071,-3.1443493
0.080712,-1.6649456
0.080714,0.091846466
0.080716,1.756176
0.080718,3.23558
0.08072,4.3451324
0.080722,4.8536773
0.080724,4.807446
0.080726,4.2064385
0.080728,3.050654
0.08073,1.5250192
0.080732,-0.18554163
0.080734,-1.8498712
0.080736,-3.329275
0.080738,-4.3925962
0.08074,-4.85491
0.080742,-4.7624474
0.080744,-4.115208
0.080746,-2.9594238
0.080748,-1.4337888
0.08075,0.045615196
0.080752,0.46169758
0.080754,0.8315482
0.080756,1.2476311
0.080758,1.5712504
0.08076,1.9411016
0.080762,2.2647214
0.080764,2.5883412
0.080766,2.9119601
0.080768,3.23558
0.08077,3.5129685
0.080772,3.7903562
0.080774,4.0215135
0.080776,4.252671
0.080778,4.437596
0.08078,4.5762897
0.080781996,4.7149835
0.080784,4.8536773
0.080786,4.946141
0.080788,4.992371
0.08079,5.0386033
0.080792,5.0386033
0.080794,5.0386033
0.080796,4.946141
0.080798,4.8999095
0.0808,4.7612157
0.080802,4.622521
0.080804,4.483826
0.080806,4.298901
0.080808,4.113976
0.08081,3.8828197
0.080812,3.605431
0.080814,3.3280425
0.080816,3.050654
0.080818,2.727035
0.08082,2.4034152
0.080822,2.033564
0.080824,1.7099442
0.080826,1.3400936
0.080827996,0.970243
0.08083,0.60039186
0.080832,0.23054075
0.080834,-0.13931036
0.080836,-0.55539227
0.080838,-0.9252434
0.08084,-1.2950945
0.080842,-1.6187139
0.080844,-1.9885652
0.080846,-2.3121846
0.080848,-2.6820357
0.08085,-3.0056553
0.080852,-3.2830436
0.080854,-3.5604317
0.080856,-3.8378198
0.080858,-4.068977
0.08086,-4.3001337
0.080862,-4.4388275
0.080864,-4.623753
0.080866,-4.7624474
0.080868,-4.85491
0.08087,-4.947373
0.080872,-4.993604
0.080874,-5.0398355
0.080876,-4.993604
0.080878,-4.993604
0.08088,-4.9011416
0.080882,-4.85491
0.080884,-4.716216
0.080886,-4.577522
0.080888,-4.4388275
0.08089,-4.2539024
0.080892,-4.022745
0.080894,-3.7915885
0.080896,-3.5142004
0.080898,-3.236812
0.0809,-2.9131925
0.080902,-2.589573
0.080904,-2.2659533
0.080905996,-1.9423337
0.080908,-1.5724826
0.08091,-1.202632
0.080912,-0.83278084
0.080914,-0.46292973
0.080916,-0.09307861
0.080918,0.3230033
0.08092,0.6928544
0.080922,1.0627055
0.080924,1.4325566
0.080926,1.756176
0.080928,2.126027
0.08093,2.4496465
0.080932,2.7732663
0.080934,3.0968862
0.080936,3.3742738
0.080938,3.6516623
0.08094,3.92905
0.080942,4.1602073
0.080944,4.3451324
0.080946,4.5300584
0.080948,4.668752
0.08095,4.807446
0.080951996,4.8999095
0.080954,4.992371
0.080956,5.0386033
0.080958,5.0386033
0.08096,5.0386033
0.080962,4.992371
0.080964,4.8999095
0.080966,4.807446
0.080968,4.668752
0.08097,4.5300584
0.080972,4.3913646
0.080974,4.1602073
0.080976,3.92905
0.080978,3.6978936
0.08098,3.420505
0.080982,3.1431174
0.080984,2.8194976
0.080986,2.4958777
0.080988,2.172258
0.08099,1.8024073
0.080992,1.4787879
0.080994,1.1089368
0.080996,0.7390857
0.080998,0.36923456
0.081,-0.046847343
0.081002,-0.41669846
0.081004,-0.78654957
0.081006,-1.1564007
0.081008,-1.5262513
0.08101,-1.8498712
0.081012,-2.2197218
0.081014,-2.5433414
0.081016,-2.866961
0.081018,-3.1905808
0.08102,-3.467969
0.081022,-3.745357
0.081024,-3.976514
0.081026,-4.2076707
0.081028,-4.3925962
0.08103,-4.577522
0.081032,-4.716216
0.081034,-4.8086786
0.081036,-4.9011416
0.081038,-4.993604
0.08104,-4.993604
0.081042,-5.0398355
0.081044,-4.993604
0.081046,-4.947373
0.081048,-4.85491
0.08105,-4.7624474
0.081052,-4.623753
0.081054,-4.4850593
0.081056,-4.3001337
0.081058,-4.115208
0.08106,-3.8378198
0.081062,-3.6066632
0.081064,-3.329275
0.081066,-3.0518866
0.081068,-2.728267
0.08107,-2.4046474
0.081072,-2.0347965
0.081074,-1.6649456
0.081075996,-1.3413262
0.081078,-0.9714751
0.08108,-0.601624
0.081082,-0.2317729
0.081084,0.184309
0.081086,0.5541601
0.081088,0.92401123
0.08109,1.2938623
0.081092,1.6637135
0.081094,1.9873328
0.081096,2.357184
0.081098,2.6808028
0.0811,3.0044227
0.081102,3.2818112
0.081104,3.5591989
0.081106,3.8365874
0.081108,4.0677447
0.08111,4.298901
0.081112,4.437596
0.081114,4.622521
0.081116,4.7612157
0.081118,4.8536773
0.08112,4.946141
0.081122,4.992371
0.081124,5.0386033
0.081126,5.0386033
0.081128,4.992371
0.08113,4.946141
0.081132,4.8536773
0.081134,4.7149835
0.081136,4.5762897
0.081138,4.437596
0.08114,4.252671
0.081142,4.0215135
0.081144,3.7903562
0.081146,3.5129685
0.081148,3.23558
0.08115,2.9119601
0.081152,2.5883412
0.081154,2.2647214
0.081156,1.9411016
0.081158,1.5712504
0.08116,1.2476311
0.081162,0.8315482
0.081164,0.46169758
0.081166,0.091846466
0.081168,-0.27800417
0.08117,-0.694087
0.081172,-1.0639377
0.081174,-1.4337888
0.081176,-1.7574081
0.081178,-2.1272593
0.08118,-2.4508786
0.081182,-2.7744985
0.081184,-3.098118
0.081186,-3.3755062
0.081188,-3.6528945
0.08119,-3.9302826
0.081192,-4.1614394
0.081194,-4.346365
0.081196,-4.4850593
0.081198,-4.669985
0.081199996,-4.7624474
0.081202,-4.9011416
0.081204,-4.947373
0.081206,-4.993604
0.081208,-5.0398355
0.08121,-4.993604
0.081212,-4.947373
0.081214,-4.9011416
0.081216,-4.8086786
0.081218,-4.669985
0.08122,-4.5312905
0.081222,-4.3925962
0.081224,-4.1614394
0.081226,-3.9302826
0.081228,-3.6991258
0.08123,-3.4217377
0.081232,-3.1443493
0.081234,-2.8207297
0.081236,-2.4971101
0.081238,-2.1734905
0.08124,-1.8036394
0.081242,-1.48002
0.081244,-1.1101689
0.081246,-0.7403178
0.081248,-0.32423592
0.08125,0.045615196
0.081252,0.4154663
0.081254,0.8315482
0.081256,1.2013993
0.081258,1.5250192
0.08126,1.8948698
0.081262,2.2184901
0.081264,2.5883412
0.081266,2.9119601
0.081268,3.1893477
0.08127,3.4667363
0.081272,3.744125
0.081274,3.9752812
0.081276,4.2064385
0.081278,4.437596
0.08128,4.5762897
0.081282,4.7149835
0.081284,4.8536773
0.081286,4.8999095
0.081288,4.992371
0.08129,5.0386033
0.081292,5.0386033
0.081294,4.992371
0.081296,4.946141
0.081298,4.8536773
0.0813,4.7612157
0.081302,4.622521
0.081304,4.483826
0.081306,4.298901
0.081308,4.113976
0.08131,3.8828197
0.081312,3.605431
0.081314,3.3280425
0.081316,3.050654
0.081318,2.727035
0.08132,2.4034152
0.081322,2.033564
0.081323996,1.7099442
0.081326,1.3400936
0.081328,0.970243
0.08133,0.60039186
0.081332,0.23054075
0.081334,-0.18554163
0.081336,-0.55539227
0.081338,-0.9252434
0.08134,-1.2950945
0.081342,-1.6187139
0.081344,-1.9885652
0.081346,-2.3121846
0.081348,-2.6820357
0.08135,-3.0056553
0.081352,-3.2830436
0.081354,-3.5604317
0.081356,-3.8378198
0.081358,-4.068977
0.08136,-4.3001337
0.081362,-4.4388275
0.081364,-4.623753
0.081366,-4.7624474
0.081368,-4.85491
0.081369996,-4.947373
0.081372,-4.993604
0.081374,-5.0398355
0.081376,-4.993604
0.081378,-4.993604
0.08138,-4.9011416
0.081382,-4.85491
0.081384,-4.716216
0.081386,-4.577522
0.081388,-4.4388275
0.08139,-4.2539024
0.081392,-4.022745
0.081394,-3.7915885
0.081396,-3.5142004
0.081398,-3.236812
0.0814,-2.9131925
0.081402,-2.589573
0.081404,-2.2659533
0.081406,-1.9423337
0.081408,-1.5724826
0.08141,-1.202632
0.081412,-0.83278084
0.081414,-0.46292973
0.081416,-0.09307861
0.081418,0.3230033
0.08142,0.6928544
0.081422,1.0627055
0.081424,1.4325566
0.081426,1.756176
0.081428,2.126027
0.08143,2.4496465
0.081432,2.7732663
0.081434,3.0968862
0.081436,3.3742738
0.081438,3.6516623
0.08144,3.92905
0.081442,4.1602073
0.081444,4.3451324
0.081446,4.5300584
0.081447996,4.668752
0.08145,4.807446
0.081452,4.8999095
0.081454,4.946141
0.081456,5.0386033
0.081458,5.0386033
0.08146,5.0386033
0.081462,4.992371
0.081464,4.8999095
0.081466,4.807446
0.081468,4.668752
0.08147,4.5300584
0.081472,4.3913646
0.081474,4.1602073
0.081476,3.92905
0.081478,3.6978936
0.08148,3.420505
0.081482,3.1431174
0.081484,2.8194976
0.081486,2.4958777
0.081488,2.172258
0.08149,1.8024073
0.081492,1.4787879
0.081493996,1.1089368
0.081496,0.7390857
0.081498,0.36923456
0.0815,-0.046847343
0.081502,-0.41669846
0.081504,-0.78654957
0.081506,-1.1564007
0.081508,-1.5262513
0.08151,-1.8961024
0.081512,-2.2197218
0.081514,-2.5433414
0.081516,-2.866961
0.081518,-3.1905808
0.08152,-3.467969
0.081522,-3.745357
0.081524,-3.976514
0.081526,-4.2076707
0.081528,-4.3925962
0.08153,-4.577522
0.081532,-4.716216
0.081534,-4.8086786
0.081536,-4.9011416
0.081538,-4.993604
0.08154,-4.993604
0.081542,-5.0398355
0.081544,-4.993604
0.081546,-4.947373
0.081548,-4.85491
0.08155,-4.7624474
0.081552,-4.623753
0.081554,-4.4850593
0.081556,-4.3001337
0.081558,-4.115208
0.08156,-3.8378198
0.081562,-3.6066632
0.081564,-3.329275
0.081566,-3.0518866
0.081568,-2.728267
0.08157,-2.4046474
0.081571996,-2.0347965
0.081574,-1.6649456
0.081576,-1.3413262
0.081578,-0.9714751
0.08158,-0.601624
0.081582,-0.18554163
0.081584,0.184309
0.081586,0.5541601
0.081588,0.92401123
0.08159,1.2938623
0.081592,1.6637135
0.081594,1.9873328
0.081596,2.357184
0.081598,2.6808028
0.0816,3.0044227
0.081602,3.2818112
0.081604,3.5591989
0.081606,3.8365874
0.081608,4.0677447
0.08161,4.298901
0.081612,4.437596
0.081614,4.622521
0.081616,4.7612157
0.081617996,4.8536773
0.08162,4.946141
0.081622,4.992371
0.081624,5.0386033
0.081626,5.0386033
0.081628,4.992371
0.08163,4.946141
0.081632,4.8536773
0.081634,4.7149835
0.081636,4.5762897
0.081638,4.437596
0.08164,4.252671
0.081642,4.0215135
0.081644,3.7903562
0.081646,3.5129685
0.081648,3.23558
0.08165,2.9119601
0.081652,2.5883412
0.081654,2.2647214
0.081656,1.9411016
0.081658,1.5712504
0.08166,1.2476311
0.081662,0.8315482
0.081664,0.46169758
0.081666,0.091846466
0.081668,-0.27800417
0.08167,-0.694087
0.081672,-1.0639377
0.081674,-1.4337888
0.081676,-1.7574081
0.081678,-2.1272593
0.08168,-2.4508786
0.081682,-2.7744985
0.081684,-3.098118
0.081686,-3.3755062
0.081688,-3.6528945
0.08169,-3.9302826
0.081692,-4.1614394
0.081694,-4.346365
0.081695996,-4.4850593
0.081698,-4.669985
0.0817,-4.7624474
0.081702,-4.9011416
0.081704,-4.947373
0.081706,-4.993604
0.081708,-5.0398355
0.08171,-4.993604
0.081712,-4.947373
0.081714,-4.9011416
0.081716,-4.8086786
0.081718,-4.669985
0.08172,-4.5312905
0.081722,-4.3925962
0.081724,-4.1614394
0.081726,-3.9302826
0.081728,-3.6991258
0.08173,-3.4217377
0.081732,-3.1443493
0.081734,-2.8207297
0.081736,-2.4971101
0.081738,-2.1734905
0.08174,-1.8036394
0.081741996,-1.48002
0.081744,-1.1101689
0.081746,-0.694087
0.081748,-0.32423592
0.08175,0.3230033
0.081752,1.9411016
0.081754,3.420505
0.081756,4.437596
0.081758,4.8536773
0.08176,4.7149835
0.081762,4.0215135
0.081764,2.8194976
0.081766,1.2938623
0.081768,-0.46292973
0.08177,-2.081028
0.081772,-3.5142004
0.081774,-4.4850593
0.081776,-4.9011416
0.081778,-4.716216
0.08178,-4.022745
0.081782,-2.7744985
0.081784,-1.202632
0.081786,0.5541601
0.081788,2.2184901
0.08179,3.605431
0.081792,4.5300584
0.081794,4.8999095
0.081796,4.668752
0.081798,3.8828197
0.0818,2.6345725
0.081802,1.0627055
0.081804,-0.694087
0.081806,-2.3121846
0.081808,-3.6991258
0.08181,-4.577522
0.081812,-4.9011416
0.081814,-4.669985
0.081816,-3.8378198
0.081818,-2.5433414
0.081819996,-0.9252434
0.081822,0.8315482
0.081824,2.4496465
0.081826,3.7903562
0.081828,4.622521
0.08183,4.8999095
0.081832,4.622521
0.081834,3.744125
0.081836,2.4034152
0.081838,0.8315482
0.08184,-0.9252434
0.081842,-2.4971101
0.081844,-3.8378198
0.081846,-4.669985
0.081848,-4.9011416
0.08185,-4.577522
0.081852,-3.6991258
0.081854,-2.3121846
0.081856,-0.694087
0.081858,1.0627055
0.08186,2.6345725
0.081862,3.92905
0.081864,4.7149835
0.081865996,4.8999095
0.081868,4.5300584
0.08187,3.605431
0.081872,2.2184901
0.081874,0.5541601
0.081876,-1.1564007
0.081878,-2.728267
0.08188,-3.976514
0.081882,-4.716216
0.081884,-4.9011416
0.081886,-4.4850593
0.081888,-3.5142004
0.08189,-2.1272593
0.081892,-0.41669846
0.081894,1.2938623
0.081896,2.8657289
0.081898,4.0677447
0.0819,4.7612157
0.081902,4.8999095
0.081904,4.437596
0.081906,3.420505
0.081908,1.9873328
0.08191,0.3230033
0.081912,-1.387557
0.081914,-2.9131925
0.081916,-4.1614394
0.081918,-4.8086786
0.08192,-4.85491
0.081922,-4.3925962
0.081924,-3.329275
0.081926,-1.8961024
0.081928,-0.18554163
0.08193,1.5250192
0.081932,3.050654
0.081934,4.2064385
0.081936,4.807446
0.081938,4.8536773
0.08194,4.298901
0.081942,3.23558
0.081943996,1.756176
0.081946,0.091846466
0.081948,-1.6187139
0.08195,-3.1443493
0.081952,-4.2539024
0.081954,-4.85491
0.081956,-4.85491
0.081958,-4.2539024
0.08196,-3.1443493
0.081962,-1.6187139
0.081964,0.091846466
0.081966,1.756176
0.081968,3.2818112
0.08197,4.3451324
0.081972,4.8536773
0.081974,4.807446
0.081976,4.2064385
0.081978,3.050654
0.08198,1.5250192
0.081982,-0.18554163
0.081984,-1.8498712
0.081986,-3.329275
0.081988,-4.3925962
0.081989996,-4.85491
0.081992,-4.7624474
0.081994,-4.115208
0.081996,-2.9594238
0.081998,-1.4337888
0.082,0.3230033
0.082002,1.9873328
0.082004,3.4667363
0.082006,4.437596
0.082008,4.8999095
0.08201,4.7612157
0.082012,4.0677447
0.082014,2.8194976
0.082016,1.2938623
0.082018,-0.41669846
0.08202,-2.081028
0.082022,-3.5142004
0.082024,-4.4850593
0.082026,-4.9011416
0.082028,-4.716216
0.08203,-3.976514
0.082032,-2.7744985
0.082034,-1.1564007
0.082036,0.5541601
0.082038,2.2184901
0.08204,3.605431
0.082042,4.5300584
0.082044,4.8999095
0.082046,4.668752
0.082048,3.92905
0.08205,2.6345725
0.082052,1.0627055
0.082054,-0.694087
0.082056,-2.2659533
0.082058,-3.6991258
0.08206,-4.577522
0.082062,-4.9011416
0.082064,-4.623753
0.082066,-3.8378198
0.082067996,-2.5433414
0.08207,-0.9252434
0.082072,0.8315482
0.082074,2.4496465
0.082076,3.7903562
0.082078,4.622521
0.08208,4.946141
0.082082,4.622521
0.082084,3.744125
0.082086,2.4034152
0.082088,0.8315482
0.08209,-0.9252434
0.082092,-2.4971101
0.082094,-3.8378198
0.082096,-4.669985
0.082098,-4.9011416
0.0821,-4.577522
0.082102,-3.6991258
0.082104,-2.3121846
0.082106,-0.694087
0.082108,1.0627055
0.08211,2.6808028
0.082112,3.92905
0.082113996,4.7149835
0.082116,4.8999095
0.082118,4.5300584
0.08212,3.605431
0.082122,2.2184901
0.082124,0.5541601
0.082126,-1.1564007
0.082128,-2.728267
0.08213,-3.976514
0.082132,-4.716216
0.082134,-4.9011416
0.082136,-4.4388275
0.082138,-3.5142004
0.08214,-2.1272593
0.082142,-0.41669846
0.082144,1.2938623
0.082146,2.8657289
0.082148,4.0677447
0.08215,4.7612157
0.082152,4.8999095
0.082154,4.437596
0.082156,3.420505
0.082158,1.9873328
0.08216,0.3230033
0.082162,-1.387557
0.082164,-2.9131925
0.082166,-4.1614394
0.082168,-4.8086786
0.08217,-4.85491
0.082172,-4.3925962
0.082174,-3.329275
0.082176,-1.8961024
0.082178,-0.18554163
0.08218,1.5250192
0.082182,3.050654
0.082184,4.2064385
0.082186,4.807446
0.082188,4.8536773
0.08219,4.3451324
0.082192,3.23558
0.082194,1.756176
0.082196,0.091846466
0.082198,-1.6187139
0.0822,-3.1443493
0.082202,-4.2539024
0.082204,-4.85491
0.082206,-4.85491
0.082208,-4.2539024
0.08221,-3.1443493
0.082212,-1.6187139
0.082214,0.091846466
0.082216,1.756176
0.082218,3.2818112
0.08222,4.3451324
0.082222,4.8536773
0.082224,4.807446
0.082226,4.2064385
0.082228,3.050654
0.08223,1.5250192
0.082232,-0.18554163
0.082234,-1.8498712
0.082236,-3.329275
0.082237996,-4.3925962
0.08224,-4.85491
0.082242,-4.7624474
0.082244,-4.115208
0.082246,-2.9594238
0.082248,-1.4337888
0.08225,0.3230033
0.082252,1.9873328
0.082254,3.4667363
0.082256,4.437596
0.082258,4.8999095
0.08226,4.7612157
0.082262,4.0677447
0.082264,2.8194976
0.082266,1.2938623
0.082268,-0.41669846
0.08227,-2.081028
0.082272,-3.5142004
0.082274,-4.4850593
0.082276,-4.9011416
0.082278,-4.716216
0.08228,-3.976514
0.082282,-2.7744985
0.082284,-1.1564007
0.082286,0.60039186
0.082288,2.2184901
0.08229,3.605431
0.082292,4.5300584
0.082294,4.8999095
0.082296,4.668752
0.082298,3.92905
0.0823,2.6345725
0.082302,1.0627055
0.082304,-0.694087
0.082306,-2.2659533
0.082308,-3.6991258
0.08231,-4.577522
0.082312,-4.9011416
0.082314,-4.623753
0.082316,-3.8378198
0.082318,-2.5433414
0.08232,-0.9252434
0.082322,0.8315482
0.082324,2.4496465
0.082326,3.7903562
0.082328,4.622521
0.08233,4.8999095
0.082332,4.622521
0.082334,3.744125
0.082336,2.4034152
0.082338,0.8315482
0.08234,-0.9252434
0.082342,-2.4971101
0.082344,-3.8378198
0.082346,-4.669985
0.082348,-4.9011416
0.08235,-4.577522
0.082352,-3.6991258
0.082354,-2.3121846
0.082356,-0.694087
0.082358,1.0627055
0.08236,2.6808028
0.082361996,3.92905
0.082364,4.7149835
0.082366,4.8999095
0.082368,4.5300584
0.08237,3.605431
0.082372,2.2184901
0.082374,0.5541601
0.082376,-1.1564007
0.082378,-2.728267
0.08238,-3.976514
0.082382,-4.716216
0.082384,-4.9011416
0.082386,-4.4388275
0.082388,-3.5142004
0.08239,-2.1272593
0.082392,-0.41669846
0.082394,1.2938623
0.082396,2.8657289
0.082398,4.0677447
0.0824,4.7612157
0.082402,4.8999095
0.082404,4.437596
0.082406,3.420505
0.082408,1.9873328
0.08241,0.3230033
0.082412,-1.387557
0.082414,-2.9131925
0.082416,-4.1614394
0.082418,-4.8086786
0.08242,-4.85491
0.082422,-4.3925962
0.082424,-3.329275
0.082426,-1.8498712
0.082428,-0.18554163
0.08243,1.5250192
0.082432,3.050654
0.082434,4.2064385
0.082436,4.807446
0.082438,4.8536773
0.08244,4.3451324
0.082442,3.23558
0.082444,1.756176
0.082446,0.091846466
0.082448,-1.6187139
0.08245,-3.1443493
0.082452,-4.2539024
0.082454,-4.85491
0.082456,-4.85491
0.082458,-4.2539024
0.08246,-3.1443493
0.082462,-1.6187139
0.082464,0.091846466
0.082466,1.756176
0.082468,3.2818112
0.08247,4.3451324
0.082472,4.8536773
0.082474,4.807446
0.082476,4.2064385
0.082478,3.050654
0.08248,1.5250192
0.082482,-0.18554163
0.082484,-1.8498712
0.082485996,-3.329275
0.082488,-4.3925962
0.08249,-4.85491
0.082492,-4.7624474
0.082494,-4.115208
0.082496,-2.9594238
0.082498,-1.4337888
0.0825,0.3230033
0.082502,1.9873328
0.082504,3.4667363
0.082506,4.437596
0.082508,4.8999095
0.08251,4.7612157
0.082512,4.0677447
0.082514,2.8194976
0.082516,1.2938623
0.082518,-0.41669846
0.08252,-2.081028
0.082522,-3.5142004
0.082524,-4.4850593
0.082526,-4.9011416
0.082528,-4.716216
0.08253,-3.976514
0.082531996,-2.7744985
0.082534,-1.1564007
0.082536,0.60039186
0.082538,2.2184901
0.08254,3.605431
0.082542,4.5300584
0.082544,4.8999095
0.082546,4.668752
0.082548,3.92905
0.08255,2.6345725
0.082552,1.0627055
0.082554,-0.694087
0.082556,-2.2659533
0.082558,-3.6991258
0.08256,-4.577522
0.082562,-4.9011416
0.082564,-4.623753
0.082566,-3.8378198
0.082568,-2.5433414
0.08257,-0.9252434
0.082572,0.8315482
0.082574,2.4496465
0.082576,3.7903562
0.082578,4.622521
0.08258,4.946141
0.082582,4.622521
0.082584,3.744125
0.082586,2.4034152
0.082588,0.7853174
0.08259,-0.9252434
0.082592,-2.4971101
0.082594,-3.8378198
0.082596,-4.669985
0.082598,-4.9011416
0.0826,-4.577522
0.082602,-3.6991258
0.082604,-2.3121846
0.082606,-0.694087
0.082608,1.0627055
0.082609996,2.6808028
0.082612,3.92905
0.082614,4.7149835
0.082616,4.8999095
0.082618,4.5300584
0.08262,3.605431
0.082622,2.172258
0.082624,0.5541601
0.082626,-1.1564007
0.082628,-2.728267
0.08263,-3.976514
0.082632,-4.716216
0.082634,-4.9011416
0.082636,-4.4850593
0.082638,-3.5142004
0.08264,-2.081028
0.082642,-0.41669846
0.082644,1.2938623
0.082646,2.8657289
0.082648,4.0677447
0.08265,4.7612157
0.082652,4.8999095
0.082654,4.437596
0.082655996,3.420505
0.082658,1.9873328
0.08266,0.3230033
0.082662,-1.387557
0.082664,-2.9131925
0.082666,-4.1614394
0.082668,-4.8086786
0.08267,-4.85491
0.082672,-4.3925962
0.082674,-3.329275
0.082676,-1.8498712
0.082678,-0.18554163
0.08268,1.5250192
0.082682,3.050654
0.082684,4.2064385
0.082686,4.807446
0.082688,4.8536773
0.08269,4.298901
0.082692,3.23558
0.082694,1.756176
0.082696,0.091846466
0.082698,-1.6187139
0.0827,-3.1443493
0.082702,-4.2539024
0.082704,-4.85491
0.082706,-4.85491
0.082708,-4.2539024
0.08271,-3.1443493
0.082712,-1.6187139
0.082714,0.091846466
0.082716,1.756176
0.082718,3.2818112
0.08272,4.3451324
0.082722,4.8536773
0.082724,4.807446
0.082726,4.2064385
0.082728,3.050654
0.08273,1.5250192
0.082732,-0.18554163
0.082733996,-1.8498712
0.082736,-3.329275
0.082738,-4.3925962
0.08274,-4.85491
0.082742,-4.7624474
0.082744,-4.115208
0.082746,-2.9594238
0.082748,-1.4337888
0.08275,0.045615196
0.082752,0.46169758
0.082754,0.87777996
0.082756,1.2476311
0.082758,1.5712504
0.08276,1.9411016
0.082762,2.2647214
0.082764,2.5883412
0.082766,2.9119601
0.082768,3.23558
0.08277,3.5129685
0.082772,3.7903562
0.082774,4.0215135
0.082776,4.252671
0.082778,4.437596
0.082779996,4.5762897
0.082782,4.7149835
0.082784,4.8536773
0.082786,4.946141
0.082788,4.992371
0.08279,5.0386033
0.082792,5.0386033
0.082794,5.0386033
0.082796,4.946141
0.082798,4.8999095
0.0828,4.7612157
0.082802,4.622521
0.082804,4.483826
0.082806,4.298901
0.082808,4.113976
0.08281,3.8828197
0.082812,3.605431
0.082814,3.3280425
0.082816,3.050654
0.082818,2.727035
0.08282,2.4034152
0.082822,2.033564
0.082824,1.7099442
0.082826,1.3400936
0.082828,0.970243
0.08283,0.60039186
0.082832,0.23054075
0.082834,-0.18554163
0.082836,-0.55539227
0.082838,-0.9252434
0.08284,-1.2950945
0.082842,-1.6187139
0.082844,-1.9885652
0.082846,-2.3121846
0.082848,-2.6820357
0.08285,-3.0056553
0.082852,-3.2830436
0.082854,-3.5604317
0.082856,-3.8378198
0.082857996,-4.068977
0.08286,-4.3001337
0.082862,-4.4388275
0.082864,-4.623753
0.082866,-4.7624474
0.082868,-4.85491
0.08287,-4.947373
0.082872,-4.993604
0.082874,-5.0398355
0.082876,-4.993604
0.082878,-4.993604
0.08288,-4.9011416
0.082882,-4.85491
0.082884,-4.716216
0.082886,-4.577522
0.082888,-4.4388275
0.08289,-4.2539024
0.082892,-4.022745
0.082894,-3.7915885
0.082896,-3.5142004
0.082898,-3.236812
0.0829,-2.9131925
0.082902,-2.589573
0.082903996,-2.2659533
0.082906,-1.9423337
0.082908,-1.5724826
0.08291,-1.202632
0.082912,-0.83278084
0.082914,-0.46292973
0.082916,-0.09307861
0.082918,0.3230033
0.08292,0.6928544
0.082922,1.0627055
0.082924,1.4325566
0.082926,1.756176
0.082928,2.126027
0.08293,2.4496465
0.082932,2.7732663
0.082934,3.0968862
0.082936,3.3742738
0.082938,3.6516623
0.08294,3.92905
0.082942,4.1602073
0.082944,4.3451324
0.082946,4.5300584
0.082948,4.668752
0.08295,4.807446
0.082952,4.8999095
0.082954,4.992371
0.082956,5.0386033
0.082958,5.0386033
0.08296,5.0386033
0.082962,4.992371
0.082964,4.8999095
0.082966,4.807446
0.082968,4.668752
0.08297,4.5300584
0.082972,4.3913646
0.082974,4.1602073
0.082976,3.92905
0.082978,3.6978936
0.08298,3.420505
0.082981996,3.1431174
0.082984,2.8194976
0.082986,2.4958777
0.082988,2.172258
0.08299,1.8024073
0.082992,1.4787879
0.082994,1.1089368
0.082996,0.7390857
0.082998,0.36923456
0.083,-0.046847343
0.083002,-0.41669846
0.083004,-0.78654957
0.083006,-1.1564007
0.083008,-1.5262513
0.08301,-1.8961024
0.083012,-2.2197218
0.083014,-2.5433414
0.083016,-2.866961
0.083018,-3.1905808
0.08302,-3.467969
0.083022,-3.745357
0.083024,-3.976514
0.083026,-4.2076707
0.083027996,-4.3925962
0.08303,-4.577522
0.083032,-4.716216
0.083034,-4.8086786
0.083036,-4.9011416
0.083038,-4.993604
0.08304,-4.993604
0.083042,-5.0398355
0.083044,-4.993604
0.083046,-4.947373
0.083048,-4.85491
0.08305,-4.7624474
0.083052,-4.623753
0.083054,-4.4850593
0.083056,-4.3001337
0.083058,-4.115208
0.08306,-3.8378198
0.083062,-3.6066632
0.083064,-3.329275
0.083066,-3.0518866
0.083068,-2.728267
0.08307,-2.4046474
0.083072,-2.0347965
0.083074,-1.6649456
0.083076,-1.3413262
0.083078,-0.9714751
0.08308,-0.601624
0.083082,-0.18554163
0.083084,0.184309
0.083086,0.5541601
0.083088,0.92401123
0.08309,1.2938623
0.083092,1.6637135
0.083094,2.033564
0.083096,2.357184
0.083098,2.6808028
0.0831,3.0044227
0.083102,3.2818112
0.083104,3.5591989
0.083105996,3.8365874
0.083108,4.0677447
0.08311,4.298901
0.083112,4.437596
0.083114,4.622521
0.083116,4.7612157
0.083118,4.8536773
0.08312,4.946141
0.083122,4.992371
0.083124,5.0386033
0.083126,5.0386033
0.083128,4.992371
0.08313,4.946141
0.083132,4.8536773
0.083134,4.7149835
0.083136,4.5762897
0.083138,4.437596
0.08314,4.252671
0.083142,4.0215135
0.083144,3.7903562
0.083146,3.5129685
0.083148,3.23558
0.08315,2.9119601
0.083151996,2.5883412
0.083154,2.2647214
0.083156,1.9411016
0.083158,1.5712504
0.08316,1.2476311
0.083162,0.8315482
0.083164,0.46169758
0.083166,0.091846466
0.083168,-0.27800417
0.08317,-0.694087
0.083172,-1.0639377
0.083174,-1.4337888
0.083176,-1.7574081
0.083178,-2.1272593
0.08318,-2.4508786
0.083182,-2.7744985
0.083184,-3.098118
0.083186,-3.3755062
0.083188,-3.6528945
0.08319,-3.9302826
0.083192,-4.1614394
0.083194,-4.346365
0.083196,-4.4850593
0.083198,-4.669985
0.0832,-4.8086786
0.083202,-4.9011416
0.083204,-4.947373
0.083206,-4.993604
0.083208,-5.0398355
0.08321,-4.993604
0.083212,-4.947373
0.083214,-4.9011416
0.083216,-4.8086786
0.083218,-4.669985
0.08322,-4.5312905
0.083222,-4.3925962
0.083224,-4.1614394
0.083226,-3.9302826
0.083228,-3.6991258
0.083229996,-3.4217377
0.083232,-3.1443493
0.083234,-2.8207297
0.083236,-2.4971101
0.083238,-2.1734905
0.08324,-1.8036394
0.083242,-1.48002
0.083244,-1.1101689
0.083246,-0.694087
0.083248,-0.32423592
0.08325,0.045615196
0.083252,0.4154663
0.083254,0.8315482
0.083256,1.2013993
0.083258,1.5250192
0.08326,1.8948698
0.083262,2.2184901
0.083264,2.5883412
0.083266,2.9119601
0.083268,3.1893477
0.08327,3.5129685
0.083272,3.744125
0.083274,3.9752812
0.083275996,4.2064385
0.083278,4.437596
0.08328,4.5762897
0.083282,4.7149835
0.083284,4.8536773
0.083286,4.946141
0.083288,4.992371
0.08329,5.0386033
0.083292,5.0386033
0.083294,4.992371
0.083296,4.946141
0.083298,4.8999095
0.0833,4.7612157
0.083302,4.622521
0.083304,4.483826
0.083306,4.298901
0.083308,4.113976
0.08331,3.8828197
0.083312,3.605431
0.083314,3.3280425
0.083316,3.050654
0.083318,2.727035
0.08332,2.4034152
0.083322,2.033564
0.083324,1.7099442
0.083326,1.3400936
0.083328,0.970243
0.08333,0.60039186
0.083332,0.23054075
0.083334,-0.18554163
0.083336,-0.55539227
0.083338,-0.9252434
0.08334,-1.2950945
0.083342,-1.6187139
0.083344,-1.9885652
0.083346,-2.3584158
0.083348,-2.6820357
0.08335,-3.0056553
0.083352,-3.2830436
0.083354,-3.5604317
0.083356,-3.8378198
0.083358,-4.068977
0.08336,-4.3001337
0.083362,-4.4388275
0.083364,-4.623753
0.083366,-4.7624474
0.083368,-4.85491
0.08337,-4.947373
0.083372,-4.993604
0.083374,-5.0398355
0.083376,-4.993604
0.083378,-4.993604
0.08338,-4.9011416
0.083382,-4.85491
0.083384,-4.716216
0.083386,-4.577522
0.083388,-4.4388275
0.08339,-4.2539024
0.083392,-4.022745
0.083394,-3.7915885
0.083396,-3.5142004
0.083398,-3.236812
0.083399996,-2.9131925
0.083402,-2.589573
0.083404,-2.2659533
0.083406,-1.9423337
0.083408,-1.5724826
0.08341,-1.202632
0.083412,-0.83278084
0.083414,-0.46292973
0.083416,-0.09307861
0.083418,0.3230033
0.08342,0.6928544
0.083422,1.0627055
0.083424,1.4325566
0.083426,1.756176
0.083428,2.126027
0.08343,2.4496465
0.083432,2.7732663
0.083434,3.0968862
0.083436,3.420505
0.083438,3.6516623
0.08344,3.92905
0.083442,4.1602073
0.083444,4.3451324
0.083446,4.5300584
0.083448,4.668752
0.08345,4.807446
0.083452,4.8999095
0.083454,4.992371
0.083456,4.992371
0.083458,5.0386033
0.08346,5.0386033
0.083462,4.992371
0.083464,4.8999095
0.083466,4.807446
0.083468,4.668752
0.08347,4.5300584
0.083472,4.3913646
0.083474,4.1602073
0.083476,3.92905
0.083478,3.6978936
0.08348,3.420505
0.083482,3.1431174
0.083484,2.8194976
0.083486,2.4958777
0.083488,2.172258
0.08349,1.8024073
0.083492,1.4787879
0.083494,1.1089368
0.083496,0.7390857
0.083498,0.3230033
0.0835,-0.046847343
0.083502,-0.41669846
0.083504,-0.78654957
0.083506,-1.1564007
0.083508,-1.5262513
0.08351,-1.8961024
0.083512,-2.2197218
0.083514,-2.5433414
0.083516,-2.866961
0.083518,-3.1905808
0.08352,-3.467969
0.083522,-3.745357
0.083523996,-3.976514
0.083526,-4.2076707
0.083528,-4.3925962
0.08353,-4.577522
0.083532,-4.716216
0.083534,-4.8086786
0.083536,-4.9011416
0.083538,-4.993604
0.08354,-4.993604
0.083542,-5.0398355
0.083544,-4.993604
0.083546,-4.947373
0.083548,-4.85491
0.08355,-4.7624474
0.083552,-4.623753
0.083554,-4.4850593
0.083556,-4.3001337
0.083558,-4.115208
0.08356,-3.8378198
0.083562,-3.6066632
0.083564,-3.329275
0.083566,-3.0518866
0.083568,-2.728267
0.08357,-2.4046474
0.083572,-2.0347965
0.083574,-1.6649456
0.083576,-1.3413262
0.083578,-0.9714751
0.08358,-0.601624
0.083582,-0.18554163
0.083584,0.184309
0.083586,0.5541601
0.083588,0.92401123
0.08359,1.2938623
0.083592,1.6637135
0.083594,2.033564
0.083596,2.357184
0.083598,2.6808028
0.0836,3.0044227
0.083602,3.2818112
0.083604,3.605431
0.083606,3.8365874
0.083608,4.0677447
0.08361,4.298901
0.083612,4.437596
0.083614,4.622521
0.083616,4.7612157
0.083618,4.8536773
0.08362,4.946141
0.083622,4.992371
0.083624,5.0386033
0.083626,5.0386033
0.083628,4.992371
0.08363,4.946141
0.083632,4.8536773
0.083634,4.7149835
0.083636,4.5762897
0.083638,4.437596
0.08364,4.252671
0.083642,4.0215135
0.083644,3.7903562
0.083646,3.5129685
0.083647996,3.23558
0.08365,2.9119601
0.083652,2.5883412
0.083654,2.2647214
0.083656,1.9411016
0.083658,1.5712504
0.08366,1.2476311
0.083662,0.8315482
0.083664,0.46169758
0.083666,0.091846466
0.083668,-0.27800417
0.08367,-0.694087
0.083672,-1.0639377
0.083674,-1.4337888
0.083676,-1.7574081
0.083678,-2.1272593
0.08368,-2.4508786
0.083682,-2.7744985
0.083684,-3.098118
0.083686,-3.3755062
0.083688,-3.6528945
0.08369,-3.9302826
0.083692,-4.1614394
0.083693996,-4.346365
0.083696,-4.4850593
0.083698,-4.669985
0.0837,-4.7624474
0.083702,-4.9011416
0.083704,-4.947373
0.083706,-4.993604
0.083708,-5.0398355
0.08371,-4.993604
0.083712,-4.947373
0.083714,-4.9011416
0.083716,-4.8086786
0.083718,-4.669985
0.08372,-4.5312905
0.083722,-4.346365
0.083724,-4.1614394
0.083726,-3.9302826
0.083728,-3.6991258
0.08373,-3.4217377
0.083732,-3.1443493
0.083734,-2.8207297
0.083736,-2.4971101
0.083738,-2.1734905
0.08374,-1.8036394
0.083742,-1.48002
0.083744,-1.1101689
0.083746,-0.694087
0.083748,-0.32423592
0.08375,0.36923456
0.083752,1.9411016
0.083754,3.420505
0.083756,4.437596
0.083758,4.8536773
0.08376,4.7149835
0.083762,4.0215135
0.083764,2.8194976
0.083766,1.2476311
0.083768,-0.46292973
0.08377,-2.081028
0.083771996,-3.5142004
0.083774,-4.4850593
0.083776,-4.9011416
0.083778,-4.716216
0.08378,-4.022745
0.083782,-2.7744985
0.083784,-1.202632
0.083786,0.5541601
0.083788,2.2184901
0.08379,3.605431
0.083792,4.5300584
0.083794,4.8999095
0.083796,4.668752
0.083798,3.8828197
0.0838,2.6345725
0.083802,1.0627055
0.083804,-0.694087
0.083806,-2.3121846
0.083808,-3.6991258
0.08381,-4.577522
0.083812,-4.9011416
0.083814,-4.669985
0.083816,-3.8378198
0.083817996,-2.5433414
0.08382,-0.9252434
0.083822,0.8315482
0.083824,2.4496465
0.083826,3.7903562
0.083828,4.622521
0.08383,4.8999095
0.083832,4.622521
0.083834,3.744125
0.083836,2.4034152
0.083838,0.7853174
0.08384,-0.9252434
0.083842,-2.4971101
0.083844,-3.8378198
0.083846,-4.669985
0.083848,-4.9011416
0.08385,-4.577522
0.083852,-3.6991258
0.083854,-2.3121846
0.083856,-0.694087
0.083858,1.0627055
0.08386,2.6808028
0.083862,3.92905
0.083864,4.7149835
0.083866,4.8999095
0.083868,4.5300584
0.08387,3.5591989
0.083872,2.172258
0.083874,0.5541601
0.083876,-1.1564007
0.083878,-2.728267
0.08388,-4.022745
0.083882,-4.716216
0.083884,-4.9011416
0.083886,-4.4388275
0.083888,-3.5142004
0.08389,-2.081028
0.083892,-0.41669846
0.083894,1.3400936
0.083895996,2.8657289
0.083898,4.113976
0.0839,4.7612157
0.083902,4.8999095
0.083904,4.437596
0.083906,3.420505
0.083908,1.9873328
0.08391,0.3230033
0.083912,-1.387557
0.083914,-2.9131925
0.083916,-4.1614394
0.083918,-4.8086786
0.08392,-4.85491
0.083922,-4.3925962
0.083924,-3.329275
0.083926,-1.8498712
0.083928,-0.18554163
0.08393,1.5250192
0.083932,3.050654
0.083934,4.2064385
0.083936,4.807446
0.083938,4.8536773
0.08394,4.298901
0.083941996,3.23558
0.083944,1.756176
0.083946,0.045615196
0.083948,-1.6187139
0.08395,-3.1443493
0.083952,-4.2539024
0.083954,-4.85491
0.083956,-4.85491
0.083958,-4.2539024
0.08396,-3.1443493
0.083962,-1.6187139
0.083964,0.091846466
0.083966,1.756176
0.083968,3.2818112
0.08397,4.3451324
0.083972,4.8536773
0.083974,4.807446
0.083976,4.2064385
0.083978,3.050654
0.08398,1.4787879
0.083982,-0.18554163
0.083984,-1.8498712
0.083986,-3.329275
0.083988,-4.3925962
0.08399,-4.85491
0.083992,-4.7624474
0.083994,-4.115208
0.083996,-2.9594238
0.083998,-1.4337888
0.084,0.3230033
0.084002,1.9873328
0.084004,3.4667363
0.084006,4.437596
0.084008,4.8999095
0.08401,4.7612157
0.084012,4.0677447
0.084014,2.8194976
0.084016,1.2938623
0.084018,-0.41669846
0.084019996,-2.081028
0.084022,-3.5142004
0.084024,-4.4850593
0.084026,-4.9011416
0.084028,-4.716216
0.08403,-3.976514
0.084032,-2.728267
0.084034,-1.1564007
0.084036,0.60039186
0.084038,2.2184901
0.08404,3.605431
0.084042,4.5300584
0.084044,4.8999095
0.084046,4.668752
0.084048,3.8828197
0.08405,2.6345725
0.084052,1.0627055
0.084054,-0.694087
0.084056,-2.2659533
0.084058,-3.6991258
0.08406,-4.577522
0.084062,-4.9011416
0.084064,-4.623753
0.084065996,-3.8378198
0.084068,-2.5433414
0.08407,-0.9252434
0.084072,0.8315482
0.084074,2.4496465
0.084076,3.7903562
0.084078,4.622521
0.08408,4.946141
0.084082,4.622521
0.084084,3.744125
0.084086,2.4034152
0.084088,0.7853174
0.08409,-0.9252434
0.084092,-2.4971101
0.084094,-3.8378198
0.084096,-4.669985
0.084098,-4.9011416
0.0841,-4.577522
0.084102,-3.6991258
0.084104,-2.3121846
0.084106,-0.694087
0.084108,1.0627055
0.08411,2.6808028
0.084112,3.92905
0.084114,4.7149835
0.084116,4.8999095
0.084118,4.5300584
0.08412,3.605431
0.084122,2.172258
0.084124,0.5541601
0.084126,-1.1564007
0.084128,-2.728267
0.08413,-4.022745
0.084132,-4.716216
0.084134,-4.9011416
0.084136,-4.4388275
0.084138,-3.5142004
0.08414,-2.081028
0.084142,-0.41669846
0.084143996,1.3400936
0.084146,2.8657289
0.084148,4.113976
0.08415,4.7612157
0.084152,4.8999095
0.084154,4.437596
0.084156,3.420505
0.084158,1.9873328
0.08416,0.3230033
0.084162,-1.387557
0.084164,-2.9131925
0.084166,-4.1614394
0.084168,-4.8086786
0.08417,-4.85491
0.084172,-4.3925962
0.084174,-3.329275
0.084176,-1.8498712
0.084178,-0.18554163
0.08418,1.5250192
0.084182,3.050654
0.084184,4.2064385
0.084186,4.8536773
0.084188,4.8536773
0.084189996,4.298901
0.084192,3.23558
0.084194,1.756176
0.084196,0.045615196
0.084198,-1.6187139
0.0842,-3.1443493
0.084202,-4.2539024
0.084204,-4.85491
0.084206,-4.85491
0.084208,-4.2539024
0.08421,-3.1443493
0.084212,-1.6187139
0.084214,0.091846466
0.084216,1.756176
0.084218,3.2818112
0.08422,4.3451324
0.084222,4.8536773
0.084224,4.807446
0.084226,4.2064385
0.084228,3.050654
0.08423,1.4787879
0.084232,-0.18554163
0.084234,-1.8498712
0.084236,-3.329275
0.084238,-4.3925962
0.08424,-4.85491
0.084242,-4.7624474
0.084244,-4.115208
0.084246,-2.9594238
0.084248,-1.4337888
0.08425,0.3230033
0.084252,1.9873328
0.084254,3.4667363
0.084256,4.437596
0.084258,4.8999095
0.08426,4.7612157
0.084262,4.0677447
0.084264,2.8194976
0.084266,1.2938623
0.084267996,-0.41669846
0.08427,-2.081028
0.084272,-3.5142004
0.084274,-4.4850593
0.084276,-4.9011416
0.084278,-4.716216
0.08428,-3.976514
0.084282,-2.728267
0.084284,-1.1564007
0.084286,0.60039186
0.084288,2.2184901
0.08429,3.605431
0.084292,4.5300584
0.084294,4.8999095
0.084296,4.668752
0.084298,3.8828197
0.0843,2.6345725
0.084302,1.0627055
0.084304,-0.694087
0.084306,-2.3121846
0.084308,-3.6991258
0.08431,-4.577522
0.084312,-4.9011416
0.084313996,-4.623753
0.084316,-3.8378198
0.084318,-2.5433414
0.08432,-0.9252434
0.084322,0.8315482
0.084324,2.4496465
0.084326,3.7903562
0.084328,4.622521
0.08433,4.8999095
0.084332,4.622521
0.084334,3.744125
0.084336,2.4034152
0.084338,0.7853174
0.08434,-0.9252434
0.084342,-2.4971101
0.084344,-3.8378198
0.084346,-4.669985
0.084348,-4.9011416
0.08435,-4.577522
0.084352,-3.6528945
0.084354,-2.3121846
0.084356,-0.694087
0.084358,1.0627055
0.08436,2.6808028
0.084362,3.92905
0.084364,4.7149835
0.084366,4.8999095
0.084368,4.5300584
0.08437,3.5591989
0.084372,2.172258
0.084374,0.5541601
0.084376,-1.1564007
0.084378,-2.728267
0.08438,-4.022745
0.084382,-4.716216
0.084384,-4.9011416
0.084386,-4.4388275
0.084388,-3.5142004
0.08439,-2.081028
0.084391996,-0.41669846
0.084394,1.3400936
0.084396,2.8657289
0.084398,4.113976
0.0844,4.7612157
0.084402,4.8999095
0.084404,4.437596
0.084406,3.420505
0.084408,1.9411016
0.08441,0.3230033
0.084412,-1.387557
0.084414,-2.9131925
0.084416,-4.1614394
0.084418,-4.8086786
0.08442,-4.85491
0.084422,-4.3925962
0.084424,-3.329275
0.084426,-1.8498712
0.084428,-0.18554163
0.08443,1.5250192
0.084432,3.0968862
0.084434,4.2064385
0.084436,4.807446
0.084437996,4.8536773
0.08444,4.298901
0.084442,3.23558
0.084444,1.7099442
0.084446,0.045615196
0.084448,-1.6187139
0.08445,-3.1443493
0.084452,-4.2539024
0.084454,-4.85491
0.084456,-4.8086786
0.084458,-4.2539024
0.08446,-3.1443493
0.084462,-1.6187139
0.084464,0.091846466
0.084466,1.756176
0.084468,3.2818112
0.08447,4.3451324
0.084472,4.8536773
0.084474,4.807446
0.084476,4.2064385
0.084478,3.0044227
0.08448,1.4787879
0.084482,-0.18554163
0.084484,-1.8498712
0.084486,-3.329275
0.084488,-4.3925962
0.08449,-4.85491
0.084492,-4.7624474
0.084494,-4.115208
0.084496,-2.9594238
0.084498,-1.4337888
0.0845,0.3230033
0.084502,1.9873328
0.084504,3.4667363
0.084506,4.437596
0.084508,4.8999095
0.08451,4.7612157
0.084512,4.0677447
0.084514,2.8194976
0.084516,1.2938623
0.084518,-0.41669846
0.08452,-2.081028
0.084522,-3.5142004
0.084524,-4.4850593
0.084526,-4.9011416
0.084528,-4.716216
0.08453,-3.976514
0.084532,-2.728267
0.084534,-1.1564007
0.084536,0.60039186
0.084538,2.2184901
0.08454,3.605431
0.084542,4.5300584
0.084544,4.8999095
0.084546,4.668752
0.084548,3.8828197
0.08455,2.6345725
0.084552,1.0627055
0.084554,-0.694087
0.084556,-2.3121846
0.084558,-3.6991258
0.08456,-4.577522
0.084561996,-4.9011416
0.084564,-4.623753
0.084566,-3.8378198
0.084568,-2.5433414
0.08457,-0.9252434
0.084572,0.8315482
0.084574,2.4496465
0.084576,3.7903562
0.084578,4.622521
0.08458,4.946141
0.084582,4.622521
0.084584,3.744125
0.084586,2.4034152
0.084588,0.7853174
0.08459,-0.9252434
0.084592,-2.4971101
0.084594,-3.8378198
0.084596,-4.669985
0.084598,-4.9011416
0.0846,-4.577522
0.084602,-3.6528945
0.084604,-2.3121846
0.084606,-0.6478553
0.084608,1.0627055
0.08461,2.6808028
0.084612,3.92905
0.084614,4.7149835
0.084616,4.8999095
0.084618,4.5300584
0.08462,3.5591989
0.084622,2.172258
0.084624,0.5541601
0.084626,-1.1564007
0.084628,-2.728267
0.08463,-4.022745
0.084632,-4.716216
0.084634,-4.9011416
0.084636,-4.4388275
0.084638,-3.5142004
0.08464,-2.081028
0.084642,-0.41669846
0.084644,1.3400936
0.084646,2.8657289
0.084648,4.113976
0.08465,4.7612157
0.084652,4.8999095
0.084654,4.437596
0.084656,3.420505
0.084658,1.9411016
0.08466,0.3230033
0.084662,-1.387557
0.084664,-2.9131925
0.084666,-4.1614394
0.084668,-4.8086786
0.08467,-4.85491
0.084672,-4.3925962
0.084674,-3.329275
0.084676,-1.8498712
0.084678,-0.18554163
0.08468,1.5250192
0.084682,3.0968862
0.084684,4.252671
0.084685996,4.807446
0.084688,4.8536773
0.08469,4.298901
0.084692,3.23558
0.084694,1.756176
0.084696,0.045615196
0.084698,-1.6187139
0.0847,-3.1443493
0.084702,-4.3001337
0.084704,-4.85491
0.084706,-4.85491
0.084708,-4.2539024
0.08471,-3.1443493
0.084712,-1.6187139
0.084714,0.091846466
0.084716,1.756176
0.084718,3.2818112
0.08472,4.3451324
0.084722,4.8536773
0.084724,4.807446
0.084726,4.2064385
0.084728,3.0044227
0.08473,1.4787879
0.084732,-0.18554163
0.084734,-1.8498712
0.084736,-3.329275
0.084738,-4.3925962
0.08474,-4.85491
0.084742,-4.7624474
0.084744,-4.115208
0.084746,-2.9594238
0.084748,-1.4337888
0.08475,0.045615196
0.084752,0.46169758
0.084754,0.87777996
0.084756,1.2476311
0.084758,1.5712504
0.08476,1.9411016
0.084762,2.2647214
0.084764,2.5883412
0.084766,2.9119601
0.084768,3.23558
0.08477,3.5129685
0.084772,3.7903562
0.084774,4.0215135
0.084776,4.252671
0.084778,4.437596
0.08478,4.5762897
0.084782,4.7149835
0.084784,4.8536773
0.084786,4.946141
0.084788,4.992371
0.08479,5.0386033
0.084792,5.0386033
0.084794,5.0386033
0.084796,4.946141
0.084798,4.8999095
0.0848,4.7612157
0.084802,4.622521
0.084804,4.483826
0.084806,4.298901
0.084808,4.113976
0.084809996,3.8828197
0.084812,3.605431
0.084814,3.3280425
0.084816,3.050654
0.084818,2.727035
0.08482,2.4034152
0.084822,2.033564
0.084824,1.7099442
0.084826,1.3400936
0.084828,0.970243
0.08483,0.60039186
0.084832,0.23054075
0.084834,-0.18554163
0.084836,-0.55539227
0.084838,-0.9252434
0.08484,-1.2950945
0.084842,-1.6187139
0.084844,-1.9885652
0.084846,-2.3121846
0.084848,-2.6820357
0.08485,-3.0056553
0.084852,-3.2830436
0.084854,-3.5604317
0.084855996,-3.8378198
0.084858,-4.068977
0.08486,-4.3001337
0.084862,-4.4388275
0.084864,-4.623753
0.084866,-4.7624474
0.084868,-4.85491
0.08487,-4.947373
0.084872,-4.993604
0.084874,-5.0398355
0.084876,-4.993604
0.084878,-4.993604
0.08488,-4.9011416
0.084882,-4.85491
0.084884,-4.716216
0.084886,-4.577522
0.084888,-4.4388275
0.08489,-4.2539024
0.084892,-4.022745
0.084894,-3.7915885
0.084896,-3.5142004
0.084898,-3.236812
0.0849,-2.9131925
0.084902,-2.589573
0.084904,-2.2659533
0.084906,-1.9423337
0.084908,-1.5724826
0.08491,-1.202632
0.084912,-0.83278084
0.084914,-0.46292973
0.084916,-0.09307861
0.084918,0.3230033
0.08492,0.6928544
0.084922,1.0627055
0.084924,1.4325566
0.084926,1.756176
0.084928,2.126027
0.08493,2.4496465
0.084932,2.7732663
0.084933996,3.0968862
0.084936,3.420505
0.084938,3.6516623
0.08494,3.92905
0.084942,4.1602073
0.084944,4.3451324
0.084946,4.5300584
0.084948,4.668752
0.08495,4.807446
0.084952,4.8999095
0.084954,4.992371
0.084956,5.0386033
0.084958,5.0386033
0.08496,5.0386033
0.084962,4.992371
0.084964,4.8999095
0.084966,4.807446
0.084968,4.668752
0.08497,4.5300584
0.084972,4.3913646
0.084974,4.1602073
0.084976,3.92905
0.084978,3.6978936
0.084979996,3.420505
0.084982,3.1431174
0.084984,2.8194976
0.084986,2.4958777
0.084988,2.172258
0.08499,1.8024073
0.084992,1.4787879
0.084994,1.1089368
0.084996,0.7390857
0.084998,0.3230033
0.085,-0.046847343
0.085002,-0.41669846
0.085004,-0.78654957
0.085006,-1.1564007
0.085008,-1.5262513
0.08501,-1.8961024
0.085012,-2.2197218
0.085014,-2.5433414
0.085016,-2.866961
0.085018,-3.1905808
0.08502,-3.467969
0.085022,-3.745357
0.085024,-3.976514
0.085026,-4.2076707
0.085028,-4.3925962
0.08503,-4.577522
0.085032,-4.716216
0.085034,-4.8086786
0.085036,-4.9011416
0.085038,-4.993604
0.08504,-4.993604
0.085042,-5.0398355
0.085044,-4.993604
0.085046,-4.947373
0.085048,-4.85491
0.08505,-4.7624474
0.085052,-4.623753
0.085054,-4.4850593
0.085056,-4.3001337
0.085057996,-4.115208
0.08506,-3.8378198
0.085062,-3.6066632
0.085064,-3.329275
0.085066,-3.0056553
0.085068,-2.728267
0.08507,-2.4046474
0.085072,-2.0347965
0.085074,-1.6649456
0.085076,-1.3413262
0.085078,-0.9714751
0.08508,-0.601624
0.085082,-0.18554163
0.085084,0.184309
0.085086,0.5541601
0.085088,0.92401123
0.08509,1.2938623
0.085092,1.6637135
0.085094,2.033564
0.085096,2.357184
0.085098,2.6808028
0.0851,3.0044227
0.085102,3.2818112
0.085103996,3.605431
0.085106,3.8365874
0.085108,4.0677447
0.08511,4.298901
0.085112,4.437596
0.085114,4.622521
0.085116,4.7612157
0.085118,4.8536773
0.08512,4.946141
0.085122,4.992371
0.085124,5.0386033
0.085126,5.0386033
0.085128,4.992371
0.08513,4.946141
0.085132,4.8536773
0.085134,4.7149835
0.085136,4.5762897
0.085138,4.437596
0.08514,4.252671
0.085142,4.0215135
0.085144,3.7903562
0.085146,3.5129685
0.085148,3.23558
0.08515,2.9119601
0.085152,2.5883412
0.085154,2.2647214
0.085156,1.9411016
0.085158,1.5712504
0.08516,1.2476311
0.085162,0.8315482
0.085164,0.46169758
0.085166,0.091846466
0.085168,-0.27800417
0.08517,-0.694087
0.085172,-1.0639377
0.085174,-1.4337888
0.085176,-1.7574081
0.085178,-2.1272593
0.08518,-2.4508786
0.085181996,-2.7744985
0.085184,-3.098118
0.085186,-3.3755062
0.085188,-3.6528945
0.08519,-3.9302826
0.085192,-4.1614394
0.085194,-4.346365
0.085196,-4.4850593
0.085198,-4.669985
0.0852,-4.8086786
0.085202,-4.9011416
0.085204,-4.947373
0.085206,-4.993604
0.085208,-5.0398355
0.08521,-4.993604
0.085212,-4.947373
0.085214,-4.9011416
0.085216,-4.8086786
0.085218,-4.669985
0.08522,-4.5312905
0.085222,-4.346365
0.085224,-4.1614394
0.085226,-3.9302826
0.085227996,-3.6991258
0.08523,-3.4217377
0.085232,-3.1443493
0.085234,-2.8207297
0.085236,-2.4971101
0.085238,-2.1734905
0.08524,-1.8036394
0.085242,-1.48002
0.085244,-1.1101689
0.085246,-0.694087
0.085248,-0.32423592
0.08525,0.045615196
0.085252,0.4154663
0.085254,0.8315482
0.085256,1.2013993
0.085258,1.5250192
0.08526,1.8948698
0.085262,2.2184901
0.085264,2.5883412
0.085266,2.9119601
0.085268,3.1893477
0.08527,3.5129685
0.085272,3.744125
0.085274,4.0215135
0.085276,4.2064385
0.085278,4.437596
0.08528,4.5762897
0.085282,4.7149835
0.085284,4.8536773
0.085286,4.946141
0.085288,4.992371
0.08529,5.0386033
0.085292,5.0386033
0.085294,4.992371
0.085296,4.946141
0.085298,4.8999095
0.0853,4.7612157
0.085302,4.622521
0.085304,4.483826
0.085305996,4.298901
0.085308,4.113976
0.08531,3.8828197
0.085312,3.605431
0.085314,3.3280425
0.085316,3.050654
0.085318,2.727035
0.08532,2.4034152
0.085322,2.033564
0.085324,1.7099442
0.085326,1.3400936
0.085328,0.970243
0.08533,0.60039186
0.085332,0.23054075
0.085334,-0.18554163
0.085336,-0.55539227
0.085338,-0.9252434
0.08534,-1.2950945
0.085342,-1.6187139
0.085344,-1.9885652
0.085346,-2.3121846
0.085348,-2.6820357
0.08535,-3.0056553
0.085351996,-3.2830436
0.085354,-3.5604317
0.085356,-3.8378198
0.085358,-4.068977
0.08536,-4.3001337
0.085362,-4.4388275
0.085364,-4.623753
0.085366,-4.7624474
0.085368,-4.85491
0.08537,-4.947373
0.085372,-4.993604
0.085374,-5.0398355
0.085376,-4.993604
0.085378,-4.993604
0.08538,-4.9011416
0.085382,-4.85491
0.085384,-4.716216
0.085386,-4.577522
0.085388,-4.4388275
0.08539,-4.2539024
0.085392,-4.022745
0.085394,-3.7915885
0.085396,-3.5142004
0.085398,-3.236812
0.0854,-2.9131925
0.085402,-2.589573
0.085404,-2.2659533
0.085406,-1.9423337
0.085408,-1.5724826
0.08541,-1.202632
0.085412,-0.83278084
0.085414,-0.46292973
0.085416,-0.09307861
0.085418,0.3230033
0.08542,0.6928544
0.085422,1.0627055
0.085424,1.4325566
0.085426,1.756176
0.085428,2.126027
0.085429996,2.4496465
0.085432,2.7732663
0.085434,3.0968862
0.085436,3.420505
0.085438,3.6516623
0.08544,3.92905
0.085442,4.1602073
0.085444,4.3451324
0.085446,4.5300584
0.085448,4.668752
0.08545,4.807446
0.085452,4.8999095
0.085454,4.992371
0.085456,5.0386033
0.085458,5.0386033
0.08546,5.0386033
0.085462,4.992371
0.085464,4.8999095
0.085466,4.807446
0.085468,4.668752
0.08547,4.5300584
0.085472,4.3913646
0.085474,4.1602073
0.085475996,3.92905
0.085478,3.6978936
0.08548,3.420505
0.085482,3.1431174
0.085484,2.8194976
0.085486,2.4958777
0.085488,2.172258
0.08549,1.8024073
0.085492,1.4787879
0.085494,1.1089368
0.085496,0.7390857
0.085498,0.3230033
0.0855,-0.046847343
0.085502,-0.41669846
0.085504,-0.78654957
0.085506,-1.1564007
0.085508,-1.5262513
0.08551,-1.8961024
0.085512,-2.2197218
0.085514,-2.5433414
0.085516,-2.866961
0.085518,-3.1905808
0.08552,-3.467969
0.085522,-3.745357
0.085524,-3.976514
0.085526,-4.2076707
0.085528,-4.3925962
0.08553,-4.577522
0.085532,-4.716216
0.085534,-4.8086786
0.085536,-4.9011416
0.085538,-4.993604
0.08554,-4.993604
0.085542,-5.0398355
0.085544,-4.993604
0.085546,-4.947373
0.085548,-4.85491
0.08555,-4.7624474
0.085552,-4.623753
0.085553996,-4.4850593
0.085556,-4.3001337
0.085558,-4.115208
0.08556,-3.8378198
0.085562,-3.6066632
0.085564,-3.329275
0.085566,-3.0056553
0.085568,-2.728267
0.08557,-2.3584158
0.085572,-2.0347965
0.085574,-1.6649456
0.085576,-1.3413262
0.085578,-0.9714751
0.08558,-0.601624
0.085582,-0.18554163
0.085584,0.184309
0.085586,0.5541601
0.085588,0.92401123
0.08559,1.2938623
0.085592,1.6637135
0.085594,2.033564
0.085596,2.357184
0.085598,2.6808028
0.085599996,3.0044227
0.085602,3.2818112
0.085604,3.605431
0.085606,3.8365874
0.085608,4.0677447
0.08561,4.298901
0.085612,4.437596
0.085614,4.622521
0.085616,4.7612157
0.085618,4.8536773
0.08562,4.946141
0.085622,4.992371
0.085624,5.0386033
0.085626,5.0386033
0.085628,4.992371
0.08563,4.946141
0.085632,4.8536773
0.085634,4.7149835
0.085636,4.5762897
0.085638,4.437596
0.08564,4.252671
0.085642,4.0215135
0.085644,3.7903562
0.085646,3.5129685
0.085648,3.23558
0.08565,2.9119601
0.085652,2.5883412
0.085654,2.2647214
0.085656,1.9411016
0.085658,1.5712504
0.08566,1.2013993
0.085662,0.8315482
0.085664,0.46169758
0.085666,0.091846466
0.085668,-0.27800417
0.08567,-0.694087
0.085672,-1.0639377
0.085674,-1.4337888
0.085676,-1.7574081
0.085678,-2.1272593
0.08568,-2.4508786
0.085682,-2.7744985
0.085684,-3.098118
0.085686,-3.3755062
0.085688,-3.6528945
0.08569,-3.9302826
0.085692,-4.1614394
0.085694,-4.346365
0.085696,-4.4850593
0.085698,-4.669985
0.0857,-4.7624474
0.085702,-4.9011416
0.085704,-4.947373
0.085706,-4.993604
0.085708,-5.0398355
0.08571,-4.993604
0.085712,-4.947373
0.085714,-4.9011416
0.085716,-4.8086786
0.085718,-4.669985
0.08572,-4.5312905
0.085722,-4.346365
0.085723996,-4.1614394
0.085726,-3.9302826
0.085728,-3.6991258
0.08573,-3.4217377
0.085732,-3.1443493
0.085734,-2.8207297
0.085736,-2.4971101
0.085738,-2.1734905
0.08574,-1.8036394
0.085742,-1.48002
0.085744,-1.1101689
0.085746,-0.694087
0.085748,-0.32423592
0.08575,0.36923456
0.085752,1.9873328
0.085754,3.420505
0.085756,4.437596
0.085758,4.8536773
0.08576,4.7149835
0.085762,4.0215135
0.085764,2.7732663
0.085766,1.2476311
0.085768,-0.46292973
0.08577,-2.081028
0.085772,-3.5142004
0.085774,-4.4850593
0.085776,-4.9011416
0.085778,-4.716216
0.08578,-3.976514
0.085782,-2.7744985
0.085784,-1.1564007
0.085786,0.60039186
0.085788,2.2184901
0.08579,3.605431
0.085792,4.5300584
0.085794,4.8999095
0.085796,4.668752
0.085798,3.8828197
0.0858,2.5883412
0.085802,1.0164738
0.085804,-0.694087
0.085806,-2.3121846
0.085808,-3.6991258
0.08581,-4.577522
0.085812,-4.9011416
0.085814,-4.623753
0.085816,-3.8378198
0.085818,-2.5433414
0.08582,-0.9252434
0.085822,0.8315482
0.085824,2.4496465
0.085826,3.7903562
0.085828,4.622521
0.08583,4.8999095
0.085832,4.5762897
0.085834,3.744125
0.085836,2.4034152
0.085838,0.7853174
0.08584,-0.9252434
0.085842,-2.4971101
0.085844,-3.8378198
0.085846,-4.669985
0.085847996,-4.9011416
0.08585,-4.5312905
0.085852,-3.6528945
0.085854,-2.3121846
0.085856,-0.6478553
0.085858,1.0627055
0.08586,2.6808028
0.085862,3.92905
0.085864,4.7149835
0.085866,4.8999095
0.085868,4.483826
0.08587,3.5591989
0.085872,2.172258
0.085874,0.5541601
0.085876,-1.1564007
0.085878,-2.728267
0.08588,-4.022745
0.085882,-4.716216
0.085884,-4.9011416
0.085886,-4.4388275
0.085888,-3.5142004
0.08589,-2.081028
0.085892,-0.41669846
0.085893996,1.3400936
0.085896,2.8657289
0.085898,4.113976
0.0859,4.7612157
0.085902,4.8999095
0.085904,4.437596
0.085906,3.420505
0.085908,1.9411016
0.08591,0.3230033
0.085912,-1.4337888
0.085914,-2.9594238
0.085916,-4.1614394
0.085918,-4.8086786
0.08592,-4.85491
0.085922,-4.3925962
0.085924,-3.329275
0.085926,-1.8498712
0.085928,-0.18554163
0.08593,1.5250192
0.085932,3.0968862
0.085934,4.252671
0.085936,4.807446
0.085938,4.8536773
0.08594,4.298901
0.085942,3.23558
0.085944,1.7099442
0.085946,0.045615196
0.085948,-1.6187139
0.08595,-3.1443493
0.085952,-4.3001337
0.085954,-4.85491
0.085956,-4.85491
0.085958,-4.2539024
0.08596,-3.1443493
0.085962,-1.6187139
0.085964,0.091846466
0.085966,1.756176
0.085968,3.2818112
0.08597,4.3451324
0.085971996,4.8536773
0.085974,4.807446
0.085976,4.2064385
0.085978,3.0044227
0.08598,1.4787879
0.085982,-0.18554163
0.085984,-1.8498712
0.085986,-3.329275
0.085988,-4.3925962
0.08599,-4.85491
0.085992,-4.7624474
0.085994,-4.115208
0.085996,-2.9594238
0.085998,-1.387557
0.086,0.3230033
0.086002,2.033564
0.086004,3.4667363
0.086006,4.437596
0.086008,4.8999095
0.08601,4.7612157
0.086012,4.0677447
0.086014,2.8194976
0.086016,1.2938623
0.086017996,-0.46292973
0.08602,-2.081028
0.086022,-3.5142004
0.086024,-4.4850593
0.086026,-4.9011416
0.086028,-4.716216
0.08603,-3.976514
0.086032,-2.728267
0.086034,-1.1564007
0.086036,0.60039186
0.086038,2.2184901
0.08604,3.6516623
0.086042,4.5300584
0.086044,4.8999095
0.086046,4.668752
0.086048,3.8828197
0.08605,2.6345725
0.086052,1.0164738
0.086054,-0.694087
0.086056,-2.3121846
0.086058,-3.6991258
0.08606,-4.577522
0.086062,-4.9011416
0.086064,-4.623753
0.086066,-3.8378198
0.086068,-2.5433414
0.08607,-0.9252434
0.086072,0.8315482
0.086074,2.4496465
0.086076,3.7903562
0.086078,4.622521
0.08608,4.8999095
0.086082,4.5762897
0.086084,3.744125
0.086086,2.4034152
0.086088,0.7853174
0.08609,-0.9252434
0.086092,-2.4971101
0.086094,-3.8378198
0.086095996,-4.669985
0.086098,-4.9011416
0.0861,-4.5312905
0.086102,-3.6528945
0.086104,-2.3121846
0.086106,-0.6478553
0.086108,1.0627055
0.08611,2.6808028
0.086112,3.92905
0.086114,4.7149835
0.086116,4.8999095
0.086118,4.5300584
0.08612,3.5591989
0.086122,2.172258
0.086124,0.5541601
0.086126,-1.1564007
0.086128,-2.728267
0.08613,-4.022745
0.086132,-4.716216
0.086134,-4.9011416
0.086136,-4.4388275
0.086138,-3.5142004
0.08614,-2.081028
0.086141996,-0.41669846
0.086144,1.3400936
0.086146,2.8657289
0.086148,4.113976
0.08615,4.7612157
0.086152,4.8999095
0.086154,4.437596
0.086156,3.420505
0.086158,1.9411016
0.08616,0.27677202
0.086162,-1.4337888
0.086164,-2.9594238
0.086166,-4.1614394
0.086168,-4.8086786
0.08617,-4.85491
0.086172,-4.3925962
0.086174,-3.329275
0.086176,-1.8498712
0.086178,-0.13931036
0.08618,1.5250192
0.086182,3.0968862
0.086184,4.252671
0.086186,4.807446
0.086188,4.8536773
0.08619,4.298901
0.086192,3.23558
0.086194,1.7099442
0.086196,0.045615196
0.086198,-1.6187139
0.0862,-3.1443493
0.086202,-4.3001337
0.086204,-4.85491
0.086206,-4.85491
0.086208,-4.2539024
0.08621,-3.1443493
0.086212,-1.6187139
0.086214,0.091846466
0.086216,1.8024073
0.086218,3.2818112
0.086219996,4.3451324
0.086222,4.8536773
0.086224,4.807446
0.086226,4.2064385
0.086228,3.0044227
0.08623,1.4787879
0.086232,-0.18554163
0.086234,-1.8498712
0.086236,-3.329275
0.086238,-4.3925962
0.08624,-4.85491
0.086242,-4.7624474
0.086244,-4.115208
0.086246,-2.9594238
0.086248,-1.387557
0.08625,0.3230033
0.086252,2.033564
0.086254,3.4667363
0.086256,4.437596
0.086258,4.8999095
0.08626,4.7612157
0.086262,4.0677447
0.086264,2.8194976
0.086265996,1.2938623
0.086268,-0.46292973
0.08627,-2.081028
0.086272,-3.5142004
0.086274,-4.4850593
0.086276,-4.9011416
0.086278,-4.716216
0.08628,-3.976514
0.086282,-2.728267
0.086284,-1.1564007
0.086286,0.60039186
0.086288,2.2184901
0.08629,3.6516623
0.086292,4.5300584
0.086294,4.8999095
0.086296,4.668752
0.086298,3.8828197
0.0863,2.6345725
0.086302,1.0164738
0.086304,-0.694087
0.086306,-2.3121846
0.086308,-3.6991258
0.08631,-4.577522
0.086312,-4.9011416
0.086314,-4.623753
0.086316,-3.8378198
0.086318,-2.5433414
0.08632,-0.9252434
0.086322,0.8315482
0.086324,2.4496465
0.086326,3.7903562
0.086328,4.622521
0.08633,4.8999095
0.086332,4.5762897
0.086334,3.744125
0.086336,2.4034152
0.086338,0.7853174
0.08634,-0.9252434
0.086342,-2.4971101
0.086343996,-3.8378198
0.086346,-4.669985
0.086348,-4.9011416
0.08635,-4.5312905
0.086352,-3.6528945
0.086354,-2.3121846
0.086356,-0.6478553
0.086358,1.0627055
0.08636,2.6808028
0.086362,3.92905
0.086364,4.7149835
0.086366,4.8999095
0.086368,4.5300584
0.08637,3.5591989
0.086372,2.172258
0.086374,0.5541601
0.086376,-1.1564007
0.086378,-2.728267
0.08638,-4.022745
0.086382,-4.716216
0.086384,-4.9011416
0.086386,-4.4388275
0.086388,-3.5142004
0.086389996,-2.081028
0.086392,-0.41669846
0.086394,1.3400936
0.086396,2.8657289
0.086398,4.113976
0.0864,4.7612157
0.086402,4.8999095
0.086404,4.437596
0.086406,3.420505
0.086408,1.9411016
0.08641,0.27677202
0.086412,-1.4337888
0.086414,-2.9594238
0.086416,-4.1614394
0.086418,-4.8086786
0.08642,-4.85491
0.086422,-4.3925962
0.086424,-3.329275
0.086426,-1.8498712
0.086428,-0.13931036
0.08643,1.5250192
0.086432,3.0968862
0.086434,4.252671
0.086436,4.807446
0.086438,4.8536773
0.08644,4.298901
0.086442,3.23558
0.086444,1.7099442
0.086446,0.045615196
0.086448,-1.6187139
0.08645,-3.1443493
0.086452,-4.3001337
0.086454,-4.85491
0.086456,-4.8086786
0.086458,-4.2539024
0.08646,-3.1443493
0.086462,-1.6187139
0.086464,0.091846466
0.086466,1.8024073
0.086467996,3.2818112
0.08647,4.3451324
0.086472,4.8536773
0.086474,4.807446
0.086476,4.2064385
0.086478,3.0044227
0.08648,1.4787879
0.086482,-0.18554163
0.086484,-1.8498712
0.086486,-3.329275
0.086488,-4.3925962
0.08649,-4.85491
0.086492,-4.7624474
0.086494,-4.115208
0.086496,-2.9594238
0.086498,-1.387557
0.0865,0.3230033
0.086502,2.033564
0.086504,3.4667363
0.086506,4.437596
0.086508,4.8999095
0.08651,4.7612157
0.086512,4.0677447
0.086513996,2.8194976
0.086516,1.2938623
0.086518,-0.46292973
0.08652,-2.081028
0.086522,-3.5142004
0.086524,-4.4850593
0.086526,-4.9011416
0.086528,-4.716216
0.08653,-3.976514
0.086532,-2.728267
0.086534,-1.1564007
0.086536,0.60039186
0.086538,2.2184901
0.08654,3.6516623
0.086542,4.5300584
0.086544,4.8999095
0.086546,4.668752
0.086548,3.8828197
0.08655,2.5883412
0.086552,1.0164738
0.086554,-0.694087
0.086556,-2.3121846
0.086558,-3.6991258
0.08656,-4.577522
0.086562,-4.9011416
0.086564,-4.623753
0.086566,-3.8378198
0.086568,-2.5433414
0.08657,-0.9252434
0.086572,0.8315482
0.086574,2.4496465
0.086576,3.7903562
0.086578,4.622521
0.08658,4.8999095
0.086582,4.622521
0.086584,3.744125
0.086586,2.4034152
0.086588,0.7853174
0.08659,-0.9252434
0.086591996,-2.4971101
0.086594,-3.8378198
0.086596,-4.669985
0.086598,-4.9011416
0.0866,-4.5312905
0.086602,-3.6528945
0.086604,-2.3121846
0.086606,-0.6478553
0.086608,1.1089368
0.08661,2.6808028
0.086612,3.92905
0.086614,4.7149835
0.086616,4.8999095
0.086618,4.483826
0.08662,3.5591989
0.086622,2.172258
0.086624,0.5541601
0.086626,-1.1564007
0.086628,-2.728267
0.08663,-4.022745
0.086632,-4.716216
0.086634,-4.9011416
0.086636,-4.4388275
0.086637996,-3.5142004
0.08664,-2.081028
0.086642,-0.41669846
0.086644,1.3400936
0.086646,2.8657289
0.086648,4.113976
0.08665,4.7612157
0.086652,4.8999095
0.086654,4.437596
0.086656,3.420505
0.086658,1.9411016
0.08666,0.27677202
0.086662,-1.4337888
0.086664,-2.9594238
0.086666,-4.1614394
0.086668,-4.8086786
0.08667,-4.85491
0.086672,-4.3925962
0.086674,-3.329275
0.086676,-1.8498712
0.086678,-0.13931036
0.08668,1.5250192
0.086682,3.0968862
0.086684,4.252671
0.086686,4.8536773
0.086688,4.8536773
0.08669,4.298901
0.086692,3.23558
0.086694,1.7099442
0.086696,0.045615196
0.086698,-1.6187139
0.0867,-3.1443493
0.086702,-4.3001337
0.086704,-4.85491
0.086706,-4.8086786
0.086708,-4.2539024
0.08671,-3.1443493
0.086712,-1.6187139
0.086714,0.091846466
0.086715996,1.8024073
0.086718,3.2818112
0.08672,4.3451324
0.086722,4.8536773
0.086724,4.807446
0.086726,4.2064385
0.086728,3.0044227
0.08673,1.4787879
0.086732,-0.18554163
0.086734,-1.8498712
0.086736,-3.329275
0.086738,-4.3925962
0.08674,-4.9011416
0.086742,-4.7624474
0.086744,-4.115208
0.086746,-2.9594238
0.086748,-1.387557
0.08675,0.045615196
0.086752,0.46169758
0.086754,0.87777996
0.086756,1.2476311
0.086758,1.5712504
0.08676,1.9411016
0.086761996,2.2647214
0.086764,2.5883412
0.086766,2.9119601
0.086768,3.23558
0.08677,3.5129685
0.086772,3.7903562
0.086774,4.0215135
0.086776,4.252671
0.086778,4.437596
0.08678,4.5762897
0.086782,4.7149835
0.086784,4.8536773
0.086786,4.946141
0.086788,4.992371
0.08679,5.0386033
0.086792,5.0386033
0.086794,5.0386033
0.086796,4.946141
0.086798,4.8999095
0.0868,4.7612157
0.086802,4.622521
0.086804,4.483826
0.086806,4.298901
0.086808,4.113976
0.08681,3.8828197
0.086812,3.605431
0.086814,3.3280425
0.086816,3.050654
0.086818,2.727035
0.08682,2.4034152
0.086822,2.033564
0.086824,1.7099442
0.086826,1.3400936
0.086828,0.970243
0.08683,0.60039186
0.086832,0.23054075
0.086834,-0.18554163
0.086836,-0.55539227
0.086838,-0.9252434
0.08684,-1.2950945
0.086842,-1.6187139
0.086844,-1.9885652
0.086846,-2.3584158
0.086848,-2.6820357
0.08685,-3.0056553
0.086852,-3.2830436
0.086854,-3.5604317
0.086856,-3.8378198
0.086858,-4.068977
0.08686,-4.3001337
0.086862,-4.4388275
0.086864,-4.623753
0.086866,-4.7624474
0.086868,-4.85491
0.08687,-4.947373
0.086872,-4.993604
0.086874,-5.0398355
0.086876,-5.0398355
0.086878,-4.993604
0.08688,-4.9011416
0.086882,-4.85491
0.086884,-4.716216
0.086885996,-4.577522
0.086888,-4.4388275
0.08689,-4.2539024
0.086892,-4.022745
0.086894,-3.7915885
0.086896,-3.5142004
0.086898,-3.236812
0.0869,-2.9131925
0.086902,-2.589573
0.086904,-2.2659533
0.086906,-1.9423337
0.086908,-1.5724826
0.08691,-1.202632
0.086912,-0.83278084
0.086914,-0.46292973
0.086916,-0.09307861
0.086918,0.3230033
0.08692,0.6928544
0.086922,1.0627055
0.086924,1.4325566
0.086926,1.756176
0.086928,2.126027
0.08693,2.4496465
0.086932,2.7732663
0.086934,3.0968862
0.086936,3.420505
0.086938,3.6516623
0.08694,3.92905
0.086942,4.1602073
0.086944,4.3451324
0.086946,4.5300584
0.086948,4.668752
0.08695,4.807446
0.086952,4.8999095
0.086954,4.992371
0.086956,5.0386033
0.086958,5.0386033
0.08696,5.0386033
0.086962,4.992371
0.086964,4.8999095
0.086966,4.807446
0.086968,4.668752
0.08697,4.5300584
0.086972,4.3913646
0.086974,4.1602073
0.086976,3.92905
0.086978,3.6978936
0.08698,3.420505
0.086982,3.1431174
0.086984,2.8194976
0.086986,2.4958777
0.086988,2.172258
0.08699,1.8024073
0.086992,1.4787879
0.086994,1.1089368
0.086996,0.7390857
0.086998,0.3230033
0.087,-0.046847343
0.087002,-0.41669846
0.087004,-0.78654957
0.087006,-1.1564007
0.087008,-1.5262513
0.087009996,-1.8961024
0.087012,-2.2197218
0.087014,-2.5433414
0.087016,-2.866961
0.087018,-3.1905808
0.08702,-3.467969
0.087022,-3.745357
0.087024,-3.976514
0.087026,-4.2076707
0.087028,-4.3925962
0.08703,-4.577522
0.087032,-4.716216
0.087034,-4.8086786
0.087036,-4.9011416
0.087038,-4.993604
0.08704,-4.993604
0.087042,-5.0398355
0.087044,-4.993604
0.087046,-4.947373
0.087048,-4.85491
0.08705,-4.7624474
0.087052,-4.623753
0.087054,-4.4388275
0.087055996,-4.3001337
0.087058,-4.115208
0.08706,-3.8378198
0.087062,-3.6066632
0.087064,-3.329275
0.087066,-3.0056553
0.087068,-2.728267
0.08707,-2.3584158
0.087072,-2.0347965
0.087074,-1.6649456
0.087076,-1.3413262
0.087078,-0.9714751
0.08708,-0.601624
0.087082,-0.18554163
0.087084,0.184309
0.087086,0.5541601
0.087088,0.92401123
0.08709,1.3400936
0.087092,1.6637135
0.087094,2.033564
0.087096,2.357184
0.087098,2.6808028
0.0871,3.0044227
0.087102,3.2818112
0.087104,3.605431
0.087106,3.8365874
0.087108,4.0677447
0.08711,4.298901
0.087112,4.437596
0.087114,4.622521
0.087116,4.7612157
0.087118,4.8536773
0.08712,4.946141
0.087122,4.992371
0.087124,5.0386033
0.087126,5.0386033
0.087128,4.992371
0.08713,4.946141
0.087132,4.8536773
0.087133996,4.7149835
0.087136,4.5762897
0.087138,4.437596
0.08714,4.252671
0.087142,4.0215135
0.087144,3.7903562
0.087146,3.5129685
0.087148,3.23558
0.08715,2.9119601
0.087152,2.5883412
0.087154,2.2647214
0.087156,1.9411016
0.087158,1.5712504
0.08716,1.2013993
0.087162,0.8315482
0.087164,0.46169758
0.087166,0.091846466
0.087168,-0.27800417
0.08717,-0.694087
0.087172,-1.0639377
0.087174,-1.4337888
0.087176,-1.7574081
0.087178,-2.1272593
0.087179996,-2.4508786
0.087182,-2.7744985
0.087184,-3.098118
0.087186,-3.3755062
0.087188,-3.6528945
0.08719,-3.9302826
0.087192,-4.1614394
0.087194,-4.346365
0.087196,-4.4850593
0.087198,-4.669985
0.0872,-4.7624474
0.087202,-4.9011416
0.087204,-4.947373
0.087206,-4.993604
0.087208,-5.0398355
0.08721,-4.993604
0.087212,-4.947373
0.087214,-4.9011416
0.087216,-4.8086786
0.087218,-4.669985
0.08722,-4.5312905
0.087222,-4.346365
0.087224,-4.1614394
0.087226,-3.9302826
0.087228,-3.6991258
0.08723,-3.4217377
0.087232,-3.1443493
0.087234,-2.8207297
0.087236,-2.4971101
0.087238,-2.1734905
0.08724,-1.8036394
0.087242,-1.48002
0.087244,-1.1101689
0.087246,-0.694087
0.087248,-0.32423592
0.08725,0.045615196
0.087252,0.46169758
0.087254,0.8315482
0.087256,1.2013993
0.087257996,1.5250192
0.08726,1.8948698
0.087262,2.2647214
0.087264,2.5883412
0.087266,2.9119601
0.087268,3.1893477
0.08727,3.5129685
0.087272,3.744125
0.087274,4.0215135
0.087276,4.2064385
0.087278,4.437596
0.08728,4.5762897
0.087282,4.7149835
0.087284,4.8536773
0.087286,4.946141
0.087288,4.992371
0.08729,5.0386033
0.087292,5.0386033
0.087294,4.992371
0.087296,4.946141
0.087298,4.8999095
0.0873,4.7612157
0.087302,4.622521
0.087303996,4.483826
0.087306,4.298901
0.087308,4.113976
0.08731,3.8828197
0.087312,3.605431
0.087314,3.3280425
0.087316,3.050654
0.087318,2.727035
0.08732,2.4034152
0.087322,2.033564
0.087324,1.7099442
0.087326,1.3400936
0.087328,0.970243
0.08733,0.60039186
0.087332,0.23054075
0.087334,-0.18554163
0.087336,-0.55539227
0.087338,-0.9252434
0.08734,-1.2950945
0.087342,-1.6187139
0.087344,-1.9885652
0.087346,-2.3584158
0.087348,-2.6820357
0.08735,-3.0056553
0.087352,-3.2830436
0.087354,-3.5604317
0.087356,-3.8378198
0.087358,-4.068977
0.08736,-4.3001337
0.087362,-4.4388275
0.087364,-4.623753
0.087366,-4.7624474
0.087368,-4.85491
0.08737,-4.947373
0.087372,-4.993604
0.087374,-5.0398355
0.087376,-4.993604
0.087378,-4.993604
0.08738,-4.9011416
0.087381996,-4.85491
0.087384,-4.716216
0.087386,-4.577522
0.087388,-4.4388275
0.08739,-4.2539024
0.087392,-4.022745
0.087394,-3.7915885
0.087396,-3.5142004
0.087398,-3.236812
0.0874,-2.9131925
0.087402,-2.589573
0.087404,-2.2659533
0.087406,-1.9423337
0.087408,-1.5724826
0.08741,-1.202632
0.087412,-0.83278084
0.087414,-0.46292973
0.087416,-0.09307861
0.087418,0.3230033
0.08742,0.6928544
0.087422,1.0627055
0.087424,1.4325566
0.087426,1.756176
0.087427996,2.126027
0.08743,2.4496465
0.087432,2.7732663
0.087434,3.0968862
0.087436,3.420505
0.087438,3.6516623
0.08744,3.92905
0.087442,4.1602073
0.087444,4.3451324
0.087446,4.5300584
0.087448,4.668752
0.08745,4.807446
0.087452,4.8999095
0.087454,4.992371
0.087456,4.992371
0.087458,5.0386033
0.08746,5.0386033
0.087462,4.992371
0.087464,4.8999095
0.087466,4.807446
0.087468,4.668752
0.08747,4.5300584
0.087472,4.3913646
0.087474,4.1602073
0.087476,3.92905
0.087478,3.6978936
0.08748,3.420505
0.087482,3.1431174
0.087484,2.8194976
0.087486,2.4958777
0.087488,2.172258
0.08749,1.8024073
0.087492,1.4787879
0.087494,1.1089368
0.087496,0.7390857
0.087498,0.3230033
0.0875,-0.046847343
0.087502,-0.41669846
0.087504,-0.78654957
0.087505996,-1.1564007
0.087508,-1.5262513
0.08751,-1.8961024
0.087512,-2.2197218
0.087514,-2.5433414
0.087516,-2.866961
0.087518,-3.1905808
0.08752,-3.467969
0.087522,-3.745357
0.087524,-3.976514
0.087526,-4.2076707
0.087528,-4.3925962
0.08753,-4.577522
0.087532,-4.716216
0.087534,-4.8086786
0.087536,-4.9011416
0.087538,-4.993604
0.08754,-4.993604
0.087542,-5.0398355
0.087544,-4.993604
0.087546,-4.947373
0.087548,-4.85491
0.08755,-4.7624474
0.087551996,-4.623753
0.087554,-4.4388275
0.087556,-4.3001337
0.087558,-4.068977
0.08756,-3.8378198
0.087562,-3.6066632
0.087564,-3.329275
0.087566,-3.0056553
0.087568,-2.728267
0.08757,-2.3584158
0.087572,-2.0347965
0.087574,-1.6649456
0.087576,-1.3413262
0.087578,-0.9714751
0.08758,-0.601624
0.087582,-0.18554163
0.087584,0.184309
0.087586,0.5541601
0.087588,0.92401123
0.08759,1.2938623
0.087592,1.6637135
0.087594,2.033564
0.087596,2.357184
0.087598,2.6808028
0.0876,3.0044227
0.087602,3.2818112
0.087604,3.605431
0.087606,3.8365874
0.087608,4.0677447
0.08761,4.298901
0.087612,4.437596
0.087614,4.622521
0.087616,4.7612157
0.087618,4.8536773
0.08762,4.946141
0.087622,4.992371
0.087624,5.0386033
0.087626,5.0386033
0.087628,4.992371
0.087629996,4.946141
0.087632,4.8536773
0.087634,4.7149835
0.087636,4.5762897
0.087638,4.437596
0.08764,4.252671
0.087642,4.0215135
0.087644,3.7903562
0.087646,3.5129685
0.087648,3.23558
0.08765,2.9119601
0.087652,2.5883412
0.087654,2.2647214
0.087656,1.9411016
0.087658,1.5712504
0.08766,1.2013993
0.087662,0.8315482
0.087664,0.46169758
0.087666,0.091846466
0.087668,-0.27800417
0.08767,-0.694087
0.087672,-1.0639377
0.087674,-1.4337888
0.087675996,-1.7574081
0.087678,-2.1272593
0.08768,-2.4508786
0.087682,-2.7744985
0.087684,-3.098118
0.087686,-3.3755062
0.087688,-3.6528945
0.08769,-3.9302826
0.087692,-4.1614394
0.087694,-4.346365
0.087696,-4.4850593
0.087698,-4.669985
0.0877,-4.8086786
0.087702,-4.9011416
0.087704,-4.947373
0.087706,-4.993604
0.087708,-5.0398355
0.08771,-4.993604
0.087712,-4.947373
0.087714,-4.9011416
0.087716,-4.8086786
0.087718,-4.669985
0.08772,-4.5312905
0.087722,-4.3925962
0.087724,-4.1614394
0.087726,-3.9302826
0.087728,-3.6991258
0.08773,-3.4217377
0.087732,-3.1443493
0.087734,-2.8207297
0.087736,-2.4971101
0.087738,-2.1734905
0.08774,-1.8036394
0.087742,-1.48002
0.087744,-1.0639377
0.087746,-0.694087
0.087748,-0.32423592
0.08775,0.36923456
0.087752,1.9873328
0.087753996,3.420505
0.087756,4.437596
0.087758,4.8536773
0.08776,4.7149835
0.087762,4.0215135
0.087764,2.7732663
0.087766,1.2476311
0.087768,-0.46292973
0.08777,-2.1272593
0.087772,-3.5604317
0.087774,-4.4850593
0.087776,-4.9011416
0.087778,-4.716216
0.08778,-3.976514
0.087782,-2.728267
0.087784,-1.1564007
0.087786,0.60039186
0.087788,2.2184901
0.08779,3.605431
0.087792,4.5300584
0.087794,4.8999095
0.087796,4.668752
0.087798,3.8828197
0.087799996,2.5883412
0.087802,1.0164738
0.087804,-0.694087
0.087806,-2.3121846
0.087808,-3.6991258
0.08781,-4.577522
0.087812,-4.9011416
0.087814,-4.623753
0.087816,-3.8378198
0.087818,-2.5433414
0.08782,-0.9252434
0.087822,0.8315482
0.087824,2.4496465
0.087826,3.7903562
0.087828,4.622521
0.08783,4.8999095
0.087832,4.5762897
0.087834,3.744125
0.087836,2.4034152
0.087838,0.7853174
0.08784,-0.9252434
0.087842,-2.5433414
0.087844,-3.8378198
0.087846,-4.669985
0.087848,-4.9011416
0.08785,-4.5312905
0.087852,-3.6528945
0.087854,-2.3121846
0.087856,-0.6478553
0.087858,1.1089368
0.08786,2.6808028
0.087862,3.9752812
0.087864,4.7149835
0.087866,4.8999095
0.087868,4.483826
0.08787,3.5591989
0.087872,2.172258
0.087874,0.5541601
0.087876,-1.202632
0.087877996,-2.728267
0.08788,-4.022745
0.087882,-4.716216
0.087884,-4.9011416
0.087886,-4.4388275
0.087888,-3.5142004
0.08789,-2.081028
0.087892,-0.41669846
0.087894,1.3400936
0.087896,2.8657289
0.087898,4.113976
0.0879,4.7612157
0.087902,4.8999095
0.087904,4.437596
0.087906,3.3742738
0.087908,1.9411016
0.08791,0.27677202
0.087912,-1.4337888
0.087914,-2.9594238
0.087916,-4.1614394
0.087918,-4.8086786
0.08792,-4.85491
0.087922,-4.3925962
0.087923996,-3.329275
0.087926,-1.8498712
0.087928,-0.13931036
0.08793,1.5712504
0.087932,3.0968862
0.087934,4.252671
0.087936,4.8536773
0.087938,4.8536773
0.08794,4.298901
0.087942,3.1893477
0.087944,1.7099442
0.087946,0.045615196
0.087948,-1.6187139
0.08795,-3.1443493
0.087952,-4.3001337
0.087954,-4.85491
0.087956,-4.8086786
0.087958,-4.2539024
0.08796,-3.1443493
0.087962,-1.6187139
0.087964,0.091846466
0.087966,1.8024073
0.087968,3.2818112
0.08797,4.3451324
0.087972,4.8536773
0.087974,4.807446
0.087976,4.1602073
0.087978,3.0044227
0.08798,1.4787879
0.087982,-0.18554163
0.087984,-1.8498712
0.087986,-3.329275
0.087988,-4.3925962
0.08799,-4.9011416
0.087992,-4.7624474
0.087994,-4.115208
0.087996,-2.9594238
0.087998,-1.387557
0.088,0.36923456
0.088002,2.033564
0.088004,3.4667363
0.088006,4.437596
0.088008,4.8999095
0.08801,4.7612157
0.088012,4.0215135
0.088014,2.8194976
0.088016,1.2938623
0.088018,-0.46292973
0.08802,-2.081028
0.088022,-3.5142004
0.088024,-4.4850593
0.088026,-4.9011416
0.088028,-4.716216
0.08803,-3.976514
0.088032,-2.728267
0.088034,-1.1564007
0.088036,0.60039186
0.088038,2.2647214
0.08804,3.6516623
0.088042,4.5300584
0.088044,4.8999095
0.088046,4.668752
0.088047996,3.8828197
0.08805,2.5883412
0.088052,1.0164738
0.088054,-0.694087
0.088056,-2.3121846
0.088058,-3.6991258
0.08806,-4.577522
0.088062,-4.9011416
0.088064,-4.623753
0.088066,-3.8378198
0.088068,-2.5433414
0.08807,-0.9252434
0.088072,0.8315482
0.088074,2.4496465
0.088076,3.7903562
0.088078,4.622521
0.08808,4.8999095
0.088082,4.5762897
0.088084,3.744125
0.088086,2.4034152
0.088088,0.7853174
0.08809,-0.9252434
0.088092,-2.5433414
0.088094,-3.8378198
0.088096,-4.669985
0.088098,-4.9011416
0.0881,-4.5312905
0.088102,-3.6528945
0.088104,-2.3121846
0.088106,-0.6478553
0.088108,1.1089368
0.08811,2.6808028
0.088112,3.9752812
0.088114,4.7149835
0.088116,4.8999095
0.088118,4.483826
0.08812,3.5591989
0.088122,2.172258
0.088124,0.5541601
0.088126,-1.202632
0.088128,-2.728267
0.08813,-4.022745
0.088132,-4.716216
0.088134,-4.9011416
0.088136,-4.4388275
0.088138,-3.5142004
0.08814,-2.081028
0.088142,-0.41669846
0.088144,1.3400936
0.088146,2.8657289
0.088148,4.113976
0.08815,4.7612157
0.088152,4.8999095
0.088154,4.437596
0.088156,3.3742738
0.088158,1.9411016
0.08816,0.27677202
0.088162,-1.4337888
0.088164,-2.9594238
0.088166,-4.1614394
0.088168,-4.8086786
0.08817,-4.85491
0.088171996,-4.3925962
0.088174,-3.329275
0.088176,-1.8498712
0.088178,-0.13931036
0.08818,1.5712504
0.088182,3.0968862
0.088184,4.252671
0.088186,4.8536773
0.088188,4.8536773
0.08819,4.298901
0.088192,3.1893477
0.088194,1.7099442
0.088196,0.045615196
0.088198,-1.6187139
0.0882,-3.1443493
0.088202,-4.3001337
0.088204,-4.85491
0.088206,-4.8086786
0.088208,-4.2539024
0.08821,-3.1443493
0.088212,-1.6187139
0.088214,0.091846466
0.088216,1.8024073
0.088217996,3.2818112
0.08822,4.3451324
0.088222,4.8536773
0.088224,4.807446
0.088226,4.1602073
0.088228,3.0044227
0.08823,1.4787879
0.088232,-0.18554163
0.088234,-1.8498712
0.088236,-3.329275
0.088238,-4.3925962
0.08824,-4.9011416
0.088242,-4.7624474
0.088244,-4.115208
0.088246,-2.9594238
0.088248,-1.387557
0.08825,0.36923456
0.088252,2.033564
0.088254,3.4667363
0.088256,4.437596
0.088258,4.8999095
0.08826,4.7612157
0.088262,4.0215135
0.088264,2.8194976
0.088266,1.2476311
0.088268,-0.46292973
0.08827,-2.081028
0.088272,-3.5142004
0.088274,-4.4850593
0.088276,-4.9011416
0.088278,-4.716216
0.08828,-3.976514
0.088282,-2.728267
0.088284,-1.1564007
0.088286,0.60039186
0.088288,2.2647214
0.08829,3.6516623
0.088292,4.5300584
0.088294,4.8999095
0.088295996,4.668752
0.088298,3.8828197
0.0883,2.5883412
0.088302,1.0164738
0.088304,-0.694087
0.088306,-2.3121846
0.088308,-3.6991258
0.08831,-4.577522
0.088312,-4.9011416
0.088314,-4.623753
0.088316,-3.8378198
0.088318,-2.5433414
0.08832,-0.8790121
0.088322,0.8315482
0.088324,2.4496465
0.088326,3.7903562
0.088328,4.622521
0.08833,4.946141
0.088332,4.5762897
0.088334,3.744125
0.088336,2.4034152
0.088338,0.7853174
0.08834,-0.9252434
0.088341996,-2.5433414
0.088344,-3.8378198
0.088346,-4.669985
0.088348,-4.9011416
0.08835,-4.5312905
0.088352,-3.6528945
0.088354,-2.3121846
0.088356,-0.6478553
0.088358,1.1089368
0.08836,2.6808028
0.088362,3.9752812
0.088364,4.7149835
0.088366,4.8999095
0.088368,4.483826
0.08837,3.5591989
0.088372,2.172258
0.088374,0.5541601
0.088376,-1.202632
0.088378,-2.728267
0.08838,-4.022745
0.088382,-4.716216
0.088384,-4.9011416
0.088386,-4.4388275
0.088388,-3.5142004
0.08839,-2.081028
0.088392,-0.41669846
0.088394,1.3400936
0.088396,2.8657289
0.088398,4.113976
0.0884,4.7612157
0.088402,4.8999095
0.088404,4.437596
0.088406,3.3742738
0.088408,1.9411016
0.08841,0.27677202
0.088412,-1.4337888
0.088414,-2.9594238
0.088416,-4.1614394
0.088418,-4.8086786
0.088419996,-4.85491
0.088422,-4.346365
0.088424,-3.329275
0.088426,-1.8498712
0.088428,-0.13931036
0.08843,1.5712504
0.088432,3.0968862
0.088434,4.252671
0.088436,4.8536773
0.088438,4.8536773
0.08844,4.298901
0.088442,3.1893477
0.088444,1.7099442
0.088446,0.045615196
0.088448,-1.6187139
0.08845,-3.1443493
0.088452,-4.3001337
0.088454,-4.85491
0.088456,-4.8086786
0.088458,-4.2539024
0.08846,-3.1443493
0.088462,-1.6187139
0.088464,0.091846466
0.088465996,1.8024073
0.088468,3.2818112
0.08847,4.3451324
0.088472,4.8536773
0.088474,4.807446
0.088476,4.1602073
0.088478,3.0044227
0.08848,1.4787879
0.088482,-0.2317729
0.088484,-1.8498712
0.088486,-3.329275
0.088488,-4.3925962
0.08849,-4.9011416
0.088492,-4.7624474
0.088494,-4.115208
0.088496,-2.9594238
0.088498,-1.387557
0.0885,0.36923456
0.088502,2.033564
0.088504,3.4667363
0.088506,4.437596
0.088508,4.8999095
0.08851,4.7612157
0.088512,4.0215135
0.088514,2.8194976
0.088516,1.2476311
0.088518,-0.46292973
0.08852,-2.081028
0.088522,-3.5142004
0.088524,-4.4850593
0.088526,-4.9011416
0.088528,-4.716216
0.08853,-3.976514
0.088532,-2.728267
0.088534,-1.1564007
0.088536,0.60039186
0.088538,2.2647214
0.08854,3.6516623
0.088542,4.5300584
0.088543996,4.8999095
0.088546,4.668752
0.088548,3.8828197
0.08855,2.5883412
0.088552,1.0164738
0.088554,-0.694087
0.088556,-2.3121846
0.088558,-3.6991258
0.08856,-4.577522
0.088562,-4.9011416
0.088564,-4.623753
0.088566,-3.8378198
0.088568,-2.5433414
0.08857,-0.8790121
0.088572,0.8315482
0.088574,2.4496465
0.088576,3.7903562
0.088578,4.622521
0.08858,4.8999095
0.088582,4.5762897
0.088584,3.744125
0.088586,2.4034152
0.088588,0.7853174
0.088589996,-0.9252434
0.088592,-2.5433414
0.088594,-3.8378198
0.088596,-4.669985
0.088598,-4.9011416
0.0886,-4.5312905
0.088602,-3.6528945
0.088604,-2.3121846
0.088606,-0.6478553
0.088608,1.1089368
0.08861,2.6808028
0.088612,3.9752812
0.088614,4.7149835
0.088616,4.8999095
0.088618,4.483826
0.08862,3.5591989
0.088622,2.172258
0.088624,0.5541601
0.088626,-1.202632
0.088628,-2.728267
0.08863,-4.022745
0.088632,-4.716216
0.088634,-4.9011416
0.088636,-4.4388275
0.088638,-3.5142004
0.08864,-2.081028
0.088642,-0.41669846
0.088644,1.3400936
0.088646,2.9119601
0.088648,4.113976
0.08865,4.7612157
0.088652,4.8999095
0.088654,4.437596
0.088656,3.3742738
0.088658,1.9411016
0.08866,0.27677202
0.088662,-1.4337888
0.088664,-2.9594238
0.088666,-4.1614394
0.088667996,-4.8086786
0.08867,-4.85491
0.088672,-4.346365
0.088674,-3.329275
0.088676,-1.8498712
0.088678,-0.13931036
0.08868,1.5712504
0.088682,3.0968862
0.088684,4.252671
0.088686,4.8536773
0.088688,4.8536773
0.08869,4.298901
0.088692,3.1893477
0.088694,1.7099442
0.088696,0.045615196
0.088698,-1.6187139
0.0887,-3.1443493
0.088702,-4.3001337
0.088704,-4.85491
0.088706,-4.8086786
0.088708,-4.2539024
0.08871,-3.1443493
0.088712,-1.6187139
0.088713996,0.091846466
0.088716,1.8024073
0.088718,3.2818112
0.08872,4.3451324
0.088722,4.8536773
0.088724,4.807446
0.088726,4.1602073
0.088728,3.0044227
0.08873,1.4787879
0.088732,-0.2317729
0.088734,-1.8498712
0.088736,-3.329275
0.088738,-4.3925962
0.08874,-4.9011416
0.088742,-4.7624474
0.088744,-4.115208
0.088746,-2.9131925
0.088748,-1.387557
0.08875,0.045615196
0.088752,0.50792885
0.088754,0.87777996
0.088756,1.2476311
0.088758,1.5712504
0.08876,1.9411016
0.088762,2.2647214
0.088764,2.5883412
0.088766,2.9119601
0.088768,3.23558
0.08877,3.5129685
0.088772,3.7903562
0.088774,4.0215135
0.088776,4.252671
0.088778,4.437596
0.08878,4.5762897
0.088782,4.7149835
0.088784,4.8536773
0.088786,4.946141
0.088788,4.992371
0.08879,5.0386033
0.088791996,5.0386033
0.088794,5.0386033
0.088796,4.946141
0.088798,4.8999095
0.0888,4.7612157
0.088802,4.622521
0.088804,4.483826
0.088806,4.298901
0.088808,4.113976
0.08881,3.8828197
0.088812,3.605431
0.088814,3.3280425
0.088816,3.050654
0.088818,2.727035
0.08882,2.4034152
0.088822,2.033564
0.088824,1.7099442
0.088826,1.3400936
0.088828,0.970243
0.08883,0.60039186
0.088832,0.23054075
0.088834,-0.18554163
0.088836,-0.55539227
0.088837996,-0.9252434
0.08884,-1.2950945
0.088842,-1.6187139
0.088844,-1.9885652
0.088846,-2.3584158
0.088848,-2.6820357
0.08885,-3.0056553
0.088852,-3.2830436
0.088854,-3.5604317
0.088856,-3.8378198
0.088858,-4.068977
0.08886,-4.3001337
0.088862,-4.4388275
0.088864,-4.623753
0.088866,-4.7624474
0.088868,-4.85491
0.08887,-4.947373
0.088872,-4.993604
0.088874,-5.0398355
0.088876,-5.0398355
0.088878,-4.993604
0.08888,-4.9011416
0.088882,-4.85491
0.088884,-4.716216
0.088886,-4.577522
0.088888,-4.4388275
0.08889,-4.2539024
0.088892,-4.022745
0.088894,-3.7915885
0.088896,-3.5142004
0.088898,-3.236812
0.0889,-2.9131925
0.088902,-2.589573
0.088904,-2.2659533
0.088906,-1.8961024
0.088908,-1.5724826
0.08891,-1.202632
0.088912,-0.83278084
0.088914,-0.46292973
0.088915996,-0.09307861
0.088918,0.3230033
0.08892,0.6928544
0.088922,1.0627055
0.088924,1.4325566
0.088926,1.756176
0.088928,2.126027
0.08893,2.4496465
0.088932,2.8194976
0.088934,3.0968862
0.088936,3.420505
0.088938,3.6516623
0.08894,3.92905
0.088942,4.1602073
0.088944,4.3451324
0.088946,4.5300584
0.088948,4.668752
0.08895,4.807446
0.088952,4.8999095
0.088954,4.992371
0.088956,5.0386033
0.088958,5.0386033
0.08896,5.0386033
0.088961996,4.992371
0.088964,4.8999095
0.088966,4.807446
0.088968,4.668752
0.08897,4.5300584
0.088972,4.3913646
0.088974,4.1602073
0.088976,3.92905
0.088978,3.6978936
0.08898,3.420505
0.088982,3.1431174
0.088984,2.8194976
0.088986,2.4958777
0.088988,2.172258
0.08899,1.8024073
0.088992,1.4787879
0.088994,1.1089368
0.088996,0.7390857
0.088998,0.3230033
0.089,-0.046847343
0.089002,-0.41669846
0.089004,-0.78654957
0.089006,-1.1564007
0.089008,-1.5262513
0.08901,-1.8961024
0.089012,-2.2197218
0.089014,-2.5433414
0.089016,-2.866961
0.089018,-3.1905808
0.08902,-3.467969
0.089022,-3.745357
0.089024,-3.976514
0.089026,-4.2076707
0.089028,-4.3925962
0.08903,-4.577522
0.089032,-4.716216
0.089034,-4.8086786
0.089036,-4.9011416
0.089038,-4.993604
0.089039996,-4.993604
0.089042,-5.0398355
0.089044,-4.993604
0.089046,-4.947373
0.089048,-4.85491
0.08905,-4.7624474
0.089052,-4.623753
0.089054,-4.4388275
0.089056,-4.3001337
0.089058,-4.068977
0.08906,-3.8378198
0.089062,-3.6066632
0.089064,-3.329275
0.089066,-3.0056553
0.089068,-2.728267
0.08907,-2.3584158
0.089072,-2.0347965
0.089074,-1.6649456
0.089076,-1.3413262
0.089078,-0.9714751
0.08908,-0.601624
0.089082,-0.18554163
0.089084,0.184309
0.089085996,0.5541601
0.089088,0.92401123
0.08909,1.3400936
0.089092,1.6637135
0.089094,2.033564
0.089096,2.357184
0.089098,2.6808028
0.0891,3.0044227
0.089102,3.3280425
0.089104,3.605431
0.089106,3.8365874
0.089108,4.0677447
0.08911,4.298901
0.089112,4.437596
0.089114,4.622521
0.089116,4.7612157
0.089118,4.8536773
0.08912,4.946141
0.089122,4.992371
0.089124,5.0386033
0.089126,5.0386033
0.089128,4.992371
0.08913,4.946141
0.089132,4.8536773
0.089134,4.7149835
0.089136,4.5762897
0.089138,4.437596
0.08914,4.252671
0.089142,4.0215135
0.089144,3.7903562
0.089146,3.5129685
0.089148,3.23558
0.08915,2.9119601
0.089152,2.5883412
0.089154,2.2647214
0.089156,1.9411016
0.089158,1.5712504
0.08916,1.2013993
0.089162,0.8315482
0.089164,0.46169758
0.089166,0.091846466
0.089168,-0.27800417
0.08917,-0.694087
0.089172,-1.0639377
0.089174,-1.4337888
0.089176,-1.7574081
0.089178,-2.1272593
0.08918,-2.4508786
0.089182,-2.7744985
0.089184,-3.098118
0.089186,-3.3755062
0.089188,-3.6528945
0.08919,-3.9302826
0.089192,-4.1614394
0.089194,-4.346365
0.089196,-4.4850593
0.089198,-4.669985
0.0892,-4.8086786
0.089202,-4.9011416
0.089204,-4.947373
0.089206,-4.993604
0.089208,-5.0398355
0.089209996,-4.993604
0.089212,-4.947373
0.089214,-4.9011416
0.089216,-4.8086786
0.089218,-4.669985
0.08922,-4.5312905
0.089222,-4.346365
0.089224,-4.1614394
0.089226,-3.9302826
0.089228,-3.6991258
0.08923,-3.4217377
0.089232,-3.1443493
0.089234,-2.8207297
0.089236,-2.4971101
0.089238,-2.1734905
0.08924,-1.8036394
0.089242,-1.48002
0.089244,-1.0639377
0.089246,-0.694087
0.089248,-0.32423592
0.08925,0.045615196
0.089252,0.46169758
0.089254,0.8315482
0.089256,1.2013993
0.089258,1.5250192
0.08926,1.8948698
0.089262,2.2647214
0.089264,2.5883412
0.089266,2.9119601
0.089268,3.1893477
0.08927,3.5129685
0.089272,3.744125
0.089274,4.0215135
0.089276,4.2064385
0.089278,4.437596
0.08928,4.5762897
0.089282,4.7149835
0.089284,4.8536773
0.089286,4.946141
0.089288,4.992371
0.08929,5.0386033
0.089292,5.0386033
0.089294,4.992371
0.089296,4.946141
0.089298,4.8536773
0.0893,4.7612157
0.089302,4.622521
0.089304,4.483826
0.089306,4.298901
0.089308,4.113976
0.08931,3.8365874
0.089312,3.605431
0.089314,3.3280425
0.089316,3.0044227
0.089318,2.727035
0.08932,2.4034152
0.089322,2.033564
0.089324,1.6637135
0.089326,1.3400936
0.089328,0.970243
0.08933,0.60039186
0.089332,0.23054075
0.089333996,-0.18554163
0.089336,-0.55539227
0.089338,-0.9252434
0.08934,-1.2950945
0.089342,-1.6187139
0.089344,-1.9885652
0.089346,-2.3584158
0.089348,-2.6820357
0.08935,-3.0056553
0.089352,-3.2830436
0.089354,-3.5604317
0.089356,-3.8378198
0.089358,-4.068977
0.08936,-4.3001337
0.089362,-4.4388275
0.089364,-4.623753
0.089366,-4.7624474
0.089368,-4.85491
0.08937,-4.947373
0.089372,-4.993604
0.089374,-5.0398355
0.089376,-4.993604
0.089378,-4.993604
0.089379996,-4.9011416
0.089382,-4.85491
0.089384,-4.716216
0.089386,-4.577522
0.089388,-4.4388275
0.08939,-4.2539024
0.089392,-4.022745
0.089394,-3.7915885
0.089396,-3.5142004
0.089398,-3.236812
0.0894,-2.9131925
0.089402,-2.589573
0.089404,-2.2659533
0.089406,-1.8961024
0.089408,-1.5724826
0.08941,-1.202632
0.089412,-0.83278084
0.089414,-0.46292973
0.089416,-0.09307861
0.089418,0.3230033
0.08942,0.6928544
0.089422,1.0627055
0.089424,1.4325566
0.089426,1.756176
0.089428,2.126027
0.08943,2.4958777
0.089432,2.8194976
0.089434,3.0968862
0.089436,3.420505
0.089438,3.6516623
0.08944,3.92905
0.089442,4.1602073
0.089444,4.3451324
0.089446,4.5300584
0.089448,4.668752
0.08945,4.807446
0.089452,4.8999095
0.089454,4.992371
0.089456,5.0386033
0.089457996,5.0386033
0.08946,5.0386033
0.089462,4.992371
0.089464,4.8999095
0.089466,4.807446
0.089468,4.668752
0.08947,4.5300584
0.089472,4.3913646
0.089474,4.1602073
0.089476,3.92905
0.089478,3.6978936
0.08948,3.420505
0.089482,3.1431174
0.089484,2.8194976
0.089486,2.4958777
0.089488,2.172258
0.08949,1.8024073
0.089492,1.4787879
0.089494,1.1089368
0.089496,0.7390857
0.089498,0.3230033
0.0895,-0.046847343
0.089502,-0.41669846
0.089503996,-0.78654957
0.089506,-1.1564007
0.089508,-1.5262513
0.08951,-1.8961024
0.089512,-2.2197218
0.089514,-2.5433414
0.089516,-2.866961
0.089518,-3.1905808
0.08952,-3.467969
0.089522,-3.745357
0.089524,-3.976514
0.089526,-4.2076707
0.089528,-4.3925962
0.08953,-4.577522
0.089532,-4.716216
0.089534,-4.8086786
0.089536,-4.9011416
0.089538,-4.993604
0.08954,-4.993604
0.089542,-5.0398355
0.089544,-4.993604
0.089546,-4.947373
0.089548,-4.85491
0.08955,-4.7624474
0.089552,-4.623753
0.089554,-4.4388275
0.089556,-4.3001337
0.089558,-4.115208
0.08956,-3.8378198
0.089562,-3.6066632
0.089564,-3.329275
0.089566,-3.0056553
0.089568,-2.728267
0.08957,-2.3584158
0.089572,-2.0347965
0.089574,-1.6649456
0.089576,-1.3413262
0.089578,-0.9714751
0.08958,-0.601624
0.089581996,-0.18554163
0.089584,0.184309
0.089586,0.5541601
0.089588,0.92401123
0.08959,1.3400936
0.089592,1.6637135
0.089594,2.033564
0.089596,2.357184
0.089598,2.6808028
0.0896,3.0044227
0.089602,3.3280425
0.089604,3.605431
0.089606,3.8365874
0.089608,4.0677447
0.08961,4.298901
0.089612,4.437596
0.089614,4.622521
0.089616,4.7612157
0.089618,4.8536773
0.08962,4.946141
0.089622,4.992371
0.089624,5.0386033
0.089626,5.0386033
0.089627996,4.992371
0.08963,4.946141
0.089632,4.8536773
0.089634,4.7149835
0.089636,4.5762897
0.089638,4.437596
0.08964,4.252671
0.089642,4.0215135
0.089644,3.7903562
0.089646,3.5129685
0.089648,3.23558
0.08965,2.9119601
0.089652,2.5883412
0.089654,2.2647214
0.089656,1.9411016
0.089658,1.5712504
0.08966,1.2013993
0.089662,0.8315482
0.089664,0.46169758
0.089666,0.091846466
0.089668,-0.27800417
0.08967,-0.694087
0.089672,-1.0639377
0.089674,-1.4337888
0.089676,-1.7574081
0.089678,-2.1272593
0.08968,-2.4508786
0.089682,-2.7744985
0.089684,-3.098118
0.089686,-3.3755062
0.089688,-3.6528945
0.08969,-3.9302826
0.089692,-4.1614394
0.089694,-4.346365
0.089696,-4.4850593
0.089698,-4.669985
0.0897,-4.8086786
0.089702,-4.9011416
0.089704,-4.947373
0.089705996,-4.993604
0.089708,-5.0398355
0.08971,-4.993604
0.089712,-4.947373
0.089714,-4.9011416
0.089716,-4.8086786
0.089718,-4.669985
0.08972,-4.5312905
0.089722,-4.346365
0.089724,-4.1614394
0.089726,-3.9302826
0.089728,-3.6991258
0.08973,-3.4217377
0.089732,-3.1443493
0.089734,-2.8207297
0.089736,-2.4971101
0.089738,-2.1734905
0.08974,-1.8036394
0.089742,-1.48002
0.089744,-1.0639377
0.089746,-0.694087
0.089748,-0.32423592
0.08975,0.36923456
0.089751996,1.9873328
0.089754,3.420505
0.089756,4.437596
0.089758,4.8536773
0.08976,4.7149835
0.089762,4.0215135
0.089764,2.7732663
0.089766,1.2476311
0.089768,-0.46292973
0.08977,-2.1272593
0.089772,-3.5604317
0.089774,-4.4850593
0.089776,-4.9011416
0.089778,-4.716216
0.08978,-3.976514
0.089782,-2.728267
0.089784,-1.1564007
0.089786,0.60039186
0.089788,2.2647214
0.08979,3.6516623
0.089792,4.5300584
0.089794,4.8999095
0.089796,4.668752
0.089798,3.8828197
0.0898,2.5883412
0.089802,1.0164738
0.089804,-0.694087
0.089806,-2.3121846
0.089808,-3.6991258
0.08981,-4.577522
0.089812,-4.9011416
0.089814,-4.623753
0.089816,-3.8378198
0.089818,-2.5433414
0.08982,-0.8790121
0.089822,0.8315482
0.089824,2.4496465
0.089826,3.7903562
0.089828,4.622521
0.089829996,4.8999095
0.089832,4.5762897
0.089834,3.744125
0.089836,2.4034152
0.089838,0.7853174
0.08984,-0.9714751
0.089842,-2.5433414
0.089844,-3.8840513
0.089846,-4.669985
0.089848,-4.9011416
0.08985,-4.5312905
0.089852,-3.6528945
0.089854,-2.3121846
0.089856,-0.6478553
0.089858,1.1089368
0.08986,2.6808028
0.089862,3.9752812
0.089864,4.7149835
0.089866,4.8999095
0.089868,4.483826
0.08987,3.5591989
0.089872,2.172258
0.089874,0.50792885
0.089875996,-1.202632
0.089878,-2.728267
0.08988,-4.022745
0.089882,-4.716216
0.089884,-4.9011416
0.089886,-4.4388275
0.089888,-3.5142004
0.08989,-2.081028
0.089892,-0.41669846
0.089894,1.3400936
0.089896,2.9119601
0.089898,4.113976
0.0899,4.7612157
0.089902,4.8999095
0.089904,4.437596
0.089906,3.3742738
0.089908,1.9411016
0.08991,0.27677202
0.089912,-1.4337888
0.089914,-2.9594238
0.089916,-4.1614394
0.089918,-4.8086786
0.08992,-4.85491
0.089922,-4.346365
0.089924,-3.329275
0.089926,-1.8498712
0.089928,-0.13931036
0.08993,1.5712504
0.089932,3.0968862
0.089934,4.252671
0.089936,4.8536773
0.089938,4.8536773
0.08994,4.298901
0.089942,3.1893477
0.089944,1.7099442
0.089946,0.045615196
0.089948,-1.6187139
0.08995,-3.1443493
0.089952,-4.3001337
0.089953996,-4.85491
0.089956,-4.8086786
0.089958,-4.2539024
0.08996,-3.1443493
0.089962,-1.6187139
0.089964,0.091846466
0.089966,1.8024073
0.089968,3.2818112
0.08997,4.3451324
0.089972,4.8536773
0.089974,4.807446
0.089976,4.1602073
0.089978,3.0044227
0.08998,1.4787879
0.089982,-0.2317729
0.089984,-1.8498712
0.089986,-3.329275
0.089988,-4.3925962
0.08999,-4.9011416
0.089992,-4.7624474
0.089994,-4.115208
0.089996,-2.9131925
0.089998,-1.387557
0.089999996,0.36923456
0.090002,2.033564
0.090004,3.4667363
0.090006,4.437596
0.090008,4.8999095
0.09001,4.7612157
0.090012,4.0215135
0.090014,2.8194976
0.090016,1.2476311
0.090018,-0.46292973
0.09002,-2.081028
0.090022,-3.5142004
0.090024,-4.4850593
0.090026,-4.9011416
0.090028,-4.716216
0.09003,-3.976514
0.090032,-2.728267
0.090034,-1.1564007
0.090036,0.60039186
0.090038,2.2647214
0.09004,3.6516623
0.090042,4.5300584
0.090044,4.8999095
0.090046,4.668752
0.090048,3.8828197
0.09005,2.5883412
0.090052,1.0164738
0.090054,-0.694087
0.090056,-2.3121846
0.090058,-3.6991258
0.09006,-4.577522
0.090062,-4.9011416
0.090064,-4.623753
0.090066,-3.8378198
0.090068,-2.4971101
0.09007,-0.8790121
0.090072,0.87777996
0.090074,2.4958777
0.090076,3.7903562
0.090077996,4.622521
0.09008,4.8999095
0.090082,4.5762897
0.090084,3.744125
0.090086,2.4034152
0.090088,0.7853174
0.09009,-0.9714751
0.090092,-2.5433414
0.090094,-3.8840513
0.090096,-4.669985
0.090098,-4.9011416
0.0901,-4.5312905
0.090102,-3.6528945
0.090104,-2.3121846
0.090106,-0.6478553
0.090108,1.1089368
0.09011,2.6808028
0.090112,3.9752812
0.090114,4.7149835
0.090116,4.8999095
0.090118,4.483826
0.09012,3.5591989
0.090122,2.172258
0.090123996,0.5541601
0.090126,-1.202632
0.090128,-2.728267
0.09013,-4.022745
0.090132,-4.716216
0.090134,-4.9011416
0.090136,-4.4388275
0.090138,-3.5142004
0.09014,-2.081028
0.090142,-0.41669846
0.090144,1.3400936
0.090146,2.9119601
0.090148,4.113976
0.09015,4.7612157
0.090152,4.8999095
0.090154,4.437596
0.090156,3.3742738
0.090158,1.9411016
0.09016,0.27677202
0.090162,-1.4337888
0.090164,-2.9594238
0.090166,-4.1614394
0.090168,-4.8086786
0.09017,-4.85491
0.090172,-4.346365
0.090174,-3.329275
0.090176,-1.8498712
0.090178,-0.13931036
0.09018,1.5712504
0.090182,3.0968862
0.090184,4.252671
0.090186,4.8536773
0.090188,4.8536773
0.09019,4.298901
0.090192,3.1893477
0.090194,1.7099442
0.090196,0.045615196
0.090198,-1.6187139
0.0902,-3.1443493
0.090201996,-4.3001337
0.090204,-4.85491
0.090206,-4.8086786
0.090208,-4.2539024
0.09021,-3.1443493
0.090212,-1.6187139
0.090214,0.091846466
0.090216,1.8024073
0.090218,3.2818112
0.09022,4.3451324
0.090222,4.8536773
0.090224,4.807446
0.090226,4.1602073
0.090228,3.0044227
0.09023,1.4787879
0.090232,-0.2317729
0.090234,-1.8498712
0.090236,-3.329275
0.090238,-4.3925962
0.09024,-4.9011416
0.090242,-4.7624474
0.090244,-4.115208
0.090246,-2.9131925
0.090247996,-1.387557
0.09025,0.36923456
0.090252,2.033564
0.090254,3.4667363
0.090256,4.437596
0.090258,4.8999095
0.09026,4.7612157
0.090262,4.0215135
0.090264,2.8194976
0.090266,1.2476311
0.090268,-0.46292973
0.09027,-2.081028
0.090272,-3.5142004
0.090274,-4.4850593
0.090276,-4.9011416
0.090278,-4.716216
0.09028,-3.976514
0.090282,-2.728267
0.090284,-1.1564007
0.090286,0.60039186
0.090288,2.2647214
0.09029,3.6516623
0.090292,4.5300584
0.090294,4.8999095
0.090296,4.668752
0.090298,3.8828197
0.0903,2.5883412
0.090302,1.0164738
0.090304,-0.694087
0.090306,-2.3121846
0.090308,-3.6991258
0.09031,-4.577522
0.090312,-4.9011416
0.090314,-4.623753
0.090316,-3.8378198
0.090318,-2.4971101
0.09032,-0.8790121
0.090322,0.87777996
0.090324,2.4958777
0.090326,3.7903562
0.090328,4.622521
0.09033,4.8999095
0.090332,4.5762897
0.090334,3.744125
0.090336,2.4034152
0.090338,0.7853174
0.09034,-0.9714751
0.090342,-2.5433414
0.090344,-3.8840513
0.090346,-4.669985
0.090348,-4.9011416
0.09035,-4.5312905
0.090352,-3.6528945
0.090354,-2.3121846
0.090356,-0.6478553
0.090358,1.1089368
0.09036,2.6808028
0.090362,3.9752812
0.090364,4.7149835
0.090366,4.8999095
0.090368,4.483826
0.09037,3.5591989
0.090371996,2.172258
0.090374,0.5541601
0.090376,-1.202632
0.090378,-2.728267
0.09038,-4.022745
0.090382,-4.716216
0.090384,-4.9011416
0.090386,-4.4388275
0.090388,-3.5142004
0.09039,-2.081028
0.090392,-0.41669846
0.090394,1.3400936
0.090396,2.9119601
0.090398,4.113976
0.0904,4.7612157
0.090402,4.8999095
0.090404,4.437596
0.090406,3.3742738
0.090408,1.9411016
0.09041,0.27677202
0.090412,-1.4337888
0.090414,-2.9594238
0.090416,-4.1614394
0.090417996,-4.8086786
0.09042,-4.85491
0.090422,-4.346365
0.090424,-3.329275
0.090426,-1.8498712
0.090428,-0.13931036
0.09043,1.5712504
0.090432,3.0968862
0.090434,4.252671
0.090436,4.8536773
0.090438,4.8536773
0.09044,4.298901
0.090442,3.1893477
0.090444,1.7099442
0.090446,0.045615196
0.090448,-1.6187139
0.09045,-3.1443493
0.090452,-4.3001337
0.090454,-4.85491
0.090456,-4.8086786
0.090458,-4.2539024
0.09046,-3.1443493
0.090462,-1.6187139
0.090464,0.13807821
0.090466,1.8024073
0.090468,3.2818112
0.09047,4.3913646
0.090472,4.8999095
0.090474,4.807446
0.090476,4.2064385
0.090478,3.0044227
0.09048,1.4787879
0.090482,-0.2317729
0.090484,-1.8498712
0.090486,-3.329275
0.090488,-4.3925962
0.09049,-4.9011416
0.090492,-4.7624474
0.090494,-4.115208
0.090495996,-2.9131925
0.090498,-1.387557
0.0905,0.36923456
0.090502,2.033564
0.090504,3.4667363
0.090506,4.437596
0.090508,4.8999095
0.09051,4.7612157
0.090512,4.0215135
0.090514,2.8194976
0.090516,1.2476311
0.090518,-0.46292973
0.09052,-2.081028
0.090522,-3.5142004
0.090524,-4.4850593
0.090526,-4.9011416
0.090528,-4.716216
0.09053,-3.976514
0.090532,-2.728267
0.090534,-1.1564007
0.090536,0.60039186
0.090538,2.2647214
0.09054,3.6516623
0.090541996,4.5300584
0.090544,4.8999095
0.090546,4.668752
0.090548,3.8828197
0.09055,2.5883412
0.090552,1.0164738
0.090554,-0.694087
0.090556,-2.3121846
0.090558,-3.6991258
0.09056,-4.577522
0.090562,-4.9011416
0.090564,-4.623753
0.090566,-3.8378198
0.090568,-2.4971101
0.09057,-0.8790121
0.090572,0.87777996
0.090574,2.4958777
0.090576,3.7903562
0.090578,4.622521
0.09058,4.8999095
0.090582,4.5762897
0.090584,3.744125
0.090586,2.4034152
0.090588,0.7853174
0.09059,-0.9714751
0.090592,-2.5433414
0.090594,-3.8840513
0.090596,-4.669985
0.090598,-4.9011416
0.0906,-4.5312905
0.090602,-3.6528945
0.090604,-2.3121846
0.090606,-0.6478553
0.090608,1.1089368
0.09061,2.6808028
0.090612,3.9752812
0.090614,4.7149835
0.090616,4.8999095
0.090618,4.483826
0.090619996,3.5591989
0.090622,2.172258
0.090624,0.5541601
0.090626,-1.202632
0.090628,-2.728267
0.09063,-4.022745
0.090632,-4.7624474
0.090634,-4.9011416
0.090636,-4.4388275
0.090638,-3.467969
0.09064,-2.081028
0.090642,-0.41669846
0.090644,1.3400936
0.090646,2.9119601
0.090648,4.113976
0.09065,4.7612157
0.090652,4.8999095
0.090654,4.437596
0.090656,3.3742738
0.090658,1.9411016
0.09066,0.27677202
0.090662,-1.4337888
0.090664,-2.9594238
0.090665996,-4.1614394
0.090668,-4.8086786
0.09067,-4.85491
0.090672,-4.346365
0.090674,-3.329275
0.090676,-1.8498712
0.090678,-0.13931036
0.09068,1.5712504
0.090682,3.0968862
0.090684,4.252671
0.090686,4.8536773
0.090688,4.8536773
0.09069,4.298901
0.090692,3.1893477
0.090694,1.7099442
0.090696,0.045615196
0.090698,-1.6187139
0.0907,-3.1443493
0.090702,-4.3001337
0.090704,-4.85491
0.090706,-4.8086786
0.090708,-4.2539024
0.09071,-3.1443493
0.090712,-1.6187139
0.090714,0.091846466
0.090716,1.8024073
0.090718,3.2818112
0.09072,4.3451324
0.090722,4.8999095
0.090724,4.807446
0.090726,4.1602073
0.090728,3.0044227
0.09073,1.4787879
0.090732,-0.2317729
0.090734,-1.8498712
0.090736,-3.329275
0.090738,-4.3925962
0.09074,-4.9011416
0.090742,-4.7624474
0.090743996,-4.115208
0.090746,-2.9131925
0.090748,-1.387557
0.09075,0.045615196
0.090752,0.50792885
0.090754,0.87777996
0.090756,1.2476311
0.090758,1.5712504
0.09076,1.9411016
0.090762,2.2647214
0.090764,2.6345725
0.090766,2.9119601
0.090768,3.23558
0.09077,3.5129685
0.090772,3.7903562
0.090774,4.0215135
0.090776,4.252671
0.090778,4.437596
0.09078,4.5762897
0.090782,4.7149835
0.090784,4.8536773
0.090786,4.946141
0.090788,4.992371
0.090789996,5.0386033
0.090792,5.0386033
0.090794,5.0386033
0.090796,4.946141
0.090798,4.8999095
0.0908,4.7612157
0.090802,4.622521
0.090804,4.483826
0.090806,4.298901
0.090808,4.113976
0.09081,3.8828197
0.090812,3.605431
0.090814,3.3280425
0.090816,3.050654
0.090818,2.727035
0.09082,2.4034152
0.090822,2.033564
0.090824,1.6637135
0.090826,1.3400936
0.090828,0.970243
0.09083,0.60039186
0.090832,0.23054075
0.090834,-0.18554163
0.090836,-0.55539227
0.090838,-0.9252434
0.09084,-1.2950945
0.090842,-1.6187139
0.090844,-1.9885652
0.090846,-2.3584158
0.090848,-2.6820357
0.09085,-3.0056553
0.090852,-3.2830436
0.090854,-3.5604317
0.090856,-3.8378198
0.090858,-4.068977
0.09086,-4.3001337
0.090862,-4.4388275
0.090864,-4.623753
0.090866,-4.7624474
0.090867996,-4.85491
0.09087,-4.947373
0.090872,-4.993604
0.090874,-5.0398355
0.090876,-4.993604
0.090878,-4.993604
0.09088,-4.9011416
0.090882,-4.85491
0.090884,-4.716216
0.090886,-4.577522
0.090888,-4.4388275
0.09089,-4.2539024
0.090892,-4.022745
0.090894,-3.7915885
0.090896,-3.5142004
0.090898,-3.236812
0.0909,-2.9131925
0.090902,-2.589573
0.090904,-2.2659533
0.090906,-1.8961024
0.090908,-1.5724826
0.09091,-1.202632
0.090912,-0.83278084
0.090913996,-0.46292973
0.090916,-0.09307861
0.090918,0.3230033
0.09092,0.6928544
0.090922,1.0627055
0.090924,1.4325566
0.090926,1.8024073
0.090928,2.126027
0.09093,2.4958777
0.090932,2.8194976
0.090934,3.0968862
0.090936,3.420505
0.090938,3.6978936
0.09094,3.92905
0.090942,4.1602073
0.090944,4.3451324
0.090946,4.5300584
0.090948,4.668752
0.09095,4.807446
0.090952,4.8999095
0.090954,4.992371
0.090956,5.0386033
0.090958,5.0386033
0.09096,5.0386033
0.090962,4.992371
0.090964,4.8999095
0.090966,4.807446
0.090968,4.668752
0.09097,4.5300584
0.090972,4.3913646
0.090974,4.1602073
0.090976,3.92905
0.090978,3.6978936
0.09098,3.420505
0.090982,3.1431174
0.090984,2.8194976
0.090986,2.4958777
0.090988,2.172258
0.09099,1.8024073
0.090991996,1.4787879
0.090994,1.1089368
0.090996,0.7390857
0.090998,0.3230033
0.091,-0.046847343
0.091002,-0.41669846
0.091004,-0.78654957
0.091006,-1.1564007
0.091008,-1.5262513
0.09101,-1.8961024
0.091012,-2.2197218
0.091014,-2.5433414
0.091016,-2.866961
0.091018,-3.1905808
0.09102,-3.467969
0.091022,-3.745357
0.091024,-3.976514
0.091026,-4.2076707
0.091028,-4.4388275
0.09103,-4.577522
0.091032,-4.716216
0.091034,-4.8086786
0.091036,-4.9011416
0.091037996,-4.993604
0.09104,-4.993604
0.091042,-5.0398355
0.091044,-4.993604
0.091046,-4.947373
0.091048,-4.85491
0.09105,-4.7624474
0.091052,-4.623753
0.091054,-4.4388275
0.091056,-4.3001337
0.091058,-4.068977
0.09106,-3.8378198
0.091062,-3.6066632
0.091064,-3.329275
0.091066,-3.0056553
0.091068,-2.728267
0.09107,-2.3584158
0.091072,-2.0347965
0.091074,-1.6649456
0.091076,-1.3413262
0.091078,-0.9714751
0.09108,-0.601624
0.091082,-0.18554163
0.091084,0.184309
0.091086,0.5541601
0.091088,0.92401123
0.09109,1.3400936
0.091092,1.6637135
0.091094,2.033564
0.091096,2.357184
0.091098,2.6808028
0.0911,3.0044227
0.091102,3.3280425
0.091104,3.605431
0.091106,3.8365874
0.091108,4.0677447
0.09111,4.298901
0.091112,4.437596
0.091114,4.622521
0.091115996,4.7612157
0.091118,4.8536773
0.09112,4.946141
0.091122,4.992371
0.091124,5.0386033
0.091126,5.0386033
0.091128,4.992371
0.09113,4.946141
0.091132,4.8536773
0.091134,4.7149835
0.091136,4.5762897
0.091138,4.437596
0.09114,4.252671
0.091142,4.0215135
0.091144,3.7903562
0.091146,3.5129685
0.091148,3.23558
0.09115,2.9119601
0.091152,2.5883412
0.091154,2.2647214
0.091156,1.9411016
0.091158,1.5712504
0.09116,1.2013993
0.091161996,0.8315482
0.091164,0.46169758
0.091166,0.091846466
0.091168,-0.27800417
0.09117,-0.694087
0.091172,-1.0639377
0.091174,-1.4337888
0.091176,-1.7574081
0.091178,-2.1272593
0.09118,-2.4508786
0.091182,-2.7744985
0.091184,-3.098118
0.091186,-3.3755062
0.091188,-3.6528945
0.09119,-3.9302826
0.091192,-4.1614394
0.091194,-4.346365
0.091196,-4.4850593
0.091198,-4.669985
0.0912,-4.8086786
0.091202,-4.9011416
0.091204,-4.947373
0.091206,-4.993604
0.091208,-5.0398355
0.09121,-4.993604
0.091212,-4.947373
0.091214,-4.9011416
0.091216,-4.8086786
0.091218,-4.669985
0.09122,-4.5312905
0.091222,-4.346365
0.091224,-4.1614394
0.091226,-3.9302826
0.091228,-3.6991258
0.09123,-3.4217377
0.091232,-3.1443493
0.091234,-2.8207297
0.091236,-2.4971101
0.091238,-2.1734905
0.091239996,-1.8036394
0.091242,-1.48002
0.091244,-1.0639377
0.091246,-0.694087
0.091248,-0.32423592
0.09125,0.045615196
0.091252,0.46169758
0.091254,0.8315482
0.091256,1.2013993
0.091258,1.5250192
0.09126,1.8948698
0.091262,2.2647214
0.091264,2.5883412
0.091266,2.9119601
0.091268,3.1893477
0.09127,3.5129685
0.091272,3.744125
0.091274,4.0215135
0.091276,4.2064385
0.091278,4.437596
0.09128,4.5762897
0.091282,4.7149835
0.091284,4.8536773
0.091285996,4.946141
0.091288,4.992371
0.09129,5.0386033
0.091292,5.0386033
0.091294,4.992371
0.091296,4.946141
0.091298,4.8536773
0.0913,4.7612157
0.091302,4.622521
0.091304,4.483826
0.091306,4.298901
0.091308,4.113976
0.09131,3.8365874
0.091312,3.605431
0.091314,3.3280425
0.091316,3.0044227
0.091318,2.727035
0.09132,2.357184
0.091322,2.033564
0.091324,1.6637135
0.091326,1.3400936
0.091328,0.970243
0.09133,0.60039186
0.091332,0.23054075
0.091334,-0.18554163
0.091336,-0.55539227
0.091338,-0.9252434
0.09134,-1.2950945
0.091342,-1.6649456
0.091344,-1.9885652
0.091346,-2.3584158
0.091348,-2.6820357
0.09135,-3.0056553
0.091352,-3.2830436
0.091354,-3.5604317
0.091356,-3.8378198
0.091358,-4.068977
0.09136,-4.3001337
0.091362,-4.4388275
0.091363996,-4.623753
0.091366,-4.7624474
0.091368,-4.85491
0.09137,-4.947373
0.091372,-4.993604
0.091374,-5.0398355
0.091376,-4.993604
0.091378,-4.993604
0.09138,-4.9011416
0.091382,-4.85491
0.091384,-4.716216
0.091386,-4.577522
0.091388,-4.4388275
0.09139,-4.2539024
0.091392,-4.022745
0.091394,-3.7915885
0.091396,-3.5142004
0.091398,-3.236812
0.0914,-2.9131925
0.091402,-2.589573
0.091404,-2.2659533
0.091406,-1.8961024
0.091408,-1.5724826
0.091409996,-1.202632
0.091412,-0.83278084
0.091414,-0.46292973
0.091416,-0.09307861
0.091418,0.3230033
0.09142,0.6928544
0.091422,1.0627055
0.091424,1.4325566
0.091426,1.8024073
0.091428,2.126027
0.09143,2.4496465
0.091432,2.8194976
0.091434,3.0968862
0.091436,3.420505
0.091438,3.6516623
0.09144,3.92905
0.091442,4.1602073
0.091444,4.3451324
0.091446,4.5300584
0.091448,4.668752
0.09145,4.807446
0.091452,4.8999095
0.091454,4.992371
0.091456,5.0386033
0.091458,5.0386033
0.09146,5.0386033
0.091462,4.992371
0.091464,4.8999095
0.091466,4.807446
0.091468,4.668752
0.09147,4.5300584
0.091472,4.3913646
0.091474,4.1602073
0.091476,3.92905
0.091478,3.6978936
0.09148,3.420505
0.091482,3.1431174
0.091484,2.8194976
0.091486,2.4958777
0.091488,2.172258
0.09149,1.8024073
0.091492,1.4787879
0.091494,1.1089368
0.091496,0.7390857
0.091498,0.3230033
0.0915,-0.046847343
0.091502,-0.41669846
0.091504,-0.78654957
0.091506,-1.202632
0.091508,-1.5262513
0.09151,-1.8961024
0.091512,-2.2197218
0.091514,-2.5433414
0.091516,-2.866961
0.091518,-3.1905808
0.09152,-3.467969
0.091522,-3.745357
0.091524,-3.976514
0.091526,-4.2076707
0.091528,-4.3925962
0.09153,-4.577522
0.091532,-4.716216
0.091533996,-4.8086786
0.091536,-4.9011416
0.091538,-4.993604
0.09154,-4.993604
0.091542,-5.0398355
0.091544,-4.993604
0.091546,-4.947373
0.091548,-4.85491
0.09155,-4.7624474
0.091552,-4.623753
0.091554,-4.4388275
0.091556,-4.3001337
0.091558,-4.068977
0.09156,-3.8378198
0.091562,-3.6066632
0.091564,-3.329275
0.091566,-3.0056553
0.091568,-2.728267
0.09157,-2.3584158
0.091572,-2.0347965
0.091574,-1.6649456
0.091576,-1.3413262
0.091578,-0.9714751
0.091579996,-0.601624
0.091582,-0.18554163
0.091584,0.184309
0.091586,0.5541601
0.091588,0.92401123
0.09159,1.3400936
0.091592,1.6637135
0.091594,2.033564
0.091596,2.357184
0.091598,2.6808028
0.0916,3.0044227
0.091602,3.3280425
0.091604,3.605431
0.091606,3.8365874
0.091608,4.0677447
0.09161,4.298901
0.091612,4.437596
0.091614,4.622521
0.091616,4.7612157
0.091618,4.8536773
0.09162,4.946141
0.091622,4.992371
0.091624,5.0386033
0.091626,5.0386033
0.091628,4.992371
0.09163,4.946141
0.091632,4.8536773
0.091634,4.7149835
0.091636,4.5762897
0.091638,4.437596
0.09164,4.252671
0.091642,4.0215135
0.091644,3.7903562
0.091646,3.5129685
0.091648,3.23558
0.09165,2.9119601
0.091652,2.5883412
0.091654,2.2647214
0.091656,1.9411016
0.091657996,1.5712504
0.09166,1.2013993
0.091662,0.8315482
0.091664,0.46169758
0.091666,0.091846466
0.091668,-0.27800417
0.09167,-0.694087
0.091672,-1.0639377
0.091674,-1.4337888
0.091676,-1.7574081
0.091678,-2.1272593
0.09168,-2.4508786
0.091682,-2.7744985
0.091684,-3.098118
0.091686,-3.3755062
0.091688,-3.6528945
0.09169,-3.9302826
0.091692,-4.1614394
0.091694,-4.346365
0.091696,-4.4850593
0.091698,-4.669985
0.0917,-4.8086786
0.091702,-4.9011416
0.091703996,-4.947373
0.091706,-4.993604
0.091708,-5.0398355
0.09171,-4.993604
0.091712,-4.947373
0.091714,-4.9011416
0.091716,-4.8086786
0.091718,-4.669985
0.09172,-4.5312905
0.091722,-4.346365
0.091724,-4.1614394
0.091726,-3.9302826
0.091728,-3.6991258
0.09173,-3.4217377
0.091732,-3.1443493
0.091734,-2.8207297
0.091736,-2.4971101
0.091738,-2.1734905
0.09174,-1.8036394
0.091742,-1.4337888
0.091744,-1.0639377
0.091746,-0.694087
0.091748,-0.32423592
0.09175,0.36923456
0.091752,1.9873328
0.091754,3.420505
0.091756,4.437596
0.091758,4.8536773
0.09176,4.7149835
0.091762,4.0215135
0.091764,2.7732663
0.091766,1.2476311
0.091768,-0.5091615
0.09177,-2.1272593
0.091772,-3.5604317
0.091774,-4.4850593
0.091776,-4.9011416
0.091778,-4.716216
0.09178,-3.976514
0.091781996,-2.728267
0.091784,-1.1564007
0.091786,0.60039186
0.091788,2.2647214
0.09179,3.6516623
0.091792,4.5300584
0.091794,4.8999095
0.091796,4.668752
0.091798,3.8828197
0.0918,2.5883412
0.091802,1.0164738
0.091804,-0.7403178
0.091806,-2.3121846
0.091808,-3.6991258
0.09181,-4.577522
0.091812,-4.9011416
0.091814,-4.623753
0.091816,-3.8378198
0.091818,-2.4971101
0.09182,-0.8790121
0.091822,0.87777996
0.091824,2.4958777
0.091826,3.7903562
0.091827996,4.622521
0.09183,4.8999095
0.091832,4.5762897
0.091834,3.744125
0.091836,2.357184
0.091838,0.7853174
0.09184,-0.9714751
0.091842,-2.5433414
0.091844,-3.8840513
0.091846,-4.669985
0.091848,-4.9011416
0.09185,-4.5312905
0.091852,-3.6528945
0.091854,-2.3121846
0.091856,-0.6478553
0.091858,1.1089368
0.09186,2.6808028
0.091862,3.9752812
0.091864,4.7149835
0.091866,4.8999095
0.091868,4.483826
0.09187,3.5591989
0.091872,2.172258
0.091874,0.50792885
0.091876,-1.202632
0.091878,-2.7744985
0.09188,-4.022745
0.091882,-4.7624474
0.091884,-4.9011416
0.091886,-4.4388275
0.091888,-3.467969
0.09189,-2.081028
0.091892,-0.3704667
0.091894,1.3400936
0.091896,2.9119601
0.091898,4.113976
0.0919,4.7612157
0.091902,4.8999095
0.091904,4.437596
0.091905996,3.3742738
0.091908,1.9411016
0.09191,0.27677202
0.091912,-1.4337888
0.091914,-2.9594238
0.091916,-4.1614394
0.091918,-4.8086786
0.09192,-4.85491
0.091922,-4.346365
0.091924,-3.2830436
0.091926,-1.8498712
0.091928,-0.13931036
0.09193,1.5712504
0.091932,3.0968862
0.091934,4.252671
0.091936,4.8536773
0.091938,4.8536773
0.09194,4.298901
0.091942,3.1893477
0.091944,1.7099442
0.091946,0.045615196
0.091948,-1.6649456
0.09195,-3.1443493
0.091951996,-4.3001337
0.091954,-4.85491
0.091956,-4.8086786
0.091958,-4.2539024
0.09196,-3.098118
0.091962,-1.5724826
0.091964,0.13807821
0.091966,1.8024073
0.091968,3.2818112
0.09197,4.3451324
0.091972,4.8536773
0.091974,4.807446
0.091976,4.1602073
0.091978,3.0044227
0.09198,1.4787879
0.091982,-0.2317729
0.091984,-1.8961024
0.091986,-3.329275
0.091988,-4.3925962
0.09199,-4.9011416
0.091992,-4.7624474
0.091994,-4.115208
0.091996,-2.9131925
0.091998,-1.387557
0.092,0.36923456
0.092002,2.033564
0.092004,3.4667363
0.092006,4.437596
0.092008,4.8999095
0.09201,4.7612157
0.092012,4.0215135
0.092014,2.8194976
0.092016,1.2476311
0.092018,-0.46292973
0.09202,-2.081028
0.092022,-3.5142004
0.092024,-4.4850593
0.092026,-4.9011416
0.092028,-4.716216
0.092029996,-3.976514
0.092032,-2.728267
0.092034,-1.1564007
0.092036,0.60039186
0.092038,2.2647214
0.09204,3.6516623
0.092042,4.5300584
0.092044,4.8999095
0.092046,4.668752
0.092048,3.8828197
0.09205,2.5883412
0.092052,1.0164738
0.092054,-0.7403178
0.092056,-2.3121846
0.092058,-3.6991258
0.09206,-4.577522
0.092062,-4.9011416
0.092064,-4.623753
0.092066,-3.8378198
0.092068,-2.4971101
0.09207,-0.8790121
0.092072,0.87777996
0.092074,2.4958777
0.092075996,3.7903562
0.092078,4.622521
0.09208,4.8999095
0.092082,4.5762897
0.092084,3.744125
0.092086,2.357184
0.092088,0.7853174
0.09209,-0.9714751
0.092092,-2.5433414
0.092094,-3.8840513
0.092096,-4.669985
0.092098,-4.9011416
0.0921,-4.5312905
0.092102,-3.6528945
0.092104,-2.3121846
0.092106,-0.6478553
0.092108,1.1089368
0.09211,2.6808028
0.092112,3.9752812
0.092114,4.7149835
0.092116,4.8999095
0.092118,4.483826
0.09212,3.5591989
0.092122,2.172258
0.092124,0.50792885
0.092126,-1.202632
0.092128,-2.7744985
0.09213,-4.022745
0.092132,-4.7624474
0.092134,-4.9011416
0.092136,-4.4388275
0.092138,-3.467969
0.09214,-2.081028
0.092142,-0.3704667
0.092144,1.3400936
0.092146,2.9119601
0.092148,4.113976
0.09215,4.7612157
0.092152,4.8999095
0.092153996,4.437596
0.092156,3.3742738
0.092158,1.9411016
0.09216,0.27677202
0.092162,-1.4337888
0.092164,-2.9594238
0.092166,-4.1614394
0.092168,-4.8086786
0.09217,-4.85491
0.092172,-4.346365
0.092174,-3.2830436
0.092176,-1.8498712
0.092178,-0.13931036
0.09218,1.5712504
0.092182,3.0968862
0.092184,4.252671
0.092186,4.8536773
0.092188,4.8536773
0.09219,4.298901
0.092192,3.1893477
0.092194,1.7099442
0.092196,0.045615196
0.092198,-1.6649456
0.092199996,-3.1443493
0.092202,-4.3001337
0.092204,-4.85491
0.092206,-4.8086786
0.092208,-4.2539024
0.09221,-3.098118
0.092212,-1.5724826
0.092214,0.13807821
0.092216,1.8024073
0.092218,3.2818112
0.09222,4.3451324
0.092222,4.8536773
0.092224,4.807446
0.092226,4.1602073
0.092228,3.0044227
0.09223,1.4787879
0.092232,-0.2317729
0.092234,-1.8498712
0.092236,-3.3755062
0.092238,-4.3925962
0.09224,-4.9011416
0.092242,-4.7624474
0.092244,-4.115208
0.092246,-2.9131925
0.092248,-1.387557
0.09225,0.36923456
0.092252,2.033564
0.092254,3.4667363
0.092256,4.437596
0.092258,4.8999095
0.09226,4.7612157
0.092262,4.0215135
0.092264,2.8194976
0.092266,1.2476311
0.092268,-0.46292973
0.09227,-2.081028
0.092272,-3.5142004
0.092274,-4.4850593
0.092276,-4.9011416
0.092277996,-4.716216
0.09228,-3.976514
0.092282,-2.728267
0.092284,-1.1564007
0.092286,0.60039186
0.092288,2.2647214
0.09229,3.6516623
0.092292,4.5300584
0.092294,4.8999095
0.092296,4.668752
0.092298,3.8828197
0.0923,2.5883412
0.092302,1.0164738
0.092304,-0.7403178
0.092306,-2.3121846
0.092308,-3.6991258
0.09231,-4.577522
0.092312,-4.9011416
0.092314,-4.623753
0.092316,-3.7915885
0.092318,-2.4971101
0.09232,-0.8790121
0.092322,0.87777996
0.092323996,2.4958777
0.092326,3.7903562
0.092328,4.622521
0.09233,4.8999095
0.092332,4.5762897
0.092334,3.744125
0.092336,2.357184
0.092338,0.7853174
0.09234,-0.9714751
0.092342,-2.5433414
0.092344,-3.8840513
0.092346,-4.669985
0.092348,-4.9011416
0.09235,-4.5312905
0.092352,-3.6528945
0.092354,-2.3121846
0.092356,-0.6478553
0.092358,1.1089368
0.09236,2.6808028
0.092362,3.9752812
0.092364,4.7149835
0.092366,4.8999095
0.092368,4.483826
0.09237,3.5591989
0.092372,2.172258
0.092374,0.50792885
0.092376,-1.202632
0.092378,-2.7744985
0.09238,-4.022745
0.092382,-4.7624474
0.092384,-4.9011416
0.092386,-4.4388275
0.092388,-3.467969
0.09239,-2.081028
0.092392,-0.3704667
0.092394,1.3400936
0.092396,2.9119601
0.092398,4.113976
0.0924,4.7612157
0.092401996,4.8999095
0.092404,4.437596
0.092406,3.3742738
0.092408,1.9411016
0.09241,0.27677202
0.092412,-1.4337888
0.092414,-2.9594238
0.092416,-4.1614394
0.092418,-4.8086786
0.09242,-4.85491
0.092422,-4.346365
0.092424,-3.2830436
0.092426,-1.8498712
0.092428,-0.13931036
0.09243,1.5712504
0.092432,3.0968862
0.092434,4.252671
0.092436,4.8536773
0.092438,4.8536773
0.09244,4.298901
0.092442,3.1893477
0.092444,1.7099442
0.092446,0.045615196
0.092447996,-1.6649456
0.09245,-3.1443493
0.092452,-4.3001337
0.092454,-4.85491
0.092456,-4.8086786
0.092458,-4.2539024
0.09246,-3.098118
0.092462,-1.5724826
0.092464,0.13807821
0.092466,1.8024073
0.092468,3.2818112
0.09247,4.3451324
0.092472,4.8999095
0.092474,4.807446
0.092476,4.1602073
0.092478,3.0044227
0.09248,1.4787879
0.092482,-0.2317729
0.092484,-1.8961024
0.092486,-3.3755062
0.092488,-4.3925962
0.09249,-4.9011416
0.092492,-4.7624474
0.092494,-4.115208
0.092496,-2.9131925
0.092498,-1.387557
0.0925,0.36923456
0.092502,2.033564
0.092504,3.4667363
0.092506,4.437596
0.092508,4.8999095
0.09251,4.7612157
0.092512,4.0215135
0.092514,2.8194976
0.092516,1.2476311
0.092518,-0.46292973
0.09252,-2.081028
0.092522,-3.5142004
0.092524,-4.4850593
0.092525996,-4.9011416
0.092528,-4.716216
0.09253,-3.976514
0.092532,-2.728267
0.092534,-1.1101689
0.092536,0.60039186
0.092538,2.2647214
0.09254,3.6516623
0.092542,4.5300584
0.092544,4.8999095
0.092546,4.668752
0.092548,3.8828197
0.09255,2.5883412
0.092552,1.0164738
0.092554,-0.7403178
0.092556,-2.3121846
0.092558,-3.6991258
0.09256,-4.577522
0.092562,-4.9011416
0.092564,-4.623753
0.092566,-3.7915885
0.092568,-2.4971101
0.09257,-0.8790121
0.092571996,0.87777996
0.092574,2.4958777
0.092576,3.7903562
0.092578,4.622521
0.09258,4.8999095
0.092582,4.5762897
0.092584,3.6978936
0.092586,2.357184
0.092588,0.7853174
0.09259,-0.9714751
0.092592,-2.5433414
0.092594,-3.8840513
0.092596,-4.669985
0.092598,-4.9011416
0.0926,-4.5312905
0.092602,-3.6528945
0.092604,-2.3121846
0.092606,-0.6478553
0.092608,1.1089368
0.09261,2.6808028
0.092612,3.9752812
0.092614,4.7149835
0.092616,4.8999095
0.092618,4.483826
0.09262,3.5591989
0.092622,2.172258
0.092624,0.50792885
0.092626,-1.202632
0.092628,-2.7744985
0.09263,-4.022745
0.092632,-4.7624474
0.092634,-4.9011416
0.092636,-4.4388275
0.092638,-3.467969
0.09264,-2.081028
0.092642,-0.3704667
0.092644,1.3400936
0.092646,2.9119601
0.092648,4.113976
0.09265,4.7612157
0.092652,4.8999095
0.092654,4.437596
0.092656,3.3742738
0.092658,1.9411016
0.09266,0.27677202
0.092662,-1.4337888
0.092664,-2.9594238
0.092666,-4.1614394
0.092668,-4.8086786
0.09267,-4.85491
0.092672,-4.346365
0.092674,-3.2830436
0.092676,-1.8498712
0.092678,-0.13931036
0.09268,1.5712504
0.092682,3.0968862
0.092684,4.252671
0.092686,4.8536773
0.092688,4.8536773
0.09269,4.298901
0.092692,3.1893477
0.092694,1.7099442
0.092695996,0.045615196
0.092698,-1.6649456
0.0927,-3.1443493
0.092702,-4.3001337
0.092704,-4.85491
0.092706,-4.8086786
0.092708,-4.2539024
0.09271,-3.098118
0.092712,-1.5724826
0.092714,0.13807821
0.092716,1.8024073
0.092718,3.2818112
0.09272,4.3913646
0.092722,4.8536773
0.092724,4.807446
0.092726,4.1602073
0.092728,3.0044227
0.09273,1.4787879
0.092732,-0.2317729
0.092734,-1.8961024
0.092736,-3.3755062
0.092738,-4.3925962
0.09274,-4.9011416
0.092741996,-4.7624474
0.092744,-4.115208
0.092746,-2.9131925
0.092748,-1.387557
0.09275,0.045615196
0.092752,0.50792885
0.092754,0.87777996
0.092756,1.2476311
0.092758,1.5712504
0.09276,1.9411016
0.092762,2.2647214
0.092764,2.6345725
0.092766,2.9119601
0.092768,3.23558
0.09277,3.5129685
0.092772,3.7903562
0.092774,4.0215135
0.092776,4.252671
0.092778,4.437596
0.09278,4.5762897
0.092782,4.7149835
0.092784,4.8536773
0.092786,4.946141
0.092788,4.992371
0.09279,5.0386033
0.092792,5.0386033
0.092794,4.992371
0.092796,4.946141
0.092798,4.8999095
0.0928,4.7612157
0.092802,4.622521
0.092804,4.483826
0.092806,4.298901
0.092808,4.113976
0.09281,3.8828197
0.092812,3.605431
0.092814,3.3280425
0.092816,3.050654
0.092818,2.727035
0.092819996,2.4034152
0.092822,2.033564
0.092824,1.6637135
0.092826,1.3400936
0.092828,0.970243
0.09283,0.60039186
0.092832,0.23054075
0.092834,-0.18554163
0.092836,-0.55539227
0.092838,-0.9252434
0.09284,-1.2950945
0.092842,-1.6649456
0.092844,-1.9885652
0.092846,-2.3584158
0.092848,-2.6820357
0.09285,-3.0056553
0.092852,-3.2830436
0.092854,-3.5604317
0.092856,-3.8378198
0.092858,-4.068977
0.09286,-4.3001337
0.092862,-4.4388275
0.092864,-4.623753
0.092865996,-4.7624474
0.092868,-4.85491
0.09287,-4.947373
0.092872,-4.993604
0.092874,-5.0398355
0.092876,-4.993604
0.092878,-4.993604
0.09288,-4.9011416
0.092882,-4.8086786
0.092884,-4.716216
0.092886,-4.577522
0.092888,-4.4388275
0.09289,-4.2539024
0.092892,-4.022745
0.092894,-3.7915885
0.092896,-3.5142004
0.092898,-3.236812
0.0929,-2.9131925
0.092902,-2.589573
0.092904,-2.2659533
0.092906,-1.8961024
0.092908,-1.5724826
0.09291,-1.202632
0.092912,-0.83278084
0.092914,-0.46292973
0.092916,-0.09307861
0.092918,0.3230033
0.09292,0.6928544
0.092922,1.0627055
0.092924,1.4325566
0.092926,1.8024073
0.092928,2.126027
0.09293,2.4958777
0.092932,2.8194976
0.092934,3.0968862
0.092936,3.420505
0.092938,3.6978936
0.09294,3.92905
0.092942,4.1602073
0.092943996,4.3451324
0.092946,4.5300584
0.092948,4.668752
0.09295,4.807446
0.092952,4.8999095
0.092954,4.992371
0.092956,5.0386033
0.092958,5.0386033
0.09296,5.0386033
0.092962,4.992371
0.092964,4.8999095
0.092966,4.807446
0.092968,4.668752
0.09297,4.5300584
0.092972,4.3913646
0.092974,4.1602073
0.092976,3.92905
0.092978,3.6978936
0.09298,3.420505
0.092982,3.1431174
0.092984,2.8194976
0.092986,2.4958777
0.092988,2.172258
0.092989996,1.8024073
0.092992,1.4787879
0.092994,1.1089368
0.092996,0.7390857
0.092998,0.3230033
0.093,-0.046847343
0.093002,-0.41669846
0.093004,-0.78654957
0.093006,-1.202632
0.093008,-1.5262513
0.09301,-1.8961024
0.093012,-2.2197218
0.093014,-2.589573
0.093016,-2.866961
0.093018,-3.1905808
0.09302,-3.467969
0.093022,-3.745357
0.093024,-3.976514
0.093026,-4.2076707
0.093028,-4.4388275
0.09303,-4.577522
0.093032,-4.716216
0.093034,-4.8086786
0.093036,-4.9011416
0.093038,-4.993604
0.09304,-4.993604
0.093042,-5.0398355
0.093044,-4.993604
0.093046,-4.947373
0.093048,-4.85491
0.09305,-4.7624474
0.093052,-4.623753
0.093054,-4.4388275
0.093056,-4.3001337
0.093058,-4.068977
0.09306,-3.8378198
0.093062,-3.6066632
0.093064,-3.329275
0.093066,-3.0056553
0.093067996,-2.728267
0.09307,-2.3584158
0.093072,-2.0347965
0.093074,-1.6649456
0.093076,-1.3413262
0.093078,-0.9714751
0.09308,-0.601624
0.093082,-0.18554163
0.093084,0.184309
0.093086,0.5541601
0.093088,0.970243
0.09309,1.3400936
0.093092,1.6637135
0.093094,2.033564
0.093096,2.357184
0.093098,2.6808028
0.0931,3.0044227
0.093102,3.3280425
0.093104,3.605431
0.093106,3.8365874
0.093108,4.0677447
0.09311,4.298901
0.093112,4.437596
0.093113996,4.622521
0.093116,4.7612157
0.093118,4.8536773
0.09312,4.946141
0.093122,4.992371
0.093124,5.0386033
0.093126,5.0386033
0.093128,4.992371
0.09313,4.946141
0.093132,4.8536773
0.093134,4.7149835
0.093136,4.5762897
0.093138,4.437596
0.09314,4.252671
0.093142,4.0215135
0.093144,3.7903562
0.093146,3.5129685
0.093148,3.23558
0.09315,2.9119601
0.093152,2.5883412
0.093154,2.2647214
0.093156,1.9411016
0.093158,1.5712504
0.09316,1.2013993
0.093162,0.8315482
0.093164,0.46169758
0.093166,0.091846466
0.093168,-0.32423592
0.09317,-0.694087
0.093172,-1.0639377
0.093174,-1.4337888
0.093176,-1.7574081
0.093178,-2.1272593
0.09318,-2.4508786
0.093182,-2.7744985
0.093184,-3.098118
0.093186,-3.3755062
0.093188,-3.6528945
0.09319,-3.9302826
0.093191996,-4.1614394
0.093194,-4.346365
0.093196,-4.4850593
0.093198,-4.669985
0.0932,-4.8086786
0.093202,-4.9011416
0.093204,-4.947373
0.093206,-4.993604
0.093208,-5.0398355
0.09321,-4.993604
0.093212,-4.947373
0.093214,-4.9011416
0.093216,-4.8086786
0.093218,-4.669985
0.09322,-4.5312905
0.093222,-4.346365
0.093224,-4.1614394
0.093226,-3.9302826
0.093228,-3.6991258
0.09323,-3.4217377
0.093232,-3.1443493
0.093234,-2.8207297
0.093236,-2.4971101
0.093237996,-2.1272593
0.09324,-1.8036394
0.093242,-1.4337888
0.093244,-1.0639377
0.093246,-0.694087
0.093248,-0.32423592
0.09325,0.045615196
0.093252,0.46169758
0.093254,0.8315482
0.093256,1.2013993
0.093258,1.5250192
0.09326,1.8948698
0.093262,2.2647214
0.093264,2.5883412
0.093266,2.9119601
0.093268,3.1893477
0.09327,3.5129685
0.093272,3.744125
0.093274,4.0215135
0.093276,4.252671
0.093278,4.437596
0.09328,4.5762897
0.093282,4.7149835
0.093284,4.8536773
0.093286,4.946141
0.093288,4.992371
0.09329,5.0386033
0.093292,5.0386033
0.093294,4.992371
0.093296,4.946141
0.093298,4.8536773
0.0933,4.7612157
0.093302,4.622521
0.093304,4.483826
0.093306,4.298901
0.093308,4.113976
0.09331,3.8365874
0.093312,3.605431
0.093314,3.3280425
0.093315996,3.0044227
0.093318,2.727035
0.09332,2.357184
0.093322,2.033564
0.093324,1.6637135
0.093326,1.3400936
0.093328,0.970243
0.09333,0.60039186
0.093332,0.23054075
0.093334,-0.18554163
0.093336,-0.55539227
0.093338,-0.9252434
0.09334,-1.2950945
0.093342,-1.6649456
0.093344,-1.9885652
0.093346,-2.3584158
0.093348,-2.6820357
0.09335,-3.0056553
0.093352,-3.2830436
0.093354,-3.5604317
0.093356,-3.8378198
0.093358,-4.068977
0.09336,-4.3001337
0.093361996,-4.4388275
0.093364,-4.623753
0.093366,-4.7624474
0.093368,-4.85491
0.09337,-4.947373
0.093372,-4.993604
0.093374,-5.0398355
0.093376,-4.993604
0.093378,-4.993604
0.09338,-4.9011416
0.093382,-4.85491
0.093384,-4.716216
0.093386,-4.577522
0.093388,-4.4388275
0.09339,-4.2539024
0.093392,-4.022745
0.093394,-3.7915885
0.093396,-3.5142004
0.093398,-3.236812
0.0934,-2.9131925
0.093402,-2.589573
0.093404,-2.2659533
0.093406,-1.8961024
0.093408,-1.5724826
0.09341,-1.202632
0.093412,-0.83278084
0.093414,-0.46292973
0.093416,-0.046847343
0.093418,0.3230033
0.09342,0.6928544
0.093422,1.0627055
0.093424,1.4325566
0.093426,1.8024073
0.093428,2.126027
0.09343,2.4496465
0.093432,2.8194976
0.093434,3.0968862
0.093436,3.420505
0.093438,3.6978936
0.093439996,3.92905
0.093442,4.1602073
0.093444,4.3451324
0.093446,4.5300584
0.093448,4.668752
0.09345,4.807446
0.093452,4.8999095
0.093454,4.992371
0.093456,5.0386033
0.093458,5.0386033
0.09346,5.0386033
0.093462,4.992371
0.093464,4.8999095
0.093466,4.807446
0.093468,4.668752
0.09347,4.5300584
0.093472,4.3913646
0.093474,4.1602073
0.093476,3.92905
0.093478,3.6978936
0.09348,3.420505
0.093482,3.1431174
0.093484,2.8194976
0.093485996,2.4958777
0.093488,2.172258
0.09349,1.8024073
0.093492,1.4787879
0.093494,1.1089368
0.093496,0.7390857
0.093498,0.3230033
0.0935,-0.046847343
0.093502,-0.41669846
0.093504,-0.78654957
0.093506,-1.202632
0.093508,-1.5262513
0.09351,-1.8961024
0.093512,-2.2197218
0.093514,-2.5433414
0.093516,-2.866961
0.093518,-3.1905808
0.09352,-3.467969
0.093522,-3.745357
0.093524,-3.976514
0.093526,-4.2076707
0.093528,-4.4388275
0.09353,-4.577522
0.093532,-4.716216
0.093534,-4.8086786
0.093536,-4.9011416
0.093538,-4.993604
0.09354,-4.993604
0.093542,-5.0398355
0.093544,-4.993604
0.093546,-4.947373
0.093548,-4.85491
0.09355,-4.7624474
0.093552,-4.623753
0.093554,-4.4388275
0.093556,-4.3001337
0.093558,-4.068977
0.09356,-3.8378198
0.093562,-3.6066632
0.093563996,-3.329275
0.093566,-3.0056553
0.093568,-2.728267
0.09357,-2.3584158
0.093572,-2.0347965
0.093574,-1.6649456
0.093576,-1.3413262
0.093578,-0.9714751
0.09358,-0.601624
0.093582,-0.18554163
0.093584,0.184309
0.093586,0.5541601
0.093588,0.970243
0.09359,1.3400936
0.093592,1.6637135
0.093594,2.033564
0.093596,2.357184
0.093598,2.6808028
0.0936,3.0044227
0.093602,3.3280425
0.093604,3.605431
0.093606,3.8365874
0.093608,4.0677447
0.093609996,4.298901
0.093612,4.437596
0.093614,4.622521
0.093616,4.7612157
0.093618,4.8536773
0.09362,4.946141
0.093622,4.992371
0.093624,5.0386033
0.093626,5.0386033
0.093628,4.992371
0.09363,4.946141
0.093632,4.8536773
0.093634,4.7149835
0.093636,4.5762897
0.093638,4.437596
0.09364,4.252671
0.093642,4.0215135
0.093644,3.7903562
0.093646,3.5129685
0.093648,3.23558
0.09365,2.9119601
0.093652,2.5883412
0.093654,2.2647214
0.093656,1.9411016
0.093658,1.5712504
0.09366,1.2013993
0.093662,0.8315482
0.093664,0.46169758
0.093666,0.091846466
0.093668,-0.32423592
0.09367,-0.694087
0.093672,-1.0639377
0.093674,-1.4337888
0.093676,-1.7574081
0.093678,-2.1272593
0.09368,-2.4508786
0.093682,-2.7744985
0.093684,-3.098118
0.093686,-3.3755062
0.093687996,-3.6528945
0.09369,-3.9302826
0.093692,-4.1614394
0.093694,-4.346365
0.093696,-4.4850593
0.093698,-4.669985
0.0937,-4.8086786
0.093702,-4.9011416
0.093704,-4.947373
0.093706,-4.993604
0.093708,-5.0398355
0.09371,-4.993604
0.093712,-4.947373
0.093714,-4.9011416
0.093716,-4.8086786
0.093718,-4.669985
0.09372,-4.5312905
0.093722,-4.346365
0.093724,-4.1614394
0.093726,-3.9302826
0.093728,-3.6991258
0.09373,-3.4217377
0.093732,-3.1443493
0.093733996,-2.8207297
0.093736,-2.4971101
0.093738,-2.1272593
0.09374,-1.8036394
0.093742,-1.4337888
0.093744,-1.0639377
0.093746,-0.694087
0.093748,-0.32423592
0.09375,0.36923456
0.093752,1.9873328
0.093754,3.420505
0.093756,4.437596
0.093758,4.8536773
0.09376,4.7149835
0.093762,4.0215135
0.093764,2.7732663
0.093766,1.2013993
0.093768,-0.5091615
0.09377,-2.1272593
0.093772,-3.5604317
0.093774,-4.5312905
0.093776,-4.9011416
0.093778,-4.716216
0.09378,-3.976514
0.093782,-2.728267
0.093784,-1.1564007
0.093786,0.60039186
0.093788,2.2647214
0.09379,3.6516623
0.093792,4.5300584
0.093794,4.8999095
0.093796,4.668752
0.093798,3.8828197
0.0938,2.5883412
0.093802,1.0164738
0.093804,-0.7403178
0.093806,-2.3121846
0.093808,-3.6991258
0.09381,-4.577522
0.093812,-4.9011416
0.093814,-4.623753
0.093816,-3.7915885
0.093818,-2.4971101
0.09382,-0.8790121
0.093822,0.87777996
0.093824,2.4958777
0.093826,3.8365874
0.093828,4.622521
0.09383,4.8999095
0.093832,4.5762897
0.093834,3.6978936
0.093836,2.357184
0.093838,0.7390857
0.09384,-0.9714751
0.093842,-2.5433414
0.093844,-3.8840513
0.093846,-4.669985
0.093848,-4.9011416
0.09385,-4.5312905
0.093852,-3.6528945
0.093854,-2.2659533
0.093856,-0.6478553
0.093857996,1.1089368
0.09386,2.6808028
0.093862,3.9752812
0.093864,4.7149835
0.093866,4.8999095
0.093868,4.483826
0.09387,3.5591989
0.093872,2.172258
0.093874,0.50792885
0.093876,-1.202632
0.093878,-2.7744985
0.09388,-4.022745
0.093882,-4.7624474
0.093884,-4.9011416
0.093886,-4.4388275
0.093888,-3.467969
0.09389,-2.081028
0.093892,-0.3704667
0.093894,1.3400936
0.093896,2.9119601
0.093898,4.113976
0.0939,4.7612157
0.093902,4.8999095
0.093903996,4.437596
0.093906,3.3742738
0.093908,1.9411016
0.09391,0.27677202
0.093912,-1.4337888
0.093914,-2.9594238
0.093916,-4.1614394
0.093918,-4.8086786
0.09392,-4.85491
0.093922,-4.346365
0.093924,-3.2830436
0.093926,-1.8036394
0.093928,-0.13931036
0.09393,1.5712504
0.093932,3.0968862
0.093934,4.252671
0.093936,4.8536773
0.093938,4.8536773
0.09394,4.298901
0.093942,3.1893477
0.093944,1.7099442
0.093946,-6.160736E-4
0.093948,-1.6649456
0.09395,-3.1443493
0.093952,-4.3001337
0.093954,-4.85491
0.093956,-4.8086786
0.093958,-4.2539024
0.09396,-3.098118
0.093962,-1.5724826
0.093964,0.13807821
0.093966,1.8024073
0.093968,3.2818112
0.09397,4.3913646
0.093972,4.8999095
0.093974,4.807446
0.093976,4.1602073
0.093978,3.0044227
0.09398,1.4787879
0.093981996,-0.2317729
0.093984,-1.8961024
0.093986,-3.3755062
0.093988,-4.4388275
0.09399,-4.9011416
0.093992,-4.7624474
0.093994,-4.115208
0.093996,-2.9131925
0.093998,-1.387557
0.094,0.36923456
0.094002,2.033564
0.094004,3.4667363
0.094006,4.437596
0.094008,4.8999095
0.09401,4.7612157
0.094012,4.0215135
0.094014,2.7732663
0.094016,1.2476311
0.094018,-0.46292973
0.09402,-2.1272593
0.094022,-3.5604317
0.094024,-4.4850593
0.094026,-4.9011416
0.094027996,-4.716216
0.09403,-3.976514
0.094032,-2.728267
0.094034,-1.1101689
0.094036,0.64662313
0.094038,2.2647214
0.09404,3.6516623
0.094042,4.5762897
0.094044,4.8999095
0.094046,4.668752
0.094048,3.8828197
0.09405,2.5883412
0.094052,1.0164738
0.094054,-0.7403178
0.094056,-2.3121846
0.094058,-3.6991258
0.09406,-4.577522
0.094062,-4.9011416
0.094064,-4.623753
0.094066,-3.7915885
0.094068,-2.4971101
0.09407,-0.8790121
0.094072,0.87777996
0.094074,2.4958777
0.094076,3.8365874
0.094078,4.622521
0.09408,4.946141
0.094082,4.5762897
0.094084,3.6978936
0.094086,2.357184
0.094088,0.7390857
0.09409,-0.9714751
0.094092,-2.5433414
0.094094,-3.8840513
0.094096,-4.669985
0.094098,-4.9011416
0.0941,-4.5312905
0.094102,-3.6528945
0.094104,-2.2659533
0.094105996,-0.6478553
0.094108,1.1089368
0.09411,2.6808028
0.094112,3.9752812
0.094114,4.7149835
0.094116,4.8999095
0.094118,4.483826
0.09412,3.5591989
0.094122,2.172258
0.094124,0.50792885
0.094126,-1.202632
0.094128,-2.7744985
0.09413,-4.022745
0.094132,-4.7624474
0.094134,-4.9011416
0.094136,-4.4388275
0.094138,-3.467969
0.09414,-2.081028
0.094142,-0.3704667
0.094144,1.3863249
0.094146,2.9119601
0.094148,4.113976
0.09415,4.7612157
0.094151996,4.8999095
0.094154,4.3913646
0.094156,3.3742738
0.094158,1.9411016
0.09416,0.27677202
0.094162,-1.4337888
0.094164,-2.9594238
0.094166,-4.1614394
0.094168,-4.8086786
0.09417,-4.85491
0.094172,-4.346365
0.094174,-3.2830436
0.094176,-1.8036394
0.094178,-0.13931036
0.09418,1.5712504
0.094182,3.0968862
0.094184,4.252671
0.094186,4.8536773
0.094188,4.8536773
0.09419,4.298901
0.094192,3.1893477
0.094194,1.7099442
0.094196,-6.160736E-4
0.094198,-1.6649456
0.0942,-3.1443493
0.094202,-4.3001337
0.094204,-4.85491
0.094206,-4.8086786
0.094208,-4.2539024
0.09421,-3.098118
0.094212,-1.5724826
0.094214,0.13807821
0.094216,1.8024073
0.094218,3.2818112
0.09422,4.3913646
0.094222,4.8999095
0.094224,4.807446
0.094226,4.1602073
0.094228,3.0044227
0.094229996,1.4787879
0.094232,-0.2317729
0.094234,-1.8961024
0.094236,-3.3755062
0.094238,-4.4388275
0.09424,-4.9011416
0.094242,-4.7624474
0.094244,-4.115208
0.094246,-2.9131925
0.094248,-1.387557
0.09425,0.36923456
0.094252,2.033564
0.094254,3.4667363
0.094256,4.437596
0.094258,4.8999095
0.09426,4.7612157
0.094262,4.0215135
0.094264,2.7732663
0.094266,1.2476311
0.094268,-0.46292973
0.09427,-2.1272593
0.094272,-3.5604317
0.094274,-4.4850593
0.094275996,-4.9011416
0.094278,-4.716216
0.09428,-3.976514
0.094282,-2.728267
0.094284,-1.1101689
0.094286,0.64662313
0.094288,2.2647214
0.09429,3.6516623
0.094292,4.5762897
0.094294,4.8999095
0.094296,4.668752
0.094298,3.8828197
0.0943,2.5883412
0.094302,1.0164738
0.094304,-0.7403178
0.094306,-2.3121846
0.094308,-3.6991258
0.09431,-4.577522
0.094312,-4.9011416
0.094314,-4.623753
0.094316,-3.7915885
0.094318,-2.4971101
0.09432,-0.8790121
0.094322,0.87777996
0.094324,2.4958777
0.094326,3.8365874
0.094328,4.622521
0.09433,4.8999095
0.094332,4.5762897
0.094334,3.6978936
0.094336,2.357184
0.094338,0.7390857
0.09434,-0.9714751
0.094342,-2.5433414
0.094344,-3.8840513
0.094346,-4.669985
0.094348,-4.9011416
0.09435,-4.5312905
0.094352,-3.6528945
0.094353996,-2.2659533
0.094356,-0.6478553
0.094358,1.1089368
0.09436,2.6808028
0.094362,3.9752812
0.094364,4.7149835
0.094366,4.8999095
0.094368,4.483826
0.09437,3.5591989
0.094372,2.172258
0.094374,0.50792885
0.094376,-1.202632
0.094378,-2.7744985
0.09438,-4.022745
0.094382,-4.7624474
0.094384,-4.9011416
0.094386,-4.4388275
0.094388,-3.467969
0.09439,-2.0347965
0.094392,-0.3704667
0.094394,1.3863249
0.094396,2.9119601
0.094398,4.113976
0.094399996,4.807446
0.094402,4.8999095
0.094404,4.3913646
0.094406,3.3742738
0.094408,1.9411016
0.09441,0.27677202
0.094412,-1.4337888
0.094414,-2.9594238
0.094416,-4.1614394
0.094418,-4.8086786
0.09442,-4.85491
0.094422,-4.346365
0.094424,-3.2830436
0.094426,-1.8036394
0.094428,-0.13931036
0.09443,1.5712504
0.094432,3.0968862
0.094434,4.252671
0.094436,4.8536773
0.094438,4.8536773
0.09444,4.298901
0.094442,3.1893477
0.094444,1.7099442
0.094446,-6.160736E-4
0.094448,-1.6649456
0.09445,-3.1443493
0.094452,-4.3001337
0.094454,-4.85491
0.094456,-4.8086786
0.094458,-4.2539024
0.09446,-3.098118
0.094462,-1.5724826
0.094464,0.13807821
0.094466,1.8024073
0.094468,3.2818112
0.09447,4.3913646
0.094472,4.8999095
0.094474,4.807446
0.094476,4.1602073
0.094477996,3.0044227
0.09448,1.4787879
0.094482,-0.2317729
0.094484,-1.8961024
0.094486,-3.3755062
0.094488,-4.4388275
0.09449,-4.9011416
0.094492,-4.7624474
0.094494,-4.115208
0.094496,-2.9131925
0.094498,-1.387557
0.0945,0.36923456
0.094502,2.033564
0.094504,3.4667363
0.094506,4.437596
0.094508,4.8999095
0.09451,4.7612157
0.094512,4.0215135
0.094514,2.7732663
0.094516,1.2476311
0.094518,-0.46292973
0.09452,-2.1272593
0.094522,-3.5604317
0.094523996,-4.4850593
0.094526,-4.9011416
0.094528,-4.716216
0.09453,-3.976514
0.094532,-2.728267
0.094534,-1.1101689
0.094536,0.64662313
0.094538,2.2647214
0.09454,3.6516623
0.094542,4.5762897
0.094544,4.8999095
0.094546,4.668752
0.094548,3.8828197
0.09455,2.5883412
0.094552,1.0164738
0.094554,-0.7403178
0.094556,-2.3121846
0.094558,-3.6991258
0.09456,-4.577522
0.094562,-4.9011416
0.094564,-4.623753
0.094566,-3.7915885
0.094568,-2.4971101
0.09457,-0.8790121
0.094572,0.87777996
0.094574,2.4958777
0.094576,3.8365874
0.094578,4.668752
0.09458,4.8999095
0.094582,4.5762897
0.094584,3.6978936
0.094586,2.357184
0.094588,0.7390857
0.09459,-0.9714751
0.094592,-2.5433414
0.094594,-3.8840513
0.094596,-4.669985
0.094598,-4.9011416
0.0946,-4.5312905
0.094601996,-3.6528945
0.094604,-2.2659533
0.094606,-0.6478553
0.094608,1.1089368
0.09461,2.727035
0.094612,3.9752812
0.094614,4.7149835
0.094616,4.8999095
0.094618,4.483826
0.09462,3.5591989
0.094622,2.126027
0.094624,0.50792885
0.094626,-1.202632
0.094628,-2.7744985
0.09463,-4.022745
0.094632,-4.7624474
0.094634,-4.9011416
0.094636,-4.4388275
0.094638,-3.467969
0.09464,-2.0347965
0.094642,-0.3704667
0.094644,1.3863249
0.094646,2.9119601
0.094647996,4.113976
0.09465,4.807446
0.094652,4.8999095
0.094654,4.437596
0.094656,3.3742738
0.094658,1.9411016
0.09466,0.27677202
0.094662,-1.4337888
0.094664,-2.9594238
0.094666,-4.1614394
0.094668,-4.8086786
0.09467,-4.85491
0.094672,-4.346365
0.094674,-3.2830436
0.094676,-1.8036394
0.094678,-0.13931036
0.09468,1.5712504
0.094682,3.0968862
0.094684,4.252671
0.094686,4.8536773
0.094688,4.8536773
0.09469,4.298901
0.094692,3.1893477
0.094694,1.7099442
0.094696,-6.160736E-4
0.094698,-1.6649456
0.0947,-3.1905808
0.094702,-4.3001337
0.094704,-4.85491
0.094706,-4.8086786
0.094708,-4.2539024
0.09471,-3.098118
0.094712,-1.5724826
0.094714,0.13807821
0.094716,1.8024073
0.094718,3.2818112
0.09472,4.3913646
0.094722,4.8999095
0.094724,4.807446
0.094725996,4.1602073
0.094728,3.0044227
0.09473,1.4787879
0.094732,-0.2317729
0.094734,-1.8961024
0.094736,-3.3755062
0.094738,-4.4388275
0.09474,-4.9011416
0.094742,-4.7624474
0.094744,-4.115208
0.094746,-2.9131925
0.094748,-1.387557
0.09475,0.045615196
0.094752,0.50792885
0.094754,0.87777996
0.094756,1.2476311
0.094758,1.5712504
0.09476,1.9411016
0.094762,2.2647214
0.094764,2.6345725
0.094766,2.9119601
0.094768,3.23558
0.09477,3.5129685
0.094771996,3.7903562
0.094774,4.0215135
0.094776,4.252671
0.094778,4.437596
0.09478,4.5762897
0.094782,4.7149835
0.094784,4.8536773
0.094786,4.946141
0.094788,4.992371
0.09479,5.0386033
0.094792,5.0386033
0.094794,5.0386033
0.094796,4.946141
0.094798,4.8999095
0.0948,4.7612157
0.094802,4.622521
0.094804,4.483826
0.094806,4.298901
0.094808,4.113976
0.09481,3.8828197
0.094812,3.605431
0.094814,3.3280425
0.094816,3.050654
0.094818,2.727035
0.09482,2.4034152
0.094822,2.033564
0.094824,1.6637135
0.094826,1.3400936
0.094828,0.970243
0.09483,0.60039186
0.094832,0.23054075
0.094834,-0.18554163
0.094836,-0.55539227
0.094838,-0.9252434
0.09484,-1.2950945
0.094842,-1.6649456
0.094844,-1.9885652
0.094846,-2.3584158
0.094848,-2.6820357
0.094849996,-3.0056553
0.094852,-3.2830436
0.094854,-3.5604317
0.094856,-3.8378198
0.094858,-4.068977
0.09486,-4.3001337
0.094862,-4.4388275
0.094864,-4.623753
0.094866,-4.7624474
0.094868,-4.85491
0.09487,-4.947373
0.094872,-4.993604
0.094874,-5.0398355
0.094876,-4.993604
0.094878,-4.993604
0.09488,-4.9011416
0.094882,-4.8086786
0.094884,-4.716216
0.094886,-4.577522
0.094888,-4.4388275
0.09489,-4.2539024
0.094892,-4.022745
0.094894,-3.7915885
0.094895996,-3.5142004
0.094898,-3.236812
0.0949,-2.9131925
0.094902,-2.589573
0.094904,-2.2659533
0.094906,-1.8961024
0.094908,-1.5724826
0.09491,-1.202632
0.094912,-0.83278084
0.094914,-0.46292973
0.094916,-0.046847343
0.094918,0.3230033
0.09492,0.6928544
0.094922,1.0627055
0.094924,1.4325566
0.094926,1.8024073
0.094928,2.126027
0.09493,2.4958777
0.094932,2.8194976
0.094934,3.0968862
0.094936,3.420505
0.094938,3.6978936
0.09494,3.92905
0.094941996,4.1602073
0.094944,4.3451324
0.094946,4.5300584
0.094948,4.668752
0.09495,4.807446
0.094952,4.8999095
0.094954,4.992371
0.094956,5.0386033
0.094958,5.0386033
0.09496,5.0386033
0.094962,4.992371
0.094964,4.8999095
0.094966,4.807446
0.094968,4.668752
0.09497,4.5300584
0.094972,4.3913646
0.094974,4.1602073
0.094976,3.92905
0.094978,3.6978936
0.09498,3.420505
0.094982,3.1431174
0.094984,2.8194976
0.094986,2.4958777
0.094988,2.172258
0.09499,1.8024073
0.094992,1.4787879
0.094994,1.1089368
0.094996,0.7390857
0.094998,0.3230033
0.095,-0.046847343
0.095002,-0.41669846
0.095004,-0.78654957
0.095006,-1.202632
0.095008,-1.5262513
0.09501,-1.8961024
0.095012,-2.2197218
0.095014,-2.589573
0.095016,-2.9131925
0.095018,-3.1905808
0.095019996,-3.467969
0.095022,-3.745357
0.095024,-3.976514
0.095026,-4.2076707
0.095028,-4.4388275
0.09503,-4.577522
0.095032,-4.716216
0.095034,-4.8086786
0.095036,-4.9011416
0.095038,-4.993604
0.09504,-4.993604
0.095042,-5.0398355
0.095044,-4.993604
0.095046,-4.947373
0.095048,-4.85491
0.09505,-4.7624474
0.095052,-4.623753
0.095054,-4.4388275
0.095056,-4.3001337
0.095058,-4.068977
0.09506,-3.8378198
0.095062,-3.6066632
0.095064,-3.329275
0.095065996,-3.0056553
0.095068,-2.6820357
0.09507,-2.3584158
0.095072,-2.0347965
0.095074,-1.6649456
0.095076,-1.3413262
0.095078,-0.9714751
0.09508,-0.55539227
0.095082,-0.18554163
0.095084,0.184309
0.095086,0.5541601
0.095088,0.970243
0.09509,1.3400936
0.095092,1.6637135
0.095094,2.033564
0.095096,2.357184
0.095098,2.6808028
0.0951,3.0044227
0.095102,3.3280425
0.095104,3.605431
0.095106,3.8365874
0.095108,4.0677447
0.09511,4.298901
0.095112,4.437596
0.095114,4.622521
0.095116,4.7612157
0.095118,4.8536773
0.09512,4.946141
0.095122,4.992371
0.095124,5.0386033
0.095126,5.0386033
0.095128,4.992371
0.09513,4.946141
0.095132,4.8536773
0.095134,4.7149835
0.095136,4.5762897
0.095138,4.437596
0.09514,4.252671
0.095142,4.0215135
0.095143996,3.7903562
0.095146,3.5129685
0.095148,3.23558
0.09515,2.9119601
0.095152,2.5883412
0.095154,2.2647214
0.095156,1.9411016
0.095158,1.5712504
0.09516,1.2013993
0.095162,0.8315482
0.095164,0.46169758
0.095166,0.091846466
0.095168,-0.32423592
0.09517,-0.694087
0.095172,-1.0639377
0.095174,-1.4337888
0.095176,-1.7574081
0.095178,-2.1272593
0.09518,-2.4508786
0.095182,-2.7744985
0.095184,-3.098118
0.095186,-3.3755062
0.095188,-3.6528945
0.095189996,-3.9302826
0.095192,-4.1614394
0.095194,-4.346365
0.095196,-4.4850593
0.095198,-4.669985
0.0952,-4.8086786
0.095202,-4.9011416
0.095204,-4.947373
0.095206,-4.993604
0.095208,-5.0398355
0.09521,-4.993604
0.095212,-4.947373
0.095214,-4.9011416
0.095216,-4.8086786
0.095218,-4.669985
0.09522,-4.5312905
0.095222,-4.346365
0.095224,-4.1614394
0.095226,-3.9302826
0.095228,-3.6991258
0.09523,-3.4217377
0.095232,-3.1443493
0.095234,-2.8207297
0.095236,-2.4971101
0.095238,-2.1272593
0.09524,-1.8036394
0.095242,-1.4337888
0.095244,-1.0639377
0.095246,-0.694087
0.095248,-0.32423592
0.09525,0.045615196
0.095252,0.46169758
0.095254,0.8315482
0.095256,1.2013993
0.095258,1.5250192
0.09526,1.8948698
0.095262,2.2647214
0.095264,2.5883412
0.095266,2.9119601
0.095267996,3.1893477
0.09527,3.5129685
0.095272,3.744125
0.095274,4.0215135
0.095276,4.252671
0.095278,4.437596
0.09528,4.5762897
0.095282,4.7149835
0.095284,4.8536773
0.095286,4.946141
0.095288,4.992371
0.09529,5.0386033
0.095292,5.0386033
0.095294,4.992371
0.095296,4.946141
0.095298,4.8536773
0.0953,4.7612157
0.095302,4.622521
0.095304,4.483826
0.095306,4.298901
0.095308,4.113976
0.09531,3.8365874
0.095312,3.605431
0.095313996,3.3280425
0.095316,3.0044227
0.095318,2.727035
0.09532,2.357184
0.095322,2.033564
0.095324,1.6637135
0.095326,1.3400936
0.095328,0.970243
0.09533,0.60039186
0.095332,0.23054075
0.095334,-0.18554163
0.095336,-0.55539227
0.095338,-0.9252434
0.09534,-1.2950945
0.095342,-1.6649456
0.095344,-1.9885652
0.095346,-2.3584158
0.095348,-2.6820357
0.09535,-3.0056553
0.095352,-3.2830436
0.095354,-3.5604317
0.095356,-3.8378198
0.095358,-4.068977
0.09536,-4.3001337
0.095362,-4.4388275
0.095364,-4.623753
0.095366,-4.7624474
0.095368,-4.85491
0.09537,-4.947373
0.095372,-4.993604
0.095374,-5.0398355
0.095376,-4.993604
0.095378,-4.993604
0.09538,-4.9011416
0.095382,-4.85491
0.095384,-4.716216
0.095386,-4.577522
0.095388,-4.4388275
0.09539,-4.2539024
0.095391996,-4.022745
0.095394,-3.7915885
0.095396,-3.5142004
0.095398,-3.236812
0.0954,-2.9131925
0.095402,-2.589573
0.095404,-2.2659533
0.095406,-1.8961024
0.095408,-1.5262513
0.09541,-1.202632
0.095412,-0.83278084
0.095414,-0.46292973
0.095416,-0.046847343
0.095418,0.3230033
0.09542,0.6928544
0.095422,1.0627055
0.095424,1.4325566
0.095426,1.8024073
0.095428,2.126027
0.09543,2.4958777
0.095432,2.8194976
0.095434,3.0968862
0.095436,3.420505
0.095437996,3.6978936
0.09544,3.92905
0.095442,4.1602073
0.095444,4.3451324
0.095446,4.5300584
0.095448,4.668752
0.09545,4.807446
0.095452,4.8999095
0.095454,4.992371
0.095456,5.0386033
0.095458,5.0386033
0.09546,5.0386033
0.095462,4.992371
0.095464,4.8999095
0.095466,4.807446
0.095468,4.668752
0.09547,4.5300584
0.095472,4.3913646
0.095474,4.1602073
0.095476,3.92905
0.095478,3.6978936
0.09548,3.420505
0.095482,3.1431174
0.095484,2.8194976
0.095486,2.4958777
0.095488,2.172258
0.09549,1.8024073
0.095492,1.4787879
0.095494,1.1089368
0.095496,0.6928544
0.095498,0.3230033
0.0955,-0.046847343
0.095502,-0.41669846
0.095504,-0.83278084
0.095506,-1.202632
0.095508,-1.5262513
0.09551,-1.8961024
0.095512,-2.2197218
0.095514,-2.589573
0.095515996,-2.9131925
0.095518,-3.1905808
0.09552,-3.467969
0.095522,-3.745357
0.095524,-3.976514
0.095526,-4.2076707
0.095528,-4.4388275
0.09553,-4.577522
0.095532,-4.716216
0.095534,-4.8086786
0.095536,-4.9011416
0.095538,-4.993604
0.09554,-4.993604
0.095542,-5.0398355
0.095544,-4.993604
0.095546,-4.947373
0.095548,-4.85491
0.09555,-4.7624474
0.095552,-4.623753
0.095554,-4.4388275
0.095556,-4.3001337
0.095558,-4.068977
0.09556,-3.8378198
0.095561996,-3.6066632
0.095564,-3.329275
0.095566,-3.0056553
0.095568,-2.728267
0.09557,-2.3584158
0.095572,-2.0347965
0.095574,-1.6649456
0.095576,-1.3413262
0.095578,-0.9714751
0.09558,-0.55539227
0.095582,-0.18554163
0.095584,0.184309
0.095586,0.5541601
0.095588,0.970243
0.09559,1.3400936
0.095592,1.6637135
0.095594,2.033564
0.095596,2.357184
0.095598,2.6808028
0.0956,3.0044227
0.095602,3.3280425
0.095604,3.605431
0.095606,3.8365874
0.095608,4.0677447
0.09561,4.298901
0.095612,4.437596
0.095614,4.622521
0.095616,4.7612157
0.095618,4.8536773
0.09562,4.946141
0.095622,4.992371
0.095624,5.0386033
0.095626,5.0386033
0.095628,4.992371
0.09563,4.946141
0.095632,4.8536773
0.095634,4.7149835
0.095636,4.5762897
0.095638,4.437596
0.095639996,4.252671
0.095642,4.0215135
0.095644,3.7903562
0.095646,3.5129685
0.095648,3.23558
0.09565,2.9119601
0.095652,2.5883412
0.095654,2.2647214
0.095656,1.8948698
0.095658,1.5712504
0.09566,1.2013993
0.095662,0.8315482
0.095664,0.46169758
0.095666,0.091846466
0.095668,-0.32423592
0.09567,-0.694087
0.095672,-1.0639377
0.095674,-1.4337888
0.095676,-1.7574081
0.095678,-2.1272593
0.09568,-2.4508786
0.095682,-2.7744985
0.095684,-3.098118
0.095685996,-3.3755062
0.095688,-3.6528945
0.09569,-3.9302826
0.095692,-4.1614394
0.095694,-4.346365
0.095696,-4.4850593
0.095698,-4.669985
0.0957,-4.8086786
0.095702,-4.9011416
0.095704,-4.947373
0.095706,-4.993604
0.095708,-5.0398355
0.09571,-4.993604
0.095712,-4.947373
0.095714,-4.9011416
0.095716,-4.8086786
0.095718,-4.669985
0.09572,-4.5312905
0.095722,-4.346365
0.095724,-4.1614394
0.095726,-3.9302826
0.095728,-3.6991258
0.09573,-3.4217377
0.095732,-3.1443493
0.095734,-2.8207297
0.095736,-2.4971101
0.095738,-2.1272593
0.09574,-1.8036394
0.095742,-1.4337888
0.095744,-1.0639377
0.095746,-0.694087
0.095748,-0.32423592
0.09575,0.4154663
0.095752,1.9873328
0.095754,3.420505
0.095756,4.437596
0.095758,4.8536773
0.09576,4.7149835
0.095762,3.9752812
0.095763996,2.7732663
0.095766,1.2013993
0.095768,-0.5091615
0.09577,-2.1272593
0.095772,-3.5604317
0.095774,-4.5312905
0.095776,-4.9011416
0.095778,-4.716216
0.09578,-3.976514
0.095782,-2.728267
0.095784,-1.1101689
0.095786,0.60039186
0.095788,2.2647214
0.09579,3.6516623
0.095792,4.5300584
0.095794,4.8999095
0.095796,4.668752
0.095798,3.8828197
0.0958,2.5883412
0.095802,0.970243
0.095804,-0.7403178
0.095806,-2.3584158
0.095808,-3.6991258
0.095809996,-4.577522
0.095812,-4.9011416
0.095814,-4.623753
0.095816,-3.7915885
0.095818,-2.4971101
0.09582,-0.8790121
0.095822,0.87777996
0.095824,2.4958777
0.095826,3.8365874
0.095828,4.622521
0.09583,4.8999095
0.095832,4.5762897
0.095834,3.6978936
0.095836,2.357184
0.095838,0.7390857
0.09584,-0.9714751
0.095842,-2.5433414
0.095844,-3.8840513
0.095846,-4.669985
0.095848,-4.9011416
0.09585,-4.5312905
0.095852,-3.6528945
0.095854,-2.2659533
0.095856,-0.601624
0.095858,1.1089368
0.09586,2.727035
0.095862,3.9752812
0.095864,4.7149835
0.095866,4.8999095
0.095868,4.483826
0.09587,3.5591989
0.095872,2.126027
0.095874,0.50792885
0.095876,-1.202632
0.095878,-2.7744985
0.09588,-4.022745
0.095882,-4.7624474
0.095884,-4.9011416
0.095886,-4.4388275
0.095887996,-3.467969
0.09589,-2.0347965
0.095892,-0.3704667
0.095894,1.3863249
0.095896,2.9119601
0.095898,4.113976
0.0959,4.7612157
0.095902,4.8999095
0.095904,4.3913646
0.095906,3.3742738
0.095908,1.9411016
0.09591,0.27677202
0.095912,-1.4337888
0.095914,-2.9594238
0.095916,-4.1614394
0.095918,-4.8086786
0.09592,-4.85491
0.095922,-4.346365
0.095924,-3.2830436
0.095926,-1.8036394
0.095928,-0.13931036
0.09593,1.5712504
0.095932,3.0968862
0.095933996,4.252671
0.095936,4.8536773
0.095938,4.8536773
0.09594,4.298901
0.095942,3.1893477
0.095944,1.6637135
0.095946,-6.160736E-4
0.095948,-1.6649456
0.09595,-3.1905808
0.095952,-4.3001337
0.095954,-4.85491
0.095956,-4.8086786
0.095958,-4.2539024
0.09596,-3.098118
0.095962,-1.5724826
0.095964,0.13807821
0.095966,1.8024073
0.095968,3.2818112
0.09597,4.3913646
0.095972,4.8999095
0.095974,4.807446
0.095976,4.1602073
0.095978,3.0044227
0.09598,1.4787879
0.095982,-0.2317729
0.095984,-1.8961024
0.095986,-3.3755062
0.095988,-4.4388275
0.09599,-4.9011416
0.095992,-4.7624474
0.095994,-4.115208
0.095996,-2.9131925
0.095998,-1.3413262
0.096,0.36923456
0.096002,2.033564
0.096004,3.4667363
0.096006,4.437596
0.096008,4.8999095
0.09601,4.7612157
0.096011996,4.0215135
0.096014,2.7732663
0.096016,1.2476311
0.096018,-0.5091615
0.09602,-2.1272593
0.096022,-3.5604317
0.096024,-4.4850593
0.096026,-4.9011416
0.096028,-4.716216
0.09603,-3.976514
0.096032,-2.728267
0.096034,-1.1101689
0.096036,0.64662313
0.096038,2.2647214
0.09604,3.6516623
0.096042,4.5762897
0.096044,4.8999095
0.096046,4.668752
0.096048,3.8828197
0.09605,2.5883412
0.096052,1.0164738
0.096054,-0.7403178
0.096056,-2.3584158
0.096057996,-3.6991258
0.09606,-4.577522
0.096062,-4.9011416
0.096064,-4.623753
0.096066,-3.7915885
0.096068,-2.4971101
0.09607,-0.8790121
0.096072,0.87777996
0.096074,2.4958777
0.096076,3.8365874
0.096078,4.668752
0.09608,4.8999095
0.096082,4.5762897
0.096084,3.6978936
0.096086,2.357184
0.096088,0.7390857
0.09609,-0.9714751
0.096092,-2.5433414
0.096094,-3.8840513
0.096096,-4.669985
0.096098,-4.9011416
0.0961,-4.5312905
0.096102,-3.6528945
0.096103996,-2.2659533
0.096106,-0.601624
0.096108,1.1089368
0.09611,2.727035
0.096112,3.9752812
0.096114,4.7149835
0.096116,4.8999095
0.096118,4.483826
0.09612,3.5591989
0.096122,2.126027
0.096124,0.50792885
0.096126,-1.202632
0.096128,-2.7744985
0.09613,-4.022745
0.096132,-4.7624474
0.096134,-4.9011416
0.096136,-4.4388275
0.096138,-3.467969
0.09614,-2.0347965
0.096142,-0.3704667
0.096144,1.3863249
0.096146,2.9119601
0.096148,4.113976
0.09615,4.807446
0.096152,4.8999095
0.096154,4.3913646
0.096156,3.3742738
0.096158,1.9411016
0.09616,0.27677202
0.096162,-1.4337888
0.096164,-2.9594238
0.096166,-4.1614394
0.096168,-4.8086786
0.09617,-4.85491
0.096172,-4.346365
0.096174,-3.2830436
0.096176,-1.8036394
0.096178,-0.13931036
0.09618,1.5712504
0.096181996,3.0968862
0.096184,4.252671
0.096186,4.8536773
0.096188,4.8536773
0.09619,4.298901
0.096192,3.1893477
0.096194,1.6637135
0.096196,-6.160736E-4
0.096198,-1.6649456
0.0962,-3.1905808
0.096202,-4.3001337
0.096204,-4.85491
0.096206,-4.8086786
0.096208,-4.2539024
0.09621,-3.098118
0.096212,-1.5724826
0.096214,0.13807821
0.096216,1.8024073
0.096218,3.2818112
0.09622,4.3913646
0.096222,4.8999095
0.096224,4.807446
0.096226,4.1602073
0.096227996,3.0044227
0.09623,1.4787879
0.096232,-0.2317729
0.096234,-1.8961024
0.096236,-3.3755062
0.096238,-4.4388275
0.09624,-4.9011416
0.096242,-4.7624474
0.096244,-4.115208
0.096246,-2.9131925
0.096248,-1.3413262
0.09625,0.36923456
0.096252,2.033564
0.096254,3.4667363
0.096256,4.437596
0.096258,4.8999095
0.09626,4.7612157
0.096262,4.0215135
0.096264,2.7732663
0.096266,1.2476311
0.096268,-0.5091615
0.09627,-2.1272593
0.096272,-3.5604317
0.096274,-4.4850593
0.096276,-4.9011416
0.096278,-4.716216
0.09628,-3.9302826
0.096282,-2.728267
0.096284,-1.1101689
0.096286,0.64662313
0.096288,2.2647214
0.09629,3.6516623
0.096292,4.5762897
0.096294,4.8999095
0.096296,4.668752
0.096298,3.8828197
0.0963,2.5883412
0.096302,1.0164738
0.096304,-0.7403178
0.096305996,-2.3584158
0.096308,-3.6991258
0.09631,-4.577522
0.096312,-4.9011416
0.096314,-4.623753
0.096316,-3.7915885
0.096318,-2.4971101
0.09632,-0.8790121
0.096322,0.87777996
0.096324,2.4958777
0.096326,3.8365874
0.096328,4.668752
0.09633,4.8999095
0.096332,4.5762897
0.096334,3.6978936
0.096336,2.357184
0.096338,0.7390857
0.09634,-0.9714751
0.096342,-2.5433414
0.096344,-3.8840513
0.096346,-4.669985
0.096348,-4.9011416
0.09635,-4.5312905
0.096351996,-3.6528945
0.096354,-2.2659533
0.096356,-0.601624
0.096358,1.1089368
0.09636,2.727035
0.096362,3.9752812
0.096364,4.7149835
0.096366,4.8999095
0.096368,4.483826
0.09637,3.5591989
0.096372,2.126027
0.096374,0.50792885
0.096376,-1.202632
0.096378,-2.7744985
0.09638,-4.022745
0.096382,-4.7624474
0.096384,-4.9011416
0.096386,-4.4388275
0.096388,-3.467969
0.09639,-2.0347965
0.096392,-0.3704667
0.096394,1.3863249
0.096396,2.9119601
0.096398,4.113976
0.0964,4.807446
0.096402,4.8999095
0.096404,4.3913646
0.096406,3.3742738
0.096408,1.8948698
0.09641,0.27677202
0.096412,-1.4337888
0.096414,-2.9594238
0.096416,-4.1614394
0.096418,-4.8086786
0.09642,-4.85491
0.096422,-4.346365
0.096424,-3.2830436
0.096426,-1.8036394
0.096428,-0.13931036
0.096429996,1.5712504
0.096432,3.0968862
0.096434,4.252671
0.096436,4.8536773
0.096438,4.8536773
0.09644,4.298901
0.096442,3.1893477
0.096444,1.6637135
0.096446,-6.160736E-4
0.096448,-1.6649456
0.09645,-3.1905808
0.096452,-4.3001337
0.096454,-4.85491
0.096456,-4.8086786
0.096458,-4.2076707
0.09646,-3.098118
0.096462,-1.5724826
0.096464,0.13807821
0.096466,1.8024073
0.096468,3.3280425
0.09647,4.3913646
0.096472,4.8999095
0.096474,4.807446
0.096475996,4.1602073
0.096478,3.0044227
0.09648,1.4787879
0.096482,-0.2317729
0.096484,-1.8961024
0.096486,-3.3755062
0.096488,-4.4388275
0.09649,-4.9011416
0.096492,-4.7624474
0.096494,-4.115208
0.096496,-2.9131925
0.096498,-1.3413262
0.0965,0.36923456
0.096502,2.033564
0.096504,3.5129685
0.096506,4.437596
0.096508,4.8999095
0.09651,4.7612157
0.096512,4.0215135
0.096514,2.7732663
0.096516,1.2476311
0.096518,-0.5091615
0.09652,-2.1272593
0.096522,-3.5604317
0.096524,-4.4850593
0.096526,-4.9011416
0.096528,-4.716216
0.09653,-3.976514
0.096532,-2.728267
0.096534,-1.1101689
0.096536,0.64662313
0.096538,2.2647214
0.09654,3.6516623
0.096542,4.5762897
0.096544,4.8999095
0.096546,4.668752
0.096548,3.8828197
0.09655,2.5883412
0.096552,0.970243
0.096553996,-0.7403178
0.096556,-2.3584158
0.096558,-3.6991258
0.09656,-4.577522
0.096562,-4.9011416
0.096564,-4.623753
0.096566,-3.7915885
0.096568,-2.4971101
0.09657,-0.8790121
0.096572,0.87777996
0.096574,2.4958777
0.096576,3.8365874
0.096578,4.668752
0.09658,4.8999095
0.096582,4.5762897
0.096584,3.6978936
0.096586,2.357184
0.096588,0.7390857
0.09659,-0.9714751
0.096592,-2.5433414
0.096594,-3.8840513
0.096596,-4.669985
0.096598,-4.9011416
0.096599996,-4.5312905
0.096602,-3.6528945
0.096604,-2.2659533
0.096606,-0.601624
0.096608,1.1089368
0.09661,2.727035
0.096612,3.9752812
0.096614,4.7149835
0.096616,4.8999095
0.096618,4.483826
0.09662,3.5591989
0.096622,2.126027
0.096624,0.50792885
0.096626,-1.202632
0.096628,-2.7744985
0.09663,-4.022745
0.096632,-4.7624474
0.096634,-4.9011416
0.096636,-4.4388275
0.096638,-3.467969
0.09664,-2.0347965
0.096642,-0.3704667
0.096644,1.3863249
0.096646,2.9119601
0.096648,4.113976
0.09665,4.807446
0.096652,4.8999095
0.096654,4.3913646
0.096656,3.3742738
0.096658,1.8948698
0.09666,0.27677202
0.096662,-1.4337888
0.096664,-2.9594238
0.096666,-4.1614394
0.096668,-4.8086786
0.09667,-4.85491
0.096672,-4.346365
0.096674,-3.2830436
0.096676,-1.8036394
0.096677996,-0.13931036
0.09668,1.5712504
0.096682,3.0968862
0.096684,4.252671
0.096686,4.8536773
0.096688,4.8536773
0.09669,4.298901
0.096692,3.1893477
0.096694,1.6637135
0.096696,-6.160736E-4
0.096698,-1.6649456
0.0967,-3.1905808
0.096702,-4.3001337
0.096704,-4.85491
0.096706,-4.8086786
0.096708,-4.2076707
0.09671,-3.098118
0.096712,-1.5724826
0.096714,0.13807821
0.096716,1.8024073
0.096718,3.3280425
0.09672,4.3913646
0.096722,4.8999095
0.096723996,4.807446
0.096726,4.1602073
0.096728,3.0044227
0.09673,1.4787879
0.096732,-0.2317729
0.096734,-1.8961024
0.096736,-3.3755062
0.096738,-4.4388275
0.09674,-4.9011416
0.096742,-4.7624474
0.096744,-4.115208
0.096746,-2.9131925
0.096748,-1.3413262
0.09675,0.045615196
0.096752,0.50792885
0.096754,0.87777996
0.096756,1.2476311
0.096758,1.5712504
0.09676,1.9411016
0.096762,2.2647214
0.096764,2.6345725
0.096766,2.9119601
0.096768,3.23558
0.09677,3.5129685
0.096772,3.7903562
0.096774,4.0215135
0.096776,4.252671
0.096778,4.437596
0.09678,4.5762897
0.096782,4.7149835
0.096784,4.8536773
0.096786,4.946141
0.096788,4.992371
0.09679,5.0386033
0.096792,5.0386033
0.096794,4.992371
0.096796,4.946141
0.096798,4.8999095
0.0968,4.7612157
0.096801996,4.622521
0.096804,4.483826
0.096806,4.298901
0.096808,4.113976
0.09681,3.8828197
0.096812,3.605431
0.096814,3.3280425
0.096816,3.0044227
0.096818,2.727035
0.09682,2.357184
0.096822,2.033564
0.096824,1.6637135
0.096826,1.3400936
0.096828,0.970243
0.09683,0.60039186
0.096832,0.23054075
0.096834,-0.18554163
0.096836,-0.55539227
0.096838,-0.9252434
0.09684,-1.2950945
0.096842,-1.6649456
0.096844,-1.9885652
0.096846,-2.3584158
0.096847996,-2.6820357
0.09685,-3.0056553
0.096852,-3.2830436
0.096854,-3.5604317
0.096856,-3.8378198
0.096858,-4.068977
0.09686,-4.3001337
0.096862,-4.4388275
0.096864,-4.623753
0.096866,-4.7624474
0.096868,-4.85491
0.09687,-4.947373
0.096872,-4.993604
0.096874,-5.0398355
0.096876,-4.993604
0.096878,-4.993604
0.09688,-4.9011416
0.096882,-4.8086786
0.096884,-4.716216
0.096886,-4.577522
0.096888,-4.4388275
0.09689,-4.2539024
0.096892,-4.022745
0.096894,-3.745357
0.096896,-3.5142004
0.096898,-3.236812
0.0969,-2.9131925
0.096902,-2.589573
0.096904,-2.2659533
0.096906,-1.8961024
0.096908,-1.5262513
0.09691,-1.202632
0.096912,-0.83278084
0.096914,-0.46292973
0.096916,-0.046847343
0.096918,0.3230033
0.09692,0.6928544
0.096922,1.0627055
0.096924,1.4325566
0.096925996,1.8024073
0.096928,2.126027
0.09693,2.4958777
0.096932,2.8194976
0.096934,3.0968862
0.096936,3.420505
0.096938,3.6978936
0.09694,3.92905
0.096942,4.1602073
0.096944,4.3451324
0.096946,4.5300584
0.096948,4.668752
0.09695,4.807446
0.096952,4.8999095
0.096954,4.992371
0.096956,5.0386033
0.096958,5.0386033
0.09696,5.0386033
0.096962,4.992371
0.096964,4.8999095
0.096966,4.807446
0.096968,4.668752
0.09697,4.5300584
0.096971996,4.3913646
0.096974,4.1602073
0.096976,3.92905
0.096978,3.6978936
0.09698,3.420505
0.096982,3.1431174
0.096984,2.8194976
0.096986,2.4958777
0.096988,2.172258
0.09699,1.8024073
0.096992,1.4787879
0.096994,1.1089368
0.096996,0.7390857
0.096998,0.3230033
0.097,-0.046847343
0.097002,-0.41669846
0.097004,-0.83278084
0.097006,-1.202632
0.097008,-1.5262513
0.09701,-1.8961024
0.097012,-2.2197218
0.097014,-2.589573
0.097016,-2.9131925
0.097018,-3.1905808
0.09702,-3.467969
0.097022,-3.745357
0.097024,-3.976514
0.097026,-4.2076707
0.097028,-4.4388275
0.09703,-4.577522
0.097032,-4.716216
0.097034,-4.8086786
0.097036,-4.9011416
0.097038,-4.993604
0.09704,-4.993604
0.097042,-5.0398355
0.097044,-4.993604
0.097046,-4.947373
0.097048,-4.85491
0.097049996,-4.7624474
0.097052,-4.623753
0.097054,-4.4388275
0.097056,-4.3001337
0.097058,-4.068977
0.09706,-3.8378198
0.097062,-3.6066632
0.097064,-3.329275
0.097066,-3.0056553
0.097068,-2.6820357
0.09707,-2.3584158
0.097072,-2.0347965
0.097074,-1.6649456
0.097076,-1.3413262
0.097078,-0.9714751
0.09708,-0.55539227
0.097082,-0.18554163
0.097084,0.184309
0.097086,0.5541601
0.097088,0.970243
0.09709,1.3400936
0.097092,1.6637135
0.097094,2.033564
0.097095996,2.357184
0.097098,2.6808028
0.0971,3.0044227
0.097102,3.3280425
0.097104,3.605431
0.097106,3.8365874
0.097108,4.0677447
0.09711,4.298901
0.097112,4.437596
0.097114,4.622521
0.097116,4.7612157
0.097118,4.8536773
0.09712,4.946141
0.097122,4.992371
0.097124,5.0386033
0.097126,5.0386033
0.097128,4.992371
0.09713,4.946141
0.097132,4.8536773
0.097134,4.7149835
0.097136,4.5762897
0.097138,4.437596
0.09714,4.252671
0.097142,4.0215135
0.097144,3.7903562
0.097146,3.5129685
0.097148,3.23558
0.09715,2.9119601
0.097152,2.5883412
0.097154,2.2647214
0.097156,1.8948698
0.097158,1.5712504
0.09716,1.2013993
0.097162,0.8315482
0.097164,0.46169758
0.097166,0.091846466
0.097168,-0.32423592
0.09717,-0.694087
0.097172,-1.0639377
0.097173996,-1.4337888
0.097176,-1.7574081
0.097178,-2.1272593
0.09718,-2.4508786
0.097182,-2.7744985
0.097184,-3.098118
0.097186,-3.3755062
0.097188,-3.6528945
0.09719,-3.9302826
0.097192,-4.1614394
0.097194,-4.346365
0.097196,-4.4850593
0.097198,-4.669985
0.0972,-4.8086786
0.097202,-4.9011416
0.097204,-4.947373
0.097206,-4.993604
0.097208,-5.0398355
0.09721,-4.993604
0.097212,-4.947373
0.097214,-4.9011416
0.097216,-4.8086786
0.097218,-4.669985
0.097219996,-4.5312905
0.097222,-4.346365
0.097224,-4.1614394
0.097226,-3.9302826
0.097228,-3.6991258
0.09723,-3.4217377
0.097232,-3.098118
0.097234,-2.8207297
0.097236,-2.4971101
0.097238,-2.1272593
0.09724,-1.8036394
0.097242,-1.4337888
0.097244,-1.0639377
0.097246,-0.694087
0.097248,-0.32423592
0.09725,0.045615196
0.097252,0.46169758
0.097254,0.8315482
0.097256,1.2013993
0.097258,1.5250192
0.09726,1.8948698
0.097262,2.2647214
0.097264,2.5883412
0.097265996,2.9119601
0.097268,3.23558
0.09727,3.5129685
0.097272,3.744125
0.097274,4.0215135
0.097276,4.252671
0.097278,4.437596
0.09728,4.5762897
0.097282,4.7149835
0.097284,4.8536773
0.097286,4.946141
0.097288,4.992371
0.09729,5.0386033
0.097292,5.0386033
0.097294,4.992371
0.097296,4.946141
0.097298,4.8536773
0.0973,4.7612157
0.097302,4.622521
0.097304,4.483826
0.097306,4.298901
0.097308,4.113976
0.09731,3.8365874
0.097312,3.605431
0.097314,3.3280425
0.097316,3.0044227
0.097318,2.727035
0.09732,2.357184
0.097322,2.033564
0.097324,1.6637135
0.097326,1.3400936
0.097328,0.970243
0.09733,0.60039186
0.097332,0.23054075
0.097334,-0.18554163
0.097336,-0.55539227
0.097338,-0.9252434
0.09734,-1.2950945
0.097342,-1.6649456
0.097343996,-1.9885652
0.097346,-2.3584158
0.097348,-2.6820357
0.09735,-3.0056553
0.097352,-3.2830436
0.097354,-3.5604317
0.097356,-3.8378198
0.097358,-4.068977
0.09736,-4.3001337
0.097362,-4.4388275
0.097364,-4.623753
0.097366,-4.7624474
0.097368,-4.85491
0.09737,-4.947373
0.097372,-4.993604
0.097374,-5.0398355
0.097376,-4.993604
0.097378,-4.993604
0.09738,-4.9011416
0.097382,-4.8086786
0.097384,-4.716216
0.097386,-4.577522
0.097388,-4.4388275
0.097389996,-4.2539024
0.097392,-4.022745
0.097394,-3.745357
0.097396,-3.5142004
0.097398,-3.236812
0.0974,-2.9131925
0.097402,-2.589573
0.097404,-2.2659533
0.097406,-1.8961024
0.097408,-1.5262513
0.09741,-1.202632
0.097412,-0.83278084
0.097414,-0.46292973
0.097416,-0.046847343
0.097418,0.3230033
0.09742,0.6928544
0.097422,1.0627055
0.097424,1.4325566
0.097426,1.8024073
0.097428,2.126027
0.09743,2.4958777
0.097432,2.8194976
0.097434,3.0968862
0.097436,3.420505
0.097438,3.6978936
0.09744,3.92905
0.097442,4.1602073
0.097444,4.3451324
0.097446,4.5300584
0.097448,4.668752
0.09745,4.807446
0.097452,4.8999095
0.097454,4.992371
0.097456,5.0386033
0.097458,5.0386033
0.09746,5.0386033
0.097462,4.992371
0.097464,4.8999095
0.097466,4.807446
0.097467996,4.668752
0.09747,4.5300584
0.097472,4.3913646
0.097474,4.1602073
0.097476,3.92905
0.097478,3.6978936
0.09748,3.420505
0.097482,3.1431174
0.097484,2.8194976
0.097486,2.4958777
0.097488,2.126027
0.09749,1.8024073
0.097492,1.4787879
0.097494,1.1089368
0.097496,0.6928544
0.097498,0.3230033
0.0975,-0.046847343
0.097502,-0.41669846
0.097504,-0.83278084
0.097506,-1.202632
0.097508,-1.5262513
0.09751,-1.8961024
0.097512,-2.2197218
0.097513996,-2.589573
0.097516,-2.9131925
0.097518,-3.1905808
0.09752,-3.467969
0.097522,-3.745357
0.097524,-3.976514
0.097526,-4.2076707
0.097528,-4.4388275
0.09753,-4.577522
0.097532,-4.716216
0.097534,-4.8086786
0.097536,-4.9011416
0.097538,-4.993604
0.09754,-4.993604
0.097542,-5.0398355
0.097544,-4.993604
0.097546,-4.947373
0.097548,-4.85491
0.09755,-4.7624474
0.097552,-4.623753
0.097554,-4.4388275
0.097556,-4.3001337
0.097558,-4.068977
0.09756,-3.8378198
0.097562,-3.6066632
0.097564,-3.329275
0.097566,-3.0056553
0.097568,-2.6820357
0.09757,-2.3584158
0.097572,-2.0347965
0.097574,-1.6649456
0.097576,-1.3413262
0.097578,-0.9714751
0.09758,-0.55539227
0.097582,-0.18554163
0.097584,0.184309
0.097586,0.5541601
0.097588,0.970243
0.09759,1.3400936
0.097591996,1.6637135
0.097594,2.033564
0.097596,2.357184
0.097598,2.6808028
0.0976,3.0044227
0.097602,3.3280425
0.097604,3.605431
0.097606,3.8365874
0.097608,4.0677447
0.09761,4.298901
0.097612,4.437596
0.097614,4.622521
0.097616,4.7612157
0.097618,4.8536773
0.09762,4.946141
0.097622,4.992371
0.097624,5.0386033
0.097626,5.0386033
0.097628,4.992371
0.09763,4.946141
0.097632,4.8536773
0.097634,4.7149835
0.097636,4.5762897
0.097637996,4.437596
0.09764,4.252671
0.097642,4.0215135
0.097644,3.7903562
0.097646,3.5129685
0.097648,3.23558
0.09765,2.9119601
0.097652,2.5883412
0.097654,2.2647214
0.097656,1.8948698
0.097658,1.5712504
0.09766,1.2013993
0.097662,0.8315482
0.097664,0.46169758
0.097666,0.091846466
0.097668,-0.32423592
0.09767,-0.694087
0.097672,-1.0639377
0.097674,-1.4337888
0.097676,-1.7574081
0.097678,-2.1272593
0.09768,-2.4508786
0.097682,-2.7744985
0.097684,-3.098118
0.097686,-3.3755062
0.097688,-3.6528945
0.09769,-3.9302826
0.097692,-4.1614394
0.097694,-4.346365
0.097696,-4.5312905
0.097698,-4.669985
0.0977,-4.8086786
0.097702,-4.9011416
0.097704,-4.947373
0.097706,-4.993604
0.097708,-5.0398355
0.09771,-4.993604
0.097712,-4.947373
0.097714,-4.9011416
0.097715996,-4.8086786
0.097718,-4.669985
0.09772,-4.5312905
0.097722,-4.346365
0.097724,-4.1614394
0.097726,-3.9302826
0.097728,-3.6991258
0.09773,-3.4217377
0.097732,-3.098118
0.097734,-2.8207297
0.097736,-2.4971101
0.097738,-2.1272593
0.09774,-1.8036394
0.097742,-1.4337888
0.097744,-1.0639377
0.097746,-0.694087
0.097748,-0.32423592
0.09775,0.4154663
0.097752,2.033564
0.097754,3.4667363
0.097756,4.437596
0.097758,4.8536773
0.09776,4.7149835
0.097761996,3.9752812
0.097764,2.7732663
0.097766,1.2013993
0.097768,-0.5091615
0.09777,-2.1272593
0.097772,-3.5604317
0.097774,-4.5312905
0.097776,-4.9011416
0.097778,-4.716216
0.09778,-3.976514
0.097782,-2.728267
0.097784,-1.1101689
0.097786,0.64662313
0.097788,2.2647214
0.09779,3.6516623
0.097792,4.5762897
0.097794,4.8999095
0.097796,4.668752
0.097798,3.8828197
0.0978,2.542109
0.097802,0.970243
0.097804,-0.7403178
0.097806,-2.3584158
0.097808,-3.745357
0.09781,-4.577522
0.097812,-4.9011416
0.097814,-4.623753
0.097816,-3.7915885
0.097818,-2.4971101
0.09782,-0.8790121
0.097822,0.87777996
0.097824,2.4958777
0.097826,3.8365874
0.097828,4.668752
0.09783,4.8999095
0.097832,4.5762897
0.097834,3.6978936
0.097836,2.357184
0.097838,0.7390857
0.097839996,-0.9714751
0.097842,-2.5433414
0.097844,-3.8840513
0.097846,-4.669985
0.097848,-4.9011416
0.09785,-4.5312905
0.097852,-3.6528945
0.097854,-2.2659533
0.097856,-0.601624
0.097858,1.1551685
0.09786,2.727035
0.097862,3.9752812
0.097864,4.7149835
0.097866,4.8999095
0.097868,4.483826
0.09787,3.5591989
0.097872,2.126027
0.097874,0.50792885
0.097876,-1.202632
0.097878,-2.7744985
0.09788,-4.022745
0.097882,-4.7624474
0.097884,-4.9011416
0.097885996,-4.4388275
0.097888,-3.467969
0.09789,-2.0347965
0.097892,-0.3704667
0.097894,1.3863249
0.097896,2.9119601
0.097898,4.113976
0.0979,4.807446
0.097902,4.8999095
0.097904,4.3913646
0.097906,3.3742738
0.097908,1.8948698
0.09791,0.23054075
0.097912,-1.48002
0.097914,-2.9594238
0.097916,-4.1614394
0.097918,-4.8086786
0.09792,-4.85491
0.097922,-4.346365
0.097924,-3.2830436
0.097926,-1.8036394
0.097928,-0.09307861
0.09793,1.5712504
0.097932,3.1431174
0.097934,4.252671
0.097936,4.8536773
0.097938,4.8536773
0.09794,4.298901
0.097942,3.1893477
0.097944,1.6637135
0.097946,-6.160736E-4
0.097948,-1.6649456
0.09795,-3.1905808
0.097952,-4.3001337
0.097954,-4.85491
0.097956,-4.8086786
0.097958,-4.2076707
0.09796,-3.098118
0.097962,-1.5724826
0.097963996,0.13807821
0.097966,1.8486385
0.097968,3.3280425
0.09797,4.3913646
0.097972,4.8999095
0.097974,4.807446
0.097976,4.1602073
0.097978,2.9581914
0.09798,1.4787879
0.097982,-0.2317729
0.097984,-1.8961024
0.097986,-3.3755062
0.097988,-4.4388275
0.09799,-4.9011416
0.097992,-4.7624474
0.097994,-4.115208
0.097996,-2.9131925
0.097998,-1.3413262
0.098,0.4154663
0.098002,2.0797954
0.098004,3.5129685
0.098006,4.483826
0.098008,4.8999095
0.098009996,4.7612157
0.098012,4.0215135
0.098014,2.7732663
0.098016,1.2476311
0.098018,-0.5091615
0.09802,-2.1272593
0.098022,-3.5604317
0.098024,-4.4850593
0.098026,-4.9011416
0.098028,-4.716216
0.09803,-3.9302826
0.098032,-2.6820357
0.098034,-1.1101689
0.098036,0.64662313
0.098038,2.2647214
0.09804,3.6516623
0.098042,4.5762897
0.098044,4.8999095
0.098046,4.668752
0.098048,3.8828197
0.09805,2.5883412
0.098052,0.970243
0.098054,-0.7403178
0.098056,-2.3584158
0.098058,-3.745357
0.09806,-4.577522
0.098062,-4.9011416
0.098064,-4.623753
0.098066,-3.7915885
0.098068,-2.4971101
0.09807,-0.8790121
0.098072,0.87777996
0.098074,2.4958777
0.098076,3.8365874
0.098078,4.668752
0.09808,4.8999095
0.098082,4.5762897
0.098084,3.6978936
0.098086,2.357184
0.098087996,0.7390857
0.09809,-0.9714751
0.098092,-2.5433414
0.098094,-3.8840513
0.098096,-4.669985
0.098098,-4.9011416
0.0981,-4.5312905
0.098102,-3.6528945
0.098104,-2.2659533
0.098106,-0.601624
0.098108,1.1551685
0.09811,2.727035
0.098112,3.9752812
0.098114,4.7149835
0.098116,4.8999095
0.098118,4.483826
0.09812,3.5591989
0.098122,2.126027
0.098124,0.50792885
0.098126,-1.202632
0.098128,-2.7744985
0.09813,-4.022745
0.098132,-4.7624474
0.098133996,-4.9011416
0.098136,-4.4388275
0.098138,-3.467969
0.09814,-2.0347965
0.098142,-0.3704667
0.098144,1.3863249
0.098146,2.9119601
0.098148,4.113976
0.09815,4.807446
0.098152,4.8999095
0.098154,4.3913646
0.098156,3.3742738
0.098158,1.8948698
0.09816,0.23054075
0.098162,-1.48002
0.098164,-2.9594238
0.098166,-4.1614394
0.098168,-4.8086786
0.09817,-4.85491
0.098172,-4.346365
0.098174,-3.2830436
0.098176,-1.8036394
0.098178,-0.09307861
0.09818,1.6174817
0.098182,3.1431174
0.098184,4.252671
0.098186,4.8536773
0.098188,4.8536773
0.09819,4.298901
0.098192,3.1893477
0.098194,1.6637135
0.098196,-6.160736E-4
0.098198,-1.6649456
0.0982,-3.1905808
0.098202,-4.3001337
0.098204,-4.85491
0.098206,-4.8086786
0.098208,-4.2076707
0.09821,-3.098118
0.098211996,-1.5724826
0.098214,0.13807821
0.098216,1.8486385
0.098218,3.3280425
0.09822,4.3913646
0.098222,4.8999095
0.098224,4.807446
0.098226,4.1602073
0.098228,2.9581914
0.09823,1.4787879
0.098232,-0.2317729
0.098234,-1.8961024
0.098236,-3.3755062
0.098238,-4.4388275
0.09824,-4.9011416
0.098242,-4.7624474
0.098244,-4.115208
0.098246,-2.9131925
0.098248,-1.3413262
0.09825,0.4154663
0.098252,2.0797954
0.098254,3.5129685
0.098256,4.483826
0.098257996,4.8999095
0.09826,4.7612157
0.098262,4.0215135
0.098264,2.7732663
0.098266,1.2476311
0.098268,-0.5091615
0.09827,-2.1272593
0.098272,-3.5604317
0.098274,-4.4850593
0.098276,-4.9011416
0.098278,-4.716216
0.09828,-3.9302826
0.098282,-2.6820357
0.098284,-1.1101689
0.098286,0.64662313
0.098288,2.2647214
0.09829,3.6516623
0.098292,4.5762897
0.098294,4.8999095
0.098296,4.668752
0.098298,3.8828197
0.0983,2.5883412
0.098302,0.970243
0.098304,-0.7403178
0.098306,-2.3584158
0.098308,-3.745357
0.09831,-4.577522
0.098312,-4.9011416
0.098314,-4.623753
0.098316,-3.7915885
0.098318,-2.4971101
0.09832,-0.8790121
0.098322,0.87777996
0.098324,2.4958777
0.098326,3.8365874
0.098328,4.668752
0.09833,4.8999095
0.098332,4.5762897
0.098334,3.6978936
0.098335996,2.357184
0.098338,0.7390857
0.09834,-0.9714751
0.098342,-2.5433414
0.098344,-3.8840513
0.098346,-4.669985
0.098348,-4.9011416
0.09835,-4.5312905
0.098352,-3.6528945
0.098354,-2.2659533
0.098356,-0.601624
0.098358,1.1551685
0.09836,2.727035
0.098362,3.9752812
0.098364,4.7149835
0.098366,4.8999095
0.098368,4.483826
0.09837,3.5591989
0.098372,2.126027
0.098374,0.50792885
0.098376,-1.202632
0.098378,-2.7744985
0.09838,-4.022745
0.098381996,-4.7624474
0.098384,-4.9011416
0.098386,-4.4388275
0.098388,-3.467969
0.09839,-2.0347965
0.098392,-0.3704667
0.098394,1.3863249
0.098396,2.9119601
0.098398,4.113976
0.0984,4.807446
0.098402,4.8999095
0.098404,4.3913646
0.098406,3.3742738
0.098408,1.8948698
0.09841,0.23054075
0.098412,-1.48002
0.098414,-2.9594238
0.098416,-4.1614394
0.098418,-4.8086786
0.09842,-4.85491
0.098422,-4.346365
0.098424,-3.2830436
0.098426,-1.8036394
0.098427996,-0.09307861
0.09843,1.6174817
0.098432,3.1431174
0.098434,4.252671
0.098436,4.8536773
0.098438,4.8536773
0.09844,4.298901
0.098442,3.1893477
0.098444,1.6637135
0.098446,-6.160736E-4
0.098448,-1.6649456
0.09845,-3.1905808
0.098452,-4.3001337
0.098454,-4.85491
0.098456,-4.8086786
0.098458,-4.2076707
0.09846,-3.098118
0.098462,-1.5724826
0.098464,0.13807821
0.098466,1.8486385
0.098468,3.3280425
0.09847,4.3913646
0.098472,4.8999095
0.098474,4.807446
0.098476,4.1602073
0.098478,2.9581914
0.09848,1.4787879
0.098482,-0.2317729
0.098484,-1.8961024
0.098486,-3.3755062
0.098488,-4.4388275
0.09849,-4.9011416
0.098492,-4.7624474
0.098494,-4.115208
0.098496,-2.9131925
0.098498,-1.3413262
0.0985,0.4154663
0.098502,2.0797954
0.098504,3.5129685
0.098505996,4.483826
0.098508,4.8999095
0.09851,4.7612157
0.098512,4.0215135
0.098514,2.7732663
0.098516,1.2476311
0.098518,-0.5091615
0.09852,-2.1272593
0.098522,-3.5604317
0.098524,-4.4850593
0.098526,-4.9011416
0.098528,-4.716216
0.09853,-3.9302826
0.098532,-2.6820357
0.098534,-1.1101689
0.098536,0.64662313
0.098538,2.2647214
0.09854,3.6516623
0.098542,4.5762897
0.098544,4.8999095
0.098546,4.668752
0.098548,3.8828197
0.09855,2.5883412
0.098551996,0.970243
0.098554,-0.7403178
0.098556,-2.3584158
0.098558,-3.745357
0.09856,-4.577522
0.098562,-4.9011416
0.098564,-4.623753
0.098566,-3.7915885
0.098568,-2.4971101
0.09857,-0.8790121
0.098572,0.87777996
0.098574,2.4958777
0.098576,3.8365874
0.098578,4.668752
0.09858,4.8999095
0.098582,4.5762897
0.098584,3.6978936
0.098586,2.357184
0.098588,0.7390857
0.09859,-0.9714751
0.098592,-2.5433414
0.098594,-3.8840513
0.098596,-4.669985
0.098598,-4.9011416
0.0986,-4.5312905
0.098602,-3.6528945
0.098604,-2.2659533
0.098606,-0.601624
0.098608,1.1551685
0.09861,2.727035
0.098612,3.9752812
0.098614,4.7149835
0.098616,4.8999095
0.098618,4.483826
0.09862,3.5591989
0.098622,2.126027
0.098624,0.50792885
0.098626,-1.2488632
0.098628,-2.7744985
0.098629996,-4.022745
0.098632,-4.7624474
0.098634,-4.9011416
0.098636,-4.4388275
0.098638,-3.467969
0.09864,-2.0347965
0.098642,-0.3704667
0.098644,1.3863249
0.098646,2.9119601
0.098648,4.113976
0.09865,4.807446
0.098652,4.8999095
0.098654,4.3913646
0.098656,3.3742738
0.098658,1.8948698
0.09866,0.23054075
0.098662,-1.48002
0.098664,-2.9594238
0.098666,-4.1614394
0.098668,-4.8086786
0.09867,-4.85491
0.098672,-4.346365
0.098674,-3.2830436
0.098675996,-1.8036394
0.098678,-0.09307861
0.09868,1.6174817
0.098682,3.1431174
0.098684,4.252671
0.098686,4.8536773
0.098688,4.8536773
0.09869,4.298901
0.098692,3.1893477
0.098694,1.6637135
0.098696,-6.160736E-4
0.098698,-1.6649456
0.0987,-3.1905808
0.098702,-4.3001337
0.098704,-4.85491
0.098706,-4.8086786
0.098708,-4.2076707
0.09871,-3.098118
0.098712,-1.5724826
0.098714,0.13807821
0.098716,1.8486385
0.098718,3.3280425
0.09872,4.3913646
0.098722,4.8999095
0.098724,4.807446
0.098726,4.1602073
0.098728,2.9581914
0.09873,1.4787879
0.098732,-0.2317729
0.098734,-1.8961024
0.098736,-3.3755062
0.098738,-4.4388275
0.09874,-4.9011416
0.098742,-4.7624474
0.098744,-4.068977
0.098746,-2.9131925
0.098748,-1.3413262
0.09875,0.045615196
0.098752,0.50792885
0.098753996,0.87777996
0.098756,1.2476311
0.098758,1.5712504
0.09876,1.9411016
0.098762,2.2647214
0.098764,2.6345725
0.098766,2.9119601
0.098768,3.23558
0.09877,3.5129685
0.098772,3.7903562
0.098774,4.0215135
0.098776,4.252671
0.098778,4.437596
0.09878,4.5762897
0.098782,4.7149835
0.098784,4.8536773
0.098786,4.946141
0.098788,4.992371
0.09879,5.0386033
0.098792,5.0386033
0.098794,4.992371
0.098796,4.946141
0.098798,4.8999095
0.098799996,4.7612157
0.098802,4.622521
0.098804,4.483826
0.098806,4.298901
0.098808,4.113976
0.09881,3.8365874
0.098812,3.605431
0.098814,3.3280425
0.098816,3.0044227
0.098818,2.727035
0.09882,2.357184
0.098822,2.033564
0.098824,1.6637135
0.098826,1.3400936
0.098828,0.970243
0.09883,0.60039186
0.098832,0.184309
0.098834,-0.18554163
0.098836,-0.55539227
0.098838,-0.9252434
0.09884,-1.2950945
0.098842,-1.6649456
0.098844,-1.9885652
0.098846,-2.3584158
0.098848,-2.6820357
0.09885,-3.0056553
0.098852,-3.2830436
0.098854,-3.5604317
0.098856,-3.8378198
0.098858,-4.068977
0.09886,-4.3001337
0.098862,-4.4388275
0.098864,-4.623753
0.098866,-4.7624474
0.098868,-4.85491
0.09887,-4.947373
0.098872,-4.993604
0.098874,-5.0398355
0.098876,-4.993604
0.098877996,-4.993604
0.09888,-4.9011416
0.098882,-4.8086786
0.098884,-4.716216
0.098886,-4.577522
0.098888,-4.4388275
0.09889,-4.2076707
0.098892,-4.022745
0.098894,-3.745357
0.098896,-3.5142004
0.098898,-3.236812
0.0989,-2.9131925
0.098902,-2.589573
0.098904,-2.2659533
0.098906,-1.8961024
0.098908,-1.5262513
0.09891,-1.202632
0.098912,-0.83278084
0.098914,-0.46292973
0.098916,-0.046847343
0.098918,0.3230033
0.09892,0.6928544
0.098922,1.0627055
0.098923996,1.4325566
0.098926,1.8024073
0.098928,2.126027
0.09893,2.4958777
0.098932,2.8194976
0.098934,3.0968862
0.098936,3.420505
0.098938,3.6978936
0.09894,3.92905
0.098942,4.1602073
0.098944,4.3451324
0.098946,4.5300584
0.098948,4.668752
0.09895,4.807446
0.098952,4.8999095
0.098954,4.992371
0.098956,4.992371
0.098958,5.0386033
0.09896,5.0386033
0.098962,4.992371
0.098964,4.8999095
0.098966,4.807446
0.098968,4.668752
0.09897,4.5300584
0.098972,4.3913646
0.098974,4.1602073
0.098976,3.92905
0.098978,3.6978936
0.09898,3.420505
0.098982,3.0968862
0.098984,2.8194976
0.098986,2.4958777
0.098988,2.126027
0.09899,1.8024073
0.098992,1.4787879
0.098994,1.1089368
0.098996,0.6928544
0.098998,0.3230033
0.099,-0.046847343
0.099001996,-0.41669846
0.099004,-0.83278084
0.099006,-1.202632
0.099008,-1.5262513
0.09901,-1.8961024
0.099012,-2.2197218
0.099014,-2.589573
0.099016,-2.9131925
0.099018,-3.1905808
0.09902,-3.467969
0.099022,-3.745357
0.099024,-4.022745
0.099026,-4.2076707
0.099028,-4.4388275
0.09903,-4.577522
0.099032,-4.716216
0.099034,-4.8086786
0.099036,-4.9011416
0.099038,-4.993604
0.09904,-4.993604
0.099042,-5.0398355
0.099044,-4.993604
0.099046,-4.947373
0.099047996,-4.85491
0.09905,-4.7624474
0.099052,-4.623753
0.099054,-4.4388275
0.099056,-4.3001337
0.099058,-4.068977
0.09906,-3.8378198
0.099062,-3.6066632
0.099064,-3.329275
0.099066,-3.0056553
0.099068,-2.6820357
0.09907,-2.3584158
0.099072,-2.0347965
0.099074,-1.6649456
0.099076,-1.3413262
0.099078,-0.9714751
0.09908,-0.55539227
0.099082,-0.18554163
0.099084,0.184309
0.099086,0.60039186
0.099088,0.970243
0.09909,1.3400936
0.099092,1.6637135
0.099094,2.033564
0.099096,2.357184
0.099098,2.6808028
0.0991,3.0044227
0.099102,3.3280425
0.099104,3.605431
0.099106,3.8365874
0.099108,4.0677447
0.09911,4.298901
0.099112,4.437596
0.099114,4.622521
0.099116,4.7612157
0.099118,4.8536773
0.09912,4.946141
0.099122,4.992371
0.099124,5.0386033
0.099125996,5.0386033
0.099128,4.992371
0.09913,4.946141
0.099132,4.8536773
0.099134,4.7149835
0.099136,4.5762897
0.099138,4.437596
0.09914,4.252671
0.099142,4.0215135
0.099144,3.7903562
0.099146,3.5129685
0.099148,3.23558
0.09915,2.9119601
0.099152,2.5883412
0.099154,2.2647214
0.099156,1.8948698
0.099158,1.5712504
0.09916,1.2013993
0.099162,0.8315482
0.099164,0.46169758
0.099166,0.091846466
0.099168,-0.32423592
0.09917,-0.694087
0.099171996,-1.0639377
0.099174,-1.4337888
0.099176,-1.7574081
0.099178,-2.1272593
0.09918,-2.4508786
0.099182,-2.7744985
0.099184,-3.098118
0.099186,-3.3755062
0.099188,-3.6528945
0.09919,-3.9302826
0.099192,-4.1614394
0.099194,-4.346365
0.099196,-4.4850593
0.099198,-4.669985
0.0992,-4.8086786
0.099202,-4.9011416
0.099204,-4.947373
0.099206,-4.993604
0.099208,-5.0398355
0.09921,-4.993604
0.099212,-4.947373
0.099214,-4.9011416
0.099216,-4.8086786
0.099218,-4.669985
0.09922,-4.5312905
0.099222,-4.346365
0.099224,-4.1614394
0.099226,-3.9302826
0.099228,-3.6991258
0.09923,-3.4217377
0.099232,-3.098118
0.099234,-2.8207297
0.099236,-2.4971101
0.099238,-2.1272593
0.09924,-1.8036394
0.099242,-1.4337888
0.099244,-1.0639377
0.099246,-0.694087
0.099248,-0.32423592
0.099249996,0.045615196
0.099252,0.46169758
0.099254,0.8315482
0.099256,1.2013993
0.099258,1.5250192
0.09926,1.8948698
0.099262,2.2647214
0.099264,2.5883412
0.099266,2.9119601
0.099268,3.23558
0.09927,3.5129685
0.099272,3.744125
0.099274,4.0215135
0.099276,4.252671
0.099278,4.437596
0.09928,4.5762897
0.099282,4.7149835
0.099284,4.8536773
0.099286,4.946141
0.099288,4.992371
0.09929,5.0386033
0.099292,5.0386033
0.099294,4.992371
0.099295996,4.946141
0.099298,4.8536773
0.0993,4.7612157
0.099302,4.622521
0.099304,4.483826
0.099306,4.298901
0.099308,4.113976
0.09931,3.8365874
0.099312,3.605431
0.099314,3.3280425
0.099316,3.0044227
0.099318,2.6808028
0.09932,2.357184
0.099322,2.033564
0.099324,1.6637135
0.099326,1.3400936
0.099328,0.970243
0.09933,0.60039186
0.099332,0.184309
0.099334,-0.18554163
0.099336,-0.55539227
0.099338,-0.9252434
0.09934,-1.2950945
0.099342,-1.6649456
0.099344,-1.9885652
0.099346,-2.3584158
0.099348,-2.6820357
0.09935,-3.0056553
0.099352,-3.2830436
0.099354,-3.5604317
0.099356,-3.8378198
0.099358,-4.068977
0.09936,-4.3001337
0.099362,-4.4388275
0.099364,-4.623753
0.099366,-4.7624474
0.099368,-4.85491
0.09937,-4.947373
0.099372,-4.993604
0.099373996,-5.0398355
0.099376,-4.993604
0.099378,-4.993604
0.09938,-4.9011416
0.099382,-4.8086786
0.099384,-4.716216
0.099386,-4.577522
0.099388,-4.4388275
0.09939,-4.2076707
0.099392,-4.022745
0.099394,-3.745357
0.099396,-3.5142004
0.099398,-3.236812
0.0994,-2.9131925
0.099402,-2.589573
0.099404,-2.2659533
0.099406,-1.8961024
0.099408,-1.5262513
0.09941,-1.202632
0.099412,-0.83278084
0.099414,-0.46292973
0.099416,-0.046847343
0.099418,0.3230033
0.099419996,0.6928544
0.099422,1.0627055
0.099424,1.4325566
0.099426,1.8024073
0.099428,2.126027
0.09943,2.4958777
0.099432,2.8194976
0.099434,3.0968862
0.099436,3.420505
0.099438,3.6978936
0.09944,3.92905
0.099442,4.1602073
0.099444,4.3451324
0.099446,4.5300584
0.099448,4.668752
0.09945,4.807446
0.099452,4.8999095
0.099454,4.992371
0.099456,5.0386033
0.099458,5.0386033
0.09946,5.0386033
0.099462,4.992371
0.099464,4.8999095
0.099465996,4.807446
0.099468,4.668752
0.09947,4.5300584
0.099472,4.3913646
0.099474,4.1602073
0.099476,3.92905
0.099478,3.6978936
0.09948,3.420505
0.099482,3.1431174
0.099484,2.8194976
0.099486,2.4958777
0.099488,2.126027
0.09949,1.8024073
0.099492,1.4787879
0.099494,1.1089368
0.099496,0.6928544
0.099497996,0.3230033
0.0995,-0.046847343
0.099502,-0.41669846
0.099504,-0.83278084
0.099506,-1.202632
0.099508,-1.5262513
0.09951,-1.8961024
0.099512,-2.2197218
0.099514,-2.589573
0.099516,-2.9131925
0.099518,-3.1905808
0.09952,-3.467969
0.099522,-3.745357
0.099524,-3.976514
0.099526,-4.2076707
0.099528,-4.4388275
0.09953,-4.577522
0.099532,-4.716216
0.099534,-4.8086786
0.099536,-4.9011416
0.099538,-4.993604
0.09954,-4.993604
0.099542,-5.0398355
0.099543996,-4.993604
0.099546,-4.947373
0.099548,-4.85491
0.09955,-4.7624474
0.099552,-4.623753
0.099554,-4.4388275
0.099556,-4.3001337
0.099558,-4.068977
0.09956,-3.8378198
0.099562,-3.6066632
0.099564,-3.329275
0.099566,-3.0056553
0.099568,-2.6820357
0.09957,-2.3584158
0.099572,-2.0347965
0.099574,-1.6649456
0.099576,-1.3413262
0.099578,-0.9714751
0.09958,-0.55539227
0.099582,-0.18554163
0.099584,0.184309
0.099586,0.60039186
0.099588,0.970243
0.099589996,1.3400936
0.099592,1.6637135
0.099594,2.033564
0.099596,2.357184
0.099598,2.6808028
0.0996,3.0044227
0.099602,3.3280425
0.099604,3.605431
0.099606,3.8365874
0.099608,4.0677447
0.09961,4.298901
0.099612,4.437596
0.099614,4.622521
0.099616,4.7612157
0.099618,4.8536773
0.09962,4.946141
0.099622,4.992371
0.099624,5.0386033
0.099626,5.0386033
0.099628,4.992371
0.09963,4.946141
0.099632,4.8536773
0.099634,4.7149835
0.099636,4.5762897
0.099638,4.437596
0.09964,4.252671
0.099642,4.0215135
0.099644,3.7903562
0.099646,3.5129685
0.099648,3.23558
0.09965,2.9119601
0.099652,2.5883412
0.099654,2.2647214
0.099656,1.8948698
0.099658,1.5712504
0.09966,1.2013993
0.099662,0.8315482
0.099664,0.46169758
0.099666,0.091846466
0.099667996,-0.32423592
0.09967,-0.694087
0.099672,-1.0639377
0.099674,-1.4337888
0.099676,-1.7574081
0.099678,-2.1272593
0.09968,-2.4508786
0.099682,-2.7744985
0.099684,-3.098118
0.099686,-3.3755062
0.099688,-3.6528945
0.09969,-3.9302826
0.099692,-4.1614394
0.099694,-4.346365
0.099696,-4.4850593
0.099698,-4.669985
0.0997,-4.8086786
0.099702,-4.9011416
0.099704,-4.947373
0.099706,-4.993604
0.099708,-5.0398355
0.09971,-4.993604
0.099712,-4.947373
0.099713996,-4.9011416
0.099716,-4.8086786
0.099718,-4.669985
0.09972,-4.5312905
0.099722,-4.346365
0.099724,-4.1614394
0.099726,-3.9302826
0.099728,-3.6991258
0.09973,-3.4217377
0.099732,-3.098118
0.099734,-2.8207297
0.099736,-2.4971101
0.099738,-2.1272593
0.09974,-1.8036394
0.099742,-1.4337888
0.099744,-1.0639377
0.099746,-0.694087
0.099748,-0.32423592
0.09975,0.4154663
0.099752,2.033564
0.099754,3.4667363
0.099756,4.437596
0.099758,4.8536773
0.09976,4.7149835
0.099762,3.9752812
0.099764,2.727035
0.099766,1.2013993
0.099768,-0.5091615
0.09977,-2.1272593
0.099772,-3.5604317
0.099774,-4.5312905
0.099776,-4.9011416
0.099778,-4.716216
0.09978,-3.976514
0.099782,-2.728267
0.099784,-1.1101689
0.099786,0.64662313
0.099788,2.2647214
0.09979,3.6516623
0.099791996,4.5762897
0.099794,4.8999095
0.099796,4.668752
0.099798,3.8365874
0.0998,2.542109
0.099802,0.970243
0.099804,-0.7403178
0.099806,-2.3584158
0.099808,-3.745357
0.09981,-4.623753
0.099812,-4.9011416
0.099814,-4.623753
0.099816,-3.7915885
0.099818,-2.4971101
0.09982,-0.8790121
0.099822,0.87777996
0.099824,2.4958777
0.099826,3.8365874
0.099828,4.668752
0.09983,4.8999095
0.099832,4.5762897
0.099834,3.6978936
0.099836,2.357184
0.099837996,0.7390857
0.09984,-0.9714751
0.099842,-2.589573
0.099844,-3.8840513
0.099846,-4.669985
0.099848,-4.9011416
0.09985,-4.5312905
0.099852,-3.6528945
0.099854,-2.2659533
0.099856,-0.601624
0.099858,1.1551685
0.09986,2.727035
0.099862,3.9752812
0.099864,4.7149835
0.099866,4.8999095
0.099868,4.483826
0.09987,3.5129685
0.099872,2.126027
0.099874,0.50792885
0.099876,-1.2488632
0.099878,-2.7744985
0.09988,-4.022745
0.099882,-4.7624474
0.099884,-4.9011416
0.099886,-4.4388275
0.099888,-3.467969
0.09989,-2.0347965
0.099892,-0.3704667
0.099894,1.3863249
0.099896,2.9119601
0.099898,4.113976
0.0999,4.807446
0.099902,4.8999095
0.099904,4.3913646
0.099906,3.3742738
0.099908,1.8948698
0.09991,0.23054075
0.099912,-1.48002
0.099914,-3.0056553
0.099915996,-4.1614394
0.099918,-4.8086786
0.09992,-4.85491
0.099922,-4.346365
0.099924,-3.2830436
0.099926,-1.8036394
0.099928,-0.09307861
0.09993,1.6174817
0.099932,3.1431174
0.099934,4.252671
0.099936,4.8536773
0.099938,4.8536773
0.09994,4.298901
0.099942,3.1893477
0.099944,1.6637135
0.099946,-6.160736E-4
0.099948,-1.6649456
0.09995,-3.1905808
0.099952,-4.3001337
0.099954,-4.85491
0.099956,-4.8086786
0.099958,-4.2076707
0.09996,-3.098118
0.099961996,-1.5724826
0.099964,0.13807821
0.099966,1.8486385
0.099968,3.3280425
0.09997,4.3913646
0.099972,4.8999095
0.099974,4.807446
0.099976,4.1602073
0.099978,2.9581914
0.09998,1.4787879
0.099982,-0.27800417
0.099984,-1.8961024
0.099986,-3.3755062
0.099988,-4.4388275
0.09999,-4.9011416
0.099992,-4.7624474
0.099994,-4.068977
0.099996,-2.9131925
0.099998,-1.3413262
0.1,0.4154663
0.100002,2.0797954
0.100004,3.5129685
0.100006,4.483826
0.100008,4.8999095
0.10001,4.7149835
0.100012,4.0215135
0.100014,2.7732663
0.100016,1.2013993
0.100018,-0.5091615
0.10002,-2.1272593
0.100022,-3.5604317
0.100024,-4.4850593
0.100026,-4.9011416
0.100028,-4.716216
0.10003,-3.9302826
0.100032,-2.6820357
0.100034,-1.1101689
0.100036,0.64662313
0.100038,2.3109517
0.100039996,3.6516623
0.100042,4.5762897
0.100044,4.8999095
0.100046,4.668752
0.100048,3.8828197
0.10005,2.542109
0.100052,0.970243
0.100054,-0.7403178
0.100056,-2.3584158
0.100058,-3.745357
0.10006,-4.577522
0.100062,-4.9011416
0.100064,-4.623753
0.100066,-3.7915885
0.100068,-2.4971101
0.10007,-0.83278084
0.100072,0.87777996
0.100074,2.4958777
0.100076,3.8365874
0.100078,4.668752
0.10008,4.946141
0.100082,4.5762897
0.100084,3.6978936
0.100085996,2.357184
0.100088,0.7390857
0.10009,-0.9714751
0.100092,-2.589573
0.100094,-3.8840513
0.100096,-4.669985
0.100098,-4.9011416
0.1001,-4.5312905
0.100102,-3.6528945
0.100104,-2.2659533
0.100106,-0.601624
0.100108,1.1551685
0.10011,2.727035
0.100112,3.9752812
0.100114,4.7149835
0.100116,4.8999095
0.100118,4.483826
0.10012,3.5129685
0.100122,2.126027
0.100124,0.50792885
0.100126,-1.2488632
0.100128,-2.7744985
0.10013,-4.022745
0.100132,-4.7624474
0.100134,-4.9011416
0.100136,-4.4388275
0.100138,-3.467969
0.10014,-2.0347965
0.100142,-0.3704667
0.100144,1.3863249
0.100146,2.9119601
0.100148,4.113976
0.10015,4.807446
0.100152,4.8999095
0.100154,4.3913646
0.100156,3.3742738
0.100158,1.8948698
0.10016,0.23054075
0.100162,-1.48002
0.100163996,-3.0056553
0.100166,-4.1614394
0.100168,-4.8086786
0.10017,-4.85491
0.100172,-4.346365
0.100174,-3.2830436
0.100176,-1.8036394
0.100178,-0.09307861
0.10018,1.6174817
0.100182,3.1431174
0.100184,4.252671
0.100186,4.8536773
0.100188,4.8536773
0.10019,4.298901
0.100192,3.1893477
0.100194,1.6637135
0.100196,-6.160736E-4
0.100198,-1.6649456
0.1002,-3.1905808
0.100202,-4.3001337
0.100204,-4.85491
0.100206,-4.8086786
0.100208,-4.2076707
0.100209996,-3.098118
0.100212,-1.5724826
0.100214,0.13807821
0.100216,1.8486385
0.100218,3.3280425
0.10022,4.3913646
0.100222,4.8999095
0.100224,4.807446
0.100226,4.1602073
0.100228,2.9581914
0.10023,1.4787879
0.100232,-0.27800417
0.100234,-1.8961024
0.100236,-3.3755062
0.100238,-4.4388275
0.10024,-4.9011416
0.100242,-4.7624474
0.100244,-4.068977
0.100246,-2.9131925
0.100248,-1.3413262
0.10025,0.4154663
0.100252,2.0797954
0.100254,3.5129685
0.100256,4.483826
0.100258,4.8999095
0.10026,4.7612157
0.100262,4.0215135
0.100264,2.7732663
0.100266,1.2013993
0.100268,-0.5091615
0.10027,-2.1272593
0.100272,-3.5604317
0.100274,-4.4850593
0.100276,-4.9011416
0.100278,-4.716216
0.10028,-3.9302826
0.100282,-2.6820357
0.100284,-1.1101689
0.100286,0.64662313
0.100287996,2.3109517
0.10029,3.6516623
0.100292,4.5762897
0.100294,4.8999095
0.100296,4.668752
0.100298,3.8828197
0.1003,2.542109
0.100302,0.970243
0.100304,-0.7403178
0.100306,-2.3584158
0.100308,-3.745357
0.10031,-4.577522
0.100312,-4.9011416
0.100314,-4.623753
0.100316,-3.7915885
0.100318,-2.4971101
0.10032,-0.83278084
0.100322,0.92401123
0.100324,2.4958777
0.100326,3.8365874
0.100328,4.668752
0.10033,4.8999095
0.100332,4.5762897
0.100333996,3.6978936
0.100336,2.357184
0.100338,0.7390857
0.10034,-0.9714751
0.100342,-2.589573
0.100344,-3.8840513
0.100346,-4.669985
0.100348,-4.9011416
0.10035,-4.5312905
0.100352,-3.6528945
0.100354,-2.2659533
0.100356,-0.601624
0.100358,1.1551685
0.10036,2.727035
0.100362,3.9752812
0.100364,4.7149835
0.100366,4.8999095
0.100368,4.483826
0.10037,3.5129685
0.100372,2.126027
0.100374,0.50792885
0.100376,-1.2488632
0.100378,-2.7744985
0.10038,-4.022745
0.100382,-4.7624474
0.100384,-4.9011416
0.100386,-4.4388275
0.100388,-3.467969
0.10039,-2.0347965
0.100392,-0.3704667
0.100394,1.3863249
0.100396,2.9119601
0.100398,4.113976
0.1004,4.807446
0.100402,4.8999095
0.100404,4.3913646
0.100406,3.3742738
0.100408,1.8948698
0.10041,0.23054075
0.100411996,-1.48002
0.100414,-3.0056553
0.100416,-4.1614394
0.100418,-4.8086786
0.10042,-4.85491
0.100422,-4.346365
0.100424,-3.2830436
0.100426,-1.8036394
0.100428,-0.09307861
0.10043,1.6174817
0.100432,3.1431174
0.100434,4.252671
0.100436,4.8536773
0.100438,4.8536773
0.10044,4.298901
0.100442,3.1893477
0.100444,1.6637135
0.100446,-6.160736E-4
0.100448,-1.6649456
0.10045,-3.1905808
0.100452,-4.3001337
0.100454,-4.85491
0.100456,-4.8086786
0.100457996,-4.2076707
0.10046,-3.098118
0.100462,-1.5724826
0.100464,0.13807821
0.100466,1.8486385
0.100468,3.3280425
0.10047,4.3913646
0.100472,4.8999095
0.100474,4.807446
0.100476,4.1602073
0.100478,2.9581914
0.10048,1.4787879
0.100482,-0.27800417
0.100484,-1.8961024
0.100486,-3.3755062
0.100488,-4.4388275
0.10049,-4.9011416
0.100492,-4.7624474
0.100494,-4.068977
0.100496,-2.9131925
0.100498,-1.3413262
0.1005,0.4154663
0.100502,2.0797954
0.100504,3.5129685
0.100506,4.483826
0.100508,4.8999095
0.10051,4.7149835
0.100512,4.0215135
0.100514,2.7732663
0.100516,1.2013993
0.100518,-0.5091615
0.10052,-2.1272593
0.100522,-3.5604317
0.100524,-4.4850593
0.100526,-4.9011416
0.100528,-4.716216
0.10053,-3.9302826
0.100532,-2.6820357
0.100534,-1.1101689
0.100535996,0.64662313
0.100538,2.3109517
0.10054,3.6516623
0.100542,4.5762897
0.100544,4.8999095
0.100546,4.668752
0.100548,3.8828197
0.10055,2.542109
0.100552,0.970243
0.100554,-0.7403178
0.100556,-2.3584158
0.100558,-3.745357
0.10056,-4.577522
0.100562,-4.9011416
0.100564,-4.623753
0.100566,-3.7915885
0.100568,-2.4971101
0.10057,-0.83278084
0.100572,0.92401123
0.100574,2.4958777
0.100576,3.8365874
0.100578,4.668752
0.10058,4.8999095
0.100581996,4.5762897
0.100584,3.6978936
0.100586,2.357184
0.100588,0.7390857
0.10059,-0.9714751
0.100592,-2.589573
0.100594,-3.8840513
0.100596,-4.669985
0.100598,-4.9011416
0.1006,-4.5312905
0.100602,-3.6528945
0.100604,-2.2659533
0.100606,-0.601624
0.100608,1.1551685
0.10061,2.727035
0.100612,3.9752812
0.100614,4.7149835
0.100616,4.8999095
0.100618,4.483826
0.10062,3.5129685
0.100622,2.126027
0.100624,0.50792885
0.100626,-1.2488632
0.100627996,-2.7744985
0.10063,-4.022745
0.100632,-4.7624474
0.100634,-4.9011416
0.100636,-4.4388275
0.100638,-3.467969
0.10064,-2.0347965
0.100642,-0.3704667
0.100644,1.3863249
0.100646,2.9119601
0.100648,4.113976
0.10065,4.807446
0.100652,4.8999095
0.100654,4.3913646
0.100656,3.3742738
0.100658,1.8948698
0.100659996,0.23054075
0.100662,-1.48002
0.100664,-3.0056553
0.100666,-4.1614394
0.100668,-4.8086786
0.10067,-4.85491
0.100672,-4.346365
0.100674,-3.2830436
0.100676,-1.8036394
0.100678,-0.09307861
0.10068,1.6174817
0.100682,3.1431174
0.100684,4.252671
0.100686,4.8536773
0.100688,4.8536773
0.10069,4.298901
0.100692,3.1431174
0.100694,1.6637135
0.100696,-6.160736E-4
0.100698,-1.6649456
0.1007,-3.1905808
0.100702,-4.3001337
0.100704,-4.85491
0.100705996,-4.8086786
0.100708,-4.2076707
0.10071,-3.098118
0.100712,-1.5724826
0.100714,0.13807821
0.100716,1.8486385
0.100718,3.3280425
0.10072,4.3913646
0.100722,4.8999095
0.100724,4.807446
0.100726,4.1602073
0.100728,2.9581914
0.10073,1.4787879
0.100732,-0.27800417
0.100734,-1.8961024
0.100736,-3.3755062
0.100738,-4.4388275
0.10074,-4.9011416
0.100742,-4.7624474
0.100744,-4.068977
0.100746,-2.9131925
0.100748,-1.3413262
0.10075,0.045615196
0.100751996,0.50792885
0.100754,0.87777996
0.100756,1.2476311
0.100758,1.5712504
0.10076,1.9411016
0.100762,2.2647214
0.100764,2.6345725
0.100766,2.9581914
0.100768,3.23558
0.10077,3.5129685
0.100772,3.7903562
0.100774,4.0215135
0.100776,4.252671
0.100778,4.437596
0.10078,4.5762897
0.100782,4.7149835
0.100784,4.8536773
0.100786,4.946141
0.100788,4.992371
0.10079,5.0386033
0.100792,5.0386033
0.100794,4.992371
0.100796,4.946141
0.100798,4.8999095
0.1008,4.7612157
0.100802,4.622521
0.100804,4.483826
0.100806,4.298901
0.100808,4.113976
0.10081,3.8365874
0.100812,3.605431
0.100814,3.3280425
0.100816,3.0044227
0.100818,2.6808028
0.10082,2.357184
0.100822,2.033564
0.100824,1.6637135
0.100826,1.3400936
0.100828,0.970243
0.100829996,0.60039186
0.100832,0.184309
0.100834,-0.18554163
0.100836,-0.55539227
0.100838,-0.9252434
0.10084,-1.2950945
0.100842,-1.6649456
0.100844,-1.9885652
0.100846,-2.3584158
0.100848,-2.6820357
0.10085,-3.0056553
0.100852,-3.2830436
0.100854,-3.5604317
0.100856,-3.8378198
0.100858,-4.068977
0.10086,-4.3001337
0.100862,-4.4388275
0.100864,-4.623753
0.100866,-4.7624474
0.100868,-4.85491
0.10087,-4.947373
0.100872,-4.993604
0.100874,-5.0398355
0.100875996,-4.993604
0.100878,-4.993604
0.10088,-4.9011416
0.100882,-4.85491
0.100884,-4.716216
0.100886,-4.577522
0.100888,-4.4388275
0.10089,-4.2076707
0.100892,-4.022745
0.100894,-3.745357
0.100896,-3.5142004
0.100898,-3.236812
0.1009,-2.9131925
0.100902,-2.589573
0.100904,-2.2659533
0.100906,-1.8961024
0.100908,-1.5262513
0.10091,-1.202632
0.100912,-0.83278084
0.100914,-0.46292973
0.100916,-0.046847343
0.100918,0.3230033
0.10092,0.6928544
0.100922,1.0627055
0.100924,1.4325566
0.100926,1.8024073
0.100928,2.126027
0.10093,2.4958777
0.100932,2.8194976
0.100934,3.0968862
0.100936,3.420505
0.100938,3.6978936
0.10094,3.92905
0.100942,4.1602073
0.100944,4.3451324
0.100946,4.5300584
0.100948,4.668752
0.10095,4.807446
0.100952,4.8999095
0.100953996,4.992371
0.100956,5.0386033
0.100958,5.0386033
0.10096,5.0386033
0.100962,4.992371
0.100964,4.8999095
0.100966,4.807446
0.100968,4.668752
0.10097,4.5300584
0.100972,4.3451324
0.100974,4.1602073
0.100976,3.92905
0.100978,3.6978936
0.10098,3.420505
0.100982,3.1431174
0.100984,2.8194976
0.100986,2.4958777
0.100988,2.126027
0.10099,1.8024073
0.100992,1.4787879
0.100994,1.1089368
0.100996,0.6928544
0.100998,0.3230033
0.100999996,-0.046847343
0.101002,-0.41669846
0.101004,-0.83278084
0.101006,-1.202632
0.101008,-1.5262513
0.10101,-1.8961024
0.101012,-2.2197218
0.101014,-2.589573
0.101016,-2.9131925
0.101018,-3.1905808
0.10102,-3.467969
0.101022,-3.745357
0.101024,-3.976514
0.101026,-4.2076707
0.101028,-4.4388275
0.10103,-4.577522
0.101032,-4.716216
0.101034,-4.8086786
0.101036,-4.9011416
0.101038,-4.993604
0.10104,-4.993604
0.101042,-5.0398355
0.101044,-4.993604
0.101046,-4.947373
0.101048,-4.85491
0.10105,-4.7624474
0.101052,-4.623753
0.101054,-4.4388275
0.101056,-4.3001337
0.101058,-4.068977
0.10106,-3.8378198
0.101062,-3.6066632
0.101064,-3.329275
0.101066,-3.0056553
0.101068,-2.6820357
0.10107,-2.3584158
0.101072,-2.0347965
0.101074,-1.6649456
0.101076,-1.3413262
0.101077996,-0.9714751
0.10108,-0.55539227
0.101082,-0.18554163
0.101084,0.184309
0.101086,0.60039186
0.101088,0.970243
0.10109,1.3400936
0.101092,1.6637135
0.101094,2.033564
0.101096,2.357184
0.101098,2.6808028
0.1011,3.0044227
0.101102,3.3280425
0.101104,3.605431
0.101106,3.8365874
0.101108,4.0677447
0.10111,4.298901
0.101112,4.437596
0.101114,4.622521
0.101116,4.7612157
0.101118,4.8536773
0.10112,4.946141
0.101122,4.992371
0.101123996,5.0386033
0.101126,5.0386033
0.101128,4.992371
0.10113,4.946141
0.101132,4.8536773
0.101134,4.7149835
0.101136,4.5762897
0.101138,4.437596
0.10114,4.252671
0.101142,4.0215135
0.101144,3.7903562
0.101146,3.5129685
0.101148,3.23558
0.10115,2.9119601
0.101152,2.5883412
0.101154,2.2647214
0.101156,1.8948698
0.101158,1.5712504
0.10116,1.2013993
0.101162,0.8315482
0.101164,0.46169758
0.101166,0.091846466
0.101168,-0.32423592
0.10117,-0.694087
0.101172,-1.0639377
0.101174,-1.4337888
0.101176,-1.7574081
0.101178,-2.1272593
0.10118,-2.4508786
0.101182,-2.7744985
0.101184,-3.098118
0.101186,-3.3755062
0.101188,-3.6528945
0.10119,-3.9302826
0.101192,-4.1614394
0.101194,-4.346365
0.101196,-4.5312905
0.101198,-4.669985
0.1012,-4.8086786
0.101201996,-4.9011416
0.101204,-4.947373
0.101206,-4.993604
0.101208,-5.0398355
0.10121,-4.993604
0.101212,-4.947373
0.101214,-4.9011416
0.101216,-4.8086786
0.101218,-4.669985
0.10122,-4.5312905
0.101222,-4.346365
0.101224,-4.1614394
0.101226,-3.9302826
0.101228,-3.6991258
0.10123,-3.4217377
0.101232,-3.098118
0.101234,-2.8207297
0.101236,-2.4971101
0.101238,-2.1272593
0.10124,-1.8036394
0.101242,-1.4337888
0.101244,-1.0639377
0.101246,-0.694087
0.101247996,-0.32423592
0.10125,0.091846466
0.101252,0.46169758
0.101254,0.8315482
0.101256,1.2013993
0.101258,1.5712504
0.10126,1.8948698
0.101262,2.2647214
0.101264,2.5883412
0.101266,2.9119601
0.101268,3.23558
0.10127,3.5129685
0.101272,3.744125
0.101274,4.0215135
0.101276,4.252671
0.101278,4.437596
0.10128,4.5762897
0.101282,4.7149835
0.101284,4.8536773
0.101286,4.946141
0.101288,4.992371
0.10129,5.0386033
0.101292,5.0386033
0.101294,4.992371
0.101296,4.946141
0.101298,4.8536773
0.1013,4.7612157
0.101302,4.622521
0.101304,4.483826
0.101306,4.298901
0.101308,4.0677447
0.10131,3.8365874
0.101312,3.605431
0.101314,3.3280425
0.101316,3.0044227
0.101318,2.6808028
0.10132,2.357184
0.101322,2.033564
0.101324,1.6637135
0.101325996,1.3400936
0.101328,0.970243
0.10133,0.60039186
0.101332,0.184309
0.101334,-0.18554163
0.101336,-0.55539227
0.101338,-0.9252434
0.10134,-1.2950945
0.101342,-1.6649456
0.101344,-1.9885652
0.101346,-2.3584158
0.101348,-2.6820357
0.10135,-3.0056553
0.101352,-3.2830436
0.101354,-3.5604317
0.101356,-3.8378198
0.101358,-4.068977
0.10136,-4.3001337
0.101362,-4.4388275
0.101364,-4.623753
0.101366,-4.7624474
0.101368,-4.85491
0.10137,-4.947373
0.101371996,-4.993604
0.101374,-5.0398355
0.101376,-4.993604
0.101378,-4.993604
0.10138,-4.9011416
0.101382,-4.8086786
0.101384,-4.716216
0.101386,-4.577522
0.101388,-4.4388275
0.10139,-4.2076707
0.101392,-4.022745
0.101394,-3.745357
0.101396,-3.5142004
0.101398,-3.236812
0.1014,-2.9131925
0.101402,-2.589573
0.101404,-2.2659533
0.101406,-1.8961024
0.101408,-1.5262513
0.10141,-1.202632
0.101412,-0.83278084
0.101414,-0.46292973
0.101416,-0.046847343
0.101418,0.3230033
0.10142,0.6928544
0.101422,1.0627055
0.101424,1.4325566
0.101426,1.8024073
0.101428,2.126027
0.10143,2.4958777
0.101432,2.8194976
0.101434,3.0968862
0.101436,3.420505
0.101438,3.6978936
0.10144,3.92905
0.101442,4.1602073
0.101444,4.3451324
0.101446,4.5300584
0.101448,4.668752
0.101449996,4.807446
0.101452,4.8999095
0.101454,4.992371
0.101456,5.0386033
0.101458,5.0386033
0.10146,5.0386033
0.101462,4.992371
0.101464,4.8999095
0.101466,4.807446
0.101468,4.668752
0.10147,4.5300584
0.101472,4.3451324
0.101474,4.1602073
0.101476,3.92905
0.101478,3.6978936
0.10148,3.420505
0.101482,3.1431174
0.101484,2.8194976
0.101486,2.4958777
0.101488,2.126027
0.10149,1.8024073
0.101492,1.4787879
0.101494,1.0627055
0.101495996,0.6928544
0.101498,0.3230033
0.1015,-0.046847343
0.101502,-0.41669846
0.101504,-0.83278084
0.101506,-1.202632
0.101508,-1.5262513
0.10151,-1.8961024
0.101512,-2.2197218
0.101514,-2.589573
0.101516,-2.9131925
0.101518,-3.1905808
0.10152,-3.467969
0.101522,-3.745357
0.101524,-4.022745
0.101526,-4.2076707
0.101528,-4.4388275
0.10153,-4.577522
0.101532,-4.716216
0.101534,-4.8086786
0.101536,-4.9011416
0.101538,-4.993604
0.10154,-4.993604
0.101542,-5.0398355
0.101544,-4.993604
0.101546,-4.947373
0.101548,-4.85491
0.10155,-4.7624474
0.101552,-4.623753
0.101554,-4.4388275
0.101556,-4.3001337
0.101558,-4.068977
0.10156,-3.8378198
0.101562,-3.6066632
0.101564,-3.329275
0.101566,-3.0056553
0.101568,-2.6820357
0.10157,-2.3584158
0.101572,-2.0347965
0.101573996,-1.6649456
0.101576,-1.3413262
0.101578,-0.9714751
0.10158,-0.55539227
0.101582,-0.18554163
0.101584,0.184309
0.101586,0.60039186
0.101588,0.970243
0.10159,1.3400936
0.101592,1.6637135
0.101594,2.033564
0.101596,2.357184
0.101598,2.6808028
0.1016,3.0044227
0.101602,3.3280425
0.101604,3.605431
0.101606,3.8365874
0.101608,4.0677447
0.10161,4.298901
0.101612,4.437596
0.101614,4.622521
0.101616,4.7612157
0.101618,4.8536773
0.101619996,4.946141
0.101622,4.992371
0.101624,5.0386033
0.101626,5.0386033
0.101628,4.992371
0.10163,4.946141
0.101632,4.8536773
0.101634,4.7149835
0.101636,4.5762897
0.101638,4.437596
0.10164,4.252671
0.101642,4.0215135
0.101644,3.7903562
0.101646,3.5129685
0.101648,3.23558
0.10165,2.9119601
0.101652,2.5883412
0.101654,2.2647214
0.101656,1.8948698
0.101658,1.5712504
0.10166,1.2013993
0.101662,0.8315482
0.101664,0.46169758
0.101666,0.091846466
0.101668,-0.32423592
0.10167,-0.694087
0.101672,-1.0639377
0.101674,-1.4337888
0.101676,-1.7574081
0.101678,-2.1272593
0.10168,-2.4508786
0.101682,-2.7744985
0.101684,-3.098118
0.101686,-3.3755062
0.101688,-3.6528945
0.10169,-3.9302826
0.101692,-4.1614394
0.101694,-4.346365
0.101696,-4.5312905
0.101697996,-4.669985
0.1017,-4.8086786
0.101702,-4.9011416
0.101704,-4.947373
0.101706,-4.993604
0.101708,-5.0398355
0.10171,-4.993604
0.101712,-4.947373
0.101714,-4.9011416
0.101716,-4.8086786
0.101718,-4.669985
0.10172,-4.5312905
0.101722,-4.346365
0.101724,-4.1614394
0.101726,-3.9302826
0.101728,-3.6991258
0.10173,-3.4217377
0.101732,-3.098118
0.101734,-2.8207297
0.101736,-2.4971101
0.101738,-2.1272593
0.10174,-1.8036394
0.101742,-1.4337888
0.101743996,-1.0639377
0.101746,-0.694087
0.101748,-0.32423592
0.10175,0.4154663
0.101752,2.033564
0.101754,3.4667363
0.101756,4.437596
0.101758,4.8536773
0.10176,4.7149835
0.101762,3.9752812
0.101764,2.727035
0.101766,1.2013993
0.101768,-0.55539227
0.10177,-2.1734905
0.101772,-3.5604317
0.101774,-4.5312905
0.101776,-4.9011416
0.101778,-4.716216
0.10178,-3.976514
0.101782,-2.6820357
0.101784,-1.1101689
0.101786,0.64662313
0.101788,2.2647214
0.101789996,3.6516623
0.101792,4.5762897
0.101794,4.8999095
0.101796,4.668752
0.101798,3.8365874
0.1018,2.542109
0.101802,0.970243
0.101804,-0.7403178
0.101806,-2.3584158
0.101808,-3.745357
0.10181,-4.623753
0.101812,-4.9011416
0.101814,-4.623753
0.101816,-3.7915885
0.101818,-2.4971101
0.10182,-0.83278084
0.101821996,0.92401123
0.101824,2.4958777
0.101826,3.8365874
0.101828,4.668752
0.10183,4.8999095
0.101832,4.5762897
0.101834,3.6978936
0.101836,2.357184
0.101838,0.7390857
0.10184,-1.0177064
0.101842,-2.589573
0.101844,-3.8840513
0.101846,-4.669985
0.101848,-4.9011416
0.10185,-4.5312905
0.101852,-3.6066632
0.101854,-2.2659533
0.101856,-0.601624
0.101858,1.1551685
0.10186,2.727035
0.101862,3.9752812
0.101864,4.7149835
0.101866,4.8999095
0.101867996,4.483826
0.10187,3.5129685
0.101872,2.126027
0.101874,0.46169758
0.101876,-1.2488632
0.101878,-2.7744985
0.10188,-4.068977
0.101882,-4.7624474
0.101884,-4.9011416
0.101886,-4.4388275
0.101888,-3.467969
0.10189,-2.0347965
0.101892,-0.32423592
0.101894,1.3863249
0.101896,2.9119601
0.101898,4.113976
0.1019,4.807446
0.101902,4.8999095
0.101904,4.3913646
0.101906,3.3280425
0.101908,1.8948698
0.10191,0.23054075
0.101912,-1.48002
0.101913996,-3.0056553
0.101916,-4.2076707
0.101918,-4.8086786
0.10192,-4.85491
0.101922,-4.346365
0.101924,-3.2830436
0.101926,-1.8036394
0.101928,-0.09307861
0.10193,1.6174817
0.101932,3.1431174
0.101934,4.252671
0.101936,4.8536773
0.101938,4.8536773
0.10194,4.298901
0.101942,3.1431174
0.101944,1.6637135
0.101946,-6.160736E-4
0.101948,-1.6649456
0.10195,-3.1905808
0.101952,-4.3001337
0.101954,-4.85491
0.101956,-4.8086786
0.101958,-4.2076707
0.10196,-3.098118
0.101962,-1.5724826
0.101964,0.13807821
0.101966,1.8486385
0.101968,3.3280425
0.10197,4.3913646
0.101972,4.8999095
0.101974,4.807446
0.101976,4.1602073
0.101978,2.9581914
0.10198,1.4325566
0.101982,-0.27800417
0.101984,-1.8961024
0.101986,-3.3755062
0.101988,-4.4388275
0.10199,-4.9011416
0.101991996,-4.7624474
0.101994,-4.068977
0.101996,-2.9131925
0.101998,-1.3413262
0.102,0.4154663
0.102002,2.0797954
0.102004,3.5129685
0.102006,4.483826
0.102008,4.8999095
0.10201,4.7149835
0.102012,4.0215135
0.102014,2.7732663
0.102016,1.2013993
0.102018,-0.5091615
0.10202,-2.1272593
0.102022,-3.5604317
0.102024,-4.4850593
0.102026,-4.9011416
0.102028,-4.716216
0.10203,-3.9302826
0.102032,-2.6820357
0.102034,-1.1101689
0.102036,0.64662313
0.102037996,2.3109517
0.10204,3.6978936
0.102042,4.5762897
0.102044,4.8999095
0.102046,4.668752
0.102048,3.8828197
0.10205,2.542109
0.102052,0.970243
0.102054,-0.7403178
0.102056,-2.3584158
0.102058,-3.745357
0.10206,-4.577522
0.102062,-4.9011416
0.102064,-4.623753
0.102066,-3.7915885
0.102068,-2.4508786
0.10207,-0.83278084
0.102072,0.92401123
0.102074,2.4958777
0.102076,3.8365874
0.102078,4.668752
0.10208,4.8999095
0.102082,4.5762897
0.102084,3.6978936
0.102086,2.357184
0.102088,0.7390857
0.10209,-1.0177064
0.102092,-2.589573
0.102094,-3.8840513
0.102096,-4.669985
0.102098,-4.9011416
0.1021,-4.5312905
0.102102,-3.6066632
0.102104,-2.2659533
0.102106,-0.601624
0.102108,1.1551685
0.10211,2.727035
0.102112,3.9752812
0.102114,4.7149835
0.102115996,4.8999095
0.102118,4.483826
0.10212,3.5129685
0.102122,2.126027
0.102124,0.46169758
0.102126,-1.2488632
0.102128,-2.7744985
0.10213,-4.022745
0.102132,-4.7624474
0.102134,-4.9011416
0.102136,-4.4388275
0.102138,-3.467969
0.10214,-2.0347965
0.102142,-0.32423592
0.102144,1.3863249
0.102146,2.9581914
0.102148,4.113976
0.10215,4.807446
0.102152,4.8999095
0.102154,4.3913646
0.102156,3.3280425
0.102158,1.8948698
0.10216,0.23054075
0.102161996,-1.48002
0.102164,-3.0056553
0.102166,-4.2076707
0.102168,-4.8086786
0.10217,-4.85491
0.102172,-4.346365
0.102174,-3.2830436
0.102176,-1.8036394
0.102178,-0.09307861
0.10218,1.6174817
0.102182,3.1431174
0.102184,4.252671
0.102186,4.8536773
0.102188,4.8536773
0.10219,4.298901
0.102192,3.1431174
0.102194,1.6637135
0.102196,-6.160736E-4
0.102198,-1.6649456
0.1022,-3.1905808
0.102202,-4.3001337
0.102204,-4.85491
0.102206,-4.8086786
0.102208,-4.2076707
0.10221,-3.098118
0.102212,-1.5724826
0.102214,0.184309
0.102216,1.8486385
0.102218,3.3280425
0.10222,4.3913646
0.102222,4.8999095
0.102224,4.807446
0.102226,4.1602073
0.102228,2.9581914
0.10223,1.4325566
0.102232,-0.27800417
0.102234,-1.8961024
0.102236,-3.3755062
0.102238,-4.4388275
0.102239996,-4.9011416
0.102242,-4.7624474
0.102244,-4.068977
0.102246,-2.866961
0.102248,-1.3413262
0.10225,0.4154663
0.102252,2.0797954
0.102254,3.5129685
0.102256,4.483826
0.102258,4.8999095
0.10226,4.7149835
0.102262,4.0215135
0.102264,2.7732663
0.102266,1.2013993
0.102268,-0.5091615
0.10227,-2.1272593
0.102272,-3.5604317
0.102274,-4.4850593
0.102276,-4.9011416
0.102278,-4.716216
0.10228,-3.9302826
0.102282,-2.6820357
0.102284,-1.1101689
0.102285996,0.64662313
0.102288,2.3109517
0.10229,3.6978936
0.102292,4.5762897
0.102294,4.8999095
0.102296,4.668752
0.102298,3.8365874
0.1023,2.542109
0.102302,0.970243
0.102304,-0.7403178
0.102306,-2.3584158
0.102308,-3.745357
0.10231,-4.623753
0.102312,-4.9011416
0.102314,-4.623753
0.102316,-3.7915885
0.102318,-2.4508786
0.10232,-0.83278084
0.102322,0.92401123
0.102324,2.4958777
0.102326,3.8365874
0.102328,4.668752
0.10233,4.8999095
0.102332,4.5762897
0.102334,3.6978936
0.102336,2.357184
0.102338,0.7390857
0.10234,-1.0177064
0.102342,-2.589573
0.102344,-3.8840513
0.102346,-4.669985
0.102348,-4.9011416
0.10235,-4.5312905
0.102352,-3.6066632
0.102354,-2.2659533
0.102356,-0.601624
0.102358,1.1551685
0.10236,2.727035
0.102362,3.9752812
0.102363996,4.7149835
0.102366,4.8999095
0.102368,4.483826
0.10237,3.5129685
0.102372,2.126027
0.102374,0.46169758
0.102376,-1.2488632
0.102378,-2.7744985
0.10238,-4.022745
0.102382,-4.7624474
0.102384,-4.9011416
0.102386,-4.4388275
0.102388,-3.467969
0.10239,-2.0347965
0.102392,-0.32423592
0.102394,1.3863249
0.102396,2.9581914
0.102398,4.113976
0.1024,4.807446
0.102402,4.8999095
0.102404,4.3913646
0.102406,3.3280425
0.102408,1.8948698
0.102409996,0.23054075
0.102412,-1.48002
0.102414,-3.0056553
0.102416,-4.2076707
0.102418,-4.8086786
0.10242,-4.85491
0.102422,-4.346365
0.102424,-3.2830436
0.102426,-1.8036394
0.102428,-0.09307861
0.10243,1.6174817
0.102432,3.1431174
0.102434,4.252671
0.102436,4.8536773
0.102438,4.8536773
0.10244,4.298901
0.102442,3.1431174
0.102444,1.6637135
0.102446,-6.160736E-4
0.102448,-1.6649456
0.10245,-3.1905808
0.102452,-4.3001337
0.102454,-4.85491
0.102456,-4.8086786
0.102458,-4.2076707
0.10246,-3.098118
0.102462,-1.5724826
0.102464,0.184309
0.102466,1.8486385
0.102468,3.3280425
0.10247,4.3913646
0.102472,4.8999095
0.102474,4.807446
0.102476,4.1602073
0.102478,2.9581914
0.10248,1.4325566
0.102482,-0.27800417
0.102484,-1.8961024
0.102486,-3.3755062
0.102487996,-4.4388275
0.10249,-4.9011416
0.102492,-4.7624474
0.102494,-4.068977
0.102496,-2.866961
0.102498,-1.3413262
0.1025,0.4154663
0.102502,2.0797954
0.102504,3.5129685
0.102506,4.483826
0.102508,4.8999095
0.10251,4.7149835
0.102512,4.0215135
0.102514,2.7732663
0.102516,1.2013993
0.102518,-0.5091615
0.10252,-2.1272593
0.102522,-3.5604317
0.102524,-4.4850593
0.102526,-4.9011416
0.102528,-4.716216
0.10253,-3.9302826
0.102532,-2.6820357
0.102533996,-1.0639377
0.102536,0.64662313
0.102538,2.3109517
0.10254,3.6978936
0.102542,4.5762897
0.102544,4.8999095
0.102546,4.668752
0.102548,3.8365874
0.10255,2.542109
0.102552,0.970243
0.102554,-0.7403178
0.102556,-2.3584158
0.102558,-3.745357
0.10256,-4.623753
0.102562,-4.9011416
0.102564,-4.623753
0.102566,-3.7915885
0.102568,-2.4508786
0.10257,-0.83278084
0.102572,0.92401123
0.102574,2.542109
0.102576,3.8365874
0.102578,4.668752
0.10258,4.946141
0.102582,4.5762897
0.102584,3.6978936
0.102586,2.357184
0.102588,0.7390857
0.10259,-1.0177064
0.102592,-2.589573
0.102594,-3.8840513
0.102596,-4.669985
0.102598,-4.9011416
0.1026,-4.5312905
0.102602,-3.6066632
0.102604,-2.2659533
0.102606,-0.601624
0.102608,1.1551685
0.10261,2.727035
0.102611996,3.9752812
0.102614,4.7149835
0.102616,4.8999095
0.102618,4.483826
0.10262,3.5129685
0.102622,2.126027
0.102624,0.46169758
0.102626,-1.2488632
0.102628,-2.7744985
0.10263,-4.068977
0.102632,-4.7624474
0.102634,-4.9011416
0.102636,-4.4388275
0.102638,-3.467969
0.10264,-2.0347965
0.102642,-0.32423592
0.102644,1.3863249
0.102646,2.9581914
0.102648,4.1602073
0.10265,4.807446
0.102652,4.8999095
0.102654,4.3913646
0.102656,3.3280425
0.102657996,1.8948698
0.10266,0.23054075
0.102662,-1.48002
0.102664,-3.0056553
0.102666,-4.2076707
0.102668,-4.8086786
0.10267,-4.85491
0.102672,-4.346365
0.102674,-3.2830436
0.102676,-1.8036394
0.102678,-0.09307861
0.10268,1.6174817
0.102682,3.1431174
0.102684,4.252671
0.102686,4.8536773
0.102688,4.8536773
0.10269,4.298901
0.102692,3.1431174
0.102694,1.6637135
0.102696,-6.160736E-4
0.102698,-1.6649456
0.1027,-3.1905808
0.102702,-4.3001337
0.102704,-4.85491
0.102706,-4.8086786
0.102708,-4.2076707
0.10271,-3.098118
0.102712,-1.5724826
0.102714,0.184309
0.102716,1.8486385
0.102718,3.3280425
0.10272,4.3913646
0.102722,4.8999095
0.102724,4.807446
0.102726,4.1602073
0.102728,2.9581914
0.10273,1.4325566
0.102732,-0.27800417
0.102734,-1.8961024
0.102735996,-3.3755062
0.102738,-4.4388275
0.10274,-4.9011416
0.102742,-4.7624474
0.102744,-4.068977
0.102746,-2.866961
0.102748,-1.3413262
0.10275,0.091846466
0.102752,0.50792885
0.102754,0.87777996
0.102756,1.2476311
0.102758,1.5712504
0.10276,1.9411016
0.102762,2.2647214
0.102764,2.6345725
0.102766,2.9581914
0.102768,3.23558
0.10277,3.5129685
0.102772,3.7903562
0.102774,4.0215135
0.102776,4.252671
0.102778,4.437596
0.10278,4.5762897
0.102781996,4.7149835
0.102784,4.8536773
0.102786,4.946141
0.102788,4.992371
0.10279,5.0386033
0.102792,5.0386033
0.102794,5.0386033
0.102796,4.946141
0.102798,4.8999095
0.1028,4.7612157
0.102802,4.622521
0.102804,4.483826
0.102806,4.298901
0.102808,4.113976
0.10281,3.8365874
0.102812,3.605431
0.102814,3.3280425
0.102816,3.0044227
0.102818,2.727035
0.10282,2.357184
0.102822,2.033564
0.102824,1.6637135
0.102826,1.3400936
0.102827996,0.970243
0.10283,0.60039186
0.102832,0.184309
0.102834,-0.18554163
0.102836,-0.55539227
0.102838,-0.9252434
0.10284,-1.2950945
0.102842,-1.6649456
0.102844,-1.9885652
0.102846,-2.3584158
0.102848,-2.6820357
0.10285,-3.0056553
0.102852,-3.2830436
0.102854,-3.5604317
0.102856,-3.8378198
0.102858,-4.068977
0.102859996,-4.3001337
0.102862,-4.4388275
0.102864,-4.623753
0.102866,-4.7624474
0.102868,-4.85491
0.10287,-4.947373
0.102872,-4.993604
0.102874,-5.0398355
0.102876,-4.993604
0.102878,-4.993604
0.10288,-4.9011416
0.102882,-4.8086786
0.102884,-4.716216
0.102886,-4.577522
0.102888,-4.4388275
0.10289,-4.2076707
0.102892,-4.022745
0.102894,-3.745357
0.102896,-3.5142004
0.102898,-3.236812
0.1029,-2.9131925
0.102902,-2.589573
0.102904,-2.2659533
0.102905996,-1.8961024
0.102908,-1.5262513
0.10291,-1.202632
0.102912,-0.83278084
0.102914,-0.46292973
0.102916,-0.046847343
0.102918,0.3230033
0.10292,0.6928544
0.102922,1.0627055
0.102924,1.4325566
0.102926,1.8024073
0.102928,2.126027
0.10293,2.4958777
0.102932,2.8194976
0.102934,3.1431174
0.102936,3.420505
0.102938,3.6978936
0.10294,3.92905
0.102942,4.1602073
0.102944,4.3451324
0.102946,4.5300584
0.102948,4.668752
0.10295,4.807446
0.102951996,4.8999095
0.102954,4.992371
0.102956,5.0386033
0.102958,5.0386033
0.10296,5.0386033
0.102962,4.992371
0.102964,4.8999095
0.102966,4.807446
0.102968,4.668752
0.10297,4.5300584
0.102972,4.3451324
0.102974,4.1602073
0.102976,3.92905
0.102978,3.6978936
0.10298,3.420505
0.102982,3.0968862
0.102983996,2.8194976
0.102986,2.4958777
0.102988,2.126027
0.10299,1.8024073
0.102992,1.4325566
0.102994,1.0627055
0.102996,0.6928544
0.102998,0.3230033
0.103,-0.046847343
0.103002,-0.46292973
0.103004,-0.83278084
0.103006,-1.202632
0.103008,-1.5262513
0.10301,-1.8961024
0.103012,-2.2197218
0.103014,-2.589573
0.103016,-2.9131925
0.103018,-3.1905808
0.10302,-3.467969
0.103022,-3.745357
0.103024,-4.022745
0.103026,-4.2076707
0.103028,-4.4388275
0.103029996,-4.577522
0.103032,-4.716216
0.103034,-4.8086786
0.103036,-4.9011416
0.103038,-4.993604
0.10304,-4.993604
0.103042,-5.0398355
0.103044,-4.993604
0.103046,-4.947373
0.103048,-4.85491
0.10305,-4.7624474
0.103052,-4.623753
0.103054,-4.4388275
0.103056,-4.3001337
0.103058,-4.068977
0.10306,-3.8378198
0.103062,-3.6066632
0.103064,-3.329275
0.103066,-3.0056553
0.103068,-2.6820357
0.10307,-2.3584158
0.103072,-2.0347965
0.103074,-1.6649456
0.103075996,-1.3413262
0.103078,-0.9252434
0.10308,-0.55539227
0.103082,-0.18554163
0.103084,0.184309
0.103086,0.60039186
0.103088,0.970243
0.10309,1.3400936
0.103092,1.6637135
0.103094,2.033564
0.103096,2.357184
0.103098,2.6808028
0.1031,3.0044227
0.103102,3.3280425
0.103104,3.605431
0.103106,3.8365874
0.103108,4.0677447
0.10311,4.298901
0.103112,4.483826
0.103114,4.622521
0.103116,4.7612157
0.103118,4.8536773
0.10312,4.946141
0.103122,4.992371
0.103124,5.0386033
0.103126,5.0386033
0.103128,4.992371
0.10313,4.946141
0.103132,4.8536773
0.103134,4.7149835
0.103136,4.5762897
0.103138,4.437596
0.10314,4.252671
0.103142,4.0215135
0.103144,3.7903562
0.103146,3.5129685
0.103148,3.23558
0.10315,2.9119601
0.103152,2.5883412
0.103153996,2.2647214
0.103156,1.8948698
0.103158,1.5712504
0.10316,1.2013993
0.103162,0.8315482
0.103164,0.46169758
0.103166,0.091846466
0.103168,-0.32423592
0.10317,-0.694087
0.103172,-1.0639377
0.103174,-1.4337888
0.103176,-1.7574081
0.103178,-2.1272593
0.10318,-2.4508786
0.103182,-2.7744985
0.103184,-3.098118
0.103186,-3.4217377
0.103188,-3.6528945
0.10319,-3.9302826
0.103192,-4.1614394
0.103194,-4.346365
0.103196,-4.5312905
0.103198,-4.669985
0.103199996,-4.8086786
0.103202,-4.9011416
0.103204,-4.947373
0.103206,-4.993604
0.103208,-5.0398355
0.10321,-4.993604
0.103212,-4.947373
0.103214,-4.9011416
0.103216,-4.8086786
0.103218,-4.669985
0.10322,-4.5312905
0.103222,-4.346365
0.103224,-4.1614394
0.103226,-3.9302826
0.103228,-3.6991258
0.10323,-3.4217377
0.103232,-3.098118
0.103234,-2.8207297
0.103236,-2.4971101
0.103238,-2.1272593
0.10324,-1.8036394
0.103242,-1.4337888
0.103244,-1.0639377
0.103246,-0.694087
0.103248,-0.32423592
0.10325,0.091846466
0.103252,0.46169758
0.103254,0.8315482
0.103256,1.2013993
0.103258,1.5712504
0.10326,1.8948698
0.103262,2.2647214
0.103264,2.5883412
0.103266,2.9119601
0.103268,3.23558
0.10327,3.5129685
0.103272,3.7903562
0.103274,4.0215135
0.103276,4.252671
0.103277996,4.437596
0.10328,4.5762897
0.103282,4.7149835
0.103284,4.8536773
0.103286,4.946141
0.103288,4.992371
0.10329,5.0386033
0.103292,5.0386033
0.103294,4.992371
0.103296,4.946141
0.103298,4.8536773
0.1033,4.7612157
0.103302,4.622521
0.103304,4.437596
0.103306,4.298901
0.103308,4.0677447
0.10331,3.8365874
0.103312,3.605431
0.103314,3.3280425
0.103316,3.0044227
0.103318,2.6808028
0.10332,2.357184
0.103322,2.033564
0.103323996,1.6637135
0.103326,1.3400936
0.103328,0.970243
0.10333,0.60039186
0.103332,0.184309
0.103334,-0.18554163
0.103336,-0.55539227
0.103338,-0.9252434
0.10334,-1.2950945
0.103342,-1.6649456
0.103344,-1.9885652
0.103346,-2.3584158
0.103348,-2.6820357
0.10335,-3.0056553
0.103352,-3.2830436
0.103354,-3.5604317
0.103356,-3.8378198
0.103358,-4.068977
0.10336,-4.3001337
0.103362,-4.4388275
0.103364,-4.623753
0.103366,-4.7624474
0.103368,-4.85491
0.10337,-4.947373
0.103372,-4.993604
0.103374,-5.0398355
0.103376,-4.993604
0.103378,-4.993604
0.10338,-4.9011416
0.103382,-4.8086786
0.103384,-4.716216
0.103386,-4.577522
0.103388,-4.4388275
0.10339,-4.2076707
0.103392,-4.022745
0.103394,-3.745357
0.103396,-3.5142004
0.103398,-3.236812
0.1034,-2.9131925
0.103401996,-2.589573
0.103404,-2.2659533
0.103406,-1.8961024
0.103408,-1.5262513
0.10341,-1.202632
0.103412,-0.83278084
0.103414,-0.46292973
0.103416,-0.046847343
0.103418,0.3230033
0.10342,0.6928544
0.103422,1.0627055
0.103424,1.4325566
0.103426,1.8024073
0.103428,2.126027
0.10343,2.4958777
0.103432,2.8194976
0.103434,3.0968862
0.103436,3.420505
0.103438,3.6978936
0.10344,3.92905
0.103442,4.1602073
0.103444,4.3451324
0.103446,4.5300584
0.103447996,4.668752
0.10345,4.807446
0.103452,4.8999095
0.103454,4.992371
0.103456,5.0386033
0.103458,5.0386033
0.10346,5.0386033
0.103462,4.992371
0.103464,4.8999095
0.103466,4.807446
0.103468,4.668752
0.10347,4.5300584
0.103472,4.3451324
0.103474,4.1602073
0.103476,3.92905
0.103478,3.6978936
0.10348,3.420505
0.103482,3.0968862
0.103484,2.8194976
0.103486,2.4958777
0.103488,2.126027
0.10349,1.8024073
0.103492,1.4325566
0.103494,1.0627055
0.103496,0.6928544
0.103498,0.3230033
0.1035,-0.046847343
0.103502,-0.46292973
0.103504,-0.83278084
0.103506,-1.202632
0.103508,-1.5262513
0.10351,-1.8961024
0.103512,-2.2197218
0.103514,-2.589573
0.103516,-2.9131925
0.103518,-3.1905808
0.10352,-3.467969
0.103522,-3.745357
0.103524,-4.022745
0.103525996,-4.2076707
0.103528,-4.4388275
0.10353,-4.577522
0.103532,-4.716216
0.103534,-4.8086786
0.103536,-4.9011416
0.103538,-4.993604
0.10354,-4.993604
0.103542,-5.0398355
0.103544,-4.993604
0.103546,-4.947373
0.103548,-4.85491
0.10355,-4.7624474
0.103552,-4.623753
0.103554,-4.4388275
0.103556,-4.3001337
0.103558,-4.068977
0.10356,-3.8378198
0.103562,-3.6066632
0.103564,-3.329275
0.103566,-3.0056553
0.103568,-2.6820357
0.10357,-2.3584158
0.103571996,-2.0347965
0.103574,-1.6649456
0.103576,-1.3413262
0.103578,-0.9252434
0.10358,-0.55539227
0.103582,-0.18554163
0.103584,0.184309
0.103586,0.60039186
0.103588,0.970243
0.10359,1.3400936
0.103592,1.6637135
0.103594,2.033564
0.103596,2.357184
0.103598,2.6808028
0.1036,3.0044227
0.103602,3.3280425
0.103604,3.605431
0.103606,3.8365874
0.103608,4.0677447
0.10361,4.298901
0.103612,4.483826
0.103614,4.622521
0.103616,4.7612157
0.103618,4.8536773
0.10362,4.946141
0.103622,4.992371
0.103624,5.0386033
0.103626,5.0386033
0.103628,4.992371
0.10363,4.946141
0.103632,4.8536773
0.103634,4.7149835
0.103636,4.5762897
0.103638,4.437596
0.10364,4.252671
0.103642,4.0215135
0.103644,3.7903562
0.103646,3.5129685
0.103648,3.23558
0.103649996,2.9119601
0.103652,2.5883412
0.103654,2.2647214
0.103656,1.8948698
0.103658,1.5712504
0.10366,1.2013993
0.103662,0.8315482
0.103664,0.46169758
0.103666,0.091846466
0.103668,-0.32423592
0.10367,-0.694087
0.103672,-1.0639377
0.103674,-1.4337888
0.103676,-1.7574081
0.103678,-2.1272593
0.10368,-2.4508786
0.103682,-2.7744985
0.103684,-3.098118
0.103686,-3.3755062
0.103688,-3.6528945
0.10369,-3.9302826
0.103692,-4.1614394
0.103694,-4.346365
0.103695996,-4.5312905
0.103698,-4.669985
0.1037,-4.8086786
0.103702,-4.9011416
0.103704,-4.947373
0.103706,-4.993604
0.103708,-5.0398355
0.10371,-4.993604
0.103712,-4.947373
0.103714,-4.9011416
0.103716,-4.8086786
0.103718,-4.669985
0.10372,-4.5312905
0.103722,-4.346365
0.103724,-4.1614394
0.103726,-3.9302826
0.103728,-3.6991258
0.10373,-3.4217377
0.103732,-3.098118
0.103734,-2.8207297
0.103736,-2.4971101
0.103738,-2.1272593
0.10374,-1.8036394
0.103742,-1.4337888
0.103744,-1.0639377
0.103746,-0.694087
0.103748,-0.32423592
0.10375,0.4154663
0.103752,2.033564
0.103754,3.4667363
0.103756,4.437596
0.103758,4.8536773
0.10376,4.7149835
0.103762,3.9752812
0.103764,2.727035
0.103766,1.2013993
0.103768,-0.55539227
0.10377,-2.1734905
0.103772,-3.6066632
0.103773996,-4.5312905
0.103776,-4.9011416
0.103778,-4.716216
0.10378,-3.9302826
0.103782,-2.6820357
0.103784,-1.1101689
0.103786,0.64662313
0.103788,2.3109517
0.10379,3.6978936
0.103792,4.5762897
0.103794,4.8999095
0.103796,4.668752
0.103798,3.8365874
0.1038,2.542109
0.103802,0.970243
0.103804,-0.78654957
0.103806,-2.3584158
0.103808,-3.745357
0.10381,-4.623753
0.103812,-4.9011416
0.103814,-4.623753
0.103816,-3.7915885
0.103818,-2.4508786
0.103819996,-0.83278084
0.103822,0.92401123
0.103824,2.542109
0.103826,3.8365874
0.103828,4.668752
0.10383,4.8999095
0.103832,4.5762897
0.103834,3.6978936
0.103836,2.3109517
0.103838,0.7390857
0.10384,-1.0177064
0.103842,-2.589573
0.103844,-3.8840513
0.103846,-4.669985
0.103848,-4.9011416
0.10385,-4.5312905
0.103852,-3.6066632
0.103854,-2.2659533
0.103856,-0.601624
0.103858,1.1551685
0.10386,2.727035
0.103862,3.9752812
0.103864,4.7149835
0.103866,4.8999095
0.103868,4.483826
0.10387,3.5129685
0.103872,2.126027
0.103874,0.46169758
0.103876,-1.2488632
0.103878,-2.7744985
0.10388,-4.068977
0.103882,-4.7624474
0.103884,-4.9011416
0.103886,-4.4388275
0.103888,-3.467969
0.10389,-2.0347965
0.103892,-0.32423592
0.103894,1.3863249
0.103896,2.9581914
0.103897996,4.1602073
0.1039,4.807446
0.103902,4.8999095
0.103904,4.3913646
0.103906,3.3280425
0.103908,1.8948698
0.10391,0.23054075
0.103912,-1.48002
0.103914,-3.0056553
0.103916,-4.2076707
0.103918,-4.8086786
0.10392,-4.85491
0.103922,-4.346365
0.103924,-3.2830436
0.103926,-1.8036394
0.103928,-0.09307861
0.10393,1.6174817
0.103932,3.1431174
0.103934,4.252671
0.103936,4.8536773
0.103938,4.8536773
0.10394,4.252671
0.103942,3.1431174
0.103943996,1.6637135
0.103946,-0.046847343
0.103948,-1.7111769
0.10395,-3.1905808
0.103952,-4.3001337
0.103954,-4.85491
0.103956,-4.8086786
0.103958,-4.2076707
0.10396,-3.098118
0.103962,-1.5262513
0.103964,0.184309
0.103966,1.8486385
0.103968,3.3280425
0.10397,4.3913646
0.103972,4.8999095
0.103974,4.807446
0.103976,4.1602073
0.103978,2.9581914
0.10398,1.4325566
0.103982,-0.27800417
0.103984,-1.9423337
0.103986,-3.3755062
0.103988,-4.4388275
0.103989996,-4.9011416
0.103992,-4.7624474
0.103994,-4.068977
0.103996,-2.866961
0.103998,-1.3413262
0.104,0.4154663
0.104002,2.0797954
0.104004,3.5129685
0.104006,4.483826
0.104008,4.8999095
0.10401,4.7149835
0.104012,4.0215135
0.104014,2.7732663
0.104016,1.2013993
0.104018,-0.5091615
0.10402,-2.1272593
0.104021996,-3.5604317
0.104024,-4.5312905
0.104026,-4.9011416
0.104028,-4.716216
0.10403,-3.9302826
0.104032,-2.6820357
0.104034,-1.0639377
0.104036,0.64662313
0.104038,2.3109517
0.10404,3.6978936
0.104042,4.5762897
0.104044,4.8999095
0.104046,4.668752
0.104048,3.8365874
0.10405,2.542109
0.104052,0.970243
0.104054,-0.7403178
0.104056,-2.3584158
0.104058,-3.745357
0.10406,-4.623753
0.104062,-4.9011416
0.104064,-4.623753
0.104066,-3.7915885
0.104067996,-2.4508786
0.10407,-0.83278084
0.104072,0.92401123
0.104074,2.542109
0.104076,3.8365874
0.104078,4.668752
0.10408,4.946141
0.104082,4.5762897
0.104084,3.6978936
0.104086,2.3109517
0.104088,0.7390857
0.10409,-1.0177064
0.104092,-2.589573
0.104094,-3.8840513
0.104096,-4.669985
0.104098,-4.9011416
0.1041,-4.5312905
0.104102,-3.6066632
0.104104,-2.2659533
0.104106,-0.601624
0.104108,1.1551685
0.10411,2.727035
0.104112,4.0215135
0.104113996,4.7149835
0.104116,4.8999095
0.104118,4.483826
0.10412,3.5129685
0.104122,2.126027
0.104124,0.46169758
0.104126,-1.2488632
0.104128,-2.7744985
0.10413,-4.068977
0.104132,-4.7624474
0.104134,-4.9011416
0.104136,-4.4388275
0.104138,-3.467969
0.10414,-2.0347965
0.104142,-0.32423592
0.104144,1.3863249
0.104145996,2.9581914
0.104148,4.1602073
0.10415,4.807446
0.104152,4.8999095
0.104154,4.3913646
0.104156,3.3280425
0.104158,1.8948698
0.10416,0.23054075
0.104162,-1.48002
0.104164,-3.0056553
0.104166,-4.2076707
0.104168,-4.8086786
0.10417,-4.85491
0.104172,-4.346365
0.104174,-3.2830436
0.104176,-1.8036394
0.104178,-0.09307861
0.10418,1.6174817
0.104182,3.1431174
0.104184,4.252671
0.104186,4.8536773
0.104188,4.8536773
0.10419,4.298901
0.104191996,3.1431174
0.104194,1.6637135
0.104196,-0.046847343
0.104198,-1.7111769
0.1042,-3.1905808
0.104202,-4.3001337
0.104204,-4.85491
0.104206,-4.8086786
0.104208,-4.2076707
0.10421,-3.098118
0.104212,-1.5262513
0.104214,0.184309
0.104216,1.8486385
0.104218,3.3280425
0.10422,4.3913646
0.104222,4.8999095
0.104224,4.807446
0.104226,4.1602073
0.104228,2.9581914
0.10423,1.4325566
0.104232,-0.27800417
0.104234,-1.9423337
0.104236,-3.3755062
0.104237996,-4.4388275
0.10424,-4.9011416
0.104242,-4.7624474
0.104244,-4.068977
0.104246,-2.866961
0.104248,-1.3413262
0.10425,0.4154663
0.104252,2.0797954
0.104254,3.5129685
0.104256,4.483826
0.104258,4.8999095
0.10426,4.7149835
0.104262,4.0215135
0.104264,2.7732663
0.104266,1.2013993
0.104268,-0.5091615
0.10427,-2.1272593
0.104272,-3.5604317
0.104274,-4.5312905
0.104276,-4.9011416
0.104278,-4.669985
0.10428,-3.9302826
0.104282,-2.6820357
0.104284,-1.0639377
0.104286,0.6928544
0.104288,2.3109517
0.10429,3.6978936
0.104292,4.5762897
0.104294,4.8999095
0.104296,4.668752
0.104298,3.8365874
0.1043,2.542109
0.104302,0.970243
0.104304,-0.78654957
0.104306,-2.3584158
0.104308,-3.745357
0.10431,-4.623753
0.104312,-4.9011416
0.104314,-4.623753
0.104315996,-3.7915885
0.104318,-2.4508786
0.10432,-0.83278084
0.104322,0.92401123
0.104324,2.542109
0.104326,3.8365874
0.104328,4.668752
0.10433,4.946141
0.104332,4.5762897
0.104334,3.6978936
0.104336,2.3109517
0.104338,0.6928544
0.10434,-1.0177064
0.104342,-2.589573
0.104344,-3.8840513
0.104346,-4.669985
0.104348,-4.9011416
0.10435,-4.5312905
0.104352,-3.6066632
0.104354,-2.2659533
0.104356,-0.601624
0.104358,1.1551685
0.10436,2.727035
0.104361996,3.9752812
0.104364,4.7149835
0.104366,4.8999095
0.104368,4.483826
0.10437,3.5129685
0.104372,2.126027
0.104374,0.46169758
0.104376,-1.2488632
0.104378,-2.7744985
0.10438,-4.068977
0.104382,-4.7624474
0.104384,-4.9011416
0.104386,-4.4388275
0.104388,-3.467969
0.10439,-2.0347965
0.104392,-0.32423592
0.104394,1.3863249
0.104396,2.9581914
0.104398,4.1602073
0.1044,4.807446
0.104402,4.8999095
0.104404,4.3913646
0.104406,3.3280425
0.104408,1.8948698
0.10441,0.23054075
0.104412,-1.48002
0.104414,-3.0056553
0.104416,-4.2076707
0.104418,-4.8086786
0.10442,-4.85491
0.104422,-4.346365
0.104424,-3.2830436
0.104426,-1.8036394
0.104428,-0.09307861
0.10443,1.6174817
0.104432,3.1431174
0.104434,4.252671
0.104436,4.8536773
0.104438,4.8536773
0.104439996,4.252671
0.104442,3.1431174
0.104444,1.6637135
0.104446,-0.046847343
0.104448,-1.7111769
0.10445,-3.1905808
0.104452,-4.3001337
0.104454,-4.85491
0.104456,-4.8086786
0.104458,-4.2076707
0.10446,-3.098118
0.104462,-1.5262513
0.104464,0.184309
0.104466,1.8486385
0.104468,3.3280425
0.10447,4.3913646
0.104472,4.8999095
0.104474,4.807446
0.104476,4.1602073
0.104478,2.9581914
0.10448,1.4325566
0.104482,-0.27800417
0.104484,-1.9423337
0.104485996,-3.3755062
0.104488,-4.4388275
0.10449,-4.9011416
0.104492,-4.7624474
0.104494,-4.068977
0.104496,-2.866961
0.104498,-1.3413262
0.1045,0.4154663
0.104502,2.0797954
0.104504,3.5129685
0.104506,4.483826
0.104508,4.8999095
0.10451,4.7149835
0.104512,4.0215135
0.104514,2.7732663
0.104516,1.2013993
0.104518,-0.5091615
0.10452,-2.1272593
0.104522,-3.5604317
0.104524,-4.5312905
0.104526,-4.9011416
0.104528,-4.716216
0.10453,-3.9302826
0.104532,-2.6820357
0.104534,-1.0639377
0.104536,0.6928544
0.104538,2.3109517
0.10454,3.6978936
0.104542,4.5762897
0.104544,4.8999095
0.104546,4.668752
0.104548,3.8365874
0.10455,2.542109
0.104552,0.970243
0.104554,-0.78654957
0.104556,-2.3584158
0.104558,-3.745357
0.10456,-4.623753
0.104562,-4.9011416
0.104563996,-4.623753
0.104566,-3.7915885
0.104568,-2.4508786
0.10457,-0.83278084
0.104572,0.92401123
0.104574,2.542109
0.104576,3.8365874
0.104578,4.668752
0.10458,4.8999095
0.104582,4.5762897
0.104584,3.6978936
0.104586,2.3109517
0.104588,0.7390857
0.10459,-1.0177064
0.104592,-2.589573
0.104594,-3.8840513
0.104596,-4.669985
0.104598,-4.9011416
0.1046,-4.5312905
0.104602,-3.6066632
0.104604,-2.2659533
0.104606,-0.601624
0.104608,1.1551685
0.104609996,2.727035
0.104612,3.9752812
0.104614,4.7149835
0.104616,4.8999095
0.104618,4.483826
0.10462,3.5129685
0.104622,2.126027
0.104624,0.46169758
0.104626,-1.2488632
0.104628,-2.7744985
0.10463,-4.068977
0.104632,-4.7624474
0.104634,-4.9011416
0.104636,-4.4388275
0.104638,-3.467969
0.10464,-2.0347965
0.104642,-0.32423592
0.104644,1.3863249
0.104646,2.9581914
0.104648,4.1602073
0.10465,4.807446
0.104652,4.8999095
0.104654,4.3913646
0.104656,3.3280425
0.104658,1.8948698
0.10466,0.23054075
0.104662,-1.48002
0.104664,-3.0056553
0.104666,-4.2076707
0.104668,-4.8086786
0.10467,-4.85491
0.104672,-4.346365
0.104674,-3.2830436
0.104676,-1.8036394
0.104678,-0.09307861
0.10468,1.6174817
0.104682,3.1431174
0.104684,4.252671
0.104686,4.8536773
0.104687996,4.8536773
0.10469,4.298901
0.104692,3.1431174
0.104694,1.6637135
0.104696,-0.046847343
0.104698,-1.7111769
0.1047,-3.1905808
0.104702,-4.3001337
0.104704,-4.85491
0.104706,-4.8086786
0.104708,-4.2076707
0.10471,-3.098118
0.104712,-1.5262513
0.104714,0.184309
0.104716,1.8486385
0.104718,3.3280425
0.10472,4.3913646
0.104722,4.8999095
0.104724,4.807446
0.104726,4.1602073
0.104728,2.9581914
0.10473,1.4325566
0.104732,-0.27800417
0.104733996,-1.9423337
0.104736,-3.3755062
0.104738,-4.4388275
0.10474,-4.9011416
0.104742,-4.7624474
0.104744,-4.068977
0.104746,-2.866961
0.104748,-1.3413262
0.10475,0.091846466
0.104752,0.50792885
0.104754,0.87777996
0.104756,1.2476311
0.104758,1.5712504
0.10476,1.9411016
0.104762,2.3109517
0.104764,2.6345725
0.104766,2.9581914
0.104768,3.23558
0.10477,3.5129685
0.104772,3.7903562
0.104774,4.0215135
0.104776,4.252671
0.104778,4.437596
0.10478,4.5762897
0.104782,4.7149835
0.104784,4.8536773
0.104786,4.946141
0.104788,4.992371
0.10479,5.0386033
0.104792,5.0386033
0.104794,5.0386033
0.104796,4.946141
0.104798,4.8999095
0.1048,4.7612157
0.104802,4.622521
0.104804,4.483826
0.104806,4.298901
0.104808,4.113976
0.10481,3.8365874
0.104811996,3.605431
0.104814,3.3280425
0.104816,3.0044227
0.104818,2.6808028
0.10482,2.357184
0.104822,2.033564
0.104824,1.6637135
0.104826,1.3400936
0.104828,0.970243
0.10483,0.60039186
0.104832,0.184309
0.104834,-0.18554163
0.104836,-0.55539227
0.104838,-0.9252434
0.10484,-1.2950945
0.104842,-1.6649456
0.104844,-1.9885652
0.104846,-2.3584158
0.104848,-2.6820357
0.10485,-3.0056553
0.104852,-3.2830436
0.104854,-3.5604317
0.104856,-3.8378198
0.104857996,-4.068977
0.10486,-4.3001337
0.104862,-4.4388275
0.104864,-4.623753
0.104866,-4.7624474
0.104868,-4.85491
0.10487,-4.947373
0.104872,-4.993604
0.104874,-5.0398355
0.104876,-4.993604
0.104878,-4.993604
0.10488,-4.9011416
0.104882,-4.8086786
0.104884,-4.716216
0.104886,-4.577522
0.104888,-4.4388275
0.10489,-4.2076707
0.104892,-4.022745
0.104894,-3.745357
0.104896,-3.5142004
0.104898,-3.1905808
0.1049,-2.9131925
0.104902,-2.589573
0.104904,-2.2659533
0.104906,-1.8961024
0.104908,-1.5262513
0.10491,-1.202632
0.104912,-0.83278084
0.104914,-0.46292973
0.104916,-0.046847343
0.104918,0.3230033
0.10492,0.6928544
0.104922,1.0627055
0.104924,1.4325566
0.104926,1.8024073
0.104928,2.126027
0.10493,2.4958777
0.104932,2.8194976
0.104934,3.0968862
0.104935996,3.420505
0.104938,3.6978936
0.10494,3.92905
0.104942,4.1602073
0.104944,4.3451324
0.104946,4.5300584
0.104948,4.668752
0.10495,4.807446
0.104952,4.8999095
0.104954,4.992371
0.104956,5.0386033
0.104958,5.0386033
0.10496,5.0386033
0.104962,4.992371
0.104964,4.8999095
0.104966,4.807446
0.104968,4.668752
0.10497,4.5300584
0.104972,4.3451324
0.104974,4.1602073
0.104976,3.92905
0.104978,3.6978936
0.10498,3.420505
0.104981996,3.0968862
0.104984,2.8194976
0.104986,2.4958777
0.104988,2.126027
0.10499,1.8024073
0.104992,1.4325566
0.104994,1.0627055
0.104996,0.6928544
0.104998,0.3230033
0.105,-0.046847343
0.105002,-0.41669846
0.105004,-0.83278084
0.105006,-1.202632
0.105008,-1.5262513
0.10501,-1.8961024
0.105012,-2.2197218
0.105014,-2.589573
0.105016,-2.9131925
0.105018,-3.1905808
0.10502,-3.5142004
0.105022,-3.745357
0.105024,-4.022745
0.105026,-4.2076707
0.105028,-4.4388275
0.10503,-4.577522
0.105032,-4.716216
0.105034,-4.8086786
0.105036,-4.9011416
0.105038,-4.993604
0.10504,-4.993604
0.105042,-5.0398355
0.105044,-4.993604
0.105046,-4.947373
0.105048,-4.85491
0.10505,-4.7624474
0.105052,-4.623753
0.105054,-4.4388275
0.105056,-4.3001337
0.105058,-4.068977
0.105059996,-3.8378198
0.105062,-3.6066632
0.105064,-3.329275
0.105066,-3.0056553
0.105068,-2.6820357
0.10507,-2.3584158
0.105072,-2.0347965
0.105074,-1.6649456
0.105076,-1.3413262
0.105078,-0.9252434
0.10508,-0.55539227
0.105082,-0.18554163
0.105084,0.184309
0.105086,0.60039186
0.105088,0.970243
0.10509,1.3400936
0.105092,1.6637135
0.105094,2.033564
0.105096,2.357184
0.105098,2.6808028
0.1051,3.0044227
0.105102,3.3280425
0.105104,3.605431
0.105105996,3.8365874
0.105108,4.0677447
0.10511,4.298901
0.105112,4.483826
0.105114,4.622521
0.105116,4.7612157
0.105118,4.8536773
0.10512,4.946141
0.105122,4.992371
0.105124,5.0386033
0.105126,5.0386033
0.105128,4.992371
0.10513,4.946141
0.105132,4.8536773
0.105134,4.7149835
0.105136,4.5762897
0.105138,4.437596
0.10514,4.252671
0.105142,4.0215135
0.105144,3.744125
0.105146,3.5129685
0.105148,3.23558
0.10515,2.9119601
0.105151996,2.5883412
0.105154,2.2647214
0.105156,1.8948698
0.105158,1.5712504
0.10516,1.2013993
0.105162,0.8315482
0.105164,0.46169758
0.105166,0.091846466
0.105168,-0.32423592
0.10517,-0.694087
0.105172,-1.0639377
0.105174,-1.4337888
0.105176,-1.7574081
0.105178,-2.1272593
0.10518,-2.4508786
0.105182,-2.7744985
0.105183996,-3.098118
0.105186,-3.4217377
0.105188,-3.6528945
0.10519,-3.9302826
0.105192,-4.1614394
0.105194,-4.346365
0.105196,-4.5312905
0.105198,-4.669985
0.1052,-4.8086786
0.105202,-4.9011416
0.105204,-4.947373
0.105206,-4.993604
0.105208,-5.0398355
0.10521,-4.993604
0.105212,-4.947373
0.105214,-4.9011416
0.105216,-4.8086786
0.105218,-4.669985
0.10522,-4.4850593
0.105222,-4.346365
0.105224,-4.1614394
0.105226,-3.9302826
0.105228,-3.6991258
0.105229996,-3.4217377
0.105232,-3.098118
0.105234,-2.8207297
0.105236,-2.4971101
0.105238,-2.1272593
0.10524,-1.8036394
0.105242,-1.4337888
0.105244,-1.0639377
0.105246,-0.694087
0.105248,-0.32423592
0.10525,0.091846466
0.105252,0.46169758
0.105254,0.8315482
0.105256,1.2013993
0.105258,1.5712504
0.10526,1.8948698
0.105262,2.2647214
0.105264,2.5883412
0.105266,2.9119601
0.105268,3.23558
0.10527,3.5129685
0.105272,3.7903562
0.105274,4.0215135
0.105275996,4.252671
0.105278,4.437596
0.10528,4.5762897
0.105282,4.7149835
0.105284,4.8536773
0.105286,4.946141
0.105288,4.992371
0.10529,5.0386033
0.105292,5.0386033
0.105294,4.992371
0.105296,4.946141
0.105298,4.8536773
0.1053,4.7612157
0.105302,4.622521
0.105304,4.483826
0.105306,4.298901
0.105307996,4.0677447
0.10531,3.8365874
0.105312,3.605431
0.105314,3.3280425
0.105316,3.0044227
0.105318,2.6808028
0.10532,2.357184
0.105322,2.033564
0.105324,1.6637135
0.105326,1.3400936
0.105328,0.970243
0.10533,0.60039186
0.105332,0.184309
0.105334,-0.18554163
0.105336,-0.55539227
0.105338,-0.9252434
0.10534,-1.2950945
0.105342,-1.6649456
0.105344,-1.9885652
0.105346,-2.3584158
0.105348,-2.6820357
0.10535,-3.0056553
0.105352,-3.2830436
0.105353996,-3.6066632
0.105356,-3.8378198
0.105358,-4.068977
0.10536,-4.3001337
0.105362,-4.4388275
0.105364,-4.623753
0.105366,-4.7624474
0.105368,-4.85491
0.10537,-4.947373
0.105372,-4.993604
0.105374,-5.0398355
0.105376,-4.993604
0.105378,-4.993604
0.10538,-4.9011416
0.105382,-4.8086786
0.105384,-4.716216
0.105386,-4.577522
0.105388,-4.4388275
0.10539,-4.2076707
0.105392,-4.022745
0.105394,-3.745357
0.105396,-3.5142004
0.105398,-3.236812
0.105399996,-2.9131925
0.105402,-2.589573
0.105404,-2.2659533
0.105406,-1.8961024
0.105408,-1.5262513
0.10541,-1.202632
0.105412,-0.83278084
0.105414,-0.46292973
0.105416,-0.046847343
0.105418,0.3230033
0.10542,0.6928544
0.105422,1.1089368
0.105424,1.4325566
0.105426,1.8024073
0.105428,2.126027
0.10543,2.4958777
0.105432,2.8194976
0.105434,3.1431174
0.105436,3.420505
0.105438,3.6978936
0.10544,3.92905
0.105442,4.1602073
0.105444,4.3913646
0.105446,4.5300584
0.105448,4.668752
0.10545,4.807446
0.105452,4.8999095
0.105454,4.992371
0.105456,5.0386033
0.105458,5.0386033
0.10546,5.0386033
0.105462,4.992371
0.105464,4.8999095
0.105466,4.807446
0.105468,4.668752
0.10547,4.5300584
0.105472,4.3451324
0.105474,4.1602073
0.105476,3.92905
0.105477996,3.6978936
0.10548,3.420505
0.105482,3.0968862
0.105484,2.8194976
0.105486,2.4958777
0.105488,2.126027
0.10549,1.8024073
0.105492,1.4325566
0.105494,1.0627055
0.105496,0.6928544
0.105498,0.3230033
0.1055,-0.046847343
0.105502,-0.46292973
0.105504,-0.83278084
0.105506,-1.202632
0.105508,-1.5262513
0.10551,-1.8961024
0.105512,-2.2197218
0.105514,-2.589573
0.105516,-2.9131925
0.105518,-3.1905808
0.10552,-3.5142004
0.105522,-3.745357
0.105523996,-4.022745
0.105526,-4.2076707
0.105528,-4.4388275
0.10553,-4.577522
0.105532,-4.716216
0.105534,-4.8086786
0.105536,-4.9011416
0.105538,-4.993604
0.10554,-4.993604
0.105542,-5.0398355
0.105544,-4.993604
0.105546,-4.947373
0.105548,-4.85491
0.10555,-4.7624474
0.105552,-4.623753
0.105554,-4.4388275
0.105556,-4.3001337
0.105558,-4.068977
0.10556,-3.8378198
0.105562,-3.6066632
0.105564,-3.329275
0.105566,-3.0056553
0.105568,-2.6820357
0.10557,-2.3584158
0.105572,-2.0347965
0.105574,-1.6649456
0.105576,-1.3413262
0.105578,-0.9252434
0.10558,-0.55539227
0.105582,-0.18554163
0.105584,0.184309
0.105586,0.60039186
0.105588,0.970243
0.10559,1.3400936
0.105592,1.6637135
0.105594,2.033564
0.105596,2.357184
0.105598,2.727035
0.1056,3.0044227
0.105601996,3.3280425
0.105604,3.605431
0.105606,3.8365874
0.105608,4.113976
0.10561,4.298901
0.105612,4.483826
0.105614,4.622521
0.105616,4.7612157
0.105618,4.8536773
0.10562,4.946141
0.105622,4.992371
0.105624,5.0386033
0.105626,5.0386033
0.105628,4.992371
0.10563,4.946141
0.105632,4.8536773
0.105634,4.7149835
0.105636,4.5762897
0.105638,4.437596
0.10564,4.252671
0.105642,4.0215135
0.105644,3.744125
0.105646,3.5129685
0.105647996,3.23558
0.10565,2.9119601
0.105652,2.5883412
0.105654,2.2647214
0.105656,1.8948698
0.105658,1.5712504
0.10566,1.2013993
0.105662,0.8315482
0.105664,0.46169758
0.105666,0.091846466
0.105668,-0.32423592
0.10567,-0.694087
0.105672,-1.0639377
0.105674,-1.4337888
0.105676,-1.7574081
0.105678,-2.1272593
0.10568,-2.4508786
0.105682,-2.7744985
0.105684,-3.098118
0.105686,-3.3755062
0.105688,-3.6528945
0.10569,-3.9302826
0.105692,-4.1614394
0.105694,-4.346365
0.105696,-4.4850593
0.105698,-4.669985
0.1057,-4.8086786
0.105702,-4.9011416
0.105704,-4.947373
0.105706,-4.993604
0.105708,-5.0398355
0.10571,-4.993604
0.105712,-4.947373
0.105714,-4.9011416
0.105716,-4.8086786
0.105718,-4.669985
0.10572,-4.5312905
0.105722,-4.346365
0.105724,-4.1614394
0.105725996,-3.9302826
0.105728,-3.6991258
0.10573,-3.4217377
0.105732,-3.098118
0.105734,-2.8207297
0.105736,-2.4971101
0.105738,-2.1272593
0.10574,-1.8036394
0.105742,-1.4337888
0.105744,-1.0639377
0.105746,-0.694087
0.105748,-0.32423592
0.10575,0.4154663
0.105752,2.033564
0.105754,3.4667363
0.105756,4.437596
0.105758,4.8536773
0.10576,4.7149835
0.105762,3.9752812
0.105764,2.727035
0.105766,1.1551685
0.105768,-0.55539227
0.10577,-2.1734905
0.105771996,-3.6066632
0.105774,-4.5312905
0.105776,-4.9011416
0.105778,-4.716216
0.10578,-3.9302826
0.105782,-2.6820357
0.105784,-1.1101689
0.105786,0.64662313
0.105788,2.3109517
0.10579,3.6978936
0.105792,4.5762897
0.105794,4.8999095
0.105796,4.668752
0.105798,3.8365874
0.1058,2.542109
0.105802,0.970243
0.105804,-0.78654957
0.105806,-2.3584158
0.105808,-3.745357
0.10581,-4.623753
0.105812,-4.9011416
0.105814,-4.623753
0.105816,-3.7915885
0.105818,-2.4508786
0.10582,-0.83278084
0.105822,0.92401123
0.105824,2.542109
0.105826,3.8365874
0.105828,4.668752
0.10583,4.8999095
0.105832,4.5762897
0.105834,3.6978936
0.105836,2.3109517
0.105838,0.6928544
0.10584,-1.0177064
0.105842,-2.589573
0.105844,-3.8840513
0.105846,-4.669985
0.105848,-4.9011416
0.105849996,-4.5312905
0.105852,-3.6066632
0.105854,-2.2197218
0.105856,-0.601624
0.105858,1.1551685
0.10586,2.727035
0.105862,4.0215135
0.105864,4.7149835
0.105866,4.8999095
0.105868,4.483826
0.10587,3.5129685
0.105872,2.126027
0.105874,0.46169758
0.105876,-1.2488632
0.105878,-2.8207297
0.10588,-4.068977
0.105882,-4.7624474
0.105884,-4.9011416
0.105886,-4.4388275
0.105888,-3.4217377
0.10589,-2.0347965
0.105892,-0.32423592
0.105894,1.4325566
0.105895996,2.9581914
0.105898,4.1602073
0.1059,4.807446
0.105902,4.8999095
0.105904,4.3913646
0.105906,3.3280425
0.105908,1.8948698
0.10591,0.23054075
0.105912,-1.48002
0.105914,-3.0056553
0.105916,-4.2076707
0.105918,-4.8086786
0.10592,-4.85491
0.105922,-4.346365
0.105924,-3.2830436
0.105926,-1.7574081
0.105928,-0.09307861
0.10593,1.6174817
0.105932,3.1431174
0.105934,4.298901
0.105936,4.8536773
0.105938,4.8536773
0.10594,4.252671
0.105942,3.1431174
0.105944,1.6637135
0.105946,-0.046847343
0.105948,-1.7111769
0.10595,-3.1905808
0.105952,-4.3001337
0.105954,-4.85491
0.105956,-4.8086786
0.105958,-4.2076707
0.10596,-3.0518866
0.105962,-1.5262513
0.105964,0.184309
0.105966,1.8486385
0.105968,3.3280425
0.10597,4.3913646
0.105972,4.8999095
0.105973996,4.807446
0.105976,4.1602073
0.105978,2.9581914
0.10598,1.4325566
0.105982,-0.27800417
0.105984,-1.9423337
0.105986,-3.3755062
0.105988,-4.4388275
0.10599,-4.9011416
0.105992,-4.7624474
0.105994,-4.068977
0.105996,-2.866961
0.105998,-1.3413262
0.106,0.4154663
0.106002,2.0797954
0.106004,3.5129685
0.106006,4.483826
0.106008,4.8999095
0.10601,4.7149835
0.106012,3.9752812
0.106014,2.727035
0.106016,1.2013993
0.106018,-0.5091615
0.106019996,-2.1734905
0.106022,-3.5604317
0.106024,-4.5312905
0.106026,-4.9011416
0.106028,-4.669985
0.10603,-3.9302826
0.106032,-2.6820357
0.106034,-1.0639377
0.106036,0.6928544
0.106038,2.3109517
0.10604,3.6978936
0.106042,4.5762897
0.106044,4.8999095
0.106046,4.668752
0.106048,3.8365874
0.10605,2.542109
0.106052,0.970243
0.106054,-0.78654957
0.106056,-2.3584158
0.106058,-3.745357
0.10606,-4.623753
0.106062,-4.9011416
0.106064,-4.623753
0.106066,-3.7915885
0.106068,-2.4508786
0.10607,-0.83278084
0.106072,0.92401123
0.106074,2.542109
0.106076,3.8365874
0.106078,4.668752
0.10608,4.8999095
0.106082,4.5762897
0.106084,3.6978936
0.106086,2.3109517
0.106088,0.6928544
0.10609,-1.0177064
0.106092,-2.589573
0.106094,-3.8840513
0.106096,-4.669985
0.106097996,-4.9011416
0.1061,-4.5312905
0.106102,-3.6066632
0.106104,-2.2197218
0.106106,-0.55539227
0.106108,1.1551685
0.10611,2.727035
0.106112,4.0215135
0.106114,4.7149835
0.106116,4.8999095
0.106118,4.483826
0.10612,3.5129685
0.106122,2.126027
0.106124,0.46169758
0.106126,-1.2488632
0.106128,-2.8207297
0.10613,-4.068977
0.106132,-4.7624474
0.106134,-4.9011416
0.106136,-4.4388275
0.106138,-3.4217377
0.10614,-1.9885652
0.106142,-0.32423592
0.106143996,1.4325566
0.106146,2.9581914
0.106148,4.1602073
0.10615,4.807446
0.106152,4.8999095
0.106154,4.3913646
0.106156,3.3280425
0.106158,1.8948698
0.10616,0.23054075
0.106162,-1.48002
0.106164,-3.0056553
0.106166,-4.2076707
0.106168,-4.8086786
0.10617,-4.85491
0.106172,-4.346365
0.106174,-3.2830436
0.106176,-1.7574081
0.106178,-0.09307861
0.10618,1.6174817
0.106182,3.1431174
0.106184,4.298901
0.106186,4.8536773
0.106188,4.8536773
0.10619,4.252671
0.106192,3.1431174
0.106194,1.6637135
0.106196,-0.046847343
0.106198,-1.7111769
0.1062,-3.1905808
0.106202,-4.3001337
0.106204,-4.85491
0.106206,-4.8086786
0.106208,-4.2076707
0.10621,-3.0518866
0.106212,-1.5262513
0.106214,0.184309
0.106216,1.8486385
0.106218,3.3280425
0.10622,4.3913646
0.106221996,4.8999095
0.106224,4.807446
0.106226,4.1602073
0.106228,2.9581914
0.10623,1.4325566
0.106232,-0.27800417
0.106234,-1.9423337
0.106236,-3.3755062
0.106238,-4.4388275
0.10624,-4.9011416
0.106242,-4.7624474
0.106244,-4.068977
0.106246,-2.866961
0.106248,-1.3413262
0.10625,0.4154663
0.106252,2.0797954
0.106254,3.5129685
0.106256,4.483826
0.106258,4.8999095
0.10626,4.7149835
0.106262,3.9752812
0.106264,2.7732663
0.106266,1.2013993
0.106267996,-0.5091615
0.10627,-2.1734905
0.106272,-3.5604317
0.106274,-4.5312905
0.106276,-4.9011416
0.106278,-4.669985
0.10628,-3.9302826
0.106282,-2.6820357
0.106284,-1.0639377
0.106286,0.6928544
0.106288,2.3109517
0.10629,3.6978936
0.106292,4.5762897
0.106294,4.8999095
0.106296,4.668752
0.106298,3.8365874
0.1063,2.542109
0.106302,0.970243
0.106304,-0.78654957
0.106306,-2.3584158
0.106308,-3.745357
0.10631,-4.623753
0.106312,-4.9011416
0.106313996,-4.623753
0.106316,-3.7915885
0.106318,-2.4508786
0.10632,-0.83278084
0.106322,0.92401123
0.106324,2.542109
0.106326,3.8365874
0.106328,4.668752
0.10633,4.8999095
0.106332,4.5762897
0.106334,3.6978936
0.106336,2.3109517
0.106338,0.6928544
0.10634,-1.0177064
0.106342,-2.589573
0.106344,-3.8840513
0.106345996,-4.669985
0.106348,-4.9011416
0.10635,-4.5312905
0.106352,-3.6066632
0.106354,-2.2197218
0.106356,-0.601624
0.106358,1.1551685
0.10636,2.727035
0.106362,4.0215135
0.106364,4.7149835
0.106366,4.8999095
0.106368,4.483826
0.10637,3.5129685
0.106372,2.126027
0.106374,0.46169758
0.106376,-1.2488632
0.106378,-2.8207297
0.10638,-4.068977
0.106382,-4.7624474
0.106384,-4.9011416
0.106386,-4.4388275
0.106388,-3.4217377
0.10639,-1.9885652
0.106391996,-0.32423592
0.106394,1.4325566
0.106396,2.9581914
0.106398,4.1602073
0.1064,4.807446
0.106402,4.8999095
0.106404,4.3913646
0.106406,3.3280425
0.106408,1.8948698
0.10641,0.23054075
0.106412,-1.48002
0.106414,-3.0056553
0.106416,-4.2076707
0.106418,-4.8086786
0.10642,-4.85491
0.106422,-4.346365
0.106424,-3.2830436
0.106426,-1.7574081
0.106428,-0.09307861
0.10643,1.6174817
0.106432,3.1431174
0.106434,4.298901
0.106436,4.8536773
0.106437996,4.8536773
0.10644,4.252671
0.106442,3.1431174
0.106444,1.6637135
0.106446,-0.046847343
0.106448,-1.7111769
0.10645,-3.1905808
0.106452,-4.346365
0.106454,-4.85491
0.106456,-4.8086786
0.106458,-4.2076707
0.10646,-3.0518866
0.106462,-1.5262513
0.106464,0.184309
0.106466,1.8486385
0.106468,3.3280425
0.106469996,4.3913646
0.106472,4.8999095
0.106474,4.807446
0.106476,4.1602073
0.106478,2.9581914
0.10648,1.4325566
0.106482,-0.27800417
0.106484,-1.9423337
0.106486,-3.4217377
0.106488,-4.4388275
0.10649,-4.9011416
0.106492,-4.7624474
0.106494,-4.068977
0.106496,-2.866961
0.106498,-1.3413262
0.1065,0.4154663
0.106502,2.0797954
0.106504,3.5129685
0.106506,4.483826
0.106508,4.8999095
0.10651,4.7149835
0.106512,3.9752812
0.106514,2.727035
0.106515996,1.2013993
0.106518,-0.5091615
0.10652,-2.1734905
0.106522,-3.5604317
0.106524,-4.5312905
0.106526,-4.9011416
0.106528,-4.669985
0.10653,-3.9302826
0.106532,-2.6820357
0.106534,-1.0639377
0.106536,0.6928544
0.106538,2.3109517
0.10654,3.6978936
0.106542,4.5762897
0.106544,4.8999095
0.106546,4.668752
0.106548,3.8365874
0.10655,2.542109
0.106552,0.970243
0.106554,-0.78654957
0.106556,-2.3584158
0.106558,-3.745357
0.10656,-4.623753
0.106561996,-4.9011416
0.106564,-4.623753
0.106566,-3.7915885
0.106568,-2.4508786
0.10657,-0.83278084
0.106572,0.92401123
0.106574,2.542109
0.106576,3.8365874
0.106578,4.668752
0.10658,4.8999095
0.106582,4.5762897
0.106584,3.6978936
0.106586,2.3109517
0.106588,0.6928544
0.10659,-1.0177064
0.106592,-2.589573
0.106594,-3.8840513
0.106596,-4.669985
0.106598,-4.9011416
0.1066,-4.5312905
0.106602,-3.6066632
0.106604,-2.2197218
0.106606,-0.55539227
0.106608,1.1551685
0.10661,2.727035
0.106612,4.0215135
0.106614,4.7149835
0.106616,4.8999095
0.106618,4.483826
0.10662,3.5129685
0.106622,2.0797954
0.106624,0.46169758
0.106626,-1.2488632
0.106628,-2.8207297
0.10663,-4.068977
0.106632,-4.7624474
0.106634,-4.9011416
0.106636,-4.4388275
0.106638,-3.4217377
0.106639996,-1.9885652
0.106642,-0.32423592
0.106644,1.4325566
0.106646,2.9581914
0.106648,4.1602073
0.10665,4.807446
0.106652,4.8999095
0.106654,4.3913646
0.106656,3.3280425
0.106658,1.8948698
0.10666,0.23054075
0.106662,-1.48002
0.106664,-3.0056553
0.106666,-4.2076707
0.106668,-4.8086786
0.10667,-4.85491
0.106672,-4.346365
0.106674,-3.2830436
0.106676,-1.7574081
0.106678,-0.09307861
0.10668,1.6174817
0.106682,3.1431174
0.106684,4.298901
0.106685996,4.8536773
0.106688,4.8536773
0.10669,4.252671
0.106692,3.1431174
0.106694,1.6637135
0.106696,-0.046847343
0.106698,-1.7111769
0.1067,-3.1905808
0.106702,-4.346365
0.106704,-4.85491
0.106706,-4.8086786
0.106708,-4.2076707
0.10671,-3.0518866
0.106712,-1.5262513
0.106714,0.184309
0.106716,1.8486385
0.106718,3.3280425
0.10672,4.3913646
0.106722,4.8999095
0.106724,4.807446
0.106726,4.1602073
0.106728,2.9581914
0.10673,1.4325566
0.106732,-0.27800417
0.106734,-1.9423337
0.106736,-3.4217377
0.106738,-4.4388275
0.10674,-4.9011416
0.106742,-4.7624474
0.106744,-4.068977
0.106746,-2.866961
0.106748,-1.2950945
0.10675,0.091846466
0.106752,0.50792885
0.106754,0.87777996
0.106756,1.2476311
0.106758,1.5712504
0.10676,1.9411016
0.106762,2.3109517
0.106763996,2.6345725
0.106766,2.9581914
0.106768,3.23558
0.10677,3.5129685
0.106772,3.7903562
0.106774,4.0215135
0.106776,4.252671
0.106778,4.437596
0.10678,4.5762897
0.106782,4.7149835
0.106784,4.8536773
0.106786,4.946141
0.106788,4.992371
0.10679,5.0386033
0.106792,5.0386033
0.106794,4.992371
0.106796,4.946141
0.106798,4.8999095
0.1068,4.7612157
0.106802,4.622521
0.106804,4.483826
0.106806,4.298901
0.106808,4.113976
0.106809996,3.8365874
0.106812,3.605431
0.106814,3.3280425
0.106816,3.0044227
0.106818,2.6808028
0.10682,2.357184
0.106822,2.033564
0.106824,1.6637135
0.106826,1.3400936
0.106828,0.970243
0.10683,0.60039186
0.106832,0.184309
0.106834,-0.18554163
0.106836,-0.55539227
0.106838,-0.9252434
0.10684,-1.2950945
0.106842,-1.6649456
0.106844,-2.0347965
0.106846,-2.3584158
0.106848,-2.6820357
0.10685,-3.0056553
0.106852,-3.2830436
0.106854,-3.6066632
0.106856,-3.8378198
0.106858,-4.068977
0.10686,-4.3001337
0.106862,-4.4388275
0.106864,-4.623753
0.106866,-4.7624474
0.106868,-4.85491
0.10687,-4.947373
0.106872,-4.993604
0.106874,-5.0398355
0.106876,-4.993604
0.106878,-4.993604
0.10688,-4.9011416
0.106882,-4.8086786
0.106884,-4.716216
0.106886,-4.577522
0.106887996,-4.4388275
0.10689,-4.2076707
0.106892,-4.022745
0.106894,-3.745357
0.106896,-3.5142004
0.106898,-3.1905808
0.1069,-2.9131925
0.106902,-2.589573
0.106904,-2.2659533
0.106906,-1.8961024
0.106908,-1.5262513
0.10691,-1.202632
0.106912,-0.83278084
0.106914,-0.46292973
0.106916,-0.046847343
0.106918,0.3230033
0.10692,0.6928544
0.106922,1.1089368
0.106924,1.4787879
0.106926,1.8024073
0.106928,2.126027
0.10693,2.4958777
0.106932,2.8194976
0.106933996,3.1431174
0.106936,3.420505
0.106938,3.6978936
0.10694,3.92905
0.106942,4.1602073
0.106944,4.3913646
0.106946,4.5300584
0.106948,4.668752
0.10695,4.807446
0.106952,4.8999095
0.106954,4.992371
0.106956,5.0386033
0.106958,5.0386033
0.10696,5.0386033
0.106962,4.992371
0.106964,4.8999095
0.106966,4.807446
0.106968,4.668752
0.10697,4.5300584
0.106972,4.3451324
0.106974,4.1602073
0.106976,3.92905
0.106978,3.6978936
0.10698,3.420505
0.106982,3.0968862
0.106984,2.8194976
0.106986,2.4958777
0.106988,2.126027
0.10699,1.8024073
0.106992,1.4325566
0.106994,1.0627055
0.106996,0.6928544
0.106998,0.3230033
0.107,-0.046847343
0.107002,-0.46292973
0.107004,-0.83278084
0.107006,-1.202632
0.107008,-1.5262513
0.10701,-1.8961024
0.107011996,-2.2197218
0.107014,-2.589573
0.107016,-2.9131925
0.107018,-3.1905808
0.10702,-3.5142004
0.107022,-3.745357
0.107024,-4.022745
0.107026,-4.2076707
0.107028,-4.4388275
0.10703,-4.577522
0.107032,-4.716216
0.107034,-4.8086786
0.107036,-4.9011416
0.107038,-4.993604
0.10704,-4.993604
0.107042,-5.0398355
0.107044,-4.993604
0.107046,-4.947373
0.107048,-4.85491
0.10705,-4.7624474
0.107052,-4.623753
0.107054,-4.4388275
0.107056,-4.3001337
0.107057996,-4.068977
0.10706,-3.8378198
0.107062,-3.6066632
0.107064,-3.329275
0.107066,-3.0056553
0.107068,-2.6820357
0.10707,-2.3584158
0.107072,-2.0347965
0.107074,-1.6649456
0.107076,-1.3413262
0.107078,-0.9252434
0.10708,-0.55539227
0.107082,-0.18554163
0.107084,0.184309
0.107086,0.60039186
0.107088,0.970243
0.10709,1.3400936
0.107092,1.6637135
0.107094,2.033564
0.107096,2.357184
0.107098,2.727035
0.1071,3.0044227
0.107102,3.3280425
0.107104,3.605431
0.107106,3.8365874
0.107108,4.113976
0.10711,4.298901
0.107112,4.483826
0.107114,4.622521
0.107116,4.7612157
0.107118,4.8536773
0.10712,4.946141
0.107122,4.992371
0.107124,5.0386033
0.107126,5.0386033
0.107128,4.992371
0.10713,4.946141
0.107132,4.8536773
0.107134,4.7149835
0.107135996,4.5762897
0.107138,4.437596
0.10714,4.252671
0.107142,4.0215135
0.107144,3.744125
0.107146,3.5129685
0.107148,3.23558
0.10715,2.9119601
0.107152,2.5883412
0.107154,2.2647214
0.107156,1.8948698
0.107158,1.5712504
0.10716,1.2013993
0.107162,0.8315482
0.107164,0.46169758
0.107166,0.091846466
0.107168,-0.32423592
0.10717,-0.694087
0.107172,-1.0639377
0.107174,-1.4337888
0.107176,-1.7574081
0.107178,-2.1272593
0.10718,-2.4508786
0.107181996,-2.7744985
0.107184,-3.098118
0.107186,-3.4217377
0.107188,-3.6528945
0.10719,-3.9302826
0.107192,-4.1614394
0.107194,-4.346365
0.107196,-4.5312905
0.107198,-4.669985
0.1072,-4.8086786
0.107202,-4.9011416
0.107204,-4.947373
0.107206,-4.993604
0.107208,-5.0398355
0.10721,-4.993604
0.107212,-4.947373
0.107214,-4.9011416
0.107216,-4.8086786
0.107218,-4.669985
0.10722,-4.5312905
0.107222,-4.346365
0.107224,-4.1614394
0.107226,-3.9302826
0.107228,-3.6528945
0.10723,-3.4217377
0.107232,-3.098118
0.107234,-2.8207297
0.107236,-2.4971101
0.107238,-2.1272593
0.10724,-1.8036394
0.107242,-1.4337888
0.107244,-1.0639377
0.107246,-0.694087
0.107248,-0.32423592
0.10725,0.091846466
0.107252,0.46169758
0.107254,0.8315482
0.107256,1.2013993
0.107258,1.5712504
0.107259996,1.8948698
0.107262,2.2647214
0.107264,2.5883412
0.107266,2.9119601
0.107268,3.23558
0.10727,3.5129685
0.107272,3.7903562
0.107274,4.0215135
0.107276,4.252671
0.107278,4.437596
0.10728,4.5762897
0.107282,4.7149835
0.107284,4.8536773
0.107286,4.946141
0.107288,4.992371
0.10729,5.0386033
0.107292,5.0386033
0.107294,4.992371
0.107296,4.946141
0.107298,4.8536773
0.1073,4.7612157
0.107302,4.622521
0.107304,4.483826
0.107305996,4.298901
0.107308,4.0677447
0.10731,3.8365874
0.107312,3.605431
0.107314,3.3280425
0.107316,3.0044227
0.107318,2.6808028
0.10732,2.357184
0.107322,2.033564
0.107324,1.6637135
0.107326,1.3400936
0.107328,0.970243
0.10733,0.60039186
0.107332,0.184309
0.107334,-0.18554163
0.107336,-0.55539227
0.107338,-0.9252434
0.10734,-1.2950945
0.107342,-1.6649456
0.107344,-2.0347965
0.107346,-2.3584158
0.107348,-2.6820357
0.10735,-3.0056553
0.107351996,-3.2830436
0.107354,-3.6066632
0.107356,-3.8378198
0.107358,-4.068977
0.10736,-4.3001337
0.107362,-4.4388275
0.107364,-4.623753
0.107366,-4.7624474
0.107368,-4.85491
0.10737,-4.947373
0.107372,-4.993604
0.107374,-5.0398355
0.107376,-4.993604
0.107378,-4.993604
0.10738,-4.9011416
0.107382,-4.8086786
0.107383996,-4.716216
0.107386,-4.577522
0.107388,-4.4388275
0.10739,-4.2076707
0.107392,-4.022745
0.107394,-3.745357
0.107396,-3.5142004
0.107398,-3.1905808
0.1074,-2.9131925
0.107402,-2.589573
0.107404,-2.2659533
0.107406,-1.8961024
0.107408,-1.5262513
0.10741,-1.202632
0.107412,-0.83278084
0.107414,-0.46292973
0.107416,-0.046847343
0.107418,0.3230033
0.10742,0.6928544
0.107422,1.0627055
0.107424,1.4787879
0.107426,1.8024073
0.107428,2.126027
0.107429996,2.4958777
0.107432,2.8194976
0.107434,3.1431174
0.107436,3.420505
0.107438,3.6978936
0.10744,3.92905
0.107442,4.1602073
0.107444,4.3913646
0.107446,4.5300584
0.107448,4.668752
0.10745,4.807446
0.107452,4.8999095
0.107454,4.992371
0.107456,5.0386033
0.107458,5.0386033
0.10746,5.0386033
0.107462,4.992371
0.107464,4.8999095
0.107466,4.807446
0.107468,4.668752
0.10747,4.5300584
0.107472,4.3451324
0.107474,4.1602073
0.107475996,3.92905
0.107478,3.6978936
0.10748,3.420505
0.107482,3.0968862
0.107484,2.8194976
0.107486,2.4958777
0.107488,2.126027
0.10749,1.8024073
0.107492,1.4325566
0.107494,1.0627055
0.107496,0.6928544
0.107498,0.3230033
0.1075,-0.046847343
0.107502,-0.46292973
0.107504,-0.83278084
0.107506,-1.202632
0.107507996,-1.5262513
0.10751,-1.8961024
0.107512,-2.2197218
0.107514,-2.589573
0.107516,-2.9131925
0.107518,-3.1905808
0.10752,-3.5142004
0.107522,-3.745357
0.107524,-4.022745
0.107526,-4.2076707
0.107528,-4.4388275
0.10753,-4.577522
0.107532,-4.716216
0.107534,-4.8086786
0.107536,-4.9011416
0.107538,-4.993604
0.10754,-4.993604
0.107542,-5.0398355
0.107544,-4.993604
0.107546,-4.947373
0.107548,-4.85491
0.10755,-4.7624474
0.107552,-4.623753
0.107553996,-4.4388275
0.107556,-4.3001337
0.107558,-4.068977
0.10756,-3.8378198
0.107562,-3.6066632
0.107564,-3.329275
0.107566,-3.0056553
0.107568,-2.6820357
0.10757,-2.3584158
0.107572,-2.0347965
0.107574,-1.6649456
0.107576,-1.3413262
0.107578,-0.9252434
0.10758,-0.55539227
0.107582,-0.18554163
0.107584,0.184309
0.107586,0.60039186
0.107588,0.970243
0.10759,1.3400936
0.107592,1.6637135
0.107594,2.033564
0.107596,2.357184
0.107598,2.6808028
0.107599996,3.0044227
0.107602,3.3280425
0.107604,3.605431
0.107606,3.8365874
0.107608,4.0677447
0.10761,4.298901
0.107612,4.483826
0.107614,4.622521
0.107616,4.7612157
0.107618,4.8536773
0.10762,4.946141
0.107622,4.992371
0.107624,5.0386033
0.107626,5.0386033
0.107628,4.992371
0.10763,4.946141
0.107631996,4.8536773
0.107634,4.7149835
0.107636,4.5762897
0.107638,4.437596
0.10764,4.252671
0.107642,4.0215135
0.107644,3.744125
0.107646,3.5129685
0.107648,3.23558
0.10765,2.9119601
0.107652,2.5883412
0.107654,2.2647214
0.107656,1.8948698
0.107658,1.5712504
0.10766,1.2013993
0.107662,0.8315482
0.107664,0.46169758
0.107666,0.091846466
0.107668,-0.32423592
0.10767,-0.694087
0.107672,-1.0639377
0.107674,-1.4337888
0.107676,-1.7574081
0.107677996,-2.1272593
0.10768,-2.4508786
0.107682,-2.7744985
0.107684,-3.098118
0.107686,-3.4217377
0.107688,-3.6528945
0.10769,-3.9302826
0.107692,-4.1614394
0.107694,-4.346365
0.107696,-4.5312905
0.107698,-4.669985
0.1077,-4.8086786
0.107702,-4.9011416
0.107704,-4.947373
0.107706,-4.993604
0.107708,-5.0398355
0.10771,-4.993604
0.107712,-4.947373
0.107714,-4.9011416
0.107716,-4.8086786
0.107718,-4.669985
0.10772,-4.5312905
0.107722,-4.346365
0.107723996,-4.1614394
0.107726,-3.9302826
0.107728,-3.6991258
0.10773,-3.4217377
0.107732,-3.098118
0.107734,-2.8207297
0.107736,-2.4971101
0.107738,-2.1272593
0.10774,-1.7574081
0.107742,-1.4337888
0.107744,-1.0639377
0.107746,-0.694087
0.107748,-0.32423592
0.10775,0.46169758
0.107752,2.033564
0.107754,3.4667363
0.107756,4.437596
0.107758,4.8536773
0.10776,4.7149835
0.107762,3.9752812
0.107764,2.727035
0.107766,1.1551685
0.107768,-0.55539227
0.10777,-2.1734905
0.107772,-3.6066632
0.107774,-4.5312905
0.107776,-4.9011416
0.107778,-4.716216
0.10778,-3.9302826
0.107782,-2.6820357
0.107784,-1.0639377
0.107786,0.6928544
0.107788,2.3109517
0.10779,3.6978936
0.107792,4.5762897
0.107794,4.8999095
0.107796,4.622521
0.107798,3.8365874
0.1078,2.542109
0.107801996,0.92401123
0.107804,-0.78654957
0.107806,-2.4046474
0.107808,-3.745357
0.10781,-4.623753
0.107812,-4.9011416
0.107814,-4.623753
0.107816,-3.7915885
0.107818,-2.4508786
0.10782,-0.83278084
0.107822,0.92401123
0.107824,2.542109
0.107826,3.8365874
0.107828,4.668752
0.10783,4.8999095
0.107832,4.5762897
0.107834,3.6978936
0.107836,2.3109517
0.107838,0.6928544
0.10784,-1.0177064
0.107842,-2.589573
0.107844,-3.9302826
0.107846,-4.669985
0.107847996,-4.9011416
0.10785,-4.5312905
0.107852,-3.6066632
0.107854,-2.2197218
0.107856,-0.55539227
0.107858,1.1551685
0.10786,2.727035
0.107862,4.0215135
0.107864,4.7149835
0.107866,4.8999095
0.107868,4.483826
0.10787,3.5129685
0.107872,2.0797954
0.107874,0.46169758
0.107876,-1.2488632
0.107878,-2.8207297
0.10788,-4.068977
0.107882,-4.7624474
0.107884,-4.9011416
0.107886,-4.4388275
0.107888,-3.4217377
0.10789,-1.9885652
0.107892,-0.32423592
0.107894,1.4325566
0.107896,2.9581914
0.107898,4.1602073
0.1079,4.807446
0.107902,4.8999095
0.107904,4.3913646
0.107906,3.3280425
0.107908,1.8486385
0.10791,0.23054075
0.107912,-1.48002
0.107914,-3.0056553
0.107916,-4.2076707
0.107918,-4.8086786
0.10792,-4.85491
0.107922,-4.346365
0.107924,-3.236812
0.107925996,-1.7574081
0.107928,-0.09307861
0.10793,1.6174817
0.107932,3.1431174
0.107934,4.298901
0.107936,4.8536773
0.107938,4.8536773
0.10794,4.252671
0.107942,3.1431174
0.107944,1.6174817
0.107946,-0.046847343
0.107948,-1.7111769
0.10795,-3.1905808
0.107952,-4.346365
0.107954,-4.85491
0.107956,-4.8086786
0.107958,-4.2076707
0.10796,-3.0518866
0.107962,-1.5262513
0.107964,0.184309
0.107966,1.8486385
0.107968,3.3280425
0.10797,4.3913646
0.107971996,4.8999095
0.107974,4.807446
0.107976,4.113976
0.107978,2.9581914
0.10798,1.4325566
0.107982,-0.27800417
0.107984,-1.9423337
0.107986,-3.4217377
0.107988,-4.4388275
0.10799,-4.9011416
0.107992,-4.7624474
0.107994,-4.068977
0.107996,-2.866961
0.107998,-1.2950945
0.108,0.4154663
0.108002,2.0797954
0.108004,3.5129685
0.108006,4.483826
0.108008,4.8999095
0.10801,4.7149835
0.108012,3.9752812
0.108014,2.727035
0.108016,1.2013993
0.108018,-0.55539227
0.10802,-2.1734905
0.108022,-3.6066632
0.108024,-4.5312905
0.108026,-4.9011416
0.108028,-4.669985
0.10803,-3.9302826
0.108032,-2.6820357
0.108034,-1.0639377
0.108036,0.6928544
0.108038,2.3109517
0.10804,3.6978936
0.108042,4.5762897
0.108044,4.8999095
0.108046,4.668752
0.108048,3.8365874
0.108049996,2.542109
0.108052,0.92401123
0.108054,-0.78654957
0.108056,-2.3584158
0.108058,-3.745357
0.10806,-4.623753
0.108062,-4.9011416
0.108064,-4.623753
0.108066,-3.7915885
0.108068,-2.4508786
0.10807,-0.83278084
0.108072,0.92401123
0.108074,2.542109
0.108076,3.8365874
0.108078,4.668752
0.10808,4.8999095
0.108082,4.5762897
0.108084,3.6978936
0.108086,2.3109517
0.108088,0.6928544
0.10809,-1.0177064
0.108092,-2.589573
0.108094,-3.9302826
0.108095996,-4.669985
0.108098,-4.9011416
0.1081,-4.5312905
0.108102,-3.6066632
0.108104,-2.2197218
0.108106,-0.55539227
0.108108,1.2013993
0.10811,2.7732663
0.108112,4.0215135
0.108114,4.7149835
0.108116,4.8999095
0.108118,4.483826
0.10812,3.5129685
0.108122,2.0797954
0.108124,0.46169758
0.108126,-1.2488632
0.108128,-2.8207297
0.10813,-4.068977
0.108132,-4.7624474
0.108134,-4.9011416
0.108136,-4.4388275
0.108138,-3.4217377
0.10814,-1.9885652
0.108142,-0.32423592
0.108144,1.4325566
0.108146,2.9581914
0.108148,4.1602073
0.10815,4.807446
0.108152,4.8999095
0.108154,4.3913646
0.108156,3.3280425
0.108158,1.8486385
0.10816,0.184309
0.108162,-1.48002
0.108164,-3.0056553
0.108166,-4.2076707
0.108168,-4.8086786
0.10817,-4.85491
0.108172,-4.346365
0.108173996,-3.236812
0.108176,-1.7574081
0.108178,-0.046847343
0.10818,1.6174817
0.108182,3.1431174
0.108184,4.298901
0.108186,4.8536773
0.108188,4.8536773
0.10819,4.252671
0.108192,3.1431174
0.108194,1.6174817
0.108196,-0.046847343
0.108198,-1.7111769
0.1082,-3.236812
0.108202,-4.346365
0.108204,-4.85491
0.108206,-4.8086786
0.108208,-4.2076707
0.10821,-3.0518866
0.108212,-1.5262513
0.108214,0.184309
0.108216,1.8486385
0.108218,3.3280425
0.108219996,4.3913646
0.108222,4.8999095
0.108224,4.807446
0.108226,4.113976
0.108228,2.9581914
0.10823,1.4325566
0.108232,-0.27800417
0.108234,-1.9423337
0.108236,-3.4217377
0.108238,-4.4388275
0.10824,-4.9011416
0.108242,-4.7624474
0.108244,-4.068977
0.108246,-2.866961
0.108248,-1.2950945
0.10825,0.4154663
0.108252,2.0797954
0.108254,3.5129685
0.108256,4.483826
0.108258,4.8999095
0.10826,4.7149835
0.108262,3.9752812
0.108264,2.727035
0.108266,1.2013993
0.108268,-0.55539227
0.10827,-2.1734905
0.108272,-3.6066632
0.108274,-4.5312905
0.108276,-4.9011416
0.108278,-4.669985
0.10828,-3.9302826
0.108282,-2.6820357
0.108284,-1.0639377
0.108286,0.6928544
0.108288,2.3109517
0.10829,3.6978936
0.108292,4.5762897
0.108294,4.8999095
0.108296,4.668752
0.108297996,3.8365874
0.1083,2.542109
0.108302,0.92401123
0.108304,-0.78654957
0.108306,-2.3584158
0.108308,-3.745357
0.10831,-4.623753
0.108312,-4.9011416
0.108314,-4.623753
0.108316,-3.7915885
0.108318,-2.4508786
0.10832,-0.83278084
0.108322,0.92401123
0.108324,2.542109
0.108326,3.8365874
0.108328,4.668752
0.10833,4.8999095
0.108332,4.5762897
0.108334,3.6978936
0.108336,2.3109517
0.108338,0.6928544
0.10834,-1.0177064
0.108342,-2.589573
0.108343996,-3.9302826
0.108346,-4.669985
0.108348,-4.9011416
0.10835,-4.5312905
0.108352,-3.6066632
0.108354,-2.2197218
0.108356,-0.55539227
0.108358,1.2013993
0.10836,2.7732663
0.108362,4.0215135
0.108364,4.7149835
0.108366,4.8999095
0.108368,4.483826
0.10837,3.5129685
0.108372,2.0797954
0.108374,0.46169758
0.108376,-1.2488632
0.108378,-2.8207297
0.10838,-4.068977
0.108382,-4.7624474
0.108384,-4.9011416
0.108386,-4.4388275
0.108388,-3.4217377
0.10839,-1.9885652
0.108392,-0.32423592
0.108394,1.4325566
0.108396,2.9581914
0.108398,4.1602073
0.1084,4.807446
0.108402,4.8999095
0.108404,4.3913646
0.108406,3.3280425
0.108408,1.8486385
0.10841,0.184309
0.108412,-1.48002
0.108414,-3.0056553
0.108416,-4.2076707
0.108418,-4.8086786
0.10842,-4.85491
0.108421996,-4.346365
0.108424,-3.236812
0.108426,-1.7574081
0.108428,-0.046847343
0.10843,1.6174817
0.108432,3.1431174
0.108434,4.298901
0.108436,4.8536773
0.108438,4.8536773
0.10844,4.252671
0.108442,3.1431174
0.108444,1.6174817
0.108446,-0.046847343
0.108448,-1.7111769
0.10845,-3.1905808
0.108452,-4.346365
0.108454,-4.85491
0.108456,-4.8086786
0.108458,-4.2076707
0.10846,-3.0518866
0.108462,-1.5262513
0.108464,0.184309
0.108466,1.8486385
0.108467996,3.3280425
0.10847,4.3913646
0.108472,4.8999095
0.108474,4.807446
0.108476,4.113976
0.108478,2.9581914
0.10848,1.4325566
0.108482,-0.27800417
0.108484,-1.9423337
0.108486,-3.4217377
0.108488,-4.4388275
0.10849,-4.9011416
0.108492,-4.7624474
0.108494,-4.068977
0.108496,-2.866961
0.108498,-1.2950945
0.1085,0.46169758
0.108502,2.0797954
0.108504,3.5129685
0.108506,4.483826
0.108508,4.8999095
0.10851,4.7149835
0.108512,3.9752812
0.108513996,2.727035
0.108516,1.2013993
0.108518,-0.55539227
0.10852,-2.1734905
0.108522,-3.5604317
0.108524,-4.5312905
0.108526,-4.9011416
0.108528,-4.669985
0.10853,-3.9302826
0.108532,-2.6820357
0.108534,-1.0639377
0.108536,0.6928544
0.108538,2.3109517
0.10854,3.6978936
0.108542,4.5762897
0.108544,4.8999095
0.108545996,4.668752
0.108548,3.8365874
0.10855,2.542109
0.108552,0.92401123
0.108554,-0.78654957
0.108556,-2.4046474
0.108558,-3.745357
0.10856,-4.623753
0.108562,-4.9011416
0.108564,-4.623753
0.108566,-3.7915885
0.108568,-2.4508786
0.10857,-0.83278084
0.108572,0.92401123
0.108574,2.542109
0.108576,3.8365874
0.108578,4.668752
0.10858,4.8999095
0.108582,4.5762897
0.108584,3.6978936
0.108586,2.3109517
0.108588,0.6928544
0.10859,-1.0177064
0.108591996,-2.589573
0.108594,-3.9302826
0.108596,-4.669985
0.108598,-4.9011416
0.1086,-4.5312905
0.108602,-3.6066632
0.108604,-2.2197218
0.108606,-0.55539227
0.108608,1.2013993
0.10861,2.7732663
0.108612,4.0215135
0.108614,4.7149835
0.108616,4.8999095
0.108618,4.483826
0.10862,3.5129685
0.108622,2.0797954
0.108624,0.46169758
0.108626,-1.2488632
0.108628,-2.8207297
0.10863,-4.068977
0.108632,-4.7624474
0.108634,-4.9011416
0.108636,-4.4388275
0.108637996,-3.4217377
0.10864,-1.9885652
0.108642,-0.32423592
0.108644,1.4325566
0.108646,2.9581914
0.108648,4.1602073
0.10865,4.807446
0.108652,4.8999095
0.108654,4.3913646
0.108656,3.3280425
0.108658,1.8486385
0.10866,0.184309
0.108662,-1.48002
0.108664,-3.0056553
0.108666,-4.2076707
0.108668,-4.8086786
0.108669996,-4.85491
0.108672,-4.346365
0.108674,-3.236812
0.108676,-1.7574081
0.108678,-0.046847343
0.10868,1.6174817
0.108682,3.1431174
0.108684,4.298901
0.108686,4.8536773
0.108688,4.8536773
0.10869,4.252671
0.108692,3.1431174
0.108694,1.6174817
0.108696,-0.046847343
0.108698,-1.7111769
0.1087,-3.236812
0.108702,-4.346365
0.108704,-4.85491
0.108706,-4.8086786
0.108708,-4.2076707
0.10871,-3.0518866
0.108712,-1.5262513
0.108714,0.184309
0.108715996,1.8948698
0.108718,3.3280425
0.10872,4.3913646
0.108722,4.8999095
0.108724,4.807446
0.108726,4.113976
0.108728,2.9581914
0.10873,1.4325566
0.108732,-0.27800417
0.108734,-1.9423337
0.108736,-3.4217377
0.108738,-4.4388275
0.10874,-4.9011416
0.108742,-4.7624474
0.108744,-4.068977
0.108746,-2.866961
0.108748,-1.2950945
0.10875,0.091846466
0.108752,0.50792885
0.108754,0.87777996
0.108756,1.2476311
0.108758,1.5712504
0.10876,1.9411016
0.108761996,2.3109517
0.108764,2.6345725
0.108766,2.9581914
0.108768,3.23558
0.10877,3.5129685
0.108772,3.7903562
0.108774,4.0215135
0.108776,4.252671
0.108778,4.437596
0.10878,4.5762897
0.108782,4.7149835
0.108784,4.8536773
0.108786,4.946141
0.108788,4.992371
0.10879,5.0386033
0.108792,5.0386033
0.108793996,4.992371
0.108796,4.946141
0.108798,4.8999095
0.1088,4.7612157
0.108802,4.622521
0.108804,4.483826
0.108806,4.298901
0.108808,4.0677447
0.10881,3.8365874
0.108812,3.605431
0.108814,3.3280425
0.108816,3.0044227
0.108818,2.6808028
0.10882,2.357184
0.108822,2.033564
0.108824,1.6637135
0.108826,1.3400936
0.108828,0.970243
0.10883,0.60039186
0.108832,0.184309
0.108834,-0.18554163
0.108836,-0.55539227
0.108838,-0.9252434
0.108839996,-1.2950945
0.108842,-1.6649456
0.108844,-1.9885652
0.108846,-2.3584158
0.108848,-2.6820357
0.10885,-3.0056553
0.108852,-3.2830436
0.108854,-3.6066632
0.108856,-3.8378198
0.108858,-4.068977
0.10886,-4.3001337
0.108862,-4.4388275
0.108864,-4.623753
0.108866,-4.7624474
0.108868,-4.85491
0.10887,-4.947373
0.108872,-4.993604
0.108874,-5.0398355
0.108876,-4.993604
0.108878,-4.993604
0.10888,-4.9011416
0.108882,-4.8086786
0.108884,-4.716216
0.108885996,-4.577522
0.108888,-4.4388275
0.10889,-4.2076707
0.108892,-4.022745
0.108894,-3.745357
0.108896,-3.5142004
0.108898,-3.1905808
0.1089,-2.9131925
0.108902,-2.589573
0.108904,-2.2659533
0.108906,-1.8961024
0.108908,-1.5262513
0.10891,-1.202632
0.108912,-0.83278084
0.108914,-0.41669846
0.108916,-0.046847343
0.108918,0.3230033
0.10892,0.6928544
0.108922,1.1089368
0.108924,1.4787879
0.108926,1.8024073
0.108928,2.126027
0.10893,2.4958777
0.108932,2.8194976
0.108934,3.1431174
0.108936,3.420505
0.108938,3.6978936
0.10894,3.92905
0.108942,4.1602073
0.108944,4.3913646
0.108946,4.5300584
0.108948,4.668752
0.10895,4.807446
0.108952,4.8999095
0.108954,4.992371
0.108956,5.0386033
0.108958,5.0386033
0.10896,5.0386033
0.108962,4.992371
0.108963996,4.8999095
0.108966,4.807446
0.108968,4.668752
0.10897,4.5300584
0.108972,4.3451324
0.108974,4.1602073
0.108976,3.92905
0.108978,3.6978936
0.10898,3.420505
0.108982,3.0968862
0.108984,2.8194976
0.108986,2.4958777
0.108988,2.126027
0.10899,1.8024073
0.108992,1.4325566
0.108994,1.0627055
0.108996,0.6928544
0.108998,0.3230033
0.109,-0.046847343
0.109002,-0.46292973
0.109004,-0.83278084
0.109006,-1.202632
0.109008,-1.5262513
0.109009996,-1.8961024
0.109012,-2.2659533
0.109014,-2.589573
0.109016,-2.9131925
0.109018,-3.1905808
0.10902,-3.5142004
0.109022,-3.745357
0.109024,-4.022745
0.109026,-4.2076707
0.109028,-4.4388275
0.10903,-4.577522
0.109032,-4.716216
0.109034,-4.8086786
0.109036,-4.9011416
0.109038,-4.993604
0.10904,-4.993604
0.109042,-5.0398355
0.109044,-4.993604
0.109046,-4.947373
0.109048,-4.85491
0.10905,-4.7624474
0.109052,-4.623753
0.109054,-4.4388275
0.109056,-4.3001337
0.109058,-4.068977
0.10906,-3.8378198
0.109062,-3.6066632
0.109064,-3.329275
0.109066,-3.0056553
0.109068,-2.6820357
0.10907,-2.3584158
0.109072,-2.0347965
0.109074,-1.6649456
0.109076,-1.2950945
0.109078,-0.9252434
0.10908,-0.55539227
0.109082,-0.18554163
0.109084,0.184309
0.109086,0.60039186
0.109087996,0.970243
0.10909,1.3400936
0.109092,1.6637135
0.109094,2.033564
0.109096,2.357184
0.109098,2.727035
0.1091,3.0044227
0.109102,3.3280425
0.109104,3.605431
0.109106,3.8365874
0.109108,4.113976
0.10911,4.298901
0.109112,4.483826
0.109114,4.622521
0.109116,4.7612157
0.109118,4.8536773
0.10912,4.946141
0.109122,4.992371
0.109124,5.0386033
0.109126,5.0386033
0.109128,4.992371
0.10913,4.946141
0.109132,4.8536773
0.109133996,4.7149835
0.109136,4.5762897
0.109138,4.437596
0.10914,4.252671
0.109142,4.0215135
0.109144,3.744125
0.109146,3.5129685
0.109148,3.23558
0.10915,2.9119601
0.109152,2.5883412
0.109154,2.2647214
0.109156,1.8948698
0.109158,1.5250192
0.10916,1.2013993
0.109162,0.8315482
0.109164,0.46169758
0.109166,0.091846466
0.109168,-0.32423592
0.10917,-0.694087
0.109172,-1.0639377
0.109174,-1.4337888
0.109176,-1.7574081
0.109178,-2.1272593
0.10918,-2.4508786
0.109182,-2.7744985
0.109184,-3.098118
0.109186,-3.4217377
0.109188,-3.6528945
0.10919,-3.9302826
0.109192,-4.1614394
0.109194,-4.346365
0.109196,-4.5312905
0.109198,-4.669985
0.1092,-4.8086786
0.109202,-4.9011416
0.109204,-4.947373
0.109206,-4.993604
0.109208,-5.0398355
0.10921,-4.993604
0.109211996,-4.947373
0.109214,-4.9011416
0.109216,-4.8086786
0.109218,-4.669985
0.10922,-4.5312905
0.109222,-4.346365
0.109224,-4.1614394
0.109226,-3.9302826
0.109228,-3.6528945
0.10923,-3.4217377
0.109232,-3.098118
0.109234,-2.8207297
0.109236,-2.4508786
0.109238,-2.1272593
0.10924,-1.7574081
0.109242,-1.4337888
0.109244,-1.0639377
0.109246,-0.694087
0.109248,-0.32423592
0.10925,0.091846466
0.109252,0.46169758
0.109254,0.8315482
0.109256,1.2013993
0.109257996,1.5712504
0.10926,1.8948698
0.109262,2.2647214
0.109264,2.5883412
0.109266,2.9119601
0.109268,3.23558
0.10927,3.5129685
0.109272,3.7903562
0.109274,4.0215135
0.109276,4.252671
0.109278,4.437596
0.10928,4.5762897
0.109282,4.7149835
0.109284,4.8536773
0.109286,4.946141
0.109288,4.992371
0.10929,5.0386033
0.109292,5.0386033
0.109294,4.992371
0.109296,4.946141
0.109298,4.8536773
0.1093,4.7612157
0.109302,4.622521
0.109304,4.437596
0.109306,4.298901
0.109308,4.0677447
0.10931,3.8365874
0.109312,3.605431
0.109314,3.3280425
0.109316,3.0044227
0.109318,2.6808028
0.10932,2.357184
0.109322,2.033564
0.109324,1.6637135
0.109326,1.3400936
0.109328,0.970243
0.10933,0.60039186
0.109332,0.184309
0.109334,-0.18554163
0.109335996,-0.55539227
0.109338,-0.9252434
0.10934,-1.3413262
0.109342,-1.6649456
0.109344,-2.0347965
0.109346,-2.3584158
0.109348,-2.6820357
0.10935,-3.0056553
0.109352,-3.2830436
0.109354,-3.6066632
0.109356,-3.8378198
0.109358,-4.068977
0.10936,-4.3001337
0.109362,-4.4388275
0.109364,-4.623753
0.109366,-4.7624474
0.109368,-4.85491
0.10937,-4.947373
0.109372,-4.993604
0.109374,-5.0398355
0.109376,-4.993604
0.109378,-4.993604
0.10938,-4.9011416
0.109381996,-4.8086786
0.109384,-4.716216
0.109386,-4.577522
0.109388,-4.4388275
0.10939,-4.2076707
0.109392,-4.022745
0.109394,-3.745357
0.109396,-3.5142004
0.109398,-3.1905808
0.1094,-2.9131925
0.109402,-2.589573
0.109404,-2.2659533
0.109406,-1.8961024
0.109408,-1.5262513
0.10941,-1.202632
0.109412,-0.83278084
0.109414,-0.41669846
0.109416,-0.046847343
0.109418,0.3230033
0.10942,0.6928544
0.109422,1.1089368
0.109424,1.4787879
0.109426,1.8024073
0.109428,2.126027
0.10943,2.4958777
0.109432,2.8194976
0.109434,3.1431174
0.109436,3.420505
0.109438,3.6978936
0.10944,3.92905
0.109442,4.1602073
0.109444,4.3913646
0.109446,4.5300584
0.109448,4.668752
0.10945,4.807446
0.109452,4.8999095
0.109454,4.992371
0.109456,5.0386033
0.109458,5.0386033
0.109459996,5.0386033
0.109462,4.992371
0.109464,4.8999095
0.109466,4.807446
0.109468,4.668752
0.10947,4.5300584
0.109472,4.3451324
0.109474,4.1602073
0.109476,3.92905
0.109478,3.6978936
0.10948,3.420505
0.109482,3.0968862
0.109484,2.8194976
0.109486,2.4958777
0.109488,2.126027
0.10949,1.8024073
0.109492,1.4325566
0.109494,1.0627055
0.109496,0.6928544
0.109498,0.3230033
0.1095,-0.046847343
0.109502,-0.46292973
0.109504,-0.83278084
0.109505996,-1.202632
0.109508,-1.5262513
0.10951,-1.8961024
0.109512,-2.2659533
0.109514,-2.589573
0.109516,-2.9131925
0.109518,-3.1905808
0.10952,-3.5142004
0.109522,-3.745357
0.109524,-4.022745
0.109526,-4.2076707
0.109528,-4.4388275
0.10953,-4.577522
0.109532,-4.716216
0.109534,-4.8086786
0.109536,-4.9011416
0.109538,-4.993604
0.10954,-4.993604
0.109542,-5.0398355
0.109544,-4.993604
0.109546,-4.947373
0.109548,-4.85491
0.10955,-4.7624474
0.109552,-4.623753
0.109554,-4.4388275
0.109556,-4.3001337
0.109558,-4.068977
0.10956,-3.8378198
0.109562,-3.6066632
0.109564,-3.2830436
0.109566,-3.0056553
0.109568,-2.6820357
0.10957,-2.3584158
0.109572,-2.0347965
0.109574,-1.6649456
0.109576,-1.2950945
0.109578,-0.9252434
0.10958,-0.55539227
0.109582,-0.18554163
0.109583996,0.184309
0.109586,0.60039186
0.109588,0.970243
0.10959,1.3400936
0.109592,1.6637135
0.109594,2.033564
0.109596,2.357184
0.109598,2.727035
0.1096,3.0044227
0.109602,3.3280425
0.109604,3.605431
0.109606,3.8365874
0.109608,4.113976
0.10961,4.298901
0.109612,4.483826
0.109614,4.622521
0.109616,4.7612157
0.109618,4.8536773
0.10962,4.946141
0.109622,4.992371
0.109624,5.0386033
0.109626,5.0386033
0.109628,4.992371
0.109629996,4.946141
0.109632,4.8536773
0.109634,4.7149835
0.109636,4.5762897
0.109638,4.437596
0.10964,4.2064385
0.109642,4.0215135
0.109644,3.744125
0.109646,3.5129685
0.109648,3.23558
0.10965,2.9119601
0.109652,2.5883412
0.109654,2.2647214
0.109656,1.8948698
0.109658,1.5250192
0.10966,1.2013993
0.109662,0.8315482
0.109664,0.46169758
0.109666,0.045615196
0.109668,-0.32423592
0.10967,-0.694087
0.109672,-1.0639377
0.109674,-1.4337888
0.109675996,-1.7574081
0.109678,-2.1272593
0.10968,-2.4508786
0.109682,-2.8207297
0.109684,-3.098118
0.109686,-3.4217377
0.109688,-3.6528945
0.10969,-3.9302826
0.109692,-4.1614394
0.109694,-4.346365
0.109696,-4.5312905
0.109698,-4.669985
0.1097,-4.8086786
0.109702,-4.9011416
0.109704,-4.947373
0.109706,-4.993604
0.109707996,-5.0398355
0.10971,-4.993604
0.109712,-4.947373
0.109714,-4.9011416
0.109716,-4.8086786
0.109718,-4.669985
0.10972,-4.5312905
0.109722,-4.346365
0.109724,-4.1614394
0.109726,-3.9302826
0.109728,-3.6528945
0.10973,-3.4217377
0.109732,-3.098118
0.109734,-2.8207297
0.109736,-2.4971101
0.109738,-2.1272593
0.10974,-1.7574081
0.109742,-1.4337888
0.109744,-1.0639377
0.109746,-0.694087
0.109748,-0.32423592
0.10975,0.46169758
0.109752,2.0797954
0.109753996,3.4667363
0.109756,4.437596
0.109758,4.8536773
0.10976,4.7149835
0.109762,3.9752812
0.109764,2.727035
0.109766,1.1551685
0.109768,-0.55539227
0.10977,-2.1734905
0.109772,-3.6066632
0.109774,-4.5312905
0.109776,-4.9011416
0.109778,-4.716216
0.10978,-3.9302826
0.109782,-2.6820357
0.109784,-1.0639377
0.109786,0.6928544
0.109788,2.3109517
0.10979,3.6978936
0.109792,4.5762897
0.109794,4.8999095
0.109796,4.622521
0.109798,3.8365874
0.109799996,2.542109
0.109802,0.92401123
0.109804,-0.78654957
0.109806,-2.4046474
0.109808,-3.745357
0.10981,-4.623753
0.109812,-4.9011416
0.109814,-4.623753
0.109816,-3.7915885
0.109818,-2.4508786
0.10982,-0.83278084
0.109822,0.92401123
0.109824,2.542109
0.109826,3.8365874
0.109828,4.668752
0.10983,4.8999095
0.109831996,4.5762897
0.109834,3.6516623
0.109836,2.3109517
0.109838,0.6928544
0.10984,-1.0177064
0.109842,-2.589573
0.109844,-3.9302826
0.109846,-4.669985
0.109848,-4.9011416
0.10985,-4.5312905
0.109852,-3.6066632
0.109854,-2.2197218
0.109856,-0.55539227
0.109858,1.2013993
0.10986,2.7732663
0.109862,4.0215135
0.109864,4.7149835
0.109866,4.8999095
0.109868,4.483826
0.10987,3.5129685
0.109872,2.0797954
0.109874,0.46169758
0.109876,-1.2950945
0.109877996,-2.8207297
0.10988,-4.068977
0.109882,-4.7624474
0.109884,-4.9011416
0.109886,-4.4388275
0.109888,-3.4217377
0.10989,-1.9885652
0.109892,-0.32423592
0.109894,1.4325566
0.109896,2.9581914
0.109898,4.1602073
0.1099,4.807446
0.109902,4.8999095
0.109904,4.3913646
0.109906,3.3280425
0.109908,1.8486385
0.10991,0.184309
0.109912,-1.48002
0.109914,-3.0056553
0.109916,-4.2076707
0.109918,-4.8086786
0.10992,-4.85491
0.109922,-4.346365
0.109923996,-3.236812
0.109926,-1.7574081
0.109928,-0.046847343
0.10993,1.6174817
0.109932,3.1431174
0.109934,4.298901
0.109936,4.8536773
0.109938,4.8536773
0.10994,4.252671
0.109942,3.1431174
0.109944,1.6174817
0.109946,-0.046847343
0.109948,-1.7111769
0.10995,-3.236812
0.109952,-4.346365
0.109954,-4.85491
0.109956,-4.8086786
0.109958,-4.2076707
0.10996,-3.0518866
0.109962,-1.5262513
0.109964,0.184309
0.109966,1.8948698
0.109968,3.3280425
0.10997,4.3913646
0.109972,4.8999095
0.109974,4.807446
0.109976,4.113976
0.109978,2.9581914
0.10998,1.4325566
0.109982,-0.27800417
0.109984,-1.9423337
0.109986,-3.4217377
0.109988,-4.4388275
0.10999,-4.9011416
0.109992,-4.7624474
0.109994,-4.068977
0.109996,-2.866961
0.109998,-1.2950945
0.11,0.46169758
0.110001996,2.126027
0.110004,3.5129685
0.110006,4.483826
0.110008,4.8999095
0.11001,4.7149835
0.110012,3.9752812
0.110014,2.727035
0.110016,1.2013993
0.110018,-0.55539227
0.11002,-2.1734905
0.110022,-3.6066632
0.110024,-4.5312905
0.110026,-4.9011416
0.110028,-4.669985
0.11003,-3.9302826
0.110032,-2.6358042
0.110034,-1.0639377
0.110036,0.6928544
0.110038,2.3109517
0.11004,3.6978936
0.110042,4.5762897
0.110044,4.8999095
0.110046,4.668752
0.110047996,3.8365874
0.11005,2.542109
0.110052,0.92401123
0.110054,-0.78654957
0.110056,-2.4046474
0.110058,-3.745357
0.11006,-4.623753
0.110062,-4.9011416
0.110064,-4.623753
0.110066,-3.745357
0.110068,-2.4508786
0.11007,-0.83278084
0.110072,0.92401123
0.110074,2.542109
0.110076,3.8365874
0.110078,4.668752
0.11008,4.8999095
0.110082,4.5762897
0.110084,3.6978936
0.110086,2.3109517
0.110088,0.6928544
0.11009,-1.0177064
0.110092,-2.589573
0.110094,-3.9302826
0.110096,-4.669985
0.110098,-4.9011416
0.1101,-4.5312905
0.110102,-3.6066632
0.110104,-2.2197218
0.110106,-0.55539227
0.110108,1.2013993
0.11011,2.7732663
0.110112,4.0215135
0.110114,4.7612157
0.110116,4.8999095
0.110118,4.483826
0.11012,3.5129685
0.110122,2.0797954
0.110124,0.46169758
0.110125996,-1.2950945
0.110128,-2.8207297
0.11013,-4.068977
0.110132,-4.7624474
0.110134,-4.9011416
0.110136,-4.4388275
0.110138,-3.4217377
0.11014,-1.9885652
0.110142,-0.32423592
0.110144,1.4325566
0.110146,2.9581914
0.110148,4.1602073
0.11015,4.807446
0.110152,4.8999095
0.110154,4.3913646
0.110156,3.3280425
0.110158,1.8486385
0.11016,0.184309
0.110162,-1.48002
0.110164,-3.0056553
0.110166,-4.2076707
0.110168,-4.8086786
0.11017,-4.85491
0.110171996,-4.346365
0.110174,-3.236812
0.110176,-1.7574081
0.110178,-0.046847343
0.11018,1.6637135
0.110182,3.1431174
0.110184,4.298901
0.110186,4.8536773
0.110188,4.8536773
0.11019,4.252671
0.110192,3.1431174
0.110194,1.6174817
0.110196,-0.046847343
0.110198,-1.7111769
0.1102,-3.236812
0.110202,-4.346365
0.110204,-4.85491
0.110206,-4.8086786
0.110208,-4.2076707
0.11021,-3.0518866
0.110212,-1.5262513
0.110214,0.184309
0.110216,1.8948698
0.110218,3.3280425
0.11022,4.3913646
0.110222,4.8999095
0.110224,4.807446
0.110226,4.113976
0.110228,2.9581914
0.11023,1.4325566
0.110232,-0.27800417
0.110234,-1.9423337
0.110236,-3.4217377
0.110238,-4.4388275
0.11024,-4.9011416
0.110242,-4.7624474
0.110244,-4.068977
0.110246,-2.866961
0.110248,-1.2950945
0.110249996,0.46169758
0.110252,2.126027
0.110254,3.5129685
0.110256,4.483826
0.110258,4.8999095
0.11026,4.7149835
0.110262,3.9752812
0.110264,2.727035
0.110266,1.2013993
0.110268,-0.55539227
0.11027,-2.1734905
0.110272,-3.6066632
0.110274,-4.5312905
0.110276,-4.9011416
0.110278,-4.669985
0.11028,-3.9302826
0.110282,-2.6358042
0.110284,-1.0639377
0.110286,0.6928544
0.110288,2.3109517
0.11029,3.6978936
0.110292,4.5762897
0.110294,4.8999095
0.110295996,4.668752
0.110298,3.8365874
0.1103,2.542109
0.110302,0.92401123
0.110304,-0.78654957
0.110306,-2.4046474
0.110308,-3.745357
0.11031,-4.623753
0.110312,-4.9011416
0.110314,-4.623753
0.110316,-3.745357
0.110318,-2.4508786
0.11032,-0.78654957
0.110322,0.92401123
0.110324,2.542109
0.110326,3.8828197
0.110328,4.668752
0.11033,4.8999095
0.110332,4.5762897
0.110334,3.6978936
0.110336,2.3109517
0.110338,0.6928544
0.11034,-1.0177064
0.110342,-2.589573
0.110344,-3.9302826
0.110346,-4.669985
0.110348,-4.9011416
0.11035,-4.5312905
0.110352,-3.6066632
0.110354,-2.2197218
0.110356,-0.55539227
0.110358,1.2013993
0.11036,2.7732663
0.110362,4.0215135
0.110364,4.7612157
0.110366,4.8999095
0.110368,4.483826
0.11037,3.5129685
0.110372,2.0797954
0.110373996,0.46169758
0.110376,-1.2950945
0.110378,-2.8207297
0.11038,-4.068977
0.110382,-4.7624474
0.110384,-4.9011416
0.110386,-4.4388275
0.110388,-3.4217377
0.11039,-1.9885652
0.110392,-0.32423592
0.110394,1.4325566
0.110396,2.9581914
0.110398,4.1602073
0.1104,4.807446
0.110402,4.8999095
0.110404,4.3913646
0.110406,3.3280425
0.110408,1.8486385
0.11041,0.184309
0.110412,-1.48002
0.110414,-3.0056553
0.110416,-4.2076707
0.110418,-4.8086786
0.110419996,-4.85491
0.110422,-4.346365
0.110424,-3.236812
0.110426,-1.7574081
0.110428,-0.046847343
0.11043,1.6637135
0.110432,3.1431174
0.110434,4.298901
0.110436,4.8536773
0.110438,4.8536773
0.11044,4.252671
0.110442,3.1431174
0.110444,1.6174817
0.110446,-0.046847343
0.110448,-1.7111769
0.11045,-3.236812
0.110452,-4.346365
0.110454,-4.85491
0.110456,-4.8086786
0.110458,-4.2076707
0.11046,-3.0518866
0.110462,-1.5262513
0.110464,0.184309
0.110466,1.8948698
0.110468,3.3742738
0.11047,4.3913646
0.110472,4.8999095
0.110474,4.807446
0.110476,4.113976
0.110478,2.9581914
0.11048,1.4325566
0.110482,-0.27800417
0.110484,-1.9423337
0.110486,-3.4217377
0.110488,-4.4388275
0.11049,-4.9011416
0.110492,-4.7624474
0.110494,-4.068977
0.110496,-2.866961
0.110497996,-1.2950945
0.1105,0.46169758
0.110502,2.126027
0.110504,3.5129685
0.110506,4.483826
0.110508,4.8999095
0.11051,4.7149835
0.110512,3.9752812
0.110514,2.727035
0.110516,1.1551685
0.110518,-0.55539227
0.11052,-2.1734905
0.110522,-3.6066632
0.110524,-4.5312905
0.110526,-4.9011416
0.110528,-4.669985
0.11053,-3.9302826
0.110532,-2.6358042
0.110534,-1.0639377
0.110536,0.6928544
0.110538,2.3109517
0.11054,3.6978936
0.110542,4.5762897
0.110543996,4.8999095
0.110546,4.668752
0.110548,3.8365874
0.11055,2.542109
0.110552,0.92401123
0.110554,-0.78654957
0.110556,-2.4046474
0.110558,-3.745357
0.11056,-4.623753
0.110562,-4.9011416
0.110564,-4.623753
0.110566,-3.745357
0.110568,-2.4508786
0.11057,-0.78654957
0.110572,0.92401123
0.110574,2.542109
0.110576,3.8828197
0.110578,4.668752
0.11058,4.8999095
0.110582,4.5762897
0.110584,3.6516623
0.110586,2.3109517
0.110588,0.6928544
0.11059,-1.0177064
0.110592,-2.589573
0.110594,-3.9302826
0.110596,-4.669985
0.110598,-4.9011416
0.1106,-4.5312905
0.110602,-3.6066632
0.110604,-2.2197218
0.110606,-0.55539227
0.110608,1.2013993
0.11061,2.7732663
0.110612,4.0215135
0.110614,4.7612157
0.110616,4.8999095
0.110618,4.483826
0.11062,3.5129685
0.110621996,2.0797954
0.110624,0.46169758
0.110626,-1.2950945
0.110628,-2.8207297
0.11063,-4.068977
0.110632,-4.7624474
0.110634,-4.9011416
0.110636,-4.4388275
0.110638,-3.4217377
0.11064,-1.9885652
0.110642,-0.32423592
0.110644,1.4325566
0.110646,2.9581914
0.110648,4.1602073
0.11065,4.807446
0.110652,4.8999095
0.110654,4.3913646
0.110656,3.3280425
0.110658,1.8486385
0.11066,0.184309
0.110662,-1.48002
0.110664,-3.0056553
0.110666,-4.2076707
0.110667996,-4.8086786
0.11067,-4.85491
0.110672,-4.346365
0.110674,-3.236812
0.110676,-1.7574081
0.110678,-0.046847343
0.11068,1.6637135
0.110682,3.1431174
0.110684,4.298901
0.110686,4.8536773
0.110688,4.8536773
0.11069,4.252671
0.110692,3.1431174
0.110694,1.6174817
0.110696,-0.046847343
0.110698,-1.7111769
0.1107,-3.236812
0.110702,-4.346365
0.110704,-4.85491
0.110706,-4.8086786
0.110708,-4.2076707
0.11071,-3.0518866
0.110712,-1.5262513
0.110714,0.184309
0.110716,1.8948698
0.110718,3.3742738
0.11072,4.3913646
0.110722,4.8999095
0.110724,4.807446
0.110726,4.113976
0.110728,2.9581914
0.11073,1.4325566
0.110732,-0.32423592
0.110734,-1.9423337
0.110736,-3.4217377
0.110738,-4.4388275
0.11074,-4.9011416
0.110742,-4.7624474
0.110744,-4.068977
0.110745996,-2.866961
0.110748,-1.2950945
0.11075,0.091846466
0.110752,0.50792885
0.110754,0.87777996
0.110756,1.2476311
0.110758,1.6174817
0.11076,1.9411016
0.110762,2.3109517
0.110764,2.6345725
0.110766,2.9581914
0.110768,3.23558
0.11077,3.5129685
0.110772,3.7903562
0.110774,4.0215135
0.110776,4.252671
0.110778,4.437596
0.11078,4.5762897
0.110782,4.7149835
0.110784,4.8536773
0.110786,4.946141
0.110788,4.992371
0.11079,5.0386033
0.110791996,5.0386033
0.110794,4.992371
0.110796,4.946141
0.110798,4.8999095
0.1108,4.7612157
0.110802,4.622521
0.110804,4.483826
0.110806,4.298901
0.110808,4.0677447
0.11081,3.8365874
0.110812,3.605431
0.110814,3.3280425
0.110816,3.0044227
0.110818,2.6808028
0.11082,2.357184
0.110822,2.033564
0.110824,1.6637135
0.110826,1.3400936
0.110828,0.970243
0.11083,0.5541601
0.110832,0.184309
0.110834,-0.18554163
0.110836,-0.55539227
0.110837996,-0.9714751
0.11084,-1.3413262
0.110842,-1.6649456
0.110844,-2.0347965
0.110846,-2.3584158
0.110848,-2.6820357
0.11085,-3.0056553
0.110852,-3.2830436
0.110854,-3.6066632
0.110856,-3.8378198
0.110858,-4.068977
0.11086,-4.3001337
0.110862,-4.4388275
0.110864,-4.623753
0.110866,-4.7624474
0.110868,-4.85491
0.110869996,-4.947373
0.110872,-4.993604
0.110874,-5.0398355
0.110876,-4.993604
0.110878,-4.993604
0.11088,-4.9011416
0.110882,-4.8086786
0.110884,-4.716216
0.110886,-4.577522
0.110888,-4.4388275
0.11089,-4.2076707
0.110892,-3.976514
0.110894,-3.745357
0.110896,-3.5142004
0.110898,-3.1905808
0.1109,-2.9131925
0.110902,-2.589573
0.110904,-2.2659533
0.110906,-1.8961024
0.110908,-1.5262513
0.11091,-1.202632
0.110912,-0.83278084
0.110914,-0.41669846
0.110915996,-0.046847343
0.110918,0.3230033
0.11092,0.6928544
0.110922,1.1089368
0.110924,1.4787879
0.110926,1.8024073
0.110928,2.172258
0.11093,2.4958777
0.110932,2.8194976
0.110934,3.1431174
0.110936,3.420505
0.110938,3.6978936
0.11094,3.92905
0.110942,4.1602073
0.110944,4.3913646
0.110946,4.5300584
0.110948,4.668752
0.11095,4.807446
0.110952,4.8999095
0.110954,4.992371
0.110956,5.0386033
0.110958,5.0386033
0.11096,5.0386033
0.110961996,4.992371
0.110964,4.8999095
0.110966,4.807446
0.110968,4.668752
0.11097,4.5300584
0.110972,4.3451324
0.110974,4.1602073
0.110976,3.92905
0.110978,3.6978936
0.11098,3.420505
0.110982,3.0968862
0.110984,2.8194976
0.110986,2.4958777
0.110988,2.126027
0.11099,1.8024073
0.110992,1.4325566
0.110993996,1.0627055
0.110996,0.6928544
0.110998,0.3230033
0.111,-0.046847343
0.111002,-0.46292973
0.111004,-0.83278084
0.111006,-1.202632
0.111008,-1.5262513
0.11101,-1.8961024
0.111012,-2.2659533
0.111014,-2.589573
0.111016,-2.9131925
0.111018,-3.1905808
0.11102,-3.5142004
0.111022,-3.745357
0.111024,-4.022745
0.111026,-4.2076707
0.111028,-4.4388275
0.11103,-4.577522
0.111032,-4.716216
0.111034,-4.8086786
0.111036,-4.9011416
0.111038,-4.993604
0.111039996,-4.993604
0.111042,-5.0398355
0.111044,-4.993604
0.111046,-4.947373
0.111048,-4.85491
0.11105,-4.7624474
0.111052,-4.623753
0.111054,-4.4388275
0.111056,-4.3001337
0.111058,-4.068977
0.11106,-3.8378198
0.111062,-3.6066632
0.111064,-3.2830436
0.111066,-3.0056553
0.111068,-2.6820357
0.11107,-2.3584158
0.111072,-2.0347965
0.111074,-1.6649456
0.111076,-1.2950945
0.111078,-0.9252434
0.11108,-0.55539227
0.111082,-0.18554163
0.111084,0.184309
0.111085996,0.60039186
0.111088,0.970243
0.11109,1.3400936
0.111092,1.6637135
0.111094,2.033564
0.111096,2.357184
0.111098,2.727035
0.1111,3.0044227
0.111102,3.3280425
0.111104,3.605431
0.111106,3.8365874
0.111108,4.113976
0.11111,4.298901
0.111112,4.483826
0.111114,4.622521
0.111116,4.7612157
0.111118,4.8536773
0.11112,4.946141
0.111122,4.992371
0.111124,5.0386033
0.111126,5.0386033
0.111128,4.992371
0.11113,4.946141
0.111132,4.8536773
0.111134,4.7149835
0.111136,4.5762897
0.111138,4.437596
0.11114,4.2064385
0.111142,4.0215135
0.111144,3.744125
0.111146,3.5129685
0.111148,3.23558
0.11115,2.9119601
0.111152,2.5883412
0.111154,2.2647214
0.111156,1.8948698
0.111158,1.5250192
0.11116,1.2013993
0.111162,0.8315482
0.111163996,0.46169758
0.111166,0.045615196
0.111168,-0.32423592
0.11117,-0.694087
0.111172,-1.0639377
0.111174,-1.4337888
0.111176,-1.7574081
0.111178,-2.1272593
0.11118,-2.4508786
0.111182,-2.8207297
0.111184,-3.098118
0.111186,-3.4217377
0.111188,-3.6991258
0.11119,-3.9302826
0.111192,-4.1614394
0.111194,-4.346365
0.111196,-4.5312905
0.111198,-4.669985
0.1112,-4.8086786
0.111202,-4.9011416
0.111204,-4.947373
0.111206,-4.993604
0.111208,-5.0398355
0.111209996,-4.993604
0.111212,-4.947373
0.111214,-4.9011416
0.111216,-4.8086786
0.111218,-4.669985
0.11122,-4.5312905
0.111222,-4.346365
0.111224,-4.1614394
0.111226,-3.9302826
0.111228,-3.6528945
0.11123,-3.4217377
0.111232,-3.098118
0.111234,-2.8207297
0.111236,-2.4508786
0.111238,-2.1272593
0.11124,-1.7574081
0.111242,-1.4337888
0.111244,-1.0639377
0.111246,-0.694087
0.111248,-0.32423592
0.11125,0.091846466
0.111252,0.46169758
0.111254,0.8315482
0.111256,1.2013993
0.111258,1.5712504
0.11126,1.8948698
0.111262,2.2647214
0.111264,2.5883412
0.111266,2.9119601
0.111268,3.23558
0.11127,3.5129685
0.111272,3.7903562
0.111274,4.0215135
0.111276,4.252671
0.111278,4.437596
0.11128,4.5762897
0.111282,4.7149835
0.111284,4.8536773
0.111286,4.946141
0.111287996,4.992371
0.11129,5.0386033
0.111292,5.0386033
0.111294,4.992371
0.111296,4.946141
0.111298,4.8536773
0.1113,4.7612157
0.111302,4.622521
0.111304,4.437596
0.111306,4.298901
0.111308,4.0677447
0.11131,3.8365874
0.111312,3.605431
0.111314,3.3280425
0.111316,3.0044227
0.111318,2.6808028
0.11132,2.357184
0.111322,2.033564
0.111324,1.6637135
0.111326,1.3400936
0.111328,0.970243
0.11133,0.5541601
0.111332,0.184309
0.111333996,-0.18554163
0.111336,-0.55539227
0.111338,-0.9714751
0.11134,-1.3413262
0.111342,-1.6649456
0.111344,-2.0347965
0.111346,-2.3584158
0.111348,-2.6820357
0.11135,-3.0056553
0.111352,-3.329275
0.111354,-3.6066632
0.111356,-3.8378198
0.111358,-4.068977
0.11136,-4.3001337
0.111362,-4.4388275
0.111364,-4.623753
0.111366,-4.7624474
0.111368,-4.85491
0.11137,-4.947373
0.111372,-4.993604
0.111374,-5.0398355
0.111376,-4.993604
0.111378,-4.993604
0.11138,-4.9011416
0.111382,-4.8086786
0.111384,-4.716216
0.111386,-4.577522
0.111388,-4.4388275
0.11139,-4.2076707
0.111392,-4.022745
0.111394,-3.745357
0.111396,-3.5142004
0.111398,-3.1905808
0.1114,-2.9131925
0.111402,-2.589573
0.111404,-2.2659533
0.111406,-1.8961024
0.111408,-1.5262513
0.11141,-1.202632
0.111411996,-0.83278084
0.111414,-0.41669846
0.111416,-0.046847343
0.111418,0.3230033
0.11142,0.6928544
0.111422,1.1089368
0.111424,1.4787879
0.111426,1.8024073
0.111428,2.172258
0.11143,2.4958777
0.111432,2.8194976
0.111434,3.1431174
0.111436,3.420505
0.111438,3.6978936
0.11144,3.92905
0.111442,4.1602073
0.111444,4.3913646
0.111446,4.5300584
0.111448,4.668752
0.11145,4.807446
0.111452,4.8999095
0.111454,4.992371
0.111456,5.0386033
0.111457996,5.0386033
0.11146,4.992371
0.111462,4.992371
0.111464,4.8999095
0.111466,4.807446
0.111468,4.668752
0.11147,4.5300584
0.111472,4.3451324
0.111474,4.1602073
0.111476,3.92905
0.111478,3.6978936
0.11148,3.420505
0.111482,3.0968862
0.111484,2.8194976
0.111486,2.4958777
0.111488,2.126027
0.11149,1.8024073
0.111492,1.4325566
0.111494,1.0627055
0.111496,0.6928544
0.111498,0.3230033
0.1115,-0.046847343
0.111502,-0.46292973
0.111504,-0.83278084
0.111506,-1.202632
0.111508,-1.5262513
0.11151,-1.8961024
0.111512,-2.2659533
0.111514,-2.589573
0.111516,-2.9131925
0.111518,-3.1905808
0.11152,-3.5142004
0.111522,-3.745357
0.111524,-4.022745
0.111526,-4.2076707
0.111528,-4.4388275
0.11153,-4.577522
0.111532,-4.716216
0.111534,-4.8086786
0.111535996,-4.9011416
0.111538,-4.993604
0.11154,-4.993604
0.111542,-5.0398355
0.111544,-4.993604
0.111546,-4.947373
0.111548,-4.85491
0.11155,-4.7624474
0.111552,-4.623753
0.111554,-4.4388275
0.111556,-4.3001337
0.111558,-4.068977
0.11156,-3.8378198
0.111562,-3.6066632
0.111564,-3.2830436
0.111566,-3.0056553
0.111568,-2.6820357
0.11157,-2.3584158
0.111572,-2.0347965
0.111574,-1.6649456
0.111576,-1.2950945
0.111578,-0.9252434
0.11158,-0.55539227
0.111581996,-0.18554163
0.111584,0.184309
0.111586,0.60039186
0.111588,0.970243
0.11159,1.3400936
0.111592,1.6637135
0.111594,2.033564
0.111596,2.357184
0.111598,2.727035
0.1116,3.0044227
0.111602,3.3280425
0.111604,3.605431
0.111606,3.8365874
0.111608,4.113976
0.11161,4.298901
0.111612,4.483826
0.111614,4.622521
0.111616,4.7612157
0.111618,4.8536773
0.11162,4.946141
0.111622,4.992371
0.111624,5.0386033
0.111626,5.0386033
0.111628,4.992371
0.11163,4.946141
0.111632,4.8536773
0.111634,4.7149835
0.111636,4.5762897
0.111638,4.437596
0.11164,4.2064385
0.111642,4.0215135
0.111644,3.744125
0.111646,3.5129685
0.111648,3.1893477
0.11165,2.9119601
0.111652,2.5883412
0.111654,2.2647214
0.111656,1.8948698
0.111658,1.5250192
0.111659996,1.2013993
0.111662,0.8315482
0.111664,0.46169758
0.111666,0.045615196
0.111668,-0.32423592
0.11167,-0.694087
0.111672,-1.0639377
0.111674,-1.4337888
0.111676,-1.7574081
0.111678,-2.1272593
0.11168,-2.4508786
0.111682,-2.8207297
0.111684,-3.098118
0.111686,-3.4217377
0.111688,-3.6991258
0.11169,-3.9302826
0.111692,-4.1614394
0.111694,-4.346365
0.111696,-4.5312905
0.111698,-4.669985
0.1117,-4.8086786
0.111702,-4.9011416
0.111704,-4.947373
0.111705996,-4.993604
0.111708,-5.0398355
0.11171,-4.993604
0.111712,-4.947373
0.111714,-4.9011416
0.111716,-4.8086786
0.111718,-4.669985
0.11172,-4.5312905
0.111722,-4.346365
0.111724,-4.1614394
0.111726,-3.9302826
0.111728,-3.6528945
0.11173,-3.4217377
0.111732,-3.098118
0.111734,-2.8207297
0.111736,-2.4508786
0.111738,-2.1272593
0.11174,-1.7574081
0.111742,-1.4337888
0.111744,-1.0639377
0.111746,-0.694087
0.111748,-0.32423592
0.11175,0.46169758
0.111752,2.0797954
0.111754,3.5129685
0.111756,4.437596
0.111758,4.8536773
0.11176,4.7149835
0.111762,3.9752812
0.111764,2.6808028
0.111766,1.1551685
0.111768,-0.55539227
0.11177,-2.2197218
0.111772,-3.6066632
0.111774,-4.5312905
0.111776,-4.9011416
0.111778,-4.716216
0.11178,-3.9302826
0.111782,-2.6820357
0.111783996,-1.0639377
0.111786,0.6928544
0.111788,2.3109517
0.11179,3.6978936
0.111792,4.5762897
0.111794,4.8999095
0.111796,4.622521
0.111798,3.8365874
0.1118,2.4958777
0.111802,0.92401123
0.111804,-0.78654957
0.111806,-2.4046474
0.111808,-3.745357
0.11181,-4.623753
0.111812,-4.9011416
0.111814,-4.623753
0.111816,-3.745357
0.111818,-2.4508786
0.11182,-0.78654957
0.111822,0.92401123
0.111824,2.542109
0.111826,3.8828197
0.111828,4.668752
0.111829996,4.8999095
0.111832,4.5762897
0.111834,3.6516623
0.111836,2.3109517
0.111838,0.6928544
0.11184,-1.0177064
0.111842,-2.6358042
0.111844,-3.9302826
0.111846,-4.716216
0.111848,-4.9011416
0.11185,-4.5312905
0.111852,-3.6066632
0.111854,-2.2197218
0.111856,-0.55539227
0.111858,1.2013993
0.11186,2.7732663
0.111862,4.0215135
0.111864,4.7612157
0.111866,4.8999095
0.111868,4.437596
0.11187,3.5129685
0.111872,2.0797954
0.111874,0.46169758
0.111875996,-1.2950945
0.111878,-2.8207297
0.11188,-4.068977
0.111882,-4.7624474
0.111884,-4.9011416
0.111886,-4.4388275
0.111888,-3.4217377
0.11189,-1.9885652
0.111892,-0.32423592
0.111894,1.4325566
0.111896,2.9581914
0.111898,4.1602073
0.1119,4.807446
0.111902,4.8999095
0.111904,4.3913646
0.111906,3.3280425
0.111907996,1.8486385
0.11191,0.184309
0.111912,-1.48002
0.111914,-3.0518866
0.111916,-4.2076707
0.111918,-4.8086786
0.11192,-4.85491
0.111922,-4.3001337
0.111924,-3.236812
0.111926,-1.7574081
0.111928,-0.046847343
0.11193,1.6637135
0.111932,3.1893477
0.111934,4.298901
0.111936,4.8536773
0.111938,4.8536773
0.11194,4.252671
0.111942,3.1431174
0.111944,1.6174817
0.111946,-0.046847343
0.111948,-1.7111769
0.11195,-3.236812
0.111952,-4.346365
0.111953996,-4.85491
0.111956,-4.8086786
0.111958,-4.2076707
0.11196,-3.0518866
0.111962,-1.5262513
0.111964,0.184309
0.111966,1.8948698
0.111968,3.3742738
0.11197,4.3913646
0.111972,4.8999095
0.111974,4.807446
0.111976,4.113976
0.111978,2.9119601
0.11198,1.4325566
0.111982,-0.32423592
0.111984,-1.9423337
0.111986,-3.4217377
0.111988,-4.4388275
0.11199,-4.9011416
0.111992,-4.7624474
0.111994,-4.068977
0.111996,-2.866961
0.111998,-1.2950945
0.111999996,0.46169758
0.112002,2.126027
0.112004,3.5129685
0.112006,4.483826
0.112008,4.8999095
0.11201,4.7149835
0.112012,3.9752812
0.112014,2.727035
0.112016,1.1551685
0.112018,-0.55539227
0.11202,-2.1734905
0.112022,-3.6066632
0.112024,-4.5312905
0.112026,-4.9011416
0.112028,-4.669985
0.11203,-3.9302826
0.112031996,-2.6358042
0.112034,-1.0639377
0.112036,0.6928544
0.112038,2.357184
0.11204,3.6978936
0.112042,4.5762897
0.112044,4.8999095
0.112046,4.668752
0.112048,3.8365874
0.11205,2.4958777
0.112052,0.92401123
0.112054,-0.78654957
0.112056,-2.4046474
0.112058,-3.745357
0.11206,-4.623753
0.112062,-4.9011416
0.112064,-4.623753
0.112066,-3.745357
0.112068,-2.4508786
0.11207,-0.78654957
0.112072,0.970243
0.112074,2.542109
0.112076,3.8828197
0.112077996,4.668752
0.11208,4.8999095
0.112082,4.5762897
0.112084,3.6516623
0.112086,2.3109517
0.112088,0.6928544
0.11209,-1.0177064
0.112092,-2.6358042
0.112094,-3.9302826
0.112096,-4.716216
0.112098,-4.9011416
0.1121,-4.5312905
0.112102,-3.6066632
0.112104,-2.2197218
0.112106,-0.55539227
0.112108,1.2013993
0.11211,2.7732663
0.112112,4.0215135
0.112114,4.7612157
0.112116,4.8999095
0.112118,4.437596
0.11212,3.5129685
0.112122,2.0797954
0.112123996,0.46169758
0.112126,-1.2950945
0.112128,-2.8207297
0.11213,-4.068977
0.112132,-4.7624474
0.112134,-4.9011416
0.112136,-4.4388275
0.112138,-3.4217377
0.11214,-1.9885652
0.112142,-0.32423592
0.112144,1.4325566
0.112146,2.9581914
0.112148,4.1602073
0.11215,4.807446
0.112152,4.8999095
0.112154,4.3913646
0.112155996,3.3280425
0.112158,1.8486385
0.11216,0.184309
0.112162,-1.48002
0.112164,-3.0518866
0.112166,-4.2076707
0.112168,-4.8086786
0.11217,-4.85491
0.112172,-4.3001337
0.112174,-3.236812
0.112176,-1.7574081
0.112178,-0.046847343
0.11218,1.6637135
0.112182,3.1893477
0.112184,4.298901
0.112186,4.8536773
0.112188,4.8536773
0.11219,4.252671
0.112192,3.1431174
0.112194,1.6174817
0.112196,-0.046847343
0.112198,-1.7111769
0.1122,-3.236812
0.112201996,-4.346365
0.112204,-4.85491
0.112206,-4.8086786
0.112208,-4.2076707
0.11221,-3.0518866
0.112212,-1.5262513
0.112214,0.184309
0.112216,1.8948698
0.112218,3.3742738
0.11222,4.3913646
0.112222,4.8999095
0.112224,4.807446
0.112226,4.113976
0.112228,2.9119601
0.11223,1.4325566
0.112232,-0.32423592
0.112234,-1.9423337
0.112236,-3.4217377
0.112238,-4.4388275
0.11224,-4.9011416
0.112242,-4.7624474
0.112244,-4.068977
0.112246,-2.866961
0.112247996,-1.2950945
0.11225,0.46169758
0.112252,2.126027
0.112254,3.5129685
0.112256,4.483826
0.112258,4.8999095
0.11226,4.7149835
0.112262,3.9752812
0.112264,2.727035
0.112266,1.1551685
0.112268,-0.55539227
0.11227,-2.1734905
0.112272,-3.6066632
0.112274,-4.5312905
0.112276,-4.9011416
0.112278,-4.669985
0.11228,-3.9302826
0.112282,-2.6358042
0.112284,-1.0639377
0.112286,0.6928544
0.112288,2.357184
0.11229,3.6978936
0.112292,4.5762897
0.112294,4.8999095
0.112296,4.668752
0.112298,3.8365874
0.1123,2.4958777
0.112302,0.92401123
0.112304,-0.78654957
0.112306,-2.4046474
0.112308,-3.745357
0.11231,-4.623753
0.112312,-4.9011416
0.112314,-4.623753
0.112316,-3.745357
0.112318,-2.4508786
0.11232,-0.78654957
0.112322,0.970243
0.112324,2.542109
0.112325996,3.8828197
0.112328,4.668752
0.11233,4.8999095
0.112332,4.5762897
0.112334,3.6516623
0.112336,2.3109517
0.112338,0.6928544
0.11234,-1.0639377
0.112342,-2.6358042
0.112344,-3.9302826
0.112346,-4.716216
0.112348,-4.9011416
0.11235,-4.5312905
0.112352,-3.6066632
0.112354,-2.2197218
0.112356,-0.55539227
0.112358,1.2013993
0.11236,2.7732663
0.112362,4.0215135
0.112364,4.7612157
0.112366,4.8999095
0.112368,4.437596
0.11237,3.5129685
0.112371996,2.0797954
0.112374,0.4154663
0.112376,-1.2950945
0.112378,-2.8207297
0.11238,-4.068977
0.112382,-4.7624474
0.112384,-4.9011416
0.112386,-4.4388275
0.112388,-3.4217377
0.11239,-1.9885652
0.112392,-0.27800417
0.112394,1.4325566
0.112396,2.9581914
0.112398,4.1602073
0.1124,4.807446
0.112402,4.8999095
0.112404,4.3913646
0.112406,3.3280425
0.112408,1.8486385
0.11241,0.184309
0.112412,-1.48002
0.112414,-3.0518866
0.112416,-4.2076707
0.112418,-4.8086786
0.11242,-4.85491
0.112422,-4.3001337
0.112424,-3.236812
0.112426,-1.7574081
0.112428,-0.046847343
0.11243,1.6637135
0.112432,3.1893477
0.112434,4.298901
0.112436,4.8536773
0.112438,4.8536773
0.11244,4.252671
0.112442,3.1431174
0.112444,1.6174817
0.112446,-0.046847343
0.112448,-1.7111769
0.112449996,-3.236812
0.112452,-4.346365
0.112454,-4.85491
0.112456,-4.8086786
0.112458,-4.2076707
0.11246,-3.0518866
0.112462,-1.5262513
0.112464,0.23054075
0.112466,1.8948698
0.112468,3.3742738
0.11247,4.3913646
0.112472,4.8999095
0.112474,4.807446
0.112476,4.113976
0.112478,2.9119601
0.11248,1.3863249
0.112482,-0.32423592
0.112484,-1.9423337
0.112486,-3.4217377
0.112488,-4.4388275
0.11249,-4.9011416
0.112492,-4.7624474
0.112494,-4.068977
0.112495996,-2.866961
0.112498,-1.2950945
0.1125,0.46169758
0.112502,2.126027
0.112504,3.5129685
0.112506,4.483826
0.112508,4.8999095
0.11251,4.7149835
0.112512,3.9752812
0.112514,2.727035
0.112516,1.1551685
0.112518,-0.55539227
0.11252,-2.1734905
0.112522,-3.6066632
0.112524,-4.5312905
0.112526,-4.9011416
0.112528,-4.669985
0.11253,-3.9302826
0.112532,-2.6358042
0.112534,-1.0639377
0.112536,0.6928544
0.112538,2.357184
0.11254,3.6978936
0.112542,4.5762897
0.112544,4.8999095
0.112546,4.668752
0.112548,3.8365874
0.11255,2.4958777
0.112552,0.92401123
0.112554,-0.78654957
0.112556,-2.4046474
0.112558,-3.745357
0.11256,-4.623753
0.112562,-4.9011416
0.112564,-4.623753
0.112566,-3.745357
0.112568,-2.4508786
0.11257,-0.78654957
0.112572,0.970243
0.112573996,2.542109
0.112576,3.8828197
0.112578,4.668752
0.11258,4.8999095
0.112582,4.5762897
0.112584,3.6516623
0.112586,2.3109517
0.112588,0.6928544
0.11259,-1.0639377
0.112592,-2.6358042
0.112594,-3.9302826
0.112596,-4.716216
0.112598,-4.9011416
0.1126,-4.5312905
0.112602,-3.6066632
0.112604,-2.2197218
0.112606,-0.55539227
0.112608,1.2013993
0.11261,2.7732663
0.112612,4.0215135
0.112614,4.7612157
0.112616,4.8999095
0.112618,4.437596
0.112619996,3.5129685
0.112622,2.0797954
0.112624,0.4154663
0.112626,-1.2950945
0.112628,-2.8207297
0.11263,-4.068977
0.112632,-4.7624474
0.112634,-4.9011416
0.112636,-4.4388275
0.112638,-3.4217377
0.11264,-1.9885652
0.112642,-0.27800417
0.112644,1.4325566
0.112646,2.9581914
0.112648,4.1602073
0.11265,4.807446
0.112652,4.8999095
0.112654,4.3913646
0.112656,3.3280425
0.112658,1.8486385
0.11266,0.184309
0.112662,-1.48002
0.112664,-3.0518866
0.112666,-4.2076707
0.112668,-4.8086786
0.11267,-4.85491
0.112672,-4.3001337
0.112674,-3.236812
0.112676,-1.7574081
0.112678,-0.046847343
0.11268,1.6637135
0.112682,3.1893477
0.112684,4.298901
0.112686,4.8536773
0.112688,4.8536773
0.11269,4.252671
0.112692,3.1431174
0.112694,1.6174817
0.112696,-0.046847343
0.112697996,-1.7111769
0.1127,-3.236812
0.112702,-4.346365
0.112704,-4.85491
0.112706,-4.8086786
0.112708,-4.2076707
0.11271,-3.0518866
0.112712,-1.5262513
0.112714,0.184309
0.112716,1.8948698
0.112718,3.3742738
0.11272,4.3913646
0.112722,4.8999095
0.112724,4.807446
0.112726,4.113976
0.112728,2.9119601
0.11273,1.3863249
0.112732,-0.32423592
0.112734,-1.9423337
0.112736,-3.4217377
0.112738,-4.4388275
0.11274,-4.9011416
0.112742,-4.7624474
0.112743996,-4.068977
0.112746,-2.866961
0.112748,-1.2950945
0.11275,0.091846466
0.112752,0.50792885
0.112754,0.87777996
0.112756,1.2476311
0.112758,1.6174817
0.11276,1.9411016
0.112762,2.3109517
0.112764,2.6345725
0.112766,2.9581914
0.112768,3.23558
0.11277,3.5129685
0.112772,3.7903562
0.112774,4.0215135
0.112776,4.252671
0.112778,4.437596
0.11278,4.5762897
0.112782,4.7149835
0.112784,4.8536773
0.112786,4.946141
0.112788,4.992371
0.11279,5.0386033
0.112792,5.0386033
0.112794,4.992371
0.112796,4.946141
0.112798,4.8999095
0.1128,4.7612157
0.112802,4.622521
0.112804,4.437596
0.112806,4.298901
0.112808,4.0677447
0.11281,3.8365874
0.112812,3.605431
0.112814,3.3280425
0.112816,3.0044227
0.112818,2.6808028
0.11282,2.357184
0.112821996,2.033564
0.112824,1.6637135
0.112826,1.3400936
0.112828,0.970243
0.11283,0.5541601
0.112832,0.184309
0.112834,-0.18554163
0.112836,-0.55539227
0.112838,-0.9714751
0.11284,-1.3413262
0.112842,-1.6649456
0.112844,-2.0347965
0.112846,-2.3584158
0.112848,-2.6820357
0.11285,-3.0056553
0.112852,-3.329275
0.112854,-3.6066632
0.112856,-3.8378198
0.112858,-4.068977
0.11286,-4.3001337
0.112862,-4.4388275
0.112864,-4.623753
0.112866,-4.7624474
0.112867996,-4.85491
0.11287,-4.947373
0.112872,-4.993604
0.112874,-5.0398355
0.112876,-4.993604
0.112878,-4.993604
0.11288,-4.9011416
0.112882,-4.8086786
0.112884,-4.716216
0.112886,-4.577522
0.112888,-4.4388275
0.11289,-4.2076707
0.112892,-4.022745
0.112894,-3.745357
0.112896,-3.5142004
0.112898,-3.1905808
0.1129,-2.9131925
0.112902,-2.589573
0.112904,-2.2659533
0.112906,-1.8961024
0.112908,-1.5262513
0.11291,-1.202632
0.112912,-0.83278084
0.112914,-0.41669846
0.112916,-0.046847343
0.112918,0.3230033
0.11292,0.6928544
0.112922,1.1089368
0.112924,1.4787879
0.112926,1.8024073
0.112928,2.172258
0.11293,2.4958777
0.112932,2.8194976
0.112934,3.1431174
0.112936,3.420505
0.112938,3.6978936
0.11294,3.92905
0.112942,4.1602073
0.112944,4.3913646
0.112945996,4.5300584
0.112948,4.668752
0.11295,4.807446
0.112952,4.8999095
0.112954,4.992371
0.112956,4.992371
0.112958,5.0386033
0.11296,5.0386033
0.112962,4.992371
0.112964,4.8999095
0.112966,4.807446
0.112968,4.668752
0.11297,4.5300584
0.112972,4.3451324
0.112974,4.1602073
0.112976,3.92905
0.112978,3.6978936
0.11298,3.420505
0.112982,3.0968862
0.112984,2.8194976
0.112986,2.4958777
0.112988,2.126027
0.11299,1.8024073
0.112991996,1.4325566
0.112994,1.0627055
0.112996,0.6928544
0.112998,0.3230033
0.113,-0.046847343
0.113002,-0.46292973
0.113004,-0.83278084
0.113006,-1.202632
0.113008,-1.5262513
0.11301,-1.8961024
0.113012,-2.2659533
0.113014,-2.589573
0.113016,-2.9131925
0.113018,-3.1905808
0.11302,-3.5142004
0.113022,-3.745357
0.113024,-4.022745
0.113026,-4.2076707
0.113028,-4.4388275
0.11303,-4.577522
0.113032,-4.716216
0.113034,-4.8086786
0.113036,-4.9011416
0.113037996,-4.993604
0.11304,-4.993604
0.113042,-5.0398355
0.113044,-4.993604
0.113046,-4.947373
0.113048,-4.85491
0.11305,-4.7624474
0.113052,-4.623753
0.113054,-4.4388275
0.113056,-4.3001337
0.113058,-4.068977
0.11306,-3.8378198
0.113062,-3.6066632
0.113064,-3.2830436
0.113066,-3.0056553
0.113068,-2.6820357
0.113069996,-2.3584158
0.113072,-2.0347965
0.113074,-1.6649456
0.113076,-1.2950945
0.113078,-0.9252434
0.11308,-0.55539227
0.113082,-0.18554163
0.113084,0.23054075
0.113086,0.60039186
0.113088,0.970243
0.11309,1.3400936
0.113092,1.6637135
0.113094,2.033564
0.113096,2.357184
0.113098,2.727035
0.1131,3.0044227
0.113102,3.3280425
0.113104,3.605431
0.113106,3.8365874
0.113108,4.113976
0.11311,4.298901
0.113112,4.483826
0.113114,4.622521
0.113115996,4.7612157
0.113118,4.8536773
0.11312,4.946141
0.113122,4.992371
0.113124,5.0386033
0.113126,5.0386033
0.113128,4.992371
0.11313,4.946141
0.113132,4.8536773
0.113134,4.7149835
0.113136,4.5762897
0.113138,4.437596
0.11314,4.252671
0.113142,4.0215135
0.113144,3.744125
0.113146,3.5129685
0.113148,3.1893477
0.11315,2.9119601
0.113152,2.5883412
0.113154,2.2647214
0.113156,1.8948698
0.113158,1.5250192
0.11316,1.2013993
0.113161996,0.8315482
0.113164,0.46169758
0.113166,0.045615196
0.113168,-0.32423592
0.11317,-0.694087
0.113172,-1.0639377
0.113174,-1.4337888
0.113176,-1.8036394
0.113178,-2.1272593
0.11318,-2.4508786
0.113182,-2.8207297
0.113184,-3.098118
0.113186,-3.4217377
0.113188,-3.6991258
0.11319,-3.9302826
0.113192,-4.1614394
0.113193996,-4.346365
0.113196,-4.5312905
0.113198,-4.669985
0.1132,-4.8086786
0.113202,-4.9011416
0.113204,-4.947373
0.113206,-4.993604
0.113208,-5.0398355
0.11321,-4.993604
0.113212,-4.947373
0.113214,-4.9011416
0.113216,-4.8086786
0.113218,-4.669985
0.11322,-4.4850593
0.113222,-4.346365
0.113224,-4.1614394
0.113226,-3.9302826
0.113228,-3.6528945
0.11323,-3.4217377
0.113232,-3.098118
0.113234,-2.7744985
0.113236,-2.4508786
0.113238,-2.1272593
0.113239996,-1.7574081
0.113242,-1.4337888
0.113244,-1.0639377
0.113246,-0.694087
0.113248,-0.32423592
0.11325,0.091846466
0.113252,0.46169758
0.113254,0.8315482
0.113256,1.2013993
0.113258,1.5712504
0.11326,1.9411016
0.113262,2.2647214
0.113264,2.5883412
0.113266,2.9119601
0.113268,3.23558
0.11327,3.5129685
0.113272,3.7903562
0.113274,4.0215135
0.113276,4.252671
0.113278,4.437596
0.11328,4.5762897
0.113282,4.7149835
0.113284,4.8536773
0.113285996,4.946141
0.113288,4.992371
0.11329,5.0386033
0.113292,5.0386033
0.113294,4.992371
0.113296,4.946141
0.113298,4.8536773
0.1133,4.7612157
0.113302,4.622521
0.113304,4.437596
0.113306,4.298901
0.113308,4.0677447
0.11331,3.8365874
0.113312,3.605431
0.113314,3.3280425
0.113316,3.0044227
0.113317996,2.6808028
0.11332,2.357184
0.113322,2.033564
0.113324,1.6637135
0.113326,1.3400936
0.113328,0.970243
0.11333,0.5541601
0.113332,0.184309
0.113334,-0.18554163
0.113336,-0.55539227
0.113338,-0.9714751
0.11334,-1.3413262
0.113342,-1.6649456
0.113344,-2.0347965
0.113346,-2.3584158
0.113348,-2.6820357
0.11335,-3.0056553
0.113352,-3.329275
0.113354,-3.6066632
0.113356,-3.8378198
0.113358,-4.068977
0.11336,-4.3001337
0.113362,-4.4388275
0.113363996,-4.623753
0.113366,-4.7624474
0.113368,-4.85491
0.11337,-4.947373
0.113372,-4.993604
0.113374,-5.0398355
0.113376,-4.993604
0.113378,-4.993604
0.11338,-4.9011416
0.113382,-4.8086786
0.113384,-4.716216
0.113386,-4.577522
0.113388,-4.4388275
0.11339,-4.2076707
0.113392,-4.022745
0.113394,-3.745357
0.113396,-3.5142004
0.113398,-3.1905808
0.1134,-2.9131925
0.113402,-2.589573
0.113404,-2.2659533
0.113406,-1.8961024
0.113408,-1.5262513
0.113409996,-1.202632
0.113412,-0.83278084
0.113414,-0.41669846
0.113416,-0.046847343
0.113418,0.3230033
0.11342,0.7390857
0.113422,1.1089368
0.113424,1.4787879
0.113426,1.8024073
0.113428,2.172258
0.11343,2.4958777
0.113432,2.8194976
0.113434,3.1431174
0.113436,3.420505
0.113438,3.6978936
0.11344,3.92905
0.113442,4.1602073
0.113444,4.3913646
0.113446,4.5300584
0.113448,4.668752
0.11345,4.807446
0.113452,4.8999095
0.113454,4.992371
0.113456,5.0386033
0.113458,5.0386033
0.11346,5.0386033
0.113462,4.992371
0.113464,4.8999095
0.113466,4.807446
0.113468,4.668752
0.11347,4.5300584
0.113472,4.3451324
0.113474,4.1602073
0.113476,3.92905
0.113478,3.6978936
0.11348,3.420505
0.113482,3.0968862
0.113484,2.8194976
0.113486,2.4958777
0.113487996,2.126027
0.11349,1.8024073
0.113492,1.4325566
0.113494,1.0627055
0.113496,0.6928544
0.113498,0.3230033
0.1135,-0.046847343
0.113502,-0.46292973
0.113504,-0.83278084
0.113506,-1.202632
0.113508,-1.5262513
0.11351,-1.8961024
0.113512,-2.2659533
0.113514,-2.589573
0.113516,-2.9131925
0.113518,-3.1905808
0.11352,-3.5142004
0.113522,-3.745357
0.113524,-4.022745
0.113526,-4.2076707
0.113528,-4.4388275
0.11353,-4.577522
0.113532,-4.716216
0.113533996,-4.8086786
0.113536,-4.9011416
0.113538,-4.993604
0.11354,-4.993604
0.113542,-5.0398355
0.113544,-4.993604
0.113546,-4.947373
0.113548,-4.85491
0.11355,-4.7624474
0.113552,-4.623753
0.113554,-4.4388275
0.113556,-4.3001337
0.113558,-4.068977
0.11356,-3.8378198
0.113562,-3.6066632
0.113564,-3.2830436
0.113566,-3.0056553
0.113568,-2.6820357
0.11357,-2.3584158
0.113572,-2.0347965
0.113574,-1.6649456
0.113576,-1.2950945
0.113578,-0.9252434
0.11358,-0.55539227
0.113582,-0.18554163
0.113584,0.23054075
0.113586,0.60039186
0.113588,0.970243
0.11359,1.3400936
0.113592,1.6637135
0.113594,2.033564
0.113596,2.357184
0.113598,2.727035
0.1136,3.0044227
0.113602,3.3280425
0.113604,3.605431
0.113606,3.8365874
0.113608,4.113976
0.11361,4.298901
0.113611996,4.483826
0.113614,4.622521
0.113616,4.7612157
0.113618,4.8536773
0.11362,4.946141
0.113622,4.992371
0.113624,5.0386033
0.113626,5.0386033
0.113628,4.992371
0.11363,4.946141
0.113632,4.8536773
0.113634,4.7149835
0.113636,4.5762897
0.113638,4.437596
0.11364,4.2064385
0.113642,4.0215135
0.113644,3.744125
0.113646,3.5129685
0.113648,3.1893477
0.11365,2.9119601
0.113652,2.5883412
0.113654,2.2647214
0.113656,1.8948698
0.113657996,1.5250192
0.11366,1.2013993
0.113662,0.8315482
0.113664,0.46169758
0.113666,0.045615196
0.113668,-0.32423592
0.11367,-0.694087
0.113672,-1.0639377
0.113674,-1.4337888
0.113676,-1.7574081
0.113678,-2.1272593
0.11368,-2.4508786
0.113682,-2.8207297
0.113684,-3.098118
0.113686,-3.4217377
0.113688,-3.6991258
0.11369,-3.9302826
0.113692,-4.1614394
0.113694,-4.346365
0.113696,-4.5312905
0.113698,-4.669985
0.1137,-4.8086786
0.113702,-4.9011416
0.113704,-4.947373
0.113706,-4.993604
0.113708,-5.0398355
0.11371,-4.993604
0.113712,-4.947373
0.113714,-4.9011416
0.113716,-4.8086786
0.113718,-4.669985
0.11372,-4.4850593
0.113722,-4.346365
0.113724,-4.1614394
0.113726,-3.9302826
0.113728,-3.6528945
0.11373,-3.4217377
0.113732,-3.098118
0.113734,-2.8207297
0.113735996,-2.4508786
0.113738,-2.1272593
0.11374,-1.7574081
0.113742,-1.4337888
0.113744,-1.0639377
0.113746,-0.694087
0.113748,-0.32423592
0.11375,0.46169758
0.113752,2.0797954
0.113754,3.5129685
0.113756,4.437596
0.113758,4.8536773
0.11376,4.668752
0.113762,3.92905
0.113764,2.6808028
0.113766,1.1551685
0.113768,-0.601624
0.11377,-2.2197218
0.113772,-3.6066632
0.113774,-4.5312905
0.113776,-4.947373
0.113778,-4.716216
0.11378,-3.9302826
0.113781996,-2.6820357
0.113784,-1.0639377
0.113786,0.6928544
0.113788,2.3109517
0.11379,3.6978936
0.113792,4.5762897
0.113794,4.8999095
0.113796,4.622521
0.113798,3.8365874
0.1138,2.4958777
0.113802,0.92401123
0.113804,-0.83278084
0.113806,-2.4046474
0.113808,-3.7915885
0.11381,-4.623753
0.113812,-4.9011416
0.113814,-4.623753
0.113816,-3.745357
0.113818,-2.4508786
0.11382,-0.78654957
0.113822,0.970243
0.113824,2.542109
0.113826,3.8828197
0.113828,4.668752
0.11383,4.8999095
0.113832,4.5762897
0.113834,3.6516623
0.113836,2.3109517
0.113838,0.6928544
0.11384,-1.0639377
0.113842,-2.6358042
0.113844,-3.9302826
0.113846,-4.716216
0.113848,-4.9011416
0.11385,-4.5312905
0.113852,-3.6066632
0.113854,-2.2197218
0.113856,-0.55539227
0.113858,1.2013993
0.113859996,2.7732663
0.113862,4.0215135
0.113864,4.7612157
0.113866,4.8999095
0.113868,4.437596
0.11387,3.5129685
0.113872,2.0797954
0.113874,0.4154663
0.113876,-1.2950945
0.113878,-2.8207297
0.11388,-4.068977
0.113882,-4.7624474
0.113884,-4.9011416
0.113886,-4.4388275
0.113888,-3.4217377
0.11389,-1.9885652
0.113892,-0.27800417
0.113894,1.4325566
0.113896,2.9581914
0.113898,4.1602073
0.1139,4.807446
0.113902,4.8536773
0.113904,4.3913646
0.113905996,3.3280425
0.113908,1.8486385
0.11391,0.184309
0.113912,-1.48002
0.113914,-3.0518866
0.113916,-4.2076707
0.113918,-4.8086786
0.11392,-4.85491
0.113922,-4.3001337
0.113924,-3.236812
0.113926,-1.7574081
0.113928,-0.046847343
0.11393,1.6637135
0.113932,3.1893477
0.113934,4.298901
0.113936,4.8536773
0.113938,4.8536773
0.11394,4.252671
0.113942,3.1431174
0.113944,1.6174817
0.113946,-0.046847343
0.113948,-1.7111769
0.11395,-3.236812
0.113952,-4.346365
0.113954,-4.85491
0.113956,-4.8086786
0.113958,-4.2076707
0.11396,-3.0518866
0.113962,-1.5262513
0.113964,0.23054075
0.113966,1.8948698
0.113968,3.3742738
0.11397,4.3913646
0.113972,4.8999095
0.113974,4.7612157
0.113976,4.113976
0.113978,2.9119601
0.11398,1.3863249
0.113982,-0.32423592
0.113983996,-1.9423337
0.113986,-3.4217377
0.113988,-4.4388275
0.11399,-4.9011416
0.113992,-4.7624474
0.113994,-4.068977
0.113996,-2.866961
0.113998,-1.2950945
0.114,0.46169758
0.114002,2.126027
0.114004,3.5591989
0.114006,4.483826
0.114008,4.8999095
0.11401,4.7149835
0.114012,3.9752812
0.114014,2.727035
0.114016,1.1551685
0.114018,-0.55539227
0.11402,-2.1734905
0.114022,-3.6066632
0.114024,-4.5312905
0.114026,-4.9011416
0.114028,-4.669985
0.114029996,-3.9302826
0.114032,-2.6358042
0.114034,-1.0177064
0.114036,0.6928544
0.114038,2.357184
0.11404,3.6978936
0.114042,4.5762897
0.114044,4.8999095
0.114046,4.622521
0.114048,3.8365874
0.11405,2.4958777
0.114052,0.92401123
0.114054,-0.78654957
0.114056,-2.4046474
0.114058,-3.7915885
0.11406,-4.623753
0.114062,-4.9011416
0.114064,-4.577522
0.114066,-3.745357
0.114068,-2.4508786
0.11407,-0.78654957
0.114072,0.970243
0.114074,2.542109
0.114076,3.8828197
0.114078,4.668752
0.11408,4.8999095
0.114082,4.5762897
0.114084,3.6516623
0.114086,2.3109517
0.114088,0.6928544
0.11409,-1.0639377
0.114092,-2.6358042
0.114094,-3.9302826
0.114096,-4.716216
0.114098,-4.9011416
0.1141,-4.4850593
0.114102,-3.6066632
0.114104,-2.2197218
0.114106,-0.55539227
0.114107996,1.2013993
0.11411,2.7732663
0.114112,4.0215135
0.114114,4.7612157
0.114116,4.8999095
0.114118,4.437596
0.11412,3.5129685
0.114122,2.0797954
0.114124,0.4154663
0.114126,-1.2950945
0.114128,-2.8207297
0.11413,-4.068977
0.114132,-4.7624474
0.114134,-4.9011416
0.114136,-4.4388275
0.114138,-3.4217377
0.11414,-1.9885652
0.114142,-0.27800417
0.114144,1.4325566
0.114146,2.9581914
0.114148,4.1602073
0.11415,4.807446
0.114152,4.8999095
0.114153996,4.3913646
0.114156,3.3280425
0.114158,1.8486385
0.11416,0.184309
0.114162,-1.48002
0.114164,-3.0518866
0.114166,-4.2076707
0.114168,-4.8086786
0.11417,-4.85491
0.114172,-4.3001337
0.114174,-3.236812
0.114176,-1.7574081
0.114178,-0.046847343
0.11418,1.6637135
0.114182,3.1893477
0.114184,4.298901
0.114186,4.8536773
0.114188,4.8536773
0.11419,4.252671
0.114192,3.1431174
0.114194,1.6174817
0.114196,-0.09307861
0.114198,-1.7111769
0.114199996,-3.236812
0.114202,-4.346365
0.114204,-4.85491
0.114206,-4.8086786
0.114208,-4.2076707
0.11421,-3.0518866
0.114212,-1.5262513
0.114214,0.23054075
0.114216,1.8948698
0.114218,3.3742738
0.11422,4.3913646
0.114222,4.8999095
0.114224,4.7612157
0.114226,4.113976
0.114228,2.9119601
0.11423,1.3863249
0.114231996,-0.32423592
0.114234,-1.9423337
0.114236,-3.4217377
0.114238,-4.4388275
0.11424,-4.9011416
0.114242,-4.7624474
0.114244,-4.068977
0.114246,-2.866961
0.114248,-1.2950945
0.11425,0.46169758
0.114252,2.126027
0.114254,3.5591989
0.114256,4.483826
0.114258,4.8999095
0.11426,4.7149835
0.114262,3.9752812
0.114264,2.727035
0.114266,1.1551685
0.114268,-0.55539227
0.11427,-2.1734905
0.114272,-3.6066632
0.114274,-4.5312905
0.114276,-4.9011416
0.114277996,-4.669985
0.11428,-3.9302826
0.114282,-2.6358042
0.114284,-1.0177064
0.114286,0.6928544
0.114288,2.357184
0.11429,3.6978936
0.114292,4.5762897
0.114294,4.8999095
0.114296,4.622521
0.114298,3.8365874
0.1143,2.4958777
0.114302,0.92401123
0.114304,-0.78654957
0.114306,-2.4046474
0.114308,-3.7915885
0.11431,-4.623753
0.114312,-4.9011416
0.114314,-4.577522
0.114316,-3.745357
0.114318,-2.4508786
0.11432,-0.78654957
0.114322,0.970243
0.114323996,2.542109
0.114326,3.8828197
0.114328,4.668752
0.11433,4.8999095
0.114332,4.5762897
0.114334,3.6516623
0.114336,2.3109517
0.114338,0.6928544
0.11434,-1.0639377
0.114342,-2.6358042
0.114344,-3.9302826
0.114346,-4.716216
0.114348,-4.9011416
0.11435,-4.4850593
0.114352,-3.6066632
0.114354,-2.2197218
0.114355996,-0.55539227
0.114358,1.2013993
0.11436,2.7732663
0.114362,4.0215135
0.114364,4.7612157
0.114366,4.8999095
0.114368,4.437596
0.11437,3.4667363
0.114372,2.0797954
0.114374,0.4154663
0.114376,-1.2950945
0.114378,-2.8207297
0.11438,-4.068977
0.114382,-4.7624474
0.114384,-4.9011416
0.114386,-4.4388275
0.114388,-3.4217377
0.11439,-1.9885652
0.114392,-0.27800417
0.114394,1.4325566
0.114396,2.9581914
0.114398,4.1602073
0.1144,4.807446
0.114401996,4.8999095
0.114404,4.3913646
0.114406,3.3280425
0.114408,1.8486385
0.11441,0.184309
0.114412,-1.48002
0.114414,-3.0518866
0.114416,-4.2076707
0.114418,-4.8086786
0.11442,-4.85491
0.114422,-4.3001337
0.114424,-3.236812
0.114426,-1.7574081
0.114428,-0.046847343
0.11443,1.6637135
0.114432,3.1893477
0.114434,4.298901
0.114436,4.8536773
0.114438,4.8536773
0.11444,4.252671
0.114442,3.0968862
0.114444,1.6174817
0.114446,-0.09307861
0.114447996,-1.7111769
0.11445,-3.236812
0.114452,-4.346365
0.114454,-4.85491
0.114456,-4.8086786
0.114458,-4.2076707
0.11446,-3.0518866
0.114462,-1.5262513
0.114464,0.23054075
0.114466,1.8948698
0.114468,3.3742738
0.11447,4.3913646
0.114472,4.8999095
0.114474,4.7612157
0.114476,4.113976
0.114478,2.9119601
0.114479996,1.3863249
0.114482,-0.32423592
0.114484,-1.9423337
0.114486,-3.4217377
0.114488,-4.4388275
0.11449,-4.9011416
0.114492,-4.7624474
0.114494,-4.068977
0.114496,-2.866961
0.114498,-1.2950945
0.1145,0.46169758
0.114502,2.126027
0.114504,3.5591989
0.114506,4.483826
0.114508,4.8999095
0.11451,4.7149835
0.114512,3.9752812
0.114514,2.727035
0.114516,1.1551685
0.114518,-0.55539227
0.11452,-2.1734905
0.114522,-3.6066632
0.114524,-4.5312905
0.114525996,-4.9011416
0.114528,-4.669985
0.11453,-3.9302826
0.114532,-2.6358042
0.114534,-1.0177064
0.114536,0.6928544
0.114538,2.357184
0.11454,3.6978936
0.114542,4.5762897
0.114544,4.8999095
0.114546,4.622521
0.114548,3.8365874
0.11455,2.4958777
0.114552,0.92401123
0.114554,-0.83278084
0.114556,-2.4046474
0.114558,-3.7915885
0.11456,-4.623753
0.114562,-4.9011416
0.114564,-4.577522
0.114566,-3.745357
0.114568,-2.4508786
0.11457,-0.78654957
0.114571996,0.970243
0.114574,2.542109
0.114576,3.8828197
0.114578,4.668752
0.11458,4.8999095
0.114582,4.5762897
0.114584,3.6516623
0.114586,2.3109517
0.114588,0.6928544
0.11459,-1.0639377
0.114592,-2.6358042
0.114594,-3.9302826
0.114596,-4.716216
0.114598,-4.9011416
0.1146,-4.4850593
0.114602,-3.6066632
0.114604,-2.2197218
0.114606,-0.55539227
0.114608,1.2013993
0.11461,2.7732663
0.114612,4.0215135
0.114614,4.7612157
0.114616,4.8999095
0.114618,4.437596
0.11462,3.5129685
0.114622,2.0797954
0.114624,0.4154663
0.114626,-1.2950945
0.114628,-2.8207297
0.11463,-4.068977
0.114632,-4.7624474
0.114634,-4.9011416
0.114636,-4.4388275
0.114638,-3.4217377
0.11464,-1.9885652
0.114642,-0.27800417
0.114644,1.4325566
0.114646,2.9581914
0.114648,4.1602073
0.114649996,4.807446
0.114652,4.8999095
0.114654,4.3913646
0.114656,3.3280425
0.114658,1.8486385
0.11466,0.184309
0.114662,-1.48002
0.114664,-3.0518866
0.114666,-4.2076707
0.114668,-4.8086786
0.11467,-4.85491
0.114672,-4.3001337
0.114674,-3.236812
0.114676,-1.7574081
0.114678,-0.046847343
0.11468,1.6637135
0.114682,3.1893477
0.114684,4.298901
0.114686,4.8536773
0.114688,4.8536773
0.11469,4.252671
0.114692,3.1431174
0.114694,1.6174817
0.114695996,-0.09307861
0.114698,-1.7111769
0.1147,-3.236812
0.114702,-4.346365
0.114704,-4.85491
0.114706,-4.8086786
0.114708,-4.2076707
0.11471,-3.0518866
0.114712,-1.48002
0.114714,0.23054075
0.114716,1.8948698
0.114718,3.3742738
0.11472,4.3913646
0.114722,4.8999095
0.114724,4.807446
0.114726,4.113976
0.114728,2.9119601
0.11473,1.3863249
0.114732,-0.32423592
0.114734,-1.9423337
0.114736,-3.4217377
0.114738,-4.4388275
0.11474,-4.9011416
0.114742,-4.7624474
0.114744,-4.068977
0.114746,-2.866961
0.114748,-1.2950945
0.11475,0.091846466
0.114752,0.50792885
0.114754,0.87777996
0.114756,1.2476311
0.114758,1.6174817
0.11476,1.9411016
0.114762,2.3109517
0.114764,2.6345725
0.114766,2.9581914
0.114768,3.23558
0.11477,3.5129685
0.114772,3.7903562
0.114773996,4.0215135
0.114776,4.252671
0.114778,4.437596
0.11478,4.5762897
0.114782,4.7149835
0.114784,4.8536773
0.114786,4.946141
0.114788,4.992371
0.11479,5.0386033
0.114792,5.0386033
0.114794,4.992371
0.114796,4.946141
0.114798,4.8999095
0.1148,4.7612157
0.114802,4.622521
0.114804,4.483826
0.114806,4.298901
0.114808,4.0677447
0.11481,3.8365874
0.114812,3.605431
0.114814,3.3280425
0.114816,3.0044227
0.114818,2.6808028
0.114819996,2.357184
0.114822,2.033564
0.114824,1.6637135
0.114826,1.3400936
0.114828,0.970243
0.11483,0.5541601
0.114832,0.184309
0.114834,-0.18554163
0.114836,-0.55539227
0.114838,-0.9714751
0.11484,-1.3413262
0.114842,-1.6649456
0.114844,-2.0347965
0.114846,-2.3584158
0.114848,-2.6820357
0.11485,-3.0056553
0.114852,-3.329275
0.114854,-3.6066632
0.114856,-3.8378198
0.114858,-4.068977
0.11486,-4.3001337
0.114862,-4.4388275
0.114864,-4.623753
0.114866,-4.7624474
0.114868,-4.85491
0.11487,-4.947373
0.114872,-4.993604
0.114874,-5.0398355
0.114876,-4.993604
0.114878,-4.993604
0.11488,-4.9011416
0.114882,-4.8086786
0.114884,-4.716216
0.114886,-4.577522
0.114888,-4.4388275
0.11489,-4.2076707
0.114892,-3.976514
0.114894,-3.745357
0.114896,-3.467969
0.114897996,-3.1905808
0.1149,-2.9131925
0.114902,-2.589573
0.114904,-2.2659533
0.114906,-1.8961024
0.114908,-1.5262513
0.11491,-1.202632
0.114912,-0.83278084
0.114914,-0.41669846
0.114916,-0.046847343
0.114918,0.3230033
0.11492,0.7390857
0.114922,1.1089368
0.114924,1.4787879
0.114926,1.8024073
0.114928,2.172258
0.11493,2.4958777
0.114932,2.8194976
0.114934,3.1431174
0.114936,3.420505
0.114938,3.6978936
0.11494,3.92905
0.114942,4.1602073
0.114943996,4.3913646
0.114946,4.5300584
0.114948,4.668752
0.11495,4.807446
0.114952,4.8999095
0.114954,4.992371
0.114956,5.0386033
0.114958,5.0386033
0.11496,5.0386033
0.114962,4.946141
0.114964,4.8999095
0.114966,4.807446
0.114968,4.668752
0.11497,4.5300584
0.114972,4.3451324
0.114974,4.1602073
0.114976,3.92905
0.114978,3.6516623
0.11498,3.420505
0.114982,3.0968862
0.114984,2.8194976
0.114986,2.4496465
0.114988,2.126027
0.11499,1.8024073
0.114992,1.4325566
0.114994,1.0627055
0.114996,0.6928544
0.114998,0.3230033
0.115,-0.046847343
0.115002,-0.46292973
0.115004,-0.83278084
0.115006,-1.202632
0.115008,-1.5262513
0.11501,-1.8961024
0.115012,-2.2659533
0.115014,-2.589573
0.115016,-2.9131925
0.115018,-3.1905808
0.11502,-3.5142004
0.115021996,-3.745357
0.115024,-4.022745
0.115026,-4.2076707
0.115028,-4.4388275
0.11503,-4.577522
0.115032,-4.716216
0.115034,-4.85491
0.115036,-4.9011416
0.115038,-4.993604
0.11504,-4.993604
0.115042,-5.0398355
0.115044,-4.993604
0.115046,-4.947373
0.115048,-4.85491
0.11505,-4.7624474
0.115052,-4.623753
0.115054,-4.4388275
0.115056,-4.3001337
0.115058,-4.068977
0.11506,-3.8378198
0.115062,-3.5604317
0.115064,-3.2830436
0.115066,-3.0056553
0.115067996,-2.6820357
0.11507,-2.3584158
0.115072,-1.9885652
0.115074,-1.6649456
0.115076,-1.2950945
0.115078,-0.9252434
0.11508,-0.55539227
0.115082,-0.18554163
0.115084,0.23054075
0.115086,0.60039186
0.115088,0.970243
0.11509,1.3400936
0.115092,1.6637135
0.115094,2.033564
0.115096,2.357184
0.115098,2.727035
0.1151,3.050654
0.115102,3.3280425
0.115104,3.605431
0.115106,3.8365874
0.115108,4.113976
0.11511,4.298901
0.115112,4.483826
0.115114,4.622521
0.115116,4.7612157
0.115118,4.8536773
0.11512,4.946141
0.115122,4.992371
0.115124,5.0386033
0.115126,5.0386033
0.115128,4.992371
0.11513,4.946141
0.115132,4.8536773
0.115134,4.7149835
0.115136,4.5762897
0.115138,4.437596
0.11514,4.2064385
0.115142,4.0215135
0.115144,3.744125
0.115145996,3.5129685
0.115148,3.1893477
0.11515,2.9119601
0.115152,2.5883412
0.115154,2.2647214
0.115156,1.8948698
0.115158,1.5250192
0.11516,1.2013993
0.115162,0.8315482
0.115164,0.46169758
0.115166,0.045615196
0.115168,-0.32423592
0.11517,-0.694087
0.115172,-1.0639377
0.115174,-1.4337888
0.115176,-1.8036394
0.115178,-2.1272593
0.11518,-2.4508786
0.115182,-2.8207297
0.115184,-3.098118
0.115186,-3.4217377
0.115188,-3.6991258
0.11519,-3.9302826
0.115191996,-4.1614394
0.115194,-4.346365
0.115196,-4.5312905
0.115198,-4.669985
0.1152,-4.8086786
0.115202,-4.9011416
0.115204,-4.947373
0.115206,-4.993604
0.115208,-5.0398355
0.11521,-4.993604
0.115212,-4.947373
0.115214,-4.9011416
0.115216,-4.8086786
0.115218,-4.669985
0.11522,-4.4850593
0.115222,-4.346365
0.115224,-4.1614394
0.115226,-3.9302826
0.115228,-3.6528945
0.11523,-3.4217377
0.115232,-3.098118
0.115234,-2.7744985
0.115236,-2.4508786
0.115238,-2.1272593
0.11524,-1.7574081
0.115242,-1.4337888
0.115244,-1.0639377
0.115246,-0.694087
0.115248,-0.32423592
0.11525,0.091846466
0.115252,0.46169758
0.115254,0.8315482
0.115256,1.2013993
0.115258,1.5712504
0.11526,1.9411016
0.115262,2.2647214
0.115264,2.5883412
0.115266,2.9119601
0.115268,3.23558
0.115269996,3.5129685
0.115272,3.7903562
0.115274,4.0215135
0.115276,4.252671
0.115278,4.437596
0.11528,4.5762897
0.115282,4.7149835
0.115284,4.8536773
0.115286,4.946141
0.115288,4.992371
0.11529,5.0386033
0.115292,5.0386033
0.115294,4.992371
0.115296,4.946141
0.115298,4.8536773
0.1153,4.7612157
0.115302,4.622521
0.115304,4.437596
0.115306,4.298901
0.115308,4.0677447
0.11531,3.8365874
0.115312,3.605431
0.115314,3.2818112
0.115315996,3.0044227
0.115318,2.6808028
0.11532,2.357184
0.115322,2.033564
0.115324,1.6637135
0.115326,1.3400936
0.115328,0.970243
0.11533,0.5541601
0.115332,0.184309
0.115334,-0.18554163
0.115336,-0.55539227
0.115338,-0.9714751
0.11534,-1.3413262
0.115342,-1.6649456
0.115344,-2.0347965
0.115346,-2.3584158
0.115348,-2.6820357
0.11535,-3.0056553
0.115352,-3.329275
0.115354,-3.6066632
0.115356,-3.8378198
0.115358,-4.068977
0.11536,-4.3001337
0.115361996,-4.4388275
0.115364,-4.623753
0.115366,-4.7624474
0.115368,-4.85491
0.11537,-4.947373
0.115372,-4.993604
0.115374,-5.0398355
0.115376,-4.993604
0.115378,-4.993604
0.11538,-4.9011416
0.115382,-4.8086786
0.115384,-4.716216
0.115386,-4.577522
0.115388,-4.4388275
0.11539,-4.2076707
0.115392,-3.976514
0.115393996,-3.745357
0.115396,-3.467969
0.115398,-3.1905808
0.1154,-2.9131925
0.115402,-2.589573
0.115404,-2.2197218
0.115406,-1.8961024
0.115408,-1.5262513
0.11541,-1.202632
0.115412,-0.83278084
0.115414,-0.41669846
0.115416,-0.046847343
0.115418,0.3230033
0.11542,0.7390857
0.115422,1.1089368
0.115424,1.4787879
0.115426,1.8024073
0.115428,2.172258
0.11543,2.4958777
0.115432,2.8194976
0.115434,3.1431174
0.115436,3.420505
0.115438,3.6978936
0.115439996,3.92905
0.115442,4.1602073
0.115444,4.3913646
0.115446,4.5300584
0.115448,4.668752
0.11545,4.807446
0.115452,4.8999095
0.115454,4.992371
0.115456,5.0386033
0.115458,5.0386033
0.11546,5.0386033
0.115462,4.992371
0.115464,4.8999095
0.115466,4.807446
0.115468,4.668752
0.11547,4.5300584
0.115472,4.3451324
0.115474,4.1602073
0.115476,3.92905
0.115478,3.6978936
0.11548,3.420505
0.115482,3.0968862
0.115484,2.8194976
0.115485996,2.4496465
0.115488,2.126027
0.11549,1.8024073
0.115492,1.4325566
0.115494,1.0627055
0.115496,0.6928544
0.115498,0.3230033
0.1155,-0.046847343
0.115502,-0.46292973
0.115504,-0.83278084
0.115506,-1.202632
0.115508,-1.5262513
0.11551,-1.8961024
0.115512,-2.2659533
0.115514,-2.589573
0.115516,-2.9131925
0.115517996,-3.1905808
0.11552,-3.5142004
0.115522,-3.745357
0.115524,-4.022745
0.115526,-4.2076707
0.115528,-4.4388275
0.11553,-4.577522
0.115532,-4.716216
0.115534,-4.8086786
0.115536,-4.9011416
0.115538,-4.993604
0.11554,-4.993604
0.115542,-5.0398355
0.115544,-4.993604
0.115546,-4.947373
0.115548,-4.85491
0.11555,-4.7624474
0.115552,-4.623753
0.115554,-4.4388275
0.115556,-4.3001337
0.115558,-4.068977
0.11556,-3.8378198
0.115562,-3.5604317
0.115563996,-3.2830436
0.115566,-3.0056553
0.115568,-2.6820357
0.11557,-2.3584158
0.115572,-2.0347965
0.115574,-1.6649456
0.115576,-1.2950945
0.115578,-0.9252434
0.11558,-0.55539227
0.115582,-0.18554163
0.115584,0.23054075
0.115586,0.60039186
0.115588,0.970243
0.11559,1.3400936
0.115592,1.6637135
0.115594,2.033564
0.115596,2.4034152
0.115598,2.727035
0.1156,3.0044227
0.115602,3.3280425
0.115604,3.605431
0.115606,3.8365874
0.115608,4.113976
0.115609996,4.298901
0.115612,4.483826
0.115614,4.622521
0.115616,4.7612157
0.115618,4.8536773
0.11562,4.946141
0.115622,4.992371
0.115624,5.0386033
0.115626,5.0386033
0.115628,4.992371
0.11563,4.946141
0.115632,4.8536773
0.115634,4.7149835
0.115636,4.5762897
0.115638,4.437596
0.11564,4.2064385
0.115641996,4.0215135
0.115644,3.744125
0.115646,3.5129685
0.115648,3.1893477
0.11565,2.9119601
0.115652,2.5883412
0.115654,2.2647214
0.115656,1.8948698
0.115658,1.5250192
0.11566,1.2013993
0.115662,0.8315482
0.115664,0.46169758
0.115666,0.045615196
0.115668,-0.32423592
0.11567,-0.694087
0.115672,-1.0639377
0.115674,-1.4337888
0.115676,-1.8036394
0.115678,-2.1272593
0.11568,-2.4508786
0.115682,-2.8207297
0.115684,-3.098118
0.115686,-3.4217377
0.115687996,-3.6991258
0.11569,-3.9302826
0.115692,-4.1614394
0.115694,-4.346365
0.115696,-4.5312905
0.115698,-4.669985
0.1157,-4.8086786
0.115702,-4.9011416
0.115704,-4.947373
0.115706,-4.993604
0.115708,-5.0398355
0.11571,-4.993604
0.115712,-4.947373
0.115714,-4.9011416
0.115716,-4.8086786
0.115718,-4.669985
0.11572,-4.5312905
0.115722,-4.346365
0.115724,-4.1614394
0.115726,-3.9302826
0.115728,-3.6528945
0.11573,-3.4217377
0.115732,-3.098118
0.115733996,-2.7744985
0.115736,-2.4508786
0.115738,-2.1272593
0.11574,-1.7574081
0.115742,-1.4337888
0.115744,-1.0639377
0.115746,-0.694087
0.115748,-0.32423592
0.11575,0.46169758
0.115752,2.0797954
0.115754,3.5129685
0.115756,4.437596
0.115758,4.8999095
0.11576,4.668752
0.115762,3.92905
0.115764,2.6808028
0.115766,1.1089368
0.115768,-0.601624
0.11577,-2.2197218
0.115772,-3.6066632
0.115774,-4.5312905
0.115776,-4.947373
0.115778,-4.669985
0.11578,-3.9302826
0.115782,-2.6358042
0.115784,-1.0639377
0.115786,0.6928544
0.115788,2.357184
0.11579,3.6978936
0.115792,4.5762897
0.115794,4.8999095
0.115796,4.622521
0.115798,3.8365874
0.1158,2.4958777
0.115802,0.92401123
0.115804,-0.83278084
0.115806,-2.4046474
0.115808,-3.7915885
0.11581,-4.623753
0.115811996,-4.9011416
0.115814,-4.577522
0.115816,-3.745357
0.115818,-2.4046474
0.11582,-0.78654957
0.115822,0.970243
0.115824,2.5883412
0.115826,3.8828197
0.115828,4.668752
0.11583,4.8999095
0.115832,4.5300584
0.115834,3.6516623
0.115836,2.3109517
0.115838,0.64662313
0.11584,-1.0639377
0.115842,-2.6358042
0.115844,-3.9302826
0.115846,-4.716216
0.115848,-4.9011416
0.11585,-4.4850593
0.115852,-3.6066632
0.115854,-2.2197218
0.115856,-0.55539227
0.115857996,1.2013993
0.11586,2.7732663
0.115862,4.0215135
0.115864,4.7612157
0.115866,4.8999095
0.115868,4.437596
0.11587,3.4667363
0.115872,2.0797954
0.115874,0.4154663
0.115876,-1.2950945
0.115878,-2.8207297
0.11588,-4.068977
0.115882,-4.7624474
0.115884,-4.9011416
0.115886,-4.4388275
0.115888,-3.4217377
0.11589,-1.9885652
0.115892,-0.27800417
0.115894,1.4325566
0.115896,3.0044227
0.115898,4.1602073
0.1159,4.807446
0.115902,4.8999095
0.115904,4.3913646
0.115906,3.2818112
0.115908,1.8486385
0.11591,0.184309
0.115912,-1.5262513
0.115914,-3.0518866
0.115916,-4.2076707
0.115918,-4.8086786
0.11592,-4.85491
0.115922,-4.3001337
0.115924,-3.236812
0.115926,-1.7574081
0.115928,-0.046847343
0.11593,1.6637135
0.115932,3.1893477
0.115934,4.298901
0.115935996,4.8536773
0.115938,4.8536773
0.11594,4.252671
0.115942,3.0968862
0.115944,1.6174817
0.115946,-0.09307861
0.115948,-1.7574081
0.11595,-3.236812
0.115952,-4.346365
0.115954,-4.85491
0.115956,-4.8086786
0.115958,-4.2076707
0.11596,-3.0518866
0.115962,-1.48002
0.115964,0.23054075
0.115966,1.8948698
0.115968,3.3742738
0.11597,4.437596
0.115972,4.8999095
0.115974,4.7612157
0.115976,4.113976
0.115978,2.9119601
0.11598,1.3863249
0.115981996,-0.32423592
0.115984,-1.9885652
0.115986,-3.4217377
0.115988,-4.4388275
0.11599,-4.9011416
0.115992,-4.7624474
0.115994,-4.068977
0.115996,-2.8207297
0.115998,-1.2950945
0.116,0.46169758
0.116002,2.126027
0.116004,3.5591989
0.116006,4.483826
0.116008,4.8999095
0.11601,4.7149835
0.116012,3.9752812
0.116014,2.727035
0.116016,1.1551685
0.116018,-0.55539227
0.11602,-2.1734905
0.116022,-3.6066632
0.116024,-4.5312905
0.116026,-4.9011416
0.116028,-4.669985
0.11603,-3.8840513
0.116032,-2.6358042
0.116034,-1.0177064
0.116036,0.7390857
0.116038,2.357184
0.11604,3.6978936
0.116042,4.5762897
0.116044,4.8999095
0.116046,4.622521
0.116048,3.8365874
0.11605,2.4958777
0.116052,0.92401123
0.116054,-0.83278084
0.116056,-2.4046474
0.116058,-3.7915885
0.116059996,-4.623753
0.116062,-4.9011416
0.116064,-4.577522
0.116066,-3.745357
0.116068,-2.4046474
0.11607,-0.78654957
0.116072,0.970243
0.116074,2.5883412
0.116076,3.8828197
0.116078,4.668752
0.11608,4.8999095
0.116082,4.5762897
0.116084,3.6516623
0.116086,2.2647214
0.116088,0.64662313
0.11609,-1.0639377
0.116092,-2.6358042
0.116094,-3.9302826
0.116096,-4.716216
0.116098,-4.9011416
0.1161,-4.4850593
0.116102,-3.6066632
0.116104,-2.2197218
0.116105996,-0.55539227
0.116108,1.2013993
0.11611,2.7732663
0.116112,4.0215135
0.116114,4.7612157
0.116116,4.8999095
0.116118,4.437596
0.11612,3.4667363
0.116122,2.0797954
0.116124,0.4154663
0.116126,-1.2950945
0.116128,-2.8207297
0.11613,-4.068977
0.116132,-4.7624474
0.116134,-4.9011416
0.116136,-4.4388275
0.116138,-3.4217377
0.11614,-1.9885652
0.116142,-0.27800417
0.116144,1.4325566
0.116146,3.0044227
0.116148,4.1602073
0.11615,4.807446
0.116152,4.8999095
0.116154,4.3913646
0.116156,3.2818112
0.116158,1.8486385
0.11616,0.184309
0.116162,-1.5262513
0.116164,-3.0518866
0.116166,-4.2076707
0.116168,-4.8086786
0.11617,-4.85491
0.116172,-4.3001337
0.116174,-3.236812
0.116176,-1.7574081
0.116178,-0.046847343
0.11618,1.6637135
0.116182,3.1893477
0.116183996,4.298901
0.116186,4.8536773
0.116188,4.8536773
0.11619,4.252671
0.116192,3.0968862
0.116194,1.6174817
0.116196,-0.09307861
0.116198,-1.7574081
0.1162,-3.236812
0.116202,-4.346365
0.116204,-4.85491
0.116206,-4.8086786
0.116208,-4.2076707
0.11621,-3.0518866
0.116212,-1.48002
0.116214,0.23054075
0.116216,1.8948698
0.116218,3.3742738
0.11622,4.437596
0.116222,4.8999095
0.116224,4.807446
0.116226,4.113976
0.116228,2.9119601
0.116229996,1.3863249
0.116232,-0.32423592
0.116234,-1.9885652
0.116236,-3.4217377
0.116238,-4.4388275
0.11624,-4.9011416
0.116242,-4.7624474
0.116244,-4.068977
0.116246,-2.8207297
0.116248,-1.2950945
0.11625,0.46169758
0.116252,2.126027
0.116254,3.5591989
0.116256,4.483826
0.116258,4.8999095
0.11626,4.7149835
0.116262,3.9752812
0.116264,2.727035
0.116266,1.1551685
0.116268,-0.55539227
0.11627,-2.1734905
0.116272,-3.6066632
0.116274,-4.5312905
0.116276,-4.9011416
0.116278,-4.669985
0.11628,-3.8840513
0.116282,-2.6358042
0.116284,-1.0177064
0.116286,0.7390857
0.116288,2.357184
0.11629,3.6978936
0.116292,4.5762897
0.116294,4.8999095
0.116296,4.622521
0.116298,3.8365874
0.1163,2.4958777
0.116302,0.92401123
0.116304,-0.83278084
0.116306,-2.4046474
0.116307996,-3.7915885
0.11631,-4.623753
0.116312,-4.9011416
0.116314,-4.577522
0.116316,-3.745357
0.116318,-2.4046474
0.11632,-0.78654957
0.116322,0.970243
0.116324,2.5883412
0.116326,3.8828197
0.116328,4.668752
0.11633,4.8999095
0.116332,4.5762897
0.116334,3.6516623
0.116336,2.2647214
0.116338,0.64662313
0.11634,-1.0639377
0.116342,-2.6358042
0.116344,-3.9302826
0.116346,-4.716216
0.116348,-4.9011416
0.11635,-4.4850593
0.116352,-3.6066632
0.116353996,-2.2197218
0.116356,-0.55539227
0.116358,1.2013993
0.11636,2.7732663
0.116362,4.0215135
0.116364,4.7612157
0.116366,4.8999095
0.116368,4.437596
0.11637,3.4667363
0.116372,2.0797954
0.116374,0.4154663
0.116376,-1.2950945
0.116378,-2.8207297
0.11638,-4.068977
0.116382,-4.7624474
0.116384,-4.9011416
0.116386,-4.4388275
0.116388,-3.4217377
0.11639,-1.9885652
0.116392,-0.27800417
0.116394,1.4325566
0.116396,3.0044227
0.116398,4.1602073
0.116399996,4.807446
0.116402,4.8999095
0.116404,4.3913646
0.116406,3.2818112
0.116408,1.8486385
0.11641,0.184309
0.116412,-1.5262513
0.116414,-3.0518866
0.116416,-4.2076707
0.116418,-4.8086786
0.11642,-4.85491
0.116422,-4.3001337
0.116424,-3.236812
0.116426,-1.7574081
0.116428,-0.046847343
0.11643,1.6637135
0.116431996,3.1893477
0.116434,4.298901
0.116436,4.8536773
0.116438,4.8536773
0.11644,4.252671
0.116442,3.0968862
0.116444,1.6174817
0.116446,-0.09307861
0.116448,-1.7574081
0.11645,-3.236812
0.116452,-4.346365
0.116454,-4.85491
0.116456,-4.8086786
0.116458,-4.2076707
0.11646,-3.0518866
0.116462,-1.48002
0.116464,0.23054075
0.116466,1.8948698
0.116468,3.3742738
0.11647,4.437596
0.116472,4.8999095
0.116474,4.807446
0.116476,4.113976
0.116477996,2.9119601
0.11648,1.3863249
0.116482,-0.32423592
0.116484,-1.9885652
0.116486,-3.4217377
0.116488,-4.4388275
0.11649,-4.9011416
0.116492,-4.7624474
0.116494,-4.068977
0.116496,-2.8207297
0.116498,-1.2950945
0.1165,0.46169758
0.116502,2.126027
0.116504,3.5591989
0.116506,4.483826
0.116508,4.8999095
0.11651,4.7149835
0.116512,3.9752812
0.116514,2.727035
0.116516,1.1551685
0.116518,-0.55539227
0.11652,-2.1734905
0.116522,-3.6066632
0.116523996,-4.5312905
0.116526,-4.9011416
0.116528,-4.669985
0.11653,-3.8840513
0.116532,-2.6358042
0.116534,-1.0177064
0.116536,0.7390857
0.116538,2.357184
0.11654,3.6978936
0.116542,4.5762897
0.116544,4.8999095
0.116546,4.622521
0.116548,3.8365874
0.11655,2.4958777
0.116552,0.92401123
0.116554,-0.83278084
0.116555996,-2.4046474
0.116558,-3.7915885
0.11656,-4.623753
0.116562,-4.9011416
0.116564,-4.577522
0.116566,-3.745357
0.116568,-2.4046474
0.11657,-0.78654957
0.116572,0.970243
0.116574,2.5883412
0.116576,3.8828197
0.116578,4.668752
0.11658,4.8999095
0.116582,4.5762897
0.116584,3.6516623
0.116586,2.2647214
0.116588,0.64662313
0.11659,-1.0639377
0.116592,-2.6358042
0.116594,-3.9302826
0.116596,-4.716216
0.116598,-4.9011416
0.1166,-4.4850593
0.116601996,-3.6066632
0.116604,-2.2197218
0.116606,-0.55539227
0.116608,1.2013993
0.11661,2.7732663
0.116612,4.0215135
0.116614,4.7612157
0.116616,4.8999095
0.116618,4.437596
0.11662,3.4667363
0.116622,2.0797954
0.116624,0.4154663
0.116626,-1.2950945
0.116628,-2.8207297
0.11663,-4.068977
0.116632,-4.7624474
0.116634,-4.9011416
0.116636,-4.4388275
0.116638,-3.4217377
0.11664,-1.9885652
0.116642,-0.27800417
0.116644,1.4787879
0.116646,3.0044227
0.116647996,4.1602073
0.11665,4.807446
0.116652,4.8536773
0.116654,4.3913646
0.116656,3.2818112
0.116658,1.8486385
0.11666,0.184309
0.116662,-1.5262513
0.116664,-3.0518866
0.116666,-4.2076707
0.116668,-4.8086786
0.11667,-4.85491
0.116672,-4.3001337
0.116674,-3.236812
0.116676,-1.7111769
0.116678,-0.046847343
0.116679996,1.6637135
0.116682,3.1893477
0.116684,4.298901
0.116686,4.8536773
0.116688,4.8536773
0.11669,4.252671
0.116692,3.0968862
0.116694,1.6174817
0.116696,-0.09307861
0.116698,-1.7574081
0.1167,-3.236812
0.116702,-4.346365
0.116704,-4.85491
0.116706,-4.8086786
0.116708,-4.2076707
0.11671,-3.0518866
0.116712,-1.48002
0.116714,0.23054075
0.116716,1.8948698
0.116718,3.3742738
0.11672,4.437596
0.116722,4.8999095
0.116724,4.7612157
0.116725996,4.113976
0.116728,2.9119601
0.11673,1.3863249
0.116732,-0.32423592
0.116734,-1.9885652
0.116736,-3.4217377
0.116738,-4.4388275
0.11674,-4.9011416
0.116742,-4.7624474
0.116744,-4.068977
0.116746,-2.8207297
0.116748,-1.2950945
0.11675,0.091846466
0.116752,0.50792885
0.116754,0.87777996
0.116756,1.2476311
0.116758,1.6174817
0.11676,1.9411016
0.116762,2.3109517
0.116764,2.6345725
0.116766,2.9581914
0.116768,3.23558
0.11677,3.5129685
0.116771996,3.7903562
0.116774,4.0215135
0.116776,4.252671
0.116778,4.437596
0.11678,4.5762897
0.116782,4.7149835
0.116784,4.8536773
0.116786,4.946141
0.116788,4.992371
0.11679,5.0386033
0.116792,5.0386033
0.116794,4.992371
0.116796,4.946141
0.116798,4.8536773
0.1168,4.7612157
0.116802,4.622521
0.116803996,4.483826
0.116806,4.298901
0.116808,4.0677447
0.11681,3.8365874
0.116812,3.605431
0.116814,3.3280425
0.116816,3.0044227
0.116818,2.6808028
0.11682,2.357184
0.116822,2.033564
0.116824,1.6637135
0.116826,1.3400936
0.116828,0.970243
0.11683,0.5541601
0.116832,0.184309
0.116834,-0.18554163
0.116836,-0.55539227
0.116838,-0.9714751
0.11684,-1.3413262
0.116842,-1.6649456
0.116844,-2.0347965
0.116846,-2.3584158
0.116848,-2.6820357
0.116849996,-3.0056553
0.116852,-3.329275
0.116854,-3.6066632
0.116856,-3.8378198
0.116858,-4.068977
0.11686,-4.3001337
0.116862,-4.4388275
0.116864,-4.623753
0.116866,-4.7624474
0.116868,-4.85491
0.11687,-4.947373
0.116872,-4.993604
0.116874,-5.0398355
0.116876,-4.993604
0.116878,-4.993604
0.11688,-4.9011416
0.116882,-4.8086786
0.116884,-4.716216
0.116886,-4.577522
0.116888,-4.4388275
0.11689,-4.2076707
0.116892,-3.976514
0.116894,-3.745357
0.116895996,-3.5142004
0.116898,-3.1905808
0.1169,-2.9131925
0.116902,-2.589573
0.116904,-2.2197218
0.116906,-1.8961024
0.116908,-1.5262513
0.11691,-1.202632
0.116912,-0.78654957
0.116914,-0.41669846
0.116916,-0.046847343
0.116918,0.3230033
0.11692,0.7390857
0.116922,1.1089368
0.116924,1.4787879
0.116926,1.8024073
0.116928,2.172258
0.11693,2.4958777
0.116932,2.8194976
0.116934,3.1431174
0.116936,3.420505
0.116938,3.6978936
0.11694,3.92905
0.116942,4.1602073
0.116944,4.3913646
0.116946,4.5300584
0.116948,4.668752
0.11695,4.807446
0.116952,4.8999095
0.116954,4.992371
0.116956,5.0386033
0.116958,5.0386033
0.11696,5.0386033
0.116962,4.992371
0.116964,4.8999095
0.116966,4.807446
0.116968,4.668752
0.11697,4.5300584
0.116972,4.3451324
0.116973996,4.1602073
0.116976,3.92905
0.116978,3.6516623
0.11698,3.420505
0.116982,3.0968862
0.116984,2.8194976
0.116986,2.4496465
0.116988,2.126027
0.11699,1.8024073
0.116992,1.4325566
0.116994,1.0627055
0.116996,0.6928544
0.116998,0.3230033
0.117,-0.09307861
0.117002,-0.46292973
0.117004,-0.83278084
0.117006,-1.202632
0.117008,-1.5262513
0.11701,-1.8961024
0.117012,-2.2659533
0.117014,-2.589573
0.117016,-2.9131925
0.117018,-3.1905808
0.117019996,-3.5142004
0.117022,-3.745357
0.117024,-4.022745
0.117026,-4.2539024
0.117028,-4.4388275
0.11703,-4.577522
0.117032,-4.716216
0.117034,-4.85491
0.117036,-4.9011416
0.117038,-4.993604
0.11704,-4.993604
0.117042,-5.0398355
0.117044,-4.993604
0.117046,-4.947373
0.117048,-4.85491
0.11705,-4.7624474
0.117052,-4.623753
0.117054,-4.4388275
0.117056,-4.3001337
0.117058,-4.068977
0.11706,-3.8378198
0.117062,-3.5604317
0.117064,-3.2830436
0.117066,-3.0056553
0.117068,-2.6820357
0.11707,-2.3584158
0.117072,-1.9885652
0.117074,-1.6649456
0.117076,-1.2950945
0.117078,-0.9252434
0.11708,-0.55539227
0.117082,-0.18554163
0.117084,0.23054075
0.117086,0.60039186
0.117088,0.970243
0.11709,1.3400936
0.117092,1.6637135
0.117094,2.033564
0.117096,2.4034152
0.117097996,2.727035
0.1171,3.0044227
0.117102,3.3280425
0.117104,3.605431
0.117106,3.8828197
0.117108,4.113976
0.11711,4.298901
0.117112,4.483826
0.117114,4.622521
0.117116,4.7612157
0.117118,4.8536773
0.11712,4.946141
0.117122,4.992371
0.117124,5.0386033
0.117126,5.0386033
0.117128,4.992371
0.11713,4.946141
0.117132,4.8536773
0.117134,4.7149835
0.117136,4.5762897
0.117138,4.437596
0.11714,4.2064385
0.117142,4.0215135
0.117143996,3.744125
0.117146,3.5129685
0.117148,3.1893477
0.11715,2.9119601
0.117152,2.5883412
0.117154,2.2647214
0.117156,1.8948698
0.117158,1.5250192
0.11716,1.2013993
0.117162,0.8315482
0.117164,0.46169758
0.117166,0.045615196
0.117168,-0.32423592
0.11717,-0.694087
0.117172,-1.0639377
0.117174,-1.4337888
0.117176,-1.8036394
0.117178,-2.1272593
0.11718,-2.4971101
0.117182,-2.8207297
0.117184,-3.098118
0.117186,-3.4217377
0.117188,-3.6991258
0.11719,-3.9302826
0.117192,-4.1614394
0.117194,-4.346365
0.117196,-4.5312905
0.117198,-4.669985
0.1172,-4.8086786
0.117202,-4.9011416
0.117204,-4.947373
0.117206,-4.993604
0.117208,-5.0398355
0.11721,-4.993604
0.117212,-4.947373
0.117214,-4.9011416
0.117216,-4.8086786
0.117218,-4.669985
0.11722,-4.4850593
0.117221996,-4.346365
0.117224,-4.1614394
0.117226,-3.9302826
0.117228,-3.6528945
0.11723,-3.3755062
0.117232,-3.098118
0.117234,-2.7744985
0.117236,-2.4508786
0.117238,-2.1272593
0.11724,-1.7574081
0.117242,-1.4337888
0.117244,-1.0639377
0.117246,-0.694087
0.117248,-0.32423592
0.11725,0.091846466
0.117252,0.46169758
0.117254,0.8315482
0.117256,1.2013993
0.117258,1.5712504
0.11726,1.9411016
0.117262,2.2647214
0.117264,2.5883412
0.117266,2.9119601
0.117267996,3.23558
0.11727,3.5129685
0.117272,3.7903562
0.117274,4.0215135
0.117276,4.252671
0.117278,4.437596
0.11728,4.5762897
0.117282,4.7149835
0.117284,4.8536773
0.117286,4.946141
0.117288,4.992371
0.11729,5.0386033
0.117292,5.0386033
0.117294,4.992371
0.117296,4.946141
0.117298,4.8536773
0.1173,4.7612157
0.117302,4.622521
0.117304,4.437596
0.117306,4.298901
0.117308,4.0677447
0.11731,3.8365874
0.117312,3.605431
0.117314,3.3280425
0.117316,3.0044227
0.117318,2.6808028
0.11732,2.357184
0.117322,2.033564
0.117324,1.6637135
0.117326,1.3400936
0.117328,0.92401123
0.11733,0.5541601
0.117332,0.184309
0.117334,-0.18554163
0.117336,-0.601624
0.117338,-0.9714751
0.11734,-1.3413262
0.117342,-1.6649456
0.117344,-2.0347965
0.117345996,-2.3584158
0.117348,-2.6820357
0.11735,-3.0056553
0.117352,-3.329275
0.117354,-3.6066632
0.117356,-3.8378198
0.117358,-4.068977
0.11736,-4.3001337
0.117362,-4.4388275
0.117364,-4.623753
0.117366,-4.7624474
0.117368,-4.85491
0.11737,-4.947373
0.117372,-4.993604
0.117374,-5.0398355
0.117376,-4.993604
0.117378,-4.993604
0.11738,-4.9011416
0.117382,-4.8086786
0.117384,-4.716216
0.117386,-4.577522
0.117388,-4.4388275
0.11739,-4.2076707
0.117391996,-3.976514
0.117394,-3.745357
0.117396,-3.467969
0.117398,-3.1905808
0.1174,-2.9131925
0.117402,-2.589573
0.117404,-2.2197218
0.117406,-1.8961024
0.117408,-1.5262513
0.11741,-1.202632
0.117412,-0.78654957
0.117414,-0.41669846
0.117416,-0.046847343
0.117418,0.3230033
0.11742,0.7390857
0.117422,1.1089368
0.117424,1.4787879
0.117426,1.8024073
0.117428,2.172258
0.11743,2.4958777
0.117432,2.8194976
0.117434,3.1431174
0.117436,3.420505
0.117438,3.6978936
0.11744,3.92905
0.117442,4.1602073
0.117444,4.3913646
0.117446,4.5300584
0.117448,4.668752
0.11745,4.807446
0.117452,4.8999095
0.117454,4.992371
0.117456,5.0386033
0.117458,5.0386033
0.11746,5.0386033
0.117462,4.992371
0.117464,4.8999095
0.117466,4.807446
0.117468,4.668752
0.117469996,4.5300584
0.117472,4.3451324
0.117474,4.1602073
0.117476,3.92905
0.117478,3.6516623
0.11748,3.420505
0.117482,3.0968862
0.117484,2.8194976
0.117486,2.4496465
0.117488,2.126027
0.11749,1.8024073
0.117492,1.4325566
0.117494,1.0627055
0.117496,0.6928544
0.117498,0.3230033
0.1175,-0.09307861
0.117502,-0.46292973
0.117504,-0.83278084
0.117506,-1.202632
0.117508,-1.5262513
0.11751,-1.8961024
0.117512,-2.2659533
0.117514,-2.589573
0.117515996,-2.9131925
0.117518,-3.236812
0.11752,-3.5142004
0.117522,-3.745357
0.117524,-4.022745
0.117526,-4.2539024
0.117528,-4.4388275
0.11753,-4.577522
0.117532,-4.716216
0.117534,-4.85491
0.117536,-4.9011416
0.117538,-4.993604
0.11754,-4.993604
0.117542,-5.0398355
0.117544,-4.993604
0.117546,-4.947373
0.117548,-4.85491
0.11755,-4.7624474
0.117552,-4.623753
0.117554,-4.4388275
0.117556,-4.3001337
0.117558,-4.068977
0.11756,-3.8378198
0.117561996,-3.5604317
0.117564,-3.2830436
0.117566,-3.0056553
0.117568,-2.6820357
0.11757,-2.3584158
0.117572,-1.9885652
0.117574,-1.6649456
0.117576,-1.2950945
0.117578,-0.9252434
0.11758,-0.55539227
0.117582,-0.18554163
0.117584,0.23054075
0.117586,0.60039186
0.117588,0.970243
0.11759,1.3400936
0.117592,1.6637135
0.117593996,2.033564
0.117596,2.4034152
0.117598,2.727035
0.1176,3.050654
0.117602,3.3280425
0.117604,3.605431
0.117606,3.8828197
0.117608,4.113976
0.11761,4.298901
0.117612,4.483826
0.117614,4.622521
0.117616,4.7612157
0.117618,4.8536773
0.11762,4.946141
0.117622,4.992371
0.117624,5.0386033
0.117626,5.0386033
0.117628,4.992371
0.11763,4.946141
0.117632,4.8536773
0.117634,4.7149835
0.117636,4.5762897
0.117638,4.437596
0.117639996,4.2064385
0.117642,4.0215135
0.117644,3.744125
0.117646,3.5129685
0.117648,3.1893477
0.11765,2.9119601
0.117652,2.5883412
0.117654,2.2647214
0.117656,1.8948698
0.117658,1.5250192
0.11766,1.2013993
0.117662,0.8315482
0.117664,0.46169758
0.117666,0.045615196
0.117668,-0.32423592
0.11767,-0.694087
0.117672,-1.0639377
0.117674,-1.4337888
0.117676,-1.8036394
0.117678,-2.1272593
0.11768,-2.4971101
0.117682,-2.8207297
0.117684,-3.098118
0.117685996,-3.4217377
0.117688,-3.6991258
0.11769,-3.9302826
0.117692,-4.1614394
0.117694,-4.346365
0.117696,-4.5312905
0.117698,-4.669985
0.1177,-4.8086786
0.117702,-4.9011416
0.117704,-4.947373
0.117706,-4.993604
0.117708,-5.0398355
0.11771,-4.993604
0.117712,-4.947373
0.117714,-4.9011416
0.117716,-4.8086786
0.117717996,-4.669985
0.11772,-4.4850593
0.117722,-4.346365
0.117724,-4.1614394
0.117726,-3.9302826
0.117728,-3.6528945
0.11773,-3.3755062
0.117732,-3.098118
0.117734,-2.7744985
0.117736,-2.4508786
0.117738,-2.1272593
0.11774,-1.7574081
0.117742,-1.4337888
0.117744,-1.0639377
0.117746,-0.694087
0.117748,-0.32423592
0.11775,0.46169758
0.117752,2.0797954
0.117754,3.5129685
0.117756,4.437596
0.117758,4.8536773
0.11776,4.668752
0.117762,3.92905
0.117763996,2.6808028
0.117766,1.1089368
0.117768,-0.601624
0.11777,-2.2197218
0.117772,-3.6528945
0.117774,-4.5312905
0.117776,-4.947373
0.117778,-4.669985
0.11778,-3.9302826
0.117782,-2.6358042
0.117784,-1.0177064
0.117786,0.7390857
0.117788,2.357184
0.11779,3.6978936
0.117792,4.5762897
0.117794,4.8999095
0.117796,4.622521
0.117798,3.7903562
0.1178,2.4958777
0.117802,0.87777996
0.117804,-0.83278084
0.117806,-2.4046474
0.117808,-3.7915885
0.117809996,-4.623753
0.117812,-4.9011416
0.117814,-4.577522
0.117816,-3.745357
0.117818,-2.4046474
0.11782,-0.78654957
0.117822,0.970243
0.117824,2.5883412
0.117826,3.8828197
0.117828,4.668752
0.11783,4.8999095
0.117832,4.5300584
0.117834,3.6516623
0.117836,2.2647214
0.117838,0.64662313
0.11784,-1.0639377
0.117841996,-2.6358042
0.117844,-3.9302826
0.117846,-4.716216
0.117848,-4.9011416
0.11785,-4.4850593
0.117852,-3.5604317
0.117854,-2.1734905
0.117856,-0.5091615
0.117858,1.2013993
0.11786,2.7732663
0.117862,4.0215135
0.117864,4.7612157
0.117866,4.8999095
0.117868,4.437596
0.11787,3.4667363
0.117872,2.0797954
0.117874,0.4154663
0.117876,-1.2950945
0.117878,-2.866961
0.11788,-4.068977
0.117882,-4.7624474
0.117884,-4.9011416
0.117886,-4.4388275
0.117887996,-3.4217377
0.11789,-1.9423337
0.117892,-0.27800417
0.117894,1.4787879
0.117896,3.0044227
0.117898,4.1602073
0.1179,4.807446
0.117902,4.8536773
0.117904,4.3451324
0.117906,3.2818112
0.117908,1.8486385
0.11791,0.184309
0.117912,-1.5262513
0.117914,-3.0518866
0.117916,-4.2076707
0.117918,-4.8086786
0.11792,-4.85491
0.117922,-4.3001337
0.117924,-3.236812
0.117926,-1.7111769
0.117928,-0.046847343
0.11793,1.6637135
0.117932,3.1893477
0.117933996,4.298901
0.117936,4.8536773
0.117938,4.8536773
0.11794,4.252671
0.117942,3.0968862
0.117944,1.6174817
0.117946,-0.09307861
0.117948,-1.7574081
0.11795,-3.236812
0.117952,-4.346365
0.117954,-4.85491
0.117956,-4.8086786
0.117958,-4.1614394
0.11796,-3.0518866
0.117962,-1.48002
0.117964,0.23054075
0.117965996,1.8948698
0.117968,3.3742738
0.11797,4.437596
0.117972,4.8999095
0.117974,4.7612157
0.117976,4.113976
0.117978,2.9119601
0.11798,1.3863249
0.117982,-0.32423592
0.117984,-1.9885652
0.117986,-3.4217377
0.117988,-4.4388275
0.11799,-4.9011416
0.117992,-4.7624474
0.117994,-4.022745
0.117996,-2.8207297
0.117998,-1.2488632
0.118,0.46169758
0.118002,2.126027
0.118004,3.5591989
0.118006,4.483826
0.118008,4.8999095
0.11801,4.7149835
0.118011996,3.9752812
0.118014,2.727035
0.118016,1.1551685
0.118018,-0.601624
0.11802,-2.2197218
0.118022,-3.6066632
0.118024,-4.5312905
0.118026,-4.9011416
0.118028,-4.669985
0.11803,-3.8840513
0.118032,-2.6358042
0.118034,-1.0177064
0.118036,0.7390857
0.118038,2.357184
0.11804,3.744125
0.118042,4.5762897
0.118044,4.8999095
0.118046,4.622521
0.118048,3.7903562
0.11805,2.4958777
0.118052,0.92401123
0.118054,-0.83278084
0.118056,-2.4046474
0.118057996,-3.7915885
0.11806,-4.623753
0.118062,-4.9011416
0.118064,-4.577522
0.118066,-3.745357
0.118068,-2.4046474
0.11807,-0.78654957
0.118072,0.970243
0.118074,2.5883412
0.118076,3.8828197
0.118078,4.668752
0.11808,4.8999095
0.118082,4.5300584
0.118084,3.6516623
0.118086,2.2647214
0.118088,0.64662313
0.11809,-1.0639377
0.118092,-2.6358042
0.118094,-3.9302826
0.118096,-4.716216
0.118098,-4.9011416
0.1181,-4.4850593
0.118102,-3.5604317
0.118104,-2.1734905
0.118106,-0.5091615
0.118108,1.2013993
0.11811,2.7732663
0.118112,4.0215135
0.118114,4.7612157
0.118116,4.8999095
0.118118,4.437596
0.11812,3.4667363
0.118122,2.0797954
0.118124,0.4154663
0.118126,-1.2950945
0.118128,-2.866961
0.11813,-4.068977
0.118132,-4.7624474
0.118134,-4.9011416
0.118135996,-4.4388275
0.118138,-3.4217377
0.11814,-1.9423337
0.118142,-0.27800417
0.118144,1.4787879
0.118146,3.0044227
0.118148,4.1602073
0.11815,4.807446
0.118152,4.8536773
0.118154,4.3913646
0.118156,3.2818112
0.118158,1.8486385
0.11816,0.184309
0.118162,-1.5262513
0.118164,-3.0518866
0.118166,-4.2076707
0.118168,-4.8086786
0.11817,-4.85491
0.118172,-4.3001337
0.118174,-3.236812
0.118176,-1.7111769
0.118178,-0.046847343
0.11818,1.6637135
0.118181996,3.1893477
0.118184,4.298901
0.118186,4.8536773
0.118188,4.8536773
0.11819,4.252671
0.118192,3.0968862
0.118194,1.6174817
0.118196,-0.09307861
0.118198,-1.7574081
0.1182,-3.236812
0.118202,-4.346365
0.118204,-4.85491
0.118206,-4.8086786
0.118208,-4.1614394
0.11821,-3.0518866
0.118212,-1.48002
0.118214,0.23054075
0.118216,1.8948698
0.118218,3.3742738
0.11822,4.437596
0.118222,4.8999095
0.118224,4.7612157
0.118226,4.113976
0.118228,2.9119601
0.11823,1.3863249
0.118232,-0.32423592
0.118234,-1.9885652
0.118236,-3.4217377
0.118238,-4.4388275
0.11824,-4.9011416
0.118242,-4.7624474
0.118244,-4.022745
0.118246,-2.8207297
0.118248,-1.2488632
0.11825,0.46169758
0.118252,2.126027
0.118254,3.5591989
0.118256,4.483826
0.118258,4.8999095
0.118259996,4.7149835
0.118262,3.9752812
0.118264,2.727035
0.118266,1.1551685
0.118268,-0.601624
0.11827,-2.2197218
0.118272,-3.6066632
0.118274,-4.5312905
0.118276,-4.9011416
0.118278,-4.669985
0.11828,-3.8840513
0.118282,-2.6358042
0.118284,-1.0177064
0.118286,0.7390857
0.118288,2.357184
0.11829,3.744125
0.118292,4.5762897
0.118294,4.8999095
0.118296,4.622521
0.118298,3.7903562
0.1183,2.4958777
0.118302,0.92401123
0.118304,-0.83278084
0.118305996,-2.4046474
0.118308,-3.7915885
0.11831,-4.623753
0.118312,-4.9011416
0.118314,-4.577522
0.118316,-3.745357
0.118318,-2.4046474
0.11832,-0.78654957
0.118322,0.970243
0.118324,2.5883412
0.118326,3.8828197
0.118328,4.668752
0.11833,4.8999095
0.118332,4.5300584
0.118334,3.6516623
0.118336,2.2647214
0.118338,0.64662313
0.11834,-1.0639377
0.118342,-2.6358042
0.118344,-3.9302826
0.118346,-4.716216
0.118348,-4.9011416
0.11835,-4.4850593
0.118352,-3.5604317
0.118354,-2.1734905
0.118356,-0.5091615
0.118358,1.2013993
0.11836,2.7732663
0.118362,4.0215135
0.118364,4.7612157
0.118366,4.8999095
0.118368,4.437596
0.11837,3.4667363
0.118372,2.0797954
0.118374,0.4154663
0.118376,-1.2950945
0.118378,-2.866961
0.11838,-4.068977
0.118382,-4.7624474
0.118383996,-4.9011416
0.118386,-4.4388275
0.118388,-3.4217377
0.11839,-1.9423337
0.118392,-0.27800417
0.118394,1.4787879
0.118396,3.0044227
0.118398,4.1602073
0.1184,4.807446
0.118402,4.8536773
0.118404,4.3913646
0.118406,3.2818112
0.118408,1.8486385
0.11841,0.184309
0.118412,-1.5262513
0.118414,-3.0518866
0.118416,-4.2076707
0.118418,-4.8086786
0.11842,-4.85491
0.118422,-4.3001337
0.118424,-3.236812
0.118426,-1.7111769
0.118428,-0.046847343
0.118429996,1.6637135
0.118432,3.1893477
0.118434,4.298901
0.118436,4.8536773
0.118438,4.8536773
0.11844,4.252671
0.118442,3.0968862
0.118444,1.6174817
0.118446,-0.09307861
0.118448,-1.7574081
0.11845,-3.236812
0.118452,-4.346365
0.118454,-4.85491
0.118456,-4.8086786
0.118458,-4.1614394
0.11846,-3.0518866
0.118462,-1.48002
0.118464,0.23054075
0.118466,1.8948698
0.118468,3.3742738
0.11847,4.437596
0.118472,4.8999095
0.118474,4.7612157
0.118476,4.113976
0.118478,2.9119601
0.11848,1.3863249
0.118482,-0.32423592
0.118484,-1.9885652
0.118486,-3.4217377
0.118488,-4.4388275
0.11849,-4.9011416
0.118492,-4.7624474
0.118494,-4.022745
0.118496,-2.8207297
0.118498,-1.2488632
0.1185,0.46169758
0.118502,2.126027
0.118504,3.5591989
0.118506,4.483826
0.118507996,4.8999095
0.11851,4.7149835
0.118512,3.9752812
0.118514,2.727035
0.118516,1.1551685
0.118518,-0.601624
0.11852,-2.2197218
0.118522,-3.6066632
0.118524,-4.5312905
0.118526,-4.9011416
0.118528,-4.669985
0.11853,-3.8840513
0.118532,-2.6358042
0.118534,-1.0177064
0.118536,0.7390857
0.118538,2.357184
0.11854,3.744125
0.118542,4.5762897
0.118544,4.946141
0.118546,4.622521
0.118548,3.7903562
0.11855,2.4958777
0.118552,0.92401123
0.118553996,-0.83278084
0.118556,-2.4046474
0.118558,-3.7915885
0.11856,-4.623753
0.118562,-4.9011416
0.118564,-4.577522
0.118566,-3.745357
0.118568,-2.4046474
0.11857,-0.78654957
0.118572,0.970243
0.118574,2.5883412
0.118576,3.8828197
0.118578,4.668752
0.11858,4.8999095
0.118582,4.5300584
0.118584,3.6516623
0.118586,2.2647214
0.118588,0.64662313
0.11859,-1.0639377
0.118592,-2.6358042
0.118594,-3.9302826
0.118596,-4.716216
0.118598,-4.9011416
0.1186,-4.4850593
0.118602,-3.5604317
0.118604,-2.1734905
0.118606,-0.5091615
0.118608,1.2013993
0.11861,2.7732663
0.118612,4.0215135
0.118614,4.7612157
0.118616,4.8999095
0.118618,4.437596
0.11862,3.4667363
0.118622,2.0797954
0.118624,0.4154663
0.118626,-1.2950945
0.118628,-2.866961
0.11863,-4.068977
0.118631996,-4.7624474
0.118634,-4.9011416
0.118636,-4.4388275
0.118638,-3.4217377
0.11864,-1.9423337
0.118642,-0.27800417
0.118644,1.4787879
0.118646,3.0044227
0.118648,4.1602073
0.11865,4.807446
0.118652,4.8536773
0.118654,4.3451324
0.118656,3.2818112
0.118658,1.8486385
0.11866,0.184309
0.118662,-1.5262513
0.118664,-3.0518866
0.118666,-4.2076707
0.118668,-4.8086786
0.11867,-4.85491
0.118672,-4.3001337
0.118674,-3.236812
0.118676,-1.7111769
0.118677996,-6.160736E-4
0.11868,1.6637135
0.118682,3.1893477
0.118684,4.298901
0.118686,4.8536773
0.118688,4.8536773
0.11869,4.252671
0.118692,3.0968862
0.118694,1.6174817
0.118696,-0.09307861
0.118698,-1.7574081
0.1187,-3.236812
0.118702,-4.346365
0.118704,-4.85491
0.118706,-4.8086786
0.118708,-4.1614394
0.11871,-3.0518866
0.118712,-1.48002
0.118714,0.23054075
0.118716,1.8948698
0.118718,3.3742738
0.11872,4.437596
0.118722,4.8999095
0.118723996,4.7612157
0.118726,4.113976
0.118728,2.9119601
0.11873,1.3863249
0.118732,-0.32423592
0.118734,-1.9885652
0.118736,-3.4217377
0.118738,-4.4388275
0.11874,-4.9011416
0.118742,-4.7624474
0.118744,-4.022745
0.118746,-2.8207297
0.118748,-1.2488632
0.11875,0.091846466
0.118752,0.50792885
0.118754,0.87777996
0.118755996,1.2476311
0.118758,1.6174817
0.11876,1.9411016
0.118762,2.3109517
0.118764,2.6345725
0.118766,2.9581914
0.118768,3.23558
0.11877,3.5591989
0.118772,3.7903562
0.118774,4.0215135
0.118776,4.252671
0.118778,4.437596
0.11878,4.5762897
0.118782,4.7149835
0.118784,4.8536773
0.118786,4.946141
0.118788,4.992371
0.11879,5.0386033
0.118792,5.0386033
0.118794,4.992371
0.118796,4.946141
0.118798,4.8536773
0.1188,4.7612157
0.118801996,4.622521
0.118804,4.437596
0.118806,4.298901
0.118808,4.0677447
0.11881,3.8365874
0.118812,3.605431
0.118814,3.3280425
0.118816,3.0044227
0.118818,2.6808028
0.11882,2.357184
0.118822,2.033564
0.118824,1.6637135
0.118826,1.3400936
0.118828,0.92401123
0.11883,0.5541601
0.118832,0.184309
0.118834,-0.18554163
0.118836,-0.601624
0.118838,-0.9714751
0.11884,-1.3413262
0.118842,-1.6649456
0.118844,-2.0347965
0.118846,-2.3584158
0.118847996,-2.6820357
0.11885,-3.0056553
0.118852,-3.329275
0.118854,-3.6066632
0.118856,-3.8378198
0.118858,-4.068977
0.11886,-4.3001337
0.118862,-4.4388275
0.118864,-4.623753
0.118866,-4.7624474
0.118868,-4.85491
0.11887,-4.947373
0.118872,-4.993604
0.118874,-5.0398355
0.118876,-4.993604
0.118878,-4.993604
0.118879996,-4.9011416
0.118882,-4.8086786
0.118884,-4.716216
0.118886,-4.577522
0.118888,-4.4388275
0.11889,-4.2076707
0.118892,-3.976514
0.118894,-3.745357
0.118896,-3.467969
0.118898,-3.1905808
0.1189,-2.9131925
0.118902,-2.589573
0.118904,-2.2197218
0.118906,-1.8961024
0.118908,-1.5262513
0.11891,-1.202632
0.118912,-0.78654957
0.118914,-0.41669846
0.118916,-0.046847343
0.118918,0.3230033
0.11892,0.7390857
0.118922,1.1089368
0.118924,1.4787879
0.118925996,1.8024073
0.118928,2.172258
0.11893,2.4958777
0.118932,2.8194976
0.118934,3.1431174
0.118936,3.420505
0.118938,3.6978936
0.11894,3.92905
0.118942,4.1602073
0.118944,4.3913646
0.118946,4.5300584
0.118948,4.668752
0.11895,4.807446
0.118952,4.8999095
0.118954,4.992371
0.118956,5.0386033
0.118958,5.0386033
0.11896,5.0386033
0.118962,4.992371
0.118964,4.8999095
0.118966,4.807446
0.118968,4.668752
0.11897,4.5300584
0.118971996,4.3451324
0.118974,4.1602073
0.118976,3.92905
0.118978,3.6516623
0.11898,3.420505
0.118982,3.0968862
0.118984,2.7732663
0.118986,2.4496465
0.118988,2.126027
0.11899,1.756176
0.118992,1.4325566
0.118994,1.0627055
0.118996,0.6928544
0.118998,0.3230033
0.119,-0.09307861
0.119002,-0.46292973
0.119003996,-0.83278084
0.119006,-1.202632
0.119008,-1.5262513
0.11901,-1.8961024
0.119012,-2.2659533
0.119014,-2.589573
0.119016,-2.9131925
0.119018,-3.236812
0.11902,-3.5142004
0.119022,-3.745357
0.119024,-4.022745
0.119026,-4.2076707
0.119028,-4.4388275
0.11903,-4.577522
0.119032,-4.716216
0.119034,-4.85491
0.119036,-4.9011416
0.119038,-4.993604
0.11904,-4.993604
0.119042,-5.0398355
0.119044,-4.993604
0.119046,-4.947373
0.119048,-4.85491
0.119049996,-4.7624474
0.119052,-4.623753
0.119054,-4.4388275
0.119056,-4.3001337
0.119058,-4.068977
0.11906,-3.8378198
0.119062,-3.5604317
0.119064,-3.2830436
0.119066,-3.0056553
0.119068,-2.6820357
0.11907,-2.3584158
0.119072,-1.9885652
0.119074,-1.6649456
0.119076,-1.2950945
0.119078,-0.9252434
0.11908,-0.55539227
0.119082,-0.18554163
0.119084,0.23054075
0.119086,0.60039186
0.119088,0.970243
0.11909,1.3400936
0.119092,1.6637135
0.119094,2.033564
0.119095996,2.4034152
0.119098,2.727035
0.1191,3.050654
0.119102,3.3280425
0.119104,3.605431
0.119106,3.8828197
0.119108,4.113976
0.11911,4.298901
0.119112,4.483826
0.119114,4.622521
0.119116,4.7612157
0.119118,4.8536773
0.11912,4.946141
0.119122,4.992371
0.119124,5.0386033
0.119126,5.0386033
0.119127996,4.992371
0.11913,4.946141
0.119132,4.8536773
0.119134,4.7149835
0.119136,4.5762897
0.119138,4.437596
0.11914,4.2064385
0.119142,4.0215135
0.119144,3.744125
0.119146,3.5129685
0.119148,3.1893477
0.11915,2.9119601
0.119152,2.5883412
0.119154,2.2184901
0.119156,1.8948698
0.119158,1.5250192
0.11916,1.2013993
0.119162,0.8315482
0.119164,0.46169758
0.119166,0.045615196
0.119168,-0.32423592
0.11917,-0.694087
0.119172,-1.0639377
0.119173996,-1.4337888
0.119176,-1.8036394
0.119178,-2.1272593
0.11918,-2.4971101
0.119182,-2.8207297
0.119184,-3.098118
0.119186,-3.4217377
0.119188,-3.6991258
0.11919,-3.9302826
0.119192,-4.1614394
0.119194,-4.346365
0.119196,-4.5312905
0.119198,-4.669985
0.1192,-4.8086786
0.119202,-4.9011416
0.119204,-4.947373
0.119206,-4.993604
0.119208,-5.0398355
0.11921,-4.993604
0.119212,-4.947373
0.119214,-4.9011416
0.119216,-4.8086786
0.119218,-4.669985
0.119219996,-4.4850593
0.119222,-4.346365
0.119224,-4.1614394
0.119226,-3.9302826
0.119228,-3.6528945
0.11923,-3.3755062
0.119232,-3.098118
0.119234,-2.7744985
0.119236,-2.4508786
0.119238,-2.1272593
0.11924,-1.7574081
0.119242,-1.4337888
0.119244,-1.0639377
0.119246,-0.694087
0.119248,-0.32423592
0.11925,0.091846466
0.119252,0.46169758
0.119254,0.8315482
0.119256,1.2013993
0.119258,1.5712504
0.11926,1.9411016
0.119262,2.2647214
0.119264,2.5883412
0.119266,2.9119601
0.119268,3.23558
0.11927,3.5129685
0.119272,3.7903562
0.119274,4.0215135
0.119276,4.252671
0.119278,4.437596
0.11928,4.5762897
0.119282,4.7149835
0.119284,4.8536773
0.119286,4.946141
0.119288,4.992371
0.11929,5.0386033
0.119292,5.0386033
0.119294,4.992371
0.119296,4.946141
0.119297996,4.8536773
0.1193,4.7612157
0.119302,4.622521
0.119304,4.437596
0.119306,4.298901
0.119308,4.0677447
0.11931,3.8365874
0.119312,3.605431
0.119314,3.2818112
0.119316,3.0044227
0.119318,2.6808028
0.11932,2.357184
0.119322,2.033564
0.119324,1.6637135
0.119326,1.2938623
0.119328,0.92401123
0.11933,0.5541601
0.119332,0.184309
0.119334,-0.18554163
0.119336,-0.601624
0.119338,-0.9714751
0.11934,-1.3413262
0.119342,-1.6649456
0.119343996,-2.0347965
0.119346,-2.3584158
0.119348,-2.6820357
0.11935,-3.0056553
0.119352,-3.329275
0.119354,-3.6066632
0.119356,-3.8378198
0.119358,-4.068977
0.11936,-4.3001337
0.119362,-4.4388275
0.119364,-4.623753
0.119366,-4.7624474
0.119368,-4.85491
0.11937,-4.947373
0.119372,-4.993604
0.119374,-5.0398355
0.119376,-4.993604
0.119378,-4.993604
0.11938,-4.9011416
0.119382,-4.8086786
0.119384,-4.716216
0.119386,-4.577522
0.119388,-4.4388275
0.11939,-4.2076707
0.119392,-3.976514
0.119394,-3.745357
0.119396,-3.467969
0.119398,-3.1905808
0.1194,-2.9131925
0.119402,-2.589573
0.119404,-2.2197218
0.119406,-1.8961024
0.119408,-1.5262513
0.11941,-1.202632
0.119412,-0.78654957
0.119414,-0.41669846
0.119416,-0.046847343
0.119418,0.3230033
0.11942,0.7390857
0.119421996,1.1089368
0.119424,1.4787879
0.119426,1.8024073
0.119428,2.172258
0.11943,2.4958777
0.119432,2.8194976
0.119434,3.1431174
0.119436,3.420505
0.119438,3.6978936
0.11944,3.92905
0.119442,4.1602073
0.119444,4.3913646
0.119446,4.5300584
0.119448,4.668752
0.11945,4.807446
0.119452,4.8999095
0.119454,4.992371
0.119456,5.0386033
0.119458,5.0386033
0.11946,5.0386033
0.119462,4.992371
0.119464,4.8999095
0.119466,4.807446
0.119467996,4.668752
0.11947,4.5300584
0.119472,4.3451324
0.119474,4.1602073
0.119476,3.92905
0.119478,3.6516623
0.11948,3.3742738
0.119482,3.0968862
0.119484,2.7732663
0.119486,2.4496465
0.119488,2.126027
0.11949,1.756176
0.119492,1.4325566
0.119494,1.0627055
0.119496,0.6928544
0.119498,0.3230033
0.1195,-0.09307861
0.119502,-0.46292973
0.119504,-0.83278084
0.119506,-1.202632
0.119508,-1.5262513
0.11951,-1.8961024
0.119512,-2.2659533
0.119514,-2.589573
0.119516,-2.9131925
0.119518,-3.236812
0.11952,-3.5142004
0.119522,-3.745357
0.119524,-4.022745
0.119526,-4.2539024
0.119528,-4.4388275
0.11953,-4.577522
0.119532,-4.716216
0.119534,-4.85491
0.119536,-4.9011416
0.119538,-4.993604
0.11954,-4.993604
0.119542,-5.0398355
0.119544,-4.993604
0.119545996,-4.947373
0.119548,-4.85491
0.11955,-4.7624474
0.119552,-4.623753
0.119554,-4.4388275
0.119556,-4.3001337
0.119558,-4.068977
0.11956,-3.8378198
0.119562,-3.5604317
0.119564,-3.2830436
0.119566,-3.0056553
0.119568,-2.6820357
0.11957,-2.3584158
0.119572,-1.9885652
0.119574,-1.6649456
0.119576,-1.2950945
0.119578,-0.9252434
0.11958,-0.55539227
0.119582,-0.18554163
0.119584,0.23054075
0.119586,0.60039186
0.119588,0.970243
0.11959,1.3400936
0.119591996,1.6637135
0.119594,2.033564
0.119596,2.4034152
0.119598,2.727035
0.1196,3.050654
0.119602,3.3280425
0.119604,3.605431
0.119606,3.8828197
0.119608,4.113976
0.11961,4.298901
0.119612,4.483826
0.119614,4.622521
0.119616,4.7612157
0.119618,4.8536773
0.11962,4.946141
0.119622,4.992371
0.119624,5.0386033
0.119626,5.0386033
0.119628,4.992371
0.11963,4.946141
0.119632,4.8536773
0.119634,4.7149835
0.119636,4.5762897
0.119638,4.437596
0.11964,4.2064385
0.119642,4.0215135
0.119644,3.744125
0.119646,3.5129685
0.119648,3.1893477
0.11965,2.9119601
0.119652,2.5883412
0.119654,2.2647214
0.119656,1.8948698
0.119658,1.5250192
0.11966,1.2013993
0.119662,0.8315482
0.119664,0.46169758
0.119666,0.045615196
0.119668,-0.32423592
0.119669996,-0.694087
0.119672,-1.0639377
0.119674,-1.4337888
0.119676,-1.8036394
0.119678,-2.1272593
0.11968,-2.4971101
0.119682,-2.8207297
0.119684,-3.098118
0.119686,-3.4217377
0.119688,-3.6991258
0.11969,-3.9302826
0.119692,-4.1614394
0.119694,-4.346365
0.119696,-4.5312905
0.119698,-4.669985
0.1197,-4.8086786
0.119702,-4.9011416
0.119704,-4.947373
0.119706,-4.993604
0.119708,-5.0398355
0.11971,-4.993604
0.119712,-4.947373
0.119714,-4.9011416
0.119715996,-4.8086786
0.119718,-4.669985
0.11972,-4.4850593
0.119722,-4.346365
0.119724,-4.1614394
0.119726,-3.9302826
0.119728,-3.6528945
0.11973,-3.3755062
0.119732,-3.098118
0.119734,-2.7744985
0.119736,-2.4508786
0.119738,-2.1272593
0.11974,-1.7574081
0.119742,-1.4337888
0.119744,-1.0639377
0.119746,-0.694087
0.119748,-0.27800417
0.11975,0.50792885
0.119752,2.0797954
0.119754,3.5129685
0.119756,4.483826
0.119758,4.8999095
0.11976,4.668752
0.119762,3.92905
0.119764,2.6808028
0.119766,1.1089368
0.119768,-0.601624
0.11977,-2.2197218
0.119772,-3.6528945
0.119774,-4.5312905
0.119776,-4.947373
0.119778,-4.669985
0.11978,-3.9302826
0.119782,-2.6358042
0.119784,-1.0177064
0.119786,0.7390857
0.119788,2.357184
0.11979,3.6978936
0.119792,4.5762897
0.119793996,4.8999095
0.119796,4.622521
0.119798,3.7903562
0.1198,2.4958777
0.119802,0.87777996
0.119804,-0.83278084
0.119806,-2.4508786
0.119808,-3.7915885
0.11981,-4.623753
0.119812,-4.9011416
0.119814,-4.577522
0.119816,-3.745357
0.119818,-2.4046474
0.11982,-0.78654957
0.119822,0.970243
0.119824,2.5883412
0.119826,3.8828197
0.119828,4.668752
0.11983,4.8999095
0.119832,4.5300584
0.119834,3.6516623
0.119836,2.2647214
0.119838,0.64662313
0.119839996,-1.0639377
0.119842,-2.6358042
0.119844,-3.9302826
0.119846,-4.716216
0.119848,-4.9011416
0.11985,-4.4850593
0.119852,-3.5604317
0.119854,-2.1734905
0.119856,-0.5091615
0.119858,1.2476311
0.11986,2.7732663
0.119862,4.0215135
0.119864,4.7612157
0.119866,4.8999095
0.119868,4.437596
0.11987,3.4667363
0.119872,2.033564
0.119874,0.4154663
0.119876,-1.2950945
0.119878,-2.866961
0.11988,-4.115208
0.119882,-4.7624474
0.119884,-4.9011416
0.119885996,-4.4388275
0.119888,-3.4217377
0.11989,-1.9423337
0.119892,-0.27800417
0.119894,1.4787879
0.119896,3.0044227
0.119898,4.1602073
0.1199,4.807446
0.119902,4.8536773
0.119904,4.3451324
0.119906,3.2818112
0.119908,1.8024073
0.11991,0.13807821
0.119912,-1.5262513
0.119914,-3.0518866
0.119916,-4.2076707
0.119917996,-4.8086786
0.11992,-4.85491
0.119922,-4.3001337
0.119924,-3.236812
0.119926,-1.7111769
0.119928,-6.160736E-4
0.11993,1.6637135
0.119932,3.1893477
0.119934,4.298901
0.119936,4.8536773
0.119938,4.8536773
0.11994,4.252671
0.119942,3.0968862
0.119944,1.5712504
0.119946,-0.09307861
0.119948,-1.7574081
0.11995,-3.236812
0.119952,-4.346365
0.119954,-4.85491
0.119956,-4.8086786
0.119958,-4.1614394
0.11996,-3.0056553
0.119962,-1.48002
0.119963996,0.23054075
0.119966,1.8948698
0.119968,3.3742738
0.11997,4.437596
0.119972,4.8999095
0.119974,4.7612157
0.119976,4.113976
0.119978,2.9119601
0.11998,1.3863249
0.119982,-0.32423592
0.119984,-1.9885652
0.119986,-3.4217377
0.119988,-4.4388275
0.11999,-4.9011416
0.119992,-4.7624474
0.119994,-4.022745
0.119996,-2.8207297
0.119998,-1.2488632
0.12,0.50792885
0.120002,2.126027
0.120004,3.5591989
0.120006,4.483826
0.120008,4.8999095
0.120009996,4.7149835
0.120012,3.9752812
0.120014,2.6808028
0.120016,1.1551685
0.120018,-0.601624
0.12002,-2.2197218
0.120022,-3.6066632
0.120024,-4.5312905
0.120026,-4.9011416
0.120028,-4.669985
0.12003,-3.8840513
0.120032,-2.6358042
0.120034,-1.0177064
0.120036,0.7390857
0.120038,2.357184
0.12004,3.744125
0.120041996,4.5762897
0.120044,4.8999095
0.120046,4.622521
0.120048,3.7903562
0.12005,2.4958777
0.120052,0.87777996
0.120054,-0.83278084
0.120056,-2.4046474
0.120058,-3.7915885
0.12006,-4.623753
0.120062,-4.9011416
0.120064,-4.577522
0.120066,-3.745357
0.120068,-2.4046474
0.12007,-0.78654957
0.120072,0.970243
0.120074,2.5883412
0.120076,3.8828197
0.120078,4.668752
0.12008,4.8999095
0.120082,4.5300584
0.120084,3.6516623
0.120086,2.2647214
0.120087996,0.64662313
0.12009,-1.0639377
0.120092,-2.6358042
0.120094,-3.9302826
0.120096,-4.716216
0.120098,-4.9011416
0.1201,-4.4850593
0.120102,-3.5604317
0.120104,-2.1734905
0.120106,-0.5091615
0.120108,1.2476311
0.12011,2.7732663
0.120112,4.0215135
0.120114,4.7612157
0.120116,4.8999095
0.120118,4.437596
0.12012,3.4667363
0.120122,2.033564
0.120124,0.4154663
0.120126,-1.2950945
0.120128,-2.866961
0.12013,-4.068977
0.120132,-4.7624474
0.120133996,-4.9011416
0.120136,-4.4388275
0.120138,-3.4217377
0.12014,-1.9423337
0.120142,-0.27800417
0.120144,1.4787879
0.120146,3.0044227
0.120148,4.1602073
0.12015,4.807446
0.120152,4.8536773
0.120154,4.3451324
0.120156,3.2818112
0.120158,1.8024073
0.12016,0.13807821
0.120162,-1.5262513
0.120164,-3.0518866
0.120165996,-4.2076707
0.120168,-4.8086786
0.12017,-4.85491
0.120172,-4.3001337
0.120174,-3.236812
0.120176,-1.7111769
0.120178,-6.160736E-4
0.12018,1.6637135
0.120182,3.1893477
0.120184,4.298901
0.120186,4.8536773
0.120188,4.8536773
0.12019,4.252671
0.120192,3.0968862
0.120194,1.5712504
0.120196,-0.09307861
0.120198,-1.7574081
0.1202,-3.236812
0.120202,-4.346365
0.120204,-4.85491
0.120206,-4.8086786
0.120208,-4.1614394
0.12021,-3.0056553
0.120211996,-1.48002
0.120214,0.23054075
0.120216,1.9411016
0.120218,3.3742738
0.12022,4.437596
0.120222,4.8999095
0.120224,4.7612157
0.120226,4.113976
0.120228,2.9119601
0.12023,1.3863249
0.120232,-0.32423592
0.120234,-1.9885652
0.120236,-3.4217377
0.120238,-4.4388275
0.12024,-4.9011416
0.120242,-4.7624474
0.120244,-4.022745
0.120246,-2.8207297
0.120248,-1.2488632
0.12025,0.50792885
0.120252,2.126027
0.120254,3.5591989
0.120256,4.483826
0.120257996,4.8999095
0.12026,4.7149835
0.120262,3.9752812
0.120264,2.6808028
0.120266,1.1551685
0.120268,-0.601624
0.12027,-2.2197218
0.120272,-3.6066632
0.120274,-4.5312905
0.120276,-4.9011416
0.120278,-4.669985
0.12028,-3.8840513
0.120282,-2.6358042
0.120284,-1.0177064
0.120286,0.7390857
0.120288,2.357184
0.120289996,3.744125
0.120292,4.622521
0.120294,4.8999095
0.120296,4.622521
0.120298,3.7903562
0.1203,2.4958777
0.120302,0.87777996
0.120304,-0.83278084
0.120306,-2.4046474
0.120308,-3.7915885
0.12031,-4.623753
0.120312,-4.9011416
0.120314,-4.577522
0.120316,-3.745357
0.120318,-2.4046474
0.12032,-0.78654957
0.120322,0.970243
0.120324,2.5883412
0.120326,3.8828197
0.120328,4.668752
0.12033,4.8999095
0.120332,4.5300584
0.120334,3.6516623
0.120335996,2.2647214
0.120338,0.64662313
0.12034,-1.0639377
0.120342,-2.6358042
0.120344,-3.9302826
0.120346,-4.716216
0.120348,-4.9011416
0.12035,-4.4850593
0.120352,-3.5604317
0.120354,-2.1734905
0.120356,-0.5091615
0.120358,1.2476311
0.12036,2.7732663
0.120362,4.0215135
0.120364,4.7612157
0.120366,4.8999095
0.120368,4.437596
0.12037,3.4667363
0.120372,2.033564
0.120374,0.4154663
0.120376,-1.2950945
0.120378,-2.866961
0.12038,-4.068977
0.120381996,-4.7624474
0.120384,-4.9011416
0.120386,-4.4388275
0.120388,-3.4217377
0.12039,-1.9423337
0.120392,-0.27800417
0.120394,1.4787879
0.120396,3.0044227
0.120398,4.1602073
0.1204,4.807446
0.120402,4.8536773
0.120404,4.3451324
0.120406,3.2818112
0.120408,1.8024073
0.12041,0.13807821
0.120412,-1.5262513
0.120414,-3.0518866
0.120416,-4.2076707
0.120418,-4.8086786
0.12042,-4.85491
0.120422,-4.3001337
0.120424,-3.236812
0.120426,-1.7111769
0.120428,-6.160736E-4
0.12043,1.6637135
0.120432,3.1893477
0.120434,4.298901
0.120436,4.8536773
0.120438,4.8536773
0.12044,4.252671
0.120442,3.0968862
0.120444,1.5712504
0.120446,-0.09307861
0.120448,-1.7574081
0.12045,-3.236812
0.120452,-4.346365
0.120454,-4.85491
0.120456,-4.8086786
0.120458,-4.1614394
0.120459996,-3.0056553
0.120462,-1.48002
0.120464,0.23054075
0.120466,1.9411016
0.120468,3.3742738
0.12047,4.437596
0.120472,4.8999095
0.120474,4.7612157
0.120476,4.113976
0.120478,2.9119601
0.12048,1.3863249
0.120482,-0.32423592
0.120484,-1.9885652
0.120486,-3.4217377
0.120488,-4.4388275
0.12049,-4.9011416
0.120492,-4.7624474
0.120494,-4.022745
0.120496,-2.8207297
0.120498,-1.2488632
0.1205,0.50792885
0.120502,2.126027
0.120504,3.5591989
0.120505996,4.483826
0.120508,4.8999095
0.12051,4.7149835
0.120512,3.9752812
0.120514,2.6808028
0.120516,1.1551685
0.120518,-0.601624
0.12052,-2.2197218
0.120522,-3.6066632
0.120524,-4.5312905
0.120526,-4.9011416
0.120528,-4.669985
0.12053,-3.8840513
0.120532,-2.6358042
0.120534,-1.0177064
0.120536,0.7390857
0.120538,2.357184
0.12054,3.744125
0.120542,4.5762897
0.120544,4.8999095
0.120546,4.622521
0.120548,3.7903562
0.12055,2.4958777
0.120552,0.87777996
0.120554,-0.83278084
0.120556,-2.4046474
0.120558,-3.7915885
0.12056,-4.623753
0.120562,-4.9011416
0.120564,-4.577522
0.120566,-3.745357
0.120568,-2.4046474
0.12057,-0.78654957
0.120572,0.970243
0.120574,2.5883412
0.120576,3.8828197
0.120578,4.668752
0.12058,4.8999095
0.120582,4.5300584
0.120583996,3.6516623
0.120586,2.2647214
0.120588,0.64662313
0.12059,-1.0639377
0.120592,-2.6358042
0.120594,-3.9302826
0.120596,-4.716216
0.120598,-4.9011416
0.1206,-4.4850593
0.120602,-3.5604317
0.120604,-2.1734905
0.120606,-0.5091615
0.120608,1.2476311
0.12061,2.7732663
0.120612,4.0215135
0.120614,4.7612157
0.120616,4.8999095
0.120618,4.437596
0.12062,3.4667363
0.120622,2.033564
0.120624,0.4154663
0.120626,-1.2950945
0.120628,-2.866961
0.120629996,-4.068977
0.120632,-4.7624474
0.120634,-4.9011416
0.120636,-4.4388275
0.120638,-3.4217377
0.12064,-1.9423337
0.120642,-0.27800417
0.120644,1.4787879
0.120646,3.0044227
0.120648,4.1602073
0.12065,4.807446
0.120652,4.8536773
0.120654,4.3451324
0.120656,3.2818112
0.120658,1.8024073
0.12066,0.13807821
0.120662,-1.5262513
0.120664,-3.0518866
0.120666,-4.2076707
0.120668,-4.8086786
0.12067,-4.85491
0.120672,-4.3001337
0.120674,-3.236812
0.120676,-1.7111769
0.120678,-6.160736E-4
0.12068,1.7099442
0.120682,3.1893477
0.120684,4.298901
0.120686,4.8536773
0.120688,4.8536773
0.12069,4.252671
0.120692,3.0968862
0.120694,1.5712504
0.120696,-0.09307861
0.120698,-1.7574081
0.1207,-3.236812
0.120702,-4.346365
0.120704,-4.85491
0.120706,-4.8086786
0.120707996,-4.1614394
0.12071,-3.0056553
0.120712,-1.48002
0.120714,0.23054075
0.120716,1.9411016
0.120718,3.3742738
0.12072,4.437596
0.120722,4.8999095
0.120724,4.7612157
0.120726,4.113976
0.120728,2.9119601
0.12073,1.3863249
0.120732,-0.32423592
0.120734,-1.9885652
0.120736,-3.4217377
0.120738,-4.4388275
0.12074,-4.9011416
0.120742,-4.7624474
0.120744,-4.022745
0.120746,-2.8207297
0.120748,-1.2488632
0.12075,0.091846466
0.120752,0.50792885
0.120753996,0.87777996
0.120756,1.2476311
0.120758,1.6174817
0.12076,1.9411016
0.120762,2.3109517
0.120764,2.6345725
0.120766,2.9581914
0.120768,3.23558
0.12077,3.5591989
0.120772,3.7903562
0.120774,4.0215135
0.120776,4.252671
0.120778,4.437596
0.12078,4.5762897
0.120782,4.7149835
0.120784,4.8536773
0.120786,4.946141
0.120788,4.992371
0.12079,5.0386033
0.120792,5.0386033
0.120794,4.992371
0.120796,4.946141
0.120798,4.8536773
0.1208,4.7612157
0.120802,4.622521
0.120804,4.437596
0.120806,4.298901
0.120808,4.0677447
0.12081,3.8365874
0.120812,3.605431
0.120814,3.3280425
0.120816,3.0044227
0.120818,2.6808028
0.12082,2.357184
0.120822,2.033564
0.120824,1.6637135
0.120826,1.3400936
0.120828,0.92401123
0.12083,0.5541601
0.120831996,0.184309
0.120834,-0.18554163
0.120836,-0.601624
0.120838,-0.9714751
0.12084,-1.3413262
0.120842,-1.6649456
0.120844,-2.0347965
0.120846,-2.3584158
0.120848,-2.6820357
0.12085,-3.0056553
0.120852,-3.329275
0.120854,-3.6066632
0.120856,-3.8378198
0.120858,-4.068977
0.12086,-4.3001337
0.120862,-4.4388275
0.120864,-4.623753
0.120866,-4.7624474
0.120868,-4.85491
0.12087,-4.947373
0.120872,-4.993604
0.120874,-5.0398355
0.120876,-4.993604
0.120877996,-4.993604
0.12088,-4.9011416
0.120882,-4.8086786
0.120884,-4.716216
0.120886,-4.577522
0.120888,-4.3925962
0.12089,-4.2076707
0.120892,-3.976514
0.120894,-3.745357
0.120896,-3.467969
0.120898,-3.1905808
0.1209,-2.9131925
0.120902,-2.589573
0.120904,-2.2197218
0.120906,-1.8961024
0.120908,-1.5262513
0.12091,-1.202632
0.120912,-0.78654957
0.120914,-0.41669846
0.120916,-0.046847343
0.120918,0.3230033
0.12092,0.7390857
0.120922,1.1089368
0.120923996,1.4787879
0.120926,1.8024073
0.120928,2.172258
0.12093,2.4958777
0.120932,2.8194976
0.120934,3.1431174
0.120936,3.420505
0.120938,3.6978936
0.12094,3.92905
0.120942,4.1602073
0.120944,4.3913646
0.120946,4.5300584
0.120948,4.668752
0.12095,4.807446
0.120952,4.8999095
0.120954,4.992371
0.120955996,5.0386033
0.120958,5.0386033
0.12096,5.0386033
0.120962,4.992371
0.120964,4.8999095
0.120966,4.807446
0.120968,4.668752
0.12097,4.5300584
0.120972,4.3451324
0.120974,4.1602073
0.120976,3.92905
0.120978,3.6516623
0.12098,3.420505
0.120982,3.0968862
0.120984,2.7732663
0.120986,2.4496465
0.120988,2.126027
0.12099,1.756176
0.120992,1.4325566
0.120994,1.0627055
0.120996,0.6928544
0.120998,0.3230033
0.121,-0.09307861
0.121001996,-0.46292973
0.121004,-0.83278084
0.121006,-1.202632
0.121008,-1.5262513
0.12101,-1.8961024
0.121012,-2.2659533
0.121014,-2.589573
0.121016,-2.9131925
0.121018,-3.236812
0.12102,-3.5142004
0.121022,-3.745357
0.121024,-4.022745
0.121026,-4.2539024
0.121028,-4.4388275
0.12103,-4.577522
0.121032,-4.716216
0.121034,-4.8086786
0.121036,-4.9011416
0.121038,-4.993604
0.12104,-4.993604
0.121042,-5.0398355
0.121044,-4.993604
0.121046,-4.947373
0.121047996,-4.85491
0.12105,-4.7624474
0.121052,-4.623753
0.121054,-4.4388275
0.121056,-4.3001337
0.121058,-4.068977
0.12106,-3.8378198
0.121062,-3.5604317
0.121064,-3.2830436
0.121066,-3.0056553
0.121068,-2.6820357
0.12107,-2.3584158
0.121072,-1.9885652
0.121074,-1.6649456
0.121076,-1.2950945
0.121078,-0.9252434
0.121079996,-0.55539227
0.121082,-0.18554163
0.121084,0.23054075
0.121086,0.60039186
0.121088,0.970243
0.12109,1.3400936
0.121092,1.7099442
0.121094,2.033564
0.121096,2.4034152
0.121098,2.727035
0.1211,3.050654
0.121102,3.3280425
0.121104,3.605431
0.121106,3.8828197
0.121108,4.113976
0.12111,4.298901
0.121112,4.483826
0.121114,4.622521
0.121116,4.7612157
0.121118,4.8536773
0.12112,4.946141
0.121122,4.992371
0.121124,5.0386033
0.121125996,5.0386033
0.121128,4.992371
0.12113,4.946141
0.121132,4.8536773
0.121134,4.7149835
0.121136,4.5762897
0.121138,4.437596
0.12114,4.2064385
0.121142,4.0215135
0.121144,3.744125
0.121146,3.5129685
0.121148,3.1893477
0.12115,2.9119601
0.121152,2.5883412
0.121154,2.2647214
0.121156,1.8948698
0.121158,1.5250192
0.12116,1.2013993
0.121162,0.8315482
0.121164,0.46169758
0.121166,0.045615196
0.121168,-0.32423592
0.12117,-0.694087
0.121171996,-1.0639377
0.121174,-1.4337888
0.121176,-1.8036394
0.121178,-2.1272593
0.12118,-2.4971101
0.121182,-2.8207297
0.121184,-3.098118
0.121186,-3.4217377
0.121188,-3.6991258
0.12119,-3.9302826
0.121192,-4.1614394
0.121194,-4.346365
0.121196,-4.5312905
0.121198,-4.669985
0.1212,-4.8086786
0.121202,-4.9011416
0.121203996,-4.947373
0.121206,-4.993604
0.121208,-5.0398355
0.12121,-4.993604
0.121212,-4.947373
0.121214,-4.9011416
0.121216,-4.8086786
0.121218,-4.669985
0.12122,-4.4850593
0.121222,-4.346365
0.121224,-4.1614394
0.121226,-3.9302826
0.121228,-3.6528945
0.12123,-3.3755062
0.121232,-3.098118
0.121234,-2.7744985
0.121236,-2.4508786
0.121238,-2.1272593
0.12124,-1.7574081
0.121242,-1.4337888
0.121244,-1.0639377
0.121246,-0.694087
0.121248,-0.27800417
0.121249996,0.091846466
0.121252,0.46169758
0.121254,0.8315482
0.121256,1.2013993
0.121258,1.5712504
0.12126,1.9411016
0.121262,2.2647214
0.121264,2.5883412
0.121266,2.9119601
0.121268,3.23558
0.12127,3.5129685
0.121272,3.7903562
0.121274,4.0215135
0.121276,4.252671
0.121278,4.437596
0.12128,4.5762897
0.121282,4.7149835
0.121284,4.8536773
0.121286,4.946141
0.121288,4.992371
0.12129,5.0386033
0.121292,5.0386033
0.121294,4.992371
0.121295996,4.946141
0.121298,4.8536773
0.1213,4.7612157
0.121302,4.622521
0.121304,4.437596
0.121306,4.298901
0.121308,4.0677447
0.12131,3.8365874
0.121312,3.605431
0.121314,3.2818112
0.121316,3.0044227
0.121318,2.6808028
0.12132,2.357184
0.121322,2.033564
0.121324,1.6637135
0.121326,1.2938623
0.121327996,0.92401123
0.12133,0.5541601
0.121332,0.184309
0.121334,-0.18554163
0.121336,-0.601624
0.121338,-0.9714751
0.12134,-1.3413262
0.121342,-1.6649456
0.121344,-2.0347965
0.121346,-2.3584158
0.121348,-2.6820357
0.12135,-3.0056553
0.121352,-3.329275
0.121354,-3.6066632
0.121356,-3.8378198
0.121358,-4.068977
0.12136,-4.3001337
0.121362,-4.4388275
0.121364,-4.623753
0.121366,-4.7624474
0.121368,-4.85491
0.12137,-4.947373
0.121372,-4.993604
0.121373996,-5.0398355
0.121376,-4.993604
0.121378,-4.993604
0.12138,-4.9011416
0.121382,-4.8086786
0.121384,-4.716216
0.121386,-4.577522
0.121388,-4.4388275
0.12139,-4.2076707
0.121392,-3.976514
0.121394,-3.745357
0.121396,-3.467969
0.121398,-3.1905808
0.1214,-2.9131925
0.121402,-2.589573
0.121404,-2.2197218
0.121406,-1.8961024
0.121408,-1.5262513
0.12141,-1.202632
0.121412,-0.78654957
0.121414,-0.41669846
0.121416,-0.046847343
0.121418,0.3230033
0.121419996,0.7390857
0.121422,1.1089368
0.121424,1.4787879
0.121426,1.8024073
0.121428,2.172258
0.12143,2.4958777
0.121432,2.8194976
0.121434,3.1431174
0.121436,3.420505
0.121438,3.6978936
0.12144,3.92905
0.121442,4.1602073
0.121444,4.3913646
0.121446,4.5300584
0.121448,4.668752
0.12145,4.807446
0.121451996,4.8999095
0.121454,4.992371
0.121456,5.0386033
0.121458,5.0386033
0.12146,5.0386033
0.121462,4.992371
0.121464,4.8999095
0.121466,4.807446
0.121468,4.668752
0.12147,4.5300584
0.121472,4.3451324
0.121474,4.1602073
0.121476,3.92905
0.121478,3.6516623
0.12148,3.3742738
0.121482,3.0968862
0.121484,2.7732663
0.121486,2.4496465
0.121488,2.126027
0.12149,1.756176
0.121492,1.4325566
0.121494,1.0627055
0.121496,0.6928544
0.121497996,0.3230033
0.1215,-0.09307861
0.121502,-0.46292973
0.121504,-0.83278084
0.121506,-1.202632
0.121508,-1.5262513
0.12151,-1.8961024
0.121512,-2.2659533
0.121514,-2.589573
0.121516,-2.9131925
0.121518,-3.236812
0.12152,-3.5142004
0.121522,-3.745357
0.121524,-4.022745
0.121526,-4.2539024
0.121528,-4.4388275
0.12153,-4.577522
0.121532,-4.716216
0.121534,-4.85491
0.121536,-4.9011416
0.121538,-4.993604
0.12154,-4.993604
0.121542,-5.0398355
0.121543996,-4.993604
0.121546,-4.947373
0.121548,-4.85491
0.12155,-4.7624474
0.121552,-4.623753
0.121554,-4.4388275
0.121556,-4.3001337
0.121558,-4.068977
0.12156,-3.8378198
0.121562,-3.5604317
0.121564,-3.2830436
0.121566,-3.0056553
0.121568,-2.6820357
0.12157,-2.3584158
0.121572,-1.9885652
0.121574,-1.6649456
0.121576,-1.2950945
0.121578,-0.9252434
0.12158,-0.55539227
0.121582,-0.18554163
0.121584,0.23054075
0.121586,0.60039186
0.121588,0.970243
0.12159,1.3400936
0.121592,1.7099442
0.121594,2.033564
0.121596,2.4034152
0.121598,2.727035
0.1216,3.050654
0.121602,3.3280425
0.121604,3.605431
0.121606,3.8828197
0.121608,4.113976
0.12161,4.298901
0.121612,4.483826
0.121614,4.622521
0.121616,4.7612157
0.121618,4.8999095
0.12162,4.946141
0.121621996,4.992371
0.121624,5.0386033
0.121626,5.0386033
0.121628,4.992371
0.12163,4.946141
0.121632,4.8536773
0.121634,4.7149835
0.121636,4.5762897
0.121638,4.437596
0.12164,4.2064385
0.121642,4.0215135
0.121644,3.744125
0.121646,3.4667363
0.121648,3.1893477
0.12165,2.9119601
0.121652,2.5883412
0.121654,2.2647214
0.121656,1.8948698
0.121658,1.5250192
0.12166,1.2013993
0.121662,0.8315482
0.121664,0.46169758
0.121666,0.045615196
0.121667996,-0.32423592
0.12167,-0.694087
0.121672,-1.0639377
0.121674,-1.4337888
0.121676,-1.8036394
0.121678,-2.1272593
0.12168,-2.4971101
0.121682,-2.8207297
0.121684,-3.098118
0.121686,-3.4217377
0.121688,-3.6991258
0.12169,-3.9302826
0.121692,-4.1614394
0.121694,-4.346365
0.121696,-4.5312905
0.121698,-4.669985
0.1217,-4.8086786
0.121702,-4.9011416
0.121704,-4.947373
0.121706,-4.993604
0.121708,-5.0398355
0.12171,-4.993604
0.121712,-4.947373
0.121714,-4.9011416
0.121716,-4.8086786
0.121718,-4.669985
0.12172,-4.4850593
0.121722,-4.346365
0.121724,-4.1614394
0.121726,-3.9302826
0.121728,-3.6528945
0.12173,-3.3755062
0.121732,-3.098118
0.121734,-2.7744985
0.121736,-2.4508786
0.121738,-2.1272593
0.12174,-1.7574081
0.121742,-1.4337888
0.121744,-1.0639377
0.121745996,-0.694087
0.121748,-0.27800417
0.12175,0.50792885
0.121752,2.126027
0.121754,3.5129685
0.121756,4.483826
0.121758,4.8999095
0.12176,4.668752
0.121762,3.92905
0.121764,2.6808028
0.121766,1.1089368
0.121768,-0.601624
0.12177,-2.2197218
0.121772,-3.6528945
0.121774,-4.577522
0.121776,-4.947373
0.121778,-4.669985
0.12178,-3.8840513
0.121782,-2.6358042
0.121784,-1.0177064
0.121786,0.7390857
0.121788,2.357184
0.12179,3.744125
0.121791996,4.5762897
0.121794,4.8999095
0.121796,4.622521
0.121798,3.7903562
0.1218,2.4958777
0.121802,0.87777996
0.121804,-0.83278084
0.121806,-2.4508786
0.121808,-3.7915885
0.12181,-4.623753
0.121812,-4.9011416
0.121814,-4.577522
0.121816,-3.745357
0.121818,-2.4046474
0.12182,-0.7403178
0.121822,0.970243
0.121824,2.5883412
0.121826,3.8828197
0.121828,4.668752
0.12183,4.8999095
0.121832,4.5300584
0.121834,3.6516623
0.121836,2.2647214
0.121838,0.64662313
0.12184,-1.0639377
0.121842,-2.6358042
0.121844,-3.9302826
0.121846,-4.716216
0.121848,-4.9011416
0.12185,-4.4850593
0.121852,-3.5604317
0.121854,-2.1734905
0.121856,-0.5091615
0.121858,1.2476311
0.12186,2.8194976
0.121862,4.0215135
0.121864,4.7612157
0.121866,4.8999095
0.121868,4.437596
0.121869996,3.4667363
0.121872,2.033564
0.121874,0.4154663
0.121876,-1.3413262
0.121878,-2.866961
0.12188,-4.115208
0.121882,-4.7624474
0.121884,-4.9011416
0.121886,-4.4388275
0.121888,-3.3755062
0.12189,-1.9423337
0.121892,-0.27800417
0.121894,1.4787879
0.121896,3.0044227
0.121898,4.1602073
0.1219,4.807446
0.121902,4.8536773
0.121904,4.3451324
0.121906,3.2818112
0.121908,1.8024073
0.12191,0.13807821
0.121912,-1.5262513
0.121914,-3.0518866
0.121915996,-4.2076707
0.121918,-4.8086786
0.12192,-4.85491
0.121922,-4.3001337
0.121924,-3.1905808
0.121926,-1.7111769
0.121928,-6.160736E-4
0.12193,1.7099442
0.121932,3.1893477
0.121934,4.298901
0.121936,4.8536773
0.121938,4.8536773
0.12194,4.252671
0.121942,3.0968862
0.121944,1.5712504
0.121946,-0.09307861
0.121948,-1.7574081
0.12195,-3.236812
0.121952,-4.346365
0.121954,-4.85491
0.121956,-4.8086786
0.121958,-4.1614394
0.12196,-3.0056553
0.121962,-1.48002
0.121964,0.23054075
0.121966,1.9411016
0.121968,3.3742738
0.12197,4.437596
0.121972,4.8999095
0.121974,4.7612157
0.121976,4.113976
0.121978,2.9119601
0.12198,1.3863249
0.121982,-0.3704667
0.121984,-1.9885652
0.121986,-3.467969
0.121988,-4.4388275
0.12199,-4.9011416
0.121992,-4.716216
0.121993996,-4.022745
0.121996,-2.8207297
0.121998,-1.2488632
0.122,0.50792885
0.122002,2.172258
0.122004,3.5591989
0.122006,4.483826
0.122008,4.8999095
0.12201,4.7149835
0.122012,3.9752812
0.122014,2.6808028
0.122016,1.1089368
0.122018,-0.601624
0.12202,-2.2197218
0.122022,-3.6066632
0.122024,-4.5312905
0.122026,-4.9011416
0.122028,-4.669985
0.12203,-3.8840513
0.122032,-2.6358042
0.122034,-1.0177064
0.122036,0.7390857
0.122038,2.357184
0.122039996,3.744125
0.122042,4.5762897
0.122044,4.8999095
0.122046,4.622521
0.122048,3.7903562
0.12205,2.4958777
0.122052,0.87777996
0.122054,-0.83278084
0.122056,-2.4508786
0.122058,-3.7915885
0.12206,-4.623753
0.122062,-4.9011416
0.122064,-4.577522
0.122066,-3.745357
0.122068,-2.4046474
0.12207,-0.7403178
0.122072,0.970243
0.122074,2.5883412
0.122076,3.8828197
0.122078,4.668752
0.12208,4.8999095
0.122082,4.5300584
0.122084,3.6516623
0.122085996,2.2647214
0.122088,0.64662313
0.12209,-1.0639377
0.122092,-2.6358042
0.122094,-3.9302826
0.122096,-4.716216
0.122098,-4.9011416
0.1221,-4.4850593
0.122102,-3.5604317
0.122104,-2.1734905
0.122106,-0.5091615
0.122108,1.2476311
0.12211,2.8194976
0.122112,4.0215135
0.122114,4.7612157
0.122116,4.8999095
0.122117996,4.437596
0.12212,3.4667363
0.122122,2.033564
0.122124,0.4154663
0.122126,-1.3413262
0.122128,-2.866961
0.12213,-4.115208
0.122132,-4.7624474
0.122134,-4.9011416
0.122136,-4.3925962
0.122138,-3.3755062
0.12214,-1.9423337
0.122142,-0.27800417
0.122144,1.4787879
0.122146,3.0044227
0.122148,4.1602073
0.12215,4.807446
0.122152,4.8536773
0.122154,4.3451324
0.122156,3.2818112
0.122158,1.8024073
0.12216,0.13807821
0.122162,-1.5262513
0.122163996,-3.0518866
0.122166,-4.2539024
0.122168,-4.8086786
0.12217,-4.85491
0.122172,-4.3001337
0.122174,-3.1905808
0.122176,-1.7111769
0.122178,-6.160736E-4
0.12218,1.7099442
0.122182,3.1893477
0.122184,4.298901
0.122186,4.8536773
0.122188,4.8536773
0.12219,4.252671
0.122192,3.0968862
0.122194,1.5712504
0.122196,-0.09307861
0.122198,-1.7574081
0.1222,-3.2830436
0.122202,-4.346365
0.122204,-4.85491
0.122206,-4.8086786
0.122208,-4.1614394
0.122209996,-3.0056553
0.122212,-1.48002
0.122214,0.23054075
0.122216,1.9411016
0.122218,3.3742738
0.12222,4.437596
0.122222,4.8999095
0.122224,4.7612157
0.122226,4.113976
0.122228,2.9119601
0.12223,1.3863249
0.122232,-0.3704667
0.122234,-1.9885652
0.122236,-3.467969
0.122238,-4.4388275
0.12224,-4.9011416
0.122241996,-4.7624474
0.122244,-4.022745
0.122246,-2.8207297
0.122248,-1.2488632
0.12225,0.50792885
0.122252,2.172258
0.122254,3.5591989
0.122256,4.483826
0.122258,4.8999095
0.12226,4.7149835
0.122262,3.9752812
0.122264,2.6808028
0.122266,1.1089368
0.122268,-0.601624
0.12227,-2.2197218
0.122272,-3.6066632
0.122274,-4.5312905
0.122276,-4.9011416
0.122278,-4.669985
0.12228,-3.8840513
0.122282,-2.6358042
0.122284,-1.0177064
0.122286,0.7390857
0.122287996,2.357184
0.12229,3.744125
0.122292,4.622521
0.122294,4.8999095
0.122296,4.622521
0.122298,3.7903562
0.1223,2.4958777
0.122302,0.87777996
0.122304,-0.83278084
0.122306,-2.4508786
0.122308,-3.7915885
0.12231,-4.623753
0.122312,-4.9011416
0.122314,-4.577522
0.122316,-3.745357
0.122318,-2.4046474
0.12232,-0.7403178
0.122322,0.970243
0.122324,2.5883412
0.122326,3.8828197
0.122328,4.668752
0.12233,4.8999095
0.122332,4.5300584
0.122333996,3.6516623
0.122336,2.2647214
0.122338,0.64662313
0.12234,-1.0639377
0.122342,-2.6358042
0.122344,-3.9302826
0.122346,-4.716216
0.122348,-4.9011416
0.12235,-4.4850593
0.122352,-3.5604317
0.122354,-2.1734905
0.122356,-0.5091615
0.122358,1.2476311
0.12236,2.8194976
0.122362,4.0215135
0.122364,4.7612157
0.122365996,4.8999095
0.122368,4.437596
0.12237,3.4667363
0.122372,2.033564
0.122374,0.4154663
0.122376,-1.3413262
0.122378,-2.866961
0.12238,-4.115208
0.122382,-4.7624474
0.122384,-4.9011416
0.122386,-4.3925962
0.122388,-3.3755062
0.12239,-1.9423337
0.122392,-0.27800417
0.122394,1.4787879
0.122396,3.0044227
0.122398,4.1602073
0.1224,4.807446
0.122402,4.8536773
0.122404,4.3451324
0.122406,3.2818112
0.122408,1.8024073
0.12241,0.13807821
0.122411996,-1.5262513
0.122414,-3.0518866
0.122416,-4.2076707
0.122418,-4.8086786
0.12242,-4.85491
0.122422,-4.3001337
0.122424,-3.1905808
0.122426,-1.7111769
0.122428,-6.160736E-4
0.12243,1.7099442
0.122432,3.1893477
0.122434,4.298901
0.122436,4.8536773
0.122438,4.8536773
0.12244,4.252671
0.122442,3.0968862
0.122444,1.5712504
0.122446,-0.09307861
0.122448,-1.7574081
0.12245,-3.2830436
0.122452,-4.346365
0.122454,-4.85491
0.122456,-4.8086786
0.122457996,-4.1614394
0.12246,-3.0056553
0.122462,-1.48002
0.122464,0.23054075
0.122466,1.9411016
0.122468,3.3742738
0.12247,4.437596
0.122472,4.8999095
0.122474,4.7612157
0.122476,4.113976
0.122478,2.9119601
0.12248,1.3863249
0.122482,-0.3704667
0.122484,-1.9885652
0.122486,-3.467969
0.122488,-4.4388275
0.122489996,-4.9011416
0.122492,-4.7624474
0.122494,-4.022745
0.122496,-2.8207297
0.122498,-1.2488632
0.1225,0.50792885
0.122502,2.172258
0.122504,3.5591989
0.122506,4.483826
0.122508,4.8999095
0.12251,4.7149835
0.122512,3.9752812
0.122514,2.6808028
0.122516,1.1089368
0.122518,-0.601624
0.12252,-2.2197218
0.122522,-3.6066632
0.122524,-4.5312905
0.122526,-4.9011416
0.122528,-4.669985
0.12253,-3.8840513
0.122532,-2.6358042
0.122534,-1.0177064
0.122535996,0.7390857
0.122538,2.357184
0.12254,3.744125
0.122542,4.5762897
0.122544,4.8999095
0.122546,4.622521
0.122548,3.7903562
0.12255,2.4958777
0.122552,0.87777996
0.122554,-0.83278084
0.122556,-2.4508786
0.122558,-3.7915885
0.12256,-4.623753
0.122562,-4.9011416
0.122564,-4.577522
0.122566,-3.745357
0.122568,-2.4046474
0.12257,-0.7403178
0.122572,1.0164738
0.122574,2.5883412
0.122576,3.8828197
0.122578,4.668752
0.12258,4.8999095
0.122581996,4.5300584
0.122584,3.6516623
0.122586,2.2647214
0.122588,0.64662313
0.12259,-1.0639377
0.122592,-2.6358042
0.122594,-3.9302826
0.122596,-4.716216
0.122598,-4.9011416
0.1226,-4.4850593
0.122602,-3.5604317
0.122604,-2.1734905
0.122606,-0.5091615
0.122608,1.2476311
0.12261,2.8194976
0.122612,4.0215135
0.122613996,4.7612157
0.122616,4.8999095
0.122618,4.437596
0.12262,3.4667363
0.122622,2.033564
0.122624,0.4154663
0.122626,-1.3413262
0.122628,-2.866961
0.12263,-4.115208
0.122632,-4.7624474
0.122634,-4.9011416
0.122636,-4.4388275
0.122638,-3.3755062
0.12264,-1.9423337
0.122642,-0.27800417
0.122644,1.4787879
0.122646,3.0044227
0.122648,4.1602073
0.12265,4.807446
0.122652,4.8536773
0.122654,4.3451324
0.122656,3.2818112
0.122658,1.8024073
0.122659996,0.13807821
0.122662,-1.5262513
0.122664,-3.0518866
0.122666,-4.2539024
0.122668,-4.8086786
0.12267,-4.85491
0.122672,-4.3001337
0.122674,-3.1905808
0.122676,-1.7111769
0.122678,-6.160736E-4
0.12268,1.7099442
0.122682,3.1893477
0.122684,4.298901
0.122686,4.8536773
0.122688,4.807446
0.12269,4.252671
0.122692,3.0968862
0.122694,1.5712504
0.122696,-0.09307861
0.122698,-1.7574081
0.1227,-3.2830436
0.122702,-4.346365
0.122704,-4.85491
0.122705996,-4.8086786
0.122708,-4.1614394
0.12271,-3.0056553
0.122712,-1.48002
0.122714,0.23054075
0.122716,1.9411016
0.122718,3.3742738
0.12272,4.437596
0.122722,4.8999095
0.122724,4.7612157
0.122726,4.113976
0.122728,2.9119601
0.12273,1.3863249
0.122732,-0.3704667
0.122734,-1.9885652
0.122736,-3.467969
0.122738,-4.4388275
0.12274,-4.9011416
0.122742,-4.7624474
0.122744,-4.022745
0.122746,-2.8207297
0.122748,-1.2488632
0.12275,0.091846466
0.122752,0.50792885
0.122754,0.87777996
0.122756,1.2476311
0.122758,1.6174817
0.12276,1.9411016
0.122762,2.3109517
0.122764,2.6345725
0.122766,2.9581914
0.122768,3.23558
0.12277,3.5591989
0.122772,3.7903562
0.122774,4.0215135
0.122776,4.252671
0.122778,4.437596
0.12278,4.5762897
0.122782,4.7149835
0.122783996,4.8536773
0.122786,4.946141
0.122788,4.992371
0.12279,5.0386033
0.122792,5.0386033
0.122794,4.992371
0.122796,4.946141
0.122798,4.8536773
0.1228,4.7612157
0.122802,4.622521
0.122804,4.437596
0.122806,4.298901
0.122808,4.0677447
0.12281,3.8365874
0.122812,3.605431
0.122814,3.3280425
0.122816,3.0044227
0.122818,2.6808028
0.12282,2.357184
0.122822,2.033564
0.122824,1.6637135
0.122826,1.2938623
0.122828,0.92401123
0.122829996,0.5541601
0.122832,0.184309
0.122834,-0.18554163
0.122836,-0.601624
0.122838,-0.9714751
0.12284,-1.3413262
0.122842,-1.6649456
0.122844,-2.0347965
0.122846,-2.3584158
0.122848,-2.6820357
0.12285,-3.0056553
0.122852,-3.329275
0.122854,-3.6066632
0.122856,-3.8378198
0.122858,-4.068977
0.12286,-4.3001337
0.122862,-4.4388275
0.122864,-4.623753
0.122866,-4.7624474
0.122868,-4.85491
0.12287,-4.947373
0.122872,-4.993604
0.122874,-5.0398355
0.122876,-4.993604
0.122878,-4.993604
0.12288,-4.9011416
0.122882,-4.8086786
0.122884,-4.716216
0.122886,-4.577522
0.122888,-4.3925962
0.12289,-4.2076707
0.122892,-3.976514
0.122894,-3.745357
0.122896,-3.467969
0.122898,-3.1905808
0.1229,-2.9131925
0.122902,-2.589573
0.122904,-2.2197218
0.122906,-1.8961024
0.122907996,-1.5262513
0.12291,-1.202632
0.122912,-0.78654957
0.122914,-0.41669846
0.122916,-0.046847343
0.122918,0.3230033
0.12292,0.7390857
0.122922,1.1089368
0.122924,1.4787879
0.122926,1.8024073
0.122928,2.172258
0.12293,2.4958777
0.122932,2.8194976
0.122934,3.1431174
0.122936,3.420505
0.122938,3.6978936
0.12294,3.92905
0.122942,4.1602073
0.122944,4.3913646
0.122946,4.5300584
0.122948,4.668752
0.12295,4.807446
0.122952,4.8999095
0.122953996,4.992371
0.122956,5.0386033
0.122958,5.0386033
0.12296,5.0386033
0.122962,4.992371
0.122964,4.8999095
0.122966,4.807446
0.122968,4.668752
0.12297,4.5300584
0.122972,4.3451324
0.122974,4.1602073
0.122976,3.92905
0.122978,3.6516623
0.12298,3.420505
0.122982,3.0968862
0.122984,2.7732663
0.122986,2.4496465
0.122988,2.126027
0.12299,1.756176
0.122992,1.4325566
0.122994,1.0627055
0.122996,0.6928544
0.122998,0.3230033
0.123,-0.09307861
0.123002,-0.46292973
0.123004,-0.83278084
0.123006,-1.202632
0.123008,-1.5724826
0.12301,-1.8961024
0.123012,-2.2659533
0.123014,-2.589573
0.123016,-2.9131925
0.123018,-3.236812
0.12302,-3.5142004
0.123022,-3.745357
0.123024,-4.022745
0.123026,-4.2539024
0.123028,-4.4388275
0.12303,-4.577522
0.123031996,-4.716216
0.123034,-4.85491
0.123036,-4.9011416
0.123038,-4.993604
0.12304,-4.993604
0.123042,-5.0398355
0.123044,-4.993604
0.123046,-4.947373
0.123048,-4.85491
0.12305,-4.7624474
0.123052,-4.623753
0.123054,-4.4388275
0.123056,-4.3001337
0.123058,-4.068977
0.12306,-3.8378198
0.123062,-3.5604317
0.123064,-3.2830436
0.123066,-3.0056553
0.123068,-2.6820357
0.12307,-2.3584158
0.123072,-1.9885652
0.123074,-1.6649456
0.123076,-1.2950945
0.123077996,-0.9252434
0.12308,-0.55539227
0.123082,-0.18554163
0.123084,0.23054075
0.123086,0.60039186
0.123088,0.970243
0.12309,1.3400936
0.123092,1.7099442
0.123094,2.033564
0.123096,2.4034152
0.123098,2.727035
0.1231,3.050654
0.123102,3.3280425
0.123104,3.605431
0.123106,3.8828197
0.123108,4.113976
0.12311,4.298901
0.123112,4.483826
0.123114,4.622521
0.123116,4.7612157
0.123118,4.8536773
0.12312,4.946141
0.123122,4.992371
0.123124,5.0386033
0.123126,5.0386033
0.123128,4.992371
0.12313,4.946141
0.123132,4.8536773
0.123134,4.7149835
0.123136,4.5762897
0.123138,4.437596
0.12314,4.2064385
0.123142,3.9752812
0.123144,3.744125
0.123146,3.5129685
0.123148,3.1893477
0.12315,2.9119601
0.123152,2.5883412
0.123154,2.2184901
0.123155996,1.8948698
0.123158,1.5250192
0.12316,1.2013993
0.123162,0.8315482
0.123164,0.4154663
0.123166,0.045615196
0.123168,-0.32423592
0.12317,-0.694087
0.123172,-1.0639377
0.123174,-1.4337888
0.123176,-1.8036394
0.123178,-2.1272593
0.12318,-2.4971101
0.123182,-2.8207297
0.123184,-3.098118
0.123186,-3.4217377
0.123188,-3.6991258
0.12319,-3.9302826
0.123192,-4.1614394
0.123194,-4.3925962
0.123196,-4.5312905
0.123198,-4.669985
0.1232,-4.8086786
0.123201996,-4.9011416
0.123204,-4.947373
0.123206,-4.993604
0.123208,-5.0398355
0.12321,-4.993604
0.123212,-4.947373
0.123214,-4.9011416
0.123216,-4.8086786
0.123218,-4.669985
0.12322,-4.4850593
0.123222,-4.346365
0.123224,-4.1614394
0.123226,-3.9302826
0.123228,-3.6528945
0.12323,-3.3755062
0.123232,-3.098118
0.123234,-2.7744985
0.123236,-2.4508786
0.123238,-2.1272593
0.12324,-1.7574081
0.123242,-1.4337888
0.123244,-1.0639377
0.123246,-0.694087
0.123247996,-0.27800417
0.12325,0.091846466
0.123252,0.46169758
0.123254,0.8315482
0.123256,1.2476311
0.123258,1.5712504
0.12326,1.9411016
0.123262,2.2647214
0.123264,2.5883412
0.123266,2.9119601
0.123268,3.23558
0.12327,3.5129685
0.123272,3.7903562
0.123274,4.0215135
0.123276,4.252671
0.123278,4.437596
0.123279996,4.5762897
0.123282,4.7149835
0.123284,4.8536773
0.123286,4.946141
0.123288,4.992371
0.12329,5.0386033
0.123292,5.0386033
0.123294,4.992371
0.123296,4.946141
0.123298,4.8536773
0.1233,4.7612157
0.123302,4.622521
0.123304,4.437596
0.123306,4.298901
0.123308,4.0677447
0.12331,3.8365874
0.123312,3.5591989
0.123314,3.2818112
0.123316,3.0044227
0.123318,2.6808028
0.12332,2.357184
0.123322,2.033564
0.123324,1.6637135
0.123325996,1.2938623
0.123328,0.92401123
0.12333,0.5541601
0.123332,0.184309
0.123334,-0.18554163
0.123336,-0.601624
0.123338,-0.9714751
0.12334,-1.3413262
0.123342,-1.6649456
0.123344,-2.0347965
0.123346,-2.3584158
0.123348,-2.6820357
0.12335,-3.0056553
0.123352,-3.329275
0.123354,-3.6066632
0.123356,-3.8378198
0.123358,-4.068977
0.12336,-4.3001337
0.123362,-4.4388275
0.123364,-4.623753
0.123366,-4.7624474
0.123368,-4.85491
0.12337,-4.947373
0.123371996,-4.993604
0.123374,-5.0398355
0.123376,-4.993604
0.123378,-4.993604
0.12338,-4.9011416
0.123382,-4.8086786
0.123384,-4.716216
0.123386,-4.577522
0.123388,-4.3925962
0.12339,-4.2076707
0.123392,-3.976514
0.123394,-3.745357
0.123396,-3.467969
0.123398,-3.1905808
0.1234,-2.9131925
0.123402,-2.589573
0.123403996,-2.2197218
0.123406,-1.8961024
0.123408,-1.5262513
0.12341,-1.202632
0.123412,-0.78654957
0.123414,-0.41669846
0.123416,-0.046847343
0.123418,0.3230033
0.12342,0.7390857
0.123422,1.1089368
0.123424,1.4787879
0.123426,1.8024073
0.123428,2.172258
0.12343,2.4958777
0.123432,2.8194976
0.123434,3.1431174
0.123436,3.420505
0.123438,3.6978936
0.12344,3.92905
0.123442,4.1602073
0.123444,4.3913646
0.123446,4.5300584
0.123448,4.668752
0.123449996,4.807446
0.123452,4.8999095
0.123454,4.992371
0.123456,5.0386033
0.123458,5.0386033
0.12346,4.992371
0.123462,4.992371
0.123464,4.8999095
0.123466,4.807446
0.123468,4.668752
0.12347,4.5300584
0.123472,4.3451324
0.123474,4.1602073
0.123476,3.92905
0.123478,3.6516623
0.12348,3.3742738
0.123482,3.0968862
0.123484,2.7732663
0.123486,2.4496465
0.123488,2.126027
0.12349,1.756176
0.123492,1.4325566
0.123494,1.0627055
0.123495996,0.6928544
0.123498,0.3230033
0.1235,-0.09307861
0.123502,-0.46292973
0.123504,-0.83278084
0.123506,-1.202632
0.123508,-1.5724826
0.12351,-1.8961024
0.123512,-2.2659533
0.123514,-2.589573
0.123516,-2.9131925
0.123518,-3.236812
0.12352,-3.5142004
0.123522,-3.7915885
0.123524,-4.022745
0.123526,-4.2539024
0.123527996,-4.4388275
0.12353,-4.577522
0.123532,-4.716216
0.123534,-4.85491
0.123536,-4.9011416
0.123538,-4.993604
0.12354,-5.0398355
0.123542,-5.0398355
0.123544,-4.993604
0.123546,-4.947373
0.123548,-4.85491
0.12355,-4.7624474
0.123552,-4.623753
0.123554,-4.4388275
0.123556,-4.3001337
0.123558,-4.068977
0.12356,-3.8378198
0.123562,-3.5604317
0.123564,-3.2830436
0.123566,-3.0056553
0.123568,-2.6820357
0.12357,-2.3584158
0.123572,-1.9885652
0.123573996,-1.6649456
0.123576,-1.2950945
0.123578,-0.9252434
0.12358,-0.55539227
0.123582,-0.18554163
0.123584,0.23054075
0.123586,0.60039186
0.123588,0.970243
0.12359,1.3400936
0.123592,1.7099442
0.123594,2.033564
0.123596,2.4034152
0.123598,2.727035
0.1236,3.050654
0.123602,3.3280425
0.123604,3.605431
0.123606,3.8828197
0.123608,4.113976
0.12361,4.298901
0.123612,4.483826
0.123614,4.622521
0.123616,4.7612157
0.123618,4.8536773
0.123619996,4.946141
0.123622,4.992371
0.123624,5.0386033
0.123626,5.0386033
0.123628,4.992371
0.12363,4.946141
0.123632,4.8536773
0.123634,4.7149835
0.123636,4.5762897
0.123638,4.437596
0.12364,4.2064385
0.123642,4.0215135
0.123644,3.744125
0.123646,3.4667363
0.123648,3.1893477
0.12365,2.9119601
0.123651996,2.5883412
0.123654,2.2184901
0.123656,1.8948698
0.123658,1.5250192
0.12366,1.2013993
0.123662,0.8315482
0.123664,0.4154663
0.123666,0.045615196
0.123668,-0.32423592
0.12367,-0.694087
0.123672,-1.0639377
0.123674,-1.4337888
0.123676,-1.8036394
0.123678,-2.1272593
0.12368,-2.4971101
0.123682,-2.8207297
0.123684,-3.098118
0.123686,-3.4217377
0.123688,-3.6991258
0.12369,-3.9302826
0.123692,-4.1614394
0.123694,-4.346365
0.123696,-4.5312905
0.123697996,-4.669985
0.1237,-4.8086786
0.123702,-4.9011416
0.123704,-4.947373
0.123706,-4.993604
0.123708,-5.0398355
0.12371,-4.993604
0.123712,-4.947373
0.123714,-4.9011416
0.123716,-4.7624474
0.123718,-4.669985
0.12372,-4.4850593
0.123722,-4.346365
0.123724,-4.1614394
0.123726,-3.9302826
0.123728,-3.6528945
0.12373,-3.3755062
0.123732,-3.098118
0.123734,-2.7744985
0.123736,-2.4508786
0.123738,-2.1272593
0.12374,-1.7574081
0.123742,-1.4337888
0.123743996,-1.0639377
0.123746,-0.694087
0.123748,-0.27800417
0.12375,0.50792885
0.123752,2.126027
0.123754,3.5129685
0.123756,4.483826
0.123758,4.8999095
0.12376,4.668752
0.123762,3.92905
0.123764,2.6808028
0.123766,1.1089368
0.123768,-0.6478553
0.12377,-2.2197218
0.123772,-3.6528945
0.123774,-4.577522
0.123775996,-4.947373
0.123778,-4.669985
0.12378,-3.8840513
0.123782,-2.6358042
0.123784,-1.0177064
0.123786,0.7390857
0.123788,2.357184
0.12379,3.744125
0.123792,4.5762897
0.123794,4.8999095
0.123796,4.622521
0.123798,3.7903562
0.1238,2.4496465
0.123802,0.87777996
0.123804,-0.83278084
0.123806,-2.4508786
0.123808,-3.7915885
0.12381,-4.623753
0.123812,-4.9011416
0.123814,-4.577522
0.123816,-3.745357
0.123818,-2.4046474
0.12382,-0.7403178
0.123821996,1.0164738
0.123824,2.5883412
0.123826,3.8828197
0.123828,4.668752
0.12383,4.8999095
0.123832,4.5300584
0.123834,3.6516623
0.123836,2.2647214
0.123838,0.64662313
0.12384,-1.1101689
0.123842,-2.6358042
0.123844,-3.976514
0.123846,-4.716216
0.123848,-4.9011416
0.12385,-4.4850593
0.123852,-3.5604317
0.123854,-2.1734905
0.123856,-0.5091615
0.123858,1.2476311
0.12386,2.8194976
0.123862,4.0677447
0.123864,4.7612157
0.123866,4.8999095
0.123867996,4.437596
0.12387,3.4667363
0.123872,2.033564
0.123874,0.36923456
0.123876,-1.3413262
0.123878,-2.866961
0.12388,-4.115208
0.123882,-4.7624474
0.123884,-4.9011416
0.123886,-4.3925962
0.123888,-3.3755062
0.12389,-1.9423337
0.123892,-0.2317729
0.123894,1.4787879
0.123896,3.0044227
0.123898,4.2064385
0.1239,4.807446
0.123902,4.8536773
0.123904,4.3451324
0.123906,3.2818112
0.123908,1.8024073
0.12391,0.13807821
0.123912,-1.5262513
0.123914,-3.0518866
0.123916,-4.2539024
0.123918,-4.8086786
0.12392,-4.85491
0.123922,-4.3001337
0.123924,-3.1905808
0.123926,-1.7111769
0.123928,-6.160736E-4
0.12393,1.7099442
0.123932,3.1893477
0.123934,4.298901
0.123936,4.8536773
0.123938,4.8536773
0.12394,4.252671
0.123942,3.0968862
0.123944,1.5712504
0.123945996,-0.09307861
0.123948,-1.7574081
0.12395,-3.2830436
0.123952,-4.346365
0.123954,-4.85491
0.123956,-4.8086786
0.123958,-4.1614394
0.12396,-3.0056553
0.123962,-1.48002
0.123964,0.27677202
0.123966,1.9411016
0.123968,3.3742738
0.12397,4.437596
0.123972,4.8999095
0.123974,4.7612157
0.123976,4.113976
0.123978,2.9119601
0.12398,1.3400936
0.123982,-0.3704667
0.123984,-1.9885652
0.123986,-3.467969
0.123988,-4.4388275
0.12399,-4.9011416
0.123991996,-4.7624474
0.123994,-4.022745
0.123996,-2.8207297
0.123998,-1.2488632
0.124,0.50792885
0.124002,2.172258
0.124004,3.5591989
0.124006,4.5300584
0.124008,4.8999095
0.12401,4.7149835
0.124012,3.92905
0.124014,2.6808028
0.124016,1.1089368
0.124018,-0.601624
0.12402,-2.2197218
0.124022,-3.6066632
0.124024,-4.5312905
0.124026,-4.9011416
0.124028,-4.669985
0.12403,-3.8840513
0.124032,-2.589573
0.124034,-1.0177064
0.124036,0.7390857
0.124038,2.357184
0.12404,3.744125
0.124042,4.622521
0.124044,4.8999095
0.124046,4.622521
0.124048,3.7903562
0.12405,2.4958777
0.124052,0.87777996
0.124054,-0.83278084
0.124056,-2.4508786
0.124058,-3.7915885
0.12406,-4.623753
0.124062,-4.9011416
0.124064,-4.577522
0.124066,-3.745357
0.124068,-2.4046474
0.124069996,-0.7403178
0.124072,1.0164738
0.124074,2.5883412
0.124076,3.8828197
0.124078,4.668752
0.12408,4.8999095
0.124082,4.5300584
0.124084,3.6516623
0.124086,2.2647214
0.124088,0.64662313
0.12409,-1.1101689
0.124092,-2.6358042
0.124094,-3.9302826
0.124096,-4.716216
0.124098,-4.9011416
0.1241,-4.4850593
0.124102,-3.5604317
0.124104,-2.1734905
0.124106,-0.5091615
0.124108,1.2476311
0.12411,2.8194976
0.124112,4.0677447
0.124114,4.7612157
0.124115996,4.8999095
0.124118,4.437596
0.12412,3.4667363
0.124122,2.033564
0.124124,0.36923456
0.124126,-1.3413262
0.124128,-2.866961
0.12413,-4.115208
0.124132,-4.7624474
0.124134,-4.9011416
0.124136,-4.3925962
0.124138,-3.3755062
0.12414,-1.9423337
0.124142,-0.2317729
0.124144,1.4787879
0.124146,3.0044227
0.124148,4.2064385
0.12415,4.807446
0.124152,4.8536773
0.124154,4.3451324
0.124156,3.2818112
0.124158,1.8024073
0.12416,0.13807821
0.124162,-1.5262513
0.124164,-3.0518866
0.124166,-4.2539024
0.124168,-4.8086786
0.12417,-4.85491
0.124172,-4.3001337
0.124174,-3.1905808
0.124176,-1.7111769
0.124178,-6.160736E-4
0.12418,1.7099442
0.124182,3.1893477
0.124184,4.298901
0.124186,4.8536773
0.124188,4.807446
0.12419,4.252671
0.124192,3.0968862
0.124193996,1.5712504
0.124196,-0.09307861
0.124198,-1.7574081
0.1242,-3.2830436
0.124202,-4.346365
0.124204,-4.85491
0.124206,-4.8086786
0.124208,-4.1614394
0.12421,-3.0056553
0.124212,-1.48002
0.124214,0.27677202
0.124216,1.9411016
0.124218,3.3742738
0.12422,4.437596
0.124222,4.8999095
0.124224,4.7612157
0.124226,4.113976
0.124228,2.9119601
0.12423,1.3400936
0.124232,-0.3704667
0.124234,-1.9885652
0.124236,-3.467969
0.124238,-4.4388275
0.124239996,-4.9011416
0.124242,-4.716216
0.124244,-4.022745
0.124246,-2.8207297
0.124248,-1.2488632
0.12425,0.50792885
0.124252,2.172258
0.124254,3.5591989
0.124256,4.5300584
0.124258,4.8999095
0.12426,4.7149835
0.124262,3.92905
0.124264,2.6808028
0.124266,1.1089368
0.124268,-0.601624
0.12427,-2.2197218
0.124272,-3.6528945
0.124274,-4.5312905
0.124276,-4.9011416
0.124278,-4.669985
0.12428,-3.8840513
0.124282,-2.589573
0.124284,-1.0177064
0.124286,0.7390857
0.124288,2.4034152
0.12429,3.744125
0.124292,4.622521
0.124294,4.946141
0.124296,4.622521
0.124298,3.7903562
0.1243,2.4958777
0.124302,0.87777996
0.124304,-0.83278084
0.124306,-2.4508786
0.124308,-3.7915885
0.12431,-4.623753
0.124312,-4.9011416
0.124314,-4.577522
0.124316,-3.745357
0.124317996,-2.4046474
0.12432,-0.7403178
0.124322,1.0164738
0.124324,2.5883412
0.124326,3.8828197
0.124328,4.668752
0.12433,4.8999095
0.124332,4.5300584
0.124334,3.6516623
0.124336,2.2647214
0.124338,0.64662313
0.12434,-1.1101689
0.124342,-2.6820357
0.124344,-3.976514
0.124346,-4.716216
0.124348,-4.9011416
0.12435,-4.4850593
0.124352,-3.5604317
0.124354,-2.1734905
0.124356,-0.5091615
0.124358,1.2476311
0.12436,2.8194976
0.124362,4.0677447
0.124363996,4.7612157
0.124366,4.8999095
0.124368,4.437596
0.12437,3.4667363
0.124372,2.033564
0.124374,0.36923456
0.124376,-1.3413262
0.124378,-2.866961
0.12438,-4.115208
0.124382,-4.7624474
0.124384,-4.9011416
0.124386,-4.3925962
0.124388,-3.3755062
0.12439,-1.9423337
0.124392,-0.2317729
0.124394,1.4787879
0.124396,3.0044227
0.124398,4.2064385
0.1244,4.807446
0.124402,4.8536773
0.124404,4.3451324
0.124406,3.2818112
0.124408,1.8024073
0.124409996,0.13807821
0.124412,-1.5262513
0.124414,-3.0518866
0.124416,-4.2539024
0.124418,-4.8086786
0.12442,-4.85491
0.124422,-4.3001337
0.124424,-3.1905808
0.124426,-1.7111769
0.124428,-6.160736E-4
0.12443,1.7099442
0.124432,3.1893477
0.124434,4.298901
0.124436,4.8536773
0.124438,4.807446
0.12444,4.252671
0.124441996,3.0968862
0.124444,1.5712504
0.124446,-0.09307861
0.124448,-1.7574081
0.12445,-3.2830436
0.124452,-4.346365
0.124454,-4.85491
0.124456,-4.8086786
0.124458,-4.1614394
0.12446,-3.0056553
0.124462,-1.48002
0.124464,0.27677202
0.124466,1.9411016
0.124468,3.3742738
0.12447,4.437596
0.124472,4.8999095
0.124474,4.7612157
0.124476,4.113976
0.124478,2.9119601
0.12448,1.3400936
0.124482,-0.3704667
0.124484,-1.9885652
0.124486,-3.467969
0.124487996,-4.4388275
0.12449,-4.9011416
0.124492,-4.716216
0.124494,-4.022745
0.124496,-2.8207297
0.124498,-1.2488632
0.1245,0.50792885
0.124502,2.172258
0.124504,3.5591989
0.124506,4.5300584
0.124508,4.8999095
0.12451,4.7149835
0.124512,3.92905
0.124514,2.6808028
0.124516,1.1089368
0.124518,-0.601624
0.12452,-2.2197218
0.124522,-3.6528945
0.124524,-4.5312905
0.124526,-4.9011416
0.124528,-4.669985
0.12453,-3.8840513
0.124532,-2.589573
0.124533996,-1.0177064
0.124536,0.7390857
0.124538,2.4034152
0.12454,3.744125
0.124542,4.622521
0.124544,4.8999095
0.124546,4.622521
0.124548,3.7903562
0.12455,2.4958777
0.124552,0.87777996
0.124554,-0.83278084
0.124556,-2.4508786
0.124558,-3.7915885
0.12456,-4.623753
0.124562,-4.9011416
0.124564,-4.577522
0.124565996,-3.745357
0.124568,-2.4046474
0.12457,-0.7403178
0.124572,1.0164738
0.124574,2.5883412
0.124576,3.8828197
0.124578,4.668752
0.12458,4.8999095
0.124582,4.5300584
0.124584,3.6516623
0.124586,2.2647214
0.124588,0.64662313
0.12459,-1.1101689
0.124592,-2.6820357
0.124594,-3.976514
0.124596,-4.716216
0.124598,-4.9011416
0.1246,-4.4850593
0.124602,-3.5604317
0.124604,-2.1734905
0.124606,-0.5091615
0.124608,1.2476311
0.12461,2.8194976
0.124611996,4.0677447
0.124614,4.7612157
0.124616,4.8999095
0.124618,4.437596
0.12462,3.4667363
0.124622,2.033564
0.124624,0.36923456
0.124626,-1.3413262
0.124628,-2.866961
0.12463,-4.115208
0.124632,-4.7624474
0.124634,-4.9011416
0.124636,-4.3925962
0.124638,-3.3755062
0.12464,-1.9423337
0.124642,-0.2317729
0.124644,1.4787879
0.124646,3.0044227
0.124648,4.2064385
0.12465,4.807446
0.124652,4.8536773
0.124654,4.3451324
0.124656,3.2818112
0.124657996,1.8024073
0.12466,0.13807821
0.124662,-1.5262513
0.124664,-3.0518866
0.124666,-4.2539024
0.124668,-4.8086786
0.12467,-4.85491
0.124672,-4.3001337
0.124674,-3.1905808
0.124676,-1.7111769
0.124678,-6.160736E-4
0.12468,1.7099442
0.124682,3.1893477
0.124684,4.298901
0.124686,4.8536773
0.124688,4.807446
0.124689996,4.252671
0.124692,3.0968862
0.124694,1.5712504
0.124696,-0.09307861
0.124698,-1.7574081
0.1247,-3.2830436
0.124702,-4.346365
0.124704,-4.85491
0.124706,-4.8086786
0.124708,-4.1614394
0.12471,-3.0056553
0.124712,-1.48002
0.124714,0.27677202
0.124716,1.9411016
0.124718,3.3742738
0.12472,4.437596
0.124722,4.8999095
0.124724,4.7612157
0.124726,4.113976
0.124728,2.8657289
0.12473,1.3400936
0.124732,-0.3704667
0.124734,-1.9885652
0.124735996,-3.467969
0.124738,-4.4388275
0.12474,-4.9011416
0.124742,-4.716216
0.124744,-4.022745
0.124746,-2.8207297
0.124748,-1.2488632
0.12475,0.091846466
0.124752,0.50792885
0.124754,0.87777996
0.124756,1.2476311
0.124758,1.6174817
0.12476,1.9411016
0.124762,2.3109517
0.124764,2.6345725
0.124766,2.9581914
0.124768,3.23558
0.12477,3.5591989
0.124772,3.7903562
0.124774,4.0215135
0.124776,4.252671
0.124778,4.437596
0.12478,4.5762897
0.124781996,4.7149835
0.124784,4.8536773
0.124786,4.946141
0.124788,4.992371
0.12479,5.0386033
0.124792,5.0386033
0.124794,4.992371
0.124796,4.946141
0.124798,4.8536773
0.1248,4.7612157
0.124802,4.622521
0.124804,4.437596
0.124806,4.298901
0.124808,4.0677447
0.12481,3.8365874
0.124812,3.5591989
0.124813996,3.2818112
0.124816,3.0044227
0.124818,2.6808028
0.12482,2.357184
0.124822,2.033564
0.124824,1.6637135
0.124826,1.2938623
0.124828,0.92401123
0.12483,0.5541601
0.124832,0.184309
0.124834,-0.18554163
0.124836,-0.601624
0.124838,-0.9714751
0.12484,-1.3413262
0.124842,-1.6649456
0.124844,-2.0347965
0.124846,-2.3584158
0.124848,-2.6820357
0.12485,-3.0056553
0.124852,-3.329275
0.124854,-3.6066632
0.124856,-3.8378198
0.124858,-4.068977
0.124859996,-4.3001337
0.124862,-4.4388275
0.124864,-4.623753
0.124866,-4.7624474
0.124868,-4.85491
0.12487,-4.947373
0.124872,-4.993604
0.124874,-5.0398355
0.124876,-4.993604
0.124878,-4.993604
0.12488,-4.9011416
0.124882,-4.8086786
0.124884,-4.716216
0.124886,-4.577522
0.124888,-4.3925962
0.12489,-4.2076707
0.124892,-3.976514
0.124894,-3.745357
0.124896,-3.467969
0.124898,-3.1905808
0.1249,-2.9131925
0.124902,-2.589573
0.124904,-2.2197218
0.124905996,-1.8961024
0.124908,-1.5262513
0.12491,-1.1564007
0.124912,-0.78654957
0.124914,-0.41669846
0.124916,-0.046847343
0.124918,0.3230033
0.12492,0.7390857
0.124922,1.1089368
0.124924,1.4787879
0.124926,1.8024073
0.124928,2.172258
0.12493,2.4958777
0.124932,2.8194976
0.124934,3.1431174
0.124936,3.420505
0.124937996,3.6978936
0.12494,3.92905
0.124942,4.1602073
0.124944,4.3913646
0.124946,4.5300584
0.124948,4.668752
0.12495,4.807446
0.124952,4.8999095
0.124954,4.992371
0.124956,5.0386033
0.124958,5.0386033
0.12496,5.0386033
0.124962,4.992371
0.124964,4.8999095
0.124966,4.807446
0.124968,4.668752
0.12497,4.5300584
0.124972,4.3451324
0.124974,4.1602073
0.124976,3.92905
0.124978,3.6516623
0.12498,3.3742738
0.124982,3.0968862
0.124983996,2.7732663
0.124986,2.4496465
0.124988,2.126027
0.12499,1.756176
0.124992,1.4325566
0.124994,1.0627055
0.124996,0.6928544
0.124998,0.3230033
0.125,-0.09307861
0.125002,-0.46292973
0.125004,-0.83278084
0.125006,-1.202632
0.125008,-1.5724826
0.12501,-1.8961024
0.125012,-2.2659533
0.125014,-2.589573
0.125016,-2.9131925
0.125018,-3.236812
0.12502,-3.5142004
0.125022,-3.745357
0.125024,-4.022745
0.125026,-4.2539024
0.125028,-4.4388275
0.12503,-4.577522
0.125032,-4.716216
0.125034,-4.85491
0.125036,-4.9011416
0.125038,-4.993604
0.12504,-5.0398355
0.125042,-5.0398355
0.125044,-4.993604
0.125046,-4.947373
0.125048,-4.85491
0.12505,-4.7624474
0.125052,-4.623753
0.125054,-4.4388275
0.125056,-4.3001337
0.125058,-4.068977
0.12506,-3.8378198
0.125062,-3.5604317
0.125064,-3.2830436
0.125066,-3.0056553
0.125068,-2.6820357
0.12507,-2.3584158
0.125072,-1.9885652
0.125074,-1.6649456
0.125076,-1.2950945
0.125078,-0.9252434
0.12508,-0.55539227
0.125082,-0.18554163
0.125084,0.23054075
0.125086,0.60039186
0.125088,0.970243
0.12509,1.3400936
0.125092,1.7099442
0.125094,2.033564
0.125096,2.4034152
0.125098,2.727035
0.1251,3.050654
0.125102,3.3280425
0.125104,3.605431
0.125106,3.8828197
0.125108,4.113976
0.12511,4.298901
0.125112,4.483826
0.125114,4.622521
0.125116,4.7612157
0.125118,4.8536773
0.12512,4.946141
0.125122,4.992371
0.125124,5.0386033
0.125126,5.0386033
0.125128,4.992371
0.12513,4.946141
0.125132,4.8536773
0.125134,4.7149835
0.125136,4.5762897
0.125138,4.437596
0.12514,4.2064385
0.125142,4.0215135
0.125144,3.744125
0.125146,3.4667363
0.125148,3.1893477
0.12515,2.9119601
0.125152,2.5883412
0.125154,2.2184901
0.125156,1.8948698
0.125158,1.5250192
0.12516,1.2013993
0.125162,0.8315482
0.125164,0.4154663
0.125166,0.045615196
0.125168,-0.32423592
0.12516999,-0.694087
0.125172,-1.0639377
0.125174,-1.4337888
0.125176,-1.8036394
0.125178,-2.1272593
0.12518,-2.4971101
0.125182,-2.8207297
0.125184,-3.098118
0.125186,-3.4217377
0.125188,-3.6991258
0.12519,-3.9302826
0.125192,-4.1614394
0.125194,-4.346365
0.125196,-4.5312905
0.125198,-4.669985
0.1252,-4.8086786
0.125202,-4.9011416
0.125204,-4.947373
0.125206,-4.993604
0.125208,-5.0398355
0.12521,-4.993604
0.125212,-4.947373
0.125214,-4.9011416
0.12521599,-4.8086786
0.125218,-4.669985
0.12522,-4.4850593
0.125222,-4.346365
0.125224,-4.1614394
0.125226,-3.9302826
0.125228,-3.6528945
0.12523,-3.3755062
0.125232,-3.098118
0.125234,-2.7744985
0.125236,-2.4508786
0.125238,-2.1272593
0.12524,-1.7574081
0.125242,-1.4337888
0.125244,-1.0639377
0.125246,-0.694087
0.125248,-0.27800417
0.12525,0.091846466
0.125252,0.46169758
0.125254,0.8315482
0.125256,1.2476311
0.125258,1.5712504
0.12526,1.9411016
0.125262,2.2647214
0.125264,2.5883412
0.125266,2.9119601
0.125268,3.23558
0.12527,3.5129685
0.125272,3.7903562
0.125274,4.0215135
0.125276,4.252671
0.125278,4.437596
0.12528,4.5762897
0.125282,4.7149835
0.125284,4.8536773
0.125286,4.946141
0.125288,4.992371
0.12529,5.0386033
0.125292,5.0386033
0.125294,4.992371
0.125296,4.946141
0.125298,4.8536773
0.1253,4.7612157
0.125302,4.622521
0.125304,4.437596
0.125306,4.298901
0.125308,4.0677447
0.12531,3.8365874
0.125312,3.5591989
0.125314,3.2818112
0.125316,3.0044227
0.125318,2.6808028
0.12532,2.357184
0.125322,2.033564
0.125324,1.6637135
0.125326,1.2938623
0.125328,0.92401123
0.12533,0.5541601
0.125332,0.184309
0.125334,-0.18554163
0.125336,-0.601624
0.125338,-0.9714751
0.12534,-1.3413262
0.125342,-1.6649456
0.125344,-2.0347965
0.125346,-2.3584158
0.125348,-2.6820357
0.12535,-3.0056553
0.125352,-3.329275
0.125354,-3.6066632
0.125356,-3.8378198
0.125358,-4.068977
0.12536,-4.3001337
0.125362,-4.4850593
0.125364,-4.623753
0.125366,-4.7624474
0.125368,-4.85491
0.12537,-4.947373
0.125372,-4.993604
0.125374,-5.0398355
0.125376,-4.993604
0.125378,-4.993604
0.12538,-4.9011416
0.125382,-4.8086786
0.125384,-4.716216
0.125386,-4.577522
0.125388,-4.3925962
0.12539,-4.2076707
0.125392,-3.976514
0.125394,-3.745357
0.125396,-3.467969
0.125398,-3.1905808
0.1254,-2.9131925
0.125402,-2.589573
0.125404,-2.2197218
0.125406,-1.8961024
0.125408,-1.5262513
0.12541,-1.1564007
0.125412,-0.78654957
0.125414,-0.41669846
0.125416,-0.046847343
0.12541799,0.36923456
0.12542,0.7390857
0.125422,1.1089368
0.125424,1.4787879
0.125426,1.8024073
0.125428,2.172258
0.12543,2.4958777
0.125432,2.8194976
0.125434,3.1431174
0.125436,3.420505
0.125438,3.6978936
0.12544,3.92905
0.125442,4.1602073
0.125444,4.3913646
0.125446,4.5300584
0.125448,4.668752
0.12545,4.807446
0.125452,4.8999095
0.125454,4.992371
0.125456,5.0386033
0.125458,5.0386033
0.12546,5.0386033
0.125462,4.946141
0.12546399,4.8999095
0.125466,4.807446
0.125468,4.668752
0.12547,4.5300584
0.125472,4.3451324
0.125474,4.1602073
0.125476,3.92905
0.125478,3.6516623
0.12548,3.3742738
0.125482,3.0968862
0.125484,2.7732663
0.125486,2.4496465
0.125488,2.126027
0.12549,1.756176
0.125492,1.4325566
0.125494,1.0627055
0.125496,0.6928544
0.125498,0.3230033
0.1255,-0.09307861
0.125502,-0.46292973
0.125504,-0.83278084
0.125506,-1.202632
0.125508,-1.5724826
0.12550999,-1.8961024
0.125512,-2.2659533
0.125514,-2.589573
0.125516,-2.9131925
0.125518,-3.236812
0.12552,-3.5142004
0.125522,-3.7915885
0.125524,-4.022745
0.125526,-4.2539024
0.125528,-4.4388275
0.12553,-4.577522
0.125532,-4.716216
0.125534,-4.85491
0.125536,-4.9011416
0.125538,-4.993604
0.12554,-4.993604
0.125542,-5.0398355
0.125544,-4.993604
0.125546,-4.947373
0.125548,-4.85491
0.12555,-4.7624474
0.125552,-4.623753
0.125554,-4.4388275
0.125556,-4.3001337
0.125558,-4.068977
0.12556,-3.8378198
0.125562,-3.5604317
0.125564,-3.2830436
0.125566,-3.0056553
0.125568,-2.6820357
0.12557,-2.3584158
0.125572,-1.9885652
0.125574,-1.6649456
0.125576,-1.2950945
0.125578,-0.9252434
0.12558,-0.55539227
0.125582,-0.18554163
0.125584,0.23054075
0.125586,0.60039186
0.125588,0.970243
0.12559,1.3400936
0.125592,1.7099442
0.125594,2.033564
0.125596,2.4034152
0.125598,2.727035
0.1256,3.050654
0.125602,3.3280425
0.125604,3.605431
0.125606,3.8828197
0.125608,4.113976
0.12561,4.298901
0.125612,4.483826
0.125614,4.622521
0.125616,4.7612157
0.125618,4.8999095
0.12562,4.946141
0.125622,4.992371
0.125624,5.0386033
0.125626,5.0386033
0.125628,4.992371
0.12563,4.946141
0.125632,4.8536773
0.125634,4.7149835
0.125636,4.5762897
0.125638,4.437596
0.12564,4.2064385
0.125642,3.9752812
0.125644,3.744125
0.125646,3.4667363
0.125648,3.1893477
0.12565,2.9119601
0.125652,2.5883412
0.125654,2.2184901
0.125656,1.8948698
0.125658,1.5250192
0.12566,1.2013993
0.125662,0.8315482
0.125664,0.4154663
0.12566599,0.045615196
0.125668,-0.32423592
0.12567,-0.694087
0.125672,-1.1101689
0.125674,-1.4337888
0.125676,-1.8036394
0.125678,-2.1272593
0.12568,-2.4971101
0.125682,-2.8207297
0.125684,-3.098118
0.125686,-3.4217377
0.125688,-3.6991258
0.12569,-3.9302826
0.125692,-4.1614394
0.125694,-4.346365
0.125696,-4.5312905
0.125698,-4.669985
0.1257,-4.8086786
0.125702,-4.9011416
0.125704,-4.947373
0.125706,-4.993604
0.125708,-5.0398355
0.12571,-4.993604
0.12571199,-4.947373
0.125714,-4.9011416
0.125716,-4.8086786
0.125718,-4.669985
0.12572,-4.4850593
0.125722,-4.346365
0.125724,-4.1614394
0.125726,-3.9302826
0.125728,-3.6528945
0.12573,-3.3755062
0.125732,-3.098118
0.125734,-2.7744985
0.125736,-2.4508786
0.125738,-2.1272593
0.12574,-1.7574081
0.125742,-1.4337888
0.125744,-1.0639377
0.125746,-0.694087
0.125748,-0.27800417
0.12575,0.50792885
0.125752,2.126027
0.125754,3.5129685
0.125756,4.483826
0.12575799,4.8999095
0.12576,4.668752
0.125762,3.92905
0.125764,2.6345725
0.125766,1.1089368
0.125768,-0.6478553
0.12577,-2.2659533
0.125772,-3.6528945
0.125774,-4.577522
0.125776,-4.947373
0.125778,-4.669985
0.12578,-3.8840513
0.125782,-2.6358042
0.125784,-1.0177064
0.125786,0.7390857
0.125788,2.357184
0.12579,3.744125
0.125792,4.5762897
0.125794,4.8999095
0.125796,4.622521
0.125798,3.7903562
0.1258,2.4496465
0.125802,0.87777996
0.125804,-0.8790121
0.125806,-2.4508786
0.125808,-3.7915885
0.12581,-4.623753
0.125812,-4.9011416
0.125814,-4.577522
0.125816,-3.745357
0.125818,-2.4046474
0.12582,-0.7403178
0.125822,1.0164738
0.125824,2.5883412
0.125826,3.8828197
0.125828,4.668752
0.12583,4.8999095
0.125832,4.5300584
0.125834,3.605431
0.125836,2.2647214
0.125838,0.64662313
0.12584,-1.1101689
0.125842,-2.6820357
0.125844,-3.976514
0.125846,-4.716216
0.125848,-4.9011416
0.12585,-4.4850593
0.125852,-3.5604317
0.125854,-2.1734905
0.125856,-0.5091615
0.125858,1.2476311
0.12586,2.8194976
0.125862,4.0677447
0.125864,4.7612157
0.125866,4.8999095
0.125868,4.437596
0.12587,3.4667363
0.125872,2.033564
0.125874,0.36923456
0.125876,-1.3413262
0.125878,-2.866961
0.12588,-4.115208
0.125882,-4.7624474
0.125884,-4.9011416
0.125886,-4.3925962
0.125888,-3.3755062
0.12589,-1.9423337
0.125892,-0.2317729
0.125894,1.4787879
0.125896,3.0044227
0.125898,4.2064385
0.1259,4.807446
0.125902,4.8536773
0.125904,4.3451324
0.125906,3.2818112
0.125908,1.8024073
0.12591,0.13807821
0.125912,-1.5262513
0.12591399,-3.098118
0.125916,-4.2539024
0.125918,-4.8086786
0.12592,-4.85491
0.125922,-4.3001337
0.125924,-3.1905808
0.125926,-1.7111769
0.125928,-6.160736E-4
0.12593,1.7099442
0.125932,3.23558
0.125934,4.298901
0.125936,4.8536773
0.125938,4.8536773
0.12594,4.2064385
0.125942,3.0968862
0.125944,1.5712504
0.125946,-0.13931036
0.125948,-1.7574081
0.12595,-3.2830436
0.125952,-4.346365
0.125954,-4.85491
0.125956,-4.8086786
0.125958,-4.1614394
0.12595999,-3.0056553
0.125962,-1.48002
0.125964,0.27677202
0.125966,1.9411016
0.125968,3.420505
0.12597,4.437596
0.125972,4.8999095
0.125974,4.7612157
0.125976,4.113976
0.125978,2.8657289
0.12598,1.3400936
0.125982,-0.3704667
0.125984,-1.9885652
0.125986,-3.467969
0.125988,-4.4388275
0.12599,-4.9011416
0.125992,-4.716216
0.125994,-4.022745
0.125996,-2.8207297
0.125998,-1.2488632
0.126,0.50792885
0.126002,2.172258
0.126004,3.5591989
0.12600599,4.5300584
0.126008,4.8999095
0.12601,4.7149835
0.126012,3.92905
0.126014,2.6808028
0.126016,1.1089368
0.126018,-0.601624
0.12602,-2.2197218
0.126022,-3.6528945
0.126024,-4.5312905
0.126026,-4.9011416
0.126028,-4.669985
0.12603,-3.8840513
0.126032,-2.589573
0.126034,-0.9714751
0.126036,0.7853174
0.126038,2.4034152
0.12604,3.744125
0.126042,4.622521
0.126044,4.8999095
0.126046,4.622521
0.126048,3.7903562
0.12605,2.4496465
0.126052,0.87777996
0.126054,-0.8790121
0.126056,-2.4508786
0.126058,-3.7915885
0.12606,-4.623753
0.126062,-4.9011416
0.126064,-4.577522
0.126066,-3.6991258
0.126068,-2.4046474
0.12607,-0.7403178
0.126072,1.0164738
0.126074,2.5883412
0.126076,3.8828197
0.126078,4.668752
0.12608,4.8999095
0.126082,4.5300584
0.126084,3.6516623
0.126086,2.2647214
0.126088,0.64662313
0.12609,-1.1101689
0.126092,-2.6820357
0.126094,-3.976514
0.126096,-4.716216
0.126098,-4.9011416
0.1261,-4.4850593
0.126102,-3.5604317
0.126104,-2.1734905
0.126106,-0.5091615
0.126108,1.2476311
0.12611,2.8194976
0.126112,4.0677447
0.126114,4.7612157
0.126116,4.8999095
0.126118,4.437596
0.12612,3.4667363
0.126122,2.033564
0.126124,0.36923456
0.126126,-1.3413262
0.126128,-2.866961
0.12613,-4.115208
0.126132,-4.7624474
0.126134,-4.9011416
0.126136,-4.3925962
0.126138,-3.3755062
0.12614,-1.9423337
0.126142,-0.2317729
0.126144,1.4787879
0.126146,3.0044227
0.126148,4.2064385
0.12615,4.807446
0.126152,4.8536773
0.126154,4.3451324
0.126156,3.2818112
0.126158,1.8024073
0.12616,0.13807821
0.126162,-1.5262513
0.126164,-3.098118
0.126166,-4.2539024
0.126168,-4.8086786
0.12617,-4.85491
0.126172,-4.3001337
0.126174,-3.1905808
0.126176,-1.7111769
0.126178,-6.160736E-4
0.12618,1.7099442
0.126182,3.23558
0.126184,4.298901
0.126186,4.8536773
0.126188,4.807446
0.12619,4.2064385
0.126192,3.0968862
0.126194,1.5712504
0.126196,-0.13931036
0.126198,-1.7574081
0.1262,-3.2830436
0.126202,-4.346365
0.126204,-4.85491
0.126206,-4.8086786
0.12620799,-4.1614394
0.12621,-3.0056553
0.126212,-1.48002
0.126214,0.27677202
0.126216,1.9411016
0.126218,3.420505
0.12622,4.437596
0.126222,4.8999095
0.126224,4.7612157
0.126226,4.113976
0.126228,2.8657289
0.12623,1.3400936
0.126232,-0.3704667
0.126234,-1.9885652
0.126236,-3.467969
0.126238,-4.4388275
0.12624,-4.9011416
0.126242,-4.716216
0.126244,-4.022745
0.126246,-2.8207297
0.126248,-1.2488632
0.12625,0.50792885
0.126252,2.172258
0.12625399,3.5591989
0.126256,4.5300584
0.126258,4.8999095
0.12626,4.7149835
0.126262,3.92905
0.126264,2.6808028
0.126266,1.1089368
0.126268,-0.601624
0.12627,-2.2197218
0.126272,-3.6528945
0.126274,-4.5312905
0.126276,-4.9011416
0.126278,-4.669985
0.12628,-3.8840513
0.126282,-2.589573
0.126284,-0.9714751
0.126286,0.7853174
0.126288,2.4034152
0.12629,3.744125
0.126292,4.622521
0.126294,4.8999095
0.126296,4.622521
0.126298,3.7903562
0.1263,2.4496465
0.126302,0.87777996
0.126304,-0.8790121
0.126306,-2.4508786
0.126308,-3.7915885
0.12631,-4.623753
0.126312,-4.9011416
0.126314,-4.577522
0.126316,-3.6991258
0.126318,-2.4046474
0.12632,-0.7403178
0.126322,1.0164738
0.126324,2.5883412
0.126326,3.8828197
0.126328,4.668752
0.12633,4.8999095
0.126332,4.5300584
0.126334,3.605431
0.126336,2.2647214
0.126338,0.64662313
0.12634,-1.1101689
0.126342,-2.6820357
0.126344,-3.976514
0.126346,-4.716216
0.126348,-4.9011416
0.12635,-4.4850593
0.126352,-3.5604317
0.126354,-2.1734905
0.126356,-0.5091615
0.126358,1.2476311
0.12636,2.8194976
0.126362,4.0677447
0.126364,4.7612157
0.126366,4.8999095
0.126368,4.437596
0.12637,3.4667363
0.126372,2.033564
0.126374,0.36923456
0.126376,-1.3413262
0.126378,-2.866961
0.12638,-4.115208
0.126382,-4.7624474
0.126384,-4.9011416
0.126386,-4.3925962
0.126388,-3.3755062
0.12639,-1.9423337
0.126392,-0.2317729
0.126394,1.4787879
0.126396,3.0044227
0.126398,4.2064385
0.1264,4.807446
0.126402,4.8536773
0.126404,4.3451324
0.126406,3.2818112
0.126408,1.8024073
0.12641,0.13807821
0.126412,-1.5724826
0.126414,-3.098118
0.126416,-4.2539024
0.126418,-4.8086786
0.12642,-4.85491
0.126422,-4.3001337
0.126424,-3.1905808
0.126426,-1.7111769
0.126428,-6.160736E-4
0.12643,1.7099442
0.126432,3.1893477
0.126434,4.298901
0.126436,4.8536773
0.126438,4.807446
0.12644,4.2064385
0.126442,3.0968862
0.126444,1.5712504
0.126446,-0.13931036
0.126448,-1.7574081
0.12645,-3.2830436
0.126452,-4.346365
0.126454,-4.85491
0.12645599,-4.8086786
0.126458,-4.1614394
0.12646,-3.0056553
0.126462,-1.48002
0.126464,0.27677202
0.126466,1.9411016
0.126468,3.420505
0.12647,4.437596
0.126472,4.8999095
0.126474,4.7612157
0.126476,4.0677447
0.126478,2.8657289
0.12648,1.3400936
0.126482,-0.3704667
0.126484,-1.9885652
0.126486,-3.467969
0.126488,-4.4388275
0.12649,-4.9011416
0.126492,-4.716216
0.126494,-4.022745
0.126496,-2.8207297
0.126498,-1.2488632
0.1265,0.50792885
0.12650199,2.172258
0.126504,3.5591989
0.126506,4.5300584
0.126508,4.8999095
0.12651,4.7149835
0.126512,3.92905
0.126514,2.6808028
0.126516,1.1089368
0.126518,-0.601624
0.12652,-2.2197218
0.126522,-3.6528945
0.126524,-4.5312905
0.126526,-4.9011416
0.126528,-4.669985
0.12653,-3.8840513
0.126532,-2.589573
0.126534,-0.9714751
0.126536,0.7853174
0.126538,2.4034152
0.12654,3.744125
0.126542,4.622521
0.126544,4.8999095
0.126546,4.622521
0.126548,3.7903562
0.12655,2.4496465
0.126552,0.87777996
0.126554,-0.8790121
0.126556,-2.4508786
0.126558,-3.7915885
0.12656,-4.623753
0.126562,-4.9011416
0.126564,-4.577522
0.126566,-3.6991258
0.126568,-2.4046474
0.12657,-0.7403178
0.126572,1.0164738
0.126574,2.5883412
0.126576,3.92905
0.126578,4.668752
0.12658,4.8999095
0.126582,4.5300584
0.126584,3.605431
0.126586,2.2647214
0.126588,0.64662313
0.12659,-1.1101689
0.126592,-2.6820357
0.126594,-3.976514
0.126596,-4.716216
0.126598,-4.9011416
0.1266,-4.4850593
0.126602,-3.5604317
0.126604,-2.1734905
0.126606,-0.5091615
0.126608,1.2476311
0.12661,2.8194976
0.126612,4.0677447
0.126614,4.7612157
0.126616,4.8999095
0.126618,4.437596
0.12662,3.4667363
0.126622,2.033564
0.126624,0.36923456
0.126626,-1.3413262
0.126628,-2.866961
0.12663,-4.115208
0.126632,-4.7624474
0.126634,-4.9011416
0.126636,-4.3925962
0.126638,-3.3755062
0.12664,-1.9423337
0.126642,-0.2317729
0.126644,1.4787879
0.126646,3.0044227
0.126648,4.2064385
0.12665,4.807446
0.126652,4.8536773
0.126654,4.3451324
0.126656,3.2818112
0.126658,1.8024073
0.12666,0.13807821
0.126662,-1.5724826
0.126664,-3.098118
0.126666,-4.2539024
0.126668,-4.8086786
0.12667,-4.85491
0.126672,-4.3001337
0.126674,-3.1905808
0.126676,-1.7111769
0.126678,-6.160736E-4
0.12668,1.7099442
0.126682,3.23558
0.126684,4.298901
0.126686,4.8536773
0.126688,4.807446
0.12669,4.2064385
0.126692,3.0968862
0.126694,1.5712504
0.126696,-0.13931036
0.126698,-1.8036394
0.1267,-3.2830436
0.126702,-4.346365
0.12670399,-4.85491
0.126706,-4.8086786
0.126708,-4.1614394
0.12671,-3.0056553
0.126712,-1.48002
0.126714,0.27677202
0.126716,1.9411016
0.126718,3.420505
0.12672,4.437596
0.126722,4.8999095
0.126724,4.7612157
0.126726,4.0677447
0.126728,2.8657289
0.12673,1.3400936
0.126732,-0.3704667
0.126734,-1.9885652
0.126736,-3.467969
0.126738,-4.4388275
0.12674,-4.9011416
0.126742,-4.716216
0.126744,-4.022745
0.126746,-2.8207297
0.126748,-1.2488632
0.12674999,0.091846466
0.126752,0.50792885
0.126754,0.87777996
0.126756,1.2476311
0.126758,1.6174817
0.12676,1.9873328
0.126762,2.3109517
0.126764,2.6345725
0.126766,2.9581914
0.126768,3.23558
0.12677,3.5591989
0.126772,3.7903562
0.126774,4.0215135
0.126776,4.252671
0.126778,4.437596
0.12678,4.5762897
0.126782,4.7612157
0.126784,4.8536773
0.126786,4.946141
0.126788,4.992371
0.12679,5.0386033
0.126792,5.0386033
0.126794,4.992371
0.12679599,4.946141
0.126798,4.8536773
0.1268,4.7612157
0.126802,4.622521
0.126804,4.437596
0.126806,4.298901
0.126808,4.0677447
0.12681,3.8365874
0.126812,3.605431
0.126814,3.2818112
0.126816,3.0044227
0.126818,2.6808028
0.12682,2.357184
0.126822,2.033564
0.126824,1.6637135
0.126826,1.2938623
0.126828,0.92401123
0.12683,0.5541601
0.126832,0.184309
0.126834,-0.18554163
0.126836,-0.601624
0.126838,-0.9714751
0.12684,-1.3413262
0.126842,-1.6649456
0.126844,-2.0347965
0.126846,-2.3584158
0.126848,-2.6820357
0.12685,-3.0056553
0.126852,-3.329275
0.126854,-3.6066632
0.126856,-3.8378198
0.126858,-4.068977
0.12686,-4.3001337
0.126862,-4.4388275
0.126864,-4.623753
0.126866,-4.7624474
0.126868,-4.85491
0.12687,-4.947373
0.126872,-4.993604
0.126874,-5.0398355
0.126876,-4.993604
0.126878,-4.993604
0.12688,-4.9011416
0.126882,-4.8086786
0.126884,-4.716216
0.126886,-4.577522
0.126888,-4.3925962
0.12689,-4.2076707
0.126892,-3.976514
0.126894,-3.745357
0.126896,-3.467969
0.126898,-3.1905808
0.1269,-2.9131925
0.126902,-2.589573
0.126904,-2.2197218
0.126906,-1.8961024
0.126908,-1.5262513
0.12691,-1.1564007
0.126912,-0.78654957
0.126914,-0.41669846
0.126916,-0.046847343
0.126918,0.36923456
0.12692,0.7390857
0.126922,1.1089368
0.126924,1.4787879
0.126926,1.8024073
0.126928,2.172258
0.12693,2.4958777
0.126932,2.8194976
0.126934,3.1431174
0.126936,3.420505
0.126938,3.6978936
0.12694,3.92905
0.126942,4.1602073
0.126944,4.3913646
0.126946,4.5300584
0.126948,4.668752
0.12695,4.807446
0.12695199,4.8999095
0.126954,4.992371
0.126956,5.0386033
0.126958,5.0386033
0.12696,5.0386033
0.126962,4.992371
0.126964,4.8999095
0.126966,4.807446
0.126968,4.668752
0.12697,4.483826
0.126972,4.3451324
0.126974,4.1602073
0.126976,3.92905
0.126978,3.6516623
0.12698,3.3742738
0.126982,3.0968862
0.126984,2.7732663
0.126986,2.4496465
0.126988,2.126027
0.12699,1.756176
0.126992,1.4325566
0.126994,1.0627055
0.126996,0.6928544
0.12699799,0.3230033
0.127,-0.09307861
0.127002,-0.46292973
0.127004,-0.83278084
0.127006,-1.202632
0.127008,-1.5724826
0.12701,-1.8961024
0.127012,-2.2659533
0.127014,-2.589573
0.127016,-2.9131925
0.127018,-3.236812
0.12702,-3.5142004
0.127022,-3.7915885
0.127024,-4.022745
0.127026,-4.2539024
0.127028,-4.4388275
0.12703,-4.577522
0.127032,-4.716216
0.127034,-4.85491
0.127036,-4.9011416
0.127038,-4.993604
0.12704,-4.993604
0.127042,-5.0398355
0.12704399,-4.993604
0.127046,-4.947373
0.127048,-4.85491
0.12705,-4.7624474
0.127052,-4.623753
0.127054,-4.4388275
0.127056,-4.3001337
0.127058,-4.068977
0.12706,-3.8378198
0.127062,-3.5604317
0.127064,-3.2830436
0.127066,-3.0056553
0.127068,-2.6820357
0.12707,-2.3584158
0.127072,-1.9885652
0.127074,-1.6649456
0.127076,-1.2950945
0.127078,-0.9252434
0.12708,-0.55539227
0.127082,-0.18554163
0.127084,0.23054075
0.127086,0.60039186
0.127088,0.970243
0.12709,1.3400936
0.127092,1.7099442
0.127094,2.033564
0.127096,2.4034152
0.127098,2.727035
0.1271,3.050654
0.127102,3.3280425
0.127104,3.605431
0.127106,3.8828197
0.127108,4.113976
0.12711,4.298901
0.127112,4.483826
0.127114,4.622521
0.127116,4.7612157
0.127118,4.8536773
0.12712,4.946141
0.127122,4.992371
0.127124,5.0386033
0.127126,5.0386033
0.127128,4.992371
0.12713,4.946141
0.127132,4.807446
0.127134,4.7149835
0.127136,4.5762897
0.127138,4.437596
0.12714,4.2064385
0.127142,3.9752812
0.127144,3.744125
0.127146,3.4667363
0.127148,3.1893477
0.12715,2.9119601
0.127152,2.5883412
0.127154,2.2184901
0.127156,1.8948698
0.127158,1.5250192
0.12716,1.2013993
0.127162,0.8315482
0.127164,0.4154663
0.127166,0.045615196
0.127168,-0.32423592
0.12717,-0.694087
0.127172,-1.1101689
0.127174,-1.48002
0.127176,-1.8036394
0.127178,-2.1272593
0.12718,-2.4971101
0.127182,-2.8207297
0.127184,-3.1443493
0.127186,-3.4217377
0.127188,-3.6991258
0.12719,-3.9302826
0.127192,-4.1614394
0.127194,-4.3925962
0.127196,-4.5312905
0.127198,-4.669985
0.12719999,-4.8086786
0.127202,-4.9011416
0.127204,-4.947373
0.127206,-4.993604
0.127208,-5.0398355
0.12721,-4.993604
0.127212,-4.947373
0.127214,-4.9011416
0.127216,-4.8086786
0.127218,-4.669985
0.12722,-4.4850593
0.127222,-4.346365
0.127224,-4.1614394
0.127226,-3.9302826
0.127228,-3.6528945
0.12723,-3.3755062
0.127232,-3.098118
0.127234,-2.7744985
0.127236,-2.4508786
0.127238,-2.1272593
0.12724,-1.7574081
0.127242,-1.4337888
0.127244,-1.0639377
0.12724599,-0.694087
0.127248,-0.27800417
0.12725,0.091846466
0.127252,0.46169758
0.127254,0.8315482
0.127256,1.2476311
0.127258,1.5712504
0.12726,1.9411016
0.127262,2.2647214
0.127264,2.6345725
0.127266,2.9119601
0.127268,3.23558
0.12727,3.5129685
0.127272,3.7903562
0.127274,4.0215135
0.127276,4.252671
0.127278,4.437596
0.12728,4.5762897
0.127282,4.7149835
0.127284,4.8536773
0.127286,4.946141
0.127288,4.992371
0.12729,5.0386033
0.12729199,5.0386033
0.127294,4.992371
0.127296,4.946141
0.127298,4.8536773
0.1273,4.7612157
0.127302,4.622521
0.127304,4.437596
0.127306,4.298901
0.127308,4.0677447
0.12731,3.8365874
0.127312,3.5591989
0.127314,3.2818112
0.127316,3.0044227
0.127318,2.6808028
0.12732,2.357184
0.127322,1.9873328
0.127324,1.6637135
0.127326,1.2938623
0.127328,0.92401123
0.12733,0.5541601
0.127332,0.184309
0.127334,-0.18554163
0.127336,-0.601624
0.127338,-0.9714751
0.12734,-1.3413262
0.127342,-1.6649456
0.127344,-2.0347965
0.127346,-2.3584158
0.127348,-2.6820357
0.12735,-3.0056553
0.127352,-3.329275
0.127354,-3.6066632
0.127356,-3.8378198
0.127358,-4.068977
0.12736,-4.3001337
0.127362,-4.4850593
0.127364,-4.623753
0.127366,-4.7624474
0.127368,-4.85491
0.12737,-4.947373
0.127372,-4.993604
0.127374,-5.0398355
0.127376,-4.993604
0.127378,-4.993604
0.12738,-4.9011416
0.127382,-4.8086786
0.127384,-4.716216
0.127386,-4.577522
0.127388,-4.3925962
0.12739,-4.2076707
0.127392,-3.976514
0.127394,-3.745357
0.127396,-3.467969
0.127398,-3.1905808
0.1274,-2.9131925
0.127402,-2.589573
0.127404,-2.2197218
0.127406,-1.8961024
0.127408,-1.5262513
0.12741,-1.1564007
0.127412,-0.78654957
0.127414,-0.41669846
0.127416,-0.046847343
0.127418,0.36923456
0.12742,0.7390857
0.127422,1.1089368
0.127424,1.4787879
0.127426,1.8024073
0.127428,2.172258
0.12743,2.4958777
0.127432,2.8194976
0.127434,3.1431174
0.127436,3.420505
0.127438,3.6978936
0.12744,3.92905
0.127442,4.1602073
0.127444,4.3913646
0.127446,4.5300584
0.127448,4.668752
0.12745,4.807446
0.127452,4.8999095
0.127454,4.992371
0.127456,5.0386033
0.127458,5.0386033
0.12746,5.0386033
0.127462,4.992371
0.127464,4.8999095
0.127466,4.807446
0.127468,4.668752
0.12747,4.5300584
0.127472,4.3451324
0.127474,4.1602073
0.127476,3.92905
0.127478,3.6516623
0.12748,3.3742738
0.127482,3.0968862
0.127484,2.7732663
0.127486,2.4496465
0.127488,2.126027
0.12749,1.756176
0.127492,1.4325566
0.12749399,1.0627055
0.127496,0.6928544
0.127498,0.3230033
0.1275,-0.09307861
0.127502,-0.46292973
0.127504,-0.83278084
0.127506,-1.202632
0.127508,-1.5724826
0.12751,-1.8961024
0.127512,-2.2659533
0.127514,-2.589573
0.127516,-2.9131925
0.127518,-3.236812
0.12752,-3.5142004
0.127522,-3.7915885
0.127524,-4.022745
0.127526,-4.2539024
0.127528,-4.4388275
0.12753,-4.577522
0.127532,-4.716216
0.127534,-4.85491
0.127536,-4.9011416
0.127538,-4.993604
0.12753999,-4.993604
0.127542,-5.0398355
0.127544,-4.993604
0.127546,-4.947373
0.127548,-4.85491
0.12755,-4.7624474
0.127552,-4.623753
0.127554,-4.4388275
0.127556,-4.3001337
0.127558,-4.068977
0.12756,-3.8378198
0.127562,-3.5604317
0.127564,-3.2830436
0.127566,-3.0056553
0.127568,-2.6820357
0.12757,-2.3584158
0.127572,-1.9885652
0.127574,-1.6187139
0.127576,-1.2950945
0.127578,-0.9252434
0.12758,-0.55539227
0.127582,-0.18554163
0.127584,0.23054075
0.127586,0.60039186
0.127588,0.970243
0.12759,1.3400936
0.127592,1.7099442
0.127594,2.033564
0.127596,2.4034152
0.127598,2.727035
0.1276,3.050654
0.127602,3.3280425
0.127604,3.605431
0.127606,3.8828197
0.127608,4.113976
0.12761,4.298901
0.127612,4.483826
0.127614,4.622521
0.127616,4.7612157
0.127618,4.8536773
0.12762,4.946141
0.127622,4.992371
0.127624,5.0386033
0.127626,5.0386033
0.127628,4.992371
0.12763,4.946141
0.127632,4.8536773
0.127634,4.7149835
0.127636,4.5762897
0.127638,4.437596
0.12764,4.2064385
0.127642,3.9752812
0.127644,3.744125
0.127646,3.4667363
0.127648,3.1893477
0.12765,2.9119601
0.127652,2.5883412
0.127654,2.2184901
0.127656,1.8948698
0.127658,1.5250192
0.12766,1.2013993
0.127662,0.8315482
0.127664,0.4154663
0.127666,0.045615196
0.127668,-0.32423592
0.12767,-0.694087
0.127672,-1.1101689
0.127674,-1.48002
0.127676,-1.8036394
0.127678,-2.1272593
0.12768,-2.4971101
0.127682,-2.8207297
0.127684,-3.1443493
0.127686,-3.4217377
0.127688,-3.6991258
0.12769,-3.9302826
0.127692,-4.1614394
0.127694,-4.3925962
0.127696,-4.5312905
0.127698,-4.669985
0.1277,-4.8086786
0.127702,-4.9011416
0.127704,-4.947373
0.127706,-4.993604
0.127708,-5.0398355
0.12771,-4.993604
0.127712,-4.947373
0.127714,-4.9011416
0.127716,-4.8086786
0.127718,-4.669985
0.12772,-4.4850593
0.127722,-4.346365
0.127724,-4.1614394
0.127726,-3.9302826
0.127728,-3.6528945
0.12773,-3.3755062
0.127732,-3.098118
0.127734,-2.7744985
0.127736,-2.4508786
0.127738,-2.1272593
0.12774,-1.7574081
0.12774199,-1.4337888
0.127744,-1.0639377
0.127746,-0.694087
0.127748,-0.27800417
0.12775,0.50792885
0.127752,2.126027
0.127754,3.5591989
0.127756,4.483826
0.127758,4.8999095
0.12776,4.668752
0.127762,3.92905
0.127764,2.6345725
0.127766,1.0627055
0.127768,-0.6478553
0.12777,-2.2659533
0.127772,-3.6528945
0.127774,-4.577522
0.127776,-4.947373
0.127778,-4.669985
0.12778,-3.8840513
0.127782,-2.589573
0.127784,-1.0177064
0.127786,0.7390857
0.12778799,2.4034152
0.12779,3.744125
0.127792,4.5762897
0.127794,4.8999095
0.127796,4.622521
0.127798,3.7903562
0.1278,2.4496465
0.127802,0.87777996
0.127804,-0.8790121
0.127806,-2.4508786
0.127808,-3.7915885
0.12781,-4.623753
0.127812,-4.9011416
0.127814,-4.577522
0.127816,-3.6991258
0.127818,-2.3584158
0.12782,-0.7403178
0.127822,1.0164738
0.127824,2.5883412
0.127826,3.8828197
0.127828,4.668752
0.12783,4.8999095
0.127832,4.5300584
0.12783399,3.605431
0.127836,2.2184901
0.127838,0.60039186
0.12784,-1.1101689
0.127842,-2.6820357
0.127844,-3.976514
0.127846,-4.716216
0.127848,-4.9011416
0.12785,-4.4850593
0.127852,-3.5604317
0.127854,-2.1734905
0.127856,-0.5091615
0.127858,1.2476311
0.12786,2.8194976
0.127862,4.0677447
0.127864,4.7612157
0.127866,4.8999095
0.127868,4.437596
0.12787,3.4667363
0.127872,2.033564
0.127874,0.36923456
0.127876,-1.3413262
0.127878,-2.866961
0.12788,-4.115208
0.127882,-4.7624474
0.127884,-4.85491
0.127886,-4.3925962
0.127888,-3.3755062
0.12789,-1.9423337
0.127892,-0.2317729
0.127894,1.4787879
0.127896,3.0044227
0.127898,4.2064385
0.1279,4.807446
0.127902,4.8536773
0.127904,4.3451324
0.127906,3.2818112
0.127908,1.8024073
0.12791,0.13807821
0.127912,-1.5724826
0.127914,-3.098118
0.127916,-4.2539024
0.127918,-4.8086786
0.12792,-4.85491
0.127922,-4.3001337
0.127924,-3.1905808
0.127926,-1.6649456
0.127928,0.045615196
0.12793,1.7099442
0.127932,3.23558
0.127934,4.298901
0.127936,4.8536773
0.127938,4.807446
0.12794,4.2064385
0.127942,3.0968862
0.127944,1.5712504
0.127946,-0.13931036
0.127948,-1.8036394
0.12795,-3.2830436
0.127952,-4.346365
0.127954,-4.85491
0.127956,-4.8086786
0.127958,-4.1614394
0.12796,-3.0056553
0.127962,-1.48002
0.127964,0.27677202
0.127966,1.9411016
0.127968,3.420505
0.12797,4.437596
0.127972,4.8999095
0.127974,4.7612157
0.127976,4.0677447
0.127978,2.8657289
0.12798,1.3400936
0.127982,-0.3704667
0.127984,-2.0347965
0.127986,-3.467969
0.127988,-4.4388275
0.12798999,-4.9011416
0.127992,-4.716216
0.127994,-4.022745
0.127996,-2.8207297
0.127998,-1.2488632
0.128,0.50792885
0.128002,2.172258
0.128004,3.605431
0.128006,4.5300584
0.128008,4.8999095
0.12801,4.7149835
0.128012,3.92905
0.128014,2.6808028
0.128016,1.1089368
0.128018,-0.601624
0.12802,-2.2197218
0.128022,-3.6528945
0.128024,-4.5312905
0.128026,-4.9011416
0.128028,-4.669985
0.12803,-3.8840513
0.128032,-2.589573
0.128034,-0.9714751
0.12803599,0.7853174
0.128038,2.4034152
0.12804,3.744125
0.128042,4.622521
0.128044,4.8999095
0.128046,4.622521
0.128048,3.7903562
0.12805,2.4496465
0.128052,0.87777996
0.128054,-0.8790121
0.128056,-2.4508786
0.128058,-3.7915885
0.12806,-4.623753
0.128062,-4.9011416
0.128064,-4.577522
0.128066,-3.6991258
0.128068,-2.3584158
0.12807,-0.7403178
0.128072,1.0164738
0.128074,2.6345725
0.128076,3.92905
0.128078,4.668752
0.12808,4.8999095
0.12808199,4.5300584
0.128084,3.605431
0.128086,2.2184901
0.128088,0.60039186
0.12809,-1.1101689
0.128092,-2.6820357
0.128094,-3.976514
0.128096,-4.716216
0.128098,-4.9011416
0.1281,-4.4850593
0.128102,-3.5604317
0.128104,-2.1734905
0.128106,-0.46292973
0.128108,1.2476311
0.12811,2.8194976
0.128112,4.0677447
0.128114,4.7612157
0.128116,4.8999095
0.128118,4.437596
0.12812,3.4667363
0.128122,2.033564
0.128124,0.36923456
0.128126,-1.3413262
0.128128,-2.866961
0.12813,-4.115208
0.128132,-4.7624474
0.128134,-4.9011416
0.128136,-4.3925962
0.128138,-3.3755062
0.12814,-1.9423337
0.128142,-0.2317729
0.128144,1.4787879
0.128146,3.0044227
0.128148,4.2064385
0.12815,4.807446
0.128152,4.8536773
0.128154,4.3451324
0.128156,3.2818112
0.128158,1.8024073
0.12816,0.13807821
0.128162,-1.5724826
0.128164,-3.098118
0.128166,-4.2539024
0.128168,-4.85491
0.12817,-4.85491
0.128172,-4.3001337
0.128174,-3.1905808
0.128176,-1.6649456
0.128178,0.045615196
0.12818,1.7099442
0.128182,3.23558
0.128184,4.3451324
0.128186,4.8536773
0.128188,4.807446
0.12819,4.2064385
0.128192,3.0968862
0.128194,1.5712504
0.128196,-0.13931036
0.128198,-1.8036394
0.1282,-3.2830436
0.128202,-4.346365
0.128204,-4.85491
0.128206,-4.8086786
0.128208,-4.1614394
0.12821,-3.0056553
0.128212,-1.48002
0.128214,0.27677202
0.128216,1.9411016
0.128218,3.420505
0.12822,4.437596
0.128222,4.8999095
0.128224,4.7612157
0.128226,4.0677447
0.128228,2.8657289
0.12823,1.3400936
0.128232,-0.3704667
0.128234,-2.0347965
0.128236,-3.467969
0.12823799,-4.4388275
0.12824,-4.9011416
0.128242,-4.716216
0.128244,-4.022745
0.128246,-2.8207297
0.128248,-1.2488632
0.12825,0.50792885
0.128252,2.172258
0.128254,3.605431
0.128256,4.5300584
0.128258,4.8999095
0.12826,4.7149835
0.128262,3.92905
0.128264,2.6808028
0.128266,1.1089368
0.128268,-0.601624
0.12827,-2.2197218
0.128272,-3.6528945
0.128274,-4.5312905
0.128276,-4.9011416
0.128278,-4.669985
0.12828,-3.8840513
0.128282,-2.589573
0.12828399,-0.9714751
0.128286,0.7853174
0.128288,2.4034152
0.12829,3.744125
0.128292,4.622521
0.128294,4.8999095
0.128296,4.622521
0.128298,3.7903562
0.1283,2.4496465
0.128302,0.87777996
0.128304,-0.8790121
0.128306,-2.4508786
0.128308,-3.7915885
0.12831,-4.623753
0.128312,-4.9011416
0.128314,-4.577522
0.128316,-3.6991258
0.128318,-2.3584158
0.12832,-0.7403178
0.128322,1.0164738
0.128324,2.6345725
0.128326,3.92905
0.128328,4.668752
0.12832999,4.8999095
0.128332,4.5300584
0.128334,3.605431
0.128336,2.2184901
0.128338,0.60039186
0.12834,-1.1101689
0.128342,-2.6820357
0.128344,-3.976514
0.128346,-4.716216
0.128348,-4.9011416
0.12835,-4.4850593
0.128352,-3.5604317
0.128354,-2.1734905
0.128356,-0.46292973
0.128358,1.2476311
0.12836,2.8194976
0.128362,4.0677447
0.128364,4.7612157
0.128366,4.8999095
0.128368,4.437596
0.12837,3.4667363
0.128372,2.033564
0.128374,0.36923456
0.128376,-1.3413262
0.128378,-2.866961
0.12838,-4.115208
0.128382,-4.7624474
0.128384,-4.85491
0.128386,-4.3925962
0.128388,-3.3755062
0.12839,-1.9423337
0.128392,-0.2317729
0.128394,1.4787879
0.128396,3.0044227
0.128398,4.2064385
0.1284,4.807446
0.128402,4.8536773
0.128404,4.3451324
0.128406,3.2818112
0.128408,1.8024073
0.12841,0.13807821
0.128412,-1.5724826
0.128414,-3.098118
0.128416,-4.2539024
0.128418,-4.8086786
0.12842,-4.85491
0.128422,-4.3001337
0.128424,-3.1905808
0.128426,-1.6649456
0.128428,0.045615196
0.12843,1.7099442
0.128432,3.23558
0.128434,4.3451324
0.128436,4.8536773
0.128438,4.807446
0.12844,4.2064385
0.128442,3.0968862
0.128444,1.5712504
0.128446,-0.13931036
0.128448,-1.8036394
0.12845,-3.2830436
0.128452,-4.346365
0.128454,-4.85491
0.128456,-4.8086786
0.128458,-4.1614394
0.12846,-3.0056553
0.128462,-1.48002
0.128464,0.27677202
0.128466,1.9411016
0.128468,3.420505
0.12847,4.437596
0.128472,4.8999095
0.128474,4.7612157
0.128476,4.0677447
0.128478,2.8657289
0.12848,1.3400936
0.128482,-0.3704667
0.128484,-2.0347965
0.128486,-3.467969
0.128488,-4.4388275
0.12849,-4.9011416
0.128492,-4.716216
0.128494,-4.022745
0.128496,-2.8207297
0.128498,-1.2488632
0.1285,0.50792885
0.128502,2.172258
0.128504,3.605431
0.128506,4.5300584
0.128508,4.8999095
0.12851,4.7149835
0.128512,3.92905
0.128514,2.6808028
0.128516,1.1089368
0.128518,-0.601624
0.12852,-2.2197218
0.128522,-3.6528945
0.128524,-4.5312905
0.128526,-4.9011416
0.128528,-4.669985
0.12853,-3.8840513
0.12853199,-2.589573
0.128534,-0.9714751
0.128536,0.7853174
0.128538,2.4034152
0.12854,3.744125
0.128542,4.622521
0.128544,4.8999095
0.128546,4.622521
0.128548,3.7903562
0.12855,2.4496465
0.128552,0.87777996
0.128554,-0.8790121
0.128556,-2.4508786
0.128558,-3.7915885
0.12856,-4.623753
0.128562,-4.9011416
0.128564,-4.577522
0.128566,-3.6991258
0.128568,-2.3584158
0.12857,-0.7403178
0.128572,1.0164738
0.128574,2.6345725
0.128576,3.92905
0.12857799,4.668752
0.12858,4.8999095
0.128582,4.5300584
0.128584,3.605431
0.128586,2.2184901
0.128588,0.60039186
0.12859,-1.1101689
0.128592,-2.6820357
0.128594,-3.976514
0.128596,-4.716216
0.128598,-4.9011416
0.1286,-4.4850593
0.128602,-3.5604317
0.128604,-2.1734905
0.128606,-0.46292973
0.128608,1.2476311
0.12861,2.8194976
0.128612,4.0677447
0.128614,4.7612157
0.128616,4.8999095
0.128618,4.437596
0.12862,3.4667363
0.128622,2.033564
0.128624,0.36923456
0.128626,-1.3413262
0.128628,-2.866961
0.12863,-4.115208
0.128632,-4.7624474
0.128634,-4.9011416
0.128636,-4.3925962
0.128638,-3.3755062
0.12864,-1.9423337
0.128642,-0.2317729
0.128644,1.4787879
0.128646,3.0044227
0.128648,4.2064385
0.12865,4.807446
0.128652,4.8536773
0.128654,4.3451324
0.128656,3.2818112
0.128658,1.8024073
0.12866,0.13807821
0.128662,-1.5724826
0.128664,-3.098118
0.128666,-4.2539024
0.128668,-4.8086786
0.12867,-4.85491
0.128672,-4.3001337
0.128674,-3.1905808
0.128676,-1.6649456
0.128678,0.045615196
0.12868,1.7099442
0.128682,3.23558
0.128684,4.3451324
0.128686,4.8536773
0.128688,4.807446
0.12869,4.2064385
0.128692,3.050654
0.128694,1.5712504
0.128696,-0.13931036
0.128698,-1.8036394
0.1287,-3.2830436
0.128702,-4.3925962
0.128704,-4.85491
0.128706,-4.8086786
0.128708,-4.1614394
0.12871,-3.0056553
0.128712,-1.48002
0.128714,0.27677202
0.128716,1.9411016
0.128718,3.420505
0.12872,4.437596
0.128722,4.8999095
0.128724,4.7612157
0.128726,4.0677447
0.128728,2.8657289
0.12873,1.3400936
0.128732,-0.3704667
0.128734,-2.0347965
0.128736,-3.467969
0.128738,-4.4388275
0.12874,-4.9011416
0.128742,-4.716216
0.128744,-4.022745
0.128746,-2.8207297
0.128748,-1.202632
0.12875,0.091846466
0.128752,0.50792885
0.128754,0.87777996
0.128756,1.2476311
0.128758,1.6174817
0.12876,1.9873328
0.128762,2.3109517
0.128764,2.6345725
0.128766,2.9581914
0.128768,3.2818112
0.12877,3.5591989
0.128772,3.7903562
0.128774,4.0215135
0.128776,4.252671
0.128778,4.437596
0.12877999,4.5762897
0.128782,4.7149835
0.128784,4.8536773
0.128786,4.946141
0.128788,4.992371
0.12879,5.0386033
0.128792,5.0386033
0.128794,4.992371
0.128796,4.946141
0.128798,4.8536773
0.1288,4.7612157
0.128802,4.622521
0.128804,4.437596
0.128806,4.298901
0.128808,4.0677447
0.12881,3.8365874
0.128812,3.5591989
0.128814,3.2818112
0.128816,3.0044227
0.128818,2.6808028
0.12882,2.357184
0.128822,1.9873328
0.128824,1.6637135
0.12882599,1.2938623
0.128828,0.92401123
0.12883,0.5541601
0.128832,0.184309
0.128834,-0.2317729
0.128836,-0.601624
0.128838,-0.9714751
0.12884,-1.3413262
0.128842,-1.6649456
0.128844,-2.0347965
0.128846,-2.3584158
0.128848,-2.6820357
0.12885,-3.0056553
0.128852,-3.329275
0.128854,-3.6066632
0.128856,-3.8378198
0.128858,-4.115208
0.12886,-4.3001337
0.128862,-4.4850593
0.128864,-4.623753
0.128866,-4.7624474
0.128868,-4.85491
0.12887,-4.947373
0.12887199,-4.993604
0.128874,-5.0398355
0.128876,-4.993604
0.128878,-4.993604
0.12888,-4.9011416
0.128882,-4.8086786
0.128884,-4.716216
0.128886,-4.577522
0.128888,-4.3925962
0.12889,-4.2076707
0.128892,-3.976514
0.128894,-3.745357
0.128896,-3.467969
0.128898,-3.1905808
0.1289,-2.9131925
0.128902,-2.589573
0.128904,-2.2197218
0.128906,-1.8961024
0.128908,-1.5262513
0.12891,-1.1564007
0.128912,-0.78654957
0.128914,-0.41669846
0.128916,-0.046847343
0.128918,0.36923456
0.12892,0.7390857
0.128922,1.1089368
0.128924,1.4787879
0.128926,1.8024073
0.128928,2.172258
0.12893,2.4958777
0.128932,2.8194976
0.128934,3.1431174
0.128936,3.420505
0.128938,3.6978936
0.12894,3.92905
0.128942,4.1602073
0.128944,4.3913646
0.128946,4.5300584
0.128948,4.668752
0.12895,4.807446
0.128952,4.8999095
0.128954,4.992371
0.128956,5.0386033
0.128958,5.0386033
0.12896,5.0386033
0.128962,4.992371
0.128964,4.8999095
0.128966,4.807446
0.128968,4.668752
0.12897,4.483826
0.128972,4.3451324
0.128974,4.1602073
0.128976,3.92905
0.128978,3.6516623
0.12898,3.3742738
0.128982,3.0968862
0.128984,2.7732663
0.128986,2.4496465
0.128988,2.126027
0.12899,1.756176
0.128992,1.4325566
0.128994,1.0627055
0.128996,0.6928544
0.128998,0.3230033
0.129,-0.09307861
0.129002,-0.46292973
0.129004,-0.83278084
0.129006,-1.202632
0.129008,-1.5724826
0.12901,-1.8961024
0.129012,-2.2659533
0.129014,-2.589573
0.129016,-2.9131925
0.129018,-3.236812
0.12902,-3.5142004
0.129022,-3.7915885
0.129024,-4.022745
0.129026,-4.2539024
0.12902799,-4.4388275
0.12903,-4.577522
0.129032,-4.716216
0.129034,-4.85491
0.129036,-4.9011416
0.129038,-4.993604
0.12904,-4.993604
0.129042,-5.0398355
0.129044,-4.993604
0.129046,-4.947373
0.129048,-4.85491
0.12905,-4.7624474
0.129052,-4.623753
0.129054,-4.4388275
0.129056,-4.3001337
0.129058,-4.068977
0.12906,-3.8378198
0.129062,-3.5604317
0.129064,-3.2830436
0.129066,-3.0056553
0.129068,-2.6820357
0.12907,-2.3584158
0.129072,-1.9885652
0.12907399,-1.6187139
0.129076,-1.2950945
0.129078,-0.9252434
0.12908,-0.55539227
0.129082,-0.18554163
0.129084,0.23054075
0.129086,0.60039186
0.129088,0.970243
0.12909,1.3400936
0.129092,1.7099442
0.129094,2.033564
0.129096,2.4034152
0.129098,2.727035
0.1291,3.050654
0.129102,3.3280425
0.129104,3.605431
0.129106,3.8828197
0.129108,4.113976
0.12911,4.298901
0.129112,4.483826
0.129114,4.622521
0.129116,4.7612157
0.129118,4.8999095
0.12911999,4.946141
0.129122,4.992371
0.129124,5.0386033
0.129126,5.0386033
0.129128,4.992371
0.12913,4.8999095
0.129132,4.8536773
0.129134,4.7149835
0.129136,4.5762897
0.129138,4.437596
0.12914,4.2064385
0.129142,3.9752812
0.129144,3.744125
0.129146,3.4667363
0.129148,3.1893477
0.12915,2.9119601
0.129152,2.5883412
0.129154,2.2184901
0.129156,1.8948698
0.129158,1.5250192
0.12916,1.2013993
0.129162,0.8315482
0.129164,0.4154663
0.129166,0.045615196
0.129168,-0.32423592
0.12917,-0.694087
0.129172,-1.1101689
0.129174,-1.48002
0.129176,-1.8036394
0.129178,-2.1272593
0.12918,-2.4971101
0.129182,-2.8207297
0.129184,-3.1443493
0.129186,-3.4217377
0.129188,-3.6991258
0.12919,-3.9302826
0.129192,-4.1614394
0.129194,-4.3925962
0.129196,-4.5312905
0.129198,-4.669985
0.1292,-4.8086786
0.129202,-4.9011416
0.129204,-4.947373
0.129206,-4.993604
0.129208,-5.0398355
0.12921,-4.993604
0.129212,-4.947373
0.129214,-4.9011416
0.129216,-4.8086786
0.129218,-4.669985
0.12922,-4.4850593
0.129222,-4.346365
0.129224,-4.1614394
0.129226,-3.9302826
0.129228,-3.6528945
0.12923,-3.3755062
0.129232,-3.098118
0.129234,-2.7744985
0.129236,-2.4508786
0.129238,-2.1272593
0.12924,-1.7574081
0.129242,-1.4337888
0.129244,-1.0639377
0.129246,-0.694087
0.129248,-0.27800417
0.12925,0.091846466
0.129252,0.46169758
0.129254,0.87777996
0.129256,1.2476311
0.129258,1.5712504
0.12926,1.9411016
0.129262,2.2647214
0.129264,2.6345725
0.129266,2.9119601
0.129268,3.23558
0.12927,3.5129685
0.129272,3.7903562
0.129274,4.0215135
0.12927599,4.252671
0.129278,4.437596
0.12928,4.5762897
0.129282,4.7149835
0.129284,4.8536773
0.129286,4.946141
0.129288,4.992371
0.12929,5.0386033
0.129292,5.0386033
0.129294,4.992371
0.129296,4.946141
0.129298,4.8536773
0.1293,4.7612157
0.129302,4.622521
0.129304,4.437596
0.129306,4.298901
0.129308,4.0677447
0.12931,3.8365874
0.129312,3.5591989
0.129314,3.2818112
0.129316,3.0044227
0.129318,2.6808028
0.12932,2.357184
0.12932199,1.9873328
0.129324,1.6637135
0.129326,1.2938623
0.129328,0.92401123
0.12933,0.5541601
0.129332,0.184309
0.129334,-0.2317729
0.129336,-0.601624
0.129338,-0.9714751
0.12934,-1.3413262
0.129342,-1.6649456
0.129344,-2.0347965
0.129346,-2.3584158
0.129348,-2.728267
0.12935,-3.0056553
0.129352,-3.329275
0.129354,-3.6066632
0.129356,-3.8378198
0.129358,-4.115208
0.12936,-4.3001337
0.129362,-4.4850593
0.129364,-4.623753
0.129366,-4.7624474
0.12936799,-4.85491
0.12937,-4.947373
0.129372,-4.993604
0.129374,-5.0398355
0.129376,-4.993604
0.129378,-4.993604
0.12938,-4.9011416
0.129382,-4.8086786
0.129384,-4.716216
0.129386,-4.5312905
0.129388,-4.3925962
0.12939,-4.2076707
0.129392,-3.976514
0.129394,-3.745357
0.129396,-3.467969
0.129398,-3.1905808
0.1294,-2.9131925
0.129402,-2.589573
0.129404,-2.2197218
0.129406,-1.8961024
0.129408,-1.5262513
0.12941,-1.1564007
0.129412,-0.78654957
0.129414,-0.41669846
0.129416,-0.046847343
0.129418,0.36923456
0.12942,0.7390857
0.129422,1.1089368
0.129424,1.4787879
0.129426,1.8024073
0.129428,2.172258
0.12943,2.4958777
0.129432,2.8194976
0.129434,3.1431174
0.129436,3.420505
0.129438,3.6978936
0.12944,3.92905
0.129442,4.1602073
0.129444,4.3913646
0.129446,4.5300584
0.129448,4.668752
0.12945,4.807446
0.129452,4.8999095
0.129454,4.992371
0.129456,5.0386033
0.129458,5.0386033
0.12946,5.0386033
0.129462,4.946141
0.129464,4.8999095
0.129466,4.807446
0.129468,4.668752
0.12947,4.483826
0.129472,4.3451324
0.129474,4.1602073
0.129476,3.92905
0.129478,3.6516623
0.12948,3.3742738
0.129482,3.0968862
0.129484,2.7732663
0.129486,2.4496465
0.129488,2.126027
0.12949,1.756176
0.129492,1.4325566
0.129494,1.0627055
0.129496,0.6928544
0.129498,0.3230033
0.1295,-0.09307861
0.129502,-0.46292973
0.129504,-0.83278084
0.129506,-1.202632
0.129508,-1.5724826
0.12951,-1.8961024
0.129512,-2.2659533
0.129514,-2.589573
0.129516,-2.9131925
0.129518,-3.236812
0.12952,-3.5142004
0.129522,-3.7915885
0.12952399,-4.022745
0.129526,-4.2539024
0.129528,-4.4388275
0.12953,-4.577522
0.129532,-4.716216
0.129534,-4.85491
0.129536,-4.9011416
0.129538,-4.993604
0.12954,-5.0398355
0.129542,-5.0398355
0.129544,-4.993604
0.129546,-4.947373
0.129548,-4.85491
0.12955,-4.7624474
0.129552,-4.623753
0.129554,-4.4388275
0.129556,-4.3001337
0.129558,-4.068977
0.12956,-3.8378198
0.129562,-3.5604317
0.129564,-3.2830436
0.129566,-3.0056553
0.129568,-2.6820357
0.12956999,-2.3584158
0.129572,-1.9885652
0.129574,-1.6187139
0.129576,-1.2950945
0.129578,-0.9252434
0.12958,-0.55539227
0.129582,-0.18554163
0.129584,0.23054075
0.129586,0.60039186
0.129588,0.970243
0.12959,1.3400936
0.129592,1.7099442
0.129594,2.033564
0.129596,2.4034152
0.129598,2.727035
0.1296,3.050654
0.129602,3.3280425
0.129604,3.605431
0.129606,3.8828197
0.129608,4.113976
0.12961,4.298901
0.129612,4.483826
0.129614,4.622521
0.12961599,4.7612157
0.129618,4.8536773
0.12962,4.946141
0.129622,4.992371
0.129624,5.0386033
0.129626,5.0386033
0.129628,4.992371
0.12963,4.946141
0.129632,4.8536773
0.129634,4.7149835
0.129636,4.5762897
0.129638,4.437596
0.12964,4.2064385
0.129642,3.9752812
0.129644,3.744125
0.129646,3.4667363
0.129648,3.1893477
0.12965,2.9119601
0.129652,2.5883412
0.129654,2.2184901
0.129656,1.8948698
0.129658,1.5250192
0.12966,1.2013993
0.129662,0.8315482
0.129664,0.4154663
0.129666,0.045615196
0.129668,-0.32423592
0.12967,-0.694087
0.129672,-1.1101689
0.129674,-1.48002
0.129676,-1.8036394
0.129678,-2.1272593
0.12968,-2.4971101
0.129682,-2.8207297
0.129684,-3.1443493
0.129686,-3.4217377
0.129688,-3.6991258
0.12969,-3.9302826
0.129692,-4.1614394
0.129694,-4.3925962
0.129696,-4.5312905
0.129698,-4.669985
0.1297,-4.8086786
0.129702,-4.9011416
0.129704,-4.947373
0.129706,-4.993604
0.129708,-5.0398355
0.12971,-4.993604
0.129712,-4.947373
0.129714,-4.9011416
0.129716,-4.8086786
0.129718,-4.669985
0.12972,-4.4850593
0.129722,-4.346365
0.129724,-4.1614394
0.129726,-3.9302826
0.129728,-3.6528945
0.12973,-3.3755062
0.129732,-3.098118
0.129734,-2.7744985
0.129736,-2.4508786
0.129738,-2.1272593
0.12974,-1.7574081
0.129742,-1.4337888
0.129744,-1.0639377
0.129746,-0.694087
0.129748,-0.27800417
0.12975,0.50792885
0.129752,2.126027
0.129754,3.5591989
0.129756,4.483826
0.129758,4.8999095
0.12976,4.668752
0.129762,3.92905
0.129764,2.6345725
0.129766,1.0627055
0.129768,-0.6478553
0.12977,-2.2659533
0.129772,-3.6528945
0.129774,-4.577522
0.129776,-4.947373
0.129778,-4.669985
0.12978,-3.8840513
0.129782,-2.589573
0.129784,-0.9714751
0.129786,0.7853174
0.129788,2.4034152
0.12979,3.744125
0.129792,4.622521
0.129794,4.8999095
0.129796,4.622521
0.129798,3.7903562
0.1298,2.4496465
0.129802,0.8315482
0.129804,-0.8790121
0.129806,-2.4508786
0.129808,-3.8378198
0.12981,-4.623753
0.129812,-4.9011416
0.129814,-4.577522
0.129816,-3.6991258
0.12981799,-2.3584158
0.12982,-0.7403178
0.129822,1.0164738
0.129824,2.6345725
0.129826,3.92905
0.129828,4.668752
0.12983,4.8999095
0.129832,4.5300584
0.129834,3.605431
0.129836,2.2184901
0.129838,0.60039186
0.12984,-1.1101689
0.129842,-2.6820357
0.129844,-3.976514
0.129846,-4.716216
0.129848,-4.9011416
0.12985,-4.4850593
0.129852,-3.5604317
0.129854,-2.1272593
0.129856,-0.46292973
0.129858,1.2476311
0.12986,2.8194976
0.129862,4.0677447
0.12986399,4.7612157
0.129866,4.8999095
0.129868,4.437596
0.12987,3.420505
0.129872,2.033564
0.129874,0.36923456
0.129876,-1.3413262
0.129878,-2.866961
0.12988,-4.115208
0.129882,-4.7624474
0.129884,-4.9011416
0.129886,-4.3925962
0.129888,-3.3755062
0.12989,-1.8961024
0.129892,-0.2317729
0.129894,1.4787879
0.129896,3.050654
0.129898,4.2064385
0.1299,4.807446
0.129902,4.8536773
0.129904,4.3451324
0.129906,3.2818112
0.129908,1.8024073
0.12991,0.091846466
0.129912,-1.5724826
0.129914,-3.098118
0.129916,-4.2539024
0.129918,-4.85491
0.12992,-4.85491
0.129922,-4.3001337
0.129924,-3.1905808
0.129926,-1.6649456
0.129928,0.045615196
0.12993,1.7099442
0.129932,3.23558
0.129934,4.3451324
0.129936,4.8536773
0.129938,4.807446
0.12994,4.2064385
0.129942,3.050654
0.129944,1.5712504
0.129946,-0.13931036
0.129948,-1.8036394
0.12995,-3.2830436
0.129952,-4.3925962
0.129954,-4.85491
0.129956,-4.8086786
0.129958,-4.1614394
0.12996,-3.0056553
0.129962,-1.48002
0.129964,0.27677202
0.129966,1.9411016
0.129968,3.420505
0.12997,4.437596
0.129972,4.8999095
0.129974,4.7612157
0.129976,4.0677447
0.129978,2.8657289
0.12998,1.3400936
0.129982,-0.3704667
0.129984,-2.0347965
0.129986,-3.467969
0.129988,-4.4388275
0.12999,-4.9011416
0.129992,-4.716216
0.129994,-4.022745
0.129996,-2.7744985
0.129998,-1.202632
0.13,0.50792885
0.130002,2.172258
0.130004,3.605431
0.130006,4.5300584
0.130008,4.8999095
0.13001,4.7149835
0.130012,3.92905
0.130014,2.6808028
0.130016,1.1089368
0.130018,-0.6478553
0.13002,-2.2659533
0.130022,-3.6528945
0.130024,-4.5312905
0.130026,-4.9011416
0.130028,-4.669985
0.13003,-3.8840513
0.130032,-2.589573
0.130034,-0.9714751
0.130036,0.7853174
0.130038,2.4034152
0.13004,3.744125
0.130042,4.622521
0.130044,4.8999095
0.130046,4.622521
0.130048,3.7903562
0.13005,2.4496465
0.130052,0.8315482
0.130054,-0.8790121
0.130056,-2.4508786
0.130058,-3.7915885
0.13006,-4.623753
0.130062,-4.9011416
0.130064,-4.577522
0.13006599,-3.6991258
0.130068,-2.3584158
0.13007,-0.7403178
0.130072,1.0164738
0.130074,2.6345725
0.130076,3.92905
0.130078,4.7149835
0.13008,4.8999095
0.130082,4.5300584
0.130084,3.605431
0.130086,2.2184901
0.130088,0.60039186
0.13009,-1.1101689
0.130092,-2.6820357
0.130094,-3.976514
0.130096,-4.716216
0.130098,-4.9011416
0.1301,-4.4850593
0.130102,-3.5604317
0.130104,-2.1272593
0.130106,-0.46292973
0.130108,1.2938623
0.13011,2.8194976
0.13011199,4.0677447
0.130114,4.7612157
0.130116,4.8999095
0.130118,4.437596
0.13012,3.420505
0.130122,2.033564
0.130124,0.36923456
0.130126,-1.3413262
0.130128,-2.866961
0.13013,-4.115208
0.130132,-4.7624474
0.130134,-4.85491
0.130136,-4.3925962
0.130138,-3.3755062
0.13014,-1.8961024
0.130142,-0.2317729
0.130144,1.4787879
0.130146,3.050654
0.130148,4.2064385
0.13015,4.807446
0.130152,4.8536773
0.130154,4.3451324
0.130156,3.2818112
0.13015799,1.8024073
0.13016,0.091846466
0.130162,-1.5724826
0.130164,-3.098118
0.130166,-4.2539024
0.130168,-4.8086786
0.13017,-4.85491
0.130172,-4.3001337
0.130174,-3.1905808
0.130176,-1.6649456
0.130178,0.045615196
0.13018,1.7099442
0.130182,3.23558
0.130184,4.3451324
0.130186,4.8536773
0.130188,4.807446
0.13019,4.2064385
0.130192,3.050654
0.130194,1.5250192
0.130196,-0.13931036
0.130198,-1.8036394
0.1302,-3.2830436
0.130202,-4.3925962
0.130204,-4.85491
0.130206,-4.8086786
0.130208,-4.1614394
0.13021,-3.0056553
0.130212,-1.48002
0.130214,0.27677202
0.130216,1.9411016
0.130218,3.420505
0.13022,4.437596
0.130222,4.8999095
0.130224,4.7612157
0.130226,4.0677447
0.130228,2.8657289
0.13023,1.3400936
0.130232,-0.3704667
0.130234,-2.0347965
0.130236,-3.467969
0.130238,-4.4388275
0.13024,-4.9011416
0.130242,-4.716216
0.130244,-4.022745
0.130246,-2.7744985
0.130248,-1.202632
0.13025,0.5541601
0.130252,2.172258
0.130254,3.605431
0.130256,4.5300584
0.130258,4.8999095
0.13026,4.7149835
0.130262,3.92905
0.130264,2.6808028
0.130266,1.1089368
0.130268,-0.6478553
0.13027,-2.2659533
0.130272,-3.6528945
0.130274,-4.5312905
0.130276,-4.9011416
0.130278,-4.669985
0.13028,-3.8840513
0.130282,-2.589573
0.130284,-0.9714751
0.130286,0.7853174
0.130288,2.4034152
0.13029,3.744125
0.130292,4.622521
0.130294,4.946141
0.130296,4.622521
0.130298,3.7903562
0.1303,2.4496465
0.130302,0.8315482
0.130304,-0.8790121
0.130306,-2.4508786
0.130308,-3.7915885
0.13031,-4.623753
0.130312,-4.9011416
0.13031399,-4.577522
0.130316,-3.6991258
0.130318,-2.3584158
0.13032,-0.7403178
0.130322,1.0164738
0.130324,2.6345725
0.130326,3.92905
0.130328,4.7149835
0.13033,4.8999095
0.130332,4.5300584
0.130334,3.605431
0.130336,2.2184901
0.130338,0.60039186
0.13034,-1.1101689
0.130342,-2.6820357
0.130344,-3.976514
0.130346,-4.716216
0.130348,-4.9011416
0.13035,-4.4850593
0.130352,-3.5604317
0.130354,-2.1272593
0.130356,-0.46292973
0.130358,1.2938623
0.13035999,2.8194976
0.130362,4.0677447
0.130364,4.7612157
0.130366,4.8999095
0.130368,4.437596
0.13037,3.420505
0.130372,2.033564
0.130374,0.36923456
0.130376,-1.3413262
0.130378,-2.866961
0.13038,-4.115208
0.130382,-4.7624474
0.130384,-4.9011416
0.130386,-4.3925962
0.130388,-3.3755062
0.13039,-1.8961024
0.130392,-0.2317729
0.130394,1.4787879
0.130396,3.050654
0.130398,4.2064385
0.1304,4.807446
0.130402,4.8536773
0.130404,4.3451324
0.13040599,3.23558
0.130408,1.8024073
0.13041,0.091846466
0.130412,-1.5724826
0.130414,-3.098118
0.130416,-4.2539024
0.130418,-4.85491
0.13042,-4.85491
0.130422,-4.3001337
0.130424,-3.1905808
0.130426,-1.6649456
0.130428,0.045615196
0.13043,1.7099442
0.130432,3.23558
0.130434,4.3451324
0.130436,4.8536773
0.130438,4.807446
0.13044,4.2064385
0.130442,3.050654
0.130444,1.5250192
0.130446,-0.13931036
0.130448,-1.8036394
0.13045,-3.2830436
0.130452,-4.3925962
0.130454,-4.85491
0.130456,-4.8086786
0.130458,-4.1614394
0.13046,-3.0056553
0.130462,-1.48002
0.130464,0.27677202
0.130466,1.9411016
0.130468,3.420505
0.13047,4.437596
0.130472,4.8999095
0.130474,4.7612157
0.130476,4.0677447
0.130478,2.8657289
0.13048,1.3400936
0.130482,-0.3704667
0.130484,-2.0347965
0.130486,-3.467969
0.130488,-4.4388275
0.13049,-4.9011416
0.130492,-4.716216
0.130494,-4.022745
0.130496,-2.7744985
0.130498,-1.202632
0.1305,0.5541601
0.130502,2.172258
0.130504,3.605431
0.130506,4.5300584
0.130508,4.8999095
0.13051,4.7149835
0.130512,3.92905
0.130514,2.6808028
0.130516,1.1089368
0.130518,-0.6478553
0.13052,-2.2659533
0.130522,-3.6528945
0.130524,-4.5312905
0.130526,-4.9011416
0.130528,-4.669985
0.13053,-3.8840513
0.130532,-2.589573
0.130534,-0.9714751
0.130536,0.7853174
0.130538,2.4034152
0.13054,3.744125
0.130542,4.622521
0.130544,4.946141
0.130546,4.622521
0.130548,3.7903562
0.13055,2.4496465
0.130552,0.8315482
0.130554,-0.8790121
0.130556,-2.4508786
0.130558,-3.7915885
0.13056,-4.623753
0.13056199,-4.9011416
0.130564,-4.577522
0.130566,-3.6991258
0.130568,-2.3584158
0.13057,-0.7403178
0.130572,1.0164738
0.130574,2.6345725
0.130576,3.92905
0.130578,4.7149835
0.13058,4.8999095
0.130582,4.5300584
0.130584,3.605431
0.130586,2.2184901
0.130588,0.60039186
0.13059,-1.1101689
0.130592,-2.6820357
0.130594,-3.976514
0.130596,-4.716216
0.130598,-4.9011416
0.1306,-4.4850593
0.130602,-3.5604317
0.130604,-2.1272593
0.130606,-0.46292973
0.13060799,1.2938623
0.13061,2.8194976
0.130612,4.0677447
0.130614,4.7612157
0.130616,4.8999095
0.130618,4.437596
0.13062,3.420505
0.130622,2.033564
0.130624,0.36923456
0.130626,-1.3413262
0.130628,-2.9131925
0.13063,-4.115208
0.130632,-4.7624474
0.130634,-4.85491
0.130636,-4.3925962
0.130638,-3.3755062
0.13064,-1.8961024
0.130642,-0.2317729
0.130644,1.4787879
0.130646,3.050654
0.130648,4.2064385
0.13065,4.807446
0.130652,4.8536773
0.13065399,4.3451324
0.130656,3.23558
0.130658,1.8024073
0.13066,0.091846466
0.130662,-1.5724826
0.130664,-3.098118
0.130666,-4.2539024
0.130668,-4.8086786
0.13067,-4.85491
0.130672,-4.3001337
0.130674,-3.1905808
0.130676,-1.6649456
0.130678,0.045615196
0.13068,1.7099442
0.130682,3.23558
0.130684,4.3451324
0.130686,4.8536773
0.130688,4.807446
0.13069,4.2064385
0.130692,3.050654
0.130694,1.5712504
0.130696,-0.13931036
0.130698,-1.8036394
0.1307,-3.2830436
0.130702,-4.3925962
0.130704,-4.85491
0.130706,-4.8086786
0.130708,-4.1614394
0.13071,-3.0056553
0.130712,-1.48002
0.130714,0.27677202
0.130716,1.9411016
0.130718,3.420505
0.13072,4.437596
0.130722,4.8999095
0.130724,4.7612157
0.130726,4.0677447
0.130728,2.8657289
0.13073,1.3400936
0.130732,-0.3704667
0.130734,-2.0347965
0.130736,-3.467969
0.130738,-4.4388275
0.13074,-4.9011416
0.130742,-4.716216
0.130744,-4.022745
0.130746,-2.7744985
0.130748,-1.202632
0.13075,0.091846466
0.130752,0.50792885
0.130754,0.87777996
0.130756,1.2938623
0.130758,1.6174817
0.13076,1.9873328
0.130762,2.3109517
0.130764,2.6345725
0.130766,2.9581914
0.130768,3.2818112
0.13077,3.5591989
0.130772,3.7903562
0.130774,4.0677447
0.130776,4.252671
0.130778,4.437596
0.13078,4.5762897
0.130782,4.7612157
0.130784,4.8536773
0.130786,4.946141
0.130788,4.992371
0.13079,5.0386033
0.130792,5.0386033
0.130794,4.992371
0.130796,4.946141
0.130798,4.8536773
0.1308,4.7612157
0.130802,4.622521
0.130804,4.437596
0.130806,4.298901
0.130808,4.0677447
0.13081,3.8365874
0.130812,3.5591989
0.130814,3.2818112
0.130816,3.0044227
0.130818,2.6808028
0.13082,2.357184
0.130822,1.9873328
0.130824,1.6637135
0.130826,1.2938623
0.130828,0.92401123
0.13083,0.5541601
0.130832,0.184309
0.130834,-0.2317729
0.130836,-0.601624
0.130838,-0.9714751
0.13084,-1.3413262
0.130842,-1.6649456
0.130844,-2.0347965
0.130846,-2.3584158
0.130848,-2.728267
0.13085,-3.0056553
0.130852,-3.329275
0.130854,-3.6066632
0.13085599,-3.8378198
0.130858,-4.115208
0.13086,-4.3001337
0.130862,-4.4850593
0.130864,-4.623753
0.130866,-4.7624474
0.130868,-4.85491
0.13087,-4.947373
0.130872,-4.993604
0.130874,-5.0398355
0.130876,-4.993604
0.130878,-4.993604
0.13088,-4.9011416
0.130882,-4.8086786
0.130884,-4.716216
0.130886,-4.577522
0.130888,-4.3925962
0.13089,-4.2076707
0.130892,-3.976514
0.130894,-3.745357
0.130896,-3.467969
0.130898,-3.1905808
0.1309,-2.866961
0.13090199,-2.589573
0.130904,-2.2197218
0.130906,-1.8961024
0.130908,-1.5262513
0.13091,-1.1564007
0.130912,-0.78654957
0.130914,-0.41669846
0.130916,-0.046847343
0.130918,0.36923456
0.13092,0.7390857
0.130922,1.1089368
0.130924,1.4787879
0.130926,1.8024073
0.130928,2.172258
0.13093,2.4958777
0.130932,2.8194976
0.130934,3.1431174
0.130936,3.420505
0.130938,3.6978936
0.13094,3.92905
0.130942,4.1602073
0.130944,4.3913646
0.130946,4.5300584
0.130948,4.668752
0.13095,4.807446
0.130952,4.8999095
0.130954,4.992371
0.130956,5.0386033
0.130958,5.0386033
0.13096,4.992371
0.130962,4.946141
0.130964,4.8999095
0.130966,4.807446
0.130968,4.668752
0.13097,4.483826
0.130972,4.3451324
0.130974,4.1602073
0.130976,3.92905
0.130978,3.6516623
0.13098,3.3742738
0.130982,3.0968862
0.130984,2.7732663
0.130986,2.4496465
0.130988,2.126027
0.13099,1.756176
0.130992,1.4325566
0.130994,1.0627055
0.130996,0.6928544
0.130998,0.3230033
0.131,-0.09307861
0.131002,-0.46292973
0.131004,-0.83278084
0.131006,-1.202632
0.131008,-1.5724826
0.13101,-1.8961024
0.131012,-2.2659533
0.131014,-2.589573
0.131016,-2.9131925
0.131018,-3.236812
0.13102,-3.5142004
0.131022,-3.7915885
0.131024,-4.022745
0.131026,-4.2539024
0.131028,-4.4388275
0.13103,-4.577522
0.131032,-4.716216
0.131034,-4.85491
0.131036,-4.9011416
0.131038,-4.993604
0.13104,-5.0398355
0.131042,-5.0398355
0.131044,-4.993604
0.131046,-4.947373
0.131048,-4.85491
0.13105,-4.7624474
0.131052,-4.623753
0.131054,-4.4388275
0.131056,-4.3001337
0.131058,-4.068977
0.13106,-3.8378198
0.131062,-3.5604317
0.131064,-3.2830436
0.131066,-3.0056553
0.131068,-2.6820357
0.13107,-2.3584158
0.131072,-1.9885652
0.131074,-1.6187139
0.131076,-1.2950945
0.131078,-0.9252434
0.13108,-0.55539227
0.131082,-0.18554163
0.131084,0.23054075
0.131086,0.60039186
0.131088,0.970243
0.13109,1.3400936
0.131092,1.7099442
0.131094,2.033564
0.131096,2.4034152
0.131098,2.727035
0.1311,3.050654
0.131102,3.3280425
0.13110399,3.605431
0.131106,3.8828197
0.131108,4.113976
0.13111,4.298901
0.131112,4.483826
0.131114,4.622521
0.131116,4.7612157
0.131118,4.8536773
0.13112,4.946141
0.131122,4.992371
0.131124,5.0386033
0.131126,5.0386033
0.131128,4.992371
0.13113,4.946141
0.131132,4.8536773
0.131134,4.7149835
0.131136,4.5762897
0.131138,4.437596
0.13114,4.2064385
0.131142,3.9752812
0.131144,3.744125
0.131146,3.4667363
0.131148,3.1893477
0.13114999,2.9119601
0.131152,2.5883412
0.131154,2.2184901
0.131156,1.8948698
0.131158,1.5250192
0.13116,1.2013993
0.131162,0.7853174
0.131164,0.4154663
0.131166,0.045615196
0.131168,-0.32423592
0.13117,-0.7403178
0.131172,-1.1101689
0.131174,-1.48002
0.131176,-1.8036394
0.131178,-2.1272593
0.13118,-2.4971101
0.131182,-2.8207297
0.131184,-3.1443493
0.131186,-3.4217377
0.131188,-3.6991258
0.13119,-3.9302826
0.131192,-4.1614394
0.131194,-4.3925962
0.13119599,-4.5312905
0.131198,-4.669985
0.1312,-4.8086786
0.131202,-4.9011416
0.131204,-4.947373
0.131206,-4.993604
0.131208,-5.0398355
0.13121,-4.993604
0.131212,-4.947373
0.131214,-4.9011416
0.131216,-4.7624474
0.131218,-4.669985
0.13122,-4.4850593
0.131222,-4.346365
0.131224,-4.1614394
0.131226,-3.9302826
0.131228,-3.6528945
0.13123,-3.3755062
0.131232,-3.098118
0.131234,-2.7744985
0.131236,-2.4508786
0.131238,-2.1272593
0.13124,-1.7574081
0.131242,-1.4337888
0.131244,-1.0639377
0.131246,-0.6478553
0.131248,-0.27800417
0.13125,0.091846466
0.131252,0.46169758
0.131254,0.87777996
0.131256,1.2476311
0.131258,1.5712504
0.13126,1.9411016
0.131262,2.2647214
0.131264,2.6345725
0.131266,2.9119601
0.131268,3.23558
0.13127,3.5129685
0.131272,3.7903562
0.131274,4.0215135
0.131276,4.252671
0.131278,4.437596
0.13128,4.5762897
0.131282,4.7149835
0.131284,4.8536773
0.131286,4.946141
0.131288,4.992371
0.13129,5.0386033
0.131292,5.0386033
0.131294,4.992371
0.131296,4.946141
0.131298,4.8536773
0.1313,4.7612157
0.131302,4.622521
0.131304,4.437596
0.131306,4.298901
0.131308,4.0677447
0.13131,3.8365874
0.131312,3.5591989
0.131314,3.2818112
0.131316,3.0044227
0.131318,2.6808028
0.13132,2.357184
0.131322,1.9873328
0.131324,1.6637135
0.131326,1.2938623
0.131328,0.92401123
0.13133,0.5541601
0.131332,0.184309
0.131334,-0.2317729
0.131336,-0.601624
0.131338,-0.9714751
0.13134,-1.3413262
0.131342,-1.6649456
0.131344,-2.0347965
0.131346,-2.3584158
0.131348,-2.728267
0.13135,-3.0056553
0.13135199,-3.329275
0.131354,-3.6066632
0.131356,-3.8378198
0.131358,-4.115208
0.13136,-4.3001337
0.131362,-4.4850593
0.131364,-4.623753
0.131366,-4.7624474
0.131368,-4.85491
0.13137,-4.947373
0.131372,-4.993604
0.131374,-5.0398355
0.131376,-4.993604
0.131378,-4.993604
0.13138,-4.9011416
0.131382,-4.8086786
0.131384,-4.716216
0.131386,-4.5312905
0.131388,-4.3925962
0.13139,-4.2076707
0.131392,-3.976514
0.131394,-3.745357
0.131396,-3.467969
0.13139799,-3.1905808
0.1314,-2.9131925
0.131402,-2.589573
0.131404,-2.2197218
0.131406,-1.8961024
0.131408,-1.5262513
0.13141,-1.1564007
0.131412,-0.78654957
0.131414,-0.41669846
0.131416,-0.046847343
0.131418,0.36923456
0.13142,0.7390857
0.131422,1.1089368
0.131424,1.4787879
0.131426,1.8024073
0.131428,2.172258
0.13143,2.4958777
0.131432,2.8194976
0.131434,3.1431174
0.131436,3.420505
0.131438,3.6978936
0.13144,3.92905
0.131442,4.1602073
0.13144399,4.3913646
0.131446,4.5300584
0.131448,4.668752
0.13145,4.807446
0.131452,4.8999095
0.131454,4.992371
0.131456,5.0386033
0.131458,5.0386033
0.13146,5.0386033
0.131462,4.946141
0.131464,4.8999095
0.131466,4.807446
0.131468,4.668752
0.13147,4.5300584
0.131472,4.3451324
0.131474,4.1602073
0.131476,3.92905
0.131478,3.6516623
0.13148,3.3742738
0.131482,3.0968862
0.131484,2.7732663
0.131486,2.4496465
0.131488,2.126027
0.13149,1.756176
0.131492,1.4325566
0.131494,1.0627055
0.131496,0.6928544
0.131498,0.3230033
0.1315,-0.09307861
0.131502,-0.46292973
0.131504,-0.83278084
0.131506,-1.202632
0.131508,-1.5724826
0.13151,-1.8961024
0.131512,-2.2659533
0.131514,-2.589573
0.131516,-2.9131925
0.131518,-3.236812
0.13152,-3.5142004
0.131522,-3.7915885
0.131524,-4.022745
0.131526,-4.2539024
0.131528,-4.4388275
0.13153,-4.577522
0.131532,-4.716216
0.131534,-4.85491
0.131536,-4.9011416
0.131538,-4.993604
0.13154,-5.0398355
0.131542,-5.0398355
0.131544,-4.993604
0.131546,-4.947373
0.131548,-4.85491
0.13155,-4.7624474
0.131552,-4.623753
0.131554,-4.4388275
0.131556,-4.3001337
0.131558,-4.068977
0.13156,-3.8378198
0.131562,-3.5604317
0.131564,-3.2830436
0.131566,-3.0056553
0.131568,-2.6820357
0.13157,-2.3584158
0.131572,-1.9885652
0.131574,-1.6187139
0.131576,-1.2950945
0.131578,-0.9252434
0.13158,-0.55539227
0.131582,-0.13931036
0.131584,0.23054075
0.131586,0.60039186
0.131588,0.970243
0.13159,1.3400936
0.131592,1.7099442
0.131594,2.033564
0.131596,2.4034152
0.131598,2.727035
0.13159999,3.050654
0.131602,3.3280425
0.131604,3.605431
0.131606,3.8828197
0.131608,4.113976
0.13161,4.298901
0.131612,4.483826
0.131614,4.622521
0.131616,4.7612157
0.131618,4.8536773
0.13162,4.946141
0.131622,4.992371
0.131624,5.0386033
0.131626,5.0386033
0.131628,4.992371
0.13163,4.946141
0.131632,4.807446
0.131634,4.7149835
0.131636,4.5762897
0.131638,4.437596
0.13164,4.2064385
0.131642,3.9752812
0.131644,3.744125
0.13164599,3.4667363
0.131648,3.1893477
0.13165,2.9119601
0.131652,2.5883412
0.131654,2.2184901
0.131656,1.8948698
0.131658,1.5250192
0.13166,1.2013993
0.131662,0.7853174
0.131664,0.4154663
0.131666,0.045615196
0.131668,-0.32423592
0.13167,-0.7403178
0.131672,-1.1101689
0.131674,-1.48002
0.131676,-1.8036394
0.131678,-2.1272593
0.13168,-2.4971101
0.131682,-2.8207297
0.131684,-3.1443493
0.131686,-3.4217377
0.131688,-3.6991258
0.13169,-3.9302826
0.13169199,-4.1614394
0.131694,-4.3925962
0.131696,-4.5312905
0.131698,-4.669985
0.1317,-4.8086786
0.131702,-4.9011416
0.131704,-4.947373
0.131706,-4.993604
0.131708,-5.0398355
0.13171,-4.993604
0.131712,-4.947373
0.131714,-4.9011416
0.131716,-4.7624474
0.131718,-4.669985
0.13172,-4.4850593
0.131722,-4.346365
0.131724,-4.1614394
0.131726,-3.9302826
0.131728,-3.6528945
0.13173,-3.3755062
0.131732,-3.098118
0.131734,-2.7744985
0.131736,-2.4508786
0.131738,-2.1272593
0.13174,-1.7574081
0.131742,-1.4337888
0.131744,-1.0639377
0.131746,-0.6478553
0.131748,-0.27800417
0.13175,0.5541601
0.131752,2.126027
0.131754,3.5591989
0.131756,4.483826
0.131758,4.8999095
0.13176,4.668752
0.131762,3.8828197
0.131764,2.6345725
0.131766,1.0627055
0.131768,-0.6478553
0.13177,-2.2659533
0.131772,-3.6528945
0.131774,-4.577522
0.131776,-4.947373
0.131778,-4.669985
0.13178,-3.8840513
0.131782,-2.589573
0.131784,-0.9714751
0.131786,0.7853174
0.131788,2.4034152
0.13179,3.744125
0.131792,4.622521
0.131794,4.8999095
0.131796,4.622521
0.131798,3.7903562
0.1318,2.4496465
0.131802,0.8315482
0.131804,-0.8790121
0.131806,-2.4971101
0.131808,-3.8378198
0.13181,-4.669985
0.131812,-4.9011416
0.131814,-4.577522
0.131816,-3.6991258
0.131818,-2.3584158
0.13182,-0.7403178
0.131822,1.0164738
0.131824,2.6345725
0.131826,3.92905
0.131828,4.668752
0.13183,4.8999095
0.131832,4.5300584
0.131834,3.605431
0.131836,2.2184901
0.131838,0.60039186
0.13184,-1.1101689
0.131842,-2.6820357
0.131844,-3.976514
0.131846,-4.716216
0.13184799,-4.9011416
0.13185,-4.4850593
0.131852,-3.5604317
0.131854,-2.1272593
0.131856,-0.46292973
0.131858,1.2938623
0.13186,2.8194976
0.131862,4.0677447
0.131864,4.7612157
0.131866,4.8999095
0.131868,4.437596
0.13187,3.420505
0.131872,1.9873328
0.131874,0.36923456
0.131876,-1.3413262
0.131878,-2.9131925
0.13188,-4.115208
0.131882,-4.7624474
0.131884,-4.85491
0.131886,-4.3925962
0.131888,-3.3755062
0.13189,-1.8961024
0.131892,-0.2317729
0.13189399,1.4787879
0.131896,3.050654
0.131898,4.2064385
0.1319,4.807446
0.131902,4.8536773
0.131904,4.3451324
0.131906,3.23558
0.131908,1.756176
0.13191,0.091846466
0.131912,-1.5724826
0.131914,-3.098118
0.131916,-4.2539024
0.131918,-4.85491
0.13192,-4.85491
0.131922,-4.3001337
0.131924,-3.1905808
0.131926,-1.6649456
0.131928,0.045615196
0.13193,1.7099442
0.131932,3.23558
0.131934,4.3451324
0.131936,4.8536773
0.131938,4.807446
0.13193999,4.2064385
0.131942,3.050654
0.131944,1.5250192
0.131946,-0.13931036
0.131948,-1.8036394
0.13195,-3.2830436
0.131952,-4.3925962
0.131954,-4.85491
0.131956,-4.8086786
0.131958,-4.1614394
0.13196,-3.0056553
0.131962,-1.4337888
0.131964,0.27677202
0.131966,1.9411016
0.131968,3.420505
0.13197,4.437596
0.131972,4.8999095
0.131974,4.7612157
0.131976,4.0677447
0.131978,2.8657289
0.13198,1.3400936
0.131982,-0.3704667
0.131984,-2.0347965
0.131986,-3.467969
0.131988,-4.4388275
0.13199,-4.9011416
0.131992,-4.716216
0.131994,-4.022745
0.131996,-2.7744985
0.131998,-1.202632
0.132,0.5541601
0.132002,2.172258
0.132004,3.605431
0.132006,4.5300584
0.132008,4.8999095
0.13201,4.7149835
0.132012,3.92905
0.132014,2.6345725
0.132016,1.1089368
0.132018,-0.6478553
0.13202,-2.2659533
0.132022,-3.6528945
0.132024,-4.577522
0.132026,-4.9011416
0.132028,-4.669985
0.13203,-3.8840513
0.132032,-2.589573
0.132034,-0.9714751
0.132036,0.7853174
0.132038,2.4034152
0.13204,3.744125
0.132042,4.622521
0.132044,4.8999095
0.132046,4.622521
0.132048,3.7903562
0.13205,2.4496465
0.132052,0.8315482
0.132054,-0.8790121
0.132056,-2.4508786
0.132058,-3.8378198
0.13206,-4.623753
0.132062,-4.9011416
0.132064,-4.577522
0.132066,-3.6991258
0.132068,-2.3584158
0.13207,-0.694087
0.132072,1.0164738
0.132074,2.6345725
0.132076,3.92905
0.132078,4.7149835
0.13208,4.8999095
0.132082,4.5300584
0.132084,3.605431
0.132086,2.2184901
0.132088,0.60039186
0.13209,-1.1101689
0.132092,-2.6820357
0.132094,-3.976514
0.132096,-4.716216
0.132098,-4.9011416
0.1321,-4.4850593
0.132102,-3.5604317
0.132104,-2.1272593
0.132106,-0.46292973
0.132108,1.2938623
0.13211,2.8194976
0.132112,4.0677447
0.132114,4.7612157
0.132116,4.8999095
0.132118,4.437596
0.13212,3.420505
0.132122,1.9873328
0.132124,0.36923456
0.132126,-1.3413262
0.132128,-2.9131925
0.13213,-4.115208
0.132132,-4.7624474
0.132134,-4.85491
0.132136,-4.3925962
0.132138,-3.3755062
0.13214,-1.8961024
0.13214199,-0.2317729
0.132144,1.4787879
0.132146,3.050654
0.132148,4.2064385
0.13215,4.807446
0.132152,4.8536773
0.132154,4.3451324
0.132156,3.23558
0.132158,1.756176
0.13216,0.091846466
0.132162,-1.5724826
0.132164,-3.098118
0.132166,-4.2539024
0.132168,-4.85491
0.13217,-4.85491
0.132172,-4.3001337
0.132174,-3.1905808
0.132176,-1.6649456
0.132178,0.045615196
0.13218,1.7099442
0.132182,3.23558
0.132184,4.3451324
0.132186,4.8536773
0.13218799,4.807446
0.13219,4.2064385
0.132192,3.050654
0.132194,1.5250192
0.132196,-0.13931036
0.132198,-1.8036394
0.1322,-3.2830436
0.132202,-4.3925962
0.132204,-4.85491
0.132206,-4.8086786
0.132208,-4.1614394
0.13221,-3.0056553
0.132212,-1.4337888
0.132214,0.27677202
0.132216,1.9411016
0.132218,3.420505
0.13222,4.437596
0.132222,4.8999095
0.132224,4.7612157
0.132226,4.0677447
0.132228,2.8657289
0.13223,1.3400936
0.132232,-0.41669846
0.13223399,-2.0347965
0.132236,-3.467969
0.132238,-4.4388275
0.13224,-4.9011416
0.132242,-4.716216
0.132244,-4.022745
0.132246,-2.7744985
0.132248,-1.202632
0.13225,0.5541601
0.132252,2.172258
0.132254,3.605431
0.132256,4.5300584
0.132258,4.8999095
0.13226,4.7149835
0.132262,3.92905
0.132264,2.6345725
0.132266,1.1089368
0.132268,-0.6478553
0.13227,-2.2659533
0.132272,-3.6528945
0.132274,-4.577522
0.132276,-4.9011416
0.132278,-4.669985
0.13228,-3.8840513
0.132282,-2.589573
0.132284,-0.9714751
0.132286,0.7853174
0.132288,2.4034152
0.13229,3.744125
0.132292,4.622521
0.132294,4.8999095
0.132296,4.622521
0.132298,3.7903562
0.1323,2.4496465
0.132302,0.8315482
0.132304,-0.8790121
0.132306,-2.4508786
0.132308,-3.8378198
0.13231,-4.623753
0.132312,-4.9011416
0.132314,-4.577522
0.132316,-3.6991258
0.132318,-2.3584158
0.13232,-0.694087
0.132322,1.0164738
0.132324,2.6345725
0.132326,3.92905
0.132328,4.7149835
0.13233,4.8999095
0.132332,4.5300584
0.132334,3.605431
0.132336,2.2184901
0.132338,0.60039186
0.13234,-1.1101689
0.132342,-2.6820357
0.132344,-3.976514
0.132346,-4.716216
0.132348,-4.9011416
0.13235,-4.4850593
0.132352,-3.5604317
0.132354,-2.1272593
0.132356,-0.46292973
0.132358,1.2938623
0.13236,2.8194976
0.132362,4.0677447
0.132364,4.7612157
0.132366,4.8999095
0.132368,4.437596
0.13237,3.420505
0.132372,1.9873328
0.132374,0.36923456
0.132376,-1.3413262
0.132378,-2.9131925
0.13238,-4.115208
0.132382,-4.7624474
0.132384,-4.85491
0.132386,-4.3925962
0.132388,-3.3755062
0.13238999,-1.8961024
0.132392,-0.2317729
0.132394,1.4787879
0.132396,3.050654
0.132398,4.2064385
0.1324,4.807446
0.132402,4.8536773
0.132404,4.3451324
0.132406,3.23558
0.132408,1.756176
0.13241,0.091846466
0.132412,-1.5724826
0.132414,-3.098118
0.132416,-4.2539024
0.132418,-4.85491
0.13242,-4.85491
0.132422,-4.3001337
0.132424,-3.1905808
0.132426,-1.6649456
0.132428,0.045615196
0.13243,1.7099442
0.132432,3.23558
0.132434,4.3451324
0.13243599,4.8536773
0.132438,4.807446
0.13244,4.2064385
0.132442,3.050654
0.132444,1.5250192
0.132446,-0.13931036
0.132448,-1.8036394
0.13245,-3.2830436
0.132452,-4.3925962
0.132454,-4.85491
0.132456,-4.8086786
0.132458,-4.1614394
0.13246,-3.0056553
0.132462,-1.4337888
0.132464,0.27677202
0.132466,1.9873328
0.132468,3.420505
0.13247,4.437596
0.132472,4.8999095
0.132474,4.7612157
0.132476,4.0677447
0.132478,2.8657289
0.13248,1.3400936
0.13248199,-0.41669846
0.132484,-2.0347965
0.132486,-3.467969
0.132488,-4.4388275
0.13249,-4.9011416
0.132492,-4.716216
0.132494,-4.022745
0.132496,-2.7744985
0.132498,-1.202632
0.1325,0.5541601
0.132502,2.172258
0.132504,3.605431
0.132506,4.5300584
0.132508,4.8999095
0.13251,4.7149835
0.132512,3.92905
0.132514,2.6345725
0.132516,1.1089368
0.132518,-0.6478553
0.13252,-2.2659533
0.132522,-3.6528945
0.132524,-4.577522
0.132526,-4.9011416
0.132528,-4.669985
0.13253,-3.8378198
0.132532,-2.589573
0.132534,-0.9714751
0.132536,0.7853174
0.132538,2.4034152
0.13254,3.744125
0.132542,4.622521
0.132544,4.8999095
0.132546,4.622521
0.132548,3.7903562
0.13255,2.4496465
0.132552,0.8315482
0.132554,-0.8790121
0.132556,-2.4508786
0.132558,-3.8378198
0.13256,-4.623753
0.132562,-4.9011416
0.132564,-4.577522
0.132566,-3.6991258
0.132568,-2.3584158
0.13257,-0.694087
0.132572,1.0164738
0.132574,2.6345725
0.132576,3.92905
0.132578,4.7149835
0.13258,4.8999095
0.132582,4.5300584
0.132584,3.605431
0.132586,2.2184901
0.132588,0.60039186
0.13259,-1.1101689
0.132592,-2.6820357
0.132594,-3.976514
0.132596,-4.716216
0.132598,-4.9011416
0.1326,-4.4850593
0.132602,-3.5142004
0.132604,-2.1272593
0.132606,-0.46292973
0.132608,1.2938623
0.13261,2.8194976
0.132612,4.0677447
0.132614,4.7612157
0.132616,4.8999095
0.132618,4.437596
0.13262,3.420505
0.132622,1.9873328
0.132624,0.36923456
0.132626,-1.387557
0.132628,-2.9131925
0.13263,-4.115208
0.132632,-4.7624474
0.132634,-4.85491
0.132636,-4.3925962
0.13263799,-3.3755062
0.13264,-1.8961024
0.132642,-0.2317729
0.132644,1.4787879
0.132646,3.050654
0.132648,4.2064385
0.13265,4.807446
0.132652,4.8536773
0.132654,4.3451324
0.132656,3.23558
0.132658,1.756176
0.13266,0.091846466
0.132662,-1.5724826
0.132664,-3.098118
0.132666,-4.2539024
0.132668,-4.85491
0.13267,-4.85491
0.132672,-4.3001337
0.132674,-3.1905808
0.132676,-1.6649456
0.132678,0.045615196
0.13268,1.756176
0.132682,3.23558
0.13268399,4.3451324
0.132686,4.8536773
0.132688,4.807446
0.13269,4.2064385
0.132692,3.050654
0.132694,1.5250192
0.132696,-0.13931036
0.132698,-1.8036394
0.1327,-3.2830436
0.132702,-4.3925962
0.132704,-4.85491
0.132706,-4.8086786
0.132708,-4.1614394
0.13271,-3.0056553
0.132712,-1.4337888
0.132714,0.27677202
0.132716,1.9873328
0.132718,3.420505
0.13272,4.437596
0.132722,4.8999095
0.132724,4.7612157
0.132726,4.0677447
0.132728,2.8657289
0.13272999,1.3400936
0.132732,-0.41669846
0.132734,-2.0347965
0.132736,-3.467969
0.132738,-4.4388275
0.13274,-4.9011416
0.132742,-4.716216
0.132744,-4.022745
0.132746,-2.7744985
0.132748,-1.202632
0.13275,0.091846466
0.132752,0.50792885
0.132754,0.87777996
0.132756,1.2938623
0.132758,1.6174817
0.13276,1.9873328
0.132762,2.3109517
0.132764,2.6345725
0.132766,2.9581914
0.132768,3.2818112
0.13277,3.5591989
0.132772,3.7903562
0.132774,4.0215135
0.132776,4.252671
0.132778,4.437596
0.13278,4.5762897
0.132782,4.7612157
0.132784,4.8536773
0.132786,4.946141
0.132788,4.992371
0.13279,5.0386033
0.132792,5.0386033
0.132794,4.992371
0.132796,4.946141
0.132798,4.8536773
0.1328,4.7612157
0.132802,4.622521
0.132804,4.437596
0.132806,4.298901
0.132808,4.0677447
0.13281,3.8365874
0.132812,3.5591989
0.132814,3.2818112
0.132816,3.0044227
0.132818,2.6808028
0.13282,2.357184
0.132822,1.9873328
0.132824,1.6637135
0.132826,1.2938623
0.132828,0.92401123
0.13283,0.5541601
0.132832,0.184309
0.132834,-0.2317729
0.132836,-0.601624
0.132838,-0.9714751
0.13284,-1.3413262
0.132842,-1.6649456
0.132844,-2.0347965
0.132846,-2.3584158
0.132848,-2.728267
0.13285,-3.0056553
0.132852,-3.329275
0.132854,-3.6066632
0.132856,-3.8378198
0.132858,-4.115208
0.13286,-4.3001337
0.132862,-4.4850593
0.132864,-4.623753
0.132866,-4.7624474
0.132868,-4.85491
0.13287,-4.947373
0.132872,-4.993604
0.132874,-5.0398355
0.132876,-4.993604
0.132878,-4.993604
0.13288,-4.9011416
0.132882,-4.8086786
0.132884,-4.716216
0.13288599,-4.5312905
0.132888,-4.3925962
0.13289,-4.2076707
0.132892,-3.976514
0.132894,-3.745357
0.132896,-3.467969
0.132898,-3.1905808
0.1329,-2.866961
0.132902,-2.5433414
0.132904,-2.2197218
0.132906,-1.8961024
0.132908,-1.5262513
0.13291,-1.1564007
0.132912,-0.78654957
0.132914,-0.41669846
0.132916,-0.046847343
0.132918,0.36923456
0.13292,0.7390857
0.132922,1.1089368
0.132924,1.4787879
0.132926,1.8024073
0.132928,2.172258
0.13293,2.4958777
0.13293199,2.8194976
0.132934,3.1431174
0.132936,3.420505
0.132938,3.6978936
0.13294,3.92905
0.132942,4.1602073
0.132944,4.3913646
0.132946,4.5300584
0.132948,4.668752
0.13295,4.807446
0.132952,4.8999095
0.132954,4.992371
0.132956,5.0386033
0.132958,5.0386033
0.13296,5.0386033
0.132962,4.946141
0.132964,4.8999095
0.132966,4.807446
0.132968,4.668752
0.13297,4.5300584
0.132972,4.3451324
0.132974,4.1602073
0.132976,3.92905
0.13297799,3.6516623
0.13298,3.3742738
0.132982,3.0968862
0.132984,2.7732663
0.132986,2.4496465
0.132988,2.126027
0.13299,1.756176
0.132992,1.4325566
0.132994,1.0627055
0.132996,0.6928544
0.132998,0.27677202
0.133,-0.09307861
0.133002,-0.46292973
0.133004,-0.83278084
0.133006,-1.202632
0.133008,-1.5724826
0.13301,-1.8961024
0.133012,-2.2659533
0.133014,-2.589573
0.133016,-2.9131925
0.133018,-3.236812
0.13302,-3.5142004
0.133022,-3.7915885
0.133024,-4.022745
0.133026,-4.2539024
0.133028,-4.4388275
0.13303,-4.577522
0.133032,-4.716216
0.133034,-4.85491
0.133036,-4.9011416
0.133038,-4.993604
0.13304,-4.993604
0.133042,-5.0398355
0.133044,-4.993604
0.133046,-4.947373
0.133048,-4.85491
0.13305,-4.7624474
0.133052,-4.623753
0.133054,-4.4388275
0.133056,-4.3001337
0.133058,-4.068977
0.13306,-3.8378198
0.133062,-3.5604317
0.133064,-3.2830436
0.133066,-3.0056553
0.133068,-2.6820357
0.13307,-2.3584158
0.133072,-1.9885652
0.133074,-1.6187139
0.133076,-1.2950945
0.133078,-0.9252434
0.13308,-0.55539227
0.133082,-0.13931036
0.133084,0.23054075
0.133086,0.60039186
0.133088,0.970243
0.13309,1.3400936
0.133092,1.7099442
0.133094,2.033564
0.133096,2.4034152
0.133098,2.727035
0.1331,3.050654
0.133102,3.3280425
0.133104,3.605431
0.133106,3.8828197
0.133108,4.113976
0.13311,4.298901
0.133112,4.483826
0.133114,4.622521
0.133116,4.7612157
0.133118,4.8999095
0.13312,4.946141
0.133122,4.992371
0.133124,5.0386033
0.133126,5.0386033
0.133128,4.992371
0.13313,4.946141
0.133132,4.807446
0.133134,4.7149835
0.133136,4.5762897
0.133138,4.437596
0.13314,4.2064385
0.133142,3.9752812
0.133144,3.744125
0.133146,3.4667363
0.133148,3.1893477
0.13315,2.9119601
0.133152,2.5883412
0.133154,2.2184901
0.133156,1.8948698
0.133158,1.5250192
0.13316,1.2013993
0.133162,0.7853174
0.133164,0.4154663
0.133166,0.045615196
0.133168,-0.32423592
0.13317,-0.7403178
0.133172,-1.1101689
0.133174,-1.48002
0.133176,-1.8036394
0.133178,-2.1272593
0.13317999,-2.4971101
0.133182,-2.8207297
0.133184,-3.1443493
0.133186,-3.4217377
0.133188,-3.6991258
0.13319,-3.9302826
0.133192,-4.1614394
0.133194,-4.3925962
0.133196,-4.5312905
0.133198,-4.669985
0.1332,-4.8086786
0.133202,-4.9011416
0.133204,-4.947373
0.133206,-4.993604
0.133208,-5.0398355
0.13321,-4.993604
0.133212,-4.947373
0.133214,-4.9011416
0.133216,-4.7624474
0.133218,-4.669985
0.13322,-4.4850593
0.133222,-4.346365
0.133224,-4.1614394
0.13322599,-3.9302826
0.133228,-3.6528945
0.13323,-3.3755062
0.133232,-3.098118
0.133234,-2.7744985
0.133236,-2.4508786
0.133238,-2.1272593
0.13324,-1.7574081
0.133242,-1.4337888
0.133244,-1.0639377
0.133246,-0.6478553
0.133248,-0.27800417
0.13325,0.091846466
0.133252,0.46169758
0.133254,0.87777996
0.133256,1.2476311
0.133258,1.5712504
0.13326,1.9411016
0.133262,2.2647214
0.133264,2.6345725
0.133266,2.9581914
0.133268,3.23558
0.13327,3.5129685
0.133272,3.7903562
0.133274,4.0215135
0.133276,4.252671
0.133278,4.437596
0.13328,4.5762897
0.133282,4.7149835
0.133284,4.8536773
0.133286,4.946141
0.133288,4.992371
0.13329,5.0386033
0.133292,5.0386033
0.133294,4.992371
0.133296,4.946141
0.133298,4.8536773
0.1333,4.7612157
0.133302,4.622521
0.133304,4.437596
0.133306,4.298901
0.133308,4.0677447
0.13331,3.8365874
0.133312,3.5591989
0.133314,3.2818112
0.133316,3.0044227
0.133318,2.6808028
0.13332,2.357184
0.133322,1.9873328
0.133324,1.6637135
0.133326,1.2938623
0.133328,0.92401123
0.13333,0.5541601
0.133332,0.184309
0.133334,-0.2317729
0.133336,-0.601624
0.133338,-0.9714751
0.13334,-1.3413262
0.133342,-1.6649456
0.133344,-2.0347965
0.133346,-2.3584158
0.133348,-2.728267
0.13335,-3.0056553
0.133352,-3.329275
0.133354,-3.6066632
0.133356,-3.8378198
0.133358,-4.115208
0.13336,-4.3001337
0.133362,-4.4850593
0.133364,-4.623753
0.133366,-4.7624474
0.133368,-4.85491
0.13337,-4.947373
0.133372,-4.993604
0.133374,-5.0398355
0.133376,-4.993604
0.133378,-4.993604
0.13338,-4.9011416
0.133382,-4.8086786
0.133384,-4.716216
0.133386,-4.577522
0.133388,-4.3925962
0.13339,-4.2076707
0.133392,-3.976514
0.133394,-3.745357
0.133396,-3.467969
0.133398,-3.1905808
0.1334,-2.866961
0.133402,-2.5433414
0.133404,-2.2197218
0.133406,-1.8961024
0.133408,-1.5262513
0.13341,-1.1564007
0.133412,-0.78654957
0.133414,-0.41669846
0.133416,-0.046847343
0.133418,0.36923456
0.13342,0.7390857
0.133422,1.1089368
0.133424,1.4787879
0.133426,1.8024073
0.13342799,2.172258
0.13343,2.4958777
0.133432,2.8194976
0.133434,3.1431174
0.133436,3.420505
0.133438,3.6978936
0.13344,3.92905
0.133442,4.1602073
0.133444,4.3913646
0.133446,4.5300584
0.133448,4.668752
0.13345,4.807446
0.133452,4.8999095
0.133454,4.992371
0.133456,5.0386033
0.133458,5.0386033
0.13346,5.0386033
0.133462,4.992371
0.133464,4.8999095
0.133466,4.807446
0.133468,4.668752
0.13347,4.483826
0.133472,4.3451324
0.13347399,4.1602073
0.133476,3.92905
0.133478,3.6516623
0.13348,3.3742738
0.133482,3.0968862
0.133484,2.7732663
0.133486,2.4496465
0.133488,2.126027
0.13349,1.756176
0.133492,1.4325566
0.133494,1.0627055
0.133496,0.6928544
0.133498,0.27677202
0.1335,-0.09307861
0.133502,-0.46292973
0.133504,-0.83278084
0.133506,-1.202632
0.133508,-1.5724826
0.13351,-1.8961024
0.133512,-2.2659533
0.133514,-2.589573
0.133516,-2.9131925
0.133518,-3.236812
0.13351999,-3.5142004
0.133522,-3.7915885
0.133524,-4.022745
0.133526,-4.2539024
0.133528,-4.4388275
0.13353,-4.577522
0.133532,-4.716216
0.133534,-4.85491
0.133536,-4.9011416
0.133538,-4.993604
0.13354,-4.993604
0.133542,-5.0398355
0.133544,-4.993604
0.133546,-4.947373
0.133548,-4.85491
0.13355,-4.7624474
0.133552,-4.623753
0.133554,-4.4388275
0.133556,-4.3001337
0.133558,-4.068977
0.13356,-3.8378198
0.133562,-3.5604317
0.133564,-3.2830436
0.133566,-3.0056553
0.133568,-2.6820357
0.13357,-2.3584158
0.133572,-1.9885652
0.133574,-1.6187139
0.133576,-1.2950945
0.133578,-0.9252434
0.13358,-0.55539227
0.133582,-0.13931036
0.133584,0.23054075
0.133586,0.60039186
0.133588,0.970243
0.13359,1.3400936
0.133592,1.7099442
0.133594,2.033564
0.133596,2.4034152
0.133598,2.727035
0.1336,3.050654
0.133602,3.3280425
0.133604,3.605431
0.133606,3.8828197
0.133608,4.113976
0.13361,4.298901
0.133612,4.483826
0.133614,4.622521
0.133616,4.7612157
0.133618,4.8999095
0.13362,4.946141
0.133622,4.992371
0.133624,5.0386033
0.133626,5.0386033
0.133628,4.992371
0.13363,4.946141
0.133632,4.8536773
0.133634,4.7149835
0.133636,4.5762897
0.133638,4.437596
0.13364,4.2064385
0.133642,3.9752812
0.133644,3.744125
0.133646,3.4667363
0.133648,3.1893477
0.13365,2.9119601
0.133652,2.5883412
0.133654,2.2184901
0.133656,1.8948698
0.133658,1.5250192
0.13366,1.2013993
0.133662,0.7853174
0.133664,0.4154663
0.133666,0.045615196
0.133668,-0.32423592
0.13367,-0.7403178
0.133672,-1.1101689
0.133674,-1.48002
0.13367599,-1.8036394
0.133678,-2.1272593
0.13368,-2.4971101
0.133682,-2.8207297
0.133684,-3.1443493
0.133686,-3.4217377
0.133688,-3.6991258
0.13369,-3.9302826
0.133692,-4.1614394
0.133694,-4.3925962
0.133696,-4.5312905
0.133698,-4.669985
0.1337,-4.8086786
0.133702,-4.9011416
0.133704,-4.947373
0.133706,-4.993604
0.133708,-5.0398355
0.13371,-4.993604
0.133712,-4.947373
0.133714,-4.9011416
0.133716,-4.7624474
0.133718,-4.669985
0.13372,-4.4850593
0.13372199,-4.346365
0.133724,-4.1614394
0.133726,-3.9302826
0.133728,-3.6528945
0.13373,-3.3755062
0.133732,-3.098118
0.133734,-2.7744985
0.133736,-2.4508786
0.133738,-2.1272593
0.13374,-1.7574081
0.133742,-1.4337888
0.133744,-1.0639377
0.133746,-0.6478553
0.133748,-0.27800417
0.13375,0.5541601
0.133752,2.172258
0.133754,3.5591989
0.133756,4.483826
0.133758,4.8999095
0.13376,4.668752
0.133762,3.8828197
0.133764,2.6345725
0.133766,1.0627055
0.13376799,-0.6478553
0.13377,-2.2659533
0.133772,-3.6991258
0.133774,-4.577522
0.133776,-4.947373
0.133778,-4.669985
0.13378,-3.8840513
0.133782,-2.589573
0.133784,-0.9714751
0.133786,0.7853174
0.133788,2.4034152
0.13379,3.744125
0.133792,4.622521
0.133794,4.8999095
0.133796,4.622521
0.133798,3.744125
0.1338,2.4496465
0.133802,0.8315482
0.133804,-0.8790121
0.133806,-2.4971101
0.133808,-3.8378198
0.13381,-4.669985
0.133812,-4.9011416
0.133814,-4.577522
0.133816,-3.6991258
0.133818,-2.3584158
0.13382,-0.694087
0.133822,1.0627055
0.133824,2.6345725
0.133826,3.92905
0.133828,4.7149835
0.13383,4.8999095
0.133832,4.5300584
0.133834,3.605431
0.133836,2.2184901
0.133838,0.60039186
0.13384,-1.1101689
0.133842,-2.6820357
0.133844,-3.976514
0.133846,-4.716216
0.133848,-4.9011416
0.13385,-4.4850593
0.133852,-3.5142004
0.133854,-2.1272593
0.133856,-0.46292973
0.133858,1.2938623
0.13386,2.8194976
0.133862,4.0677447
0.133864,4.7612157
0.133866,4.8999095
0.133868,4.437596
0.13387,3.420505
0.133872,1.9873328
0.133874,0.3230033
0.133876,-1.387557
0.133878,-2.9131925
0.13388,-4.115208
0.133882,-4.7624474
0.133884,-4.85491
0.133886,-4.3925962
0.133888,-3.3755062
0.13389,-1.8961024
0.133892,-0.2317729
0.133894,1.5250192
0.133896,3.050654
0.133898,4.2064385
0.1339,4.807446
0.133902,4.8536773
0.133904,4.3451324
0.133906,3.23558
0.133908,1.756176
0.13391,0.091846466
0.133912,-1.5724826
0.133914,-3.098118
0.133916,-4.2539024
0.133918,-4.85491
0.13392,-4.85491
0.133922,-4.2539024
0.13392399,-3.1905808
0.133926,-1.6649456
0.133928,0.045615196
0.13393,1.756176
0.133932,3.23558
0.133934,4.3451324
0.133936,4.8536773
0.133938,4.807446
0.13394,4.2064385
0.133942,3.050654
0.133944,1.5250192
0.133946,-0.13931036
0.133948,-1.8036394
0.13395,-3.2830436
0.133952,-4.3925962
0.133954,-4.85491
0.133956,-4.8086786
0.133958,-4.1614394
0.13396,-3.0056553
0.133962,-1.4337888
0.133964,0.27677202
0.133966,1.9873328
0.133968,3.420505
0.13396999,4.437596
0.133972,4.8999095
0.133974,4.7612157
0.133976,4.0677447
0.133978,2.8657289
0.13398,1.3400936
0.133982,-0.41669846
0.133984,-2.0347965
0.133986,-3.467969
0.133988,-4.4388275
0.13399,-4.9011416
0.133992,-4.716216
0.133994,-4.022745
0.133996,-2.7744985
0.133998,-1.202632
0.134,0.5541601
0.134002,2.2184901
0.134004,3.605431
0.134006,4.5300584
0.134008,4.8999095
0.13401,4.7149835
0.134012,3.92905
0.134014,2.6345725
0.13401599,1.0627055
0.134018,-0.6478553
0.13402,-2.2659533
0.134022,-3.6528945
0.134024,-4.577522
0.134026,-4.9011416
0.134028,-4.669985
0.13403,-3.8378198
0.134032,-2.589573
0.134034,-0.9714751
0.134036,0.7853174
0.134038,2.4034152
0.13404,3.7903562
0.134042,4.622521
0.134044,4.8999095
0.134046,4.622521
0.134048,3.744125
0.13405,2.4496465
0.134052,0.8315482
0.134054,-0.8790121
0.134056,-2.4971101
0.134058,-3.8378198
0.13406,-4.623753
0.134062,-4.9011416
0.134064,-4.577522
0.134066,-3.6991258
0.134068,-2.3584158
0.13407,-0.694087
0.134072,1.0627055
0.134074,2.6345725
0.134076,3.92905
0.134078,4.7149835
0.13408,4.8999095
0.134082,4.5300584
0.134084,3.605431
0.134086,2.2184901
0.134088,0.60039186
0.13409,-1.1564007
0.134092,-2.6820357
0.134094,-3.976514
0.134096,-4.716216
0.134098,-4.9011416
0.1341,-4.4850593
0.134102,-3.5142004
0.134104,-2.1272593
0.134106,-0.46292973
0.134108,1.2938623
0.13411,2.8657289
0.134112,4.0677447
0.134114,4.7612157
0.134116,4.8999095
0.134118,4.437596
0.13412,3.420505
0.134122,1.9873328
0.134124,0.3230033
0.134126,-1.387557
0.134128,-2.9131925
0.13413,-4.115208
0.134132,-4.7624474
0.134134,-4.85491
0.134136,-4.3925962
0.134138,-3.3755062
0.13414,-1.8961024
0.134142,-0.2317729
0.134144,1.5250192
0.134146,3.050654
0.134148,4.2064385
0.13415,4.807446
0.134152,4.8536773
0.134154,4.3451324
0.134156,3.23558
0.134158,1.756176
0.13416,0.091846466
0.134162,-1.5724826
0.134164,-3.098118
0.134166,-4.2539024
0.134168,-4.85491
0.13417,-4.85491
0.13417199,-4.3001337
0.134174,-3.1905808
0.134176,-1.6649456
0.134178,0.045615196
0.13418,1.756176
0.134182,3.23558
0.134184,4.3451324
0.134186,4.8536773
0.134188,4.807446
0.13419,4.2064385
0.134192,3.050654
0.134194,1.5250192
0.134196,-0.13931036
0.134198,-1.8036394
0.1342,-3.2830436
0.134202,-4.3925962
0.134204,-4.85491
0.134206,-4.8086786
0.134208,-4.1614394
0.13421,-2.9594238
0.134212,-1.4337888
0.134214,0.27677202
0.134216,1.9873328
0.13421799,3.420505
0.13422,4.437596
0.134222,4.8999095
0.134224,4.7612157
0.134226,4.0677447
0.134228,2.8657289
0.13423,1.3400936
0.134232,-0.41669846
0.134234,-2.0347965
0.134236,-3.467969
0.134238,-4.4388275
0.13424,-4.9011416
0.134242,-4.716216
0.134244,-4.022745
0.134246,-2.7744985
0.134248,-1.202632
0.13425,0.5541601
0.134252,2.2184901
0.134254,3.605431
0.134256,4.5300584
0.134258,4.8999095
0.13426,4.7149835
0.134262,3.92905
0.13426399,2.6345725
0.134266,1.0627055
0.134268,-0.6478553
0.13427,-2.2659533
0.134272,-3.6528945
0.134274,-4.577522
0.134276,-4.9011416
0.134278,-4.669985
0.13428,-3.8378198
0.134282,-2.589573
0.134284,-0.9714751
0.134286,0.7853174
0.134288,2.4034152
0.13429,3.7903562
0.134292,4.622521
0.134294,4.946141
0.134296,4.622521
0.134298,3.7903562
0.1343,2.4496465
0.134302,0.8315482
0.134304,-0.8790121
0.134306,-2.4971101
0.134308,-3.8378198
0.13431,-4.669985
0.134312,-4.9011416
0.134314,-4.577522
0.134316,-3.6991258
0.134318,-2.3584158
0.13432,-0.694087
0.134322,1.0627055
0.134324,2.6345725
0.134326,3.92905
0.134328,4.7149835
0.13433,4.8999095
0.134332,4.5300584
0.134334,3.605431
0.134336,2.2184901
0.134338,0.60039186
0.13434,-1.1564007
0.134342,-2.6820357
0.134344,-3.976514
0.134346,-4.716216
0.134348,-4.9011416
0.13435,-4.4850593
0.134352,-3.5142004
0.134354,-2.1272593
0.134356,-0.46292973
0.134358,1.2938623
0.13436,2.8657289
0.134362,4.0677447
0.134364,4.7612157
0.134366,4.8999095
0.134368,4.437596
0.13437,3.420505
0.134372,1.9873328
0.134374,0.3230033
0.134376,-1.387557
0.134378,-2.9131925
0.13438,-4.115208
0.134382,-4.7624474
0.134384,-4.85491
0.134386,-4.3925962
0.134388,-3.3755062
0.13439,-1.8961024
0.134392,-0.18554163
0.134394,1.5250192
0.134396,3.050654
0.134398,4.2064385
0.1344,4.807446
0.134402,4.8536773
0.134404,4.3451324
0.134406,3.23558
0.134408,1.756176
0.13441,0.091846466
0.134412,-1.5724826
0.134414,-3.098118
0.134416,-4.2539024
0.134418,-4.85491
0.13442,-4.85491
0.134422,-4.2539024
0.134424,-3.1905808
0.134426,-1.6649456
0.134428,0.045615196
0.13443,1.756176
0.134432,3.23558
0.134434,4.3451324
0.134436,4.8536773
0.134438,4.807446
0.13444,4.2064385
0.134442,3.050654
0.134444,1.5250192
0.134446,-0.13931036
0.134448,-1.8036394
0.13445,-3.2830436
0.134452,-4.3925962
0.134454,-4.85491
0.134456,-4.8086786
0.134458,-4.1614394
0.13446,-2.9594238
0.134462,-1.4337888
0.134464,0.27677202
0.13446599,1.9873328
0.134468,3.420505
0.13447,4.437596
0.134472,4.8999095
0.134474,4.7612157
0.134476,4.0677447
0.134478,2.8657289
0.13448,1.3400936
0.134482,-0.41669846
0.134484,-2.0347965
0.134486,-3.467969
0.134488,-4.4388275
0.13449,-4.9011416
0.134492,-4.716216
0.134494,-4.022745
0.134496,-2.7744985
0.134498,-1.202632
0.1345,0.5541601
0.134502,2.2184901
0.134504,3.605431
0.134506,4.5300584
0.134508,4.8999095
0.13451,4.7149835
0.13451199,3.92905
0.134514,2.6345725
0.134516,1.0627055
0.134518,-0.6478553
0.13452,-2.2659533
0.134522,-3.6528945
0.134524,-4.577522
0.134526,-4.9011416
0.134528,-4.669985
0.13453,-3.8378198
0.134532,-2.589573
0.134534,-0.9714751
0.134536,0.7853174
0.134538,2.4034152
0.13454,3.7903562
0.134542,4.622521
0.134544,4.8999095
0.134546,4.622521
0.134548,3.744125
0.13455,2.4496465
0.134552,0.8315482
0.134554,-0.8790121
0.134556,-2.4971101
0.13455799,-3.8378198
0.13456,-4.669985
0.134562,-4.9011416
0.134564,-4.577522
0.134566,-3.6991258
0.134568,-2.3584158
0.13457,-0.694087
0.134572,1.0627055
0.134574,2.6345725
0.134576,3.92905
0.134578,4.7149835
0.13458,4.8999095
0.134582,4.5300584
0.134584,3.605431
0.134586,2.2184901
0.134588,0.60039186
0.13459,-1.1564007
0.134592,-2.6820357
0.134594,-3.976514
0.134596,-4.716216
0.134598,-4.9011416
0.1346,-4.4850593
0.134602,-3.5142004
0.134604,-2.1272593
0.134606,-0.46292973
0.134608,1.2938623
0.13461,2.8657289
0.134612,4.0677447
0.134614,4.7612157
0.134616,4.8999095
0.134618,4.437596
0.13462,3.420505
0.134622,1.9873328
0.134624,0.3230033
0.134626,-1.387557
0.134628,-2.9131925
0.13463,-4.115208
0.134632,-4.7624474
0.134634,-4.85491
0.134636,-4.3925962
0.134638,-3.3755062
0.13464,-1.8961024
0.134642,-0.18554163
0.134644,1.5250192
0.134646,3.050654
0.134648,4.2064385
0.13465,4.807446
0.134652,4.8536773
0.134654,4.3451324
0.134656,3.23558
0.134658,1.756176
0.13466,0.091846466
0.134662,-1.5724826
0.134664,-3.098118
0.134666,-4.2539024
0.134668,-4.85491
0.13467,-4.85491
0.134672,-4.2539024
0.134674,-3.1905808
0.134676,-1.6649456
0.134678,0.045615196
0.13468,1.756176
0.134682,3.23558
0.134684,4.3451324
0.134686,4.8536773
0.134688,4.807446
0.13469,4.2064385
0.134692,3.050654
0.134694,1.5250192
0.134696,-0.13931036
0.134698,-1.8036394
0.1347,-3.2830436
0.134702,-4.3925962
0.134704,-4.85491
0.134706,-4.8086786
0.134708,-4.1614394
0.13471,-2.9594238
0.134712,-1.4337888
0.13471399,0.3230033
0.134716,1.9873328
0.134718,3.420505
0.13472,4.437596
0.134722,4.8999095
0.134724,4.7612157
0.134726,4.0677447
0.134728,2.8657289
0.13473,1.2938623
0.134732,-0.41669846
0.134734,-2.0347965
0.134736,-3.467969
0.134738,-4.4388275
0.13474,-4.9011416
0.134742,-4.716216
0.134744,-4.022745
0.134746,-2.7744985
0.134748,-1.202632
0.13475,0.091846466
0.134752,0.50792885
0.134754,0.92401123
0.134756,1.2938623
0.134758,1.6174817
0.13475999,1.9873328
0.134762,2.3109517
0.134764,2.6345725
0.134766,2.9581914
0.134768,3.2818112
0.13477,3.5591989
0.134772,3.7903562
0.134774,4.0677447
0.134776,4.252671
0.134778,4.437596
0.13478,4.5762897
0.134782,4.7612157
0.134784,4.8536773
0.134786,4.946141
0.134788,4.992371
0.13479,5.0386033
0.134792,5.0386033
0.134794,4.992371
0.134796,4.946141
0.134798,4.8536773
0.1348,4.7612157
0.134802,4.622521
0.134804,4.437596
0.13480599,4.298901
0.134808,4.0677447
0.13481,3.8365874
0.134812,3.5591989
0.134814,3.2818112
0.134816,3.0044227
0.134818,2.6808028
0.13482,2.357184
0.134822,1.9873328
0.134824,1.6637135
0.134826,1.2938623
0.134828,0.92401123
0.13483,0.5541601
0.134832,0.184309
0.134834,-0.2317729
0.134836,-0.601624
0.134838,-0.9714751
0.13484,-1.3413262
0.134842,-1.6649456
0.134844,-2.0347965
0.134846,-2.3584158
0.134848,-2.728267
0.13485,-3.0056553
0.134852,-3.329275
0.134854,-3.6066632
0.134856,-3.8378198
0.134858,-4.115208
0.13486,-4.3001337
0.134862,-4.4850593
0.134864,-4.623753
0.134866,-4.7624474
0.134868,-4.85491
0.13487,-4.947373
0.134872,-4.993604
0.134874,-5.0398355
0.134876,-4.993604
0.134878,-4.993604
0.13488,-4.9011416
0.134882,-4.8086786
0.134884,-4.716216
0.134886,-4.5312905
0.134888,-4.3925962
0.13489,-4.2076707
0.134892,-3.976514
0.134894,-3.745357
0.134896,-3.467969
0.134898,-3.1905808
0.1349,-2.866961
0.134902,-2.5433414
0.134904,-2.2197218
0.134906,-1.8961024
0.134908,-1.5262513
0.13491,-1.1564007
0.134912,-0.78654957
0.134914,-0.41669846
0.134916,-0.046847343
0.134918,0.36923456
0.13492,0.7390857
0.134922,1.1089368
0.134924,1.4787879
0.134926,1.8024073
0.134928,2.172258
0.13493,2.4958777
0.134932,2.8194976
0.134934,3.1431174
0.134936,3.420505
0.134938,3.6978936
0.13494,3.9752812
0.134942,4.1602073
0.134944,4.3913646
0.134946,4.5300584
0.134948,4.668752
0.13495,4.807446
0.134952,4.8999095
0.134954,4.992371
0.134956,5.0386033
0.134958,5.0386033
0.13496,5.0386033
0.13496199,4.946141
0.134964,4.8999095
0.134966,4.807446
0.134968,4.668752
0.13497,4.483826
0.134972,4.3451324
0.134974,4.1602073
0.134976,3.92905
0.134978,3.6516623
0.13498,3.3742738
0.134982,3.0968862
0.134984,2.7732663
0.134986,2.4496465
0.134988,2.126027
0.13499,1.756176
0.134992,1.4325566
0.134994,1.0627055
0.134996,0.6928544
0.134998,0.27677202
0.135,-0.09307861
0.135002,-0.46292973
0.135004,-0.83278084
0.135006,-1.202632
0.13500799,-1.5724826
0.13501,-1.9423337
0.135012,-2.2659533
0.135014,-2.589573
0.135016,-2.9131925
0.135018,-3.236812
0.13502,-3.5142004
0.135022,-3.7915885
0.135024,-4.022745
0.135026,-4.2539024
0.135028,-4.4388275
0.13503,-4.577522
0.135032,-4.716216
0.135034,-4.85491
0.135036,-4.9011416
0.135038,-4.993604
0.13504,-4.993604
0.135042,-5.0398355
0.135044,-4.993604
0.135046,-4.947373
0.135048,-4.85491
0.13505,-4.7624474
0.135052,-4.623753
0.13505399,-4.4388275
0.135056,-4.3001337
0.135058,-4.068977
0.13506,-3.8378198
0.135062,-3.5604317
0.135064,-3.2830436
0.135066,-3.0056553
0.135068,-2.6820357
0.13507,-2.3584158
0.135072,-1.9885652
0.135074,-1.6187139
0.135076,-1.2950945
0.135078,-0.9252434
0.13508,-0.55539227
0.135082,-0.13931036
0.135084,0.23054075
0.135086,0.60039186
0.135088,0.970243
0.13509,1.3400936
0.135092,1.7099442
0.135094,2.033564
0.135096,2.4034152
0.135098,2.727035
0.1351,3.050654
0.135102,3.3280425
0.135104,3.605431
0.135106,3.8828197
0.135108,4.113976
0.13511,4.298901
0.135112,4.483826
0.135114,4.622521
0.135116,4.7612157
0.135118,4.8999095
0.13512,4.946141
0.135122,4.992371
0.135124,5.0386033
0.135126,5.0386033
0.135128,4.992371
0.13513,4.946141
0.135132,4.8536773
0.135134,4.7149835
0.135136,4.5762897
0.135138,4.437596
0.13514,4.2064385
0.135142,3.9752812
0.135144,3.744125
0.135146,3.4667363
0.135148,3.1893477
0.13515,2.8657289
0.135152,2.5883412
0.135154,2.2184901
0.135156,1.8948698
0.135158,1.5250192
0.13516,1.2013993
0.135162,0.7853174
0.135164,0.4154663
0.135166,0.045615196
0.135168,-0.32423592
0.13517,-0.7403178
0.135172,-1.1101689
0.135174,-1.48002
0.135176,-1.8036394
0.135178,-2.1734905
0.13518,-2.4971101
0.135182,-2.8207297
0.135184,-3.1443493
0.135186,-3.4217377
0.135188,-3.6991258
0.13519,-3.9302826
0.135192,-4.1614394
0.135194,-4.3925962
0.135196,-4.5312905
0.135198,-4.669985
0.1352,-4.8086786
0.135202,-4.9011416
0.135204,-4.947373
0.135206,-4.993604
0.135208,-5.0398355
0.13520999,-4.993604
0.135212,-4.947373
0.135214,-4.9011416
0.135216,-4.7624474
0.135218,-4.669985
0.13522,-4.4850593
0.135222,-4.346365
0.135224,-4.1614394
0.135226,-3.9302826
0.135228,-3.6528945
0.13523,-3.3755062
0.135232,-3.098118
0.135234,-2.7744985
0.135236,-2.4508786
0.135238,-2.1272593
0.13524,-1.7574081
0.135242,-1.4337888
0.135244,-1.0639377
0.135246,-0.6478553
0.135248,-0.27800417
0.13525,0.091846466
0.135252,0.46169758
0.135254,0.87777996
0.13525599,1.2476311
0.135258,1.5712504
0.13526,1.9411016
0.135262,2.2647214
0.135264,2.6345725
0.135266,2.9581914
0.135268,3.23558
0.13527,3.5129685
0.135272,3.7903562
0.135274,4.0215135
0.135276,4.252671
0.135278,4.437596
0.13528,4.5762897
0.135282,4.7149835
0.135284,4.8536773
0.135286,4.946141
0.135288,4.992371
0.13529,5.0386033
0.135292,5.0386033
0.135294,4.992371
0.135296,4.946141
0.135298,4.8536773
0.1353,4.7612157
0.13530199,4.622521
0.135304,4.437596
0.135306,4.298901
0.135308,4.0677447
0.13531,3.8365874
0.135312,3.5591989
0.135314,3.2818112
0.135316,3.0044227
0.135318,2.6808028
0.13532,2.357184
0.135322,1.9873328
0.135324,1.6637135
0.135326,1.2938623
0.135328,0.92401123
0.13533,0.5541601
0.135332,0.184309
0.135334,-0.2317729
0.135336,-0.601624
0.135338,-0.9714751
0.13534,-1.3413262
0.135342,-1.6649456
0.135344,-2.0347965
0.135346,-2.3584158
0.135348,-2.728267
0.13535,-3.0056553
0.135352,-3.329275
0.135354,-3.6066632
0.135356,-3.8378198
0.135358,-4.115208
0.13536,-4.3001337
0.135362,-4.4850593
0.135364,-4.623753
0.135366,-4.7624474
0.135368,-4.85491
0.13537,-4.947373
0.135372,-4.993604
0.135374,-5.0398355
0.135376,-4.993604
0.135378,-4.993604
0.13538,-4.9011416
0.135382,-4.8086786
0.135384,-4.716216
0.135386,-4.5312905
0.135388,-4.3925962
0.13539,-4.2076707
0.135392,-3.976514
0.135394,-3.745357
0.135396,-3.467969
0.135398,-3.1905808
0.1354,-2.866961
0.135402,-2.5433414
0.135404,-2.2197218
0.135406,-1.8961024
0.135408,-1.5262513
0.13541,-1.1564007
0.135412,-0.78654957
0.135414,-0.41669846
0.135416,-0.046847343
0.135418,0.36923456
0.13542,0.7390857
0.135422,1.1089368
0.135424,1.4787879
0.135426,1.8024073
0.135428,2.172258
0.13543,2.4958777
0.135432,2.8194976
0.135434,3.1431174
0.135436,3.420505
0.135438,3.6978936
0.13544,3.92905
0.135442,4.1602073
0.135444,4.3913646
0.135446,4.5300584
0.135448,4.668752
0.13545,4.807446
0.135452,4.8999095
0.135454,4.992371
0.135456,5.0386033
0.135458,5.0386033
0.13546,5.0386033
0.135462,4.946141
0.135464,4.8999095
0.135466,4.807446
0.135468,4.668752
0.13547,4.483826
0.135472,4.3451324
0.135474,4.1602073
0.135476,3.92905
0.135478,3.6516623
0.13548,3.3742738
0.135482,3.0968862
0.135484,2.7732663
0.135486,2.4496465
0.135488,2.126027
0.13549,1.756176
0.135492,1.4325566
0.135494,1.0627055
0.135496,0.6928544
0.135498,0.27677202
0.1355,-0.09307861
0.135502,-0.46292973
0.13550399,-0.83278084
0.135506,-1.202632
0.135508,-1.5724826
0.13551,-1.8961024
0.135512,-2.2659533
0.135514,-2.589573
0.135516,-2.9131925
0.135518,-3.236812
0.13552,-3.5142004
0.135522,-3.7915885
0.135524,-4.022745
0.135526,-4.2539024
0.135528,-4.4388275
0.13553,-4.577522
0.135532,-4.716216
0.135534,-4.85491
0.135536,-4.9011416
0.135538,-4.993604
0.13554,-5.0398355
0.135542,-5.0398355
0.135544,-4.993604
0.135546,-4.947373
0.135548,-4.85491
0.13554999,-4.7624474
0.135552,-4.623753
0.135554,-4.4388275
0.135556,-4.3001337
0.135558,-4.068977
0.13556,-3.8378198
0.135562,-3.5604317
0.135564,-3.2830436
0.135566,-3.0056553
0.135568,-2.6820357
0.13557,-2.3584158
0.135572,-1.9885652
0.135574,-1.6187139
0.135576,-1.2950945
0.135578,-0.9252434
0.13558,-0.55539227
0.135582,-0.13931036
0.135584,0.23054075
0.135586,0.60039186
0.135588,0.970243
0.13559,1.3400936
0.135592,1.7099442
0.135594,2.033564
0.13559599,2.4034152
0.135598,2.727035
0.1356,3.050654
0.135602,3.3280425
0.135604,3.605431
0.135606,3.8828197
0.135608,4.113976
0.13561,4.298901
0.135612,4.483826
0.135614,4.622521
0.135616,4.7612157
0.135618,4.8999095
0.13562,4.946141
0.135622,4.992371
0.135624,5.0386033
0.135626,5.0386033
0.135628,4.992371
0.13563,4.8999095
0.135632,4.8536773
0.135634,4.7149835
0.135636,4.5762897
0.135638,4.437596
0.13564,4.2064385
0.135642,3.9752812
0.135644,3.744125
0.135646,3.4667363
0.135648,3.1893477
0.13565,2.9119601
0.135652,2.5883412
0.135654,2.2184901
0.135656,1.8948698
0.135658,1.5250192
0.13566,1.1551685
0.135662,0.7853174
0.135664,0.4154663
0.135666,0.045615196
0.135668,-0.32423592
0.13567,-0.7403178
0.135672,-1.1101689
0.135674,-1.48002
0.135676,-1.8036394
0.135678,-2.1734905
0.13568,-2.4971101
0.135682,-2.8207297
0.135684,-3.1443493
0.135686,-3.4217377
0.135688,-3.6991258
0.13569,-3.9302826
0.135692,-4.1614394
0.135694,-4.3925962
0.135696,-4.5312905
0.135698,-4.669985
0.1357,-4.8086786
0.135702,-4.9011416
0.135704,-4.947373
0.135706,-4.993604
0.135708,-5.0398355
0.13571,-4.993604
0.135712,-4.947373
0.135714,-4.9011416
0.135716,-4.7624474
0.135718,-4.669985
0.13572,-4.4850593
0.135722,-4.346365
0.135724,-4.1614394
0.135726,-3.9302826
0.135728,-3.6528945
0.13573,-3.3755062
0.135732,-3.098118
0.135734,-2.7744985
0.135736,-2.4508786
0.135738,-2.1272593
0.13574,-1.7574081
0.135742,-1.4337888
0.135744,-1.0639377
0.135746,-0.6478553
0.135748,-0.27800417
0.13575,0.5541601
0.13575199,2.172258
0.135754,3.5591989
0.135756,4.483826
0.135758,4.8999095
0.13576,4.668752
0.135762,3.8828197
0.135764,2.6345725
0.135766,1.0627055
0.135768,-0.694087
0.13577,-2.2659533
0.135772,-3.6991258
0.135774,-4.577522
0.135776,-4.947373
0.135778,-4.669985
0.13578,-3.8840513
0.135782,-2.589573
0.135784,-0.9714751
0.135786,0.7853174
0.135788,2.4034152
0.13579,3.744125
0.135792,4.622521
0.135794,4.8999095
0.135796,4.622521
0.13579799,3.744125
0.1358,2.4034152
0.135802,0.8315482
0.135804,-0.9252434
0.135806,-2.4971101
0.135808,-3.8378198
0.13581,-4.669985
0.135812,-4.9011416
0.135814,-4.577522
0.135816,-3.6991258
0.135818,-2.3584158
0.13582,-0.694087
0.135822,1.0627055
0.135824,2.6345725
0.135826,3.92905
0.135828,4.7149835
0.13583,4.8999095
0.135832,4.5300584
0.135834,3.605431
0.135836,2.2184901
0.135838,0.60039186
0.13584,-1.1564007
0.135842,-2.6820357
0.13584399,-3.976514
0.135846,-4.716216
0.135848,-4.9011416
0.13585,-4.4850593
0.135852,-3.5142004
0.135854,-2.1272593
0.135856,-0.46292973
0.135858,1.2938623
0.13586,2.8657289
0.135862,4.0677447
0.135864,4.7612157
0.135866,4.8999095
0.135868,4.437596
0.13587,3.420505
0.135872,1.9873328
0.135874,0.3230033
0.135876,-1.387557
0.135878,-2.9131925
0.13588,-4.115208
0.135882,-4.8086786
0.135884,-4.85491
0.135886,-4.3925962
0.135888,-3.3755062
0.13589,-1.8961024
0.135892,-0.18554163
0.135894,1.5250192
0.135896,3.050654
0.135898,4.2064385
0.1359,4.807446
0.135902,4.8536773
0.135904,4.3451324
0.135906,3.23558
0.135908,1.756176
0.13591,0.091846466
0.135912,-1.5724826
0.135914,-3.098118
0.135916,-4.2539024
0.135918,-4.85491
0.13592,-4.85491
0.135922,-4.2539024
0.135924,-3.1905808
0.135926,-1.6649456
0.135928,0.045615196
0.13593,1.756176
0.135932,3.23558
0.135934,4.3451324
0.135936,4.8536773
0.135938,4.807446
0.13594,4.2064385
0.135942,3.050654
0.135944,1.5250192
0.135946,-0.18554163
0.135948,-1.8036394
0.13595,-3.2830436
0.135952,-4.3925962
0.135954,-4.85491
0.135956,-4.8086786
0.135958,-4.1614394
0.13596,-2.9594238
0.135962,-1.4337888
0.135964,0.3230033
0.135966,1.9873328
0.135968,3.420505
0.13597,4.437596
0.135972,4.8999095
0.135974,4.7612157
0.135976,4.0677447
0.135978,2.8657289
0.13598,1.2938623
0.135982,-0.41669846
0.135984,-2.0347965
0.135986,-3.467969
0.135988,-4.4850593
0.13599,-4.9011416
0.135992,-4.716216
0.135994,-3.976514
0.135996,-2.7744985
0.135998,-1.202632
0.13599999,0.5541601
0.136002,2.2184901
0.136004,3.605431
0.136006,4.5300584
0.136008,4.8999095
0.13601,4.7149835
0.136012,3.92905
0.136014,2.6345725
0.136016,1.0627055
0.136018,-0.6478553
0.13602,-2.2659533
0.136022,-3.6528945
0.136024,-4.577522
0.136026,-4.9011416
0.136028,-4.669985
0.13603,-3.8378198
0.136032,-2.5433414
0.136034,-0.9714751
0.136036,0.7853174
0.136038,2.4496465
0.13604,3.7903562
0.136042,4.622521
0.136044,4.8999095
0.13604599,4.622521
0.136048,3.744125
0.13605,2.4496465
0.136052,0.8315482
0.136054,-0.8790121
0.136056,-2.4971101
0.136058,-3.8378198
0.13606,-4.669985
0.136062,-4.9011416
0.136064,-4.577522
0.136066,-3.6991258
0.136068,-2.3584158
0.13607,-0.694087
0.136072,1.0627055
0.136074,2.6345725
0.136076,3.92905
0.136078,4.7149835
0.13608,4.8999095
0.136082,4.5300584
0.136084,3.605431
0.136086,2.2184901
0.136088,0.60039186
0.13609,-1.1564007
0.13609199,-2.6820357
0.136094,-3.976514
0.136096,-4.716216
0.136098,-4.9011416
0.1361,-4.4850593
0.136102,-3.5142004
0.136104,-2.1272593
0.136106,-0.46292973
0.136108,1.2938623
0.13611,2.8657289
0.136112,4.0677447
0.136114,4.7612157
0.136116,4.8999095
0.136118,4.437596
0.13612,3.420505
0.136122,1.9873328
0.136124,0.3230033
0.136126,-1.387557
0.136128,-2.9131925
0.13613,-4.115208
0.136132,-4.8086786
0.136134,-4.85491
0.136136,-4.3925962
0.136138,-3.329275
0.13614,-1.8961024
0.136142,-0.18554163
0.136144,1.5250192
0.136146,3.050654
0.136148,4.2064385
0.13615,4.807446
0.136152,4.8536773
0.136154,4.3451324
0.136156,3.23558
0.136158,1.756176
0.13616,0.091846466
0.136162,-1.5724826
0.136164,-3.098118
0.136166,-4.2539024
0.136168,-4.85491
0.13617,-4.85491
0.136172,-4.2539024
0.136174,-3.1443493
0.136176,-1.6649456
0.136178,0.045615196
0.13618,1.756176
0.136182,3.23558
0.136184,4.3451324
0.136186,4.8536773
0.136188,4.807446
0.13619,4.2064385
0.136192,3.050654
0.136194,1.5250192
0.136196,-0.18554163
0.136198,-1.8036394
0.1362,-3.329275
0.136202,-4.3925962
0.136204,-4.85491
0.136206,-4.8086786
0.136208,-4.1614394
0.13621,-2.9594238
0.136212,-1.4337888
0.136214,0.3230033
0.136216,1.9873328
0.136218,3.420505
0.13622,4.437596
0.136222,4.8999095
0.136224,4.7612157
0.136226,4.0677447
0.136228,2.8657289
0.13623,1.2938623
0.136232,-0.41669846
0.136234,-2.0347965
0.136236,-3.5142004
0.136238,-4.4850593
0.13624,-4.9011416
0.136242,-4.716216
0.136244,-4.022745
0.136246,-2.7744985
0.13624799,-1.202632
0.13625,0.5541601
0.136252,2.2184901
0.136254,3.605431
0.136256,4.5300584
0.136258,4.8999095
0.13626,4.7149835
0.136262,3.92905
0.136264,2.6345725
0.136266,1.0627055
0.136268,-0.6478553
0.13627,-2.2659533
0.136272,-3.6528945
0.136274,-4.577522
0.136276,-4.9011416
0.136278,-4.669985
0.13628,-3.8378198
0.136282,-2.5433414
0.136284,-0.9252434
0.136286,0.7853174
0.136288,2.4496465
0.13629,3.7903562
0.136292,4.622521
0.13629399,4.946141
0.136296,4.622521
0.136298,3.744125
0.1363,2.4496465
0.136302,0.8315482
0.136304,-0.8790121
0.136306,-2.4971101
0.136308,-3.8378198
0.13631,-4.669985
0.136312,-4.9011416
0.136314,-4.577522
0.136316,-3.6991258
0.136318,-2.3584158
0.13632,-0.694087
0.136322,1.0627055
0.136324,2.6345725
0.136326,3.92905
0.136328,4.7149835
0.13633,4.8999095
0.136332,4.5300584
0.136334,3.605431
0.136336,2.2184901
0.136338,0.60039186
0.13633999,-1.1564007
0.136342,-2.6820357
0.136344,-3.976514
0.136346,-4.716216
0.136348,-4.9011416
0.13635,-4.4850593
0.136352,-3.5142004
0.136354,-2.1272593
0.136356,-0.46292973
0.136358,1.2938623
0.13636,2.8657289
0.136362,4.0677447
0.136364,4.7612157
0.136366,4.8999095
0.136368,4.437596
0.13637,3.420505
0.136372,1.9873328
0.136374,0.3230033
0.136376,-1.387557
0.136378,-2.9131925
0.13638,-4.115208
0.136382,-4.8086786
0.136384,-4.85491
0.136386,-4.3925962
0.136388,-3.329275
0.13639,-1.8961024
0.136392,-0.18554163
0.136394,1.5250192
0.136396,3.050654
0.136398,4.2064385
0.1364,4.807446
0.136402,4.8536773
0.136404,4.3451324
0.136406,3.23558
0.136408,1.756176
0.13641,0.091846466
0.136412,-1.5724826
0.136414,-3.098118
0.136416,-4.2539024
0.136418,-4.85491
0.13642,-4.85491
0.136422,-4.2539024
0.136424,-3.1443493
0.136426,-1.6649456
0.136428,0.045615196
0.13643,1.756176
0.136432,3.23558
0.136434,4.3451324
0.136436,4.8536773
0.136438,4.807446
0.13644,4.2064385
0.136442,3.050654
0.136444,1.5250192
0.136446,-0.18554163
0.136448,-1.8036394
0.13645,-3.329275
0.136452,-4.3925962
0.136454,-4.85491
0.136456,-4.7624474
0.136458,-4.1614394
0.13646,-2.9594238
0.136462,-1.4337888
0.136464,0.3230033
0.136466,1.9873328
0.136468,3.420505
0.13647,4.437596
0.136472,4.8999095
0.136474,4.7612157
0.136476,4.0677447
0.136478,2.8657289
0.13648,1.2938623
0.136482,-0.41669846
0.136484,-2.0347965
0.136486,-3.5142004
0.136488,-4.4850593
0.13649,-4.9011416
0.136492,-4.716216
0.136494,-4.022745
0.13649599,-2.7744985
0.136498,-1.202632
0.1365,0.5541601
0.136502,2.2184901
0.136504,3.605431
0.136506,4.5300584
0.136508,4.8999095
0.13651,4.7149835
0.136512,3.92905
0.136514,2.6345725
0.136516,1.0627055
0.136518,-0.6478553
0.13652,-2.2659533
0.136522,-3.6528945
0.136524,-4.577522
0.136526,-4.9011416
0.136528,-4.669985
0.13653,-3.8378198
0.136532,-2.5433414
0.136534,-0.9252434
0.136536,0.7853174
0.136538,2.4496465
0.13654,3.7903562
0.13654199,4.622521
0.136544,4.8999095
0.136546,4.622521
0.136548,3.744125
0.13655,2.4496465
0.136552,0.8315482
0.136554,-0.9252434
0.136556,-2.4971101
0.136558,-3.8378198
0.13656,-4.669985
0.136562,-4.9011416
0.136564,-4.577522
0.136566,-3.6991258
0.136568,-2.3584158
0.13657,-0.694087
0.136572,1.0627055
0.136574,2.6345725
0.136576,3.92905
0.136578,4.7149835
0.13658,4.8999095
0.136582,4.5300584
0.136584,3.605431
0.136586,2.2184901
0.13658799,0.60039186
0.13659,-1.1564007
0.136592,-2.6820357
0.136594,-3.976514
0.136596,-4.716216
0.136598,-4.9011416
0.1366,-4.4850593
0.136602,-3.5142004
0.136604,-2.1272593
0.136606,-0.46292973
0.136608,1.2938623
0.13661,2.8657289
0.136612,4.0677447
0.136614,4.7612157
0.136616,4.8999095
0.136618,4.437596
0.13662,3.420505
0.136622,1.9873328
0.136624,0.3230033
0.136626,-1.387557
0.136628,-2.9131925
0.13663,-4.115208
0.136632,-4.8086786
0.136634,-4.85491
0.136636,-4.3925962
0.136638,-3.329275
0.13664,-1.8961024
0.136642,-0.18554163
0.136644,1.5250192
0.136646,3.050654
0.136648,4.2064385
0.13665,4.807446
0.136652,4.8536773
0.136654,4.3451324
0.136656,3.23558
0.136658,1.756176
0.13666,0.091846466
0.136662,-1.5724826
0.136664,-3.098118
0.136666,-4.2539024
0.136668,-4.85491
0.13667,-4.85491
0.136672,-4.2539024
0.136674,-3.1443493
0.136676,-1.6649456
0.136678,0.045615196
0.13668,1.756176
0.136682,3.23558
0.136684,4.3451324
0.136686,4.8536773
0.136688,4.807446
0.13669,4.2064385
0.136692,3.050654
0.136694,1.5250192
0.136696,-0.18554163
0.136698,-1.8036394
0.1367,-3.329275
0.136702,-4.3925962
0.136704,-4.85491
0.136706,-4.7624474
0.136708,-4.1614394
0.13671,-2.9594238
0.136712,-1.4337888
0.136714,0.3230033
0.136716,1.9873328
0.136718,3.420505
0.13672,4.437596
0.136722,4.8999095
0.136724,4.7612157
0.136726,4.0677447
0.136728,2.8657289
0.13673,1.2938623
0.136732,-0.41669846
0.136734,-2.0347965
0.136736,-3.5142004
0.136738,-4.4850593
0.13674,-4.9011416
0.136742,-4.716216
0.136744,-3.976514
0.136746,-2.7744985
0.136748,-1.202632
0.13675,0.13807821
0.136752,0.50792885
0.136754,0.92401123
0.136756,1.2938623
0.136758,1.6174817
0.13676,1.9873328
0.136762,2.3109517
0.136764,2.6345725
0.136766,2.9581914
0.136768,3.2818112
0.13677,3.5591989
0.136772,3.7903562
0.136774,4.0677447
0.136776,4.252671
0.136778,4.437596
0.13678,4.622521
0.136782,4.7612157
0.136784,4.8536773
0.136786,4.946141
0.136788,4.992371
0.13678999,5.0386033
0.136792,5.0386033
0.136794,4.992371
0.136796,4.946141
0.136798,4.8536773
0.1368,4.7612157
0.136802,4.622521
0.136804,4.437596
0.136806,4.298901
0.136808,4.0677447
0.13681,3.8365874
0.136812,3.5591989
0.136814,3.2818112
0.136816,3.0044227
0.136818,2.6808028
0.13682,2.357184
0.136822,1.9873328
0.136824,1.6637135
0.136826,1.2938623
0.136828,0.92401123
0.13683,0.5541601
0.136832,0.184309
0.136834,-0.2317729
0.13683599,-0.601624
0.136838,-0.9714751
0.13684,-1.3413262
0.136842,-1.6649456
0.136844,-2.0347965
0.136846,-2.3584158
0.136848,-2.728267
0.13685,-3.0056553
0.136852,-3.329275
0.136854,-3.6066632
0.136856,-3.8840513
0.136858,-4.115208
0.13686,-4.3001337
0.136862,-4.4850593
0.136864,-4.623753
0.136866,-4.7624474
0.136868,-4.85491
0.13687,-4.947373
0.136872,-4.993604
0.136874,-5.0398355
0.136876,-4.993604
0.136878,-4.993604
0.13688,-4.9011416
0.13688199,-4.8086786
0.136884,-4.716216
0.136886,-4.5312905
0.136888,-4.3925962
0.13689,-4.2076707
0.136892,-3.976514
0.136894,-3.745357
0.136896,-3.467969
0.136898,-3.1905808
0.1369,-2.866961
0.136902,-2.5433414
0.136904,-2.2197218
0.136906,-1.8961024
0.136908,-1.5262513
0.13691,-1.1564007
0.136912,-0.78654957
0.136914,-0.41669846
0.136916,-0.046847343
0.136918,0.36923456
0.13692,0.7390857
0.136922,1.1089368
0.136924,1.4787879
0.136926,1.8024073
0.136928,2.172258
0.13693,2.4958777
0.136932,2.8194976
0.136934,3.1431174
0.136936,3.420505
0.136938,3.6978936
0.13694,3.9752812
0.136942,4.1602073
0.136944,4.3913646
0.136946,4.5300584
0.136948,4.668752
0.13695,4.807446
0.136952,4.8999095
0.136954,4.992371
0.136956,5.0386033
0.136958,5.0386033
0.13696,4.992371
0.136962,4.992371
0.136964,4.8999095
0.136966,4.807446
0.136968,4.668752
0.13697,4.483826
0.136972,4.3451324
0.136974,4.1602073
0.136976,3.92905
0.136978,3.6516623
0.13698,3.3742738
0.136982,3.0968862
0.136984,2.7732663
0.136986,2.4496465
0.136988,2.126027
0.13699,1.756176
0.136992,1.4325566
0.136994,1.0627055
0.136996,0.6928544
0.136998,0.27677202
0.137,-0.09307861
0.137002,-0.46292973
0.137004,-0.83278084
0.137006,-1.202632
0.137008,-1.5724826
0.13701,-1.9423337
0.137012,-2.2659533
0.137014,-2.589573
0.137016,-2.9131925
0.137018,-3.236812
0.13702,-3.5142004
0.137022,-3.7915885
0.137024,-4.022745
0.137026,-4.2539024
0.137028,-4.4388275
0.13703,-4.577522
0.137032,-4.716216
0.137034,-4.85491
0.137036,-4.947373
0.13703799,-4.993604
0.13704,-4.993604
0.137042,-5.0398355
0.137044,-4.993604
0.137046,-4.947373
0.137048,-4.85491
0.13705,-4.7624474
0.137052,-4.623753
0.137054,-4.4388275
0.137056,-4.3001337
0.137058,-4.068977
0.13706,-3.8378198
0.137062,-3.5604317
0.137064,-3.2830436
0.137066,-3.0056553
0.137068,-2.6820357
0.13707,-2.3584158
0.137072,-1.9885652
0.137074,-1.6187139
0.137076,-1.2950945
0.137078,-0.9252434
0.13708,-0.55539227
0.137082,-0.13931036
0.13708399,0.23054075
0.137086,0.60039186
0.137088,0.970243
0.13709,1.3400936
0.137092,1.7099442
0.137094,2.033564
0.137096,2.4034152
0.137098,2.727035
0.1371,3.050654
0.137102,3.3280425
0.137104,3.605431
0.137106,3.8828197
0.137108,4.113976
0.13711,4.298901
0.137112,4.483826
0.137114,4.622521
0.137116,4.7612157
0.137118,4.8999095
0.13712,4.946141
0.137122,4.992371
0.137124,5.0386033
0.137126,5.0386033
0.137128,4.992371
0.13712999,4.8999095
0.137132,4.807446
0.137134,4.7149835
0.137136,4.5762897
0.137138,4.437596
0.13714,4.2064385
0.137142,3.9752812
0.137144,3.744125
0.137146,3.4667363
0.137148,3.1893477
0.13715,2.8657289
0.137152,2.542109
0.137154,2.2184901
0.137156,1.8948698
0.137158,1.5250192
0.13716,1.1551685
0.137162,0.7853174
0.137164,0.4154663
0.137166,0.045615196
0.137168,-0.32423592
0.13717,-0.7403178
0.137172,-1.1101689
0.137174,-1.48002
0.137176,-1.8036394
0.137178,-2.1734905
0.13718,-2.4971101
0.137182,-2.8207297
0.137184,-3.1443493
0.137186,-3.4217377
0.137188,-3.6991258
0.13719,-3.9302826
0.137192,-4.1614394
0.137194,-4.3925962
0.137196,-4.5312905
0.137198,-4.669985
0.1372,-4.8086786
0.137202,-4.9011416
0.137204,-4.947373
0.137206,-4.993604
0.137208,-5.0398355
0.13721,-4.993604
0.137212,-4.947373
0.137214,-4.9011416
0.137216,-4.7624474
0.137218,-4.669985
0.13722,-4.4850593
0.137222,-4.346365
0.137224,-4.1614394
0.137226,-3.9302826
0.137228,-3.6528945
0.13723,-3.3755062
0.137232,-3.098118
0.137234,-2.7744985
0.137236,-2.4508786
0.137238,-2.1272593
0.13724,-1.7574081
0.137242,-1.4337888
0.137244,-1.0639377
0.137246,-0.6478553
0.137248,-0.27800417
0.13725,0.091846466
0.137252,0.46169758
0.137254,0.87777996
0.137256,1.2476311
0.137258,1.5712504
0.13726,1.9411016
0.137262,2.2647214
0.137264,2.6345725
0.137266,2.9581914
0.137268,3.23558
0.13727,3.5129685
0.137272,3.7903562
0.137274,4.0215135
0.137276,4.252671
0.137278,4.437596
0.13728,4.5762897
0.137282,4.7149835
0.137284,4.8536773
0.13728599,4.946141
0.137288,4.992371
0.13729,5.0386033
0.137292,5.0386033
0.137294,4.992371
0.137296,4.946141
0.137298,4.8536773
0.1373,4.7612157
0.137302,4.622521
0.137304,4.437596
0.137306,4.298901
0.137308,4.0677447
0.13731,3.8365874
0.137312,3.5591989
0.137314,3.2818112
0.137316,3.0044227
0.137318,2.6808028
0.13732,2.357184
0.137322,1.9873328
0.137324,1.6637135
0.137326,1.2938623
0.137328,0.92401123
0.13733,0.5541601
0.13733199,0.184309
0.137334,-0.2317729
0.137336,-0.601624
0.137338,-0.9714751
0.13734,-1.3413262
0.137342,-1.6649456
0.137344,-2.0347965
0.137346,-2.3584158
0.137348,-2.728267
0.13735,-3.0056553
0.137352,-3.329275
0.137354,-3.6066632
0.137356,-3.8840513
0.137358,-4.115208
0.13736,-4.3001337
0.137362,-4.4850593
0.137364,-4.623753
0.137366,-4.7624474
0.137368,-4.85491
0.13737,-4.947373
0.137372,-4.993604
0.137374,-5.0398355
0.137376,-4.993604
0.13737799,-4.993604
0.13738,-4.9011416
0.137382,-4.8086786
0.137384,-4.716216
0.137386,-4.5312905
0.137388,-4.3925962
0.13739,-4.2076707
0.137392,-3.976514
0.137394,-3.745357
0.137396,-3.467969
0.137398,-3.1905808
0.1374,-2.866961
0.137402,-2.5433414
0.137404,-2.2197218
0.137406,-1.8961024
0.137408,-1.5262513
0.13741,-1.1564007
0.137412,-0.78654957
0.137414,-0.41669846
0.137416,-0.046847343
0.137418,0.36923456
0.13742,0.7390857
0.137422,1.1089368
0.137424,1.4787879
0.137426,1.8024073
0.137428,2.172258
0.13743,2.4958777
0.137432,2.8194976
0.137434,3.1431174
0.137436,3.420505
0.137438,3.6978936
0.13744,3.9752812
0.137442,4.1602073
0.137444,4.3913646
0.137446,4.5300584
0.137448,4.668752
0.13745,4.807446
0.137452,4.8999095
0.137454,4.992371
0.137456,5.0386033
0.137458,5.0386033
0.13746,5.0386033
0.137462,4.946141
0.137464,4.8999095
0.137466,4.807446
0.137468,4.668752
0.13747,4.483826
0.137472,4.3451324
0.137474,4.1602073
0.137476,3.92905
0.137478,3.6516623
0.13748,3.3742738
0.137482,3.0968862
0.137484,2.7732663
0.137486,2.4496465
0.137488,2.126027
0.13749,1.756176
0.137492,1.4325566
0.137494,1.0627055
0.137496,0.6928544
0.137498,0.27677202
0.1375,-0.09307861
0.137502,-0.46292973
0.137504,-0.83278084
0.137506,-1.202632
0.137508,-1.5724826
0.13751,-1.9423337
0.137512,-2.2659533
0.137514,-2.589573
0.137516,-2.9131925
0.137518,-3.236812
0.13752,-3.5142004
0.137522,-3.7915885
0.137524,-4.022745
0.137526,-4.2539024
0.137528,-4.4388275
0.13753,-4.577522
0.137532,-4.716216
0.13753399,-4.85491
0.137536,-4.9011416
0.137538,-4.993604
0.13754,-5.0398355
0.137542,-5.0398355
0.137544,-4.993604
0.137546,-4.947373
0.137548,-4.85491
0.13755,-4.7624474
0.137552,-4.623753
0.137554,-4.4388275
0.137556,-4.3001337
0.137558,-4.068977
0.13756,-3.8378198
0.137562,-3.5604317
0.137564,-3.2830436
0.137566,-3.0056553
0.137568,-2.6820357
0.13757,-2.3584158
0.137572,-1.9885652
0.137574,-1.6187139
0.137576,-1.2950945
0.137578,-0.9252434
0.13757999,-0.55539227
0.137582,-0.13931036
0.137584,0.23054075
0.137586,0.60039186
0.137588,0.970243
0.13759,1.3863249
0.137592,1.7099442
0.137594,2.0797954
0.137596,2.4034152
0.137598,2.727035
0.1376,3.050654
0.137602,3.3280425
0.137604,3.605431
0.137606,3.8828197
0.137608,4.113976
0.13761,4.298901
0.137612,4.483826
0.137614,4.622521
0.137616,4.7612157
0.137618,4.8999095
0.13762,4.946141
0.137622,4.992371
0.137624,5.0386033
0.13762599,5.0386033
0.137628,4.992371
0.13763,4.946141
0.137632,4.8536773
0.137634,4.7149835
0.137636,4.5762897
0.137638,4.3913646
0.13764,4.2064385
0.137642,3.9752812
0.137644,3.744125
0.137646,3.4667363
0.137648,3.1893477
0.13765,2.8657289
0.137652,2.5883412
0.137654,2.2184901
0.137656,1.8948698
0.137658,1.5250192
0.13766,1.1551685
0.137662,0.7853174
0.137664,0.4154663
0.137666,0.045615196
0.137668,-0.32423592
0.13767,-0.7403178
0.137672,-1.1101689
0.137674,-1.48002
0.137676,-1.8036394
0.137678,-2.1734905
0.13768,-2.4971101
0.137682,-2.8207297
0.137684,-3.1443493
0.137686,-3.4217377
0.137688,-3.6991258
0.13769,-3.9302826
0.137692,-4.1614394
0.137694,-4.3925962
0.137696,-4.5312905
0.137698,-4.669985
0.1377,-4.8086786
0.137702,-4.9011416
0.137704,-4.947373
0.137706,-4.993604
0.137708,-5.0398355
0.13771,-4.993604
0.137712,-4.947373
0.137714,-4.9011416
0.137716,-4.7624474
0.137718,-4.669985
0.13772,-4.4850593
0.137722,-4.346365
0.137724,-4.115208
0.137726,-3.9302826
0.137728,-3.6528945
0.13773,-3.3755062
0.137732,-3.098118
0.137734,-2.7744985
0.137736,-2.4508786
0.137738,-2.1272593
0.13774,-1.7574081
0.137742,-1.4337888
0.137744,-1.0177064
0.137746,-0.6478553
0.137748,-0.27800417
0.13775,0.5541601
0.137752,2.172258
0.137754,3.5591989
0.137756,4.483826
0.137758,4.8999095
0.13776,4.668752
0.137762,3.8828197
0.137764,2.5883412
0.137766,1.0164738
0.137768,-0.694087
0.13777,-2.3121846
0.137772,-3.6991258
0.137774,-4.577522
0.137776,-4.947373
0.137778,-4.669985
0.13778,-3.8378198
0.137782,-2.589573
0.137784,-0.9714751
0.137786,0.7853174
0.137788,2.4034152
0.13779,3.7903562
0.137792,4.622521
0.137794,4.8999095
0.137796,4.622521
0.137798,3.744125
0.1378,2.4034152
0.137802,0.8315482
0.137804,-0.9252434
0.137806,-2.4971101
0.137808,-3.8378198
0.13781,-4.669985
0.137812,-4.9011416
0.137814,-4.577522
0.137816,-3.6991258
0.137818,-2.3584158
0.13782,-0.694087
0.137822,1.0627055
0.137824,2.6345725
0.137826,3.92905
0.13782799,4.7149835
0.13783,4.8999095
0.137832,4.5300584
0.137834,3.605431
0.137836,2.2184901
0.137838,0.5541601
0.13784,-1.1564007
0.137842,-2.728267
0.137844,-3.976514
0.137846,-4.716216
0.137848,-4.9011416
0.13785,-4.4850593
0.137852,-3.5142004
0.137854,-2.1272593
0.137856,-0.46292973
0.137858,1.2938623
0.13786,2.8657289
0.137862,4.0677447
0.137864,4.7612157
0.137866,4.8999095
0.137868,4.437596
0.13787,3.420505
0.137872,1.9873328
0.13787399,0.3230033
0.137876,-1.387557
0.137878,-2.9131925
0.13788,-4.115208
0.137882,-4.8086786
0.137884,-4.85491
0.137886,-4.3925962
0.137888,-3.329275
0.13789,-1.8961024
0.137892,-0.18554163
0.137894,1.5250192
0.137896,3.050654
0.137898,4.2064385
0.1379,4.807446
0.137902,4.8536773
0.137904,4.3451324
0.137906,3.23558
0.137908,1.756176
0.13791,0.091846466
0.137912,-1.5724826
0.137914,-3.098118
0.137916,-4.2539024
0.137918,-4.85491
0.13791999,-4.85491
0.137922,-4.2539024
0.137924,-3.1443493
0.137926,-1.6649456
0.137928,0.045615196
0.13793,1.756176
0.137932,3.23558
0.137934,4.3451324
0.137936,4.8536773
0.137938,4.807446
0.13794,4.2064385
0.137942,3.050654
0.137944,1.5250192
0.137946,-0.18554163
0.137948,-1.8036394
0.13795,-3.329275
0.137952,-4.3925962
0.137954,-4.85491
0.137956,-4.7624474
0.137958,-4.115208
0.13796,-2.9594238
0.137962,-1.4337888
0.137964,0.3230033
0.137966,1.9873328
0.137968,3.420505
0.13797,4.437596
0.137972,4.8999095
0.137974,4.7612157
0.137976,4.0677447
0.137978,2.8657289
0.13798,1.2938623
0.137982,-0.41669846
0.137984,-2.0347965
0.137986,-3.5142004
0.137988,-4.4850593
0.13799,-4.9011416
0.137992,-4.716216
0.137994,-3.976514
0.137996,-2.7744985
0.137998,-1.202632
0.138,0.5541601
0.138002,2.2184901
0.138004,3.605431
0.138006,4.5300584
0.138008,4.8999095
0.13801,4.7149835
0.138012,3.92905
0.138014,2.6345725
0.138016,1.0627055
0.138018,-0.6478553
0.13802,-2.2659533
0.138022,-3.6528945
0.138024,-4.577522
0.138026,-4.9011416
0.138028,-4.669985
0.13803,-3.8378198
0.138032,-2.5433414
0.138034,-0.9252434
0.138036,0.8315482
0.138038,2.4496465
0.13804,3.7903562
0.138042,4.622521
0.138044,4.946141
0.138046,4.622521
0.138048,3.744125
0.13805,2.4034152
0.138052,0.8315482
0.138054,-0.9252434
0.138056,-2.4971101
0.138058,-3.8378198
0.13806,-4.669985
0.138062,-4.9011416
0.138064,-4.577522
0.138066,-3.6991258
0.138068,-2.3584158
0.13807,-0.694087
0.138072,1.0627055
0.138074,2.6345725
0.13807599,3.92905
0.138078,4.7149835
0.13808,4.8999095
0.138082,4.5300584
0.138084,3.605431
0.138086,2.2184901
0.138088,0.5541601
0.13809,-1.1564007
0.138092,-2.728267
0.138094,-3.976514
0.138096,-4.716216
0.138098,-4.9011416
0.1381,-4.4850593
0.138102,-3.5142004
0.138104,-2.1272593
0.138106,-0.46292973
0.138108,1.2938623
0.13811,2.8657289
0.138112,4.0677447
0.138114,4.7612157
0.138116,4.8999095
0.138118,4.437596
0.13812,3.420505
0.13812199,1.9873328
0.138124,0.3230033
0.138126,-1.387557
0.138128,-2.9131925
0.13813,-4.115208
0.138132,-4.8086786
0.138134,-4.85491
0.138136,-4.3925962
0.138138,-3.329275
0.13814,-1.8961024
0.138142,-0.18554163
0.138144,1.5250192
0.138146,3.050654
0.138148,4.2064385
0.13815,4.807446
0.138152,4.8536773
0.138154,4.3451324
0.138156,3.23558
0.138158,1.756176
0.13816,0.091846466
0.138162,-1.5724826
0.138164,-3.098118
0.138166,-4.2539024
0.13816799,-4.85491
0.13817,-4.85491
0.138172,-4.2539024
0.138174,-3.1443493
0.138176,-1.6649456
0.138178,0.045615196
0.13818,1.756176
0.138182,3.23558
0.138184,4.3451324
0.138186,4.8536773
0.138188,4.807446
0.13819,4.2064385
0.138192,3.050654
0.138194,1.5250192
0.138196,-0.18554163
0.138198,-1.8498712
0.1382,-3.329275
0.138202,-4.3925962
0.138204,-4.85491
0.138206,-4.7624474
0.138208,-4.115208
0.13821,-2.9594238
0.138212,-1.4337888
0.138214,0.3230033
0.138216,1.9873328
0.138218,3.420505
0.13822,4.437596
0.138222,4.8999095
0.138224,4.7612157
0.138226,4.0677447
0.138228,2.8657289
0.13823,1.2938623
0.138232,-0.41669846
0.138234,-2.0347965
0.138236,-3.5142004
0.138238,-4.4850593
0.13824,-4.9011416
0.138242,-4.716216
0.138244,-3.976514
0.138246,-2.7744985
0.138248,-1.202632
0.13825,0.5541601
0.138252,2.2184901
0.138254,3.605431
0.138256,4.5300584
0.138258,4.8999095
0.13826,4.668752
0.138262,3.92905
0.138264,2.6345725
0.138266,1.0627055
0.138268,-0.6478553
0.13827,-2.2659533
0.138272,-3.6528945
0.138274,-4.577522
0.138276,-4.9011416
0.138278,-4.669985
0.13828,-3.8378198
0.138282,-2.5433414
0.138284,-0.9252434
0.138286,0.8315482
0.138288,2.4496465
0.13829,3.7903562
0.138292,4.622521
0.138294,4.8999095
0.138296,4.622521
0.138298,3.744125
0.1383,2.4034152
0.138302,0.8315482
0.138304,-0.9252434
0.138306,-2.4971101
0.138308,-3.8378198
0.13831,-4.669985
0.138312,-4.9011416
0.138314,-4.577522
0.138316,-3.6991258
0.138318,-2.3584158
0.13832,-0.694087
0.138322,1.0627055
0.13832399,2.6345725
0.138326,3.92905
0.138328,4.7149835
0.13833,4.8999095
0.138332,4.5300584
0.138334,3.605431
0.138336,2.2184901
0.138338,0.5541601
0.13834,-1.1564007
0.138342,-2.728267
0.138344,-3.976514
0.138346,-4.716216
0.138348,-4.9011416
0.13835,-4.4850593
0.138352,-3.5142004
0.138354,-2.1272593
0.138356,-0.41669846
0.138358,1.2938623
0.13836,2.8657289
0.138362,4.0677447
0.138364,4.7612157
0.138366,4.8999095
0.138368,4.437596
0.13836999,3.420505
0.138372,1.9873328
0.138374,0.3230033
0.138376,-1.387557
0.138378,-2.9131925
0.13838,-4.115208
0.138382,-4.8086786
0.138384,-4.85491
0.138386,-4.3925962
0.138388,-3.329275
0.13839,-1.8961024
0.138392,-0.18554163
0.138394,1.5250192
0.138396,3.050654
0.138398,4.2064385
0.1384,4.807446
0.138402,4.8536773
0.138404,4.3451324
0.138406,3.23558
0.138408,1.756176
0.13841,0.091846466
0.138412,-1.6187139
0.138414,-3.098118
0.13841599,-4.2539024
0.138418,-4.85491
0.13842,-4.85491
0.138422,-4.2539024
0.138424,-3.1443493
0.138426,-1.6649456
0.138428,0.045615196
0.13843,1.756176
0.138432,3.23558
0.138434,4.3451324
0.138436,4.8536773
0.138438,4.807446
0.13844,4.2064385
0.138442,3.050654
0.138444,1.5250192
0.138446,-0.18554163
0.138448,-1.8498712
0.13845,-3.329275
0.138452,-4.3925962
0.138454,-4.85491
0.138456,-4.7624474
0.138458,-4.115208
0.13846,-2.9594238
0.138462,-1.4337888
0.138464,0.3230033
0.138466,1.9873328
0.138468,3.420505
0.13847,4.437596
0.138472,4.8999095
0.138474,4.7612157
0.138476,4.0677447
0.138478,2.8194976
0.13848,1.2938623
0.138482,-0.41669846
0.138484,-2.0347965
0.138486,-3.5142004
0.138488,-4.4850593
0.13849,-4.9011416
0.138492,-4.716216
0.138494,-3.976514
0.138496,-2.7744985
0.138498,-1.202632
0.1385,0.5541601
0.138502,2.2184901
0.138504,3.605431
0.138506,4.5300584
0.138508,4.8999095
0.13851,4.668752
0.138512,3.92905
0.138514,2.6345725
0.138516,1.0627055
0.138518,-0.6478553
0.13852,-2.2659533
0.138522,-3.6528945
0.138524,-4.577522
0.138526,-4.9011416
0.138528,-4.669985
0.13853,-3.8378198
0.138532,-2.5433414
0.138534,-0.9252434
0.138536,0.8315482
0.138538,2.4496465
0.13854,3.7903562
0.138542,4.622521
0.138544,4.8999095
0.138546,4.622521
0.138548,3.744125
0.13855,2.4034152
0.138552,0.8315482
0.138554,-0.9252434
0.138556,-2.4971101
0.138558,-3.8378198
0.13856,-4.669985
0.138562,-4.9011416
0.138564,-4.577522
0.138566,-3.6991258
0.138568,-2.3584158
0.13857,-0.694087
0.13857199,1.0627055
0.138574,2.6345725
0.138576,3.92905
0.138578,4.7149835
0.13858,4.8999095
0.138582,4.5300584
0.138584,3.605431
0.138586,2.2184901
0.138588,0.5541601
0.13859,-1.1564007
0.138592,-2.728267
0.138594,-3.976514
0.138596,-4.716216
0.138598,-4.9011416
0.1386,-4.4850593
0.138602,-3.5142004
0.138604,-2.1272593
0.138606,-0.46292973
0.138608,1.2938623
0.13861,2.8657289
0.138612,4.0677447
0.138614,4.7612157
0.138616,4.8999095
0.13861799,4.437596
0.13862,3.420505
0.138622,1.9873328
0.138624,0.3230033
0.138626,-1.387557
0.138628,-2.9131925
0.13863,-4.115208
0.138632,-4.8086786
0.138634,-4.85491
0.138636,-4.3925962
0.138638,-3.329275
0.13864,-1.8961024
0.138642,-0.18554163
0.138644,1.5250192
0.138646,3.050654
0.138648,4.2064385
0.13865,4.807446
0.138652,4.8536773
0.138654,4.3451324
0.138656,3.23558
0.138658,1.756176
0.13866,0.091846466
0.138662,-1.6187139
0.13866399,-3.098118
0.138666,-4.2539024
0.138668,-4.85491
0.13867,-4.85491
0.138672,-4.2539024
0.138674,-3.1443493
0.138676,-1.6649456
0.138678,0.045615196
0.13868,1.756176
0.138682,3.23558
0.138684,4.3451324
0.138686,4.8536773
0.138688,4.807446
0.13869,4.2064385
0.138692,3.050654
0.138694,1.5250192
0.138696,-0.18554163
0.138698,-1.8498712
0.1387,-3.329275
0.138702,-4.3925962
0.138704,-4.85491
0.138706,-4.7624474
0.138708,-4.115208
0.13871,-2.9594238
0.138712,-1.4337888
0.138714,0.3230033
0.138716,1.9873328
0.138718,3.420505
0.13872,4.437596
0.138722,4.8999095
0.138724,4.7612157
0.138726,4.0677447
0.138728,2.8194976
0.13873,1.2938623
0.138732,-0.41669846
0.138734,-2.0347965
0.138736,-3.5142004
0.138738,-4.4850593
0.13874,-4.9011416
0.138742,-4.716216
0.138744,-3.976514
0.138746,-2.7744985
0.138748,-1.202632
0.13875,0.13807821
0.138752,0.5541601
0.138754,0.92401123
0.138756,1.2938623
0.138758,1.6174817
0.13876,1.9873328
0.138762,2.3109517
0.138764,2.6345725
0.138766,2.9581914
0.138768,3.2818112
0.13877,3.5591989
0.138772,3.7903562
0.138774,4.0677447
0.138776,4.252671
0.138778,4.437596
0.13878,4.622521
0.138782,4.7612157
0.138784,4.8536773
0.138786,4.946141
0.138788,4.992371
0.13879,5.0386033
0.138792,5.0386033
0.138794,4.992371
0.138796,4.946141
0.138798,4.8536773
0.1388,4.7612157
0.138802,4.622521
0.138804,4.437596
0.138806,4.298901
0.138808,4.0677447
0.13881,3.8365874
0.138812,3.5591989
0.138814,3.2818112
0.138816,3.0044227
0.138818,2.6808028
0.13881999,2.357184
0.138822,1.9873328
0.138824,1.6637135
0.138826,1.2938623
0.138828,0.92401123
0.13883,0.5541601
0.138832,0.184309
0.138834,-0.2317729
0.138836,-0.601624
0.138838,-0.9714751
0.13884,-1.3413262
0.138842,-1.6649456
0.138844,-2.0347965
0.138846,-2.4046474
0.138848,-2.728267
0.13885,-3.0056553
0.138852,-3.329275
0.138854,-3.6066632
0.138856,-3.8840513
0.138858,-4.115208
0.13886,-4.3001337
0.138862,-4.4850593
0.138864,-4.623753
0.13886599,-4.7624474
0.138868,-4.85491
0.13887,-4.947373
0.138872,-4.993604
0.138874,-5.0398355
0.138876,-4.993604
0.138878,-4.993604
0.13888,-4.9011416
0.138882,-4.8086786
0.138884,-4.716216
0.138886,-4.5312905
0.138888,-4.3925962
0.13889,-4.2076707
0.138892,-3.976514
0.138894,-3.745357
0.138896,-3.467969
0.138898,-3.1905808
0.1389,-2.866961
0.138902,-2.5433414
0.138904,-2.2197218
0.138906,-1.8498712
0.138908,-1.5262513
0.13891,-1.1564007
0.13891199,-0.78654957
0.138914,-0.41669846
0.138916,-0.046847343
0.138918,0.36923456
0.13892,0.7390857
0.138922,1.1089368
0.138924,1.4787879
0.138926,1.8024073
0.138928,2.172258
0.13893,2.4958777
0.138932,2.8194976
0.138934,3.1431174
0.138936,3.420505
0.138938,3.6978936
0.13894,3.9752812
0.138942,4.1602073
0.138944,4.3913646
0.138946,4.5300584
0.138948,4.668752
0.13895,4.807446
0.138952,4.8999095
0.138954,4.992371
0.138956,5.0386033
0.138958,5.0386033
0.13896,5.0386033
0.138962,4.946141
0.138964,4.8999095
0.138966,4.807446
0.138968,4.668752
0.13897,4.483826
0.138972,4.3451324
0.138974,4.1602073
0.138976,3.92905
0.138978,3.6516623
0.13898,3.3742738
0.138982,3.0968862
0.138984,2.7732663
0.138986,2.4496465
0.138988,2.126027
0.13899,1.756176
0.138992,1.4325566
0.138994,1.0627055
0.138996,0.6928544
0.138998,0.27677202
0.139,-0.09307861
0.139002,-0.46292973
0.139004,-0.83278084
0.139006,-1.202632
0.139008,-1.5724826
0.13901,-1.9423337
0.139012,-2.2659533
0.139014,-2.589573
0.139016,-2.9131925
0.139018,-3.236812
0.13902,-3.5142004
0.139022,-3.7915885
0.139024,-4.022745
0.139026,-4.2539024
0.139028,-4.4388275
0.13903,-4.577522
0.139032,-4.716216
0.139034,-4.85491
0.139036,-4.947373
0.139038,-4.993604
0.13904,-5.0398355
0.139042,-5.0398355
0.139044,-4.993604
0.139046,-4.947373
0.139048,-4.85491
0.13905,-4.7624474
0.139052,-4.623753
0.139054,-4.4388275
0.139056,-4.3001337
0.139058,-4.068977
0.13906,-3.8378198
0.139062,-3.5604317
0.139064,-3.2830436
0.139066,-3.0056553
0.139068,-2.6820357
0.13907,-2.3584158
0.139072,-1.9885652
0.139074,-1.6187139
0.139076,-1.2950945
0.139078,-0.9252434
0.13908,-0.55539227
0.139082,-0.13931036
0.139084,0.23054075
0.139086,0.60039186
0.139088,0.970243
0.13909,1.3863249
0.139092,1.7099442
0.139094,2.0797954
0.139096,2.4034152
0.139098,2.727035
0.1391,3.050654
0.139102,3.3280425
0.139104,3.605431
0.139106,3.8828197
0.139108,4.113976
0.13911,4.298901
0.139112,4.483826
0.13911399,4.622521
0.139116,4.7612157
0.139118,4.8999095
0.13912,4.946141
0.139122,4.992371
0.139124,5.0386033
0.139126,5.0386033
0.139128,4.992371
0.13913,4.8999095
0.139132,4.807446
0.139134,4.7149835
0.139136,4.5762897
0.139138,4.3913646
0.13914,4.2064385
0.139142,3.9752812
0.139144,3.744125
0.139146,3.4667363
0.139148,3.1893477
0.13915,2.8657289
0.139152,2.542109
0.139154,2.2184901
0.139156,1.8948698
0.139158,1.5250192
0.13915999,1.1551685
0.139162,0.7853174
0.139164,0.4154663
0.139166,0.045615196
0.139168,-0.32423592
0.13917,-0.7403178
0.139172,-1.1101689
0.139174,-1.48002
0.139176,-1.8036394
0.139178,-2.1734905
0.13918,-2.4971101
0.139182,-2.8207297
0.139184,-3.1443493
0.139186,-3.4217377
0.139188,-3.6991258
0.13919,-3.9302826
0.139192,-4.1614394
0.139194,-4.3925962
0.139196,-4.5312905
0.139198,-4.669985
0.1392,-4.8086786
0.139202,-4.9011416
0.139204,-4.947373
0.13920599,-4.993604
0.139208,-5.0398355
0.13921,-4.993604
0.139212,-4.947373
0.139214,-4.9011416
0.139216,-4.7624474
0.139218,-4.669985
0.13922,-4.4850593
0.139222,-4.346365
0.139224,-4.115208
0.139226,-3.9302826
0.139228,-3.6528945
0.13923,-3.3755062
0.139232,-3.098118
0.139234,-2.7744985
0.139236,-2.4508786
0.139238,-2.1272593
0.13924,-1.7574081
0.139242,-1.4337888
0.139244,-1.0177064
0.139246,-0.6478553
0.139248,-0.27800417
0.13925,0.091846466
0.139252,0.50792885
0.139254,0.87777996
0.139256,1.2476311
0.139258,1.5712504
0.13926,1.9411016
0.139262,2.2647214
0.139264,2.6345725
0.139266,2.9581914
0.139268,3.23558
0.13927,3.5129685
0.139272,3.7903562
0.139274,4.0215135
0.139276,4.252671
0.139278,4.437596
0.13928,4.5762897
0.139282,4.7149835
0.139284,4.8536773
0.139286,4.946141
0.139288,4.992371
0.13929,5.0386033
0.139292,5.0386033
0.139294,4.992371
0.139296,4.946141
0.139298,4.8536773
0.1393,4.7612157
0.139302,4.622521
0.139304,4.437596
0.139306,4.298901
0.139308,4.0677447
0.13931,3.8365874
0.139312,3.5591989
0.139314,3.2818112
0.139316,3.0044227
0.139318,2.6808028
0.13932,2.357184
0.139322,1.9873328
0.139324,1.6637135
0.139326,1.2938623
0.139328,0.92401123
0.13933,0.5541601
0.139332,0.184309
0.139334,-0.2317729
0.139336,-0.601624
0.139338,-0.9714751
0.13934,-1.3413262
0.139342,-1.6649456
0.139344,-2.0347965
0.139346,-2.4046474
0.139348,-2.728267
0.13935,-3.0518866
0.139352,-3.329275
0.139354,-3.6066632
0.139356,-3.8840513
0.139358,-4.115208
0.13936,-4.3001337
0.13936199,-4.4850593
0.139364,-4.623753
0.139366,-4.7624474
0.139368,-4.85491
0.13937,-4.947373
0.139372,-4.993604
0.139374,-5.0398355
0.139376,-4.993604
0.139378,-4.993604
0.13938,-4.9011416
0.139382,-4.8086786
0.139384,-4.716216
0.139386,-4.5312905
0.139388,-4.3925962
0.13939,-4.2076707
0.139392,-3.976514
0.139394,-3.745357
0.139396,-3.467969
0.139398,-3.1905808
0.1394,-2.866961
0.139402,-2.5433414
0.139404,-2.2197218
0.139406,-1.8961024
0.13940799,-1.5262513
0.13941,-1.1564007
0.139412,-0.78654957
0.139414,-0.41669846
0.139416,-0.046847343
0.139418,0.36923456
0.13942,0.7390857
0.139422,1.1089368
0.139424,1.4787879
0.139426,1.8024073
0.139428,2.172258
0.13943,2.4958777
0.139432,2.8194976
0.139434,3.1431174
0.139436,3.420505
0.139438,3.6978936
0.13944,3.9752812
0.139442,4.1602073
0.139444,4.3913646
0.139446,4.5300584
0.139448,4.668752
0.13945,4.807446
0.139452,4.8999095
0.13945399,4.992371
0.139456,5.0386033
0.139458,5.0386033
0.13946,5.0386033
0.139462,4.946141
0.139464,4.8999095
0.139466,4.807446
0.139468,4.668752
0.13947,4.483826
0.139472,4.3451324
0.139474,4.1602073
0.139476,3.92905
0.139478,3.6516623
0.13948,3.3742738
0.139482,3.0968862
0.139484,2.7732663
0.139486,2.4496465
0.139488,2.126027
0.13949,1.756176
0.139492,1.4325566
0.139494,1.0627055
0.139496,0.6928544
0.139498,0.27677202
0.1395,-0.09307861
0.139502,-0.46292973
0.139504,-0.83278084
0.139506,-1.202632
0.139508,-1.5724826
0.13951,-1.9423337
0.139512,-2.2659533
0.139514,-2.589573
0.139516,-2.9131925
0.139518,-3.236812
0.13952,-3.5142004
0.139522,-3.7915885
0.139524,-4.022745
0.139526,-4.2539024
0.139528,-4.4388275
0.13953,-4.577522
0.139532,-4.716216
0.139534,-4.85491
0.139536,-4.947373
0.139538,-4.993604
0.13954,-4.993604
0.139542,-5.0398355
0.139544,-4.993604
0.139546,-4.947373
0.139548,-4.85491
0.13955,-4.7624474
0.139552,-4.623753
0.139554,-4.4388275
0.139556,-4.3001337
0.139558,-4.068977
0.13956,-3.8378198
0.139562,-3.5604317
0.139564,-3.2830436
0.139566,-3.0056553
0.139568,-2.6820357
0.13957,-2.3584158
0.139572,-1.9885652
0.139574,-1.6187139
0.139576,-1.2950945
0.139578,-0.9252434
0.13958,-0.55539227
0.139582,-0.13931036
0.139584,0.23054075
0.139586,0.60039186
0.139588,0.970243
0.13959,1.3863249
0.139592,1.7099442
0.139594,2.0797954
0.139596,2.4034152
0.139598,2.727035
0.1396,3.050654
0.139602,3.3280425
0.139604,3.605431
0.139606,3.8828197
0.139608,4.113976
0.13960999,4.298901
0.139612,4.483826
0.139614,4.622521
0.139616,4.7612157
0.139618,4.8999095
0.13962,4.946141
0.139622,4.992371
0.139624,5.0386033
0.139626,5.0386033
0.139628,4.992371
0.13963,4.8999095
0.139632,4.8536773
0.139634,4.7149835
0.139636,4.5762897
0.139638,4.3913646
0.13964,4.2064385
0.139642,3.9752812
0.139644,3.744125
0.139646,3.4667363
0.139648,3.1893477
0.13965,2.8657289
0.139652,2.542109
0.139654,2.2184901
0.13965599,1.8948698
0.139658,1.5250192
0.13966,1.1551685
0.139662,0.7853174
0.139664,0.4154663
0.139666,0.045615196
0.139668,-0.32423592
0.13967,-0.7403178
0.139672,-1.1101689
0.139674,-1.48002
0.139676,-1.8036394
0.139678,-2.1734905
0.13968,-2.4971101
0.139682,-2.8207297
0.139684,-3.1443493
0.139686,-3.4217377
0.139688,-3.6991258
0.13969,-3.9302826
0.139692,-4.1614394
0.139694,-4.3925962
0.139696,-4.5312905
0.139698,-4.669985
0.1397,-4.8086786
0.13970199,-4.9011416
0.139704,-4.947373
0.139706,-4.993604
0.139708,-5.0398355
0.13971,-4.993604
0.139712,-4.947373
0.139714,-4.9011416
0.139716,-4.7624474
0.139718,-4.669985
0.13972,-4.4850593
0.139722,-4.346365
0.139724,-4.115208
0.139726,-3.8840513
0.139728,-3.6528945
0.13973,-3.3755062
0.139732,-3.098118
0.139734,-2.7744985
0.139736,-2.4508786
0.139738,-2.1272593
0.13974,-1.7574081
0.139742,-1.4337888
0.139744,-1.0639377
0.139746,-0.6478553
0.139748,-0.27800417
0.13975,0.5541601
0.139752,2.172258
0.139754,3.5591989
0.139756,4.483826
0.139758,4.8999095
0.13976,4.668752
0.139762,3.8828197
0.139764,2.5883412
0.139766,1.0164738
0.139768,-0.694087
0.13977,-2.3121846
0.139772,-3.6991258
0.139774,-4.577522
0.139776,-4.947373
0.139778,-4.669985
0.13978,-3.8378198
0.139782,-2.5433414
0.139784,-0.9252434
0.139786,0.7853174
0.139788,2.4496465
0.13979,3.7903562
0.139792,4.622521
0.139794,4.8999095
0.139796,4.5762897
0.139798,3.744125
0.1398,2.4034152
0.139802,0.7853174
0.139804,-0.9252434
0.139806,-2.4971101
0.139808,-3.8378198
0.13981,-4.669985
0.139812,-4.9011416
0.139814,-4.577522
0.139816,-3.6991258
0.139818,-2.3121846
0.13982,-0.694087
0.139822,1.0627055
0.139824,2.6345725
0.139826,3.92905
0.139828,4.7149835
0.13983,4.8999095
0.139832,4.5300584
0.139834,3.605431
0.139836,2.2184901
0.139838,0.5541601
0.13984,-1.1564007
0.139842,-2.728267
0.139844,-3.976514
0.139846,-4.716216
0.139848,-4.9011416
0.13985,-4.4850593
0.139852,-3.5142004
0.139854,-2.1272593
0.139856,-0.41669846
0.13985799,1.2938623
0.13986,2.8657289
0.139862,4.0677447
0.139864,4.7612157
0.139866,4.8999095
0.139868,4.437596
0.13987,3.420505
0.139872,1.9873328
0.139874,0.3230033
0.139876,-1.387557
0.139878,-2.9131925
0.13988,-4.115208
0.139882,-4.8086786
0.139884,-4.85491
0.139886,-4.3925962
0.139888,-3.329275
0.13989,-1.8961024
0.139892,-0.18554163
0.139894,1.5250192
0.139896,3.050654
0.139898,4.2064385
0.1399,4.807446
0.139902,4.8536773
0.13990399,4.3451324
0.139906,3.23558
0.139908,1.756176
0.13991,0.091846466
0.139912,-1.6187139
0.139914,-3.1443493
0.139916,-4.2539024
0.139918,-4.85491
0.13992,-4.85491
0.139922,-4.2539024
0.139924,-3.1443493
0.139926,-1.6187139
0.139928,0.091846466
0.13993,1.756176
0.139932,3.23558
0.139934,4.3451324
0.139936,4.8536773
0.139938,4.807446
0.13994,4.2064385
0.139942,3.050654
0.139944,1.5250192
0.139946,-0.18554163
0.139948,-1.8498712
0.13994999,-3.329275
0.139952,-4.3925962
0.139954,-4.85491
0.139956,-4.7624474
0.139958,-4.115208
0.13996,-2.9594238
0.139962,-1.4337888
0.139964,0.3230033
0.139966,1.9873328
0.139968,3.4667363
0.13997,4.437596
0.139972,4.8999095
0.139974,4.7612157
0.139976,4.0677447
0.139978,2.8194976
0.13998,1.2938623
0.139982,-0.41669846
0.139984,-2.081028
0.139986,-3.5142004
0.139988,-4.4850593
0.13999,-4.9011416
0.139992,-4.716216
0.139994,-3.976514
0.139996,-2.7744985
0.139998,-1.202632
0.14,0.5541601
0.140002,2.2184901
0.140004,3.605431
0.140006,4.5300584
0.140008,4.8999095
0.14001,4.668752
0.140012,3.92905
0.140014,2.6345725
0.140016,1.0627055
0.140018,-0.694087
0.14002,-2.2659533
0.140022,-3.6991258
0.140024,-4.577522
0.140026,-4.9011416
0.140028,-4.669985
0.14003,-3.8378198
0.140032,-2.5433414
0.140034,-0.9252434
0.140036,0.8315482
0.140038,2.4496465
0.14004,3.7903562
0.140042,4.622521
0.140044,4.8999095
0.140046,4.622521
0.140048,3.744125
0.14005,2.4034152
0.140052,0.8315482
0.140054,-0.9252434
0.140056,-2.4971101
0.140058,-3.8378198
0.14006,-4.669985
0.140062,-4.9011416
0.140064,-4.577522
0.140066,-3.6991258
0.140068,-2.3121846
0.14007,-0.694087
0.140072,1.0627055
0.140074,2.6345725
0.140076,3.92905
0.140078,4.7149835
0.14008,4.8999095
0.140082,4.5300584
0.140084,3.605431
0.140086,2.2184901
0.140088,0.5541601
0.14009,-1.1564007
0.140092,-2.728267
0.140094,-3.976514
0.140096,-4.716216
0.140098,-4.9011416
0.1401,-4.4850593
0.140102,-3.5142004
0.140104,-2.1272593
0.140106,-0.41669846
0.140108,1.2938623
0.14011,2.8657289
0.140112,4.0677447
0.140114,4.7612157
0.140116,4.8999095
0.140118,4.437596
0.14012,3.420505
0.140122,1.9873328
0.140124,0.3230033
0.140126,-1.387557
0.140128,-2.9131925
0.14013,-4.1614394
0.140132,-4.8086786
0.140134,-4.85491
0.140136,-4.3925962
0.140138,-3.329275
0.14014,-1.8961024
0.140142,-0.18554163
0.140144,1.5250192
0.140146,3.050654
0.140148,4.2064385
0.14015,4.807446
0.14015199,4.8536773
0.140154,4.298901
0.140156,3.23558
0.140158,1.756176
0.14016,0.091846466
0.140162,-1.6187139
0.140164,-3.1443493
0.140166,-4.2539024
0.140168,-4.85491
0.14017,-4.85491
0.140172,-4.2539024
0.140174,-3.1443493
0.140176,-1.6187139
0.140178,0.091846466
0.14018,1.756176
0.140182,3.23558
0.140184,4.3451324
0.140186,4.8536773
0.140188,4.807446
0.14019,4.2064385
0.140192,3.050654
0.140194,1.5250192
0.140196,-0.18554163
0.14019799,-1.8498712
0.1402,-3.329275
0.140202,-4.3925962
0.140204,-4.85491
0.140206,-4.7624474
0.140208,-4.115208
0.14021,-2.9594238
0.140212,-1.4337888
0.140214,0.3230033
0.140216,1.9873328
0.140218,3.4667363
0.14022,4.437596
0.140222,4.8999095
0.140224,4.7612157
0.140226,4.0677447
0.140228,2.8194976
0.14023,1.2938623
0.140232,-0.41669846
0.140234,-2.081028
0.140236,-3.5142004
0.140238,-4.4850593
0.14024,-4.9011416
0.140242,-4.716216
0.14024399,-3.976514
0.140246,-2.7744985
0.140248,-1.1564007
0.14025,0.5541601
0.140252,2.2184901
0.140254,3.605431
0.140256,4.5300584
0.140258,4.8999095
0.14026,4.668752
0.140262,3.92905
0.140264,2.6345725
0.140266,1.0627055
0.140268,-0.694087
0.14027,-2.2659533
0.140272,-3.6991258
0.140274,-4.577522
0.140276,-4.9011416
0.140278,-4.669985
0.14028,-3.8378198
0.140282,-2.5433414
0.140284,-0.9252434
0.140286,0.8315482
0.140288,2.4496465
0.14029,3.7903562
0.140292,4.622521
0.140294,4.8999095
0.140296,4.622521
0.140298,3.744125
0.1403,2.4034152
0.140302,0.8315482
0.140304,-0.9252434
0.140306,-2.4971101
0.140308,-3.8378198
0.14031,-4.669985
0.140312,-4.9011416
0.140314,-4.577522
0.140316,-3.6991258
0.140318,-2.3121846
0.14032,-0.694087
0.140322,1.0627055
0.140324,2.6345725
0.140326,3.92905
0.140328,4.7149835
0.14033,4.8999095
0.140332,4.5300584
0.140334,3.605431
0.140336,2.2184901
0.140338,0.5541601
0.14034,-1.1564007
0.140342,-2.728267
0.140344,-3.976514
0.140346,-4.716216
0.140348,-4.9011416
0.14035,-4.4850593
0.140352,-3.5142004
0.140354,-2.1272593
0.140356,-0.41669846
0.140358,1.2938623
0.14036,2.8657289
0.140362,4.0677447
0.140364,4.7612157
0.140366,4.8999095
0.140368,4.437596
0.14037,3.420505
0.140372,1.9873328
0.140374,0.3230033
0.140376,-1.387557
0.140378,-2.9131925
0.14038,-4.1614394
0.140382,-4.8086786
0.140384,-4.85491
0.140386,-4.3925962
0.140388,-3.329275
0.14039,-1.8961024
0.140392,-0.18554163
0.140394,1.5250192
0.140396,3.050654
0.140398,4.2064385
0.14039999,4.807446
0.140402,4.8536773
0.140404,4.3451324
0.140406,3.23558
0.140408,1.756176
0.14041,0.091846466
0.140412,-1.6187139
0.140414,-3.1443493
0.140416,-4.2539024
0.140418,-4.85491
0.14042,-4.85491
0.140422,-4.2539024
0.140424,-3.1443493
0.140426,-1.6187139
0.140428,0.091846466
0.14043,1.756176
0.140432,3.2818112
0.140434,4.3451324
0.140436,4.8536773
0.140438,4.807446
0.14044,4.2064385
0.140442,3.050654
0.140444,1.5250192
0.14044599,-0.18554163
0.140448,-1.8498712
0.14045,-3.329275
0.140452,-4.3925962
0.140454,-4.85491
0.140456,-4.7624474
0.140458,-4.115208
0.14046,-2.9594238
0.140462,-1.4337888
0.140464,0.3230033
0.140466,1.9873328
0.140468,3.4667363
0.14047,4.437596
0.140472,4.8999095
0.140474,4.7612157
0.140476,4.0677447
0.140478,2.8194976
0.14048,1.2938623
0.140482,-0.41669846
0.140484,-2.081028
0.140486,-3.5142004
0.140488,-4.4850593
0.14049,-4.9011416
0.14049199,-4.716216
0.140494,-3.976514
0.140496,-2.7744985
0.140498,-1.1564007
0.1405,0.5541601
0.140502,2.2184901
0.140504,3.605431
0.140506,4.5300584
0.140508,4.8999095
0.14051,4.668752
0.140512,3.92905
0.140514,2.6345725
0.140516,1.0627055
0.140518,-0.694087
0.14052,-2.2659533
0.140522,-3.6991258
0.140524,-4.577522
0.140526,-4.9011416
0.140528,-4.623753
0.14053,-3.8378198
0.140532,-2.5433414
0.140534,-0.9252434
0.140536,0.8315482
0.140538,2.4496465
0.14054,3.7903562
0.140542,4.622521
0.140544,4.946141
0.140546,4.622521
0.140548,3.744125
0.14055,2.4034152
0.140552,0.7853174
0.140554,-0.9252434
0.140556,-2.4971101
0.140558,-3.8378198
0.14056,-4.669985
0.140562,-4.9011416
0.140564,-4.577522
0.140566,-3.6991258
0.140568,-2.3121846
0.14057,-0.694087
0.140572,1.0627055
0.140574,2.6808028
0.140576,3.92905
0.140578,4.7149835
0.14058,4.8999095
0.140582,4.5300584
0.140584,3.605431
0.140586,2.2184901
0.140588,0.5541601
0.14059,-1.1564007
0.140592,-2.728267
0.140594,-3.976514
0.140596,-4.716216
0.140598,-4.9011416
0.1406,-4.4388275
0.140602,-3.5142004
0.140604,-2.1272593
0.140606,-0.41669846
0.140608,1.2938623
0.14061,2.8657289
0.140612,4.113976
0.140614,4.7612157
0.140616,4.8999095
0.140618,4.437596
0.14062,3.420505
0.140622,1.9873328
0.140624,0.3230033
0.140626,-1.387557
0.140628,-2.9131925
0.14063,-4.1614394
0.140632,-4.8086786
0.140634,-4.85491
0.140636,-4.3925962
0.140638,-3.329275
0.14064,-1.8498712
0.140642,-0.18554163
0.140644,1.5250192
0.140646,3.050654
0.14064799,4.2064385
0.14065,4.807446
0.140652,4.8536773
0.140654,4.3451324
0.140656,3.23558
0.140658,1.756176
0.14066,0.091846466
0.140662,-1.6187139
0.140664,-3.1443493
0.140666,-4.2539024
0.140668,-4.85491
0.14067,-4.85491
0.140672,-4.2539024
0.140674,-3.1443493
0.140676,-1.6187139
0.140678,0.091846466
0.14068,1.756176
0.140682,3.2818112
0.140684,4.3451324
0.140686,4.8536773
0.140688,4.807446
0.14069,4.2064385
0.140692,3.050654
0.14069399,1.5250192
0.140696,-0.18554163
0.140698,-1.8498712
0.1407,-3.329275
0.140702,-4.3925962
0.140704,-4.85491
0.140706,-4.7624474
0.140708,-4.115208
0.14071,-2.9594238
0.140712,-1.4337888
0.140714,0.3230033
0.140716,1.9873328
0.140718,3.4667363
0.14072,4.437596
0.140722,4.8999095
0.140724,4.7612157
0.140726,4.0677447
0.140728,2.8194976
0.14073,1.2938623
0.140732,-0.41669846
0.140734,-2.081028
0.140736,-3.5142004
0.140738,-4.4850593
0.14073999,-4.9011416
0.140742,-4.716216
0.140744,-3.976514
0.140746,-2.7744985
0.140748,-1.1564007
0.14075,0.13807821
0.140752,0.5541601
0.140754,0.92401123
0.140756,1.2938623
0.140758,1.6174817
0.14076,1.9873328
0.140762,2.3109517
0.140764,2.6345725
0.140766,2.9581914
0.140768,3.2818112
0.14077,3.5591989
0.140772,3.7903562
0.140774,4.0677447
0.140776,4.252671
0.140778,4.437596
0.14078,4.622521
0.140782,4.7612157
0.140784,4.8536773
0.140786,4.946141
0.140788,4.992371
0.14079,5.0386033
0.140792,5.0386033
0.140794,4.992371
0.140796,4.946141
0.140798,4.8536773
0.1408,4.7612157
0.140802,4.622521
0.140804,4.437596
0.140806,4.298901
0.140808,4.0677447
0.14081,3.8365874
0.140812,3.5591989
0.140814,3.2818112
0.140816,3.0044227
0.140818,2.6808028
0.14082,2.357184
0.140822,1.9873328
0.140824,1.6637135
0.140826,1.2938623
0.140828,0.92401123
0.14083,0.5541601
0.140832,0.184309
0.140834,-0.2317729
0.140836,-0.601624
0.140838,-0.9714751
0.14084,-1.3413262
0.140842,-1.6649456
0.140844,-2.0347965
0.140846,-2.3584158
0.140848,-2.728267
0.14085,-3.0056553
0.140852,-3.329275
0.140854,-3.6066632
0.140856,-3.8840513
0.140858,-4.115208
0.14086,-4.3001337
0.140862,-4.4850593
0.140864,-4.623753
0.140866,-4.7624474
0.140868,-4.85491
0.14087,-4.947373
0.140872,-4.993604
0.140874,-5.0398355
0.140876,-4.993604
0.140878,-4.993604
0.14088,-4.9011416
0.140882,-4.8086786
0.140884,-4.716216
0.140886,-4.5312905
0.140888,-4.3925962
0.14089,-4.2076707
0.140892,-3.976514
0.140894,-3.745357
0.14089599,-3.467969
0.140898,-3.1905808
0.1409,-2.866961
0.140902,-2.5433414
0.140904,-2.2197218
0.140906,-1.8498712
0.140908,-1.5262513
0.14091,-1.1564007
0.140912,-0.78654957
0.140914,-0.41669846
0.140916,-0.046847343
0.140918,0.36923456
0.14092,0.7390857
0.140922,1.1089368
0.140924,1.4787879
0.140926,1.8024073
0.140928,2.172258
0.14093,2.4958777
0.140932,2.8194976
0.140934,3.1431174
0.140936,3.420505
0.140938,3.6978936
0.14094,3.9752812
0.14094199,4.2064385
0.140944,4.3913646
0.140946,4.5300584
0.140948,4.668752
0.14095,4.807446
0.140952,4.8999095
0.140954,4.992371
0.140956,5.0386033
0.140958,5.0386033
0.14096,5.0386033
0.140962,4.946141
0.140964,4.8999095
0.140966,4.807446
0.140968,4.668752
0.14097,4.483826
0.140972,4.3451324
0.140974,4.1602073
0.140976,3.92905
0.140978,3.6516623
0.14098,3.3742738
0.140982,3.0968862
0.140984,2.7732663
0.140986,2.4496465
0.14098799,2.126027
0.14099,1.756176
0.140992,1.4325566
0.140994,1.0627055
0.140996,0.6928544
0.140998,0.27677202
0.141,-0.09307861
0.141002,-0.46292973
0.141004,-0.83278084
0.141006,-1.202632
0.141008,-1.5724826
0.14101,-1.9423337
0.141012,-2.2659533
0.141014,-2.589573
0.141016,-2.9131925
0.141018,-3.236812
0.14102,-3.5142004
0.141022,-3.7915885
0.141024,-4.022745
0.141026,-4.2539024
0.141028,-4.4388275
0.14103,-4.577522
0.141032,-4.716216
0.141034,-4.85491
0.141036,-4.947373
0.141038,-4.993604
0.14104,-5.0398355
0.141042,-5.0398355
0.141044,-4.993604
0.141046,-4.947373
0.141048,-4.85491
0.14105,-4.7624474
0.141052,-4.623753
0.141054,-4.4388275
0.141056,-4.3001337
0.141058,-4.068977
0.14106,-3.8378198
0.141062,-3.5604317
0.141064,-3.2830436
0.141066,-3.0056553
0.141068,-2.6820357
0.14107,-2.3584158
0.141072,-1.9885652
0.141074,-1.6187139
0.141076,-1.2950945
0.141078,-0.9252434
0.14108,-0.55539227
0.141082,-0.13931036
0.141084,0.23054075
0.141086,0.60039186
0.141088,0.970243
0.14109,1.3863249
0.141092,1.7099442
0.141094,2.0797954
0.141096,2.4034152
0.141098,2.727035
0.1411,3.050654
0.141102,3.3280425
0.141104,3.605431
0.141106,3.8828197
0.141108,4.113976
0.14111,4.3451324
0.141112,4.483826
0.141114,4.622521
0.141116,4.7612157
0.141118,4.8999095
0.14112,4.946141
0.141122,4.992371
0.141124,5.0386033
0.141126,5.0386033
0.141128,4.992371
0.14113,4.8999095
0.141132,4.807446
0.141134,4.7149835
0.141136,4.5762897
0.141138,4.3913646
0.14114,4.2064385
0.141142,3.9752812
0.14114399,3.744125
0.141146,3.4667363
0.141148,3.1893477
0.14115,2.8657289
0.141152,2.542109
0.141154,2.2184901
0.141156,1.8948698
0.141158,1.5250192
0.14116,1.1551685
0.141162,0.7853174
0.141164,0.4154663
0.141166,0.045615196
0.141168,-0.32423592
0.14117,-0.7403178
0.141172,-1.1101689
0.141174,-1.48002
0.141176,-1.8036394
0.141178,-2.1734905
0.14118,-2.4971101
0.141182,-2.8207297
0.141184,-3.1443493
0.141186,-3.4217377
0.141188,-3.6991258
0.14118999,-3.9302826
0.141192,-4.1614394
0.141194,-4.3925962
0.141196,-4.5312905
0.141198,-4.669985
0.1412,-4.8086786
0.141202,-4.9011416
0.141204,-4.947373
0.141206,-4.993604
0.141208,-5.0398355
0.14121,-4.993604
0.141212,-4.947373
0.141214,-4.9011416
0.141216,-4.7624474
0.141218,-4.669985
0.14122,-4.4850593
0.141222,-4.346365
0.141224,-4.115208
0.141226,-3.8840513
0.141228,-3.6528945
0.14123,-3.3755062
0.141232,-3.098118
0.141234,-2.7744985
0.14123599,-2.4508786
0.141238,-2.1272593
0.14124,-1.7574081
0.141242,-1.4337888
0.141244,-1.0177064
0.141246,-0.6478553
0.141248,-0.27800417
0.14125,0.091846466
0.141252,0.50792885
0.141254,0.87777996
0.141256,1.2476311
0.141258,1.5712504
0.14126,1.9411016
0.141262,2.3109517
0.141264,2.6345725
0.141266,2.9581914
0.141268,3.23558
0.14127,3.5129685
0.141272,3.7903562
0.141274,4.0215135
0.141276,4.252671
0.141278,4.437596
0.14128,4.5762897
0.14128199,4.7149835
0.141284,4.8536773
0.141286,4.946141
0.141288,4.992371
0.14129,5.0386033
0.141292,5.0386033
0.141294,4.992371
0.141296,4.946141
0.141298,4.8536773
0.1413,4.7612157
0.141302,4.622521
0.141304,4.437596
0.141306,4.298901
0.141308,4.0677447
0.14131,3.8365874
0.141312,3.5591989
0.141314,3.2818112
0.141316,3.0044227
0.141318,2.6808028
0.14132,2.357184
0.141322,1.9873328
0.141324,1.6174817
0.141326,1.2938623
0.141328,0.92401123
0.14133,0.5541601
0.141332,0.184309
0.141334,-0.2317729
0.141336,-0.601624
0.141338,-0.9714751
0.14134,-1.3413262
0.141342,-1.6649456
0.141344,-2.0347965
0.141346,-2.4046474
0.141348,-2.728267
0.14135,-3.0518866
0.141352,-3.329275
0.141354,-3.6066632
0.141356,-3.8840513
0.141358,-4.115208
0.14136,-4.3001337
0.141362,-4.4850593
0.141364,-4.623753
0.141366,-4.7624474
0.141368,-4.85491
0.14137,-4.947373
0.141372,-4.993604
0.141374,-5.0398355
0.141376,-4.993604
0.141378,-4.993604
0.14138,-4.9011416
0.141382,-4.8086786
0.141384,-4.716216
0.141386,-4.5312905
0.141388,-4.3925962
0.14139,-4.2076707
0.141392,-3.976514
0.141394,-3.745357
0.141396,-3.467969
0.141398,-3.1905808
0.1414,-2.866961
0.141402,-2.5433414
0.141404,-2.2197218
0.141406,-1.8498712
0.141408,-1.5262513
0.14141,-1.1564007
0.141412,-0.78654957
0.141414,-0.41669846
0.141416,-6.160736E-4
0.141418,0.36923456
0.14142,0.7390857
0.141422,1.1089368
0.141424,1.4787879
0.141426,1.8486385
0.141428,2.172258
0.14143,2.4958777
0.141432,2.8657289
0.141434,3.1431174
0.141436,3.420505
0.14143799,3.6978936
0.14144,3.9752812
0.141442,4.2064385
0.141444,4.3913646
0.141446,4.5300584
0.141448,4.7149835
0.14145,4.807446
0.141452,4.8999095
0.141454,4.992371
0.141456,5.0386033
0.141458,5.0386033
0.14146,5.0386033
0.141462,4.992371
0.141464,4.8999095
0.141466,4.807446
0.141468,4.668752
0.14147,4.5300584
0.141472,4.3451324
0.141474,4.1602073
0.141476,3.92905
0.141478,3.6516623
0.14148,3.3742738
0.141482,3.0968862
0.14148399,2.7732663
0.141486,2.4496465
0.141488,2.126027
0.14149,1.756176
0.141492,1.4325566
0.141494,1.0627055
0.141496,0.6928544
0.141498,0.27677202
0.1415,-0.09307861
0.141502,-0.46292973
0.141504,-0.83278084
0.141506,-1.202632
0.141508,-1.5724826
0.14151,-1.9423337
0.141512,-2.2659533
0.141514,-2.589573
0.141516,-2.9131925
0.141518,-3.236812
0.14152,-3.5142004
0.141522,-3.7915885
0.141524,-4.022745
0.141526,-4.2539024
0.141528,-4.4388275
0.14152999,-4.577522
0.141532,-4.716216
0.141534,-4.85491
0.141536,-4.947373
0.141538,-4.993604
0.14154,-4.993604
0.141542,-5.0398355
0.141544,-4.993604
0.141546,-4.947373
0.141548,-4.85491
0.14155,-4.7624474
0.141552,-4.623753
0.141554,-4.4388275
0.141556,-4.2539024
0.141558,-4.068977
0.14156,-3.8378198
0.141562,-3.5604317
0.141564,-3.2830436
0.141566,-3.0056553
0.141568,-2.6820357
0.14157,-2.3584158
0.141572,-1.9885652
0.141574,-1.6187139
0.141576,-1.2950945
0.141578,-0.9252434
0.14158,-0.55539227
0.141582,-0.13931036
0.141584,0.23054075
0.141586,0.60039186
0.141588,1.0164738
0.14159,1.3863249
0.141592,1.7099442
0.141594,2.0797954
0.141596,2.4034152
0.141598,2.727035
0.1416,3.050654
0.141602,3.3280425
0.141604,3.605431
0.141606,3.8828197
0.141608,4.113976
0.14161,4.3451324
0.141612,4.483826
0.141614,4.622521
0.141616,4.7612157
0.141618,4.8999095
0.14162,4.946141
0.141622,4.992371
0.141624,5.0386033
0.141626,5.0386033
0.141628,4.992371
0.14163,4.946141
0.141632,4.8536773
0.141634,4.7149835
0.141636,4.5762897
0.141638,4.437596
0.14164,4.2064385
0.141642,3.9752812
0.141644,3.744125
0.141646,3.4667363
0.141648,3.1893477
0.14165,2.8657289
0.141652,2.542109
0.141654,2.2184901
0.141656,1.8948698
0.141658,1.5250192
0.14166,1.1551685
0.141662,0.7853174
0.141664,0.4154663
0.141666,0.045615196
0.141668,-0.32423592
0.14167,-0.7403178
0.141672,-1.1101689
0.141674,-1.48002
0.141676,-1.8036394
0.141678,-2.1734905
0.14168,-2.4971101
0.141682,-2.8207297
0.141684,-3.1443493
0.14168599,-3.4217377
0.141688,-3.6991258
0.14169,-3.9302826
0.141692,-4.1614394
0.141694,-4.3925962
0.141696,-4.5312905
0.141698,-4.669985
0.1417,-4.8086786
0.141702,-4.9011416
0.141704,-4.947373
0.141706,-4.993604
0.141708,-5.0398355
0.14171,-4.993604
0.141712,-4.947373
0.141714,-4.9011416
0.141716,-4.7624474
0.141718,-4.669985
0.14172,-4.4850593
0.141722,-4.346365
0.141724,-4.115208
0.141726,-3.8840513
0.141728,-3.6528945
0.14173,-3.3755062
0.14173199,-3.098118
0.141734,-2.7744985
0.141736,-2.4508786
0.141738,-2.1272593
0.14174,-1.7574081
0.141742,-1.387557
0.141744,-1.0177064
0.141746,-0.6478553
0.141748,-0.27800417
0.14175,0.5541601
0.141752,2.172258
0.141754,3.605431
0.141756,4.483826
0.141758,4.8999095
0.14176,4.668752
0.141762,3.8828197
0.141764,2.5883412
0.141766,1.0164738
0.141768,-0.694087
0.14177,-2.3121846
0.141772,-3.6991258
0.141774,-4.577522
0.141776,-4.947373
0.14177799,-4.669985
0.14178,-3.8378198
0.141782,-2.5433414
0.141784,-0.9252434
0.141786,0.8315482
0.141788,2.4496465
0.14179,3.7903562
0.141792,4.622521
0.141794,4.8999095
0.141796,4.622521
0.141798,3.744125
0.1418,2.4034152
0.141802,0.7853174
0.141804,-0.9252434
0.141806,-2.4971101
0.141808,-3.8378198
0.14181,-4.669985
0.141812,-4.9011416
0.141814,-4.577522
0.141816,-3.6991258
0.141818,-2.3121846
0.14182,-0.694087
0.141822,1.0627055
0.141824,2.6808028
0.141826,3.92905
0.141828,4.7149835
0.14183,4.8999095
0.141832,4.5300584
0.141834,3.605431
0.141836,2.172258
0.141838,0.5541601
0.14184,-1.1564007
0.141842,-2.728267
0.141844,-4.022745
0.141846,-4.716216
0.141848,-4.9011416
0.14185,-4.4388275
0.141852,-3.5142004
0.141854,-2.081028
0.141856,-0.41669846
0.141858,1.3400936
0.14186,2.8657289
0.141862,4.113976
0.141864,4.7612157
0.141866,4.8999095
0.141868,4.437596
0.14187,3.420505
0.141872,1.9873328
0.141874,0.3230033
0.141876,-1.387557
0.141878,-2.9131925
0.14188,-4.1614394
0.141882,-4.8086786
0.141884,-4.85491
0.141886,-4.3925962
0.141888,-3.329275
0.14189,-1.8498712
0.141892,-0.18554163
0.141894,1.5250192
0.141896,3.050654
0.141898,4.252671
0.1419,4.8536773
0.141902,4.8536773
0.141904,4.298901
0.141906,3.23558
0.141908,1.756176
0.14191,0.045615196
0.141912,-1.6187139
0.141914,-3.1443493
0.141916,-4.2539024
0.141918,-4.85491
0.14192,-4.85491
0.141922,-4.2539024
0.141924,-3.1443493
0.141926,-1.6187139
0.141928,0.091846466
0.14193,1.756176
0.141932,3.2818112
0.14193399,4.3451324
0.141936,4.8536773
0.141938,4.807446
0.14194,4.2064385
0.141942,3.050654
0.141944,1.4787879
0.141946,-0.18554163
0.141948,-1.8498712
0.14195,-3.329275
0.141952,-4.3925962
0.141954,-4.85491
0.141956,-4.7624474
0.141958,-4.115208
0.14196,-2.9594238
0.141962,-1.4337888
0.141964,0.3230033
0.141966,1.9873328
0.141968,3.4667363
0.14197,4.437596
0.141972,4.8999095
0.141974,4.7612157
0.141976,4.0677447
0.141978,2.8194976
0.14197999,1.2938623
0.141982,-0.41669846
0.141984,-2.081028
0.141986,-3.5142004
0.141988,-4.4850593
0.14199,-4.9011416
0.141992,-4.716216
0.141994,-3.976514
0.141996,-2.7744985
0.141998,-1.1564007
0.142,0.60039186
0.142002,2.2184901
0.142004,3.605431
0.142006,4.5300584
0.142008,4.8999095
0.14201,4.668752
0.142012,3.92905
0.142014,2.6345725
0.142016,1.0627055
0.142018,-0.694087
0.14202,-2.2659533
0.142022,-3.6991258
0.142024,-4.577522
0.14202599,-4.9011416
0.142028,-4.623753
0.14203,-3.8378198
0.142032,-2.5433414
0.142034,-0.9252434
0.142036,0.8315482
0.142038,2.4496465
0.14204,3.7903562
0.142042,4.622521
0.142044,4.8999095
0.142046,4.622521
0.142048,3.744125
0.14205,2.4034152
0.142052,0.7853174
0.142054,-0.9252434
0.142056,-2.4971101
0.142058,-3.8378198
0.14206,-4.669985
0.142062,-4.9011416
0.142064,-4.577522
0.142066,-3.6991258
0.142068,-2.3121846
0.14207,-0.694087
0.142072,1.0627055
0.142074,2.6808028
0.142076,3.92905
0.142078,4.7149835
0.14208,4.8999095
0.142082,4.5300584
0.142084,3.605431
0.142086,2.172258
0.142088,0.5541601
0.14209,-1.1564007
0.142092,-2.728267
0.142094,-4.022745
0.142096,-4.716216
0.142098,-4.9011416
0.1421,-4.4388275
0.142102,-3.5142004
0.142104,-2.081028
0.142106,-0.41669846
0.142108,1.3400936
0.14211,2.8657289
0.142112,4.113976
0.142114,4.7612157
0.142116,4.8999095
0.142118,4.437596
0.14212,3.420505
0.142122,1.9873328
0.142124,0.3230033
0.142126,-1.387557
0.142128,-2.9131925
0.14213,-4.1614394
0.142132,-4.8086786
0.142134,-4.85491
0.142136,-4.3925962
0.142138,-3.329275
0.14214,-1.8498712
0.142142,-0.18554163
0.142144,1.5250192
0.142146,3.050654
0.142148,4.2064385
0.14215,4.8536773
0.142152,4.8536773
0.142154,4.298901
0.142156,3.23558
0.142158,1.756176
0.14216,0.045615196
0.142162,-1.6187139
0.142164,-3.1443493
0.142166,-4.2539024
0.142168,-4.85491
0.14217,-4.85491
0.142172,-4.2539024
0.142174,-3.1443493
0.142176,-1.6187139
0.142178,0.091846466
0.14218,1.756176
0.14218199,3.2818112
0.142184,4.3451324
0.142186,4.8536773
0.142188,4.807446
0.14219,4.2064385
0.142192,3.050654
0.142194,1.4787879
0.142196,-0.18554163
0.142198,-1.8498712
0.1422,-3.329275
0.142202,-4.3925962
0.142204,-4.85491
0.142206,-4.7624474
0.142208,-4.115208
0.14221,-2.9594238
0.142212,-1.4337888
0.142214,0.3230033
0.142216,1.9873328
0.142218,3.4667363
0.14222,4.437596
0.142222,4.8999095
0.142224,4.7612157
0.142226,4.0677447
0.14222799,2.8194976
0.14223,1.2938623
0.142232,-0.41669846
0.142234,-2.081028
0.142236,-3.5142004
0.142238,-4.4850593
0.14224,-4.9011416
0.142242,-4.716216
0.142244,-3.976514
0.142246,-2.7744985
0.142248,-1.1564007
0.14225,0.60039186
0.142252,2.2184901
0.142254,3.605431
0.142256,4.5300584
0.142258,4.8999095
0.14226,4.668752
0.142262,3.8828197
0.142264,2.6345725
0.142266,1.0627055
0.142268,-0.694087
0.14227,-2.3121846
0.142272,-3.6991258
0.14227399,-4.577522
0.142276,-4.9011416
0.142278,-4.623753
0.14228,-3.8378198
0.142282,-2.5433414
0.142284,-0.9252434
0.142286,0.8315482
0.142288,2.4496465
0.14229,3.7903562
0.142292,4.622521
0.142294,4.946141
0.142296,4.622521
0.142298,3.744125
0.1423,2.4034152
0.142302,0.7853174
0.142304,-0.9252434
0.142306,-2.4971101
0.142308,-3.8378198
0.14231,-4.669985
0.142312,-4.9011416
0.142314,-4.577522
0.142316,-3.6528945
0.142318,-2.3121846
0.14232,-0.694087
0.142322,1.0627055
0.142324,2.6808028
0.142326,3.92905
0.142328,4.7149835
0.14233,4.8999095
0.142332,4.5300584
0.142334,3.605431
0.142336,2.172258
0.142338,0.5541601
0.14234,-1.1564007
0.142342,-2.728267
0.142344,-4.022745
0.142346,-4.716216
0.142348,-4.9011416
0.14235,-4.4388275
0.142352,-3.5142004
0.142354,-2.081028
0.142356,-0.41669846
0.142358,1.3400936
0.14236,2.8657289
0.142362,4.113976
0.142364,4.7612157
0.142366,4.8999095
0.142368,4.437596
0.14237,3.420505
0.142372,1.9873328
0.142374,0.3230033
0.142376,-1.387557
0.142378,-2.9131925
0.14238,-4.1614394
0.142382,-4.8086786
0.142384,-4.85491
0.142386,-4.3925962
0.142388,-3.329275
0.14239,-1.8498712
0.142392,-0.18554163
0.142394,1.5250192
0.142396,3.0968862
0.142398,4.252671
0.1424,4.8536773
0.142402,4.8536773
0.142404,4.298901
0.142406,3.23558
0.142408,1.756176
0.14241,0.045615196
0.142412,-1.6187139
0.142414,-3.1443493
0.142416,-4.2539024
0.142418,-4.85491
0.14242,-4.85491
0.142422,-4.2539024
0.142424,-3.1443493
0.142426,-1.6187139
0.142428,0.091846466
0.14243,1.756176
0.142432,3.2818112
0.142434,4.3451324
0.142436,4.8536773
0.142438,4.807446
0.14244,4.2064385
0.142442,3.050654
0.142444,1.4787879
0.142446,-0.18554163
0.142448,-1.8498712
0.14245,-3.329275
0.142452,-4.3925962
0.142454,-4.9011416
0.142456,-4.7624474
0.142458,-4.115208
0.14246,-2.9594238
0.142462,-1.4337888
0.142464,0.3230033
0.142466,1.9873328
0.142468,3.4667363
0.14247,4.437596
0.142472,4.8999095
0.142474,4.7612157
0.14247599,4.0677447
0.142478,2.8194976
0.14248,1.2938623
0.142482,-0.41669846
0.142484,-2.081028
0.142486,-3.5142004
0.142488,-4.4850593
0.14249,-4.9011416
0.142492,-4.716216
0.142494,-3.976514
0.142496,-2.728267
0.142498,-1.1564007
0.1425,0.60039186
0.142502,2.2184901
0.142504,3.6516623
0.142506,4.5300584
0.142508,4.8999095
0.14251,4.668752
0.142512,3.8828197
0.142514,2.6345725
0.142516,1.0627055
0.142518,-0.694087
0.14252,-2.3121846
0.14252199,-3.6991258
0.142524,-4.577522
0.142526,-4.9011416
0.142528,-4.623753
0.14253,-3.8378198
0.142532,-2.5433414
0.142534,-0.9252434
0.142536,0.8315482
0.142538,2.4496465
0.14254,3.7903562
0.142542,4.622521
0.142544,4.8999095
0.142546,4.622521
0.142548,3.744125
0.14255,2.4034152
0.142552,0.7853174
0.142554,-0.9252434
0.142556,-2.4971101
0.142558,-3.8378198
0.14256,-4.669985
0.142562,-4.9011416
0.142564,-4.577522
0.142566,-3.6991258
0.14256799,-2.3121846
0.14257,-0.694087
0.142572,1.0627055
0.142574,2.6808028
0.142576,3.92905
0.142578,4.7149835
0.14258,4.8999095
0.142582,4.5300584
0.142584,3.605431
0.142586,2.172258
0.142588,0.5541601
0.14259,-1.1564007
0.142592,-2.728267
0.142594,-4.022745
0.142596,-4.716216
0.142598,-4.9011416
0.1426,-4.4388275
0.142602,-3.5142004
0.142604,-2.081028
0.142606,-0.41669846
0.142608,1.3400936
0.14261,2.8657289
0.142612,4.113976
0.142614,4.7612157
0.142616,4.8999095
0.142618,4.437596
0.14262,3.420505
0.142622,1.9411016
0.142624,0.3230033
0.142626,-1.387557
0.142628,-2.9131925
0.14263,-4.1614394
0.142632,-4.8086786
0.142634,-4.85491
0.142636,-4.3925962
0.142638,-3.329275
0.14264,-1.8498712
0.142642,-0.18554163
0.142644,1.5250192
0.142646,3.0968862
0.142648,4.2064385
0.14265,4.807446
0.142652,4.8536773
0.142654,4.298901
0.142656,3.23558
0.142658,1.756176
0.14266,0.045615196
0.142662,-1.6187139
0.142664,-3.1443493
0.142666,-4.2539024
0.142668,-4.85491
0.14267,-4.8086786
0.142672,-4.2539024
0.142674,-3.1443493
0.142676,-1.6187139
0.142678,0.091846466
0.14268,1.756176
0.142682,3.2818112
0.142684,4.3451324
0.142686,4.8536773
0.142688,4.807446
0.14269,4.2064385
0.142692,3.050654
0.142694,1.4787879
0.142696,-0.18554163
0.142698,-1.8498712
0.1427,-3.329275
0.142702,-4.3925962
0.142704,-4.85491
0.142706,-4.7624474
0.142708,-4.115208
0.14271,-2.9594238
0.142712,-1.4337888
0.142714,0.3230033
0.142716,1.9873328
0.142718,3.4667363
0.14272,4.437596
0.142722,4.8999095
0.14272399,4.7612157
0.142726,4.0677447
0.142728,2.8194976
0.14273,1.2938623
0.142732,-0.41669846
0.142734,-2.081028
0.142736,-3.5142004
0.142738,-4.4850593
0.14274,-4.9011416
0.142742,-4.716216
0.142744,-3.976514
0.142746,-2.728267
0.142748,-1.1564007
0.14275,0.13807821
0.142752,0.5541601
0.142754,0.92401123
0.142756,1.2938623
0.142758,1.6174817
0.14276,1.9873328
0.142762,2.3109517
0.142764,2.6345725
0.142766,2.9581914
0.142768,3.2818112
0.14276999,3.5591989
0.142772,3.8365874
0.142774,4.0677447
0.142776,4.252671
0.142778,4.437596
0.14278,4.622521
0.142782,4.7612157
0.142784,4.8536773
0.142786,4.946141
0.142788,4.992371
0.14279,5.0386033
0.142792,5.0386033
0.142794,4.992371
0.142796,4.946141
0.142798,4.8536773
0.1428,4.7612157
0.142802,4.622521
0.142804,4.437596
0.142806,4.298901
0.142808,4.0677447
0.14281,3.8365874
0.142812,3.5591989
0.142814,3.2818112
0.14281599,3.0044227
0.142818,2.6808028
0.14282,2.357184
0.142822,1.9873328
0.142824,1.6174817
0.142826,1.2938623
0.142828,0.92401123
0.14283,0.5541601
0.142832,0.184309
0.142834,-0.2317729
0.142836,-0.601624
0.142838,-0.9714751
0.14284,-1.3413262
0.142842,-1.6649456
0.142844,-2.0347965
0.142846,-2.4046474
0.142848,-2.728267
0.14285,-3.0518866
0.142852,-3.329275
0.142854,-3.6066632
0.142856,-3.8840513
0.142858,-4.115208
0.14286,-4.3001337
0.142862,-4.4850593
0.142864,-4.623753
0.142866,-4.7624474
0.142868,-4.85491
0.14287,-4.947373
0.142872,-4.993604
0.142874,-5.0398355
0.142876,-4.993604
0.142878,-4.993604
0.14288,-4.9011416
0.142882,-4.8086786
0.142884,-4.716216
0.142886,-4.5312905
0.142888,-4.3925962
0.14289,-4.2076707
0.142892,-3.976514
0.142894,-3.745357
0.142896,-3.467969
0.142898,-3.1905808
0.1429,-2.866961
0.142902,-2.5433414
0.142904,-2.2197218
0.142906,-1.8498712
0.142908,-1.5262513
0.14291,-1.1564007
0.142912,-0.78654957
0.142914,-0.41669846
0.142916,-6.160736E-4
0.142918,0.36923456
0.14292,0.7390857
0.142922,1.1089368
0.142924,1.4787879
0.142926,1.8486385
0.142928,2.172258
0.14293,2.4958777
0.142932,2.8194976
0.142934,3.1431174
0.142936,3.420505
0.142938,3.6978936
0.14294,3.9752812
0.142942,4.2064385
0.142944,4.3913646
0.142946,4.5300584
0.142948,4.668752
0.14295,4.807446
0.142952,4.8999095
0.142954,4.992371
0.142956,5.0386033
0.142958,5.0386033
0.14296,5.0386033
0.142962,4.946141
0.142964,4.8999095
0.142966,4.807446
0.142968,4.668752
0.14297,4.483826
0.14297199,4.3451324
0.142974,4.1602073
0.142976,3.92905
0.142978,3.6516623
0.14298,3.3742738
0.142982,3.0968862
0.142984,2.7732663
0.142986,2.4496465
0.142988,2.126027
0.14299,1.756176
0.142992,1.4325566
0.142994,1.0627055
0.142996,0.6928544
0.142998,0.27677202
0.143,-0.09307861
0.143002,-0.46292973
0.143004,-0.83278084
0.143006,-1.2488632
0.143008,-1.5724826
0.14301,-1.9423337
0.143012,-2.2659533
0.143014,-2.589573
0.143016,-2.9131925
0.14301799,-3.236812
0.14302,-3.5142004
0.143022,-3.7915885
0.143024,-4.022745
0.143026,-4.2539024
0.143028,-4.4388275
0.14303,-4.577522
0.143032,-4.716216
0.143034,-4.85491
0.143036,-4.947373
0.143038,-4.993604
0.14304,-4.993604
0.143042,-5.0398355
0.143044,-4.993604
0.143046,-4.947373
0.143048,-4.85491
0.14305,-4.7624474
0.143052,-4.623753
0.143054,-4.4388275
0.143056,-4.2539024
0.143058,-4.068977
0.14306,-3.8378198
0.143062,-3.5604317
0.14306399,-3.2830436
0.143066,-3.0056553
0.143068,-2.6820357
0.14307,-2.3121846
0.143072,-1.9885652
0.143074,-1.6187139
0.143076,-1.2950945
0.143078,-0.9252434
0.14308,-0.55539227
0.143082,-0.13931036
0.143084,0.23054075
0.143086,0.60039186
0.143088,1.0164738
0.14309,1.3863249
0.143092,1.7099442
0.143094,2.0797954
0.143096,2.4034152
0.143098,2.727035
0.1431,3.050654
0.143102,3.3280425
0.143104,3.605431
0.143106,3.8828197
0.143108,4.113976
0.14311,4.3451324
0.143112,4.483826
0.143114,4.622521
0.143116,4.7612157
0.143118,4.8999095
0.14312,4.946141
0.143122,4.992371
0.143124,5.0386033
0.143126,5.0386033
0.143128,4.992371
0.14313,4.946141
0.143132,4.807446
0.143134,4.7149835
0.143136,4.5762897
0.143138,4.3913646
0.14314,4.2064385
0.143142,3.9752812
0.143144,3.744125
0.143146,3.4667363
0.143148,3.1893477
0.14315,2.8657289
0.143152,2.542109
0.143154,2.2184901
0.143156,1.8948698
0.143158,1.5250192
0.14316,1.1551685
0.143162,0.7853174
0.143164,0.4154663
0.143166,0.045615196
0.143168,-0.3704667
0.14317,-0.7403178
0.143172,-1.1101689
0.143174,-1.48002
0.143176,-1.8036394
0.143178,-2.1734905
0.14318,-2.4971101
0.143182,-2.8207297
0.143184,-3.1443493
0.143186,-3.4217377
0.143188,-3.6991258
0.14319,-3.9302826
0.143192,-4.1614394
0.143194,-4.3925962
0.143196,-4.5312905
0.143198,-4.669985
0.1432,-4.8086786
0.143202,-4.9011416
0.143204,-4.947373
0.143206,-4.993604
0.143208,-5.0398355
0.14321,-4.993604
0.143212,-4.947373
0.143214,-4.9011416
0.143216,-4.7624474
0.143218,-4.669985
0.14321999,-4.4850593
0.143222,-4.346365
0.143224,-4.1614394
0.143226,-3.9302826
0.143228,-3.6528945
0.14323,-3.3755062
0.143232,-3.098118
0.143234,-2.7744985
0.143236,-2.4508786
0.143238,-2.1272593
0.14324,-1.7574081
0.143242,-1.4337888
0.143244,-1.0177064
0.143246,-0.6478553
0.143248,-0.27800417
0.14325,0.091846466
0.143252,0.50792885
0.143254,0.87777996
0.143256,1.2476311
0.143258,1.5712504
0.14326,1.9411016
0.143262,2.2647214
0.143264,2.6345725
0.14326599,2.9581914
0.143268,3.23558
0.14327,3.5129685
0.143272,3.7903562
0.143274,4.0215135
0.143276,4.252671
0.143278,4.437596
0.14328,4.5762897
0.143282,4.7149835
0.143284,4.8536773
0.143286,4.946141
0.143288,4.992371
0.14329,5.0386033
0.143292,5.0386033
0.143294,4.992371
0.143296,4.946141
0.143298,4.8536773
0.1433,4.7612157
0.143302,4.622521
0.143304,4.437596
0.143306,4.298901
0.143308,4.0677447
0.14331,3.8365874
0.14331199,3.5591989
0.143314,3.2818112
0.143316,3.0044227
0.143318,2.6808028
0.14332,2.357184
0.143322,1.9873328
0.143324,1.6637135
0.143326,1.2938623
0.143328,0.92401123
0.14333,0.5541601
0.143332,0.184309
0.143334,-0.2317729
0.143336,-0.601624
0.143338,-0.9714751
0.14334,-1.3413262
0.143342,-1.6649456
0.143344,-2.0347965
0.143346,-2.4046474
0.143348,-2.728267
0.14335,-3.0518866
0.143352,-3.329275
0.143354,-3.6066632
0.143356,-3.8840513
0.143358,-4.115208
0.14336,-4.3001337
0.143362,-4.4850593
0.143364,-4.623753
0.143366,-4.7624474
0.143368,-4.85491
0.14337,-4.947373
0.143372,-4.993604
0.143374,-5.0398355
0.143376,-4.993604
0.143378,-4.993604
0.14338,-4.9011416
0.143382,-4.8086786
0.143384,-4.716216
0.143386,-4.5312905
0.143388,-4.3925962
0.14339,-4.2076707
0.143392,-3.976514
0.143394,-3.745357
0.143396,-3.467969
0.143398,-3.1905808
0.1434,-2.866961
0.143402,-2.5433414
0.143404,-2.2197218
0.143406,-1.8498712
0.143408,-1.5262513
0.14341,-1.1564007
0.143412,-0.78654957
0.143414,-0.41669846
0.143416,-6.160736E-4
0.143418,0.36923456
0.14342,0.7390857
0.143422,1.1089368
0.143424,1.4787879
0.143426,1.8024073
0.143428,2.172258
0.14343,2.4958777
0.143432,2.8194976
0.143434,3.1431174
0.143436,3.420505
0.143438,3.6978936
0.14344,3.9752812
0.143442,4.1602073
0.143444,4.3913646
0.143446,4.5300584
0.143448,4.668752
0.14345,4.807446
0.143452,4.8999095
0.143454,4.992371
0.143456,5.0386033
0.143458,5.0386033
0.14346,4.992371
0.143462,4.946141
0.143464,4.8999095
0.143466,4.807446
0.14346799,4.668752
0.14347,4.483826
0.143472,4.3451324
0.143474,4.1602073
0.143476,3.8828197
0.143478,3.6516623
0.14348,3.3742738
0.143482,3.0968862
0.143484,2.7732663
0.143486,2.4496465
0.143488,2.126027
0.14349,1.756176
0.143492,1.4325566
0.143494,1.0627055
0.143496,0.6928544
0.143498,0.27677202
0.1435,-0.09307861
0.143502,-0.46292973
0.143504,-0.83278084
0.143506,-1.2488632
0.143508,-1.5724826
0.14351,-1.9423337
0.143512,-2.2659533
0.14351399,-2.589573
0.143516,-2.9131925
0.143518,-3.236812
0.14352,-3.5142004
0.143522,-3.7915885
0.143524,-4.022745
0.143526,-4.2539024
0.143528,-4.4388275
0.14353,-4.577522
0.143532,-4.716216
0.143534,-4.85491
0.143536,-4.947373
0.143538,-4.993604
0.14354,-5.0398355
0.143542,-5.0398355
0.143544,-4.993604
0.143546,-4.947373
0.143548,-4.85491
0.14355,-4.7624474
0.143552,-4.623753
0.143554,-4.4388275
0.143556,-4.3001337
0.143558,-4.068977
0.14355999,-3.8378198
0.143562,-3.5604317
0.143564,-3.2830436
0.143566,-3.0056553
0.143568,-2.6820357
0.14357,-2.3121846
0.143572,-1.9885652
0.143574,-1.6187139
0.143576,-1.2950945
0.143578,-0.9252434
0.14358,-0.55539227
0.143582,-0.13931036
0.143584,0.23054075
0.143586,0.60039186
0.143588,0.970243
0.14359,1.3863249
0.143592,1.7099442
0.143594,2.0797954
0.143596,2.4034152
0.143598,2.727035
0.1436,3.050654
0.143602,3.3280425
0.143604,3.605431
0.14360599,3.8828197
0.143608,4.113976
0.14361,4.3451324
0.143612,4.483826
0.143614,4.622521
0.143616,4.7612157
0.143618,4.8999095
0.14362,4.946141
0.143622,4.992371
0.143624,5.0386033
0.143626,5.0386033
0.143628,4.992371
0.14363,4.8999095
0.143632,4.807446
0.143634,4.7149835
0.143636,4.5762897
0.143638,4.3913646
0.14364,4.2064385
0.143642,3.9752812
0.143644,3.744125
0.143646,3.4667363
0.143648,3.1893477
0.14365,2.8657289
0.143652,2.542109
0.143654,2.2184901
0.143656,1.8948698
0.143658,1.5250192
0.14366,1.1551685
0.143662,0.7853174
0.143664,0.4154663
0.143666,0.045615196
0.143668,-0.3704667
0.14367,-0.7403178
0.143672,-1.1101689
0.143674,-1.48002
0.143676,-1.8036394
0.143678,-2.1734905
0.14368,-2.4971101
0.143682,-2.8207297
0.143684,-3.1443493
0.143686,-3.4217377
0.143688,-3.6991258
0.14369,-3.9302826
0.143692,-4.1614394
0.143694,-4.3925962
0.143696,-4.5312905
0.143698,-4.669985
0.1437,-4.8086786
0.143702,-4.9011416
0.143704,-4.947373
0.143706,-4.993604
0.143708,-5.0398355
0.14371,-4.993604
0.143712,-4.947373
0.143714,-4.9011416
0.143716,-4.7624474
0.143718,-4.669985
0.14372,-4.4850593
0.143722,-4.346365
0.143724,-4.115208
0.143726,-3.8840513
0.143728,-3.6528945
0.14373,-3.3755062
0.143732,-3.098118
0.143734,-2.7744985
0.143736,-2.4508786
0.143738,-2.1272593
0.14374,-1.7574081
0.143742,-1.387557
0.143744,-1.0177064
0.143746,-0.6478553
0.143748,-0.27800417
0.14375,0.60039186
0.143752,2.172258
0.143754,3.605431
0.143756,4.483826
0.143758,4.8999095
0.14376,4.668752
0.14376199,3.8828197
0.143764,2.5883412
0.143766,1.0164738
0.143768,-0.694087
0.14377,-2.3121846
0.143772,-3.6991258
0.143774,-4.577522
0.143776,-4.947373
0.143778,-4.669985
0.14378,-3.8378198
0.143782,-2.5433414
0.143784,-0.9252434
0.143786,0.8315482
0.143788,2.4496465
0.14379,3.7903562
0.143792,4.622521
0.143794,4.8999095
0.143796,4.5762897
0.143798,3.744125
0.1438,2.4034152
0.143802,0.7853174
0.143804,-0.9252434
0.143806,-2.4971101
0.14380799,-3.8378198
0.14381,-4.669985
0.143812,-4.9011416
0.143814,-4.577522
0.143816,-3.6528945
0.143818,-2.3121846
0.14382,-0.694087
0.143822,1.0627055
0.143824,2.6808028
0.143826,3.92905
0.143828,4.7149835
0.14383,4.8999095
0.143832,4.5300584
0.143834,3.5591989
0.143836,2.172258
0.143838,0.5541601
0.14384,-1.1564007
0.143842,-2.728267
0.143844,-4.022745
0.143846,-4.716216
0.143848,-4.9011416
0.14385,-4.4388275
0.143852,-3.5142004
0.14385399,-2.081028
0.143856,-0.41669846
0.143858,1.3400936
0.14386,2.8657289
0.143862,4.113976
0.143864,4.7612157
0.143866,4.8999095
0.143868,4.437596
0.14387,3.420505
0.143872,1.9411016
0.143874,0.3230033
0.143876,-1.387557
0.143878,-2.9594238
0.14388,-4.1614394
0.143882,-4.8086786
0.143884,-4.85491
0.143886,-4.3925962
0.143888,-3.329275
0.14389,-1.8498712
0.143892,-0.18554163
0.143894,1.5250192
0.143896,3.0968862
0.143898,4.252671
0.1439,4.8536773
0.143902,4.8536773
0.143904,4.298901
0.143906,3.23558
0.143908,1.7099442
0.14391,0.045615196
0.143912,-1.6187139
0.143914,-3.1443493
0.143916,-4.3001337
0.143918,-4.85491
0.14392,-4.8086786
0.143922,-4.2539024
0.143924,-3.1443493
0.143926,-1.6187139
0.143928,0.091846466
0.14393,1.756176
0.143932,3.2818112
0.143934,4.3451324
0.143936,4.8536773
0.143938,4.807446
0.14394,4.2064385
0.143942,3.0044227
0.143944,1.4787879
0.143946,-0.18554163
0.143948,-1.8498712
0.14395,-3.329275
0.143952,-4.3925962
0.143954,-4.9011416
0.143956,-4.7624474
0.143958,-4.115208
0.14396,-2.9594238
0.143962,-1.387557
0.143964,0.3230033
0.143966,2.033564
0.143968,3.4667363
0.14397,4.437596
0.143972,4.8999095
0.143974,4.7612157
0.143976,4.0677447
0.143978,2.8194976
0.14398,1.2938623
0.143982,-0.46292973
0.143984,-2.081028
0.143986,-3.5142004
0.143988,-4.4850593
0.14399,-4.9011416
0.143992,-4.716216
0.143994,-3.976514
0.143996,-2.728267
0.143998,-1.1564007
0.144,0.60039186
0.144002,2.2184901
0.144004,3.6516623
0.144006,4.5300584
0.144008,4.8999095
0.14400999,4.668752
0.144012,3.8828197
0.144014,2.6345725
0.144016,1.0164738
0.144018,-0.694087
0.14402,-2.3121846
0.144022,-3.6991258
0.144024,-4.577522
0.144026,-4.9011416
0.144028,-4.623753
0.14403,-3.8378198
0.144032,-2.5433414
0.144034,-0.9252434
0.144036,0.8315482
0.144038,2.4496465
0.14404,3.7903562
0.144042,4.622521
0.144044,4.8999095
0.144046,4.622521
0.144048,3.744125
0.14405,2.4034152
0.144052,0.7853174
0.144054,-0.9252434
0.14405599,-2.4971101
0.144058,-3.8378198
0.14406,-4.669985
0.144062,-4.9011416
0.144064,-4.5312905
0.144066,-3.6528945
0.144068,-2.3121846
0.14407,-0.6478553
0.144072,1.0627055
0.144074,2.6808028
0.144076,3.92905
0.144078,4.7149835
0.14408,4.8999095
0.144082,4.5300584
0.144084,3.5591989
0.144086,2.172258
0.144088,0.5541601
0.14409,-1.1564007
0.144092,-2.728267
0.144094,-4.022745
0.144096,-4.716216
0.144098,-4.9011416
0.1441,-4.4388275
0.14410199,-3.5142004
0.144104,-2.081028
0.144106,-0.41669846
0.144108,1.3400936
0.14411,2.8657289
0.144112,4.113976
0.144114,4.7612157
0.144116,4.8999095
0.144118,4.437596
0.14412,3.420505
0.144122,1.9411016
0.144124,0.3230033
0.144126,-1.4337888
0.144128,-2.9594238
0.14413,-4.1614394
0.144132,-4.8086786
0.144134,-4.85491
0.144136,-4.3925962
0.144138,-3.329275
0.14414,-1.8498712
0.144142,-0.18554163
0.144144,1.5250192
0.144146,3.0968862
0.144148,4.252671
0.14415,4.8536773
0.144152,4.8536773
0.144154,4.298901
0.144156,3.23558
0.144158,1.7099442
0.14416,0.045615196
0.144162,-1.6187139
0.144164,-3.1443493
0.144166,-4.3001337
0.144168,-4.85491
0.14417,-4.8086786
0.144172,-4.2539024
0.144174,-3.1443493
0.144176,-1.6187139
0.144178,0.091846466
0.14418,1.8024073
0.144182,3.2818112
0.144184,4.3451324
0.144186,4.8536773
0.144188,4.807446
0.14419,4.2064385
0.144192,3.0044227
0.144194,1.4787879
0.144196,-0.18554163
0.144198,-1.8498712
0.1442,-3.329275
0.144202,-4.3925962
0.144204,-4.85491
0.144206,-4.7624474
0.144208,-4.115208
0.14421,-2.9594238
0.144212,-1.387557
0.144214,0.3230033
0.144216,2.033564
0.144218,3.4667363
0.14422,4.437596
0.144222,4.8999095
0.144224,4.7612157
0.144226,4.0677447
0.144228,2.8194976
0.14423,1.2938623
0.144232,-0.46292973
0.144234,-2.081028
0.144236,-3.5142004
0.144238,-4.4850593
0.14424,-4.9011416
0.144242,-4.716216
0.144244,-3.976514
0.144246,-2.728267
0.144248,-1.1564007
0.14425,0.60039186
0.144252,2.2184901
0.144254,3.6516623
0.144256,4.5300584
0.14425799,4.8999095
0.14426,4.668752
0.144262,3.8828197
0.144264,2.6345725
0.144266,1.0164738
0.144268,-0.694087
0.14427,-2.3121846
0.144272,-3.6991258
0.144274,-4.577522
0.144276,-4.9011416
0.144278,-4.623753
0.14428,-3.8378198
0.144282,-2.5433414
0.144284,-0.9252434
0.144286,0.8315482
0.144288,2.4496465
0.14429,3.7903562
0.144292,4.622521
0.144294,4.946141
0.144296,4.622521
0.144298,3.744125
0.1443,2.4034152
0.144302,0.7853174
0.14430399,-0.9252434
0.144306,-2.4971101
0.144308,-3.8378198
0.14431,-4.669985
0.144312,-4.9011416
0.144314,-4.5312905
0.144316,-3.6528945
0.144318,-2.3121846
0.14432,-0.6478553
0.144322,1.0627055
0.144324,2.6808028
0.144326,3.92905
0.144328,4.7149835
0.14433,4.8999095
0.144332,4.5300584
0.144334,3.5591989
0.144336,2.172258
0.144338,0.5541601
0.14434,-1.1564007
0.144342,-2.728267
0.144344,-4.022745
0.144346,-4.716216
0.144348,-4.9011416
0.14434999,-4.4388275
0.144352,-3.5142004
0.144354,-2.081028
0.144356,-0.41669846
0.144358,1.3400936
0.14436,2.8657289
0.144362,4.113976
0.144364,4.7612157
0.144366,4.8999095
0.144368,4.437596
0.14437,3.420505
0.144372,1.9411016
0.144374,0.27677202
0.144376,-1.4337888
0.144378,-2.9594238
0.14438,-4.1614394
0.144382,-4.8086786
0.144384,-4.85491
0.144386,-4.3925962
0.144388,-3.329275
0.14439,-1.8498712
0.144392,-0.18554163
0.144394,1.5250192
0.144396,3.0968862
0.144398,4.252671
0.1444,4.8536773
0.144402,4.8536773
0.144404,4.298901
0.144406,3.1893477
0.144408,1.7099442
0.14441,0.045615196
0.144412,-1.6187139
0.144414,-3.1443493
0.144416,-4.3001337
0.144418,-4.85491
0.14442,-4.8086786
0.144422,-4.2539024
0.144424,-3.1443493
0.144426,-1.6187139
0.144428,0.091846466
0.14443,1.756176
0.144432,3.2818112
0.144434,4.3451324
0.144436,4.8536773
0.144438,4.807446
0.14444,4.2064385
0.144442,3.0044227
0.144444,1.4787879
0.144446,-0.18554163
0.144448,-1.8498712
0.14445,-3.329275
0.144452,-4.3925962
0.144454,-4.9011416
0.144456,-4.7624474
0.144458,-4.115208
0.14446,-2.9594238
0.144462,-1.387557
0.144464,0.3230033
0.144466,2.033564
0.144468,3.4667363
0.14447,4.437596
0.144472,4.8999095
0.144474,4.7612157
0.144476,4.0677447
0.144478,2.8194976
0.14448,1.2938623
0.144482,-0.46292973
0.144484,-2.081028
0.144486,-3.5142004
0.144488,-4.4850593
0.14449,-4.9011416
0.144492,-4.716216
0.144494,-3.976514
0.144496,-2.728267
0.144498,-1.1564007
0.1445,0.60039186
0.144502,2.2184901
0.144504,3.6516623
0.14450599,4.5300584
0.144508,4.8999095
0.14451,4.668752
0.144512,3.8828197
0.144514,2.6345725
0.144516,1.0164738
0.144518,-0.694087
0.14452,-2.3121846
0.144522,-3.6991258
0.144524,-4.577522
0.144526,-4.9011416
0.144528,-4.623753
0.14453,-3.8378198
0.144532,-2.5433414
0.144534,-0.9252434
0.144536,0.8315482
0.144538,2.4496465
0.14454,3.7903562
0.144542,4.622521
0.144544,4.8999095
0.144546,4.622521
0.144548,3.744125
0.14455,2.4034152
0.14455199,0.7853174
0.144554,-0.9252434
0.144556,-2.4971101
0.144558,-3.8378198
0.14456,-4.669985
0.144562,-4.9011416
0.144564,-4.5312905
0.144566,-3.6528945
0.144568,-2.3121846
0.14457,-0.6478553
0.144572,1.0627055
0.144574,2.6808028
0.144576,3.92905
0.144578,4.7149835
0.14458,4.8999095
0.144582,4.483826
0.144584,3.5591989
0.144586,2.172258
0.144588,0.5541601
0.14459,-1.1564007
0.144592,-2.728267
0.144594,-4.022745
0.144596,-4.716216
0.14459799,-4.9011416
0.1446,-4.4388275
0.144602,-3.5142004
0.144604,-2.081028
0.144606,-0.41669846
0.144608,1.3400936
0.14461,2.8657289
0.144612,4.113976
0.144614,4.7612157
0.144616,4.8999095
0.144618,4.437596
0.14462,3.420505
0.144622,1.9411016
0.144624,0.27677202
0.144626,-1.4337888
0.144628,-2.9594238
0.14463,-4.1614394
0.144632,-4.8086786
0.144634,-4.85491
0.144636,-4.3925962
0.144638,-3.329275
0.14464,-1.8498712
0.144642,-0.13931036
0.14464399,1.5250192
0.144646,3.0968862
0.144648,4.252671
0.14465,4.807446
0.144652,4.8536773
0.144654,4.298901
0.144656,3.1893477
0.144658,1.7099442
0.14466,0.045615196
0.144662,-1.6187139
0.144664,-3.1443493
0.144666,-4.3001337
0.144668,-4.85491
0.14467,-4.85491
0.144672,-4.2539024
0.144674,-3.1443493
0.144676,-1.6187139
0.144678,0.091846466
0.14468,1.8024073
0.144682,3.2818112
0.144684,4.3451324
0.144686,4.8536773
0.144688,4.807446
0.14469,4.2064385
0.144692,3.0044227
0.144694,1.4787879
0.144696,-0.18554163
0.144698,-1.8498712
0.1447,-3.329275
0.144702,-4.3925962
0.144704,-4.9011416
0.144706,-4.7624474
0.144708,-4.115208
0.14471,-2.9594238
0.144712,-1.387557
0.144714,0.3230033
0.144716,2.033564
0.144718,3.4667363
0.14472,4.437596
0.144722,4.8999095
0.144724,4.7612157
0.144726,4.0677447
0.144728,2.8194976
0.14473,1.2938623
0.144732,-0.46292973
0.144734,-2.081028
0.144736,-3.5142004
0.144738,-4.4850593
0.14474,-4.9011416
0.144742,-4.716216
0.144744,-3.976514
0.144746,-2.728267
0.144748,-1.1564007
0.14475,0.13807821
0.144752,0.5541601
0.144754,0.92401123
0.144756,1.2938623
0.144758,1.6174817
0.14476,1.9873328
0.144762,2.3109517
0.144764,2.6345725
0.144766,2.9581914
0.144768,3.2818112
0.14477,3.5591989
0.144772,3.8365874
0.144774,4.0677447
0.144776,4.252671
0.144778,4.437596
0.14478,4.622521
0.144782,4.7612157
0.144784,4.8536773
0.144786,4.946141
0.144788,4.992371
0.14479,5.0386033
0.144792,5.0386033
0.144794,4.992371
0.144796,4.946141
0.144798,4.8536773
0.14479999,4.7612157
0.144802,4.622521
0.144804,4.437596
0.144806,4.298901
0.144808,4.0677447
0.14481,3.8365874
0.144812,3.5591989
0.144814,3.2818112
0.144816,3.0044227
0.144818,2.6808028
0.14482,2.357184
0.144822,1.9873328
0.144824,1.6174817
0.144826,1.2938623
0.144828,0.92401123
0.14483,0.5541601
0.144832,0.184309
0.144834,-0.2317729
0.144836,-0.601624
0.144838,-0.9714751
0.14484,-1.3413262
0.144842,-1.7111769
0.144844,-2.0347965
0.14484599,-2.4046474
0.144848,-2.728267
0.14485,-3.0518866
0.144852,-3.329275
0.144854,-3.6066632
0.144856,-3.8840513
0.144858,-4.115208
0.14486,-4.3001337
0.144862,-4.4850593
0.144864,-4.623753
0.144866,-4.7624474
0.144868,-4.85491
0.14487,-4.947373
0.144872,-4.993604
0.144874,-5.0398355
0.144876,-4.993604
0.144878,-4.993604
0.14488,-4.9011416
0.144882,-4.8086786
0.144884,-4.716216
0.144886,-4.5312905
0.144888,-4.3925962
0.14489,-4.2076707
0.14489199,-3.976514
0.144894,-3.745357
0.144896,-3.467969
0.144898,-3.1905808
0.1449,-2.866961
0.144902,-2.5433414
0.144904,-2.2197218
0.144906,-1.8498712
0.144908,-1.5262513
0.14491,-1.1564007
0.144912,-0.78654957
0.144914,-0.41669846
0.144916,-6.160736E-4
0.144918,0.36923456
0.14492,0.7390857
0.144922,1.1089368
0.144924,1.4787879
0.144926,1.8486385
0.144928,2.172258
0.14493,2.4958777
0.144932,2.8194976
0.144934,3.1431174
0.144936,3.420505
0.144938,3.6978936
0.14494,3.9752812
0.144942,4.2064385
0.144944,4.3913646
0.144946,4.5300584
0.144948,4.668752
0.14495,4.807446
0.144952,4.8999095
0.144954,4.992371
0.144956,5.0386033
0.144958,5.0386033
0.14496,4.992371
0.144962,4.946141
0.144964,4.8999095
0.144966,4.807446
0.144968,4.668752
0.14497,4.483826
0.144972,4.3451324
0.144974,4.1602073
0.144976,3.92905
0.144978,3.6516623
0.14498,3.3742738
0.144982,3.0968862
0.144984,2.7732663
0.144986,2.4496465
0.144988,2.126027
0.14499,1.756176
0.144992,1.4325566
0.144994,1.0627055
0.144996,0.6928544
0.144998,0.27677202
0.145,-0.09307861
0.145002,-0.46292973
0.145004,-0.83278084
0.145006,-1.2488632
0.145008,-1.5724826
0.14501,-1.9423337
0.145012,-2.2659533
0.145014,-2.589573
0.145016,-2.9131925
0.145018,-3.236812
0.14502,-3.5142004
0.145022,-3.7915885
0.145024,-4.022745
0.145026,-4.2539024
0.145028,-4.4388275
0.14503,-4.577522
0.145032,-4.716216
0.145034,-4.85491
0.145036,-4.9011416
0.145038,-4.993604
0.14504,-5.0398355
0.145042,-5.0398355
0.145044,-4.993604
0.145046,-4.947373
0.14504799,-4.85491
0.14505,-4.7624474
0.145052,-4.623753
0.145054,-4.4388275
0.145056,-4.3001337
0.145058,-4.068977
0.14506,-3.8378198
0.145062,-3.5604317
0.145064,-3.2830436
0.145066,-3.0056553
0.145068,-2.6820357
0.14507,-2.3121846
0.145072,-1.9885652
0.145074,-1.6187139
0.145076,-1.2950945
0.145078,-0.9252434
0.14508,-0.55539227
0.145082,-0.13931036
0.145084,0.23054075
0.145086,0.60039186
0.145088,1.0164738
0.14509,1.3863249
0.145092,1.7099442
0.14509399,2.0797954
0.145096,2.4034152
0.145098,2.727035
0.1451,3.050654
0.145102,3.3280425
0.145104,3.605431
0.145106,3.8828197
0.145108,4.113976
0.14511,4.3451324
0.145112,4.483826
0.145114,4.622521
0.145116,4.7612157
0.145118,4.8999095
0.14512,4.946141
0.145122,4.992371
0.145124,5.0386033
0.145126,5.0386033
0.145128,4.992371
0.14513,4.8999095
0.145132,4.807446
0.145134,4.7149835
0.145136,4.5762897
0.145138,4.3913646
0.14513999,4.2064385
0.145142,3.9752812
0.145144,3.744125
0.145146,3.4667363
0.145148,3.1893477
0.14515,2.8657289
0.145152,2.542109
0.145154,2.2184901
0.145156,1.8948698
0.145158,1.5250192
0.14516,1.1551685
0.145162,0.7853174
0.145164,0.4154663
0.145166,0.045615196
0.145168,-0.3704667
0.14517,-0.7403178
0.145172,-1.1101689
0.145174,-1.48002
0.145176,-1.8036394
0.145178,-2.1734905
0.14518,-2.4971101
0.145182,-2.8207297
0.145184,-3.1443493
0.145186,-3.4217377
0.145188,-3.6991258
0.14519,-3.9302826
0.145192,-4.1614394
0.145194,-4.3925962
0.145196,-4.5312905
0.145198,-4.669985
0.1452,-4.8086786
0.145202,-4.9011416
0.145204,-4.947373
0.145206,-4.993604
0.145208,-5.0398355
0.14521,-4.993604
0.145212,-4.947373
0.145214,-4.9011416
0.145216,-4.7624474
0.145218,-4.669985
0.14522,-4.4850593
0.145222,-4.346365
0.145224,-4.115208
0.145226,-3.8840513
0.145228,-3.6528945
0.14523,-3.3755062
0.145232,-3.098118
0.145234,-2.7744985
0.145236,-2.4508786
0.145238,-2.081028
0.14524,-1.7574081
0.145242,-1.387557
0.145244,-1.0177064
0.145246,-0.6478553
0.145248,-0.27800417
0.14525,0.091846466
0.145252,0.50792885
0.145254,0.87777996
0.145256,1.2476311
0.145258,1.5712504
0.14526,1.9411016
0.145262,2.3109517
0.145264,2.6345725
0.145266,2.9581914
0.145268,3.23558
0.14527,3.5129685
0.145272,3.7903562
0.145274,4.0215135
0.145276,4.252671
0.145278,4.437596
0.14528,4.5762897
0.145282,4.7149835
0.145284,4.8536773
0.145286,4.946141
0.145288,4.992371
0.14529,5.0386033
0.145292,5.0386033
0.145294,4.992371
0.14529599,4.946141
0.145298,4.8536773
0.1453,4.7612157
0.145302,4.622521
0.145304,4.437596
0.145306,4.298901
0.145308,4.0677447
0.14531,3.8365874
0.145312,3.5591989
0.145314,3.2818112
0.145316,3.0044227
0.145318,2.6808028
0.14532,2.357184
0.145322,1.9873328
0.145324,1.6174817
0.145326,1.2938623
0.145328,0.92401123
0.14533,0.5541601
0.145332,0.184309
0.145334,-0.2317729
0.145336,-0.601624
0.145338,-0.9714751
0.14534,-1.3413262
0.14534199,-1.7111769
0.145344,-2.0347965
0.145346,-2.4046474
0.145348,-2.728267
0.14535,-3.0518866
0.145352,-3.329275
0.145354,-3.6066632
0.145356,-3.8840513
0.145358,-4.115208
0.14536,-4.3001337
0.145362,-4.4850593
0.145364,-4.623753
0.145366,-4.7624474
0.145368,-4.85491
0.14537,-4.947373
0.145372,-4.993604
0.145374,-5.0398355
0.145376,-4.993604
0.145378,-4.993604
0.14538,-4.9011416
0.145382,-4.8086786
0.145384,-4.716216
0.145386,-4.5312905
0.14538799,-4.3925962
0.14539,-4.2076707
0.145392,-3.976514
0.145394,-3.745357
0.145396,-3.467969
0.145398,-3.1905808
0.1454,-2.866961
0.145402,-2.5433414
0.145404,-2.2197218
0.145406,-1.8498712
0.145408,-1.5262513
0.14541,-1.1564007
0.145412,-0.78654957
0.145414,-0.41669846
0.145416,-6.160736E-4
0.145418,0.36923456
0.14542,0.7390857
0.145422,1.1089368
0.145424,1.4787879
0.145426,1.8486385
0.145428,2.172258
0.14543,2.4958777
0.145432,2.8194976
0.145434,3.1431174
0.145436,3.420505
0.145438,3.6978936
0.14544,3.9752812
0.145442,4.2064385
0.145444,4.3913646
0.145446,4.5300584
0.145448,4.668752
0.14545,4.807446
0.145452,4.8999095
0.145454,4.992371
0.145456,5.0386033
0.145458,5.0386033
0.14546,4.992371
0.145462,4.946141
0.145464,4.8999095
0.145466,4.807446
0.145468,4.668752
0.14547,4.483826
0.145472,4.3451324
0.145474,4.1602073
0.145476,3.92905
0.145478,3.6516623
0.14548,3.3742738
0.145482,3.0968862
0.145484,2.7732663
0.145486,2.4496465
0.145488,2.126027
0.14549,1.756176
0.145492,1.4325566
0.145494,1.0627055
0.145496,0.6928544
0.145498,0.27677202
0.1455,-0.09307861
0.145502,-0.46292973
0.145504,-0.83278084
0.145506,-1.2488632
0.145508,-1.5724826
0.14551,-1.9423337
0.145512,-2.2659533
0.145514,-2.589573
0.145516,-2.9131925
0.145518,-3.236812
0.14552,-3.5142004
0.145522,-3.7915885
0.145524,-4.022745
0.145526,-4.2539024
0.145528,-4.4388275
0.14553,-4.577522
0.145532,-4.716216
0.145534,-4.85491
0.145536,-4.947373
0.145538,-4.993604
0.14554,-4.993604
0.145542,-5.0398355
0.14554399,-4.993604
0.145546,-4.947373
0.145548,-4.85491
0.14555,-4.716216
0.145552,-4.623753
0.145554,-4.4388275
0.145556,-4.2539024
0.145558,-4.068977
0.14556,-3.8378198
0.145562,-3.5604317
0.145564,-3.2830436
0.145566,-2.9594238
0.145568,-2.6820357
0.14557,-2.3121846
0.145572,-1.9885652
0.145574,-1.6187139
0.145576,-1.2950945
0.145578,-0.9252434
0.14558,-0.5091615
0.145582,-0.13931036
0.145584,0.23054075
0.145586,0.60039186
0.145588,1.0164738
0.14558999,1.3863249
0.145592,1.7099442
0.145594,2.0797954
0.145596,2.4034152
0.145598,2.727035
0.1456,3.050654
0.145602,3.3280425
0.145604,3.605431
0.145606,3.8828197
0.145608,4.113976
0.14561,4.298901
0.145612,4.483826
0.145614,4.622521
0.145616,4.7612157
0.145618,4.8999095
0.14562,4.946141
0.145622,4.992371
0.145624,5.0386033
0.145626,5.0386033
0.145628,4.992371
0.14563,4.8999095
0.145632,4.807446
0.145634,4.7149835
0.14563599,4.5762897
0.145638,4.3913646
0.14564,4.2064385
0.145642,3.9752812
0.145644,3.744125
0.145646,3.4667363
0.145648,3.1893477
0.14565,2.8657289
0.145652,2.542109
0.145654,2.2184901
0.145656,1.8948698
0.145658,1.5250192
0.14566,1.1551685
0.145662,0.7853174
0.145664,0.4154663
0.145666,0.045615196
0.145668,-0.3704667
0.14567,-0.7403178
0.145672,-1.1101689
0.145674,-1.48002
0.145676,-1.8036394
0.145678,-2.1734905
0.14568,-2.4971101
0.145682,-2.8207297
0.145684,-3.1443493
0.145686,-3.4217377
0.145688,-3.6991258
0.14569,-3.9302826
0.145692,-4.1614394
0.145694,-4.3925962
0.145696,-4.5312905
0.145698,-4.669985
0.1457,-4.8086786
0.145702,-4.9011416
0.145704,-4.947373
0.145706,-4.993604
0.145708,-5.0398355
0.14571,-4.993604
0.145712,-4.947373
0.145714,-4.9011416
0.145716,-4.7624474
0.145718,-4.669985
0.14572,-4.4850593
0.145722,-4.346365
0.145724,-4.115208
0.145726,-3.8840513
0.145728,-3.6528945
0.14573,-3.3755062
0.145732,-3.098118
0.145734,-2.7744985
0.145736,-2.4508786
0.145738,-2.081028
0.14574,-1.7574081
0.145742,-1.387557
0.145744,-1.0177064
0.145746,-0.6478553
0.145748,-0.27800417
0.14575,0.60039186
0.145752,2.2184901
0.145754,3.605431
0.145756,4.483826
0.145758,4.8999095
0.14576,4.668752
0.145762,3.8828197
0.145764,2.5883412
0.145766,1.0164738
0.145768,-0.7403178
0.14577,-2.3121846
0.145772,-3.6991258
0.145774,-4.577522
0.145776,-4.947373
0.145778,-4.669985
0.14578,-3.8378198
0.145782,-2.5433414
0.145784,-0.9252434
0.145786,0.8315482
0.145788,2.4496465
0.14579,3.7903562
0.14579199,4.622521
0.145794,4.8999095
0.145796,4.5762897
0.145798,3.744125
0.1458,2.4034152
0.145802,0.7853174
0.145804,-0.9252434
0.145806,-2.5433414
0.145808,-3.8378198
0.14581,-4.669985
0.145812,-4.9011416
0.145814,-4.5312905
0.145816,-3.6528945
0.145818,-2.3121846
0.14582,-0.6478553
0.145822,1.1089368
0.145824,2.6808028
0.145826,3.9752812
0.145828,4.7149835
0.14583,4.8999095
0.145832,4.483826
0.145834,3.5591989
0.145836,2.172258
0.14583799,0.5541601
0.14584,-1.202632
0.145842,-2.728267
0.145844,-4.022745
0.145846,-4.716216
0.145848,-4.9011416
0.14585,-4.4388275
0.145852,-3.5142004
0.145854,-2.081028
0.145856,-0.41669846
0.145858,1.3400936
0.14586,2.8657289
0.145862,4.113976
0.145864,4.7612157
0.145866,4.8999095
0.145868,4.437596
0.14587,3.3742738
0.145872,1.9411016
0.145874,0.27677202
0.145876,-1.4337888
0.145878,-2.9594238
0.14588,-4.1614394
0.145882,-4.8086786
0.14588399,-4.85491
0.145886,-4.3925962
0.145888,-3.329275
0.14589,-1.8498712
0.145892,-0.13931036
0.145894,1.5712504
0.145896,3.0968862
0.145898,4.252671
0.1459,4.8536773
0.145902,4.8536773
0.145904,4.298901
0.145906,3.1893477
0.145908,1.7099442
0.14591,0.045615196
0.145912,-1.6187139
0.145914,-3.1443493
0.145916,-4.3001337
0.145918,-4.85491
0.14592,-4.8086786
0.145922,-4.2539024
0.145924,-3.1443493
0.145926,-1.6187139
0.145928,0.091846466
0.14592999,1.8024073
0.145932,3.2818112
0.145934,4.3451324
0.145936,4.8536773
0.145938,4.807446
0.14594,4.1602073
0.145942,3.0044227
0.145944,1.4787879
0.145946,-0.18554163
0.145948,-1.8498712
0.14595,-3.329275
0.145952,-4.3925962
0.145954,-4.85491
0.145956,-4.7624474
0.145958,-4.115208
0.14596,-2.9594238
0.145962,-1.387557
0.145964,0.36923456
0.145966,2.033564
0.145968,3.4667363
0.14597,4.437596
0.145972,4.8999095
0.145974,4.7612157
0.145976,4.0215135
0.145978,2.8194976
0.14598,1.2938623
0.145982,-0.46292973
0.145984,-2.081028
0.145986,-3.5142004
0.145988,-4.4850593
0.14599,-4.9011416
0.145992,-4.716216
0.145994,-3.976514
0.145996,-2.728267
0.145998,-1.1564007
0.146,0.60039186
0.146002,2.2647214
0.146004,3.6516623
0.146006,4.5300584
0.146008,4.8999095
0.14601,4.668752
0.146012,3.8828197
0.146014,2.5883412
0.146016,1.0164738
0.146018,-0.694087
0.14602,-2.3121846
0.146022,-3.6991258
0.146024,-4.577522
0.146026,-4.9011416
0.146028,-4.623753
0.14603,-3.8378198
0.146032,-2.5433414
0.146034,-0.9252434
0.146036,0.8315482
0.146038,2.4496465
0.14604,3.7903562
0.146042,4.622521
0.146044,4.8999095
0.146046,4.5762897
0.146048,3.744125
0.14605,2.4034152
0.146052,0.7853174
0.146054,-0.9252434
0.146056,-2.5433414
0.146058,-3.8378198
0.14606,-4.669985
0.146062,-4.9011416
0.146064,-4.5312905
0.146066,-3.6528945
0.146068,-2.3121846
0.14607,-0.6478553
0.146072,1.1089368
0.146074,2.6808028
0.146076,3.9752812
0.146078,4.7149835
0.14608,4.8999095
0.146082,4.483826
0.146084,3.5591989
0.14608599,2.172258
0.146088,0.5541601
0.14609,-1.202632
0.146092,-2.728267
0.146094,-4.022745
0.146096,-4.716216
0.146098,-4.9011416
0.1461,-4.4388275
0.146102,-3.5142004
0.146104,-2.081028
0.146106,-0.41669846
0.146108,1.3400936
0.14611,2.8657289
0.146112,4.113976
0.146114,4.7612157
0.146116,4.8999095
0.146118,4.437596
0.14612,3.3742738
0.146122,1.9411016
0.146124,0.27677202
0.146126,-1.4337888
0.146128,-2.9594238
0.14613,-4.1614394
0.14613199,-4.8086786
0.146134,-4.85491
0.146136,-4.3925962
0.146138,-3.329275
0.14614,-1.8498712
0.146142,-0.13931036
0.146144,1.5712504
0.146146,3.0968862
0.146148,4.252671
0.14615,4.8536773
0.146152,4.8536773
0.146154,4.298901
0.146156,3.1893477
0.146158,1.7099442
0.14616,0.045615196
0.146162,-1.6187139
0.146164,-3.1443493
0.146166,-4.3001337
0.146168,-4.85491
0.14617,-4.8086786
0.146172,-4.2539024
0.146174,-3.1443493
0.146176,-1.6187139
0.14617799,0.091846466
0.14618,1.8024073
0.146182,3.2818112
0.146184,4.3451324
0.146186,4.8536773
0.146188,4.807446
0.14619,4.1602073
0.146192,3.0044227
0.146194,1.4787879
0.146196,-0.2317729
0.146198,-1.8498712
0.1462,-3.329275
0.146202,-4.3925962
0.146204,-4.9011416
0.146206,-4.7624474
0.146208,-4.115208
0.14621,-2.9594238
0.146212,-1.387557
0.146214,0.36923456
0.146216,2.033564
0.146218,3.4667363
0.14622,4.437596
0.146222,4.8999095
0.146224,4.7612157
0.146226,4.0215135
0.146228,2.8194976
0.14623,1.2476311
0.146232,-0.46292973
0.146234,-2.081028
0.146236,-3.5142004
0.146238,-4.4850593
0.14624,-4.9011416
0.146242,-4.716216
0.146244,-3.976514
0.146246,-2.728267
0.146248,-1.1564007
0.14625,0.60039186
0.146252,2.2647214
0.146254,3.6516623
0.146256,4.5300584
0.146258,4.8999095
0.14626,4.668752
0.146262,3.8828197
0.146264,2.5883412
0.146266,1.0164738
0.146268,-0.694087
0.14627,-2.3121846
0.146272,-3.6991258
0.146274,-4.577522
0.146276,-4.9011416
0.146278,-4.623753
0.14628,-3.8378198
0.146282,-2.5433414
0.146284,-0.9252434
0.146286,0.8315482
0.146288,2.4496465
0.14629,3.7903562
0.146292,4.622521
0.146294,4.8999095
0.146296,4.5762897
0.146298,3.744125
0.1463,2.4034152
0.146302,0.7853174
0.146304,-0.9252434
0.146306,-2.5433414
0.146308,-3.8378198
0.14631,-4.669985
0.146312,-4.9011416
0.146314,-4.5312905
0.146316,-3.6528945
0.146318,-2.3121846
0.14632,-0.6478553
0.146322,1.1089368
0.146324,2.6808028
0.146326,3.9752812
0.146328,4.7149835
0.14633,4.8999095
0.146332,4.483826
0.14633399,3.5591989
0.146336,2.172258
0.146338,0.5541601
0.14634,-1.202632
0.146342,-2.728267
0.146344,-4.022745
0.146346,-4.716216
0.146348,-4.9011416
0.14635,-4.4388275
0.146352,-3.5142004
0.146354,-2.081028
0.146356,-0.41669846
0.146358,1.3400936
0.14636,2.8657289
0.146362,4.113976
0.146364,4.7612157
0.146366,4.8999095
0.146368,4.437596
0.14637,3.3742738
0.146372,1.9411016
0.146374,0.27677202
0.146376,-1.4337888
0.146378,-2.9594238
0.14637999,-4.1614394
0.146382,-4.8086786
0.146384,-4.85491
0.146386,-4.346365
0.146388,-3.329275
0.14639,-1.8498712
0.146392,-0.13931036
0.146394,1.5712504
0.146396,3.0968862
0.146398,4.252671
0.1464,4.8536773
0.146402,4.8536773
0.146404,4.298901
0.146406,3.1893477
0.146408,1.7099442
0.14641,0.045615196
0.146412,-1.6187139
0.146414,-3.1443493
0.146416,-4.3001337
0.146418,-4.85491
0.14642,-4.8086786
0.146422,-4.2539024
0.146424,-3.1443493
0.14642599,-1.6187139
0.146428,0.091846466
0.14643,1.8024073
0.146432,3.2818112
0.146434,4.3451324
0.146436,4.8536773
0.146438,4.807446
0.14644,4.1602073
0.146442,3.0044227
0.146444,1.4787879
0.146446,-0.2317729
0.146448,-1.8498712
0.14645,-3.329275
0.146452,-4.3925962
0.146454,-4.9011416
0.146456,-4.7624474
0.146458,-4.115208
0.14646,-2.9594238
0.146462,-1.387557
0.146464,0.36923456
0.146466,2.033564
0.146468,3.4667363
0.14647,4.437596
0.146472,4.8999095
0.146474,4.7612157
0.146476,4.0215135
0.146478,2.8194976
0.14648,1.2476311
0.146482,-0.46292973
0.146484,-2.081028
0.146486,-3.5142004
0.146488,-4.4850593
0.14649,-4.9011416
0.146492,-4.716216
0.146494,-3.976514
0.146496,-2.728267
0.146498,-1.1564007
0.1465,0.60039186
0.146502,2.2647214
0.146504,3.6516623
0.146506,4.5300584
0.146508,4.8999095
0.14651,4.668752
0.146512,3.8828197
0.146514,2.5883412
0.146516,1.0164738
0.146518,-0.694087
0.14652,-2.3121846
0.146522,-3.6991258
0.146524,-4.577522
0.146526,-4.9011416
0.146528,-4.623753
0.14653,-3.8378198
0.146532,-2.5433414
0.146534,-0.9252434
0.146536,0.8315482
0.146538,2.4496465
0.14654,3.7903562
0.146542,4.622521
0.146544,4.8999095
0.146546,4.5762897
0.146548,3.744125
0.14655,2.4034152
0.146552,0.7853174
0.146554,-0.9252434
0.146556,-2.5433414
0.146558,-3.8378198
0.14656,-4.669985
0.146562,-4.9011416
0.146564,-4.5312905
0.146566,-3.6528945
0.146568,-2.3121846
0.14657,-0.6478553
0.146572,1.1089368
0.146574,2.6808028
0.146576,3.9752812
0.146578,4.7149835
0.14658,4.8999095
0.14658199,4.483826
0.146584,3.5591989
0.146586,2.172258
0.146588,0.5541601
0.14659,-1.202632
0.146592,-2.728267
0.146594,-4.022745
0.146596,-4.716216
0.146598,-4.9011416
0.1466,-4.4388275
0.146602,-3.5142004
0.146604,-2.081028
0.146606,-0.41669846
0.146608,1.3400936
0.14661,2.8657289
0.146612,4.113976
0.146614,4.7612157
0.146616,4.8999095
0.146618,4.437596
0.14662,3.3742738
0.146622,1.9411016
0.146624,0.27677202
0.146626,-1.4337888
0.14662799,-2.9594238
0.14663,-4.1614394
0.146632,-4.8086786
0.146634,-4.85491
0.146636,-4.346365
0.146638,-3.329275
0.14664,-1.8498712
0.146642,-0.13931036
0.146644,1.5712504
0.146646,3.0968862
0.146648,4.252671
0.14665,4.8536773
0.146652,4.8536773
0.146654,4.298901
0.146656,3.1893477
0.146658,1.7099442
0.14666,0.045615196
0.146662,-1.6187139
0.146664,-3.1443493
0.146666,-4.3001337
0.146668,-4.85491
0.14667,-4.8086786
0.146672,-4.2539024
0.14667399,-3.1443493
0.146676,-1.6187139
0.146678,0.091846466
0.14668,1.8024073
0.146682,3.2818112
0.146684,4.3451324
0.146686,4.8536773
0.146688,4.807446
0.14669,4.1602073
0.146692,3.0044227
0.146694,1.4787879
0.146696,-0.18554163
0.146698,-1.8498712
0.1467,-3.329275
0.146702,-4.3925962
0.146704,-4.9011416
0.146706,-4.7624474
0.146708,-4.115208
0.14671,-2.9594238
0.146712,-1.387557
0.146714,0.36923456
0.146716,2.033564
0.146718,3.4667363
0.14672,4.437596
0.146722,4.8999095
0.146724,4.7612157
0.146726,4.0215135
0.146728,2.8194976
0.14673,1.2476311
0.146732,-0.46292973
0.146734,-2.081028
0.146736,-3.5142004
0.146738,-4.4850593
0.14674,-4.9011416
0.146742,-4.716216
0.146744,-3.976514
0.146746,-2.728267
0.146748,-1.1564007
0.14675,0.13807821
0.146752,0.5541601
0.146754,0.92401123
0.146756,1.2938623
0.146758,1.6174817
0.14676,1.9873328
0.146762,2.3109517
0.146764,2.6345725
0.146766,2.9581914
0.146768,3.2818112
0.14677,3.5591989
0.146772,3.7903562
0.146774,4.0677447
0.146776,4.252671
0.146778,4.437596
0.14678,4.622521
0.146782,4.7612157
0.146784,4.8536773
0.146786,4.946141
0.146788,4.992371
0.14679,5.0386033
0.146792,5.0386033
0.146794,4.992371
0.146796,4.946141
0.146798,4.8536773
0.1468,4.7612157
0.146802,4.622521
0.146804,4.437596
0.146806,4.298901
0.146808,4.0677447
0.14681,3.8365874
0.146812,3.5591989
0.146814,3.2818112
0.146816,3.0044227
0.146818,2.6808028
0.14682,2.357184
0.146822,1.9873328
0.146824,1.6174817
0.146826,1.2938623
0.146828,0.92401123
0.14682999,0.5541601
0.146832,0.184309
0.146834,-0.2317729
0.146836,-0.601624
0.146838,-0.9714751
0.14684,-1.3413262
0.146842,-1.7111769
0.146844,-2.0347965
0.146846,-2.4046474
0.146848,-2.728267
0.14685,-3.0518866
0.146852,-3.329275
0.146854,-3.6066632
0.146856,-3.8840513
0.146858,-4.115208
0.14686,-4.3001337
0.146862,-4.4850593
0.146864,-4.623753
0.146866,-4.7624474
0.146868,-4.85491
0.14687,-4.947373
0.146872,-4.993604
0.146874,-5.0398355
0.14687599,-4.993604
0.146878,-4.993604
0.14688,-4.9011416
0.146882,-4.8086786
0.146884,-4.716216
0.146886,-4.5312905
0.146888,-4.3925962
0.14689,-4.2076707
0.146892,-3.976514
0.146894,-3.745357
0.146896,-3.467969
0.146898,-3.1905808
0.1469,-2.866961
0.146902,-2.5433414
0.146904,-2.2197218
0.146906,-1.8498712
0.146908,-1.5262513
0.14691,-1.1564007
0.146912,-0.78654957
0.146914,-0.41669846
0.146916,-6.160736E-4
0.146918,0.36923456
0.14692,0.7390857
0.14692199,1.1089368
0.146924,1.4787879
0.146926,1.8486385
0.146928,2.172258
0.14693,2.4958777
0.146932,2.8194976
0.146934,3.1431174
0.146936,3.420505
0.146938,3.6978936
0.14694,3.9752812
0.146942,4.2064385
0.146944,4.3913646
0.146946,4.5300584
0.146948,4.668752
0.14695,4.807446
0.146952,4.8999095
0.146954,4.992371
0.146956,5.0386033
0.146958,5.0386033
0.14696,4.992371
0.146962,4.946141
0.146964,4.8999095
0.146966,4.807446
0.14696799,4.668752
0.14697,4.483826
0.146972,4.3451324
0.146974,4.1602073
0.146976,3.92905
0.146978,3.6516623
0.14698,3.3742738
0.146982,3.0968862
0.146984,2.7732663
0.146986,2.4496465
0.146988,2.126027
0.14699,1.756176
0.146992,1.4325566
0.146994,1.0627055
0.146996,0.6928544
0.146998,0.27677202
0.147,-0.09307861
0.147002,-0.46292973
0.147004,-0.8790121
0.147006,-1.2488632
0.147008,-1.5724826
0.14701,-1.9423337
0.147012,-2.2659533
0.147014,-2.589573
0.147016,-2.9131925
0.147018,-3.236812
0.14702,-3.5142004
0.147022,-3.7915885
0.147024,-4.022745
0.147026,-4.2539024
0.147028,-4.4388275
0.14703,-4.577522
0.147032,-4.716216
0.147034,-4.85491
0.147036,-4.947373
0.147038,-4.993604
0.14704,-5.0398355
0.147042,-5.0398355
0.147044,-4.993604
0.147046,-4.947373
0.147048,-4.85491
0.14705,-4.7624474
0.147052,-4.623753
0.147054,-4.4388275
0.147056,-4.2539024
0.147058,-4.068977
0.14706,-3.8378198
0.147062,-3.5604317
0.147064,-3.2830436
0.147066,-2.9594238
0.147068,-2.6820357
0.14707,-2.3121846
0.147072,-1.9885652
0.147074,-1.6187139
0.147076,-1.2950945
0.147078,-0.9252434
0.14708,-0.5091615
0.147082,-0.13931036
0.147084,0.23054075
0.147086,0.60039186
0.147088,1.0164738
0.14709,1.3863249
0.147092,1.7099442
0.147094,2.0797954
0.147096,2.4034152
0.147098,2.727035
0.1471,3.050654
0.147102,3.3280425
0.147104,3.605431
0.147106,3.8828197
0.147108,4.113976
0.14711,4.298901
0.147112,4.483826
0.147114,4.622521
0.147116,4.7612157
0.147118,4.8999095
0.14712,4.946141
0.147122,4.992371
0.14712399,5.0386033
0.147126,5.0386033
0.147128,4.992371
0.14713,4.8999095
0.147132,4.807446
0.147134,4.7149835
0.147136,4.5762897
0.147138,4.3913646
0.14714,4.2064385
0.147142,3.9752812
0.147144,3.744125
0.147146,3.4667363
0.147148,3.1893477
0.14715,2.8657289
0.147152,2.542109
0.147154,2.2184901
0.147156,1.8486385
0.147158,1.5250192
0.14716,1.1551685
0.147162,0.7853174
0.147164,0.4154663
0.147166,0.045615196
0.147168,-0.3704667
0.14716999,-0.7403178
0.147172,-1.1101689
0.147174,-1.48002
0.147176,-1.8036394
0.147178,-2.1734905
0.14718,-2.4971101
0.147182,-2.8207297
0.147184,-3.1443493
0.147186,-3.4217377
0.147188,-3.6991258
0.14719,-3.9302826
0.147192,-4.1614394
0.147194,-4.3925962
0.147196,-4.5312905
0.147198,-4.669985
0.1472,-4.8086786
0.147202,-4.9011416
0.147204,-4.947373
0.147206,-4.993604
0.147208,-5.0398355
0.14721,-4.993604
0.147212,-4.947373
0.147214,-4.9011416
0.14721599,-4.7624474
0.147218,-4.669985
0.14722,-4.4850593
0.147222,-4.346365
0.147224,-4.115208
0.147226,-3.8840513
0.147228,-3.6528945
0.14723,-3.3755062
0.147232,-3.098118
0.147234,-2.7744985
0.147236,-2.4508786
0.147238,-2.081028
0.14724,-1.7574081
0.147242,-1.387557
0.147244,-1.0177064
0.147246,-0.6478553
0.147248,-0.27800417
0.14725,0.091846466
0.147252,0.50792885
0.147254,0.87777996
0.147256,1.2476311
0.147258,1.5712504
0.14726,1.9411016
0.147262,2.3109517
0.147264,2.6345725
0.147266,2.9581914
0.147268,3.23558
0.14727,3.5129685
0.147272,3.7903562
0.147274,4.0215135
0.147276,4.252671
0.147278,4.437596
0.14728,4.5762897
0.147282,4.7149835
0.147284,4.8536773
0.147286,4.946141
0.147288,4.992371
0.14729,5.0386033
0.147292,5.0386033
0.147294,4.992371
0.147296,4.946141
0.147298,4.8536773
0.1473,4.7612157
0.147302,4.622521
0.147304,4.437596
0.147306,4.298901
0.147308,4.0677447
0.14731,3.8365874
0.147312,3.5591989
0.147314,3.2818112
0.147316,3.0044227
0.147318,2.6808028
0.14732,2.3109517
0.147322,1.9873328
0.147324,1.6174817
0.147326,1.2938623
0.147328,0.92401123
0.14733,0.5541601
0.147332,0.13807821
0.147334,-0.2317729
0.147336,-0.601624
0.147338,-0.9714751
0.14734,-1.3413262
0.147342,-1.7111769
0.147344,-2.0347965
0.147346,-2.4046474
0.147348,-2.728267
0.14735,-3.0518866
0.147352,-3.329275
0.147354,-3.6066632
0.147356,-3.8840513
0.147358,-4.115208
0.14736,-4.3001337
0.147362,-4.4850593
0.147364,-4.623753
0.147366,-4.7624474
0.147368,-4.85491
0.14737,-4.947373
0.14737199,-4.993604
0.147374,-5.0398355
0.147376,-4.993604
0.147378,-4.993604
0.14738,-4.9011416
0.147382,-4.8086786
0.147384,-4.716216
0.147386,-4.5312905
0.147388,-4.3925962
0.14739,-4.2076707
0.147392,-3.976514
0.147394,-3.745357
0.147396,-3.467969
0.147398,-3.1905808
0.1474,-2.866961
0.147402,-2.5433414
0.147404,-2.2197218
0.147406,-1.8498712
0.147408,-1.48002
0.14741,-1.1564007
0.147412,-0.78654957
0.147414,-0.41669846
0.147416,-6.160736E-4
0.14741799,0.36923456
0.14742,0.7390857
0.147422,1.1089368
0.147424,1.4787879
0.147426,1.8486385
0.147428,2.172258
0.14743,2.4958777
0.147432,2.8194976
0.147434,3.1431174
0.147436,3.420505
0.147438,3.6978936
0.14744,3.9752812
0.147442,4.2064385
0.147444,4.3913646
0.147446,4.5300584
0.147448,4.668752
0.14745,4.807446
0.147452,4.8999095
0.147454,4.992371
0.147456,5.0386033
0.147458,5.0386033
0.14746,4.992371
0.147462,4.946141
0.14746399,4.8999095
0.147466,4.807446
0.147468,4.668752
0.14747,4.483826
0.147472,4.3451324
0.147474,4.113976
0.147476,3.92905
0.147478,3.6516623
0.14748,3.3742738
0.147482,3.0968862
0.147484,2.7732663
0.147486,2.4496465
0.147488,2.126027
0.14749,1.756176
0.147492,1.4325566
0.147494,1.0627055
0.147496,0.64662313
0.147498,0.27677202
0.1475,-0.09307861
0.147502,-0.46292973
0.147504,-0.8790121
0.147506,-1.2488632
0.147508,-1.5724826
0.14751,-1.9423337
0.147512,-2.2659533
0.147514,-2.589573
0.147516,-2.9131925
0.147518,-3.236812
0.14752,-3.5142004
0.147522,-3.7915885
0.147524,-4.022745
0.147526,-4.2539024
0.147528,-4.4388275
0.14753,-4.577522
0.147532,-4.716216
0.147534,-4.85491
0.147536,-4.947373
0.147538,-4.993604
0.14754,-4.993604
0.147542,-5.0398355
0.147544,-4.993604
0.147546,-4.947373
0.147548,-4.85491
0.14755,-4.7624474
0.147552,-4.623753
0.147554,-4.4388275
0.147556,-4.2539024
0.147558,-4.068977
0.14756,-3.8378198
0.147562,-3.5604317
0.147564,-3.2830436
0.147566,-3.0056553
0.147568,-2.6820357
0.14757,-2.3121846
0.147572,-1.9885652
0.147574,-1.6187139
0.147576,-1.2950945
0.147578,-0.9252434
0.14758,-0.5091615
0.147582,-0.13931036
0.147584,0.23054075
0.147586,0.60039186
0.147588,1.0164738
0.14759,1.3863249
0.147592,1.7099442
0.147594,2.0797954
0.147596,2.4034152
0.147598,2.727035
0.1476,3.050654
0.147602,3.3280425
0.147604,3.605431
0.147606,3.8828197
0.147608,4.113976
0.14761,4.3451324
0.147612,4.483826
0.147614,4.622521
0.147616,4.7612157
0.147618,4.8999095
0.14761999,4.946141
0.147622,4.992371
0.147624,5.0386033
0.147626,5.0386033
0.147628,4.992371
0.14763,4.8999095
0.147632,4.807446
0.147634,4.7149835
0.147636,4.5762897
0.147638,4.3913646
0.14764,4.2064385
0.147642,3.9752812
0.147644,3.744125
0.147646,3.4667363
0.147648,3.1893477
0.14765,2.8657289
0.147652,2.542109
0.147654,2.2184901
0.147656,1.8486385
0.147658,1.5250192
0.14766,1.1551685
0.147662,0.7853174
0.147664,0.4154663
0.14766599,0.045615196
0.147668,-0.3704667
0.14767,-0.7403178
0.147672,-1.1101689
0.147674,-1.48002
0.147676,-1.8036394
0.147678,-2.1734905
0.14768,-2.4971101
0.147682,-2.8207297
0.147684,-3.1443493
0.147686,-3.4217377
0.147688,-3.6991258
0.14769,-3.9302826
0.147692,-4.1614394
0.147694,-4.3925962
0.147696,-4.5312905
0.147698,-4.669985
0.1477,-4.8086786
0.147702,-4.9011416
0.147704,-4.947373
0.147706,-4.993604
0.147708,-5.0398355
0.14771,-4.993604
0.14771199,-4.947373
0.147714,-4.9011416
0.147716,-4.7624474
0.147718,-4.669985
0.14772,-4.4850593
0.147722,-4.346365
0.147724,-4.115208
0.147726,-3.8840513
0.147728,-3.6528945
0.14773,-3.3755062
0.147732,-3.098118
0.147734,-2.7744985
0.147736,-2.4508786
0.147738,-2.081028
0.14774,-1.7574081
0.147742,-1.387557
0.147744,-1.0177064
0.147746,-0.6478553
0.147748,-0.27800417
0.14775,0.60039186
0.147752,2.2184901
0.147754,3.605431
0.147756,4.5300584
0.147758,4.8999095
0.14776,4.668752
0.147762,3.8828197
0.147764,2.5883412
0.147766,1.0164738
0.147768,-0.7403178
0.14777,-2.3121846
0.147772,-3.6991258
0.147774,-4.577522
0.147776,-4.947373
0.147778,-4.669985
0.14778,-3.8378198
0.147782,-2.5433414
0.147784,-0.9252434
0.147786,0.8315482
0.147788,2.4496465
0.14779,3.7903562
0.147792,4.622521
0.147794,4.8999095
0.147796,4.5762897
0.147798,3.744125
0.1478,2.357184
0.147802,0.7853174
0.147804,-0.9714751
0.147806,-2.5433414
0.147808,-3.8840513
0.14781,-4.669985
0.147812,-4.9011416
0.147814,-4.5312905
0.147816,-3.6528945
0.147818,-2.3121846
0.14782,-0.6478553
0.147822,1.1089368
0.147824,2.6808028
0.147826,3.9752812
0.147828,4.7149835
0.14783,4.8999095
0.147832,4.483826
0.147834,3.5591989
0.147836,2.172258
0.147838,0.50792885
0.14784,-1.202632
0.147842,-2.728267
0.147844,-4.022745
0.147846,-4.716216
0.147848,-4.9011416
0.14785,-4.4388275
0.147852,-3.5142004
0.147854,-2.081028
0.147856,-0.41669846
0.147858,1.3400936
0.14786,2.9119601
0.147862,4.113976
0.147864,4.7612157
0.147866,4.8999095
0.14786799,4.437596
0.14787,3.3742738
0.147872,1.9411016
0.147874,0.27677202
0.147876,-1.4337888
0.147878,-2.9594238
0.14788,-4.1614394
0.147882,-4.8086786
0.147884,-4.85491
0.147886,-4.346365
0.147888,-3.329275
0.14789,-1.8498712
0.147892,-0.13931036
0.147894,1.5712504
0.147896,3.0968862
0.147898,4.252671
0.1479,4.8536773
0.147902,4.8536773
0.147904,4.298901
0.147906,3.1893477
0.147908,1.7099442
0.14791,0.045615196
0.147912,-1.6187139
0.14791399,-3.1443493
0.147916,-4.3001337
0.147918,-4.85491
0.14792,-4.8086786
0.147922,-4.2539024
0.147924,-3.1443493
0.147926,-1.6187139
0.147928,0.091846466
0.14793,1.8024073
0.147932,3.2818112
0.147934,4.3451324
0.147936,4.8536773
0.147938,4.807446
0.14794,4.1602073
0.147942,3.0044227
0.147944,1.4787879
0.147946,-0.2317729
0.147948,-1.8498712
0.14795,-3.329275
0.147952,-4.3925962
0.147954,-4.9011416
0.147956,-4.7624474
0.147958,-4.115208
0.14795999,-2.9131925
0.147962,-1.387557
0.147964,0.36923456
0.147966,2.033564
0.147968,3.4667363
0.14797,4.437596
0.147972,4.8999095
0.147974,4.7612157
0.147976,4.0215135
0.147978,2.8194976
0.14798,1.2476311
0.147982,-0.46292973
0.147984,-2.081028
0.147986,-3.5142004
0.147988,-4.4850593
0.14799,-4.9011416
0.147992,-4.716216
0.147994,-3.976514
0.147996,-2.728267
0.147998,-1.1564007
0.148,0.60039186
0.148002,2.2647214
0.148004,3.6516623
0.148006,4.5300584
0.148008,4.8999095
0.14801,4.668752
0.148012,3.8828197
0.148014,2.5883412
0.148016,1.0164738
0.148018,-0.694087
0.14802,-2.3121846
0.148022,-3.6991258
0.148024,-4.577522
0.148026,-4.9011416
0.148028,-4.623753
0.14803,-3.8378198
0.148032,-2.4971101
0.148034,-0.8790121
0.148036,0.8315482
0.148038,2.4496465
0.14804,3.7903562
0.148042,4.622521
0.148044,4.8999095
0.148046,4.5762897
0.148048,3.744125
0.14805,2.4034152
0.148052,0.7853174
0.148054,-0.9252434
0.148056,-2.5433414
0.148058,-3.8840513
0.14806,-4.669985
0.148062,-4.9011416
0.148064,-4.5312905
0.148066,-3.6528945
0.148068,-2.3121846
0.14807,-0.6478553
0.148072,1.1089368
0.148074,2.6808028
0.148076,3.9752812
0.148078,4.7149835
0.14808,4.8999095
0.148082,4.483826
0.148084,3.5591989
0.148086,2.172258
0.148088,0.5541601
0.14809,-1.202632
0.148092,-2.728267
0.148094,-4.022745
0.148096,-4.716216
0.148098,-4.9011416
0.1481,-4.4388275
0.148102,-3.467969
0.148104,-2.081028
0.148106,-0.41669846
0.148108,1.3400936
0.14811,2.9119601
0.148112,4.113976
0.148114,4.7612157
0.14811599,4.8999095
0.148118,4.437596
0.14812,3.3742738
0.148122,1.9411016
0.148124,0.27677202
0.148126,-1.4337888
0.148128,-2.9594238
0.14813,-4.1614394
0.148132,-4.8086786
0.148134,-4.85491
0.148136,-4.346365
0.148138,-3.329275
0.14814,-1.8498712
0.148142,-0.13931036
0.148144,1.5712504
0.148146,3.0968862
0.148148,4.252671
0.14815,4.8536773
0.148152,4.8536773
0.148154,4.298901
0.148156,3.1893477
0.148158,1.7099442
0.14816,0.045615196
0.14816199,-1.6187139
0.148164,-3.1443493
0.148166,-4.3001337
0.148168,-4.85491
0.14817,-4.8086786
0.148172,-4.2539024
0.148174,-3.1443493
0.148176,-1.6187139
0.148178,0.091846466
0.14818,1.8024073
0.148182,3.2818112
0.148184,4.3451324
0.148186,4.8536773
0.148188,4.807446
0.14819,4.1602073
0.148192,3.0044227
0.148194,1.4787879
0.148196,-0.2317729
0.148198,-1.8498712
0.1482,-3.329275
0.148202,-4.3925962
0.148204,-4.9011416
0.148206,-4.7624474
0.14820799,-4.115208
0.14821,-2.9131925
0.148212,-1.387557
0.148214,0.36923456
0.148216,2.033564
0.148218,3.4667363
0.14822,4.437596
0.148222,4.8999095
0.148224,4.7612157
0.148226,4.0215135
0.148228,2.8194976
0.14823,1.2476311
0.148232,-0.46292973
0.148234,-2.081028
0.148236,-3.5142004
0.148238,-4.4850593
0.14824,-4.9011416
0.148242,-4.716216
0.148244,-3.976514
0.148246,-2.728267
0.148248,-1.1564007
0.14825,0.60039186
0.148252,2.2647214
0.14825399,3.6516623
0.148256,4.5300584
0.148258,4.8999095
0.14826,4.668752
0.148262,3.8828197
0.148264,2.5883412
0.148266,1.0164738
0.148268,-0.694087
0.14827,-2.3121846
0.148272,-3.6991258
0.148274,-4.577522
0.148276,-4.9011416
0.148278,-4.623753
0.14828,-3.8378198
0.148282,-2.4971101
0.148284,-0.8790121
0.148286,0.87777996
0.148288,2.4958777
0.14829,3.7903562
0.148292,4.622521
0.148294,4.8999095
0.148296,4.5762897
0.148298,3.744125
0.1483,2.4034152
0.148302,0.7853174
0.148304,-0.9714751
0.148306,-2.5433414
0.148308,-3.8840513
0.14831,-4.669985
0.148312,-4.9011416
0.148314,-4.5312905
0.148316,-3.6528945
0.148318,-2.3121846
0.14832,-0.6478553
0.148322,1.1089368
0.148324,2.6808028
0.148326,3.9752812
0.148328,4.7149835
0.14833,4.8999095
0.148332,4.483826
0.148334,3.5591989
0.148336,2.172258
0.148338,0.50792885
0.14834,-1.202632
0.148342,-2.728267
0.148344,-4.022745
0.148346,-4.716216
0.148348,-4.9011416
0.14835,-4.4388275
0.148352,-3.467969
0.148354,-2.081028
0.148356,-0.41669846
0.148358,1.3400936
0.14836,2.9119601
0.148362,4.113976
0.148364,4.7612157
0.148366,4.8999095
0.148368,4.437596
0.14837,3.3742738
0.148372,1.9411016
0.148374,0.27677202
0.148376,-1.4337888
0.148378,-2.9594238
0.14838,-4.1614394
0.148382,-4.8086786
0.148384,-4.85491
0.148386,-4.346365
0.148388,-3.329275
0.14839,-1.8498712
0.148392,-0.13931036
0.148394,1.5712504
0.148396,3.0968862
0.148398,4.252671
0.1484,4.8536773
0.148402,4.8536773
0.148404,4.298901
0.148406,3.1893477
0.148408,1.7099442
0.14840999,0.045615196
0.148412,-1.6187139
0.148414,-3.1443493
0.148416,-4.3001337
0.148418,-4.85491
0.14842,-4.8086786
0.148422,-4.2539024
0.148424,-3.1443493
0.148426,-1.6187139
0.148428,0.091846466
0.14843,1.8024073
0.148432,3.2818112
0.148434,4.3451324
0.148436,4.8536773
0.148438,4.807446
0.14844,4.1602073
0.148442,3.0044227
0.148444,1.4787879
0.148446,-0.2317729
0.148448,-1.8498712
0.14845,-3.329275
0.148452,-4.3925962
0.148454,-4.9011416
0.14845599,-4.7624474
0.148458,-4.115208
0.14846,-2.9131925
0.148462,-1.387557
0.148464,0.36923456
0.148466,2.033564
0.148468,3.4667363
0.14847,4.437596
0.148472,4.8999095
0.148474,4.7612157
0.148476,4.0215135
0.148478,2.8194976
0.14848,1.2476311
0.148482,-0.46292973
0.148484,-2.081028
0.148486,-3.5142004
0.148488,-4.4850593
0.14849,-4.9011416
0.148492,-4.716216
0.148494,-3.976514
0.148496,-2.728267
0.148498,-1.1564007
0.1485,0.60039186
0.14850199,2.2647214
0.148504,3.6516623
0.148506,4.5300584
0.148508,4.8999095
0.14851,4.668752
0.148512,3.8828197
0.148514,2.5883412
0.148516,1.0164738
0.148518,-0.694087
0.14852,-2.3121846
0.148522,-3.6991258
0.148524,-4.577522
0.148526,-4.9011416
0.148528,-4.623753
0.14853,-3.8378198
0.148532,-2.4971101
0.148534,-0.8790121
0.148536,0.87777996
0.148538,2.4958777
0.14854,3.7903562
0.148542,4.622521
0.148544,4.946141
0.148546,4.5762897
0.148548,3.744125
0.14855,2.4034152
0.148552,0.7853174
0.148554,-0.9714751
0.148556,-2.5433414
0.148558,-3.8840513
0.14856,-4.669985
0.148562,-4.9011416
0.148564,-4.5312905
0.148566,-3.6528945
0.148568,-2.3121846
0.14857,-0.6478553
0.148572,1.1089368
0.148574,2.6808028
0.148576,3.9752812
0.148578,4.7149835
0.14858,4.8999095
0.148582,4.483826
0.148584,3.5591989
0.148586,2.172258
0.148588,0.50792885
0.14859,-1.202632
0.148592,-2.728267
0.148594,-4.022745
0.148596,-4.716216
0.148598,-4.9011416
0.1486,-4.4388275
0.148602,-3.467969
0.148604,-2.081028
0.148606,-0.41669846
0.148608,1.3400936
0.14861,2.9119601
0.148612,4.113976
0.148614,4.7612157
0.148616,4.8999095
0.148618,4.437596
0.14862,3.3742738
0.148622,1.9411016
0.148624,0.27677202
0.148626,-1.4337888
0.148628,-2.9594238
0.14863,-4.1614394
0.148632,-4.8086786
0.148634,-4.85491
0.148636,-4.346365
0.148638,-3.329275
0.14864,-1.8498712
0.148642,-0.13931036
0.148644,1.5712504
0.148646,3.0968862
0.148648,4.252671
0.14865,4.8536773
0.148652,4.8536773
0.148654,4.298901
0.148656,3.1893477
0.14865799,1.7099442
0.14866,0.045615196
0.148662,-1.6187139
0.148664,-3.1443493
0.148666,-4.3001337
0.148668,-4.85491
0.14867,-4.8086786
0.148672,-4.2539024
0.148674,-3.1443493
0.148676,-1.6187139
0.148678,0.091846466
0.14868,1.8024073
0.148682,3.2818112
0.148684,4.3451324
0.148686,4.8536773
0.148688,4.807446
0.14869,4.1602073
0.148692,3.0044227
0.148694,1.4787879
0.148696,-0.2317729
0.148698,-1.8498712
0.1487,-3.329275
0.148702,-4.3925962
0.14870399,-4.9011416
0.148706,-4.7624474
0.148708,-4.115208
0.14871,-2.9131925
0.148712,-1.387557
0.148714,0.36923456
0.148716,2.033564
0.148718,3.4667363
0.14872,4.437596
0.148722,4.8999095
0.148724,4.7612157
0.148726,4.0215135
0.148728,2.8194976
0.14873,1.2476311
0.148732,-0.46292973
0.148734,-2.081028
0.148736,-3.5142004
0.148738,-4.4850593
0.14874,-4.9011416
0.148742,-4.716216
0.148744,-3.976514
0.148746,-2.728267
0.148748,-1.1564007
0.14874999,0.13807821
0.148752,0.5541601
0.148754,0.92401123
0.148756,1.2938623
0.148758,1.6174817
0.14876,1.9873328
0.148762,2.3109517
0.148764,2.6808028
0.148766,2.9581914
0.148768,3.2818112
0.14877,3.5591989
0.148772,3.8365874
0.148774,4.0677447
0.148776,4.252671
0.148778,4.437596
0.14878,4.622521
0.148782,4.7612157
0.148784,4.8536773
0.148786,4.946141
0.148788,4.992371
0.14879,5.0386033
0.148792,5.0386033
0.148794,4.992371
0.148796,4.946141
0.148798,4.8536773
0.1488,4.7612157
0.148802,4.622521
0.148804,4.437596
0.148806,4.298901
0.148808,4.0677447
0.14881,3.8365874
0.148812,3.5591989
0.148814,3.2818112
0.148816,3.0044227
0.148818,2.6808028
0.14882,2.357184
0.148822,1.9873328
0.148824,1.6174817
0.148826,1.2938623
0.148828,0.92401123
0.14883,0.5541601
0.148832,0.13807821
0.148834,-0.2317729
0.148836,-0.601624
0.148838,-0.9714751
0.14884,-1.3413262
0.148842,-1.7111769
0.148844,-2.0347965
0.148846,-2.4046474
0.148848,-2.728267
0.14885,-3.0518866
0.148852,-3.329275
0.148854,-3.6066632
0.148856,-3.8840513
0.148858,-4.115208
0.14886,-4.3001337
0.148862,-4.4850593
0.148864,-4.623753
0.148866,-4.7624474
0.148868,-4.85491
0.14887,-4.947373
0.148872,-4.993604
0.148874,-5.0398355
0.148876,-4.993604
0.148878,-4.993604
0.14888,-4.9011416
0.148882,-4.8086786
0.148884,-4.716216
0.148886,-4.5312905
0.148888,-4.3925962
0.14889,-4.2076707
0.148892,-3.976514
0.148894,-3.745357
0.148896,-3.467969
0.148898,-3.1905808
0.1489,-2.866961
0.148902,-2.5433414
0.148904,-2.2197218
0.14890599,-1.8498712
0.148908,-1.48002
0.14891,-1.1564007
0.148912,-0.78654957
0.148914,-0.41669846
0.148916,-6.160736E-4
0.148918,0.36923456
0.14892,0.7390857
0.148922,1.1089368
0.148924,1.4787879
0.148926,1.8486385
0.148928,2.172258
0.14893,2.542109
0.148932,2.8194976
0.148934,3.1431174
0.148936,3.4667363
0.148938,3.6978936
0.14894,3.9752812
0.148942,4.2064385
0.148944,4.3913646
0.148946,4.5300584
0.148948,4.668752
0.14895,4.807446
0.14895199,4.8999095
0.148954,4.992371
0.148956,5.0386033
0.148958,5.0386033
0.14896,4.992371
0.148962,4.992371
0.148964,4.8999095
0.148966,4.807446
0.148968,4.668752
0.14897,4.483826
0.148972,4.3451324
0.148974,4.1602073
0.148976,3.8828197
0.148978,3.6516623
0.14898,3.3742738
0.148982,3.0968862
0.148984,2.7732663
0.148986,2.4496465
0.148988,2.126027
0.14899,1.756176
0.148992,1.4325566
0.148994,1.0627055
0.148996,0.64662313
0.14899799,0.27677202
0.149,-0.09307861
0.149002,-0.46292973
0.149004,-0.8790121
0.149006,-1.2488632
0.149008,-1.5724826
0.14901,-1.9423337
0.149012,-2.2659533
0.149014,-2.6358042
0.149016,-2.9131925
0.149018,-3.236812
0.14902,-3.5142004
0.149022,-3.7915885
0.149024,-4.022745
0.149026,-4.2539024
0.149028,-4.4388275
0.14903,-4.577522
0.149032,-4.716216
0.149034,-4.85491
0.149036,-4.947373
0.149038,-4.993604
0.14904,-4.993604
0.149042,-5.0398355
0.149044,-4.993604
0.149046,-4.947373
0.149048,-4.85491
0.14905,-4.716216
0.149052,-4.577522
0.149054,-4.4388275
0.149056,-4.2539024
0.149058,-4.068977
0.14906,-3.8378198
0.149062,-3.5604317
0.149064,-3.2830436
0.149066,-2.9594238
0.149068,-2.6820357
0.14907,-2.3121846
0.149072,-1.9885652
0.149074,-1.6187139
0.149076,-1.2950945
0.149078,-0.9252434
0.14908,-0.5091615
0.149082,-0.13931036
0.149084,0.23054075
0.149086,0.64662313
0.149088,1.0164738
0.14909,1.3863249
0.149092,1.7099442
0.149094,2.0797954
0.149096,2.4034152
0.149098,2.727035
0.1491,3.050654
0.149102,3.3280425
0.149104,3.605431
0.149106,3.8828197
0.149108,4.113976
0.14911,4.3451324
0.149112,4.483826
0.149114,4.622521
0.149116,4.7612157
0.149118,4.8999095
0.14912,4.946141
0.149122,4.992371
0.149124,5.0386033
0.149126,5.0386033
0.149128,4.992371
0.14913,4.8999095
0.149132,4.807446
0.149134,4.7149835
0.149136,4.5762897
0.149138,4.3913646
0.14914,4.2064385
0.149142,3.9752812
0.149144,3.744125
0.149146,3.4667363
0.149148,3.1893477
0.14915,2.8657289
0.149152,2.542109
0.14915399,2.2184901
0.149156,1.8486385
0.149158,1.5250192
0.14916,1.1551685
0.149162,0.7853174
0.149164,0.4154663
0.149166,0.045615196
0.149168,-0.3704667
0.14917,-0.7403178
0.149172,-1.1101689
0.149174,-1.48002
0.149176,-1.8036394
0.149178,-2.1734905
0.14918,-2.4971101
0.149182,-2.8207297
0.149184,-3.1443493
0.149186,-3.4217377
0.149188,-3.6991258
0.14919,-3.9302826
0.149192,-4.1614394
0.149194,-4.3925962
0.149196,-4.5312905
0.149198,-4.669985
0.14919999,-4.8086786
0.149202,-4.9011416
0.149204,-4.947373
0.149206,-4.993604
0.149208,-5.0398355
0.14921,-4.993604
0.149212,-4.947373
0.149214,-4.9011416
0.149216,-4.7624474
0.149218,-4.669985
0.14922,-4.4850593
0.149222,-4.346365
0.149224,-4.115208
0.149226,-3.8840513
0.149228,-3.6528945
0.14923,-3.3755062
0.149232,-3.098118
0.149234,-2.7744985
0.149236,-2.4508786
0.149238,-2.081028
0.14924,-1.7574081
0.149242,-1.387557
0.149244,-1.0177064
0.14924599,-0.6478553
0.149248,-0.27800417
0.14925,0.091846466
0.149252,0.50792885
0.149254,0.87777996
0.149256,1.2476311
0.149258,1.5712504
0.14926,1.9411016
0.149262,2.3109517
0.149264,2.6345725
0.149266,2.9581914
0.149268,3.23558
0.14927,3.5591989
0.149272,3.7903562
0.149274,4.0215135
0.149276,4.252671
0.149278,4.437596
0.14928,4.5762897
0.149282,4.7149835
0.149284,4.8536773
0.149286,4.946141
0.149288,4.992371
0.14929,5.0386033
0.14929199,5.0386033
0.149294,4.992371
0.149296,4.946141
0.149298,4.8536773
0.1493,4.7612157
0.149302,4.622521
0.149304,4.437596
0.149306,4.298901
0.149308,4.0677447
0.14931,3.8365874
0.149312,3.5591989
0.149314,3.2818112
0.149316,3.0044227
0.149318,2.6808028
0.14932,2.3109517
0.149322,1.9873328
0.149324,1.6174817
0.149326,1.2938623
0.149328,0.92401123
0.14933,0.5541601
0.149332,0.13807821
0.149334,-0.2317729
0.149336,-0.601624
0.149338,-0.9714751
0.14934,-1.3413262
0.149342,-1.7111769
0.149344,-2.0347965
0.149346,-2.4046474
0.149348,-2.728267
0.14935,-3.0518866
0.149352,-3.329275
0.149354,-3.6066632
0.149356,-3.8840513
0.149358,-4.115208
0.14936,-4.3001337
0.149362,-4.4850593
0.149364,-4.623753
0.149366,-4.7624474
0.149368,-4.85491
0.14937,-4.947373
0.149372,-4.993604
0.149374,-5.0398355
0.149376,-4.993604
0.149378,-4.993604
0.14938,-4.9011416
0.149382,-4.8086786
0.149384,-4.716216
0.149386,-4.5312905
0.149388,-4.3925962
0.14939,-4.2076707
0.149392,-3.976514
0.149394,-3.745357
0.149396,-3.467969
0.149398,-3.1905808
0.1494,-2.866961
0.149402,-2.5433414
0.149404,-2.2197218
0.149406,-1.8498712
0.149408,-1.48002
0.14941,-1.1564007
0.149412,-0.78654957
0.149414,-0.41669846
0.149416,-6.160736E-4
0.149418,0.36923456
0.14942,0.7390857
0.149422,1.1089368
0.149424,1.4787879
0.149426,1.8486385
0.149428,2.172258
0.14943,2.542109
0.149432,2.8657289
0.149434,3.1431174
0.149436,3.420505
0.149438,3.6978936
0.14944,3.9752812
0.149442,4.2064385
0.149444,4.3913646
0.149446,4.5300584
0.14944799,4.668752
0.14945,4.807446
0.149452,4.8999095
0.149454,4.992371
0.149456,5.0386033
0.149458,5.0386033
0.14946,5.0386033
0.149462,4.946141
0.149464,4.8999095
0.149466,4.807446
0.149468,4.668752
0.14947,4.483826
0.149472,4.3451324
0.149474,4.1602073
0.149476,3.8828197
0.149478,3.6516623
0.14948,3.3742738
0.149482,3.0968862
0.149484,2.7732663
0.149486,2.4496465
0.149488,2.126027
0.14949,1.756176
0.149492,1.4325566
0.14949399,1.0627055
0.149496,0.64662313
0.149498,0.27677202
0.1495,-0.09307861
0.149502,-0.46292973
0.149504,-0.8790121
0.149506,-1.2488632
0.149508,-1.5724826
0.14951,-1.9423337
0.149512,-2.2659533
0.149514,-2.589573
0.149516,-2.9131925
0.149518,-3.236812
0.14952,-3.5142004
0.149522,-3.7915885
0.149524,-4.022745
0.149526,-4.2539024
0.149528,-4.4388275
0.14953,-4.577522
0.149532,-4.716216
0.149534,-4.85491
0.149536,-4.947373
0.149538,-4.993604
0.14953999,-4.993604
0.149542,-5.0398355
0.149544,-4.993604
0.149546,-4.947373
0.149548,-4.85491
0.14955,-4.716216
0.149552,-4.623753
0.149554,-4.4388275
0.149556,-4.2539024
0.149558,-4.068977
0.14956,-3.8378198
0.149562,-3.5604317
0.149564,-3.2830436
0.149566,-2.9594238
0.149568,-2.6820357
0.14957,-2.3121846
0.149572,-1.9885652
0.149574,-1.6187139
0.149576,-1.2950945
0.149578,-0.9252434
0.14958,-0.5091615
0.149582,-0.13931036
0.149584,0.23054075
0.149586,0.64662313
0.149588,1.0164738
0.14959,1.3863249
0.149592,1.7099442
0.149594,2.0797954
0.149596,2.4034152
0.149598,2.727035
0.1496,3.050654
0.149602,3.3280425
0.149604,3.605431
0.149606,3.8828197
0.149608,4.113976
0.14961,4.3451324
0.149612,4.483826
0.149614,4.622521
0.149616,4.7612157
0.149618,4.8999095
0.14962,4.946141
0.149622,4.992371
0.149624,5.0386033
0.149626,5.0386033
0.149628,4.992371
0.14963,4.8999095
0.149632,4.807446
0.149634,4.7149835
0.149636,4.5300584
0.149638,4.3913646
0.14964,4.2064385
0.149642,3.9752812
0.149644,3.744125
0.149646,3.4667363
0.149648,3.1893477
0.14965,2.8657289
0.149652,2.542109
0.149654,2.2184901
0.149656,1.8486385
0.149658,1.5250192
0.14966,1.1551685
0.149662,0.7853174
0.149664,0.4154663
0.149666,0.045615196
0.149668,-0.3704667
0.14967,-0.7403178
0.149672,-1.1101689
0.149674,-1.48002
0.149676,-1.8036394
0.149678,-2.1734905
0.14968,-2.4971101
0.149682,-2.8207297
0.149684,-3.1443493
0.149686,-3.4217377
0.149688,-3.6991258
0.14969,-3.9302826
0.149692,-4.1614394
0.149694,-4.3925962
0.14969599,-4.5312905
0.149698,-4.669985
0.1497,-4.8086786
0.149702,-4.9011416
0.149704,-4.947373
0.149706,-4.993604
0.149708,-5.0398355
0.14971,-4.993604
0.149712,-4.947373
0.149714,-4.9011416
0.149716,-4.7624474
0.149718,-4.669985
0.14972,-4.4850593
0.149722,-4.346365
0.149724,-4.115208
0.149726,-3.8840513
0.149728,-3.6528945
0.14973,-3.3755062
0.149732,-3.098118
0.149734,-2.7744985
0.149736,-2.4508786
0.149738,-2.081028
0.14974,-1.7574081
0.14974199,-1.387557
0.149744,-1.0177064
0.149746,-0.6478553
0.149748,-0.27800417
0.14975,0.60039186
0.149752,2.2184901
0.149754,3.605431
0.149756,4.5300584
0.149758,4.8999095
0.14976,4.622521
0.149762,3.8365874
0.149764,2.5883412
0.149766,0.970243
0.149768,-0.7403178
0.14977,-2.3584158
0.149772,-3.745357
0.149774,-4.623753
0.149776,-4.947373
0.149778,-4.669985
0.14978,-3.8378198
0.149782,-2.5433414
0.149784,-0.8790121
0.149786,0.8315482
0.14978799,2.4496465
0.14979,3.7903562
0.149792,4.622521
0.149794,4.8999095
0.149796,4.5762897
0.149798,3.6978936
0.1498,2.357184
0.149802,0.7853174
0.149804,-0.9714751
0.149806,-2.5433414
0.149808,-3.8840513
0.14981,-4.669985
0.149812,-4.9011416
0.149814,-4.5312905
0.149816,-3.6528945
0.149818,-2.3121846
0.14982,-0.6478553
0.149822,1.1089368
0.149824,2.6808028
0.149826,3.9752812
0.149828,4.7149835
0.14983,4.8999095
0.149832,4.483826
0.149834,3.5591989
0.149836,2.172258
0.149838,0.50792885
0.14984,-1.202632
0.149842,-2.7744985
0.149844,-4.022745
0.149846,-4.716216
0.149848,-4.9011416
0.14985,-4.4388275
0.149852,-3.467969
0.149854,-2.081028
0.149856,-0.3704667
0.149858,1.3400936
0.14986,2.9119601
0.149862,4.113976
0.149864,4.7612157
0.149866,4.8999095
0.149868,4.437596
0.14987,3.3742738
0.149872,1.9411016
0.149874,0.27677202
0.149876,-1.4337888
0.149878,-2.9594238
0.14988,-4.1614394
0.149882,-4.8086786
0.149884,-4.85491
0.149886,-4.346365
0.149888,-3.329275
0.14989,-1.8498712
0.149892,-0.13931036
0.149894,1.5712504
0.149896,3.0968862
0.149898,4.252671
0.1499,4.8536773
0.149902,4.8536773
0.149904,4.298901
0.149906,3.1893477
0.149908,1.7099442
0.14991,0.045615196
0.149912,-1.6649456
0.149914,-3.1443493
0.149916,-4.3001337
0.149918,-4.85491
0.14992,-4.8086786
0.149922,-4.2539024
0.149924,-3.098118
0.149926,-1.6187139
0.149928,0.13807821
0.14993,1.8024073
0.149932,3.2818112
0.149934,4.3913646
0.149936,4.8536773
0.149938,4.807446
0.14994,4.1602073
0.149942,3.0044227
0.14994399,1.4787879
0.149946,-0.2317729
0.149948,-1.8961024
0.14995,-3.329275
0.149952,-4.3925962
0.149954,-4.9011416
0.149956,-4.7624474
0.149958,-4.115208
0.14996,-2.9131925
0.149962,-1.387557
0.149964,0.36923456
0.149966,2.033564
0.149968,3.4667363
0.14997,4.437596
0.149972,4.8999095
0.149974,4.7612157
0.149976,4.0215135
0.149978,2.8194976
0.14998,1.2476311
0.149982,-0.46292973
0.149984,-2.081028
0.149986,-3.5142004
0.149988,-4.4850593
0.14998999,-4.9011416
0.149992,-4.716216
0.149994,-3.976514
0.149996,-2.728267
0.149998,-1.1564007
0.15,0.60039186
0.150002,2.2647214
0.150004,3.6516623
0.150006,4.5300584
0.150008,4.8999095
0.15001,4.668752
0.150012,3.8828197
0.150014,2.5883412
0.150016,1.0164738
0.150018,-0.694087
0.15002,-2.3121846
0.150022,-3.6991258
0.150024,-4.577522
0.150026,-4.9011416
0.150028,-4.623753
0.15003,-3.7915885
0.150032,-2.4971101
0.150034,-0.8790121
0.15003599,0.87777996
0.150038,2.4958777
0.15004,3.7903562
0.150042,4.622521
0.150044,4.946141
0.150046,4.5762897
0.150048,3.744125
0.15005,2.357184
0.150052,0.7853174
0.150054,-0.9714751
0.150056,-2.5433414
0.150058,-3.8840513
0.15006,-4.669985
0.150062,-4.9011416
0.150064,-4.5312905
0.150066,-3.6528945
0.150068,-2.3121846
0.15007,-0.6478553
0.150072,1.1089368
0.150074,2.6808028
0.150076,3.9752812
0.150078,4.7149835
0.15008,4.8999095
0.150082,4.483826
0.150084,3.5591989
0.150086,2.172258
0.150088,0.50792885
0.15009,-1.202632
0.150092,-2.7744985
0.150094,-4.022745
0.150096,-4.7624474
0.150098,-4.9011416
0.1501,-4.4388275
0.150102,-3.467969
0.150104,-2.081028
0.150106,-0.3704667
0.150108,1.3400936
0.15011,2.9119601
0.150112,4.113976
0.150114,4.7612157
0.150116,4.8999095
0.150118,4.437596
0.15012,3.3742738
0.150122,1.9411016
0.150124,0.27677202
0.150126,-1.4337888
0.150128,-2.9594238
0.15013,-4.1614394
0.150132,-4.8086786
0.150134,-4.85491
0.150136,-4.346365
0.150138,-3.2830436
0.15014,-1.8498712
0.150142,-0.13931036
0.150144,1.5712504
0.150146,3.0968862
0.150148,4.252671
0.15015,4.8536773
0.150152,4.8536773
0.150154,4.298901
0.150156,3.1893477
0.150158,1.7099442
0.15016,0.045615196
0.150162,-1.6649456
0.150164,-3.1443493
0.150166,-4.3001337
0.150168,-4.85491
0.15017,-4.8086786
0.150172,-4.2539024
0.150174,-3.098118
0.150176,-1.6187139
0.150178,0.13807821
0.15018,1.8024073
0.150182,3.2818112
0.150184,4.3913646
0.150186,4.8536773
0.150188,4.807446
0.15019,4.1602073
0.15019199,3.0044227
0.150194,1.4787879
0.150196,-0.2317729
0.150198,-1.8961024
0.1502,-3.329275
0.150202,-4.3925962
0.150204,-4.9011416
0.150206,-4.7624474
0.150208,-4.115208
0.15021,-2.9131925
0.150212,-1.387557
0.150214,0.36923456
0.150216,2.033564
0.150218,3.4667363
0.15022,4.437596
0.150222,4.8999095
0.150224,4.7612157
0.150226,4.0215135
0.150228,2.8194976
0.15023,1.2476311
0.150232,-0.46292973
0.150234,-2.081028
0.150236,-3.5142004
0.15023799,-4.4850593
0.15024,-4.9011416
0.150242,-4.716216
0.150244,-3.976514
0.150246,-2.728267
0.150248,-1.1564007
0.15025,0.60039186
0.150252,2.2647214
0.150254,3.6516623
0.150256,4.5300584
0.150258,4.8999095
0.15026,4.668752
0.150262,3.8828197
0.150264,2.5883412
0.150266,1.0164738
0.150268,-0.7403178
0.15027,-2.3121846
0.150272,-3.6991258
0.150274,-4.577522
0.150276,-4.9011416
0.150278,-4.623753
0.15028,-3.8378198
0.150282,-2.4971101
0.15028399,-0.8790121
0.150286,0.87777996
0.150288,2.4958777
0.15029,3.7903562
0.150292,4.622521
0.150294,4.8999095
0.150296,4.5762897
0.150298,3.744125
0.1503,2.357184
0.150302,0.7853174
0.150304,-0.9714751
0.150306,-2.5433414
0.150308,-3.8840513
0.15031,-4.669985
0.150312,-4.9011416
0.150314,-4.5312905
0.150316,-3.6528945
0.150318,-2.3121846
0.15032,-0.6478553
0.150322,1.1089368
0.150324,2.6808028
0.150326,3.9752812
0.150328,4.7149835
0.15032999,4.8999095
0.150332,4.483826
0.150334,3.5591989
0.150336,2.172258
0.150338,0.50792885
0.15034,-1.202632
0.150342,-2.7744985
0.150344,-4.022745
0.150346,-4.716216
0.150348,-4.9011416
0.15035,-4.4388275
0.150352,-3.467969
0.150354,-2.081028
0.150356,-0.3704667
0.150358,1.3400936
0.15036,2.9119601
0.150362,4.113976
0.150364,4.7612157
0.150366,4.8999095
0.150368,4.437596
0.15037,3.3742738
0.150372,1.9411016
0.150374,0.27677202
0.150376,-1.4337888
0.150378,-2.9594238
0.15038,-4.1614394
0.150382,-4.8086786
0.150384,-4.85491
0.150386,-4.346365
0.150388,-3.2830436
0.15039,-1.8498712
0.150392,-0.13931036
0.150394,1.5712504
0.150396,3.0968862
0.150398,4.252671
0.1504,4.8536773
0.150402,4.8536773
0.150404,4.298901
0.150406,3.1893477
0.150408,1.7099442
0.15041,0.045615196
0.150412,-1.6649456
0.150414,-3.1443493
0.150416,-4.3001337
0.150418,-4.85491
0.15042,-4.8086786
0.150422,-4.2539024
0.150424,-3.098118
0.150426,-1.5724826
0.150428,0.13807821
0.15043,1.8024073
0.150432,3.2818112
0.150434,4.3913646
0.150436,4.8536773
0.150438,4.807446
0.15043999,4.1602073
0.150442,3.0044227
0.150444,1.4787879
0.150446,-0.2317729
0.150448,-1.8961024
0.15045,-3.329275
0.150452,-4.3925962
0.150454,-4.9011416
0.150456,-4.7624474
0.150458,-4.115208
0.15046,-2.9131925
0.150462,-1.387557
0.150464,0.36923456
0.150466,2.033564
0.150468,3.4667363
0.15047,4.437596
0.150472,4.8999095
0.150474,4.7612157
0.150476,4.0215135
0.150478,2.8194976
0.15048,1.2476311
0.150482,-0.46292973
0.150484,-2.081028
0.15048599,-3.5142004
0.150488,-4.4850593
0.15049,-4.9011416
0.150492,-4.716216
0.150494,-3.976514
0.150496,-2.728267
0.150498,-1.1564007
0.1505,0.60039186
0.150502,2.2647214
0.150504,3.6516623
0.150506,4.5300584
0.150508,4.8999095
0.15051,4.668752
0.150512,3.8828197
0.150514,2.5883412
0.150516,1.0164738
0.150518,-0.7403178
0.15052,-2.3121846
0.150522,-3.6991258
0.150524,-4.577522
0.150526,-4.9011416
0.150528,-4.623753
0.15053,-3.7915885
0.15053199,-2.4971101
0.150534,-0.8790121
0.150536,0.87777996
0.150538,2.4958777
0.15054,3.7903562
0.150542,4.622521
0.150544,4.946141
0.150546,4.5762897
0.150548,3.6978936
0.15055,2.357184
0.150552,0.7390857
0.150554,-0.9714751
0.150556,-2.5433414
0.150558,-3.8840513
0.15056,-4.669985
0.150562,-4.9011416
0.150564,-4.5312905
0.150566,-3.6528945
0.150568,-2.3121846
0.15057,-0.6478553
0.150572,1.1089368
0.150574,2.6808028
0.150576,3.9752812
0.15057799,4.7149835
0.15058,4.8999095
0.150582,4.483826
0.150584,3.5591989
0.150586,2.172258
0.150588,0.50792885
0.15059,-1.202632
0.150592,-2.7744985
0.150594,-4.022745
0.150596,-4.7624474
0.150598,-4.9011416
0.1506,-4.4388275
0.150602,-3.467969
0.150604,-2.081028
0.150606,-0.3704667
0.150608,1.3400936
0.15061,2.9119601
0.150612,4.113976
0.150614,4.7612157
0.150616,4.8999095
0.150618,4.437596
0.15062,3.3742738
0.150622,1.9411016
0.150624,0.27677202
0.150626,-1.4337888
0.150628,-2.9594238
0.15063,-4.1614394
0.150632,-4.8086786
0.150634,-4.85491
0.150636,-4.346365
0.150638,-3.2830436
0.15064,-1.8498712
0.150642,-0.13931036
0.150644,1.5712504
0.150646,3.0968862
0.150648,4.252671
0.15065,4.8536773
0.150652,4.8536773
0.150654,4.298901
0.150656,3.1893477
0.150658,1.7099442
0.15066,0.045615196
0.150662,-1.6649456
0.150664,-3.1443493
0.150666,-4.3001337
0.150668,-4.85491
0.15067,-4.8086786
0.150672,-4.2539024
0.150674,-3.098118
0.150676,-1.5724826
0.150678,0.13807821
0.15068,1.8024073
0.150682,3.2818112
0.150684,4.3913646
0.150686,4.8999095
0.150688,4.807446
0.15069,4.1602073
0.150692,3.0044227
0.150694,1.4787879
0.150696,-0.2317729
0.150698,-1.8961024
0.1507,-3.3755062
0.150702,-4.3925962
0.150704,-4.9011416
0.150706,-4.7624474
0.150708,-4.115208
0.15071,-2.9131925
0.150712,-1.387557
0.150714,0.36923456
0.150716,2.033564
0.150718,3.4667363
0.15072,4.437596
0.150722,4.8999095
0.150724,4.7612157
0.150726,4.0215135
0.150728,2.8194976
0.15073,1.2476311
0.150732,-0.46292973
0.15073399,-2.081028
0.150736,-3.5142004
0.150738,-4.4850593
0.15074,-4.9011416
0.150742,-4.716216
0.150744,-3.976514
0.150746,-2.728267
0.150748,-1.1101689
0.15075,0.13807821
0.150752,0.5541601
0.150754,0.92401123
0.150756,1.2938623
0.150758,1.6174817
0.15076,1.9873328
0.150762,2.3109517
0.150764,2.6808028
0.150766,2.9581914
0.150768,3.2818112
0.15077,3.5591989
0.150772,3.8365874
0.150774,4.0677447
0.150776,4.252671
0.150778,4.437596
0.15077999,4.622521
0.150782,4.7612157
0.150784,4.8536773
0.150786,4.946141
0.150788,4.992371
0.15079,5.0386033
0.150792,5.0386033
0.150794,4.992371
0.150796,4.946141
0.150798,4.8536773
0.1508,4.7612157
0.150802,4.622521
0.150804,4.437596
0.150806,4.298901
0.150808,4.0677447
0.15081,3.8365874
0.150812,3.5591989
0.150814,3.2818112
0.150816,3.0044227
0.150818,2.6808028
0.15082,2.3109517
0.150822,1.9873328
0.150824,1.6174817
0.15082599,1.2938623
0.150828,0.92401123
0.15083,0.5541601
0.150832,0.13807821
0.150834,-0.2317729
0.150836,-0.601624
0.150838,-0.9714751
0.15084,-1.3413262
0.150842,-1.7111769
0.150844,-2.0347965
0.150846,-2.4046474
0.150848,-2.728267
0.15085,-3.0518866
0.150852,-3.329275
0.150854,-3.6066632
0.150856,-3.8840513
0.150858,-4.115208
0.15086,-4.3001337
0.150862,-4.4850593
0.150864,-4.623753
0.150866,-4.7624474
0.150868,-4.85491
0.15087,-4.947373
0.150872,-4.993604
0.150874,-5.0398355
0.150876,-4.993604
0.150878,-4.993604
0.15088,-4.9011416
0.150882,-4.8086786
0.150884,-4.716216
0.150886,-4.5312905
0.150888,-4.3925962
0.15089,-4.2076707
0.150892,-3.976514
0.150894,-3.745357
0.150896,-3.467969
0.150898,-3.1905808
0.1509,-2.866961
0.150902,-2.5433414
0.150904,-2.2197218
0.150906,-1.8498712
0.150908,-1.48002
0.15091,-1.1564007
0.150912,-0.78654957
0.150914,-0.41669846
0.150916,-6.160736E-4
0.150918,0.36923456
0.15092,0.7390857
0.150922,1.1089368
0.150924,1.4787879
0.150926,1.8486385
0.150928,2.172258
0.15093,2.542109
0.150932,2.8657289
0.150934,3.1431174
0.150936,3.4667363
0.150938,3.6978936
0.15094,3.9752812
0.150942,4.2064385
0.150944,4.3913646
0.150946,4.5300584
0.150948,4.668752
0.15095,4.807446
0.150952,4.8999095
0.150954,4.992371
0.150956,5.0386033
0.150958,5.0386033
0.15096,4.992371
0.150962,4.946141
0.150964,4.8999095
0.150966,4.807446
0.150968,4.668752
0.15097,4.483826
0.150972,4.3451324
0.150974,4.1602073
0.150976,3.8828197
0.150978,3.6516623
0.15098,3.3742738
0.15098199,3.0968862
0.150984,2.7732663
0.150986,2.4496465
0.150988,2.126027
0.15099,1.756176
0.150992,1.4325566
0.150994,1.0627055
0.150996,0.64662313
0.150998,0.27677202
0.151,-0.09307861
0.151002,-0.46292973
0.151004,-0.8790121
0.151006,-1.2488632
0.151008,-1.5724826
0.15101,-1.9423337
0.151012,-2.2659533
0.151014,-2.6358042
0.151016,-2.9131925
0.151018,-3.236812
0.15102,-3.5142004
0.151022,-3.7915885
0.151024,-4.022745
0.151026,-4.2539024
0.15102799,-4.4388275
0.15103,-4.577522
0.151032,-4.716216
0.151034,-4.85491
0.151036,-4.947373
0.151038,-4.993604
0.15104,-5.0398355
0.151042,-5.0398355
0.151044,-4.993604
0.151046,-4.947373
0.151048,-4.85491
0.15105,-4.7624474
0.151052,-4.577522
0.151054,-4.4388275
0.151056,-4.2539024
0.151058,-4.068977
0.15106,-3.8378198
0.151062,-3.5604317
0.151064,-3.2830436
0.151066,-2.9594238
0.151068,-2.6820357
0.15107,-2.3121846
0.151072,-1.9885652
0.15107399,-1.6187139
0.151076,-1.2950945
0.151078,-0.9252434
0.15108,-0.5091615
0.151082,-0.13931036
0.151084,0.23054075
0.151086,0.64662313
0.151088,1.0164738
0.15109,1.3863249
0.151092,1.7099442
0.151094,2.0797954
0.151096,2.4034152
0.151098,2.727035
0.1511,3.050654
0.151102,3.3280425
0.151104,3.605431
0.151106,3.8828197
0.151108,4.113976
0.15111,4.3451324
0.151112,4.483826
0.151114,4.622521
0.151116,4.7612157
0.151118,4.8999095
0.15112,4.946141
0.151122,4.992371
0.151124,5.0386033
0.151126,5.0386033
0.151128,4.992371
0.15113,4.8999095
0.151132,4.807446
0.151134,4.7149835
0.151136,4.5300584
0.151138,4.3913646
0.15114,4.2064385
0.151142,3.9752812
0.151144,3.744125
0.151146,3.4667363
0.151148,3.1893477
0.15115,2.8657289
0.151152,2.542109
0.151154,2.2184901
0.151156,1.8486385
0.151158,1.5250192
0.15116,1.1551685
0.151162,0.7853174
0.151164,0.4154663
0.151166,0.045615196
0.151168,-0.3704667
0.15117,-0.7403178
0.151172,-1.1101689
0.151174,-1.48002
0.151176,-1.8036394
0.151178,-2.1734905
0.15118,-2.4971101
0.151182,-2.8207297
0.151184,-3.1443493
0.151186,-3.4217377
0.151188,-3.6991258
0.15119,-3.9302826
0.151192,-4.1614394
0.151194,-4.3925962
0.151196,-4.5312905
0.151198,-4.669985
0.1512,-4.8086786
0.151202,-4.9011416
0.151204,-4.947373
0.151206,-4.993604
0.151208,-5.0398355
0.15121,-4.993604
0.151212,-4.947373
0.151214,-4.9011416
0.151216,-4.7624474
0.151218,-4.669985
0.15122,-4.4850593
0.151222,-4.346365
0.151224,-4.115208
0.151226,-3.8840513
0.151228,-3.6528945
0.15122999,-3.3755062
0.151232,-3.098118
0.151234,-2.7744985
0.151236,-2.4508786
0.151238,-2.081028
0.15124,-1.7574081
0.151242,-1.387557
0.151244,-1.0177064
0.151246,-0.6478553
0.151248,-0.27800417
0.15125,0.13807821
0.151252,0.50792885
0.151254,0.87777996
0.151256,1.2476311
0.151258,1.5712504
0.15126,1.9411016
0.151262,2.3109517
0.151264,2.6345725
0.151266,2.9581914
0.151268,3.23558
0.15127,3.5591989
0.151272,3.7903562
0.151274,4.0215135
0.15127599,4.252671
0.151278,4.437596
0.15128,4.5762897
0.151282,4.7149835
0.151284,4.8536773
0.151286,4.946141
0.151288,4.992371
0.15129,5.0386033
0.151292,5.0386033
0.151294,4.992371
0.151296,4.946141
0.151298,4.8536773
0.1513,4.7612157
0.151302,4.622521
0.151304,4.437596
0.151306,4.298901
0.151308,4.0677447
0.15131,3.8365874
0.151312,3.5591989
0.151314,3.2818112
0.151316,2.9581914
0.151318,2.6808028
0.15132,2.3109517
0.15132199,1.9873328
0.151324,1.6174817
0.151326,1.2938623
0.151328,0.92401123
0.15133,0.5541601
0.151332,0.13807821
0.151334,-0.2317729
0.151336,-0.601624
0.151338,-0.9714751
0.15134,-1.3413262
0.151342,-1.7111769
0.151344,-2.0347965
0.151346,-2.4046474
0.151348,-2.728267
0.15135,-3.0518866
0.151352,-3.329275
0.151354,-3.6066632
0.151356,-3.8840513
0.151358,-4.115208
0.15136,-4.3001337
0.151362,-4.4850593
0.151364,-4.623753
0.151366,-4.7624474
0.151368,-4.85491
0.15137,-4.947373
0.151372,-4.993604
0.151374,-5.0398355
0.151376,-4.993604
0.151378,-4.993604
0.15138,-4.9011416
0.151382,-4.8086786
0.151384,-4.716216
0.151386,-4.5312905
0.151388,-4.3925962
0.15139,-4.2076707
0.151392,-3.976514
0.151394,-3.745357
0.151396,-3.467969
0.151398,-3.1905808
0.1514,-2.866961
0.151402,-2.5433414
0.151404,-2.2197218
0.151406,-1.8498712
0.151408,-1.48002
0.15141,-1.1564007
0.151412,-0.78654957
0.151414,-0.41669846
0.151416,-6.160736E-4
0.151418,0.36923456
0.15142,0.7390857
0.151422,1.1089368
0.151424,1.4787879
0.151426,1.8486385
0.151428,2.172258
0.15143,2.542109
0.151432,2.8657289
0.151434,3.1431174
0.151436,3.420505
0.151438,3.6978936
0.15144,3.9752812
0.151442,4.2064385
0.151444,4.3913646
0.151446,4.5300584
0.151448,4.668752
0.15145,4.807446
0.151452,4.8999095
0.151454,4.992371
0.151456,5.0386033
0.151458,5.0386033
0.15146,4.992371
0.151462,4.946141
0.151464,4.8999095
0.151466,4.807446
0.151468,4.668752
0.15147,4.483826
0.151472,4.3451324
0.151474,4.113976
0.151476,3.8828197
0.15147799,3.6516623
0.15148,3.3742738
0.151482,3.0968862
0.151484,2.7732663
0.151486,2.4496465
0.151488,2.0797954
0.15149,1.756176
0.151492,1.3863249
0.151494,1.0164738
0.151496,0.64662313
0.151498,0.27677202
0.1515,-0.09307861
0.151502,-0.46292973
0.151504,-0.8790121
0.151506,-1.2488632
0.151508,-1.5724826
0.15151,-1.9423337
0.151512,-2.2659533
0.151514,-2.6358042
0.151516,-2.9131925
0.151518,-3.236812
0.15152,-3.5142004
0.151522,-3.7915885
0.15152399,-4.022745
0.151526,-4.2539024
0.151528,-4.4388275
0.15153,-4.577522
0.151532,-4.716216
0.151534,-4.85491
0.151536,-4.947373
0.151538,-4.993604
0.15154,-5.0398355
0.151542,-5.0398355
0.151544,-4.993604
0.151546,-4.947373
0.151548,-4.85491
0.15155,-4.716216
0.151552,-4.577522
0.151554,-4.4388275
0.151556,-4.2539024
0.151558,-4.068977
0.15156,-3.8378198
0.151562,-3.5604317
0.151564,-3.2830436
0.151566,-2.9594238
0.151568,-2.6820357
0.15156999,-2.3121846
0.151572,-1.9885652
0.151574,-1.6187139
0.151576,-1.2950945
0.151578,-0.9252434
0.15158,-0.5091615
0.151582,-0.13931036
0.151584,0.23054075
0.151586,0.64662313
0.151588,1.0164738
0.15159,1.3863249
0.151592,1.7099442
0.151594,2.0797954
0.151596,2.4034152
0.151598,2.727035
0.1516,3.050654
0.151602,3.3280425
0.151604,3.605431
0.151606,3.8828197
0.151608,4.113976
0.15161,4.3451324
0.151612,4.483826
0.151614,4.622521
0.15161599,4.7612157
0.151618,4.8999095
0.15162,4.946141
0.151622,4.992371
0.151624,5.0386033
0.151626,5.0386033
0.151628,4.992371
0.15163,4.8999095
0.151632,4.807446
0.151634,4.7149835
0.151636,4.5300584
0.151638,4.3913646
0.15164,4.2064385
0.151642,3.9752812
0.151644,3.744125
0.151646,3.4667363
0.151648,3.1893477
0.15165,2.8657289
0.151652,2.542109
0.151654,2.2184901
0.151656,1.8486385
0.151658,1.5250192
0.15166,1.1551685
0.151662,0.7853174
0.151664,0.4154663
0.151666,0.045615196
0.151668,-0.3704667
0.15167,-0.7403178
0.151672,-1.1101689
0.151674,-1.48002
0.151676,-1.8036394
0.151678,-2.1734905
0.15168,-2.4971101
0.151682,-2.8207297
0.151684,-3.1443493
0.151686,-3.4217377
0.151688,-3.6991258
0.15169,-3.9302826
0.151692,-4.1614394
0.151694,-4.3925962
0.151696,-4.5312905
0.151698,-4.669985
0.1517,-4.8086786
0.151702,-4.9011416
0.151704,-4.947373
0.151706,-4.993604
0.151708,-5.0398355
0.15171,-4.993604
0.151712,-4.947373
0.151714,-4.9011416
0.151716,-4.7624474
0.151718,-4.669985
0.15172,-4.4850593
0.151722,-4.346365
0.151724,-4.115208
0.151726,-3.8840513
0.151728,-3.6528945
0.15173,-3.3755062
0.151732,-3.098118
0.151734,-2.7744985
0.151736,-2.4508786
0.151738,-2.081028
0.15174,-1.7574081
0.151742,-1.387557
0.151744,-1.0177064
0.151746,-0.6478553
0.151748,-0.27800417
0.15175,0.60039186
0.151752,2.2184901
0.151754,3.605431
0.151756,4.5300584
0.151758,4.8999095
0.15176,4.622521
0.151762,3.8365874
0.151764,2.542109
0.151766,0.970243
0.151768,-0.7403178
0.15177,-2.3584158
0.15177199,-3.745357
0.151774,-4.623753
0.151776,-4.947373
0.151778,-4.623753
0.15178,-3.8378198
0.151782,-2.4971101
0.151784,-0.8790121
0.151786,0.87777996
0.151788,2.4958777
0.15179,3.7903562
0.151792,4.622521
0.151794,4.8999095
0.151796,4.5762897
0.151798,3.6978936
0.1518,2.357184
0.151802,0.7390857
0.151804,-0.9714751
0.151806,-2.5433414
0.151808,-3.8840513
0.15181,-4.669985
0.151812,-4.9011416
0.151814,-4.5312905
0.151816,-3.6528945
0.15181799,-2.3121846
0.15182,-0.6478553
0.151822,1.1089368
0.151824,2.6808028
0.151826,3.9752812
0.151828,4.7149835
0.15183,4.8999095
0.151832,4.483826
0.151834,3.5591989
0.151836,2.172258
0.151838,0.50792885
0.15184,-1.202632
0.151842,-2.7744985
0.151844,-4.022745
0.151846,-4.7624474
0.151848,-4.9011416
0.15185,-4.4388275
0.151852,-3.467969
0.151854,-2.081028
0.151856,-0.3704667
0.151858,1.3400936
0.15186,2.9119601
0.151862,4.113976
0.15186399,4.7612157
0.151866,4.8999095
0.151868,4.437596
0.15187,3.3742738
0.151872,1.9411016
0.151874,0.27677202
0.151876,-1.4337888
0.151878,-2.9594238
0.15188,-4.1614394
0.151882,-4.8086786
0.151884,-4.85491
0.151886,-4.346365
0.151888,-3.2830436
0.15189,-1.8036394
0.151892,-0.13931036
0.151894,1.5712504
0.151896,3.0968862
0.151898,4.252671
0.1519,4.8536773
0.151902,4.8536773
0.151904,4.298901
0.151906,3.1893477
0.151908,1.7099442
0.15191,-6.160736E-4
0.151912,-1.6649456
0.151914,-3.1443493
0.151916,-4.3001337
0.151918,-4.85491
0.15192,-4.8086786
0.151922,-4.2539024
0.151924,-3.098118
0.151926,-1.5724826
0.151928,0.13807821
0.15193,1.8024073
0.151932,3.2818112
0.151934,4.3913646
0.151936,4.8999095
0.151938,4.807446
0.15194,4.1602073
0.151942,3.0044227
0.151944,1.4787879
0.151946,-0.2317729
0.151948,-1.8961024
0.15195,-3.3755062
0.151952,-4.4388275
0.151954,-4.9011416
0.151956,-4.7624474
0.151958,-4.115208
0.15196,-2.9131925
0.151962,-1.387557
0.151964,0.36923456
0.151966,2.033564
0.151968,3.4667363
0.15197,4.437596
0.151972,4.8999095
0.151974,4.7612157
0.151976,4.0215135
0.151978,2.7732663
0.15198,1.2476311
0.151982,-0.46292973
0.151984,-2.1272593
0.151986,-3.5604317
0.151988,-4.4850593
0.15199,-4.9011416
0.151992,-4.716216
0.151994,-3.976514
0.151996,-2.728267
0.151998,-1.1101689
0.152,0.64662313
0.152002,2.2647214
0.152004,3.6516623
0.152006,4.5762897
0.152008,4.8999095
0.15201,4.668752
0.152012,3.8828197
0.152014,2.5883412
0.152016,1.0164738
0.152018,-0.7403178
0.15201999,-2.3121846
0.152022,-3.6991258
0.152024,-4.577522
0.152026,-4.9011416
0.152028,-4.623753
0.15203,-3.7915885
0.152032,-2.4971101
0.152034,-0.8790121
0.152036,0.87777996
0.152038,2.4958777
0.15204,3.8365874
0.152042,4.622521
0.152044,4.946141
0.152046,4.5762897
0.152048,3.6978936
0.15205,2.357184
0.152052,0.7390857
0.152054,-0.9714751
0.152056,-2.5433414
0.152058,-3.8840513
0.15206,-4.669985
0.152062,-4.9011416
0.152064,-4.5312905
0.15206599,-3.6528945
0.152068,-2.2659533
0.15207,-0.6478553
0.152072,1.1089368
0.152074,2.6808028
0.152076,3.9752812
0.152078,4.7149835
0.15208,4.8999095
0.152082,4.483826
0.152084,3.5591989
0.152086,2.172258
0.152088,0.50792885
0.15209,-1.202632
0.152092,-2.7744985
0.152094,-4.022745
0.152096,-4.7624474
0.152098,-4.9011416
0.1521,-4.4388275
0.152102,-3.467969
0.152104,-2.081028
0.152106,-0.3704667
0.152108,1.3400936
0.15211,2.9119601
0.15211199,4.113976
0.152114,4.807446
0.152116,4.8999095
0.152118,4.437596
0.15212,3.3742738
0.152122,1.9411016
0.152124,0.27677202
0.152126,-1.4337888
0.152128,-2.9594238
0.15213,-4.1614394
0.152132,-4.8086786
0.152134,-4.85491
0.152136,-4.346365
0.152138,-3.2830436
0.15214,-1.8036394
0.152142,-0.13931036
0.152144,1.5712504
0.152146,3.0968862
0.152148,4.252671
0.15215,4.8536773
0.152152,4.8536773
0.152154,4.298901
0.152156,3.1893477
0.152158,1.7099442
0.15216,-6.160736E-4
0.152162,-1.6649456
0.152164,-3.1443493
0.152166,-4.3001337
0.152168,-4.85491
0.15217,-4.8086786
0.152172,-4.2539024
0.152174,-3.098118
0.152176,-1.5724826
0.152178,0.13807821
0.15218,1.8024073
0.152182,3.2818112
0.152184,4.3913646
0.152186,4.8999095
0.152188,4.807446
0.15219,4.1602073
0.152192,3.0044227
0.152194,1.4787879
0.152196,-0.2317729
0.152198,-1.8961024
0.1522,-3.3755062
0.152202,-4.3925962
0.152204,-4.9011416
0.152206,-4.7624474
0.152208,-4.115208
0.15221,-2.9131925
0.152212,-1.387557
0.152214,0.36923456
0.152216,2.033564
0.152218,3.4667363
0.15222,4.437596
0.152222,4.8999095
0.152224,4.7612157
0.152226,4.0215135
0.152228,2.7732663
0.15223,1.2476311
0.152232,-0.46292973
0.152234,-2.1272593
0.152236,-3.5604317
0.152238,-4.4850593
0.15224,-4.9011416
0.152242,-4.716216
0.152244,-3.976514
0.152246,-2.728267
0.152248,-1.1101689
0.15225,0.64662313
0.152252,2.2647214
0.152254,3.6516623
0.152256,4.5762897
0.152258,4.8999095
0.15226,4.668752
0.152262,3.8828197
0.152264,2.5883412
0.152266,1.0164738
0.15226799,-0.7403178
0.15227,-2.3121846
0.152272,-3.6991258
0.152274,-4.577522
0.152276,-4.9011416
0.152278,-4.623753
0.15228,-3.7915885
0.152282,-2.4971101
0.152284,-0.8790121
0.152286,0.87777996
0.152288,2.4958777
0.15229,3.8365874
0.152292,4.622521
0.152294,4.8999095
0.152296,4.5762897
0.152298,3.6978936
0.1523,2.357184
0.152302,0.7390857
0.152304,-0.9714751
0.152306,-2.5433414
0.152308,-3.8840513
0.15231,-4.669985
0.152312,-4.9011416
0.15231399,-4.5312905
0.152316,-3.6528945
0.152318,-2.2659533
0.15232,-0.6478553
0.152322,1.1089368
0.152324,2.6808028
0.152326,3.9752812
0.152328,4.7149835
0.15233,4.8999095
0.152332,4.483826
0.152334,3.5591989
0.152336,2.172258
0.152338,0.50792885
0.15234,-1.202632
0.152342,-2.7744985
0.152344,-4.022745
0.152346,-4.7624474
0.152348,-4.9011416
0.15235,-4.4388275
0.152352,-3.467969
0.152354,-2.081028
0.152356,-0.3704667
0.152358,1.3863249
0.15235999,2.9119601
0.152362,4.113976
0.152364,4.807446
0.152366,4.8999095
0.152368,4.437596
0.15237,3.3742738
0.152372,1.9411016
0.152374,0.27677202
0.152376,-1.4337888
0.152378,-2.9594238
0.15238,-4.1614394
0.152382,-4.8086786
0.152384,-4.85491
0.152386,-4.346365
0.152388,-3.2830436
0.15239,-1.8036394
0.152392,-0.13931036
0.152394,1.5712504
0.152396,3.0968862
0.152398,4.252671
0.1524,4.8536773
0.152402,4.8536773
0.152404,4.298901
0.152406,3.1893477
0.152408,1.7099442
0.15241,-6.160736E-4
0.152412,-1.6649456
0.152414,-3.1905808
0.152416,-4.3001337
0.152418,-4.85491
0.15242,-4.8086786
0.152422,-4.2539024
0.152424,-3.098118
0.152426,-1.5724826
0.152428,0.13807821
0.15243,1.8024073
0.152432,3.2818112
0.152434,4.3913646
0.152436,4.8999095
0.152438,4.807446
0.15244,4.1602073
0.152442,3.0044227
0.152444,1.4787879
0.152446,-0.2317729
0.152448,-1.8961024
0.15245,-3.3755062
0.152452,-4.4388275
0.152454,-4.9011416
0.152456,-4.7624474
0.152458,-4.115208
0.15246,-2.9131925
0.152462,-1.387557
0.152464,0.36923456
0.152466,2.033564
0.152468,3.4667363
0.15247,4.437596
0.152472,4.8999095
0.152474,4.7612157
0.152476,4.0215135
0.152478,2.7732663
0.15248,1.2476311
0.152482,-0.46292973
0.152484,-2.1272593
0.152486,-3.5604317
0.152488,-4.4850593
0.15249,-4.9011416
0.152492,-4.716216
0.152494,-3.976514
0.152496,-2.728267
0.152498,-1.1101689
0.1525,0.64662313
0.152502,2.2647214
0.152504,3.6516623
0.152506,4.5762897
0.152508,4.8999095
0.15251,4.668752
0.152512,3.8828197
0.152514,2.5883412
0.15251599,1.0164738
0.152518,-0.7403178
0.15252,-2.3121846
0.152522,-3.6991258
0.152524,-4.577522
0.152526,-4.9011416
0.152528,-4.623753
0.15253,-3.7915885
0.152532,-2.4971101
0.152534,-0.8790121
0.152536,0.87777996
0.152538,2.4958777
0.15254,3.8365874
0.152542,4.622521
0.152544,4.8999095
0.152546,4.5762897
0.152548,3.6978936
0.15255,2.357184
0.152552,0.7390857
0.152554,-0.9714751
0.152556,-2.5433414
0.152558,-3.8840513
0.15256,-4.669985
0.15256199,-4.9011416
0.152564,-4.5312905
0.152566,-3.6528945
0.152568,-2.2659533
0.15257,-0.6478553
0.152572,1.1089368
0.152574,2.6808028
0.152576,3.9752812
0.152578,4.7149835
0.15258,4.8999095
0.152582,4.483826
0.152584,3.5591989
0.152586,2.172258
0.152588,0.50792885
0.15259,-1.202632
0.152592,-2.7744985
0.152594,-4.022745
0.152596,-4.7624474
0.152598,-4.9011416
0.1526,-4.4388275
0.152602,-3.467969
0.152604,-2.0347965
0.152606,-0.3704667
0.15260799,1.3863249
0.15261,2.9119601
0.152612,4.113976
0.152614,4.807446
0.152616,4.8999095
0.152618,4.3913646
0.15262,3.3742738
0.152622,1.9411016
0.152624,0.27677202
0.152626,-1.4337888
0.152628,-2.9594238
0.15263,-4.1614394
0.152632,-4.8086786
0.152634,-4.85491
0.152636,-4.346365
0.152638,-3.2830436
0.15264,-1.8036394
0.152642,-0.13931036
0.152644,1.5712504
0.152646,3.0968862
0.152648,4.252671
0.15265,4.8536773
0.152652,4.8536773
0.15265399,4.298901
0.152656,3.1893477
0.152658,1.7099442
0.15266,-6.160736E-4
0.152662,-1.6649456
0.152664,-3.1905808
0.152666,-4.3001337
0.152668,-4.85491
0.15267,-4.8086786
0.152672,-4.2539024
0.152674,-3.098118
0.152676,-1.5724826
0.152678,0.13807821
0.15268,1.8024073
0.152682,3.2818112
0.152684,4.3913646
0.152686,4.8536773
0.152688,4.807446
0.15269,4.1602073
0.152692,3.0044227
0.152694,1.4787879
0.152696,-0.2317729
0.152698,-1.8961024
0.1527,-3.3755062
0.152702,-4.4388275
0.152704,-4.9011416
0.152706,-4.7624474
0.152708,-4.115208
0.15271,-2.9131925
0.152712,-1.387557
0.152714,0.36923456
0.152716,2.033564
0.152718,3.4667363
0.15272,4.437596
0.152722,4.8999095
0.152724,4.7612157
0.152726,4.0215135
0.152728,2.7732663
0.15273,1.2476311
0.152732,-0.46292973
0.152734,-2.1272593
0.152736,-3.5604317
0.152738,-4.4850593
0.15274,-4.9011416
0.152742,-4.716216
0.152744,-3.976514
0.152746,-2.728267
0.152748,-1.1101689
0.15275,0.13807821
0.152752,0.5541601
0.152754,0.92401123
0.152756,1.2938623
0.152758,1.6174817
0.15276,1.9873328
0.152762,2.3109517
0.15276399,2.6808028
0.152766,2.9581914
0.152768,3.2818112
0.15277,3.5591989
0.152772,3.8365874
0.152774,4.0677447
0.152776,4.252671
0.152778,4.437596
0.15278,4.622521
0.152782,4.7612157
0.152784,4.8536773
0.152786,4.946141
0.152788,4.992371
0.15279,5.0386033
0.152792,5.0386033
0.152794,4.992371
0.152796,4.946141
0.152798,4.8536773
0.1528,4.7612157
0.152802,4.622521
0.152804,4.437596
0.152806,4.298901
0.152808,4.0677447
0.15280999,3.8365874
0.152812,3.5591989
0.152814,3.2818112
0.152816,3.0044227
0.152818,2.6808028
0.15282,2.3109517
0.152822,1.9873328
0.152824,1.6174817
0.152826,1.2938623
0.152828,0.92401123
0.15283,0.5541601
0.152832,0.13807821
0.152834,-0.2317729
0.152836,-0.601624
0.152838,-0.9714751
0.15284,-1.3413262
0.152842,-1.7111769
0.152844,-2.0347965
0.152846,-2.4046474
0.152848,-2.728267
0.15285,-3.0518866
0.152852,-3.329275
0.152854,-3.6066632
0.15285599,-3.8840513
0.152858,-4.115208
0.15286,-4.3001337
0.152862,-4.4850593
0.152864,-4.623753
0.152866,-4.7624474
0.152868,-4.85491
0.15287,-4.947373
0.152872,-4.993604
0.152874,-5.0398355
0.152876,-4.993604
0.152878,-4.993604
0.15288,-4.9011416
0.152882,-4.8086786
0.152884,-4.716216
0.152886,-4.5312905
0.152888,-4.3925962
0.15289,-4.2076707
0.152892,-3.976514
0.152894,-3.745357
0.152896,-3.467969
0.152898,-3.1905808
0.1529,-2.866961
0.15290199,-2.5433414
0.152904,-2.2197218
0.152906,-1.8498712
0.152908,-1.48002
0.15291,-1.1564007
0.152912,-0.78654957
0.152914,-0.41669846
0.152916,-6.160736E-4
0.152918,0.36923456
0.15292,0.7390857
0.152922,1.1089368
0.152924,1.4787879
0.152926,1.8486385
0.152928,2.172258
0.15293,2.542109
0.152932,2.8657289
0.152934,3.1431174
0.152936,3.4667363
0.152938,3.6978936
0.15294,3.9752812
0.152942,4.2064385
0.152944,4.3913646
0.152946,4.5300584
0.152948,4.668752
0.15295,4.807446
0.152952,4.8999095
0.152954,4.992371
0.152956,5.0386033
0.152958,5.0386033
0.15296,4.992371
0.152962,4.946141
0.152964,4.8999095
0.152966,4.807446
0.152968,4.668752
0.15297,4.483826
0.152972,4.3451324
0.152974,4.113976
0.152976,3.8828197
0.152978,3.6516623
0.15298,3.3742738
0.152982,3.0968862
0.152984,2.7732663
0.152986,2.4496465
0.152988,2.0797954
0.15299,1.756176
0.152992,1.4325566
0.152994,1.0164738
0.152996,0.64662313
0.152998,0.27677202
0.153,-0.09307861
0.153002,-0.5091615
0.153004,-0.8790121
0.153006,-1.2488632
0.153008,-1.5724826
0.15301,-1.9423337
0.153012,-2.2659533
0.153014,-2.6358042
0.153016,-2.9594238
0.153018,-3.236812
0.15302,-3.5142004
0.153022,-3.7915885
0.153024,-4.022745
0.153026,-4.2539024
0.153028,-4.4388275
0.15303,-4.577522
0.153032,-4.716216
0.153034,-4.85491
0.153036,-4.947373
0.153038,-4.993604
0.15304,-5.0398355
0.153042,-5.0398355
0.153044,-4.993604
0.153046,-4.947373
0.153048,-4.85491
0.15305,-4.716216
0.153052,-4.577522
0.153054,-4.4388275
0.153056,-4.2539024
0.15305799,-4.068977
0.15306,-3.8378198
0.153062,-3.5604317
0.153064,-3.2830436
0.153066,-2.9594238
0.153068,-2.6820357
0.15307,-2.3121846
0.153072,-1.9885652
0.153074,-1.6187139
0.153076,-1.2950945
0.153078,-0.8790121
0.15308,-0.5091615
0.153082,-0.13931036
0.153084,0.23054075
0.153086,0.64662313
0.153088,1.0164738
0.15309,1.3863249
0.153092,1.7099442
0.153094,2.0797954
0.153096,2.4034152
0.153098,2.727035
0.1531,3.050654
0.153102,3.3280425
0.15310399,3.605431
0.153106,3.8828197
0.153108,4.113976
0.15311,4.3451324
0.153112,4.483826
0.153114,4.622521
0.153116,4.7612157
0.153118,4.8999095
0.15312,4.946141
0.153122,4.992371
0.153124,5.0386033
0.153126,5.0386033
0.153128,4.992371
0.15313,4.8999095
0.153132,4.807446
0.153134,4.7149835
0.153136,4.5300584
0.153138,4.3913646
0.15314,4.2064385
0.153142,3.9752812
0.153144,3.744125
0.153146,3.4667363
0.153148,3.1893477
0.15314999,2.8657289
0.153152,2.542109
0.153154,2.2184901
0.153156,1.8486385
0.153158,1.5250192
0.15316,1.1551685
0.153162,0.7853174
0.153164,0.4154663
0.153166,0.045615196
0.153168,-0.3704667
0.15317,-0.7403178
0.153172,-1.1101689
0.153174,-1.48002
0.153176,-1.8036394
0.153178,-2.1734905
0.15318,-2.4971101
0.153182,-2.8207297
0.153184,-3.1443493
0.153186,-3.4217377
0.153188,-3.6991258
0.15319,-3.9302826
0.153192,-4.1614394
0.153194,-4.3925962
0.153196,-4.5312905
0.153198,-4.669985
0.1532,-4.8086786
0.153202,-4.9011416
0.153204,-4.993604
0.153206,-4.993604
0.153208,-5.0398355
0.15321,-4.993604
0.153212,-4.947373
0.153214,-4.9011416
0.153216,-4.7624474
0.153218,-4.669985
0.15322,-4.4850593
0.153222,-4.346365
0.153224,-4.115208
0.153226,-3.8840513
0.153228,-3.6528945
0.15323,-3.3755062
0.153232,-3.098118
0.153234,-2.7744985
0.153236,-2.4508786
0.153238,-2.081028
0.15324,-1.7574081
0.153242,-1.387557
0.153244,-1.0177064
0.153246,-0.6478553
0.153248,-0.27800417
0.15325,0.13807821
0.153252,0.50792885
0.153254,0.87777996
0.153256,1.2476311
0.153258,1.6174817
0.15326,1.9411016
0.153262,2.3109517
0.153264,2.6345725
0.153266,2.9581914
0.153268,3.23558
0.15327,3.5591989
0.153272,3.7903562
0.153274,4.0215135
0.153276,4.252671
0.153278,4.437596
0.15328,4.5762897
0.153282,4.7149835
0.153284,4.8536773
0.153286,4.946141
0.153288,4.992371
0.15329,5.0386033
0.153292,5.0386033
0.153294,4.992371
0.153296,4.946141
0.153298,4.8536773
0.1533,4.7612157
0.153302,4.622521
0.153304,4.437596
0.15330599,4.298901
0.153308,4.0677447
0.15331,3.8365874
0.153312,3.5591989
0.153314,3.2818112
0.153316,2.9581914
0.153318,2.6808028
0.15332,2.3109517
0.153322,1.9873328
0.153324,1.6174817
0.153326,1.2938623
0.153328,0.92401123
0.15333,0.5541601
0.153332,0.13807821
0.153334,-0.2317729
0.153336,-0.601624
0.153338,-0.9714751
0.15334,-1.3413262
0.153342,-1.7111769
0.153344,-2.0347965
0.153346,-2.4046474
0.153348,-2.728267
0.15335,-3.0518866
0.15335199,-3.329275
0.153354,-3.6066632
0.153356,-3.8840513
0.153358,-4.115208
0.15336,-4.3001337
0.153362,-4.4850593
0.153364,-4.623753
0.153366,-4.7624474
0.153368,-4.85491
0.15337,-4.947373
0.153372,-4.993604
0.153374,-5.0398355
0.153376,-4.993604
0.153378,-4.993604
0.15338,-4.9011416
0.153382,-4.8086786
0.153384,-4.716216
0.153386,-4.5312905
0.153388,-4.3925962
0.15339,-4.2076707
0.153392,-3.976514
0.153394,-3.745357
0.153396,-3.467969
0.15339799,-3.1905808
0.1534,-2.866961
0.153402,-2.5433414
0.153404,-2.2197218
0.153406,-1.8498712
0.153408,-1.48002
0.15341,-1.1564007
0.153412,-0.78654957
0.153414,-0.41669846
0.153416,-6.160736E-4
0.153418,0.36923456
0.15342,0.7390857
0.153422,1.1089368
0.153424,1.4787879
0.153426,1.8486385
0.153428,2.172258
0.15343,2.542109
0.153432,2.8657289
0.153434,3.1431174
0.153436,3.4667363
0.153438,3.6978936
0.15344,3.9752812
0.153442,4.2064385
0.153444,4.3913646
0.153446,4.5300584
0.153448,4.668752
0.15345,4.807446
0.153452,4.8999095
0.153454,4.992371
0.153456,5.0386033
0.153458,5.0386033
0.15346,4.992371
0.153462,4.946141
0.153464,4.8999095
0.153466,4.807446
0.153468,4.668752
0.15347,4.483826
0.153472,4.3451324
0.153474,4.113976
0.153476,3.8828197
0.153478,3.6516623
0.15348,3.3742738
0.153482,3.0968862
0.153484,2.7732663
0.153486,2.4496465
0.153488,2.0797954
0.15349,1.756176
0.153492,1.3863249
0.153494,1.0164738
0.153496,0.64662313
0.153498,0.27677202
0.1535,-0.09307861
0.153502,-0.46292973
0.153504,-0.8790121
0.153506,-1.2488632
0.153508,-1.5724826
0.15351,-1.9423337
0.153512,-2.2659533
0.153514,-2.6358042
0.153516,-2.9131925
0.153518,-3.236812
0.15352,-3.5142004
0.153522,-3.7915885
0.153524,-4.022745
0.153526,-4.2539024
0.153528,-4.4388275
0.15353,-4.577522
0.153532,-4.716216
0.153534,-4.85491
0.153536,-4.947373
0.153538,-4.993604
0.15354,-5.0398355
0.153542,-5.0398355
0.153544,-4.993604
0.153546,-4.947373
0.153548,-4.85491
0.15355,-4.716216
0.153552,-4.577522
0.15355399,-4.4388275
0.153556,-4.2539024
0.153558,-4.068977
0.15356,-3.8378198
0.153562,-3.5604317
0.153564,-3.2830436
0.153566,-2.9594238
0.153568,-2.6358042
0.15357,-2.3121846
0.153572,-1.9885652
0.153574,-1.6187139
0.153576,-1.2950945
0.153578,-0.9252434
0.15358,-0.5091615
0.153582,-0.13931036
0.153584,0.23054075
0.153586,0.64662313
0.153588,1.0164738
0.15359,1.3863249
0.153592,1.7099442
0.153594,2.0797954
0.153596,2.4034152
0.153598,2.727035
0.15359999,3.050654
0.153602,3.3742738
0.153604,3.605431
0.153606,3.8828197
0.153608,4.113976
0.15361,4.3451324
0.153612,4.483826
0.153614,4.622521
0.153616,4.7612157
0.153618,4.8999095
0.15362,4.946141
0.153622,4.992371
0.153624,5.0386033
0.153626,5.0386033
0.153628,4.992371
0.15363,4.8999095
0.153632,4.807446
0.153634,4.7149835
0.153636,4.5300584
0.153638,4.3913646
0.15364,4.2064385
0.153642,3.9752812
0.153644,3.744125
0.15364599,3.4667363
0.153648,3.1893477
0.15365,2.8657289
0.153652,2.542109
0.153654,2.2184901
0.153656,1.8486385
0.153658,1.5250192
0.15366,1.1551685
0.153662,0.7853174
0.153664,0.4154663
0.153666,0.045615196
0.153668,-0.3704667
0.15367,-0.7403178
0.153672,-1.1101689
0.153674,-1.48002
0.153676,-1.8036394
0.153678,-2.1734905
0.15368,-2.4971101
0.153682,-2.8207297
0.153684,-3.1443493
0.153686,-3.4217377
0.153688,-3.6991258
0.15369,-3.9302826
0.15369199,-4.1614394
0.153694,-4.3925962
0.153696,-4.5312905
0.153698,-4.669985
0.1537,-4.8086786
0.153702,-4.9011416
0.153704,-4.993604
0.153706,-4.993604
0.153708,-5.0398355
0.15371,-4.993604
0.153712,-4.947373
0.153714,-4.9011416
0.153716,-4.7624474
0.153718,-4.669985
0.15372,-4.4850593
0.153722,-4.346365
0.153724,-4.115208
0.153726,-3.8840513
0.153728,-3.6528945
0.15373,-3.3755062
0.153732,-3.098118
0.153734,-2.7744985
0.153736,-2.4508786
0.153738,-2.081028
0.15374,-1.7574081
0.153742,-1.387557
0.153744,-1.0177064
0.153746,-0.6478553
0.153748,-0.27800417
0.15375,0.60039186
0.153752,2.2184901
0.153754,3.605431
0.153756,4.5300584
0.153758,4.8999095
0.15376,4.622521
0.153762,3.8365874
0.153764,2.542109
0.153766,0.970243
0.153768,-0.7403178
0.15377,-2.3584158
0.153772,-3.745357
0.153774,-4.623753
0.153776,-4.947373
0.153778,-4.623753
0.15378,-3.8378198
0.153782,-2.4971101
0.153784,-0.8790121
0.153786,0.87777996
0.153788,2.4958777
0.15379,3.7903562
0.153792,4.622521
0.153794,4.8999095
0.153796,4.5762897
0.153798,3.6978936
0.1538,2.357184
0.15380199,0.7390857
0.153804,-0.9714751
0.153806,-2.5433414
0.153808,-3.8840513
0.15381,-4.669985
0.153812,-4.9011416
0.153814,-4.5312905
0.153816,-3.6528945
0.153818,-2.2659533
0.15382,-0.6478553
0.153822,1.1089368
0.153824,2.727035
0.153826,3.9752812
0.153828,4.7149835
0.15383,4.8999095
0.153832,4.483826
0.153834,3.5591989
0.153836,2.126027
0.153838,0.50792885
0.15384,-1.202632
0.153842,-2.7744985
0.153844,-4.022745
0.153846,-4.7624474
0.15384799,-4.9011416
0.15385,-4.4388275
0.153852,-3.467969
0.153854,-2.0347965
0.153856,-0.3704667
0.153858,1.3863249
0.15386,2.9119601
0.153862,4.113976
0.153864,4.807446
0.153866,4.8999095
0.153868,4.3913646
0.15387,3.3742738
0.153872,1.9411016
0.153874,0.27677202
0.153876,-1.4337888
0.153878,-2.9594238
0.15388,-4.1614394
0.153882,-4.8086786
0.153884,-4.85491
0.153886,-4.346365
0.153888,-3.2830436
0.15389,-1.8036394
0.153892,-0.13931036
0.15389399,1.5712504
0.153896,3.0968862
0.153898,4.252671
0.1539,4.8536773
0.153902,4.8536773
0.153904,4.298901
0.153906,3.1893477
0.153908,1.7099442
0.15391,-6.160736E-4
0.153912,-1.6649456
0.153914,-3.1905808
0.153916,-4.3001337
0.153918,-4.85491
0.15392,-4.8086786
0.153922,-4.2539024
0.153924,-3.098118
0.153926,-1.5724826
0.153928,0.13807821
0.15393,1.8024073
0.153932,3.2818112
0.153934,4.3913646
0.153936,4.8999095
0.153938,4.807446
0.15393999,4.1602073
0.153942,3.0044227
0.153944,1.4787879
0.153946,-0.2317729
0.153948,-1.8961024
0.15395,-3.3755062
0.153952,-4.4388275
0.153954,-4.9011416
0.153956,-4.7624474
0.153958,-4.115208
0.15396,-2.9131925
0.153962,-1.387557
0.153964,0.36923456
0.153966,2.033564
0.153968,3.4667363
0.15397,4.437596
0.153972,4.8999095
0.153974,4.7612157
0.153976,4.0215135
0.153978,2.7732663
0.15398,1.2476311
0.153982,-0.5091615
0.153984,-2.1272593
0.153986,-3.5604317
0.153988,-4.4850593
0.15399,-4.9011416
0.153992,-4.716216
0.153994,-3.976514
0.153996,-2.728267
0.153998,-1.1101689
0.154,0.64662313
0.154002,2.2647214
0.154004,3.6516623
0.154006,4.5762897
0.154008,4.8999095
0.15401,4.668752
0.154012,3.8828197
0.154014,2.5883412
0.154016,1.0164738
0.154018,-0.7403178
0.15402,-2.3121846
0.154022,-3.6991258
0.154024,-4.577522
0.154026,-4.9011416
0.154028,-4.623753
0.15403,-3.7915885
0.154032,-2.4971101
0.154034,-0.8790121
0.154036,0.87777996
0.154038,2.4958777
0.15404,3.8365874
0.154042,4.668752
0.154044,4.8999095
0.154046,4.5762897
0.154048,3.6978936
0.15405,2.357184
0.154052,0.7390857
0.154054,-0.9714751
0.154056,-2.5433414
0.154058,-3.8840513
0.15406,-4.669985
0.154062,-4.9011416
0.154064,-4.5312905
0.154066,-3.6528945
0.154068,-2.2659533
0.15407,-0.601624
0.154072,1.1089368
0.154074,2.727035
0.154076,3.9752812
0.154078,4.7149835
0.15408,4.8999095
0.154082,4.483826
0.154084,3.5591989
0.154086,2.126027
0.154088,0.50792885
0.15409,-1.202632
0.154092,-2.7744985
0.154094,-4.022745
0.15409599,-4.7624474
0.154098,-4.9011416
0.1541,-4.4388275
0.154102,-3.467969
0.154104,-2.0347965
0.154106,-0.3704667
0.154108,1.3863249
0.15411,2.9119601
0.154112,4.113976
0.154114,4.807446
0.154116,4.8999095
0.154118,4.3913646
0.15412,3.3742738
0.154122,1.9411016
0.154124,0.27677202
0.154126,-1.4337888
0.154128,-2.9594238
0.15413,-4.1614394
0.154132,-4.8086786
0.154134,-4.85491
0.154136,-4.346365
0.154138,-3.2830436
0.15414,-1.8036394
0.15414199,-0.13931036
0.154144,1.5712504
0.154146,3.0968862
0.154148,4.252671
0.15415,4.8536773
0.154152,4.8536773
0.154154,4.298901
0.154156,3.1893477
0.154158,1.6637135
0.15416,-6.160736E-4
0.154162,-1.6649456
0.154164,-3.1905808
0.154166,-4.3001337
0.154168,-4.85491
0.15417,-4.8086786
0.154172,-4.2539024
0.154174,-3.098118
0.154176,-1.5724826
0.154178,0.13807821
0.15418,1.8024073
0.154182,3.2818112
0.154184,4.3913646
0.154186,4.8999095
0.15418799,4.807446
0.15419,4.1602073
0.154192,3.0044227
0.154194,1.4787879
0.154196,-0.2317729
0.154198,-1.8961024
0.1542,-3.3755062
0.154202,-4.4388275
0.154204,-4.9011416
0.154206,-4.7624474
0.154208,-4.115208
0.15421,-2.9131925
0.154212,-1.3413262
0.154214,0.36923456
0.154216,2.033564
0.154218,3.4667363
0.15422,4.437596
0.154222,4.8999095
0.154224,4.7612157
0.154226,4.0215135
0.154228,2.7732663
0.15423,1.2476311
0.154232,-0.5091615
0.154234,-2.1272593
0.154236,-3.5604317
0.154238,-4.4850593
0.15424,-4.9011416
0.154242,-4.716216
0.154244,-3.976514
0.154246,-2.728267
0.154248,-1.1101689
0.15425,0.64662313
0.154252,2.2647214
0.154254,3.6516623
0.154256,4.5762897
0.154258,4.8999095
0.15426,4.668752
0.154262,3.8828197
0.154264,2.5883412
0.154266,1.0164738
0.154268,-0.7403178
0.15427,-2.3584158
0.154272,-3.6991258
0.154274,-4.577522
0.154276,-4.9011416
0.154278,-4.623753
0.15428,-3.7915885
0.154282,-2.4971101
0.154284,-0.8790121
0.154286,0.87777996
0.154288,2.4958777
0.15429,3.8365874
0.154292,4.668752
0.154294,4.8999095
0.154296,4.5762897
0.154298,3.6978936
0.1543,2.357184
0.154302,0.7390857
0.154304,-0.9714751
0.154306,-2.5433414
0.154308,-3.8840513
0.15431,-4.669985
0.154312,-4.9011416
0.154314,-4.5312905
0.154316,-3.6528945
0.154318,-2.2659533
0.15432,-0.601624
0.154322,1.1089368
0.154324,2.727035
0.154326,3.9752812
0.154328,4.7149835
0.15433,4.8999095
0.154332,4.483826
0.154334,3.5591989
0.154336,2.126027
0.154338,0.50792885
0.15434,-1.202632
0.154342,-2.7744985
0.15434399,-4.022745
0.154346,-4.7624474
0.154348,-4.9011416
0.15435,-4.4388275
0.154352,-3.467969
0.154354,-2.0347965
0.154356,-0.3704667
0.154358,1.3863249
0.15436,2.9119601
0.154362,4.113976
0.154364,4.807446
0.154366,4.8999095
0.154368,4.3913646
0.15437,3.3742738
0.154372,1.8948698
0.154374,0.27677202
0.154376,-1.4337888
0.154378,-2.9594238
0.15438,-4.1614394
0.154382,-4.8086786
0.154384,-4.85491
0.154386,-4.346365
0.154388,-3.2830436
0.15438999,-1.8036394
0.154392,-0.13931036
0.154394,1.5712504
0.154396,3.0968862
0.154398,4.252671
0.1544,4.8536773
0.154402,4.8536773
0.154404,4.298901
0.154406,3.1893477
0.154408,1.6637135
0.15441,-6.160736E-4
0.154412,-1.6649456
0.154414,-3.1905808
0.154416,-4.3001337
0.154418,-4.85491
0.15442,-4.8086786
0.154422,-4.2076707
0.154424,-3.098118
0.154426,-1.5724826
0.154428,0.13807821
0.15443,1.8024073
0.154432,3.3280425
0.154434,4.3913646
0.15443599,4.8999095
0.154438,4.807446
0.15444,4.1602073
0.154442,3.0044227
0.154444,1.4787879
0.154446,-0.2317729
0.154448,-1.8961024
0.15445,-3.3755062
0.154452,-4.4388275
0.154454,-4.9011416
0.154456,-4.7624474
0.154458,-4.115208
0.15446,-2.9131925
0.154462,-1.3413262
0.154464,0.36923456
0.154466,2.033564
0.154468,3.4667363
0.15447,4.483826
0.154472,4.8999095
0.154474,4.7612157
0.154476,4.0215135
0.154478,2.7732663
0.15448,1.2476311
0.154482,-0.5091615
0.154484,-2.1272593
0.154486,-3.5604317
0.154488,-4.4850593
0.15449,-4.9011416
0.154492,-4.716216
0.154494,-3.9302826
0.154496,-2.728267
0.154498,-1.1101689
0.1545,0.64662313
0.154502,2.2647214
0.154504,3.6516623
0.154506,4.5762897
0.154508,4.8999095
0.15451,4.668752
0.154512,3.8828197
0.154514,2.5883412
0.154516,1.0164738
0.154518,-0.7403178
0.15452,-2.3584158
0.154522,-3.6991258
0.154524,-4.577522
0.154526,-4.9011416
0.154528,-4.623753
0.15453,-3.7915885
0.154532,-2.4971101
0.154534,-0.8790121
0.154536,0.87777996
0.154538,2.4958777
0.15454,3.8365874
0.154542,4.668752
0.154544,4.8999095
0.154546,4.5762897
0.154548,3.6978936
0.15455,2.357184
0.154552,0.7390857
0.154554,-0.9714751
0.154556,-2.5433414
0.154558,-3.8840513
0.15456,-4.669985
0.154562,-4.9011416
0.154564,-4.5312905
0.154566,-3.6528945
0.154568,-2.2659533
0.15457,-0.601624
0.154572,1.1089368
0.154574,2.727035
0.154576,3.9752812
0.154578,4.7149835
0.15458,4.8999095
0.154582,4.483826
0.154584,3.5591989
0.154586,2.126027
0.154588,0.50792885
0.15459,-1.202632
0.15459199,-2.7744985
0.154594,-4.022745
0.154596,-4.7624474
0.154598,-4.9011416
0.1546,-4.4388275
0.154602,-3.467969
0.154604,-2.0347965
0.154606,-0.3704667
0.154608,1.3863249
0.15461,2.9119601
0.154612,4.113976
0.154614,4.807446
0.154616,4.8999095
0.154618,4.3913646
0.15462,3.3742738
0.154622,1.8948698
0.154624,0.27677202
0.154626,-1.4337888
0.154628,-2.9594238
0.15463,-4.1614394
0.154632,-4.8086786
0.154634,-4.85491
0.154636,-4.346365
0.15463799,-3.2830436
0.15464,-1.8036394
0.154642,-0.13931036
0.154644,1.5712504
0.154646,3.0968862
0.154648,4.252671
0.15465,4.8536773
0.154652,4.8536773
0.154654,4.298901
0.154656,3.1893477
0.154658,1.6637135
0.15466,-6.160736E-4
0.154662,-1.6649456
0.154664,-3.1905808
0.154666,-4.3001337
0.154668,-4.85491
0.15467,-4.8086786
0.154672,-4.2076707
0.154674,-3.098118
0.154676,-1.5724826
0.154678,0.13807821
0.15468,1.8024073
0.154682,3.3280425
0.15468399,4.3913646
0.154686,4.8999095
0.154688,4.807446
0.15469,4.1602073
0.154692,3.0044227
0.154694,1.4787879
0.154696,-0.2317729
0.154698,-1.8961024
0.1547,-3.3755062
0.154702,-4.4388275
0.154704,-4.9011416
0.154706,-4.7624474
0.154708,-4.115208
0.15471,-2.9131925
0.154712,-1.3413262
0.154714,0.36923456
0.154716,2.033564
0.154718,3.5129685
0.15472,4.437596
0.154722,4.8999095
0.154724,4.7612157
0.154726,4.0215135
0.154728,2.7732663
0.15473,1.2476311
0.154732,-0.5091615
0.154734,-2.1272593
0.154736,-3.5604317
0.154738,-4.4850593
0.15474,-4.9011416
0.154742,-4.716216
0.154744,-3.976514
0.154746,-2.728267
0.154748,-1.1101689
0.15475,0.13807821
0.154752,0.5541601
0.154754,0.92401123
0.154756,1.2938623
0.154758,1.6174817
0.15476,1.9873328
0.154762,2.3109517
0.154764,2.6808028
0.154766,2.9581914
0.154768,3.2818112
0.15477,3.5591989
0.154772,3.8365874
0.154774,4.0677447
0.154776,4.298901
0.154778,4.437596
0.15478,4.622521
0.154782,4.7612157
0.154784,4.8536773
0.154786,4.946141
0.154788,4.992371
0.15479,5.0386033
0.154792,5.0386033
0.154794,4.992371
0.154796,4.946141
0.154798,4.8536773
0.1548,4.7612157
0.154802,4.622521
0.154804,4.437596
0.154806,4.298901
0.154808,4.0677447
0.15481,3.8365874
0.154812,3.5591989
0.154814,3.2818112
0.154816,3.0044227
0.154818,2.6808028
0.15482,2.3109517
0.154822,1.9873328
0.154824,1.6174817
0.154826,1.2938623
0.154828,0.92401123
0.15483,0.5541601
0.154832,0.13807821
0.154834,-0.2317729
0.154836,-0.601624
0.154838,-0.9714751
0.15483999,-1.3413262
0.154842,-1.7111769
0.154844,-2.0347965
0.154846,-2.4046474
0.154848,-2.728267
0.15485,-3.0518866
0.154852,-3.329275
0.154854,-3.6066632
0.154856,-3.8840513
0.154858,-4.115208
0.15486,-4.3001337
0.154862,-4.4850593
0.154864,-4.623753
0.154866,-4.7624474
0.154868,-4.85491
0.15487,-4.947373
0.154872,-4.993604
0.154874,-5.0398355
0.154876,-4.993604
0.154878,-4.993604
0.15488,-4.9011416
0.154882,-4.8086786
0.154884,-4.716216
0.15488599,-4.5312905
0.154888,-4.3925962
0.15489,-4.2076707
0.154892,-3.976514
0.154894,-3.745357
0.154896,-3.467969
0.154898,-3.1905808
0.1549,-2.866961
0.154902,-2.5433414
0.154904,-2.2197218
0.154906,-1.8498712
0.154908,-1.48002
0.15491,-1.1564007
0.154912,-0.78654957
0.154914,-0.41669846
0.154916,-6.160736E-4
0.154918,0.36923456
0.15492,0.7390857
0.154922,1.1089368
0.154924,1.4787879
0.154926,1.8486385
0.154928,2.172258
0.15493,2.542109
0.15493199,2.8657289
0.154934,3.1431174
0.154936,3.4667363
0.154938,3.6978936
0.15494,3.9752812
0.154942,4.2064385
0.154944,4.3913646
0.154946,4.5300584
0.154948,4.668752
0.15495,4.807446
0.154952,4.8999095
0.154954,4.992371
0.154956,5.0386033
0.154958,5.0386033
0.15496,4.992371
0.154962,4.946141
0.154964,4.8999095
0.154966,4.807446
0.154968,4.668752
0.15497,4.483826
0.154972,4.3451324
0.154974,4.113976
0.154976,3.8828197
0.15497799,3.6516623
0.15498,3.3742738
0.154982,3.0968862
0.154984,2.7732663
0.154986,2.4496465
0.154988,2.0797954
0.15499,1.756176
0.154992,1.3863249
0.154994,1.0164738
0.154996,0.64662313
0.154998,0.27677202
0.155,-0.09307861
0.155002,-0.5091615
0.155004,-0.8790121
0.155006,-1.2488632
0.155008,-1.5724826
0.15501,-1.9423337
0.155012,-2.2659533
0.155014,-2.6358042
0.155016,-2.9594238
0.155018,-3.236812
0.15502,-3.5142004
0.155022,-3.7915885
0.155024,-4.022745
0.155026,-4.2539024
0.155028,-4.4388275
0.15503,-4.577522
0.155032,-4.716216
0.155034,-4.85491
0.155036,-4.947373
0.155038,-4.993604
0.15504,-5.0398355
0.155042,-5.0398355
0.155044,-4.993604
0.155046,-4.947373
0.155048,-4.85491
0.15505,-4.716216
0.155052,-4.577522
0.155054,-4.4388275
0.155056,-4.2539024
0.155058,-4.068977
0.15506,-3.7915885
0.155062,-3.5604317
0.155064,-3.2830436
0.155066,-2.9594238
0.155068,-2.6358042
0.15507,-2.3121846
0.155072,-1.9885652
0.155074,-1.6187139
0.155076,-1.2950945
0.155078,-0.9252434
0.15508,-0.5091615
0.155082,-0.13931036
0.155084,0.23054075
0.155086,0.64662313
0.15508799,1.0164738
0.15509,1.3863249
0.155092,1.7099442
0.155094,2.0797954
0.155096,2.4034152
0.155098,2.727035
0.1551,3.050654
0.155102,3.3742738
0.155104,3.605431
0.155106,3.8828197
0.155108,4.113976
0.15511,4.3451324
0.155112,4.483826
0.155114,4.622521
0.155116,4.7612157
0.155118,4.8999095
0.15512,4.946141
0.155122,4.992371
0.155124,5.0386033
0.155126,5.0386033
0.155128,4.992371
0.15513,4.8999095
0.155132,4.807446
0.15513399,4.7149835
0.155136,4.5300584
0.155138,4.3913646
0.15514,4.2064385
0.155142,3.9752812
0.155144,3.744125
0.155146,3.4667363
0.155148,3.1893477
0.15515,2.8657289
0.155152,2.542109
0.155154,2.2184901
0.155156,1.8486385
0.155158,1.5250192
0.15516,1.1551685
0.155162,0.7853174
0.155164,0.4154663
0.155166,0.045615196
0.155168,-0.3704667
0.15517,-0.7403178
0.155172,-1.1101689
0.155174,-1.48002
0.155176,-1.8036394
0.155178,-2.1734905
0.15517999,-2.4971101
0.155182,-2.8207297
0.155184,-3.1443493
0.155186,-3.4217377
0.155188,-3.6991258
0.15519,-3.976514
0.155192,-4.1614394
0.155194,-4.3925962
0.155196,-4.5312905
0.155198,-4.669985
0.1552,-4.8086786
0.155202,-4.9011416
0.155204,-4.947373
0.155206,-4.993604
0.155208,-5.0398355
0.15521,-4.993604
0.155212,-4.947373
0.155214,-4.9011416
0.155216,-4.7624474
0.155218,-4.669985
0.15522,-4.4850593
0.155222,-4.346365
0.155224,-4.115208
0.15522599,-3.8840513
0.155228,-3.6528945
0.15523,-3.3755062
0.155232,-3.098118
0.155234,-2.7744985
0.155236,-2.4508786
0.155238,-2.081028
0.15524,-1.7574081
0.155242,-1.387557
0.155244,-1.0177064
0.155246,-0.6478553
0.155248,-0.27800417
0.15525,0.13807821
0.155252,0.50792885
0.155254,0.87777996
0.155256,1.2476311
0.155258,1.6174817
0.15526,1.9411016
0.155262,2.3109517
0.155264,2.6345725
0.155266,2.9581914
0.155268,3.23558
0.15527,3.5591989
0.155272,3.7903562
0.155274,4.0215135
0.155276,4.252671
0.155278,4.437596
0.15528,4.5762897
0.155282,4.7149835
0.155284,4.8536773
0.155286,4.946141
0.155288,4.992371
0.15529,5.0386033
0.155292,5.0386033
0.155294,4.992371
0.155296,4.946141
0.155298,4.8536773
0.1553,4.7612157
0.155302,4.622521
0.155304,4.437596
0.155306,4.298901
0.155308,4.0677447
0.15531,3.8365874
0.155312,3.5591989
0.155314,3.2818112
0.155316,2.9581914
0.155318,2.6808028
0.15532,2.3109517
0.155322,1.9873328
0.155324,1.6174817
0.155326,1.2938623
0.155328,0.92401123
0.15533,0.5541601
0.155332,0.13807821
0.155334,-0.2317729
0.155336,-0.601624
0.155338,-0.9714751
0.15534,-1.3413262
0.155342,-1.7111769
0.155344,-2.0347965
0.155346,-2.4046474
0.155348,-2.728267
0.15535,-3.0518866
0.155352,-3.329275
0.155354,-3.6066632
0.155356,-3.8840513
0.155358,-4.115208
0.15536,-4.3001337
0.155362,-4.4850593
0.155364,-4.623753
0.155366,-4.7624474
0.155368,-4.85491
0.15537,-4.947373
0.155372,-4.993604
0.155374,-5.0398355
0.155376,-4.993604
0.155378,-4.993604
0.15538,-4.9011416
0.15538199,-4.8086786
0.155384,-4.716216
0.155386,-4.5312905
0.155388,-4.3925962
0.15539,-4.2076707
0.155392,-3.976514
0.155394,-3.745357
0.155396,-3.467969
0.155398,-3.1905808
0.1554,-2.866961
0.155402,-2.5433414
0.155404,-2.2197218
0.155406,-1.8498712
0.155408,-1.48002
0.15541,-1.1564007
0.155412,-0.78654957
0.155414,-0.41669846
0.155416,-6.160736E-4
0.155418,0.36923456
0.15542,0.7390857
0.155422,1.1089368
0.155424,1.4787879
0.155426,1.8486385
0.15542799,2.172258
0.15543,2.542109
0.155432,2.8657289
0.155434,3.1431174
0.155436,3.4667363
0.155438,3.6978936
0.15544,3.9752812
0.155442,4.2064385
0.155444,4.3913646
0.155446,4.5300584
0.155448,4.668752
0.15545,4.807446
0.155452,4.8999095
0.155454,4.992371
0.155456,5.0386033
0.155458,5.0386033
0.15546,4.992371
0.155462,4.946141
0.155464,4.8999095
0.155466,4.807446
0.155468,4.668752
0.15547,4.483826
0.155472,4.3451324
0.15547399,4.113976
0.155476,3.8828197
0.155478,3.6516623
0.15548,3.3742738
0.155482,3.0968862
0.155484,2.7732663
0.155486,2.4496465
0.155488,2.0797954
0.15549,1.756176
0.155492,1.3863249
0.155494,1.0164738
0.155496,0.64662313
0.155498,0.27677202
0.1555,-0.09307861
0.155502,-0.5091615
0.155504,-0.8790121
0.155506,-1.2488632
0.155508,-1.5724826
0.15551,-1.9423337
0.155512,-2.2659533
0.155514,-2.6358042
0.155516,-2.9594238
0.155518,-3.236812
0.15552,-3.5142004
0.155522,-3.7915885
0.155524,-4.022745
0.155526,-4.2539024
0.155528,-4.4388275
0.15553,-4.577522
0.155532,-4.716216
0.155534,-4.85491
0.155536,-4.947373
0.155538,-4.993604
0.15554,-5.0398355
0.155542,-4.993604
0.155544,-4.993604
0.155546,-4.947373
0.155548,-4.85491
0.15555,-4.716216
0.155552,-4.577522
0.155554,-4.4388275
0.155556,-4.2539024
0.155558,-4.068977
0.15556,-3.7915885
0.155562,-3.5604317
0.155564,-3.2830436
0.155566,-2.9594238
0.155568,-2.6358042
0.15557,-2.3121846
0.155572,-1.9885652
0.155574,-1.6187139
0.155576,-1.2950945
0.155578,-0.8790121
0.15558,-0.5091615
0.155582,-0.13931036
0.155584,0.23054075
0.155586,0.64662313
0.155588,1.0164738
0.15559,1.3863249
0.155592,1.7099442
0.155594,2.0797954
0.155596,2.4034152
0.155598,2.727035
0.1556,3.050654
0.155602,3.3742738
0.155604,3.605431
0.155606,3.8828197
0.155608,4.113976
0.15561,4.3451324
0.155612,4.483826
0.155614,4.622521
0.155616,4.7612157
0.155618,4.8999095
0.15562,4.946141
0.155622,4.992371
0.155624,5.0386033
0.155626,5.0386033
0.155628,4.992371
0.15562999,4.8999095
0.155632,4.807446
0.155634,4.7149835
0.155636,4.5300584
0.155638,4.3913646
0.15564,4.2064385
0.155642,3.9752812
0.155644,3.744125
0.155646,3.4667363
0.155648,3.1893477
0.15565,2.8657289
0.155652,2.542109
0.155654,2.2184901
0.155656,1.8486385
0.155658,1.5250192
0.15566,1.1551685
0.155662,0.7853174
0.155664,0.4154663
0.155666,0.045615196
0.155668,-0.3704667
0.15567,-0.7403178
0.155672,-1.1101689
0.155674,-1.48002
0.15567599,-1.8036394
0.155678,-2.1734905
0.15568,-2.4971101
0.155682,-2.8207297
0.155684,-3.1443493
0.155686,-3.4217377
0.155688,-3.6991258
0.15569,-3.976514
0.155692,-4.1614394
0.155694,-4.3925962
0.155696,-4.5312905
0.155698,-4.669985
0.1557,-4.8086786
0.155702,-4.9011416
0.155704,-4.993604
0.155706,-4.993604
0.155708,-5.0398355
0.15571,-4.993604
0.155712,-4.947373
0.155714,-4.9011416
0.155716,-4.7624474
0.155718,-4.669985
0.15572,-4.4850593
0.15572199,-4.346365
0.155724,-4.115208
0.155726,-3.8840513
0.155728,-3.6528945
0.15573,-3.3755062
0.155732,-3.098118
0.155734,-2.7744985
0.155736,-2.4508786
0.155738,-2.081028
0.15574,-1.7574081
0.155742,-1.387557
0.155744,-1.0177064
0.155746,-0.6478553
0.155748,-0.27800417
0.15575,0.64662313
0.155752,2.2184901
0.155754,3.605431
0.155756,4.5300584
0.155758,4.8999095
0.15576,4.622521
0.155762,3.8365874
0.155764,2.542109
0.155766,0.970243
0.155768,-0.7403178
0.15577,-2.3584158
0.155772,-3.745357
0.155774,-4.623753
0.155776,-4.947373
0.155778,-4.623753
0.15578,-3.8378198
0.155782,-2.4971101
0.155784,-0.8790121
0.155786,0.87777996
0.155788,2.4958777
0.15579,3.8365874
0.155792,4.622521
0.155794,4.8999095
0.155796,4.5762897
0.155798,3.6978936
0.1558,2.357184
0.155802,0.7390857
0.155804,-0.9714751
0.155806,-2.589573
0.155808,-3.8840513
0.15581,-4.669985
0.155812,-4.9011416
0.155814,-4.5312905
0.155816,-3.6528945
0.155818,-2.2659533
0.15582,-0.601624
0.155822,1.1089368
0.155824,2.727035
0.155826,3.9752812
0.155828,4.7149835
0.15583,4.8999095
0.155832,4.483826
0.155834,3.5591989
0.155836,2.126027
0.155838,0.50792885
0.15584,-1.202632
0.155842,-2.7744985
0.155844,-4.022745
0.155846,-4.7624474
0.155848,-4.9011416
0.15585,-4.4388275
0.155852,-3.467969
0.155854,-2.0347965
0.155856,-0.3704667
0.155858,1.3863249
0.15586,2.9119601
0.155862,4.113976
0.155864,4.807446
0.155866,4.8999095
0.155868,4.3913646
0.15587,3.3742738
0.155872,1.8948698
0.155874,0.23054075
0.155876,-1.48002
0.15587799,-2.9594238
0.15588,-4.1614394
0.155882,-4.8086786
0.155884,-4.85491
0.155886,-4.346365
0.155888,-3.2830436
0.15589,-1.8036394
0.155892,-0.09307861
0.155894,1.5712504
0.155896,3.0968862
0.155898,4.252671
0.1559,4.8536773
0.155902,4.8536773
0.155904,4.298901
0.155906,3.1893477
0.155908,1.6637135
0.15591,-6.160736E-4
0.155912,-1.6649456
0.155914,-3.1905808
0.155916,-4.3001337
0.155918,-4.85491
0.15592,-4.8086786
0.155922,-4.2076707
0.15592399,-3.098118
0.155926,-1.5724826
0.155928,0.13807821
0.15593,1.8486385
0.155932,3.3280425
0.155934,4.3913646
0.155936,4.8999095
0.155938,4.807446
0.15594,4.1602073
0.155942,2.9581914
0.155944,1.4787879
0.155946,-0.2317729
0.155948,-1.8961024
0.15595,-3.3755062
0.155952,-4.4388275
0.155954,-4.9011416
0.155956,-4.7624474
0.155958,-4.115208
0.15596,-2.9131925
0.155962,-1.3413262
0.155964,0.4154663
0.155966,2.0797954
0.155968,3.5129685
0.15596999,4.483826
0.155972,4.8999095
0.155974,4.7612157
0.155976,4.0215135
0.155978,2.7732663
0.15598,1.2476311
0.155982,-0.5091615
0.155984,-2.1272593
0.155986,-3.5604317
0.155988,-4.4850593
0.15599,-4.9011416
0.155992,-4.716216
0.155994,-3.9302826
0.155996,-2.6820357
0.155998,-1.1101689
0.156,0.64662313
0.156002,2.2647214
0.156004,3.6516623
0.156006,4.5762897
0.156008,4.8999095
0.15601,4.668752
0.156012,3.8828197
0.156014,2.5883412
0.15601599,0.970243
0.156018,-0.7403178
0.15602,-2.3584158
0.156022,-3.6991258
0.156024,-4.577522
0.156026,-4.9011416
0.156028,-4.623753
0.15603,-3.7915885
0.156032,-2.4971101
0.156034,-0.8790121
0.156036,0.87777996
0.156038,2.4958777
0.15604,3.8365874
0.156042,4.668752
0.156044,4.8999095
0.156046,4.5762897
0.156048,3.6978936
0.15605,2.357184
0.156052,0.7390857
0.156054,-0.9714751
0.156056,-2.5433414
0.156058,-3.8840513
0.15606,-4.669985
0.156062,-4.9011416
0.156064,-4.5312905
0.156066,-3.6528945
0.156068,-2.2659533
0.15607,-0.601624
0.156072,1.1551685
0.156074,2.727035
0.156076,3.9752812
0.156078,4.7149835
0.15608,4.8999095
0.156082,4.483826
0.156084,3.5591989
0.156086,2.126027
0.156088,0.50792885
0.15609,-1.202632
0.156092,-2.7744985
0.156094,-4.022745
0.156096,-4.7624474
0.156098,-4.9011416
0.1561,-4.4388275
0.156102,-3.467969
0.156104,-2.0347965
0.156106,-0.3704667
0.156108,1.3863249
0.15611,2.9119601
0.156112,4.113976
0.156114,4.807446
0.156116,4.8999095
0.156118,4.3913646
0.15612,3.3742738
0.156122,1.8948698
0.156124,0.23054075
0.15612599,-1.48002
0.156128,-2.9594238
0.15613,-4.1614394
0.156132,-4.8086786
0.156134,-4.85491
0.156136,-4.346365
0.156138,-3.2830436
0.15614,-1.8036394
0.156142,-0.09307861
0.156144,1.5712504
0.156146,3.1431174
0.156148,4.252671
0.15615,4.8536773
0.156152,4.8536773
0.156154,4.298901
0.156156,3.1893477
0.156158,1.6637135
0.15616,-6.160736E-4
0.156162,-1.6649456
0.156164,-3.1905808
0.156166,-4.3001337
0.156168,-4.85491
0.15617,-4.8086786
0.15617199,-4.2076707
0.156174,-3.098118
0.156176,-1.5724826
0.156178,0.13807821
0.15618,1.8486385
0.156182,3.3280425
0.156184,4.3913646
0.156186,4.8999095
0.156188,4.807446
0.15619,4.1602073
0.156192,2.9581914
0.156194,1.4787879
0.156196,-0.2317729
0.156198,-1.8961024
0.1562,-3.3755062
0.156202,-4.4388275
0.156204,-4.9011416
0.156206,-4.7624474
0.156208,-4.115208
0.15621,-2.9131925
0.156212,-1.3413262
0.156214,0.4154663
0.156216,2.0797954
0.15621799,3.5129685
0.15622,4.483826
0.156222,4.8999095
0.156224,4.7612157
0.156226,4.0215135
0.156228,2.7732663
0.15623,1.2476311
0.156232,-0.5091615
0.156234,-2.1272593
0.156236,-3.5604317
0.156238,-4.4850593
0.15624,-4.9011416
0.156242,-4.716216
0.156244,-3.9302826
0.156246,-2.6820357
0.156248,-1.1101689
0.15625,0.64662313
0.156252,2.2647214
0.156254,3.6516623
0.156256,4.5762897
0.156258,4.8999095
0.15626,4.668752
0.156262,3.8828197
0.15626399,2.5883412
0.156266,0.970243
0.156268,-0.7403178
0.15627,-2.3584158
0.156272,-3.6991258
0.156274,-4.577522
0.156276,-4.9011416
0.156278,-4.623753
0.15628,-3.7915885
0.156282,-2.4971101
0.156284,-0.8790121
0.156286,0.87777996
0.156288,2.4958777
0.15629,3.8365874
0.156292,4.668752
0.156294,4.8999095
0.156296,4.5762897
0.156298,3.6978936
0.1563,2.357184
0.156302,0.7390857
0.156304,-0.9714751
0.156306,-2.5433414
0.156308,-3.8840513
0.15631,-4.669985
0.156312,-4.9011416
0.156314,-4.5312905
0.156316,-3.6528945
0.156318,-2.2659533
0.15632,-0.601624
0.156322,1.1551685
0.156324,2.727035
0.156326,3.9752812
0.156328,4.7149835
0.15633,4.8999095
0.156332,4.483826
0.156334,3.5591989
0.156336,2.126027
0.156338,0.50792885
0.15634,-1.202632
0.156342,-2.7744985
0.156344,-4.022745
0.156346,-4.7624474
0.156348,-4.9011416
0.15635,-4.4388275
0.156352,-3.467969
0.156354,-2.0347965
0.156356,-0.3704667
0.156358,1.3863249
0.15636,2.9119601
0.156362,4.113976
0.156364,4.807446
0.156366,4.8999095
0.156368,4.3913646
0.15637,3.3742738
0.156372,1.8948698
0.156374,0.23054075
0.156376,-1.48002
0.156378,-2.9594238
0.15638,-4.1614394
0.156382,-4.8086786
0.156384,-4.85491
0.156386,-4.346365
0.156388,-3.2830436
0.15639,-1.8036394
0.156392,-0.09307861
0.156394,1.6174817
0.156396,3.1431174
0.156398,4.252671
0.1564,4.8536773
0.156402,4.8536773
0.156404,4.298901
0.156406,3.1893477
0.156408,1.6637135
0.15641,-6.160736E-4
0.156412,-1.6649456
0.156414,-3.1905808
0.156416,-4.3001337
0.156418,-4.85491
0.15641999,-4.8086786
0.156422,-4.2076707
0.156424,-3.098118
0.156426,-1.5724826
0.156428,0.13807821
0.15643,1.8486385
0.156432,3.3280425
0.156434,4.3913646
0.156436,4.8999095
0.156438,4.807446
0.15644,4.1602073
0.156442,2.9581914
0.156444,1.4787879
0.156446,-0.2317729
0.156448,-1.8961024
0.15645,-3.3755062
0.156452,-4.4388275
0.156454,-4.9011416
0.156456,-4.7624474
0.156458,-4.115208
0.15646,-2.9131925
0.156462,-1.3413262
0.156464,0.4154663
0.15646599,2.0797954
0.156468,3.5129685
0.15647,4.483826
0.156472,4.8999095
0.156474,4.7612157
0.156476,4.0215135
0.156478,2.7732663
0.15648,1.2476311
0.156482,-0.5091615
0.156484,-2.1272593
0.156486,-3.5604317
0.156488,-4.4850593
0.15649,-4.9011416
0.156492,-4.716216
0.156494,-3.9302826
0.156496,-2.6820357
0.156498,-1.1101689
0.1565,0.64662313
0.156502,2.2647214
0.156504,3.6516623
0.156506,4.5762897
0.156508,4.8999095
0.15651,4.668752
0.15651199,3.8828197
0.156514,2.5883412
0.156516,0.970243
0.156518,-0.7403178
0.15652,-2.3584158
0.156522,-3.745357
0.156524,-4.577522
0.156526,-4.9011416
0.156528,-4.623753
0.15653,-3.7915885
0.156532,-2.4971101
0.156534,-0.8790121
0.156536,0.87777996
0.156538,2.4958777
0.15654,3.8365874
0.156542,4.668752
0.156544,4.8999095
0.156546,4.5762897
0.156548,3.6978936
0.15655,2.357184
0.156552,0.7390857
0.156554,-0.9714751
0.156556,-2.5433414
0.156558,-3.8840513
0.15656,-4.669985
0.156562,-4.9011416
0.156564,-4.5312905
0.156566,-3.6528945
0.156568,-2.2659533
0.15657,-0.601624
0.156572,1.1551685
0.156574,2.727035
0.156576,3.9752812
0.156578,4.7149835
0.15658,4.8999095
0.156582,4.483826
0.156584,3.5591989
0.156586,2.126027
0.156588,0.50792885
0.15659,-1.202632
0.156592,-2.7744985
0.156594,-4.022745
0.156596,-4.7624474
0.156598,-4.9011416
0.1566,-4.4388275
0.156602,-3.467969
0.156604,-2.0347965
0.156606,-0.3704667
0.156608,1.3863249
0.15661,2.9119601
0.156612,4.113976
0.156614,4.807446
0.156616,4.8999095
0.156618,4.3913646
0.15662,3.3742738
0.156622,1.8948698
0.156624,0.23054075
0.156626,-1.48002
0.156628,-2.9594238
0.15663,-4.1614394
0.156632,-4.8086786
0.156634,-4.85491
0.156636,-4.346365
0.156638,-3.2830436
0.15664,-1.8036394
0.156642,-0.09307861
0.156644,1.6174817
0.156646,3.1431174
0.156648,4.252671
0.15665,4.8536773
0.156652,4.8536773
0.156654,4.298901
0.156656,3.1893477
0.156658,1.6637135
0.15666,-6.160736E-4
0.156662,-1.6649456
0.156664,-3.1905808
0.156666,-4.3001337
0.15666799,-4.85491
0.15667,-4.8086786
0.156672,-4.2076707
0.156674,-3.098118
0.156676,-1.5724826
0.156678,0.13807821
0.15668,1.8486385
0.156682,3.3280425
0.156684,4.3913646
0.156686,4.8999095
0.156688,4.807446
0.15669,4.1602073
0.156692,2.9581914
0.156694,1.4787879
0.156696,-0.2317729
0.156698,-1.8961024
0.1567,-3.3755062
0.156702,-4.4388275
0.156704,-4.9011416
0.156706,-4.7624474
0.156708,-4.115208
0.15671,-2.9131925
0.156712,-1.3413262
0.15671399,0.4154663
0.156716,2.0797954
0.156718,3.5129685
0.15672,4.483826
0.156722,4.8999095
0.156724,4.7612157
0.156726,4.0215135
0.156728,2.7732663
0.15673,1.2476311
0.156732,-0.5091615
0.156734,-2.1272593
0.156736,-3.5604317
0.156738,-4.4850593
0.15674,-4.9011416
0.156742,-4.716216
0.156744,-3.9302826
0.156746,-2.6820357
0.156748,-1.1101689
0.15675,0.13807821
0.156752,0.5541601
0.156754,0.92401123
0.156756,1.2938623
0.156758,1.6174817
0.15675999,1.9873328
0.156762,2.3109517
0.156764,2.6808028
0.156766,2.9581914
0.156768,3.2818112
0.15677,3.5591989
0.156772,3.8365874
0.156774,4.0677447
0.156776,4.298901
0.156778,4.437596
0.15678,4.622521
0.156782,4.7612157
0.156784,4.8536773
0.156786,4.946141
0.156788,4.992371
0.15679,5.0386033
0.156792,5.0386033
0.156794,4.992371
0.156796,4.946141
0.156798,4.8536773
0.1568,4.7612157
0.156802,4.622521
0.156804,4.437596
0.156806,4.298901
0.156808,4.0677447
0.15681,3.8365874
0.156812,3.5591989
0.156814,3.2818112
0.156816,2.9581914
0.156818,2.6808028
0.15682,2.3109517
0.156822,1.9873328
0.156824,1.6174817
0.156826,1.2938623
0.156828,0.92401123
0.15683,0.5541601
0.156832,0.13807821
0.156834,-0.2317729
0.156836,-0.601624
0.156838,-0.9714751
0.15684,-1.3413262
0.156842,-1.7111769
0.156844,-2.0347965
0.156846,-2.4046474
0.156848,-2.728267
0.15685,-3.0518866
0.156852,-3.329275
0.156854,-3.6066632
0.156856,-3.8840513
0.156858,-4.115208
0.15686,-4.3001337
0.156862,-4.4850593
0.156864,-4.623753
0.156866,-4.7624474
0.156868,-4.85491
0.15687,-4.947373
0.156872,-4.993604
0.156874,-5.0398355
0.156876,-4.993604
0.156878,-4.993604
0.15688,-4.9011416
0.156882,-4.8086786
0.156884,-4.669985
0.156886,-4.5312905
0.156888,-4.3925962
0.15689,-4.2076707
0.156892,-3.976514
0.156894,-3.745357
0.156896,-3.467969
0.156898,-3.1905808
0.1569,-2.866961
0.156902,-2.5433414
0.156904,-2.2197218
0.156906,-1.8498712
0.156908,-1.48002
0.15691,-1.1564007
0.156912,-0.78654957
0.156914,-0.3704667
0.15691599,-6.160736E-4
0.156918,0.36923456
0.15692,0.7390857
0.156922,1.1089368
0.156924,1.4787879
0.156926,1.8486385
0.156928,2.172258
0.15693,2.542109
0.156932,2.8657289
0.156934,3.1431174
0.156936,3.4667363
0.156938,3.6978936
0.15694,3.9752812
0.156942,4.2064385
0.156944,4.3913646
0.156946,4.5300584
0.156948,4.668752
0.15695,4.807446
0.156952,4.8999095
0.156954,4.992371
0.156956,5.0386033
0.156958,5.0386033
0.15696,4.992371
0.15696199,4.946141
0.156964,4.8999095
0.156966,4.807446
0.156968,4.668752
0.15697,4.483826
0.156972,4.3451324
0.156974,4.113976
0.156976,3.8828197
0.156978,3.6516623
0.15698,3.3742738
0.156982,3.0968862
0.156984,2.7732663
0.156986,2.4496465
0.156988,2.0797954
0.15699,1.756176
0.156992,1.3863249
0.156994,1.0164738
0.156996,0.64662313
0.156998,0.27677202
0.157,-0.09307861
0.157002,-0.5091615
0.157004,-0.8790121
0.157006,-1.2488632
0.15700799,-1.5724826
0.15701,-1.9423337
0.157012,-2.2659533
0.157014,-2.6358042
0.157016,-2.9594238
0.157018,-3.236812
0.15702,-3.5142004
0.157022,-3.7915885
0.157024,-4.022745
0.157026,-4.2539024
0.157028,-4.4388275
0.15703,-4.577522
0.157032,-4.716216
0.157034,-4.85491
0.157036,-4.947373
0.157038,-4.993604
0.15704,-4.993604
0.157042,-5.0398355
0.157044,-4.993604
0.157046,-4.947373
0.157048,-4.85491
0.15705,-4.716216
0.157052,-4.577522
0.157054,-4.4388275
0.157056,-4.2539024
0.157058,-4.068977
0.15706,-3.7915885
0.157062,-3.5604317
0.157064,-3.2830436
0.157066,-2.9594238
0.157068,-2.6358042
0.15707,-2.3121846
0.157072,-1.9885652
0.157074,-1.6187139
0.157076,-1.2950945
0.157078,-0.8790121
0.15708,-0.5091615
0.157082,-0.13931036
0.157084,0.23054075
0.157086,0.64662313
0.157088,1.0164738
0.15709,1.3863249
0.157092,1.7099442
0.157094,2.0797954
0.157096,2.4034152
0.157098,2.727035
0.1571,3.050654
0.157102,3.3742738
0.157104,3.6516623
0.157106,3.8828197
0.157108,4.113976
0.15711,4.3451324
0.157112,4.483826
0.157114,4.622521
0.157116,4.7612157
0.157118,4.8999095
0.15712,4.946141
0.157122,4.992371
0.157124,5.0386033
0.157126,5.0386033
0.157128,4.992371
0.15713,4.8999095
0.157132,4.807446
0.157134,4.7149835
0.157136,4.5300584
0.157138,4.3913646
0.15714,4.2064385
0.157142,3.9752812
0.157144,3.744125
0.157146,3.4667363
0.157148,3.1893477
0.15715,2.8657289
0.157152,2.542109
0.157154,2.2184901
0.157156,1.8486385
0.157158,1.5250192
0.15716,1.1551685
0.157162,0.7853174
0.15716399,0.4154663
0.157166,0.045615196
0.157168,-0.3704667
0.15717,-0.7403178
0.157172,-1.1101689
0.157174,-1.48002
0.157176,-1.8036394
0.157178,-2.1734905
0.15718,-2.4971101
0.157182,-2.8207297
0.157184,-3.1443493
0.157186,-3.4217377
0.157188,-3.6991258
0.15719,-3.976514
0.157192,-4.1614394
0.157194,-4.3925962
0.157196,-4.5312905
0.157198,-4.669985
0.1572,-4.8086786
0.157202,-4.9011416
0.157204,-4.993604
0.157206,-4.993604
0.157208,-5.0398355
0.15720999,-4.993604
0.157212,-4.947373
0.157214,-4.9011416
0.157216,-4.7624474
0.157218,-4.669985
0.15722,-4.4850593
0.157222,-4.346365
0.157224,-4.115208
0.157226,-3.8840513
0.157228,-3.6528945
0.15723,-3.3755062
0.157232,-3.0518866
0.157234,-2.7744985
0.157236,-2.4508786
0.157238,-2.081028
0.15724,-1.7574081
0.157242,-1.387557
0.157244,-1.0177064
0.157246,-0.6478553
0.157248,-0.27800417
0.15725,0.13807821
0.157252,0.50792885
0.157254,0.87777996
0.15725599,1.2476311
0.157258,1.6174817
0.15726,1.9411016
0.157262,2.3109517
0.157264,2.6345725
0.157266,2.9581914
0.157268,3.23558
0.15727,3.5591989
0.157272,3.7903562
0.157274,4.0215135
0.157276,4.252671
0.157278,4.437596
0.15728,4.5762897
0.157282,4.7149835
0.157284,4.8536773
0.157286,4.946141
0.157288,4.992371
0.15729,5.0386033
0.157292,5.0386033
0.157294,4.992371
0.157296,4.946141
0.157298,4.8536773
0.1573,4.7612157
0.15730199,4.622521
0.157304,4.437596
0.157306,4.252671
0.157308,4.0677447
0.15731,3.8365874
0.157312,3.5591989
0.157314,3.2818112
0.157316,2.9581914
0.157318,2.6808028
0.15732,2.3109517
0.157322,1.9873328
0.157324,1.6174817
0.157326,1.2938623
0.157328,0.92401123
0.15733,0.5541601
0.157332,0.13807821
0.157334,-0.2317729
0.157336,-0.601624
0.157338,-0.9714751
0.15734,-1.3413262
0.157342,-1.7111769
0.157344,-2.0347965
0.157346,-2.4046474
0.157348,-2.728267
0.15735,-3.0518866
0.157352,-3.329275
0.157354,-3.6066632
0.157356,-3.8840513
0.157358,-4.115208
0.15736,-4.3001337
0.157362,-4.4850593
0.157364,-4.623753
0.157366,-4.7624474
0.157368,-4.85491
0.15737,-4.947373
0.157372,-4.993604
0.157374,-5.0398355
0.157376,-4.993604
0.157378,-4.993604
0.15738,-4.9011416
0.157382,-4.8086786
0.157384,-4.716216
0.157386,-4.5312905
0.157388,-4.3925962
0.15739,-4.2076707
0.157392,-3.976514
0.157394,-3.745357
0.157396,-3.467969
0.157398,-3.1905808
0.1574,-2.866961
0.157402,-2.5433414
0.157404,-2.2197218
0.157406,-1.8498712
0.157408,-1.48002
0.15741,-1.1564007
0.157412,-0.78654957
0.157414,-0.41669846
0.157416,-6.160736E-4
0.157418,0.36923456
0.15742,0.7390857
0.157422,1.1551685
0.157424,1.4787879
0.157426,1.8486385
0.157428,2.172258
0.15743,2.542109
0.157432,2.8657289
0.157434,3.1431174
0.157436,3.4667363
0.157438,3.6978936
0.15744,3.9752812
0.157442,4.2064385
0.157444,4.3913646
0.157446,4.5300584
0.157448,4.7149835
0.15745,4.807446
0.157452,4.8999095
0.157454,4.992371
0.157456,5.0386033
0.15745799,5.0386033
0.15746,5.0386033
0.157462,4.946141
0.157464,4.8999095
0.157466,4.807446
0.157468,4.668752
0.15747,4.483826
0.157472,4.3451324
0.157474,4.113976
0.157476,3.8828197
0.157478,3.6516623
0.15748,3.3742738
0.157482,3.0968862
0.157484,2.7732663
0.157486,2.4496465
0.157488,2.0797954
0.15749,1.756176
0.157492,1.3863249
0.157494,1.0164738
0.157496,0.64662313
0.157498,0.27677202
0.1575,-0.09307861
0.157502,-0.5091615
0.15750399,-0.8790121
0.157506,-1.2488632
0.157508,-1.5724826
0.15751,-1.9423337
0.157512,-2.2659533
0.157514,-2.6358042
0.157516,-2.9594238
0.157518,-3.236812
0.15752,-3.5142004
0.157522,-3.7915885
0.157524,-4.022745
0.157526,-4.2539024
0.157528,-4.4388275
0.15753,-4.577522
0.157532,-4.716216
0.157534,-4.85491
0.157536,-4.947373
0.157538,-4.993604
0.15754,-5.0398355
0.157542,-5.0398355
0.157544,-4.993604
0.157546,-4.947373
0.157548,-4.85491
0.15754999,-4.716216
0.157552,-4.577522
0.157554,-4.4388275
0.157556,-4.2539024
0.157558,-4.068977
0.15756,-3.7915885
0.157562,-3.5604317
0.157564,-3.2830436
0.157566,-2.9594238
0.157568,-2.6358042
0.15757,-2.3121846
0.157572,-1.9885652
0.157574,-1.6187139
0.157576,-1.2950945
0.157578,-0.8790121
0.15758,-0.5091615
0.157582,-0.13931036
0.157584,0.23054075
0.157586,0.64662313
0.157588,1.0164738
0.15759,1.3863249
0.157592,1.7099442
0.157594,2.0797954
0.157596,2.4034152
0.157598,2.727035
0.1576,3.050654
0.157602,3.3742738
0.157604,3.6516623
0.157606,3.8828197
0.157608,4.113976
0.15761,4.3451324
0.157612,4.483826
0.157614,4.622521
0.157616,4.7612157
0.157618,4.8999095
0.15762,4.946141
0.157622,4.992371
0.157624,5.0386033
0.157626,5.0386033
0.157628,4.992371
0.15763,4.8999095
0.157632,4.807446
0.157634,4.7149835
0.157636,4.5300584
0.157638,4.3913646
0.15764,4.2064385
0.157642,3.9752812
0.157644,3.744125
0.157646,3.4667363
0.157648,3.1893477
0.15765,2.8657289
0.157652,2.542109
0.157654,2.2184901
0.157656,1.8486385
0.157658,1.5250192
0.15766,1.1551685
0.157662,0.7853174
0.157664,0.4154663
0.157666,0.045615196
0.157668,-0.3704667
0.15767,-0.7403178
0.157672,-1.1101689
0.157674,-1.48002
0.157676,-1.8036394
0.157678,-2.1734905
0.15768,-2.4971101
0.157682,-2.8207297
0.157684,-3.1443493
0.157686,-3.4217377
0.157688,-3.6991258
0.15769,-3.976514
0.157692,-4.1614394
0.157694,-4.3925962
0.157696,-4.5312905
0.157698,-4.669985
0.1577,-4.8086786
0.157702,-4.9011416
0.157704,-4.947373
0.15770599,-4.993604
0.157708,-5.0398355
0.15771,-4.993604
0.157712,-4.947373
0.157714,-4.9011416
0.157716,-4.7624474
0.157718,-4.623753
0.15772,-4.4850593
0.157722,-4.346365
0.157724,-4.115208
0.157726,-3.8840513
0.157728,-3.6528945
0.15773,-3.3755062
0.157732,-3.098118
0.157734,-2.7744985
0.157736,-2.4508786
0.157738,-2.081028
0.15774,-1.7574081
0.157742,-1.387557
0.157744,-1.0177064
0.157746,-0.6478553
0.157748,-0.27800417
0.15775,0.64662313
0.15775199,2.2647214
0.157754,3.605431
0.157756,4.5300584
0.157758,4.8999095
0.15776,4.622521
0.157762,3.8365874
0.157764,2.542109
0.157766,0.970243
0.157768,-0.78654957
0.15777,-2.3584158
0.157772,-3.745357
0.157774,-4.623753
0.157776,-4.947373
0.157778,-4.623753
0.15778,-3.7915885
0.157782,-2.4971101
0.157784,-0.8790121
0.157786,0.87777996
0.157788,2.4958777
0.15779,3.8365874
0.157792,4.622521
0.157794,4.8999095
0.157796,4.5762897
0.15779799,3.6978936
0.1578,2.357184
0.157802,0.7390857
0.157804,-1.0177064
0.157806,-2.589573
0.157808,-3.8840513
0.15781,-4.669985
0.157812,-4.9011416
0.157814,-4.5312905
0.157816,-3.6528945
0.157818,-2.2659533
0.15782,-0.601624
0.157822,1.1551685
0.157824,2.727035
0.157826,3.9752812
0.157828,4.7149835
0.15783,4.8999095
0.157832,4.483826
0.157834,3.5129685
0.157836,2.126027
0.157838,0.50792885
0.15784,-1.2488632
0.157842,-2.7744985
0.157844,-4.022745
0.157846,-4.7624474
0.157848,-4.9011416
0.15785,-4.4388275
0.157852,-3.467969
0.157854,-2.0347965
0.157856,-0.3704667
0.157858,1.3863249
0.15786,2.9119601
0.157862,4.113976
0.157864,4.807446
0.157866,4.8999095
0.157868,4.3913646
0.15787,3.3742738
0.157872,1.8948698
0.157874,0.23054075
0.157876,-1.48002
0.157878,-3.0056553
0.15788,-4.1614394
0.157882,-4.8086786
0.157884,-4.85491
0.157886,-4.346365
0.157888,-3.2830436
0.15789,-1.8036394
0.157892,-0.09307861
0.157894,1.6174817
0.157896,3.1431174
0.157898,4.252671
0.1579,4.8536773
0.157902,4.8536773
0.157904,4.298901
0.157906,3.1893477
0.157908,1.6637135
0.15791,-6.160736E-4
0.157912,-1.6649456
0.157914,-3.1905808
0.157916,-4.3001337
0.157918,-4.85491
0.15792,-4.8086786
0.157922,-4.2076707
0.157924,-3.098118
0.157926,-1.5724826
0.157928,0.13807821
0.15793,1.8486385
0.157932,3.3280425
0.157934,4.3913646
0.157936,4.8999095
0.157938,4.807446
0.15794,4.1602073
0.157942,2.9581914
0.157944,1.4787879
0.157946,-0.27800417
0.157948,-1.8961024
0.15795,-3.3755062
0.157952,-4.4388275
0.15795399,-4.9011416
0.157956,-4.7624474
0.157958,-4.068977
0.15796,-2.9131925
0.157962,-1.3413262
0.157964,0.4154663
0.157966,2.0797954
0.157968,3.5129685
0.15797,4.483826
0.157972,4.8999095
0.157974,4.7612157
0.157976,4.0215135
0.157978,2.7732663
0.15798,1.2013993
0.157982,-0.5091615
0.157984,-2.1272593
0.157986,-3.5604317
0.157988,-4.4850593
0.15799,-4.9011416
0.157992,-4.716216
0.157994,-3.9302826
0.157996,-2.6820357
0.157998,-1.1101689
0.15799999,0.64662313
0.158002,2.3109517
0.158004,3.6516623
0.158006,4.5762897
0.158008,4.8999095
0.15801,4.668752
0.158012,3.8828197
0.158014,2.542109
0.158016,0.970243
0.158018,-0.7403178
0.15802,-2.3584158
0.158022,-3.745357
0.158024,-4.577522
0.158026,-4.9011416
0.158028,-4.623753
0.15803,-3.7915885
0.158032,-2.4971101
0.158034,-0.83278084
0.158036,0.87777996
0.158038,2.4958777
0.15804,3.8365874
0.158042,4.668752
0.158044,4.8999095
0.15804599,4.5762897
0.158048,3.6978936
0.15805,2.357184
0.158052,0.7390857
0.158054,-0.9714751
0.158056,-2.589573
0.158058,-3.8840513
0.15806,-4.669985
0.158062,-4.9011416
0.158064,-4.5312905
0.158066,-3.6528945
0.158068,-2.2659533
0.15807,-0.601624
0.158072,1.1551685
0.158074,2.727035
0.158076,3.9752812
0.158078,4.7149835
0.15808,4.8999095
0.158082,4.483826
0.158084,3.5129685
0.158086,2.126027
0.158088,0.50792885
0.15809,-1.2488632
0.158092,-2.7744985
0.158094,-4.022745
0.158096,-4.7624474
0.158098,-4.9011416
0.1581,-4.4388275
0.158102,-3.467969
0.158104,-2.0347965
0.158106,-0.3704667
0.158108,1.3863249
0.15811,2.9119601
0.158112,4.113976
0.158114,4.807446
0.158116,4.8999095
0.158118,4.3913646
0.15812,3.3742738
0.158122,1.8948698
0.158124,0.23054075
0.158126,-1.48002
0.158128,-3.0056553
0.15813,-4.1614394
0.158132,-4.8086786
0.158134,-4.85491
0.158136,-4.346365
0.158138,-3.2830436
0.15814,-1.8036394
0.158142,-0.09307861
0.158144,1.6174817
0.158146,3.1431174
0.158148,4.252671
0.15815,4.8536773
0.158152,4.8536773
0.158154,4.298901
0.158156,3.1893477
0.158158,1.6637135
0.15816,-6.160736E-4
0.158162,-1.6649456
0.158164,-3.1905808
0.158166,-4.3001337
0.158168,-4.85491
0.15817,-4.8086786
0.158172,-4.2076707
0.158174,-3.098118
0.158176,-1.5724826
0.158178,0.13807821
0.15818,1.8486385
0.158182,3.3280425
0.158184,4.3913646
0.158186,4.8999095
0.158188,4.807446
0.15819,4.1602073
0.158192,2.9581914
0.158194,1.4787879
0.158196,-0.27800417
0.158198,-1.8961024
0.1582,-3.3755062
0.15820199,-4.4388275
0.158204,-4.9011416
0.158206,-4.7624474
0.158208,-4.068977
0.15821,-2.9131925
0.158212,-1.3413262
0.158214,0.4154663
0.158216,2.0797954
0.158218,3.5129685
0.15822,4.483826
0.158222,4.8999095
0.158224,4.7612157
0.158226,4.0215135
0.158228,2.7732663
0.15823,1.2013993
0.158232,-0.5091615
0.158234,-2.1272593
0.158236,-3.5604317
0.158238,-4.4850593
0.15824,-4.9011416
0.158242,-4.716216
0.158244,-3.9302826
0.158246,-2.6820357
0.15824799,-1.1101689
0.15825,0.64662313
0.158252,2.3109517
0.158254,3.6516623
0.158256,4.5762897
0.158258,4.8999095
0.15826,4.668752
0.158262,3.8828197
0.158264,2.542109
0.158266,0.970243
0.158268,-0.7403178
0.15827,-2.3584158
0.158272,-3.745357
0.158274,-4.577522
0.158276,-4.9011416
0.158278,-4.623753
0.15828,-3.7915885
0.158282,-2.4971101
0.158284,-0.83278084
0.158286,0.87777996
0.158288,2.4958777
0.15829,3.8365874
0.158292,4.668752
0.15829399,4.8999095
0.158296,4.5762897
0.158298,3.6978936
0.1583,2.357184
0.158302,0.7390857
0.158304,-0.9714751
0.158306,-2.589573
0.158308,-3.8840513
0.15831,-4.669985
0.158312,-4.9011416
0.158314,-4.5312905
0.158316,-3.6528945
0.158318,-2.2659533
0.15832,-0.601624
0.158322,1.1551685
0.158324,2.727035
0.158326,3.9752812
0.158328,4.7149835
0.15833,4.8999095
0.158332,4.483826
0.158334,3.5129685
0.158336,2.126027
0.158338,0.50792885
0.15833999,-1.2488632
0.158342,-2.7744985
0.158344,-4.022745
0.158346,-4.7624474
0.158348,-4.9011416
0.15835,-4.4388275
0.158352,-3.467969
0.158354,-2.0347965
0.158356,-0.3704667
0.158358,1.3863249
0.15836,2.9119601
0.158362,4.113976
0.158364,4.807446
0.158366,4.8999095
0.158368,4.3913646
0.15837,3.3742738
0.158372,1.8948698
0.158374,0.23054075
0.158376,-1.48002
0.158378,-3.0056553
0.15838,-4.1614394
0.158382,-4.8086786
0.158384,-4.85491
0.158386,-4.346365
0.158388,-3.2830436
0.15839,-1.8036394
0.158392,-0.09307861
0.158394,1.6174817
0.158396,3.1431174
0.158398,4.252671
0.1584,4.8536773
0.158402,4.8536773
0.158404,4.298901
0.158406,3.1893477
0.158408,1.6637135
0.15841,-6.160736E-4
0.158412,-1.6649456
0.158414,-3.1905808
0.158416,-4.3001337
0.158418,-4.85491
0.15842,-4.8086786
0.158422,-4.2076707
0.158424,-3.098118
0.158426,-1.5724826
0.158428,0.13807821
0.15843,1.8486385
0.158432,3.3280425
0.158434,4.3913646
0.158436,4.8999095
0.158438,4.807446
0.15844,4.1602073
0.158442,2.9581914
0.158444,1.4787879
0.158446,-0.27800417
0.158448,-1.8961024
0.15844999,-3.3755062
0.158452,-4.4388275
0.158454,-4.9011416
0.158456,-4.7624474
0.158458,-4.068977
0.15846,-2.9131925
0.158462,-1.3413262
0.158464,0.4154663
0.158466,2.0797954
0.158468,3.5129685
0.15847,4.483826
0.158472,4.8999095
0.158474,4.7612157
0.158476,4.0215135
0.158478,2.7732663
0.15848,1.2013993
0.158482,-0.5091615
0.158484,-2.1272593
0.158486,-3.5604317
0.158488,-4.4850593
0.15849,-4.9011416
0.158492,-4.716216
0.158494,-3.9302826
0.15849599,-2.6820357
0.158498,-1.1101689
0.1585,0.64662313
0.158502,2.3109517
0.158504,3.6978936
0.158506,4.5762897
0.158508,4.8999095
0.15851,4.668752
0.158512,3.8828197
0.158514,2.542109
0.158516,0.970243
0.158518,-0.7403178
0.15852,-2.3584158
0.158522,-3.745357
0.158524,-4.577522
0.158526,-4.9011416
0.158528,-4.623753
0.15853,-3.7915885
0.158532,-2.4971101
0.158534,-0.83278084
0.158536,0.87777996
0.158538,2.4958777
0.15854,3.8365874
0.15854199,4.668752
0.158544,4.8999095
0.158546,4.5762897
0.158548,3.6978936
0.15855,2.357184
0.158552,0.7390857
0.158554,-0.9714751
0.158556,-2.589573
0.158558,-3.8840513
0.15856,-4.669985
0.158562,-4.9011416
0.158564,-4.5312905
0.158566,-3.6528945
0.158568,-2.2659533
0.15857,-0.601624
0.158572,1.1551685
0.158574,2.727035
0.158576,3.9752812
0.158578,4.7149835
0.15858,4.8999095
0.158582,4.483826
0.158584,3.5129685
0.158586,2.126027
0.15858799,0.50792885
0.15859,-1.2488632
0.158592,-2.7744985
0.158594,-4.022745
0.158596,-4.7624474
0.158598,-4.9011416
0.1586,-4.4388275
0.158602,-3.467969
0.158604,-2.0347965
0.158606,-0.3704667
0.158608,1.3863249
0.15861,2.9119601
0.158612,4.113976
0.158614,4.807446
0.158616,4.8999095
0.158618,4.3913646
0.15862,3.3742738
0.158622,1.8948698
0.158624,0.23054075
0.158626,-1.48002
0.158628,-3.0056553
0.15863,-4.1614394
0.158632,-4.8086786
0.158634,-4.85491
0.158636,-4.346365
0.158638,-3.2830436
0.15864,-1.8036394
0.158642,-0.09307861
0.158644,1.6174817
0.158646,3.1431174
0.158648,4.252671
0.15865,4.8536773
0.158652,4.8536773
0.158654,4.298901
0.158656,3.1893477
0.158658,1.6637135
0.15866,-6.160736E-4
0.158662,-1.6649456
0.158664,-3.1905808
0.158666,-4.3001337
0.158668,-4.85491
0.15867,-4.8086786
0.158672,-4.2076707
0.158674,-3.098118
0.158676,-1.5724826
0.158678,0.13807821
0.15868,1.8486385
0.158682,3.3280425
0.158684,4.3913646
0.158686,4.8999095
0.158688,4.807446
0.15869,4.1602073
0.158692,2.9581914
0.158694,1.4787879
0.158696,-0.27800417
0.158698,-1.8961024
0.1587,-3.3755062
0.158702,-4.4388275
0.158704,-4.9011416
0.158706,-4.7624474
0.158708,-4.068977
0.15871,-2.9131925
0.158712,-1.3413262
0.158714,0.4154663
0.158716,2.0797954
0.158718,3.5129685
0.15872,4.483826
0.158722,4.8999095
0.158724,4.7149835
0.158726,4.0215135
0.158728,2.7732663
0.15873,1.2013993
0.158732,-0.5091615
0.158734,-2.1272593
0.158736,-3.5604317
0.158738,-4.4850593
0.15874,-4.9011416
0.158742,-4.716216
0.15874399,-3.9302826
0.158746,-2.6820357
0.158748,-1.1101689
0.15875,0.13807821
0.158752,0.5541601
0.158754,0.92401123
0.158756,1.2938623
0.158758,1.6174817
0.15876,1.9873328
0.158762,2.3109517
0.158764,2.6808028
0.158766,3.0044227
0.158768,3.2818112
0.15877,3.5591989
0.158772,3.8365874
0.158774,4.0677447
0.158776,4.298901
0.158778,4.437596
0.15878,4.622521
0.158782,4.7612157
0.158784,4.8536773
0.158786,4.946141
0.158788,4.992371
0.15878999,5.0386033
0.158792,5.0386033
0.158794,4.992371
0.158796,4.946141
0.158798,4.8536773
0.1588,4.7612157
0.158802,4.622521
0.158804,4.437596
0.158806,4.298901
0.158808,4.0677447
0.15881,3.8365874
0.158812,3.5591989
0.158814,3.2818112
0.158816,2.9581914
0.158818,2.6808028
0.15882,2.3109517
0.158822,1.9873328
0.158824,1.6174817
0.158826,1.2938623
0.158828,0.92401123
0.15883,0.5541601
0.158832,0.13807821
0.158834,-0.2317729
0.15883599,-0.601624
0.158838,-0.9714751
0.15884,-1.3413262
0.158842,-1.7111769
0.158844,-2.0347965
0.158846,-2.4046474
0.158848,-2.728267
0.15885,-3.0518866
0.158852,-3.329275
0.158854,-3.6066632
0.158856,-3.8840513
0.158858,-4.115208
0.15886,-4.3001337
0.158862,-4.4850593
0.158864,-4.623753
0.158866,-4.7624474
0.158868,-4.85491
0.15887,-4.947373
0.158872,-4.993604
0.158874,-5.0398355
0.158876,-4.993604
0.158878,-4.993604
0.15888,-4.9011416
0.158882,-4.8086786
0.158884,-4.669985
0.158886,-4.5312905
0.158888,-4.3925962
0.15889,-4.2076707
0.158892,-3.976514
0.158894,-3.745357
0.158896,-3.467969
0.158898,-3.1905808
0.1589,-2.866961
0.158902,-2.5433414
0.158904,-2.2197218
0.158906,-1.8498712
0.158908,-1.48002
0.15891,-1.1564007
0.158912,-0.78654957
0.158914,-0.3704667
0.158916,-6.160736E-4
0.158918,0.36923456
0.15892,0.7390857
0.158922,1.1551685
0.158924,1.4787879
0.158926,1.8486385
0.158928,2.172258
0.15893,2.542109
0.158932,2.8657289
0.158934,3.1431174
0.158936,3.4667363
0.158938,3.6978936
0.15894,3.9752812
0.158942,4.2064385
0.158944,4.3913646
0.158946,4.5300584
0.158948,4.7149835
0.15895,4.807446
0.158952,4.8999095
0.158954,4.992371
0.158956,5.0386033
0.158958,5.0386033
0.15896,4.992371
0.158962,4.946141
0.158964,4.8999095
0.158966,4.7612157
0.158968,4.668752
0.15897,4.483826
0.158972,4.3451324
0.158974,4.113976
0.158976,3.8828197
0.158978,3.6516623
0.15898,3.3742738
0.158982,3.0968862
0.158984,2.7732663
0.158986,2.4496465
0.158988,2.0797954
0.15899,1.756176
0.15899199,1.3863249
0.158994,1.0164738
0.158996,0.64662313
0.158998,0.27677202
0.159,-0.09307861
0.159002,-0.5091615
0.159004,-0.8790121
0.159006,-1.2488632
0.159008,-1.5724826
0.15901,-1.9423337
0.159012,-2.2659533
0.159014,-2.6358042
0.159016,-2.9594238
0.159018,-3.236812
0.15902,-3.5142004
0.159022,-3.7915885
0.159024,-4.022745
0.159026,-4.2539024
0.159028,-4.4388275
0.15903,-4.577522
0.159032,-4.716216
0.159034,-4.85491
0.159036,-4.947373
0.15903799,-4.993604
0.15904,-5.0398355
0.159042,-5.0398355
0.159044,-4.993604
0.159046,-4.947373
0.159048,-4.85491
0.15905,-4.716216
0.159052,-4.577522
0.159054,-4.4388275
0.159056,-4.2539024
0.159058,-4.068977
0.15906,-3.7915885
0.159062,-3.5604317
0.159064,-3.2830436
0.159066,-2.9594238
0.159068,-2.6358042
0.15907,-2.3121846
0.159072,-1.9885652
0.159074,-1.6187139
0.159076,-1.2950945
0.159078,-0.8790121
0.15908,-0.5091615
0.159082,-0.13931036
0.15908399,0.23054075
0.159086,0.64662313
0.159088,1.0164738
0.15909,1.3863249
0.159092,1.7099442
0.159094,2.0797954
0.159096,2.4034152
0.159098,2.727035
0.1591,3.050654
0.159102,3.3742738
0.159104,3.6516623
0.159106,3.8828197
0.159108,4.113976
0.15911,4.3451324
0.159112,4.483826
0.159114,4.622521
0.159116,4.7612157
0.159118,4.8999095
0.15912,4.946141
0.159122,4.992371
0.159124,5.0386033
0.159126,5.0386033
0.159128,4.992371
0.15913,4.8999095
0.159132,4.807446
0.159134,4.7149835
0.159136,4.5300584
0.159138,4.3913646
0.15914,4.2064385
0.159142,3.9752812
0.159144,3.744125
0.159146,3.4667363
0.159148,3.1893477
0.15915,2.8657289
0.159152,2.542109
0.159154,2.2184901
0.159156,1.8486385
0.159158,1.4787879
0.15916,1.1551685
0.159162,0.7853174
0.159164,0.4154663
0.159166,0.045615196
0.159168,-0.3704667
0.15917,-0.7403178
0.159172,-1.1101689
0.159174,-1.48002
0.159176,-1.8036394
0.159178,-2.1734905
0.15918,-2.4971101
0.159182,-2.8207297
0.159184,-3.1443493
0.159186,-3.4217377
0.159188,-3.6991258
0.15919,-3.976514
0.159192,-4.1614394
0.159194,-4.3925962
0.159196,-4.5312905
0.159198,-4.669985
0.1592,-4.8086786
0.159202,-4.9011416
0.159204,-4.947373
0.159206,-4.993604
0.159208,-5.0398355
0.15921,-4.993604
0.159212,-4.947373
0.159214,-4.9011416
0.159216,-4.7624474
0.159218,-4.623753
0.15922,-4.4850593
0.159222,-4.346365
0.159224,-4.115208
0.159226,-3.8840513
0.159228,-3.6528945
0.15923,-3.3755062
0.159232,-3.098118
0.159234,-2.7744985
0.159236,-2.4508786
0.159238,-2.081028
0.15923999,-1.7111769
0.159242,-1.387557
0.159244,-1.0177064
0.159246,-0.6478553
0.159248,-0.27800417
0.15925,0.13807821
0.159252,0.50792885
0.159254,0.87777996
0.159256,1.2476311
0.159258,1.6174817
0.15926,1.9411016
0.159262,2.3109517
0.159264,2.6345725
0.159266,2.9581914
0.159268,3.23558
0.15927,3.5591989
0.159272,3.7903562
0.159274,4.0215135
0.159276,4.252671
0.159278,4.437596
0.15928,4.5762897
0.159282,4.7149835
0.159284,4.8536773
0.15928599,4.946141
0.159288,4.992371
0.15929,5.0386033
0.159292,5.0386033
0.159294,4.992371
0.159296,4.946141
0.159298,4.8536773
0.1593,4.7612157
0.159302,4.622521
0.159304,4.437596
0.159306,4.252671
0.159308,4.0677447
0.15931,3.8365874
0.159312,3.5591989
0.159314,3.2818112
0.159316,2.9581914
0.159318,2.6345725
0.15932,2.3109517
0.159322,1.9873328
0.159324,1.6174817
0.159326,1.2938623
0.159328,0.92401123
0.15933,0.50792885
0.15933199,0.13807821
0.159334,-0.2317729
0.159336,-0.601624
0.159338,-0.9714751
0.15934,-1.387557
0.159342,-1.7111769
0.159344,-2.0347965
0.159346,-2.4046474
0.159348,-2.728267
0.15935,-3.0518866
0.159352,-3.329275
0.159354,-3.6066632
0.159356,-3.8840513
0.159358,-4.115208
0.15936,-4.3001337
0.159362,-4.4850593
0.159364,-4.623753
0.159366,-4.7624474
0.159368,-4.85491
0.15937,-4.947373
0.159372,-4.993604
0.159374,-5.0398355
0.159376,-4.993604
0.15937799,-4.993604
0.15938,-4.9011416
0.159382,-4.8086786
0.159384,-4.716216
0.159386,-4.5312905
0.159388,-4.3925962
0.15939,-4.2076707
0.159392,-3.976514
0.159394,-3.745357
0.159396,-3.467969
0.159398,-3.1905808
0.1594,-2.866961
0.159402,-2.5433414
0.159404,-2.2197218
0.159406,-1.8498712
0.159408,-1.48002
0.15941,-1.1564007
0.159412,-0.78654957
0.159414,-0.41669846
0.159416,-6.160736E-4
0.159418,0.36923456
0.15942,0.7390857
0.159422,1.1551685
0.159424,1.4787879
0.159426,1.8486385
0.159428,2.172258
0.15943,2.542109
0.159432,2.8657289
0.159434,3.1431174
0.159436,3.4667363
0.159438,3.6978936
0.15944,3.9752812
0.159442,4.2064385
0.159444,4.3913646
0.159446,4.5300584
0.159448,4.7149835
0.15945,4.807446
0.159452,4.8999095
0.159454,4.992371
0.159456,5.0386033
0.159458,5.0386033
0.15946,4.992371
0.159462,4.946141
0.159464,4.8999095
0.159466,4.7612157
0.159468,4.668752
0.15947,4.483826
0.159472,4.3451324
0.159474,4.113976
0.159476,3.8828197
0.159478,3.6516623
0.15948,3.3742738
0.159482,3.0968862
0.159484,2.7732663
0.159486,2.4496465
0.15948799,2.0797954
0.15949,1.756176
0.159492,1.3863249
0.159494,1.0164738
0.159496,0.64662313
0.159498,0.27677202
0.1595,-0.09307861
0.159502,-0.5091615
0.159504,-0.8790121
0.159506,-1.2488632
0.159508,-1.5724826
0.15951,-1.9423337
0.159512,-2.2659533
0.159514,-2.6358042
0.159516,-2.9594238
0.159518,-3.236812
0.15952,-3.5142004
0.159522,-3.7915885
0.159524,-4.022745
0.159526,-4.2539024
0.159528,-4.4388275
0.15953,-4.577522
0.159532,-4.716216
0.15953399,-4.85491
0.159536,-4.947373
0.159538,-4.993604
0.15954,-5.0398355
0.159542,-5.0398355
0.159544,-4.993604
0.159546,-4.947373
0.159548,-4.85491
0.15955,-4.716216
0.159552,-4.577522
0.159554,-4.4388275
0.159556,-4.2539024
0.159558,-4.068977
0.15956,-3.7915885
0.159562,-3.5604317
0.159564,-3.2830436
0.159566,-2.9594238
0.159568,-2.6358042
0.15957,-2.3121846
0.159572,-1.9885652
0.159574,-1.6187139
0.159576,-1.2488632
0.159578,-0.8790121
0.15957999,-0.5091615
0.159582,-0.13931036
0.159584,0.23054075
0.159586,0.64662313
0.159588,1.0164738
0.15959,1.3863249
0.159592,1.7099442
0.159594,2.0797954
0.159596,2.4034152
0.159598,2.727035
0.1596,3.050654
0.159602,3.3742738
0.159604,3.6516623
0.159606,3.8828197
0.159608,4.113976
0.15961,4.3451324
0.159612,4.483826
0.159614,4.622521
0.159616,4.7612157
0.159618,4.8999095
0.15962,4.946141
0.159622,4.992371
0.159624,5.0386033
0.15962599,5.0386033
0.159628,4.992371
0.15963,4.8999095
0.159632,4.807446
0.159634,4.7149835
0.159636,4.5300584
0.159638,4.3913646
0.15964,4.2064385
0.159642,3.9752812
0.159644,3.744125
0.159646,3.4667363
0.159648,3.1893477
0.15965,2.8657289
0.159652,2.542109
0.159654,2.2184901
0.159656,1.8486385
0.159658,1.4787879
0.15966,1.1551685
0.159662,0.7853174
0.159664,0.4154663
0.159666,-6.160736E-4
0.159668,-0.3704667
0.15967,-0.7403178
0.159672,-1.1101689
0.159674,-1.48002
0.159676,-1.8036394
0.159678,-2.1734905
0.15968,-2.4971101
0.159682,-2.8207297
0.159684,-3.1443493
0.159686,-3.4217377
0.159688,-3.6991258
0.15969,-3.976514
0.159692,-4.1614394
0.159694,-4.3925962
0.159696,-4.5312905
0.159698,-4.669985
0.1597,-4.8086786
0.159702,-4.9011416
0.159704,-4.993604
0.159706,-4.993604
0.159708,-5.0398355
0.15971,-4.993604
0.159712,-4.947373
0.159714,-4.9011416
0.159716,-4.7624474
0.159718,-4.623753
0.15972,-4.4850593
0.159722,-4.346365
0.159724,-4.115208
0.159726,-3.8840513
0.159728,-3.6528945
0.15973,-3.3755062
0.159732,-3.0518866
0.159734,-2.7744985
0.159736,-2.4508786
0.159738,-2.081028
0.15974,-1.7111769
0.159742,-1.387557
0.159744,-1.0177064
0.159746,-0.6478553
0.159748,-0.27800417
0.15975,0.64662313
0.159752,2.2647214
0.159754,3.6516623
0.159756,4.5300584
0.159758,4.8999095
0.15976,4.622521
0.159762,3.8365874
0.159764,2.542109
0.159766,0.92401123
0.159768,-0.78654957
0.15977,-2.3584158
0.159772,-3.745357
0.159774,-4.623753
0.159776,-4.947373
0.159778,-4.623753
0.15978,-3.7915885
0.15978199,-2.4971101
0.159784,-0.8790121
0.159786,0.87777996
0.159788,2.4958777
0.15979,3.8365874
0.159792,4.622521
0.159794,4.8999095
0.159796,4.5762897
0.159798,3.6978936
0.1598,2.3109517
0.159802,0.7390857
0.159804,-1.0177064
0.159806,-2.589573
0.159808,-3.8840513
0.15981,-4.669985
0.159812,-4.9011416
0.159814,-4.5312905
0.159816,-3.6528945
0.159818,-2.2659533
0.15982,-0.601624
0.159822,1.1551685
0.159824,2.727035
0.159826,3.9752812
0.15982799,4.7149835
0.15983,4.8999095
0.159832,4.483826
0.159834,3.5129685
0.159836,2.126027
0.159838,0.46169758
0.15984,-1.2488632
0.159842,-2.7744985
0.159844,-4.022745
0.159846,-4.7624474
0.159848,-4.9011416
0.15985,-4.4388275
0.159852,-3.467969
0.159854,-2.0347965
0.159856,-0.3704667
0.159858,1.3863249
0.15986,2.9119601
0.159862,4.113976
0.159864,4.807446
0.159866,4.8999095
0.159868,4.3913646
0.15987,3.3742738
0.159872,1.8948698
0.15987399,0.23054075
0.159876,-1.48002
0.159878,-3.0056553
0.15988,-4.1614394
0.159882,-4.8086786
0.159884,-4.85491
0.159886,-4.346365
0.159888,-3.2830436
0.15989,-1.8036394
0.159892,-0.09307861
0.159894,1.6174817
0.159896,3.1431174
0.159898,4.252671
0.1599,4.8536773
0.159902,4.8536773
0.159904,4.298901
0.159906,3.1431174
0.159908,1.6637135
0.15991,-6.160736E-4
0.159912,-1.6649456
0.159914,-3.1905808
0.159916,-4.3001337
0.159918,-4.85491
0.15992,-4.8086786
0.159922,-4.2076707
0.159924,-3.098118
0.159926,-1.5724826
0.159928,0.13807821
0.15993,1.8486385
0.159932,3.3280425
0.159934,4.3913646
0.159936,4.8999095
0.159938,4.807446
0.15994,4.1602073
0.159942,2.9581914
0.159944,1.4325566
0.159946,-0.27800417
0.159948,-1.8961024
0.15995,-3.3755062
0.159952,-4.4388275
0.159954,-4.9011416
0.159956,-4.7624474
0.159958,-4.068977
0.15996,-2.9131925
0.159962,-1.3413262
0.159964,0.4154663
0.159966,2.0797954
0.159968,3.5129685
0.15997,4.483826
0.159972,4.8999095
0.159974,4.7149835
0.159976,4.0215135
0.159978,2.7732663
0.15998,1.2013993
0.159982,-0.5091615
0.159984,-2.1272593
0.159986,-3.5604317
0.159988,-4.4850593
0.15999,-4.9011416
0.159992,-4.716216
0.159994,-3.9302826
0.159996,-2.6820357
0.159998,-1.1101689
0.16,0.64662313
0.160002,2.3109517
0.160004,3.6978936
0.160006,4.5762897
0.160008,4.8999095
0.16001,4.668752
0.160012,3.8365874
0.160014,2.542109
0.160016,0.970243
0.160018,-0.7403178
0.16002,-2.3584158
0.160022,-3.745357
0.160024,-4.623753
0.160026,-4.9011416
0.160028,-4.623753
0.16002999,-3.7915885
0.160032,-2.4971101
0.160034,-0.83278084
0.160036,0.92401123
0.160038,2.4958777
0.16004,3.8365874
0.160042,4.668752
0.160044,4.8999095
0.160046,4.5762897
0.160048,3.6978936
0.16005,2.357184
0.160052,0.7390857
0.160054,-1.0177064
0.160056,-2.589573
0.160058,-3.8840513
0.16006,-4.669985
0.160062,-4.9011416
0.160064,-4.5312905
0.160066,-3.6066632
0.160068,-2.2659533
0.16007,-0.601624
0.160072,1.1551685
0.160074,2.727035
0.16007599,3.9752812
0.160078,4.7149835
0.16008,4.8999095
0.160082,4.483826
0.160084,3.5129685
0.160086,2.126027
0.160088,0.46169758
0.16009,-1.2488632
0.160092,-2.7744985
0.160094,-4.022745
0.160096,-4.7624474
0.160098,-4.9011416
0.1601,-4.4388275
0.160102,-3.467969
0.160104,-2.0347965
0.160106,-0.32423592
0.160108,1.3863249
0.16011,2.9581914
0.160112,4.113976
0.160114,4.807446
0.160116,4.8999095
0.160118,4.3913646
0.16012,3.3280425
0.16012199,1.8948698
0.160124,0.23054075
0.160126,-1.48002
0.160128,-3.0056553
0.16013,-4.2076707
0.160132,-4.8086786
0.160134,-4.85491
0.160136,-4.346365
0.160138,-3.2830436
0.16014,-1.8036394
0.160142,-0.09307861
0.160144,1.6174817
0.160146,3.1431174
0.160148,4.252671
0.16015,4.8536773
0.160152,4.8536773
0.160154,4.298901
0.160156,3.1431174
0.160158,1.6637135
0.16016,-6.160736E-4
0.160162,-1.6649456
0.160164,-3.1905808
0.160166,-4.3001337
0.160168,-4.85491
0.16017,-4.8086786
0.160172,-4.2076707
0.160174,-3.098118
0.160176,-1.5724826
0.160178,0.13807821
0.16018,1.8486385
0.160182,3.3280425
0.160184,4.3913646
0.160186,4.8999095
0.160188,4.807446
0.16019,4.1602073
0.160192,2.9581914
0.160194,1.4325566
0.160196,-0.27800417
0.160198,-1.8961024
0.1602,-3.3755062
0.160202,-4.4388275
0.160204,-4.9011416
0.160206,-4.7624474
0.160208,-4.068977
0.16021,-2.9131925
0.160212,-1.3413262
0.160214,0.4154663
0.160216,2.0797954
0.160218,3.5129685
0.16022,4.483826
0.160222,4.8999095
0.160224,4.7149835
0.160226,4.0215135
0.160228,2.7732663
0.16023,1.2013993
0.160232,-0.5091615
0.160234,-2.1272593
0.160236,-3.5604317
0.160238,-4.4850593
0.16024,-4.9011416
0.160242,-4.716216
0.160244,-3.9302826
0.160246,-2.6820357
0.160248,-1.1101689
0.16025,0.64662313
0.160252,2.3109517
0.160254,3.6978936
0.160256,4.5762897
0.160258,4.8999095
0.16026,4.668752
0.160262,3.8365874
0.160264,2.542109
0.160266,0.970243
0.160268,-0.7403178
0.16027,-2.3584158
0.160272,-3.745357
0.160274,-4.623753
0.160276,-4.9011416
0.16027799,-4.623753
0.16028,-3.7915885
0.160282,-2.4508786
0.160284,-0.83278084
0.160286,0.92401123
0.160288,2.4958777
0.16029,3.8365874
0.160292,4.668752
0.160294,4.8999095
0.160296,4.5762897
0.160298,3.6978936
0.1603,2.357184
0.160302,0.7390857
0.160304,-1.0177064
0.160306,-2.589573
0.160308,-3.8840513
0.16031,-4.669985
0.160312,-4.9011416
0.160314,-4.5312905
0.160316,-3.6066632
0.160318,-2.2659533
0.16032,-0.601624
0.160322,1.1551685
0.16032399,2.727035
0.160326,3.9752812
0.160328,4.7149835
0.16033,4.8999095
0.160332,4.483826
0.160334,3.5129685
0.160336,2.126027
0.160338,0.46169758
0.16034,-1.2488632
0.160342,-2.7744985
0.160344,-4.022745
0.160346,-4.7624474
0.160348,-4.9011416
0.16035,-4.4388275
0.160352,-3.467969
0.160354,-2.0347965
0.160356,-0.32423592
0.160358,1.3863249
0.16036,2.9581914
0.160362,4.113976
0.160364,4.807446
0.160366,4.8999095
0.160368,4.3913646
0.16036999,3.3280425
0.160372,1.8948698
0.160374,0.23054075
0.160376,-1.48002
0.160378,-3.0056553
0.16038,-4.2076707
0.160382,-4.8086786
0.160384,-4.85491
0.160386,-4.346365
0.160388,-3.2830436
0.16039,-1.8036394
0.160392,-0.09307861
0.160394,1.6174817
0.160396,3.1431174
0.160398,4.252671
0.1604,4.8536773
0.160402,4.8536773
0.160404,4.298901
0.160406,3.1431174
0.160408,1.6637135
0.16041,-6.160736E-4
0.160412,-1.6649456
0.160414,-3.1905808
0.160416,-4.3001337
0.160418,-4.85491
0.16042,-4.8086786
0.160422,-4.2076707
0.160424,-3.098118
0.160426,-1.5724826
0.160428,0.13807821
0.16043,1.8486385
0.160432,3.3280425
0.160434,4.3913646
0.160436,4.8999095
0.160438,4.807446
0.16044,4.1602073
0.160442,2.9581914
0.160444,1.4325566
0.160446,-0.27800417
0.160448,-1.8961024
0.16045,-3.3755062
0.160452,-4.4388275
0.160454,-4.9011416
0.160456,-4.7624474
0.160458,-4.068977
0.16046,-2.9131925
0.160462,-1.3413262
0.160464,0.4154663
0.160466,2.0797954
0.160468,3.5129685
0.16047,4.483826
0.160472,4.8999095
0.160474,4.7149835
0.160476,4.0215135
0.160478,2.7732663
0.16048,1.2013993
0.160482,-0.5091615
0.160484,-2.1272593
0.160486,-3.5604317
0.160488,-4.4850593
0.16049,-4.9011416
0.160492,-4.716216
0.160494,-3.9302826
0.160496,-2.6820357
0.160498,-1.1101689
0.1605,0.64662313
0.160502,2.3109517
0.160504,3.6978936
0.160506,4.5762897
0.160508,4.8999095
0.16051,4.668752
0.160512,3.8365874
0.160514,2.542109
0.160516,0.970243
0.160518,-0.7403178
0.16052,-2.3584158
0.160522,-3.745357
0.160524,-4.623753
0.16052599,-4.9011416
0.160528,-4.623753
0.16053,-3.7915885
0.160532,-2.4508786
0.160534,-0.83278084
0.160536,0.92401123
0.160538,2.4958777
0.16054,3.8365874
0.160542,4.668752
0.160544,4.8999095
0.160546,4.5762897
0.160548,3.6978936
0.16055,2.357184
0.160552,0.7390857
0.160554,-1.0177064
0.160556,-2.589573
0.160558,-3.8840513
0.16056,-4.669985
0.160562,-4.9011416
0.160564,-4.5312905
0.160566,-3.6066632
0.160568,-2.2659533
0.16057,-0.601624
0.16057199,1.1551685
0.160574,2.727035
0.160576,3.9752812
0.160578,4.7149835
0.16058,4.8999095
0.160582,4.483826
0.160584,3.5129685
0.160586,2.126027
0.160588,0.46169758
0.16059,-1.2488632
0.160592,-2.7744985
0.160594,-4.068977
0.160596,-4.7624474
0.160598,-4.9011416
0.1606,-4.4388275
0.160602,-3.467969
0.160604,-2.0347965
0.160606,-0.32423592
0.160608,1.3863249
0.16061,2.9581914
0.160612,4.113976
0.160614,4.807446
0.160616,4.8999095
0.16061799,4.3913646
0.16062,3.3280425
0.160622,1.8948698
0.160624,0.23054075
0.160626,-1.48002
0.160628,-3.0056553
0.16063,-4.2076707
0.160632,-4.8086786
0.160634,-4.85491
0.160636,-4.346365
0.160638,-3.2830436
0.16064,-1.8036394
0.160642,-0.09307861
0.160644,1.6174817
0.160646,3.1431174
0.160648,4.252671
0.16065,4.8536773
0.160652,4.8536773
0.160654,4.298901
0.160656,3.1431174
0.160658,1.6637135
0.16066,-6.160736E-4
0.160662,-1.6649456
0.16066399,-3.1905808
0.160666,-4.3001337
0.160668,-4.85491
0.16067,-4.8086786
0.160672,-4.2076707
0.160674,-3.098118
0.160676,-1.5724826
0.160678,0.13807821
0.16068,1.8486385
0.160682,3.3280425
0.160684,4.3913646
0.160686,4.8999095
0.160688,4.807446
0.16069,4.1602073
0.160692,2.9581914
0.160694,1.4325566
0.160696,-0.27800417
0.160698,-1.8961024
0.1607,-3.3755062
0.160702,-4.4388275
0.160704,-4.9011416
0.160706,-4.7624474
0.160708,-4.068977
0.16071,-2.9131925
0.160712,-1.3413262
0.160714,0.4154663
0.160716,2.0797954
0.160718,3.5129685
0.16072,4.483826
0.160722,4.8999095
0.160724,4.7149835
0.160726,4.0215135
0.160728,2.7732663
0.16073,1.2013993
0.160732,-0.5091615
0.160734,-2.1272593
0.160736,-3.5604317
0.160738,-4.4850593
0.16074,-4.9011416
0.160742,-4.716216
0.160744,-3.9302826
0.160746,-2.6820357
0.160748,-1.0639377
0.16075,0.13807821
0.160752,0.5541601
0.160754,0.92401123
0.160756,1.2938623
0.160758,1.6174817
0.16076,1.9873328
0.160762,2.3109517
0.160764,2.6808028
0.160766,3.0044227
0.160768,3.2818112
0.16077,3.5591989
0.160772,3.8365874
0.16077399,4.0677447
0.160776,4.298901
0.160778,4.437596
0.16078,4.622521
0.160782,4.7612157
0.160784,4.8536773
0.160786,4.946141
0.160788,4.992371
0.16079,5.0386033
0.160792,5.0386033
0.160794,4.992371
0.160796,4.946141
0.160798,4.8536773
0.1608,4.7612157
0.160802,4.622521
0.160804,4.437596
0.160806,4.298901
0.160808,4.0677447
0.16081,3.8365874
0.160812,3.5591989
0.160814,3.2818112
0.160816,2.9581914
0.160818,2.6345725
0.16081999,2.3109517
0.160822,1.9873328
0.160824,1.6174817
0.160826,1.2938623
0.160828,0.92401123
0.16083,0.50792885
0.160832,0.13807821
0.160834,-0.2317729
0.160836,-0.601624
0.160838,-0.9714751
0.16084,-1.387557
0.160842,-1.7111769
0.160844,-2.081028
0.160846,-2.4046474
0.160848,-2.728267
0.16085,-3.0518866
0.160852,-3.329275
0.160854,-3.6066632
0.160856,-3.8840513
0.160858,-4.115208
0.16086,-4.3001337
0.160862,-4.4850593
0.160864,-4.623753
0.16086599,-4.7624474
0.160868,-4.85491
0.16087,-4.947373
0.160872,-4.993604
0.160874,-5.0398355
0.160876,-4.993604
0.160878,-4.993604
0.16088,-4.9011416
0.160882,-4.8086786
0.160884,-4.669985
0.160886,-4.5312905
0.160888,-4.3925962
0.16089,-4.2076707
0.160892,-3.976514
0.160894,-3.745357
0.160896,-3.467969
0.160898,-3.1905808
0.1609,-2.866961
0.160902,-2.5433414
0.160904,-2.2197218
0.160906,-1.8498712
0.160908,-1.48002
0.16091,-1.1564007
0.16091199,-0.78654957
0.160914,-0.3704667
0.160916,-6.160736E-4
0.160918,0.36923456
0.16092,0.7390857
0.160922,1.1551685
0.160924,1.4787879
0.160926,1.8486385
0.160928,2.172258
0.16093,2.542109
0.160932,2.8657289
0.160934,3.1431174
0.160936,3.4667363
0.160938,3.6978936
0.16094,3.9752812
0.160942,4.2064385
0.160944,4.3913646
0.160946,4.5300584
0.160948,4.7149835
0.16095,4.807446
0.160952,4.8999095
0.160954,4.992371
0.160956,5.0386033
0.160958,5.0386033
0.16096,4.992371
0.160962,4.946141
0.160964,4.8999095
0.160966,4.807446
0.160968,4.668752
0.16097,4.483826
0.160972,4.3451324
0.160974,4.113976
0.160976,3.8828197
0.160978,3.6516623
0.16098,3.3742738
0.160982,3.0968862
0.160984,2.7732663
0.160986,2.4496465
0.160988,2.0797954
0.16099,1.756176
0.160992,1.3863249
0.160994,1.0164738
0.160996,0.64662313
0.160998,0.27677202
0.161,-0.09307861
0.161002,-0.5091615
0.161004,-0.8790121
0.161006,-1.2488632
0.161008,-1.5724826
0.16101,-1.9423337
0.161012,-2.2659533
0.161014,-2.6358042
0.161016,-2.9594238
0.161018,-3.236812
0.16102,-3.5142004
0.161022,-3.7915885
0.161024,-4.022745
0.161026,-4.2539024
0.161028,-4.4388275
0.16103,-4.577522
0.161032,-4.716216
0.161034,-4.85491
0.161036,-4.947373
0.161038,-4.993604
0.16104,-5.0398355
0.161042,-5.0398355
0.161044,-4.993604
0.161046,-4.947373
0.161048,-4.85491
0.16105,-4.716216
0.161052,-4.577522
0.161054,-4.4388275
0.161056,-4.2539024
0.161058,-4.068977
0.16106,-3.7915885
0.161062,-3.5604317
0.161064,-3.2830436
0.161066,-2.9594238
0.16106799,-2.6358042
0.16107,-2.3121846
0.161072,-1.9885652
0.161074,-1.6187139
0.161076,-1.2488632
0.161078,-0.8790121
0.16108,-0.5091615
0.161082,-0.13931036
0.161084,0.23054075
0.161086,0.64662313
0.161088,1.0164738
0.16109,1.3863249
0.161092,1.7099442
0.161094,2.0797954
0.161096,2.4034152
0.161098,2.727035
0.1611,3.050654
0.161102,3.3742738
0.161104,3.6516623
0.161106,3.8828197
0.161108,4.113976
0.16111,4.3451324
0.161112,4.483826
0.16111399,4.668752
0.161116,4.7612157
0.161118,4.8999095
0.16112,4.946141
0.161122,4.992371
0.161124,5.0386033
0.161126,5.0386033
0.161128,4.992371
0.16113,4.8999095
0.161132,4.807446
0.161134,4.7149835
0.161136,4.5300584
0.161138,4.3913646
0.16114,4.2064385
0.161142,3.9752812
0.161144,3.744125
0.161146,3.4667363
0.161148,3.1893477
0.16115,2.8657289
0.161152,2.542109
0.161154,2.2184901
0.161156,1.8486385
0.161158,1.4787879
0.16115999,1.1551685
0.161162,0.7853174
0.161164,0.4154663
0.161166,-6.160736E-4
0.161168,-0.3704667
0.16117,-0.7403178
0.161172,-1.1101689
0.161174,-1.48002
0.161176,-1.8036394
0.161178,-2.1734905
0.16118,-2.4971101
0.161182,-2.8207297
0.161184,-3.1443493
0.161186,-3.4217377
0.161188,-3.6991258
0.16119,-3.976514
0.161192,-4.1614394
0.161194,-4.3925962
0.161196,-4.5312905
0.161198,-4.669985
0.1612,-4.8086786
0.161202,-4.9011416
0.161204,-4.993604
0.161206,-4.993604
0.161208,-5.0398355
0.16121,-4.993604
0.161212,-4.947373
0.161214,-4.9011416
0.161216,-4.7624474
0.161218,-4.623753
0.16122,-4.4850593
0.161222,-4.346365
0.161224,-4.115208
0.161226,-3.8840513
0.161228,-3.6528945
0.16123,-3.3755062
0.161232,-3.0518866
0.161234,-2.7744985
0.161236,-2.4508786
0.161238,-2.081028
0.16124,-1.7111769
0.161242,-1.387557
0.161244,-1.0177064
0.161246,-0.6478553
0.161248,-0.27800417
0.16125,0.13807821
0.161252,0.50792885
0.161254,0.87777996
0.161256,1.2476311
0.161258,1.6174817
0.16126,1.9411016
0.161262,2.3109517
0.161264,2.6345725
0.161266,2.9581914
0.161268,3.2818112
0.16127,3.5591989
0.161272,3.7903562
0.161274,4.0677447
0.161276,4.252671
0.161278,4.437596
0.16128,4.5762897
0.161282,4.7149835
0.161284,4.8536773
0.161286,4.946141
0.161288,4.992371
0.16129,5.0386033
0.161292,5.0386033
0.161294,4.992371
0.161296,4.946141
0.161298,4.8536773
0.1613,4.7612157
0.161302,4.622521
0.161304,4.437596
0.161306,4.252671
0.161308,4.0677447
0.16131,3.8365874
0.161312,3.5591989
0.161314,3.2818112
0.16131599,2.9581914
0.161318,2.6345725
0.16132,2.3109517
0.161322,1.9873328
0.161324,1.6174817
0.161326,1.2938623
0.161328,0.92401123
0.16133,0.50792885
0.161332,0.13807821
0.161334,-0.2317729
0.161336,-0.601624
0.161338,-0.9714751
0.16134,-1.387557
0.161342,-1.7111769
0.161344,-2.081028
0.161346,-2.4046474
0.161348,-2.728267
0.16135,-3.0518866
0.161352,-3.329275
0.161354,-3.6066632
0.161356,-3.8840513
0.161358,-4.115208
0.16136,-4.3001337
0.16136199,-4.4850593
0.161364,-4.623753
0.161366,-4.7624474
0.161368,-4.85491
0.16137,-4.947373
0.161372,-4.993604
0.161374,-5.0398355
0.161376,-4.993604
0.161378,-4.993604
0.16138,-4.9011416
0.161382,-4.8086786
0.161384,-4.669985
0.161386,-4.5312905
0.161388,-4.3925962
0.16139,-4.2076707
0.161392,-3.976514
0.161394,-3.745357
0.161396,-3.467969
0.161398,-3.1905808
0.1614,-2.866961
0.161402,-2.5433414
0.161404,-2.2197218
0.161406,-1.8498712
0.16140799,-1.48002
0.16141,-1.1564007
0.161412,-0.78654957
0.161414,-0.3704667
0.161416,-6.160736E-4
0.161418,0.36923456
0.16142,0.7390857
0.161422,1.1551685
0.161424,1.4787879
0.161426,1.8486385
0.161428,2.172258
0.16143,2.542109
0.161432,2.8657289
0.161434,3.1431174
0.161436,3.4667363
0.161438,3.6978936
0.16144,3.9752812
0.161442,4.2064385
0.161444,4.3913646
0.161446,4.5300584
0.161448,4.7149835
0.16145,4.807446
0.161452,4.8999095
0.161454,4.992371
0.161456,5.0386033
0.161458,5.0386033
0.16146,4.992371
0.161462,4.946141
0.161464,4.8999095
0.161466,4.7612157
0.161468,4.668752
0.16147,4.483826
0.161472,4.3451324
0.161474,4.113976
0.161476,3.8828197
0.161478,3.6516623
0.16148,3.3742738
0.161482,3.0968862
0.161484,2.7732663
0.161486,2.4496465
0.161488,2.0797954
0.16149,1.756176
0.161492,1.3863249
0.161494,1.0164738
0.161496,0.64662313
0.161498,0.27677202
0.1615,-0.09307861
0.161502,-0.5091615
0.161504,-0.8790121
0.161506,-1.2488632
0.161508,-1.5724826
0.16151,-1.9423337
0.161512,-2.2659533
0.161514,-2.6358042
0.161516,-2.9594238
0.161518,-3.236812
0.16152,-3.5142004
0.161522,-3.7915885
0.161524,-4.022745
0.161526,-4.2539024
0.161528,-4.4388275
0.16153,-4.577522
0.161532,-4.716216
0.161534,-4.85491
0.161536,-4.947373
0.161538,-4.993604
0.16154,-4.993604
0.161542,-5.0398355
0.161544,-4.993604
0.161546,-4.947373
0.161548,-4.85491
0.16155,-4.716216
0.161552,-4.577522
0.161554,-4.4388275
0.161556,-4.2539024
0.161558,-4.068977
0.16156,-3.7915885
0.161562,-3.5604317
0.16156399,-3.2830436
0.161566,-2.9594238
0.161568,-2.6358042
0.16157,-2.3121846
0.161572,-1.9885652
0.161574,-1.6187139
0.161576,-1.2488632
0.161578,-0.8790121
0.16158,-0.5091615
0.161582,-0.13931036
0.161584,0.23054075
0.161586,0.64662313
0.161588,1.0164738
0.16159,1.3863249
0.161592,1.7099442
0.161594,2.0797954
0.161596,2.4034152
0.161598,2.727035
0.1616,3.050654
0.161602,3.3742738
0.161604,3.6516623
0.161606,3.8828197
0.161608,4.113976
0.16160999,4.3451324
0.161612,4.483826
0.161614,4.622521
0.161616,4.7612157
0.161618,4.8999095
0.16162,4.946141
0.161622,4.992371
0.161624,5.0386033
0.161626,5.0386033
0.161628,4.992371
0.16163,4.8999095
0.161632,4.807446
0.161634,4.7149835
0.161636,4.5300584
0.161638,4.3913646
0.16164,4.2064385
0.161642,3.9752812
0.161644,3.744125
0.161646,3.4667363
0.161648,3.1893477
0.16165,2.8657289
0.161652,2.542109
0.161654,2.2184901
0.16165599,1.8486385
0.161658,1.4787879
0.16166,1.1551685
0.161662,0.7853174
0.161664,0.4154663
0.161666,-6.160736E-4
0.161668,-0.3704667
0.16167,-0.7403178
0.161672,-1.1101689
0.161674,-1.48002
0.161676,-1.8036394
0.161678,-2.1734905
0.16168,-2.4971101
0.161682,-2.8207297
0.161684,-3.1443493
0.161686,-3.4217377
0.161688,-3.6991258
0.16169,-3.976514
0.161692,-4.2076707
0.161694,-4.3925962
0.161696,-4.5312905
0.161698,-4.669985
0.1617,-4.8086786
0.16170199,-4.9011416
0.161704,-4.993604
0.161706,-4.993604
0.161708,-5.0398355
0.16171,-4.993604
0.161712,-4.947373
0.161714,-4.9011416
0.161716,-4.7624474
0.161718,-4.623753
0.16172,-4.4850593
0.161722,-4.346365
0.161724,-4.115208
0.161726,-3.8840513
0.161728,-3.6528945
0.16173,-3.3755062
0.161732,-3.0518866
0.161734,-2.7744985
0.161736,-2.4508786
0.161738,-2.081028
0.16174,-1.7111769
0.161742,-1.387557
0.161744,-1.0177064
0.161746,-0.6478553
0.161748,-0.27800417
0.16175,0.64662313
0.161752,2.2647214
0.161754,3.6516623
0.161756,4.5300584
0.161758,4.8999095
0.16176,4.622521
0.161762,3.8365874
0.161764,2.542109
0.161766,0.92401123
0.161768,-0.78654957
0.16177,-2.4046474
0.161772,-3.745357
0.161774,-4.623753
0.161776,-4.947373
0.161778,-4.623753
0.16178,-3.7915885
0.161782,-2.4971101
0.161784,-0.83278084
0.161786,0.87777996
0.161788,2.4958777
0.16179,3.8365874
0.161792,4.668752
0.161794,4.8999095
0.161796,4.5762897
0.161798,3.6978936
0.1618,2.3109517
0.161802,0.6928544
0.161804,-1.0177064
0.161806,-2.589573
0.161808,-3.8840513
0.16181,-4.669985
0.16181199,-4.9011416
0.161814,-4.5312905
0.161816,-3.6066632
0.161818,-2.2659533
0.16182,-0.601624
0.161822,1.1551685
0.161824,2.727035
0.161826,3.9752812
0.161828,4.7149835
0.16183,4.8999095
0.161832,4.483826
0.161834,3.5129685
0.161836,2.126027
0.161838,0.46169758
0.16184,-1.2488632
0.161842,-2.7744985
0.161844,-4.068977
0.161846,-4.7624474
0.161848,-4.9011416
0.16185,-4.4388275
0.161852,-3.467969
0.161854,-2.0347965
0.161856,-0.32423592
0.16185799,1.3863249
0.16186,2.9581914
0.161862,4.1602073
0.161864,4.807446
0.161866,4.8999095
0.161868,4.3913646
0.16187,3.3280425
0.161872,1.8948698
0.161874,0.23054075
0.161876,-1.48002
0.161878,-3.0056553
0.16188,-4.2076707
0.161882,-4.8086786
0.161884,-4.85491
0.161886,-4.346365
0.161888,-3.2830436
0.16189,-1.8036394
0.161892,-0.09307861
0.161894,1.6174817
0.161896,3.1431174
0.161898,4.252671
0.1619,4.8536773
0.161902,4.8536773
0.16190399,4.298901
0.161906,3.1431174
0.161908,1.6637135
0.16191,-0.046847343
0.161912,-1.7111769
0.161914,-3.1905808
0.161916,-4.3001337
0.161918,-4.85491
0.16192,-4.8086786
0.161922,-4.2076707
0.161924,-3.098118
0.161926,-1.5262513
0.161928,0.184309
0.16193,1.8486385
0.161932,3.3280425
0.161934,4.3913646
0.161936,4.8999095
0.161938,4.807446
0.16194,4.1602073
0.161942,2.9581914
0.161944,1.4325566
0.161946,-0.27800417
0.161948,-1.9423337
0.16194999,-3.3755062
0.161952,-4.4388275
0.161954,-4.9011416
0.161956,-4.7624474
0.161958,-4.068977
0.16196,-2.866961
0.161962,-1.3413262
0.161964,0.4154663
0.161966,2.0797954
0.161968,3.5129685
0.16197,4.483826
0.161972,4.8999095
0.161974,4.7149835
0.161976,4.0215135
0.161978,2.7732663
0.16198,1.2013993
0.161982,-0.5091615
0.161984,-2.1272593
0.161986,-3.5604317
0.161988,-4.5312905
0.16199,-4.9011416
0.161992,-4.716216
0.161994,-3.9302826
0.161996,-2.6820357
0.161998,-1.0639377
0.162,0.64662313
0.162002,2.3109517
0.162004,3.6978936
0.162006,4.5762897
0.162008,4.8999095
0.16201,4.668752
0.162012,3.8365874
0.162014,2.542109
0.162016,0.970243
0.162018,-0.7403178
0.16202,-2.3584158
0.162022,-3.745357
0.162024,-4.623753
0.162026,-4.9011416
0.162028,-4.623753
0.16203,-3.7915885
0.162032,-2.4508786
0.162034,-0.83278084
0.162036,0.92401123
0.162038,2.542109
0.16204,3.8365874
0.162042,4.668752
0.162044,4.8999095
0.162046,4.5762897
0.162048,3.6978936
0.16205,2.357184
0.162052,0.7390857
0.162054,-1.0177064
0.162056,-2.589573
0.162058,-3.8840513
0.16206,-4.669985
0.162062,-4.9011416
0.162064,-4.5312905
0.162066,-3.6066632
0.162068,-2.2659533
0.16207,-0.601624
0.162072,1.1551685
0.162074,2.727035
0.162076,3.9752812
0.162078,4.7149835
0.16208,4.8999095
0.162082,4.483826
0.162084,3.5129685
0.162086,2.126027
0.162088,0.46169758
0.16209,-1.2488632
0.162092,-2.7744985
0.162094,-4.068977
0.162096,-4.7624474
0.162098,-4.9011416
0.1621,-4.4388275
0.162102,-3.467969
0.162104,-2.0347965
0.16210599,-0.32423592
0.162108,1.3863249
0.16211,2.9581914
0.162112,4.1602073
0.162114,4.807446
0.162116,4.8999095
0.162118,4.3913646
0.16212,3.3280425
0.162122,1.8948698
0.162124,0.23054075
0.162126,-1.48002
0.162128,-3.0056553
0.16213,-4.2076707
0.162132,-4.8086786
0.162134,-4.85491
0.162136,-4.346365
0.162138,-3.2830436
0.16214,-1.8036394
0.162142,-0.09307861
0.162144,1.6174817
0.162146,3.1431174
0.162148,4.252671
0.16215,4.8536773
0.16215199,4.8536773
0.162154,4.298901
0.162156,3.1431174
0.162158,1.6637135
0.16216,-0.046847343
0.162162,-1.7111769
0.162164,-3.1905808
0.162166,-4.3001337
0.162168,-4.85491
0.16217,-4.8086786
0.162172,-4.2076707
0.162174,-3.098118
0.162176,-1.5262513
0.162178,0.184309
0.16218,1.8486385
0.162182,3.3280425
0.162184,4.3913646
0.162186,4.8999095
0.162188,4.807446
0.16219,4.1602073
0.162192,2.9581914
0.162194,1.4325566
0.162196,-0.27800417
0.16219799,-1.9423337
0.1622,-3.3755062
0.162202,-4.4388275
0.162204,-4.9011416
0.162206,-4.7624474
0.162208,-4.068977
0.16221,-2.866961
0.162212,-1.3413262
0.162214,0.4154663
0.162216,2.0797954
0.162218,3.5129685
0.16222,4.483826
0.162222,4.8999095
0.162224,4.7149835
0.162226,4.0215135
0.162228,2.7732663
0.16223,1.2013993
0.162232,-0.5091615
0.162234,-2.1272593
0.162236,-3.5604317
0.162238,-4.5312905
0.16224,-4.9011416
0.162242,-4.669985
0.162244,-3.9302826
0.162246,-2.6820357
0.162248,-1.0639377
0.16225,0.64662313
0.162252,2.3109517
0.162254,3.6978936
0.162256,4.5762897
0.162258,4.8999095
0.16226,4.668752
0.162262,3.8365874
0.162264,2.542109
0.162266,0.970243
0.162268,-0.78654957
0.16227,-2.3584158
0.162272,-3.745357
0.162274,-4.623753
0.162276,-4.9011416
0.162278,-4.623753
0.16228,-3.7915885
0.162282,-2.4508786
0.162284,-0.83278084
0.162286,0.92401123
0.162288,2.542109
0.16229,3.8365874
0.162292,4.668752
0.162294,4.8999095
0.162296,4.5762897
0.162298,3.6978936
0.1623,2.3109517
0.162302,0.7390857
0.162304,-1.0177064
0.162306,-2.589573
0.162308,-3.8840513
0.16231,-4.669985
0.162312,-4.9011416
0.162314,-4.5312905
0.162316,-3.6066632
0.162318,-2.2659533
0.16232,-0.601624
0.162322,1.1551685
0.162324,2.727035
0.162326,3.9752812
0.162328,4.7149835
0.16233,4.8999095
0.162332,4.483826
0.162334,3.5129685
0.162336,2.126027
0.162338,0.46169758
0.16234,-1.2488632
0.162342,-2.7744985
0.162344,-4.068977
0.162346,-4.7624474
0.162348,-4.9011416
0.16235,-4.4388275
0.162352,-3.467969
0.16235399,-2.0347965
0.162356,-0.32423592
0.162358,1.3863249
0.16236,2.9581914
0.162362,4.1602073
0.162364,4.807446
0.162366,4.8999095
0.162368,4.3913646
0.16237,3.3280425
0.162372,1.8948698
0.162374,0.23054075
0.162376,-1.48002
0.162378,-3.0056553
0.16238,-4.2076707
0.162382,-4.8086786
0.162384,-4.85491
0.162386,-4.346365
0.162388,-3.2830436
0.16239,-1.8036394
0.162392,-0.09307861
0.162394,1.6174817
0.162396,3.1431174
0.162398,4.252671
0.16239999,4.8536773
0.162402,4.8536773
0.162404,4.298901
0.162406,3.1431174
0.162408,1.6637135
0.16241,-0.046847343
0.162412,-1.7111769
0.162414,-3.1905808
0.162416,-4.3001337
0.162418,-4.85491
0.16242,-4.8086786
0.162422,-4.2076707
0.162424,-3.098118
0.162426,-1.5262513
0.162428,0.184309
0.16243,1.8486385
0.162432,3.3280425
0.162434,4.3913646
0.162436,4.8999095
0.162438,4.807446
0.16244,4.1602073
0.162442,2.9581914
0.162444,1.4325566
0.16244599,-0.27800417
0.162448,-1.9423337
0.16245,-3.3755062
0.162452,-4.4388275
0.162454,-4.9011416
0.162456,-4.7624474
0.162458,-4.068977
0.16246,-2.866961
0.162462,-1.3413262
0.162464,0.4154663
0.162466,2.0797954
0.162468,3.5129685
0.16247,4.483826
0.162472,4.8999095
0.162474,4.7149835
0.162476,4.0215135
0.162478,2.7732663
0.16248,1.2013993
0.162482,-0.5091615
0.162484,-2.1272593
0.162486,-3.5604317
0.162488,-4.5312905
0.16249,-4.9011416
0.162492,-4.669985
0.162494,-3.9302826
0.162496,-2.6820357
0.162498,-1.0639377
0.1625,0.64662313
0.162502,2.3109517
0.162504,3.6978936
0.162506,4.5762897
0.162508,4.8999095
0.16251,4.668752
0.162512,3.8365874
0.162514,2.542109
0.162516,0.970243
0.162518,-0.78654957
0.16252,-2.3584158
0.162522,-3.745357
0.162524,-4.623753
0.162526,-4.9011416
0.162528,-4.623753
0.16253,-3.7915885
0.162532,-2.4508786
0.162534,-0.83278084
0.162536,0.92401123
0.162538,2.542109
0.16254,3.8365874
0.162542,4.668752
0.162544,4.8999095
0.162546,4.5762897
0.162548,3.6978936
0.16255,2.3109517
0.162552,0.7390857
0.162554,-1.0177064
0.162556,-2.589573
0.162558,-3.8840513
0.16256,-4.669985
0.162562,-4.9011416
0.162564,-4.5312905
0.162566,-3.6066632
0.162568,-2.2659533
0.16257,-0.601624
0.162572,1.1551685
0.162574,2.727035
0.162576,4.0215135
0.162578,4.7149835
0.16258,4.8999095
0.162582,4.483826
0.162584,3.5129685
0.162586,2.126027
0.162588,0.46169758
0.16259,-1.2488632
0.162592,-2.7744985
0.162594,-4.068977
0.162596,-4.7624474
0.162598,-4.9011416
0.1626,-4.4388275
0.16260199,-3.467969
0.162604,-2.0347965
0.162606,-0.32423592
0.162608,1.3863249
0.16261,2.9581914
0.162612,4.1602073
0.162614,4.807446
0.162616,4.8999095
0.162618,4.3913646
0.16262,3.3280425
0.162622,1.8948698
0.162624,0.23054075
0.162626,-1.48002
0.162628,-3.0056553
0.16263,-4.2076707
0.162632,-4.8086786
0.162634,-4.85491
0.162636,-4.346365
0.162638,-3.2830436
0.16264,-1.8036394
0.162642,-0.09307861
0.162644,1.6174817
0.162646,3.1431174
0.16264799,4.252671
0.16265,4.8536773
0.162652,4.8536773
0.162654,4.252671
0.162656,3.1431174
0.162658,1.6637135
0.16266,-0.046847343
0.162662,-1.7111769
0.162664,-3.1905808
0.162666,-4.3001337
0.162668,-4.85491
0.16267,-4.8086786
0.162672,-4.2076707
0.162674,-3.098118
0.162676,-1.5262513
0.162678,0.184309
0.16268,1.8486385
0.162682,3.3280425
0.162684,4.3913646
0.162686,4.8999095
0.162688,4.807446
0.16269,4.1602073
0.162692,2.9581914
0.16269399,1.4325566
0.162696,-0.27800417
0.162698,-1.9423337
0.1627,-3.3755062
0.162702,-4.4388275
0.162704,-4.9011416
0.162706,-4.7624474
0.162708,-4.068977
0.16271,-2.866961
0.162712,-1.3413262
0.162714,0.4154663
0.162716,2.0797954
0.162718,3.5129685
0.16272,4.483826
0.162722,4.8999095
0.162724,4.7149835
0.162726,4.0215135
0.162728,2.7732663
0.16273,1.2013993
0.162732,-0.5091615
0.162734,-2.1272593
0.162736,-3.5604317
0.162738,-4.5312905
0.16273999,-4.9011416
0.162742,-4.669985
0.162744,-3.9302826
0.162746,-2.6820357
0.162748,-1.0639377
0.16275,0.13807821
0.162752,0.5541601
0.162754,0.92401123
0.162756,1.2938623
0.162758,1.6637135
0.16276,1.9873328
0.162762,2.357184
0.162764,2.6808028
0.162766,3.0044227
0.162768,3.2818112
0.16277,3.5591989
0.162772,3.8365874
0.162774,4.0677447
0.162776,4.298901
0.162778,4.437596
0.16278,4.622521
0.162782,4.7612157
0.162784,4.8536773
0.162786,4.946141
0.162788,4.992371
0.16279,5.0386033
0.162792,5.0386033
0.162794,4.992371
0.162796,4.946141
0.162798,4.8536773
0.1628,4.7612157
0.162802,4.622521
0.162804,4.437596
0.162806,4.298901
0.162808,4.0677447
0.16281,3.8365874
0.162812,3.5591989
0.162814,3.2818112
0.162816,2.9581914
0.162818,2.6345725
0.16282,2.3109517
0.162822,1.9873328
0.162824,1.6174817
0.162826,1.2938623
0.162828,0.92401123
0.16283,0.50792885
0.162832,0.13807821
0.162834,-0.2317729
0.162836,-0.601624
0.162838,-1.0177064
0.16284,-1.387557
0.162842,-1.7111769
0.162844,-2.081028
0.162846,-2.4046474
0.162848,-2.728267
0.16284999,-3.0518866
0.162852,-3.329275
0.162854,-3.6066632
0.162856,-3.8840513
0.162858,-4.115208
0.16286,-4.3001337
0.162862,-4.4850593
0.162864,-4.623753
0.162866,-4.7624474
0.162868,-4.85491
0.16287,-4.947373
0.162872,-4.993604
0.162874,-5.0398355
0.162876,-4.993604
0.162878,-4.993604
0.16288,-4.9011416
0.162882,-4.8086786
0.162884,-4.669985
0.162886,-4.5312905
0.162888,-4.3925962
0.16289,-4.2076707
0.162892,-3.976514
0.162894,-3.745357
0.16289599,-3.467969
0.162898,-3.1905808
0.1629,-2.866961
0.162902,-2.5433414
0.162904,-2.2197218
0.162906,-1.8498712
0.162908,-1.48002
0.16291,-1.1564007
0.162912,-0.78654957
0.162914,-0.3704667
0.162916,-6.160736E-4
0.162918,0.36923456
0.16292,0.7853174
0.162922,1.1551685
0.162924,1.4787879
0.162926,1.8486385
0.162928,2.172258
0.16293,2.542109
0.162932,2.8657289
0.162934,3.1431174
0.162936,3.4667363
0.162938,3.6978936
0.16294,3.9752812
0.16294199,4.2064385
0.162944,4.3913646
0.162946,4.5300584
0.162948,4.7149835
0.16295,4.807446
0.162952,4.8999095
0.162954,4.992371
0.162956,5.0386033
0.162958,5.0386033
0.16296,4.992371
0.162962,4.946141
0.162964,4.8999095
0.162966,4.807446
0.162968,4.668752
0.16297,4.483826
0.162972,4.3451324
0.162974,4.113976
0.162976,3.8828197
0.162978,3.6516623
0.16298,3.3742738
0.162982,3.0968862
0.162984,2.7732663
0.162986,2.4496465
0.16298799,2.0797954
0.16299,1.756176
0.162992,1.3863249
0.162994,1.0164738
0.162996,0.64662313
0.162998,0.27677202
0.163,-0.09307861
0.163002,-0.5091615
0.163004,-0.8790121
0.163006,-1.2488632
0.163008,-1.5724826
0.16301,-1.9423337
0.163012,-2.2659533
0.163014,-2.6358042
0.163016,-2.9594238
0.163018,-3.236812
0.16302,-3.5142004
0.163022,-3.7915885
0.163024,-4.022745
0.163026,-4.2539024
0.163028,-4.4388275
0.16303,-4.577522
0.163032,-4.716216
0.163034,-4.85491
0.163036,-4.947373
0.163038,-4.993604
0.16304,-5.0398355
0.163042,-5.0398355
0.163044,-4.993604
0.163046,-4.947373
0.163048,-4.85491
0.16305,-4.716216
0.163052,-4.577522
0.163054,-4.4388275
0.163056,-4.2539024
0.163058,-4.068977
0.16306,-3.7915885
0.163062,-3.5604317
0.163064,-3.2830436
0.163066,-2.9594238
0.163068,-2.6358042
0.16307,-2.3121846
0.163072,-1.9885652
0.163074,-1.6187139
0.163076,-1.2488632
0.163078,-0.8790121
0.16308,-0.5091615
0.163082,-0.13931036
0.163084,0.27677202
0.163086,0.64662313
0.163088,1.0164738
0.16309,1.3863249
0.163092,1.7099442
0.163094,2.0797954
0.163096,2.4034152
0.16309799,2.727035
0.1631,3.050654
0.163102,3.3742738
0.163104,3.6516623
0.163106,3.8828197
0.163108,4.113976
0.16311,4.3451324
0.163112,4.483826
0.163114,4.622521
0.163116,4.7612157
0.163118,4.8999095
0.16312,4.946141
0.163122,4.992371
0.163124,5.0386033
0.163126,5.0386033
0.163128,4.992371
0.16313,4.8999095
0.163132,4.807446
0.163134,4.7149835
0.163136,4.5300584
0.163138,4.3913646
0.16314,4.2064385
0.163142,3.9752812
0.16314399,3.744125
0.163146,3.4667363
0.163148,3.1893477
0.16315,2.8657289
0.163152,2.542109
0.163154,2.2184901
0.163156,1.8486385
0.163158,1.4787879
0.16316,1.1551685
0.163162,0.7853174
0.163164,0.4154663
0.163166,-6.160736E-4
0.163168,-0.3704667
0.16317,-0.7403178
0.163172,-1.1101689
0.163174,-1.48002
0.163176,-1.8036394
0.163178,-2.1734905
0.16318,-2.4971101
0.163182,-2.8207297
0.163184,-3.1443493
0.163186,-3.4217377
0.163188,-3.6991258
0.16318999,-3.976514
0.163192,-4.2076707
0.163194,-4.3925962
0.163196,-4.5312905
0.163198,-4.669985
0.1632,-4.8086786
0.163202,-4.9011416
0.163204,-4.947373
0.163206,-4.993604
0.163208,-5.0398355
0.16321,-4.993604
0.163212,-4.947373
0.163214,-4.9011416
0.163216,-4.7624474
0.163218,-4.623753
0.16322,-4.4850593
0.163222,-4.346365
0.163224,-4.115208
0.163226,-3.8840513
0.163228,-3.6528945
0.16323,-3.3755062
0.163232,-3.0518866
0.163234,-2.7744985
0.16323599,-2.4508786
0.163238,-2.081028
0.16324,-1.7111769
0.163242,-1.387557
0.163244,-1.0177064
0.163246,-0.6478553
0.163248,-0.27800417
0.16325,0.13807821
0.163252,0.50792885
0.163254,0.87777996
0.163256,1.2476311
0.163258,1.6174817
0.16326,1.9411016
0.163262,2.3109517
0.163264,2.6345725
0.163266,2.9581914
0.163268,3.2818112
0.16327,3.5591989
0.163272,3.7903562
0.163274,4.0677447
0.163276,4.252671
0.163278,4.437596
0.16328,4.5762897
0.163282,4.7612157
0.163284,4.8536773
0.163286,4.946141
0.163288,4.992371
0.16329,5.0386033
0.163292,5.0386033
0.163294,4.992371
0.163296,4.946141
0.163298,4.8536773
0.1633,4.7612157
0.163302,4.622521
0.163304,4.437596
0.163306,4.252671
0.163308,4.0677447
0.16331,3.7903562
0.163312,3.5591989
0.163314,3.2818112
0.163316,2.9581914
0.163318,2.6345725
0.16332,2.3109517
0.163322,1.9873328
0.163324,1.6174817
0.163326,1.2938623
0.163328,0.92401123
0.16333,0.50792885
0.163332,0.13807821
0.163334,-0.2317729
0.163336,-0.601624
0.163338,-1.0177064
0.16334,-1.387557
0.163342,-1.7111769
0.163344,-2.081028
0.163346,-2.4046474
0.163348,-2.728267
0.16335,-3.0518866
0.163352,-3.329275
0.163354,-3.6066632
0.163356,-3.8840513
0.163358,-4.115208
0.16336,-4.3001337
0.163362,-4.4850593
0.163364,-4.623753
0.163366,-4.7624474
0.163368,-4.85491
0.16337,-4.947373
0.163372,-4.993604
0.163374,-5.0398355
0.163376,-4.993604
0.163378,-4.993604
0.16338,-4.9011416
0.163382,-4.8086786
0.163384,-4.669985
0.163386,-4.5312905
0.163388,-4.3925962
0.16339,-4.2076707
0.16339199,-3.976514
0.163394,-3.745357
0.163396,-3.467969
0.163398,-3.1905808
0.1634,-2.866961
0.163402,-2.5433414
0.163404,-2.2197218
0.163406,-1.8498712
0.163408,-1.48002
0.16341,-1.1564007
0.163412,-0.78654957
0.163414,-0.3704667
0.163416,-6.160736E-4
0.163418,0.36923456
0.16342,0.7390857
0.163422,1.1551685
0.163424,1.4787879
0.163426,1.8486385
0.163428,2.2184901
0.16343,2.542109
0.163432,2.8657289
0.163434,3.1431174
0.163436,3.4667363
0.16343799,3.744125
0.16344,3.9752812
0.163442,4.2064385
0.163444,4.3913646
0.163446,4.5300584
0.163448,4.7149835
0.16345,4.807446
0.163452,4.8999095
0.163454,4.992371
0.163456,5.0386033
0.163458,5.0386033
0.16346,4.992371
0.163462,4.946141
0.163464,4.8999095
0.163466,4.807446
0.163468,4.668752
0.16347,4.483826
0.163472,4.3451324
0.163474,4.113976
0.163476,3.8828197
0.163478,3.6516623
0.16348,3.3742738
0.163482,3.0968862
0.16348399,2.7732663
0.163486,2.4496465
0.163488,2.0797954
0.16349,1.756176
0.163492,1.3863249
0.163494,1.0164738
0.163496,0.64662313
0.163498,0.27677202
0.1635,-0.09307861
0.163502,-0.5091615
0.163504,-0.8790121
0.163506,-1.2488632
0.163508,-1.5724826
0.16351,-1.9423337
0.163512,-2.2659533
0.163514,-2.6358042
0.163516,-2.9594238
0.163518,-3.236812
0.16352,-3.5142004
0.163522,-3.7915885
0.163524,-4.022745
0.163526,-4.2539024
0.163528,-4.4388275
0.16353,-4.577522
0.163532,-4.716216
0.163534,-4.85491
0.163536,-4.947373
0.163538,-4.993604
0.16354,-5.0398355
0.163542,-5.0398355
0.163544,-4.993604
0.163546,-4.947373
0.163548,-4.85491
0.16355,-4.716216
0.163552,-4.577522
0.163554,-4.4388275
0.163556,-4.2539024
0.163558,-4.068977
0.16356,-3.7915885
0.163562,-3.5604317
0.163564,-3.2830436
0.163566,-2.9594238
0.163568,-2.6358042
0.16357,-2.3121846
0.163572,-1.9885652
0.163574,-1.6187139
0.163576,-1.2488632
0.163578,-0.8790121
0.16358,-0.5091615
0.163582,-0.13931036
0.163584,0.27677202
0.163586,0.64662313
0.163588,1.0164738
0.16359,1.3863249
0.163592,1.7099442
0.163594,2.0797954
0.163596,2.4034152
0.163598,2.727035
0.1636,3.050654
0.163602,3.3742738
0.163604,3.6516623
0.163606,3.8828197
0.163608,4.113976
0.16361,4.3451324
0.163612,4.483826
0.163614,4.668752
0.163616,4.7612157
0.163618,4.8999095
0.16362,4.946141
0.163622,4.992371
0.163624,5.0386033
0.163626,5.0386033
0.163628,4.992371
0.16363,4.8999095
0.163632,4.807446
0.163634,4.7149835
0.163636,4.5300584
0.163638,4.3913646
0.16363999,4.2064385
0.163642,3.9752812
0.163644,3.744125
0.163646,3.4667363
0.163648,3.1893477
0.16365,2.8657289
0.163652,2.542109
0.163654,2.2184901
0.163656,1.8486385
0.163658,1.4787879
0.16366,1.1551685
0.163662,0.7853174
0.163664,0.4154663
0.163666,-6.160736E-4
0.163668,-0.3704667
0.16367,-0.7403178
0.163672,-1.1101689
0.163674,-1.48002
0.163676,-1.8036394
0.163678,-2.1734905
0.16368,-2.4971101
0.163682,-2.8207297
0.163684,-3.1443493
0.16368599,-3.4217377
0.163688,-3.6991258
0.16369,-3.976514
0.163692,-4.2076707
0.163694,-4.3925962
0.163696,-4.5312905
0.163698,-4.669985
0.1637,-4.8086786
0.163702,-4.9011416
0.163704,-4.993604
0.163706,-4.993604
0.163708,-5.0398355
0.16371,-4.993604
0.163712,-4.947373
0.163714,-4.9011416
0.163716,-4.7624474
0.163718,-4.623753
0.16372,-4.4850593
0.163722,-4.346365
0.163724,-4.115208
0.163726,-3.8840513
0.163728,-3.6528945
0.16373,-3.3755062
0.16373199,-3.0518866
0.163734,-2.7744985
0.163736,-2.4508786
0.163738,-2.081028
0.16374,-1.7111769
0.163742,-1.387557
0.163744,-1.0177064
0.163746,-0.6478553
0.163748,-0.27800417
0.16375,0.64662313
0.163752,2.2647214
0.163754,3.6516623
0.163756,4.5300584
0.163758,4.8999095
0.16376,4.622521
0.163762,3.8365874
0.163764,2.4958777
0.163766,0.92401123
0.163768,-0.78654957
0.16377,-2.4046474
0.163772,-3.745357
0.163774,-4.623753
0.163776,-4.947373
0.163778,-4.623753
0.16378,-3.7915885
0.163782,-2.4508786
0.163784,-0.83278084
0.163786,0.92401123
0.163788,2.542109
0.16379,3.8365874
0.163792,4.668752
0.163794,4.8999095
0.163796,4.5762897
0.163798,3.6978936
0.1638,2.3109517
0.163802,0.6928544
0.163804,-1.0177064
0.163806,-2.589573
0.163808,-3.9302826
0.16381,-4.669985
0.163812,-4.9011416
0.163814,-4.5312905
0.163816,-3.6066632
0.163818,-2.2197218
0.16382,-0.601624
0.163822,1.1551685
0.163824,2.727035
0.163826,4.0215135
0.163828,4.7149835
0.16383,4.8999095
0.163832,4.483826
0.163834,3.5129685
0.163836,2.126027
0.163838,0.46169758
0.16384,-1.2488632
0.163842,-2.8207297
0.163844,-4.068977
0.163846,-4.7624474
0.163848,-4.9011416
0.16385,-4.4388275
0.163852,-3.467969
0.163854,-2.0347965
0.163856,-0.32423592
0.163858,1.4325566
0.16386,2.9581914
0.163862,4.1602073
0.163864,4.807446
0.163866,4.8999095
0.163868,4.3913646
0.16387,3.3280425
0.163872,1.8948698
0.163874,0.23054075
0.163876,-1.48002
0.163878,-3.0056553
0.16388,-4.2076707
0.163882,-4.8086786
0.163884,-4.85491
0.163886,-4.346365
0.16388799,-3.2830436
0.16389,-1.7574081
0.163892,-0.09307861
0.163894,1.6174817
0.163896,3.1431174
0.163898,4.298901
0.1639,4.8536773
0.163902,4.8536773
0.163904,4.252671
0.163906,3.1431174
0.163908,1.6637135
0.16391,-0.046847343
0.163912,-1.7111769
0.163914,-3.1905808
0.163916,-4.3001337
0.163918,-4.85491
0.16392,-4.8086786
0.163922,-4.2076707
0.163924,-3.098118
0.163926,-1.5262513
0.163928,0.184309
0.16393,1.8486385
0.163932,3.3280425
0.16393399,4.3913646
0.163936,4.8999095
0.163938,4.807446
0.16394,4.1602073
0.163942,2.9581914
0.163944,1.4325566
0.163946,-0.27800417
0.163948,-1.9423337
0.16395,-3.3755062
0.163952,-4.4388275
0.163954,-4.9011416
0.163956,-4.7624474
0.163958,-4.068977
0.16396,-2.866961
0.163962,-1.3413262
0.163964,0.4154663
0.163966,2.0797954
0.163968,3.5129685
0.16397,4.483826
0.163972,4.8999095
0.163974,4.7149835
0.163976,3.9752812
0.163978,2.7732663
0.16397999,1.2013993
0.163982,-0.5091615
0.163984,-2.1734905
0.163986,-3.5604317
0.163988,-4.5312905
0.16399,-4.9011416
0.163992,-4.669985
0.163994,-3.9302826
0.163996,-2.6820357
0.163998,-1.0639377
0.164,0.6928544
0.164002,2.3109517
0.164004,3.6978936
0.164006,4.5762897
0.164008,4.8999095
0.16401,4.668752
0.164012,3.8365874
0.164014,2.542109
0.164016,0.970243
0.164018,-0.78654957
0.16402,-2.3584158
0.164022,-3.745357
0.164024,-4.623753
0.16402599,-4.9011416
0.164028,-4.623753
0.16403,-3.7915885
0.164032,-2.4508786
0.164034,-0.83278084
0.164036,0.92401123
0.164038,2.542109
0.16404,3.8365874
0.164042,4.668752
0.164044,4.8999095
0.164046,4.5762897
0.164048,3.6978936
0.16405,2.3109517
0.164052,0.6928544
0.164054,-1.0177064
0.164056,-2.589573
0.164058,-3.8840513
0.16406,-4.669985
0.164062,-4.9011416
0.164064,-4.5312905
0.164066,-3.6066632
0.164068,-2.2197218
0.16407,-0.601624
0.164072,1.1551685
0.164074,2.727035
0.164076,4.0215135
0.164078,4.7149835
0.16408,4.8999095
0.164082,4.483826
0.164084,3.5129685
0.164086,2.126027
0.164088,0.46169758
0.16409,-1.2488632
0.164092,-2.8207297
0.164094,-4.068977
0.164096,-4.7624474
0.164098,-4.9011416
0.1641,-4.4388275
0.164102,-3.4217377
0.164104,-1.9885652
0.164106,-0.32423592
0.164108,1.4325566
0.16411,2.9581914
0.164112,4.1602073
0.164114,4.807446
0.164116,4.8999095
0.164118,4.3913646
0.16412,3.3280425
0.164122,1.8948698
0.164124,0.23054075
0.164126,-1.48002
0.164128,-3.0056553
0.16413,-4.2076707
0.164132,-4.8086786
0.164134,-4.85491
0.16413599,-4.346365
0.164138,-3.2830436
0.16414,-1.7574081
0.164142,-0.09307861
0.164144,1.6174817
0.164146,3.1431174
0.164148,4.298901
0.16415,4.8536773
0.164152,4.8536773
0.164154,4.252671
0.164156,3.1431174
0.164158,1.6637135
0.16416,-0.046847343
0.164162,-1.7111769
0.164164,-3.1905808
0.164166,-4.3001337
0.164168,-4.85491
0.16417,-4.8086786
0.164172,-4.2076707
0.164174,-3.098118
0.164176,-1.5262513
0.164178,0.184309
0.16418,1.8486385
0.16418199,3.3280425
0.164184,4.3913646
0.164186,4.8999095
0.164188,4.807446
0.16419,4.1602073
0.164192,2.9581914
0.164194,1.4325566
0.164196,-0.27800417
0.164198,-1.9423337
0.1642,-3.3755062
0.164202,-4.4388275
0.164204,-4.9011416
0.164206,-4.7624474
0.164208,-4.068977
0.16421,-2.866961
0.164212,-1.3413262
0.164214,0.4154663
0.164216,2.0797954
0.164218,3.5129685
0.16422,4.483826
0.164222,4.8999095
0.164224,4.7149835
0.164226,3.9752812
0.16422799,2.7732663
0.16423,1.2013993
0.164232,-0.5091615
0.164234,-2.1734905
0.164236,-3.5604317
0.164238,-4.5312905
0.16424,-4.9011416
0.164242,-4.669985
0.164244,-3.9302826
0.164246,-2.6820357
0.164248,-1.0639377
0.16425,0.6928544
0.164252,2.3109517
0.164254,3.6978936
0.164256,4.5762897
0.164258,4.946141
0.16426,4.668752
0.164262,3.8365874
0.164264,2.542109
0.164266,0.970243
0.164268,-0.78654957
0.16427,-2.3584158
0.164272,-3.745357
0.16427399,-4.623753
0.164276,-4.9011416
0.164278,-4.623753
0.16428,-3.7915885
0.164282,-2.4508786
0.164284,-0.83278084
0.164286,0.92401123
0.164288,2.542109
0.16429,3.8365874
0.164292,4.668752
0.164294,4.8999095
0.164296,4.5762897
0.164298,3.6978936
0.1643,2.3109517
0.164302,0.6928544
0.164304,-1.0177064
0.164306,-2.589573
0.164308,-3.8840513
0.16431,-4.669985
0.164312,-4.9011416
0.164314,-4.5312905
0.164316,-3.6066632
0.164318,-2.2197218
0.16432,-0.601624
0.164322,1.1551685
0.164324,2.727035
0.164326,4.0215135
0.164328,4.7149835
0.16433,4.8999095
0.164332,4.483826
0.164334,3.5129685
0.164336,2.126027
0.164338,0.46169758
0.16434,-1.2488632
0.164342,-2.8207297
0.164344,-4.068977
0.164346,-4.7624474
0.164348,-4.9011416
0.16435,-4.4388275
0.164352,-3.4217377
0.164354,-1.9885652
0.164356,-0.32423592
0.164358,1.4325566
0.16436,2.9581914
0.164362,4.1602073
0.164364,4.807446
0.164366,4.8999095
0.164368,4.3913646
0.16437,3.3280425
0.164372,1.8948698
0.164374,0.23054075
0.164376,-1.48002
0.164378,-3.0056553
0.16438,-4.2076707
0.164382,-4.8086786
0.164384,-4.85491
0.164386,-4.346365
0.164388,-3.2830436
0.16439,-1.7574081
0.164392,-0.09307861
0.164394,1.6174817
0.164396,3.1431174
0.164398,4.298901
0.1644,4.8536773
0.164402,4.8536773
0.164404,4.252671
0.164406,3.1431174
0.164408,1.6637135
0.16441,-0.046847343
0.164412,-1.7111769
0.164414,-3.1905808
0.164416,-4.346365
0.164418,-4.85491
0.16442,-4.8086786
0.164422,-4.2076707
0.164424,-3.0518866
0.164426,-1.5262513
0.164428,0.184309
0.16442999,1.8486385
0.164432,3.3280425
0.164434,4.3913646
0.164436,4.8999095
0.164438,4.807446
0.16444,4.1602073
0.164442,2.9581914
0.164444,1.4325566
0.164446,-0.27800417
0.164448,-1.9423337
0.16445,-3.3755062
0.164452,-4.4388275
0.164454,-4.9011416
0.164456,-4.7624474
0.164458,-4.068977
0.16446,-2.866961
0.164462,-1.3413262
0.164464,0.4154663
0.164466,2.0797954
0.164468,3.5129685
0.16447,4.483826
0.164472,4.8999095
0.164474,4.7149835
0.16447599,4.0215135
0.164478,2.7732663
0.16448,1.2013993
0.164482,-0.55539227
0.164484,-2.1734905
0.164486,-3.5604317
0.164488,-4.5312905
0.16449,-4.9011416
0.164492,-4.669985
0.164494,-3.9302826
0.164496,-2.6820357
0.164498,-1.0639377
0.1645,0.6928544
0.164502,2.3109517
0.164504,3.6978936
0.164506,4.5762897
0.164508,4.8999095
0.16451,4.668752
0.164512,3.8365874
0.164514,2.542109
0.164516,0.970243
0.164518,-0.78654957
0.16452,-2.3584158
0.16452199,-3.745357
0.164524,-4.623753
0.164526,-4.9011416
0.164528,-4.623753
0.16453,-3.7915885
0.164532,-2.4508786
0.164534,-0.83278084
0.164536,0.92401123
0.164538,2.542109
0.16454,3.8365874
0.164542,4.668752
0.164544,4.8999095
0.164546,4.5762897
0.164548,3.6978936
0.16455,2.3109517
0.164552,0.6928544
0.164554,-1.0177064
0.164556,-2.589573
0.164558,-3.9302826
0.16456,-4.669985
0.164562,-4.9011416
0.164564,-4.5312905
0.164566,-3.6066632
0.164568,-2.2197218
0.16457,-0.55539227
0.164572,1.1551685
0.164574,2.727035
0.164576,4.0215135
0.164578,4.7149835
0.16458,4.8999095
0.164582,4.483826
0.164584,3.5129685
0.164586,2.126027
0.164588,0.46169758
0.16459,-1.2488632
0.164592,-2.8207297
0.164594,-4.068977
0.164596,-4.7624474
0.164598,-4.9011416
0.1646,-4.4388275
0.164602,-3.4217377
0.164604,-1.9885652
0.164606,-0.32423592
0.164608,1.4325566
0.16461,2.9581914
0.164612,4.1602073
0.164614,4.807446
0.164616,4.8999095
0.164618,4.3913646
0.16462,3.3280425
0.164622,1.8948698
0.164624,0.23054075
0.164626,-1.48002
0.164628,-3.0056553
0.16463,-4.2076707
0.164632,-4.8086786
0.164634,-4.85491
0.164636,-4.346365
0.164638,-3.2830436
0.16464,-1.7574081
0.164642,-0.09307861
0.164644,1.6174817
0.164646,3.1431174
0.164648,4.298901
0.16465,4.8536773
0.164652,4.8536773
0.164654,4.252671
0.164656,3.1431174
0.164658,1.6637135
0.16466,-0.046847343
0.164662,-1.7111769
0.164664,-3.1905808
0.164666,-4.346365
0.164668,-4.85491
0.16467,-4.8086786
0.164672,-4.2076707
0.164674,-3.0518866
0.164676,-1.5262513
0.16467799,0.184309
0.16468,1.8486385
0.164682,3.3280425
0.164684,4.3913646
0.164686,4.8999095
0.164688,4.807446
0.16469,4.1602073
0.164692,2.9581914
0.164694,1.4325566
0.164696,-0.27800417
0.164698,-1.9423337
0.1647,-3.3755062
0.164702,-4.4388275
0.164704,-4.9011416
0.164706,-4.7624474
0.164708,-4.068977
0.16471,-2.866961
0.164712,-1.3413262
0.164714,0.4154663
0.164716,2.0797954
0.164718,3.5129685
0.16472,4.483826
0.164722,4.8999095
0.16472399,4.7149835
0.164726,3.9752812
0.164728,2.727035
0.16473,1.2013993
0.164732,-0.55539227
0.164734,-2.1734905
0.164736,-3.5604317
0.164738,-4.5312905
0.16474,-4.9011416
0.164742,-4.669985
0.164744,-3.9302826
0.164746,-2.6820357
0.164748,-1.0639377
0.16475,0.13807821
0.164752,0.5541601
0.164754,0.92401123
0.164756,1.2938623
0.164758,1.6637135
0.16476,1.9873328
0.164762,2.357184
0.164764,2.6808028
0.164766,3.0044227
0.164768,3.2818112
0.16476999,3.5591989
0.164772,3.8365874
0.164774,4.0677447
0.164776,4.298901
0.164778,4.437596
0.16478,4.622521
0.164782,4.7612157
0.164784,4.8536773
0.164786,4.946141
0.164788,4.992371
0.16479,5.0386033
0.164792,5.0386033
0.164794,4.992371
0.164796,4.946141
0.164798,4.8536773
0.1648,4.7612157
0.164802,4.622521
0.164804,4.437596
0.164806,4.298901
0.164808,4.0677447
0.16481,3.8365874
0.164812,3.5591989
0.164814,3.2818112
0.164816,2.9581914
0.164818,2.6345725
0.16482,2.3109517
0.164822,1.9873328
0.164824,1.6174817
0.164826,1.2938623
0.164828,0.92401123
0.16483,0.50792885
0.164832,0.13807821
0.164834,-0.2317729
0.164836,-0.601624
0.164838,-1.0177064
0.16484,-1.387557
0.164842,-1.7111769
0.164844,-2.081028
0.164846,-2.4046474
0.164848,-2.728267
0.16485,-3.0518866
0.164852,-3.329275
0.164854,-3.6066632
0.164856,-3.8840513
0.164858,-4.115208
0.16486,-4.3001337
0.164862,-4.4850593
0.164864,-4.623753
0.164866,-4.7624474
0.164868,-4.85491
0.16487,-4.947373
0.164872,-4.993604
0.164874,-5.0398355
0.164876,-4.993604
0.164878,-4.993604
0.16488,-4.9011416
0.164882,-4.8086786
0.164884,-4.669985
0.164886,-4.5312905
0.164888,-4.3925962
0.16489,-4.2076707
0.164892,-3.976514
0.164894,-3.745357
0.164896,-3.467969
0.164898,-3.1905808
0.1649,-2.866961
0.164902,-2.5433414
0.164904,-2.2197218
0.164906,-1.8498712
0.164908,-1.48002
0.16491,-1.1564007
0.164912,-0.78654957
0.164914,-0.3704667
0.164916,-6.160736E-4
0.164918,0.36923456
0.16492,0.7853174
0.164922,1.1551685
0.164924,1.4787879
0.16492599,1.8486385
0.164928,2.2184901
0.16493,2.542109
0.164932,2.8657289
0.164934,3.1431174
0.164936,3.4667363
0.164938,3.744125
0.16494,3.9752812
0.164942,4.2064385
0.164944,4.3913646
0.164946,4.5300584
0.164948,4.7149835
0.16495,4.807446
0.164952,4.8999095
0.164954,4.992371
0.164956,5.0386033
0.164958,5.0386033
0.16496,4.992371
0.164962,4.946141
0.164964,4.8999095
0.164966,4.7612157
0.164968,4.668752
0.16497,4.483826
0.16497199,4.3451324
0.164974,4.113976
0.164976,3.8828197
0.164978,3.6516623
0.16498,3.3742738
0.164982,3.050654
0.164984,2.7732663
0.164986,2.4496465
0.164988,2.0797954
0.16499,1.756176
0.164992,1.3863249
0.164994,1.0164738
0.164996,0.64662313
0.164998,0.27677202
0.165,-0.09307861
0.165002,-0.5091615
0.165004,-0.8790121
0.165006,-1.2488632
0.165008,-1.5724826
0.16501,-1.9423337
0.165012,-2.3121846
0.165014,-2.6358042
0.165016,-2.9594238
0.16501799,-3.236812
0.16502,-3.5142004
0.165022,-3.7915885
0.165024,-4.022745
0.165026,-4.2539024
0.165028,-4.4388275
0.16503,-4.577522
0.165032,-4.716216
0.165034,-4.85491
0.165036,-4.947373
0.165038,-4.993604
0.16504,-5.0398355
0.165042,-5.0398355
0.165044,-4.993604
0.165046,-4.947373
0.165048,-4.85491
0.16505,-4.716216
0.165052,-4.577522
0.165054,-4.4388275
0.165056,-4.2539024
0.165058,-4.068977
0.16506,-3.7915885
0.165062,-3.5604317
0.16506399,-3.2830436
0.165066,-2.9594238
0.165068,-2.6358042
0.16507,-2.3121846
0.165072,-1.9885652
0.165074,-1.6187139
0.165076,-1.2488632
0.165078,-0.8790121
0.16508,-0.5091615
0.165082,-0.13931036
0.165084,0.27677202
0.165086,0.64662313
0.165088,1.0164738
0.16509,1.3863249
0.165092,1.7099442
0.165094,2.0797954
0.165096,2.4034152
0.165098,2.727035
0.1651,3.050654
0.165102,3.3742738
0.165104,3.6516623
0.165106,3.8828197
0.165108,4.113976
0.16511,4.3451324
0.165112,4.483826
0.165114,4.668752
0.165116,4.7612157
0.165118,4.8999095
0.16512,4.946141
0.165122,4.992371
0.165124,5.0386033
0.165126,5.0386033
0.165128,4.992371
0.16513,4.8999095
0.165132,4.807446
0.165134,4.7149835
0.165136,4.5300584
0.165138,4.3913646
0.16514,4.2064385
0.165142,3.9752812
0.165144,3.744125
0.165146,3.4667363
0.165148,3.1893477
0.16515,2.8657289
0.165152,2.542109
0.165154,2.2184901
0.165156,1.8486385
0.165158,1.4787879
0.16516,1.1551685
0.165162,0.7853174
0.165164,0.4154663
0.165166,-6.160736E-4
0.165168,-0.3704667
0.16517,-0.7403178
0.165172,-1.1101689
0.16517399,-1.48002
0.165176,-1.8036394
0.165178,-2.1734905
0.16518,-2.4971101
0.165182,-2.8207297
0.165184,-3.1443493
0.165186,-3.4217377
0.165188,-3.6991258
0.16519,-3.976514
0.165192,-4.1614394
0.165194,-4.3925962
0.165196,-4.5312905
0.165198,-4.669985
0.1652,-4.8086786
0.165202,-4.9011416
0.165204,-4.993604
0.165206,-4.993604
0.165208,-5.0398355
0.16521,-4.993604
0.165212,-4.947373
0.165214,-4.9011416
0.165216,-4.7624474
0.165218,-4.623753
0.16521999,-4.4850593
0.165222,-4.346365
0.165224,-4.115208
0.165226,-3.8840513
0.165228,-3.6528945
0.16523,-3.3755062
0.165232,-3.0518866
0.165234,-2.7744985
0.165236,-2.4508786
0.165238,-2.081028
0.16524,-1.7111769
0.165242,-1.387557
0.165244,-1.0177064
0.165246,-0.6478553
0.165248,-0.27800417
0.16525,0.13807821
0.165252,0.50792885
0.165254,0.87777996
0.165256,1.2476311
0.165258,1.6174817
0.16526,1.9411016
0.165262,2.3109517
0.165264,2.6345725
0.16526599,2.9581914
0.165268,3.2818112
0.16527,3.5591989
0.165272,3.7903562
0.165274,4.0677447
0.165276,4.252671
0.165278,4.437596
0.16528,4.5762897
0.165282,4.7149835
0.165284,4.8536773
0.165286,4.946141
0.165288,4.992371
0.16529,5.0386033
0.165292,5.0386033
0.165294,4.992371
0.165296,4.946141
0.165298,4.8536773
0.1653,4.7612157
0.165302,4.622521
0.165304,4.437596
0.165306,4.252671
0.165308,4.0677447
0.16531,3.7903562
0.16531199,3.5591989
0.165314,3.2818112
0.165316,2.9581914
0.165318,2.6345725
0.16532,2.3109517
0.165322,1.9873328
0.165324,1.6174817
0.165326,1.2938623
0.165328,0.92401123
0.16533,0.50792885
0.165332,0.13807821
0.165334,-0.2317729
0.165336,-0.601624
0.165338,-1.0177064
0.16534,-1.387557
0.165342,-1.7111769
0.165344,-2.081028
0.165346,-2.4046474
0.165348,-2.728267
0.16535,-3.0518866
0.165352,-3.329275
0.165354,-3.6066632
0.165356,-3.8840513
0.165358,-4.115208
0.16536,-4.346365
0.165362,-4.4850593
0.165364,-4.623753
0.165366,-4.7624474
0.165368,-4.85491
0.16537,-4.947373
0.165372,-4.993604
0.165374,-5.0398355
0.165376,-4.993604
0.165378,-4.993604
0.16538,-4.9011416
0.165382,-4.8086786
0.165384,-4.669985
0.165386,-4.5312905
0.165388,-4.3925962
0.16539,-4.2076707
0.165392,-3.976514
0.165394,-3.745357
0.165396,-3.467969
0.165398,-3.1905808
0.1654,-2.866961
0.165402,-2.5433414
0.165404,-2.2197218
0.165406,-1.8498712
0.165408,-1.48002
0.16541,-1.1564007
0.165412,-0.78654957
0.165414,-0.3704667
0.165416,-6.160736E-4
0.165418,0.36923456
0.16542,0.7853174
0.16542199,1.1551685
0.165424,1.4787879
0.165426,1.8486385
0.165428,2.2184901
0.16543,2.542109
0.165432,2.8657289
0.165434,3.1431174
0.165436,3.4667363
0.165438,3.6978936
0.16544,3.9752812
0.165442,4.2064385
0.165444,4.3913646
0.165446,4.5300584
0.165448,4.7149835
0.16545,4.807446
0.165452,4.8999095
0.165454,4.992371
0.165456,5.0386033
0.165458,5.0386033
0.16546,4.992371
0.165462,4.946141
0.165464,4.8999095
0.165466,4.807446
0.16546799,4.668752
0.16547,4.483826
0.165472,4.3451324
0.165474,4.113976
0.165476,3.8828197
0.165478,3.6516623
0.16548,3.3742738
0.165482,3.050654
0.165484,2.7732663
0.165486,2.4496465
0.165488,2.0797954
0.16549,1.756176
0.165492,1.3863249
0.165494,1.0164738
0.165496,0.64662313
0.165498,0.27677202
0.1655,-0.09307861
0.165502,-0.5091615
0.165504,-0.8790121
0.165506,-1.2488632
0.165508,-1.5724826
0.16551,-1.9423337
0.165512,-2.3121846
0.16551399,-2.6358042
0.165516,-2.9594238
0.165518,-3.236812
0.16552,-3.5142004
0.165522,-3.7915885
0.165524,-4.022745
0.165526,-4.2539024
0.165528,-4.4388275
0.16553,-4.577522
0.165532,-4.716216
0.165534,-4.85491
0.165536,-4.947373
0.165538,-4.993604
0.16554,-5.0398355
0.165542,-5.0398355
0.165544,-4.993604
0.165546,-4.947373
0.165548,-4.85491
0.16555,-4.716216
0.165552,-4.577522
0.165554,-4.4388275
0.165556,-4.2539024
0.165558,-4.068977
0.16555999,-3.7915885
0.165562,-3.5604317
0.165564,-3.2830436
0.165566,-2.9594238
0.165568,-2.6358042
0.16557,-2.3121846
0.165572,-1.9885652
0.165574,-1.6187139
0.165576,-1.2488632
0.165578,-0.8790121
0.16558,-0.5091615
0.165582,-0.13931036
0.165584,0.27677202
0.165586,0.64662313
0.165588,1.0164738
0.16559,1.3863249
0.165592,1.7099442
0.165594,2.0797954
0.165596,2.4034152
0.165598,2.7732663
0.1656,3.050654
0.165602,3.3742738
0.165604,3.6516623
0.165606,3.8828197
0.165608,4.113976
0.16561,4.3451324
0.165612,4.483826
0.165614,4.668752
0.165616,4.7612157
0.165618,4.8999095
0.16562,4.946141
0.165622,4.992371
0.165624,5.0386033
0.165626,5.0386033
0.165628,4.992371
0.16563,4.8999095
0.165632,4.807446
0.165634,4.7149835
0.165636,4.5300584
0.165638,4.3913646
0.16564,4.2064385
0.165642,3.9752812
0.165644,3.744125
0.165646,3.4667363
0.165648,3.1893477
0.16565,2.8657289
0.165652,2.542109
0.165654,2.2184901
0.165656,1.8486385
0.165658,1.4787879
0.16566,1.1551685
0.165662,0.7853174
0.165664,0.4154663
0.165666,-6.160736E-4
0.165668,-0.3704667
0.16567,-0.7403178
0.165672,-1.1101689
0.165674,-1.48002
0.165676,-1.8036394
0.165678,-2.1734905
0.16568,-2.4971101
0.165682,-2.8207297
0.165684,-3.1443493
0.165686,-3.4217377
0.165688,-3.6991258
0.16569,-3.976514
0.165692,-4.2076707
0.165694,-4.3925962
0.165696,-4.5312905
0.165698,-4.669985
0.1657,-4.8086786
0.165702,-4.9011416
0.165704,-4.993604
0.165706,-4.993604
0.165708,-5.0398355
0.16571,-4.993604
0.165712,-4.947373
0.165714,-4.9011416
0.16571599,-4.7624474
0.165718,-4.623753
0.16572,-4.4850593
0.165722,-4.346365
0.165724,-4.115208
0.165726,-3.8840513
0.165728,-3.6528945
0.16573,-3.3755062
0.165732,-3.0518866
0.165734,-2.7744985
0.165736,-2.4046474
0.165738,-2.081028
0.16574,-1.7111769
0.165742,-1.387557
0.165744,-1.0177064
0.165746,-0.6478553
0.165748,-0.27800417
0.16575,0.64662313
0.165752,2.2647214
0.165754,3.6516623
0.165756,4.5300584
0.165758,4.8999095
0.16576,4.622521
0.16576199,3.7903562
0.165764,2.4958777
0.165766,0.92401123
0.165768,-0.78654957
0.16577,-2.4046474
0.165772,-3.7915885
0.165774,-4.623753
0.165776,-4.947373
0.165778,-4.623753
0.16578,-3.7915885
0.165782,-2.4508786
0.165784,-0.83278084
0.165786,0.92401123
0.165788,2.542109
0.16579,3.8365874
0.165792,4.668752
0.165794,4.8999095
0.165796,4.5762897
0.165798,3.6978936
0.1658,2.3109517
0.165802,0.6928544
0.165804,-1.0177064
0.165806,-2.589573
0.16580799,-3.9302826
0.16581,-4.669985
0.165812,-4.9011416
0.165814,-4.5312905
0.165816,-3.6066632
0.165818,-2.2197218
0.16582,-0.55539227
0.165822,1.1551685
0.165824,2.727035
0.165826,4.0215135
0.165828,4.7149835
0.16583,4.8999095
0.165832,4.483826
0.165834,3.5129685
0.165836,2.0797954
0.165838,0.46169758
0.16584,-1.2488632
0.165842,-2.8207297
0.165844,-4.068977
0.165846,-4.7624474
0.165848,-4.9011416
0.16585,-4.4388275
0.165852,-3.4217377
0.165854,-1.9885652
0.165856,-0.32423592
0.165858,1.4325566
0.16586,2.9581914
0.165862,4.1602073
0.165864,4.807446
0.165866,4.8999095
0.165868,4.3913646
0.16587,3.3280425
0.165872,1.8948698
0.165874,0.23054075
0.165876,-1.48002
0.165878,-3.0056553
0.16588,-4.2076707
0.165882,-4.8086786
0.165884,-4.85491
0.165886,-4.346365
0.165888,-3.236812
0.16589,-1.7574081
0.165892,-0.046847343
0.165894,1.6174817
0.165896,3.1431174
0.165898,4.298901
0.1659,4.8536773
0.165902,4.8536773
0.165904,4.252671
0.165906,3.1431174
0.165908,1.6637135
0.16591,-0.046847343
0.165912,-1.7111769
0.165914,-3.1905808
0.165916,-4.346365
0.165918,-4.85491
0.16592,-4.8086786
0.165922,-4.2076707
0.165924,-3.0518866
0.165926,-1.5262513
0.165928,0.184309
0.16593,1.8486385
0.165932,3.3280425
0.165934,4.3913646
0.165936,4.8999095
0.165938,4.807446
0.16594,4.1602073
0.165942,2.9581914
0.165944,1.4325566
0.165946,-0.27800417
0.165948,-1.9423337
0.16595,-3.4217377
0.165952,-4.4388275
0.165954,-4.9011416
0.165956,-4.7624474
0.165958,-4.068977
0.16596,-2.866961
0.165962,-1.2950945
0.16596399,0.4154663
0.165966,2.0797954
0.165968,3.5129685
0.16597,4.483826
0.165972,4.8999095
0.165974,4.7149835
0.165976,3.9752812
0.165978,2.727035
0.16598,1.2013993
0.165982,-0.55539227
0.165984,-2.1734905
0.165986,-3.5604317
0.165988,-4.5312905
0.16599,-4.9011416
0.165992,-4.669985
0.165994,-3.9302826
0.165996,-2.6820357
0.165998,-1.0639377
0.166,0.6928544
0.166002,2.3109517
0.166004,3.6978936
0.166006,4.5762897
0.166008,4.8999095
0.16600999,4.668752
0.166012,3.8365874
0.166014,2.542109
0.166016,0.92401123
0.166018,-0.78654957
0.16602,-2.3584158
0.166022,-3.745357
0.166024,-4.623753
0.166026,-4.9011416
0.166028,-4.623753
0.16603,-3.7915885
0.166032,-2.4508786
0.166034,-0.83278084
0.166036,0.92401123
0.166038,2.542109
0.16604,3.8365874
0.166042,4.668752
0.166044,4.8999095
0.166046,4.5762897
0.166048,3.6978936
0.16605,2.3109517
0.166052,0.6928544
0.166054,-1.0177064
0.16605599,-2.589573
0.166058,-3.9302826
0.16606,-4.669985
0.166062,-4.9011416
0.166064,-4.5312905
0.166066,-3.6066632
0.166068,-2.2197218
0.16607,-0.55539227
0.166072,1.1551685
0.166074,2.7732663
0.166076,4.0215135
0.166078,4.7149835
0.16608,4.8999095
0.166082,4.483826
0.166084,3.5129685
0.166086,2.0797954
0.166088,0.46169758
0.16609,-1.2488632
0.166092,-2.8207297
0.166094,-4.068977
0.166096,-4.7624474
0.166098,-4.9011416
0.1661,-4.4388275
0.16610199,-3.4217377
0.166104,-1.9885652
0.166106,-0.32423592
0.166108,1.4325566
0.16611,2.9581914
0.166112,4.1602073
0.166114,4.807446
0.166116,4.8999095
0.166118,4.3913646
0.16612,3.3280425
0.166122,1.8486385
0.166124,0.23054075
0.166126,-1.48002
0.166128,-3.0056553
0.16613,-4.2076707
0.166132,-4.8086786
0.166134,-4.85491
0.166136,-4.346365
0.166138,-3.236812
0.16614,-1.7574081
0.166142,-0.046847343
0.166144,1.6174817
0.166146,3.1431174
0.166148,4.298901
0.16615,4.8536773
0.166152,4.8536773
0.166154,4.252671
0.166156,3.1431174
0.166158,1.6174817
0.16616,-0.046847343
0.166162,-1.7111769
0.166164,-3.1905808
0.166166,-4.346365
0.166168,-4.85491
0.16617,-4.8086786
0.166172,-4.2076707
0.166174,-3.0518866
0.166176,-1.5262513
0.166178,0.184309
0.16618,1.8486385
0.166182,3.3280425
0.166184,4.3913646
0.166186,4.8999095
0.166188,4.807446
0.16619,4.113976
0.166192,2.9581914
0.166194,1.4325566
0.166196,-0.27800417
0.166198,-1.9423337
0.1662,-3.4217377
0.166202,-4.4388275
0.166204,-4.9011416
0.166206,-4.7624474
0.166208,-4.068977
0.16621,-2.866961
0.16621199,-1.2950945
0.166214,0.4154663
0.166216,2.0797954
0.166218,3.5129685
0.16622,4.483826
0.166222,4.8999095
0.166224,4.7149835
0.166226,3.9752812
0.166228,2.727035
0.16623,1.2013993
0.166232,-0.55539227
0.166234,-2.1734905
0.166236,-3.5604317
0.166238,-4.5312905
0.16624,-4.9011416
0.166242,-4.669985
0.166244,-3.9302826
0.166246,-2.6820357
0.166248,-1.0639377
0.16625,0.6928544
0.166252,2.3109517
0.166254,3.6978936
0.166256,4.5762897
0.16625799,4.8999095
0.16626,4.668752
0.166262,3.8365874
0.166264,2.542109
0.166266,0.92401123
0.166268,-0.78654957
0.16627,-2.4046474
0.166272,-3.745357
0.166274,-4.623753
0.166276,-4.9011416
0.166278,-4.623753
0.16628,-3.7915885
0.166282,-2.4508786
0.166284,-0.83278084
0.166286,0.92401123
0.166288,2.542109
0.16629,3.8365874
0.166292,4.668752
0.166294,4.8999095
0.166296,4.5762897
0.166298,3.6978936
0.1663,2.3109517
0.166302,0.6928544
0.16630399,-1.0177064
0.166306,-2.589573
0.166308,-3.9302826
0.16631,-4.669985
0.166312,-4.9011416
0.166314,-4.5312905
0.166316,-3.6066632
0.166318,-2.2197218
0.16632,-0.55539227
0.166322,1.1551685
0.166324,2.7732663
0.166326,4.0215135
0.166328,4.7149835
0.16633,4.8999095
0.166332,4.483826
0.166334,3.5129685
0.166336,2.0797954
0.166338,0.46169758
0.16634,-1.2488632
0.166342,-2.8207297
0.166344,-4.068977
0.166346,-4.7624474
0.166348,-4.9011416
0.16634999,-4.4388275
0.166352,-3.4217377
0.166354,-1.9885652
0.166356,-0.32423592
0.166358,1.4325566
0.16636,2.9581914
0.166362,4.1602073
0.166364,4.807446
0.166366,4.8999095
0.166368,4.3913646
0.16637,3.3280425
0.166372,1.8486385
0.166374,0.184309
0.166376,-1.48002
0.166378,-3.0056553
0.16638,-4.2076707
0.166382,-4.8086786
0.166384,-4.85491
0.166386,-4.346365
0.166388,-3.236812
0.16639,-1.7574081
0.166392,-0.046847343
0.166394,1.6174817
0.166396,3.1431174
0.166398,4.298901
0.1664,4.8536773
0.166402,4.8536773
0.166404,4.252671
0.166406,3.1431174
0.166408,1.6174817
0.16641,-0.046847343
0.166412,-1.7111769
0.166414,-3.1905808
0.166416,-4.346365
0.166418,-4.85491
0.16642,-4.8086786
0.166422,-4.2076707
0.166424,-3.0518866
0.166426,-1.5262513
0.166428,0.184309
0.16643,1.8486385
0.166432,3.3280425
0.166434,4.3913646
0.166436,4.8999095
0.166438,4.807446
0.16644,4.113976
0.166442,2.9581914
0.166444,1.4325566
0.166446,-0.27800417
0.166448,-1.9423337
0.16645,-3.4217377
0.166452,-4.4388275
0.166454,-4.9011416
0.166456,-4.7624474
0.166458,-4.068977
0.16645999,-2.866961
0.166462,-1.2950945
0.166464,0.46169758
0.166466,2.0797954
0.166468,3.5129685
0.16647,4.483826
0.166472,4.8999095
0.166474,4.7149835
0.166476,3.9752812
0.166478,2.727035
0.16648,1.2013993
0.166482,-0.55539227
0.166484,-2.1734905
0.166486,-3.6066632
0.166488,-4.5312905
0.16649,-4.9011416
0.166492,-4.669985
0.166494,-3.9302826
0.166496,-2.6820357
0.166498,-1.0639377
0.1665,0.6928544
0.166502,2.3109517
0.166504,3.6978936
0.16650599,4.5762897
0.166508,4.8999095
0.16651,4.668752
0.166512,3.8365874
0.166514,2.542109
0.166516,0.92401123
0.166518,-0.78654957
0.16652,-2.4046474
0.166522,-3.745357
0.166524,-4.623753
0.166526,-4.9011416
0.166528,-4.623753
0.16653,-3.745357
0.166532,-2.4508786
0.166534,-0.83278084
0.166536,0.92401123
0.166538,2.542109
0.16654,3.8365874
0.166542,4.668752
0.166544,4.8999095
0.166546,4.5762897
0.166548,3.6978936
0.16655,2.3109517
0.16655199,0.6928544
0.166554,-1.0177064
0.166556,-2.589573
0.166558,-3.9302826
0.16656,-4.669985
0.166562,-4.9011416
0.166564,-4.5312905
0.166566,-3.6066632
0.166568,-2.2197218
0.16657,-0.55539227
0.166572,1.2013993
0.166574,2.727035
0.166576,4.0215135
0.166578,4.7149835
0.16658,4.8999095
0.166582,4.483826
0.166584,3.5129685
0.166586,2.0797954
0.166588,0.46169758
0.16659,-1.2488632
0.166592,-2.8207297
0.166594,-4.068977
0.166596,-4.7624474
0.16659799,-4.9011416
0.1666,-4.4388275
0.166602,-3.4217377
0.166604,-1.9885652
0.166606,-0.32423592
0.166608,1.4325566
0.16661,2.9581914
0.166612,4.1602073
0.166614,4.807446
0.166616,4.8999095
0.166618,4.3913646
0.16662,3.3280425
0.166622,1.8486385
0.166624,0.184309
0.166626,-1.48002
0.166628,-3.0056553
0.16663,-4.2076707
0.166632,-4.8086786
0.166634,-4.85491
0.166636,-4.346365
0.166638,-3.236812
0.16664,-1.7574081
0.166642,-0.046847343
0.166644,1.6174817
0.166646,3.1431174
0.166648,4.298901
0.16665,4.8536773
0.166652,4.8536773
0.166654,4.252671
0.166656,3.1431174
0.166658,1.6174817
0.16666,-0.046847343
0.166662,-1.7111769
0.166664,-3.236812
0.166666,-4.346365
0.166668,-4.85491
0.16667,-4.8086786
0.166672,-4.2076707
0.166674,-3.0518866
0.166676,-1.5262513
0.166678,0.184309
0.16668,1.8948698
0.166682,3.3280425
0.166684,4.3913646
0.166686,4.8999095
0.166688,4.807446
0.16669,4.113976
0.166692,2.9581914
0.166694,1.4325566
0.166696,-0.27800417
0.166698,-1.9423337
0.1667,-3.4217377
0.166702,-4.4388275
0.166704,-4.9011416
0.166706,-4.7624474
0.166708,-4.068977
0.16671,-2.866961
0.166712,-1.2950945
0.166714,0.46169758
0.166716,2.0797954
0.166718,3.5129685
0.16672,4.483826
0.166722,4.8999095
0.166724,4.7149835
0.166726,3.9752812
0.166728,2.727035
0.16673,1.2013993
0.166732,-0.55539227
0.166734,-2.1734905
0.166736,-3.6066632
0.166738,-4.5312905
0.16674,-4.9011416
0.166742,-4.669985
0.166744,-3.9302826
0.166746,-2.6820357
0.166748,-1.0639377
0.16675,0.13807821
0.166752,0.5541601
0.16675399,0.92401123
0.166756,1.2938623
0.166758,1.6637135
0.16676,1.9873328
0.166762,2.357184
0.166764,2.6808028
0.166766,3.0044227
0.166768,3.2818112
0.16677,3.5591989
0.166772,3.8365874
0.166774,4.0677447
0.166776,4.298901
0.166778,4.437596
0.16678,4.622521
0.166782,4.7612157
0.166784,4.8536773
0.166786,4.946141
0.166788,4.992371
0.16679,5.0386033
0.166792,5.0386033
0.166794,4.992371
0.166796,4.946141
0.166798,4.8536773
0.16679999,4.7612157
0.166802,4.622521
0.166804,4.437596
0.166806,4.252671
0.166808,4.0677447
0.16681,3.8365874
0.166812,3.5591989
0.166814,3.2818112
0.166816,2.9581914
0.166818,2.6345725
0.16682,2.3109517
0.166822,1.9873328
0.166824,1.6174817
0.166826,1.2938623
0.166828,0.92401123
0.16683,0.50792885
0.166832,0.13807821
0.166834,-0.2317729
0.166836,-0.601624
0.166838,-1.0177064
0.16684,-1.387557
0.166842,-1.7111769
0.166844,-2.081028
0.16684599,-2.4046474
0.166848,-2.728267
0.16685,-3.0518866
0.166852,-3.329275
0.166854,-3.6066632
0.166856,-3.8840513
0.166858,-4.115208
0.16686,-4.3001337
0.166862,-4.4850593
0.166864,-4.623753
0.166866,-4.7624474
0.166868,-4.85491
0.16687,-4.947373
0.166872,-4.993604
0.166874,-5.0398355
0.166876,-4.993604
0.166878,-4.993604
0.16688,-4.9011416
0.166882,-4.8086786
0.166884,-4.669985
0.166886,-4.5312905
0.166888,-4.3925962
0.16689,-4.2076707
0.166892,-3.976514
0.166894,-3.745357
0.166896,-3.467969
0.166898,-3.1905808
0.1669,-2.866961
0.166902,-2.5433414
0.166904,-2.2197218
0.166906,-1.8498712
0.166908,-1.48002
0.16691,-1.1564007
0.166912,-0.78654957
0.166914,-0.3704667
0.166916,-6.160736E-4
0.166918,0.36923456
0.16692,0.7853174
0.166922,1.1551685
0.166924,1.4787879
0.166926,1.8486385
0.166928,2.2184901
0.16693,2.542109
0.166932,2.8657289
0.166934,3.1431174
0.166936,3.4667363
0.166938,3.744125
0.16694,3.9752812
0.166942,4.2064385
0.166944,4.3913646
0.166946,4.5300584
0.166948,4.7149835
0.16695,4.807446
0.166952,4.8999095
0.166954,4.992371
0.166956,5.0386033
0.166958,5.0386033
0.16696,4.992371
0.166962,4.946141
0.166964,4.8999095
0.166966,4.7612157
0.166968,4.668752
0.16697,4.483826
0.166972,4.3451324
0.166974,4.113976
0.166976,3.8828197
0.166978,3.6516623
0.16698,3.3742738
0.166982,3.050654
0.166984,2.7732663
0.166986,2.4496465
0.166988,2.0797954
0.16699,1.756176
0.166992,1.3863249
0.166994,1.0164738
0.166996,0.64662313
0.166998,0.27677202
0.167,-0.13931036
0.16700199,-0.5091615
0.167004,-0.8790121
0.167006,-1.2488632
0.167008,-1.5724826
0.16701,-1.9423337
0.167012,-2.3121846
0.167014,-2.6358042
0.167016,-2.9594238
0.167018,-3.236812
0.16702,-3.5142004
0.167022,-3.7915885
0.167024,-4.022745
0.167026,-4.2539024
0.167028,-4.4388275
0.16703,-4.577522
0.167032,-4.716216
0.167034,-4.85491
0.167036,-4.947373
0.167038,-4.993604
0.16704,-4.993604
0.167042,-5.0398355
0.167044,-4.993604
0.167046,-4.947373
0.16704799,-4.85491
0.16705,-4.716216
0.167052,-4.577522
0.167054,-4.4388275
0.167056,-4.2539024
0.167058,-4.068977
0.16706,-3.7915885
0.167062,-3.5604317
0.167064,-3.2830436
0.167066,-2.9594238
0.167068,-2.6358042
0.16707,-2.3121846
0.167072,-1.9885652
0.167074,-1.6187139
0.167076,-1.2488632
0.167078,-0.8790121
0.16708,-0.5091615
0.167082,-0.13931036
0.167084,0.27677202
0.167086,0.64662313
0.167088,1.0164738
0.16709,1.3863249
0.167092,1.7099442
0.16709399,2.0797954
0.167096,2.4034152
0.167098,2.7732663
0.1671,3.050654
0.167102,3.3742738
0.167104,3.6516623
0.167106,3.8828197
0.167108,4.113976
0.16711,4.3451324
0.167112,4.483826
0.167114,4.668752
0.167116,4.7612157
0.167118,4.8999095
0.16712,4.946141
0.167122,4.992371
0.167124,5.0386033
0.167126,5.0386033
0.167128,4.992371
0.16713,4.8999095
0.167132,4.807446
0.167134,4.7149835
0.167136,4.5300584
0.167138,4.3913646
0.16714,4.2064385
0.167142,3.9752812
0.167144,3.744125
0.167146,3.4667363
0.167148,3.1893477
0.16715,2.8657289
0.167152,2.542109
0.167154,2.2184901
0.167156,1.8486385
0.167158,1.4787879
0.16716,1.1551685
0.167162,0.7853174
0.167164,0.4154663
0.167166,-6.160736E-4
0.167168,-0.3704667
0.16717,-0.7403178
0.167172,-1.1101689
0.167174,-1.48002
0.167176,-1.8498712
0.167178,-2.1734905
0.16718,-2.4971101
0.167182,-2.8207297
0.167184,-3.1443493
0.167186,-3.4217377
0.167188,-3.6991258
0.16719,-3.976514
0.167192,-4.2076707
0.167194,-4.3925962
0.167196,-4.5312905
0.167198,-4.669985
0.1672,-4.8086786
0.167202,-4.9011416
0.167204,-4.993604
0.167206,-4.993604
0.167208,-5.0398355
0.16721,-4.993604
0.167212,-4.947373
0.167214,-4.9011416
0.167216,-4.7624474
0.167218,-4.623753
0.16722,-4.4850593
0.167222,-4.346365
0.167224,-4.115208
0.167226,-3.8840513
0.167228,-3.6528945
0.16723,-3.3755062
0.167232,-3.0518866
0.167234,-2.7744985
0.167236,-2.4046474
0.167238,-2.081028
0.16724,-1.7111769
0.167242,-1.387557
0.167244,-1.0177064
0.167246,-0.6478553
0.167248,-0.27800417
0.16724999,0.13807821
0.167252,0.50792885
0.167254,0.87777996
0.167256,1.2476311
0.167258,1.6174817
0.16726,1.9873328
0.167262,2.3109517
0.167264,2.6345725
0.167266,2.9581914
0.167268,3.2818112
0.16727,3.5591989
0.167272,3.7903562
0.167274,4.0677447
0.167276,4.252671
0.167278,4.437596
0.16728,4.622521
0.167282,4.7149835
0.167284,4.8536773
0.167286,4.946141
0.167288,4.992371
0.16729,5.0386033
0.167292,5.0386033
0.167294,4.992371
0.16729599,4.946141
0.167298,4.8536773
0.1673,4.7612157
0.167302,4.5762897
0.167304,4.437596
0.167306,4.252671
0.167308,4.0677447
0.16731,3.7903562
0.167312,3.5591989
0.167314,3.2818112
0.167316,2.9581914
0.167318,2.6345725
0.16732,2.3109517
0.167322,1.9873328
0.167324,1.6174817
0.167326,1.2938623
0.167328,0.87777996
0.16733,0.50792885
0.167332,0.13807821
0.167334,-0.2317729
0.167336,-0.6478553
0.167338,-1.0177064
0.16734,-1.387557
0.16734199,-1.7111769
0.167344,-2.081028
0.167346,-2.4046474
0.167348,-2.728267
0.16735,-3.0518866
0.167352,-3.329275
0.167354,-3.6066632
0.167356,-3.8840513
0.167358,-4.115208
0.16736,-4.346365
0.167362,-4.4850593
0.167364,-4.623753
0.167366,-4.7624474
0.167368,-4.85491
0.16737,-4.947373
0.167372,-4.993604
0.167374,-5.0398355
0.167376,-4.993604
0.167378,-4.993604
0.16738,-4.9011416
0.167382,-4.8086786
0.167384,-4.669985
0.167386,-4.5312905
0.16738799,-4.3925962
0.16739,-4.2076707
0.167392,-3.976514
0.167394,-3.745357
0.167396,-3.467969
0.167398,-3.1905808
0.1674,-2.866961
0.167402,-2.5433414
0.167404,-2.2197218
0.167406,-1.8498712
0.167408,-1.48002
0.16741,-1.1564007
0.167412,-0.7403178
0.167414,-0.3704667
0.167416,-6.160736E-4
0.167418,0.36923456
0.16742,0.7853174
0.167422,1.1551685
0.167424,1.4787879
0.167426,1.8486385
0.167428,2.2184901
0.16743,2.542109
0.167432,2.8657289
0.167434,3.1893477
0.167436,3.4667363
0.167438,3.744125
0.16744,3.9752812
0.167442,4.2064385
0.167444,4.3913646
0.167446,4.5300584
0.167448,4.7149835
0.16745,4.807446
0.167452,4.8999095
0.167454,4.992371
0.167456,5.0386033
0.167458,5.0386033
0.16746,4.992371
0.167462,4.946141
0.167464,4.8999095
0.167466,4.7612157
0.167468,4.668752
0.16747,4.483826
0.167472,4.3451324
0.167474,4.113976
0.167476,3.8828197
0.167478,3.6516623
0.16748,3.3742738
0.167482,3.050654
0.167484,2.7732663
0.167486,2.4496465
0.167488,2.0797954
0.16749,1.756176
0.167492,1.3863249
0.167494,1.0164738
0.167496,0.64662313
0.16749799,0.27677202
0.1675,-0.13931036
0.167502,-0.5091615
0.167504,-0.8790121
0.167506,-1.2488632
0.167508,-1.5724826
0.16751,-1.9423337
0.167512,-2.3121846
0.167514,-2.6358042
0.167516,-2.9594238
0.167518,-3.236812
0.16752,-3.5142004
0.167522,-3.7915885
0.167524,-4.022745
0.167526,-4.2539024
0.167528,-4.4388275
0.16753,-4.577522
0.167532,-4.716216
0.167534,-4.85491
0.167536,-4.947373
0.167538,-4.993604
0.16754,-5.0398355
0.167542,-5.0398355
0.16754399,-4.993604
0.167546,-4.947373
0.167548,-4.85491
0.16755,-4.716216
0.167552,-4.577522
0.167554,-4.4388275
0.167556,-4.2539024
0.167558,-4.022745
0.16756,-3.7915885
0.167562,-3.5604317
0.167564,-3.2830436
0.167566,-2.9594238
0.167568,-2.6358042
0.16757,-2.3121846
0.167572,-1.9885652
0.167574,-1.6187139
0.167576,-1.2488632
0.167578,-0.8790121
0.16758,-0.5091615
0.167582,-0.13931036
0.167584,0.27677202
0.167586,0.64662313
0.167588,1.0164738
0.16758999,1.3863249
0.167592,1.7099442
0.167594,2.0797954
0.167596,2.4034152
0.167598,2.7732663
0.1676,3.050654
0.167602,3.3742738
0.167604,3.6516623
0.167606,3.8828197
0.167608,4.113976
0.16761,4.3451324
0.167612,4.483826
0.167614,4.668752
0.167616,4.7612157
0.167618,4.8999095
0.16762,4.946141
0.167622,4.992371
0.167624,5.0386033
0.167626,5.0386033
0.167628,4.992371
0.16763,4.8999095
0.167632,4.807446
0.167634,4.7149835
0.16763599,4.5300584
0.167638,4.3913646
0.16764,4.2064385
0.167642,3.9752812
0.167644,3.744125
0.167646,3.4667363
0.167648,3.1893477
0.16765,2.8657289
0.167652,2.542109
0.167654,2.2184901
0.167656,1.8486385
0.167658,1.4787879
0.16766,1.1551685
0.167662,0.7853174
0.167664,0.4154663
0.167666,-6.160736E-4
0.167668,-0.3704667
0.16767,-0.7403178
0.167672,-1.1101689
0.167674,-1.48002
0.167676,-1.8498712
0.167678,-2.1734905
0.16768,-2.4971101
0.167682,-2.8207297
0.167684,-3.1443493
0.167686,-3.467969
0.167688,-3.6991258
0.16769,-3.976514
0.167692,-4.2076707
0.167694,-4.3925962
0.167696,-4.5312905
0.167698,-4.669985
0.1677,-4.8086786
0.167702,-4.9011416
0.167704,-4.993604
0.167706,-4.993604
0.167708,-5.0398355
0.16771,-4.993604
0.167712,-4.947373
0.167714,-4.9011416
0.167716,-4.7624474
0.167718,-4.623753
0.16772,-4.4850593
0.167722,-4.346365
0.167724,-4.115208
0.167726,-3.8840513
0.167728,-3.6528945
0.16773,-3.3755062
0.167732,-3.0518866
0.167734,-2.7744985
0.167736,-2.4046474
0.167738,-2.081028
0.16774,-1.7111769
0.167742,-1.387557
0.167744,-1.0177064
0.16774599,-0.6478553
0.167748,-0.27800417
0.16775,0.6928544
0.167752,2.2647214
0.167754,3.6516623
0.167756,4.5300584
0.167758,4.8999095
0.16776,4.622521
0.167762,3.7903562
0.167764,2.4958777
0.167766,0.92401123
0.167768,-0.83278084
0.16777,-2.4046474
0.167772,-3.7915885
0.167774,-4.623753
0.167776,-4.947373
0.167778,-4.623753
0.16778,-3.7915885
0.167782,-2.4508786
0.167784,-0.83278084
0.167786,0.92401123
0.167788,2.542109
0.16779,3.8365874
0.16779199,4.668752
0.167794,4.8999095
0.167796,4.5762897
0.167798,3.6516623
0.1678,2.3109517
0.167802,0.6928544
0.167804,-1.0177064
0.167806,-2.589573
0.167808,-3.9302826
0.16781,-4.716216
0.167812,-4.9011416
0.167814,-4.5312905
0.167816,-3.6066632
0.167818,-2.2197218
0.16782,-0.55539227
0.167822,1.2013993
0.167824,2.7732663
0.167826,4.0215135
0.167828,4.7612157
0.16783,4.8999095
0.167832,4.483826
0.167834,3.5129685
0.167836,2.0797954
0.16783799,0.46169758
0.16784,-1.2950945
0.167842,-2.8207297
0.167844,-4.068977
0.167846,-4.7624474
0.167848,-4.9011416
0.16785,-4.4388275
0.167852,-3.4217377
0.167854,-1.9885652
0.167856,-0.32423592
0.167858,1.4325566
0.16786,2.9581914
0.167862,4.1602073
0.167864,4.807446
0.167866,4.8999095
0.167868,4.3913646
0.16787,3.3280425
0.167872,1.8486385
0.167874,0.184309
0.167876,-1.48002
0.167878,-3.0056553
0.16788,-4.2076707
0.167882,-4.8086786
0.16788399,-4.85491
0.167886,-4.346365
0.167888,-3.236812
0.16789,-1.7574081
0.167892,-0.046847343
0.167894,1.6174817
0.167896,3.1431174
0.167898,4.298901
0.1679,4.8536773
0.167902,4.8536773
0.167904,4.252671
0.167906,3.1431174
0.167908,1.6174817
0.16791,-0.046847343
0.167912,-1.7111769
0.167914,-3.236812
0.167916,-4.346365
0.167918,-4.85491
0.16792,-4.8086786
0.167922,-4.2076707
0.167924,-3.0518866
0.167926,-1.5262513
0.167928,0.184309
0.16793,1.8948698
0.167932,3.3280425
0.167934,4.3913646
0.167936,4.8999095
0.167938,4.807446
0.16794,4.113976
0.167942,2.9581914
0.167944,1.4325566
0.167946,-0.27800417
0.167948,-1.9423337
0.16795,-3.4217377
0.167952,-4.4388275
0.167954,-4.9011416
0.167956,-4.7624474
0.167958,-4.068977
0.16796,-2.866961
0.167962,-1.2950945
0.167964,0.46169758
0.167966,2.126027
0.167968,3.5129685
0.16797,4.483826
0.167972,4.8999095
0.167974,4.7149835
0.167976,3.9752812
0.167978,2.727035
0.16798,1.2013993
0.167982,-0.55539227
0.167984,-2.1734905
0.167986,-3.6066632
0.167988,-4.5312905
0.16799,-4.9011416
0.167992,-4.669985
0.167994,-3.9302826
0.167996,-2.6358042
0.167998,-1.0639377
0.168,0.6928544
0.168002,2.3109517
0.168004,3.6978936
0.168006,4.5762897
0.168008,4.8999095
0.16801,4.668752
0.168012,3.8365874
0.168014,2.542109
0.168016,0.92401123
0.168018,-0.78654957
0.16802,-2.4046474
0.168022,-3.745357
0.168024,-4.623753
0.168026,-4.9011416
0.168028,-4.623753
0.16803,-3.745357
0.168032,-2.4508786
0.168034,-0.83278084
0.168036,0.92401123
0.168038,2.542109
0.16803999,3.8828197
0.168042,4.668752
0.168044,4.8999095
0.168046,4.5762897
0.168048,3.6978936
0.16805,2.3109517
0.168052,0.6928544
0.168054,-1.0177064
0.168056,-2.589573
0.168058,-3.9302826
0.16806,-4.669985
0.168062,-4.9011416
0.168064,-4.5312905
0.168066,-3.6066632
0.168068,-2.2197218
0.16807,-0.55539227
0.168072,1.2013993
0.168074,2.7732663
0.168076,4.0215135
0.168078,4.7612157
0.16808,4.8999095
0.168082,4.483826
0.168084,3.5129685
0.16808599,2.0797954
0.168088,0.46169758
0.16809,-1.2950945
0.168092,-2.8207297
0.168094,-4.068977
0.168096,-4.7624474
0.168098,-4.9011416
0.1681,-4.4388275
0.168102,-3.4217377
0.168104,-1.9885652
0.168106,-0.32423592
0.168108,1.4325566
0.16811,2.9581914
0.168112,4.1602073
0.168114,4.807446
0.168116,4.8999095
0.168118,4.3913646
0.16812,3.3280425
0.168122,1.8486385
0.168124,0.184309
0.168126,-1.48002
0.168128,-3.0056553
0.16813,-4.2076707
0.16813199,-4.8086786
0.168134,-4.85491
0.168136,-4.346365
0.168138,-3.236812
0.16814,-1.7574081
0.168142,-0.046847343
0.168144,1.6637135
0.168146,3.1431174
0.168148,4.298901
0.16815,4.8536773
0.168152,4.8536773
0.168154,4.252671
0.168156,3.1431174
0.168158,1.6174817
0.16816,-0.046847343
0.168162,-1.7111769
0.168164,-3.236812
0.168166,-4.346365
0.168168,-4.85491
0.16817,-4.8086786
0.168172,-4.2076707
0.168174,-3.0518866
0.168176,-1.5262513
0.168178,0.184309
0.16818,1.8948698
0.168182,3.3742738
0.168184,4.3913646
0.168186,4.8999095
0.168188,4.807446
0.16819,4.113976
0.168192,2.9581914
0.168194,1.4325566
0.168196,-0.27800417
0.168198,-1.9423337
0.1682,-3.4217377
0.168202,-4.4388275
0.168204,-4.9011416
0.168206,-4.7624474
0.168208,-4.068977
0.16821,-2.866961
0.168212,-1.2950945
0.168214,0.46169758
0.168216,2.126027
0.168218,3.5129685
0.16822,4.483826
0.168222,4.8999095
0.168224,4.7149835
0.168226,3.9752812
0.168228,2.727035
0.16823,1.2013993
0.168232,-0.55539227
0.168234,-2.1734905
0.168236,-3.6066632
0.168238,-4.5312905
0.16824,-4.9011416
0.168242,-4.669985
0.168244,-3.9302826
0.168246,-2.6820357
0.168248,-1.0639377
0.16825,0.6928544
0.168252,2.3109517
0.168254,3.6978936
0.168256,4.5762897
0.168258,4.8999095
0.16826,4.668752
0.168262,3.8365874
0.168264,2.542109
0.168266,0.92401123
0.168268,-0.78654957
0.16827,-2.4046474
0.168272,-3.745357
0.168274,-4.623753
0.168276,-4.9011416
0.168278,-4.623753
0.16828,-3.745357
0.168282,-2.4508786
0.168284,-0.78654957
0.168286,0.92401123
0.16828799,2.542109
0.16829,3.8828197
0.168292,4.668752
0.168294,4.8999095
0.168296,4.5762897
0.168298,3.6516623
0.1683,2.3109517
0.168302,0.6928544
0.168304,-1.0177064
0.168306,-2.589573
0.168308,-3.9302826
0.16831,-4.669985
0.168312,-4.9011416
0.168314,-4.5312905
0.168316,-3.6066632
0.168318,-2.2197218
0.16832,-0.55539227
0.168322,1.2013993
0.168324,2.7732663
0.168326,4.0215135
0.168328,4.7612157
0.16833,4.8999095
0.168332,4.483826
0.16833399,3.5129685
0.168336,2.0797954
0.168338,0.46169758
0.16834,-1.2950945
0.168342,-2.8207297
0.168344,-4.068977
0.168346,-4.7624474
0.168348,-4.9011416
0.16835,-4.4388275
0.168352,-3.4217377
0.168354,-1.9885652
0.168356,-0.32423592
0.168358,1.4325566
0.16836,2.9581914
0.168362,4.1602073
0.168364,4.807446
0.168366,4.8999095
0.168368,4.3913646
0.16837,3.3280425
0.168372,1.8486385
0.168374,0.184309
0.168376,-1.48002
0.168378,-3.0056553
0.16837999,-4.2076707
0.168382,-4.8086786
0.168384,-4.85491
0.168386,-4.346365
0.168388,-3.236812
0.16839,-1.7574081
0.168392,-0.046847343
0.168394,1.6637135
0.168396,3.1431174
0.168398,4.298901
0.1684,4.8536773
0.168402,4.8536773
0.168404,4.252671
0.168406,3.1431174
0.168408,1.6174817
0.16841,-0.046847343
0.168412,-1.7111769
0.168414,-3.236812
0.168416,-4.346365
0.168418,-4.85491
0.16842,-4.8086786
0.168422,-4.2076707
0.168424,-3.0518866
0.16842599,-1.5262513
0.168428,0.184309
0.16843,1.8948698
0.168432,3.3742738
0.168434,4.3913646
0.168436,4.8999095
0.168438,4.807446
0.16844,4.113976
0.168442,2.9581914
0.168444,1.4325566
0.168446,-0.27800417
0.168448,-1.9423337
0.16845,-3.4217377
0.168452,-4.4388275
0.168454,-4.9011416
0.168456,-4.7624474
0.168458,-4.068977
0.16846,-2.866961
0.168462,-1.2950945
0.168464,0.46169758
0.168466,2.126027
0.168468,3.5129685
0.16847,4.483826
0.168472,4.8999095
0.168474,4.7149835
0.168476,3.9752812
0.168478,2.727035
0.16848,1.1551685
0.168482,-0.55539227
0.168484,-2.1734905
0.168486,-3.6066632
0.168488,-4.5312905
0.16849,-4.9011416
0.168492,-4.669985
0.168494,-3.9302826
0.168496,-2.6358042
0.168498,-1.0639377
0.1685,0.6928544
0.168502,2.3109517
0.168504,3.6978936
0.168506,4.5762897
0.168508,4.946141
0.16851,4.668752
0.168512,3.8365874
0.168514,2.542109
0.168516,0.92401123
0.168518,-0.78654957
0.16852,-2.4046474
0.168522,-3.745357
0.168524,-4.623753
0.168526,-4.9011416
0.168528,-4.623753
0.16853,-3.745357
0.168532,-2.4508786
0.168534,-0.78654957
0.16853599,0.92401123
0.168538,2.542109
0.16854,3.8828197
0.168542,4.668752
0.168544,4.8999095
0.168546,4.5762897
0.168548,3.6516623
0.16855,2.3109517
0.168552,0.6928544
0.168554,-1.0177064
0.168556,-2.589573
0.168558,-3.9302826
0.16856,-4.669985
0.168562,-4.9011416
0.168564,-4.5312905
0.168566,-3.6066632
0.168568,-2.2197218
0.16857,-0.55539227
0.168572,1.2013993
0.168574,2.7732663
0.168576,4.0215135
0.168578,4.7612157
0.16858,4.8999095
0.16858199,4.483826
0.168584,3.5129685
0.168586,2.0797954
0.168588,0.46169758
0.16859,-1.2950945
0.168592,-2.8207297
0.168594,-4.068977
0.168596,-4.7624474
0.168598,-4.9011416
0.1686,-4.4388275
0.168602,-3.4217377
0.168604,-1.9885652
0.168606,-0.32423592
0.168608,1.4325566
0.16861,2.9581914
0.168612,4.1602073
0.168614,4.807446
0.168616,4.8999095
0.168618,4.3913646
0.16862,3.3280425
0.168622,1.8486385
0.168624,0.184309
0.168626,-1.48002
0.16862799,-3.0056553
0.16863,-4.2076707
0.168632,-4.8086786
0.168634,-4.85491
0.168636,-4.346365
0.168638,-3.236812
0.16864,-1.7574081
0.168642,-0.046847343
0.168644,1.6637135
0.168646,3.1431174
0.168648,4.298901
0.16865,4.8536773
0.168652,4.8536773
0.168654,4.252671
0.168656,3.1431174
0.168658,1.6174817
0.16866,-0.046847343
0.168662,-1.7111769
0.168664,-3.236812
0.168666,-4.346365
0.168668,-4.85491
0.16867,-4.8086786
0.168672,-4.2076707
0.16867399,-3.0518866
0.168676,-1.5262513
0.168678,0.184309
0.16868,1.8948698
0.168682,3.3742738
0.168684,4.3913646
0.168686,4.8999095
0.168688,4.807446
0.16869,4.113976
0.168692,2.9581914
0.168694,1.4325566
0.168696,-0.27800417
0.168698,-1.9423337
0.1687,-3.4217377
0.168702,-4.4388275
0.168704,-4.9011416
0.168706,-4.7624474
0.168708,-4.068977
0.16871,-2.866961
0.168712,-1.2950945
0.168714,0.46169758
0.168716,2.126027
0.168718,3.5129685
0.16872,4.483826
0.168722,4.8999095
0.168724,4.7149835
0.168726,3.9752812
0.168728,2.727035
0.16873,1.1551685
0.168732,-0.55539227
0.168734,-2.1734905
0.168736,-3.6066632
0.168738,-4.5312905
0.16874,-4.9011416
0.168742,-4.669985
0.168744,-3.9302826
0.168746,-2.6358042
0.168748,-1.0639377
0.16875,0.13807821
0.168752,0.5541601
0.168754,0.92401123
0.168756,1.2938623
0.168758,1.6637135
0.16876,1.9873328
0.168762,2.357184
0.168764,2.6808028
0.168766,3.0044227
0.168768,3.2818112
0.16877,3.5591989
0.168772,3.8365874
0.168774,4.0677447
0.168776,4.298901
0.168778,4.437596
0.16878,4.622521
0.168782,4.7612157
0.16878399,4.8536773
0.168786,4.946141
0.168788,4.992371
0.16879,5.0386033
0.168792,5.0386033
0.168794,4.992371
0.168796,4.946141
0.168798,4.8536773
0.1688,4.7612157
0.168802,4.622521
0.168804,4.437596
0.168806,4.252671
0.168808,4.0677447
0.16881,3.8365874
0.168812,3.5591989
0.168814,3.2818112
0.168816,2.9581914
0.168818,2.6345725
0.16882,2.3109517
0.168822,1.9873328
0.168824,1.6174817
0.168826,1.2938623
0.168828,0.87777996
0.16882999,0.50792885
0.168832,0.13807821
0.168834,-0.2317729
0.168836,-0.6478553
0.168838,-1.0177064
0.16884,-1.387557
0.168842,-1.7111769
0.168844,-2.081028
0.168846,-2.4046474
0.168848,-2.728267
0.16885,-3.0518866
0.168852,-3.329275
0.168854,-3.6066632
0.168856,-3.8840513
0.168858,-4.115208
0.16886,-4.346365
0.168862,-4.4850593
0.168864,-4.623753
0.168866,-4.7624474
0.168868,-4.85491
0.16887,-4.947373
0.168872,-4.993604
0.168874,-5.0398355
0.16887599,-4.993604
0.168878,-4.993604
0.16888,-4.9011416
0.168882,-4.8086786
0.168884,-4.669985
0.168886,-4.5312905
0.168888,-4.3925962
0.16889,-4.2076707
0.168892,-3.976514
0.168894,-3.745357
0.168896,-3.467969
0.168898,-3.1905808
0.1689,-2.866961
0.168902,-2.5433414
0.168904,-2.2197218
0.168906,-1.8498712
0.168908,-1.48002
0.16891,-1.1564007
0.168912,-0.7403178
0.168914,-0.3704667
0.168916,-6.160736E-4
0.168918,0.36923456
0.16892,0.7853174
0.16892199,1.1551685
0.168924,1.4787879
0.168926,1.8486385
0.168928,2.2184901
0.16893,2.542109
0.168932,2.8657289
0.168934,3.1431174
0.168936,3.4667363
0.168938,3.744125
0.16894,3.9752812
0.168942,4.2064385
0.168944,4.3913646
0.168946,4.5300584
0.168948,4.7149835
0.16895,4.807446
0.168952,4.8999095
0.168954,4.992371
0.168956,5.0386033
0.168958,5.0386033
0.16896,4.992371
0.168962,4.946141
0.168964,4.8999095
0.168966,4.7612157
0.168968,4.668752
0.16897,4.483826
0.168972,4.3451324
0.168974,4.113976
0.168976,3.8828197
0.168978,3.6516623
0.16898,3.3742738
0.168982,3.050654
0.168984,2.7732663
0.168986,2.4496465
0.168988,2.0797954
0.16899,1.7099442
0.168992,1.3863249
0.168994,1.0164738
0.168996,0.64662313
0.168998,0.27677202
0.169,-0.13931036
0.169002,-0.5091615
0.169004,-0.8790121
0.169006,-1.2488632
0.169008,-1.5724826
0.16901,-1.9423337
0.169012,-2.3121846
0.169014,-2.6358042
0.169016,-2.9594238
0.169018,-3.236812
0.16902,-3.5142004
0.169022,-3.7915885
0.169024,-4.022745
0.169026,-4.2539024
0.169028,-4.4388275
0.16903,-4.577522
0.169032,-4.716216
0.169034,-4.85491
0.169036,-4.947373
0.169038,-4.993604
0.16904,-4.993604
0.169042,-5.0398355
0.169044,-4.993604
0.169046,-4.947373
0.169048,-4.85491
0.16905,-4.716216
0.169052,-4.577522
0.169054,-4.4388275
0.169056,-4.2539024
0.169058,-4.022745
0.16906,-3.7915885
0.169062,-3.5604317
0.169064,-3.2830436
0.169066,-2.9594238
0.169068,-2.6358042
0.16907,-2.3121846
0.169072,-1.9423337
0.169074,-1.6187139
0.169076,-1.2488632
0.16907799,-0.8790121
0.16908,-0.5091615
0.169082,-0.13931036
0.169084,0.27677202
0.169086,0.64662313
0.169088,1.0164738
0.16909,1.3863249
0.169092,1.7099442
0.169094,2.0797954
0.169096,2.4034152
0.169098,2.7732663
0.1691,3.050654
0.169102,3.3742738
0.169104,3.6516623
0.169106,3.8828197
0.169108,4.113976
0.16911,4.3451324
0.169112,4.483826
0.169114,4.668752
0.169116,4.7612157
0.169118,4.8999095
0.16912,4.946141
0.169122,4.992371
0.16912399,5.0386033
0.169126,5.0386033
0.169128,4.992371
0.16913,4.8999095
0.169132,4.807446
0.169134,4.7149835
0.169136,4.5300584
0.169138,4.3913646
0.16914,4.2064385
0.169142,3.9752812
0.169144,3.744125
0.169146,3.4667363
0.169148,3.1893477
0.16915,2.8657289
0.169152,2.542109
0.169154,2.2184901
0.169156,1.8486385
0.169158,1.4787879
0.16916,1.1551685
0.169162,0.7853174
0.169164,0.4154663
0.169166,-6.160736E-4
0.169168,-0.3704667
0.16916999,-0.7403178
0.169172,-1.1101689
0.169174,-1.48002
0.169176,-1.8498712
0.169178,-2.1734905
0.16918,-2.4971101
0.169182,-2.8207297
0.169184,-3.1443493
0.169186,-3.4217377
0.169188,-3.6991258
0.16919,-3.976514
0.169192,-4.2076707
0.169194,-4.3925962
0.169196,-4.5312905
0.169198,-4.669985
0.1692,-4.8086786
0.169202,-4.9011416
0.169204,-4.993604
0.169206,-4.993604
0.169208,-5.0398355
0.16921,-4.993604
0.169212,-4.947373
0.169214,-4.9011416
0.169216,-4.7624474
0.169218,-4.623753
0.16922,-4.4850593
0.169222,-4.346365
0.169224,-4.115208
0.169226,-3.8840513
0.169228,-3.6528945
0.16923,-3.3755062
0.169232,-3.0518866
0.169234,-2.7744985
0.169236,-2.4046474
0.169238,-2.081028
0.16924,-1.7111769
0.169242,-1.387557
0.169244,-1.0177064
0.169246,-0.6478553
0.169248,-0.2317729
0.16925,0.13807821
0.169252,0.50792885
0.169254,0.87777996
0.169256,1.2476311
0.169258,1.6174817
0.16926,1.9873328
0.169262,2.3109517
0.169264,2.6345725
0.169266,2.9581914
0.169268,3.2818112
0.16927,3.5591989
0.169272,3.7903562
0.169274,4.0677447
0.169276,4.252671
0.169278,4.437596
0.16928,4.5762897
0.169282,4.7612157
0.169284,4.8536773
0.169286,4.946141
0.169288,4.992371
0.16929,5.0386033
0.169292,5.0386033
0.169294,4.992371
0.169296,4.946141
0.169298,4.8536773
0.1693,4.7612157
0.169302,4.622521
0.169304,4.437596
0.169306,4.252671
0.169308,4.0677447
0.16931,3.7903562
0.169312,3.5591989
0.169314,3.2818112
0.169316,2.9581914
0.169318,2.6345725
0.16932,2.3109517
0.169322,1.9873328
0.169324,1.6174817
0.16932599,1.2938623
0.169328,0.87777996
0.16933,0.50792885
0.169332,0.13807821
0.169334,-0.2317729
0.169336,-0.6478553
0.169338,-1.0177064
0.16934,-1.387557
0.169342,-1.7111769
0.169344,-2.081028
0.169346,-2.4046474
0.169348,-2.728267
0.16935,-3.0518866
0.169352,-3.329275
0.169354,-3.6066632
0.169356,-3.8840513
0.169358,-4.115208
0.16936,-4.346365
0.169362,-4.4850593
0.169364,-4.623753
0.169366,-4.7624474
0.169368,-4.85491
0.16937,-4.947373
0.16937199,-4.993604
0.169374,-5.0398355
0.169376,-4.993604
0.169378,-4.993604
0.16938,-4.9011416
0.169382,-4.8086786
0.169384,-4.669985
0.169386,-4.5312905
0.169388,-4.3925962
0.16939,-4.2076707
0.169392,-3.976514
0.169394,-3.6991258
0.169396,-3.467969
0.169398,-3.1905808
0.1694,-2.866961
0.169402,-2.5433414
0.169404,-2.2197218
0.169406,-1.8498712
0.169408,-1.48002
0.16941,-1.1564007
0.169412,-0.7403178
0.169414,-0.3704667
0.169416,-6.160736E-4
0.16941799,0.36923456
0.16942,0.7853174
0.169422,1.1551685
0.169424,1.4787879
0.169426,1.8486385
0.169428,2.2184901
0.16943,2.542109
0.169432,2.8657289
0.169434,3.1893477
0.169436,3.4667363
0.169438,3.744125
0.16944,3.9752812
0.169442,4.2064385
0.169444,4.3913646
0.169446,4.5300584
0.169448,4.7149835
0.16945,4.807446
0.169452,4.8999095
0.169454,4.992371
0.169456,5.0386033
0.169458,5.0386033
0.16946,4.992371
0.169462,4.946141
0.169464,4.8999095
0.169466,4.7612157
0.169468,4.668752
0.16947,4.483826
0.169472,4.3451324
0.169474,4.113976
0.169476,3.8828197
0.169478,3.6516623
0.16948,3.3742738
0.169482,3.050654
0.169484,2.7732663
0.169486,2.4034152
0.169488,2.0797954
0.16949,1.7099442
0.169492,1.3863249
0.169494,1.0164738
0.169496,0.64662313
0.169498,0.27677202
0.1695,-0.13931036
0.169502,-0.5091615
0.169504,-0.8790121
0.169506,-1.2488632
0.169508,-1.5724826
0.16951,-1.9423337
0.169512,-2.3121846
0.169514,-2.6358042
0.169516,-2.9594238
0.169518,-3.236812
0.16952,-3.5604317
0.169522,-3.7915885
0.169524,-4.022745
0.169526,-4.2539024
0.169528,-4.4388275
0.16953,-4.577522
0.169532,-4.716216
0.169534,-4.85491
0.169536,-4.947373
0.169538,-4.993604
0.16954,-5.0398355
0.169542,-5.0398355
0.169544,-4.993604
0.169546,-4.947373
0.169548,-4.85491
0.16955,-4.716216
0.169552,-4.577522
0.169554,-4.4388275
0.169556,-4.2539024
0.169558,-4.068977
0.16956,-3.7915885
0.169562,-3.5604317
0.169564,-3.2830436
0.169566,-2.9594238
0.169568,-2.6358042
0.16957,-2.3121846
0.169572,-1.9423337
0.16957399,-1.6187139
0.169576,-1.2488632
0.169578,-0.8790121
0.16958,-0.5091615
0.169582,-0.13931036
0.169584,0.27677202
0.169586,0.64662313
0.169588,1.0164738
0.16959,1.3863249
0.169592,1.7099442
0.169594,2.0797954
0.169596,2.4034152
0.169598,2.7732663
0.1696,3.050654
0.169602,3.3742738
0.169604,3.6516623
0.169606,3.8828197
0.169608,4.113976
0.16961,4.3451324
0.169612,4.483826
0.169614,4.668752
0.169616,4.7612157
0.169618,4.8999095
0.16961999,4.946141
0.169622,4.992371
0.169624,5.0386033
0.169626,5.0386033
0.169628,4.992371
0.16963,4.8999095
0.169632,4.807446
0.169634,4.7149835
0.169636,4.5300584
0.169638,4.3913646
0.16964,4.2064385
0.169642,3.9752812
0.169644,3.744125
0.169646,3.4667363
0.169648,3.1893477
0.16965,2.8657289
0.169652,2.542109
0.169654,2.2184901
0.169656,1.8486385
0.169658,1.4787879
0.16966,1.1551685
0.169662,0.7853174
0.169664,0.4154663
0.16966599,-6.160736E-4
0.169668,-0.3704667
0.16967,-0.7403178
0.169672,-1.1101689
0.169674,-1.48002
0.169676,-1.8498712
0.169678,-2.1734905
0.16968,-2.4971101
0.169682,-2.8207297
0.169684,-3.1443493
0.169686,-3.4217377
0.169688,-3.6991258
0.16969,-3.976514
0.169692,-4.2076707
0.169694,-4.3925962
0.169696,-4.5312905
0.169698,-4.669985
0.1697,-4.8086786
0.169702,-4.9011416
0.169704,-4.993604
0.169706,-4.993604
0.169708,-5.0398355
0.16971,-4.993604
0.16971199,-4.947373
0.169714,-4.9011416
0.169716,-4.7624474
0.169718,-4.623753
0.16972,-4.4850593
0.169722,-4.346365
0.169724,-4.115208
0.169726,-3.8840513
0.169728,-3.6528945
0.16973,-3.3755062
0.169732,-3.0518866
0.169734,-2.7744985
0.169736,-2.4046474
0.169738,-2.081028
0.16974,-1.7111769
0.169742,-1.387557
0.169744,-1.0177064
0.169746,-0.6478553
0.169748,-0.2317729
0.16975,0.6928544
0.169752,2.3109517
0.169754,3.6516623
0.169756,4.5300584
0.169758,4.8999095
0.16976,4.622521
0.169762,3.7903562
0.169764,2.4958777
0.169766,0.92401123
0.169768,-0.83278084
0.16977,-2.4046474
0.169772,-3.7915885
0.169774,-4.623753
0.169776,-4.947373
0.169778,-4.623753
0.16978,-3.7915885
0.169782,-2.4508786
0.169784,-0.83278084
0.169786,0.92401123
0.169788,2.542109
0.16979,3.8365874
0.169792,4.668752
0.169794,4.8999095
0.169796,4.5300584
0.169798,3.6516623
0.1698,2.3109517
0.169802,0.6928544
0.169804,-1.0639377
0.169806,-2.6358042
0.169808,-3.9302826
0.16981,-4.716216
0.169812,-4.9011416
0.169814,-4.5312905
0.169816,-3.6066632
0.169818,-2.2197218
0.16982,-0.55539227
0.16982199,1.2013993
0.169824,2.7732663
0.169826,4.0215135
0.169828,4.7149835
0.16983,4.8999095
0.169832,4.437596
0.169834,3.5129685
0.169836,2.0797954
0.169838,0.46169758
0.16984,-1.2950945
0.169842,-2.8207297
0.169844,-4.068977
0.169846,-4.7624474
0.169848,-4.9011416
0.16985,-4.4388275
0.169852,-3.4217377
0.169854,-1.9885652
0.169856,-0.32423592
0.169858,1.4325566
0.16986,2.9581914
0.169862,4.1602073
0.169864,4.807446
0.169866,4.8999095
0.16986799,4.3913646
0.16987,3.3280425
0.169872,1.8486385
0.169874,0.184309
0.169876,-1.48002
0.169878,-3.0056553
0.16988,-4.2076707
0.169882,-4.8086786
0.169884,-4.85491
0.169886,-4.3001337
0.169888,-3.236812
0.16989,-1.7574081
0.169892,-0.046847343
0.169894,1.6637135
0.169896,3.1431174
0.169898,4.298901
0.1699,4.8536773
0.169902,4.8536773
0.169904,4.252671
0.169906,3.1431174
0.169908,1.6174817
0.16991,-0.046847343
0.169912,-1.7111769
0.16991399,-3.236812
0.169916,-4.346365
0.169918,-4.85491
0.16992,-4.8086786
0.169922,-4.2076707
0.169924,-3.0518866
0.169926,-1.5262513
0.169928,0.184309
0.16993,1.8948698
0.169932,3.3742738
0.169934,4.3913646
0.169936,4.8999095
0.169938,4.807446
0.16994,4.113976
0.169942,2.9119601
0.169944,1.3863249
0.169946,-0.32423592
0.169948,-1.9423337
0.16995,-3.4217377
0.169952,-4.4388275
0.169954,-4.9011416
0.169956,-4.7624474
0.169958,-4.068977
0.16995999,-2.866961
0.169962,-1.2950945
0.169964,0.46169758
0.169966,2.126027
0.169968,3.5591989
0.16997,4.483826
0.169972,4.8999095
0.169974,4.7149835
0.169976,3.9752812
0.169978,2.727035
0.16998,1.1551685
0.169982,-0.55539227
0.169984,-2.1734905
0.169986,-3.6066632
0.169988,-4.5312905
0.16999,-4.9011416
0.169992,-4.669985
0.169994,-3.9302826
0.169996,-2.6358042
0.169998,-1.0639377
0.17,0.6928544
0.170002,2.357184
0.170004,3.6978936
0.170006,4.5762897
0.170008,4.8999095
0.17001,4.668752
0.170012,3.8365874
0.170014,2.542109
0.170016,0.92401123
0.170018,-0.78654957
0.17002,-2.4046474
0.170022,-3.745357
0.170024,-4.623753
0.170026,-4.9011416
0.170028,-4.623753
0.17003,-3.745357
0.170032,-2.4508786
0.170034,-0.78654957
0.170036,0.970243
0.170038,2.542109
0.17004,3.8828197
0.170042,4.668752
0.170044,4.8999095
0.170046,4.5762897
0.170048,3.6516623
0.17005,2.3109517
0.170052,0.6928544
0.170054,-1.0177064
0.170056,-2.589573
0.170058,-3.9302826
0.17006,-4.669985
0.170062,-4.9011416
0.170064,-4.5312905
0.170066,-3.6066632
0.170068,-2.2197218
0.17006999,-0.55539227
0.170072,1.2013993
0.170074,2.7732663
0.170076,4.0215135
0.170078,4.7612157
0.17008,4.8999095
0.170082,4.437596
0.170084,3.5129685
0.170086,2.0797954
0.170088,0.46169758
0.17009,-1.2950945
0.170092,-2.8207297
0.170094,-4.068977
0.170096,-4.7624474
0.170098,-4.9011416
0.1701,-4.4388275
0.170102,-3.4217377
0.170104,-1.9885652
0.170106,-0.32423592
0.170108,1.4325566
0.17011,2.9581914
0.170112,4.1602073
0.170114,4.807446
0.17011599,4.8999095
0.170118,4.3913646
0.17012,3.3280425
0.170122,1.8486385
0.170124,0.184309
0.170126,-1.48002
0.170128,-3.0518866
0.17013,-4.2076707
0.170132,-4.8086786
0.170134,-4.85491
0.170136,-4.3001337
0.170138,-3.236812
0.17014,-1.7574081
0.170142,-0.046847343
0.170144,1.6637135
0.170146,3.1893477
0.170148,4.298901
0.17015,4.8536773
0.170152,4.8536773
0.170154,4.252671
0.170156,3.1431174
0.170158,1.6174817
0.17016,-0.046847343
0.17016199,-1.7111769
0.170164,-3.236812
0.170166,-4.346365
0.170168,-4.85491
0.17017,-4.8086786
0.170172,-4.2076707
0.170174,-3.0518866
0.170176,-1.5262513
0.170178,0.184309
0.17018,1.8948698
0.170182,3.3742738
0.170184,4.3913646
0.170186,4.8999095
0.170188,4.807446
0.17019,4.113976
0.170192,2.9119601
0.170194,1.4325566
0.170196,-0.32423592
0.170198,-1.9423337
0.1702,-3.4217377
0.170202,-4.4388275
0.170204,-4.9011416
0.170206,-4.7624474
0.17020799,-4.068977
0.17021,-2.866961
0.170212,-1.2950945
0.170214,0.46169758
0.170216,2.126027
0.170218,3.5129685
0.17022,4.483826
0.170222,4.8999095
0.170224,4.7149835
0.170226,3.9752812
0.170228,2.727035
0.17023,1.1551685
0.170232,-0.55539227
0.170234,-2.1734905
0.170236,-3.6066632
0.170238,-4.5312905
0.17024,-4.9011416
0.170242,-4.669985
0.170244,-3.9302826
0.170246,-2.6358042
0.170248,-1.0639377
0.17025,0.6928544
0.170252,2.357184
0.170254,3.6978936
0.170256,4.5762897
0.170258,4.946141
0.17026,4.668752
0.170262,3.8365874
0.170264,2.4958777
0.170266,0.92401123
0.170268,-0.78654957
0.17027,-2.4046474
0.170272,-3.745357
0.170274,-4.623753
0.170276,-4.9011416
0.170278,-4.623753
0.17028,-3.745357
0.170282,-2.4508786
0.170284,-0.78654957
0.170286,0.970243
0.170288,2.542109
0.17029,3.8828197
0.170292,4.668752
0.170294,4.8999095
0.170296,4.5762897
0.170298,3.6516623
0.1703,2.3109517
0.170302,0.6928544
0.170304,-1.0177064
0.170306,-2.6358042
0.170308,-3.9302826
0.17031,-4.716216
0.170312,-4.9011416
0.170314,-4.5312905
0.170316,-3.6066632
0.170318,-2.2197218
0.17032,-0.55539227
0.170322,1.2013993
0.170324,2.7732663
0.170326,4.0215135
0.170328,4.7612157
0.17033,4.8999095
0.170332,4.437596
0.170334,3.5129685
0.170336,2.0797954
0.170338,0.4154663
0.17034,-1.2950945
0.170342,-2.8207297
0.170344,-4.068977
0.170346,-4.7624474
0.170348,-4.9011416
0.17035,-4.4388275
0.170352,-3.4217377
0.170354,-1.9885652
0.170356,-0.32423592
0.170358,1.4325566
0.17036,2.9581914
0.170362,4.1602073
0.17036399,4.807446
0.170366,4.8999095
0.170368,4.3913646
0.17037,3.3280425
0.170372,1.8486385
0.170374,0.184309
0.170376,-1.48002
0.170378,-3.0056553
0.17038,-4.2076707
0.170382,-4.8086786
0.170384,-4.85491
0.170386,-4.3001337
0.170388,-3.236812
0.17039,-1.7574081
0.170392,-0.046847343
0.170394,1.6637135
0.170396,3.1893477
0.170398,4.298901
0.1704,4.8536773
0.170402,4.8536773
0.170404,4.252671
0.170406,3.1431174
0.170408,1.6174817
0.17040999,-0.046847343
0.170412,-1.7111769
0.170414,-3.236812
0.170416,-4.346365
0.170418,-4.85491
0.17042,-4.8086786
0.170422,-4.2076707
0.170424,-3.0518866
0.170426,-1.5262513
0.170428,0.184309
0.17043,1.8948698
0.170432,3.3742738
0.170434,4.3913646
0.170436,4.8999095
0.170438,4.807446
0.17044,4.113976
0.170442,2.9119601
0.170444,1.4325566
0.170446,-0.32423592
0.170448,-1.9423337
0.17045,-3.4217377
0.170452,-4.4388275
0.170454,-4.9011416
0.17045599,-4.7624474
0.170458,-4.068977
0.17046,-2.866961
0.170462,-1.2950945
0.170464,0.46169758
0.170466,2.126027
0.170468,3.5129685
0.17047,4.483826
0.170472,4.8999095
0.170474,4.7149835
0.170476,3.9752812
0.170478,2.727035
0.17048,1.1551685
0.170482,-0.55539227
0.170484,-2.1734905
0.170486,-3.6066632
0.170488,-4.5312905
0.17049,-4.9011416
0.170492,-4.669985
0.170494,-3.9302826
0.170496,-2.6358042
0.170498,-1.0639377
0.1705,0.6928544
0.170502,2.357184
0.170504,3.6978936
0.170506,4.5762897
0.170508,4.8999095
0.17051,4.668752
0.170512,3.8365874
0.170514,2.4958777
0.170516,0.92401123
0.170518,-0.78654957
0.17052,-2.4046474
0.170522,-3.745357
0.170524,-4.623753
0.170526,-4.9011416
0.170528,-4.623753
0.17053,-3.745357
0.170532,-2.4508786
0.170534,-0.78654957
0.170536,0.970243
0.170538,2.542109
0.17054,3.8828197
0.170542,4.668752
0.170544,4.8999095
0.170546,4.5762897
0.170548,3.6516623
0.17055,2.3109517
0.170552,0.6928544
0.170554,-1.0639377
0.170556,-2.6358042
0.170558,-3.9302826
0.17056,-4.716216
0.170562,-4.9011416
0.170564,-4.5312905
0.170566,-3.6066632
0.170568,-2.2197218
0.17057,-0.55539227
0.170572,1.2013993
0.170574,2.7732663
0.170576,4.0215135
0.170578,4.7612157
0.17058,4.8999095
0.170582,4.437596
0.170584,3.5129685
0.170586,2.0797954
0.170588,0.4154663
0.17059,-1.2950945
0.170592,-2.8207297
0.170594,-4.068977
0.170596,-4.7624474
0.170598,-4.9011416
0.1706,-4.4388275
0.170602,-3.4217377
0.170604,-1.9885652
0.170606,-0.27800417
0.170608,1.4325566
0.17061,2.9581914
0.17061199,4.1602073
0.170614,4.807446
0.170616,4.8999095
0.170618,4.3913646
0.17062,3.3280425
0.170622,1.8486385
0.170624,0.184309
0.170626,-1.48002
0.170628,-3.0518866
0.17063,-4.2076707
0.170632,-4.8086786
0.170634,-4.85491
0.170636,-4.3001337
0.170638,-3.236812
0.17064,-1.7574081
0.170642,-0.046847343
0.170644,1.6637135
0.170646,3.1893477
0.170648,4.298901
0.17065,4.8536773
0.170652,4.8536773
0.170654,4.252671
0.170656,3.1431174
0.17065799,1.6174817
0.17066,-0.046847343
0.170662,-1.7111769
0.170664,-3.236812
0.170666,-4.346365
0.170668,-4.85491
0.17067,-4.8086786
0.170672,-4.2076707
0.170674,-3.0518866
0.170676,-1.5262513
0.170678,0.184309
0.17068,1.8948698
0.170682,3.3742738
0.170684,4.3913646
0.170686,4.8999095
0.170688,4.807446
0.17069,4.113976
0.170692,2.9119601
0.170694,1.4325566
0.170696,-0.32423592
0.170698,-1.9423337
0.1707,-3.4217377
0.170702,-4.4388275
0.17070399,-4.9011416
0.170706,-4.7624474
0.170708,-4.068977
0.17071,-2.866961
0.170712,-1.2950945
0.170714,0.46169758
0.170716,2.126027
0.170718,3.5591989
0.17072,4.483826
0.170722,4.8999095
0.170724,4.7149835
0.170726,3.9752812
0.170728,2.727035
0.17073,1.1551685
0.170732,-0.55539227
0.170734,-2.1734905
0.170736,-3.6066632
0.170738,-4.5312905
0.17074,-4.9011416
0.170742,-4.669985
0.170744,-3.9302826
0.170746,-2.6358042
0.170748,-1.0639377
0.17074999,0.13807821
0.170752,0.5541601
0.170754,0.92401123
0.170756,1.2938623
0.170758,1.6637135
0.17076,1.9873328
0.170762,2.357184
0.170764,2.6808028
0.170766,3.0044227
0.170768,3.2818112
0.17077,3.5591989
0.170772,3.8365874
0.170774,4.0677447
0.170776,4.298901
0.170778,4.437596
0.17078,4.622521
0.170782,4.7612157
0.170784,4.8536773
0.170786,4.946141
0.170788,4.992371
0.17079,5.0386033
0.170792,5.0386033
0.170794,4.992371
0.170796,4.946141
0.170798,4.8536773
0.1708,4.7612157
0.170802,4.622521
0.170804,4.437596
0.170806,4.252671
0.170808,4.0677447
0.17081,3.7903562
0.170812,3.5591989
0.170814,3.2818112
0.170816,2.9581914
0.170818,2.6345725
0.17082,2.3109517
0.170822,1.9873328
0.170824,1.6174817
0.170826,1.2938623
0.170828,0.87777996
0.17083,0.50792885
0.170832,0.13807821
0.170834,-0.2317729
0.170836,-0.6478553
0.170838,-1.0177064
0.17084,-1.387557
0.170842,-1.7111769
0.170844,-2.081028
0.170846,-2.4046474
0.170848,-2.728267
0.17085,-3.0518866
0.170852,-3.329275
0.170854,-3.6066632
0.170856,-3.8840513
0.170858,-4.115208
0.17085999,-4.346365
0.170862,-4.4850593
0.170864,-4.623753
0.170866,-4.7624474
0.170868,-4.85491
0.17087,-4.947373
0.170872,-4.993604
0.170874,-5.0398355
0.170876,-4.993604
0.170878,-4.993604
0.17088,-4.9011416
0.170882,-4.8086786
0.170884,-4.669985
0.170886,-4.5312905
0.170888,-4.3925962
0.17089,-4.2076707
0.170892,-3.976514
0.170894,-3.6991258
0.170896,-3.467969
0.170898,-3.1443493
0.1709,-2.866961
0.170902,-2.5433414
0.170904,-2.2197218
0.17090599,-1.8498712
0.170908,-1.48002
0.17091,-1.1564007
0.170912,-0.7403178
0.170914,-0.3704667
0.170916,-6.160736E-4
0.170918,0.36923456
0.17092,0.7853174
0.170922,1.1551685
0.170924,1.4787879
0.170926,1.8486385
0.170928,2.2184901
0.17093,2.542109
0.170932,2.8657289
0.170934,3.1893477
0.170936,3.4667363
0.170938,3.744125
0.17094,3.9752812
0.170942,4.2064385
0.170944,4.3913646
0.170946,4.5300584
0.170948,4.7149835
0.17095,4.807446
0.17095199,4.8999095
0.170954,4.992371
0.170956,5.0386033
0.170958,5.0386033
0.17096,4.992371
0.170962,4.946141
0.170964,4.8999095
0.170966,4.7612157
0.170968,4.668752
0.17097,4.483826
0.170972,4.3451324
0.170974,4.113976
0.170976,3.8828197
0.170978,3.6516623
0.17098,3.3742738
0.170982,3.050654
0.170984,2.7732663
0.170986,2.4034152
0.170988,2.0797954
0.17099,1.7099442
0.170992,1.3863249
0.170994,1.0164738
0.170996,0.64662313
0.17099799,0.27677202
0.171,-0.13931036
0.171002,-0.5091615
0.171004,-0.8790121
0.171006,-1.2488632
0.171008,-1.5724826
0.17101,-1.9423337
0.171012,-2.3121846
0.171014,-2.6358042
0.171016,-2.9594238
0.171018,-3.236812
0.17102,-3.5142004
0.171022,-3.7915885
0.171024,-4.022745
0.171026,-4.2539024
0.171028,-4.4388275
0.17103,-4.577522
0.171032,-4.716216
0.171034,-4.85491
0.171036,-4.947373
0.171038,-4.993604
0.17104,-5.0398355
0.171042,-5.0398355
0.171044,-4.993604
0.171046,-4.947373
0.171048,-4.85491
0.17105,-4.716216
0.171052,-4.577522
0.171054,-4.4388275
0.171056,-4.2539024
0.171058,-4.022745
0.17106,-3.7915885
0.171062,-3.5604317
0.171064,-3.2830436
0.171066,-2.9594238
0.171068,-2.6358042
0.17107,-2.3121846
0.171072,-1.9423337
0.171074,-1.6187139
0.171076,-1.2488632
0.171078,-0.8790121
0.17108,-0.5091615
0.171082,-0.13931036
0.171084,0.27677202
0.171086,0.64662313
0.171088,1.0164738
0.17109,1.3863249
0.171092,1.7099442
0.171094,2.0797954
0.171096,2.4496465
0.171098,2.7732663
0.1711,3.050654
0.171102,3.3742738
0.171104,3.6516623
0.171106,3.8828197
0.17110799,4.113976
0.17111,4.3451324
0.171112,4.483826
0.171114,4.668752
0.171116,4.7612157
0.171118,4.8999095
0.17112,4.946141
0.171122,4.992371
0.171124,5.0386033
0.171126,5.0386033
0.171128,4.992371
0.17113,4.8999095
0.171132,4.807446
0.171134,4.7149835
0.171136,4.5300584
0.171138,4.3913646
0.17114,4.2064385
0.171142,3.9752812
0.171144,3.744125
0.171146,3.4667363
0.171148,3.1893477
0.17115,2.8657289
0.171152,2.542109
0.17115399,2.2184901
0.171156,1.8486385
0.171158,1.4787879
0.17116,1.1551685
0.171162,0.7853174
0.171164,0.4154663
0.171166,-6.160736E-4
0.171168,-0.3704667
0.17117,-0.7403178
0.171172,-1.1101689
0.171174,-1.48002
0.171176,-1.8498712
0.171178,-2.1734905
0.17118,-2.4971101
0.171182,-2.8207297
0.171184,-3.1443493
0.171186,-3.467969
0.171188,-3.6991258
0.17119,-3.976514
0.171192,-4.2076707
0.171194,-4.3925962
0.171196,-4.5312905
0.171198,-4.669985
0.17119999,-4.8086786
0.171202,-4.9011416
0.171204,-4.993604
0.171206,-4.993604
0.171208,-5.0398355
0.17121,-4.993604
0.171212,-4.947373
0.171214,-4.9011416
0.171216,-4.7624474
0.171218,-4.623753
0.17122,-4.4850593
0.171222,-4.346365
0.171224,-4.115208
0.171226,-3.8840513
0.171228,-3.6528945
0.17123,-3.3755062
0.171232,-3.0518866
0.171234,-2.7744985
0.171236,-2.4046474
0.171238,-2.081028
0.17124,-1.7111769
0.171242,-1.387557
0.171244,-1.0177064
0.17124599,-0.6478553
0.171248,-0.2317729
0.17125,0.13807821
0.171252,0.50792885
0.171254,0.87777996
0.171256,1.2476311
0.171258,1.6174817
0.17126,1.9873328
0.171262,2.3109517
0.171264,2.6345725
0.171266,2.9581914
0.171268,3.2818112
0.17127,3.5591989
0.171272,3.7903562
0.171274,4.0677447
0.171276,4.252671
0.171278,4.437596
0.17128,4.622521
0.171282,4.7612157
0.171284,4.8536773
0.171286,4.946141
0.171288,4.992371
0.17129,5.0386033
0.171292,5.0386033
0.171294,4.992371
0.171296,4.946141
0.171298,4.8536773
0.1713,4.7612157
0.171302,4.622521
0.171304,4.437596
0.171306,4.252671
0.171308,4.0677447
0.17131,3.7903562
0.171312,3.5591989
0.171314,3.2818112
0.171316,2.9581914
0.171318,2.6345725
0.17132,2.3109517
0.171322,1.9873328
0.171324,1.6174817
0.171326,1.2476311
0.171328,0.87777996
0.17133,0.50792885
0.171332,0.13807821
0.171334,-0.2317729
0.171336,-0.6478553
0.171338,-1.0177064
0.17134,-1.387557
0.171342,-1.7111769
0.171344,-2.081028
0.171346,-2.4046474
0.171348,-2.728267
0.17135,-3.0518866
0.171352,-3.329275
0.171354,-3.6066632
0.171356,-3.8840513
0.171358,-4.115208
0.17136,-4.346365
0.171362,-4.4850593
0.171364,-4.623753
0.171366,-4.7624474
0.171368,-4.85491
0.17137,-4.947373
0.171372,-4.993604
0.171374,-5.0398355
0.171376,-4.993604
0.171378,-4.993604
0.17138,-4.9011416
0.171382,-4.8086786
0.171384,-4.669985
0.171386,-4.5312905
0.171388,-4.3925962
0.17139,-4.2076707
0.171392,-3.976514
0.171394,-3.6991258
0.171396,-3.467969
0.171398,-3.1443493
0.1714,-2.866961
0.17140199,-2.5433414
0.171404,-2.2197218
0.171406,-1.8498712
0.171408,-1.48002
0.17141,-1.1564007
0.171412,-0.7403178
0.171414,-0.3704667
0.171416,-6.160736E-4
0.171418,0.36923456
0.17142,0.7853174
0.171422,1.1551685
0.171424,1.4787879
0.171426,1.8486385
0.171428,2.2184901
0.17143,2.542109
0.171432,2.8657289
0.171434,3.1893477
0.171436,3.4667363
0.171438,3.744125
0.17144,3.9752812
0.171442,4.2064385
0.171444,4.3913646
0.171446,4.5300584
0.17144799,4.7149835
0.17145,4.807446
0.171452,4.8999095
0.171454,4.992371
0.171456,5.0386033
0.171458,5.0386033
0.17146,4.992371
0.171462,4.946141
0.171464,4.8999095
0.171466,4.7612157
0.171468,4.668752
0.17147,4.483826
0.171472,4.3451324
0.171474,4.113976
0.171476,3.8828197
0.171478,3.6516623
0.17148,3.3742738
0.171482,3.050654
0.171484,2.7732663
0.171486,2.4034152
0.171488,2.0797954
0.17149,1.7099442
0.171492,1.3863249
0.17149399,1.0164738
0.171496,0.64662313
0.171498,0.27677202
0.1715,-0.13931036
0.171502,-0.5091615
0.171504,-0.8790121
0.171506,-1.2488632
0.171508,-1.5724826
0.17151,-1.9423337
0.171512,-2.3121846
0.171514,-2.6358042
0.171516,-2.9594238
0.171518,-3.236812
0.17152,-3.5604317
0.171522,-3.7915885
0.171524,-4.022745
0.171526,-4.2539024
0.171528,-4.4388275
0.17153,-4.577522
0.171532,-4.716216
0.171534,-4.85491
0.171536,-4.947373
0.171538,-4.993604
0.17154,-5.0398355
0.171542,-5.0398355
0.171544,-4.993604
0.171546,-4.947373
0.171548,-4.85491
0.17155,-4.716216
0.171552,-4.577522
0.171554,-4.4388275
0.171556,-4.2539024
0.171558,-4.022745
0.17156,-3.7915885
0.171562,-3.5604317
0.171564,-3.2830436
0.171566,-2.9594238
0.171568,-2.6358042
0.17157,-2.3121846
0.171572,-1.9423337
0.171574,-1.6187139
0.171576,-1.2488632
0.171578,-0.8790121
0.17158,-0.5091615
0.171582,-0.13931036
0.171584,0.27677202
0.171586,0.64662313
0.171588,1.0164738
0.17159,1.3863249
0.171592,1.756176
0.171594,2.0797954
0.171596,2.4496465
0.171598,2.7732663
0.1716,3.050654
0.171602,3.3742738
0.171604,3.6516623
0.171606,3.8828197
0.171608,4.113976
0.17161,4.3451324
0.171612,4.483826
0.171614,4.668752
0.171616,4.7612157
0.171618,4.8999095
0.17162,4.946141
0.171622,4.992371
0.171624,5.0386033
0.171626,5.0386033
0.171628,4.992371
0.17163,4.8999095
0.171632,4.807446
0.171634,4.7149835
0.171636,4.5300584
0.171638,4.3913646
0.17164,4.2064385
0.171642,3.9752812
0.171644,3.744125
0.171646,3.4667363
0.171648,3.1893477
0.17164999,2.8657289
0.171652,2.542109
0.171654,2.2184901
0.171656,1.8486385
0.171658,1.4787879
0.17166,1.1551685
0.171662,0.7853174
0.171664,0.4154663
0.171666,-6.160736E-4
0.171668,-0.3704667
0.17167,-0.7403178
0.171672,-1.1101689
0.171674,-1.48002
0.171676,-1.8498712
0.171678,-2.1734905
0.17168,-2.4971101
0.171682,-2.866961
0.171684,-3.1443493
0.171686,-3.4217377
0.171688,-3.6991258
0.17169,-3.976514
0.171692,-4.2076707
0.171694,-4.3925962
0.17169599,-4.5312905
0.171698,-4.669985
0.1717,-4.8086786
0.171702,-4.9011416
0.171704,-4.993604
0.171706,-4.993604
0.171708,-5.0398355
0.17171,-4.993604
0.171712,-4.947373
0.171714,-4.9011416
0.171716,-4.7624474
0.171718,-4.623753
0.17172,-4.4850593
0.171722,-4.346365
0.171724,-4.115208
0.171726,-3.8840513
0.171728,-3.6528945
0.17173,-3.3755062
0.171732,-3.0518866
0.171734,-2.7744985
0.171736,-2.4046474
0.171738,-2.081028
0.17174,-1.7111769
0.17174199,-1.387557
0.171744,-1.0177064
0.171746,-0.6478553
0.171748,-0.2317729
0.17175,0.6928544
0.171752,2.3109517
0.171754,3.6516623
0.171756,4.5300584
0.171758,4.8999095
0.17176,4.622521
0.171762,3.7903562
0.171764,2.4958777
0.171766,0.87777996
0.171768,-0.83278084
0.17177,-2.4046474
0.171772,-3.7915885
0.171774,-4.623753
0.171776,-4.947373
0.171778,-4.623753
0.17178,-3.7915885
0.171782,-2.4508786
0.171784,-0.78654957
0.171786,0.92401123
0.17178799,2.542109
0.17179,3.8828197
0.171792,4.668752
0.171794,4.8999095
0.171796,4.5300584
0.171798,3.6516623
0.1718,2.3109517
0.171802,0.6928544
0.171804,-1.0639377
0.171806,-2.6358042
0.171808,-3.9302826
0.17181,-4.716216
0.171812,-4.9011416
0.171814,-4.5312905
0.171816,-3.6066632
0.171818,-2.2197218
0.17182,-0.55539227
0.171822,1.2013993
0.171824,2.7732663
0.171826,4.0215135
0.171828,4.7612157
0.17183,4.8999095
0.171832,4.437596
0.171834,3.5129685
0.171836,2.0797954
0.171838,0.4154663
0.17184,-1.2950945
0.171842,-2.8207297
0.171844,-4.068977
0.171846,-4.7624474
0.171848,-4.9011416
0.17185,-4.4388275
0.171852,-3.4217377
0.171854,-1.9885652
0.171856,-0.27800417
0.171858,1.4325566
0.17186,2.9581914
0.171862,4.1602073
0.171864,4.807446
0.171866,4.8999095
0.171868,4.3913646
0.17187,3.3280425
0.171872,1.8486385
0.171874,0.184309
0.171876,-1.48002
0.171878,-3.0518866
0.17188,-4.2076707
0.171882,-4.8086786
0.171884,-4.85491
0.171886,-4.3001337
0.171888,-3.236812
0.17189,-1.7574081
0.171892,-0.046847343
0.171894,1.6637135
0.171896,3.1893477
0.17189799,4.298901
0.1719,4.8536773
0.171902,4.8536773
0.171904,4.252671
0.171906,3.1431174
0.171908,1.6174817
0.17191,-0.046847343
0.171912,-1.7111769
0.171914,-3.236812
0.171916,-4.346365
0.171918,-4.85491
0.17192,-4.8086786
0.171922,-4.2076707
0.171924,-3.0518866
0.171926,-1.5262513
0.171928,0.23054075
0.17193,1.8948698
0.171932,3.3742738
0.171934,4.3913646
0.171936,4.8999095
0.171938,4.807446
0.17194,4.113976
0.171942,2.9119601
0.17194399,1.3863249
0.171946,-0.32423592
0.171948,-1.9423337
0.17195,-3.4217377
0.171952,-4.4388275
0.171954,-4.9011416
0.171956,-4.7624474
0.171958,-4.068977
0.17196,-2.866961
0.171962,-1.2950945
0.171964,0.46169758
0.171966,2.126027
0.171968,3.5591989
0.17197,4.483826
0.171972,4.8999095
0.171974,4.7149835
0.171976,3.9752812
0.171978,2.727035
0.17198,1.1551685
0.171982,-0.55539227
0.171984,-2.1734905
0.171986,-3.6066632
0.171988,-4.5312905
0.17198999,-4.9011416
0.171992,-4.669985
0.171994,-3.9302826
0.171996,-2.6358042
0.171998,-1.0639377
0.172,0.6928544
0.172002,2.357184
0.172004,3.6978936
0.172006,4.5762897
0.172008,4.946141
0.17201,4.668752
0.172012,3.8365874
0.172014,2.4958777
0.172016,0.92401123
0.172018,-0.78654957
0.17202,-2.4046474
0.172022,-3.745357
0.172024,-4.623753
0.172026,-4.9011416
0.172028,-4.577522
0.17203,-3.745357
0.172032,-2.4508786
0.172034,-0.78654957
0.17203599,0.970243
0.172038,2.542109
0.17204,3.8828197
0.172042,4.668752
0.172044,4.8999095
0.172046,4.5762897
0.172048,3.6516623
0.17205,2.3109517
0.172052,0.6928544
0.172054,-1.0639377
0.172056,-2.6358042
0.172058,-3.9302826
0.17206,-4.716216
0.172062,-4.9011416
0.172064,-4.5312905
0.172066,-3.6066632
0.172068,-2.2197218
0.17207,-0.55539227
0.172072,1.2013993
0.172074,2.7732663
0.172076,4.0215135
0.172078,4.7612157
0.17208,4.8999095
0.172082,4.437596
0.172084,3.5129685
0.172086,2.0797954
0.172088,0.4154663
0.17209,-1.2950945
0.172092,-2.8207297
0.172094,-4.068977
0.172096,-4.7624474
0.172098,-4.9011416
0.1721,-4.4388275
0.172102,-3.4217377
0.172104,-1.9885652
0.172106,-0.27800417
0.172108,1.4325566
0.17211,2.9581914
0.172112,4.1602073
0.172114,4.807446
0.172116,4.8999095
0.172118,4.3913646
0.17212,3.3280425
0.172122,1.8486385
0.172124,0.184309
0.172126,-1.48002
0.172128,-3.0518866
0.17213,-4.2076707
0.172132,-4.8086786
0.172134,-4.85491
0.172136,-4.3001337
0.172138,-3.236812
0.17214,-1.7574081
0.172142,-0.046847343
0.172144,1.6637135
0.17214599,3.1893477
0.172148,4.298901
0.17215,4.8536773
0.172152,4.8536773
0.172154,4.252671
0.172156,3.1431174
0.172158,1.6174817
0.17216,-0.09307861
0.172162,-1.7111769
0.172164,-3.236812
0.172166,-4.346365
0.172168,-4.85491
0.17217,-4.8086786
0.172172,-4.2076707
0.172174,-3.0518866
0.172176,-1.5262513
0.172178,0.23054075
0.17218,1.8948698
0.172182,3.3742738
0.172184,4.437596
0.172186,4.8999095
0.172188,4.807446
0.17219,4.113976
0.17219199,2.9119601
0.172194,1.3863249
0.172196,-0.32423592
0.172198,-1.9423337
0.1722,-3.4217377
0.172202,-4.4388275
0.172204,-4.9011416
0.172206,-4.7624474
0.172208,-4.068977
0.17221,-2.866961
0.172212,-1.2950945
0.172214,0.46169758
0.172216,2.126027
0.172218,3.5591989
0.17222,4.483826
0.172222,4.8999095
0.172224,4.7149835
0.172226,3.9752812
0.172228,2.727035
0.17223,1.1551685
0.172232,-0.55539227
0.172234,-2.1734905
0.172236,-3.6066632
0.17223799,-4.5312905
0.17224,-4.9011416
0.172242,-4.669985
0.172244,-3.9302826
0.172246,-2.6358042
0.172248,-1.0639377
0.17225,0.6928544
0.172252,2.357184
0.172254,3.6978936
0.172256,4.5762897
0.172258,4.946141
0.17226,4.622521
0.172262,3.8365874
0.172264,2.4958777
0.172266,0.92401123
0.172268,-0.78654957
0.17227,-2.4046474
0.172272,-3.7915885
0.172274,-4.623753
0.172276,-4.9011416
0.172278,-4.623753
0.17228,-3.745357
0.172282,-2.4508786
0.17228399,-0.78654957
0.172286,0.970243
0.172288,2.542109
0.17229,3.8828197
0.172292,4.668752
0.172294,4.8999095
0.172296,4.5762897
0.172298,3.6516623
0.1723,2.3109517
0.172302,0.6928544
0.172304,-1.0639377
0.172306,-2.6358042
0.172308,-3.9302826
0.17231,-4.716216
0.172312,-4.9011416
0.172314,-4.4850593
0.172316,-3.6066632
0.172318,-2.2197218
0.17232,-0.55539227
0.172322,1.2013993
0.172324,2.7732663
0.172326,4.0215135
0.172328,4.7612157
0.17233,4.8999095
0.172332,4.437596
0.172334,3.5129685
0.172336,2.0797954
0.172338,0.4154663
0.17234,-1.2950945
0.172342,-2.8207297
0.172344,-4.068977
0.172346,-4.7624474
0.172348,-4.9011416
0.17235,-4.4388275
0.172352,-3.4217377
0.172354,-1.9885652
0.172356,-0.27800417
0.172358,1.4325566
0.17236,3.0044227
0.172362,4.1602073
0.172364,4.807446
0.172366,4.8999095
0.172368,4.3913646
0.17237,3.3280425
0.172372,1.8486385
0.172374,0.184309
0.172376,-1.48002
0.172378,-3.0518866
0.17238,-4.2076707
0.172382,-4.8086786
0.172384,-4.85491
0.172386,-4.3001337
0.172388,-3.236812
0.17239,-1.7574081
0.172392,-0.046847343
0.17239399,1.6637135
0.172396,3.1893477
0.172398,4.298901
0.1724,4.8536773
0.172402,4.8536773
0.172404,4.252671
0.172406,3.1431174
0.172408,1.6174817
0.17241,-0.09307861
0.172412,-1.7111769
0.172414,-3.236812
0.172416,-4.346365
0.172418,-4.85491
0.17242,-4.8086786
0.172422,-4.2076707
0.172424,-3.0518866
0.172426,-1.5262513
0.172428,0.23054075
0.17243,1.8948698
0.172432,3.3742738
0.172434,4.3913646
0.172436,4.8999095
0.172438,4.807446
0.17243999,4.113976
0.172442,2.9119601
0.172444,1.3863249
0.172446,-0.32423592
0.172448,-1.9423337
0.17245,-3.4217377
0.172452,-4.4388275
0.172454,-4.9011416
0.172456,-4.7624474
0.172458,-4.068977
0.17246,-2.866961
0.172462,-1.2950945
0.172464,0.46169758
0.172466,2.126027
0.172468,3.5591989
0.17247,4.483826
0.172472,4.8999095
0.172474,4.7149835
0.172476,3.9752812
0.172478,2.727035
0.17248,1.1551685
0.172482,-0.55539227
0.172484,-2.1734905
0.17248599,-3.6066632
0.172488,-4.5312905
0.17249,-4.9011416
0.172492,-4.669985
0.172494,-3.9302826
0.172496,-2.6358042
0.172498,-1.0177064
0.1725,0.6928544
0.172502,2.357184
0.172504,3.6978936
0.172506,4.5762897
0.172508,4.8999095
0.17251,4.622521
0.172512,3.8365874
0.172514,2.4958777
0.172516,0.92401123
0.172518,-0.78654957
0.17252,-2.4046474
0.172522,-3.7915885
0.172524,-4.623753
0.172526,-4.9011416
0.172528,-4.577522
0.17253,-3.745357
0.17253199,-2.4508786
0.172534,-0.78654957
0.172536,0.970243
0.172538,2.542109
0.17254,3.8828197
0.172542,4.668752
0.172544,4.8999095
0.172546,4.5762897
0.172548,3.6516623
0.17255,2.3109517
0.172552,0.6928544
0.172554,-1.0639377
0.172556,-2.6358042
0.172558,-3.9302826
0.17256,-4.716216
0.172562,-4.9011416
0.172564,-4.4850593
0.172566,-3.6066632
0.172568,-2.2197218
0.17257,-0.55539227
0.172572,1.2013993
0.172574,2.7732663
0.172576,4.0215135
0.172578,4.7612157
0.17258,4.8999095
0.172582,4.437596
0.172584,3.5129685
0.172586,2.0797954
0.172588,0.4154663
0.17259,-1.2950945
0.172592,-2.8207297
0.172594,-4.068977
0.172596,-4.7624474
0.172598,-4.9011416
0.1726,-4.4388275
0.172602,-3.4217377
0.172604,-1.9885652
0.172606,-0.27800417
0.172608,1.4325566
0.17261,2.9581914
0.172612,4.1602073
0.172614,4.807446
0.172616,4.8536773
0.172618,4.3913646
0.17262,3.3280425
0.172622,1.8486385
0.172624,0.184309
0.172626,-1.48002
0.172628,-3.0518866
0.17263,-4.2076707
0.172632,-4.8086786
0.172634,-4.85491
0.172636,-4.3001337
0.172638,-3.236812
0.17264,-1.7574081
0.172642,-0.046847343
0.172644,1.6637135
0.172646,3.1893477
0.172648,4.298901
0.17265,4.8536773
0.172652,4.8536773
0.172654,4.252671
0.172656,3.1431174
0.172658,1.6174817
0.17266,-0.09307861
0.172662,-1.7111769
0.172664,-3.236812
0.172666,-4.346365
0.172668,-4.85491
0.17267,-4.8086786
0.172672,-4.2076707
0.172674,-3.0518866
0.172676,-1.48002
0.172678,0.23054075
0.17268,1.8948698
0.172682,3.3742738
0.172684,4.3913646
0.172686,4.8999095
0.17268799,4.7612157
0.17269,4.113976
0.172692,2.9119601
0.172694,1.3863249
0.172696,-0.32423592
0.172698,-1.9423337
0.1727,-3.4217377
0.172702,-4.4388275
0.172704,-4.9011416
0.172706,-4.7624474
0.172708,-4.068977
0.17271,-2.866961
0.172712,-1.2950945
0.172714,0.46169758
0.172716,2.126027
0.172718,3.5591989
0.17272,4.483826
0.172722,4.8999095
0.172724,4.7149835
0.172726,3.9752812
0.172728,2.727035
0.17273,1.1551685
0.172732,-0.55539227
0.17273399,-2.1734905
0.172736,-3.6066632
0.172738,-4.5312905
0.17274,-4.9011416
0.172742,-4.669985
0.172744,-3.9302826
0.172746,-2.6358042
0.172748,-1.0177064
0.17275,0.184309
0.172752,0.5541601
0.172754,0.92401123
0.172756,1.2938623
0.172758,1.6637135
0.17276,1.9873328
0.172762,2.357184
0.172764,2.6808028
0.172766,3.0044227
0.172768,3.2818112
0.17277,3.5591989
0.172772,3.8365874
0.172774,4.0677447
0.172776,4.298901
0.172778,4.437596
0.17277999,4.622521
0.172782,4.7612157
0.172784,4.8536773
0.172786,4.946141
0.172788,4.992371
0.17279,5.0386033
0.172792,5.0386033
0.172794,4.992371
0.172796,4.946141
0.172798,4.8536773
0.1728,4.7612157
0.172802,4.622521
0.172804,4.437596
0.172806,4.252671
0.172808,4.0677447
0.17281,3.7903562
0.172812,3.5591989
0.172814,3.2818112
0.172816,2.9581914
0.172818,2.6345725
0.17282,2.3109517
0.172822,1.9873328
0.172824,1.6174817
0.172826,1.2938623
0.172828,0.87777996
0.17283,0.50792885
0.172832,0.13807821
0.172834,-0.2317729
0.172836,-0.6478553
0.172838,-1.0177064
0.17284,-1.387557
0.172842,-1.7111769
0.172844,-2.081028
0.172846,-2.4046474
0.172848,-2.728267
0.17285,-3.0518866
0.172852,-3.329275
0.172854,-3.6066632
0.172856,-3.8840513
0.172858,-4.115208
0.17286,-4.346365
0.172862,-4.4850593
0.172864,-4.623753
0.172866,-4.7624474
0.172868,-4.85491
0.17287,-4.947373
0.172872,-4.993604
0.172874,-5.0398355
0.172876,-4.993604
0.172878,-4.993604
0.17288,-4.9011416
0.172882,-4.8086786
0.172884,-4.669985
0.172886,-4.5312905
0.172888,-4.3925962
0.17289,-4.2076707
0.172892,-3.976514
0.172894,-3.6991258
0.172896,-3.467969
0.172898,-3.1443493
0.1729,-2.866961
0.172902,-2.5433414
0.172904,-2.1734905
0.172906,-1.8498712
0.172908,-1.48002
0.17291,-1.1564007
0.172912,-0.7403178
0.172914,-0.3704667
0.172916,-6.160736E-4
0.172918,0.36923456
0.17292,0.7853174
0.172922,1.1551685
0.172924,1.4787879
0.172926,1.8486385
0.172928,2.2184901
0.17293,2.542109
0.172932,2.8657289
0.172934,3.1893477
0.17293599,3.4667363
0.172938,3.744125
0.17294,3.9752812
0.172942,4.2064385
0.172944,4.3913646
0.172946,4.5300584
0.172948,4.7149835
0.17295,4.807446
0.172952,4.8999095
0.172954,4.992371
0.172956,5.0386033
0.172958,5.0386033
0.17296,4.992371
0.172962,4.946141
0.172964,4.8999095
0.172966,4.807446
0.172968,4.668752
0.17297,4.483826
0.172972,4.3451324
0.172974,4.113976
0.172976,3.8828197
0.172978,3.6516623
0.17298,3.3742738
0.17298199,3.050654
0.172984,2.7732663
0.172986,2.4034152
0.172988,2.0797954
0.17299,1.7099442
0.172992,1.3863249
0.172994,1.0164738
0.172996,0.64662313
0.172998,0.27677202
0.173,-0.13931036
0.173002,-0.5091615
0.173004,-0.8790121
0.173006,-1.2488632
0.173008,-1.6187139
0.17301,-1.9423337
0.173012,-2.3121846
0.173014,-2.6358042
0.173016,-2.9594238
0.173018,-3.236812
0.17302,-3.5604317
0.173022,-3.7915885
0.173024,-4.022745
0.173026,-4.2539024
0.17302799,-4.4388275
0.17303,-4.577522
0.173032,-4.716216
0.173034,-4.85491
0.173036,-4.947373
0.173038,-4.993604
0.17304,-5.0398355
0.173042,-5.0398355
0.173044,-4.993604
0.173046,-4.947373
0.173048,-4.85491
0.17305,-4.716216
0.173052,-4.577522
0.173054,-4.4388275
0.173056,-4.2539024
0.173058,-4.022745
0.17306,-3.7915885
0.173062,-3.5604317
0.173064,-3.2830436
0.173066,-2.9594238
0.173068,-2.6358042
0.17307,-2.3121846
0.173072,-1.9423337
0.17307399,-1.6187139
0.173076,-1.2488632
0.173078,-0.8790121
0.17308,-0.5091615
0.173082,-0.13931036
0.173084,0.27677202
0.173086,0.64662313
0.173088,1.0164738
0.17309,1.3863249
0.173092,1.756176
0.173094,2.0797954
0.173096,2.4496465
0.173098,2.7732663
0.1731,3.050654
0.173102,3.3742738
0.173104,3.6516623
0.173106,3.8828197
0.173108,4.113976
0.17311,4.3451324
0.173112,4.483826
0.173114,4.668752
0.173116,4.7612157
0.173118,4.8999095
0.17312,4.946141
0.173122,4.992371
0.173124,5.0386033
0.173126,5.0386033
0.173128,4.992371
0.17313,4.8999095
0.173132,4.807446
0.173134,4.7149835
0.173136,4.5300584
0.173138,4.3913646
0.17314,4.2064385
0.173142,3.9752812
0.173144,3.744125
0.173146,3.4667363
0.173148,3.1893477
0.17315,2.8657289
0.173152,2.542109
0.173154,2.2184901
0.173156,1.8486385
0.173158,1.4787879
0.17316,1.1551685
0.173162,0.7853174
0.173164,0.36923456
0.173166,-6.160736E-4
0.173168,-0.3704667
0.17317,-0.7403178
0.173172,-1.1101689
0.173174,-1.48002
0.173176,-1.8498712
0.173178,-2.1734905
0.17318,-2.4971101
0.173182,-2.866961
0.17318399,-3.1443493
0.173186,-3.467969
0.173188,-3.6991258
0.17319,-3.976514
0.173192,-4.2076707
0.173194,-4.3925962
0.173196,-4.5312905
0.173198,-4.669985
0.1732,-4.8086786
0.173202,-4.9011416
0.173204,-4.993604
0.173206,-4.993604
0.173208,-5.0398355
0.17321,-4.993604
0.173212,-4.947373
0.173214,-4.9011416
0.173216,-4.7624474
0.173218,-4.623753
0.17322,-4.4850593
0.173222,-4.346365
0.173224,-4.115208
0.173226,-3.8840513
0.173228,-3.6528945
0.17322999,-3.3755062
0.173232,-3.0518866
0.173234,-2.7744985
0.173236,-2.4046474
0.173238,-2.081028
0.17324,-1.7111769
0.173242,-1.387557
0.173244,-1.0177064
0.173246,-0.6478553
0.173248,-0.2317729
0.17325,0.13807821
0.173252,0.50792885
0.173254,0.87777996
0.173256,1.2938623
0.173258,1.6174817
0.17326,1.9873328
0.173262,2.3109517
0.173264,2.6345725
0.173266,2.9581914
0.173268,3.2818112
0.17327,3.5591989
0.173272,3.7903562
0.173274,4.0677447
0.17327599,4.252671
0.173278,4.437596
0.17328,4.622521
0.173282,4.7612157
0.173284,4.8536773
0.173286,4.946141
0.173288,4.992371
0.17329,5.0386033
0.173292,5.0386033
0.173294,4.992371
0.173296,4.946141
0.173298,4.8536773
0.1733,4.7612157
0.173302,4.5762897
0.173304,4.437596
0.173306,4.252671
0.173308,4.0677447
0.17331,3.7903562
0.173312,3.5591989
0.173314,3.2818112
0.173316,2.9581914
0.173318,2.6345725
0.17332,2.3109517
0.17332199,1.9411016
0.173324,1.6174817
0.173326,1.2476311
0.173328,0.87777996
0.17333,0.50792885
0.173332,0.13807821
0.173334,-0.2317729
0.173336,-0.6478553
0.173338,-1.0177064
0.17334,-1.387557
0.173342,-1.7111769
0.173344,-2.081028
0.173346,-2.4046474
0.173348,-2.728267
0.17335,-3.0518866
0.173352,-3.3755062
0.173354,-3.6066632
0.173356,-3.8840513
0.173358,-4.115208
0.17336,-4.346365
0.173362,-4.4850593
0.173364,-4.623753
0.173366,-4.7624474
0.173368,-4.9011416
0.17337,-4.947373
0.173372,-4.993604
0.173374,-5.0398355
0.173376,-4.993604
0.173378,-4.993604
0.17338,-4.9011416
0.173382,-4.8086786
0.173384,-4.669985
0.173386,-4.5312905
0.173388,-4.3925962
0.17339,-4.2076707
0.173392,-3.976514
0.173394,-3.6991258
0.173396,-3.467969
0.173398,-3.1443493
0.1734,-2.866961
0.173402,-2.5433414
0.173404,-2.1734905
0.173406,-1.8498712
0.173408,-1.48002
0.17341,-1.1564007
0.173412,-0.7403178
0.173414,-0.3704667
0.173416,-6.160736E-4
0.173418,0.4154663
0.17342,0.7853174
0.173422,1.1551685
0.173424,1.4787879
0.173426,1.8486385
0.173428,2.2184901
0.17343,2.542109
0.17343199,2.8657289
0.173434,3.1893477
0.173436,3.4667363
0.173438,3.744125
0.17344,3.9752812
0.173442,4.2064385
0.173444,4.3913646
0.173446,4.5300584
0.173448,4.7149835
0.17345,4.807446
0.173452,4.8999095
0.173454,4.992371
0.173456,5.0386033
0.173458,5.0386033
0.17346,4.992371
0.173462,4.946141
0.173464,4.8999095
0.173466,4.7612157
0.173468,4.668752
0.17347,4.483826
0.173472,4.3451324
0.173474,4.113976
0.173476,3.8828197
0.17347799,3.6516623
0.17348,3.3742738
0.173482,3.050654
0.173484,2.7732663
0.173486,2.4034152
0.173488,2.0797954
0.17349,1.7099442
0.173492,1.3863249
0.173494,1.0164738
0.173496,0.64662313
0.173498,0.27677202
0.1735,-0.13931036
0.173502,-0.5091615
0.173504,-0.8790121
0.173506,-1.2488632
0.173508,-1.5724826
0.17351,-1.9423337
0.173512,-2.3121846
0.173514,-2.6358042
0.173516,-2.9594238
0.173518,-3.236812
0.17352,-3.5604317
0.173522,-3.7915885
0.17352399,-4.022745
0.173526,-4.2539024
0.173528,-4.4388275
0.17353,-4.577522
0.173532,-4.716216
0.173534,-4.85491
0.173536,-4.947373
0.173538,-4.993604
0.17354,-5.0398355
0.173542,-5.0398355
0.173544,-4.993604
0.173546,-4.947373
0.173548,-4.85491
0.17355,-4.716216
0.173552,-4.577522
0.173554,-4.4388275
0.173556,-4.2539024
0.173558,-4.022745
0.17356,-3.7915885
0.173562,-3.5604317
0.173564,-3.236812
0.173566,-2.9594238
0.173568,-2.6358042
0.17356999,-2.3121846
0.173572,-1.9423337
0.173574,-1.6187139
0.173576,-1.2488632
0.173578,-0.8790121
0.17358,-0.5091615
0.173582,-0.13931036
0.173584,0.27677202
0.173586,0.64662313
0.173588,1.0164738
0.17359,1.3863249
0.173592,1.756176
0.173594,2.0797954
0.173596,2.4496465
0.173598,2.7732663
0.1736,3.050654
0.173602,3.3742738
0.173604,3.6516623
0.173606,3.8828197
0.173608,4.113976
0.17361,4.3451324
0.173612,4.483826
0.173614,4.668752
0.173616,4.7612157
0.173618,4.8999095
0.17362,4.946141
0.173622,4.992371
0.173624,5.0386033
0.173626,5.0386033
0.173628,4.992371
0.17363,4.8999095
0.173632,4.807446
0.173634,4.7149835
0.173636,4.5300584
0.173638,4.3913646
0.17364,4.2064385
0.173642,3.9752812
0.173644,3.744125
0.173646,3.4667363
0.173648,3.1893477
0.17365,2.8657289
0.173652,2.542109
0.173654,2.2184901
0.173656,1.8486385
0.173658,1.4787879
0.17366,1.1551685
0.173662,0.7853174
0.173664,0.36923456
0.173666,-6.160736E-4
0.173668,-0.3704667
0.17367,-0.7403178
0.173672,-1.1101689
0.173674,-1.48002
0.173676,-1.8498712
0.173678,-2.1734905
0.17368,-2.4971101
0.173682,-2.866961
0.173684,-3.1443493
0.173686,-3.467969
0.173688,-3.6991258
0.17369,-3.976514
0.173692,-4.2076707
0.173694,-4.3925962
0.173696,-4.5312905
0.173698,-4.669985
0.1737,-4.8086786
0.173702,-4.9011416
0.173704,-4.993604
0.173706,-4.993604
0.173708,-5.0398355
0.17371,-4.993604
0.173712,-4.947373
0.173714,-4.9011416
0.173716,-4.7624474
0.173718,-4.623753
0.17372,-4.4850593
0.173722,-4.346365
0.173724,-4.115208
0.17372599,-3.8840513
0.173728,-3.6528945
0.17373,-3.3755062
0.173732,-3.0518866
0.173734,-2.7744985
0.173736,-2.4046474
0.173738,-2.081028
0.17374,-1.7111769
0.173742,-1.387557
0.173744,-1.0177064
0.173746,-0.6478553
0.173748,-0.2317729
0.17375,0.6928544
0.173752,2.3109517
0.173754,3.6516623
0.173756,4.5300584
0.173758,4.8999095
0.17376,4.622521
0.173762,3.7903562
0.173764,2.4958777
0.173766,0.87777996
0.173768,-0.83278084
0.17377,-2.4508786
0.17377199,-3.7915885
0.173774,-4.623753
0.173776,-4.947373
0.173778,-4.623753
0.17378,-3.745357
0.173782,-2.4508786
0.173784,-0.78654957
0.173786,0.970243
0.173788,2.542109
0.17379,3.8828197
0.173792,4.668752
0.173794,4.8999095
0.173796,4.5300584
0.173798,3.6516623
0.1738,2.2647214
0.173802,0.64662313
0.173804,-1.0639377
0.173806,-2.6358042
0.173808,-3.9302826
0.17381,-4.716216
0.173812,-4.9011416
0.173814,-4.4850593
0.173816,-3.6066632
0.17381799,-2.2197218
0.17382,-0.55539227
0.173822,1.2013993
0.173824,2.7732663
0.173826,4.0215135
0.173828,4.7612157
0.17383,4.8999095
0.173832,4.437596
0.173834,3.4667363
0.173836,2.0797954
0.173838,0.4154663
0.17384,-1.2950945
0.173842,-2.8207297
0.173844,-4.068977
0.173846,-4.7624474
0.173848,-4.9011416
0.17385,-4.4388275
0.173852,-3.4217377
0.173854,-1.9885652
0.173856,-0.27800417
0.173858,1.4325566
0.17386,3.0044227
0.173862,4.1602073
0.173864,4.807446
0.173866,4.8999095
0.173868,4.3913646
0.17387,3.3280425
0.173872,1.8486385
0.173874,0.184309
0.173876,-1.5262513
0.173878,-3.0518866
0.17388,-4.2076707
0.173882,-4.8086786
0.173884,-4.85491
0.173886,-4.3001337
0.173888,-3.236812
0.17389,-1.7574081
0.173892,-0.046847343
0.173894,1.6637135
0.173896,3.1893477
0.173898,4.298901
0.1739,4.8536773
0.173902,4.8536773
0.173904,4.252671
0.173906,3.0968862
0.173908,1.6174817
0.17391,-0.09307861
0.173912,-1.7574081
0.173914,-3.236812
0.173916,-4.346365
0.173918,-4.85491
0.17392,-4.8086786
0.173922,-4.2076707
0.173924,-3.0518866
0.173926,-1.48002
0.173928,0.23054075
0.17393,1.8948698
0.173932,3.3742738
0.173934,4.437596
0.173936,4.8999095
0.173938,4.807446
0.17394,4.113976
0.173942,2.9119601
0.173944,1.3863249
0.173946,-0.32423592
0.173948,-1.9885652
0.17395,-3.4217377
0.173952,-4.4388275
0.173954,-4.9011416
0.173956,-4.7624474
0.173958,-4.068977
0.17396,-2.8207297
0.173962,-1.2950945
0.173964,0.46169758
0.173966,2.126027
0.173968,3.5591989
0.17397,4.483826
0.173972,4.8999095
0.17397399,4.7149835
0.173976,3.9752812
0.173978,2.727035
0.17398,1.1551685
0.173982,-0.55539227
0.173984,-2.1734905
0.173986,-3.6066632
0.173988,-4.5312905
0.17399,-4.9011416
0.173992,-4.669985
0.173994,-3.8840513
0.173996,-2.6358042
0.173998,-1.0177064
0.174,0.7390857
0.174002,2.357184
0.174004,3.6978936
0.174006,4.5762897
0.174008,4.8999095
0.17401,4.622521
0.174012,3.8365874
0.174014,2.4958777
0.174016,0.92401123
0.174018,-0.83278084
0.17401999,-2.4046474
0.174022,-3.7915885
0.174024,-4.623753
0.174026,-4.9011416
0.174028,-4.577522
0.17403,-3.745357
0.174032,-2.4046474
0.174034,-0.78654957
0.174036,0.970243
0.174038,2.5883412
0.17404,3.8828197
0.174042,4.668752
0.174044,4.8999095
0.174046,4.5762897
0.174048,3.6516623
0.17405,2.3109517
0.174052,0.64662313
0.174054,-1.0639377
0.174056,-2.6358042
0.174058,-3.9302826
0.17406,-4.716216
0.174062,-4.9011416
0.174064,-4.4850593
0.17406599,-3.6066632
0.174068,-2.2197218
0.17407,-0.55539227
0.174072,1.2013993
0.174074,2.7732663
0.174076,4.0215135
0.174078,4.7612157
0.17408,4.8999095
0.174082,4.437596
0.174084,3.4667363
0.174086,2.0797954
0.174088,0.4154663
0.17409,-1.2950945
0.174092,-2.8207297
0.174094,-4.068977
0.174096,-4.7624474
0.174098,-4.9011416
0.1741,-4.4388275
0.174102,-3.4217377
0.174104,-1.9885652
0.174106,-0.27800417
0.174108,1.4325566
0.17411,3.0044227
0.17411199,4.1602073
0.174114,4.807446
0.174116,4.8999095
0.174118,4.3913646
0.17412,3.3280425
0.174122,1.8486385
0.174124,0.184309
0.174126,-1.5262513
0.174128,-3.0518866
0.17413,-4.2076707
0.174132,-4.8086786
0.174134,-4.85491
0.174136,-4.3001337
0.174138,-3.236812
0.17414,-1.7574081
0.174142,-0.046847343
0.174144,1.6637135
0.174146,3.1893477
0.174148,4.298901
0.17415,4.8536773
0.174152,4.8536773
0.174154,4.252671
0.174156,3.0968862
0.174158,1.6174817
0.17416,-0.09307861
0.174162,-1.7574081
0.174164,-3.236812
0.174166,-4.346365
0.174168,-4.85491
0.17417,-4.8086786
0.174172,-4.2076707
0.174174,-3.0518866
0.174176,-1.48002
0.174178,0.23054075
0.17418,1.8948698
0.174182,3.3742738
0.174184,4.437596
0.174186,4.8999095
0.174188,4.807446
0.17419,4.113976
0.174192,2.9119601
0.174194,1.3863249
0.174196,-0.32423592
0.174198,-1.9885652
0.1742,-3.4217377
0.174202,-4.4388275
0.174204,-4.9011416
0.174206,-4.7624474
0.174208,-4.068977
0.17421,-2.8207297
0.174212,-1.2950945
0.174214,0.46169758
0.174216,2.126027
0.174218,3.5591989
0.17422,4.483826
0.17422199,4.8999095
0.174224,4.7149835
0.174226,3.9752812
0.174228,2.727035
0.17423,1.1551685
0.174232,-0.55539227
0.174234,-2.1734905
0.174236,-3.6066632
0.174238,-4.5312905
0.17424,-4.9011416
0.174242,-4.669985
0.174244,-3.8840513
0.174246,-2.6358042
0.174248,-1.0177064
0.17425,0.7390857
0.174252,2.357184
0.174254,3.6978936
0.174256,4.5762897
0.174258,4.8999095
0.17426,4.622521
0.174262,3.8365874
0.174264,2.4958777
0.174266,0.92401123
0.17426799,-0.83278084
0.17427,-2.4046474
0.174272,-3.7915885
0.174274,-4.623753
0.174276,-4.9011416
0.174278,-4.577522
0.17428,-3.745357
0.174282,-2.4046474
0.174284,-0.78654957
0.174286,0.970243
0.174288,2.5883412
0.17429,3.8828197
0.174292,4.668752
0.174294,4.8999095
0.174296,4.5762897
0.174298,3.6516623
0.1743,2.2647214
0.174302,0.64662313
0.174304,-1.0639377
0.174306,-2.6358042
0.174308,-3.9302826
0.17431,-4.716216
0.174312,-4.9011416
0.17431399,-4.4850593
0.174316,-3.6066632
0.174318,-2.2197218
0.17432,-0.55539227
0.174322,1.2013993
0.174324,2.7732663
0.174326,4.0215135
0.174328,4.7612157
0.17433,4.8999095
0.174332,4.437596
0.174334,3.4667363
0.174336,2.0797954
0.174338,0.4154663
0.17434,-1.2950945
0.174342,-2.8207297
0.174344,-4.068977
0.174346,-4.7624474
0.174348,-4.9011416
0.17435,-4.4388275
0.174352,-3.4217377
0.174354,-1.9885652
0.174356,-0.27800417
0.174358,1.4325566
0.17435999,3.0044227
0.174362,4.1602073
0.174364,4.807446
0.174366,4.8999095
0.174368,4.3913646
0.17437,3.3280425
0.174372,1.8486385
0.174374,0.184309
0.174376,-1.5262513
0.174378,-3.0518866
0.17438,-4.2076707
0.174382,-4.8086786
0.174384,-4.85491
0.174386,-4.3001337
0.174388,-3.236812
0.17439,-1.7574081
0.174392,-0.046847343
0.174394,1.6637135
0.174396,3.1893477
0.174398,4.298901
0.1744,4.8536773
0.174402,4.8536773
0.174404,4.252671
0.174406,3.0968862
0.174408,1.6174817
0.17441,-0.09307861
0.174412,-1.7574081
0.174414,-3.236812
0.174416,-4.346365
0.174418,-4.85491
0.17442,-4.8086786
0.174422,-4.2076707
0.174424,-3.0518866
0.174426,-1.48002
0.174428,0.23054075
0.17443,1.8948698
0.174432,3.3742738
0.174434,4.437596
0.174436,4.8999095
0.174438,4.7612157
0.17444,4.113976
0.174442,2.9119601
0.174444,1.3863249
0.174446,-0.32423592
0.174448,-1.9885652
0.17445,-3.4217377
0.174452,-4.4388275
0.174454,-4.9011416
0.174456,-4.7624474
0.174458,-4.068977
0.17446,-2.8207297
0.174462,-1.2950945
0.174464,0.46169758
0.174466,2.126027
0.174468,3.5591989
0.17446999,4.483826
0.174472,4.8999095
0.174474,4.7149835
0.174476,3.9752812
0.174478,2.727035
0.17448,1.1551685
0.174482,-0.55539227
0.174484,-2.1734905
0.174486,-3.6066632
0.174488,-4.5312905
0.17449,-4.9011416
0.174492,-4.669985
0.174494,-3.8840513
0.174496,-2.6358042
0.174498,-1.0177064
0.1745,0.7390857
0.174502,2.357184
0.174504,3.6978936
0.174506,4.5762897
0.174508,4.8999095
0.17451,4.622521
0.174512,3.8365874
0.174514,2.4958777
0.17451599,0.92401123
0.174518,-0.83278084
0.17452,-2.4046474
0.174522,-3.7915885
0.174524,-4.623753
0.174526,-4.9011416
0.174528,-4.577522
0.17453,-3.745357
0.174532,-2.4046474
0.174534,-0.78654957
0.174536,0.970243
0.174538,2.5883412
0.17454,3.8828197
0.174542,4.668752
0.174544,4.8999095
0.174546,4.5762897
0.174548,3.6516623
0.17455,2.2647214
0.174552,0.64662313
0.174554,-1.0639377
0.174556,-2.6358042
0.174558,-3.9302826
0.17456,-4.716216
0.17456199,-4.9011416
0.174564,-4.4850593
0.174566,-3.6066632
0.174568,-2.2197218
0.17457,-0.55539227
0.174572,1.2013993
0.174574,2.7732663
0.174576,4.0215135
0.174578,4.7612157
0.17458,4.8999095
0.174582,4.437596
0.174584,3.4667363
0.174586,2.0797954
0.174588,0.4154663
0.17459,-1.2950945
0.174592,-2.8207297
0.174594,-4.068977
0.174596,-4.7624474
0.174598,-4.9011416
0.1746,-4.4388275
0.174602,-3.4217377
0.174604,-1.9885652
0.174606,-0.27800417
0.17460799,1.4325566
0.17461,3.0044227
0.174612,4.1602073
0.174614,4.807446
0.174616,4.8999095
0.174618,4.3913646
0.17462,3.3280425
0.174622,1.8486385
0.174624,0.184309
0.174626,-1.5262513
0.174628,-3.0518866
0.17463,-4.2076707
0.174632,-4.8086786
0.174634,-4.85491
0.174636,-4.3001337
0.174638,-3.236812
0.17464,-1.7111769
0.174642,-0.046847343
0.174644,1.6637135
0.174646,3.1893477
0.174648,4.298901
0.17465,4.8536773
0.174652,4.8536773
0.174654,4.252671
0.174656,3.0968862
0.174658,1.6174817
0.17466,-0.09307861
0.174662,-1.7574081
0.174664,-3.236812
0.174666,-4.346365
0.174668,-4.85491
0.17467,-4.8086786
0.174672,-4.2076707
0.174674,-3.0518866
0.174676,-1.48002
0.174678,0.23054075
0.17468,1.8948698
0.174682,3.3742738
0.174684,4.437596
0.174686,4.8999095
0.174688,4.807446
0.17469,4.113976
0.174692,2.9119601
0.174694,1.3863249
0.174696,-0.32423592
0.174698,-1.9885652
0.1747,-3.4217377
0.174702,-4.4388275
0.174704,-4.9011416
0.174706,-4.7624474
0.174708,-4.068977
0.17471,-2.8207297
0.174712,-1.2950945
0.174714,0.46169758
0.174716,2.126027
0.17471799,3.5591989
0.17472,4.483826
0.174722,4.8999095
0.174724,4.7149835
0.174726,3.9752812
0.174728,2.727035
0.17473,1.1551685
0.174732,-0.55539227
0.174734,-2.1734905
0.174736,-3.6066632
0.174738,-4.5312905
0.17474,-4.9011416
0.174742,-4.669985
0.174744,-3.8840513
0.174746,-2.6358042
0.174748,-1.0177064
0.17475,0.184309
0.174752,0.5541601
0.174754,0.92401123
0.174756,1.2938623
0.174758,1.6637135
0.17476,1.9873328
0.174762,2.357184
0.17476399,2.6808028
0.174766,3.0044227
0.174768,3.2818112
0.17477,3.5591989
0.174772,3.8365874
0.174774,4.0677447
0.174776,4.298901
0.174778,4.437596
0.17478,4.622521
0.174782,4.7612157
0.174784,4.8536773
0.174786,4.946141
0.174788,4.992371
0.17479,5.0386033
0.174792,5.0386033
0.174794,4.992371
0.174796,4.946141
0.174798,4.8536773
0.1748,4.7612157
0.174802,4.622521
0.174804,4.437596
0.174806,4.252671
0.174808,4.0677447
0.17480999,3.7903562
0.174812,3.5591989
0.174814,3.2818112
0.174816,2.9581914
0.174818,2.6345725
0.17482,2.3109517
0.174822,1.9873328
0.174824,1.6174817
0.174826,1.2476311
0.174828,0.87777996
0.17483,0.50792885
0.174832,0.13807821
0.174834,-0.2317729
0.174836,-0.6478553
0.174838,-1.0177064
0.17484,-1.387557
0.174842,-1.7111769
0.174844,-2.081028
0.174846,-2.4046474
0.174848,-2.728267
0.17485,-3.0518866
0.174852,-3.3755062
0.174854,-3.6066632
0.17485599,-3.8840513
0.174858,-4.115208
0.17486,-4.346365
0.174862,-4.4850593
0.174864,-4.623753
0.174866,-4.7624474
0.174868,-4.85491
0.17487,-4.947373
0.174872,-4.993604
0.174874,-5.0398355
0.174876,-4.993604
0.174878,-4.993604
0.17488,-4.9011416
0.174882,-4.8086786
0.174884,-4.669985
0.174886,-4.5312905
0.174888,-4.3925962
0.17489,-4.2076707
0.174892,-3.976514
0.174894,-3.6991258
0.174896,-3.467969
0.174898,-3.1443493
0.1749,-2.866961
0.174902,-2.5433414
0.174904,-2.1734905
0.174906,-1.8498712
0.174908,-1.48002
0.17491,-1.1564007
0.174912,-0.7403178
0.174914,-0.3704667
0.174916,-6.160736E-4
0.174918,0.4154663
0.17492,0.7853174
0.174922,1.1551685
0.174924,1.4787879
0.174926,1.8486385
0.174928,2.2184901
0.17493,2.542109
0.174932,2.8657289
0.174934,3.1893477
0.174936,3.4667363
0.174938,3.744125
0.17494,3.9752812
0.174942,4.2064385
0.174944,4.3913646
0.174946,4.5300584
0.174948,4.7149835
0.17495,4.807446
0.174952,4.8999095
0.174954,4.992371
0.174956,5.0386033
0.174958,5.0386033
0.17496,4.992371
0.174962,4.946141
0.174964,4.8999095
0.174966,4.7612157
0.174968,4.668752
0.17497,4.483826
0.174972,4.3451324
0.174974,4.113976
0.174976,3.8828197
0.174978,3.6516623
0.17498,3.3742738
0.174982,3.050654
0.174984,2.7732663
0.174986,2.4034152
0.174988,2.0797954
0.17499,1.7099442
0.174992,1.3863249
0.174994,1.0164738
0.174996,0.64662313
0.174998,0.27677202
0.175,-0.13931036
0.175002,-0.5091615
0.175004,-0.8790121
0.175006,-1.2488632
0.175008,-1.6187139
0.17501,-1.9423337
0.17501199,-2.3121846
0.175014,-2.6358042
0.175016,-2.9594238
0.175018,-3.236812
0.17502,-3.5604317
0.175022,-3.7915885
0.175024,-4.022745
0.175026,-4.2539024
0.175028,-4.4388275
0.17503,-4.577522
0.175032,-4.716216
0.175034,-4.85491
0.175036,-4.947373
0.175038,-4.993604
0.17504,-5.0398355
0.175042,-5.0398355
0.175044,-4.993604
0.175046,-4.947373
0.175048,-4.85491
0.17505,-4.716216
0.175052,-4.577522
0.175054,-4.4388275
0.175056,-4.2539024
0.17505799,-4.022745
0.17506,-3.7915885
0.175062,-3.5604317
0.175064,-3.2830436
0.175066,-2.9594238
0.175068,-2.6358042
0.17507,-2.3121846
0.175072,-1.9423337
0.175074,-1.6187139
0.175076,-1.2488632
0.175078,-0.8790121
0.17508,-0.5091615
0.175082,-0.13931036
0.175084,0.27677202
0.175086,0.64662313
0.175088,1.0164738
0.17509,1.3863249
0.175092,1.756176
0.175094,2.0797954
0.175096,2.4496465
0.175098,2.7732663
0.1751,3.050654
0.175102,3.3742738
0.17510399,3.6516623
0.175106,3.8828197
0.175108,4.113976
0.17511,4.3451324
0.175112,4.483826
0.175114,4.668752
0.175116,4.7612157
0.175118,4.8999095
0.17512,4.946141
0.175122,4.992371
0.175124,5.0386033
0.175126,5.0386033
0.175128,4.992371
0.17513,4.8999095
0.175132,4.807446
0.175134,4.7149835
0.175136,4.5300584
0.175138,4.3913646
0.17514,4.2064385
0.175142,3.9752812
0.175144,3.744125
0.175146,3.4667363
0.175148,3.1431174
0.17514999,2.8657289
0.175152,2.542109
0.175154,2.2184901
0.175156,1.8486385
0.175158,1.4787879
0.17516,1.1551685
0.175162,0.7853174
0.175164,0.36923456
0.175166,-6.160736E-4
0.175168,-0.3704667
0.17517,-0.7403178
0.175172,-1.1101689
0.175174,-1.48002
0.175176,-1.8498712
0.175178,-2.1734905
0.17518,-2.5433414
0.175182,-2.866961
0.175184,-3.1443493
0.175186,-3.467969
0.175188,-3.6991258
0.17519,-3.976514
0.175192,-4.2076707
0.175194,-4.3925962
0.175196,-4.5312905
0.175198,-4.669985
0.1752,-4.8086786
0.175202,-4.9011416
0.175204,-4.993604
0.175206,-4.993604
0.175208,-5.0398355
0.17521,-4.993604
0.175212,-4.947373
0.175214,-4.9011416
0.175216,-4.7624474
0.175218,-4.623753
0.17522,-4.4850593
0.175222,-4.346365
0.175224,-4.115208
0.175226,-3.8840513
0.175228,-3.6528945
0.17523,-3.3755062
0.175232,-3.0518866
0.175234,-2.728267
0.175236,-2.4046474
0.175238,-2.081028
0.17524,-1.7111769
0.175242,-1.387557
0.175244,-1.0177064
0.175246,-0.6478553
0.175248,-0.2317729
0.17525,0.13807821
0.175252,0.50792885
0.175254,0.87777996
0.175256,1.2938623
0.175258,1.6174817
0.17525999,1.9873328
0.175262,2.3109517
0.175264,2.6345725
0.175266,2.9581914
0.175268,3.2818112
0.17527,3.5591989
0.175272,3.7903562
0.175274,4.0677447
0.175276,4.252671
0.175278,4.437596
0.17528,4.622521
0.175282,4.7612157
0.175284,4.8536773
0.175286,4.946141
0.175288,4.992371
0.17529,5.0386033
0.175292,5.0386033
0.175294,4.992371
0.175296,4.946141
0.175298,4.8536773
0.1753,4.7612157
0.175302,4.5762897
0.175304,4.437596
0.17530599,4.252671
0.175308,4.0677447
0.17531,3.7903562
0.175312,3.5591989
0.175314,3.2818112
0.175316,2.9581914
0.175318,2.6345725
0.17532,2.3109517
0.175322,1.9873328
0.175324,1.6174817
0.175326,1.2476311
0.175328,0.87777996
0.17533,0.50792885
0.175332,0.13807821
0.175334,-0.2317729
0.175336,-0.6478553
0.175338,-1.0177064
0.17534,-1.387557
0.175342,-1.7111769
0.175344,-2.081028
0.175346,-2.4046474
0.175348,-2.728267
0.17535,-3.0518866
0.17535199,-3.3755062
0.175354,-3.6528945
0.175356,-3.8840513
0.175358,-4.115208
0.17536,-4.346365
0.175362,-4.4850593
0.175364,-4.623753
0.175366,-4.7624474
0.175368,-4.85491
0.17537,-4.947373
0.175372,-4.993604
0.175374,-5.0398355
0.175376,-4.993604
0.175378,-4.993604
0.17538,-4.9011416
0.175382,-4.8086786
0.175384,-4.669985
0.175386,-4.5312905
0.175388,-4.3925962
0.17539,-4.2076707
0.175392,-3.976514
0.175394,-3.6991258
0.175396,-3.467969
0.17539799,-3.1443493
0.1754,-2.866961
0.175402,-2.5433414
0.175404,-2.1734905
0.175406,-1.8498712
0.175408,-1.48002
0.17541,-1.1101689
0.175412,-0.7403178
0.175414,-0.3704667
0.175416,-6.160736E-4
0.175418,0.4154663
0.17542,0.7853174
0.175422,1.1551685
0.175424,1.4787879
0.175426,1.8486385
0.175428,2.2184901
0.17543,2.542109
0.175432,2.8657289
0.175434,3.1893477
0.175436,3.4667363
0.175438,3.744125
0.17544,3.9752812
0.175442,4.2064385
0.175444,4.3913646
0.175446,4.5300584
0.175448,4.7149835
0.17545,4.807446
0.175452,4.8999095
0.175454,4.992371
0.175456,5.0386033
0.175458,5.0386033
0.17546,4.992371
0.175462,4.946141
0.175464,4.8999095
0.175466,4.7612157
0.175468,4.668752
0.17547,4.483826
0.175472,4.3451324
0.175474,4.113976
0.175476,3.8828197
0.175478,3.6516623
0.17548,3.3742738
0.175482,3.050654
0.175484,2.7732663
0.175486,2.4034152
0.175488,2.0797954
0.17549,1.7099442
0.175492,1.3863249
0.175494,1.0164738
0.175496,0.64662313
0.175498,0.27677202
0.1755,-0.13931036
0.175502,-0.5091615
0.175504,-0.8790121
0.175506,-1.2488632
0.17550799,-1.5724826
0.17551,-1.9423337
0.175512,-2.3121846
0.175514,-2.6358042
0.175516,-2.9594238
0.175518,-3.236812
0.17552,-3.5604317
0.175522,-3.7915885
0.175524,-4.022745
0.175526,-4.2539024
0.175528,-4.4388275
0.17553,-4.577522
0.175532,-4.716216
0.175534,-4.85491
0.175536,-4.947373
0.175538,-4.993604
0.17554,-5.0398355
0.175542,-5.0398355
0.175544,-4.993604
0.175546,-4.947373
0.175548,-4.85491
0.17555,-4.716216
0.175552,-4.577522
0.17555399,-4.4388275
0.175556,-4.2539024
0.175558,-4.022745
0.17556,-3.7915885
0.175562,-3.5604317
0.175564,-3.2830436
0.175566,-2.9594238
0.175568,-2.6358042
0.17557,-2.3121846
0.175572,-1.9423337
0.175574,-1.6187139
0.175576,-1.2488632
0.175578,-0.8790121
0.17558,-0.5091615
0.175582,-0.13931036
0.175584,0.27677202
0.175586,0.64662313
0.175588,1.0164738
0.17559,1.3863249
0.175592,1.756176
0.175594,2.0797954
0.175596,2.4496465
0.175598,2.7732663
0.17559999,3.050654
0.175602,3.3742738
0.175604,3.6516623
0.175606,3.8828197
0.175608,4.113976
0.17561,4.3451324
0.175612,4.483826
0.175614,4.668752
0.175616,4.7612157
0.175618,4.8999095
0.17562,4.946141
0.175622,4.992371
0.175624,5.0386033
0.175626,5.0386033
0.175628,4.992371
0.17563,4.8999095
0.175632,4.807446
0.175634,4.7149835
0.175636,4.5300584
0.175638,4.3913646
0.17564,4.2064385
0.175642,3.9752812
0.175644,3.744125
0.17564599,3.4667363
0.175648,3.1431174
0.17565,2.8657289
0.175652,2.542109
0.175654,2.2184901
0.175656,1.8486385
0.175658,1.4787879
0.17566,1.1551685
0.175662,0.7853174
0.175664,0.36923456
0.175666,-6.160736E-4
0.175668,-0.3704667
0.17567,-0.7403178
0.175672,-1.1564007
0.175674,-1.48002
0.175676,-1.8498712
0.175678,-2.1734905
0.17568,-2.5433414
0.175682,-2.866961
0.175684,-3.1443493
0.175686,-3.467969
0.175688,-3.6991258
0.17569,-3.976514
0.175692,-4.2076707
0.175694,-4.3925962
0.175696,-4.5312905
0.175698,-4.669985
0.1757,-4.8086786
0.175702,-4.9011416
0.175704,-4.993604
0.175706,-4.993604
0.175708,-5.0398355
0.17571,-4.993604
0.175712,-4.947373
0.175714,-4.9011416
0.175716,-4.7624474
0.175718,-4.623753
0.17572,-4.4850593
0.175722,-4.346365
0.175724,-4.115208
0.175726,-3.8840513
0.175728,-3.6528945
0.17573,-3.3755062
0.175732,-3.0518866
0.175734,-2.728267
0.175736,-2.4046474
0.175738,-2.081028
0.17574,-1.7111769
0.175742,-1.387557
0.175744,-1.0177064
0.175746,-0.6478553
0.175748,-0.2317729
0.17575,0.6928544
0.175752,2.3109517
0.175754,3.6978936
0.17575599,4.5300584
0.175758,4.8999095
0.17576,4.622521
0.175762,3.7903562
0.175764,2.4958777
0.175766,0.87777996
0.175768,-0.83278084
0.17577,-2.4508786
0.175772,-3.7915885
0.175774,-4.623753
0.175776,-4.947373
0.175778,-4.623753
0.17578,-3.745357
0.175782,-2.4508786
0.175784,-0.78654957
0.175786,0.970243
0.175788,2.542109
0.17579,3.8828197
0.175792,4.668752
0.175794,4.8999095
0.175796,4.5300584
0.175798,3.6516623
0.1758,2.2647214
0.17580199,0.64662313
0.175804,-1.0639377
0.175806,-2.6358042
0.175808,-3.9302826
0.17581,-4.716216
0.175812,-4.9011416
0.175814,-4.4850593
0.175816,-3.6066632
0.175818,-2.2197218
0.17582,-0.5091615
0.175822,1.2013993
0.175824,2.7732663
0.175826,4.0215135
0.175828,4.7612157
0.17583,4.8999095
0.175832,4.437596
0.175834,3.4667363
0.175836,2.0797954
0.175838,0.4154663
0.17584,-1.2950945
0.175842,-2.8207297
0.175844,-4.068977
0.175846,-4.7624474
0.17584799,-4.9011416
0.17585,-4.4388275
0.175852,-3.4217377
0.175854,-1.9423337
0.175856,-0.27800417
0.175858,1.4787879
0.17586,3.0044227
0.175862,4.1602073
0.175864,4.807446
0.175866,4.8536773
0.175868,4.3913646
0.17587,3.2818112
0.175872,1.8486385
0.175874,0.184309
0.175876,-1.5262513
0.175878,-3.0518866
0.17588,-4.2076707
0.175882,-4.8086786
0.175884,-4.85491
0.175886,-4.3001337
0.175888,-3.236812
0.17589,-1.7111769
0.175892,-0.046847343
0.17589399,1.6637135
0.175896,3.1893477
0.175898,4.298901
0.1759,4.8536773
0.175902,4.8536773
0.175904,4.252671
0.175906,3.0968862
0.175908,1.6174817
0.17591,-0.09307861
0.175912,-1.7574081
0.175914,-3.236812
0.175916,-4.346365
0.175918,-4.85491
0.17592,-4.8086786
0.175922,-4.1614394
0.175924,-3.0518866
0.175926,-1.48002
0.175928,0.23054075
0.17593,1.8948698
0.175932,3.3742738
0.175934,4.437596
0.175936,4.8999095
0.175938,4.7612157
0.17594,4.113976
0.175942,2.9119601
0.175944,1.3863249
0.175946,-0.32423592
0.175948,-1.9885652
0.17595,-3.4217377
0.175952,-4.4388275
0.175954,-4.9011416
0.175956,-4.7624474
0.175958,-4.022745
0.17596,-2.8207297
0.175962,-1.2488632
0.175964,0.46169758
0.175966,2.126027
0.175968,3.5591989
0.17597,4.483826
0.175972,4.8999095
0.175974,4.7149835
0.175976,3.9752812
0.175978,2.727035
0.17598,1.1551685
0.175982,-0.55539227
0.175984,-2.2197218
0.175986,-3.6066632
0.175988,-4.5312905
0.17599,-4.9011416
0.175992,-4.669985
0.175994,-3.8840513
0.175996,-2.6358042
0.175998,-1.0177064
0.176,0.7390857
0.176002,2.357184
0.176004,3.744125
0.176006,4.5762897
0.176008,4.946141
0.17601,4.622521
0.176012,3.8365874
0.176014,2.4958777
0.176016,0.92401123
0.176018,-0.83278084
0.17602,-2.4046474
0.176022,-3.7915885
0.176024,-4.623753
0.176026,-4.9011416
0.176028,-4.577522
0.17603,-3.745357
0.176032,-2.4046474
0.176034,-0.78654957
0.176036,0.970243
0.176038,2.5883412
0.17604,3.8828197
0.176042,4.668752
0.176044,4.8999095
0.176046,4.5300584
0.176048,3.6516623
0.17604999,2.2647214
0.176052,0.64662313
0.176054,-1.0639377
0.176056,-2.6358042
0.176058,-3.9302826
0.17606,-4.716216
0.176062,-4.9011416
0.176064,-4.4850593
0.176066,-3.5604317
0.176068,-2.1734905
0.17607,-0.5091615
0.176072,1.2013993
0.176074,2.7732663
0.176076,4.0215135
0.176078,4.7612157
0.17608,4.8999095
0.176082,4.437596
0.176084,3.4667363
0.176086,2.0797954
0.176088,0.4154663
0.17609,-1.2950945
0.176092,-2.866961
0.176094,-4.068977
0.17609599,-4.7624474
0.176098,-4.9011416
0.1761,-4.4388275
0.176102,-3.4217377
0.176104,-1.9885652
0.176106,-0.27800417
0.176108,1.4787879
0.17611,3.0044227
0.176112,4.1602073
0.176114,4.807446
0.176116,4.8536773
0.176118,4.3451324
0.17612,3.2818112
0.176122,1.8486385
0.176124,0.184309
0.176126,-1.5262513
0.176128,-3.0518866
0.17613,-4.2076707
0.176132,-4.8086786
0.176134,-4.85491
0.176136,-4.3001337
0.176138,-3.236812
0.17614,-1.7111769
0.17614199,-0.046847343
0.176144,1.6637135
0.176146,3.1893477
0.176148,4.298901
0.17615,4.8536773
0.176152,4.8536773
0.176154,4.252671
0.176156,3.0968862
0.176158,1.6174817
0.17616,-0.09307861
0.176162,-1.7574081
0.176164,-3.236812
0.176166,-4.346365
0.176168,-4.85491
0.17617,-4.8086786
0.176172,-4.1614394
0.176174,-3.0518866
0.176176,-1.48002
0.176178,0.23054075
0.17618,1.8948698
0.176182,3.3742738
0.176184,4.437596
0.176186,4.8999095
0.176188,4.7612157
0.17619,4.113976
0.176192,2.9119601
0.176194,1.3863249
0.176196,-0.32423592
0.176198,-1.9885652
0.1762,-3.4217377
0.176202,-4.4388275
0.176204,-4.9011416
0.176206,-4.7624474
0.176208,-4.022745
0.17621,-2.8207297
0.176212,-1.2488632
0.176214,0.46169758
0.176216,2.126027
0.176218,3.5591989
0.17622,4.483826
0.176222,4.8999095
0.176224,4.7149835
0.176226,3.9752812
0.176228,2.727035
0.17623,1.1551685
0.176232,-0.601624
0.176234,-2.2197218
0.176236,-3.6066632
0.176238,-4.5312905
0.17624,-4.9011416
0.176242,-4.669985
0.176244,-3.8840513
0.176246,-2.6358042
0.176248,-1.0177064
0.17625,0.7390857
0.176252,2.357184
0.176254,3.744125
0.176256,4.5762897
0.176258,4.946141
0.17626,4.622521
0.176262,3.7903562
0.176264,2.4958777
0.176266,0.92401123
0.176268,-0.83278084
0.17627,-2.4046474
0.176272,-3.7915885
0.176274,-4.623753
0.176276,-4.9011416
0.176278,-4.577522
0.17628,-3.745357
0.176282,-2.4046474
0.176284,-0.78654957
0.176286,0.970243
0.176288,2.5883412
0.17629,3.8828197
0.176292,4.668752
0.176294,4.8999095
0.176296,4.5300584
0.17629799,3.6516623
0.1763,2.2647214
0.176302,0.64662313
0.176304,-1.0639377
0.176306,-2.6358042
0.176308,-3.9302826
0.17631,-4.716216
0.176312,-4.9011416
0.176314,-4.4850593
0.176316,-3.5604317
0.176318,-2.1734905
0.17632,-0.5091615
0.176322,1.2013993
0.176324,2.7732663
0.176326,4.0215135
0.176328,4.7612157
0.17633,4.8999095
0.176332,4.437596
0.176334,3.4667363
0.176336,2.0797954
0.176338,0.4154663
0.17634,-1.2950945
0.176342,-2.866961
0.17634399,-4.068977
0.176346,-4.7624474
0.176348,-4.9011416
0.17635,-4.4388275
0.176352,-3.4217377
0.176354,-1.9885652
0.176356,-0.27800417
0.176358,1.4787879
0.17636,3.0044227
0.176362,4.1602073
0.176364,4.807446
0.176366,4.8536773
0.176368,4.3451324
0.17637,3.2818112
0.176372,1.8486385
0.176374,0.184309
0.176376,-1.5262513
0.176378,-3.0518866
0.17638,-4.2076707
0.176382,-4.8086786
0.176384,-4.85491
0.176386,-4.3001337
0.176388,-3.236812
0.17638999,-1.7111769
0.176392,-0.046847343
0.176394,1.6637135
0.176396,3.1893477
0.176398,4.298901
0.1764,4.8536773
0.176402,4.8536773
0.176404,4.252671
0.176406,3.0968862
0.176408,1.6174817
0.17641,-0.09307861
0.176412,-1.7574081
0.176414,-3.236812
0.176416,-4.346365
0.176418,-4.85491
0.17642,-4.8086786
0.176422,-4.1614394
0.176424,-3.0518866
0.176426,-1.48002
0.176428,0.23054075
0.17643,1.8948698
0.176432,3.3742738
0.176434,4.437596
0.17643599,4.8999095
0.176438,4.7612157
0.17644,4.113976
0.176442,2.9119601
0.176444,1.3863249
0.176446,-0.32423592
0.176448,-1.9885652
0.17645,-3.4217377
0.176452,-4.4388275
0.176454,-4.9011416
0.176456,-4.7624474
0.176458,-4.022745
0.17646,-2.8207297
0.176462,-1.2488632
0.176464,0.46169758
0.176466,2.126027
0.176468,3.5591989
0.17647,4.483826
0.176472,4.8999095
0.176474,4.7149835
0.176476,3.9752812
0.176478,2.727035
0.17648,1.1551685
0.176482,-0.601624
0.176484,-2.2197218
0.176486,-3.6066632
0.176488,-4.5312905
0.17649,-4.9011416
0.176492,-4.669985
0.176494,-3.8840513
0.176496,-2.6358042
0.176498,-1.0177064
0.1765,0.7390857
0.176502,2.357184
0.176504,3.744125
0.176506,4.5762897
0.176508,4.946141
0.17651,4.622521
0.176512,3.7903562
0.176514,2.4958777
0.176516,0.87777996
0.176518,-0.83278084
0.17652,-2.4046474
0.176522,-3.7915885
0.176524,-4.623753
0.176526,-4.9011416
0.176528,-4.577522
0.17653,-3.745357
0.176532,-2.4046474
0.176534,-0.78654957
0.176536,0.970243
0.176538,2.5883412
0.17654,3.8828197
0.176542,4.668752
0.176544,4.8999095
0.17654599,4.5300584
0.176548,3.6516623
0.17655,2.2647214
0.176552,0.64662313
0.176554,-1.0639377
0.176556,-2.6358042
0.176558,-3.9302826
0.17656,-4.716216
0.176562,-4.9011416
0.176564,-4.4850593
0.176566,-3.5604317
0.176568,-2.1734905
0.17657,-0.5091615
0.176572,1.2013993
0.176574,2.7732663
0.176576,4.0215135
0.176578,4.7612157
0.17658,4.8999095
0.176582,4.437596
0.176584,3.4667363
0.176586,2.0797954
0.176588,0.4154663
0.17659,-1.2950945
0.17659199,-2.866961
0.176594,-4.068977
0.176596,-4.7624474
0.176598,-4.9011416
0.1766,-4.4388275
0.176602,-3.4217377
0.176604,-1.9423337
0.176606,-0.27800417
0.176608,1.4787879
0.17661,3.0044227
0.176612,4.1602073
0.176614,4.807446
0.176616,4.8536773
0.176618,4.3451324
0.17662,3.2818112
0.176622,1.8486385
0.176624,0.184309
0.176626,-1.5262513
0.176628,-3.0518866
0.17663,-4.2076707
0.176632,-4.8086786
0.176634,-4.85491
0.176636,-4.3001337
0.17663799,-3.236812
0.17664,-1.7111769
0.176642,-0.046847343
0.176644,1.6637135
0.176646,3.1893477
0.176648,4.298901
0.17665,4.8536773
0.176652,4.8536773
0.176654,4.252671
0.176656,3.0968862
0.176658,1.6174817
0.17666,-0.09307861
0.176662,-1.7574081
0.176664,-3.236812
0.176666,-4.346365
0.176668,-4.85491
0.17667,-4.8086786
0.176672,-4.1614394
0.176674,-3.0518866
0.176676,-1.48002
0.176678,0.23054075
0.17668,1.8948698
0.176682,3.3742738
0.17668399,4.437596
0.176686,4.8999095
0.176688,4.7612157
0.17669,4.113976
0.176692,2.9119601
0.176694,1.3863249
0.176696,-0.32423592
0.176698,-1.9885652
0.1767,-3.4217377
0.176702,-4.4388275
0.176704,-4.9011416
0.176706,-4.7624474
0.176708,-4.022745
0.17671,-2.8207297
0.176712,-1.2488632
0.176714,0.46169758
0.176716,2.126027
0.176718,3.5591989
0.17672,4.483826
0.176722,4.8999095
0.176724,4.7149835
0.176726,3.9752812
0.176728,2.727035
0.17673,1.1551685
0.176732,-0.601624
0.176734,-2.2197218
0.176736,-3.6066632
0.176738,-4.5312905
0.17674,-4.9011416
0.176742,-4.669985
0.176744,-3.8840513
0.176746,-2.6358042
0.176748,-1.0177064
0.17675,0.184309
0.176752,0.5541601
0.176754,0.92401123
0.176756,1.2938623
0.176758,1.6637135
0.17676,1.9873328
0.176762,2.357184
0.176764,2.6808028
0.176766,3.0044227
0.176768,3.2818112
0.17677,3.5591989
0.176772,3.8365874
0.176774,4.0677447
0.176776,4.298901
0.176778,4.437596
0.17678,4.622521
0.176782,4.7612157
0.176784,4.8536773
0.176786,4.946141
0.176788,4.992371
0.17679,5.0386033
0.176792,5.0386033
0.17679399,4.992371
0.176796,4.946141
0.176798,4.8536773
0.1768,4.7612157
0.176802,4.622521
0.176804,4.437596
0.176806,4.252671
0.176808,4.0677447
0.17681,3.7903562
0.176812,3.5591989
0.176814,3.2818112
0.176816,2.9581914
0.176818,2.6345725
0.17682,2.3109517
0.176822,1.9873328
0.176824,1.6174817
0.176826,1.2476311
0.176828,0.87777996
0.17683,0.50792885
0.176832,0.13807821
0.176834,-0.2317729
0.176836,-0.6478553
0.176838,-1.0177064
0.17683999,-1.387557
0.176842,-1.7111769
0.176844,-2.081028
0.176846,-2.4046474
0.176848,-2.728267
0.17685,-3.0518866
0.176852,-3.3755062
0.176854,-3.6528945
0.176856,-3.8840513
0.176858,-4.115208
0.17686,-4.346365
0.176862,-4.4850593
0.176864,-4.623753
0.176866,-4.7624474
0.176868,-4.85491
0.17687,-4.947373
0.176872,-4.993604
0.176874,-5.0398355
0.176876,-4.993604
0.176878,-4.993604
0.17688,-4.9011416
0.176882,-4.8086786
0.176884,-4.669985
0.17688599,-4.5312905
0.176888,-4.3925962
0.17689,-4.2076707
0.176892,-3.976514
0.176894,-3.6991258
0.176896,-3.467969
0.176898,-3.1443493
0.1769,-2.866961
0.176902,-2.5433414
0.176904,-2.1734905
0.176906,-1.8498712
0.176908,-1.48002
0.17691,-1.1101689
0.176912,-0.7403178
0.176914,-0.3704667
0.176916,-6.160736E-4
0.176918,0.4154663
0.17692,0.7853174
0.176922,1.1551685
0.176924,1.4787879
0.176926,1.8486385
0.176928,2.2184901
0.17693,2.542109
0.17693199,2.8657289
0.176934,3.1893477
0.176936,3.4667363
0.176938,3.744125
0.17694,3.9752812
0.176942,4.2064385
0.176944,4.3913646
0.176946,4.5300584
0.176948,4.7149835
0.17695,4.807446
0.176952,4.8999095
0.176954,4.992371
0.176956,5.0386033
0.176958,5.0386033
0.17696,4.992371
0.176962,4.946141
0.176964,4.8999095
0.176966,4.7612157
0.176968,4.622521
0.17697,4.483826
0.176972,4.3451324
0.176974,4.113976
0.176976,3.8828197
0.176978,3.6516623
0.17698,3.3742738
0.176982,3.050654
0.176984,2.727035
0.176986,2.4034152
0.176988,2.0797954
0.17699,1.7099442
0.176992,1.3863249
0.176994,1.0164738
0.176996,0.64662313
0.176998,0.27677202
0.177,-0.13931036
0.177002,-0.5091615
0.177004,-0.8790121
0.177006,-1.2488632
0.177008,-1.6187139
0.17701,-1.9423337
0.177012,-2.3121846
0.177014,-2.6358042
0.177016,-2.9594238
0.177018,-3.236812
0.17702,-3.5604317
0.177022,-3.7915885
0.177024,-4.022745
0.177026,-4.2539024
0.177028,-4.4388275
0.17703,-4.577522
0.177032,-4.716216
0.177034,-4.85491
0.177036,-4.947373
0.177038,-4.993604
0.17704,-5.0398355
0.17704199,-5.0398355
0.177044,-4.993604
0.177046,-4.947373
0.177048,-4.85491
0.17705,-4.716216
0.177052,-4.577522
0.177054,-4.4388275
0.177056,-4.2539024
0.177058,-4.022745
0.17706,-3.7915885
0.177062,-3.5604317
0.177064,-3.236812
0.177066,-2.9594238
0.177068,-2.6358042
0.17707,-2.3121846
0.177072,-1.9423337
0.177074,-1.6187139
0.177076,-1.2488632
0.177078,-0.8790121
0.17708,-0.5091615
0.177082,-0.13931036
0.177084,0.27677202
0.177086,0.64662313
0.17708799,1.0164738
0.17709,1.3863249
0.177092,1.756176
0.177094,2.0797954
0.177096,2.4496465
0.177098,2.7732663
0.1771,3.0968862
0.177102,3.3742738
0.177104,3.6516623
0.177106,3.8828197
0.177108,4.113976
0.17711,4.3451324
0.177112,4.483826
0.177114,4.668752
0.177116,4.7612157
0.177118,4.8999095
0.17712,4.946141
0.177122,4.992371
0.177124,5.0386033
0.177126,5.0386033
0.177128,4.992371
0.17713,4.8999095
0.177132,4.807446
0.17713399,4.7149835
0.177136,4.5300584
0.177138,4.3913646
0.17714,4.2064385
0.177142,3.9752812
0.177144,3.744125
0.177146,3.4667363
0.177148,3.1431174
0.17715,2.8657289
0.177152,2.542109
0.177154,2.2184901
0.177156,1.8486385
0.177158,1.4787879
0.17716,1.1551685
0.177162,0.7853174
0.177164,0.36923456
0.177166,-6.160736E-4
0.177168,-0.3704667
0.17717,-0.7403178
0.177172,-1.1564007
0.177174,-1.48002
0.177176,-1.8498712
0.177178,-2.1734905
0.17717999,-2.5433414
0.177182,-2.866961
0.177184,-3.1443493
0.177186,-3.467969
0.177188,-3.6991258
0.17719,-3.976514
0.177192,-4.2076707
0.177194,-4.3925962
0.177196,-4.5312905
0.177198,-4.669985
0.1772,-4.8086786
0.177202,-4.9011416
0.177204,-4.993604
0.177206,-4.993604
0.177208,-5.0398355
0.17721,-4.993604
0.177212,-4.947373
0.177214,-4.85491
0.177216,-4.7624474
0.177218,-4.623753
0.17722,-4.4850593
0.177222,-4.346365
0.177224,-4.115208
0.177226,-3.8840513
0.177228,-3.6528945
0.17723,-3.3755062
0.177232,-3.0518866
0.177234,-2.728267
0.177236,-2.4046474
0.177238,-2.081028
0.17724,-1.7111769
0.177242,-1.387557
0.177244,-1.0177064
0.177246,-0.6478553
0.177248,-0.2317729
0.17725,0.13807821
0.177252,0.50792885
0.177254,0.87777996
0.177256,1.2938623
0.177258,1.6174817
0.17726,1.9873328
0.177262,2.3109517
0.177264,2.6345725
0.177266,2.9581914
0.177268,3.2818112
0.17727,3.5591989
0.177272,3.8365874
0.177274,4.0677447
0.177276,4.252671
0.177278,4.437596
0.17728,4.622521
0.177282,4.7612157
0.177284,4.8536773
0.177286,4.946141
0.177288,4.992371
0.17729,5.0386033
0.177292,5.0386033
0.177294,4.992371
0.177296,4.946141
0.177298,4.8536773
0.1773,4.7612157
0.177302,4.5762897
0.177304,4.437596
0.177306,4.252671
0.177308,4.0677447
0.17731,3.7903562
0.177312,3.5591989
0.177314,3.2818112
0.177316,2.9581914
0.177318,2.6345725
0.17732,2.3109517
0.177322,1.9411016
0.177324,1.6174817
0.177326,1.2476311
0.177328,0.87777996
0.17733,0.50792885
0.177332,0.13807821
0.177334,-0.2317729
0.17733599,-0.6478553
0.177338,-1.0177064
0.17734,-1.387557
0.177342,-1.7111769
0.177344,-2.081028
0.177346,-2.4046474
0.177348,-2.728267
0.17735,-3.0518866
0.177352,-3.3755062
0.177354,-3.6528945
0.177356,-3.8840513
0.177358,-4.115208
0.17736,-4.346365
0.177362,-4.4850593
0.177364,-4.623753
0.177366,-4.7624474
0.177368,-4.9011416
0.17737,-4.947373
0.177372,-4.993604
0.177374,-5.0398355
0.177376,-4.993604
0.177378,-4.993604
0.17738,-4.9011416
0.17738199,-4.8086786
0.177384,-4.669985
0.177386,-4.5312905
0.177388,-4.3925962
0.17739,-4.2076707
0.177392,-3.976514
0.177394,-3.6991258
0.177396,-3.467969
0.177398,-3.1443493
0.1774,-2.866961
0.177402,-2.5433414
0.177404,-2.1734905
0.177406,-1.8498712
0.177408,-1.48002
0.17741,-1.1101689
0.177412,-0.7403178
0.177414,-0.3704667
0.177416,-6.160736E-4
0.177418,0.4154663
0.17742,0.7853174
0.177422,1.1551685
0.177424,1.4787879
0.177426,1.8486385
0.17742799,2.2184901
0.17743,2.542109
0.177432,2.8657289
0.177434,3.1893477
0.177436,3.4667363
0.177438,3.744125
0.17744,3.9752812
0.177442,4.2064385
0.177444,4.3913646
0.177446,4.5300584
0.177448,4.7149835
0.17745,4.807446
0.177452,4.8999095
0.177454,4.992371
0.177456,5.0386033
0.177458,5.0386033
0.17746,4.992371
0.177462,4.946141
0.177464,4.8999095
0.177466,4.7612157
0.177468,4.668752
0.17747,4.483826
0.177472,4.3451324
0.17747399,4.113976
0.177476,3.8828197
0.177478,3.6516623
0.17748,3.3742738
0.177482,3.050654
0.177484,2.727035
0.177486,2.4034152
0.177488,2.0797954
0.17749,1.7099442
0.177492,1.3863249
0.177494,1.0164738
0.177496,0.64662313
0.177498,0.27677202
0.1775,-0.13931036
0.177502,-0.5091615
0.177504,-0.8790121
0.177506,-1.2488632
0.177508,-1.6187139
0.17751,-1.9423337
0.177512,-2.3121846
0.177514,-2.6358042
0.177516,-2.9594238
0.177518,-3.236812
0.17752,-3.5604317
0.177522,-3.7915885
0.177524,-4.022745
0.177526,-4.2539024
0.177528,-4.4388275
0.17753,-4.577522
0.177532,-4.716216
0.177534,-4.85491
0.177536,-4.947373
0.177538,-4.993604
0.17754,-5.0398355
0.177542,-5.0398355
0.177544,-4.993604
0.177546,-4.947373
0.177548,-4.85491
0.17755,-4.716216
0.177552,-4.577522
0.177554,-4.4388275
0.177556,-4.2539024
0.177558,-4.022745
0.17756,-3.7915885
0.177562,-3.5604317
0.177564,-3.236812
0.177566,-2.9594238
0.177568,-2.6358042
0.17757,-2.3121846
0.177572,-1.9423337
0.177574,-1.6187139
0.177576,-1.2488632
0.177578,-0.8790121
0.17758,-0.5091615
0.177582,-0.13931036
0.17758399,0.27677202
0.177586,0.64662313
0.177588,1.0164738
0.17759,1.3863249
0.177592,1.756176
0.177594,2.0797954
0.177596,2.4496465
0.177598,2.7732663
0.1776,3.050654
0.177602,3.3742738
0.177604,3.6516623
0.177606,3.8828197
0.177608,4.113976
0.17761,4.3451324
0.177612,4.483826
0.177614,4.668752
0.177616,4.7612157
0.177618,4.8999095
0.17762,4.946141
0.177622,4.992371
0.177624,5.0386033
0.177626,5.0386033
0.177628,4.992371
0.17762999,4.8999095
0.177632,4.807446
0.177634,4.7149835
0.177636,4.5300584
0.177638,4.3913646
0.17764,4.2064385
0.177642,3.9752812
0.177644,3.6978936
0.177646,3.4667363
0.177648,3.1431174
0.17765,2.8657289
0.177652,2.542109
0.177654,2.2184901
0.177656,1.8486385
0.177658,1.4787879
0.17766,1.1551685
0.177662,0.7853174
0.177664,0.36923456
0.177666,-6.160736E-4
0.177668,-0.3704667
0.17767,-0.7403178
0.177672,-1.1564007
0.177674,-1.48002
0.17767599,-1.8498712
0.177678,-2.1734905
0.17768,-2.5433414
0.177682,-2.866961
0.177684,-3.1443493
0.177686,-3.467969
0.177688,-3.6991258
0.17769,-3.976514
0.177692,-4.2076707
0.177694,-4.3925962
0.177696,-4.5312905
0.177698,-4.669985
0.1777,-4.8086786
0.177702,-4.9011416
0.177704,-4.993604
0.177706,-4.993604
0.177708,-5.0398355
0.17771,-4.993604
0.177712,-4.947373
0.177714,-4.9011416
0.177716,-4.7624474
0.177718,-4.623753
0.17772,-4.4850593
0.17772199,-4.346365
0.177724,-4.115208
0.177726,-3.8840513
0.177728,-3.6528945
0.17773,-3.3755062
0.177732,-3.0518866
0.177734,-2.728267
0.177736,-2.4046474
0.177738,-2.081028
0.17774,-1.7111769
0.177742,-1.387557
0.177744,-1.0177064
0.177746,-0.6478553
0.177748,-0.2317729
0.17775,0.6928544
0.177752,2.3109517
0.177754,3.6978936
0.177756,4.5762897
0.177758,4.8999095
0.17776,4.622521
0.177762,3.7903562
0.177764,2.4496465
0.177766,0.87777996
0.177768,-0.83278084
0.17777,-2.4508786
0.177772,-3.7915885
0.177774,-4.623753
0.177776,-4.947373
0.177778,-4.623753
0.17778,-3.745357
0.177782,-2.4046474
0.177784,-0.78654957
0.177786,0.970243
0.177788,2.5883412
0.17779,3.8828197
0.177792,4.668752
0.177794,4.8999095
0.177796,4.5300584
0.177798,3.6516623
0.1778,2.2647214
0.177802,0.64662313
0.177804,-1.0639377
0.177806,-2.6358042
0.177808,-3.9302826
0.17781,-4.716216
0.177812,-4.9011416
0.177814,-4.4850593
0.177816,-3.5604317
0.177818,-2.1734905
0.17782,-0.5091615
0.177822,1.2013993
0.177824,2.7732663
0.177826,4.0215135
0.177828,4.7612157
0.17783,4.8999095
0.17783199,4.437596
0.177834,3.4667363
0.177836,2.033564
0.177838,0.4154663
0.17784,-1.2950945
0.177842,-2.866961
0.177844,-4.115208
0.177846,-4.7624474
0.177848,-4.9011416
0.17785,-4.4388275
0.177852,-3.4217377
0.177854,-1.9423337
0.177856,-0.27800417
0.177858,1.4787879
0.17786,3.0044227
0.177862,4.1602073
0.177864,4.807446
0.177866,4.8536773
0.177868,4.3451324
0.17787,3.2818112
0.177872,1.8024073
0.177874,0.13807821
0.177876,-1.5262513
0.17787799,-3.0518866
0.17788,-4.2076707
0.177882,-4.8086786
0.177884,-4.85491
0.177886,-4.3001337
0.177888,-3.236812
0.17789,-1.7111769
0.177892,-6.160736E-4
0.177894,1.6637135
0.177896,3.1893477
0.177898,4.298901
0.1779,4.8536773
0.177902,4.8536773
0.177904,4.252671
0.177906,3.0968862
0.177908,1.5712504
0.17791,-0.09307861
0.177912,-1.7574081
0.177914,-3.236812
0.177916,-4.346365
0.177918,-4.85491
0.17792,-4.8086786
0.177922,-4.1614394
0.17792399,-3.0518866
0.177926,-1.48002
0.177928,0.23054075
0.17793,1.8948698
0.177932,3.3742738
0.177934,4.437596
0.177936,4.8999095
0.177938,4.7612157
0.17794,4.113976
0.177942,2.9119601
0.177944,1.3863249
0.177946,-0.32423592
0.177948,-1.9885652
0.17795,-3.4217377
0.177952,-4.4388275
0.177954,-4.9011416
0.177956,-4.7624474
0.177958,-4.022745
0.17796,-2.8207297
0.177962,-1.2488632
0.177964,0.50792885
0.177966,2.126027
0.177968,3.5591989
0.17796999,4.483826
0.177972,4.8999095
0.177974,4.7149835
0.177976,3.9752812
0.177978,2.6808028
0.17798,1.1551685
0.177982,-0.601624
0.177984,-2.2197218
0.177986,-3.6066632
0.177988,-4.5312905
0.17799,-4.9011416
0.177992,-4.669985
0.177994,-3.8840513
0.177996,-2.6358042
0.177998,-1.0177064
0.178,0.7390857
0.178002,2.357184
0.178004,3.744125
0.178006,4.5762897
0.178008,4.8999095
0.17801,4.622521
0.178012,3.7903562
0.178014,2.4958777
0.178016,0.87777996
0.178018,-0.83278084
0.17802,-2.4046474
0.178022,-3.7915885
0.178024,-4.623753
0.178026,-4.9011416
0.178028,-4.577522
0.17803,-3.745357
0.178032,-2.4046474
0.178034,-0.78654957
0.178036,0.970243
0.178038,2.5883412
0.17804,3.8828197
0.178042,4.668752
0.178044,4.8999095
0.178046,4.5300584
0.178048,3.6516623
0.17805,2.2647214
0.178052,0.64662313
0.178054,-1.0639377
0.178056,-2.6358042
0.178058,-3.9302826
0.17806,-4.716216
0.178062,-4.9011416
0.178064,-4.4850593
0.178066,-3.5604317
0.178068,-2.1734905
0.17807,-0.5091615
0.178072,1.2476311
0.178074,2.7732663
0.178076,4.0215135
0.178078,4.7612157
0.17807999,4.8999095
0.178082,4.437596
0.178084,3.4667363
0.178086,2.033564
0.178088,0.4154663
0.17809,-1.2950945
0.178092,-2.866961
0.178094,-4.068977
0.178096,-4.7624474
0.178098,-4.9011416
0.1781,-4.4388275
0.178102,-3.4217377
0.178104,-1.9423337
0.178106,-0.27800417
0.178108,1.4787879
0.17811,3.0044227
0.178112,4.1602073
0.178114,4.807446
0.178116,4.8536773
0.178118,4.3451324
0.17812,3.2818112
0.178122,1.8024073
0.178124,0.13807821
0.17812599,-1.5262513
0.178128,-3.0518866
0.17813,-4.2076707
0.178132,-4.8086786
0.178134,-4.85491
0.178136,-4.3001337
0.178138,-3.236812
0.17814,-1.7111769
0.178142,-6.160736E-4
0.178144,1.6637135
0.178146,3.1893477
0.178148,4.298901
0.17815,4.8536773
0.178152,4.8536773
0.178154,4.252671
0.178156,3.0968862
0.178158,1.5712504
0.17816,-0.09307861
0.178162,-1.7574081
0.178164,-3.236812
0.178166,-4.346365
0.178168,-4.85491
0.17817,-4.8086786
0.17817199,-4.1614394
0.178174,-3.0518866
0.178176,-1.48002
0.178178,0.23054075
0.17818,1.9411016
0.178182,3.3742738
0.178184,4.437596
0.178186,4.8999095
0.178188,4.7612157
0.17819,4.113976
0.178192,2.9119601
0.178194,1.3863249
0.178196,-0.32423592
0.178198,-1.9885652
0.1782,-3.4217377
0.178202,-4.4388275
0.178204,-4.9011416
0.178206,-4.7624474
0.178208,-4.022745
0.17821,-2.8207297
0.178212,-1.2488632
0.178214,0.50792885
0.178216,2.126027
0.17821799,3.5591989
0.17822,4.483826
0.178222,4.8999095
0.178224,4.7149835
0.178226,3.9752812
0.178228,2.6808028
0.17823,1.1551685
0.178232,-0.601624
0.178234,-2.2197218
0.178236,-3.6066632
0.178238,-4.5312905
0.17824,-4.9011416
0.178242,-4.669985
0.178244,-3.8840513
0.178246,-2.6358042
0.178248,-1.0177064
0.17825,0.7390857
0.178252,2.357184
0.178254,3.744125
0.178256,4.5762897
0.178258,4.8999095
0.17826,4.622521
0.178262,3.7903562
0.178264,2.4958777
0.178266,0.87777996
0.178268,-0.83278084
0.17827,-2.4046474
0.178272,-3.7915885
0.178274,-4.623753
0.178276,-4.9011416
0.178278,-4.577522
0.17828,-3.745357
0.178282,-2.4046474
0.178284,-0.78654957
0.178286,0.970243
0.178288,2.5883412
0.17829,3.8828197
0.178292,4.668752
0.178294,4.8999095
0.178296,4.5300584
0.178298,3.6516623
0.1783,2.2647214
0.178302,0.64662313
0.178304,-1.0639377
0.178306,-2.6358042
0.178308,-3.9302826
0.17831,-4.716216
0.178312,-4.9011416
0.178314,-4.4850593
0.178316,-3.5604317
0.178318,-2.1734905
0.17832,-0.5091615
0.178322,1.2476311
0.178324,2.7732663
0.178326,4.0215135
0.178328,4.7612157
0.17833,4.8999095
0.178332,4.437596
0.178334,3.4667363
0.178336,2.033564
0.178338,0.4154663
0.17834,-1.2950945
0.178342,-2.866961
0.178344,-4.115208
0.178346,-4.7624474
0.178348,-4.9011416
0.17835,-4.4388275
0.178352,-3.4217377
0.178354,-1.9423337
0.178356,-0.27800417
0.178358,1.4787879
0.17836,3.0044227
0.178362,4.1602073
0.178364,4.807446
0.178366,4.8999095
0.178368,4.3451324
0.17837,3.2818112
0.178372,1.8024073
0.17837399,0.13807821
0.178376,-1.5262513
0.178378,-3.0518866
0.17838,-4.2076707
0.178382,-4.8086786
0.178384,-4.85491
0.178386,-4.3001337
0.178388,-3.236812
0.17839,-1.7111769
0.178392,-6.160736E-4
0.178394,1.6637135
0.178396,3.1893477
0.178398,4.298901
0.1784,4.8536773
0.178402,4.8536773
0.178404,4.252671
0.178406,3.0968862
0.178408,1.5712504
0.17841,-0.09307861
0.178412,-1.7574081
0.178414,-3.236812
0.178416,-4.346365
0.178418,-4.85491
0.17841999,-4.8086786
0.178422,-4.1614394
0.178424,-3.0056553
0.178426,-1.48002
0.178428,0.23054075
0.17843,1.9411016
0.178432,3.3742738
0.178434,4.437596
0.178436,4.8999095
0.178438,4.7612157
0.17844,4.113976
0.178442,2.9119601
0.178444,1.3863249
0.178446,-0.32423592
0.178448,-1.9885652
0.17845,-3.4217377
0.178452,-4.4388275
0.178454,-4.9011416
0.178456,-4.7624474
0.178458,-4.022745
0.17846,-2.8207297
0.178462,-1.2488632
0.178464,0.50792885
0.17846599,2.126027
0.178468,3.5591989
0.17847,4.483826
0.178472,4.8999095
0.178474,4.7149835
0.178476,3.9752812
0.178478,2.6808028
0.17848,1.1551685
0.178482,-0.601624
0.178484,-2.2197218
0.178486,-3.6066632
0.178488,-4.5312905
0.17849,-4.9011416
0.178492,-4.669985
0.178494,-3.8840513
0.178496,-2.6358042
0.178498,-1.0177064
0.1785,0.7390857
0.178502,2.357184
0.178504,3.744125
0.178506,4.5762897
0.178508,4.946141
0.17851,4.622521
0.178512,3.7903562
0.178514,2.4958777
0.178516,0.87777996
0.178518,-0.83278084
0.17852,-2.4046474
0.178522,-3.7915885
0.178524,-4.623753
0.178526,-4.9011416
0.178528,-4.577522
0.17853,-3.745357
0.178532,-2.4046474
0.178534,-0.78654957
0.178536,0.970243
0.178538,2.5883412
0.17854,3.8828197
0.178542,4.668752
0.178544,4.8999095
0.178546,4.5300584
0.178548,3.6516623
0.17855,2.2647214
0.178552,0.64662313
0.178554,-1.0639377
0.178556,-2.6358042
0.178558,-3.9302826
0.17856,-4.716216
0.178562,-4.9011416
0.178564,-4.4850593
0.178566,-3.5604317
0.178568,-2.1734905
0.17857,-0.5091615
0.178572,1.2476311
0.178574,2.8194976
0.178576,4.0215135
0.178578,4.7612157
0.17858,4.8999095
0.178582,4.437596
0.178584,3.4667363
0.178586,2.033564
0.178588,0.4154663
0.17859,-1.2950945
0.178592,-2.866961
0.178594,-4.068977
0.178596,-4.7624474
0.178598,-4.9011416
0.1786,-4.4388275
0.178602,-3.4217377
0.178604,-1.9423337
0.178606,-0.27800417
0.178608,1.4787879
0.17861,3.0044227
0.178612,4.1602073
0.178614,4.807446
0.178616,4.8536773
0.178618,4.3451324
0.17862,3.2818112
0.17862199,1.8024073
0.178624,0.13807821
0.178626,-1.5262513
0.178628,-3.0518866
0.17863,-4.2076707
0.178632,-4.8086786
0.178634,-4.85491
0.178636,-4.3001337
0.178638,-3.236812
0.17864,-1.7111769
0.178642,-6.160736E-4
0.178644,1.6637135
0.178646,3.1893477
0.178648,4.298901
0.17865,4.8536773
0.178652,4.8536773
0.178654,4.252671
0.178656,3.0968862
0.178658,1.5712504
0.17866,-0.09307861
0.178662,-1.7574081
0.178664,-3.236812
0.178666,-4.346365
0.17866799,-4.85491
0.17867,-4.8086786
0.178672,-4.1614394
0.178674,-3.0056553
0.178676,-1.48002
0.178678,0.23054075
0.17868,1.9411016
0.178682,3.3742738
0.178684,4.437596
0.178686,4.8999095
0.178688,4.7612157
0.17869,4.113976
0.178692,2.9119601
0.178694,1.3863249
0.178696,-0.32423592
0.178698,-1.9885652
0.1787,-3.4217377
0.178702,-4.4388275
0.178704,-4.9011416
0.178706,-4.7624474
0.178708,-4.022745
0.17871,-2.8207297
0.178712,-1.2488632
0.17871399,0.50792885
0.178716,2.126027
0.178718,3.5591989
0.17872,4.483826
0.178722,4.8999095
0.178724,4.7149835
0.178726,3.9752812
0.178728,2.6808028
0.17873,1.1551685
0.178732,-0.601624
0.178734,-2.2197218
0.178736,-3.6066632
0.178738,-4.5312905
0.17874,-4.9011416
0.178742,-4.669985
0.178744,-3.8840513
0.178746,-2.6358042
0.178748,-1.0177064
0.17875,0.184309
0.178752,0.5541601
0.178754,0.92401123
0.178756,1.2938623
0.178758,1.6637135
0.17875999,1.9873328
0.178762,2.357184
0.178764,2.6808028
0.178766,3.0044227
0.178768,3.2818112
0.17877,3.5591989
0.178772,3.8365874
0.178774,4.0677447
0.178776,4.298901
0.178778,4.437596
0.17878,4.622521
0.178782,4.7612157
0.178784,4.8536773
0.178786,4.946141
0.178788,4.992371
0.17879,5.0386033
0.178792,5.0386033
0.178794,4.992371
0.178796,4.946141
0.178798,4.8536773
0.1788,4.7612157
0.178802,4.622521
0.178804,4.437596
0.178806,4.252671
0.178808,4.0677447
0.17881,3.7903562
0.178812,3.5591989
0.178814,3.2818112
0.178816,2.9581914
0.178818,2.6345725
0.17882,2.3109517
0.178822,1.9873328
0.178824,1.6174817
0.178826,1.2476311
0.178828,0.87777996
0.17883,0.50792885
0.178832,0.13807821
0.178834,-0.2317729
0.178836,-0.6478553
0.178838,-1.0177064
0.17884,-1.387557
0.178842,-1.7111769
0.178844,-2.081028
0.178846,-2.4046474
0.178848,-2.728267
0.17885,-3.0518866
0.178852,-3.3755062
0.178854,-3.6528945
0.178856,-3.8840513
0.178858,-4.115208
0.17886,-4.346365
0.178862,-4.4850593
0.178864,-4.623753
0.178866,-4.7624474
0.178868,-4.9011416
0.17886999,-4.947373
0.178872,-4.993604
0.178874,-5.0398355
0.178876,-4.993604
0.178878,-4.993604
0.17888,-4.9011416
0.178882,-4.8086786
0.178884,-4.669985
0.178886,-4.5312905
0.178888,-4.3925962
0.17889,-4.2076707
0.178892,-3.976514
0.178894,-3.6991258
0.178896,-3.467969
0.178898,-3.1443493
0.1789,-2.866961
0.178902,-2.5433414
0.178904,-2.1734905
0.178906,-1.8498712
0.178908,-1.48002
0.17891,-1.1101689
0.178912,-0.7403178
0.178914,-0.3704667
0.17891599,-6.160736E-4
0.178918,0.4154663
0.17892,0.7853174
0.178922,1.1551685
0.178924,1.4787879
0.178926,1.8486385
0.178928,2.2184901
0.17893,2.542109
0.178932,2.8657289
0.178934,3.1893477
0.178936,3.4667363
0.178938,3.744125
0.17894,3.9752812
0.178942,4.2064385
0.178944,4.3913646
0.178946,4.5300584
0.178948,4.7149835
0.17895,4.807446
0.178952,4.8999095
0.178954,4.992371
0.178956,5.0386033
0.178958,5.0386033
0.17896,4.992371
0.17896199,4.946141
0.178964,4.8999095
0.178966,4.7612157
0.178968,4.622521
0.17897,4.483826
0.178972,4.3451324
0.178974,4.113976
0.178976,3.8828197
0.178978,3.6516623
0.17898,3.3742738
0.178982,3.050654
0.178984,2.727035
0.178986,2.4034152
0.178988,2.0797954
0.17899,1.7099442
0.178992,1.3863249
0.178994,1.0164738
0.178996,0.64662313
0.178998,0.27677202
0.179,-0.13931036
0.179002,-0.5091615
0.179004,-0.8790121
0.179006,-1.2488632
0.17900799,-1.6187139
0.17901,-1.9423337
0.179012,-2.3121846
0.179014,-2.6358042
0.179016,-2.9594238
0.179018,-3.236812
0.17902,-3.5604317
0.179022,-3.7915885
0.179024,-4.022745
0.179026,-4.2539024
0.179028,-4.4388275
0.17903,-4.577522
0.179032,-4.716216
0.179034,-4.85491
0.179036,-4.947373
0.179038,-4.993604
0.17904,-5.0398355
0.179042,-5.0398355
0.179044,-4.993604
0.179046,-4.947373
0.179048,-4.85491
0.17905,-4.716216
0.179052,-4.577522
0.179054,-4.4388275
0.179056,-4.2539024
0.179058,-4.022745
0.17906,-3.7915885
0.179062,-3.5604317
0.179064,-3.236812
0.179066,-2.9594238
0.179068,-2.6358042
0.17907,-2.3121846
0.179072,-1.9423337
0.179074,-1.6187139
0.179076,-1.2488632
0.179078,-0.8790121
0.17908,-0.5091615
0.179082,-0.13931036
0.179084,0.27677202
0.179086,0.64662313
0.179088,1.0164738
0.17909,1.3863249
0.179092,1.756176
0.179094,2.0797954
0.179096,2.4496465
0.179098,2.7732663
0.1791,3.0968862
0.179102,3.3742738
0.179104,3.6516623
0.179106,3.8828197
0.179108,4.113976
0.17911,4.3451324
0.179112,4.483826
0.179114,4.668752
0.179116,4.7612157
0.17911799,4.8999095
0.17912,4.946141
0.179122,4.992371
0.179124,5.0386033
0.179126,5.0386033
0.179128,4.992371
0.17913,4.8999095
0.179132,4.807446
0.179134,4.7149835
0.179136,4.5300584
0.179138,4.3913646
0.17914,4.2064385
0.179142,3.9752812
0.179144,3.6978936
0.179146,3.4667363
0.179148,3.1431174
0.17915,2.8657289
0.179152,2.542109
0.179154,2.2184901
0.179156,1.8486385
0.179158,1.4787879
0.17916,1.1551685
0.179162,0.7853174
0.17916399,0.36923456
0.179166,-6.160736E-4
0.179168,-0.3704667
0.17917,-0.7403178
0.179172,-1.1564007
0.179174,-1.48002
0.179176,-1.8498712
0.179178,-2.1734905
0.17918,-2.5433414
0.179182,-2.866961
0.179184,-3.1443493
0.179186,-3.467969
0.179188,-3.6991258
0.17919,-3.976514
0.179192,-4.2076707
0.179194,-4.3925962
0.179196,-4.5312905
0.179198,-4.669985
0.1792,-4.8086786
0.179202,-4.9011416
0.179204,-4.993604
0.179206,-4.993604
0.179208,-5.0398355
0.17920999,-4.993604
0.179212,-4.947373
0.179214,-4.85491
0.179216,-4.7624474
0.179218,-4.623753
0.17922,-4.4850593
0.179222,-4.346365
0.179224,-4.115208
0.179226,-3.8840513
0.179228,-3.6528945
0.17923,-3.3755062
0.179232,-3.0518866
0.179234,-2.728267
0.179236,-2.4046474
0.179238,-2.081028
0.17924,-1.7111769
0.179242,-1.387557
0.179244,-1.0177064
0.179246,-0.6478553
0.179248,-0.2317729
0.17925,0.13807821
0.179252,0.50792885
0.179254,0.92401123
0.17925599,1.2938623
0.179258,1.6174817
0.17926,1.9873328
0.179262,2.3109517
0.179264,2.6345725
0.179266,2.9581914
0.179268,3.2818112
0.17927,3.5591989
0.179272,3.8365874
0.179274,4.0677447
0.179276,4.252671
0.179278,4.437596
0.17928,4.622521
0.179282,4.7612157
0.179284,4.8536773
0.179286,4.946141
0.179288,4.992371
0.17929,5.0386033
0.179292,5.0386033
0.179294,4.992371
0.179296,4.946141
0.179298,4.8536773
0.1793,4.7149835
0.179302,4.5762897
0.179304,4.437596
0.179306,4.252671
0.179308,4.0677447
0.17931,3.7903562
0.179312,3.5591989
0.179314,3.2818112
0.179316,2.9581914
0.179318,2.6345725
0.17932,2.3109517
0.179322,1.9411016
0.179324,1.6174817
0.179326,1.2476311
0.179328,0.87777996
0.17933,0.50792885
0.179332,0.13807821
0.179334,-0.27800417
0.179336,-0.6478553
0.179338,-1.0177064
0.17934,-1.387557
0.179342,-1.7111769
0.179344,-2.081028
0.179346,-2.4046474
0.179348,-2.728267
0.17935,-3.0518866
0.179352,-3.3755062
0.179354,-3.6528945
0.179356,-3.8840513
0.179358,-4.115208
0.17936,-4.346365
0.179362,-4.4850593
0.179364,-4.623753
0.17936599,-4.7624474
0.179368,-4.9011416
0.17937,-4.947373
0.179372,-4.993604
0.179374,-5.0398355
0.179376,-4.993604
0.179378,-4.993604
0.17938,-4.9011416
0.179382,-4.8086786
0.179384,-4.669985
0.179386,-4.5312905
0.179388,-4.3925962
0.17939,-4.2076707
0.179392,-3.976514
0.179394,-3.6991258
0.179396,-3.467969
0.179398,-3.1443493
0.1794,-2.866961
0.179402,-2.5433414
0.179404,-2.1734905
0.179406,-1.8498712
0.179408,-1.48002
0.17941,-1.1101689
0.17941199,-0.7403178
0.179414,-0.3704667
0.179416,-6.160736E-4
0.179418,0.4154663
0.17942,0.7853174
0.179422,1.1551685
0.179424,1.4787879
0.179426,1.8486385
0.179428,2.2184901
0.17943,2.542109
0.179432,2.8657289
0.179434,3.1893477
0.179436,3.4667363
0.179438,3.744125
0.17944,3.9752812
0.179442,4.2064385
0.179444,4.3913646
0.179446,4.5300584
0.179448,4.7149835
0.17945,4.807446
0.179452,4.8999095
0.179454,4.992371
0.179456,5.0386033
0.17945799,5.0386033
0.17946,4.992371
0.179462,4.946141
0.179464,4.8999095
0.179466,4.7612157
0.179468,4.668752
0.17947,4.483826
0.179472,4.3451324
0.179474,4.113976
0.179476,3.8828197
0.179478,3.6516623
0.17948,3.3742738
0.179482,3.050654
0.179484,2.727035
0.179486,2.4034152
0.179488,2.0797954
0.17949,1.7099442
0.179492,1.3863249
0.179494,1.0164738
0.179496,0.64662313
0.179498,0.27677202
0.1795,-0.13931036
0.179502,-0.5091615
0.17950399,-0.8790121
0.179506,-1.2488632
0.179508,-1.6187139
0.17951,-1.9423337
0.179512,-2.3121846
0.179514,-2.6358042
0.179516,-2.9594238
0.179518,-3.236812
0.17952,-3.5604317
0.179522,-3.7915885
0.179524,-4.022745
0.179526,-4.2539024
0.179528,-4.4388275
0.17953,-4.577522
0.179532,-4.716216
0.179534,-4.85491
0.179536,-4.947373
0.179538,-4.993604
0.17954,-5.0398355
0.179542,-4.993604
0.179544,-4.993604
0.179546,-4.947373
0.179548,-4.85491
0.17955,-4.716216
0.179552,-4.577522
0.179554,-4.4388275
0.179556,-4.2539024
0.179558,-4.022745
0.17956,-3.7915885
0.179562,-3.5604317
0.179564,-3.236812
0.179566,-2.9594238
0.179568,-2.6358042
0.17957,-2.3121846
0.179572,-1.9423337
0.179574,-1.5724826
0.179576,-1.2488632
0.179578,-0.8790121
0.17958,-0.5091615
0.179582,-0.13931036
0.179584,0.27677202
0.179586,0.64662313
0.179588,1.0164738
0.17959,1.3863249
0.179592,1.756176
0.179594,2.0797954
0.179596,2.4496465
0.179598,2.7732663
0.1796,3.0968862
0.179602,3.3742738
0.179604,3.6516623
0.179606,3.8828197
0.179608,4.113976
0.17961,4.3451324
0.179612,4.483826
0.179614,4.668752
0.179616,4.807446
0.179618,4.8999095
0.17962,4.946141
0.179622,4.992371
0.179624,5.0386033
0.179626,5.0386033
0.179628,4.992371
0.17963,4.8999095
0.179632,4.807446
0.179634,4.7149835
0.179636,4.5300584
0.179638,4.3913646
0.17964,4.2064385
0.179642,3.9752812
0.179644,3.6978936
0.179646,3.4667363
0.179648,3.1431174
0.17965,2.8657289
0.179652,2.542109
0.179654,2.172258
0.179656,1.8486385
0.179658,1.4787879
0.17965999,1.1551685
0.179662,0.7853174
0.179664,0.36923456
0.179666,-6.160736E-4
0.179668,-0.3704667
0.17967,-0.7403178
0.179672,-1.1564007
0.179674,-1.48002
0.179676,-1.8498712
0.179678,-2.1734905
0.17968,-2.5433414
0.179682,-2.866961
0.179684,-3.1443493
0.179686,-3.467969
0.179688,-3.6991258
0.17969,-3.976514
0.179692,-4.2076707
0.179694,-4.3925962
0.179696,-4.5312905
0.179698,-4.669985
0.1797,-4.8086786
0.179702,-4.9011416
0.179704,-4.993604
0.17970599,-4.993604
0.179708,-5.0398355
0.17971,-4.993604
0.179712,-4.947373
0.179714,-4.9011416
0.179716,-4.7624474
0.179718,-4.623753
0.17972,-4.4850593
0.179722,-4.346365
0.179724,-4.115208
0.179726,-3.8840513
0.179728,-3.6528945
0.17973,-3.3755062
0.179732,-3.0518866
0.179734,-2.728267
0.179736,-2.4046474
0.179738,-2.081028
0.17974,-1.7111769
0.179742,-1.387557
0.179744,-1.0177064
0.179746,-0.6478553
0.179748,-0.2317729
0.17975,0.7390857
0.17975199,2.3109517
0.179754,3.6978936
0.179756,4.5762897
0.179758,4.8999095
0.17976,4.622521
0.179762,3.7903562
0.179764,2.4496465
0.179766,0.87777996
0.179768,-0.8790121
0.17977,-2.4508786
0.179772,-3.7915885
0.179774,-4.623753
0.179776,-4.947373
0.179778,-4.623753
0.17978,-3.745357
0.179782,-2.4046474
0.179784,-0.78654957
0.179786,0.970243
0.179788,2.5883412
0.17979,3.8828197
0.179792,4.668752
0.179794,4.8999095
0.179796,4.5300584
0.17979799,3.6516623
0.1798,2.2647214
0.179802,0.64662313
0.179804,-1.0639377
0.179806,-2.6358042
0.179808,-3.9302826
0.17981,-4.716216
0.179812,-4.9011416
0.179814,-4.4850593
0.179816,-3.5604317
0.179818,-2.1734905
0.17982,-0.5091615
0.179822,1.2476311
0.179824,2.8194976
0.179826,4.0215135
0.179828,4.7612157
0.17983,4.8999095
0.179832,4.437596
0.179834,3.4667363
0.179836,2.033564
0.179838,0.4154663
0.17984,-1.3413262
0.179842,-2.866961
0.179844,-4.115208
0.179846,-4.7624474
0.179848,-4.9011416
0.17985,-4.4388275
0.179852,-3.3755062
0.179854,-1.9423337
0.179856,-0.27800417
0.179858,1.4787879
0.17986,3.0044227
0.179862,4.1602073
0.179864,4.807446
0.179866,4.8536773
0.179868,4.3451324
0.17987,3.2818112
0.179872,1.8024073
0.179874,0.13807821
0.179876,-1.5262513
0.179878,-3.0518866
0.17988,-4.2539024
0.179882,-4.8086786
0.179884,-4.85491
0.179886,-4.3001337
0.179888,-3.1905808
0.17989,-1.7111769
0.179892,-6.160736E-4
0.179894,1.7099442
0.179896,3.1893477
0.179898,4.298901
0.1799,4.8536773
0.179902,4.8536773
0.179904,4.252671
0.179906,3.0968862
0.17990799,1.5712504
0.17991,-0.09307861
0.179912,-1.7574081
0.179914,-3.236812
0.179916,-4.346365
0.179918,-4.85491
0.17992,-4.8086786
0.179922,-4.1614394
0.179924,-3.0056553
0.179926,-1.48002
0.179928,0.23054075
0.17993,1.9411016
0.179932,3.3742738
0.179934,4.437596
0.179936,4.8999095
0.179938,4.7612157
0.17994,4.113976
0.179942,2.9119601
0.179944,1.3863249
0.179946,-0.3704667
0.179948,-1.9885652
0.17995,-3.467969
0.179952,-4.4388275
0.17995399,-4.9011416
0.179956,-4.7624474
0.179958,-4.022745
0.17996,-2.8207297
0.179962,-1.2488632
0.179964,0.50792885
0.179966,2.172258
0.179968,3.5591989
0.17997,4.483826
0.179972,4.8999095
0.179974,4.7149835
0.179976,3.9752812
0.179978,2.6808028
0.17998,1.1089368
0.179982,-0.601624
0.179984,-2.2197218
0.179986,-3.6066632
0.179988,-4.5312905
0.17999,-4.9011416
0.179992,-4.669985
0.179994,-3.8840513
0.179996,-2.6358042
0.179998,-1.0177064
0.17999999,0.7390857
0.180002,2.357184
0.180004,3.744125
0.180006,4.622521
0.180008,4.8999095
0.18001,4.622521
0.180012,3.7903562
0.180014,2.4958777
0.180016,0.87777996
0.180018,-0.83278084
0.18002,-2.4508786
0.180022,-3.7915885
0.180024,-4.623753
0.180026,-4.9011416
0.180028,-4.577522
0.18003,-3.745357
0.180032,-2.4046474
0.180034,-0.7403178
0.180036,0.970243
0.180038,2.5883412
0.18004,3.8828197
0.180042,4.668752
0.180044,4.8999095
0.18004599,4.5300584
0.180048,3.6516623
0.18005,2.2647214
0.180052,0.64662313
0.180054,-1.0639377
0.180056,-2.6358042
0.180058,-3.9302826
0.18006,-4.716216
0.180062,-4.9011416
0.180064,-4.4850593
0.180066,-3.5604317
0.180068,-2.1734905
0.18007,-0.5091615
0.180072,1.2476311
0.180074,2.8194976
0.180076,4.0215135
0.180078,4.7612157
0.18008,4.8999095
0.180082,4.437596
0.180084,3.4667363
0.180086,2.033564
0.180088,0.4154663
0.18009,-1.3413262
0.180092,-2.866961
0.180094,-4.115208
0.180096,-4.7624474
0.180098,-4.9011416
0.1801,-4.4388275
0.180102,-3.3755062
0.180104,-1.9423337
0.180106,-0.27800417
0.180108,1.4787879
0.18011,3.0044227
0.180112,4.1602073
0.180114,4.807446
0.180116,4.8536773
0.180118,4.3451324
0.18012,3.2818112
0.180122,1.8024073
0.180124,0.13807821
0.180126,-1.5262513
0.180128,-3.0518866
0.18013,-4.2539024
0.180132,-4.8086786
0.180134,-4.85491
0.180136,-4.3001337
0.180138,-3.1905808
0.18014,-1.7111769
0.180142,-6.160736E-4
0.180144,1.7099442
0.180146,3.1893477
0.180148,4.298901
0.18015,4.8536773
0.180152,4.8536773
0.180154,4.252671
0.18015599,3.0968862
0.180158,1.5712504
0.18016,-0.09307861
0.180162,-1.7574081
0.180164,-3.236812
0.180166,-4.346365
0.180168,-4.85491
0.18017,-4.8086786
0.180172,-4.1614394
0.180174,-3.0056553
0.180176,-1.48002
0.180178,0.23054075
0.18018,1.9411016
0.180182,3.3742738
0.180184,4.437596
0.180186,4.8999095
0.180188,4.7612157
0.18019,4.113976
0.180192,2.9119601
0.180194,1.3863249
0.180196,-0.3704667
0.180198,-1.9885652
0.1802,-3.467969
0.18020199,-4.4388275
0.180204,-4.9011416
0.180206,-4.7624474
0.180208,-4.022745
0.18021,-2.8207297
0.180212,-1.2488632
0.180214,0.50792885
0.180216,2.172258
0.180218,3.5591989
0.18022,4.483826
0.180222,4.8999095
0.180224,4.7149835
0.180226,3.9752812
0.180228,2.6808028
0.18023,1.1089368
0.180232,-0.601624
0.180234,-2.2197218
0.180236,-3.6066632
0.180238,-4.5312905
0.18024,-4.9011416
0.180242,-4.669985
0.180244,-3.8840513
0.180246,-2.6358042
0.18024799,-1.0177064
0.18025,0.7390857
0.180252,2.357184
0.180254,3.744125
0.180256,4.5762897
0.180258,4.8999095
0.18026,4.622521
0.180262,3.7903562
0.180264,2.4958777
0.180266,0.87777996
0.180268,-0.83278084
0.18027,-2.4508786
0.180272,-3.7915885
0.180274,-4.623753
0.180276,-4.9011416
0.180278,-4.577522
0.18028,-3.745357
0.180282,-2.4046474
0.180284,-0.7403178
0.180286,0.970243
0.180288,2.5883412
0.18029,3.8828197
0.180292,4.668752
0.18029399,4.8999095
0.180296,4.5300584
0.180298,3.6516623
0.1803,2.2647214
0.180302,0.64662313
0.180304,-1.0639377
0.180306,-2.6358042
0.180308,-3.9302826
0.18031,-4.716216
0.180312,-4.9011416
0.180314,-4.4850593
0.180316,-3.5604317
0.180318,-2.1734905
0.18032,-0.5091615
0.180322,1.2476311
0.180324,2.8194976
0.180326,4.0215135
0.180328,4.7612157
0.18033,4.8999095
0.180332,4.437596
0.180334,3.4667363
0.180336,2.033564
0.180338,0.4154663
0.18034,-1.3413262
0.180342,-2.866961
0.180344,-4.115208
0.180346,-4.7624474
0.180348,-4.9011416
0.18035,-4.4388275
0.180352,-3.3755062
0.180354,-1.9423337
0.180356,-0.27800417
0.180358,1.4787879
0.18036,3.0044227
0.180362,4.1602073
0.180364,4.807446
0.180366,4.8536773
0.180368,4.3451324
0.18037,3.2818112
0.180372,1.8024073
0.180374,0.13807821
0.180376,-1.5262513
0.180378,-3.0518866
0.18038,-4.2539024
0.180382,-4.8086786
0.180384,-4.85491
0.180386,-4.3001337
0.180388,-3.1905808
0.18039,-1.7111769
0.180392,-6.160736E-4
0.180394,1.7099442
0.180396,3.1893477
0.180398,4.298901
0.1804,4.8536773
0.180402,4.8536773
0.18040399,4.252671
0.180406,3.0968862
0.180408,1.5712504
0.18041,-0.09307861
0.180412,-1.7574081
0.180414,-3.236812
0.180416,-4.346365
0.180418,-4.85491
0.18042,-4.8086786
0.180422,-4.1614394
0.180424,-3.0056553
0.180426,-1.48002
0.180428,0.23054075
0.18043,1.9411016
0.180432,3.3742738
0.180434,4.437596
0.180436,4.8999095
0.180438,4.7612157
0.18044,4.113976
0.180442,2.9119601
0.180444,1.3863249
0.180446,-0.3704667
0.180448,-1.9885652
0.18044999,-3.467969
0.180452,-4.4388275
0.180454,-4.9011416
0.180456,-4.7624474
0.180458,-4.022745
0.18046,-2.8207297
0.180462,-1.2488632
0.180464,0.50792885
0.180466,2.172258
0.180468,3.5591989
0.18047,4.483826
0.180472,4.8999095
0.180474,4.7149835
0.180476,3.9752812
0.180478,2.6808028
0.18048,1.1089368
0.180482,-0.601624
0.180484,-2.2197218
0.180486,-3.6066632
0.180488,-4.5312905
0.18049,-4.9011416
0.180492,-4.669985
0.180494,-3.8840513
0.18049599,-2.6358042
0.180498,-1.0177064
0.1805,0.7390857
0.180502,2.357184
0.180504,3.744125
0.180506,4.622521
0.180508,4.946141
0.18051,4.622521
0.180512,3.7903562
0.180514,2.4958777
0.180516,0.87777996
0.180518,-0.83278084
0.18052,-2.4508786
0.180522,-3.7915885
0.180524,-4.623753
0.180526,-4.9011416
0.180528,-4.577522
0.18053,-3.745357
0.180532,-2.4046474
0.180534,-0.7403178
0.180536,0.970243
0.180538,2.5883412
0.18054,3.8828197
0.18054199,4.668752
0.180544,4.8999095
0.180546,4.5300584
0.180548,3.6516623
0.18055,2.2647214
0.180552,0.64662313
0.180554,-1.0639377
0.180556,-2.6358042
0.180558,-3.9302826
0.18056,-4.716216
0.180562,-4.9011416
0.180564,-4.4850593
0.180566,-3.5604317
0.180568,-2.1734905
0.18057,-0.5091615
0.180572,1.2476311
0.180574,2.8194976
0.180576,4.0215135
0.180578,4.7612157
0.18058,4.8999095
0.180582,4.437596
0.180584,3.4667363
0.180586,2.033564
0.180588,0.4154663
0.18059,-1.3413262
0.180592,-2.866961
0.180594,-4.115208
0.180596,-4.7624474
0.180598,-4.9011416
0.1806,-4.3925962
0.180602,-3.3755062
0.180604,-1.9423337
0.180606,-0.27800417
0.180608,1.4787879
0.18061,3.0044227
0.180612,4.1602073
0.180614,4.807446
0.180616,4.8536773
0.180618,4.3451324
0.18062,3.2818112
0.180622,1.8024073
0.180624,0.13807821
0.180626,-1.5262513
0.180628,-3.0518866
0.18063,-4.2539024
0.180632,-4.8086786
0.180634,-4.85491
0.180636,-4.3001337
0.180638,-3.1905808
0.18064,-1.7111769
0.180642,-6.160736E-4
0.180644,1.7099442
0.180646,3.1893477
0.180648,4.298901
0.18065,4.8536773
0.180652,4.807446
0.180654,4.252671
0.180656,3.0968862
0.180658,1.5712504
0.18066,-0.09307861
0.180662,-1.7574081
0.180664,-3.236812
0.180666,-4.346365
0.180668,-4.85491
0.18067,-4.8086786
0.180672,-4.1614394
0.180674,-3.0056553
0.180676,-1.48002
0.180678,0.23054075
0.18068,1.9411016
0.180682,3.3742738
0.180684,4.437596
0.180686,4.8999095
0.180688,4.7612157
0.18069,4.113976
0.180692,2.9119601
0.180694,1.3863249
0.180696,-0.3704667
0.18069799,-1.9885652
0.1807,-3.467969
0.180702,-4.4388275
0.180704,-4.9011416
0.180706,-4.716216
0.180708,-4.022745
0.18071,-2.8207297
0.180712,-1.2488632
0.180714,0.50792885
0.180716,2.172258
0.180718,3.5591989
0.18072,4.483826
0.180722,4.8999095
0.180724,4.7149835
0.180726,3.9752812
0.180728,2.6808028
0.18073,1.1089368
0.180732,-0.601624
0.180734,-2.2197218
0.180736,-3.6066632
0.180738,-4.5312905
0.18074,-4.9011416
0.180742,-4.669985
0.18074399,-3.8840513
0.180746,-2.6358042
0.180748,-1.0177064
0.18075,0.184309
0.180752,0.5541601
0.180754,0.92401123
0.180756,1.2938623
0.180758,1.6637135
0.18076,1.9873328
0.180762,2.357184
0.180764,2.6808028
0.180766,3.0044227
0.180768,3.2818112
0.18077,3.5591989
0.180772,3.8365874
0.180774,4.0677447
0.180776,4.298901
0.180778,4.437596
0.18078,4.622521
0.180782,4.7612157
0.180784,4.8536773
0.180786,4.946141
0.180788,4.992371
0.18078999,5.0386033
0.180792,5.0386033
0.180794,4.992371
0.180796,4.946141
0.180798,4.8536773
0.1808,4.7612157
0.180802,4.5762897
0.180804,4.437596
0.180806,4.252671
0.180808,4.0677447
0.18081,3.7903562
0.180812,3.5591989
0.180814,3.2818112
0.180816,2.9581914
0.180818,2.6345725
0.18082,2.3109517
0.180822,1.9411016
0.180824,1.6174817
0.180826,1.2476311
0.180828,0.87777996
0.18083,0.50792885
0.180832,0.13807821
0.180834,-0.27800417
0.18083599,-0.6478553
0.180838,-1.0177064
0.18084,-1.387557
0.180842,-1.7111769
0.180844,-2.081028
0.180846,-2.4046474
0.180848,-2.728267
0.18085,-3.0518866
0.180852,-3.3755062
0.180854,-3.6528945
0.180856,-3.8840513
0.180858,-4.115208
0.18086,-4.346365
0.180862,-4.4850593
0.180864,-4.623753
0.180866,-4.7624474
0.180868,-4.85491
0.18087,-4.947373
0.180872,-4.993604
0.180874,-5.0398355
0.180876,-4.993604
0.180878,-4.947373
0.18088,-4.9011416
0.180882,-4.8086786
0.180884,-4.669985
0.180886,-4.5312905
0.180888,-4.3925962
0.18089,-4.2076707
0.180892,-3.976514
0.180894,-3.6991258
0.180896,-3.467969
0.180898,-3.1443493
0.1809,-2.866961
0.180902,-2.5433414
0.180904,-2.1734905
0.180906,-1.8498712
0.180908,-1.48002
0.18091,-1.1101689
0.180912,-0.7403178
0.180914,-0.3704667
0.180916,-6.160736E-4
0.180918,0.4154663
0.18092,0.7853174
0.180922,1.1551685
0.180924,1.4787879
0.180926,1.8486385
0.180928,2.2184901
0.18093,2.542109
0.180932,2.8657289
0.180934,3.1893477
0.180936,3.4667363
0.180938,3.744125
0.18094,3.9752812
0.180942,4.2064385
0.180944,4.3913646
0.18094599,4.5300584
0.180948,4.7149835
0.18095,4.807446
0.180952,4.8999095
0.180954,4.992371
0.180956,5.0386033
0.180958,5.0386033
0.18096,4.992371
0.180962,4.946141
0.180964,4.8999095
0.180966,4.7612157
0.180968,4.668752
0.18097,4.483826
0.180972,4.3451324
0.180974,4.113976
0.180976,3.8828197
0.180978,3.6516623
0.18098,3.3742738
0.180982,3.050654
0.180984,2.727035
0.180986,2.4034152
0.180988,2.0797954
0.18099,1.7099442
0.18099199,1.3863249
0.180994,1.0164738
0.180996,0.64662313
0.180998,0.27677202
0.181,-0.13931036
0.181002,-0.5091615
0.181004,-0.8790121
0.181006,-1.2488632
0.181008,-1.6187139
0.18101,-1.9423337
0.181012,-2.3121846
0.181014,-2.6358042
0.181016,-2.9594238
0.181018,-3.236812
0.18102,-3.5604317
0.181022,-3.7915885
0.181024,-4.022745
0.181026,-4.2539024
0.181028,-4.4388275
0.18103,-4.577522
0.181032,-4.716216
0.181034,-4.85491
0.181036,-4.947373
0.18103799,-4.993604
0.18104,-5.0398355
0.181042,-4.993604
0.181044,-4.993604
0.181046,-4.947373
0.181048,-4.85491
0.18105,-4.716216
0.181052,-4.577522
0.181054,-4.4388275
0.181056,-4.2539024
0.181058,-4.022745
0.18106,-3.7915885
0.181062,-3.5604317
0.181064,-3.236812
0.181066,-2.9594238
0.181068,-2.6358042
0.18107,-2.3121846
0.181072,-1.9423337
0.181074,-1.5724826
0.181076,-1.2488632
0.181078,-0.8790121
0.18108,-0.5091615
0.181082,-0.09307861
0.18108399,0.27677202
0.181086,0.64662313
0.181088,1.0164738
0.18109,1.3863249
0.181092,1.756176
0.181094,2.0797954
0.181096,2.4496465
0.181098,2.7732663
0.1811,3.0968862
0.181102,3.3742738
0.181104,3.6516623
0.181106,3.8828197
0.181108,4.113976
0.18111,4.3451324
0.181112,4.483826
0.181114,4.668752
0.181116,4.7612157
0.181118,4.8999095
0.18112,4.946141
0.181122,4.992371
0.181124,5.0386033
0.181126,5.0386033
0.181128,4.992371
0.18113,4.8999095
0.181132,4.807446
0.181134,4.7149835
0.181136,4.5300584
0.181138,4.3913646
0.18114,4.2064385
0.181142,3.9752812
0.181144,3.6978936
0.181146,3.4667363
0.181148,3.1431174
0.18115,2.8657289
0.181152,2.542109
0.181154,2.172258
0.181156,1.8486385
0.181158,1.4787879
0.18116,1.1551685
0.181162,0.7390857
0.181164,0.36923456
0.181166,-6.160736E-4
0.181168,-0.3704667
0.18117,-0.7403178
0.181172,-1.1564007
0.181174,-1.48002
0.181176,-1.8498712
0.181178,-2.1734905
0.18118,-2.5433414
0.181182,-2.866961
0.181184,-3.1443493
0.181186,-3.467969
0.181188,-3.6991258
0.18119,-3.976514
0.181192,-4.2076707
0.18119399,-4.3925962
0.181196,-4.5312905
0.181198,-4.669985
0.1812,-4.8086786
0.181202,-4.9011416
0.181204,-4.993604
0.181206,-4.993604
0.181208,-5.0398355
0.18121,-4.993604
0.181212,-4.947373
0.181214,-4.85491
0.181216,-4.7624474
0.181218,-4.623753
0.18122,-4.4850593
0.181222,-4.346365
0.181224,-4.115208
0.181226,-3.8840513
0.181228,-3.6066632
0.18123,-3.3755062
0.181232,-3.0518866
0.181234,-2.728267
0.181236,-2.4046474
0.181238,-2.081028
0.18123999,-1.7111769
0.181242,-1.387557
0.181244,-1.0177064
0.181246,-0.601624
0.181248,-0.2317729
0.18125,0.13807821
0.181252,0.50792885
0.181254,0.92401123
0.181256,1.2938623
0.181258,1.6174817
0.18126,1.9873328
0.181262,2.3109517
0.181264,2.6345725
0.181266,2.9581914
0.181268,3.2818112
0.18127,3.5591989
0.181272,3.8365874
0.181274,4.0677447
0.181276,4.252671
0.181278,4.437596
0.18128,4.622521
0.181282,4.7612157
0.181284,4.8536773
0.18128599,4.946141
0.181288,4.992371
0.18129,5.0386033
0.181292,5.0386033
0.181294,4.992371
0.181296,4.946141
0.181298,4.8536773
0.1813,4.7149835
0.181302,4.5762897
0.181304,4.437596
0.181306,4.252671
0.181308,4.0677447
0.18131,3.7903562
0.181312,3.5591989
0.181314,3.2818112
0.181316,2.9581914
0.181318,2.6345725
0.18132,2.3109517
0.181322,1.9411016
0.181324,1.6174817
0.181326,1.2476311
0.181328,0.87777996
0.18133,0.50792885
0.18133199,0.13807821
0.181334,-0.27800417
0.181336,-0.6478553
0.181338,-1.0177064
0.18134,-1.387557
0.181342,-1.7111769
0.181344,-2.081028
0.181346,-2.4046474
0.181348,-2.728267
0.18135,-3.0518866
0.181352,-3.3755062
0.181354,-3.6528945
0.181356,-3.8840513
0.181358,-4.115208
0.18136,-4.346365
0.181362,-4.4850593
0.181364,-4.623753
0.181366,-4.7624474
0.181368,-4.9011416
0.18137,-4.947373
0.181372,-4.993604
0.181374,-5.0398355
0.181376,-4.993604
0.181378,-4.993604
0.18138,-4.9011416
0.181382,-4.8086786
0.181384,-4.669985
0.181386,-4.5312905
0.181388,-4.3925962
0.18139,-4.2076707
0.181392,-3.976514
0.181394,-3.6991258
0.181396,-3.467969
0.181398,-3.1443493
0.1814,-2.866961
0.181402,-2.5433414
0.181404,-2.1734905
0.181406,-1.8498712
0.181408,-1.48002
0.18141,-1.1101689
0.181412,-0.7403178
0.181414,-0.3704667
0.181416,-6.160736E-4
0.181418,0.4154663
0.18142,0.7853174
0.181422,1.1551685
0.181424,1.4787879
0.181426,1.8486385
0.181428,2.2184901
0.18143,2.542109
0.181432,2.8657289
0.181434,3.1893477
0.181436,3.4667363
0.181438,3.744125
0.18144,3.9752812
0.18144199,4.2064385
0.181444,4.3913646
0.181446,4.5300584
0.181448,4.7149835
0.18145,4.807446
0.181452,4.8999095
0.181454,4.992371
0.181456,5.0386033
0.181458,5.0386033
0.18146,4.992371
0.181462,4.946141
0.181464,4.8999095
0.181466,4.7612157
0.181468,4.622521
0.18147,4.483826
0.181472,4.3451324
0.181474,4.113976
0.181476,3.8828197
0.181478,3.6516623
0.18148,3.3742738
0.181482,3.050654
0.181484,2.727035
0.181486,2.4034152
0.18148799,2.0797954
0.18149,1.7099442
0.181492,1.3863249
0.181494,1.0164738
0.181496,0.64662313
0.181498,0.27677202
0.1815,-0.13931036
0.181502,-0.5091615
0.181504,-0.8790121
0.181506,-1.2488632
0.181508,-1.6187139
0.18151,-1.9423337
0.181512,-2.3121846
0.181514,-2.6358042
0.181516,-2.9594238
0.181518,-3.2830436
0.18152,-3.5604317
0.181522,-3.7915885
0.181524,-4.068977
0.181526,-4.2539024
0.181528,-4.4388275
0.18153,-4.577522
0.181532,-4.716216
0.18153399,-4.85491
0.181536,-4.947373
0.181538,-4.993604
0.18154,-5.0398355
0.181542,-4.993604
0.181544,-4.993604
0.181546,-4.947373
0.181548,-4.85491
0.18155,-4.716216
0.181552,-4.577522
0.181554,-4.4388275
0.181556,-4.2539024
0.181558,-4.022745
0.18156,-3.7915885
0.181562,-3.5604317
0.181564,-3.236812
0.181566,-2.9594238
0.181568,-2.6358042
0.18157,-2.3121846
0.181572,-1.9423337
0.181574,-1.5724826
0.181576,-1.2488632
0.181578,-0.8790121
0.18157999,-0.5091615
0.181582,-0.13931036
0.181584,0.27677202
0.181586,0.64662313
0.181588,1.0164738
0.18159,1.3863249
0.181592,1.756176
0.181594,2.0797954
0.181596,2.4496465
0.181598,2.7732663
0.1816,3.0968862
0.181602,3.3742738
0.181604,3.6516623
0.181606,3.8828197
0.181608,4.113976
0.18161,4.3451324
0.181612,4.483826
0.181614,4.668752
0.181616,4.7612157
0.181618,4.8999095
0.18162,4.946141
0.181622,4.992371
0.181624,5.0386033
0.181626,5.0386033
0.181628,4.992371
0.18163,4.8999095
0.181632,4.807446
0.181634,4.668752
0.181636,4.5300584
0.181638,4.3913646
0.18164,4.2064385
0.181642,3.9752812
0.181644,3.6978936
0.181646,3.4667363
0.181648,3.1431174
0.18165,2.8657289
0.181652,2.542109
0.181654,2.172258
0.181656,1.8486385
0.181658,1.4787879
0.18166,1.1551685
0.181662,0.7853174
0.181664,0.36923456
0.181666,-6.160736E-4
0.181668,-0.3704667
0.18167,-0.78654957
0.181672,-1.1564007
0.181674,-1.48002
0.181676,-1.8498712
0.181678,-2.1734905
0.18168,-2.5433414
0.181682,-2.866961
0.181684,-3.1443493
0.181686,-3.467969
0.181688,-3.6991258
0.18168999,-3.976514
0.181692,-4.2076707
0.181694,-4.3925962
0.181696,-4.5312905
0.181698,-4.669985
0.1817,-4.8086786
0.181702,-4.9011416
0.181704,-4.993604
0.181706,-4.993604
0.181708,-5.0398355
0.18171,-4.993604
0.181712,-4.947373
0.181714,-4.85491
0.181716,-4.7624474
0.181718,-4.623753
0.18172,-4.4850593
0.181722,-4.346365
0.181724,-4.115208
0.181726,-3.8840513
0.181728,-3.6066632
0.18173,-3.3755062
0.181732,-3.0518866
0.181734,-2.728267
0.18173599,-2.4046474
0.181738,-2.081028
0.18174,-1.7111769
0.181742,-1.387557
0.181744,-1.0177064
0.181746,-0.6478553
0.181748,-0.2317729
0.18175,0.7390857
0.181752,2.3109517
0.181754,3.6978936
0.181756,4.5762897
0.181758,4.8999095
0.18176,4.5762897
0.181762,3.744125
0.181764,2.4496465
0.181766,0.8315482
0.181768,-0.8790121
0.18177,-2.4508786
0.181772,-3.8378198
0.181774,-4.669985
0.181776,-4.947373
0.181778,-4.577522
0.18178,-3.745357
0.18178199,-2.4046474
0.181784,-0.78654957
0.181786,0.970243
0.181788,2.5883412
0.18179,3.8828197
0.181792,4.668752
0.181794,4.8999095
0.181796,4.5300584
0.181798,3.605431
0.1818,2.2647214
0.181802,0.64662313
0.181804,-1.1101689
0.181806,-2.6820357
0.181808,-3.976514
0.18181,-4.716216
0.181812,-4.9011416
0.181814,-4.4850593
0.181816,-3.5604317
0.181818,-2.1734905
0.18182,-0.5091615
0.181822,1.2476311
0.181824,2.8194976
0.181826,4.0215135
0.18182799,4.7612157
0.18183,4.8999095
0.181832,4.437596
0.181834,3.4667363
0.181836,2.033564
0.181838,0.36923456
0.18184,-1.3413262
0.181842,-2.866961
0.181844,-4.115208
0.181846,-4.7624474
0.181848,-4.9011416
0.18185,-4.3925962
0.181852,-3.3755062
0.181854,-1.9423337
0.181856,-0.2317729
0.181858,1.4787879
0.18186,3.0044227
0.181862,4.2064385
0.181864,4.807446
0.181866,4.8536773
0.181868,4.3451324
0.18187,3.2818112
0.181872,1.8024073
0.181874,0.13807821
0.181876,-1.5262513
0.181878,-3.0518866
0.18188,-4.2539024
0.181882,-4.8086786
0.181884,-4.85491
0.181886,-4.3001337
0.181888,-3.1905808
0.18189,-1.7111769
0.181892,-6.160736E-4
0.181894,1.7099442
0.181896,3.1893477
0.181898,4.298901
0.1819,4.8536773
0.181902,4.8536773
0.181904,4.252671
0.181906,3.0968862
0.181908,1.5712504
0.18191,-0.09307861
0.181912,-1.7574081
0.181914,-3.2830436
0.181916,-4.346365
0.181918,-4.85491
0.18192,-4.8086786
0.181922,-4.1614394
0.181924,-3.0056553
0.181926,-1.48002
0.181928,0.23054075
0.18193,1.9411016
0.181932,3.3742738
0.181934,4.437596
0.181936,4.8999095
0.181938,4.7612157
0.18194,4.113976
0.181942,2.9119601
0.181944,1.3863249
0.181946,-0.3704667
0.181948,-1.9885652
0.18195,-3.467969
0.181952,-4.4388275
0.181954,-4.9011416
0.181956,-4.7624474
0.181958,-4.022745
0.18196,-2.8207297
0.181962,-1.2488632
0.181964,0.50792885
0.181966,2.172258
0.181968,3.5591989
0.18197,4.5300584
0.181972,4.8999095
0.181974,4.7149835
0.181976,3.9752812
0.181978,2.6808028
0.18198,1.1089368
0.181982,-0.601624
0.18198399,-2.2197218
0.181986,-3.6066632
0.181988,-4.5312905
0.18199,-4.9011416
0.181992,-4.669985
0.181994,-3.8840513
0.181996,-2.589573
0.181998,-1.0177064
0.182,0.7390857
0.182002,2.357184
0.182004,3.744125
0.182006,4.622521
0.182008,4.8999095
0.18201,4.622521
0.182012,3.7903562
0.182014,2.4958777
0.182016,0.87777996
0.182018,-0.83278084
0.18202,-2.4508786
0.182022,-3.7915885
0.182024,-4.623753
0.182026,-4.9011416
0.182028,-4.577522
0.18202999,-3.745357
0.182032,-2.4046474
0.182034,-0.7403178
0.182036,1.0164738
0.182038,2.5883412
0.18204,3.8828197
0.182042,4.668752
0.182044,4.8999095
0.182046,4.5300584
0.182048,3.6516623
0.18205,2.2647214
0.182052,0.64662313
0.182054,-1.1101689
0.182056,-2.6358042
0.182058,-3.9302826
0.18206,-4.716216
0.182062,-4.9011416
0.182064,-4.4850593
0.182066,-3.5604317
0.182068,-2.1734905
0.18207,-0.5091615
0.182072,1.2476311
0.182074,2.8194976
0.18207599,4.0677447
0.182078,4.7612157
0.18208,4.8999095
0.182082,4.437596
0.182084,3.4667363
0.182086,2.033564
0.182088,0.36923456
0.18209,-1.3413262
0.182092,-2.866961
0.182094,-4.115208
0.182096,-4.7624474
0.182098,-4.9011416
0.1821,-4.3925962
0.182102,-3.3755062
0.182104,-1.9423337
0.182106,-0.2317729
0.182108,1.4787879
0.18211,3.0044227
0.182112,4.2064385
0.182114,4.807446
0.182116,4.8536773
0.182118,4.3451324
0.18212,3.2818112
0.18212199,1.8024073
0.182124,0.13807821
0.182126,-1.5262513
0.182128,-3.0518866
0.18213,-4.2539024
0.182132,-4.8086786
0.182134,-4.85491
0.182136,-4.3001337
0.182138,-3.1905808
0.18214,-1.7111769
0.182142,-6.160736E-4
0.182144,1.7099442
0.182146,3.1893477
0.182148,4.298901
0.18215,4.8536773
0.182152,4.8536773
0.182154,4.252671
0.182156,3.0968862
0.182158,1.5712504
0.18216,-0.09307861
0.182162,-1.7574081
0.182164,-3.2830436
0.182166,-4.346365
0.182168,-4.85491
0.18217,-4.8086786
0.182172,-4.1614394
0.182174,-3.0056553
0.182176,-1.48002
0.182178,0.27677202
0.18218,1.9411016
0.182182,3.3742738
0.182184,4.437596
0.182186,4.8999095
0.182188,4.7612157
0.18219,4.113976
0.182192,2.9119601
0.182194,1.3400936
0.182196,-0.3704667
0.182198,-1.9885652
0.1822,-3.467969
0.182202,-4.4388275
0.182204,-4.9011416
0.182206,-4.7624474
0.182208,-4.022745
0.18221,-2.8207297
0.182212,-1.2488632
0.182214,0.50792885
0.182216,2.172258
0.182218,3.5591989
0.18222,4.5300584
0.182222,4.8999095
0.182224,4.7149835
0.182226,3.92905
0.182228,2.6808028
0.18223,1.1089368
0.18223199,-0.601624
0.182234,-2.2197218
0.182236,-3.6528945
0.182238,-4.5312905
0.18224,-4.9011416
0.182242,-4.669985
0.182244,-3.8840513
0.182246,-2.589573
0.182248,-1.0177064
0.18225,0.7390857
0.182252,2.357184
0.182254,3.744125
0.182256,4.622521
0.182258,4.8999095
0.18226,4.622521
0.182262,3.7903562
0.182264,2.4958777
0.182266,0.87777996
0.182268,-0.83278084
0.18227,-2.4508786
0.182272,-3.7915885
0.182274,-4.623753
0.182276,-4.9011416
0.18227799,-4.577522
0.18228,-3.745357
0.182282,-2.4046474
0.182284,-0.7403178
0.182286,1.0164738
0.182288,2.5883412
0.18229,3.8828197
0.182292,4.668752
0.182294,4.8999095
0.182296,4.5300584
0.182298,3.6516623
0.1823,2.2647214
0.182302,0.64662313
0.182304,-1.1101689
0.182306,-2.6358042
0.182308,-3.9302826
0.18231,-4.716216
0.182312,-4.9011416
0.182314,-4.4850593
0.182316,-3.5604317
0.182318,-2.1734905
0.18232,-0.5091615
0.182322,1.2476311
0.18232399,2.8194976
0.182326,4.0677447
0.182328,4.7612157
0.18233,4.8999095
0.182332,4.437596
0.182334,3.4667363
0.182336,2.033564
0.182338,0.36923456
0.18234,-1.3413262
0.182342,-2.866961
0.182344,-4.115208
0.182346,-4.7624474
0.182348,-4.9011416
0.18235,-4.3925962
0.182352,-3.3755062
0.182354,-1.9423337
0.182356,-0.2317729
0.182358,1.4787879
0.18236,3.0044227
0.182362,4.2064385
0.182364,4.807446
0.182366,4.8536773
0.182368,4.3451324
0.18236999,3.2818112
0.182372,1.8024073
0.182374,0.13807821
0.182376,-1.5262513
0.182378,-3.0518866
0.18238,-4.2539024
0.182382,-4.8086786
0.182384,-4.85491
0.182386,-4.3001337
0.182388,-3.1905808
0.18239,-1.7111769
0.182392,-6.160736E-4
0.182394,1.7099442
0.182396,3.1893477
0.182398,4.298901
0.1824,4.8536773
0.182402,4.8536773
0.182404,4.2064385
0.182406,3.0968862
0.182408,1.5712504
0.18241,-0.09307861
0.182412,-1.7574081
0.182414,-3.2830436
0.182416,-4.346365
0.182418,-4.85491
0.18242,-4.8086786
0.182422,-4.1614394
0.182424,-3.0056553
0.182426,-1.48002
0.182428,0.27677202
0.18243,1.9411016
0.182432,3.3742738
0.182434,4.437596
0.182436,4.8999095
0.182438,4.7612157
0.18244,4.113976
0.182442,2.9119601
0.182444,1.3400936
0.182446,-0.3704667
0.182448,-1.9885652
0.18245,-3.467969
0.182452,-4.4388275
0.182454,-4.9011416
0.182456,-4.716216
0.182458,-4.022745
0.18246,-2.8207297
0.182462,-1.2488632
0.182464,0.50792885
0.182466,2.172258
0.182468,3.5591989
0.18247,4.5300584
0.182472,4.8999095
0.182474,4.7149835
0.182476,3.92905
0.182478,2.6808028
0.18247999,1.1089368
0.182482,-0.601624
0.182484,-2.2197218
0.182486,-3.6528945
0.182488,-4.5312905
0.18249,-4.9011416
0.182492,-4.669985
0.182494,-3.8840513
0.182496,-2.589573
0.182498,-1.0177064
0.1825,0.7390857
0.182502,2.4034152
0.182504,3.744125
0.182506,4.622521
0.182508,4.8999095
0.18251,4.622521
0.182512,3.7903562
0.182514,2.4958777
0.182516,0.87777996
0.182518,-0.83278084
0.18252,-2.4508786
0.182522,-3.7915885
0.182524,-4.623753
0.18252599,-4.9011416
0.182528,-4.577522
0.18253,-3.745357
0.182532,-2.4046474
0.182534,-0.7403178
0.182536,1.0164738
0.182538,2.5883412
0.18254,3.8828197
0.182542,4.668752
0.182544,4.8999095
0.182546,4.5300584
0.182548,3.6516623
0.18255,2.2647214
0.182552,0.64662313
0.182554,-1.1101689
0.182556,-2.6820357
0.182558,-3.9302826
0.18256,-4.716216
0.182562,-4.9011416
0.182564,-4.4850593
0.182566,-3.5604317
0.182568,-2.1734905
0.18257,-0.5091615
0.18257199,1.2476311
0.182574,2.8194976
0.182576,4.0677447
0.182578,4.7612157
0.18258,4.8999095
0.182582,4.437596
0.182584,3.4667363
0.182586,2.033564
0.182588,0.36923456
0.18259,-1.3413262
0.182592,-2.866961
0.182594,-4.115208
0.182596,-4.7624474
0.182598,-4.9011416
0.1826,-4.3925962
0.182602,-3.3755062
0.182604,-1.9423337
0.182606,-0.2317729
0.182608,1.4787879
0.18261,3.0044227
0.182612,4.2064385
0.182614,4.807446
0.182616,4.8536773
0.18261799,4.3451324
0.18262,3.2818112
0.182622,1.8024073
0.182624,0.13807821
0.182626,-1.5262513
0.182628,-3.0518866
0.18263,-4.2539024
0.182632,-4.8086786
0.182634,-4.85491
0.182636,-4.3001337
0.182638,-3.1905808
0.18264,-1.7111769
0.182642,-6.160736E-4
0.182644,1.7099442
0.182646,3.1893477
0.182648,4.298901
0.18265,4.8536773
0.182652,4.807446
0.182654,4.252671
0.182656,3.0968862
0.182658,1.5712504
0.18266,-0.09307861
0.182662,-1.7574081
0.182664,-3.2830436
0.182666,-4.346365
0.182668,-4.85491
0.18267,-4.8086786
0.182672,-4.1614394
0.182674,-3.0056553
0.182676,-1.48002
0.182678,0.27677202
0.18268,1.9411016
0.182682,3.3742738
0.182684,4.437596
0.182686,4.8999095
0.182688,4.7612157
0.18269,4.113976
0.182692,2.9119601
0.182694,1.3400936
0.182696,-0.3704667
0.182698,-1.9885652
0.1827,-3.467969
0.182702,-4.4388275
0.182704,-4.9011416
0.182706,-4.716216
0.182708,-4.022745
0.18271,-2.8207297
0.182712,-1.2488632
0.182714,0.50792885
0.182716,2.172258
0.182718,3.5591989
0.18272,4.483826
0.182722,4.8999095
0.182724,4.7149835
0.182726,3.92905
0.18272799,2.6808028
0.18273,1.1089368
0.182732,-0.601624
0.182734,-2.2197218
0.182736,-3.6528945
0.182738,-4.5312905
0.18274,-4.9011416
0.182742,-4.669985
0.182744,-3.8840513
0.182746,-2.589573
0.182748,-0.9714751
0.18275,0.184309
0.182752,0.5541601
0.182754,0.970243
0.182756,1.3400936
0.182758,1.6637135
0.18276,2.033564
0.182762,2.357184
0.182764,2.6808028
0.182766,3.0044227
0.182768,3.2818112
0.18277,3.5591989
0.182772,3.8365874
0.18277399,4.0677447
0.182776,4.298901
0.182778,4.437596
0.18278,4.622521
0.182782,4.7612157
0.182784,4.8536773
0.182786,4.946141
0.182788,4.992371
0.18279,5.0386033
0.182792,5.0386033
0.182794,4.992371
0.182796,4.946141
0.182798,4.8536773
0.1828,4.7612157
0.182802,4.622521
0.182804,4.437596
0.182806,4.252671
0.182808,4.0677447
0.18281,3.7903562
0.182812,3.5591989
0.182814,3.2818112
0.182816,2.9581914
0.182818,2.6345725
0.18281999,2.3109517
0.182822,1.9411016
0.182824,1.6174817
0.182826,1.2476311
0.182828,0.87777996
0.18283,0.50792885
0.182832,0.13807821
0.182834,-0.27800417
0.182836,-0.6478553
0.182838,-1.0177064
0.18284,-1.387557
0.182842,-1.7111769
0.182844,-2.081028
0.182846,-2.4046474
0.182848,-2.728267
0.18285,-3.0518866
0.182852,-3.3755062
0.182854,-3.6528945
0.182856,-3.8840513
0.182858,-4.115208
0.18286,-4.346365
0.182862,-4.4850593
0.182864,-4.623753
0.18286599,-4.7624474
0.182868,-4.9011416
0.18287,-4.947373
0.182872,-4.993604
0.182874,-5.0398355
0.182876,-4.993604
0.182878,-4.993604
0.18288,-4.9011416
0.182882,-4.8086786
0.182884,-4.669985
0.182886,-4.5312905
0.182888,-4.3925962
0.18289,-4.2076707
0.182892,-3.976514
0.182894,-3.6991258
0.182896,-3.467969
0.182898,-3.1443493
0.1829,-2.866961
0.182902,-2.5433414
0.182904,-2.1734905
0.182906,-1.8498712
0.182908,-1.48002
0.18291,-1.1101689
0.182912,-0.7403178
0.182914,-0.3704667
0.182916,-6.160736E-4
0.182918,0.4154663
0.18292,0.7853174
0.182922,1.1551685
0.182924,1.5250192
0.182926,1.8486385
0.182928,2.2184901
0.18293,2.542109
0.182932,2.8657289
0.182934,3.1893477
0.182936,3.4667363
0.182938,3.744125
0.18294,3.9752812
0.182942,4.2064385
0.182944,4.3913646
0.182946,4.5300584
0.182948,4.7149835
0.18295,4.807446
0.182952,4.8999095
0.182954,4.992371
0.182956,5.0386033
0.182958,5.0386033
0.18296,4.992371
0.182962,4.946141
0.182964,4.8999095
0.182966,4.7612157
0.182968,4.622521
0.18297,4.483826
0.182972,4.3451324
0.182974,4.113976
0.182976,3.8828197
0.182978,3.605431
0.18298,3.3742738
0.182982,3.050654
0.182984,2.727035
0.182986,2.4034152
0.182988,2.0797954
0.18299,1.7099442
0.182992,1.3863249
0.182994,1.0164738
0.182996,0.64662313
0.182998,0.27677202
0.183,-0.13931036
0.183002,-0.5091615
0.183004,-0.8790121
0.183006,-1.2488632
0.183008,-1.6187139
0.18301,-1.9423337
0.183012,-2.3121846
0.183014,-2.6358042
0.183016,-2.9594238
0.183018,-3.2830436
0.18302,-3.5604317
0.18302199,-3.7915885
0.183024,-4.022745
0.183026,-4.2539024
0.183028,-4.4388275
0.18303,-4.577522
0.183032,-4.716216
0.183034,-4.85491
0.183036,-4.947373
0.183038,-4.993604
0.18304,-4.993604
0.183042,-5.0398355
0.183044,-4.993604
0.183046,-4.947373
0.183048,-4.85491
0.18305,-4.716216
0.183052,-4.577522
0.183054,-4.4388275
0.183056,-4.2539024
0.183058,-4.022745
0.18306,-3.7915885
0.183062,-3.5604317
0.183064,-3.236812
0.183066,-2.9594238
0.18306799,-2.6358042
0.18307,-2.3121846
0.183072,-1.9423337
0.183074,-1.5724826
0.183076,-1.2488632
0.183078,-0.8790121
0.18308,-0.5091615
0.183082,-0.09307861
0.183084,0.27677202
0.183086,0.64662313
0.183088,1.0164738
0.18309,1.3863249
0.183092,1.756176
0.183094,2.0797954
0.183096,2.4496465
0.183098,2.7732663
0.1831,3.0968862
0.183102,3.3742738
0.183104,3.6516623
0.183106,3.8828197
0.183108,4.113976
0.18311,4.3451324
0.183112,4.483826
0.18311399,4.668752
0.183116,4.807446
0.183118,4.8999095
0.18312,4.946141
0.183122,4.992371
0.183124,5.0386033
0.183126,5.0386033
0.183128,4.992371
0.18313,4.8999095
0.183132,4.807446
0.183134,4.668752
0.183136,4.5300584
0.183138,4.3913646
0.18314,4.2064385
0.183142,3.9752812
0.183144,3.6978936
0.183146,3.4667363
0.183148,3.1431174
0.18315,2.8657289
0.183152,2.542109
0.183154,2.172258
0.183156,1.8486385
0.183158,1.4787879
0.18315999,1.1551685
0.183162,0.7390857
0.183164,0.36923456
0.183166,-6.160736E-4
0.183168,-0.3704667
0.18317,-0.78654957
0.183172,-1.1564007
0.183174,-1.48002
0.183176,-1.8498712
0.183178,-2.1734905
0.18318,-2.5433414
0.183182,-2.866961
0.183184,-3.1443493
0.183186,-3.467969
0.183188,-3.6991258
0.18319,-3.976514
0.183192,-4.2076707
0.183194,-4.3925962
0.183196,-4.5312905
0.183198,-4.669985
0.1832,-4.8086786
0.183202,-4.9011416
0.183204,-4.993604
0.183206,-4.993604
0.183208,-5.0398355
0.18321,-4.993604
0.183212,-4.947373
0.183214,-4.85491
0.183216,-4.7624474
0.183218,-4.623753
0.18322,-4.4850593
0.183222,-4.346365
0.183224,-4.115208
0.183226,-3.8840513
0.183228,-3.6066632
0.18323,-3.329275
0.183232,-3.0518866
0.183234,-2.728267
0.183236,-2.4046474
0.183238,-2.081028
0.18324,-1.7111769
0.183242,-1.387557
0.183244,-1.0177064
0.183246,-0.601624
0.183248,-0.2317729
0.18325,0.13807821
0.183252,0.50792885
0.183254,0.92401123
0.183256,1.2938623
0.183258,1.6174817
0.18326,1.9873328
0.183262,2.3109517
0.183264,2.6345725
0.183266,2.9581914
0.183268,3.2818112
0.18326999,3.5591989
0.183272,3.8365874
0.183274,4.0677447
0.183276,4.252671
0.183278,4.437596
0.18328,4.622521
0.183282,4.7612157
0.183284,4.8536773
0.183286,4.946141
0.183288,4.992371
0.18329,5.0386033
0.183292,5.0386033
0.183294,4.992371
0.183296,4.946141
0.183298,4.8536773
0.1833,4.7149835
0.183302,4.5762897
0.183304,4.437596
0.183306,4.252671
0.183308,4.0215135
0.18331,3.7903562
0.183312,3.5591989
0.183314,3.23558
0.18331599,2.9581914
0.183318,2.6345725
0.18332,2.3109517
0.183322,1.9411016
0.183324,1.6174817
0.183326,1.2476311
0.183328,0.87777996
0.18333,0.50792885
0.183332,0.13807821
0.183334,-0.27800417
0.183336,-0.6478553
0.183338,-1.0177064
0.18334,-1.387557
0.183342,-1.7111769
0.183344,-2.081028
0.183346,-2.4046474
0.183348,-2.728267
0.18335,-3.0518866
0.183352,-3.3755062
0.183354,-3.6528945
0.183356,-3.8840513
0.183358,-4.115208
0.18336,-4.346365
0.18336199,-4.4850593
0.183364,-4.623753
0.183366,-4.7624474
0.183368,-4.9011416
0.18337,-4.947373
0.183372,-4.993604
0.183374,-5.0398355
0.183376,-4.993604
0.183378,-4.993604
0.18338,-4.9011416
0.183382,-4.8086786
0.183384,-4.669985
0.183386,-4.5312905
0.183388,-4.3925962
0.18339,-4.2076707
0.183392,-3.976514
0.183394,-3.6991258
0.183396,-3.467969
0.183398,-3.1443493
0.1834,-2.866961
0.183402,-2.5433414
0.183404,-2.1734905
0.183406,-1.8498712
0.18340799,-1.48002
0.18341,-1.1101689
0.183412,-0.7403178
0.183414,-0.3704667
0.183416,-6.160736E-4
0.183418,0.4154663
0.18342,0.7853174
0.183422,1.1551685
0.183424,1.5250192
0.183426,1.8486385
0.183428,2.2184901
0.18343,2.542109
0.183432,2.8657289
0.183434,3.1893477
0.183436,3.4667363
0.183438,3.744125
0.18344,3.9752812
0.183442,4.2064385
0.183444,4.3913646
0.183446,4.5300584
0.183448,4.7149835
0.18345,4.807446
0.183452,4.8999095
0.183454,4.992371
0.183456,5.0386033
0.183458,5.0386033
0.18346,4.992371
0.183462,4.946141
0.183464,4.8999095
0.183466,4.7612157
0.183468,4.622521
0.18347,4.483826
0.183472,4.3451324
0.183474,4.113976
0.183476,3.8828197
0.183478,3.6516623
0.18348,3.3742738
0.183482,3.050654
0.183484,2.727035
0.183486,2.4034152
0.183488,2.0797954
0.18349,1.7099442
0.183492,1.3863249
0.183494,1.0164738
0.183496,0.64662313
0.183498,0.27677202
0.1835,-0.13931036
0.183502,-0.5091615
0.183504,-0.8790121
0.183506,-1.2488632
0.183508,-1.6187139
0.18351,-1.9423337
0.183512,-2.3121846
0.183514,-2.6358042
0.183516,-2.9594238
0.18351799,-3.2830436
0.18352,-3.5604317
0.183522,-3.7915885
0.183524,-4.068977
0.183526,-4.2539024
0.183528,-4.4388275
0.18353,-4.577522
0.183532,-4.716216
0.183534,-4.85491
0.183536,-4.947373
0.183538,-4.993604
0.18354,-5.0398355
0.183542,-5.0398355
0.183544,-4.993604
0.183546,-4.947373
0.183548,-4.85491
0.18355,-4.716216
0.183552,-4.577522
0.183554,-4.4388275
0.183556,-4.2539024
0.183558,-4.022745
0.18356,-3.7915885
0.183562,-3.5604317
0.18356399,-3.236812
0.183566,-2.9594238
0.183568,-2.6358042
0.18357,-2.3121846
0.183572,-1.9423337
0.183574,-1.5724826
0.183576,-1.2488632
0.183578,-0.8790121
0.18358,-0.5091615
0.183582,-0.09307861
0.183584,0.27677202
0.183586,0.64662313
0.183588,1.0164738
0.18359,1.3863249
0.183592,1.756176
0.183594,2.0797954
0.183596,2.4496465
0.183598,2.7732663
0.1836,3.0968862
0.183602,3.3742738
0.183604,3.6516623
0.183606,3.8828197
0.183608,4.113976
0.18360999,4.3451324
0.183612,4.483826
0.183614,4.668752
0.183616,4.7612157
0.183618,4.8999095
0.18362,4.946141
0.183622,4.992371
0.183624,5.0386033
0.183626,5.0386033
0.183628,4.992371
0.18363,4.8999095
0.183632,4.807446
0.183634,4.668752
0.183636,4.5300584
0.183638,4.3913646
0.18364,4.2064385
0.183642,3.9752812
0.183644,3.6978936
0.183646,3.4667363
0.183648,3.1431174
0.18365,2.8657289
0.183652,2.542109
0.183654,2.172258
0.18365599,1.8486385
0.183658,1.4787879
0.18366,1.1551685
0.183662,0.7390857
0.183664,0.36923456
0.183666,-6.160736E-4
0.183668,-0.3704667
0.18367,-0.78654957
0.183672,-1.1564007
0.183674,-1.48002
0.183676,-1.8498712
0.183678,-2.1734905
0.18368,-2.5433414
0.183682,-2.866961
0.183684,-3.1443493
0.183686,-3.467969
0.183688,-3.6991258
0.18369,-3.976514
0.183692,-4.2076707
0.183694,-4.3925962
0.183696,-4.5312905
0.183698,-4.716216
0.1837,-4.8086786
0.183702,-4.9011416
0.183704,-4.993604
0.183706,-4.993604
0.183708,-5.0398355
0.18371,-4.993604
0.183712,-4.947373
0.183714,-4.85491
0.183716,-4.7624474
0.183718,-4.623753
0.18372,-4.4850593
0.183722,-4.3001337
0.183724,-4.115208
0.183726,-3.8840513
0.183728,-3.6066632
0.18373,-3.329275
0.183732,-3.0518866
0.183734,-2.728267
0.183736,-2.4046474
0.183738,-2.081028
0.18374,-1.7111769
0.183742,-1.387557
0.183744,-1.0177064
0.183746,-0.601624
0.183748,-0.2317729
0.18375,0.7390857
0.183752,2.357184
0.183754,3.6978936
0.183756,4.5762897
0.183758,4.8999095
0.18376,4.5762897
0.183762,3.744125
0.183764,2.4496465
0.18376599,0.8315482
0.183768,-0.8790121
0.18377,-2.4508786
0.183772,-3.8378198
0.183774,-4.669985
0.183776,-4.947373
0.183778,-4.577522
0.18378,-3.745357
0.183782,-2.4046474
0.183784,-0.7403178
0.183786,1.0164738
0.183788,2.5883412
0.18379,3.8828197
0.183792,4.668752
0.183794,4.8999095
0.183796,4.5300584
0.183798,3.605431
0.1838,2.2647214
0.183802,0.60039186
0.183804,-1.1101689
0.183806,-2.6820357
0.183808,-3.976514
0.18381,-4.716216
0.18381199,-4.9011416
0.183814,-4.4850593
0.183816,-3.5604317
0.183818,-2.1734905
0.18382,-0.5091615
0.183822,1.2476311
0.183824,2.8194976
0.183826,4.0677447
0.183828,4.7612157
0.18383,4.8999095
0.183832,4.437596
0.183834,3.4667363
0.183836,2.033564
0.183838,0.36923456
0.18384,-1.3413262
0.183842,-2.866961
0.183844,-4.115208
0.183846,-4.7624474
0.183848,-4.9011416
0.18385,-4.3925962
0.183852,-3.3755062
0.183854,-1.9423337
0.183856,-0.2317729
0.18385799,1.4787879
0.18386,3.0044227
0.183862,4.2064385
0.183864,4.807446
0.183866,4.8536773
0.183868,4.3451324
0.18387,3.2818112
0.183872,1.8024073
0.183874,0.13807821
0.183876,-1.5262513
0.183878,-3.098118
0.18388,-4.2539024
0.183882,-4.8086786
0.183884,-4.85491
0.183886,-4.3001337
0.183888,-3.1905808
0.18389,-1.7111769
0.183892,-6.160736E-4
0.183894,1.7099442
0.183896,3.1893477
0.183898,4.298901
0.1839,4.8536773
0.183902,4.807446
0.18390399,4.252671
0.183906,3.0968862
0.183908,1.5712504
0.18391,-0.13931036
0.183912,-1.7574081
0.183914,-3.2830436
0.183916,-4.346365
0.183918,-4.85491
0.18392,-4.8086786
0.183922,-4.1614394
0.183924,-3.0056553
0.183926,-1.48002
0.183928,0.27677202
0.18393,1.9411016
0.183932,3.420505
0.183934,4.437596
0.183936,4.8999095
0.183938,4.7612157
0.18394,4.113976
0.183942,2.8657289
0.183944,1.3400936
0.183946,-0.3704667
0.183948,-1.9885652
0.18395,-3.467969
0.183952,-4.4388275
0.183954,-4.9011416
0.183956,-4.716216
0.183958,-4.022745
0.18396,-2.8207297
0.183962,-1.2488632
0.183964,0.50792885
0.183966,2.172258
0.183968,3.5591989
0.18397,4.5300584
0.183972,4.8999095
0.183974,4.7149835
0.183976,3.92905
0.183978,2.6808028
0.18398,1.1089368
0.183982,-0.601624
0.183984,-2.2197218
0.183986,-3.6528945
0.183988,-4.5312905
0.18399,-4.9011416
0.183992,-4.669985
0.183994,-3.8840513
0.183996,-2.589573
0.183998,-0.9714751
0.184,0.7390857
0.184002,2.4034152
0.184004,3.744125
0.184006,4.622521
0.184008,4.8999095
0.18401,4.622521
0.184012,3.7903562
0.18401399,2.4496465
0.184016,0.87777996
0.184018,-0.83278084
0.18402,-2.4508786
0.184022,-3.7915885
0.184024,-4.623753
0.184026,-4.9011416
0.184028,-4.577522
0.18403,-3.6991258
0.184032,-2.4046474
0.184034,-0.7403178
0.184036,1.0164738
0.184038,2.5883412
0.18404,3.8828197
0.184042,4.668752
0.184044,4.8999095
0.184046,4.5300584
0.184048,3.605431
0.18405,2.2647214
0.184052,0.64662313
0.184054,-1.1101689
0.184056,-2.6820357
0.184058,-3.976514
0.18405999,-4.716216
0.184062,-4.9011416
0.184064,-4.4850593
0.184066,-3.5604317
0.184068,-2.1734905
0.18407,-0.5091615
0.184072,1.2476311
0.184074,2.8194976
0.184076,4.0677447
0.184078,4.7612157
0.18408,4.8999095
0.184082,4.437596
0.184084,3.4667363
0.184086,2.033564
0.184088,0.36923456
0.18409,-1.3413262
0.184092,-2.866961
0.184094,-4.115208
0.184096,-4.7624474
0.184098,-4.9011416
0.1841,-4.3925962
0.184102,-3.3755062
0.184104,-1.9423337
0.18410599,-0.2317729
0.184108,1.4787879
0.18411,3.0044227
0.184112,4.2064385
0.184114,4.807446
0.184116,4.8536773
0.184118,4.3451324
0.18412,3.2818112
0.184122,1.8024073
0.184124,0.13807821
0.184126,-1.5262513
0.184128,-3.098118
0.18413,-4.2539024
0.184132,-4.8086786
0.184134,-4.85491
0.184136,-4.3001337
0.184138,-3.1905808
0.18414,-1.7111769
0.184142,-6.160736E-4
0.184144,1.7099442
0.184146,3.1893477
0.184148,4.298901
0.18415,4.8536773
0.18415199,4.807446
0.184154,4.2064385
0.184156,3.0968862
0.184158,1.5712504
0.18416,-0.13931036
0.184162,-1.7574081
0.184164,-3.2830436
0.184166,-4.346365
0.184168,-4.85491
0.18417,-4.8086786
0.184172,-4.1614394
0.184174,-3.0056553
0.184176,-1.48002
0.184178,0.27677202
0.18418,1.9411016
0.184182,3.420505
0.184184,4.437596
0.184186,4.8999095
0.184188,4.7612157
0.18419,4.113976
0.184192,2.8657289
0.184194,1.3400936
0.184196,-0.3704667
0.18419799,-1.9885652
0.1842,-3.467969
0.184202,-4.4388275
0.184204,-4.9011416
0.184206,-4.716216
0.184208,-4.022745
0.18421,-2.8207297
0.184212,-1.2488632
0.184214,0.50792885
0.184216,2.172258
0.184218,3.5591989
0.18422,4.5300584
0.184222,4.8999095
0.184224,4.7149835
0.184226,3.92905
0.184228,2.6808028
0.18423,1.1089368
0.184232,-0.601624
0.184234,-2.2197218
0.184236,-3.6528945
0.184238,-4.5312905
0.18424,-4.9011416
0.184242,-4.669985
0.184244,-3.8840513
0.184246,-2.589573
0.184248,-0.9714751
0.18425,0.7853174
0.184252,2.4034152
0.184254,3.744125
0.184256,4.622521
0.184258,4.8999095
0.18426,4.622521
0.184262,3.7903562
0.184264,2.4496465
0.184266,0.87777996
0.184268,-0.8790121
0.18427,-2.4508786
0.184272,-3.7915885
0.184274,-4.623753
0.184276,-4.9011416
0.184278,-4.577522
0.18428,-3.6991258
0.184282,-2.4046474
0.184284,-0.7403178
0.184286,1.0164738
0.184288,2.5883412
0.18429,3.8828197
0.184292,4.668752
0.184294,4.8999095
0.184296,4.5300584
0.184298,3.605431
0.1843,2.2647214
0.184302,0.64662313
0.184304,-1.1101689
0.184306,-2.6820357
0.18430799,-3.976514
0.18431,-4.716216
0.184312,-4.9011416
0.184314,-4.4850593
0.184316,-3.5604317
0.184318,-2.1734905
0.18432,-0.5091615
0.184322,1.2476311
0.184324,2.8194976
0.184326,4.0677447
0.184328,4.7612157
0.18433,4.8999095
0.184332,4.437596
0.184334,3.4667363
0.184336,2.033564
0.184338,0.36923456
0.18434,-1.3413262
0.184342,-2.866961
0.184344,-4.115208
0.184346,-4.7624474
0.184348,-4.9011416
0.18435,-4.3925962
0.184352,-3.3755062
0.18435399,-1.9423337
0.184356,-0.2317729
0.184358,1.4787879
0.18436,3.0044227
0.184362,4.2064385
0.184364,4.807446
0.184366,4.8536773
0.184368,4.3451324
0.18437,3.2818112
0.184372,1.8024073
0.184374,0.13807821
0.184376,-1.5262513
0.184378,-3.098118
0.18438,-4.2539024
0.184382,-4.8086786
0.184384,-4.85491
0.184386,-4.3001337
0.184388,-3.1905808
0.18439,-1.7111769
0.184392,-6.160736E-4
0.184394,1.7099442
0.184396,3.1893477
0.184398,4.298901
0.18439999,4.8536773
0.184402,4.807446
0.184404,4.2064385
0.184406,3.0968862
0.184408,1.5712504
0.18441,-0.13931036
0.184412,-1.8036394
0.184414,-3.2830436
0.184416,-4.346365
0.184418,-4.85491
0.18442,-4.8086786
0.184422,-4.1614394
0.184424,-3.0056553
0.184426,-1.48002
0.184428,0.27677202
0.18443,1.9411016
0.184432,3.420505
0.184434,4.437596
0.184436,4.8999095
0.184438,4.7612157
0.18444,4.113976
0.184442,2.8657289
0.184444,1.3400936
0.18444599,-0.3704667
0.184448,-1.9885652
0.18445,-3.467969
0.184452,-4.4388275
0.184454,-4.9011416
0.184456,-4.716216
0.184458,-4.022745
0.18446,-2.8207297
0.184462,-1.2488632
0.184464,0.50792885
0.184466,2.172258
0.184468,3.5591989
0.18447,4.5300584
0.184472,4.8999095
0.184474,4.7149835
0.184476,3.92905
0.184478,2.6808028
0.18448,1.1089368
0.184482,-0.601624
0.184484,-2.2197218
0.184486,-3.6528945
0.184488,-4.5312905
0.18449,-4.9011416
0.184492,-4.669985
0.184494,-3.8840513
0.184496,-2.589573
0.184498,-0.9714751
0.1845,0.7853174
0.184502,2.4034152
0.184504,3.744125
0.184506,4.622521
0.184508,4.8999095
0.18451,4.622521
0.184512,3.7903562
0.184514,2.4496465
0.184516,0.87777996
0.184518,-0.8790121
0.18452,-2.4508786
0.184522,-3.7915885
0.184524,-4.623753
0.184526,-4.9011416
0.184528,-4.577522
0.18453,-3.6991258
0.184532,-2.3584158
0.184534,-0.7403178
0.184536,1.0164738
0.184538,2.5883412
0.18454,3.8828197
0.184542,4.668752
0.184544,4.8999095
0.184546,4.5300584
0.184548,3.6516623
0.18455,2.2647214
0.184552,0.64662313
0.184554,-1.1101689
0.18455599,-2.6820357
0.184558,-3.976514
0.18456,-4.716216
0.184562,-4.9011416
0.184564,-4.4850593
0.184566,-3.5604317
0.184568,-2.1734905
0.18457,-0.5091615
0.184572,1.2476311
0.184574,2.8194976
0.184576,4.0677447
0.184578,4.7612157
0.18458,4.8999095
0.184582,4.437596
0.184584,3.4667363
0.184586,2.033564
0.184588,0.36923456
0.18459,-1.3413262
0.184592,-2.866961
0.184594,-4.115208
0.184596,-4.7624474
0.184598,-4.9011416
0.1846,-4.3925962
0.18460199,-3.3755062
0.184604,-1.9423337
0.184606,-0.2317729
0.184608,1.4787879
0.18461,3.0044227
0.184612,4.2064385
0.184614,4.807446
0.184616,4.8536773
0.184618,4.3451324
0.18462,3.2818112
0.184622,1.8024073
0.184624,0.13807821
0.184626,-1.5724826
0.184628,-3.098118
0.18463,-4.2539024
0.184632,-4.8086786
0.184634,-4.85491
0.184636,-4.3001337
0.184638,-3.1905808
0.18464,-1.7111769
0.184642,-6.160736E-4
0.184644,1.7099442
0.184646,3.23558
0.18464799,4.298901
0.18465,4.8536773
0.184652,4.807446
0.184654,4.2064385
0.184656,3.0968862
0.184658,1.5712504
0.18466,-0.13931036
0.184662,-1.8036394
0.184664,-3.2830436
0.184666,-4.346365
0.184668,-4.85491
0.18467,-4.8086786
0.184672,-4.1614394
0.184674,-3.0056553
0.184676,-1.48002
0.184678,0.27677202
0.18468,1.9411016
0.184682,3.420505
0.184684,4.437596
0.184686,4.8999095
0.184688,4.7612157
0.18469,4.113976
0.184692,2.8657289
0.18469399,1.3400936
0.184696,-0.3704667
0.184698,-1.9885652
0.1847,-3.467969
0.184702,-4.4388275
0.184704,-4.9011416
0.184706,-4.716216
0.184708,-4.022745
0.18471,-2.8207297
0.184712,-1.2488632
0.184714,0.50792885
0.184716,2.172258
0.184718,3.5591989
0.18472,4.5300584
0.184722,4.8999095
0.184724,4.7149835
0.184726,3.92905
0.184728,2.6808028
0.18473,1.1089368
0.184732,-0.601624
0.184734,-2.2197218
0.184736,-3.6528945
0.184738,-4.5312905
0.18474,-4.9011416
0.184742,-4.669985
0.184744,-3.8840513
0.184746,-2.589573
0.184748,-0.9714751
0.18475,0.184309
0.184752,0.5541601
0.184754,0.970243
0.184756,1.3400936
0.184758,1.6637135
0.18476,2.033564
0.184762,2.357184
0.184764,2.6808028
0.184766,3.0044227
0.184768,3.2818112
0.18477,3.5591989
0.184772,3.8365874
0.184774,4.0677447
0.184776,4.298901
0.184778,4.437596
0.18478,4.622521
0.184782,4.7612157
0.184784,4.8536773
0.184786,4.946141
0.184788,4.992371
0.18479,5.0386033
0.184792,5.0386033
0.184794,4.992371
0.184796,4.946141
0.184798,4.8536773
0.1848,4.7612157
0.184802,4.5762897
0.18480399,4.437596
0.184806,4.252671
0.184808,4.0677447
0.18481,3.7903562
0.184812,3.5591989
0.184814,3.2818112
0.184816,2.9581914
0.184818,2.6345725
0.18482,2.3109517
0.184822,1.9411016
0.184824,1.6174817
0.184826,1.2476311
0.184828,0.87777996
0.18483,0.50792885
0.184832,0.13807821
0.184834,-0.27800417
0.184836,-0.6478553
0.184838,-1.0177064
0.18484,-1.387557
0.184842,-1.7111769
0.184844,-2.081028
0.184846,-2.4046474
0.184848,-2.728267
0.18484999,-3.0518866
0.184852,-3.3755062
0.184854,-3.6528945
0.184856,-3.8840513
0.184858,-4.115208
0.18486,-4.346365
0.184862,-4.4850593
0.184864,-4.623753
0.184866,-4.7624474
0.184868,-4.9011416
0.18487,-4.947373
0.184872,-4.993604
0.184874,-5.0398355
0.184876,-4.993604
0.184878,-4.993604
0.18488,-4.9011416
0.184882,-4.8086786
0.184884,-4.669985
0.184886,-4.5312905
0.184888,-4.3925962
0.18489,-4.2076707
0.184892,-3.976514
0.184894,-3.6991258
0.18489599,-3.4217377
0.184898,-3.1443493
0.1849,-2.866961
0.184902,-2.5433414
0.184904,-2.1734905
0.184906,-1.8498712
0.184908,-1.48002
0.18491,-1.1101689
0.184912,-0.7403178
0.184914,-0.3704667
0.184916,-6.160736E-4
0.184918,0.4154663
0.18492,0.7853174
0.184922,1.1551685
0.184924,1.4787879
0.184926,1.8486385
0.184928,2.2184901
0.18493,2.542109
0.184932,2.8657289
0.184934,3.1893477
0.184936,3.4667363
0.184938,3.744125
0.18494,3.9752812
0.18494199,4.2064385
0.184944,4.3913646
0.184946,4.5300584
0.184948,4.7149835
0.18495,4.807446
0.184952,4.8999095
0.184954,4.992371
0.184956,5.0386033
0.184958,5.0386033
0.18496,4.992371
0.184962,4.946141
0.184964,4.8999095
0.184966,4.7612157
0.184968,4.622521
0.18497,4.483826
0.184972,4.3451324
0.184974,4.113976
0.184976,3.8828197
0.184978,3.6516623
0.18498,3.3742738
0.184982,3.050654
0.184984,2.727035
0.184986,2.4034152
0.184988,2.0797954
0.18499,1.7099442
0.184992,1.3863249
0.184994,1.0164738
0.184996,0.64662313
0.184998,0.23054075
0.185,-0.13931036
0.185002,-0.5091615
0.185004,-0.8790121
0.185006,-1.2488632
0.185008,-1.6187139
0.18501,-1.9423337
0.185012,-2.3121846
0.185014,-2.6358042
0.185016,-2.9594238
0.185018,-3.2830436
0.18502,-3.5604317
0.185022,-3.7915885
0.185024,-4.068977
0.185026,-4.2539024
0.185028,-4.4388275
0.18503,-4.577522
0.185032,-4.716216
0.185034,-4.85491
0.185036,-4.947373
0.185038,-4.993604
0.18504,-5.0398355
0.185042,-4.993604
0.185044,-4.993604
0.185046,-4.947373
0.185048,-4.85491
0.18505,-4.716216
0.18505199,-4.577522
0.185054,-4.4388275
0.185056,-4.2539024
0.185058,-4.022745
0.18506,-3.7915885
0.185062,-3.5142004
0.185064,-3.236812
0.185066,-2.9594238
0.185068,-2.6358042
0.18507,-2.3121846
0.185072,-1.9423337
0.185074,-1.5724826
0.185076,-1.2488632
0.185078,-0.8790121
0.18508,-0.5091615
0.185082,-0.09307861
0.185084,0.27677202
0.185086,0.64662313
0.185088,1.0164738
0.18509,1.3863249
0.185092,1.756176
0.185094,2.0797954
0.185096,2.4496465
0.18509799,2.7732663
0.1851,3.0968862
0.185102,3.3742738
0.185104,3.6516623
0.185106,3.8828197
0.185108,4.113976
0.18511,4.3451324
0.185112,4.483826
0.185114,4.668752
0.185116,4.7612157
0.185118,4.8999095
0.18512,4.946141
0.185122,4.992371
0.185124,5.0386033
0.185126,5.0386033
0.185128,4.992371
0.18513,4.8999095
0.185132,4.807446
0.185134,4.7149835
0.185136,4.5300584
0.185138,4.3913646
0.18514,4.2064385
0.185142,3.9752812
0.18514399,3.6978936
0.185146,3.4667363
0.185148,3.1431174
0.18515,2.8657289
0.185152,2.542109
0.185154,2.172258
0.185156,1.8486385
0.185158,1.4787879
0.18516,1.1551685
0.185162,0.7390857
0.185164,0.36923456
0.185166,-6.160736E-4
0.185168,-0.3704667
0.18517,-0.78654957
0.185172,-1.1564007
0.185174,-1.48002
0.185176,-1.8498712
0.185178,-2.1734905
0.18518,-2.5433414
0.185182,-2.866961
0.185184,-3.1443493
0.185186,-3.467969
0.185188,-3.745357
0.18518999,-3.976514
0.185192,-4.2076707
0.185194,-4.3925962
0.185196,-4.5312905
0.185198,-4.669985
0.1852,-4.8086786
0.185202,-4.9011416
0.185204,-4.993604
0.185206,-4.993604
0.185208,-5.0398355
0.18521,-4.993604
0.185212,-4.947373
0.185214,-4.85491
0.185216,-4.7624474
0.185218,-4.623753
0.18522,-4.4850593
0.185222,-4.3001337
0.185224,-4.115208
0.185226,-3.8840513
0.185228,-3.6066632
0.18523,-3.329275
0.185232,-3.0518866
0.185234,-2.728267
0.185236,-2.4046474
0.185238,-2.081028
0.18524,-1.7111769
0.185242,-1.387557
0.185244,-1.0177064
0.185246,-0.601624
0.185248,-0.2317729
0.18525,0.13807821
0.185252,0.50792885
0.185254,0.92401123
0.185256,1.2938623
0.185258,1.6174817
0.18526,1.9873328
0.185262,2.3109517
0.185264,2.6808028
0.185266,2.9581914
0.185268,3.2818112
0.18527,3.5591989
0.185272,3.8365874
0.185274,4.0677447
0.185276,4.252671
0.185278,4.437596
0.18528,4.622521
0.185282,4.7612157
0.185284,4.8536773
0.185286,4.946141
0.185288,4.992371
0.18529,5.0386033
0.185292,5.0386033
0.185294,4.992371
0.185296,4.946141
0.185298,4.8536773
0.1853,4.7149835
0.185302,4.5762897
0.185304,4.437596
0.185306,4.252671
0.185308,4.0215135
0.18531,3.7903562
0.185312,3.5591989
0.185314,3.23558
0.185316,2.9581914
0.185318,2.6345725
0.18532,2.3109517
0.185322,1.9411016
0.185324,1.6174817
0.185326,1.2476311
0.185328,0.87777996
0.18533,0.50792885
0.185332,0.13807821
0.185334,-0.27800417
0.185336,-0.6478553
0.185338,-1.0177064
0.18534,-1.387557
0.185342,-1.7111769
0.185344,-2.081028
0.18534599,-2.4046474
0.185348,-2.728267
0.18535,-3.0518866
0.185352,-3.3755062
0.185354,-3.6528945
0.185356,-3.8840513
0.185358,-4.115208
0.18536,-4.346365
0.185362,-4.4850593
0.185364,-4.623753
0.185366,-4.7624474
0.185368,-4.9011416
0.18537,-4.947373
0.185372,-4.993604
0.185374,-5.0398355
0.185376,-4.993604
0.185378,-4.993604
0.18538,-4.9011416
0.185382,-4.8086786
0.185384,-4.669985
0.185386,-4.5312905
0.185388,-4.3925962
0.18539,-4.2076707
0.18539199,-3.976514
0.185394,-3.6991258
0.185396,-3.467969
0.185398,-3.1443493
0.1854,-2.866961
0.185402,-2.5433414
0.185404,-2.1734905
0.185406,-1.8498712
0.185408,-1.48002
0.18541,-1.1101689
0.185412,-0.7403178
0.185414,-0.3704667
0.185416,-6.160736E-4
0.185418,0.4154663
0.18542,0.7853174
0.185422,1.1551685
0.185424,1.5250192
0.185426,1.8486385
0.185428,2.2184901
0.18543,2.542109
0.185432,2.8657289
0.185434,3.1893477
0.185436,3.4667363
0.18543799,3.744125
0.18544,3.9752812
0.185442,4.2064385
0.185444,4.3913646
0.185446,4.5300584
0.185448,4.7149835
0.18545,4.807446
0.185452,4.8999095
0.185454,4.992371
0.185456,5.0386033
0.185458,5.0386033
0.18546,4.992371
0.185462,4.946141
0.185464,4.8999095
0.185466,4.7612157
0.185468,4.622521
0.18547,4.483826
0.185472,4.3451324
0.185474,4.113976
0.185476,3.8828197
0.185478,3.605431
0.18548,3.3742738
0.185482,3.050654
0.18548399,2.727035
0.185486,2.4034152
0.185488,2.0797954
0.18549,1.7099442
0.185492,1.3863249
0.185494,1.0164738
0.185496,0.64662313
0.185498,0.23054075
0.1855,-0.13931036
0.185502,-0.5091615
0.185504,-0.8790121
0.185506,-1.2488632
0.185508,-1.6187139
0.18551,-1.9423337
0.185512,-2.3121846
0.185514,-2.6358042
0.185516,-2.9594238
0.185518,-3.2830436
0.18552,-3.5604317
0.185522,-3.7915885
0.185524,-4.068977
0.185526,-4.2539024
0.185528,-4.4388275
0.18553,-4.577522
0.185532,-4.716216
0.185534,-4.85491
0.185536,-4.947373
0.185538,-4.993604
0.18554,-5.0398355
0.185542,-4.993604
0.185544,-4.993604
0.185546,-4.947373
0.185548,-4.85491
0.18555,-4.716216
0.185552,-4.577522
0.185554,-4.4388275
0.185556,-4.2539024
0.185558,-4.022745
0.18556,-3.7915885
0.185562,-3.5142004
0.185564,-3.236812
0.185566,-2.9594238
0.185568,-2.6358042
0.18557,-2.3121846
0.185572,-1.9423337
0.185574,-1.5724826
0.185576,-1.2488632
0.185578,-0.8790121
0.18558,-0.5091615
0.185582,-0.09307861
0.185584,0.27677202
0.185586,0.64662313
0.185588,1.0164738
0.18559,1.3863249
0.185592,1.756176
0.18559399,2.0797954
0.185596,2.4496465
0.185598,2.7732663
0.1856,3.0968862
0.185602,3.3742738
0.185604,3.6516623
0.185606,3.8828197
0.185608,4.113976
0.18561,4.3451324
0.185612,4.483826
0.185614,4.668752
0.185616,4.807446
0.185618,4.8999095
0.18562,4.946141
0.185622,4.992371
0.185624,5.0386033
0.185626,5.0386033
0.185628,4.992371
0.18563,4.8999095
0.185632,4.807446
0.185634,4.7149835
0.185636,4.5300584
0.185638,4.3913646
0.18563999,4.2064385
0.185642,3.9752812
0.185644,3.6978936
0.185646,3.4667363
0.185648,3.1431174
0.18565,2.8657289
0.185652,2.542109
0.185654,2.172258
0.185656,1.8486385
0.185658,1.4787879
0.18566,1.1551685
0.185662,0.7390857
0.185664,0.36923456
0.185666,-6.160736E-4
0.185668,-0.3704667
0.18567,-0.78654957
0.185672,-1.1564007
0.185674,-1.48002
0.185676,-1.8498712
0.185678,-2.1734905
0.18568,-2.5433414
0.185682,-2.866961
0.185684,-3.1443493
0.18568599,-3.467969
0.185688,-3.745357
0.18569,-3.976514
0.185692,-4.2076707
0.185694,-4.3925962
0.185696,-4.5312905
0.185698,-4.669985
0.1857,-4.8086786
0.185702,-4.9011416
0.185704,-4.993604
0.185706,-4.993604
0.185708,-5.0398355
0.18571,-4.993604
0.185712,-4.947373
0.185714,-4.85491
0.185716,-4.7624474
0.185718,-4.623753
0.18572,-4.4850593
0.185722,-4.3001337
0.185724,-4.115208
0.185726,-3.8840513
0.185728,-3.6066632
0.18573,-3.329275
0.18573199,-3.0518866
0.185734,-2.728267
0.185736,-2.4046474
0.185738,-2.081028
0.18574,-1.7111769
0.185742,-1.387557
0.185744,-1.0177064
0.185746,-0.601624
0.185748,-0.2317729
0.18575,0.7390857
0.185752,2.357184
0.185754,3.6978936
0.185756,4.5762897
0.185758,4.8999095
0.18576,4.5762897
0.185762,3.744125
0.185764,2.4496465
0.185766,0.8315482
0.185768,-0.8790121
0.18577,-2.4971101
0.185772,-3.8378198
0.185774,-4.669985
0.185776,-4.947373
0.185778,-4.577522
0.18578,-3.745357
0.185782,-2.4046474
0.185784,-0.7403178
0.185786,1.0164738
0.185788,2.5883412
0.18579,3.8828197
0.185792,4.668752
0.185794,4.8999095
0.185796,4.5300584
0.185798,3.605431
0.1858,2.2184901
0.185802,0.60039186
0.185804,-1.1101689
0.185806,-2.6820357
0.185808,-3.976514
0.18581,-4.716216
0.185812,-4.9011416
0.185814,-4.4850593
0.185816,-3.5604317
0.185818,-2.1734905
0.18582,-0.5091615
0.185822,1.2476311
0.185824,2.8194976
0.185826,4.0677447
0.185828,4.7612157
0.18583,4.8999095
0.185832,4.437596
0.185834,3.4667363
0.185836,2.033564
0.185838,0.36923456
0.18584,-1.3413262
0.18584199,-2.866961
0.185844,-4.115208
0.185846,-4.7624474
0.185848,-4.9011416
0.18585,-4.3925962
0.185852,-3.3755062
0.185854,-1.9423337
0.185856,-0.2317729
0.185858,1.4787879
0.18586,3.0044227
0.185862,4.2064385
0.185864,4.807446
0.185866,4.8536773
0.185868,4.3451324
0.18587,3.2818112
0.185872,1.8024073
0.185874,0.13807821
0.185876,-1.5724826
0.185878,-3.098118
0.18588,-4.2539024
0.185882,-4.8086786
0.185884,-4.85491
0.185886,-4.3001337
0.18588799,-3.1905808
0.18589,-1.7111769
0.185892,0.045615196
0.185894,1.7099442
0.185896,3.23558
0.185898,4.3451324
0.1859,4.8536773
0.185902,4.807446
0.185904,4.2064385
0.185906,3.0968862
0.185908,1.5712504
0.18591,-0.13931036
0.185912,-1.8036394
0.185914,-3.2830436
0.185916,-4.346365
0.185918,-4.85491
0.18592,-4.8086786
0.185922,-4.1614394
0.185924,-3.0056553
0.185926,-1.48002
0.185928,0.27677202
0.18593,1.9411016
0.185932,3.420505
0.18593399,4.437596
0.185936,4.8999095
0.185938,4.7612157
0.18594,4.0677447
0.185942,2.8657289
0.185944,1.3400936
0.185946,-0.3704667
0.185948,-2.0347965
0.18595,-3.467969
0.185952,-4.4388275
0.185954,-4.9011416
0.185956,-4.716216
0.185958,-4.022745
0.18596,-2.8207297
0.185962,-1.2488632
0.185964,0.50792885
0.185966,2.172258
0.185968,3.605431
0.18597,4.5300584
0.185972,4.8999095
0.185974,4.7149835
0.185976,3.92905
0.185978,2.6808028
0.18597999,1.1089368
0.185982,-0.601624
0.185984,-2.2197218
0.185986,-3.6528945
0.185988,-4.5312905
0.18599,-4.9011416
0.185992,-4.669985
0.185994,-3.8840513
0.185996,-2.589573
0.185998,-0.9714751
0.186,0.7853174
0.186002,2.4034152
0.186004,3.744125
0.186006,4.622521
0.186008,4.8999095
0.18601,4.622521
0.186012,3.7903562
0.186014,2.4496465
0.186016,0.87777996
0.186018,-0.8790121
0.18602,-2.4508786
0.186022,-3.7915885
0.186024,-4.623753
0.186026,-4.9011416
0.186028,-4.577522
0.18603,-3.6991258
0.186032,-2.3584158
0.186034,-0.7403178
0.186036,1.0164738
0.186038,2.6345725
0.18604,3.92905
0.186042,4.668752
0.186044,4.8999095
0.186046,4.5300584
0.186048,3.605431
0.18605,2.2184901
0.186052,0.60039186
0.186054,-1.1101689
0.186056,-2.6820357
0.186058,-3.976514
0.18606,-4.716216
0.186062,-4.9011416
0.186064,-4.4850593
0.186066,-3.5604317
0.186068,-2.1734905
0.18607,-0.46292973
0.186072,1.2476311
0.186074,2.8194976
0.186076,4.0677447
0.186078,4.7612157
0.18608,4.8999095
0.186082,4.437596
0.186084,3.4667363
0.186086,2.033564
0.186088,0.36923456
0.18608999,-1.3413262
0.186092,-2.866961
0.186094,-4.115208
0.186096,-4.7624474
0.186098,-4.9011416
0.1861,-4.3925962
0.186102,-3.3755062
0.186104,-1.9423337
0.186106,-0.2317729
0.186108,1.4787879
0.18611,3.0044227
0.186112,4.2064385
0.186114,4.807446
0.186116,4.8536773
0.186118,4.3451324
0.18612,3.2818112
0.186122,1.8024073
0.186124,0.13807821
0.186126,-1.5724826
0.186128,-3.098118
0.18613,-4.2539024
0.186132,-4.8086786
0.186134,-4.85491
0.18613599,-4.3001337
0.186138,-3.1905808
0.18614,-1.6649456
0.186142,0.045615196
0.186144,1.7099442
0.186146,3.23558
0.186148,4.298901
0.18615,4.8536773
0.186152,4.807446
0.186154,4.2064385
0.186156,3.0968862
0.186158,1.5712504
0.18616,-0.13931036
0.186162,-1.8036394
0.186164,-3.2830436
0.186166,-4.346365
0.186168,-4.85491
0.18617,-4.8086786
0.186172,-4.1614394
0.186174,-3.0056553
0.186176,-1.48002
0.186178,0.27677202
0.18618,1.9411016
0.18618199,3.420505
0.186184,4.437596
0.186186,4.8999095
0.186188,4.7612157
0.18619,4.0677447
0.186192,2.8657289
0.186194,1.3400936
0.186196,-0.3704667
0.186198,-2.0347965
0.1862,-3.467969
0.186202,-4.4388275
0.186204,-4.9011416
0.186206,-4.716216
0.186208,-4.022745
0.18621,-2.8207297
0.186212,-1.2488632
0.186214,0.50792885
0.186216,2.172258
0.186218,3.5591989
0.18622,4.5300584
0.186222,4.8999095
0.186224,4.7149835
0.186226,3.92905
0.18622799,2.6808028
0.18623,1.1089368
0.186232,-0.601624
0.186234,-2.2197218
0.186236,-3.6528945
0.186238,-4.5312905
0.18624,-4.9011416
0.186242,-4.669985
0.186244,-3.8840513
0.186246,-2.589573
0.186248,-0.9714751
0.18625,0.7853174
0.186252,2.4034152
0.186254,3.744125
0.186256,4.622521
0.186258,4.946141
0.18626,4.622521
0.186262,3.7903562
0.186264,2.4496465
0.186266,0.87777996
0.186268,-0.8790121
0.18627,-2.4508786
0.186272,-3.7915885
0.186274,-4.623753
0.186276,-4.9011416
0.186278,-4.577522
0.18628,-3.6991258
0.186282,-2.3584158
0.186284,-0.7403178
0.186286,1.0164738
0.186288,2.6345725
0.18629,3.92905
0.186292,4.668752
0.186294,4.8999095
0.186296,4.5300584
0.186298,3.605431
0.1863,2.2647214
0.186302,0.60039186
0.186304,-1.1101689
0.186306,-2.6820357
0.186308,-3.976514
0.18631,-4.716216
0.186312,-4.9011416
0.186314,-4.4850593
0.186316,-3.5604317
0.186318,-2.1734905
0.18632,-0.46292973
0.186322,1.2476311
0.186324,2.8194976
0.186326,4.0677447
0.186328,4.7612157
0.18633,4.8999095
0.186332,4.437596
0.186334,3.4667363
0.186336,2.033564
0.18633799,0.36923456
0.18634,-1.3413262
0.186342,-2.866961
0.186344,-4.115208
0.186346,-4.7624474
0.186348,-4.9011416
0.18635,-4.3925962
0.186352,-3.3755062
0.186354,-1.9423337
0.186356,-0.2317729
0.186358,1.4787879
0.18636,3.0044227
0.186362,4.2064385
0.186364,4.807446
0.186366,4.8536773
0.186368,4.3451324
0.18637,3.2818112
0.186372,1.8024073
0.186374,0.13807821
0.186376,-1.5724826
0.186378,-3.098118
0.18638,-4.2539024
0.186382,-4.8086786
0.18638399,-4.85491
0.186386,-4.3001337
0.186388,-3.1905808
0.18639,-1.6649456
0.186392,0.045615196
0.186394,1.7099442
0.186396,3.23558
0.186398,4.3451324
0.1864,4.8536773
0.186402,4.807446
0.186404,4.2064385
0.186406,3.0968862
0.186408,1.5712504
0.18641,-0.13931036
0.186412,-1.8036394
0.186414,-3.2830436
0.186416,-4.3925962
0.186418,-4.85491
0.18642,-4.8086786
0.186422,-4.1614394
0.186424,-3.0056553
0.186426,-1.48002
0.186428,0.27677202
0.18642999,1.9411016
0.186432,3.420505
0.186434,4.437596
0.186436,4.8999095
0.186438,4.7612157
0.18644,4.0677447
0.186442,2.8657289
0.186444,1.3400936
0.186446,-0.3704667
0.186448,-2.0347965
0.18645,-3.467969
0.186452,-4.4388275
0.186454,-4.9011416
0.186456,-4.716216
0.186458,-4.022745
0.18646,-2.8207297
0.186462,-1.2488632
0.186464,0.50792885
0.186466,2.172258
0.186468,3.605431
0.18647,4.5300584
0.186472,4.8999095
0.186474,4.7149835
0.18647599,3.92905
0.186478,2.6808028
0.18648,1.1089368
0.186482,-0.6478553
0.186484,-2.2197218
0.186486,-3.6528945
0.186488,-4.5312905
0.18649,-4.9011416
0.186492,-4.669985
0.186494,-3.8840513
0.186496,-2.589573
0.186498,-0.9714751
0.1865,0.7853174
0.186502,2.4034152
0.186504,3.744125
0.186506,4.622521
0.186508,4.8999095
0.18651,4.622521
0.186512,3.7903562
0.186514,2.4496465
0.186516,0.87777996
0.186518,-0.8790121
0.18652,-2.4508786
0.18652199,-3.7915885
0.186524,-4.623753
0.186526,-4.9011416
0.186528,-4.577522
0.18653,-3.6991258
0.186532,-2.3584158
0.186534,-0.7403178
0.186536,1.0164738
0.186538,2.6345725
0.18654,3.92905
0.186542,4.668752
0.186544,4.8999095
0.186546,4.5300584
0.186548,3.605431
0.18655,2.2184901
0.186552,0.60039186
0.186554,-1.1101689
0.186556,-2.6820357
0.186558,-3.976514
0.18656,-4.716216
0.186562,-4.9011416
0.186564,-4.4850593
0.186566,-3.5604317
0.186568,-2.1734905
0.18657,-0.46292973
0.186572,1.2476311
0.186574,2.8194976
0.186576,4.0677447
0.186578,4.7612157
0.18658,4.8999095
0.186582,4.437596
0.186584,3.4667363
0.186586,2.033564
0.186588,0.36923456
0.18659,-1.3413262
0.186592,-2.866961
0.186594,-4.115208
0.186596,-4.7624474
0.186598,-4.9011416
0.1866,-4.3925962
0.186602,-3.3755062
0.186604,-1.9423337
0.186606,-0.2317729
0.186608,1.4787879
0.18661,3.0044227
0.186612,4.2064385
0.186614,4.807446
0.186616,4.8536773
0.186618,4.3451324
0.18662,3.2818112
0.186622,1.8024073
0.186624,0.13807821
0.186626,-1.5724826
0.186628,-3.098118
0.18663,-4.2539024
0.18663199,-4.8086786
0.186634,-4.85491
0.186636,-4.3001337
0.186638,-3.1905808
0.18664,-1.6649456
0.186642,0.045615196
0.186644,1.7099442
0.186646,3.23558
0.186648,4.3451324
0.18665,4.8536773
0.186652,4.807446
0.186654,4.2064385
0.186656,3.0968862
0.186658,1.5712504
0.18666,-0.13931036
0.186662,-1.8036394
0.186664,-3.2830436
0.186666,-4.3925962
0.186668,-4.85491
0.18667,-4.8086786
0.186672,-4.1614394
0.186674,-3.0056553
0.186676,-1.48002
0.18667799,0.27677202
0.18668,1.9411016
0.186682,3.420505
0.186684,4.437596
0.186686,4.8999095
0.186688,4.7612157
0.18669,4.0677447
0.186692,2.8657289
0.186694,1.3400936
0.186696,-0.3704667
0.186698,-2.0347965
0.1867,-3.467969
0.186702,-4.4388275
0.186704,-4.9011416
0.186706,-4.716216
0.186708,-4.022745
0.18671,-2.8207297
0.186712,-1.2488632
0.186714,0.50792885
0.186716,2.172258
0.186718,3.605431
0.18672,4.5300584
0.186722,4.8999095
0.18672399,4.7149835
0.186726,3.92905
0.186728,2.6808028
0.18673,1.1089368
0.186732,-0.6478553
0.186734,-2.2197218
0.186736,-3.6528945
0.186738,-4.5312905
0.18674,-4.9011416
0.186742,-4.669985
0.186744,-3.8840513
0.186746,-2.589573
0.186748,-0.9714751
0.18675,0.184309
0.186752,0.60039186
0.186754,0.970243
0.186756,1.3400936
0.186758,1.6637135
0.18676,2.033564
0.186762,2.357184
0.186764,2.6808028
0.186766,3.0044227
0.186768,3.2818112
0.18676999,3.5591989
0.186772,3.8365874
0.186774,4.0677447
0.186776,4.298901
0.186778,4.437596
0.18678,4.622521
0.186782,4.7612157
0.186784,4.8536773
0.186786,4.946141
0.186788,4.992371
0.18679,5.0386033
0.186792,5.0386033
0.186794,4.992371
0.186796,4.946141
0.186798,4.8536773
0.1868,4.7612157
0.186802,4.5762897
0.186804,4.437596
0.186806,4.252671
0.186808,4.0677447
0.18681,3.7903562
0.186812,3.5591989
0.186814,3.2818112
0.186816,2.9581914
0.186818,2.6345725
0.18682,2.3109517
0.186822,1.9411016
0.186824,1.6174817
0.186826,1.2476311
0.186828,0.87777996
0.18683,0.50792885
0.186832,0.13807821
0.186834,-0.27800417
0.186836,-0.6478553
0.186838,-1.0177064
0.18684,-1.387557
0.186842,-1.7111769
0.186844,-2.081028
0.186846,-2.4046474
0.186848,-2.728267
0.18685,-3.0518866
0.186852,-3.3755062
0.186854,-3.6528945
0.186856,-3.8840513
0.186858,-4.115208
0.18686,-4.346365
0.186862,-4.4850593
0.186864,-4.669985
0.186866,-4.7624474
0.186868,-4.9011416
0.18687,-4.947373
0.186872,-4.993604
0.186874,-5.0398355
0.186876,-4.993604
0.186878,-4.947373
0.18687999,-4.9011416
0.186882,-4.8086786
0.186884,-4.669985
0.186886,-4.5312905
0.186888,-4.3925962
0.18689,-4.2076707
0.186892,-3.976514
0.186894,-3.6991258
0.186896,-3.467969
0.186898,-3.1443493
0.1869,-2.866961
0.186902,-2.5433414
0.186904,-2.1734905
0.186906,-1.8498712
0.186908,-1.48002
0.18691,-1.1101689
0.186912,-0.7403178
0.186914,-0.3704667
0.186916,-6.160736E-4
0.186918,0.4154663
0.18692,0.7853174
0.186922,1.1551685
0.186924,1.5250192
0.18692599,1.8486385
0.186928,2.2184901
0.18693,2.542109
0.186932,2.8657289
0.186934,3.1893477
0.186936,3.4667363
0.186938,3.744125
0.18694,3.9752812
0.186942,4.2064385
0.186944,4.3913646
0.186946,4.5300584
0.186948,4.7149835
0.18695,4.807446
0.186952,4.8999095
0.186954,4.992371
0.186956,5.0386033
0.186958,5.0386033
0.18696,4.992371
0.186962,4.946141
0.186964,4.8999095
0.186966,4.7612157
0.186968,4.622521
0.18697,4.483826
0.18697199,4.3451324
0.186974,4.113976
0.186976,3.8828197
0.186978,3.605431
0.18698,3.3742738
0.186982,3.050654
0.186984,2.727035
0.186986,2.4034152
0.186988,2.0797954
0.18699,1.7099442
0.186992,1.3863249
0.186994,1.0164738
0.186996,0.64662313
0.186998,0.23054075
0.187,-0.13931036
0.187002,-0.5091615
0.187004,-0.8790121
0.187006,-1.2488632
0.187008,-1.6187139
0.18701,-1.9423337
0.187012,-2.3121846
0.187014,-2.6358042
0.187016,-2.9594238
0.18701799,-3.2830436
0.18702,-3.5604317
0.187022,-3.7915885
0.187024,-4.068977
0.187026,-4.2539024
0.187028,-4.4388275
0.18703,-4.577522
0.187032,-4.716216
0.187034,-4.85491
0.187036,-4.947373
0.187038,-4.993604
0.18704,-5.0398355
0.187042,-4.993604
0.187044,-4.993604
0.187046,-4.947373
0.187048,-4.85491
0.18705,-4.716216
0.187052,-4.577522
0.187054,-4.4388275
0.187056,-4.2539024
0.187058,-4.022745
0.18706,-3.7915885
0.187062,-3.5142004
0.187064,-3.236812
0.187066,-2.9594238
0.187068,-2.6358042
0.18707,-2.3121846
0.187072,-1.9423337
0.187074,-1.5724826
0.187076,-1.2488632
0.187078,-0.8790121
0.18708,-0.5091615
0.187082,-0.09307861
0.187084,0.27677202
0.187086,0.64662313
0.187088,1.0164738
0.18709,1.3863249
0.187092,1.756176
0.187094,2.0797954
0.187096,2.4496465
0.187098,2.7732663
0.1871,3.0968862
0.187102,3.3742738
0.187104,3.6516623
0.187106,3.8828197
0.187108,4.113976
0.18711,4.3451324
0.187112,4.483826
0.187114,4.668752
0.187116,4.807446
0.187118,4.8999095
0.18712,4.946141
0.187122,4.992371
0.187124,5.0386033
0.187126,5.0386033
0.18712799,4.992371
0.18713,4.8999095
0.187132,4.807446
0.187134,4.668752
0.187136,4.5300584
0.187138,4.3913646
0.18714,4.2064385
0.187142,3.9752812
0.187144,3.6978936
0.187146,3.4667363
0.187148,3.1431174
0.18715,2.8657289
0.187152,2.542109
0.187154,2.172258
0.187156,1.8486385
0.187158,1.4787879
0.18716,1.1551685
0.187162,0.7390857
0.187164,0.36923456
0.187166,-6.160736E-4
0.187168,-0.3704667
0.18717,-0.78654957
0.187172,-1.1564007
0.18717399,-1.48002
0.187176,-1.8498712
0.187178,-2.1734905
0.18718,-2.5433414
0.187182,-2.866961
0.187184,-3.1443493
0.187186,-3.467969
0.187188,-3.745357
0.18719,-3.976514
0.187192,-4.2076707
0.187194,-4.3925962
0.187196,-4.5312905
0.187198,-4.669985
0.1872,-4.8086786
0.187202,-4.9011416
0.187204,-4.993604
0.187206,-4.993604
0.187208,-5.0398355
0.18721,-4.993604
0.187212,-4.947373
0.187214,-4.85491
0.187216,-4.7624474
0.187218,-4.623753
0.18721999,-4.4850593
0.187222,-4.3001337
0.187224,-4.115208
0.187226,-3.8840513
0.187228,-3.6066632
0.18723,-3.329275
0.187232,-3.0518866
0.187234,-2.728267
0.187236,-2.4046474
0.187238,-2.081028
0.18724,-1.7111769
0.187242,-1.387557
0.187244,-0.9714751
0.187246,-0.601624
0.187248,-0.2317729
0.18725,0.13807821
0.187252,0.5541601
0.187254,0.92401123
0.187256,1.2938623
0.187258,1.6174817
0.18726,1.9873328
0.187262,2.3109517
0.187264,2.6808028
0.18726599,2.9581914
0.187268,3.2818112
0.18727,3.5591989
0.187272,3.8365874
0.187274,4.0677447
0.187276,4.252671
0.187278,4.437596
0.18728,4.622521
0.187282,4.7612157
0.187284,4.8536773
0.187286,4.946141
0.187288,4.992371
0.18729,5.0386033
0.187292,5.0386033
0.187294,4.992371
0.187296,4.946141
0.187298,4.8536773
0.1873,4.7149835
0.187302,4.5762897
0.187304,4.437596
0.187306,4.252671
0.187308,4.0215135
0.18731,3.7903562
0.187312,3.5591989
0.187314,3.23558
0.187316,2.9581914
0.187318,2.6345725
0.18732,2.3109517
0.187322,1.9411016
0.187324,1.6174817
0.187326,1.2476311
0.187328,0.87777996
0.18733,0.50792885
0.187332,0.13807821
0.187334,-0.27800417
0.187336,-0.6478553
0.187338,-1.0177064
0.18734,-1.387557
0.187342,-1.7111769
0.187344,-2.081028
0.187346,-2.4046474
0.187348,-2.7744985
0.18735,-3.0518866
0.187352,-3.3755062
0.187354,-3.6528945
0.187356,-3.8840513
0.187358,-4.115208
0.18736,-4.346365
0.187362,-4.4850593
0.187364,-4.623753
0.187366,-4.7624474
0.187368,-4.9011416
0.18737,-4.947373
0.187372,-4.993604
0.187374,-5.0398355
0.18737599,-4.993604
0.187378,-4.947373
0.18738,-4.9011416
0.187382,-4.8086786
0.187384,-4.669985
0.187386,-4.5312905
0.187388,-4.3925962
0.18739,-4.1614394
0.187392,-3.976514
0.187394,-3.6991258
0.187396,-3.4217377
0.187398,-3.1443493
0.1874,-2.866961
0.187402,-2.5433414
0.187404,-2.1734905
0.187406,-1.8498712
0.187408,-1.48002
0.18741,-1.1101689
0.187412,-0.7403178
0.187414,-0.3704667
0.187416,0.045615196
0.187418,0.4154663
0.18742,0.7853174
0.18742199,1.1551685
0.187424,1.5250192
0.187426,1.8486385
0.187428,2.2184901
0.18743,2.542109
0.187432,2.8657289
0.187434,3.1893477
0.187436,3.4667363
0.187438,3.744125
0.18744,3.9752812
0.187442,4.2064385
0.187444,4.3913646
0.187446,4.5762897
0.187448,4.7149835
0.18745,4.807446
0.187452,4.8999095
0.187454,4.992371
0.187456,5.0386033
0.187458,5.0386033
0.18746,4.992371
0.187462,4.946141
0.187464,4.8999095
0.187466,4.7612157
0.18746799,4.622521
0.18747,4.483826
0.187472,4.3451324
0.187474,4.113976
0.187476,3.8828197
0.187478,3.605431
0.18748,3.3280425
0.187482,3.050654
0.187484,2.727035
0.187486,2.4034152
0.187488,2.0797954
0.18749,1.7099442
0.187492,1.3863249
0.187494,1.0164738
0.187496,0.64662313
0.187498,0.23054075
0.1875,-0.13931036
0.187502,-0.5091615
0.187504,-0.8790121
0.187506,-1.2488632
0.187508,-1.6187139
0.18751,-1.9423337
0.187512,-2.3121846
0.18751399,-2.6358042
0.187516,-2.9594238
0.187518,-3.2830436
0.18752,-3.5604317
0.187522,-3.7915885
0.187524,-4.068977
0.187526,-4.2539024
0.187528,-4.4388275
0.18753,-4.577522
0.187532,-4.716216
0.187534,-4.85491
0.187536,-4.947373
0.187538,-4.993604
0.18754,-5.0398355
0.187542,-5.0398355
0.187544,-4.993604
0.187546,-4.947373
0.187548,-4.85491
0.18755,-4.716216
0.187552,-4.577522
0.187554,-4.4388275
0.187556,-4.2539024
0.187558,-4.022745
0.18756,-3.7915885
0.187562,-3.5142004
0.187564,-3.236812
0.187566,-2.9594238
0.187568,-2.6358042
0.18757,-2.3121846
0.187572,-1.9423337
0.187574,-1.5724826
0.187576,-1.2488632
0.187578,-0.8790121
0.18758,-0.5091615
0.187582,-0.09307861
0.187584,0.27677202
0.187586,0.64662313
0.187588,1.0164738
0.18759,1.3863249
0.187592,1.756176
0.187594,2.0797954
0.187596,2.4496465
0.187598,2.7732663
0.1876,3.0968862
0.187602,3.3742738
0.187604,3.6516623
0.187606,3.8828197
0.187608,4.113976
0.18761,4.3451324
0.187612,4.483826
0.187614,4.668752
0.187616,4.807446
0.187618,4.8999095
0.18762,4.946141
0.187622,4.992371
0.187624,5.0386033
0.187626,5.0386033
0.187628,4.992371
0.18763,4.8999095
0.187632,4.807446
0.187634,4.668752
0.187636,4.5300584
0.187638,4.3913646
0.18764,4.2064385
0.187642,3.9752812
0.187644,3.6978936
0.187646,3.4667363
0.187648,3.1431174
0.18765,2.8657289
0.187652,2.542109
0.187654,2.172258
0.187656,1.8486385
0.187658,1.4787879
0.18766,1.1551685
0.187662,0.7390857
0.187664,0.36923456
0.187666,-6.160736E-4
0.187668,-0.3704667
0.18766999,-0.78654957
0.187672,-1.1564007
0.187674,-1.48002
0.187676,-1.8498712
0.187678,-2.2197218
0.18768,-2.5433414
0.187682,-2.866961
0.187684,-3.1443493
0.187686,-3.467969
0.187688,-3.745357
0.18769,-3.976514
0.187692,-4.2076707
0.187694,-4.3925962
0.187696,-4.5312905
0.187698,-4.669985
0.1877,-4.8086786
0.187702,-4.9011416
0.187704,-4.993604
0.187706,-4.993604
0.187708,-5.0398355
0.18771,-4.993604
0.187712,-4.947373
0.187714,-4.85491
0.18771599,-4.7624474
0.187718,-4.623753
0.18772,-4.4850593
0.187722,-4.3001337
0.187724,-4.115208
0.187726,-3.8840513
0.187728,-3.6066632
0.18773,-3.329275
0.187732,-3.0518866
0.187734,-2.728267
0.187736,-2.4046474
0.187738,-2.081028
0.18774,-1.7111769
0.187742,-1.387557
0.187744,-1.0177064
0.187746,-0.601624
0.187748,-0.2317729
0.18775,0.7390857
0.187752,2.357184
0.187754,3.6978936
0.187756,4.5762897
0.187758,4.8999095
0.18776,4.5762897
0.18776199,3.744125
0.187764,2.4496465
0.187766,0.8315482
0.187768,-0.8790121
0.18777,-2.4971101
0.187772,-3.8378198
0.187774,-4.669985
0.187776,-4.947373
0.187778,-4.577522
0.18778,-3.745357
0.187782,-2.4046474
0.187784,-0.7403178
0.187786,1.0164738
0.187788,2.5883412
0.18779,3.8828197
0.187792,4.668752
0.187794,4.8999095
0.187796,4.5300584
0.187798,3.605431
0.1878,2.2184901
0.187802,0.60039186
0.187804,-1.1101689
0.187806,-2.6820357
0.18780799,-3.976514
0.18781,-4.716216
0.187812,-4.9011416
0.187814,-4.4850593
0.187816,-3.5604317
0.187818,-2.1734905
0.18782,-0.46292973
0.187822,1.2476311
0.187824,2.8194976
0.187826,4.0677447
0.187828,4.7612157
0.18783,4.8999095
0.187832,4.437596
0.187834,3.420505
0.187836,2.033564
0.187838,0.36923456
0.18784,-1.3413262
0.187842,-2.866961
0.187844,-4.115208
0.187846,-4.7624474
0.187848,-4.9011416
0.18785,-4.3925962
0.187852,-3.3755062
0.187854,-1.9423337
0.187856,-0.2317729
0.187858,1.4787879
0.18786,3.050654
0.187862,4.2064385
0.187864,4.807446
0.187866,4.8536773
0.187868,4.3451324
0.18787,3.2818112
0.187872,1.8024073
0.187874,0.13807821
0.187876,-1.5724826
0.187878,-3.098118
0.18788,-4.2539024
0.187882,-4.8086786
0.187884,-4.85491
0.187886,-4.3001337
0.187888,-3.1905808
0.18789,-1.6649456
0.187892,0.045615196
0.187894,1.7099442
0.187896,3.23558
0.187898,4.3451324
0.1879,4.8536773
0.187902,4.807446
0.187904,4.2064385
0.187906,3.050654
0.187908,1.5712504
0.18791,-0.13931036
0.187912,-1.8036394
0.187914,-3.2830436
0.187916,-4.3925962
0.18791799,-4.85491
0.18792,-4.8086786
0.187922,-4.1614394
0.187924,-3.0056553
0.187926,-1.48002
0.187928,0.27677202
0.18793,1.9411016
0.187932,3.420505
0.187934,4.437596
0.187936,4.8999095
0.187938,4.7612157
0.18794,4.0677447
0.187942,2.8657289
0.187944,1.3400936
0.187946,-0.3704667
0.187948,-2.0347965
0.18795,-3.467969
0.187952,-4.4388275
0.187954,-4.9011416
0.187956,-4.716216
0.187958,-4.022745
0.18796,-2.7744985
0.187962,-1.202632
0.18796399,0.50792885
0.187966,2.172258
0.187968,3.605431
0.18797,4.5300584
0.187972,4.8999095
0.187974,4.7149835
0.187976,3.92905
0.187978,2.6808028
0.18798,1.1089368
0.187982,-0.6478553
0.187984,-2.2659533
0.187986,-3.6528945
0.187988,-4.5312905
0.18799,-4.9011416
0.187992,-4.669985
0.187994,-3.8840513
0.187996,-2.589573
0.187998,-0.9714751
0.188,0.7853174
0.188002,2.4034152
0.188004,3.744125
0.188006,4.622521
0.188008,4.946141
0.18800999,4.622521
0.188012,3.7903562
0.188014,2.4496465
0.188016,0.8315482
0.188018,-0.8790121
0.18802,-2.4508786
0.188022,-3.7915885
0.188024,-4.623753
0.188026,-4.9011416
0.188028,-4.577522
0.18803,-3.6991258
0.188032,-2.3584158
0.188034,-0.7403178
0.188036,1.0164738
0.188038,2.6345725
0.18804,3.92905
0.188042,4.668752
0.188044,4.8999095
0.188046,4.5300584
0.188048,3.605431
0.18805,2.2184901
0.188052,0.60039186
0.188054,-1.1101689
0.18805599,-2.6820357
0.188058,-3.976514
0.18806,-4.716216
0.188062,-4.9011416
0.188064,-4.4850593
0.188066,-3.5604317
0.188068,-2.1272593
0.18807,-0.46292973
0.188072,1.2938623
0.188074,2.8194976
0.188076,4.0677447
0.188078,4.7612157
0.18808,4.8999095
0.188082,4.437596
0.188084,3.420505
0.188086,2.033564
0.188088,0.36923456
0.18809,-1.3413262
0.188092,-2.866961
0.188094,-4.115208
0.188096,-4.7624474
0.188098,-4.9011416
0.1881,-4.3925962
0.188102,-3.3755062
0.188104,-1.8961024
0.188106,-0.2317729
0.188108,1.4787879
0.18811,3.050654
0.188112,4.2064385
0.188114,4.807446
0.188116,4.8536773
0.188118,4.3451324
0.18812,3.2818112
0.188122,1.8024073
0.188124,0.13807821
0.188126,-1.5724826
0.188128,-3.098118
0.18813,-4.2539024
0.188132,-4.85491
0.188134,-4.85491
0.188136,-4.3001337
0.188138,-3.1905808
0.18814,-1.6649456
0.188142,0.045615196
0.188144,1.7099442
0.188146,3.23558
0.188148,4.3451324
0.18815,4.8536773
0.188152,4.807446
0.188154,4.2064385
0.188156,3.050654
0.188158,1.5712504
0.18816,-0.13931036
0.188162,-1.8036394
0.188164,-3.2830436
0.18816599,-4.3925962
0.188168,-4.85491
0.18817,-4.8086786
0.188172,-4.1614394
0.188174,-3.0056553
0.188176,-1.48002
0.188178,0.27677202
0.18818,1.9411016
0.188182,3.420505
0.188184,4.437596
0.188186,4.8999095
0.188188,4.7612157
0.18819,4.0677447
0.188192,2.8657289
0.188194,1.3400936
0.188196,-0.3704667
0.188198,-2.0347965
0.1882,-3.467969
0.188202,-4.4388275
0.188204,-4.9011416
0.188206,-4.716216
0.188208,-4.022745
0.18821,-2.7744985
0.18821199,-1.202632
0.188214,0.50792885
0.188216,2.172258
0.188218,3.605431
0.18822,4.5300584
0.188222,4.8999095
0.188224,4.7149835
0.188226,3.92905
0.188228,2.6808028
0.18823,1.1089368
0.188232,-0.6478553
0.188234,-2.2659533
0.188236,-3.6528945
0.188238,-4.5312905
0.18824,-4.9011416
0.188242,-4.669985
0.188244,-3.8840513
0.188246,-2.589573
0.188248,-0.9714751
0.18825,0.7853174
0.188252,2.4034152
0.188254,3.744125
0.188256,4.622521
0.18825799,4.946141
0.18826,4.622521
0.188262,3.7903562
0.188264,2.4496465
0.188266,0.8315482
0.188268,-0.8790121
0.18827,-2.4508786
0.188272,-3.7915885
0.188274,-4.623753
0.188276,-4.9011416
0.188278,-4.577522
0.18828,-3.6991258
0.188282,-2.3584158
0.188284,-0.7403178
0.188286,1.0164738
0.188288,2.6345725
0.18829,3.92905
0.188292,4.7149835
0.188294,4.8999095
0.188296,4.5300584
0.188298,3.605431
0.1883,2.2184901
0.188302,0.60039186
0.18830399,-1.1101689
0.188306,-2.6820357
0.188308,-3.976514
0.18831,-4.716216
0.188312,-4.9011416
0.188314,-4.4850593
0.188316,-3.5604317
0.188318,-2.1272593
0.18832,-0.46292973
0.188322,1.2938623
0.188324,2.8194976
0.188326,4.0677447
0.188328,4.7612157
0.18833,4.8999095
0.188332,4.437596
0.188334,3.4667363
0.188336,2.033564
0.188338,0.36923456
0.18834,-1.3413262
0.188342,-2.866961
0.188344,-4.115208
0.188346,-4.7624474
0.188348,-4.85491
0.18835,-4.3925962
0.188352,-3.3755062
0.188354,-1.8961024
0.188356,-0.2317729
0.188358,1.4787879
0.18836,3.050654
0.188362,4.2064385
0.188364,4.807446
0.188366,4.8536773
0.188368,4.3451324
0.18837,3.2818112
0.188372,1.8024073
0.188374,0.13807821
0.188376,-1.5724826
0.188378,-3.098118
0.18838,-4.2539024
0.188382,-4.85491
0.188384,-4.85491
0.188386,-4.3001337
0.188388,-3.1905808
0.18839,-1.6649456
0.188392,0.045615196
0.188394,1.7099442
0.188396,3.23558
0.188398,4.3451324
0.1884,4.8536773
0.188402,4.807446
0.188404,4.2064385
0.188406,3.050654
0.188408,1.5712504
0.18841,-0.13931036
0.188412,-1.8036394
0.18841399,-3.2830436
0.188416,-4.3925962
0.188418,-4.85491
0.18842,-4.8086786
0.188422,-4.1614394
0.188424,-3.0056553
0.188426,-1.48002
0.188428,0.27677202
0.18843,1.9411016
0.188432,3.420505
0.188434,4.437596
0.188436,4.8999095
0.188438,4.7612157
0.18844,4.0677447
0.188442,2.8657289
0.188444,1.3400936
0.188446,-0.3704667
0.188448,-2.0347965
0.18845,-3.467969
0.188452,-4.4388275
0.188454,-4.9011416
0.188456,-4.716216
0.188458,-4.022745
0.18845999,-2.7744985
0.188462,-1.202632
0.188464,0.5541601
0.188466,2.172258
0.188468,3.605431
0.18847,4.5300584
0.188472,4.8999095
0.188474,4.7149835
0.188476,3.92905
0.188478,2.6808028
0.18848,1.1089368
0.188482,-0.6478553
0.188484,-2.2659533
0.188486,-3.6528945
0.188488,-4.5312905
0.18849,-4.9011416
0.188492,-4.669985
0.188494,-3.8840513
0.188496,-2.589573
0.188498,-0.9714751
0.1885,0.7853174
0.188502,2.4034152
0.188504,3.744125
0.18850599,4.622521
0.188508,4.946141
0.18851,4.622521
0.188512,3.7903562
0.188514,2.4496465
0.188516,0.8315482
0.188518,-0.8790121
0.18852,-2.4508786
0.188522,-3.7915885
0.188524,-4.623753
0.188526,-4.9011416
0.188528,-4.577522
0.18853,-3.6991258
0.188532,-2.3584158
0.188534,-0.7403178
0.188536,1.0164738
0.188538,2.6345725
0.18854,3.92905
0.188542,4.7149835
0.188544,4.8999095
0.188546,4.5300584
0.188548,3.605431
0.18855,2.2184901
0.18855199,0.60039186
0.188554,-1.1101689
0.188556,-2.6820357
0.188558,-3.976514
0.18856,-4.716216
0.188562,-4.9011416
0.188564,-4.4850593
0.188566,-3.5604317
0.188568,-2.1272593
0.18857,-0.46292973
0.188572,1.2938623
0.188574,2.8194976
0.188576,4.0677447
0.188578,4.7612157
0.18858,4.8999095
0.188582,4.437596
0.188584,3.420505
0.188586,2.033564
0.188588,0.36923456
0.18859,-1.3413262
0.188592,-2.866961
0.188594,-4.115208
0.188596,-4.7624474
0.188598,-4.85491
0.1886,-4.3925962
0.188602,-3.3755062
0.188604,-1.8961024
0.188606,-0.2317729
0.188608,1.4787879
0.18861,3.050654
0.188612,4.2064385
0.188614,4.807446
0.188616,4.8536773
0.188618,4.3451324
0.18862,3.2818112
0.188622,1.8024073
0.188624,0.091846466
0.188626,-1.5724826
0.188628,-3.098118
0.18863,-4.2539024
0.188632,-4.85491
0.188634,-4.85491
0.188636,-4.3001337
0.188638,-3.1905808
0.18864,-1.6649456
0.188642,0.045615196
0.188644,1.7099442
0.188646,3.23558
0.188648,4.3451324
0.18865,4.8536773
0.188652,4.807446
0.188654,4.2064385
0.188656,3.050654
0.188658,1.5250192
0.18866,-0.13931036
0.188662,-1.8036394
0.188664,-3.2830436
0.188666,-4.3925962
0.188668,-4.85491
0.18867,-4.8086786
0.188672,-4.1614394
0.188674,-3.0056553
0.188676,-1.48002
0.188678,0.27677202
0.18868,1.9411016
0.188682,3.420505
0.188684,4.437596
0.188686,4.8999095
0.188688,4.7612157
0.18869,4.0677447
0.188692,2.8657289
0.188694,1.3400936
0.188696,-0.3704667
0.188698,-2.0347965
0.1887,-3.467969
0.188702,-4.4388275
0.188704,-4.9011416
0.188706,-4.716216
0.18870799,-4.022745
0.18871,-2.7744985
0.188712,-1.202632
0.188714,0.5541601
0.188716,2.172258
0.188718,3.605431
0.18872,4.5300584
0.188722,4.8999095
0.188724,4.7149835
0.188726,3.92905
0.188728,2.6808028
0.18873,1.1089368
0.188732,-0.6478553
0.188734,-2.2659533
0.188736,-3.6528945
0.188738,-4.5312905
0.18874,-4.9011416
0.188742,-4.669985
0.188744,-3.8840513
0.188746,-2.589573
0.188748,-0.9714751
0.18875,0.184309
0.188752,0.60039186
0.18875399,0.970243
0.188756,1.3400936
0.188758,1.6637135
0.18876,2.033564
0.188762,2.357184
0.188764,2.6808028
0.188766,3.0044227
0.188768,3.2818112
0.18877,3.605431
0.188772,3.8365874
0.188774,4.0677447
0.188776,4.298901
0.188778,4.437596
0.18878,4.622521
0.188782,4.7612157
0.188784,4.8536773
0.188786,4.946141
0.188788,4.992371
0.18879,5.0386033
0.188792,5.0386033
0.188794,4.992371
0.188796,4.946141
0.188798,4.8536773
0.18879999,4.7612157
0.188802,4.622521
0.188804,4.437596
0.188806,4.252671
0.188808,4.0215135
0.18881,3.7903562
0.188812,3.5591989
0.188814,3.23558
0.188816,2.9581914
0.188818,2.6345725
0.18882,2.3109517
0.188822,1.9411016
0.188824,1.6174817
0.188826,1.2476311
0.188828,0.87777996
0.18883,0.50792885
0.188832,0.13807821
0.188834,-0.27800417
0.188836,-0.6478553
0.188838,-1.0177064
0.18884,-1.387557
0.188842,-1.7111769
0.188844,-2.081028
0.18884599,-2.4046474
0.188848,-2.728267
0.18885,-3.0518866
0.188852,-3.3755062
0.188854,-3.6528945
0.188856,-3.8840513
0.188858,-4.115208
0.18886,-4.346365
0.188862,-4.4850593
0.188864,-4.623753
0.188866,-4.7624474
0.188868,-4.9011416
0.18887,-4.947373
0.188872,-4.993604
0.188874,-5.0398355
0.188876,-4.993604
0.188878,-4.947373
0.18888,-4.9011416
0.188882,-4.8086786
0.188884,-4.669985
0.188886,-4.5312905
0.188888,-4.3925962
0.18889,-4.1614394
0.188892,-3.976514
0.188894,-3.6991258
0.188896,-3.4217377
0.188898,-3.1443493
0.1889,-2.866961
0.188902,-2.4971101
0.188904,-2.1734905
0.188906,-1.8036394
0.188908,-1.48002
0.18891,-1.1101689
0.188912,-0.7403178
0.188914,-0.3704667
0.188916,0.045615196
0.188918,0.4154663
0.18892,0.7853174
0.188922,1.1551685
0.188924,1.5250192
0.188926,1.8486385
0.188928,2.2184901
0.18893,2.542109
0.188932,2.8657289
0.188934,3.1893477
0.188936,3.4667363
0.188938,3.744125
0.18894,3.9752812
0.188942,4.2064385
0.188944,4.3913646
0.188946,4.5300584
0.188948,4.7149835
0.18895,4.807446
0.188952,4.8999095
0.188954,4.992371
0.18895599,5.0386033
0.188958,5.0386033
0.18896,4.992371
0.188962,4.946141
0.188964,4.8999095
0.188966,4.7612157
0.188968,4.622521
0.18897,4.483826
0.188972,4.3451324
0.188974,4.113976
0.188976,3.8828197
0.188978,3.605431
0.18898,3.3742738
0.188982,3.050654
0.188984,2.727035
0.188986,2.4034152
0.188988,2.0797954
0.18899,1.7099442
0.188992,1.3863249
0.188994,1.0164738
0.188996,0.64662313
0.188998,0.23054075
0.189,-0.13931036
0.18900199,-0.5091615
0.189004,-0.8790121
0.189006,-1.2488632
0.189008,-1.6187139
0.18901,-1.9885652
0.189012,-2.3121846
0.189014,-2.6358042
0.189016,-2.9594238
0.189018,-3.2830436
0.18902,-3.5604317
0.189022,-3.7915885
0.189024,-4.068977
0.189026,-4.2539024
0.189028,-4.4388275
0.18903,-4.577522
0.189032,-4.716216
0.189034,-4.85491
0.189036,-4.947373
0.189038,-4.993604
0.18904,-5.0398355
0.189042,-4.993604
0.189044,-4.993604
0.189046,-4.947373
0.18904799,-4.85491
0.18905,-4.716216
0.189052,-4.577522
0.189054,-4.4388275
0.189056,-4.2539024
0.189058,-4.022745
0.18906,-3.7915885
0.189062,-3.5142004
0.189064,-3.236812
0.189066,-2.9594238
0.189068,-2.6358042
0.18907,-2.3121846
0.189072,-1.9423337
0.189074,-1.5724826
0.189076,-1.2488632
0.189078,-0.8790121
0.18908,-0.5091615
0.189082,-0.09307861
0.189084,0.27677202
0.189086,0.64662313
0.189088,1.0164738
0.18909,1.4325566
0.189092,1.756176
0.18909399,2.126027
0.189096,2.4496465
0.189098,2.7732663
0.1891,3.0968862
0.189102,3.3742738
0.189104,3.6516623
0.189106,3.8828197
0.189108,4.113976
0.18911,4.3451324
0.189112,4.483826
0.189114,4.668752
0.189116,4.807446
0.189118,4.8999095
0.18912,4.946141
0.189122,4.992371
0.189124,5.0386033
0.189126,5.0386033
0.189128,4.992371
0.18913,4.8999095
0.189132,4.807446
0.189134,4.668752
0.189136,4.5300584
0.189138,4.3913646
0.18914,4.2064385
0.189142,3.9752812
0.189144,3.6978936
0.189146,3.4667363
0.189148,3.1431174
0.18915,2.8657289
0.189152,2.542109
0.189154,2.172258
0.189156,1.8486385
0.189158,1.4787879
0.18916,1.1089368
0.189162,0.7390857
0.189164,0.36923456
0.189166,-6.160736E-4
0.189168,-0.3704667
0.18917,-0.78654957
0.189172,-1.1564007
0.189174,-1.48002
0.189176,-1.8498712
0.189178,-2.2197218
0.18918,-2.5433414
0.189182,-2.866961
0.189184,-3.1443493
0.189186,-3.467969
0.189188,-3.745357
0.18919,-3.976514
0.189192,-4.2076707
0.189194,-4.3925962
0.189196,-4.5312905
0.189198,-4.669985
0.1892,-4.8086786
0.189202,-4.9011416
0.18920399,-4.993604
0.189206,-4.993604
0.189208,-5.0398355
0.18921,-4.993604
0.189212,-4.947373
0.189214,-4.85491
0.189216,-4.7624474
0.189218,-4.623753
0.18922,-4.4850593
0.189222,-4.3001337
0.189224,-4.115208
0.189226,-3.8840513
0.189228,-3.6066632
0.18923,-3.329275
0.189232,-3.0518866
0.189234,-2.728267
0.189236,-2.4046474
0.189238,-2.081028
0.18924,-1.7111769
0.189242,-1.387557
0.189244,-1.0177064
0.189246,-0.601624
0.189248,-0.2317729
0.18924999,0.13807821
0.189252,0.5541601
0.189254,0.92401123
0.189256,1.2938623
0.189258,1.6174817
0.18926,1.9873328
0.189262,2.3109517
0.189264,2.6808028
0.189266,2.9581914
0.189268,3.2818112
0.18927,3.5591989
0.189272,3.8365874
0.189274,4.0677447
0.189276,4.252671
0.189278,4.437596
0.18928,4.622521
0.189282,4.7612157
0.189284,4.8536773
0.189286,4.946141
0.189288,4.992371
0.18929,5.0386033
0.189292,5.0386033
0.189294,4.992371
0.18929599,4.946141
0.189298,4.8536773
0.1893,4.7149835
0.189302,4.5762897
0.189304,4.437596
0.189306,4.252671
0.189308,4.0215135
0.18931,3.7903562
0.189312,3.5591989
0.189314,3.23558
0.189316,2.9581914
0.189318,2.6345725
0.18932,2.3109517
0.189322,1.9411016
0.189324,1.6174817
0.189326,1.2476311
0.189328,0.87777996
0.18933,0.50792885
0.189332,0.13807821
0.189334,-0.27800417
0.189336,-0.6478553
0.189338,-1.0177064
0.18934,-1.387557
0.18934199,-1.7111769
0.189344,-2.081028
0.189346,-2.4046474
0.189348,-2.7744985
0.18935,-3.0518866
0.189352,-3.3755062
0.189354,-3.6528945
0.189356,-3.8840513
0.189358,-4.115208
0.18936,-4.346365
0.189362,-4.4850593
0.189364,-4.669985
0.189366,-4.7624474
0.189368,-4.9011416
0.18937,-4.947373
0.189372,-4.993604
0.189374,-5.0398355
0.189376,-4.993604
0.189378,-4.947373
0.18938,-4.9011416
0.189382,-4.8086786
0.189384,-4.669985
0.189386,-4.5312905
0.189388,-4.3925962
0.18939,-4.1614394
0.189392,-3.976514
0.189394,-3.6991258
0.189396,-3.4217377
0.189398,-3.1443493
0.1894,-2.8207297
0.189402,-2.4971101
0.189404,-2.1734905
0.189406,-1.8498712
0.189408,-1.48002
0.18941,-1.1101689
0.189412,-0.7403178
0.189414,-0.3704667
0.189416,0.045615196
0.189418,0.4154663
0.18942,0.7853174
0.189422,1.1551685
0.189424,1.5250192
0.189426,1.8486385
0.189428,2.2184901
0.18943,2.542109
0.189432,2.8657289
0.189434,3.1893477
0.189436,3.4667363
0.189438,3.744125
0.18944,3.9752812
0.189442,4.2064385
0.189444,4.3913646
0.189446,4.5762897
0.189448,4.7149835
0.18945,4.807446
0.18945199,4.8999095
0.189454,4.992371
0.189456,5.0386033
0.189458,5.0386033
0.18946,4.992371
0.189462,4.946141
0.189464,4.8999095
0.189466,4.7612157
0.189468,4.622521
0.18947,4.483826
0.189472,4.3451324
0.189474,4.113976
0.189476,3.8828197
0.189478,3.605431
0.18948,3.3280425
0.189482,3.050654
0.189484,2.727035
0.189486,2.4034152
0.189488,2.0797954
0.18949,1.7099442
0.189492,1.3863249
0.189494,1.0164738
0.189496,0.64662313
0.18949799,0.23054075
0.1895,-0.13931036
0.189502,-0.5091615
0.189504,-0.8790121
0.189506,-1.2488632
0.189508,-1.6187139
0.18951,-1.9885652
0.189512,-2.3121846
0.189514,-2.6358042
0.189516,-2.9594238
0.189518,-3.2830436
0.18952,-3.5604317
0.189522,-3.7915885
0.189524,-4.068977
0.189526,-4.2539024
0.189528,-4.4388275
0.18953,-4.577522
0.189532,-4.716216
0.189534,-4.85491
0.189536,-4.947373
0.189538,-4.993604
0.18954,-5.0398355
0.189542,-5.0398355
0.18954399,-4.993604
0.189546,-4.947373
0.189548,-4.85491
0.18955,-4.716216
0.189552,-4.577522
0.189554,-4.4388275
0.189556,-4.2539024
0.189558,-4.022745
0.18956,-3.7915885
0.189562,-3.5142004
0.189564,-3.236812
0.189566,-2.9594238
0.189568,-2.6358042
0.18957,-2.3121846
0.189572,-1.9423337
0.189574,-1.5724826
0.189576,-1.2488632
0.189578,-0.8790121
0.18958,-0.5091615
0.189582,-0.09307861
0.189584,0.27677202
0.189586,0.64662313
0.189588,1.0164738
0.18958999,1.4325566
0.189592,1.756176
0.189594,2.0797954
0.189596,2.4496465
0.189598,2.7732663
0.1896,3.0968862
0.189602,3.3742738
0.189604,3.6516623
0.189606,3.8828197
0.189608,4.113976
0.18961,4.3451324
0.189612,4.483826
0.189614,4.668752
0.189616,4.807446
0.189618,4.8999095
0.18962,4.946141
0.189622,4.992371
0.189624,5.0386033
0.189626,5.0386033
0.189628,4.992371
0.18963,4.8999095
0.189632,4.807446
0.189634,4.668752
0.189636,4.5300584
0.189638,4.3913646
0.18964,4.2064385
0.189642,3.9752812
0.189644,3.6978936
0.189646,3.4667363
0.189648,3.1431174
0.18965,2.8657289
0.189652,2.542109
0.189654,2.172258
0.189656,1.8486385
0.189658,1.4787879
0.18966,1.1089368
0.189662,0.7390857
0.189664,0.36923456
0.189666,-6.160736E-4
0.189668,-0.3704667
0.18967,-0.78654957
0.189672,-1.1564007
0.189674,-1.48002
0.189676,-1.8498712
0.189678,-2.2197218
0.18968,-2.5433414
0.189682,-2.866961
0.189684,-3.1905808
0.189686,-3.467969
0.189688,-3.745357
0.18969,-3.976514
0.189692,-4.2076707
0.189694,-4.3925962
0.189696,-4.5312905
0.189698,-4.669985
0.18969999,-4.8086786
0.189702,-4.9011416
0.189704,-4.993604
0.189706,-4.993604
0.189708,-5.0398355
0.18971,-4.993604
0.189712,-4.947373
0.189714,-4.85491
0.189716,-4.7624474
0.189718,-4.623753
0.18972,-4.4850593
0.189722,-4.3001337
0.189724,-4.115208
0.189726,-3.8840513
0.189728,-3.6066632
0.18973,-3.329275
0.189732,-3.0518866
0.189734,-2.728267
0.189736,-2.4046474
0.189738,-2.081028
0.18974,-1.7111769
0.189742,-1.387557
0.189744,-0.9714751
0.18974599,-0.601624
0.189748,-0.2317729
0.18975,0.7390857
0.189752,2.357184
0.189754,3.6978936
0.189756,4.5762897
0.189758,4.8999095
0.18976,4.5762897
0.189762,3.744125
0.189764,2.4034152
0.189766,0.8315482
0.189768,-0.9252434
0.18977,-2.4971101
0.189772,-3.8378198
0.189774,-4.669985
0.189776,-4.947373
0.189778,-4.577522
0.18978,-3.6991258
0.189782,-2.3584158
0.189784,-0.7403178
0.189786,1.0164738
0.189788,2.6345725
0.18979,3.92905
0.18979199,4.668752
0.189794,4.8999095
0.189796,4.5300584
0.189798,3.605431
0.1898,2.2184901
0.189802,0.60039186
0.189804,-1.1101689
0.189806,-2.6820357
0.189808,-3.976514
0.18981,-4.716216
0.189812,-4.9011416
0.189814,-4.4850593
0.189816,-3.5604317
0.189818,-2.1272593
0.18982,-0.46292973
0.189822,1.2938623
0.189824,2.8194976
0.189826,4.0677447
0.189828,4.7612157
0.18983,4.8999095
0.189832,4.437596
0.189834,3.420505
0.189836,1.9873328
0.18983799,0.36923456
0.18984,-1.3413262
0.189842,-2.9131925
0.189844,-4.115208
0.189846,-4.7624474
0.189848,-4.85491
0.18985,-4.3925962
0.189852,-3.3755062
0.189854,-1.8961024
0.189856,-0.2317729
0.189858,1.4787879
0.18986,3.050654
0.189862,4.2064385
0.189864,4.807446
0.189866,4.8536773
0.189868,4.3451324
0.18987,3.23558
0.189872,1.756176
0.189874,0.091846466
0.189876,-1.5724826
0.189878,-3.098118
0.18988,-4.2539024
0.189882,-4.85491
0.18988399,-4.85491
0.189886,-4.3001337
0.189888,-3.1905808
0.18989,-1.6649456
0.189892,0.045615196
0.189894,1.7099442
0.189896,3.23558
0.189898,4.3451324
0.1899,4.8536773
0.189902,4.807446
0.189904,4.2064385
0.189906,3.050654
0.189908,1.5250192
0.18991,-0.13931036
0.189912,-1.8036394
0.189914,-3.2830436
0.189916,-4.3925962
0.189918,-4.85491
0.18992,-4.8086786
0.189922,-4.1614394
0.189924,-3.0056553
0.189926,-1.4337888
0.189928,0.27677202
0.18993,1.9411016
0.189932,3.420505
0.189934,4.437596
0.189936,4.8999095
0.189938,4.7612157
0.18994,4.0677447
0.189942,2.8657289
0.189944,1.3400936
0.189946,-0.3704667
0.189948,-2.0347965
0.18995,-3.467969
0.189952,-4.4388275
0.189954,-4.9011416
0.189956,-4.716216
0.189958,-4.022745
0.18996,-2.7744985
0.189962,-1.202632
0.189964,0.5541601
0.189966,2.172258
0.189968,3.605431
0.18997,4.5300584
0.189972,4.8999095
0.189974,4.7149835
0.189976,3.92905
0.189978,2.6808028
0.18998,1.1089368
0.189982,-0.6478553
0.189984,-2.2659533
0.189986,-3.6528945
0.189988,-4.577522
0.18999,-4.9011416
0.189992,-4.669985
0.18999399,-3.8840513
0.189996,-2.589573
0.189998,-0.9714751
0.19,0.7853174
0.190002,2.4034152
0.190004,3.744125
0.190006,4.622521
0.190008,4.8999095
0.19001,4.622521
0.190012,3.7903562
0.190014,2.4496465
0.190016,0.8315482
0.190018,-0.8790121
0.19002,-2.4508786
0.190022,-3.8378198
0.190024,-4.623753
0.190026,-4.9011416
0.190028,-4.577522
0.19003,-3.6991258
0.190032,-2.3584158
0.190034,-0.694087
0.190036,1.0164738
0.190038,2.6345725
0.19003999,3.92905
0.190042,4.7149835
0.190044,4.8999095
0.190046,4.5300584
0.190048,3.605431
0.19005,2.2184901
0.190052,0.60039186
0.190054,-1.1101689
0.190056,-2.6820357
0.190058,-3.976514
0.19006,-4.716216
0.190062,-4.9011416
0.190064,-4.4850593
0.190066,-3.5604317
0.190068,-2.1272593
0.19007,-0.46292973
0.190072,1.2938623
0.190074,2.8194976
0.190076,4.0677447
0.190078,4.7612157
0.19008,4.8999095
0.190082,4.437596
0.190084,3.420505
0.19008599,1.9873328
0.190088,0.36923456
0.19009,-1.3413262
0.190092,-2.9131925
0.190094,-4.115208
0.190096,-4.7624474
0.190098,-4.85491
0.1901,-4.3925962
0.190102,-3.3755062
0.190104,-1.8961024
0.190106,-0.2317729
0.190108,1.4787879
0.19011,3.050654
0.190112,4.2064385
0.190114,4.807446
0.190116,4.8536773
0.190118,4.3451324
0.19012,3.23558
0.190122,1.756176
0.190124,0.091846466
0.190126,-1.5724826
0.190128,-3.098118
0.19013,-4.2539024
0.19013199,-4.85491
0.190134,-4.85491
0.190136,-4.3001337
0.190138,-3.1905808
0.19014,-1.6649456
0.190142,0.045615196
0.190144,1.7099442
0.190146,3.23558
0.190148,4.3451324
0.19015,4.8536773
0.190152,4.807446
0.190154,4.2064385
0.190156,3.050654
0.190158,1.5250192
0.19016,-0.13931036
0.190162,-1.8036394
0.190164,-3.2830436
0.190166,-4.3925962
0.190168,-4.85491
0.19017,-4.8086786
0.190172,-4.1614394
0.190174,-3.0056553
0.190176,-1.4337888
0.190178,0.27677202
0.19018,1.9873328
0.190182,3.420505
0.190184,4.437596
0.190186,4.8999095
0.190188,4.7612157
0.19019,4.0677447
0.190192,2.8657289
0.190194,1.3400936
0.190196,-0.3704667
0.190198,-2.0347965
0.1902,-3.467969
0.190202,-4.4388275
0.190204,-4.9011416
0.190206,-4.716216
0.190208,-4.022745
0.19021,-2.7744985
0.190212,-1.202632
0.190214,0.5541601
0.190216,2.172258
0.190218,3.605431
0.19022,4.5300584
0.190222,4.8999095
0.190224,4.7149835
0.190226,3.92905
0.190228,2.6345725
0.19023,1.1089368
0.190232,-0.6478553
0.190234,-2.2659533
0.190236,-3.6528945
0.190238,-4.577522
0.19024,-4.9011416
0.19024199,-4.669985
0.190244,-3.8840513
0.190246,-2.589573
0.190248,-0.9714751
0.19025,0.7853174
0.190252,2.4034152
0.190254,3.744125
0.190256,4.622521
0.190258,4.8999095
0.19026,4.622521
0.190262,3.7903562
0.190264,2.4496465
0.190266,0.8315482
0.190268,-0.8790121
0.19027,-2.4508786
0.190272,-3.8378198
0.190274,-4.623753
0.190276,-4.9011416
0.190278,-4.577522
0.19028,-3.6991258
0.190282,-2.3584158
0.190284,-0.694087
0.190286,1.0164738
0.19028799,2.6345725
0.19029,3.92905
0.190292,4.7149835
0.190294,4.8999095
0.190296,4.5300584
0.190298,3.605431
0.1903,2.2184901
0.190302,0.60039186
0.190304,-1.1101689
0.190306,-2.6820357
0.190308,-3.976514
0.19031,-4.716216
0.190312,-4.9011416
0.190314,-4.4850593
0.190316,-3.5604317
0.190318,-2.1272593
0.19032,-0.46292973
0.190322,1.2938623
0.190324,2.8194976
0.190326,4.0677447
0.190328,4.7612157
0.19033,4.8999095
0.190332,4.437596
0.19033399,3.420505
0.190336,1.9873328
0.190338,0.36923456
0.19034,-1.3413262
0.190342,-2.9131925
0.190344,-4.115208
0.190346,-4.7624474
0.190348,-4.85491
0.19035,-4.3925962
0.190352,-3.3755062
0.190354,-1.8961024
0.190356,-0.2317729
0.190358,1.4787879
0.19036,3.050654
0.190362,4.2064385
0.190364,4.807446
0.190366,4.8536773
0.190368,4.3451324
0.19037,3.23558
0.190372,1.756176
0.190374,0.091846466
0.190376,-1.5724826
0.190378,-3.098118
0.19037999,-4.2539024
0.190382,-4.85491
0.190384,-4.85491
0.190386,-4.3001337
0.190388,-3.1905808
0.19039,-1.6649456
0.190392,0.045615196
0.190394,1.7099442
0.190396,3.23558
0.190398,4.3451324
0.1904,4.8536773
0.190402,4.807446
0.190404,4.2064385
0.190406,3.050654
0.190408,1.5250192
0.19041,-0.13931036
0.190412,-1.8036394
0.190414,-3.2830436
0.190416,-4.3925962
0.190418,-4.85491
0.19042,-4.8086786
0.190422,-4.1614394
0.190424,-3.0056553
0.190426,-1.4337888
0.190428,0.27677202
0.19043,1.9411016
0.190432,3.420505
0.190434,4.437596
0.190436,4.8999095
0.190438,4.7612157
0.19044,4.0677447
0.190442,2.8657289
0.190444,1.3400936
0.190446,-0.41669846
0.190448,-2.0347965
0.19045,-3.467969
0.190452,-4.4388275
0.190454,-4.9011416
0.190456,-4.716216
0.190458,-4.022745
0.19046,-2.7744985
0.190462,-1.202632
0.190464,0.5541601
0.190466,2.172258
0.190468,3.605431
0.19047,4.5300584
0.190472,4.8999095
0.190474,4.7149835
0.190476,3.92905
0.190478,2.6345725
0.19048,1.1089368
0.190482,-0.6478553
0.190484,-2.2659533
0.190486,-3.6528945
0.190488,-4.577522
0.19048999,-4.9011416
0.190492,-4.669985
0.190494,-3.8840513
0.190496,-2.589573
0.190498,-0.9714751
0.1905,0.7853174
0.190502,2.4034152
0.190504,3.744125
0.190506,4.622521
0.190508,4.8999095
0.19051,4.622521
0.190512,3.7903562
0.190514,2.4496465
0.190516,0.8315482
0.190518,-0.8790121
0.19052,-2.4508786
0.190522,-3.8378198
0.190524,-4.623753
0.190526,-4.9011416
0.190528,-4.577522
0.19053,-3.6991258
0.190532,-2.3584158
0.190534,-0.694087
0.19053599,1.0164738
0.190538,2.6345725
0.19054,3.92905
0.190542,4.7149835
0.190544,4.8999095
0.190546,4.5300584
0.190548,3.605431
0.19055,2.2184901
0.190552,0.60039186
0.190554,-1.1101689
0.190556,-2.6820357
0.190558,-3.976514
0.19056,-4.716216
0.190562,-4.9011416
0.190564,-4.4850593
0.190566,-3.5604317
0.190568,-2.1272593
0.19057,-0.46292973
0.190572,1.2938623
0.190574,2.8194976
0.190576,4.0677447
0.190578,4.7612157
0.19058,4.8999095
0.19058199,4.437596
0.190584,3.420505
0.190586,1.9873328
0.190588,0.36923456
0.19059,-1.3413262
0.190592,-2.9131925
0.190594,-4.115208
0.190596,-4.7624474
0.190598,-4.85491
0.1906,-4.3925962
0.190602,-3.3755062
0.190604,-1.8961024
0.190606,-0.2317729
0.190608,1.4787879
0.19061,3.050654
0.190612,4.2064385
0.190614,4.807446
0.190616,4.8536773
0.190618,4.3451324
0.19062,3.23558
0.190622,1.756176
0.190624,0.091846466
0.190626,-1.5724826
0.19062799,-3.098118
0.19063,-4.2539024
0.190632,-4.85491
0.190634,-4.85491
0.190636,-4.3001337
0.190638,-3.1905808
0.19064,-1.6649456
0.190642,0.045615196
0.190644,1.756176
0.190646,3.23558
0.190648,4.3451324
0.19065,4.8536773
0.190652,4.807446
0.190654,4.2064385
0.190656,3.050654
0.190658,1.5250192
0.19066,-0.13931036
0.190662,-1.8036394
0.190664,-3.2830436
0.190666,-4.3925962
0.190668,-4.85491
0.19067,-4.8086786
0.190672,-4.1614394
0.190674,-3.0056553
0.190676,-1.4337888
0.190678,0.27677202
0.19068,1.9873328
0.190682,3.420505
0.190684,4.437596
0.190686,4.8999095
0.190688,4.7612157
0.19069,4.0677447
0.190692,2.8657289
0.190694,1.3400936
0.190696,-0.41669846
0.190698,-2.0347965
0.1907,-3.467969
0.190702,-4.4388275
0.190704,-4.9011416
0.190706,-4.716216
0.190708,-4.022745
0.19071,-2.7744985
0.190712,-1.202632
0.190714,0.5541601
0.190716,2.172258
0.190718,3.605431
0.19072,4.5300584
0.190722,4.8999095
0.190724,4.7149835
0.190726,3.92905
0.190728,2.6345725
0.19073,1.0627055
0.190732,-0.6478553
0.190734,-2.2659533
0.190736,-3.6528945
0.19073799,-4.577522
0.19074,-4.9011416
0.190742,-4.669985
0.190744,-3.8840513
0.190746,-2.589573
0.190748,-0.9714751
0.19075,0.184309
0.190752,0.60039186
0.190754,0.970243
0.190756,1.3400936
0.190758,1.6637135
0.19076,2.033564
0.190762,2.357184
0.190764,2.6808028
0.190766,3.0044227
0.190768,3.2818112
0.19077,3.605431
0.190772,3.8365874
0.190774,4.0677447
0.190776,4.298901
0.190778,4.437596
0.19078,4.622521
0.190782,4.7612157
0.19078399,4.8536773
0.190786,4.946141
0.190788,4.992371
0.19079,5.0386033
0.190792,5.0386033
0.190794,4.992371
0.190796,4.946141
0.190798,4.8536773
0.1908,4.7612157
0.190802,4.5762897
0.190804,4.437596
0.190806,4.252671
0.190808,4.0215135
0.19081,3.7903562
0.190812,3.5591989
0.190814,3.23558
0.190816,2.9581914
0.190818,2.6345725
0.19082,2.3109517
0.190822,1.9411016
0.190824,1.6174817
0.190826,1.2476311
0.190828,0.87777996
0.19082999,0.50792885
0.190832,0.13807821
0.190834,-0.27800417
0.190836,-0.6478553
0.190838,-1.0177064
0.19084,-1.387557
0.190842,-1.7111769
0.190844,-2.081028
0.190846,-2.4046474
0.190848,-2.7744985
0.19085,-3.0518866
0.190852,-3.3755062
0.190854,-3.6528945
0.190856,-3.8840513
0.190858,-4.115208
0.19086,-4.346365
0.190862,-4.4850593
0.190864,-4.669985
0.190866,-4.7624474
0.190868,-4.9011416
0.19087,-4.947373
0.190872,-4.993604
0.190874,-5.0398355
0.19087599,-4.993604
0.190878,-4.993604
0.19088,-4.9011416
0.190882,-4.8086786
0.190884,-4.669985
0.190886,-4.5312905
0.190888,-4.3925962
0.19089,-4.1614394
0.190892,-3.976514
0.190894,-3.6991258
0.190896,-3.4217377
0.190898,-3.1443493
0.1909,-2.866961
0.190902,-2.4971101
0.190904,-2.1734905
0.190906,-1.8036394
0.190908,-1.48002
0.19091,-1.1101689
0.190912,-0.7403178
0.190914,-0.3704667
0.190916,0.045615196
0.190918,0.4154663
0.19092,0.7853174
0.190922,1.1551685
0.190924,1.5250192
0.190926,1.8486385
0.190928,2.2184901
0.19093,2.542109
0.190932,2.8657289
0.190934,3.1893477
0.190936,3.4667363
0.190938,3.744125
0.19094,3.9752812
0.190942,4.2064385
0.190944,4.3913646
0.190946,4.5762897
0.190948,4.7149835
0.19095,4.807446
0.190952,4.8999095
0.190954,4.992371
0.190956,5.0386033
0.190958,5.0386033
0.19096,4.992371
0.190962,4.946141
0.190964,4.8999095
0.190966,4.7612157
0.190968,4.622521
0.19097,4.483826
0.190972,4.3451324
0.190974,4.113976
0.190976,3.8828197
0.190978,3.605431
0.19098,3.3280425
0.190982,3.050654
0.190984,2.727035
0.190986,2.4034152
0.190988,2.0797954
0.19099,1.7099442
0.190992,1.3863249
0.190994,1.0164738
0.190996,0.64662313
0.190998,0.23054075
0.191,-0.13931036
0.191002,-0.5091615
0.191004,-0.8790121
0.191006,-1.2488632
0.191008,-1.6187139
0.19101,-1.9885652
0.191012,-2.3121846
0.191014,-2.6358042
0.191016,-2.9594238
0.191018,-3.2830436
0.19102,-3.5604317
0.191022,-3.7915885
0.191024,-4.068977
0.191026,-4.2539024
0.191028,-4.4388275
0.19103,-4.577522
0.19103199,-4.716216
0.191034,-4.85491
0.191036,-4.947373
0.191038,-4.993604
0.19104,-5.0398355
0.191042,-4.993604
0.191044,-4.993604
0.191046,-4.947373
0.191048,-4.85491
0.19105,-4.716216
0.191052,-4.577522
0.191054,-4.4388275
0.191056,-4.2539024
0.191058,-4.022745
0.19106,-3.7915885
0.191062,-3.5142004
0.191064,-3.236812
0.191066,-2.9594238
0.191068,-2.6358042
0.19107,-2.3121846
0.191072,-1.9423337
0.191074,-1.5724826
0.191076,-1.2488632
0.19107799,-0.8790121
0.19108,-0.5091615
0.191082,-0.09307861
0.191084,0.27677202
0.191086,0.64662313
0.191088,1.0164738
0.19109,1.4325566
0.191092,1.756176
0.191094,2.126027
0.191096,2.4496465
0.191098,2.7732663
0.1911,3.0968862
0.191102,3.3742738
0.191104,3.6516623
0.191106,3.8828197
0.191108,4.113976
0.19111,4.3451324
0.191112,4.483826
0.191114,4.668752
0.191116,4.807446
0.191118,4.8999095
0.19112,4.946141
0.191122,4.992371
0.19112399,5.0386033
0.191126,5.0386033
0.191128,4.992371
0.19113,4.8999095
0.191132,4.807446
0.191134,4.668752
0.191136,4.5300584
0.191138,4.3913646
0.19114,4.2064385
0.191142,3.9752812
0.191144,3.6978936
0.191146,3.4667363
0.191148,3.1431174
0.19115,2.8657289
0.191152,2.542109
0.191154,2.172258
0.191156,1.8486385
0.191158,1.4787879
0.19116,1.1089368
0.191162,0.7390857
0.191164,0.36923456
0.191166,-6.160736E-4
0.191168,-0.3704667
0.19116999,-0.78654957
0.191172,-1.1564007
0.191174,-1.48002
0.191176,-1.8498712
0.191178,-2.2197218
0.19118,-2.5433414
0.191182,-2.866961
0.191184,-3.1905808
0.191186,-3.467969
0.191188,-3.745357
0.19119,-3.976514
0.191192,-4.2076707
0.191194,-4.3925962
0.191196,-4.5312905
0.191198,-4.716216
0.1912,-4.8086786
0.191202,-4.9011416
0.191204,-4.993604
0.191206,-4.993604
0.191208,-5.0398355
0.19121,-4.993604
0.191212,-4.947373
0.191214,-4.85491
0.191216,-4.7624474
0.191218,-4.623753
0.19122,-4.4850593
0.191222,-4.3001337
0.191224,-4.115208
0.191226,-3.8840513
0.191228,-3.6066632
0.19123,-3.329275
0.191232,-3.0518866
0.191234,-2.728267
0.191236,-2.4046474
0.191238,-2.081028
0.19124,-1.7111769
0.191242,-1.387557
0.191244,-0.9714751
0.191246,-0.601624
0.191248,-0.2317729
0.19125,0.13807821
0.191252,0.5541601
0.191254,0.92401123
0.191256,1.2938623
0.191258,1.6174817
0.19126,1.9873328
0.191262,2.3109517
0.191264,2.6808028
0.191266,2.9581914
0.191268,3.2818112
0.19127,3.5591989
0.191272,3.8365874
0.191274,4.0677447
0.191276,4.298901
0.191278,4.437596
0.19127999,4.622521
0.191282,4.7612157
0.191284,4.8536773
0.191286,4.946141
0.191288,4.992371
0.19129,5.0386033
0.191292,5.0386033
0.191294,4.992371
0.191296,4.946141
0.191298,4.8536773
0.1913,4.7149835
0.191302,4.5762897
0.191304,4.437596
0.191306,4.252671
0.191308,4.0215135
0.19131,3.7903562
0.191312,3.5591989
0.191314,3.23558
0.191316,2.9581914
0.191318,2.6345725
0.19132,2.3109517
0.191322,1.9411016
0.191324,1.6174817
0.19132599,1.2476311
0.191328,0.87777996
0.19133,0.50792885
0.191332,0.13807821
0.191334,-0.27800417
0.191336,-0.6478553
0.191338,-1.0177064
0.19134,-1.387557
0.191342,-1.7111769
0.191344,-2.081028
0.191346,-2.4046474
0.191348,-2.7744985
0.19135,-3.0518866
0.191352,-3.3755062
0.191354,-3.6528945
0.191356,-3.8840513
0.191358,-4.115208
0.19136,-4.346365
0.191362,-4.4850593
0.191364,-4.669985
0.191366,-4.7624474
0.191368,-4.9011416
0.19137,-4.947373
0.19137199,-4.993604
0.191374,-5.0398355
0.191376,-4.993604
0.191378,-4.993604
0.19138,-4.9011416
0.191382,-4.8086786
0.191384,-4.669985
0.191386,-4.5312905
0.191388,-4.3925962
0.19139,-4.1614394
0.191392,-3.976514
0.191394,-3.6991258
0.191396,-3.4217377
0.191398,-3.1443493
0.1914,-2.866961
0.191402,-2.4971101
0.191404,-2.1734905
0.191406,-1.8036394
0.191408,-1.48002
0.19141,-1.1101689
0.191412,-0.7403178
0.191414,-0.3704667
0.191416,0.045615196
0.19141799,0.4154663
0.19142,0.7853174
0.191422,1.1551685
0.191424,1.5250192
0.191426,1.8486385
0.191428,2.2184901
0.19143,2.542109
0.191432,2.8657289
0.191434,3.1893477
0.191436,3.4667363
0.191438,3.744125
0.19144,3.9752812
0.191442,4.2064385
0.191444,4.3913646
0.191446,4.5300584
0.191448,4.7149835
0.19145,4.807446
0.191452,4.8999095
0.191454,4.992371
0.191456,5.0386033
0.191458,5.0386033
0.19146,4.992371
0.191462,4.946141
0.191464,4.8999095
0.191466,4.7612157
0.191468,4.622521
0.19147,4.483826
0.191472,4.3451324
0.191474,4.113976
0.191476,3.8828197
0.191478,3.605431
0.19148,3.3280425
0.191482,3.050654
0.191484,2.727035
0.191486,2.4034152
0.191488,2.0797954
0.19149,1.7099442
0.191492,1.3863249
0.191494,1.0164738
0.191496,0.64662313
0.191498,0.23054075
0.1915,-0.13931036
0.191502,-0.5091615
0.191504,-0.8790121
0.191506,-1.2488632
0.191508,-1.6187139
0.19151,-1.9885652
0.191512,-2.3121846
0.191514,-2.6358042
0.191516,-2.9594238
0.191518,-3.2830436
0.19152,-3.5604317
0.191522,-3.7915885
0.191524,-4.068977
0.191526,-4.2539024
0.19152799,-4.4388275
0.19153,-4.577522
0.191532,-4.716216
0.191534,-4.85491
0.191536,-4.947373
0.191538,-4.993604
0.19154,-5.0398355
0.191542,-4.993604
0.191544,-4.993604
0.191546,-4.947373
0.191548,-4.85491
0.19155,-4.716216
0.191552,-4.577522
0.191554,-4.4388275
0.191556,-4.2539024
0.191558,-4.022745
0.19156,-3.7915885
0.191562,-3.5142004
0.191564,-3.236812
0.191566,-2.9594238
0.191568,-2.6358042
0.19157,-2.3121846
0.191572,-1.9423337
0.19157399,-1.5724826
0.191576,-1.2488632
0.191578,-0.8790121
0.19158,-0.46292973
0.191582,-0.09307861
0.191584,0.27677202
0.191586,0.6928544
0.191588,1.0627055
0.19159,1.4325566
0.191592,1.756176
0.191594,2.126027
0.191596,2.4496465
0.191598,2.7732663
0.1916,3.0968862
0.191602,3.3742738
0.191604,3.6516623
0.191606,3.92905
0.191608,4.1602073
0.19161,4.3451324
0.191612,4.5300584
0.191614,4.668752
0.191616,4.807446
0.191618,4.8999095
0.19161999,4.992371
0.191622,5.0386033
0.191624,5.0386033
0.191626,5.0386033
0.191628,4.992371
0.19163,4.8999095
0.191632,4.807446
0.191634,4.668752
0.191636,4.5300584
0.191638,4.3913646
0.19164,4.1602073
0.191642,3.9752812
0.191644,3.6978936
0.191646,3.420505
0.191648,3.1431174
0.19165,2.8194976
0.191652,2.4958777
0.191654,2.172258
0.191656,1.8486385
0.191658,1.4787879
0.19166,1.1089368
0.191662,0.7390857
0.191664,0.36923456
0.19166599,-6.160736E-4
0.191668,-0.41669846
0.19167,-0.78654957
0.191672,-1.1564007
0.191674,-1.48002
0.191676,-1.8498712
0.191678,-2.2197218
0.19168,-2.5433414
0.191682,-2.866961
0.191684,-3.1905808
0.191686,-3.467969
0.191688,-3.745357
0.19169,-3.976514
0.191692,-4.2076707
0.191694,-4.3925962
0.191696,-4.5312905
0.191698,-4.716216
0.1917,-4.8086786
0.191702,-4.9011416
0.191704,-4.993604
0.191706,-4.993604
0.191708,-5.0398355
0.19171,-4.993604
0.191712,-4.947373
0.191714,-4.85491
0.191716,-4.7624474
0.191718,-4.623753
0.19172,-4.4850593
0.191722,-4.3001337
0.191724,-4.115208
0.191726,-3.8840513
0.191728,-3.6066632
0.19173,-3.329275
0.191732,-3.0518866
0.191734,-2.728267
0.191736,-2.4046474
0.191738,-2.081028
0.19174,-1.7111769
0.191742,-1.387557
0.191744,-0.9714751
0.191746,-0.601624
0.191748,-0.2317729
0.19175,0.7853174
0.191752,2.357184
0.191754,3.744125
0.191756,4.5762897
0.191758,4.8999095
0.19176,4.5762897
0.191762,3.744125
0.191764,2.4034152
0.191766,0.8315482
0.191768,-0.9252434
0.19177,-2.4971101
0.191772,-3.8378198
0.191774,-4.669985
0.19177599,-4.947373
0.191778,-4.577522
0.19178,-3.6991258
0.191782,-2.3584158
0.191784,-0.7403178
0.191786,1.0164738
0.191788,2.6345725
0.19179,3.92905
0.191792,4.668752
0.191794,4.8999095
0.191796,4.5300584
0.191798,3.605431
0.1918,2.2184901
0.191802,0.60039186
0.191804,-1.1564007
0.191806,-2.6820357
0.191808,-3.976514
0.19181,-4.716216
0.191812,-4.9011416
0.191814,-4.4850593
0.191816,-3.5604317
0.191818,-2.1272593
0.19182,-0.46292973
0.19182199,1.2938623
0.191824,2.8194976
0.191826,4.0677447
0.191828,4.7612157
0.19183,4.8999095
0.191832,4.437596
0.191834,3.420505
0.191836,1.9873328
0.191838,0.3230033
0.19184,-1.387557
0.191842,-2.9131925
0.191844,-4.115208
0.191846,-4.7624474
0.191848,-4.85491
0.19185,-4.3925962
0.191852,-3.3755062
0.191854,-1.8961024
0.191856,-0.2317729
0.191858,1.4787879
0.19186,3.050654
0.191862,4.2064385
0.191864,4.807446
0.191866,4.8536773
0.19186799,4.3451324
0.19187,3.23558
0.191872,1.756176
0.191874,0.091846466
0.191876,-1.5724826
0.191878,-3.098118
0.19188,-4.2539024
0.191882,-4.85491
0.191884,-4.85491
0.191886,-4.3001337
0.191888,-3.1905808
0.19189,-1.6649456
0.191892,0.045615196
0.191894,1.756176
0.191896,3.23558
0.191898,4.3451324
0.1919,4.8536773
0.191902,4.807446
0.191904,4.2064385
0.191906,3.050654
0.191908,1.5250192
0.19191,-0.13931036
0.191912,-1.8036394
0.19191399,-3.2830436
0.191916,-4.3925962
0.191918,-4.85491
0.19192,-4.8086786
0.191922,-4.1614394
0.191924,-2.9594238
0.191926,-1.4337888
0.191928,0.27677202
0.19193,1.9873328
0.191932,3.420505
0.191934,4.437596
0.191936,4.8999095
0.191938,4.7612157
0.19194,4.0677447
0.191942,2.8657289
0.191944,1.3400936
0.191946,-0.41669846
0.191948,-2.0347965
0.19195,-3.467969
0.191952,-4.4388275
0.191954,-4.9011416
0.191956,-4.716216
0.191958,-4.022745
0.19196,-2.7744985
0.191962,-1.202632
0.191964,0.5541601
0.191966,2.2184901
0.191968,3.605431
0.19197,4.5300584
0.191972,4.8999095
0.191974,4.7149835
0.191976,3.92905
0.191978,2.6345725
0.19198,1.0627055
0.191982,-0.6478553
0.191984,-2.2659533
0.191986,-3.6528945
0.191988,-4.577522
0.19199,-4.9011416
0.191992,-4.669985
0.191994,-3.8378198
0.191996,-2.589573
0.191998,-0.9714751
0.192,0.7853174
0.192002,2.4034152
0.192004,3.744125
0.192006,4.622521
0.192008,4.8999095
0.19201,4.622521
0.192012,3.7903562
0.192014,2.4496465
0.192016,0.8315482
0.192018,-0.8790121
0.19202,-2.4971101
0.192022,-3.8378198
0.19202399,-4.623753
0.192026,-4.9011416
0.192028,-4.577522
0.19203,-3.6991258
0.192032,-2.3584158
0.192034,-0.694087
0.192036,1.0627055
0.192038,2.6345725
0.19204,3.92905
0.192042,4.7149835
0.192044,4.8999095
0.192046,4.5300584
0.192048,3.605431
0.19205,2.2184901
0.192052,0.60039186
0.192054,-1.1101689
0.192056,-2.6820357
0.192058,-3.976514
0.19206,-4.716216
0.192062,-4.9011416
0.192064,-4.4850593
0.192066,-3.5142004
0.192068,-2.1272593
0.19206999,-0.46292973
0.192072,1.2938623
0.192074,2.8657289
0.192076,4.0677447
0.192078,4.7612157
0.19208,4.8999095
0.192082,4.437596
0.192084,3.420505
0.192086,1.9873328
0.192088,0.3230033
0.19209,-1.387557
0.192092,-2.9131925
0.192094,-4.115208
0.192096,-4.7624474
0.192098,-4.85491
0.1921,-4.3925962
0.192102,-3.3755062
0.192104,-1.8961024
0.192106,-0.18554163
0.192108,1.5250192
0.19211,3.050654
0.192112,4.2064385
0.192114,4.807446
0.19211599,4.8536773
0.192118,4.3451324
0.19212,3.23558
0.192122,1.756176
0.192124,0.091846466
0.192126,-1.5724826
0.192128,-3.098118
0.19213,-4.2539024
0.192132,-4.85491
0.192134,-4.85491
0.192136,-4.2539024
0.192138,-3.1905808
0.19214,-1.6649456
0.192142,0.045615196
0.192144,1.756176
0.192146,3.23558
0.192148,4.3451324
0.19215,4.8536773
0.192152,4.807446
0.192154,4.2064385
0.192156,3.050654
0.192158,1.5250192
0.19216,-0.13931036
0.19216199,-1.8036394
0.192164,-3.2830436
0.192166,-4.3925962
0.192168,-4.85491
0.19217,-4.8086786
0.192172,-4.1614394
0.192174,-2.9594238
0.192176,-1.4337888
0.192178,0.27677202
0.19218,1.9873328
0.192182,3.420505
0.192184,4.437596
0.192186,4.8999095
0.192188,4.7612157
0.19219,4.0677447
0.192192,2.8657289
0.192194,1.3400936
0.192196,-0.41669846
0.192198,-2.0347965
0.1922,-3.467969
0.192202,-4.4388275
0.192204,-4.9011416
0.192206,-4.716216
0.19220799,-4.022745
0.19221,-2.7744985
0.192212,-1.202632
0.192214,0.5541601
0.192216,2.2184901
0.192218,3.605431
0.19222,4.5300584
0.192222,4.8999095
0.192224,4.7149835
0.192226,3.92905
0.192228,2.6345725
0.19223,1.0627055
0.192232,-0.6478553
0.192234,-2.2659533
0.192236,-3.6528945
0.192238,-4.577522
0.19224,-4.9011416
0.192242,-4.669985
0.192244,-3.8378198
0.192246,-2.589573
0.192248,-0.9714751
0.19225,0.7853174
0.192252,2.4034152
0.192254,3.7903562
0.192256,4.622521
0.192258,4.946141
0.19226,4.622521
0.192262,3.7903562
0.192264,2.4496465
0.192266,0.8315482
0.192268,-0.8790121
0.19227,-2.4971101
0.192272,-3.8378198
0.192274,-4.623753
0.192276,-4.9011416
0.192278,-4.577522
0.19228,-3.6991258
0.192282,-2.3584158
0.192284,-0.694087
0.192286,1.0627055
0.192288,2.6345725
0.19229,3.92905
0.192292,4.7149835
0.192294,4.8999095
0.192296,4.5300584
0.192298,3.605431
0.1923,2.2184901
0.192302,0.60039186
0.192304,-1.1101689
0.192306,-2.6820357
0.192308,-3.976514
0.19231,-4.716216
0.192312,-4.9011416
0.192314,-4.4850593
0.192316,-3.5142004
0.19231799,-2.1272593
0.19232,-0.46292973
0.192322,1.2938623
0.192324,2.8657289
0.192326,4.0677447
0.192328,4.7612157
0.19233,4.8999095
0.192332,4.437596
0.192334,3.420505
0.192336,1.9873328
0.192338,0.3230033
0.19234,-1.387557
0.192342,-2.9131925
0.192344,-4.115208
0.192346,-4.7624474
0.192348,-4.85491
0.19235,-4.3925962
0.192352,-3.3755062
0.192354,-1.8961024
0.192356,-0.18554163
0.192358,1.5250192
0.19236,3.050654
0.192362,4.2064385
0.19236399,4.807446
0.192366,4.8536773
0.192368,4.3451324
0.19237,3.23558
0.192372,1.756176
0.192374,0.091846466
0.192376,-1.5724826
0.192378,-3.098118
0.19238,-4.2539024
0.192382,-4.85491
0.192384,-4.85491
0.192386,-4.2539024
0.192388,-3.1905808
0.19239,-1.6649456
0.192392,0.045615196
0.192394,1.756176
0.192396,3.23558
0.192398,4.3451324
0.1924,4.8536773
0.192402,4.807446
0.192404,4.2064385
0.192406,3.050654
0.192408,1.5250192
0.19240999,-0.13931036
0.192412,-1.8036394
0.192414,-3.2830436
0.192416,-4.3925962
0.192418,-4.85491
0.19242,-4.8086786
0.192422,-4.1614394
0.192424,-2.9594238
0.192426,-1.4337888
0.192428,0.3230033
0.19243,1.9873328
0.192432,3.420505
0.192434,4.437596
0.192436,4.8999095
0.192438,4.7612157
0.19244,4.0677447
0.192442,2.8657289
0.192444,1.3400936
0.192446,-0.41669846
0.192448,-2.0347965
0.19245,-3.467969
0.192452,-4.4388275
0.192454,-4.9011416
0.19245599,-4.716216
0.192458,-4.022745
0.19246,-2.7744985
0.192462,-1.202632
0.192464,0.5541601
0.192466,2.2184901
0.192468,3.605431
0.19247,4.5300584
0.192472,4.8999095
0.192474,4.7149835
0.192476,3.92905
0.192478,2.6345725
0.19248,1.0627055
0.192482,-0.6478553
0.192484,-2.2659533
0.192486,-3.6528945
0.192488,-4.577522
0.19249,-4.9011416
0.192492,-4.669985
0.192494,-3.8378198
0.192496,-2.589573
0.192498,-0.9714751
0.1925,0.7853174
0.192502,2.4034152
0.192504,3.7903562
0.192506,4.622521
0.192508,4.946141
0.19251,4.622521
0.192512,3.7903562
0.192514,2.4496465
0.192516,0.8315482
0.192518,-0.8790121
0.19252,-2.4971101
0.192522,-3.8378198
0.192524,-4.669985
0.192526,-4.9011416
0.192528,-4.577522
0.19253,-3.6991258
0.192532,-2.3584158
0.192534,-0.694087
0.192536,1.0627055
0.192538,2.6345725
0.19254,3.92905
0.192542,4.7149835
0.192544,4.8999095
0.192546,4.5300584
0.192548,3.605431
0.19255,2.2184901
0.192552,0.60039186
0.192554,-1.1564007
0.192556,-2.6820357
0.192558,-3.976514
0.19256,-4.716216
0.192562,-4.9011416
0.192564,-4.4850593
0.19256599,-3.5142004
0.192568,-2.1272593
0.19257,-0.46292973
0.192572,1.2938623
0.192574,2.8657289
0.192576,4.0677447
0.192578,4.7612157
0.19258,4.8999095
0.192582,4.437596
0.192584,3.420505
0.192586,1.9873328
0.192588,0.3230033
0.19259,-1.387557
0.192592,-2.9131925
0.192594,-4.115208
0.192596,-4.7624474
0.192598,-4.85491
0.1926,-4.3925962
0.192602,-3.3755062
0.192604,-1.8961024
0.192606,-0.18554163
0.192608,1.5250192
0.19261,3.050654
0.19261199,4.2064385
0.192614,4.807446
0.192616,4.8536773
0.192618,4.3451324
0.19262,3.23558
0.192622,1.756176
0.192624,0.091846466
0.192626,-1.5724826
0.192628,-3.098118
0.19263,-4.2539024
0.192632,-4.85491
0.192634,-4.85491
0.192636,-4.2539024
0.192638,-3.1905808
0.19264,-1.6649456
0.192642,0.045615196
0.192644,1.756176
0.192646,3.23558
0.192648,4.3451324
0.19265,4.8536773
0.192652,4.807446
0.192654,4.2064385
0.192656,3.050654
0.19265799,1.5250192
0.19266,-0.13931036
0.192662,-1.8036394
0.192664,-3.2830436
0.192666,-4.3925962
0.192668,-4.85491
0.19267,-4.8086786
0.192672,-4.1614394
0.192674,-2.9594238
0.192676,-1.4337888
0.192678,0.3230033
0.19268,1.9873328
0.192682,3.420505
0.192684,4.437596
0.192686,4.8999095
0.192688,4.7612157
0.19269,4.0677447
0.192692,2.8657289
0.192694,1.3400936
0.192696,-0.41669846
0.192698,-2.0347965
0.1927,-3.467969
0.192702,-4.4850593
0.19270399,-4.9011416
0.192706,-4.716216
0.192708,-4.022745
0.19271,-2.7744985
0.192712,-1.202632
0.192714,0.5541601
0.192716,2.2184901
0.192718,3.605431
0.19272,4.5300584
0.192722,4.8999095
0.192724,4.7149835
0.192726,3.92905
0.192728,2.6345725
0.19273,1.0627055
0.192732,-0.6478553
0.192734,-2.2659533
0.192736,-3.6528945
0.192738,-4.577522
0.19274,-4.9011416
0.192742,-4.669985
0.192744,-3.8378198
0.192746,-2.589573
0.192748,-0.9714751
0.19275,0.184309
0.192752,0.60039186
0.192754,0.970243
0.192756,1.3400936
0.192758,1.6637135
0.19276,2.033564
0.192762,2.357184
0.192764,2.6808028
0.192766,3.0044227
0.192768,3.3280425
0.19277,3.605431
0.192772,3.8365874
0.192774,4.0677447
0.192776,4.298901
0.192778,4.437596
0.19278,4.622521
0.192782,4.7612157
0.192784,4.8536773
0.192786,4.946141
0.192788,4.992371
0.19279,5.0386033
0.192792,5.0386033
0.192794,4.992371
0.192796,4.946141
0.192798,4.8536773
0.1928,4.7612157
0.192802,4.5762897
0.192804,4.437596
0.192806,4.252671
0.192808,4.0215135
0.19281,3.7903562
0.192812,3.5591989
0.19281399,3.23558
0.192816,2.9581914
0.192818,2.6345725
0.19282,2.3109517
0.192822,1.9411016
0.192824,1.6174817
0.192826,1.2476311
0.192828,0.87777996
0.19283,0.50792885
0.192832,0.13807821
0.192834,-0.27800417
0.192836,-0.6478553
0.192838,-1.0177064
0.19284,-1.387557
0.192842,-1.7111769
0.192844,-2.081028
0.192846,-2.4046474
0.192848,-2.7744985
0.19285,-3.0518866
0.192852,-3.3755062
0.192854,-3.6528945
0.192856,-3.8840513
0.192858,-4.115208
0.19285999,-4.346365
0.192862,-4.4850593
0.192864,-4.669985
0.192866,-4.7624474
0.192868,-4.9011416
0.19287,-4.947373
0.192872,-4.993604
0.192874,-5.0398355
0.192876,-4.993604
0.192878,-4.947373
0.19288,-4.9011416
0.192882,-4.8086786
0.192884,-4.669985
0.192886,-4.5312905
0.192888,-4.3925962
0.19289,-4.1614394
0.192892,-3.976514
0.192894,-3.6991258
0.192896,-3.4217377
0.192898,-3.1443493
0.1929,-2.8207297
0.192902,-2.4971101
0.192904,-2.1734905
0.19290599,-1.8036394
0.192908,-1.48002
0.19291,-1.1101689
0.192912,-0.7403178
0.192914,-0.3704667
0.192916,0.045615196
0.192918,0.4154663
0.19292,0.7853174
0.192922,1.1551685
0.192924,1.5250192
0.192926,1.8948698
0.192928,2.2184901
0.19293,2.542109
0.192932,2.8657289
0.192934,3.1893477
0.192936,3.4667363
0.192938,3.744125
0.19294,3.9752812
0.192942,4.2064385
0.192944,4.3913646
0.192946,4.5762897
0.192948,4.7149835
0.19295,4.807446
0.19295199,4.8999095
0.192954,4.992371
0.192956,5.0386033
0.192958,5.0386033
0.19296,4.992371
0.192962,4.946141
0.192964,4.8999095
0.192966,4.7612157
0.192968,4.622521
0.19297,4.483826
0.192972,4.3451324
0.192974,4.113976
0.192976,3.8828197
0.192978,3.605431
0.19298,3.3280425
0.192982,3.050654
0.192984,2.727035
0.192986,2.4034152
0.192988,2.0797954
0.19299,1.7099442
0.192992,1.3863249
0.192994,1.0164738
0.192996,0.64662313
0.192998,0.23054075
0.193,-0.13931036
0.193002,-0.5091615
0.193004,-0.8790121
0.193006,-1.2950945
0.193008,-1.6187139
0.19301,-1.9885652
0.193012,-2.3121846
0.193014,-2.6358042
0.193016,-2.9594238
0.193018,-3.2830436
0.19302,-3.5604317
0.193022,-3.7915885
0.193024,-4.068977
0.193026,-4.2539024
0.193028,-4.4388275
0.19303,-4.577522
0.193032,-4.716216
0.193034,-4.85491
0.193036,-4.947373
0.193038,-4.993604
0.19304,-5.0398355
0.193042,-4.993604
0.193044,-4.993604
0.193046,-4.947373
0.193048,-4.85491
0.19305,-4.716216
0.193052,-4.577522
0.193054,-4.4388275
0.193056,-4.2539024
0.193058,-4.022745
0.19306,-3.7915885
0.19306199,-3.5142004
0.193064,-3.236812
0.193066,-2.9594238
0.193068,-2.6358042
0.19307,-2.3121846
0.193072,-1.9423337
0.193074,-1.5724826
0.193076,-1.2488632
0.193078,-0.8790121
0.19308,-0.46292973
0.193082,-0.09307861
0.193084,0.27677202
0.193086,0.64662313
0.193088,1.0164738
0.19309,1.4325566
0.193092,1.756176
0.193094,2.126027
0.193096,2.4496465
0.193098,2.7732663
0.1931,3.0968862
0.193102,3.3742738
0.193104,3.6516623
0.193106,3.92905
0.19310799,4.1602073
0.19311,4.3451324
0.193112,4.483826
0.193114,4.668752
0.193116,4.807446
0.193118,4.8999095
0.19312,4.946141
0.193122,4.992371
0.193124,5.0386033
0.193126,5.0386033
0.193128,4.992371
0.19313,4.8999095
0.193132,4.807446
0.193134,4.668752
0.193136,4.5300584
0.193138,4.3913646
0.19314,4.2064385
0.193142,3.9752812
0.193144,3.6978936
0.193146,3.420505
0.193148,3.1431174
0.19315,2.8657289
0.193152,2.542109
0.19315399,2.172258
0.193156,1.8486385
0.193158,1.4787879
0.19316,1.1089368
0.193162,0.7390857
0.193164,0.36923456
0.193166,-6.160736E-4
0.193168,-0.41669846
0.19317,-0.78654957
0.193172,-1.1564007
0.193174,-1.48002
0.193176,-1.8498712
0.193178,-2.2197218
0.19318,-2.5433414
0.193182,-2.866961
0.193184,-3.1905808
0.193186,-3.467969
0.193188,-3.745357
0.19319,-3.976514
0.193192,-4.2076707
0.193194,-4.3925962
0.193196,-4.5312905
0.193198,-4.716216
0.19319999,-4.8086786
0.193202,-4.9011416
0.193204,-4.993604
0.193206,-4.993604
0.193208,-5.0398355
0.19321,-4.993604
0.193212,-4.947373
0.193214,-4.85491
0.193216,-4.7624474
0.193218,-4.623753
0.19322,-4.4850593
0.193222,-4.3001337
0.193224,-4.115208
0.193226,-3.8840513
0.193228,-3.6066632
0.19323,-3.329275
0.193232,-3.0518866
0.193234,-2.728267
0.193236,-2.4046474
0.193238,-2.081028
0.19324,-1.7111769
0.193242,-1.3413262
0.193244,-0.9714751
0.19324599,-0.601624
0.193248,-0.2317729
0.19325,0.13807821
0.193252,0.5541601
0.193254,0.92401123
0.193256,1.2938623
0.193258,1.6174817
0.19326,1.9873328
0.193262,2.3109517
0.193264,2.6808028
0.193266,3.0044227
0.193268,3.2818112
0.19327,3.5591989
0.193272,3.8365874
0.193274,4.0677447
0.193276,4.298901
0.193278,4.437596
0.19328,4.622521
0.193282,4.7612157
0.193284,4.8536773
0.193286,4.946141
0.193288,4.992371
0.19329,5.0386033
0.193292,5.0386033
0.193294,4.992371
0.193296,4.946141
0.193298,4.8536773
0.1933,4.7149835
0.193302,4.5762897
0.193304,4.437596
0.193306,4.252671
0.193308,4.0215135
0.19331,3.7903562
0.193312,3.5129685
0.193314,3.23558
0.193316,2.9581914
0.193318,2.6345725
0.19332,2.3109517
0.193322,1.9411016
0.193324,1.5712504
0.193326,1.2476311
0.193328,0.87777996
0.19333,0.50792885
0.193332,0.13807821
0.193334,-0.27800417
0.193336,-0.6478553
0.193338,-1.0177064
0.19334,-1.387557
0.193342,-1.7111769
0.193344,-2.081028
0.193346,-2.4046474
0.193348,-2.7744985
0.19335,-3.0518866
0.193352,-3.3755062
0.193354,-3.6528945
0.19335599,-3.8840513
0.193358,-4.115208
0.19336,-4.346365
0.193362,-4.4850593
0.193364,-4.669985
0.193366,-4.7624474
0.193368,-4.9011416
0.19337,-4.947373
0.193372,-4.993604
0.193374,-5.0398355
0.193376,-4.993604
0.193378,-4.947373
0.19338,-4.9011416
0.193382,-4.8086786
0.193384,-4.669985
0.193386,-4.5312905
0.193388,-4.3925962
0.19339,-4.1614394
0.193392,-3.9302826
0.193394,-3.6991258
0.193396,-3.4217377
0.193398,-3.1443493
0.1934,-2.8207297
0.19340199,-2.4971101
0.193404,-2.1734905
0.193406,-1.8036394
0.193408,-1.48002
0.19341,-1.1101689
0.193412,-0.7403178
0.193414,-0.3704667
0.193416,0.045615196
0.193418,0.4154663
0.19342,0.7853174
0.193422,1.1551685
0.193424,1.5250192
0.193426,1.8486385
0.193428,2.2184901
0.19343,2.542109
0.193432,2.8657289
0.193434,3.1893477
0.193436,3.4667363
0.193438,3.744125
0.19344,3.9752812
0.193442,4.2064385
0.193444,4.3913646
0.193446,4.5762897
0.19344799,4.7149835
0.19345,4.807446
0.193452,4.8999095
0.193454,4.992371
0.193456,5.0386033
0.193458,5.0386033
0.19346,4.992371
0.193462,4.946141
0.193464,4.8999095
0.193466,4.7612157
0.193468,4.622521
0.19347,4.483826
0.193472,4.3451324
0.193474,4.113976
0.193476,3.8828197
0.193478,3.605431
0.19348,3.3280425
0.193482,3.050654
0.193484,2.727035
0.193486,2.4034152
0.193488,2.0797954
0.19349,1.7099442
0.193492,1.3863249
0.19349399,1.0164738
0.193496,0.64662313
0.193498,0.23054075
0.1935,-0.13931036
0.193502,-0.5091615
0.193504,-0.8790121
0.193506,-1.2950945
0.193508,-1.6187139
0.19351,-1.9885652
0.193512,-2.3121846
0.193514,-2.6358042
0.193516,-2.9594238
0.193518,-3.2830436
0.19352,-3.5604317
0.193522,-3.7915885
0.193524,-4.068977
0.193526,-4.2539024
0.193528,-4.4388275
0.19353,-4.577522
0.193532,-4.716216
0.193534,-4.85491
0.193536,-4.947373
0.193538,-4.993604
0.19354,-5.0398355
0.193542,-4.993604
0.193544,-4.993604
0.193546,-4.947373
0.193548,-4.85491
0.19355,-4.716216
0.193552,-4.577522
0.193554,-4.4388275
0.193556,-4.2539024
0.193558,-4.022745
0.19356,-3.7915885
0.193562,-3.5142004
0.193564,-3.236812
0.193566,-2.9594238
0.193568,-2.6358042
0.19357,-2.3121846
0.193572,-1.9423337
0.193574,-1.5724826
0.193576,-1.2488632
0.193578,-0.8790121
0.19358,-0.46292973
0.193582,-0.09307861
0.193584,0.27677202
0.193586,0.64662313
0.193588,1.0164738
0.19359,1.4325566
0.193592,1.756176
0.193594,2.126027
0.193596,2.4496465
0.193598,2.7732663
0.1936,3.0968862
0.193602,3.3742738
0.19360399,3.6516623
0.193606,3.92905
0.193608,4.1602073
0.19361,4.3451324
0.193612,4.483826
0.193614,4.668752
0.193616,4.807446
0.193618,4.8999095
0.19362,4.946141
0.193622,4.992371
0.193624,5.0386033
0.193626,5.0386033
0.193628,4.992371
0.19363,4.8999095
0.193632,4.807446
0.193634,4.668752
0.193636,4.5300584
0.193638,4.3913646
0.19364,4.2064385
0.193642,3.9752812
0.193644,3.6978936
0.193646,3.420505
0.193648,3.1431174
0.19364999,2.8194976
0.193652,2.542109
0.193654,2.172258
0.193656,1.8486385
0.193658,1.4787879
0.19366,1.1089368
0.193662,0.7390857
0.193664,0.36923456
0.193666,-6.160736E-4
0.193668,-0.41669846
0.19367,-0.78654957
0.193672,-1.1564007
0.193674,-1.48002
0.193676,-1.8498712
0.193678,-2.2197218
0.19368,-2.5433414
0.193682,-2.866961
0.193684,-3.1905808
0.193686,-3.467969
0.193688,-3.745357
0.19369,-3.976514
0.193692,-4.2076707
0.193694,-4.3925962
0.19369599,-4.5312905
0.193698,-4.716216
0.1937,-4.8086786
0.193702,-4.9011416
0.193704,-4.993604
0.193706,-4.993604
0.193708,-5.0398355
0.19371,-4.993604
0.193712,-4.947373
0.193714,-4.85491
0.193716,-4.7624474
0.193718,-4.623753
0.19372,-4.4850593
0.193722,-4.3001337
0.193724,-4.115208
0.193726,-3.8840513
0.193728,-3.6066632
0.19373,-3.329275
0.193732,-3.0518866
0.193734,-2.728267
0.193736,-2.4046474
0.193738,-2.081028
0.19374,-1.7111769
0.19374199,-1.387557
0.193744,-0.9714751
0.193746,-0.601624
0.193748,-0.2317729
0.19375,0.7853174
0.193752,2.357184
0.193754,3.744125
0.193756,4.5762897
0.193758,4.8999095
0.19376,4.5762897
0.193762,3.744125
0.193764,2.4034152
0.193766,0.7853174
0.193768,-0.9252434
0.19377,-2.4971101
0.193772,-3.8378198
0.193774,-4.669985
0.193776,-4.947373
0.193778,-4.577522
0.19378,-3.6991258
0.193782,-2.3584158
0.193784,-0.694087
0.193786,1.0164738
0.193788,2.6345725
0.19379,3.92905
0.193792,4.7149835
0.193794,4.8999095
0.193796,4.5300584
0.193798,3.605431
0.1938,2.2184901
0.193802,0.60039186
0.193804,-1.1564007
0.193806,-2.6820357
0.193808,-3.976514
0.19381,-4.716216
0.193812,-4.9011416
0.193814,-4.4850593
0.193816,-3.5142004
0.193818,-2.1272593
0.19382,-0.46292973
0.193822,1.2938623
0.193824,2.8657289
0.193826,4.0677447
0.193828,4.7612157
0.19383,4.8999095
0.193832,4.437596
0.193834,3.420505
0.193836,1.9873328
0.193838,0.3230033
0.19384,-1.387557
0.193842,-2.9131925
0.193844,-4.115208
0.193846,-4.8086786
0.193848,-4.85491
0.19385,-4.3925962
0.19385199,-3.3755062
0.193854,-1.8961024
0.193856,-0.18554163
0.193858,1.5250192
0.19386,3.050654
0.193862,4.2064385
0.193864,4.807446
0.193866,4.8536773
0.193868,4.3451324
0.19387,3.23558
0.193872,1.756176
0.193874,0.091846466
0.193876,-1.5724826
0.193878,-3.098118
0.19388,-4.2539024
0.193882,-4.85491
0.193884,-4.85491
0.193886,-4.2539024
0.193888,-3.1905808
0.19389,-1.6649456
0.193892,0.045615196
0.193894,1.756176
0.193896,3.23558
0.19389799,4.3451324
0.1939,4.8536773
0.193902,4.807446
0.193904,4.2064385
0.193906,3.050654
0.193908,1.5250192
0.19391,-0.13931036
0.193912,-1.8036394
0.193914,-3.2830436
0.193916,-4.3925962
0.193918,-4.85491
0.19392,-4.8086786
0.193922,-4.1614394
0.193924,-2.9594238
0.193926,-1.4337888
0.193928,0.3230033
0.19393,1.9873328
0.193932,3.420505
0.193934,4.437596
0.193936,4.8999095
0.193938,4.7612157
0.19394,4.0677447
0.193942,2.8657289
0.19394399,1.2938623
0.193946,-0.41669846
0.193948,-2.0347965
0.19395,-3.467969
0.193952,-4.4850593
0.193954,-4.9011416
0.193956,-4.716216
0.193958,-4.022745
0.19396,-2.7744985
0.193962,-1.202632
0.193964,0.5541601
0.193966,2.2184901
0.193968,3.605431
0.19397,4.5300584
0.193972,4.8999095
0.193974,4.7149835
0.193976,3.92905
0.193978,2.6345725
0.19398,1.0627055
0.193982,-0.6478553
0.193984,-2.2659533
0.193986,-3.6528945
0.193988,-4.577522
0.19398999,-4.9011416
0.193992,-4.669985
0.193994,-3.8378198
0.193996,-2.5433414
0.193998,-0.9714751
0.194,0.7853174
0.194002,2.4496465
0.194004,3.7903562
0.194006,4.622521
0.194008,4.8999095
0.19401,4.622521
0.194012,3.744125
0.194014,2.4496465
0.194016,0.8315482
0.194018,-0.8790121
0.19402,-2.4971101
0.194022,-3.8378198
0.194024,-4.669985
0.194026,-4.9011416
0.194028,-4.577522
0.19403,-3.6991258
0.194032,-2.3584158
0.194034,-0.694087
0.194036,1.0627055
0.194038,2.6345725
0.19404,3.92905
0.194042,4.7149835
0.194044,4.8999095
0.194046,4.5300584
0.194048,3.605431
0.19405,2.2184901
0.194052,0.60039186
0.194054,-1.1564007
0.194056,-2.6820357
0.194058,-3.976514
0.19406,-4.716216
0.194062,-4.9011416
0.194064,-4.4850593
0.194066,-3.5142004
0.194068,-2.1272593
0.19407,-0.46292973
0.194072,1.2938623
0.194074,2.8657289
0.194076,4.0677447
0.194078,4.7612157
0.19408,4.8999095
0.194082,4.437596
0.194084,3.420505
0.194086,1.9873328
0.194088,0.3230033
0.19409,-1.387557
0.194092,-2.9131925
0.194094,-4.115208
0.194096,-4.8086786
0.194098,-4.85491
0.19409999,-4.3925962
0.194102,-3.3755062
0.194104,-1.8961024
0.194106,-0.18554163
0.194108,1.5250192
0.19411,3.050654
0.194112,4.2064385
0.194114,4.807446
0.194116,4.8536773
0.194118,4.3451324
0.19412,3.23558
0.194122,1.756176
0.194124,0.091846466
0.194126,-1.5724826
0.194128,-3.098118
0.19413,-4.2539024
0.194132,-4.85491
0.194134,-4.85491
0.194136,-4.2539024
0.194138,-3.1443493
0.19414,-1.6649456
0.194142,0.045615196
0.194144,1.756176
0.19414599,3.23558
0.194148,4.3451324
0.19415,4.8536773
0.194152,4.807446
0.194154,4.2064385
0.194156,3.050654
0.194158,1.5250192
0.19416,-0.13931036
0.194162,-1.8036394
0.194164,-3.2830436
0.194166,-4.3925962
0.194168,-4.85491
0.19417,-4.8086786
0.194172,-4.1614394
0.194174,-2.9594238
0.194176,-1.4337888
0.194178,0.3230033
0.19418,1.9873328
0.194182,3.420505
0.194184,4.437596
0.194186,4.8999095
0.194188,4.7612157
0.19419,4.0677447
0.19419199,2.8657289
0.194194,1.2938623
0.194196,-0.41669846
0.194198,-2.0347965
0.1942,-3.5142004
0.194202,-4.4850593
0.194204,-4.9011416
0.194206,-4.716216
0.194208,-4.022745
0.19421,-2.7744985
0.194212,-1.202632
0.194214,0.5541601
0.194216,2.2184901
0.194218,3.605431
0.19422,4.5300584
0.194222,4.8999095
0.194224,4.7149835
0.194226,3.92905
0.194228,2.6345725
0.19423,1.0627055
0.194232,-0.6478553
0.194234,-2.2659533
0.194236,-3.6528945
0.19423799,-4.577522
0.19424,-4.9011416
0.194242,-4.669985
0.194244,-3.8378198
0.194246,-2.5433414
0.194248,-0.9252434
0.19425,0.7853174
0.194252,2.4496465
0.194254,3.7903562
0.194256,4.622521
0.194258,4.8999095
0.19426,4.622521
0.194262,3.744125
0.194264,2.4496465
0.194266,0.8315482
0.194268,-0.8790121
0.19427,-2.4971101
0.194272,-3.8378198
0.194274,-4.669985
0.194276,-4.9011416
0.194278,-4.577522
0.19428,-3.6991258
0.194282,-2.3584158
0.194284,-0.694087
0.194286,1.0627055
0.194288,2.6345725
0.19429,3.92905
0.194292,4.7149835
0.194294,4.8999095
0.194296,4.5300584
0.194298,3.605431
0.1943,2.2184901
0.194302,0.60039186
0.194304,-1.1564007
0.194306,-2.6820357
0.194308,-3.976514
0.19431,-4.716216
0.194312,-4.9011416
0.194314,-4.4850593
0.194316,-3.5142004
0.194318,-2.1272593
0.19432,-0.46292973
0.194322,1.2938623
0.194324,2.8657289
0.194326,4.0677447
0.194328,4.7612157
0.19433,4.8999095
0.194332,4.437596
0.194334,3.420505
0.194336,1.9873328
0.194338,0.3230033
0.19434,-1.387557
0.194342,-2.9131925
0.194344,-4.115208
0.194346,-4.8086786
0.19434799,-4.85491
0.19435,-4.3925962
0.194352,-3.3755062
0.194354,-1.8961024
0.194356,-0.18554163
0.194358,1.5250192
0.19436,3.050654
0.194362,4.2064385
0.194364,4.807446
0.194366,4.8536773
0.194368,4.3451324
0.19437,3.23558
0.194372,1.756176
0.194374,0.091846466
0.194376,-1.5724826
0.194378,-3.098118
0.19438,-4.2539024
0.194382,-4.85491
0.194384,-4.85491
0.194386,-4.2539024
0.194388,-3.1443493
0.19439,-1.6649456
0.194392,0.045615196
0.19439399,1.756176
0.194396,3.23558
0.194398,4.3451324
0.1944,4.8536773
0.194402,4.807446
0.194404,4.2064385
0.194406,3.050654
0.194408,1.5250192
0.19441,-0.18554163
0.194412,-1.8036394
0.194414,-3.329275
0.194416,-4.3925962
0.194418,-4.85491
0.19442,-4.8086786
0.194422,-4.1614394
0.194424,-2.9594238
0.194426,-1.4337888
0.194428,0.3230033
0.19443,1.9873328
0.194432,3.420505
0.194434,4.437596
0.194436,4.8999095
0.194438,4.7612157
0.19443999,4.0677447
0.194442,2.8657289
0.194444,1.2938623
0.194446,-0.41669846
0.194448,-2.0347965
0.19445,-3.5142004
0.194452,-4.4850593
0.194454,-4.9011416
0.194456,-4.716216
0.194458,-4.022745
0.19446,-2.7744985
0.194462,-1.202632
0.194464,0.5541601
0.194466,2.2184901
0.194468,3.605431
0.19447,4.5300584
0.194472,4.8999095
0.194474,4.7149835
0.194476,3.92905
0.194478,2.6345725
0.19448,1.0627055
0.194482,-0.6478553
0.194484,-2.2659533
0.19448599,-3.6528945
0.194488,-4.577522
0.19449,-4.9011416
0.194492,-4.669985
0.194494,-3.8378198
0.194496,-2.5433414
0.194498,-0.9252434
0.1945,0.7853174
0.194502,2.4496465
0.194504,3.7903562
0.194506,4.622521
0.194508,4.8999095
0.19451,4.622521
0.194512,3.744125
0.194514,2.4496465
0.194516,0.8315482
0.194518,-0.8790121
0.19452,-2.4971101
0.194522,-3.8378198
0.194524,-4.669985
0.194526,-4.9011416
0.194528,-4.577522
0.19453,-3.6991258
0.19453199,-2.3584158
0.194534,-0.694087
0.194536,1.0627055
0.194538,2.6345725
0.19454,3.92905
0.194542,4.7149835
0.194544,4.8999095
0.194546,4.5300584
0.194548,3.605431
0.19455,2.2184901
0.194552,0.60039186
0.194554,-1.1564007
0.194556,-2.6820357
0.194558,-3.976514
0.19456,-4.716216
0.194562,-4.9011416
0.194564,-4.4850593
0.194566,-3.5142004
0.194568,-2.1272593
0.19457,-0.46292973
0.194572,1.2938623
0.194574,2.8657289
0.194576,4.0677447
0.194578,4.7612157
0.19458,4.8999095
0.194582,4.437596
0.194584,3.420505
0.194586,1.9873328
0.194588,0.3230033
0.19459,-1.387557
0.194592,-2.9131925
0.194594,-4.115208
0.194596,-4.8086786
0.194598,-4.85491
0.1946,-4.3925962
0.194602,-3.329275
0.194604,-1.8961024
0.194606,-0.18554163
0.194608,1.5250192
0.19461,3.050654
0.194612,4.2064385
0.194614,4.807446
0.194616,4.8536773
0.194618,4.3451324
0.19462,3.23558
0.194622,1.756176
0.194624,0.091846466
0.194626,-1.5724826
0.194628,-3.098118
0.19463,-4.2539024
0.194632,-4.85491
0.194634,-4.85491
0.194636,-4.2539024
0.194638,-3.1443493
0.19464,-1.6649456
0.19464199,0.045615196
0.194644,1.756176
0.194646,3.23558
0.194648,4.3451324
0.19465,4.8536773
0.194652,4.807446
0.194654,4.2064385
0.194656,3.050654
0.194658,1.5250192
0.19466,-0.18554163
0.194662,-1.8036394
0.194664,-3.329275
0.194666,-4.3925962
0.194668,-4.85491
0.19467,-4.8086786
0.194672,-4.1614394
0.194674,-2.9594238
0.194676,-1.4337888
0.194678,0.3230033
0.19468,1.9873328
0.194682,3.420505
0.194684,4.437596
0.194686,4.8999095
0.19468799,4.7612157
0.19469,4.0677447
0.194692,2.8657289
0.194694,1.2938623
0.194696,-0.41669846
0.194698,-2.0347965
0.1947,-3.5142004
0.194702,-4.4850593
0.194704,-4.9011416
0.194706,-4.716216
0.194708,-4.022745
0.19471,-2.7744985
0.194712,-1.202632
0.194714,0.5541601
0.194716,2.2184901
0.194718,3.605431
0.19472,4.5300584
0.194722,4.8999095
0.194724,4.7149835
0.194726,3.92905
0.194728,2.6345725
0.19473,1.0627055
0.194732,-0.6478553
0.19473399,-2.2659533
0.194736,-3.6528945
0.194738,-4.577522
0.19474,-4.9011416
0.194742,-4.669985
0.194744,-3.8378198
0.194746,-2.5433414
0.194748,-0.9252434
0.19475,0.184309
0.194752,0.60039186
0.194754,0.970243
0.194756,1.3400936
0.194758,1.6637135
0.19476,2.033564
0.194762,2.357184
0.194764,2.6808028
0.194766,3.0044227
0.194768,3.3280425
0.19477,3.605431
0.194772,3.8365874
0.194774,4.0677447
0.194776,4.298901
0.194778,4.437596
0.19477999,4.622521
0.194782,4.7612157
0.194784,4.8536773
0.194786,4.946141
0.194788,4.992371
0.19479,5.0386033
0.194792,5.0386033
0.194794,4.992371
0.194796,4.946141
0.194798,4.8536773
0.1948,4.7149835
0.194802,4.5762897
0.194804,4.437596
0.194806,4.252671
0.194808,4.0215135
0.19481,3.7903562
0.194812,3.5129685
0.194814,3.23558
0.194816,2.9581914
0.194818,2.6345725
0.19482,2.3109517
0.194822,1.9411016
0.194824,1.5712504
0.194826,1.2476311
0.194828,0.87777996
0.19483,0.50792885
0.194832,0.13807821
0.194834,-0.27800417
0.194836,-0.6478553
0.194838,-1.0177064
0.19484,-1.387557
0.194842,-1.7111769
0.194844,-2.081028
0.194846,-2.4046474
0.194848,-2.7744985
0.19485,-3.0518866
0.194852,-3.3755062
0.194854,-3.6528945
0.194856,-3.8840513
0.194858,-4.115208
0.19486,-4.346365
0.194862,-4.4850593
0.194864,-4.669985
0.194866,-4.7624474
0.194868,-4.9011416
0.19487,-4.947373
0.194872,-4.993604
0.194874,-5.0398355
0.194876,-4.993604
0.194878,-4.947373
0.19488,-4.9011416
0.194882,-4.8086786
0.194884,-4.669985
0.194886,-4.5312905
0.194888,-4.3925962
0.19488999,-4.1614394
0.194892,-3.9302826
0.194894,-3.6991258
0.194896,-3.4217377
0.194898,-3.1443493
0.1949,-2.8207297
0.194902,-2.4971101
0.194904,-2.1734905
0.194906,-1.8036394
0.194908,-1.48002
0.19491,-1.1101689
0.194912,-0.7403178
0.194914,-0.3704667
0.194916,0.045615196
0.194918,0.4154663
0.19492,0.7853174
0.194922,1.1551685
0.194924,1.5250192
0.194926,1.8486385
0.194928,2.2184901
0.19493,2.542109
0.194932,2.8657289
0.194934,3.1893477
0.19493599,3.4667363
0.194938,3.744125
0.19494,3.9752812
0.194942,4.2064385
0.194944,4.3913646
0.194946,4.5762897
0.194948,4.7149835
0.19495,4.807446
0.194952,4.8999095
0.194954,4.992371
0.194956,5.0386033
0.194958,5.0386033
0.19496,4.992371
0.194962,4.946141
0.194964,4.8999095
0.194966,4.7612157
0.194968,4.622521
0.19497,4.483826
0.194972,4.3451324
0.194974,4.113976
0.194976,3.8828197
0.194978,3.605431
0.19498,3.3280425
0.19498199,3.050654
0.194984,2.727035
0.194986,2.4034152
0.194988,2.0797954
0.19499,1.7099442
0.194992,1.3863249
0.194994,1.0164738
0.194996,0.64662313
0.194998,0.23054075
0.195,-0.13931036
0.195002,-0.5091615
0.195004,-0.8790121
0.195006,-1.2950945
0.195008,-1.6187139
0.19501,-1.9885652
0.195012,-2.3121846
0.195014,-2.6358042
0.195016,-2.9594238
0.195018,-3.2830436
0.19502,-3.5604317
0.195022,-3.7915885
0.195024,-4.068977
0.195026,-4.2539024
0.19502799,-4.4388275
0.19503,-4.577522
0.195032,-4.716216
0.195034,-4.85491
0.195036,-4.947373
0.195038,-4.993604
0.19504,-5.0398355
0.195042,-4.993604
0.195044,-4.993604
0.195046,-4.947373
0.195048,-4.85491
0.19505,-4.716216
0.195052,-4.577522
0.195054,-4.4388275
0.195056,-4.2539024
0.195058,-4.022745
0.19506,-3.7915885
0.195062,-3.5142004
0.195064,-3.236812
0.195066,-2.9594238
0.195068,-2.6358042
0.19507,-2.3121846
0.195072,-1.9423337
0.195074,-1.5724826
0.195076,-1.2488632
0.195078,-0.8790121
0.19508,-0.46292973
0.195082,-0.09307861
0.195084,0.27677202
0.195086,0.64662313
0.195088,1.0627055
0.19509,1.4325566
0.195092,1.756176
0.195094,2.126027
0.195096,2.4496465
0.195098,2.7732663
0.1951,3.0968862
0.195102,3.3742738
0.195104,3.6516623
0.195106,3.92905
0.195108,4.113976
0.19511,4.3451324
0.195112,4.483826
0.195114,4.668752
0.195116,4.807446
0.195118,4.8999095
0.19512,4.946141
0.195122,5.0386033
0.195124,5.0386033
0.195126,5.0386033
0.195128,4.992371
0.19513,4.8999095
0.195132,4.807446
0.195134,4.668752
0.195136,4.5300584
0.19513799,4.3913646
0.19514,4.2064385
0.195142,3.9752812
0.195144,3.6978936
0.195146,3.420505
0.195148,3.1431174
0.19515,2.8194976
0.195152,2.542109
0.195154,2.172258
0.195156,1.8486385
0.195158,1.4787879
0.19516,1.1089368
0.195162,0.7390857
0.195164,0.36923456
0.195166,-6.160736E-4
0.195168,-0.41669846
0.19517,-0.78654957
0.195172,-1.1564007
0.195174,-1.48002
0.195176,-1.8498712
0.195178,-2.2197218
0.19518,-2.5433414
0.195182,-2.866961
0.19518399,-3.1905808
0.195186,-3.467969
0.195188,-3.745357
0.19519,-3.976514
0.195192,-4.2076707
0.195194,-4.3925962
0.195196,-4.5312905
0.195198,-4.716216
0.1952,-4.8086786
0.195202,-4.9011416
0.195204,-4.993604
0.195206,-4.993604
0.195208,-5.0398355
0.19521,-4.993604
0.195212,-4.947373
0.195214,-4.85491
0.195216,-4.7624474
0.195218,-4.623753
0.19522,-4.4850593
0.195222,-4.3001337
0.195224,-4.115208
0.195226,-3.8840513
0.195228,-3.6066632
0.19522999,-3.329275
0.195232,-3.0518866
0.195234,-2.728267
0.195236,-2.4046474
0.195238,-2.081028
0.19524,-1.7111769
0.195242,-1.3413262
0.195244,-0.9714751
0.195246,-0.601624
0.195248,-0.2317729
0.19525,0.13807821
0.195252,0.5541601
0.195254,0.92401123
0.195256,1.2938623
0.195258,1.6174817
0.19526,1.9873328
0.195262,2.357184
0.195264,2.6808028
0.195266,3.0044227
0.195268,3.2818112
0.19527,3.5591989
0.195272,3.8365874
0.195274,4.0677447
0.19527599,4.298901
0.195278,4.437596
0.19528,4.622521
0.195282,4.7612157
0.195284,4.8536773
0.195286,4.946141
0.195288,4.992371
0.19529,5.0386033
0.195292,5.0386033
0.195294,4.992371
0.195296,4.946141
0.195298,4.8536773
0.1953,4.7149835
0.195302,4.5762897
0.195304,4.437596
0.195306,4.252671
0.195308,4.0215135
0.19531,3.7903562
0.195312,3.5129685
0.195314,3.23558
0.195316,2.9581914
0.195318,2.6345725
0.19532,2.3109517
0.195322,1.9411016
0.195324,1.5712504
0.195326,1.2476311
0.195328,0.87777996
0.19533,0.50792885
0.195332,0.13807821
0.195334,-0.27800417
0.195336,-0.6478553
0.195338,-1.0177064
0.19534,-1.387557
0.195342,-1.7574081
0.195344,-2.081028
0.195346,-2.4046474
0.195348,-2.7744985
0.19535,-3.0518866
0.195352,-3.3755062
0.195354,-3.6528945
0.195356,-3.8840513
0.195358,-4.115208
0.19536,-4.346365
0.195362,-4.4850593
0.195364,-4.669985
0.195366,-4.7624474
0.195368,-4.9011416
0.19537,-4.947373
0.195372,-4.993604
0.195374,-5.0398355
0.195376,-4.993604
0.195378,-4.947373
0.19538,-4.9011416
0.195382,-4.8086786
0.195384,-4.669985
0.19538599,-4.5312905
0.195388,-4.3925962
0.19539,-4.1614394
0.195392,-3.9302826
0.195394,-3.6991258
0.195396,-3.4217377
0.195398,-3.1443493
0.1954,-2.8207297
0.195402,-2.4971101
0.195404,-2.1734905
0.195406,-1.8036394
0.195408,-1.48002
0.19541,-1.1101689
0.195412,-0.7403178
0.195414,-0.3704667
0.195416,0.045615196
0.195418,0.4154663
0.19542,0.7853174
0.195422,1.1551685
0.195424,1.5250192
0.195426,1.8948698
0.195428,2.2184901
0.19543,2.542109
0.19543199,2.8657289
0.195434,3.1893477
0.195436,3.4667363
0.195438,3.744125
0.19544,3.9752812
0.195442,4.2064385
0.195444,4.3913646
0.195446,4.5762897
0.195448,4.7149835
0.19545,4.807446
0.195452,4.8999095
0.195454,4.992371
0.195456,5.0386033
0.195458,5.0386033
0.19546,4.992371
0.195462,4.946141
0.195464,4.8999095
0.195466,4.7612157
0.195468,4.622521
0.19547,4.483826
0.195472,4.3451324
0.195474,4.113976
0.195476,3.8828197
0.19547799,3.605431
0.19548,3.3280425
0.195482,3.050654
0.195484,2.727035
0.195486,2.4034152
0.195488,2.0797954
0.19549,1.7099442
0.195492,1.3863249
0.195494,1.0164738
0.195496,0.60039186
0.195498,0.23054075
0.1955,-0.13931036
0.195502,-0.5091615
0.195504,-0.9252434
0.195506,-1.2950945
0.195508,-1.6187139
0.19551,-1.9885652
0.195512,-2.3121846
0.195514,-2.6358042
0.195516,-2.9594238
0.195518,-3.2830436
0.19552,-3.5604317
0.195522,-3.8378198
0.19552399,-4.068977
0.195526,-4.2539024
0.195528,-4.4388275
0.19553,-4.577522
0.195532,-4.716216
0.195534,-4.85491
0.195536,-4.947373
0.195538,-4.993604
0.19554,-5.0398355
0.195542,-5.0398355
0.195544,-4.993604
0.195546,-4.947373
0.195548,-4.85491
0.19555,-4.716216
0.195552,-4.577522
0.195554,-4.4388275
0.195556,-4.2539024
0.195558,-4.022745
0.19556,-3.7915885
0.195562,-3.5142004
0.195564,-3.236812
0.195566,-2.9594238
0.195568,-2.6358042
0.19556999,-2.3121846
0.195572,-1.9423337
0.195574,-1.5724826
0.195576,-1.2488632
0.195578,-0.8790121
0.19558,-0.46292973
0.195582,-0.09307861
0.195584,0.27677202
0.195586,0.64662313
0.195588,1.0627055
0.19559,1.4325566
0.195592,1.756176
0.195594,2.126027
0.195596,2.4496465
0.195598,2.7732663
0.1956,3.0968862
0.195602,3.3742738
0.195604,3.6516623
0.195606,3.92905
0.195608,4.1602073
0.19561,4.3451324
0.195612,4.483826
0.195614,4.668752
0.195616,4.807446
0.195618,4.8999095
0.19562,4.946141
0.195622,4.992371
0.195624,5.0386033
0.195626,5.0386033
0.195628,4.992371
0.19563,4.8999095
0.195632,4.807446
0.195634,4.668752
0.195636,4.5300584
0.195638,4.3913646
0.19564,4.2064385
0.195642,3.9752812
0.195644,3.6978936
0.195646,3.420505
0.195648,3.1431174
0.19565,2.8657289
0.195652,2.4958777
0.195654,2.172258
0.195656,1.8486385
0.195658,1.4787879
0.19566,1.1089368
0.195662,0.7390857
0.195664,0.36923456
0.195666,-6.160736E-4
0.195668,-0.41669846
0.19567,-0.78654957
0.195672,-1.1564007
0.195674,-1.48002
0.195676,-1.8498712
0.195678,-2.2197218
0.19567999,-2.5433414
0.195682,-2.866961
0.195684,-3.1905808
0.195686,-3.467969
0.195688,-3.745357
0.19569,-3.976514
0.195692,-4.2076707
0.195694,-4.3925962
0.195696,-4.5312905
0.195698,-4.716216
0.1957,-4.8086786
0.195702,-4.9011416
0.195704,-4.993604
0.195706,-4.993604
0.195708,-5.0398355
0.19571,-4.993604
0.195712,-4.947373
0.195714,-4.85491
0.195716,-4.7624474
0.195718,-4.623753
0.19572,-4.4850593
0.195722,-4.3001337
0.195724,-4.115208
0.19572599,-3.8840513
0.195728,-3.6066632
0.19573,-3.329275
0.195732,-3.0518866
0.195734,-2.728267
0.195736,-2.4046474
0.195738,-2.081028
0.19574,-1.7111769
0.195742,-1.3413262
0.195744,-0.9714751
0.195746,-0.601624
0.195748,-0.2317729
0.19575,0.7853174
0.195752,2.4034152
0.195754,3.744125
0.195756,4.5762897
0.195758,4.8999095
0.19576,4.5762897
0.195762,3.744125
0.195764,2.4034152
0.195766,0.7853174
0.195768,-0.9252434
0.19577,-2.4971101
0.19577199,-3.8378198
0.195774,-4.669985
0.195776,-4.947373
0.195778,-4.577522
0.19578,-3.6991258
0.195782,-2.3584158
0.195784,-0.694087
0.195786,1.0627055
0.195788,2.6345725
0.19579,3.92905
0.195792,4.7149835
0.195794,4.8999095
0.195796,4.5300584
0.195798,3.605431
0.1958,2.2184901
0.195802,0.5541601
0.195804,-1.1564007
0.195806,-2.728267
0.195808,-3.976514
0.19581,-4.716216
0.195812,-4.9011416
0.195814,-4.4850593
0.195816,-3.5142004
0.19581799,-2.1272593
0.19582,-0.46292973
0.195822,1.2938623
0.195824,2.8657289
0.195826,4.0677447
0.195828,4.7612157
0.19583,4.8999095
0.195832,4.437596
0.195834,3.420505
0.195836,1.9873328
0.195838,0.3230033
0.19584,-1.387557
0.195842,-2.9131925
0.195844,-4.115208
0.195846,-4.8086786
0.195848,-4.85491
0.19585,-4.3925962
0.195852,-3.329275
0.195854,-1.8961024
0.195856,-0.18554163
0.195858,1.5250192
0.19586,3.050654
0.195862,4.2064385
0.195864,4.807446
0.195866,4.8536773
0.195868,4.3451324
0.19587,3.23558
0.195872,1.756176
0.195874,0.091846466
0.195876,-1.5724826
0.195878,-3.098118
0.19588,-4.2539024
0.195882,-4.85491
0.195884,-4.85491
0.195886,-4.2539024
0.195888,-3.1443493
0.19589,-1.6649456
0.195892,0.045615196
0.195894,1.756176
0.195896,3.23558
0.195898,4.3451324
0.1959,4.8536773
0.195902,4.807446
0.195904,4.2064385
0.195906,3.050654
0.195908,1.5250192
0.19591,-0.18554163
0.195912,-1.8036394
0.195914,-3.329275
0.195916,-4.3925962
0.195918,-4.85491
0.19592,-4.7624474
0.195922,-4.115208
0.195924,-2.9594238
0.195926,-1.4337888
0.19592799,0.3230033
0.19593,1.9873328
0.195932,3.420505
0.195934,4.437596
0.195936,4.8999095
0.195938,4.7612157
0.19594,4.0677447
0.195942,2.8657289
0.195944,1.2938623
0.195946,-0.41669846
0.195948,-2.0347965
0.19595,-3.5142004
0.195952,-4.4850593
0.195954,-4.9011416
0.195956,-4.716216
0.195958,-3.976514
0.19596,-2.7744985
0.195962,-1.202632
0.195964,0.5541601
0.195966,2.2184901
0.195968,3.605431
0.19597,4.5300584
0.195972,4.8999095
0.19597399,4.668752
0.195976,3.92905
0.195978,2.6345725
0.19598,1.0627055
0.195982,-0.6478553
0.195984,-2.2659533
0.195986,-3.6528945
0.195988,-4.577522
0.19599,-4.9011416
0.195992,-4.669985
0.195994,-3.8378198
0.195996,-2.5433414
0.195998,-0.9252434
0.196,0.8315482
0.196002,2.4496465
0.196004,3.7903562
0.196006,4.622521
0.196008,4.946141
0.19601,4.622521
0.196012,3.744125
0.196014,2.4034152
0.196016,0.8315482
0.196018,-0.9252434
0.19601999,-2.4971101
0.196022,-3.8378198
0.196024,-4.669985
0.196026,-4.9011416
0.196028,-4.577522
0.19603,-3.6991258
0.196032,-2.3584158
0.196034,-0.694087
0.196036,1.0627055
0.196038,2.6345725
0.19604,3.92905
0.196042,4.7149835
0.196044,4.8999095
0.196046,4.5300584
0.196048,3.605431
0.19605,2.2184901
0.196052,0.5541601
0.196054,-1.1564007
0.196056,-2.728267
0.196058,-3.976514
0.19606,-4.716216
0.196062,-4.9011416
0.196064,-4.4850593
0.19606599,-3.5142004
0.196068,-2.1272593
0.19607,-0.46292973
0.196072,1.2938623
0.196074,2.8657289
0.196076,4.0677447
0.196078,4.7612157
0.19608,4.8999095
0.196082,4.437596
0.196084,3.420505
0.196086,1.9873328
0.196088,0.3230033
0.19609,-1.387557
0.196092,-2.9131925
0.196094,-4.115208
0.196096,-4.8086786
0.196098,-4.85491
0.1961,-4.3925962
0.196102,-3.329275
0.196104,-1.8961024
0.196106,-0.18554163
0.196108,1.5250192
0.19611,3.050654
0.196112,4.2064385
0.196114,4.807446
0.196116,4.8536773
0.196118,4.3451324
0.19612,3.23558
0.196122,1.756176
0.196124,0.091846466
0.196126,-1.5724826
0.196128,-3.098118
0.19613,-4.2539024
0.196132,-4.85491
0.196134,-4.85491
0.196136,-4.2539024
0.196138,-3.1443493
0.19614,-1.6649456
0.196142,0.045615196
0.196144,1.756176
0.196146,3.23558
0.196148,4.3451324
0.19615,4.8536773
0.196152,4.807446
0.196154,4.2064385
0.196156,3.050654
0.196158,1.5250192
0.19616,-0.18554163
0.196162,-1.8498712
0.196164,-3.329275
0.196166,-4.3925962
0.196168,-4.85491
0.19617,-4.7624474
0.196172,-4.115208
0.196174,-2.9594238
0.19617599,-1.4337888
0.196178,0.3230033
0.19618,1.9873328
0.196182,3.420505
0.196184,4.437596
0.196186,4.8999095
0.196188,4.7612157
0.19619,4.0677447
0.196192,2.8657289
0.196194,1.2938623
0.196196,-0.41669846
0.196198,-2.0347965
0.1962,-3.5142004
0.196202,-4.4850593
0.196204,-4.9011416
0.196206,-4.716216
0.196208,-3.976514
0.19621,-2.7744985
0.196212,-1.202632
0.196214,0.5541601
0.196216,2.2184901
0.196218,3.605431
0.19622,4.5300584
0.19622199,4.8999095
0.196224,4.668752
0.196226,3.92905
0.196228,2.6345725
0.19623,1.0627055
0.196232,-0.6478553
0.196234,-2.2659533
0.196236,-3.6528945
0.196238,-4.577522
0.19624,-4.9011416
0.196242,-4.669985
0.196244,-3.8378198
0.196246,-2.5433414
0.196248,-0.9252434
0.19625,0.8315482
0.196252,2.4496465
0.196254,3.7903562
0.196256,4.622521
0.196258,4.946141
0.19626,4.622521
0.196262,3.744125
0.196264,2.4034152
0.196266,0.8315482
0.19626799,-0.9252434
0.19627,-2.4971101
0.196272,-3.8378198
0.196274,-4.669985
0.196276,-4.9011416
0.196278,-4.577522
0.19628,-3.6991258
0.196282,-2.3584158
0.196284,-0.694087
0.196286,1.0627055
0.196288,2.6345725
0.19629,3.92905
0.196292,4.7149835
0.196294,4.8999095
0.196296,4.5300584
0.196298,3.605431
0.1963,2.2184901
0.196302,0.5541601
0.196304,-1.1564007
0.196306,-2.728267
0.196308,-3.976514
0.19631,-4.716216
0.196312,-4.9011416
0.19631399,-4.4850593
0.196316,-3.5142004
0.196318,-2.1272593
0.19632,-0.46292973
0.196322,1.2938623
0.196324,2.8657289
0.196326,4.0677447
0.196328,4.7612157
0.19633,4.8999095
0.196332,4.437596
0.196334,3.420505
0.196336,1.9873328
0.196338,0.3230033
0.19634,-1.387557
0.196342,-2.9131925
0.196344,-4.115208
0.196346,-4.8086786
0.196348,-4.85491
0.19635,-4.3925962
0.196352,-3.329275
0.196354,-1.8961024
0.196356,-0.18554163
0.196358,1.5250192
0.19636,3.050654
0.196362,4.2064385
0.196364,4.807446
0.196366,4.8536773
0.196368,4.3451324
0.19637,3.23558
0.196372,1.756176
0.196374,0.091846466
0.196376,-1.6187139
0.196378,-3.098118
0.19638,-4.2539024
0.196382,-4.85491
0.196384,-4.85491
0.196386,-4.2539024
0.196388,-3.1443493
0.19639,-1.6649456
0.196392,0.045615196
0.196394,1.756176
0.196396,3.23558
0.196398,4.3451324
0.1964,4.8536773
0.196402,4.807446
0.196404,4.2064385
0.196406,3.050654
0.196408,1.5250192
0.19641,-0.18554163
0.196412,-1.8498712
0.196414,-3.329275
0.196416,-4.3925962
0.196418,-4.85491
0.19642,-4.7624474
0.196422,-4.115208
0.19642399,-2.9594238
0.196426,-1.4337888
0.196428,0.3230033
0.19643,1.9873328
0.196432,3.420505
0.196434,4.437596
0.196436,4.8999095
0.196438,4.7612157
0.19644,4.0677447
0.196442,2.8657289
0.196444,1.2938623
0.196446,-0.41669846
0.196448,-2.0347965
0.19645,-3.5142004
0.196452,-4.4850593
0.196454,-4.9011416
0.196456,-4.716216
0.196458,-3.976514
0.19646,-2.7744985
0.196462,-1.202632
0.196464,0.5541601
0.196466,2.2184901
0.196468,3.605431
0.19646999,4.5300584
0.196472,4.8999095
0.196474,4.7149835
0.196476,3.92905
0.196478,2.6345725
0.19648,1.0627055
0.196482,-0.6478553
0.196484,-2.2659533
0.196486,-3.6528945
0.196488,-4.577522
0.19649,-4.9011416
0.196492,-4.669985
0.196494,-3.8378198
0.196496,-2.5433414
0.196498,-0.9252434
0.1965,0.8315482
0.196502,2.4496465
0.196504,3.7903562
0.196506,4.622521
0.196508,4.946141
0.19651,4.622521
0.196512,3.744125
0.196514,2.4034152
0.19651599,0.8315482
0.196518,-0.9252434
0.19652,-2.4971101
0.196522,-3.8378198
0.196524,-4.669985
0.196526,-4.9011416
0.196528,-4.577522
0.19653,-3.6991258
0.196532,-2.3584158
0.196534,-0.694087
0.196536,1.0627055
0.196538,2.6345725
0.19654,3.92905
0.196542,4.7149835
0.196544,4.8999095
0.196546,4.5300584
0.196548,3.605431
0.19655,2.2184901
0.196552,0.5541601
0.196554,-1.1564007
0.196556,-2.728267
0.196558,-3.976514
0.19656,-4.716216
0.19656199,-4.9011416
0.196564,-4.4850593
0.196566,-3.5142004
0.196568,-2.1272593
0.19657,-0.41669846
0.196572,1.2938623
0.196574,2.8657289
0.196576,4.0677447
0.196578,4.7612157
0.19658,4.8999095
0.196582,4.437596
0.196584,3.420505
0.196586,1.9873328
0.196588,0.3230033
0.19659,-1.387557
0.196592,-2.9131925
0.196594,-4.115208
0.196596,-4.8086786
0.196598,-4.85491
0.1966,-4.3925962
0.196602,-3.329275
0.196604,-1.8961024
0.196606,-0.18554163
0.196608,1.5250192
0.19661,3.050654
0.196612,4.2064385
0.196614,4.807446
0.196616,4.8536773
0.196618,4.3451324
0.19662,3.23558
0.196622,1.756176
0.196624,0.091846466
0.196626,-1.6187139
0.196628,-3.098118
0.19663,-4.2539024
0.196632,-4.85491
0.196634,-4.85491
0.196636,-4.2539024
0.196638,-3.1443493
0.19664,-1.6649456
0.196642,0.045615196
0.196644,1.756176
0.196646,3.23558
0.196648,4.3451324
0.19665,4.8536773
0.196652,4.807446
0.196654,4.2064385
0.196656,3.050654
0.196658,1.5250192
0.19666,-0.18554163
0.196662,-1.8498712
0.196664,-3.329275
0.196666,-4.3925962
0.196668,-4.85491
0.19667,-4.7624474
0.19667199,-4.115208
0.196674,-2.9594238
0.196676,-1.4337888
0.196678,0.3230033
0.19668,1.9873328
0.196682,3.420505
0.196684,4.437596
0.196686,4.8999095
0.196688,4.7612157
0.19669,4.0677447
0.196692,2.8194976
0.196694,1.2938623
0.196696,-0.41669846
0.196698,-2.0347965
0.1967,-3.5142004
0.196702,-4.4850593
0.196704,-4.9011416
0.196706,-4.716216
0.196708,-3.976514
0.19671,-2.7744985
0.196712,-1.202632
0.196714,0.5541601
0.196716,2.2184901
0.19671799,3.605431
0.19672,4.5300584
0.196722,4.8999095
0.196724,4.668752
0.196726,3.92905
0.196728,2.6345725
0.19673,1.0627055
0.196732,-0.6478553
0.196734,-2.2659533
0.196736,-3.6528945
0.196738,-4.577522
0.19674,-4.9011416
0.196742,-4.623753
0.196744,-3.8378198
0.196746,-2.5433414
0.196748,-0.9252434
0.19675,0.184309
0.196752,0.60039186
0.196754,0.970243
0.196756,1.3400936
0.196758,1.6637135
0.19676,2.033564
0.196762,2.357184
0.19676399,2.6808028
0.196766,3.0044227
0.196768,3.3280425
0.19677,3.605431
0.196772,3.8365874
0.196774,4.0677447
0.196776,4.298901
0.196778,4.483826
0.19678,4.622521
0.196782,4.7612157
0.196784,4.8536773
0.196786,4.946141
0.196788,4.992371
0.19679,5.0386033
0.196792,5.0386033
0.196794,4.992371
0.196796,4.946141
0.196798,4.8536773
0.1968,4.7612157
0.196802,4.5762897
0.196804,4.437596
0.196806,4.252671
0.196808,4.0215135
0.19680999,3.7903562
0.196812,3.5129685
0.196814,3.23558
0.196816,2.9581914
0.196818,2.6345725
0.19682,2.3109517
0.196822,1.9411016
0.196824,1.5712504
0.196826,1.2476311
0.196828,0.87777996
0.19683,0.50792885
0.196832,0.13807821
0.196834,-0.27800417
0.196836,-0.6478553
0.196838,-1.0177064
0.19684,-1.387557
0.196842,-1.7574081
0.196844,-2.081028
0.196846,-2.4046474
0.196848,-2.7744985
0.19685,-3.0518866
0.196852,-3.3755062
0.196854,-3.6528945
0.19685599,-3.8840513
0.196858,-4.115208
0.19686,-4.346365
0.196862,-4.4850593
0.196864,-4.669985
0.196866,-4.7624474
0.196868,-4.9011416
0.19687,-4.947373
0.196872,-4.993604
0.196874,-5.0398355
0.196876,-4.993604
0.196878,-4.947373
0.19688,-4.9011416
0.196882,-4.8086786
0.196884,-4.669985
0.196886,-4.5312905
0.196888,-4.3925962
0.19689,-4.1614394
0.196892,-3.9302826
0.196894,-3.6991258
0.196896,-3.4217377
0.196898,-3.1443493
0.1969,-2.8207297
0.196902,-2.4971101
0.196904,-2.1734905
0.196906,-1.8036394
0.196908,-1.48002
0.19691,-1.1101689
0.196912,-0.7403178
0.196914,-0.3704667
0.196916,0.045615196
0.196918,0.4154663
0.19692,0.7853174
0.196922,1.1551685
0.196924,1.5250192
0.196926,1.8948698
0.196928,2.2184901
0.19693,2.542109
0.196932,2.8657289
0.196934,3.1893477
0.196936,3.4667363
0.196938,3.744125
0.19694,3.9752812
0.196942,4.2064385
0.196944,4.3913646
0.196946,4.5762897
0.196948,4.7149835
0.19695,4.807446
0.196952,4.8999095
0.196954,4.992371
0.196956,5.0386033
0.196958,5.0386033
0.19696,4.992371
0.196962,4.946141
0.196964,4.8999095
0.19696599,4.7612157
0.196968,4.622521
0.19697,4.483826
0.196972,4.3451324
0.196974,4.113976
0.196976,3.8828197
0.196978,3.605431
0.19698,3.3280425
0.196982,3.050654
0.196984,2.727035
0.196986,2.4034152
0.196988,2.0797954
0.19699,1.7099442
0.196992,1.3863249
0.196994,1.0164738
0.196996,0.64662313
0.196998,0.23054075
0.197,-0.13931036
0.197002,-0.5091615
0.197004,-0.9252434
0.197006,-1.2950945
0.197008,-1.6187139
0.19701,-1.9885652
0.19701199,-2.3121846
0.197014,-2.6358042
0.197016,-2.9594238
0.197018,-3.2830436
0.19702,-3.5604317
0.197022,-3.7915885
0.197024,-4.068977
0.197026,-4.2539024
0.197028,-4.4388275
0.19703,-4.577522
0.197032,-4.716216
0.197034,-4.85491
0.197036,-4.947373
0.197038,-4.993604
0.19704,-5.0398355
0.197042,-4.993604
0.197044,-4.993604
0.197046,-4.947373
0.197048,-4.85491
0.19705,-4.716216
0.197052,-4.577522
0.197054,-4.4388275
0.197056,-4.2539024
0.19705799,-4.022745
0.19706,-3.7915885
0.197062,-3.5142004
0.197064,-3.236812
0.197066,-2.9594238
0.197068,-2.6358042
0.19707,-2.2659533
0.197072,-1.9423337
0.197074,-1.5724826
0.197076,-1.2488632
0.197078,-0.8790121
0.19708,-0.46292973
0.197082,-0.09307861
0.197084,0.27677202
0.197086,0.64662313
0.197088,1.0627055
0.19709,1.4325566
0.197092,1.756176
0.197094,2.126027
0.197096,2.4496465
0.197098,2.7732663
0.1971,3.0968862
0.197102,3.3742738
0.19710399,3.6516623
0.197106,3.92905
0.197108,4.1602073
0.19711,4.3451324
0.197112,4.483826
0.197114,4.668752
0.197116,4.807446
0.197118,4.8999095
0.19712,4.946141
0.197122,5.0386033
0.197124,5.0386033
0.197126,5.0386033
0.197128,4.992371
0.19713,4.8999095
0.197132,4.807446
0.197134,4.668752
0.197136,4.5300584
0.197138,4.3913646
0.19714,4.2064385
0.197142,3.9752812
0.197144,3.6978936
0.197146,3.420505
0.197148,3.1431174
0.19715,2.8194976
0.197152,2.4958777
0.197154,2.172258
0.197156,1.8486385
0.197158,1.4787879
0.19716,1.1089368
0.197162,0.7390857
0.197164,0.36923456
0.197166,-6.160736E-4
0.197168,-0.41669846
0.19717,-0.78654957
0.197172,-1.1564007
0.197174,-1.48002
0.197176,-1.8498712
0.197178,-2.2197218
0.19718,-2.5433414
0.197182,-2.866961
0.197184,-3.1905808
0.197186,-3.467969
0.197188,-3.745357
0.19719,-3.976514
0.197192,-4.2076707
0.197194,-4.3925962
0.197196,-4.5312905
0.197198,-4.716216
0.1972,-4.8086786
0.197202,-4.9011416
0.197204,-4.993604
0.197206,-4.993604
0.197208,-5.0398355
0.19721,-4.993604
0.197212,-4.947373
0.19721399,-4.85491
0.197216,-4.7624474
0.197218,-4.623753
0.19722,-4.4850593
0.197222,-4.3001337
0.197224,-4.115208
0.197226,-3.8840513
0.197228,-3.6066632
0.19723,-3.329275
0.197232,-3.0518866
0.197234,-2.728267
0.197236,-2.4046474
0.197238,-2.081028
0.19724,-1.7111769
0.197242,-1.3413262
0.197244,-0.9714751
0.197246,-0.601624
0.197248,-0.2317729
0.19725,0.13807821
0.197252,0.5541601
0.197254,0.92401123
0.197256,1.2938623
0.197258,1.6174817
0.19725999,1.9873328
0.197262,2.357184
0.197264,2.6808028
0.197266,3.0044227
0.197268,3.2818112
0.19727,3.5591989
0.197272,3.8365874
0.197274,4.0677447
0.197276,4.298901
0.197278,4.437596
0.19728,4.622521
0.197282,4.7612157
0.197284,4.8536773
0.197286,4.946141
0.197288,4.992371
0.19729,5.0386033
0.197292,5.0386033
0.197294,4.992371
0.197296,4.946141
0.197298,4.8536773
0.1973,4.7149835
0.197302,4.5762897
0.197304,4.437596
0.19730599,4.252671
0.197308,4.0215135
0.19731,3.7903562
0.197312,3.5129685
0.197314,3.23558
0.197316,2.9581914
0.197318,2.6345725
0.19732,2.3109517
0.197322,1.9411016
0.197324,1.5712504
0.197326,1.2476311
0.197328,0.87777996
0.19733,0.50792885
0.197332,0.091846466
0.197334,-0.27800417
0.197336,-0.6478553
0.197338,-1.0177064
0.19734,-1.387557
0.197342,-1.7574081
0.197344,-2.081028
0.197346,-2.4508786
0.197348,-2.7744985
0.19735,-3.0518866
0.19735199,-3.3755062
0.197354,-3.6528945
0.197356,-3.8840513
0.197358,-4.115208
0.19736,-4.346365
0.197362,-4.4850593
0.197364,-4.623753
0.197366,-4.7624474
0.197368,-4.9011416
0.19737,-4.947373
0.197372,-4.993604
0.197374,-5.0398355
0.197376,-4.993604
0.197378,-4.993604
0.19738,-4.9011416
0.197382,-4.8086786
0.197384,-4.669985
0.197386,-4.5312905
0.197388,-4.3925962
0.19739,-4.1614394
0.197392,-3.9302826
0.197394,-3.6991258
0.197396,-3.4217377
0.197398,-3.1443493
0.1974,-2.8207297
0.197402,-2.4971101
0.197404,-2.1734905
0.197406,-1.8036394
0.197408,-1.48002
0.19741,-1.1101689
0.197412,-0.7403178
0.197414,-0.3704667
0.197416,0.045615196
0.197418,0.4154663
0.19742,0.7853174
0.197422,1.1551685
0.197424,1.5250192
0.197426,1.8948698
0.197428,2.2184901
0.19743,2.542109
0.197432,2.8657289
0.197434,3.1893477
0.197436,3.4667363
0.197438,3.744125
0.19744,3.9752812
0.197442,4.2064385
0.197444,4.3913646
0.197446,4.5762897
0.197448,4.7149835
0.19745,4.807446
0.197452,4.8999095
0.197454,4.992371
0.197456,5.0386033
0.197458,5.0386033
0.19746,4.992371
0.19746199,4.946141
0.197464,4.8999095
0.197466,4.7612157
0.197468,4.622521
0.19747,4.483826
0.197472,4.298901
0.197474,4.113976
0.197476,3.8828197
0.197478,3.605431
0.19748,3.3280425
0.197482,3.050654
0.197484,2.727035
0.197486,2.4034152
0.197488,2.0797954
0.19749,1.7099442
0.197492,1.3863249
0.197494,1.0164738
0.197496,0.60039186
0.197498,0.23054075
0.1975,-0.13931036
0.197502,-0.5091615
0.197504,-0.9252434
0.197506,-1.2950945
0.19750799,-1.6187139
0.19751,-1.9885652
0.197512,-2.3121846
0.197514,-2.6358042
0.197516,-2.9594238
0.197518,-3.2830436
0.19752,-3.5604317
0.197522,-3.8378198
0.197524,-4.068977
0.197526,-4.2539024
0.197528,-4.4388275
0.19753,-4.577522
0.197532,-4.716216
0.197534,-4.85491
0.197536,-4.947373
0.197538,-4.993604
0.19754,-5.0398355
0.197542,-4.993604
0.197544,-4.993604
0.197546,-4.947373
0.197548,-4.85491
0.19755,-4.716216
0.197552,-4.577522
0.19755399,-4.4388275
0.197556,-4.2539024
0.197558,-4.022745
0.19756,-3.7915885
0.197562,-3.5142004
0.197564,-3.236812
0.197566,-2.9594238
0.197568,-2.6358042
0.19757,-2.2659533
0.197572,-1.9423337
0.197574,-1.5724826
0.197576,-1.2488632
0.197578,-0.8790121
0.19758,-0.46292973
0.197582,-0.09307861
0.197584,0.27677202
0.197586,0.6928544
0.197588,1.0627055
0.19759,1.4325566
0.197592,1.756176
0.197594,2.126027
0.197596,2.4496465
0.197598,2.7732663
0.19759999,3.0968862
0.197602,3.3742738
0.197604,3.6516623
0.197606,3.92905
0.197608,4.1602073
0.19761,4.3451324
0.197612,4.483826
0.197614,4.668752
0.197616,4.807446
0.197618,4.8999095
0.19762,4.992371
0.197622,4.992371
0.197624,5.0386033
0.197626,5.0386033
0.197628,4.992371
0.19763,4.8999095
0.197632,4.807446
0.197634,4.668752
0.197636,4.5300584
0.197638,4.3913646
0.19764,4.2064385
0.197642,3.9752812
0.197644,3.6978936
0.197646,3.420505
0.197648,3.1431174
0.19765,2.8194976
0.197652,2.4958777
0.197654,2.172258
0.197656,1.8486385
0.197658,1.4787879
0.19766,1.1089368
0.197662,0.7390857
0.197664,0.36923456
0.197666,-6.160736E-4
0.197668,-0.41669846
0.19767,-0.78654957
0.197672,-1.1564007
0.197674,-1.48002
0.197676,-1.8498712
0.197678,-2.2197218
0.19768,-2.5433414
0.197682,-2.866961
0.197684,-3.1905808
0.197686,-3.467969
0.197688,-3.745357
0.19769,-3.976514
0.197692,-4.2076707
0.197694,-4.3925962
0.197696,-4.5312905
0.197698,-4.716216
0.1977,-4.8086786
0.197702,-4.9011416
0.197704,-4.993604
0.197706,-4.993604
0.197708,-5.0398355
0.19770999,-4.993604
0.197712,-4.947373
0.197714,-4.85491
0.197716,-4.7624474
0.197718,-4.623753
0.19772,-4.4850593
0.197722,-4.3001337
0.197724,-4.115208
0.197726,-3.8840513
0.197728,-3.6066632
0.19773,-3.329275
0.197732,-3.0518866
0.197734,-2.728267
0.197736,-2.4046474
0.197738,-2.0347965
0.19774,-1.7111769
0.197742,-1.3413262
0.197744,-0.9714751
0.197746,-0.601624
0.197748,-0.2317729
0.19775,0.7853174
0.197752,2.4034152
0.197754,3.744125
0.19775599,4.5762897
0.197758,4.8999095
0.19776,4.5762897
0.197762,3.744125
0.197764,2.4034152
0.197766,0.7853174
0.197768,-0.9252434
0.19777,-2.4971101
0.197772,-3.8378198
0.197774,-4.669985
0.197776,-4.947373
0.197778,-4.577522
0.19778,-3.6991258
0.197782,-2.3584158
0.197784,-0.694087
0.197786,1.0627055
0.197788,2.6345725
0.19779,3.92905
0.197792,4.7149835
0.197794,4.8999095
0.197796,4.5300584
0.197798,3.605431
0.1978,2.172258
0.19780199,0.5541601
0.197804,-1.1564007
0.197806,-2.728267
0.197808,-3.976514
0.19781,-4.716216
0.197812,-4.9011416
0.197814,-4.4850593
0.197816,-3.5142004
0.197818,-2.1272593
0.19782,-0.41669846
0.197822,1.2938623
0.197824,2.8657289
0.197826,4.0677447
0.197828,4.7612157
0.19783,4.8999095
0.197832,4.437596
0.197834,3.420505
0.197836,1.9873328
0.197838,0.3230033
0.19784,-1.387557
0.197842,-2.9131925
0.197844,-4.115208
0.197846,-4.8086786
0.19784799,-4.85491
0.19785,-4.3925962
0.197852,-3.329275
0.197854,-1.8961024
0.197856,-0.18554163
0.197858,1.5250192
0.19786,3.050654
0.197862,4.2064385
0.197864,4.807446
0.197866,4.8536773
0.197868,4.3451324
0.19787,3.23558
0.197872,1.756176
0.197874,0.091846466
0.197876,-1.6187139
0.197878,-3.1443493
0.19788,-4.2539024
0.197882,-4.85491
0.197884,-4.85491
0.197886,-4.2539024
0.197888,-3.1443493
0.19789,-1.6187139
0.197892,0.091846466
0.19789399,1.756176
0.197896,3.23558
0.197898,4.3451324
0.1979,4.8536773
0.197902,4.807446
0.197904,4.2064385
0.197906,3.050654
0.197908,1.5250192
0.19791,-0.18554163
0.197912,-1.8498712
0.197914,-3.329275
0.197916,-4.3925962
0.197918,-4.85491
0.19792,-4.7624474
0.197922,-4.115208
0.197924,-2.9594238
0.197926,-1.4337888
0.197928,0.3230033
0.19793,1.9873328
0.197932,3.420505
0.197934,4.437596
0.197936,4.8999095
0.197938,4.7612157
0.19794,4.0677447
0.197942,2.8194976
0.197944,1.2938623
0.197946,-0.41669846
0.197948,-2.081028
0.19795,-3.5142004
0.197952,-4.4850593
0.197954,-4.9011416
0.197956,-4.716216
0.197958,-3.976514
0.19796,-2.7744985
0.197962,-1.1564007
0.197964,0.5541601
0.197966,2.2184901
0.197968,3.605431
0.19797,4.5300584
0.197972,4.8999095
0.197974,4.668752
0.197976,3.92905
0.197978,2.6345725
0.19798,1.0627055
0.197982,-0.694087
0.197984,-2.2659533
0.197986,-3.6991258
0.197988,-4.577522
0.19799,-4.9011416
0.197992,-4.623753
0.197994,-3.8378198
0.197996,-2.5433414
0.197998,-0.9252434
0.198,0.8315482
0.198002,2.4496465
0.19800399,3.7903562
0.198006,4.622521
0.198008,4.8999095
0.19801,4.622521
0.198012,3.744125
0.198014,2.4034152
0.198016,0.8315482
0.198018,-0.9252434
0.19802,-2.4971101
0.198022,-3.8378198
0.198024,-4.669985
0.198026,-4.9011416
0.198028,-4.577522
0.19803,-3.6991258
0.198032,-2.3121846
0.198034,-0.694087
0.198036,1.0627055
0.198038,2.6345725
0.19804,3.92905
0.198042,4.7149835
0.198044,4.8999095
0.198046,4.5300584
0.198048,3.605431
0.19804999,2.2184901
0.198052,0.5541601
0.198054,-1.1564007
0.198056,-2.728267
0.198058,-3.976514
0.19806,-4.716216
0.198062,-4.9011416
0.198064,-4.4850593
0.198066,-3.5142004
0.198068,-2.1272593
0.19807,-0.41669846
0.198072,1.2938623
0.198074,2.8657289
0.198076,4.0677447
0.198078,4.7612157
0.19808,4.8999095
0.198082,4.437596
0.198084,3.420505
0.198086,1.9873328
0.198088,0.3230033
0.19809,-1.387557
0.198092,-2.9131925
0.198094,-4.1614394
0.19809599,-4.8086786
0.198098,-4.85491
0.1981,-4.3925962
0.198102,-3.329275
0.198104,-1.8961024
0.198106,-0.18554163
0.198108,1.5250192
0.19811,3.050654
0.198112,4.2064385
0.198114,4.807446
0.198116,4.8536773
0.198118,4.3451324
0.19812,3.23558
0.198122,1.756176
0.198124,0.091846466
0.198126,-1.6187139
0.198128,-3.1443493
0.19813,-4.2539024
0.198132,-4.85491
0.198134,-4.85491
0.198136,-4.2539024
0.198138,-3.1443493
0.19814,-1.6187139
0.19814199,0.091846466
0.198144,1.756176
0.198146,3.23558
0.198148,4.3451324
0.19815,4.8536773
0.198152,4.807446
0.198154,4.2064385
0.198156,3.050654
0.198158,1.5250192
0.19816,-0.18554163
0.198162,-1.8498712
0.198164,-3.329275
0.198166,-4.3925962
0.198168,-4.85491
0.19817,-4.7624474
0.198172,-4.115208
0.198174,-2.9594238
0.198176,-1.4337888
0.198178,0.3230033
0.19818,1.9873328
0.198182,3.4667363
0.198184,4.437596
0.198186,4.8999095
0.198188,4.7612157
0.19819,4.0677447
0.198192,2.8194976
0.198194,1.2938623
0.198196,-0.41669846
0.198198,-2.081028
0.1982,-3.5142004
0.198202,-4.4850593
0.198204,-4.9011416
0.198206,-4.716216
0.198208,-3.976514
0.19821,-2.7744985
0.198212,-1.1564007
0.198214,0.5541601
0.198216,2.2184901
0.198218,3.605431
0.19822,4.5300584
0.198222,4.8999095
0.198224,4.668752
0.198226,3.92905
0.198228,2.6345725
0.19823,1.0627055
0.198232,-0.694087
0.198234,-2.2659533
0.198236,-3.6991258
0.198238,-4.577522
0.19824,-4.9011416
0.198242,-4.623753
0.198244,-3.8378198
0.198246,-2.5433414
0.198248,-0.9252434
0.19825,0.8315482
0.19825199,2.4496465
0.198254,3.7903562
0.198256,4.622521
0.198258,4.8999095
0.19826,4.622521
0.198262,3.744125
0.198264,2.4034152
0.198266,0.8315482
0.198268,-0.9252434
0.19827,-2.4971101
0.198272,-3.8378198
0.198274,-4.669985
0.198276,-4.9011416
0.198278,-4.577522
0.19828,-3.6991258
0.198282,-2.3121846
0.198284,-0.694087
0.198286,1.0627055
0.198288,2.6345725
0.19829,3.92905
0.198292,4.7149835
0.198294,4.8999095
0.198296,4.5300584
0.19829799,3.605431
0.1983,2.2184901
0.198302,0.5541601
0.198304,-1.1564007
0.198306,-2.728267
0.198308,-3.976514
0.19831,-4.716216
0.198312,-4.9011416
0.198314,-4.4850593
0.198316,-3.5142004
0.198318,-2.1272593
0.19832,-0.41669846
0.198322,1.2938623
0.198324,2.8657289
0.198326,4.0677447
0.198328,4.7612157
0.19833,4.8999095
0.198332,4.437596
0.198334,3.420505
0.198336,1.9873328
0.198338,0.3230033
0.19834,-1.387557
0.198342,-2.9131925
0.19834399,-4.1614394
0.198346,-4.8086786
0.198348,-4.85491
0.19835,-4.3925962
0.198352,-3.329275
0.198354,-1.8961024
0.198356,-0.18554163
0.198358,1.5250192
0.19836,3.050654
0.198362,4.2064385
0.198364,4.807446
0.198366,4.8536773
0.198368,4.3451324
0.19837,3.23558
0.198372,1.756176
0.198374,0.091846466
0.198376,-1.6187139
0.198378,-3.1443493
0.19838,-4.2539024
0.198382,-4.85491
0.198384,-4.85491
0.198386,-4.2539024
0.198388,-3.1443493
0.19838999,-1.6187139
0.198392,0.091846466
0.198394,1.756176
0.198396,3.23558
0.198398,4.3451324
0.1984,4.8536773
0.198402,4.807446
0.198404,4.2064385
0.198406,3.050654
0.198408,1.5250192
0.19841,-0.18554163
0.198412,-1.8498712
0.198414,-3.329275
0.198416,-4.3925962
0.198418,-4.85491
0.19842,-4.7624474
0.198422,-4.115208
0.198424,-2.9594238
0.198426,-1.4337888
0.198428,0.3230033
0.19843,1.9873328
0.198432,3.4667363
0.198434,4.437596
0.198436,4.8999095
0.198438,4.7612157
0.19844,4.0677447
0.198442,2.8194976
0.198444,1.2938623
0.198446,-0.41669846
0.198448,-2.081028
0.19845,-3.5142004
0.198452,-4.4850593
0.198454,-4.9011416
0.198456,-4.716216
0.198458,-3.976514
0.19846,-2.7744985
0.198462,-1.1564007
0.198464,0.5541601
0.198466,2.2184901
0.198468,3.605431
0.19847,4.5300584
0.198472,4.8999095
0.198474,4.668752
0.198476,3.92905
0.198478,2.6345725
0.19848,1.0627055
0.198482,-0.694087
0.198484,-2.2659533
0.198486,-3.6991258
0.198488,-4.577522
0.19849,-4.9011416
0.198492,-4.623753
0.198494,-3.8378198
0.198496,-2.5433414
0.198498,-0.9252434
0.19849999,0.8315482
0.198502,2.4496465
0.198504,3.7903562
0.198506,4.622521
0.198508,4.8999095
0.19851,4.622521
0.198512,3.744125
0.198514,2.4034152
0.198516,0.8315482
0.198518,-0.9252434
0.19852,-2.4971101
0.198522,-3.8378198
0.198524,-4.669985
0.198526,-4.9011416
0.198528,-4.577522
0.19853,-3.6991258
0.198532,-2.3121846
0.198534,-0.694087
0.198536,1.0627055
0.198538,2.6808028
0.19854,3.92905
0.198542,4.7149835
0.198544,4.8999095
0.19854599,4.5300584
0.198548,3.605431
0.19855,2.2184901
0.198552,0.5541601
0.198554,-1.1564007
0.198556,-2.728267
0.198558,-3.976514
0.19856,-4.716216
0.198562,-4.9011416
0.198564,-4.4388275
0.198566,-3.5142004
0.198568,-2.1272593
0.19857,-0.41669846
0.198572,1.2938623
0.198574,2.8657289
0.198576,4.0677447
0.198578,4.7612157
0.19858,4.8999095
0.198582,4.437596
0.198584,3.420505
0.198586,1.9873328
0.198588,0.3230033
0.19859,-1.387557
0.19859199,-2.9131925
0.198594,-4.1614394
0.198596,-4.8086786
0.198598,-4.85491
0.1986,-4.3925962
0.198602,-3.329275
0.198604,-1.8961024
0.198606,-0.18554163
0.198608,1.5250192
0.19861,3.050654
0.198612,4.2064385
0.198614,4.807446
0.198616,4.8536773
0.198618,4.298901
0.19862,3.23558
0.198622,1.756176
0.198624,0.091846466
0.198626,-1.6187139
0.198628,-3.1443493
0.19863,-4.2539024
0.198632,-4.85491
0.198634,-4.85491
0.198636,-4.2539024
0.19863799,-3.1443493
0.19864,-1.6187139
0.198642,0.091846466
0.198644,1.756176
0.198646,3.23558
0.198648,4.3451324
0.19865,4.8536773
0.198652,4.807446
0.198654,4.2064385
0.198656,3.050654
0.198658,1.5250192
0.19866,-0.18554163
0.198662,-1.8498712
0.198664,-3.329275
0.198666,-4.3925962
0.198668,-4.85491
0.19867,-4.7624474
0.198672,-4.115208
0.198674,-2.9594238
0.198676,-1.4337888
0.198678,0.3230033
0.19868,1.9873328
0.198682,3.4667363
0.198684,4.437596
0.198686,4.8999095
0.198688,4.7612157
0.19869,4.0677447
0.198692,2.8194976
0.198694,1.2938623
0.198696,-0.41669846
0.198698,-2.081028
0.1987,-3.5142004
0.198702,-4.4850593
0.198704,-4.9011416
0.198706,-4.716216
0.198708,-3.976514
0.19871,-2.7744985
0.198712,-1.1564007
0.198714,0.5541601
0.198716,2.2184901
0.198718,3.605431
0.19872,4.5300584
0.198722,4.8999095
0.198724,4.668752
0.198726,3.92905
0.198728,2.6345725
0.19873,1.0627055
0.198732,-0.694087
0.198734,-2.2659533
0.198736,-3.6991258
0.198738,-4.577522
0.19874,-4.9011416
0.198742,-4.623753
0.198744,-3.8378198
0.198746,-2.5433414
0.19874799,-0.9252434
0.19875,0.184309
0.198752,0.60039186
0.198754,0.970243
0.198756,1.3400936
0.198758,1.6637135
0.19876,2.033564
0.198762,2.357184
0.198764,2.6808028
0.198766,3.0044227
0.198768,3.3280425
0.19877,3.605431
0.198772,3.8365874
0.198774,4.0677447
0.198776,4.298901
0.198778,4.437596
0.19878,4.622521
0.198782,4.7612157
0.198784,4.8536773
0.198786,4.946141
0.198788,4.992371
0.19879,5.0386033
0.198792,5.0386033
0.19879399,4.992371
0.198796,4.946141
0.198798,4.8536773
0.1988,4.7149835
0.198802,4.5762897
0.198804,4.437596
0.198806,4.252671
0.198808,4.0215135
0.19881,3.7903562
0.198812,3.5129685
0.198814,3.23558
0.198816,2.9581914
0.198818,2.6345725
0.19882,2.3109517
0.198822,1.9411016
0.198824,1.5712504
0.198826,1.2476311
0.198828,0.87777996
0.19883,0.50792885
0.198832,0.091846466
0.198834,-0.27800417
0.198836,-0.6478553
0.198838,-1.0177064
0.19883999,-1.387557
0.198842,-1.7574081
0.198844,-2.081028
0.198846,-2.4508786
0.198848,-2.7744985
0.19885,-3.0518866
0.198852,-3.3755062
0.198854,-3.6528945
0.198856,-3.8840513
0.198858,-4.115208
0.19886,-4.346365
0.198862,-4.4850593
0.198864,-4.669985
0.198866,-4.7624474
0.198868,-4.9011416
0.19887,-4.947373
0.198872,-4.993604
0.198874,-5.0398355
0.198876,-4.993604
0.198878,-4.947373
0.19888,-4.9011416
0.198882,-4.8086786
0.198884,-4.669985
0.19888599,-4.5312905
0.198888,-4.3925962
0.19889,-4.1614394
0.198892,-3.9302826
0.198894,-3.6991258
0.198896,-3.4217377
0.198898,-3.1443493
0.1989,-2.8207297
0.198902,-2.4971101
0.198904,-2.1734905
0.198906,-1.8036394
0.198908,-1.48002
0.19891,-1.1101689
0.198912,-0.7403178
0.198914,-0.3704667
0.198916,0.045615196
0.198918,0.4154663
0.19892,0.7853174
0.198922,1.1551685
0.198924,1.5250192
0.198926,1.8948698
0.198928,2.2184901
0.19893,2.542109
0.19893199,2.8657289
0.198934,3.1893477
0.198936,3.4667363
0.198938,3.744125
0.19894,3.9752812
0.198942,4.2064385
0.198944,4.3913646
0.198946,4.5762897
0.198948,4.7149835
0.19895,4.8536773
0.198952,4.8999095
0.198954,4.992371
0.198956,5.0386033
0.198958,5.0386033
0.19896,4.992371
0.198962,4.946141
0.198964,4.8999095
0.198966,4.7612157
0.198968,4.622521
0.19897,4.483826
0.198972,4.298901
0.198974,4.113976
0.198976,3.8828197
0.198978,3.605431
0.19898,3.3280425
0.198982,3.050654
0.198984,2.727035
0.198986,2.4034152
0.198988,2.0797954
0.19899,1.7099442
0.198992,1.3863249
0.198994,1.0164738
0.19899599,0.60039186
0.198998,0.23054075
0.199,-0.13931036
0.199002,-0.5091615
0.199004,-0.9252434
0.199006,-1.2950945
0.199008,-1.6187139
0.19901,-1.9885652
0.199012,-2.3121846
0.199014,-2.6358042
0.199016,-2.9594238
0.199018,-3.2830436
0.19902,-3.5604317
0.199022,-3.7915885
0.199024,-4.068977
0.199026,-4.2539024
0.199028,-4.4388275
0.19903,-4.623753
0.199032,-4.7624474
0.199034,-4.85491
0.199036,-4.947373
0.199038,-4.993604
0.19904,-5.0398355
0.19904199,-4.993604
0.199044,-4.993604
0.199046,-4.947373
0.199048,-4.85491
0.19905,-4.716216
0.199052,-4.577522
0.199054,-4.4388275
0.199056,-4.2539024
0.199058,-4.022745
0.19906,-3.7915885
0.199062,-3.5142004
0.199064,-3.236812
0.199066,-2.9594238
0.199068,-2.6358042
0.19907,-2.2659533
0.199072,-1.9423337
0.199074,-1.5724826
0.199076,-1.2488632
0.199078,-0.8790121
0.19908,-0.46292973
0.199082,-0.09307861
0.199084,0.27677202
0.199086,0.64662313
0.19908799,1.0627055
0.19909,1.4325566
0.199092,1.756176
0.199094,2.126027
0.199096,2.4496465
0.199098,2.7732663
0.1991,3.0968862
0.199102,3.3742738
0.199104,3.6516623
0.199106,3.92905
0.199108,4.1602073
0.19911,4.3451324
0.199112,4.483826
0.199114,4.668752
0.199116,4.807446
0.199118,4.8999095
0.19912,4.992371
0.199122,4.992371
0.199124,5.0386033
0.199126,5.0386033
0.199128,4.992371
0.19913,4.8999095
0.199132,4.807446
0.19913399,4.668752
0.199136,4.5300584
0.199138,4.3913646
0.19914,4.2064385
0.199142,3.9752812
0.199144,3.6978936
0.199146,3.420505
0.199148,3.1431174
0.19915,2.8194976
0.199152,2.4958777
0.199154,2.172258
0.199156,1.8024073
0.199158,1.4787879
0.19916,1.1089368
0.199162,0.7390857
0.199164,0.36923456
0.199166,-6.160736E-4
0.199168,-0.41669846
0.19917,-0.78654957
0.199172,-1.1564007
0.199174,-1.48002
0.199176,-1.8498712
0.199178,-2.2197218
0.19917999,-2.5433414
0.199182,-2.866961
0.199184,-3.1905808
0.199186,-3.467969
0.199188,-3.745357
0.19919,-3.976514
0.199192,-4.2076707
0.199194,-4.3925962
0.199196,-4.5312905
0.199198,-4.716216
0.1992,-4.8086786
0.199202,-4.9011416
0.199204,-4.993604
0.199206,-4.993604
0.199208,-5.0398355
0.19921,-4.993604
0.199212,-4.947373
0.199214,-4.85491
0.199216,-4.7624474
0.199218,-4.623753
0.19922,-4.4850593
0.199222,-4.3001337
0.199224,-4.115208
0.199226,-3.8840513
0.199228,-3.6066632
0.19923,-3.329275
0.199232,-3.0518866
0.199234,-2.728267
0.199236,-2.4046474
0.199238,-2.0347965
0.19924,-1.7111769
0.199242,-1.3413262
0.199244,-0.9714751
0.199246,-0.601624
0.199248,-0.2317729
0.19925,0.184309
0.199252,0.5541601
0.199254,0.92401123
0.199256,1.2938623
0.199258,1.6174817
0.19926,1.9873328
0.199262,2.357184
0.199264,2.6808028
0.199266,3.0044227
0.199268,3.2818112
0.19927,3.5591989
0.199272,3.8365874
0.199274,4.0677447
0.199276,4.298901
0.199278,4.437596
0.19928,4.622521
0.199282,4.7612157
0.199284,4.8536773
0.199286,4.946141
0.199288,4.992371
0.19928999,5.0386033
0.199292,5.0386033
0.199294,4.992371
0.199296,4.946141
0.199298,4.8536773
0.1993,4.7149835
0.199302,4.5762897
0.199304,4.437596
0.199306,4.252671
0.199308,4.0215135
0.19931,3.7903562
0.199312,3.5129685
0.199314,3.23558
0.199316,2.9581914
0.199318,2.6345725
0.19932,2.3109517
0.199322,1.9411016
0.199324,1.5712504
0.199326,1.2476311
0.199328,0.87777996
0.19933,0.50792885
0.199332,0.091846466
0.199334,-0.27800417
0.19933599,-0.6478553
0.199338,-1.0177064
0.19934,-1.387557
0.199342,-1.7574081
0.199344,-2.081028
0.199346,-2.4508786
0.199348,-2.7744985
0.19935,-3.0518866
0.199352,-3.3755062
0.199354,-3.6528945
0.199356,-3.8840513
0.199358,-4.115208
0.19936,-4.346365
0.199362,-4.4850593
0.199364,-4.669985
0.199366,-4.7624474
0.199368,-4.9011416
0.19937,-4.947373
0.199372,-4.993604
0.199374,-5.0398355
0.199376,-4.993604
0.199378,-4.947373
0.19938,-4.9011416
0.19938199,-4.8086786
0.199384,-4.669985
0.199386,-4.5312905
0.199388,-4.3925962
0.19939,-4.1614394
0.199392,-3.9302826
0.199394,-3.6991258
0.199396,-3.4217377
0.199398,-3.1443493
0.1994,-2.8207297
0.199402,-2.4971101
0.199404,-2.1734905
0.199406,-1.8036394
0.199408,-1.48002
0.19941,-1.1101689
0.199412,-0.7403178
0.199414,-0.3704667
0.199416,0.045615196
0.199418,0.4154663
0.19942,0.7853174
0.199422,1.1551685
0.199424,1.5250192
0.199426,1.8948698
0.19942799,2.2184901
0.19943,2.542109
0.199432,2.8657289
0.199434,3.1893477
0.199436,3.4667363
0.199438,3.744125
0.19944,3.9752812
0.199442,4.2064385
0.199444,4.3913646
0.199446,4.5762897
0.199448,4.7149835
0.19945,4.807446
0.199452,4.8999095
0.199454,4.992371
0.199456,5.0386033
0.199458,5.0386033
0.19946,4.992371
0.199462,4.946141
0.199464,4.8999095
0.199466,4.7612157
0.199468,4.622521
0.19947,4.483826
0.199472,4.298901
0.199474,4.113976
0.199476,3.8828197
0.199478,3.605431
0.19948,3.3280425
0.199482,3.050654
0.199484,2.727035
0.199486,2.4034152
0.199488,2.0797954
0.19949,1.7099442
0.199492,1.3863249
0.199494,1.0164738
0.199496,0.60039186
0.199498,0.23054075
0.1995,-0.13931036
0.199502,-0.5091615
0.199504,-0.9252434
0.199506,-1.2950945
0.199508,-1.6187139
0.19951,-1.9885652
0.199512,-2.3121846
0.199514,-2.6358042
0.199516,-2.9594238
0.199518,-3.2830436
0.19952,-3.5604317
0.199522,-3.8378198
0.199524,-4.068977
0.199526,-4.2539024
0.199528,-4.4388275
0.19953,-4.577522
0.199532,-4.7624474
0.199534,-4.85491
0.199536,-4.947373
0.19953799,-4.993604
0.19954,-5.0398355
0.199542,-4.993604
0.199544,-4.993604
0.199546,-4.947373
0.199548,-4.85491
0.19955,-4.716216
0.199552,-4.577522
0.199554,-4.4388275
0.199556,-4.2539024
0.199558,-4.022745
0.19956,-3.7915885
0.199562,-3.5142004
0.199564,-3.236812
0.199566,-2.9594238
0.199568,-2.6358042
0.19957,-2.2659533
0.199572,-1.9423337
0.199574,-1.5724826
0.199576,-1.2488632
0.199578,-0.8790121
0.19958,-0.46292973
0.199582,-0.09307861
0.19958399,0.27677202
0.199586,0.64662313
0.199588,1.0627055
0.19959,1.4325566
0.199592,1.756176
0.199594,2.126027
0.199596,2.4496465
0.199598,2.7732663
0.1996,3.0968862
0.199602,3.3742738
0.199604,3.6516623
0.199606,3.92905
0.199608,4.1602073
0.19961,4.3451324
0.199612,4.483826
0.199614,4.668752
0.199616,4.807446
0.199618,4.8999095
0.19962,4.946141
0.199622,4.992371
0.199624,5.0386033
0.199626,5.0386033
0.199628,4.992371
0.19962999,4.8999095
0.199632,4.807446
0.199634,4.668752
0.199636,4.5300584
0.199638,4.3913646
0.19964,4.1602073
0.199642,3.9752812
0.199644,3.6978936
0.199646,3.420505
0.199648,3.1431174
0.19965,2.8194976
0.199652,2.4958777
0.199654,2.172258
0.199656,1.8486385
0.199658,1.4787879
0.19966,1.1089368
0.199662,0.7390857
0.199664,0.36923456
0.199666,-6.160736E-4
0.199668,-0.41669846
0.19967,-0.78654957
0.199672,-1.1564007
0.199674,-1.48002
0.19967599,-1.8498712
0.199678,-2.2197218
0.19968,-2.5433414
0.199682,-2.866961
0.199684,-3.1905808
0.199686,-3.467969
0.199688,-3.745357
0.19969,-3.976514
0.199692,-4.2076707
0.199694,-4.3925962
0.199696,-4.5312905
0.199698,-4.716216
0.1997,-4.8086786
0.199702,-4.9011416
0.199704,-4.993604
0.199706,-4.993604
0.199708,-5.0398355
0.19971,-4.993604
0.199712,-4.947373
0.199714,-4.85491
0.199716,-4.7624474
0.199718,-4.623753
0.19972,-4.4850593
0.199722,-4.3001337
0.199724,-4.115208
0.199726,-3.8840513
0.199728,-3.6066632
0.19973,-3.329275
0.199732,-3.0518866
0.199734,-2.728267
0.199736,-2.4046474
0.199738,-2.0347965
0.19974,-1.7111769
0.199742,-1.3413262
0.199744,-0.9714751
0.199746,-0.601624
0.199748,-0.2317729
0.19975,0.7853174
0.199752,2.4034152
0.199754,3.744125
0.199756,4.5762897
0.199758,4.8999095
0.19976,4.5762897
0.199762,3.6978936
0.199764,2.4034152
0.199766,0.7853174
0.199768,-0.9252434
0.19977,-2.5433414
0.199772,-3.8840513
0.199774,-4.669985
0.199776,-4.947373
0.199778,-4.577522
0.19978,-3.6991258
0.199782,-2.3584158
0.199784,-0.694087
0.19978599,1.0627055
0.199788,2.6345725
0.19979,3.92905
0.199792,4.7149835
0.199794,4.8999095
0.199796,4.483826
0.199798,3.5591989
0.1998,2.172258
0.199802,0.5541601
0.199804,-1.1564007
0.199806,-2.728267
0.199808,-4.022745
0.19981,-4.716216
0.199812,-4.9011416
0.199814,-4.4388275
0.199816,-3.5142004
0.199818,-2.1272593
0.19982,-0.41669846
0.199822,1.3400936
0.199824,2.8657289
0.199826,4.0677447
0.199828,4.7612157
0.19983,4.8999095
0.19983199,4.437596
0.199834,3.420505
0.199836,1.9411016
0.199838,0.3230033
0.19984,-1.387557
0.199842,-2.9131925
0.199844,-4.1614394
0.199846,-4.8086786
0.199848,-4.85491
0.19985,-4.3925962
0.199852,-3.329275
0.199854,-1.8498712
0.199856,-0.18554163
0.199858,1.5250192
0.19986,3.050654
0.199862,4.2064385
0.199864,4.807446
0.199866,4.8536773
0.199868,4.298901
0.19987,3.23558
0.199872,1.756176
0.199874,0.045615196
0.199876,-1.6187139
0.19987799,-3.1443493
0.19988,-4.2539024
0.199882,-4.85491
0.199884,-4.8086786
0.199886,-4.2539024
0.199888,-3.1443493
0.19989,-1.6187139
0.199892,0.091846466
0.199894,1.756176
0.199896,3.2818112
0.199898,4.3451324
0.1999,4.8536773
0.199902,4.807446
0.199904,4.2064385
0.199906,3.050654
0.199908,1.4787879
0.19991,-0.18554163
0.199912,-1.8498712
0.199914,-3.329275
0.199916,-4.3925962
0.199918,-4.85491
0.19992,-4.7624474
0.199922,-4.115208
0.19992399,-2.9594238
0.199926,-1.4337888
0.199928,0.3230033
0.19993,1.9873328
0.199932,3.4667363
0.199934,4.437596
0.199936,4.8999095
0.199938,4.7612157
0.19994,4.0677447
0.199942,2.8194976
0.199944,1.2938623
0.199946,-0.41669846
0.199948,-2.081028
0.19995,-3.5142004
0.199952,-4.4850593
0.199954,-4.9011416
0.199956,-4.716216
0.199958,-3.976514
0.19996,-2.7744985
0.199962,-1.1564007
0.199964,0.60039186
0.199966,2.2184901
0.199968,3.605431
0.19997,4.5300584
0.199972,4.8999095
0.199974,4.668752
0.199976,3.8828197
0.199978,2.6345725
0.19998,1.0627055
0.199982,-0.694087
0.199984,-2.3121846
0.199986,-3.6991258
0.199988,-4.577522
0.19999,-4.9011416
0.199992,-4.623753
0.199994,-3.8378198
0.199996,-2.5433414
0.199998,-0.9252434
