Time,CH1
0.0,5.9169993
5.0E-6,5.9169993
1.0E-5,5.9169993
1.5E-5,5.9169993
2.0E-5,5.9169993
2.5E-5,5.9169993
3.0E-5,5.9169993
3.4999997E-5,5.9169993
4.0E-5,5.9169993
4.5E-5,5.9169993
5.0E-5,5.9169993
5.4999997E-5,5.9169993
6.0E-5,5.9169993
6.5E-5,5.9169993
6.9999995E-5,5.9169993
7.4999996E-5,5.9169993
8.0E-5,5.9169993
8.5E-5,5.9169993
9.0E-5,5.9169993
9.4999996E-5,5.9169993
1.0E-4,5.9169993
1.05E-4,5.9169993
1.0999999E-4,5.9169993
1.14999995E-4,5.9169993
1.2E-4,5.9169993
1.2499999E-4,5.9169993
1.3E-4,5.9169993
1.35E-4,5.9169993
1.3999999E-4,5.9169993
1.45E-4,5.9169993
1.4999999E-4,5.9169993
1.55E-4,5.9169993
1.6E-4,5.9169993
1.6499999E-4,5.9169993
1.7E-4,5.9169993
1.75E-4,5.9169993
1.8E-4,5.9169993
1.85E-4,5.9169993
1.8999999E-4,5.9169993
1.95E-4,5.9169993
2.0E-4,5.9169993
2.0499999E-4,5.9169993
2.1E-4,5.9169993
2.15E-4,5.9169993
2.1999999E-4,5.9169993
2.25E-4,5.9169993
2.2999999E-4,5.9169993
2.35E-4,5.9169993
2.4E-4,5.9169993
2.45E-4,5.9169993
2.4999998E-4,5.9169993
2.55E-4,5.9169993
2.6E-4,5.9169993
2.6499998E-4,5.9169993
2.7E-4,5.9169993
2.75E-4,5.9169993
2.7999998E-4,5.9169993
2.85E-4,5.9169993
2.9E-4,5.9169993
2.95E-4,5.9169993
2.9999999E-4,5.9169993
3.05E-4,5.9169993
3.1E-4,5.9169993
3.1499998E-4,5.9169993
3.2E-4,5.9169993
3.25E-4,5.9169993
3.2999998E-4,5.9169993
3.35E-4,5.9169993
3.4E-4,5.9169993
3.4499998E-4,5.9169993
3.5E-4,5.9169993
3.55E-4,5.9169993
3.6E-4,5.9169993
3.6499999E-4,5.9169993
3.7E-4,5.9169993
3.75E-4,5.9169993
3.7999998E-4,5.9169993
3.85E-4,5.9169993
3.9E-4,5.9169993
3.9499998E-4,5.9169993
4.0E-4,5.9169993
4.05E-4,5.9169993
4.0999998E-4,5.9169993
4.15E-4,5.9169993
4.2E-4,5.9169993
4.2499998E-4,5.9169993
4.3E-4,5.9169993
4.35E-4,5.9169993
4.3999997E-4,5.9169993
4.4499998E-4,5.9169993
4.5E-4,5.9169993
4.55E-4,5.9169993
4.5999998E-4,5.9169993
4.65E-4,5.9169993
4.7E-4,5.9169993
4.7499998E-4,5.9169993
4.8E-4,5.9169993
4.85E-4,5.9169993
4.9E-4,5.9169993
4.95E-4,5.9169993
4.9999997E-4,5.9169993
5.05E-4,5.9169993
5.1E-4,5.9169993
5.1499996E-4,5.9169993
5.2E-4,5.9169993
5.25E-4,5.9169993
5.2999996E-4,5.9169993
5.35E-4,5.9169993
5.4E-4,5.9169993
5.4499996E-4,5.9169993
5.5E-4,5.9169993
5.55E-4,5.9169993
5.5999996E-4,5.9169993
5.65E-4,5.9169993
5.7E-4,5.9169993
5.75E-4,5.9169993
5.8E-4,5.9169993
5.85E-4,5.9169993
5.9E-4,5.9169993
5.95E-4,5.9169993
5.9999997E-4,5.9169993
6.05E-4,5.9169993
6.1E-4,5.9169993
6.1499997E-4,5.9169993
6.2E-4,5.9169993
6.25E-4,5.9169993
6.2999997E-4,5.9169993
6.35E-4,5.9169993
6.4E-4,5.9169993
6.4499996E-4,5.9169993
6.5E-4,5.9169993
6.55E-4,5.9169993
6.5999996E-4,5.9169993
6.65E-4,5.9169993
6.7E-4,5.9169993
6.7499996E-4,5.9169993
6.8E-4,5.9169993
6.85E-4,5.9169993
6.8999996E-4,5.9169993
6.95E-4,5.9169993
7.0E-4,5.9169993
7.0499995E-4,5.9169993
7.1E-4,5.9169993
7.15E-4,5.9169993
7.2E-4,5.9169993
7.25E-4,5.9169993
7.2999997E-4,5.9169993
7.35E-4,5.9169993
7.4E-4,5.9169993
7.4499997E-4,5.9169993
7.5E-4,5.9169993
7.55E-4,5.9169993
7.5999997E-4,5.9169993
7.65E-4,5.9169993
7.7E-4,5.9169993
7.7499996E-4,5.9169993
7.8E-4,5.9169993
7.85E-4,5.9169993
7.8999996E-4,5.9169993
7.95E-4,5.9169993
8.0E-4,5.9169993
8.0499996E-4,5.9169993
8.1E-4,5.9169993
8.15E-4,5.9169993
8.1999996E-4,5.9169993
8.25E-4,5.9169993
8.3E-4,5.9169993
8.3499996E-4,5.9169993
8.4E-4,5.9169993
8.45E-4,5.9169993
8.4999995E-4,5.9169993
8.55E-4,5.9169993
8.6E-4,5.9169993
8.6499995E-4,5.9169993
8.7E-4,5.9169993
8.7499997E-4,5.9169993
8.7999995E-4,5.9169993
8.85E-4,5.9169993
8.8999997E-4,5.9169993
8.95E-4,5.9169993
9.0E-4,5.9169993
9.0499996E-4,5.9169993
9.1E-4,5.9169993
9.15E-4,5.9169993
9.1999996E-4,5.9169993
9.25E-4,5.9169993
9.3E-4,5.9169993
9.3499996E-4,5.9169993
9.4E-4,5.9169993
9.45E-4,5.9169993
9.4999996E-4,5.9169993
9.55E-4,5.9169993
9.6E-4,5.9169993
9.6499996E-4,5.9169993
9.7E-4,5.9169993
9.75E-4,5.9169993
9.8E-4,5.9169993
9.849999E-4,5.9169993
9.9E-4,5.9169993
9.95E-4,5.9169993
9.999999E-4,5.9169993
0.001005,5.9169993
0.00101,5.9169993
0.0010149999,5.9169993
0.00102,5.9169993
0.001025,5.9169993
0.0010299999,5.9169993
0.001035,5.9169993
0.00104,5.9169993
0.0010449999,5.9169993
0.00105,5.9169993
0.001055,5.9169993
0.0010599999,5.9169993
0.001065,5.9169993
0.00107,5.9169993
0.0010749999,5.9169993
0.00108,5.9169993
0.001085,5.9169993
0.0010899999,5.9169993
0.001095,5.9169993
0.0011,5.9169993
0.0011049999,5.9169993
0.00111,5.9169993
0.001115,5.9169993
0.0011199999,5.9169993
0.001125,5.9169993
0.00113,5.9169993
0.001135,5.9169993
0.00114,5.9169993
0.001145,5.9169993
0.00115,5.9169993
0.001155,5.9169993
0.00116,5.9169993
0.001165,5.9169993
0.00117,5.9169993
0.001175,5.9169993
0.00118,5.9169993
0.001185,5.9169993
0.00119,5.9169993
0.001195,5.9169993
0.0011999999,5.9169993
0.001205,5.9169993
0.00121,5.9169993
0.0012149999,5.9169993
0.00122,5.9169993
0.001225,5.9169993
0.0012299999,5.9169993
0.001235,5.9169993
0.00124,5.9169993
0.0012449999,5.9169993
0.00125,5.9169993
0.001255,5.9169993
0.0012599999,5.9169993
0.001265,5.9169993
0.00127,5.9169993
0.0012749999,5.9169993
0.00128,5.9169993
0.001285,5.9169993
0.0012899999,5.9169993
0.001295,5.9169993
0.0013,5.9169993
0.0013049999,5.9169993
0.00131,5.9169993
0.001315,5.9169993
0.0013199999,5.9169993
0.001325,5.9169993
0.00133,5.9169993
0.0013349999,5.9169993
0.00134,5.9169993
0.001345,5.9169993
0.0013499999,5.9169993
0.001355,5.9169993
0.00136,5.9169993
0.0013649999,5.9169993
0.00137,5.9169993
0.001375,5.9169993
0.0013799999,5.9169993
0.001385,5.9169993
0.00139,5.9169993
0.0013949999,5.9169993
0.0014,5.9169993
0.001405,5.9169993
0.0014099999,5.9169993
0.001415,5.9169993
0.00142,5.9169993
0.0014249999,5.9169993
0.00143,5.9169993
0.001435,5.9169993
0.00144,5.9169993
0.001445,5.9169993
0.00145,5.9169993
0.001455,5.9169993
0.0014599999,5.9169993
0.001465,5.9169993
0.00147,5.9169993
0.0014749999,5.9169993
0.00148,5.9169993
0.001485,5.9169993
0.0014899999,5.9169993
0.001495,5.870768
0.0015,5.824537
0.0015049999,5.824537
0.00151,5.824537
0.001515,5.870768
0.0015199999,5.870768
0.001525,5.9169993
0.00153,5.9169993
0.0015349999,5.9169993
0.00154,5.9169993
0.001545,5.9169993
0.0015499999,5.9169993
0.001555,5.9169993
0.00156,5.9169993
0.0015649999,5.9169993
0.00157,5.9169993
0.001575,5.9169993
0.0015799999,5.9169993
0.001585,5.9169993
0.00159,5.9169993
0.0015949999,5.9169993
0.0016,5.9169993
0.001605,5.9169993
0.0016099999,5.9169993
0.001615,5.9169993
0.00162,5.9169993
0.0016249999,5.9169993
0.00163,5.9169993
0.001635,5.9169993
0.0016399999,5.9169993
0.001645,5.9169993
0.00165,5.9169993
0.0016549999,5.9169993
0.00166,5.9169993
0.001665,5.9169993
0.0016699999,5.9169993
0.001675,5.9169993
0.00168,5.9169993
0.0016849999,5.9169993
0.00169,5.9169993
0.001695,5.9169993
0.0016999999,5.9169993
0.001705,5.9169993
0.00171,5.9169993
0.0017149999,5.9169993
0.00172,5.9169993
0.001725,5.9169993
0.0017299999,5.9169993
0.0017349999,5.9169993
0.00174,5.9169993
0.0017449999,5.9169993
0.0017499999,5.9169993
0.001755,5.9169993
0.0017599999,5.9169993
0.0017649999,5.9169993
0.00177,5.9169993
0.001775,5.9169993
0.0017799999,5.9169993
0.001785,5.9169993
0.00179,5.9169993
0.0017949999,5.9169993
0.0018,5.9169993
0.001805,5.9169993
0.0018099999,5.9169993
0.001815,5.9169993
0.00182,5.9169993
0.0018249999,5.9169993
0.00183,5.9169993
0.001835,5.9169993
0.0018399999,5.9169993
0.001845,5.9169993
0.00185,5.9169993
0.0018549999,5.9169993
0.00186,5.9169993
0.001865,5.9169993
0.0018699999,5.9169993
0.001875,5.9169993
0.00188,5.9169993
0.0018849999,5.9169993
0.00189,5.9169993
0.001895,5.9169993
0.0018999999,5.9169993
0.001905,5.9169993
0.00191,5.9169993
0.0019149999,5.9169993
0.00192,5.9169993
0.001925,5.9169993
0.0019299999,5.9169993
0.001935,5.9169993
0.00194,5.9169993
0.0019449999,5.9169993
0.00195,5.9169993
0.001955,5.9169993
0.00196,5.9169993
0.001965,5.9169993
0.0019699999,5.9169993
0.001975,5.9169993
0.00198,5.9169993
0.001985,5.9169993
0.00199,5.9169993
0.001995,5.9169993
0.0019999999,5.9169993
0.002005,5.9169993
0.00201,5.9169993
0.002015,5.9169993
0.00202,5.9169993
0.002025,5.9169993
0.0020299999,5.9169993
0.002035,5.9169993
0.00204,5.9169993
0.002045,5.9169993
0.00205,5.9169993
0.002055,5.9169993
0.0020599999,5.9169993
0.002065,5.9169993
0.00207,5.9169993
0.002075,5.9169993
0.00208,5.9169993
0.002085,5.9169993
0.0020899998,5.9169993
0.002095,5.9169993
0.0021,5.9169993
0.002105,5.9169993
0.00211,5.9169993
0.002115,5.9169993
0.0021199998,5.9169993
0.0021249999,5.9169993
0.00213,5.9169993
0.002135,5.9169993
0.00214,5.9169993
0.002145,5.9169993
0.0021499998,5.9169993
0.0021549999,5.9169993
0.00216,5.9169993
0.002165,5.9169993
0.00217,5.9169993
0.002175,5.9169993
0.0021799998,5.9169993
0.0021849999,5.9169993
0.00219,5.9169993
0.002195,5.9169993
0.0022,5.9169993
0.002205,5.9169993
0.0022099998,5.9169993
0.0022149999,5.9169993
0.00222,5.9169993
0.002225,5.9169993
0.00223,5.9169993
0.002235,5.9169993
0.0022399998,5.9169993
0.0022449999,5.9169993
0.00225,5.9169993
0.002255,5.9169993
0.00226,5.9169993
0.002265,5.9169993
0.00227,5.9169993
0.0022749999,5.9169993
0.00228,5.9169993
0.002285,5.9169993
0.00229,5.9169993
0.002295,5.9169993
0.0023,5.9169993
0.0023049999,5.9169993
0.00231,5.9169993
0.002315,5.9169993
0.00232,5.9169993
0.002325,5.9169993
0.00233,5.9169993
0.0023349999,5.9169993
0.00234,5.9169993
0.002345,5.9169993
0.00235,5.9169993
0.002355,5.9169993
0.00236,5.9169993
0.0023649998,5.9169993
0.00237,5.9169993
0.002375,5.9169993
0.00238,5.9169993
0.002385,5.9169993
0.00239,5.9169993
0.0023949998,5.9169993
0.0023999999,5.9169993
0.002405,5.9169993
0.00241,5.9169993
0.002415,5.9169993
0.00242,5.9169993
0.0024249998,5.9169993
0.0024299999,5.9169993
0.002435,5.9169993
0.00244,5.9169993
0.002445,5.9169993
0.00245,5.9169993
0.0024549998,5.9169993
0.0024599999,5.9169993
0.002465,5.9169993
0.00247,5.9169993
0.002475,5.9169993
0.00248,5.9169993
0.0024849998,5.9169993
0.0024899999,5.9169993
0.002495,5.9169993
0.0025,5.9169993
0.002505,5.9169993
0.00251,5.9169993
0.0025149998,5.9169993
0.0025199999,5.9169993
0.002525,5.9169993
0.00253,5.9169993
0.002535,5.9169993
0.00254,5.9169993
0.0025449998,5.9169993
0.0025499999,5.9169993
0.002555,5.9169993
0.00256,5.9169993
0.002565,5.9169993
0.00257,5.9169993
0.002575,5.9169993
0.0025799999,5.9169993
0.002585,5.9169993
0.00259,5.9169993
0.002595,5.9169993
0.0026,5.9169993
0.002605,5.9169993
0.0026099999,5.9169993
0.002615,5.9169993
0.00262,5.9169993
0.002625,5.9169993
0.00263,5.9169993
0.002635,5.9169993
0.0026399998,5.9169993
0.002645,5.9169993
0.00265,5.9169993
0.002655,5.9169993
0.00266,5.9169993
0.002665,5.9169993
0.0026699998,5.9169993
0.0026749999,5.9169993
0.00268,5.9169993
0.002685,5.9169993
0.00269,5.9169993
0.002695,5.9169993
0.0026999998,5.9169993
0.0027049999,5.9169993
0.00271,5.9169993
0.002715,5.9169993
0.00272,5.9169993
0.002725,5.9169993
0.0027299998,5.9169993
0.0027349999,5.9169993
0.00274,5.9169993
0.002745,5.9169993
0.00275,5.9169993
0.002755,5.9169993
0.0027599998,5.9169993
0.0027649999,5.9169993
0.00277,5.9169993
0.002775,5.9169993
0.00278,5.9169993
0.002785,5.9169993
0.0027899998,5.9169993
0.0027949999,5.9169993
0.0028,5.9169993
0.002805,5.9169993
0.00281,5.9169993
0.002815,5.9169993
0.0028199998,5.9169993
0.0028249999,5.9169993
0.00283,5.9169993
0.002835,5.9169993
0.00284,5.9169993
0.002845,5.9169993
0.0028499998,5.9169993
0.0028549999,5.9169993
0.00286,5.9169993
0.002865,5.9169993
0.00287,5.9169993
0.002875,5.9169993
0.00288,5.9169993
0.0028849998,5.9169993
0.00289,5.9169993
0.002895,5.9169993
0.0029,5.9169993
0.002905,5.9169993
0.00291,5.9169993
0.0029149998,5.9169993
0.0029199999,5.9169993
0.002925,5.9169993
0.00293,5.9169993
0.002935,5.9169993
0.00294,5.9169993
0.0029449998,5.9169993
0.0029499999,5.9169993
0.002955,5.9169993
0.00296,5.9169993
0.002965,5.9169993
0.00297,5.9169993
0.0029749998,5.9169993
0.0029799999,5.9169993
0.002985,5.9169993
0.00299,5.9169993
0.002995,5.9169993
0.003,5.9169993
0.0030049998,5.9169993
0.0030099999,5.9169993
0.003015,5.9169993
0.00302,5.9169993
0.003025,5.9169993
0.00303,5.9169993
0.0030349998,5.9169993
0.0030399999,5.9169993
0.003045,5.9169993
0.00305,5.9169993
0.003055,5.9169993
0.00306,5.9169993
0.0030649998,5.9169993
0.0030699999,5.9169993
0.003075,5.9169993
0.00308,5.9169993
0.003085,5.9169993
0.00309,5.9169993
0.0030949998,5.9169993
0.0030999999,5.9169993
0.003105,5.9169993
0.00311,5.9169993
0.003115,5.9169993
0.00312,5.9169993
0.0031249998,5.9169993
0.0031299999,5.9169993
0.003135,5.9169993
0.00314,5.9169993
0.003145,5.9169993
0.00315,5.9169993
0.0031549998,5.9169993
0.0031599998,5.9169993
0.003165,5.9169993
0.00317,5.9169993
0.003175,5.9169993
0.00318,5.9169993
0.0031849998,5.9169993
0.0031899998,5.9169993
0.0031949999,5.9169993
0.0032,5.9169993
0.003205,5.9169993
0.00321,5.9169993
0.003215,5.9169993
0.0032199998,5.9169993
0.0032249999,5.9169993
0.00323,5.9169993
0.003235,5.9169993
0.00324,5.9169993
0.003245,5.9169993
0.0032499998,5.9169993
0.0032549999,5.9169993
0.00326,5.9169993
0.003265,5.9169993
0.00327,5.9169993
0.003275,5.9169993
0.0032799998,5.9169993
0.0032849999,5.9169993
0.00329,5.9169993
0.003295,5.9169993
0.0033,5.9169993
0.003305,5.9169993
0.0033099998,5.9169993
0.0033149999,5.9169993
0.00332,5.9169993
0.003325,5.9169993
0.00333,5.9169993
0.003335,5.9169993
0.0033399998,5.9169993
0.0033449999,5.9169993
0.00335,5.9169993
0.003355,5.9169993
0.00336,5.9169993
0.003365,5.9169993
0.0033699998,5.9169993
0.0033749999,5.9169993
0.00338,5.9169993
0.003385,5.9169993
0.00339,5.9169993
0.003395,5.9169993
0.0033999998,5.9169993
0.0034049999,5.9169993
0.00341,5.9169993
0.003415,5.9169993
0.00342,5.9169993
0.003425,5.9169993
0.0034299998,5.9169993
0.0034349998,5.9169993
0.00344,5.9169993
0.003445,5.9169993
0.00345,5.9169993
0.003455,5.9169993
0.0034599998,5.9169993
0.0034649998,5.9169993
0.0034699999,5.9169993
0.003475,5.9169993
0.00348,5.9169993
0.003485,5.9169993
0.0034899998,5.9169993
0.0034949998,5.9169993
0.0034999999,5.9169993
0.003505,5.9169993
0.00351,5.9169993
0.003515,5.9169993
0.0035199998,5.9169993
0.0035249998,5.9169993
0.0035299999,5.9169993
0.003535,5.9169993
0.00354,5.9169993
0.003545,5.9169993
0.00355,5.9169993
0.0035549998,5.9169993
0.0035599999,5.9169993
0.003565,5.9169993
0.00357,5.9169993
0.003575,5.9169993
0.00358,5.9169993
0.0035849998,5.9169993
0.0035899999,5.9169993
0.003595,5.9169993
0.0036,5.9169993
0.003605,5.9169993
0.00361,5.9169993
0.0036149998,5.9169993
0.0036199999,5.9169993
0.003625,5.9169993
0.00363,5.9169993
0.003635,5.9169993
0.00364,5.9169993
0.0036449998,5.9169993
0.0036499999,5.9169993
0.003655,5.9169993
0.00366,5.9169993
0.003665,5.9169993
0.00367,5.9169993
0.0036749998,5.9169993
0.0036799998,5.9169993
0.003685,5.9169993
0.00369,5.9169993
0.003695,5.9169993
0.0037,5.9169993
0.0037049998,5.9169993
0.0037099998,5.9169993
0.0037149999,5.9169993
0.00372,5.9169993
0.003725,5.9169993
0.00373,5.9169993
0.0037349998,5.9169993
0.0037399998,5.9169993
0.0037449999,5.9169993
0.00375,5.9169993
0.003755,5.9169993
0.00376,5.9169993
0.0037649998,5.9169993
0.0037699998,5.9169993
0.0037749999,5.9169993
0.00378,5.9169993
0.003785,5.9169993
0.00379,5.9169993
0.0037949998,5.9169993
0.0037999998,5.9169993
0.0038049999,5.9169993
0.00381,5.9169993
0.003815,5.9169993
0.00382,5.9169993
0.0038249998,5.9169993
0.0038299998,5.9169993
0.0038349999,5.9169993
0.00384,5.9169993
0.003845,5.9169993
0.00385,5.9169993
0.003855,5.9169993
0.0038599998,5.9169993
0.0038649999,5.9169993
0.00387,5.9169993
0.003875,5.9169993
0.00388,5.9169993
0.003885,5.9169993
0.0038899998,5.9169993
0.0038949999,5.9169993
0.0039,5.9169993
0.003905,5.9169993
0.00391,5.9169993
0.003915,5.9169993
0.00392,5.9169993
0.003925,5.9169993
0.00393,5.9169993
0.003935,5.9169993
0.0039399997,5.9169993
0.003945,5.9169993
0.00395,5.9169993
0.003955,5.9169993
0.00396,5.9169993
0.0039649997,5.9169993
0.00397,5.9169993
0.0039749998,5.9169993
0.00398,5.9169993
0.003985,5.9169993
0.00399,5.9169993
0.003995,5.9169993
0.0039999997,5.9169993
0.004005,5.9169993
0.00401,5.9169993
0.004015,5.9169993
0.00402,5.9169993
0.0040249997,5.9169993
0.00403,5.9169993
0.0040349998,5.9169993
0.00404,5.9169993
0.004045,5.9169993
0.00405,5.9169993
0.004055,5.9169993
0.0040599997,5.9169993
0.004065,5.9169993
0.00407,5.9169993
0.004075,5.9169993
0.00408,5.9169993
0.0040849997,5.9169993
0.00409,5.9169993
0.0040949997,5.9169993
0.0041,5.9169993
0.004105,5.9169993
0.00411,5.9169993
0.004115,5.9169993
0.0041199997,5.9169993
0.004125,5.9169993
0.00413,5.9169993
0.004135,5.9169993
0.00414,5.9169993
0.0041449997,5.9169993
0.00415,5.9169993
0.0041549997,5.9169993
0.00416,5.9169993
0.004165,5.9169993
0.00417,5.9169993
0.004175,5.9169993
0.0041799997,5.9169993
0.004185,5.9169993
0.00419,5.9169993
0.004195,5.9169993
0.0042,5.9169993
0.004205,5.9169993
0.00421,5.9169993
0.0042149997,5.9169993
0.00422,5.9169993
0.004225,5.9169993
0.00423,5.9169993
0.004235,5.9169993
0.0042399997,5.9169993
0.004245,5.9169993
0.0042499998,5.9169993
0.004255,5.9169993
0.00426,5.9169993
0.004265,5.9169993
0.00427,5.9169993
0.0042749997,5.9169993
0.00428,5.9169993
0.004285,5.9169993
0.00429,5.9169993
0.004295,5.9169993
0.0042999997,5.9169993
0.004305,5.9169993
0.0043099998,5.9169993
0.004315,5.9169993
0.00432,5.9169993
0.004325,5.9169993
0.00433,5.9169993
0.0043349997,5.9169993
0.00434,5.9169993
0.004345,5.9169993
0.00435,5.9169993
0.004355,5.9169993
0.0043599997,5.9169993
0.004365,5.9169993
0.0043699997,5.9169993
0.004375,5.9169993
0.00438,5.9169993
0.004385,5.9169993
0.00439,5.9169993
0.0043949997,5.9169993
0.0044,5.9169993
0.004405,5.9169993
0.00441,5.9169993
0.004415,5.9169993
0.0044199997,5.9169993
0.004425,5.9169993
0.0044299997,5.9169993
0.004435,5.9169993
0.00444,5.9169993
0.004445,5.9169993
0.00445,5.9169993
0.0044549997,5.9169993
0.00446,5.9169993
0.004465,5.9169993
0.00447,5.9169993
0.004475,5.9169993
0.0044799997,5.9169993
0.004485,5.9169993
0.0044899997,5.9169993
0.004495,5.9169993
0.0045,5.9169993
0.004505,5.9169993
0.00451,5.9169993
0.0045149997,5.9169993
0.00452,5.9169993
0.0045249998,5.9169993
0.00453,5.9169993
0.004535,5.9169993
0.00454,5.9169993
0.004545,5.9169993
0.0045499997,5.9169993
0.004555,5.9169993
0.00456,5.9169993
0.004565,5.9169993
0.00457,5.9169993
0.0045749997,5.9169993
0.00458,5.9169993
0.0045849998,5.9169993
0.00459,5.9169993
0.004595,5.9169993
0.0046,5.9169993
0.004605,5.9169993
0.0046099997,5.9169993
0.004615,5.9169993
0.00462,5.9169993
0.004625,5.9169993
0.00463,5.9169993
0.0046349997,5.9169993
0.00464,5.9169993
0.0046449997,5.9169993
0.00465,5.9169993
0.004655,5.9169993
0.00466,5.9169993
0.004665,5.9169993
0.0046699997,5.9169993
0.004675,5.9169993
0.00468,5.9169993
0.004685,5.9169993
0.00469,5.9169993
0.0046949997,5.9169993
0.0047,5.9169993
0.0047049997,5.9169993
0.00471,5.9169993
0.004715,5.9169993
0.00472,5.9169993
0.004725,5.9169993
0.0047299997,5.9169993
0.004735,5.9169993
0.00474,5.9169993
0.004745,5.9169993
0.00475,5.9169993
0.0047549997,5.9169993
0.00476,5.9169993
0.0047649997,5.9169993
0.00477,5.9169993
0.004775,5.9169993
0.00478,5.9169993
0.004785,5.9169993
0.0047899997,5.9169993
0.004795,5.9169993
0.0047999998,5.9169993
0.004805,5.9169993
0.00481,5.9169993
0.004815,5.9169993
0.00482,5.9169993
0.0048249997,5.9169993
0.00483,5.9169993
0.004835,5.9169993
0.00484,5.9169993
0.004845,5.9169993
0.0048499997,5.9169993
0.004855,5.9169993
0.0048599998,5.9169993
0.004865,5.9169993
0.00487,5.9169993
0.004875,5.9169993
0.00488,5.9169993
0.0048849997,5.9169993
0.00489,5.9169993
0.004895,5.9169993
0.0049,5.9169993
0.004905,5.9169993
0.0049099997,5.9169993
0.004915,5.9169993
0.0049199997,5.9169993
0.004925,5.9169993
0.00493,5.9169993
0.004935,5.9169993
0.00494,5.9169993
0.0049449997,5.9169993
0.00495,5.9169993
0.004955,5.9169993
0.00496,5.9169993
0.004965,5.9169993
0.0049699997,5.9169993
0.004975,5.9169993
0.0049799997,5.9169993
0.004985,5.9169993
0.00499,5.9169993
0.004995,5.9169993
0.005,5.9169993
0.0050049997,5.9169993
0.00501,5.9169993
0.005015,5.9169993
0.00502,5.9169993
0.005025,5.9169993
0.0050299997,5.9169993
0.005035,5.9169993
0.0050399997,5.9169993
0.005045,5.9169993
0.00505,5.9169993
0.005055,5.9169993
0.00506,5.9169993
0.0050649997,5.9169993
0.00507,5.9169993
0.0050749998,5.9169993
0.00508,5.9169993
0.005085,5.9169993
0.0050899996,5.9169993
0.005095,5.9169993
0.0050999997,5.9169993
0.005105,5.9169993
0.00511,5.9169993
0.005115,5.9169993
0.00512,5.9169993
0.0051249997,5.9169993
0.00513,5.9169993
0.0051349998,5.9169993
0.00514,5.9169993
0.005145,5.9169993
0.00515,5.9169993
0.005155,5.9169993
0.0051599997,5.9169993
0.005165,5.9169993
0.00517,5.9169993
0.005175,5.9169993
0.00518,5.9169993
0.0051849997,5.9169993
0.00519,5.9169993
0.0051949997,5.9169993
0.0052,5.9169993
0.005205,5.9169993
0.00521,5.9169993
0.005215,5.9169993
0.0052199997,5.9169993
0.005225,5.9169993
0.00523,5.9169993
0.005235,5.9169993
0.00524,5.9169993
0.0052449997,5.9169993
0.00525,5.9169993
0.0052549997,5.9169993
0.00526,5.9169993
0.005265,5.9169993
0.00527,5.9169993
0.005275,5.9169993
0.0052799997,5.9169993
0.005285,5.9169993
0.00529,5.9169993
0.005295,5.9169993
0.0053,5.9169993
0.0053049996,5.9169993
0.00531,5.9169993
0.0053149997,5.9169993
0.00532,5.9169993
0.005325,5.9169993
0.00533,5.9169993
0.005335,5.9169993
0.0053399997,5.9169993
0.005345,5.9169993
0.0053499998,5.9169993
0.005355,5.9169993
0.00536,5.9169993
0.0053649996,5.9169993
0.00537,5.9169993
0.0053749997,5.9169993
0.00538,5.9169993
0.005385,5.9169993
0.00539,5.9169993
0.005395,5.9169993
0.0053999997,5.9169993
0.005405,5.9169993
0.0054099998,5.9169993
0.005415,5.9169993
0.00542,5.9169993
0.0054249996,5.9169993
0.00543,5.9169993
0.0054349997,5.9169993
0.00544,5.9169993
0.005445,5.9169993
0.00545,5.9169993
0.005455,5.9169993
0.0054599997,5.9169993
0.005465,5.9169993
0.0054699997,5.9169993
0.005475,5.9169993
0.00548,5.9169993
0.005485,5.9169993
0.00549,5.9169993
0.0054949997,5.9169993
0.0055,5.9169993
0.005505,5.9169993
0.00551,5.9169993
0.005515,5.9169993
0.0055199997,5.9169993
0.005525,5.9169993
0.0055299997,5.9169993
0.005535,5.9169993
0.00554,5.9169993
0.005545,5.9169993
0.00555,5.9169993
0.0055549997,5.9169993
0.00556,5.9169993
0.0055649998,5.9169993
0.00557,5.9169993
0.005575,5.9169993
0.0055799996,5.9169993
0.005585,5.9169993
0.0055899997,5.9169993
0.005595,5.9169993
0.0056,5.9169993
0.005605,5.9169993
0.00561,5.9169993
0.0056149997,5.9169993
0.00562,5.9169993
0.0056249998,5.9169993
0.00563,5.9169993
0.005635,5.9169993
0.0056399996,5.9169993
0.005645,5.9169993
0.0056499997,5.9169993
0.005655,5.9169993
0.00566,5.9169993
0.005665,5.9169993
0.00567,5.9169993
0.0056749997,5.9169993
0.00568,5.9169993
0.0056849997,5.9169993
0.00569,5.9169993
0.005695,5.9169993
0.0056999996,5.9169993
0.005705,5.9169993
0.0057099997,5.9169993
0.005715,5.9169993
0.00572,5.9169993
0.005725,5.9169993
0.00573,5.9169993
0.0057349997,5.9169993
0.00574,5.9169993
0.0057449997,5.9169993
0.00575,5.9169993
0.005755,5.9169993
0.00576,5.9169993
0.005765,5.9169993
0.0057699997,5.9169993
0.005775,5.9169993
0.00578,5.9169993
0.005785,5.9169993
0.00579,5.9169993
0.0057949997,5.9169993
0.0058,5.9169993
0.0058049997,5.9169993
0.00581,5.9169993
0.005815,5.9169993
0.00582,5.9169993
0.005825,5.9169993
0.0058299997,5.9169993
0.005835,5.9169993
0.0058399998,5.9169993
0.005845,5.9169993
0.00585,5.9169993
0.0058549996,5.9169993
0.00586,5.9169993
0.0058649997,5.9169993
0.00587,5.9169993
0.005875,5.9169993
0.00588,5.9169993
0.005885,5.9169993
0.0058899997,5.9169993
0.005895,5.9169993
0.0058999998,5.9169993
0.005905,5.9169993
0.00591,5.9169993
0.0059149996,5.9169993
0.00592,5.9169993
0.0059249997,5.9169993
0.00593,5.9169993
0.005935,5.9169993
0.00594,5.9169993
0.005945,5.9169993
0.0059499997,5.9169993
0.005955,5.9169993
0.0059599997,5.9169993
0.005965,5.9169993
0.00597,5.9169993
0.0059749996,5.9169993
0.00598,5.9169993
0.0059849997,5.9169993
0.00599,5.9169993
0.005995,5.9169993
0.006,5.9169993
0.006005,5.9169993
0.0060099997,5.9169993
0.006015,5.9169993
0.0060199997,5.9169993
0.006025,5.9169993
0.00603,5.9169993
0.0060349996,5.9169993
0.00604,5.9169993
0.0060449997,5.9169993
0.00605,5.9169993
0.006055,5.9169993
0.00606,5.9169993
0.006065,5.9169993
0.0060699997,5.9169993
0.006075,5.9169993
0.0060799997,5.9169993
0.006085,5.9169993
0.00609,5.9169993
0.006095,5.9169993
0.0061,5.9169993
0.0061049997,5.9169993
0.00611,5.9169993
0.0061149998,5.9169993
0.00612,5.9169993
0.006125,5.9169993
0.0061299996,5.9169993
0.006135,5.9169993
0.0061399997,5.9169993
0.006145,5.9169993
0.00615,5.9169993
0.006155,5.9169993
0.00616,5.9169993
0.0061649997,5.9169993
0.00617,5.9169993
0.0061749998,5.9169993
0.00618,5.9169993
0.006185,5.9169993
0.0061899996,5.9169993
0.006195,5.9169993
0.0061999997,5.9169993
0.006205,5.9169993
0.00621,5.9169993
0.006215,5.9169993
0.00622,5.9169993
0.0062249997,5.9169993
0.00623,5.9169993
0.0062349997,5.9169993
0.00624,5.9169993
0.006245,5.9169993
0.0062499996,5.9169993
0.006255,5.9169993
0.0062599997,5.9169993
0.006265,5.9169993
0.00627,5.9169993
0.006275,5.9169993
0.00628,5.9169993
0.0062849997,5.9169993
0.00629,5.9169993
0.0062949997,5.9169993
0.0063,5.9169993
0.006305,5.9169993
0.0063099996,5.9169993
0.006315,5.9169993
0.0063199997,5.9169993
0.006325,5.9169993
0.00633,5.9169993
0.006335,5.9169993
0.00634,5.9169993
0.0063449997,5.9169993
0.00635,5.9169993
0.0063549997,5.9169993
0.00636,5.9169993
0.006365,5.9169993
0.0063699996,5.9169993
0.006375,5.9169993
0.0063799997,5.9169993
0.006385,5.9169993
0.0063899998,5.9169993
0.006395,5.9169993
0.0064,5.9169993
0.0064049996,5.9169993
0.00641,5.9169993
0.0064149997,5.9169993
0.00642,5.9169993
0.006425,5.9169993
0.00643,5.9169993
0.006435,5.9169993
0.0064399997,5.9169993
0.006445,5.9169993
0.0064499998,5.9169993
0.006455,5.9169993
0.00646,5.9169993
0.0064649996,5.9169993
0.00647,5.9169993
0.0064749997,5.9169993
0.00648,5.9169993
0.006485,5.9169993
0.00649,5.9169993
0.006495,5.9169993
0.0064999997,5.9169993
0.006505,5.9169993
0.0065099997,5.9169993
0.006515,5.9169993
0.00652,5.9169993
0.0065249996,5.9169993
0.00653,5.9169993
0.0065349997,5.9169993
0.00654,5.9169993
0.006545,5.9169993
0.00655,5.9169993
0.006555,5.9169993
0.0065599997,5.9169993
0.006565,5.9169993
0.0065699997,5.9169993
0.006575,5.9169993
0.00658,5.9169993
0.0065849996,5.9169993
0.00659,5.9169993
0.0065949997,5.9169993
0.0066,5.9169993
0.006605,5.9169993
0.00661,5.9169993
0.006615,5.9169993
0.0066199997,5.9169993
0.006625,5.9169993
0.0066299997,5.9169993
0.006635,5.9169993
0.00664,5.9169993
0.0066449996,5.9169993
0.00665,5.9169993
0.0066549997,5.9169993
0.00666,5.9169993
0.0066649998,5.9169993
0.00667,5.9169993
0.006675,5.9169993
0.0066799996,5.9169993
0.006685,5.9169993
0.0066899997,5.9169993
0.006695,5.9169993
0.0067,5.9169993
0.0067049996,5.9169993
0.00671,5.9169993
0.0067149997,5.9169993
0.00672,5.9169993
0.0067249998,5.9169993
0.00673,5.9169993
0.006735,5.9169993
0.0067399996,5.9169993
0.006745,5.9169993
0.0067499997,5.9169993
0.006755,5.9169993
0.00676,5.9169993
0.006765,5.9169993
0.00677,5.9169993
0.0067749997,5.9169993
0.00678,5.9169993
0.0067849997,5.9169993
0.00679,5.9169993
0.006795,5.9169993
0.0067999996,5.9169993
0.006805,5.9169993
0.0068099997,5.9169993
0.006815,5.9169993
0.00682,5.9169993
0.006825,5.9169993
0.00683,5.9169993
0.0068349997,5.9169993
0.00684,5.9169993
0.0068449997,5.9169993
0.00685,5.9169993
0.006855,5.9169993
0.0068599996,5.9169993
0.006865,5.9169993
0.0068699997,5.9169993
0.006875,5.9169993
0.00688,5.9169993
0.006885,5.9169993
0.00689,5.9169993
0.0068949996,5.9169993
0.0069,5.9169993
0.0069049997,5.9169993
0.00691,5.9169993
0.006915,5.9169993
0.0069199996,5.9169993
0.006925,5.9169993
0.0069299997,5.9169993
0.006935,5.9169993
0.0069399998,5.9169993
0.006945,5.9169993
0.00695,5.9169993
0.0069549996,5.9169993
0.00696,5.9169993
0.0069649997,5.9169993
0.00697,5.9169993
0.006975,5.9169993
0.0069799996,5.9169993
0.006985,5.9169993
0.0069899997,5.9169993
0.006995,5.9169993
0.0069999998,5.9169993
0.007005,5.9169993
0.00701,5.9169993
0.0070149996,5.9169993
0.00702,5.9169993
0.0070249997,5.9169993
0.00703,5.9169993
0.007035,5.9169993
0.0070399996,5.9169993
0.007045,5.9169993
0.0070499997,5.9169993
0.007055,5.9169993
0.0070599997,5.9169993
0.007065,5.9169993
0.00707,5.9169993
0.0070749996,5.9169993
0.00708,5.9169993
0.0070849997,5.9169993
0.00709,5.9169993
0.007095,5.9169993
0.0071,5.9169993
0.007105,5.9169993
0.0071099997,5.9169993
0.007115,5.9169993
0.0071199997,5.9169993
0.007125,5.9169993
0.00713,5.9169993
0.0071349996,5.9169993
0.00714,5.9169993
0.0071449997,5.9169993
0.00715,5.9169993
0.0071549998,5.9169993
0.00716,5.9169993
0.007165,5.9169993
0.0071699996,5.9169993
0.007175,5.9169993
0.0071799997,5.9169993
0.007185,5.9169993
0.00719,5.9169993
0.0071949996,5.9169993
0.0072,5.9169993
0.0072049997,5.9169993
0.00721,5.9169993
0.0072149998,5.9169993
0.00722,5.9169993
0.007225,5.9169993
0.0072299996,5.9169993
0.007235,5.9169993
0.0072399997,5.9169993
0.007245,5.9169993
0.00725,5.9169993
0.0072549996,5.9169993
0.00726,5.9169993
0.0072649997,5.9169993
0.00727,5.9169993
0.0072749997,5.9169993
0.00728,5.9169993
0.007285,5.9169993
0.0072899996,5.9169993
0.007295,5.9169993
0.0072999997,5.9169993
0.007305,5.9169993
0.00731,5.9169993
0.0073149996,5.9169993
0.00732,5.9169993
0.0073249997,5.9169993
0.00733,5.9169993
0.0073349997,5.9169993
0.00734,5.9169993
0.007345,5.9169993
0.0073499996,5.9169993
0.007355,5.9169993
0.0073599997,5.9169993
0.007365,5.9169993
0.00737,5.9169993
0.007375,5.9169993
0.00738,5.9169993
0.0073849997,5.9169993
0.00739,5.9169993
0.0073949997,5.9169993
0.0074,5.9169993
0.007405,5.9169993
0.0074099996,5.9169993
0.007415,5.9169993
0.0074199997,5.9169993
0.007425,5.9169993
0.0074299998,5.9169993
0.007435,5.9169993
0.00744,5.9169993
0.0074449996,5.9169993
0.00745,5.9169993
0.0074549997,5.9169993
0.00746,5.9169993
0.007465,5.9169993
0.0074699996,5.9169993
0.007475,5.9169993
0.0074799997,5.9169993
0.007485,5.9169993
0.0074899998,5.9169993
0.007495,5.9169993
0.0075,5.9169993
0.0075049996,5.9169993
0.00751,5.9169993
0.0075149997,5.9169993
0.00752,5.9169993
0.007525,5.9169993
0.0075299996,5.9169993
0.007535,5.9169993
0.0075399997,5.9169993
0.007545,5.9169993
0.0075499997,5.9169993
0.007555,5.9169993
0.00756,5.9169993
0.0075649996,5.9169993
0.00757,5.9169993
0.0075749997,5.9169993
0.00758,5.9169993
0.007585,5.9169993
0.0075899996,5.9169993
0.007595,5.9169993
0.0075999997,5.9169993
0.007605,5.9169993
0.0076099997,5.9169993
0.007615,5.9169993
0.00762,5.9169993
0.0076249996,5.9169993
0.00763,5.9169993
0.0076349997,5.9169993
0.00764,5.9169993
0.007645,5.9169993
0.0076499996,5.9169993
0.007655,5.9169993
0.0076599997,5.9169993
0.007665,5.9169993
0.0076699997,5.9169993
0.007675,5.9169993
0.00768,5.9169993
0.0076849996,5.9169993
0.00769,5.9169993
0.0076949997,5.9169993
0.0077,5.9169993
0.0077049998,5.9169993
0.00771,5.9169993
0.007715,5.9169993
0.0077199996,5.9169993
0.007725,5.9169993
0.0077299997,5.9169993
0.007735,5.9169993
0.00774,5.9169993
0.0077449996,5.9169993
0.00775,5.9169993
0.0077549997,5.9169993
0.00776,5.9169993
0.0077649998,5.9169993
0.00777,5.9169993
0.007775,5.9169993
0.0077799996,5.9169993
0.007785,5.9169993
0.0077899997,5.9169993
0.007795,5.9169993
0.0078,5.9169993
0.0078049996,5.9169993
0.00781,5.9169993
0.007815,5.9169993
0.00782,5.9169993
0.007825,5.9169993
0.00783,5.9169993
0.007835,5.9169993
0.00784,5.9169993
0.007844999,5.9169993
0.00785,5.9169993
0.007855,5.9169993
0.00786,5.9169993
0.007865,5.9169993
0.00787,5.9169993
0.007875,5.9169993
0.0078799995,5.9169993
0.007885,5.9169993
0.00789,5.9169993
0.007894999,5.9169993
0.0079,5.9169993
0.007905,5.9169993
0.00791,5.9169993
0.0079149995,5.9169993
0.00792,5.9169993
0.007925,5.9169993
0.007929999,5.9169993
0.007935,5.9169993
0.00794,5.9169993
0.007945,5.9169993
0.0079499995,5.9169993
0.007955,5.9169993
0.00796,5.9169993
0.007964999,5.9169993
0.00797,5.9169993
0.007975,5.9169993
0.00798,5.9169993
0.007985,5.9169993
0.00799,5.9169993
0.007995,5.9169993
0.007999999,5.9169993
0.008005,5.9169993
0.00801,5.9169993
0.008015,5.9169993
0.00802,5.9169993
0.008025,5.9169993
0.00803,5.9169993
0.0080349995,5.9169993
0.00804,5.9169993
0.008045,5.9169993
0.008049999,5.9169993
0.008055,5.9169993
0.00806,5.9169993
0.008065,5.9169993
0.0080699995,5.9169993
0.008075,5.9169993
0.00808,5.9169993
0.008084999,5.9169993
0.00809,5.9169993
0.008095,5.9169993
0.0081,5.9169993
0.008105,5.9169993
0.00811,5.9169993
0.008115,5.9169993
0.008119999,5.9169993
0.008125,5.9169993
0.00813,5.9169993
0.008135,5.9169993
0.00814,5.9169993
0.008145,5.9169993
0.00815,5.9169993
0.008154999,5.9169993
0.00816,5.9169993
0.008165,5.9169993
0.008169999,5.9169993
0.008175,5.9169993
0.00818,5.9169993
0.008185,5.9169993
0.0081899995,5.9169993
0.008195,5.9169993
0.0082,5.9169993
0.008204999,5.9169993
0.00821,5.9169993
0.008215,5.9169993
0.00822,5.9169993
0.0082249995,5.9169993
0.00823,5.9169993
0.008235,5.9169993
0.008239999,5.9169993
0.008245,5.9169993
0.00825,5.9169993
0.008255,5.9169993
0.00826,5.9169993
0.008265,5.9169993
0.00827,5.9169993
0.008274999,5.9169993
0.00828,5.9169993
0.008285,5.9169993
0.008289999,5.9169993
0.008295,5.9169993
0.0083,5.9169993
0.008305,5.9169993
0.0083099995,5.9169993
0.008315,5.9169993
0.00832,5.9169993
0.008324999,5.9169993
0.00833,5.9169993
0.008335,5.9169993
0.00834,5.9169993
0.0083449995,5.9169993
0.00835,5.9169993
0.008355,5.9169993
0.008359999,5.9169993
0.008365,5.9169993
0.00837,5.9169993
0.008375,5.9169993
0.00838,5.9169993
0.008385,5.9169993
0.00839,5.9169993
0.008394999,5.9169993
0.0084,5.9169993
0.008405,5.9169993
0.00841,5.9169993
0.008415,5.9169993
0.00842,5.9169993
0.008425,5.9169993
0.008429999,5.9169993
0.008435,5.9169993
0.00844,5.9169993
0.008444999,5.9169993
0.00845,5.9169993
0.008455,5.9169993
0.00846,5.9169993
0.0084649995,5.9169993
0.00847,5.9169993
0.008475,5.9169993
0.008479999,5.9169993
0.008485,5.9169993
0.00849,5.9169993
0.008495,5.9169993
0.0084999995,5.9169993
0.008505,5.9169993
0.00851,5.9169993
0.008514999,5.9169993
0.00852,5.9169993
0.008525,5.9169993
0.00853,5.9169993
0.008535,5.9169993
0.00854,5.9169993
0.008545,5.9169993
0.008549999,5.9169993
0.008555,5.9169993
0.00856,5.9169993
0.008564999,5.9169993
0.00857,5.9169993
0.008575,5.9169993
0.00858,5.9169993
0.0085849995,5.9169993
0.00859,5.9169993
0.008595,5.9169993
0.008599999,5.9169993
0.008605,5.9169993
0.00861,5.9169993
0.008615,5.9169993
0.0086199995,5.9169993
0.008625,5.9169993
0.00863,5.9169993
0.008634999,5.9169993
0.00864,5.9169993
0.008645,5.9169993
0.00865,5.9169993
0.008655,5.9169993
0.00866,5.9169993
0.008665,5.9169993
0.008669999,5.9169993
0.008675,5.9169993
0.00868,5.9169993
0.008685,5.9169993
0.00869,5.9169993
0.008695,5.9169993
0.0087,5.9169993
0.008704999,5.9169993
0.00871,5.9169993
0.008715,5.9169993
0.008719999,5.9169993
0.008725,5.9169993
0.00873,5.9169993
0.008735,5.9169993
0.0087399995,5.9169993
0.008745,5.9169993
0.00875,5.9169993
0.008754999,5.9169993
0.00876,5.9169993
0.008765,5.9169993
0.00877,5.9169993
0.0087749995,5.9169993
0.00878,5.9169993
0.008785,5.9169993
0.008789999,5.9169993
0.008795,5.9169993
0.0088,5.9169993
0.008805,5.9169993
0.00881,5.9169993
0.008815,5.9169993
0.00882,5.9169993
0.008824999,5.9169993
0.00883,5.9169993
0.008835,5.9169993
0.008839999,5.9169993
0.008845,5.9169993
0.00885,5.9169993
0.008855,5.9169993
0.0088599995,5.9169993
0.008865,5.9169993
0.00887,5.9169993
0.008874999,5.9169993
0.00888,5.9169993
0.008885,5.9169993
0.00889,5.9169993
0.0088949995,5.9169993
0.0089,5.9169993
0.008905,5.9169993
0.008909999,5.9169993
0.008915,5.9169993
0.00892,5.9169993
0.008925,5.9169993
0.00893,5.9169993
0.008935,5.9169993
0.00894,5.9169993
0.008944999,5.9169993
0.00895,5.9169993
0.008955,5.9169993
0.008959999,5.9169993
0.008965,5.9169993
0.00897,5.9169993
0.008975,5.9169993
0.008979999,5.9169993
0.008985,5.9169993
0.00899,5.9169993
0.008994999,5.9169993
0.009,5.9169993
0.009005,5.9169993
0.00901,5.9169993
0.0090149995,5.9169993
0.00902,5.9169993
0.009025,5.9169993
0.009029999,5.9169993
0.009035,5.9169993
0.00904,5.9169993
0.009045,5.9169993
0.0090499995,5.9169993
0.009055,5.9169993
0.00906,5.9169993
0.009064999,5.9169993
0.00907,5.9169993
0.009075,5.9169993
0.00908,5.9169993
0.009085,5.9169993
0.00909,5.9169993
0.009095,5.9169993
0.009099999,5.9169993
0.009105,5.9169993
0.00911,5.9169993
0.009114999,5.9169993
0.00912,5.9169993
0.009125,5.9169993
0.00913,5.9169993
0.0091349995,5.9169993
0.00914,5.9169993
0.009145,5.9169993
0.009149999,5.9169993
0.009155,5.9169993
0.00916,5.9169993
0.009165,5.9169993
0.0091699995,5.9169993
0.009175,5.9169993
0.00918,5.9169993
0.009184999,5.9169993
0.00919,5.9169993
0.009195,5.9169993
0.0092,5.9169993
0.009205,5.9169993
0.00921,5.9169993
0.009215,5.9169993
0.009219999,5.9169993
0.009225,5.9169993
0.00923,5.9169993
0.009234999,5.9169993
0.00924,5.9169993
0.009245,5.9169993
0.00925,5.9169993
0.009254999,5.9169993
0.00926,5.9169993
0.009265,5.9169993
0.009269999,5.9169993
0.009275,5.9169993
0.00928,5.9169993
0.009285,5.9169993
0.0092899995,5.9169993
0.009295,5.9169993
0.0093,5.9169993
0.009304999,5.9169993
0.00931,5.9169993
0.009315,5.9169993
0.00932,5.9169993
0.0093249995,5.9169993
0.00933,5.9169993
0.009335,5.9169993
0.009339999,5.9169993
0.009345,5.9169993
0.00935,5.9169993
0.009355,5.9169993
0.00936,5.9169993
0.009365,5.9169993
0.00937,5.9169993
0.009374999,5.9169993
0.00938,5.9169993
0.009385,5.9169993
0.009389999,5.9169993
0.009395,5.9169993
0.0094,5.9169993
0.009405,5.9169993
0.0094099995,5.9169993
0.009415,5.9169993
0.00942,5.9169993
0.009424999,5.9169993
0.00943,5.9169993
0.009435,5.9169993
0.00944,5.9169993
0.0094449995,5.9169993
0.00945,5.9169993
0.009455,5.9169993
0.009459999,5.9169993
0.009465,5.9169993
0.00947,5.9169993
0.009475,5.9169993
0.00948,5.9169993
0.009485,5.9169993
0.00949,5.9169993
0.009494999,5.9169993
0.0095,5.9169993
0.009505,5.9169993
0.009509999,5.9169993
0.009515,5.9169993
0.00952,5.9169993
0.009525,5.9169993
0.009529999,5.9169993
0.009535,5.9169993
0.00954,5.9169993
0.009544999,5.9169993
0.00955,5.9169993
0.009555,5.9169993
0.00956,5.9169993
0.0095649995,5.9169993
0.00957,5.9169993
0.009575,5.9169993
0.009579999,5.9169993
0.009585,5.9169993
0.00959,5.9169993
0.009595,5.9169993
0.0095999995,5.9169993
0.009605,5.9169993
0.00961,5.9169993
0.009614999,5.9169993
0.00962,5.9169993
0.009625,5.9169993
0.00963,5.9169993
0.009635,5.9169993
0.00964,5.9169993
0.009645,5.9169993
0.009649999,5.9169993
0.009655,5.9169993
0.00966,5.9169993
0.009664999,5.9169993
0.00967,5.9169993
0.009675,5.9169993
0.00968,5.9169993
0.0096849995,5.9169993
0.00969,5.9169993
0.009695,5.9169993
0.009699999,5.9169993
0.009705,5.9169993
0.00971,5.9169993
0.009715,5.9169993
0.0097199995,5.9169993
0.009725,5.9169993
0.00973,5.9169993
0.009734999,5.9169993
0.00974,5.9169993
0.009745,5.9169993
0.00975,5.9169993
0.009755,5.9169993
0.00976,5.9169993
0.009765,5.9169993
0.009769999,5.9169993
0.009775,5.9169993
0.00978,5.9169993
0.009784999,5.9169993
0.00979,5.9169993
0.009795,5.9169993
0.0098,5.9169993
0.009804999,5.9169993
0.00981,5.9169993
0.009815,5.9169993
0.009819999,5.9169993
0.009825,5.9169993
0.00983,5.9169993
0.009835,5.9169993
0.0098399995,5.9169993
0.009845,5.9169993
0.00985,5.9169993
0.009854999,5.9169993
0.00986,5.9169993
0.009865,5.9169993
0.00987,5.9169993
0.0098749995,5.9169993
0.00988,5.9169993
0.009885,5.9169993
0.009889999,5.9169993
0.009895,5.9169993
0.0099,5.9169993
0.009904999,5.9169993
0.00991,5.9169993
0.009915,5.9169993
0.00992,5.9169993
0.009924999,5.9169993
0.00993,5.9169993
0.009935,5.9169993
0.009939999,5.9169993
0.009945,5.9169993
0.00995,5.9169993
0.009955,5.9169993
0.0099599995,5.9169993
0.009965,5.9169993
0.00997,5.9169993
0.009974999,5.9169993
0.00998,5.9169993
0.009985,5.9169993
0.00999,5.9169993
0.0099949995,5.9169993
0.01,5.9169993
0.010005,5.9169993
0.010009999,5.9169993
0.010015,5.9169993
0.01002,5.9169993
0.010025,5.9169993
0.01003,5.9169993
0.010035,5.9169993
0.01004,5.9169993
0.010044999,5.9169993
0.01005,5.9169993
0.010055,5.9169993
0.010059999,5.9169993
0.010065,5.9169993
0.01007,5.9169993
0.010075,5.9169993
0.010079999,5.9169993
0.010085,5.9169993
0.01009,5.9169993
0.010094999,5.9169993
0.0101,5.9169993
0.010105,5.9169993
0.01011,5.9169993
0.0101149995,5.9169993
0.01012,5.9169993
0.010125,5.9169993
0.010129999,5.9169993
0.010135,5.9169993
0.01014,5.9169993
0.010145,5.9169993
0.0101499995,5.9169993
0.010155,5.9169993
0.01016,5.9169993
0.010164999,5.9169993
0.01017,5.9169993
0.010175,5.9169993
0.010179999,5.9169993
0.010185,5.9169993
0.01019,5.9169993
0.010195,5.9169993
0.010199999,5.9169993
0.010205,5.9169993
0.01021,5.9169993
0.010214999,5.9169993
0.01022,5.9169993
0.010225,5.9169993
0.01023,5.9169993
0.0102349995,5.9169993
0.01024,5.9169993
0.010245,5.9169993
0.010249999,5.9169993
0.010255,5.9169993
0.01026,5.9169993
0.010265,5.9169993
0.0102699995,5.9169993
0.010275,5.9169993
0.01028,5.9169993
0.010284999,5.9169993
0.01029,5.9169993
0.010295,5.9169993
0.0103,5.9169993
0.010305,5.9169993
0.01031,5.9169993
0.010315,5.9169993
0.010319999,5.9169993
0.010325,5.9169993
0.01033,5.9169993
0.010334999,5.9169993
0.01034,5.9169993
0.010345,5.9169993
0.01035,5.9169993
0.010354999,5.9169993
0.01036,5.9169993
0.010365,5.9169993
0.010369999,5.9169993
0.010375,5.9169993
0.01038,5.9169993
0.010385,5.9169993
0.0103899995,5.9169993
0.010395,5.9169993
0.0104,5.9169993
0.010404999,5.9169993
0.01041,5.9169993
0.010415,5.9169993
0.01042,5.9169993
0.0104249995,5.9169993
0.01043,5.9169993
0.010435,5.9169993
0.010439999,5.9169993
0.010445,5.9169993
0.01045,5.9169993
0.010454999,5.9169993
0.01046,5.9169993
0.010465,5.9169993
0.01047,5.9169993
0.010474999,5.9169993
0.01048,5.9169993
0.010485,5.9169993
0.010489999,5.9169993
0.010495,5.9169993
0.0105,5.9169993
0.010505,5.9169993
0.0105099995,5.9169993
0.010515,5.9169993
0.01052,5.9169993
0.010524999,5.9169993
0.01053,5.9169993
0.010535,5.9169993
0.01054,5.9169993
0.0105449995,5.9169993
0.01055,5.9169993
0.010555,5.9169993
0.010559999,5.9169993
0.010565,5.9169993
0.01057,5.9169993
0.010575,5.9169993
0.01058,5.9169993
0.010585,5.9169993
0.01059,5.9169993
0.010594999,5.9169993
0.0106,5.9169993
0.010605,5.9169993
0.010609999,5.9169993
0.010615,5.9169993
0.01062,5.9169993
0.010625,5.9169993
0.010629999,5.9169993
0.010635,5.9169993
0.01064,5.9169993
0.010644999,5.9169993
0.01065,5.9169993
0.010655,5.9169993
0.01066,5.9169993
0.0106649995,5.9169993
0.01067,5.9169993
0.010675,5.9169993
0.010679999,5.9169993
0.010685,5.9169993
0.01069,5.9169993
0.010695,5.9169993
0.0106999995,5.9169993
0.010705,5.9169993
0.01071,5.9169993
0.010714999,5.9169993
0.01072,5.9169993
0.010725,5.9169993
0.010729999,5.9169993
0.010735,5.9169993
0.01074,5.9169993
0.010745,5.9169993
0.010749999,5.9169993
0.010755,5.9169993
0.01076,5.9169993
0.010764999,5.9169993
0.01077,5.9169993
0.010775,5.9169993
0.01078,5.9169993
0.0107849995,5.9169993
0.01079,5.9169993
0.010795,5.9169993
0.010799999,5.9169993
0.010805,5.9169993
0.01081,5.9169993
0.010815,5.9169993
0.0108199995,5.9169993
0.010825,5.9169993
0.01083,5.9169993
0.010834999,5.9169993
0.01084,5.9169993
0.010845,5.9169993
0.010849999,5.9169993
0.010855,5.9169993
0.01086,5.9169993
0.010865,5.9169993
0.010869999,5.9169993
0.010875,5.9169993
0.01088,5.9169993
0.010884999,5.9169993
0.01089,5.9169993
0.010895,5.9169993
0.0109,5.9169993
0.010904999,5.9169993
0.01091,5.9169993
0.010915,5.9169993
0.010919999,5.9169993
0.010925,5.9169993
0.01093,5.9169993
0.010935,5.9169993
0.0109399995,5.9169993
0.010945,5.9169993
0.01095,5.9169993
0.010954999,5.9169993
0.01096,5.9169993
0.010965,5.9169993
0.01097,5.9169993
0.0109749995,5.9169993
0.01098,5.9169993
0.010985,5.9169993
0.010989999,5.9169993
0.010995,5.9169993
0.011,5.9169993
0.011004999,5.9169993
0.01101,5.9169993
0.011015,5.9169993
0.01102,5.9169993
0.011024999,5.9169993
0.01103,5.9169993
0.011035,5.9169993
0.011039999,5.9169993
0.011045,5.9169993
0.01105,5.9169993
0.011055,5.9169993
0.0110599995,5.9169993
0.011065,5.9169993
0.01107,5.9169993
0.011074999,5.9169993
0.01108,5.9169993
0.011085,5.9169993
0.01109,5.9169993
0.0110949995,5.9169993
0.0111,5.9169993
0.011105,5.9169993
0.011109999,5.9169993
0.011115,5.9169993
0.01112,5.9169993
0.011124999,5.9169993
0.0111299995,5.9169993
0.011135,5.9169993
0.01114,5.9169993
0.011144999,5.9169993
0.01115,5.9169993
0.011155,5.9169993
0.011159999,5.9169993
0.011165,5.9169993
0.01117,5.9169993
0.011175,5.9169993
0.011179999,5.9169993
0.011185,5.9169993
0.01119,5.9169993
0.011194999,5.9169993
0.0112,5.9169993
0.011205,5.9169993
0.01121,5.9169993
0.0112149995,5.9169993
0.01122,5.9169993
0.011225,5.9169993
0.011229999,5.9169993
0.011235,5.9169993
0.01124,5.9169993
0.011245,5.9169993
0.0112499995,5.9169993
0.011255,5.9169993
0.01126,5.9169993
0.011264999,5.9169993
0.01127,5.9169993
0.011275,5.9169993
0.011279999,5.9169993
0.011285,5.9169993
0.01129,5.9169993
0.011295,5.9169993
0.011299999,5.9169993
0.011305,5.9169993
0.01131,5.9169993
0.011314999,5.9169993
0.01132,5.9169993
0.011325,5.9169993
0.01133,5.9169993
0.011334999,5.9169993
0.01134,5.9169993
0.011345,5.9169993
0.011349999,5.9169993
0.011355,5.9169993
0.01136,5.9169993
0.011365,5.9169993
0.0113699995,5.9169993
0.011375,5.9169993
0.01138,5.9169993
0.011384999,5.9169993
0.01139,5.9169993
0.011395,5.9169993
0.011399999,5.9169993
0.0114049995,5.9169993
0.01141,5.9169993
0.011415,5.9169993
0.011419999,5.9169993
0.011425,5.9169993
0.01143,5.9169993
0.011434999,5.9169993
0.01144,5.9169993
0.011445,5.9169993
0.01145,5.9169993
0.011454999,5.9169993
0.01146,5.9169993
0.011465,5.9169993
0.011469999,5.9169993
0.011475,5.9169993
0.01148,5.9169993
0.011485,5.9169993
0.0114899995,5.9169993
0.011495,5.9169993
0.0115,5.9169993
0.011504999,5.9169993
0.01151,5.9169993
0.011515,5.9169993
0.01152,5.9169993
0.0115249995,5.9169993
0.01153,5.9169993
0.011535,5.9169993
0.011539999,5.9169993
0.011545,5.9169993
0.01155,5.9169993
0.011554999,5.9169993
0.01156,5.9169993
0.011565,5.9169993
0.01157,5.9169993
0.011574999,5.9169993
0.01158,5.9169993
0.011585,5.9169993
0.011589999,5.9169993
0.011595,5.9169993
0.0116,5.9169993
0.011605,5.9169993
0.011609999,5.9169993
0.011615,5.9169993
0.01162,5.9169993
0.011624999,5.9169993
0.01163,5.9169993
0.011635,5.9169993
0.01164,5.9169993
0.0116449995,5.9169993
0.01165,5.9169993
0.011655,5.9169993
0.011659999,5.9169993
0.011665,5.9169993
0.01167,5.9169993
0.011674999,5.9169993
0.0116799995,5.9169993
0.011685,5.9169993
0.01169,5.9169993
0.011694999,5.9169993
0.0117,5.9169993
0.011705,5.9169993
0.011709999,5.9169993
0.011715,5.9169993
0.01172,5.9169993
0.011725,5.9169993
0.011729999,5.9169993
0.011735,5.9169993
0.01174,5.9169993
0.011744999,5.9169993
0.01175,5.9169993
0.011755,5.9169993
0.01176,5.9169993
0.0117649995,5.9169993
0.01177,5.9169993
0.011775,5.9169993
0.011779999,5.9169993
0.011785,5.9169993
0.01179,5.9169993
0.011794999,5.9169993
0.0117999995,5.9169993
0.011805,5.9169993
0.01181,5.9169993
0.011814999,5.9169993
0.01182,5.9169993
0.011825,5.9169993
0.011829999,5.9169993
0.011835,5.9169993
0.01184,5.9169993
0.011845,5.9169993
0.011849999,5.9169993
0.011855,5.9169993
0.01186,5.9169993
0.011864999,5.9169993
0.01187,5.9169993
0.011875,5.9169993
0.01188,5.9169993
0.011884999,5.9169993
0.01189,5.9169993
0.011895,5.9169993
0.011899999,5.9169993
0.011905,5.9169993
0.01191,5.9169993
0.011915,5.9169993
0.0119199995,5.9169993
0.011925,5.9169993
0.01193,5.9169993
0.011934999,5.9169993
0.01194,5.9169993
0.011945,5.9169993
0.011949999,5.9169993
0.0119549995,5.9169993
0.01196,5.9169993
0.011965,5.9169993
0.011969999,5.9169993
0.011975,5.9169993
0.01198,5.9169993
0.011984999,5.9169993
0.01199,5.9169993
0.011995,5.9169993
0.012,5.9169993
0.012004999,5.9169993
0.01201,5.9169993
0.012015,5.9169993
0.012019999,5.9169993
0.012025,5.9169993
0.01203,5.9169993
0.012035,5.9169993
0.0120399995,5.9169993
0.012045,5.9169993
0.01205,5.9169993
0.012054999,5.9169993
0.01206,5.9169993
0.012065,5.9169993
0.012069999,5.9169993
0.0120749995,5.9169993
0.01208,5.9169993
0.012085,5.9169993
0.012089999,5.9169993
0.012095,5.9169993
0.0121,5.9169993
0.012104999,5.9169993
0.01211,5.9169993
0.012115,5.9169993
0.01212,5.9169993
0.012124999,5.9169993
0.01213,5.9169993
0.012135,5.9169993
0.012139999,5.9169993
0.012145,5.9169993
0.01215,5.9169993
0.012155,5.9169993
0.012159999,5.9169993
0.012165,5.9169993
0.01217,5.9169993
0.012174999,5.9169993
0.01218,5.9169993
0.012185,5.9169993
0.01219,5.9169993
0.0121949995,5.9169993
0.0122,5.9169993
0.012205,5.9169993
0.012209999,5.9169993
0.012215,5.9169993
0.01222,5.9169993
0.012224999,5.9169993
0.0122299995,5.9169993
0.012235,5.9169993
0.01224,5.9169993
0.012244999,5.9169993
0.01225,5.9169993
0.012255,5.9169993
0.012259999,5.9169993
0.012265,5.9169993
0.01227,5.9169993
0.012275,5.9169993
0.012279999,5.9169993
0.012285,5.9169993
0.01229,5.9169993
0.012294999,5.9169993
0.0123,5.9169993
0.012305,5.9169993
0.01231,5.9169993
0.0123149995,5.9169993
0.01232,5.9169993
0.012325,5.9169993
0.012329999,5.9169993
0.012335,5.9169993
0.01234,5.9169993
0.012344999,5.9169993
0.0123499995,5.9169993
0.012355,5.9169993
0.01236,5.9169993
0.012364999,5.9169993
0.01237,5.9169993
0.012375,5.9169993
0.012379999,5.9169993
0.012385,5.9169993
0.01239,5.9169993
0.012395,5.9169993
0.012399999,5.9169993
0.012405,5.9169993
0.01241,5.9169993
0.012414999,5.9169993
0.01242,5.9169993
0.012425,5.9169993
0.01243,5.9169993
0.012434999,5.9169993
0.01244,5.9169993
0.012445,5.9169993
0.012449999,5.9169993
0.012455,5.9169993
0.01246,5.9169993
0.012464999,5.9169993
0.0124699995,5.9169993
0.012475,5.9169993
0.01248,5.9169993
0.012484999,5.9169993
0.01249,5.9169993
0.012495,5.9169993
0.012499999,5.9169993
0.0125049995,5.9169993
0.01251,5.9169993
0.012515,5.9169993
0.012519999,5.9169993
0.012525,5.9169993
0.01253,5.9169993
0.012534999,5.9169993
0.01254,5.9169993
0.012545,5.9169993
0.01255,5.9169993
0.012554999,5.9169993
0.01256,5.9169993
0.012565,5.9169993
0.012569999,5.9169993
0.012575,5.9169993
0.01258,5.9169993
0.012585,5.9169993
0.0125899995,5.9169993
0.012595,5.9169993
0.0126,5.9169993
0.012604999,5.9169993
0.01261,5.9169993
0.012615,5.9169993
0.012619999,5.9169993
0.0126249995,5.9169993
0.01263,5.9169993
0.012635,5.9169993
0.012639999,5.9169993
0.012645,5.9169993
0.01265,5.9169993
0.012654999,5.9169993
0.01266,5.9169993
0.012665,5.9169993
0.01267,5.9169993
0.012674999,5.9169993
0.01268,5.9169993
0.012685,5.9169993
0.012689999,5.9169993
0.012695,5.9169993
0.0127,5.9169993
0.012705,5.9169993
0.012709999,5.9169993
0.012715,5.9169993
0.01272,5.9169993
0.012724999,5.9169993
0.01273,5.9169993
0.012735,5.9169993
0.012739999,5.9169993
0.0127449995,5.9169993
0.01275,5.9169993
0.012755,5.9169993
0.012759999,5.9169993
0.012765,5.9169993
0.01277,5.9169993
0.012774999,5.9169993
0.0127799995,5.9169993
0.012785,5.9169993
0.01279,5.9169993
0.012794999,5.9169993
0.0128,5.9169993
0.012805,5.9169993
0.012809999,5.9169993
0.012815,5.9169993
0.01282,5.9169993
0.012825,5.9169993
0.012829999,5.9169993
0.012835,5.9169993
0.01284,5.9169993
0.012844999,5.9169993
0.01285,5.9169993
0.012855,5.9169993
0.01286,5.9169993
0.0128649995,5.9169993
0.01287,5.9169993
0.012875,5.9169993
0.012879999,5.9169993
0.012885,5.9169993
0.01289,5.9169993
0.012894999,5.9169993
0.0128999995,5.9169993
0.012905,5.9169993
0.01291,5.9169993
0.012914999,5.9169993
0.01292,5.9169993
0.012925,5.9169993
0.012929999,5.9169993
0.012935,5.9169993
0.01294,5.9169993
0.012945,5.9169993
0.012949999,5.9169993
0.012955,5.9169993
0.01296,5.9169993
0.012964999,5.9169993
0.01297,5.9169993
0.012975,5.9169993
0.01298,5.9169993
0.012984999,5.9169993
0.01299,5.9169993
0.012995,5.9169993
0.012999999,5.9169993
0.013005,5.9169993
0.01301,5.9169993
0.013014999,5.9169993
0.0130199995,5.9169993
0.013025,5.9169993
0.01303,5.9169993
0.013034999,5.9169993
0.01304,5.9169993
0.013045,5.9169993
0.013049999,5.9169993
0.0130549995,5.9169993
0.01306,5.9169993
0.013065,5.9169993
0.013069999,5.9169993
0.013075,5.9169993
0.01308,5.9169993
0.013084999,5.9169993
0.01309,5.9169993
0.013095,5.9169993
0.0131,5.9169993
0.013104999,5.9169993
0.01311,5.9169993
0.013115,5.9169993
0.013119999,5.9169993
0.013125,5.9169993
0.01313,5.9169993
0.013135,5.9169993
0.0131399995,5.9169993
0.013145,5.9169993
0.01315,5.9169993
0.013154999,5.9169993
0.01316,5.9169993
0.013165,5.9169993
0.013169999,5.9169993
0.0131749995,5.9169993
0.01318,5.9169993
0.013185,5.9169993
0.013189999,5.9169993
0.013195,5.9169993
0.0132,5.9169993
0.013204999,5.9169993
0.01321,5.9169993
0.013215,5.9169993
0.01322,5.9169993
0.013224999,5.9169993
0.01323,5.9169993
0.013235,5.9169993
0.013239999,5.9169993
0.013245,5.9169993
0.01325,5.9169993
0.013255,5.9169993
0.013259999,5.9169993
0.013265,5.9169993
0.01327,5.9169993
0.013274999,5.9169993
0.01328,5.9169993
0.013285,5.9169993
0.013289999,5.9169993
0.0132949995,5.9169993
0.0133,5.9169993
0.013305,5.9169993
0.013309999,5.9169993
0.013315,5.9169993
0.01332,5.9169993
0.013324999,5.9169993
0.0133299995,5.9169993
0.013335,5.9169993
0.01334,5.9169993
0.013344999,5.9169993
0.01335,5.9169993
0.013355,5.9169993
0.013359999,5.9169993
0.013365,5.9169993
0.01337,5.9169993
0.013375,5.9169993
0.013379999,5.9169993
0.013385,5.9169993
0.01339,5.9169993
0.013394999,5.9169993
0.0134,5.9169993
0.013405,5.9169993
0.013409999,5.9169993
0.0134149995,5.9169993
0.01342,5.9169993
0.013425,5.9169993
0.013429999,5.9169993
0.013435,5.9169993
0.01344,5.9169993
0.013444999,5.9169993
0.0134499995,5.9169993
0.013455,5.9169993
0.01346,5.9169993
0.013464999,5.9169993
0.01347,5.9169993
0.013475,5.9169993
0.013479999,5.9169993
0.013485,5.9169993
0.01349,5.9169993
0.013495,5.9169993
0.013499999,5.9169993
0.013505,5.9169993
0.01351,5.9169993
0.013514999,5.9169993
0.01352,5.9169993
0.013525,5.9169993
0.01353,5.9169993
0.013534999,5.9169993
0.01354,5.9169993
0.013545,5.9169993
0.013549999,5.9169993
0.013555,5.9169993
0.01356,5.9169993
0.013564999,5.9169993
0.0135699995,5.9169993
0.013575,5.9169993
0.01358,5.9169993
0.013584999,5.9169993
0.01359,5.9169993
0.013595,5.9169993
0.013599999,5.9169993
0.0136049995,5.9169993
0.01361,5.9169993
0.013615,5.9169993
0.013619999,5.9169993
0.013625,5.9169993
0.01363,5.9169993
0.013634999,5.9169993
0.01364,5.9169993
0.013645,5.9169993
0.01365,5.9169993
0.013654999,5.9169993
0.01366,5.9169993
0.013665,5.9169993
0.013669999,5.9169993
0.013675,5.9169993
0.01368,5.9169993
0.013684999,5.9169993
0.0136899995,5.9169993
0.013695,5.9169993
0.0137,5.9169993
0.013704999,5.9169993
0.01371,5.9169993
0.013715,5.9169993
0.013719999,5.9169993
0.0137249995,5.9169993
0.01373,5.9169993
0.013735,5.9169993
0.013739999,5.9169993
0.013745,5.9169993
0.01375,5.9169993
0.013754999,5.9169993
0.01376,5.9169993
0.013765,5.9169993
0.01377,5.9169993
0.013774999,5.9169993
0.01378,5.9169993
0.013785,5.9169993
0.013789999,5.9169993
0.013795,5.9169993
0.0138,5.9169993
0.013805,5.9169993
0.013809999,5.9169993
0.013815,5.9169993
0.01382,5.9169993
0.013824999,5.9169993
0.01383,5.9169993
0.013835,5.9169993
0.013839999,5.9169993
0.0138449995,5.9169993
0.01385,5.9169993
0.013855,5.9169993
0.013859999,5.9169993
0.013865,5.9169993
0.01387,5.9169993
0.013874999,5.9169993
0.0138799995,5.9169993
0.013885,5.9169993
0.01389,5.9169993
0.013894999,5.9169993
0.0139,5.9169993
0.013905,5.9169993
0.013909999,5.9169993
0.013915,5.9169993
0.01392,5.9169993
0.013925,5.9169993
0.013929999,5.9169993
0.013935,5.9169993
0.01394,5.9169993
0.013944999,5.9169993
0.01395,5.9169993
0.013955,5.9169993
0.013959999,5.9169993
0.0139649995,5.9169993
0.01397,5.9169993
0.013975,5.9169993
0.013979999,5.9169993
0.013985,5.9169993
0.01399,5.9169993
0.013994999,5.9169993
0.0139999995,5.9169993
0.014005,5.9169993
0.01401,5.9169993
0.014014999,5.9169993
0.01402,5.9169993
0.014025,5.9169993
0.014029999,5.9169993
0.014035,5.9169993
0.01404,5.9169993
0.014045,5.9169993
0.014049999,5.9169993
0.014055,5.9169993
0.01406,5.9169993
0.014064999,5.9169993
0.01407,5.9169993
0.014075,5.9169993
0.014079999,5.9169993
0.014084999,5.9169993
0.01409,5.9169993
0.014095,5.9169993
0.014099999,5.9169993
0.014105,5.9169993
0.01411,5.9169993
0.014114999,5.9169993
0.0141199995,5.9169993
0.014125,5.9169993
0.01413,5.9169993
0.014134999,5.9169993
0.01414,5.9169993
0.014145,5.9169993
0.014149999,5.9169993
0.0141549995,5.9169993
0.01416,5.9169993
0.014165,5.9169993
0.014169999,5.9169993
0.014175,5.9169993
0.01418,5.9169993
0.014184999,5.9169993
0.01419,5.9169993
0.014195,5.9169993
0.0142,5.9169993
0.014204999,5.9169993
0.01421,5.9169993
0.014215,5.9169993
0.014219999,5.9169993
0.014225,5.9169993
0.01423,5.9169993
0.014234999,5.9169993
0.014239999,5.9169993
0.014245,5.9169993
0.01425,5.9169993
0.014254999,5.9169993
0.01426,5.9169993
0.014265,5.9169993
0.014269999,5.9169993
0.0142749995,5.9169993
0.01428,5.9169993
0.014285,5.9169993
0.014289999,5.9169993
0.014295,5.9169993
0.0143,5.9169993
0.014304999,5.9169993
0.0143099995,5.9169993
0.014315,5.9169993
0.01432,5.9169993
0.014324999,5.9169993
0.01433,5.9169993
0.014335,5.9169993
0.014339999,5.9169993
0.014345,5.9169993
0.01435,5.9169993
0.014354999,5.9169993
0.014359999,5.9169993
0.014365,5.9169993
0.01437,5.9169993
0.014374999,5.9169993
0.01438,5.9169993
0.014385,5.9169993
0.014389999,5.9169993
0.0143949995,5.9169993
0.0144,5.9169993
0.014405,5.9169993
0.014409999,5.9169993
0.014415,5.9169993
0.01442,5.9169993
0.014424999,5.9169993
0.0144299995,5.9169993
0.014435,5.9169993
0.01444,5.9169993
0.014444999,5.9169993
0.01445,5.9169993
0.014455,5.9169993
0.014459999,5.9169993
0.014465,5.9169993
0.01447,5.9169993
0.014475,5.9169993
0.014479999,5.9169993
0.014485,5.9169993
0.01449,5.9169993
0.014494999,5.9169993
0.0145,5.9169993
0.014505,5.9169993
0.014509999,5.9169993
0.014514999,5.9169993
0.01452,5.9169993
0.014525,5.9169993
0.014529999,5.9169993
0.014535,5.9169993
0.01454,5.9169993
0.014544999,5.9169993
0.0145499995,5.9169993
0.014555,5.9169993
0.01456,5.9169993
0.014564999,5.9169993
0.01457,5.9169993
0.014575,5.9169993
0.014579999,5.9169993
0.0145849995,5.9169993
0.01459,5.9169993
0.014595,5.9169993
0.014599999,5.9169993
0.014605,5.9169993
0.01461,5.9169993
0.014614999,5.9169993
0.01462,5.9169993
0.014625,5.9169993
0.014629999,5.9169993
0.014634999,5.9169993
0.01464,5.9169993
0.014645,5.9169993
0.014649999,5.9169993
0.014655,5.9169993
0.01466,5.9169993
0.014664999,5.9169993
0.0146699995,5.9169993
0.014675,5.9169993
0.01468,5.9169993
0.014684999,5.9169993
0.01469,5.9169993
0.014695,5.9169993
0.014699999,5.9169993
0.0147049995,5.9169993
0.01471,5.9169993
0.014715,5.9169993
0.014719999,5.9169993
0.014725,5.9169993
0.01473,5.9169993
0.014734999,5.9169993
0.01474,5.9169993
0.014745,5.9169993
0.01475,5.9169993
0.014754999,5.9169993
0.01476,5.9169993
0.014765,5.9169993
0.014769999,5.9169993
0.014775,5.9169993
0.01478,5.9169993
0.014784999,5.9169993
0.014789999,5.9169993
0.014795,5.9169993
0.0148,5.9169993
0.014804999,5.9169993
0.01481,5.9169993
0.014815,5.9169993
0.014819999,5.9169993
0.0148249995,5.9169993
0.01483,5.9169993
0.014835,5.9169993
0.014839999,5.9169993
0.014845,5.9169993
0.01485,5.9169993
0.014854999,5.9169993
0.0148599995,5.9169993
0.014865,5.9169993
0.01487,5.9169993
0.014874999,5.9169993
0.01488,5.9169993
0.014885,5.9169993
0.014889999,5.9169993
0.014895,5.9169993
0.0149,5.9169993
0.014904999,5.9169993
0.014909999,5.9169993
0.014915,5.9169993
0.01492,5.9169993
0.014924999,5.9169993
0.01493,5.9169993
0.014935,5.9169993
0.014939999,5.9169993
0.0149449995,5.9169993
0.01495,5.9169993
0.014955,5.9169993
0.014959999,5.9169993
0.014965,5.9169993
0.01497,5.9169993
0.014974999,5.9169993
0.0149799995,5.9169993
0.014985,5.9169993
0.01499,5.9169993
0.014994999,5.9169993
0.015,5.9169993
0.015005,5.9169993
0.015009999,5.9169993
0.015015,5.9169993
0.01502,5.9169993
0.015024999,5.9169993
0.015029999,5.9169993
0.015035,5.9169993
0.01504,5.9169993
0.015044999,5.9169993
0.01505,5.9169993
0.015055,5.9169993
0.015059999,5.9169993
0.015064999,5.9169993
0.01507,5.9169993
0.015075,5.9169993
0.015079999,5.9169993
0.015085,5.9169993
0.01509,5.9169993
0.015094999,5.9169993
0.0150999995,5.9169993
0.015105,5.9169993
0.01511,5.9169993
0.015114999,5.9169993
0.01512,5.9169993
0.015125,5.9169993
0.015129999,5.9169993
0.0151349995,5.9169993
0.01514,5.9169993
0.015145,5.9169993
0.015149999,5.9169993
0.015155,5.9169993
0.01516,5.9169993
0.015164999,5.9169993
0.01517,5.9169993
0.015175,5.9169993
0.015179999,5.9169993
0.015184999,5.9169993
0.01519,5.9169993
0.015195,5.9169993
0.015199999,5.9169993
0.015205,5.9169993
0.01521,5.9169993
0.015214999,5.9169993
0.0152199995,5.9169993
0.015225,5.9169993
0.01523,5.9169993
0.015234999,5.9169993
0.01524,5.9169993
0.015245,5.9169993
0.015249999,5.9169993
0.0152549995,5.9169993
0.01526,5.9169993
0.015265,5.9169993
0.015269999,5.9169993
0.015275,5.9169993
0.01528,5.9169993
0.015284999,5.9169993
0.01529,5.9169993
0.015295,5.9169993
0.015299999,5.9169993
0.015304999,5.9169993
0.01531,5.9169993
0.015315,5.9169993
0.015319999,5.9169993
0.015325,5.9169993
0.01533,5.9169993
0.015334999,5.9169993
0.015339999,5.9169993
0.015345,5.9169993
0.01535,5.9169993
0.015354999,5.9169993
0.01536,5.9169993
0.015365,5.9169993
0.015369999,5.9169993
0.0153749995,5.9169993
0.01538,5.9169993
0.015385,5.9169993
0.015389999,5.9169993
0.015395,5.9169993
0.0154,5.9169993
0.015404999,5.9169993
0.0154099995,5.9169993
0.015415,5.9169993
0.01542,5.9169993
0.015424999,5.9169993
0.01543,5.9169993
0.015435,5.9169993
0.015439999,5.9169993
0.015445,5.9169993
0.01545,5.9169993
0.015454999,5.9169993
0.015459999,5.9169993
0.015465,5.9169993
0.01547,5.9169993
0.015474999,5.9169993
0.01548,5.9169993
0.015485,5.9169993
0.015489999,5.9169993
0.0154949995,5.9169993
0.0155,5.9169993
0.015505,5.9169993
0.015509999,5.9169993
0.015515,5.9169993
0.01552,5.9169993
0.015524999,5.9169993
0.0155299995,5.9169993
0.015535,5.9169993
0.01554,5.9169993
0.015544999,5.9169993
0.01555,5.9169993
0.015555,5.9169993
0.015559999,5.9169993
0.015565,5.9169993
0.01557,5.9169993
0.015574999,5.9169993
0.015579999,5.9169993
0.015585,5.9169993
0.01559,5.9169993
0.015594999,5.9169993
0.0156,5.9169993
0.015605,5.9169993
0.015609999,5.9169993
0.015614999,5.9169993
0.01562,5.9169993
0.015625,5.9169993
0.01563,5.9169993
0.015634999,5.9169993
0.01564,5.9169993
0.015645,5.9169993
0.01565,5.9169993
0.015655,5.9169993
0.01566,5.9169993
0.015665,5.9169993
0.01567,5.9169993
0.015674999,5.9169993
0.01568,5.9169993
0.015685,5.9169993
0.015689999,5.9169993
0.015695,5.9169993
0.0157,5.9169993
0.015704999,5.9169993
0.01571,5.9169993
0.015715,5.9169993
0.01572,5.9169993
0.015725,5.9169993
0.01573,5.9169993
0.015735,5.9169993
0.01574,5.9169993
0.015744999,5.9169993
0.01575,5.9169993
0.015755,5.9169993
0.015759999,5.9169993
0.015765,5.9169993
0.01577,5.9169993
0.015774999,5.9169993
0.01578,5.9169993
0.015785,5.9169993
0.015789999,5.9169993
0.015795,5.9169993
0.0158,5.9169993
0.015805,5.9169993
0.01581,5.9169993
0.015815,5.9169993
0.01582,5.9169993
0.015825,5.9169993
0.015829999,5.9169993
0.015835,5.9169993
0.01584,5.9169993
0.015844999,5.9169993
0.01585,5.9169993
0.015855,5.9169993
0.015859999,5.9169993
0.015865,5.9169993
0.01587,5.9169993
0.015875,5.9169993
0.01588,5.9169993
0.015885,5.9169993
0.01589,5.9169993
0.015895,5.9169993
0.015899999,5.9169993
0.015905,5.9169993
0.01591,5.9169993
0.015914999,5.9169993
0.01592,5.9169993
0.015925,5.9169993
0.015929999,5.9169993
0.015935,5.9169993
0.01594,5.9169993
0.015944999,5.9169993
0.01595,5.9169993
0.015955,5.9169993
0.01596,5.9169993
0.015965,5.9169993
0.01597,5.9169993
0.015975,5.9169993
0.01598,5.9169993
0.015984999,5.9169993
0.01599,5.9169993
0.015995,5.9169993
0.015999999,5.9169993
0.016005,5.9169993
0.01601,5.9169993
0.016014999,5.9169993
0.01602,5.9169993
0.016025,5.9169993
0.01603,5.9169993
0.016035,5.9169993
0.01604,5.9169993
0.016045,5.9169993
0.01605,5.9169993
0.016055,5.9169993
0.01606,5.9169993
0.016065,5.9169993
0.016069999,5.9169993
0.016075,5.9169993
0.01608,5.9169993
0.016084999,5.9169993
0.01609,5.9169993
0.016095,5.9169993
0.016099999,5.9169993
0.016105,5.9169993
0.01611,5.9169993
0.016115,5.9169993
0.01612,5.9169993
0.016125,5.9169993
0.01613,5.9169993
0.016135,5.9169993
0.016139999,5.9169993
0.016145,5.9169993
0.01615,5.9169993
0.016154999,5.9169993
0.01616,5.9169993
0.016165,5.9169993
0.016169999,5.9169993
0.016175,5.9169993
0.01618,5.9169993
0.016184999,5.9169993
0.01619,5.9169993
0.016195,5.9169993
0.0162,5.9169993
0.016205,5.9169993
0.01621,5.9169993
0.016215,5.9169993
0.01622,5.9169993
0.016224999,5.9169993
0.01623,5.9169993
0.016235,5.9169993
0.016239999,5.9169993
0.016245,5.9169993
0.01625,5.9169993
0.016254999,5.9169993
0.01626,5.9169993
0.016265,5.9169993
0.01627,5.9169993
0.016275,5.9169993
0.01628,5.9169993
0.016285,5.9169993
0.01629,5.9169993
0.016294999,5.9169993
0.0163,5.9169993
0.016305,5.9169993
0.016309999,5.9169993
0.016315,5.9169993
0.01632,5.9169993
0.016324999,5.9169993
0.01633,5.9169993
0.016335,5.9169993
0.016339999,5.9169993
0.016345,5.9169993
0.01635,5.9169993
0.016355,5.9169993
0.01636,5.9169993
0.016365,5.9169993
0.01637,5.9169993
0.016375,5.9169993
0.016379999,5.9169993
0.016385,5.9169993
0.01639,5.9169993
0.016394999,5.9169993
0.0164,5.9169993
0.016405,5.9169993
0.016409999,5.9169993
0.016415,5.9169993
0.01642,5.9169993
0.016425,5.9169993
0.01643,5.9169993
0.016435,5.9169993
0.01644,5.9169993
0.016445,5.9169993
0.016449999,5.9169993
0.016455,5.9169993
0.01646,5.9169993
0.016464999,5.9169993
0.01647,5.9169993
0.016475,5.9169993
0.016479999,5.9169993
0.016485,5.9169993
0.01649,5.9169993
0.016494999,5.9169993
0.0165,5.9169993
0.016505,5.9169993
0.01651,5.9169993
0.016515,5.9169993
0.01652,5.9169993
0.016525,5.9169993
0.01653,5.9169993
0.016534999,5.9169993
0.01654,5.9169993
0.016545,5.9169993
0.016549999,5.9169993
0.016555,5.9169993
0.01656,5.9169993
0.016564999,5.9169993
0.01657,5.9169993
0.016575,5.9169993
0.016579999,5.9169993
0.016585,5.9169993
0.01659,5.9169993
0.016595,5.9169993
0.0166,5.9169993
0.016605,5.9169993
0.01661,5.9169993
0.016615,5.9169993
0.016619999,5.9169993
0.016625,5.9169993
0.01663,5.9169993
0.016634999,5.9169993
0.01664,5.9169993
0.016645,5.9169993
0.016649999,5.9169993
0.016655,5.9169993
0.01666,5.9169993
0.016665,5.9169993
0.01667,5.9169993
0.016675,5.9169993
0.01668,5.9169993
0.016685,5.9169993
0.016689999,5.9169993
0.016695,5.9169993
0.0167,5.9169993
0.016704999,5.9169993
0.01671,5.9169993
0.016715,5.9169993
0.016719999,5.9169993
0.016725,5.9169993
0.01673,5.9169993
0.016734999,5.9169993
0.01674,5.9169993
0.016745,5.9169993
0.01675,5.9169993
0.016755,5.9169993
0.01676,5.9169993
0.016765,5.9169993
0.01677,5.9169993
0.016774999,5.9169993
0.01678,5.9169993
0.016785,5.9169993
0.016789999,5.9169993
0.016795,5.9169993
0.0168,5.9169993
0.016804999,5.9169993
0.01681,5.9169993
0.016815,5.9169993
0.01682,5.9169993
0.016825,5.9169993
0.01683,5.9169993
0.016835,5.9169993
0.01684,5.9169993
0.016844999,5.9169993
0.01685,5.9169993
0.016855,5.9169993
0.016859999,5.9169993
0.016865,5.9169993
0.01687,5.9169993
0.016874999,5.9169993
0.01688,5.9169993
0.016885,5.9169993
0.016889999,5.9169993
0.016895,5.9169993
0.0169,5.9169993
0.016905,5.9169993
0.01691,5.9169993
0.016915,5.9169993
0.01692,5.9169993
0.016925,5.9169993
0.016929999,5.9169993
0.016935,5.9169993
0.01694,5.9169993
0.016944999,5.9169993
0.01695,5.9169993
0.016955,5.9169993
0.016959999,5.9169993
0.016965,5.9169993
0.01697,5.9169993
0.016975,5.9169993
0.01698,5.9169993
0.016985,5.9169993
0.01699,5.9169993
0.016995,5.9169993
0.016999999,5.9169993
0.017005,5.9169993
0.01701,5.9169993
0.017014999,5.9169993
0.01702,5.9169993
0.017025,5.9169993
0.017029999,5.9169993
0.017035,5.9169993
0.01704,5.9169993
0.017044999,5.9169993
0.01705,5.9169993
0.017055,5.9169993
0.01706,5.9169993
0.017065,5.9169993
0.01707,5.9169993
0.017075,5.9169993
0.01708,5.9169993
0.017084999,5.9169993
0.01709,5.9169993
0.017095,5.9169993
0.017099999,5.9169993
0.017105,5.9169993
0.01711,5.9169993
0.017114999,5.9169993
0.01712,5.9169993
0.017125,5.9169993
0.017129999,5.9169993
0.017135,5.9169993
0.01714,5.9169993
0.017145,5.9169993
0.01715,5.9169993
0.017155,5.9169993
0.01716,5.9169993
0.017165,5.9169993
0.017169999,5.9169993
0.017175,5.9169993
0.01718,5.9169993
0.017184999,5.9169993
0.01719,5.9169993
0.017195,5.9169993
0.017199999,5.9169993
0.017205,5.9169993
0.01721,5.9169993
0.017215,5.9169993
0.01722,5.9169993
0.017225,5.9169993
0.01723,5.9169993
0.017235,5.9169993
0.017239999,5.9169993
0.017245,5.9169993
0.01725,5.9169993
0.017254999,5.9169993
0.01726,5.9169993
0.017265,5.9169993
0.017269999,5.9169993
0.017275,5.9169993
0.01728,5.9169993
0.017284999,5.9169993
0.01729,5.9169993
0.017295,5.9169993
0.0173,5.9169993
0.017305,5.9169993
0.01731,5.9169993
0.017315,5.9169993
0.01732,5.9169993
0.017324999,5.9169993
0.01733,5.9169993
0.017335,5.9169993
0.017339999,5.9169993
0.017345,5.9169993
0.01735,5.9169993
0.017354999,5.9169993
0.01736,5.9169993
0.017365,5.9169993
0.01737,5.9169993
0.017375,5.9169993
0.01738,5.9169993
0.017385,5.9169993
0.01739,5.9169993
0.017394999,5.9169993
0.0174,5.9169993
0.017405,5.9169993
0.017409999,5.9169993
0.017415,5.9169993
0.01742,5.9169993
0.017424999,5.9169993
0.01743,5.9169993
0.017435,5.9169993
0.017439999,5.9169993
0.017445,5.9169993
0.01745,5.9169993
0.017455,5.9169993
0.01746,5.9169993
0.017465,5.9169993
0.01747,5.9169993
0.017475,5.9169993
0.017479999,5.9169993
0.017485,5.9169993
0.01749,5.9169993
0.017494999,5.9169993
0.0175,5.9169993
0.017505,5.9169993
0.017509999,5.9169993
0.017515,5.9169993
0.01752,5.9169993
0.017524999,5.9169993
0.01753,5.9169993
0.017535,5.9169993
0.01754,5.9169993
0.017545,5.9169993
0.017549999,5.9169993
0.017555,5.9169993
0.01756,5.9169993
0.017564999,5.9169993
0.01757,5.9169993
0.017575,5.9169993
0.017579999,5.9169993
0.017585,5.9169993
0.01759,5.9169993
0.017594999,5.9169993
0.0176,5.9169993
0.017605,5.9169993
0.01761,5.9169993
0.017615,5.9169993
0.01762,5.9169993
0.017625,5.9169993
0.01763,5.9169993
0.017634999,5.9169993
0.01764,5.9169993
0.017645,5.9169993
0.017649999,5.9169993
0.017655,5.9169993
0.01766,5.9169993
0.017664999,5.9169993
0.01767,5.9169993
0.017675,5.9169993
0.017679999,5.9169993
0.017685,5.9169993
0.01769,5.9169993
0.017695,5.9169993
0.0177,5.9169993
0.017705,5.9169993
0.01771,5.9169993
0.017715,5.9169993
0.017719999,5.9169993
0.017725,5.9169993
0.01773,5.9169993
0.017734999,5.9169993
0.01774,5.9169993
0.017745,5.9169993
0.017749999,5.9169993
0.017755,5.9169993
0.01776,5.9169993
0.017765,5.9169993
0.01777,5.9169993
0.017775,5.9169993
0.01778,5.9169993
0.017785,5.9169993
0.017789999,5.9169993
0.017795,5.9169993
0.0178,5.9169993
0.017804999,5.9169993
0.01781,5.9169993
0.017815,5.9169993
0.017819999,5.9169993
0.017825,5.9169993
0.01783,5.9169993
0.017834999,5.9169993
0.01784,5.9169993
0.017845,5.9169993
0.01785,5.9169993
0.017855,5.9169993
0.01786,5.9169993
0.017865,5.9169993
0.01787,5.9169993
0.017874999,5.9169993
0.01788,5.9169993
0.017885,5.9169993
0.017889999,5.9169993
0.017895,5.9169993
0.0179,5.9169993
0.017904999,5.9169993
0.01791,5.9169993
0.017915,5.9169993
0.017919999,5.9169993
0.017925,5.9169993
0.01793,5.9169993
0.017935,5.9169993
0.01794,5.9169993
0.017944999,5.9169993
0.01795,5.9169993
0.017955,5.9169993
0.017959999,5.9169993
0.017965,5.9169993
0.01797,5.9169993
0.017974999,5.9169993
0.01798,5.9169993
0.017985,5.9169993
0.017989999,5.9169993
0.017995,5.9169993
0.018,5.9169993
0.018005,5.9169993
0.01801,5.9169993
0.018015,5.9169993
0.01802,5.9169993
0.018025,5.9169993
0.018029999,5.9169993
0.018035,5.9169993
0.01804,5.9169993
0.018044999,5.9169993
0.01805,5.9169993
0.018055,5.9169993
0.018059999,5.9169993
0.018065,5.9169993
0.01807,5.9169993
0.018074999,5.9169993
0.01808,5.9169993
0.018085,5.9169993
0.01809,5.9169993
0.018095,5.9169993
0.018099999,5.9169993
0.018105,5.9169993
0.01811,5.9169993
0.018114999,5.9169993
0.01812,5.9169993
0.018125,5.9169993
0.018129999,5.9169993
0.018135,5.9169993
0.01814,5.9169993
0.018144999,5.9169993
0.01815,5.9169993
0.018155,5.9169993
0.01816,5.9169993
0.018165,5.9169993
0.01817,5.9169993
0.018175,5.9169993
0.01818,5.9169993
0.018184999,5.9169993
0.01819,5.9169993
0.018195,5.9169993
0.018199999,5.9169993
0.018205,5.9169993
0.01821,5.9169993
0.018214999,5.9169993
0.01822,5.9169993
0.018225,5.9169993
0.018229999,5.9169993
0.018235,5.9169993
0.01824,5.9169993
0.018245,5.9169993
0.01825,5.9169993
0.018255,5.9169993
0.01826,5.9169993
0.018265,5.9169993
0.018269999,5.9169993
0.018275,5.9169993
0.01828,5.9169993
0.018284999,5.9169993
0.01829,5.9169993
0.018295,5.9169993
0.018299999,5.9169993
0.018305,5.9169993
0.01831,5.9169993
0.018315,5.9169993
0.01832,5.9169993
0.018325,5.9169993
0.01833,5.9169993
0.018335,5.9169993
0.018339999,5.9169993
0.018345,5.9169993
0.01835,5.9169993
0.018354999,5.9169993
0.01836,5.9169993
0.018365,5.9169993
0.018369999,5.9169993
0.018375,5.9169993
0.01838,5.9169993
0.018384999,5.9169993
0.01839,5.9169993
0.018395,5.9169993
0.0184,5.9169993
0.018405,5.9169993
0.01841,5.9169993
0.018415,5.9169993
0.01842,5.9169993
0.018424999,5.9169993
0.01843,5.9169993
0.018435,5.9169993
0.018439999,5.9169993
0.018445,5.9169993
0.01845,5.9169993
0.018454999,5.9169993
0.01846,5.9169993
0.018465,5.9169993
0.018469999,5.9169993
0.018475,5.9169993
0.01848,5.9169993
0.018485,5.9169993
0.01849,5.9169993
0.018494999,5.9169993
0.0185,5.9169993
0.018505,5.9169993
0.018509999,5.9169993
0.018515,5.9169993
0.01852,5.9169993
0.018524999,5.9169993
0.01853,5.9169993
0.018535,5.9169993
0.018539999,5.9169993
0.018545,5.9169993
0.01855,5.9169993
0.018555,5.9169993
0.01856,5.9169993
0.018565,5.9169993
0.01857,5.9169993
0.018575,5.9169993
0.018579999,5.9169993
0.018585,5.9169993
0.01859,5.9169993
0.018594999,5.9169993
0.0186,5.9169993
0.018605,5.9169993
0.018609999,5.9169993
0.018615,5.9169993
0.01862,5.9169993
0.018624999,5.9169993
0.01863,5.9169993
0.018635,5.9169993
0.01864,5.9169993
0.018645,5.9169993
0.018649999,5.9169993
0.018655,5.9169993
0.01866,5.9169993
0.018664999,5.9169993
0.01867,5.9169993
0.018675,5.9169993
0.018679999,5.9169993
0.018685,5.9169993
0.01869,5.9169993
0.018694999,5.9169993
0.0187,5.9169993
0.018705,5.9169993
0.01871,5.9169993
0.018715,5.9169993
0.01872,5.9169993
0.018725,5.9169993
0.01873,5.9169993
0.018734999,5.9169993
0.01874,5.9169993
0.018745,5.9169993
0.018749999,5.9169993
0.018755,5.9169993
0.01876,5.9169993
0.018764999,5.9169993
0.01877,5.9169993
0.018775,5.9169993
0.018779999,5.9169993
0.018785,5.9169993
0.01879,5.9169993
0.018795,5.9169993
0.0188,5.9169993
0.018804999,5.9169993
0.01881,5.9169993
0.018815,5.9169993
0.018819999,5.9169993
0.018825,5.9169993
0.01883,5.9169993
0.018834999,5.9169993
0.01884,5.9169993
0.018845,5.9169993
0.018849999,5.9169993
0.018855,5.9169993
0.01886,5.9169993
0.018864999,5.9169993
0.01887,5.9169993
0.018875,5.9169993
0.01888,5.9169993
0.018885,5.9169993
0.018889999,5.9169993
0.018895,5.9169993
0.0189,5.9169993
0.018904999,5.9169993
0.01891,5.9169993
0.018915,5.9169993
0.018919999,5.9169993
0.018925,5.9169993
0.01893,5.9169993
0.018934999,5.9169993
0.01894,5.9169993
0.018945,5.9169993
0.01895,5.9169993
0.018955,5.9169993
0.01896,5.9169993
0.018965,5.9169993
0.01897,5.9169993
0.018974999,5.9169993
0.01898,5.9169993
0.018985,5.9169993
0.018989999,5.9169993
0.018995,5.9169993
0.019,5.9169993
0.019004999,5.9169993
0.01901,5.9169993
0.019015,5.9169993
0.019019999,5.9169993
0.019025,5.9169993
0.01903,5.9169993
0.019035,5.9169993
0.01904,5.9169993
0.019044999,5.9169993
0.01905,5.9169993
0.019055,5.9169993
0.019059999,5.9169993
0.019065,5.9169993
0.01907,5.9169993
0.019074999,5.9169993
0.01908,5.9169993
0.019085,5.9169993
0.019089999,5.9169993
0.019095,5.9169993
0.0191,5.9169993
0.019105,5.9169993
0.01911,5.9169993
0.019115,5.9169993
0.01912,5.9169993
0.019125,5.9169993
0.019129999,5.9169993
0.019135,5.9169993
0.01914,5.9169993
0.019144999,5.9169993
0.01915,5.9169993
0.019155,5.9169993
0.019159999,5.9169993
0.019165,5.9169993
0.01917,5.9169993
0.019174999,5.9169993
0.01918,5.9169993
0.019185,5.9169993
0.01919,5.9169993
0.019195,5.9169993
0.019199999,5.9169993
0.019205,5.9169993
0.01921,5.9169993
0.019214999,5.9169993
0.01922,5.9169993
0.019225,5.9169993
0.019229999,5.9169993
0.019235,5.9169993
0.01924,5.9169993
0.019244999,5.9169993
0.01925,5.9169993
0.019255,5.9169993
0.01926,5.9169993
0.019265,5.9169993
0.01927,5.9169993
0.019275,5.9169993
0.01928,5.9169993
0.019284999,5.9169993
0.01929,5.9169993
0.019295,5.9169993
0.019299999,5.9169993
0.019305,5.9169993
0.01931,5.9169993
0.019314999,5.9169993
0.01932,5.9169993
0.019325,5.9169993
0.019329999,5.9169993
0.019335,5.9169993
0.01934,5.9169993
0.019345,5.9169993
0.01935,5.9169993
0.019354999,5.9169993
0.01936,5.9169993
0.019365,5.9169993
0.019369999,5.9169993
0.019375,5.9169993
0.01938,5.9169993
0.019384999,5.9169993
0.01939,5.9169993
0.019395,5.9169993
0.019399999,5.9169993
0.019405,5.9169993
0.01941,5.9169993
0.019414999,5.9169993
0.01942,5.9169993
0.019425,5.9169993
0.01943,5.9169993
0.019435,5.9169993
0.019439999,5.9169993
0.019445,5.9169993
0.01945,5.9169993
0.019454999,5.9169993
0.01946,5.9169993
0.019465,5.9169993
0.019469999,5.9169993
0.019475,5.9169993
0.01948,5.9169993
0.019484999,5.9169993
0.01949,5.9169993
0.019495,5.9169993
0.0195,5.9169993
0.019505,5.9169993
0.01951,5.9169993
0.019515,5.9169993
0.01952,5.9169993
0.019524999,5.9169993
0.01953,5.9169993
0.019535,5.9169993
0.019539999,5.9169993
0.019545,5.9169993
0.01955,5.9169993
0.019554999,5.9169993
0.01956,5.9169993
0.019565,5.9169993
0.019569999,5.9169993
0.019575,5.9169993
0.01958,5.9169993
0.019585,5.9169993
0.01959,5.9169993
0.019594999,5.9169993
0.0196,5.9169993
0.019605,5.9169993
0.019609999,5.9169993
0.019615,5.9169993
0.01962,5.9169993
0.019624999,5.9169993
0.01963,5.9169993
0.019635,5.9169993
0.019639999,5.9169993
0.019645,5.9169993
0.01965,5.9169993
0.019655,5.9169993
0.01966,5.9169993
0.019665,5.9169993
0.01967,5.9169993
0.019675,5.9169993
0.019679999,5.9169993
0.019685,5.9169993
0.01969,5.9169993
0.019694999,5.9169993
0.0197,5.9169993
0.019705,5.9169993
0.019709999,5.9169993
0.019715,5.9169993
0.01972,5.9169993
0.019724999,5.9169993
0.01973,5.9169993
0.019735,5.9169993
0.01974,5.9169993
0.019745,5.9169993
0.019749999,5.9169993
0.019755,5.9169993
0.01976,5.9169993
0.019764999,5.9169993
0.01977,5.9169993
0.019775,5.9169993
0.019779999,5.9169993
0.019785,5.9169993
0.01979,5.9169993
0.019794999,5.9169993
0.0198,5.9169993
0.019805,5.9169993
0.019809999,5.9169993
0.019815,5.9169993
0.01982,5.9169993
0.019825,5.9169993
0.01983,5.9169993
0.019834999,5.9169993
0.01984,5.9169993
0.019845,5.9169993
0.019849999,5.9169993
0.019855,5.9169993
0.01986,5.9169993
0.019864999,5.9169993
0.01987,5.9169993
0.019875,5.9169993
0.019879999,5.9169993
0.019885,5.9169993
0.01989,5.9169993
0.019895,5.9169993
0.0199,5.9169993
0.019904999,5.9169993
0.01991,5.9169993
0.019915,5.9169993
0.019919999,5.9169993
0.019925,5.9169993
0.01993,5.9169993
0.019934999,5.9169993
0.01994,5.9169993
0.019945,5.9169993
0.019949999,5.9169993
0.019955,5.9169993
0.01996,5.9169993
0.019964999,5.9169993
0.01997,5.9169993
0.019975,5.9169993
0.01998,5.9169993
0.019985,5.9169993
0.019989999,5.9169993
0.019995,5.9169993
0.02,5.9169993
0.020004999,5.9169993
0.02001,5.9169993
0.020015,5.9169993
0.020019999,5.9169993
0.020025,5.9169993
0.02003,5.9169993
0.020034999,5.9169993
0.02004,5.9169993
0.020045,5.9169993
0.02005,5.9169993
0.020055,5.9169993
0.02006,5.9169993
0.020065,5.9169993
0.02007,5.9169993
0.020074999,5.9169993
0.02008,5.9169993
0.020085,5.9169993
0.020089999,5.9169993
0.020095,5.9169993
0.0201,5.9169993
0.020104999,5.9169993
0.02011,5.9169993
0.020115,5.9169993
0.020119999,5.9169993
0.020125,5.9169993
0.02013,5.9169993
0.020135,5.9169993
0.02014,5.9169993
0.020144999,5.9169993
0.02015,5.9169993
0.020155,5.9169993
0.020159999,5.9169993
0.020165,5.9169993
0.02017,5.9169993
0.020174999,5.9169993
0.02018,5.9169993
0.020185,5.9169993
0.020189999,5.9169993
0.020195,5.9169993
0.0202,5.9169993
0.020205,5.9169993
0.02021,5.9169993
0.020215,5.9169993
0.02022,5.9169993
0.020225,5.9169993
0.020229999,5.9169993
0.020235,5.9169993
0.02024,5.9169993
0.020244999,5.9169993
0.02025,5.9169993
0.020255,5.9169993
0.020259999,5.9169993
0.020265,5.9169993
0.02027,5.9169993
0.020274999,5.9169993
0.02028,5.9169993
0.020285,5.9169993
0.02029,5.9169993
0.020295,5.9169993
0.020299999,5.9169993
0.020305,5.9169993
0.02031,5.9169993
0.020314999,5.9169993
0.02032,5.9169993
0.020325,5.9169993
0.020329999,5.9169993
0.020335,5.9169993
0.02034,5.9169993
0.020344999,5.9169993
0.02035,5.9169993
0.020355,5.9169993
0.020359999,5.9169993
0.020365,5.9169993
0.02037,5.9169993
0.020375,5.9169993
0.02038,5.9169993
0.020384999,5.9169993
0.02039,5.9169993
0.020395,5.9169993
0.020399999,5.9169993
0.020405,5.9169993
0.02041,5.9169993
0.020414999,5.9169993
0.02042,5.9169993
0.020425,5.9169993
0.020429999,5.9169993
0.020435,5.9169993
0.02044,5.9169993
0.020445,5.9169993
0.02045,5.9169993
0.020454999,5.9169993
0.02046,5.9169993
0.020465,5.9169993
0.020469999,5.9169993
0.020475,5.9169993
0.02048,5.9169993
0.020484999,5.9169993
0.02049,5.9169993
0.020495,5.9169993
0.020499999,5.9169993
0.020505,5.9169993
0.02051,5.9169993
0.020514999,5.9169993
0.02052,5.9169993
0.020525,5.9169993
0.02053,5.9169993
0.020535,5.9169993
0.020539999,5.9169993
0.020545,5.9169993
0.02055,5.9169993
0.020554999,5.9169993
0.02056,5.9169993
0.020565,5.9169993
0.020569999,5.9169993
0.020575,5.9169993
0.02058,5.9169993
0.020584999,5.9169993
0.02059,5.9169993
0.020595,5.9169993
0.0206,5.9169993
0.020605,5.9169993
0.02061,5.9169993
0.020615,5.9169993
0.02062,5.9169993
0.020624999,5.9169993
0.02063,5.9169993
0.020635,5.9169993
0.020639999,5.9169993
0.020645,5.9169993
0.02065,5.9169993
0.020654999,5.9169993
0.02066,5.9169993
0.020665,5.9169993
0.020669999,5.9169993
0.020675,5.9169993
0.02068,5.9169993
0.020685,5.9169993
0.02069,5.9169993
0.020694999,5.9169993
0.0207,5.9169993
0.020705,5.9169993
0.020709999,5.9169993
0.020715,5.9169993
0.02072,5.9169993
0.020724999,5.9169993
0.02073,5.9169993
0.020735,5.9169993
0.020739999,5.9169993
0.020745,5.9169993
0.02075,5.9169993
0.020754999,5.9169993
0.02076,5.9169993
0.020765,5.9169993
0.02077,5.9169993
0.020775,5.9169993
0.020779999,5.9169993
0.020785,5.9169993
0.02079,5.9169993
0.020794999,5.9169993
0.0208,5.9169993
0.020805,5.9169993
0.020809999,5.9169993
0.020815,5.9169993
0.02082,5.9169993
0.020824999,5.9169993
0.02083,5.9169993
0.020835,5.9169993
0.02084,5.9169993
0.020845,5.9169993
0.020849999,5.9169993
0.020855,5.9169993
0.02086,5.9169993
0.020864999,5.9169993
0.02087,5.9169993
0.020875,5.9169993
0.020879999,5.9169993
0.020885,5.9169993
0.02089,5.9169993
0.020894999,5.9169993
0.0209,5.9169993
0.020905,5.9169993
0.020909999,5.9169993
0.020915,5.9169993
0.02092,5.9169993
0.020925,5.9169993
0.02093,5.9169993
0.020934999,5.9169993
0.02094,5.9169993
0.020945,5.9169993
0.020949999,5.9169993
0.020955,5.9169993
0.02096,5.9169993
0.020964999,5.9169993
0.02097,5.9169993
0.020975,5.9169993
0.020979999,5.9169993
0.020985,5.9169993
0.02099,5.9169993
0.020995,5.9169993
0.021,5.9169993
0.021004999,5.9169993
0.02101,5.9169993
0.021015,5.9169993
0.021019999,5.9169993
0.021025,5.9169993
0.02103,5.9169993
0.021034999,5.9169993
0.02104,5.9169993
0.021045,5.9169993
0.021049999,5.9169993
0.021055,5.9169993
0.02106,5.9169993
0.021064999,5.9169993
0.02107,5.9169993
0.021075,5.9169993
0.02108,5.9169993
0.021085,5.9169993
0.021089999,5.9169993
0.021095,5.9169993
0.0211,5.9169993
0.021104999,5.9169993
0.02111,5.9169993
0.021115,5.9169993
0.021119999,5.9169993
0.021125,5.9169993
0.02113,5.9169993
0.021134999,5.9169993
0.02114,5.9169993
0.021145,5.9169993
0.02115,5.9169993
0.021155,5.9169993
0.02116,5.9169993
0.021165,5.9169993
0.02117,5.9169993
0.021174999,5.9169993
0.02118,5.9169993
0.021185,5.9169993
0.021189999,5.9169993
0.021195,5.9169993
0.0212,5.9169993
0.021204999,5.9169993
0.02121,5.9169993
0.021215,5.9169993
0.021219999,5.9169993
0.021225,5.9169993
0.02123,5.9169993
0.021235,5.9169993
0.02124,5.9169993
0.021244999,5.9169993
0.02125,5.9169993
0.021255,5.9169993
0.021259999,5.9169993
0.021265,5.9169993
0.02127,5.9169993
0.021274999,5.9169993
0.02128,5.9169993
0.021285,5.9169993
0.021289999,5.9169993
0.021295,5.9169993
0.0213,5.9169993
0.021304999,5.9169993
0.02131,5.9169993
0.021315,5.9169993
0.02132,5.9169993
0.021325,5.9169993
0.021329999,5.9169993
0.021335,5.9169993
0.02134,5.9169993
0.021344999,5.9169993
0.02135,5.9169993
0.021355,5.9169993
0.021359999,5.9169993
0.021365,5.9169993
0.02137,5.9169993
0.021374999,5.9169993
0.02138,5.9169993
0.021385,5.9169993
0.02139,5.9169993
0.021395,5.9169993
0.021399999,5.9169993
0.021405,5.9169993
0.02141,5.9169993
0.021414999,5.9169993
0.02142,5.9169993
0.021425,5.9169993
0.021429999,5.9169993
0.021435,5.9169993
0.02144,5.9169993
0.021444999,5.9169993
0.02145,5.9169993
0.021455,5.9169993
0.021459999,5.9169993
0.021465,5.9169993
0.02147,5.9169993
0.021475,5.9169993
0.02148,5.9169993
0.021484999,5.9169993
0.02149,5.9169993
0.021495,5.9169993
0.021499999,5.9169993
0.021505,5.9169993
0.02151,5.9169993
0.021514999,5.9169993
0.02152,5.9169993
0.021525,5.9169993
0.021529999,5.9169993
0.021535,5.9169993
0.02154,5.9169993
0.021545,5.9169993
0.02155,5.9169993
0.021554999,5.9169993
0.02156,5.9169993
0.021565,5.9169993
0.021569999,5.9169993
0.021575,5.9169993
0.02158,5.9169993
0.021584999,5.9169993
0.02159,5.9169993
0.021595,5.9169993
0.021599999,5.9169993
0.021605,5.9169993
0.02161,5.9169993
0.021614999,5.9169993
0.02162,5.9169993
0.021625,5.9169993
0.02163,5.9169993
0.021635,5.9169993
0.021639999,5.9169993
0.021645,5.9169993
0.02165,5.9169993
0.021654999,5.9169993
0.02166,5.9169993
0.021665,5.9169993
0.021669999,5.9169993
0.021675,5.9169993
0.02168,5.9169993
0.021684999,5.9169993
0.02169,5.9169993
0.021695,5.9169993
0.021699999,5.9169993
0.021705,5.9169993
0.02171,5.9169993
0.021715,5.9169993
0.02172,5.9169993
0.021724999,5.9169993
0.02173,5.9169993
0.021735,5.9169993
0.021739999,5.9169993
0.021745,5.9169993
0.02175,5.9169993
0.021754999,5.9169993
0.02176,5.9169993
0.021765,5.9169993
0.021769999,5.9169993
0.021775,5.9169993
0.02178,5.9169993
0.021785,5.9169993
0.02179,5.9169993
0.021794999,5.9169993
0.0218,5.9169993
0.021805,5.9169993
0.021809999,5.9169993
0.021815,5.9169993
0.02182,5.9169993
0.021824999,5.9169993
0.02183,5.9169993
0.021835,5.9169993
0.021839999,5.9169993
0.021845,5.9169993
0.02185,5.9169993
0.021854999,5.9169993
0.02186,5.9169993
0.021865,5.9169993
0.02187,5.9169993
0.021875,5.9169993
0.021879999,5.9169993
0.021885,5.9169993
0.02189,5.9169993
0.021894999,5.9169993
0.0219,5.9169993
0.021905,5.9169993
0.021909999,5.9169993
0.021915,5.9169993
0.02192,5.9169993
0.021924999,5.9169993
0.02193,5.9169993
0.021935,5.9169993
0.02194,5.9169993
0.021945,5.9169993
0.021949999,5.9169993
0.021955,5.9169993
0.02196,5.9169993
0.021964999,5.9169993
0.02197,5.9169993
0.021975,5.9169993
0.021979999,5.9169993
0.021985,5.9169993
0.02199,5.9169993
0.021994999,5.9169993
0.022,5.9169993
0.022005,5.9169993
0.022009999,5.9169993
0.022015,5.9169993
0.02202,5.9169993
0.022025,5.9169993
0.02203,5.9169993
0.022034999,5.9169993
0.02204,5.9169993
0.022045,5.9169993
0.022049999,5.9169993
0.022055,5.9169993
0.02206,5.9169993
0.022064999,5.9169993
0.02207,5.9169993
0.022075,5.9169993
0.022079999,5.9169993
0.022085,5.9169993
0.02209,5.9169993
0.022095,5.9169993
0.0221,5.9169993
0.022104999,5.9169993
0.02211,5.9169993
0.022115,5.9169993
0.022119999,5.9169993
0.022125,5.9169993
0.02213,5.9169993
0.022134999,5.9169993
0.02214,5.9169993
0.022145,5.9169993
0.022149999,5.9169993
0.022155,5.9169993
0.02216,5.9169993
0.022164999,5.9169993
0.02217,5.9169993
0.022175,5.9169993
0.02218,5.9169993
0.022185,5.9169993
0.022189999,5.9169993
0.022195,5.9169993
0.0222,5.9169993
0.022204999,5.9169993
0.02221,5.9169993
0.022215,5.9169993
0.022219999,5.9169993
0.022225,5.9169993
0.02223,5.9169993
0.022234999,5.9169993
0.02224,5.9169993
0.022245,5.9169993
0.022249999,5.9169993
0.022255,5.9169993
0.022259999,5.9169993
0.022265,5.9169993
0.02227,5.9169993
0.022274999,5.9169993
0.02228,5.9169993
0.022285,5.9169993
0.022289999,5.9169993
0.022295,5.9169993
0.0223,5.9169993
0.022304999,5.9169993
0.02231,5.9169993
0.022315,5.9169993
0.022319999,5.9169993
0.022325,5.9169993
0.02233,5.9169993
0.022335,5.9169993
0.02234,5.9169993
0.022344999,5.9169993
0.02235,5.9169993
0.022355,5.9169993
0.022359999,5.9169993
0.022365,5.9169993
0.02237,5.9169993
0.022374999,5.9169993
0.02238,5.9169993
0.022385,5.9169993
0.022389999,5.9169993
0.022395,5.9169993
0.0224,5.9169993
0.022404999,5.9169993
0.02241,5.9169993
0.022415,5.9169993
0.02242,5.9169993
0.022425,5.9169993
0.022429999,5.9169993
0.022435,5.9169993
0.02244,5.9169993
0.022444999,5.9169993
0.02245,5.9169993
0.022455,5.9169993
0.022459999,5.9169993
0.022465,5.9169993
0.02247,5.9169993
0.022474999,5.9169993
0.02248,5.9169993
0.022485,5.9169993
0.02249,5.9169993
0.022495,5.9169993
0.022499999,5.9169993
0.022505,5.9169993
0.02251,5.9169993
0.022514999,5.9169993
0.02252,5.9169993
0.022525,5.9169993
0.022529999,5.9169993
0.022535,5.9169993
0.02254,5.9169993
0.022544999,5.9169993
0.02255,5.9169993
0.022555,5.9169993
0.022559999,5.9169993
0.022565,5.9169993
0.02257,5.9169993
0.022575,5.9169993
0.02258,5.9169993
0.022584999,5.9169993
0.02259,5.9169993
0.022595,5.9169993
0.022599999,5.9169993
0.022605,5.9169993
0.02261,5.9169993
0.022614999,5.9169993
0.02262,5.9169993
0.022625,5.9169993
0.022629999,5.9169993
0.022635,5.9169993
0.02264,5.9169993
0.022644999,5.9169993
0.02265,5.9169993
0.022654999,5.9169993
0.02266,5.9169993
0.022665,5.9169993
0.022669999,5.9169993
0.022675,5.9169993
0.02268,5.9169993
0.022684999,5.9169993
0.02269,5.9169993
0.022695,5.9169993
0.022699999,5.9169993
0.022705,5.9169993
0.02271,5.9169993
0.022714999,5.9169993
0.02272,5.9169993
0.022725,5.9169993
0.02273,5.9169993
0.022735,5.9169993
0.022739999,5.9169993
0.022745,5.9169993
0.02275,5.9169993
0.022754999,5.9169993
0.02276,5.9169993
0.022765,5.9169993
0.022769999,5.9169993
0.022775,5.9169993
0.02278,5.9169993
0.022784999,5.9169993
0.02279,5.9169993
0.022795,5.9169993
0.022799999,5.9169993
0.022805,5.9169993
0.022809999,5.9169993
0.022815,5.9169993
0.02282,5.9169993
0.022824999,5.9169993
0.02283,5.9169993
0.022835,5.9169993
0.022839999,5.9169993
0.022845,5.9169993
0.02285,5.9169993
0.022854999,5.9169993
0.02286,5.9169993
0.022865,5.9169993
0.022869999,5.9169993
0.022875,5.9169993
0.02288,5.9169993
0.022885,5.9169993
0.02289,5.9169993
0.022894999,5.9169993
0.0229,5.9169993
0.022905,5.9169993
0.022909999,5.9169993
0.022915,5.9169993
0.02292,5.9169993
0.022924999,5.9169993
0.02293,5.9169993
0.022935,5.9169993
0.022939999,5.9169993
0.022945,5.9169993
0.02295,5.9169993
0.022954999,5.9169993
0.02296,5.9169993
0.022965,5.9169993
0.02297,5.9169993
0.022975,5.9169993
0.022979999,5.9169993
0.022985,5.9169993
0.02299,5.9169993
0.022994999,5.9169993
0.023,5.9169993
0.023005,5.9169993
0.023009999,5.9169993
0.023015,5.9169993
0.02302,5.9169993
0.023024999,5.9169993
0.02303,5.9169993
0.023035,5.9169993
0.02304,5.9169993
0.023045,5.9169993
0.023049999,5.9169993
0.023055,5.9169993
0.02306,5.9169993
0.023064999,5.9169993
0.02307,5.9169993
0.023075,5.9169993
0.023079999,5.9169993
0.023085,5.9169993
0.02309,5.9169993
0.023094999,5.9169993
0.0231,5.9169993
0.023105,5.9169993
0.023109999,5.9169993
0.023115,5.9169993
0.02312,5.9169993
0.023125,5.9169993
0.02313,5.9169993
0.023134999,5.9169993
0.02314,5.9169993
0.023145,5.9169993
0.023149999,5.9169993
0.023155,5.9169993
0.02316,5.9169993
0.023164999,5.9169993
0.02317,5.9169993
0.023175,5.9169993
0.023179999,5.9169993
0.023185,5.9169993
0.02319,5.9169993
0.023194999,5.9169993
0.0232,5.9169993
0.023204999,5.9169993
0.02321,5.9169993
0.023215,5.9169993
0.023219999,5.9169993
0.023225,5.9169993
0.02323,5.9169993
0.023234999,5.9169993
0.02324,5.9169993
0.023245,5.9169993
0.023249999,5.9169993
0.023255,5.9169993
0.02326,5.9169993
0.023264999,5.9169993
0.02327,5.9169993
0.023275,5.9169993
0.02328,5.9169993
0.023285,5.9169993
0.023289999,5.9169993
0.023295,5.9169993
0.0233,5.9169993
0.023304999,5.9169993
0.02331,5.9169993
0.023315,5.9169993
0.023319999,5.9169993
0.023325,5.9169993
0.02333,5.9169993
0.023334999,5.9169993
0.02334,5.9169993
0.023345,5.9169993
0.023349999,5.9169993
0.023355,5.9169993
0.023359999,5.9169993
0.023365,5.9169993
0.02337,5.9169993
0.023374999,5.9169993
0.02338,5.9169993
0.023385,5.9169993
0.023389999,5.9169993
0.023395,5.9169993
0.0234,5.9169993
0.023404999,5.9169993
0.02341,5.9169993
0.023415,5.9169993
0.023419999,5.9169993
0.023425,5.9169993
0.02343,5.9169993
0.023435,5.9169993
0.02344,5.9169993
0.023444999,5.9169993
0.02345,5.9169993
0.023455,5.9169993
0.023459999,5.9169993
0.023465,5.9169993
0.02347,5.9169993
0.023474999,5.9169993
0.02348,5.9169993
0.023485,5.9169993
0.023489999,5.9169993
0.023495,5.9169993
0.0235,5.9169993
0.023504999,5.9169993
0.02351,5.9169993
0.023515,5.9169993
0.02352,5.9169993
0.023525,5.9169993
0.023529999,5.9169993
0.023535,5.9169993
0.02354,5.9169993
0.023544999,5.9169993
0.02355,5.9169993
0.023555,5.9169993
0.023559999,5.9169993
0.023565,5.9169993
0.02357,5.9169993
0.023574999,5.9169993
0.02358,5.9169993
0.023585,5.9169993
0.023589998,5.9169993
0.023595,5.9169993
0.023599999,5.9169993
0.023605,5.9169993
0.02361,5.9169993
0.023614999,5.9169993
0.02362,5.9169993
0.023625,5.9169993
0.023629999,5.9169993
0.023635,5.9169993
0.02364,5.9169993
0.023644999,5.9169993
0.02365,5.9169993
0.023655,5.9169993
0.023659999,5.9169993
0.023665,5.9169993
0.02367,5.9169993
0.023675,5.9169993
0.02368,5.9169993
0.023684999,5.9169993
0.02369,5.9169993
0.023695,5.9169993
0.023699999,5.9169993
0.023705,5.9169993
0.02371,5.9169993
0.023714999,5.9169993
0.02372,5.9169993
0.023725,5.9169993
0.023729999,5.9169993
0.023735,5.9169993
0.02374,5.9169993
0.023744998,5.9169993
0.02375,5.9169993
0.023754999,5.9169993
0.02376,5.9169993
0.023765,5.9169993
0.023769999,5.9169993
0.023775,5.9169993
0.02378,5.9169993
0.023784999,5.9169993
0.02379,5.9169993
0.023795,5.9169993
0.023799999,5.9169993
0.023805,5.9169993
0.02381,5.9169993
0.023814999,5.9169993
0.02382,5.9169993
0.023825,5.9169993
0.02383,5.9169993
0.023835,5.9169993
0.023839999,5.9169993
0.023845,5.9169993
0.02385,5.9169993
0.023854999,5.9169993
0.02386,5.9169993
0.023865,5.9169993
0.023869999,5.9169993
0.023875,5.9169993
0.02388,5.9169993
0.023884999,5.9169993
0.02389,5.9169993
0.023895,5.9169993
0.023899999,5.9169993
0.023905,5.9169993
0.023909999,5.9169993
0.023915,5.9169993
0.02392,5.9169993
0.023924999,5.9169993
0.02393,5.9169993
0.023935,5.9169993
0.023939999,5.9169993
0.023945,5.9169993
0.02395,5.9169993
0.023954999,5.9169993
0.02396,5.9169993
0.023965,5.9169993
0.023969999,5.9169993
0.023975,5.9169993
0.02398,5.9169993
0.023984998,5.9169993
0.02399,5.9169993
0.023994999,5.9169993
0.024,5.9169993
0.024005,5.9169993
0.024009999,5.9169993
0.024015,5.9169993
0.02402,5.9169993
0.024024999,5.9169993
0.02403,5.9169993
0.024035,5.9169993
0.024039999,5.9169993
0.024045,5.9169993
0.02405,5.9169993
0.024054999,5.9169993
0.02406,5.9169993
0.024065,5.9169993
0.02407,5.9169993
0.024075,5.9169993
0.024079999,5.9169993
0.024085,5.9169993
0.02409,5.9169993
0.024094999,5.9169993
0.0241,5.9169993
0.024105,5.9169993
0.024109999,5.9169993
0.024115,5.9169993
0.02412,5.9169993
0.024124999,5.9169993
0.02413,5.9169993
0.024135,5.9169993
0.024139998,5.9169993
0.024145,5.9169993
0.024149999,5.9169993
0.024155,5.9169993
0.02416,5.9169993
0.024164999,5.9169993
0.02417,5.9169993
0.024175,5.9169993
0.024179999,5.9169993
0.024185,5.9169993
0.02419,5.9169993
0.024194999,5.9169993
0.0242,5.9169993
0.024205,5.9169993
0.024209999,5.9169993
0.024215,5.9169993
0.02422,5.9169993
0.024225,5.9169993
0.02423,5.9169993
0.024234999,5.9169993
0.02424,5.9169993
0.024245,5.9169993
0.024249999,5.9169993
0.024255,5.9169993
0.02426,5.9169993
0.024264999,5.9169993
0.02427,5.9169993
0.024275,5.9169993
0.024279999,5.9169993
0.024285,5.9169993
0.02429,5.9169993
0.024294998,5.9169993
0.0243,5.9169993
0.024304999,5.9169993
0.02431,5.9169993
0.024315,5.9169993
0.024319999,5.9169993
0.024325,5.9169993
0.02433,5.9169993
0.024334999,5.9169993
0.02434,5.9169993
0.024345,5.9169993
0.024349999,5.9169993
0.024355,5.9169993
0.02436,5.9169993
0.024364999,5.9169993
0.02437,5.9169993
0.024375,5.9169993
0.02438,5.9169993
0.024385,5.9169993
0.024389999,5.9169993
0.024395,5.9169993
0.0244,5.9169993
0.024404999,5.9169993
0.02441,5.9169993
0.024415,5.9169993
0.024419999,5.9169993
0.024425,5.9169993
0.02443,5.9169993
0.024434999,5.9169993
0.02444,5.9169993
0.024445,5.9169993
0.024449999,5.9169993
0.024455,5.9169993
0.024459999,5.9169993
0.024465,5.9169993
0.02447,5.9169993
0.024474999,5.9169993
0.02448,5.9169993
0.024485,5.9169993
0.024489999,5.9169993
0.024495,5.9169993
0.0245,5.9169993
0.024504999,5.9169993
0.02451,5.9169993
0.024515,5.9169993
0.024519999,5.9169993
0.024525,5.9169993
0.02453,5.9169993
0.024534998,5.9169993
0.02454,5.9169993
0.024544999,5.9169993
0.02455,5.9169993
0.024555,5.9169993
0.024559999,5.9169993
0.024565,5.9169993
0.02457,5.9169993
0.024574999,5.9169993
0.02458,5.9169993
0.024585,5.9169993
0.024589999,5.9169993
0.024595,5.9169993
0.0246,5.9169993
0.024604999,5.9169993
0.02461,5.9169993
0.024615,5.9169993
0.02462,5.9169993
0.024625,5.9169993
0.024629999,5.9169993
0.024635,5.9169993
0.02464,5.9169993
0.024644999,5.9169993
0.02465,5.9169993
0.024655,5.9169993
0.024659999,5.9169993
0.024665,5.9169993
0.02467,5.9169993
0.024674999,5.9169993
0.02468,5.9169993
0.024685,5.9169993
0.024689998,5.9169993
0.024695,5.9169993
0.024699999,5.9169993
0.024705,5.9169993
0.02471,5.9169993
0.024714999,5.9169993
0.02472,5.9169993
0.024725,5.9169993
0.024729999,5.9169993
0.024735,5.9169993
0.02474,5.9169993
0.024744999,5.9169993
0.02475,5.9169993
0.024755,5.9169993
0.024759999,5.9169993
0.024765,5.9169993
0.02477,5.9169993
0.024775,5.9169993
0.02478,5.9169993
0.024784999,5.9169993
0.02479,5.9169993
0.024795,5.9169993
0.024799999,5.9169993
0.024805,5.9169993
0.02481,5.9169993
0.024814999,5.9169993
0.02482,5.9169993
0.024825,5.9169993
0.024829999,5.9169993
0.024835,5.9169993
0.02484,5.9169993
0.024844998,5.9169993
0.02485,5.9169993
0.024854999,5.9169993
0.02486,5.9169993
0.024865,5.9169993
0.024869999,5.9169993
0.024875,5.9169993
0.02488,5.9169993
0.024884999,5.9169993
0.02489,5.9169993
0.024895,5.9169993
0.024899999,5.9169993
0.024905,5.9169993
0.02491,5.9169993
0.024914999,5.9169993
0.02492,5.9169993
0.024925,5.9169993
0.024929998,5.9169993
0.024935,5.9169993
0.024939999,5.9169993
0.024945,5.9169993
0.02495,5.9169993
0.024954999,5.9169993
0.02496,5.9169993
0.024965,5.9169993
0.024969999,5.9169993
0.024975,5.9169993
0.02498,5.9169993
0.024984999,5.9169993
0.02499,5.9169993
0.024995,5.9169993
0.024999999,5.9169993
0.025005,5.9169993
0.025009999,5.9169993
0.025015,5.9169993
0.02502,5.9169993
0.025024999,5.9169993
0.02503,5.9169993
0.025035,5.9169993
0.025039999,5.9169993
0.025045,5.9169993
0.02505,5.9169993
0.025054999,5.9169993
0.02506,5.9169993
0.025065,5.9169993
0.025069999,5.9169993
0.025075,5.9169993
0.02508,5.9169993
0.025084998,5.9169993
0.02509,5.9169993
0.025094999,5.9169993
0.0251,5.9169993
0.025105,5.9169993
0.025109999,5.9169993
0.025115,5.9169993
0.02512,5.9169993
0.025124999,5.9169993
0.02513,5.9169993
0.025135,5.9169993
0.025139999,5.9169993
0.025145,5.9169993
0.02515,5.9169993
0.025154999,5.9169993
0.02516,5.9169993
0.025164999,5.9169993
0.02517,5.9169993
0.025175,5.9169993
0.025179999,5.9169993
0.025185,5.9169993
0.02519,5.9169993
0.025194999,5.9169993
0.0252,5.9169993
0.025205,5.9169993
0.025209999,5.9169993
0.025215,5.9169993
0.02522,5.9169993
0.025224999,5.9169993
0.02523,5.9169993
0.025235,5.9169993
0.025239998,5.9169993
0.025245,5.9169993
0.025249999,5.9169993
0.025255,5.9169993
0.02526,5.9169993
0.025264999,5.9169993
0.02527,5.9169993
0.025275,5.9169993
0.025279999,5.9169993
0.025285,5.9169993
0.02529,5.9169993
0.025294999,5.9169993
0.0253,5.9169993
0.025305,5.9169993
0.025309999,5.9169993
0.025315,5.9169993
0.02532,5.9169993
0.025325,5.9169993
0.02533,5.9169993
0.025334999,5.9169993
0.02534,5.9169993
0.025345,5.9169993
0.025349999,5.9169993
0.025355,5.9169993
0.02536,5.9169993
0.025364999,5.9169993
0.02537,5.9169993
0.025375,5.9169993
0.025379999,5.9169993
0.025385,5.9169993
0.02539,5.9169993
0.025394998,5.9169993
0.0254,5.9169993
0.025404999,5.9169993
0.02541,5.9169993
0.025415,5.9169993
0.025419999,5.9169993
0.025425,5.9169993
0.02543,5.9169993
0.025434999,5.9169993
0.02544,5.9169993
0.025445,5.9169993
0.025449999,5.9169993
0.025455,5.9169993
0.02546,5.9169993
0.025464999,5.9169993
0.02547,5.9169993
0.025475,5.9169993
0.025479998,5.9169993
0.025485,5.9169993
0.025489999,5.9169993
0.025495,5.9169993
0.0255,5.9169993
0.025504999,5.9169993
0.02551,5.9169993
0.025515,5.9169993
0.025519999,5.9169993
0.025525,5.9169993
0.02553,5.9169993
0.025534999,5.9169993
0.02554,5.9169993
0.025545,5.9169993
0.025549999,5.9169993
0.025555,5.9169993
0.025559999,5.9169993
0.025565,5.9169993
0.02557,5.9169993
0.025574999,5.9169993
0.02558,5.9169993
0.025585,5.9169993
0.025589999,5.9169993
0.025595,5.9169993
0.0256,5.9169993
0.025604999,5.9169993
0.02561,5.9169993
0.025615,5.9169993
0.025619999,5.9169993
0.025625,5.9169993
0.02563,5.9169993
0.025634998,5.9169993
0.02564,5.9169993
0.025644999,5.9169993
0.02565,5.9169993
0.025655,5.9169993
0.025659999,5.9169993
0.025665,5.9169993
0.02567,5.9169993
0.025674999,5.9169993
0.02568,5.9169993
0.025685,5.9169993
0.025689999,5.9169993
0.025695,5.9169993
0.0257,5.9169993
0.025704999,5.9169993
0.02571,5.9169993
0.025714999,5.9169993
0.02572,5.9169993
0.025725,5.9169993
0.025729999,5.9169993
0.025735,5.9169993
0.02574,5.9169993
0.025744999,5.9169993
0.02575,5.9169993
0.025755,5.9169993
0.025759999,5.9169993
0.025765,5.9169993
0.02577,5.9169993
0.025774999,5.9169993
0.02578,5.9169993
0.025785,5.9169993
0.025789998,5.9169993
0.025795,5.9169993
0.025799999,5.9169993
0.025805,5.9169993
0.02581,5.9169993
0.025814999,5.9169993
0.02582,5.9169993
0.025825,5.9169993
0.025829999,5.9169993
0.025835,5.9169993
0.02584,5.9169993
0.025844999,5.9169993
0.02585,5.9169993
0.025855,5.9169993
0.025859999,5.9169993
0.025865,5.9169993
0.02587,5.9169993
0.025874998,5.9169993
0.02588,5.9169993
0.025884999,5.9169993
0.02589,5.9169993
0.025895,5.9169993
0.025899999,5.9169993
0.025905,5.9169993
0.02591,5.9169993
0.025914999,5.9169993
0.02592,5.9169993
0.025925,5.9169993
0.025929999,5.9169993
0.025935,5.9169993
0.02594,5.9169993
0.025944998,5.9169993
0.02595,5.9169993
0.025954999,5.9169993
0.02596,5.9169993
0.025965,5.9169993
0.025969999,5.9169993
0.025975,5.9169993
0.02598,5.9169993
0.025984999,5.9169993
0.02599,5.9169993
0.025995,5.9169993
0.025999999,5.9169993
0.026005,5.9169993
0.02601,5.9169993
0.026014999,5.9169993
0.02602,5.9169993
0.026025,5.9169993
0.026029998,5.9169993
0.026035,5.9169993
0.026039999,5.9169993
0.026045,5.9169993
0.02605,5.9169993
0.026054999,5.9169993
0.02606,5.9169993
0.026065,5.9169993
0.026069999,5.9169993
0.026075,5.9169993
0.02608,5.9169993
0.026084999,5.9169993
0.02609,5.9169993
0.026095,5.9169993
0.026099999,5.9169993
0.026105,5.9169993
0.026109999,5.9169993
0.026115,5.9169993
0.02612,5.9169993
0.026124999,5.9169993
0.02613,5.9169993
0.026135,5.9169993
0.026139999,5.9169993
0.026145,5.9169993
0.02615,5.9169993
0.026154999,5.9169993
0.02616,5.9169993
0.026165,5.9169993
0.026169999,5.9169993
0.026175,5.9169993
0.02618,5.9169993
0.026184998,5.9169993
0.02619,5.9169993
0.026194999,5.9169993
0.0262,5.9169993
0.026205,5.9169993
0.026209999,5.9169993
0.026215,5.9169993
0.02622,5.9169993
0.026224999,5.9169993
0.02623,5.9169993
0.026235,5.9169993
0.026239999,5.9169993
0.026245,5.9169993
0.02625,5.9169993
0.026254999,5.9169993
0.02626,5.9169993
0.026264999,5.9169993
0.02627,5.9169993
0.026275,5.9169993
0.026279999,5.9169993
0.026285,5.9169993
0.02629,5.9169993
0.026294999,5.9169993
0.0263,5.9169993
0.026305,5.9169993
0.026309999,5.9169993
0.026315,5.9169993
0.02632,5.9169993
0.026324999,5.9169993
0.02633,5.9169993
0.026335,5.9169993
0.026339998,5.9169993
0.026345,5.9169993
0.026349999,5.9169993
0.026355,5.9169993
0.02636,5.9169993
0.026364999,5.9169993
0.02637,5.9169993
0.026375,5.9169993
0.026379999,5.9169993
0.026385,5.9169993
0.02639,5.9169993
0.026394999,5.9169993
0.0264,5.9169993
0.026405,5.9169993
0.026409999,5.9169993
0.026415,5.9169993
0.02642,5.9169993
0.026424998,5.9169993
0.02643,5.9169993
0.026434999,5.9169993
0.02644,5.9169993
0.026445,5.9169993
0.026449999,5.9169993
0.026455,5.9169993
0.02646,5.9169993
0.026464999,5.9169993
0.02647,5.9169993
0.026475,5.9169993
0.026479999,5.9169993
0.026485,5.9169993
0.02649,5.9169993
0.026494998,5.9169993
0.0265,5.9169993
0.026504999,5.9169993
0.02651,5.9169993
0.026515,5.9169993
0.026519999,5.9169993
0.026525,5.9169993
0.02653,5.9169993
0.026534999,5.9169993
0.02654,5.9169993
0.026545,5.9169993
0.026549999,5.9169993
0.026555,5.9169993
0.02656,5.9169993
0.026564999,5.9169993
0.02657,5.9169993
0.026575,5.9169993
0.026579998,5.9169993
0.026585,5.9169993
0.026589999,5.9169993
0.026595,5.9169993
0.0266,5.9169993
0.026604999,5.9169993
0.02661,5.9169993
0.026615,5.9169993
0.026619999,5.9169993
0.026625,5.9169993
0.02663,5.9169993
0.026634999,5.9169993
0.02664,5.9169993
0.026645,5.9169993
0.026649999,5.9169993
0.026655,5.9169993
0.026659999,5.9169993
0.026665,5.9169993
0.02667,5.9169993
0.026674999,5.9169993
0.02668,5.9169993
0.026685,5.9169993
0.026689999,5.9169993
0.026695,5.9169993
0.0267,5.9169993
0.026704999,5.9169993
0.02671,5.9169993
0.026715,5.9169993
0.026719999,5.9169993
0.026725,5.9169993
0.02673,5.9169993
0.026734998,5.9169993
0.02674,5.9169993
0.026744999,5.9169993
0.02675,5.9169993
0.026755,5.9169993
0.026759999,5.9169993
0.026765,5.9169993
0.02677,5.9169993
0.026774999,5.9169993
0.02678,5.9169993
0.026785,5.9169993
0.026789999,5.9169993
0.026795,5.9169993
0.0268,5.9169993
0.026804999,5.9169993
0.02681,5.9169993
0.026814999,5.9169993
0.026819998,5.9169993
0.026825,5.9169993
0.026829999,5.9169993
0.026835,5.9169993
0.02684,5.9169993
0.026844999,5.9169993
0.02685,5.9169993
0.026855,5.9169993
0.026859999,5.9169993
0.026865,5.9169993
0.02687,5.9169993
0.026874999,5.9169993
0.02688,5.9169993
0.026885,5.9169993
0.026889998,5.9169993
0.026895,5.9169993
0.026899999,5.9169993
0.026905,5.9169993
0.02691,5.9169993
0.026914999,5.9169993
0.02692,5.9169993
0.026925,5.9169993
0.026929999,5.9169993
0.026935,5.9169993
0.02694,5.9169993
0.026944999,5.9169993
0.02695,5.9169993
0.026955,5.9169993
0.026959999,5.9169993
0.026965,5.9169993
0.02697,5.9169993
0.026974998,5.9169993
0.02698,5.9169993
0.026984999,5.9169993
0.02699,5.9169993
0.026995,5.9169993
0.026999999,5.9169993
0.027005,5.9169993
0.02701,5.9169993
0.027014999,5.9169993
0.02702,5.9169993
0.027025,5.9169993
0.027029999,5.9169993
0.027035,5.9169993
0.02704,5.9169993
0.027044998,5.9169993
0.02705,5.9169993
0.027054999,5.9169993
0.02706,5.9169993
0.027065,5.9169993
0.027069999,5.9169993
0.027075,5.9169993
0.02708,5.9169993
0.027084999,5.9169993
0.02709,5.9169993
0.027095,5.9169993
0.027099999,5.9169993
0.027105,5.9169993
0.02711,5.9169993
0.027114999,5.9169993
0.02712,5.9169993
0.027125,5.9169993
0.027129998,5.9169993
0.027135,5.9169993
0.027139999,5.9169993
0.027145,5.9169993
0.02715,5.9169993
0.027154999,5.9169993
0.02716,5.9169993
0.027165,5.9169993
0.027169999,5.9169993
0.027175,5.9169993
0.02718,5.9169993
0.027184999,5.9169993
0.02719,5.9169993
0.027195,5.9169993
0.027199998,5.9169993
0.027205,5.9169993
0.027209999,5.9169993
0.027215,5.9169993
0.02722,5.9169993
0.027224999,5.9169993
0.02723,5.9169993
0.027235,5.9169993
0.027239999,5.9169993
0.027245,5.9169993
0.02725,5.9169993
0.027254999,5.9169993
0.02726,5.9169993
0.027265,5.9169993
0.027269999,5.9169993
0.027275,5.9169993
0.02728,5.9169993
0.027284998,5.9169993
0.02729,5.9169993
0.027294999,5.9169993
0.0273,5.9169993
0.027305,5.9169993
0.027309999,5.9169993
0.027315,5.9169993
0.02732,5.9169993
0.027324999,5.9169993
0.02733,5.9169993
0.027335,5.9169993
0.027339999,5.9169993
0.027345,5.9169993
0.02735,5.9169993
0.027354999,5.9169993
0.02736,5.9169993
0.027364999,5.9169993
0.027369998,5.9169993
0.027375,5.9169993
0.027379999,5.9169993
0.027385,5.9169993
0.02739,5.9169993
0.027394999,5.9169993
0.0274,5.9169993
0.027405,5.9169993
0.027409999,5.9169993
0.027415,5.9169993
0.02742,5.9169993
0.027424999,5.9169993
0.02743,5.9169993
0.027435,5.9169993
0.027439998,5.9169993
0.027445,5.9169993
0.027449999,5.9169993
0.027455,5.9169993
0.02746,5.9169993
0.027464999,5.9169993
0.02747,5.9169993
0.027475,5.9169993
0.027479999,5.9169993
0.027485,5.9169993
0.02749,5.9169993
0.027494999,5.9169993
0.0275,5.9169993
0.027505,5.9169993
0.027509999,5.9169993
0.027515,5.9169993
0.02752,5.9169993
0.027524998,5.9169993
0.02753,5.9169993
0.027534999,5.9169993
0.02754,5.9169993
0.027545,5.9169993
0.027549999,5.9169993
0.027555,5.9169993
0.02756,5.9169993
0.027564999,5.9169993
0.02757,5.9169993
0.027575,5.9169993
0.027579999,5.9169993
0.027585,5.9169993
0.02759,5.9169993
0.027594998,5.9169993
0.0276,5.9169993
0.027604999,5.9169993
0.02761,5.9169993
0.027615,5.9169993
0.027619999,5.9169993
0.027625,5.9169993
0.02763,5.9169993
0.027634999,5.9169993
0.02764,5.9169993
0.027645,5.9169993
0.027649999,5.9169993
0.027655,5.9169993
0.02766,5.9169993
0.027664999,5.9169993
0.02767,5.9169993
0.027675,5.9169993
0.027679998,5.9169993
0.027685,5.9169993
0.027689999,5.9169993
0.027695,5.9169993
0.0277,5.9169993
0.027704999,5.9169993
0.02771,5.9169993
0.027715,5.9169993
0.027719999,5.9169993
0.027725,5.9169993
0.02773,5.9169993
0.027734999,5.9169993
0.02774,5.9169993
0.027745,5.9169993
0.027749998,5.9169993
0.027755,5.9169993
0.027759999,5.9169993
0.027764998,5.9169993
0.02777,5.9169993
0.027774999,5.9169993
0.02778,5.9169993
0.027785,5.9169993
0.027789999,5.9169993
0.027795,5.9169993
0.0278,5.9169993
0.027804999,5.9169993
0.02781,5.9169993
0.027815,5.9169993
0.027819999,5.9169993
0.027825,5.9169993
0.02783,5.9169993
0.027834998,5.9169993
0.02784,5.9169993
0.027844999,5.9169993
0.02785,5.9169993
0.027855,5.9169993
0.027859999,5.9169993
0.027865,5.9169993
0.02787,5.9169993
0.027874999,5.9169993
0.02788,5.9169993
0.027885,5.9169993
0.027889999,5.9169993
0.027895,5.9169993
0.0279,5.9169993
0.027904999,5.9169993
0.02791,5.9169993
0.027914999,5.9169993
0.027919998,5.9169993
0.027925,5.9169993
0.027929999,5.9169993
0.027935,5.9169993
0.02794,5.9169993
0.027944999,5.9169993
0.02795,5.9169993
0.027955,5.9169993
0.027959999,5.9169993
0.027965,5.9169993
0.02797,5.9169993
0.027974999,5.9169993
0.02798,5.9169993
0.027985,5.9169993
0.027989998,5.9169993
0.027995,5.9169993
0.027999999,5.9169993
0.028005,5.9169993
0.02801,5.9169993
0.028014999,5.9169993
0.02802,5.9169993
0.028025,5.9169993
0.028029999,5.9169993
0.028035,5.9169993
0.02804,5.9169993
0.028044999,5.9169993
0.02805,5.9169993
0.028055,5.9169993
0.028059999,5.9169993
0.028065,5.9169993
0.02807,5.9169993
0.028074998,5.9169993
0.02808,5.9169993
0.028084999,5.9169993
0.02809,5.9169993
0.028095,5.9169993
0.028099999,5.9169993
0.028105,5.9169993
0.02811,5.9169993
0.028114999,5.9169993
0.02812,5.9169993
0.028125,5.9169993
0.028129999,5.9169993
0.028135,5.9169993
0.02814,5.9169993
0.028144998,5.9169993
0.02815,5.9169993
0.028154999,5.9169993
0.028159998,5.9169993
0.028165,5.9169993
0.028169999,5.9169993
0.028175,5.9169993
0.02818,5.9169993
0.028184999,5.9169993
0.02819,5.9169993
0.028195,5.9169993
0.028199999,5.9169993
0.028205,5.9169993
0.02821,5.9169993
0.028214999,5.9169993
0.02822,5.9169993
0.028225,5.9169993
0.028229998,5.9169993
0.028235,5.9169993
0.028239999,5.9169993
0.028245,5.9169993
0.02825,5.9169993
0.028254999,5.9169993
0.02826,5.9169993
0.028265,5.9169993
0.028269999,5.9169993
0.028275,5.9169993
0.02828,5.9169993
0.028284999,5.9169993
0.02829,5.9169993
0.028295,5.9169993
0.028299998,5.9169993
0.028305,5.9169993
0.028309999,5.9169993
0.028314998,5.9169993
0.02832,5.9169993
0.028324999,5.9169993
0.02833,5.9169993
0.028335,5.9169993
0.028339999,5.9169993
0.028345,5.9169993
0.02835,5.9169993
0.028354999,5.9169993
0.02836,5.9169993
0.028365,5.9169993
0.028369999,5.9169993
0.028375,5.9169993
0.02838,5.9169993
0.028384998,5.9169993
0.02839,5.9169993
0.028394999,5.9169993
0.0284,5.9169993
0.028405,5.9169993
0.028409999,5.9169993
0.028415,5.9169993
0.02842,5.9169993
0.028424999,5.9169993
0.02843,5.9169993
0.028435,5.9169993
0.028439999,5.9169993
0.028445,5.9169993
0.02845,5.9169993
0.028454999,5.9169993
0.02846,5.9169993
0.028464999,5.9169993
0.028469998,5.9169993
0.028475,5.9169993
0.028479999,5.9169993
0.028485,5.9169993
0.02849,5.9169993
0.028494999,5.9169993
0.0285,5.9169993
0.028505,5.9169993
0.028509999,5.9169993
0.028515,5.9169993
0.02852,5.9169993
0.028524999,5.9169993
0.02853,5.9169993
0.028535,5.9169993
0.028539998,5.9169993
0.028545,5.9169993
0.028549999,5.9169993
0.028555,5.9169993
0.02856,5.9169993
0.028564999,5.9169993
0.02857,5.9169993
0.028575,5.9169993
0.028579999,5.9169993
0.028585,5.9169993
0.02859,5.9169993
0.028594999,5.9169993
0.0286,5.9169993
0.028605,5.9169993
0.028609999,5.9169993
0.028615,5.9169993
0.028619999,5.9169993
0.028624998,5.9169993
0.02863,5.9169993
0.028634999,5.9169993
0.02864,5.9169993
0.028645,5.9169993
0.028649999,5.9169993
0.028655,5.9169993
0.02866,5.9169993
0.028664999,5.9169993
0.02867,5.9169993
0.028675,5.9169993
0.028679999,5.9169993
0.028685,5.9169993
0.02869,5.9169993
0.028694998,5.9169993
0.0287,5.9169993
0.028704999,5.9169993
0.028709998,5.9169993
0.028715,5.9169993
0.028719999,5.9169993
0.028725,5.9169993
0.02873,5.9169993
0.028734999,5.9169993
0.02874,5.9169993
0.028745,5.9169993
0.028749999,5.9169993
0.028755,5.9169993
0.02876,5.9169993
0.028764999,5.9169993
0.02877,5.9169993
0.028775,5.9169993
0.028779998,5.9169993
0.028785,5.9169993
0.028789999,5.9169993
0.028795,5.9169993
0.0288,5.9169993
0.028804999,5.9169993
0.02881,5.9169993
0.028815,5.9169993
0.028819999,5.9169993
0.028825,5.9169993
0.02883,5.9169993
0.028834999,5.9169993
0.02884,5.9169993
0.028845,5.9169993
0.028849998,5.9169993
0.028855,5.9169993
0.028859999,5.9169993
0.028864998,5.9169993
0.02887,5.9169993
0.028874999,5.9169993
0.02888,5.9169993
0.028885,5.9169993
0.028889999,5.9169993
0.028895,5.9169993
0.0289,5.9169993
0.028904999,5.9169993
0.02891,5.9169993
0.028915,5.9169993
0.028919999,5.9169993
0.028925,5.9169993
0.02893,5.9169993
0.028934998,5.9169993
0.02894,5.9169993
0.028944999,5.9169993
0.02895,5.9169993
0.028955,5.9169993
0.028959999,5.9169993
0.028965,5.9169993
0.02897,5.9169993
0.028974999,5.9169993
0.02898,5.9169993
0.028985,5.9169993
0.028989999,5.9169993
0.028995,5.9169993
0.029,5.9169993
0.029004999,5.9169993
0.02901,5.9169993
0.029014999,5.9169993
0.029019998,5.9169993
0.029025,5.9169993
0.029029999,5.9169993
0.029035,5.9169993
0.02904,5.9169993
0.029044999,5.9169993
0.02905,5.9169993
0.029055,5.9169993
0.029059999,5.9169993
0.029065,5.9169993
0.02907,5.9169993
0.029074999,5.9169993
0.02908,5.9169993
0.029085,5.9169993
0.029089998,5.9169993
0.029095,5.9169993
0.029099999,5.9169993
0.029104998,5.9169993
0.02911,5.9169993
0.029114999,5.9169993
0.02912,5.9169993
0.029125,5.9169993
0.029129999,5.9169993
0.029135,5.9169993
0.02914,5.9169993
0.029144999,5.9169993
0.02915,5.9169993
0.029155,5.9169993
0.029159999,5.9169993
0.029165,5.9169993
0.029169999,5.9169993
0.029174998,5.9169993
0.02918,5.9169993
0.029184999,5.9169993
0.02919,5.9169993
0.029195,5.9169993
0.029199999,5.9169993
0.029205,5.9169993
0.02921,5.9169993
0.029214999,5.9169993
0.02922,5.9169993
0.029225,5.9169993
0.029229999,5.9169993
0.029235,5.9169993
0.02924,5.9169993
0.029244998,5.9169993
0.02925,5.9169993
0.029254999,5.9169993
0.029259998,5.9169993
0.029265,5.9169993
0.029269999,5.9169993
0.029275,5.9169993
0.02928,5.9169993
0.029284999,5.9169993
0.02929,5.9169993
0.029295,5.9169993
0.029299999,5.9169993
0.029305,5.9169993
0.02931,5.9169993
0.029314999,5.9169993
0.02932,5.9169993
0.029325,5.9169993
0.029329998,5.9169993
0.029335,5.9169993
0.029339999,5.9169993
0.029345,5.9169993
0.02935,5.9169993
0.029354999,5.9169993
0.02936,5.9169993
0.029365,5.9169993
0.029369999,5.9169993
0.029375,5.9169993
0.02938,5.9169993
0.029384999,5.9169993
0.02939,5.9169993
0.029395,5.9169993
0.029399998,5.9169993
0.029405,5.9169993
0.029409999,5.9169993
0.029414998,5.9169993
0.02942,5.9169993
0.029424999,5.9169993
0.02943,5.9169993
0.029435,5.9169993
0.029439999,5.9169993
0.029445,5.9169993
0.02945,5.9169993
0.029454999,5.9169993
0.02946,5.9169993
0.029465,5.9169993
0.029469999,5.9169993
0.029475,5.9169993
0.02948,5.9169993
0.029484998,5.9169993
0.02949,5.9169993
0.029494999,5.9169993
0.0295,5.9169993
0.029505,5.9169993
0.029509999,5.9169993
0.029515,5.9169993
0.02952,5.9169993
0.029524999,5.9169993
0.02953,5.9169993
0.029535,5.9169993
0.029539999,5.9169993
0.029545,5.9169993
0.02955,5.9169993
0.029554999,5.9169993
0.02956,5.9169993
0.029564999,5.9169993
0.029569998,5.9169993
0.029575,5.9169993
0.029579999,5.9169993
0.029585,5.9169993
0.02959,5.9169993
0.029594999,5.9169993
0.0296,5.9169993
0.029605,5.9169993
0.029609999,5.9169993
0.029615,5.9169993
0.02962,5.9169993
0.029624999,5.9169993
0.02963,5.9169993
0.029635,5.9169993
0.029639998,5.9169993
0.029645,5.9169993
0.029649999,5.9169993
0.029654998,5.9169993
0.02966,5.9169993
0.029664999,5.9169993
0.02967,5.9169993
0.029675,5.9169993
0.029679999,5.9169993
0.029685,5.9169993
0.02969,5.9169993
0.029694999,5.9169993
0.0297,5.9169993
0.029705,5.9169993
0.029709999,5.9169993
0.029715,5.9169993
0.029719999,5.9169993
0.029724998,5.9169993
0.02973,5.9169993
0.029734999,5.9169993
0.02974,5.9169993
0.029745,5.9169993
0.029749999,5.9169993
0.029755,5.9169993
0.02976,5.9169993
0.029764999,5.9169993
0.02977,5.9169993
0.029775,5.9169993
0.029779999,5.9169993
0.029785,5.9169993
0.02979,5.9169993
0.029794998,5.9169993
0.0298,5.9169993
0.029804999,5.9169993
0.029809998,5.9169993
0.029815,5.9169993
0.029819999,5.9169993
0.029825,5.9169993
0.02983,5.9169993
0.029834999,5.9169993
0.02984,5.9169993
0.029845,5.9169993
0.029849999,5.9169993
0.029855,5.9169993
0.02986,5.9169993
0.029864999,5.9169993
0.02987,5.9169993
0.029875,5.9169993
0.029879998,5.9169993
0.029885,5.9169993
0.029889999,5.9169993
0.029895,5.9169993
0.0299,5.9169993
0.029904999,5.9169993
0.02991,5.9169993
0.029915,5.9169993
0.029919999,5.9169993
0.029925,5.9169993
0.02993,5.9169993
0.029934999,5.9169993
0.02994,5.9169993
0.029945,5.9169993
0.029949998,5.9169993
0.029955,5.9169993
0.029959999,5.9169993
0.029964998,5.9169993
0.02997,5.9169993
0.029974999,5.9169993
0.02998,5.9169993
0.029985,5.9169993
0.029989999,5.9169993
0.029995,5.9169993
0.03,5.9169993
0.030004999,5.9169993
0.03001,5.9169993
0.030015,5.9169993
0.030019999,5.9169993
0.030025,5.9169993
0.03003,5.9169993
0.030034998,5.9169993
0.03004,5.9169993
0.030044999,5.9169993
0.030049998,5.9169993
0.030055,5.9169993
0.030059999,5.9169993
0.030065,5.9169993
0.03007,5.9169993
0.030074999,5.9169993
0.03008,5.9169993
0.030085,5.9169993
0.030089999,5.9169993
0.030095,5.9169993
0.0301,5.9169993
0.030104998,5.9169993
0.03011,5.9169993
0.030114999,5.9169993
0.030119998,5.9169993
0.030125,5.9169993
0.030129999,5.9169993
0.030135,5.9169993
0.03014,5.9169993
0.030144999,5.9169993
0.03015,5.9169993
0.030155,5.9169993
0.030159999,5.9169993
0.030165,5.9169993
0.03017,5.9169993
0.030174999,5.9169993
0.03018,5.9169993
0.030185,5.9169993
0.030189998,5.9169993
0.030195,5.9169993
0.030199999,5.9169993
0.030204998,5.9169993
0.03021,5.9169993
0.030214999,5.9169993
0.03022,5.9169993
0.030225,5.9169993
0.030229999,5.9169993
0.030235,5.9169993
0.03024,5.9169993
0.030244999,5.9169993
0.03025,5.9169993
0.030255,5.9169993
0.030259999,5.9169993
0.030265,5.9169993
0.030269999,5.9169993
0.030274998,5.9169993
0.03028,5.9169993
0.030284999,5.9169993
0.03029,5.9169993
0.030295,5.9169993
0.030299999,5.9169993
0.030305,5.9169993
0.03031,5.9169993
0.030314999,5.9169993
0.03032,5.9169993
0.030325,5.9169993
0.030329999,5.9169993
0.030335,5.9169993
0.03034,5.9169993
0.030344998,5.9169993
0.03035,5.9169993
0.030354999,5.9169993
0.030359998,5.9169993
0.030365,5.9169993
0.030369999,5.9169993
0.030375,5.9169993
0.03038,5.9169993
0.030384999,5.9169993
0.03039,5.9169993
0.030395,5.9169993
0.030399999,5.9169993
0.030405,5.9169993
0.03041,5.9169993
0.030414999,5.9169993
0.03042,5.9169993
0.030425,5.9169993
0.030429998,5.9169993
0.030435,5.9169993
0.030439999,5.9169993
0.030445,5.9169993
0.03045,5.9169993
0.030454999,5.9169993
0.03046,5.9169993
0.030465,5.9169993
0.030469999,5.9169993
0.030475,5.9169993
0.03048,5.9169993
0.030484999,5.9169993
0.03049,5.9169993
0.030495,5.9169993
0.030499998,5.9169993
0.030505,5.9169993
0.030509999,5.9169993
0.030514998,5.9169993
0.03052,5.9169993
0.030524999,5.9169993
0.03053,5.9169993
0.030535,5.9169993
0.030539999,5.9169993
0.030545,5.9169993
0.03055,5.9169993
0.030554999,5.9169993
0.03056,5.9169993
0.030565,5.9169993
0.030569999,5.9169993
0.030575,5.9169993
0.03058,5.9169993
0.030584998,5.9169993
0.03059,5.9169993
0.030594999,5.9169993
0.030599998,5.9169993
0.030605,5.9169993
0.030609999,5.9169993
0.030615,5.9169993
0.03062,5.9169993
0.030624999,5.9169993
0.03063,5.9169993
0.030635,5.9169993
0.030639999,5.9169993
0.030645,5.9169993
0.03065,5.9169993
0.030654998,5.9169993
0.03066,5.9169993
0.030664999,5.9169993
0.030669998,5.9169993
0.030675,5.9169993
0.030679999,5.9169993
0.030685,5.9169993
0.03069,5.9169993
0.030694999,5.9169993
0.0307,5.9169993
0.030705,5.9169993
0.030709999,5.9169993
0.030715,5.9169993
0.03072,5.9169993
0.030724999,5.9169993
0.03073,5.9169993
0.030735,5.9169993
0.030739998,5.9169993
0.030745,5.9169993
0.030749999,5.9169993
0.030754998,5.9169993
0.03076,5.9169993
0.030764999,5.9169993
0.03077,5.9169993
0.030775,5.9169993
0.030779999,5.9169993
0.030785,5.9169993
0.03079,5.9169993
0.030794999,5.9169993
0.0308,5.9169993
0.030805,5.9169993
0.030809999,5.9169993
0.030815,5.9169993
0.030819999,5.9169993
0.030824998,5.9169993
0.03083,5.9169993
0.030834999,5.9169993
0.03084,5.9169993
0.030845,5.9169993
0.030849999,5.9169993
0.030855,5.9169993
0.03086,5.9169993
0.030864999,5.9169993
0.03087,5.9169993
0.030875,5.9169993
0.030879999,5.9169993
0.030885,5.9169993
0.03089,5.9169993
0.030894998,5.9169993
0.0309,5.9169993
0.030904999,5.9169993
0.030909998,5.9169993
0.030915,5.9169993
0.030919999,5.9169993
0.030925,5.9169993
0.03093,5.9169993
0.030934999,5.9169993
0.03094,5.9169993
0.030945,5.9169993
0.030949999,5.9169993
0.030955,5.9169993
0.03096,5.9169993
0.030964999,5.9169993
0.03097,5.9169993
0.030975,5.9169993
0.030979998,5.9169993
0.030985,5.9169993
0.030989999,5.9169993
0.030994998,5.9169993
0.031,5.9169993
0.031004999,5.9169993
0.03101,5.9169993
0.031015,5.9169993
0.031019999,5.9169993
0.031025,5.9169993
0.03103,5.9169993
0.031034999,5.9169993
0.03104,5.9169993
0.031045,5.9169993
0.031049998,5.9169993
0.031055,5.9169993
0.031059999,5.9169993
0.031064998,5.9169993
0.03107,5.9169993
0.031074999,5.9169993
0.03108,5.9169993
0.031085,5.9169993
0.031089999,5.9169993
0.031095,5.9169993
0.0311,5.9169993
0.031104999,5.9169993
0.03111,5.9169993
0.031115,5.9169993
0.031119999,5.9169993
0.031125,5.9169993
0.03113,5.9169993
0.031134998,5.9169993
0.03114,5.9169993
0.031144999,5.9169993
0.031149998,5.9169993
0.031155,5.9169993
0.031159999,5.9169993
0.031165,5.9169993
0.03117,5.9169993
0.031174999,5.9169993
0.03118,5.9169993
0.031185,5.9169993
0.031189999,5.9169993
0.031195,5.9169993
0.0312,5.9169993
0.031204998,5.9169993
0.03121,5.9169993
0.031214999,5.9169993
0.031219998,5.9169993
0.031225,5.9169993
0.031229999,5.9169993
0.031235,5.9169993
0.03124,5.9169993
0.031244999,5.9169993
0.03125,5.9169993
0.031255,5.9169993
0.03126,5.9169993
0.031264998,5.9169993
0.031269997,5.9169993
0.031275,5.9169993
0.03128,5.9169993
0.031285,5.9169993
0.03129,5.9169993
0.031294998,5.9169993
0.0313,5.9169993
0.031305,5.9169993
0.03131,5.9169993
0.031315,5.9169993
0.03132,5.9169993
0.031324998,5.9169993
0.03133,5.9169993
0.031335,5.9169993
0.03134,5.9169993
0.031345,5.9169993
0.031349998,5.9169993
0.031355,5.9169993
0.03136,5.9169993
0.031365,5.9169993
0.03137,5.9169993
0.031375,5.9169993
0.031379998,5.9169993
0.031385,5.9169993
0.03139,5.9169993
0.031395,5.9169993
0.0314,5.9169993
0.031405,5.9169993
0.031409997,5.9169993
0.031415,5.9169993
0.03142,5.9169993
0.031425,5.9169993
0.03143,5.9169993
0.031434998,5.9169993
0.03144,5.9169993
0.031445,5.9169993
0.03145,5.9169993
0.031455,5.9169993
0.03146,5.9169993
0.031464998,5.9169993
0.03147,5.9169993
0.031475,5.9169993
0.03148,5.9169993
0.031485,5.9169993
0.031489998,5.9169993
0.031494997,5.9169993
0.0315,5.9169993
0.031505,5.9169993
0.03151,5.9169993
0.031515,5.9169993
0.031519998,5.9169993
0.031525,5.9169993
0.03153,5.9169993
0.031535,5.9169993
0.03154,5.9169993
0.031545,5.9169993
0.031549998,5.9169993
0.031555,5.9169993
0.03156,5.9169993
0.031565,5.9169993
0.03157,5.9169993
0.031574998,5.9169993
0.031579997,5.9169993
0.031585,5.9169993
0.03159,5.9169993
0.031595,5.9169993
0.0316,5.9169993
0.031604998,5.9169993
0.03161,5.9169993
0.031615,5.9169993
0.03162,5.9169993
0.031625,5.9169993
0.03163,5.9169993
0.031634998,5.9169993
0.03164,5.9169993
0.031645,5.9169993
0.03165,5.9169993
0.031655,5.9169993
0.031659998,5.9169993
0.031664997,5.9169993
0.03167,5.9169993
0.031675,5.9169993
0.03168,5.9169993
0.031685,5.9169993
0.031689998,5.9169993
0.031695,5.9169993
0.0317,5.9169993
0.031705,5.9169993
0.03171,5.9169993
0.031715,5.9169993
0.031719998,5.9169993
0.031725,5.9169993
0.03173,5.9169993
0.031735,5.9169993
0.03174,5.9169993
0.031744998,5.9169993
0.03175,5.9169993
0.031755,5.9169993
0.03176,5.9169993
0.031765,5.9169993
0.03177,5.9169993
0.031774998,5.9169993
0.03178,5.9169993
0.031785,5.9169993
0.03179,5.9169993
0.031795,5.9169993
0.031799998,5.9169993
0.031804997,5.9169993
0.03181,5.9169993
0.031815,5.9169993
0.03182,5.9169993
0.031825,5.9169993
0.031829998,5.9169993
0.031835,5.9169993
0.03184,5.9169993
0.031845,5.9169993
0.03185,5.9169993
0.031855,5.9169993
0.031859998,5.9169993
0.031865,5.9169993
0.03187,5.9169993
0.031875,5.9169993
0.03188,5.9169993
0.031884998,5.9169993
0.031889997,5.9169993
0.031895,5.9169993
0.0319,5.9169993
0.031905,5.9169993
0.03191,5.9169993
0.031914998,5.9169993
0.03192,5.9169993
0.031925,5.9169993
0.03193,5.9169993
0.031935,5.9169993
0.03194,5.9169993
0.031944998,5.9169993
0.03195,5.9169993
0.031955,5.9169993
0.03196,5.9169993
0.031965,5.9169993
0.031969998,5.9169993
0.031974997,5.9169993
0.03198,5.9169993
0.031985,5.9169993
0.03199,5.9169993
0.031995,5.9169993
0.031999998,5.9169993
0.032005,5.9169993
0.03201,5.9169993
0.032015,5.9169993
0.03202,5.9169993
0.032025,5.9169993
0.032029998,5.9169993
0.032035,5.9169993
0.03204,5.9169993
0.032045,5.9169993
0.03205,5.9169993
0.032054998,5.9169993
0.03206,5.9169993
0.032065,5.9169993
0.03207,5.9169993
0.032075,5.9169993
0.03208,5.9169993
0.032084998,5.9169993
0.03209,5.9169993
0.032095,5.9169993
0.0321,5.9169993
0.032105,5.9169993
0.03211,5.9169993
0.032114998,5.9169993
0.03212,5.9169993
0.032125,5.9169993
0.03213,5.9169993
0.032135,5.9169993
0.032139998,5.9169993
0.032145,5.9169993
0.03215,5.9169993
0.032155,5.9169993
0.03216,5.9169993
0.032165,5.9169993
0.032169998,5.9169993
0.032175,5.9169993
0.03218,5.9169993
0.032185,5.9169993
0.03219,5.9169993
0.032194998,5.9169993
0.032199997,5.9169993
0.032205,5.9169993
0.03221,5.9169993
0.032215,5.9169993
0.03222,5.9169993
0.032224998,5.9169993
0.03223,5.9169993
0.032235,5.9169993
0.03224,5.9169993
0.032245,5.9169993
0.03225,5.9169993
0.032254998,5.9169993
0.03226,5.9169993
0.032265,5.9169993
0.03227,5.9169993
0.032275,5.9169993
0.032279998,5.9169993
0.032284997,5.9169993
0.03229,5.9169993
0.032295,5.9169993
0.0323,5.9169993
0.032305,5.9169993
0.032309998,5.9169993
0.032315,5.9169993
0.03232,5.9169993
0.032325,5.9169993
0.03233,5.9169993
0.032335,5.9169993
0.032339998,5.9169993
0.032345,5.9169993
0.03235,5.9169993
0.032355,5.9169993
0.03236,5.9169993
0.032364998,5.9169993
0.032369997,5.9169993
0.032375,5.9169993
0.03238,5.9169993
0.032385,5.9169993
0.03239,5.9169993
0.032394998,5.9169993
0.0324,5.9169993
0.032405,5.9169993
0.03241,5.9169993
0.032415,5.9169993
0.03242,5.9169993
0.032424998,5.9169993
0.03243,5.9169993
0.032435,5.9169993
0.03244,5.9169993
0.032445,5.9169993
0.032449998,5.9169993
0.032455,5.9169993
0.03246,5.9169993
0.032465,5.9169993
0.03247,5.9169993
0.032475,5.9169993
0.032479998,5.9169993
0.032485,5.9169993
0.03249,5.9169993
0.032495,5.9169993
0.0325,5.9169993
0.032505,5.9169993
0.032509997,5.9169993
0.032515,5.9169993
0.03252,5.9169993
0.032525,5.9169993
0.03253,5.9169993
0.032534998,5.9169993
0.03254,5.9169993
0.032545,5.9169993
0.03255,5.9169993
0.032555,5.9169993
0.03256,5.9169993
0.032564998,5.9169993
0.03257,5.9169993
0.032575,5.9169993
0.03258,5.9169993
0.032585,5.9169993
0.032589998,5.9169993
0.032594997,5.9169993
0.0326,5.9169993
0.032605,5.9169993
0.03261,5.9169993
0.032615,5.9169993
0.032619998,5.9169993
0.032625,5.9169993
0.03263,5.9169993
0.032635,5.9169993
0.03264,5.9169993
0.032645,5.9169993
0.032649998,5.9169993
0.032655,5.9169993
0.03266,5.9169993
0.032665,5.9169993
0.03267,5.9169993
0.032674998,5.9169993
0.032679997,5.9169993
0.032685,5.9169993
0.03269,5.9169993
0.032695,5.9169993
0.0327,5.9169993
0.032704998,5.9169993
0.03271,5.9169993
0.032715,5.9169993
0.03272,5.9169993
0.032725,5.9169993
0.03273,5.9169993
0.032734998,5.9169993
0.03274,5.9169993
0.032745,5.9169993
0.03275,5.9169993
0.032755,5.9169993
0.032759998,5.9169993
0.032764997,5.9169993
0.03277,5.9169993
0.032775,5.9169993
0.03278,5.9169993
0.032785,5.9169993
0.032789998,5.9169993
0.032795,5.9169993
0.0328,5.9169993
0.032805,5.9169993
0.03281,5.9169993
0.032815,5.9169993
0.032819998,5.9169993
0.032825,5.9169993
0.03283,5.9169993
0.032835,5.9169993
0.03284,5.9169993
0.032844998,5.9169993
0.03285,5.9169993
0.032855,5.9169993
0.03286,5.9169993
0.032865,5.9169993
0.03287,5.9169993
0.032874998,5.9169993
0.03288,5.9169993
0.032885,5.9169993
0.03289,5.9169993
0.032895,5.9169993
0.032899998,5.9169993
0.032904997,5.9169993
0.03291,5.9169993
0.032915,5.9169993
0.03292,5.9169993
0.032925,5.9169993
0.032929998,5.9169993
0.032935,5.9169993
0.03294,5.9169993
0.032945,5.9169993
0.03295,5.9169993
0.032955,5.9169993
0.032959998,5.9169993
0.032965,5.9169993
0.03297,5.9169993
0.032975,5.9169993
0.03298,5.9169993
0.032984998,5.9169993
0.032989997,5.9169993
0.032995,5.9169993
0.033,5.9169993
0.033005,5.9169993
0.03301,5.9169993
0.033014998,5.9169993
0.03302,5.9169993
0.033025,5.9169993
0.03303,5.9169993
0.033035,5.9169993
0.03304,5.9169993
0.033044998,5.9169993
0.03305,5.9169993
0.033055,5.9169993
0.03306,5.9169993
0.033065,5.9169993
0.033069998,5.9169993
0.033074997,5.9169993
0.03308,5.9169993
0.033085,5.9169993
0.03309,5.9169993
0.033095,5.9169993
0.033099998,5.9169993
0.033105,5.9169993
0.03311,5.9169993
0.033115,5.9169993
0.03312,5.9169993
0.033125,5.9169993
0.033129998,5.9169993
0.033135,5.9169993
0.03314,5.9169993
0.033145,5.9169993
0.03315,5.9169993
0.033154998,5.9169993
0.033159997,5.9169993
0.033165,5.9169993
0.03317,5.9169993
0.033175,5.9169993
0.03318,5.9169993
0.033184998,5.9169993
0.03319,5.9169993
0.033195,5.9169993
0.0332,5.9169993
0.033205,5.9169993
0.03321,5.9169993
0.033214998,5.9169993
0.03322,5.9169993
0.033225,5.9169993
0.03323,5.9169993
0.033235,5.9169993
0.033239998,5.9169993
0.033245,5.9169993
0.03325,5.9169993
0.033255,5.9169993
0.03326,5.9169993
0.033265,5.9169993
0.033269998,5.9169993
0.033275,5.9169993
0.03328,5.9169993
0.033285,5.9169993
0.03329,5.9169993
0.033294998,5.9169993
0.033299997,5.9169993
0.033305,5.9169993
0.03331,5.9169993
0.033315,5.9169993
0.03332,5.9169993
0.033324998,5.9169993
0.03333,5.9169993
0.033335,5.9169993
0.03334,5.9169993
0.033345,5.9169993
0.03335,5.9169993
0.033354998,5.9169993
0.03336,5.9169993
0.033365,5.9169993
0.03337,5.9169993
0.033375,5.9169993
0.033379998,5.9169993
0.033384997,5.9169993
0.03339,5.9169993
0.033395,5.9169993
0.0334,5.9169993
0.033405,5.9169993
0.033409998,5.9169993
0.033415,5.9169993
0.03342,5.9169993
0.033425,5.9169993
0.03343,5.9169993
0.033435,5.9169993
0.033439998,5.9169993
0.033445,5.9169993
0.03345,5.9169993
0.033455,5.9169993
0.03346,5.9169993
0.033464998,5.9169993
0.033469997,5.9169993
0.033475,5.9169993
0.03348,5.9169993
0.033485,5.9169993
0.03349,5.9169993
0.033494998,5.9169993
0.0335,5.9169993
0.033505,5.9169993
0.03351,5.9169993
0.033515,5.9169993
0.03352,5.9169993
0.033524998,5.9169993
0.03353,5.9169993
0.033535,5.9169993
0.03354,5.9169993
0.033545,5.9169993
0.033549998,5.9169993
0.033554997,5.9169993
0.03356,5.9169993
0.033565,5.9169993
0.03357,5.9169993
0.033575,5.9169993
0.033579998,5.9169993
0.033585,5.9169993
0.03359,5.9169993
0.033595,5.9169993
0.0336,5.9169993
0.033605,5.9169993
0.033609997,5.9169993
0.033615,5.9169993
0.03362,5.9169993
0.033625,5.9169993
0.03363,5.9169993
0.033634998,5.9169993
0.03364,5.9169993
0.033645,5.9169993
0.03365,5.9169993
0.033655,5.9169993
0.03366,5.9169993
0.033664998,5.9169993
0.03367,5.9169993
0.033675,5.9169993
0.03368,5.9169993
0.033685,5.9169993
0.033689998,5.9169993
0.033694997,5.9169993
0.0337,5.9169993
0.033705,5.9169993
0.03371,5.9169993
0.033715,5.9169993
0.033719998,5.9169993
0.033725,5.9169993
0.03373,5.9169993
0.033735,5.9169993
0.03374,5.9169993
0.033745,5.9169993
0.033749998,5.9169993
0.033755,5.9169993
0.03376,5.9169993
0.033765,5.9169993
0.03377,5.9169993
0.033774998,5.9169993
0.033779997,5.9169993
0.033785,5.9169993
0.03379,5.9169993
0.033795,5.9169993
0.0338,5.9169993
0.033804998,5.9169993
0.03381,5.9169993
0.033815,5.9169993
0.03382,5.9169993
0.033825,5.9169993
0.03383,5.9169993
0.033834998,5.9169993
0.03384,5.9169993
0.033845,5.9169993
0.03385,5.9169993
0.033855,5.9169993
0.033859998,5.9169993
0.033864997,5.9169993
0.03387,5.9169993
0.033875,5.9169993
0.03388,5.9169993
0.033885,5.9169993
0.033889998,5.9169993
0.033895,5.9169993
0.0339,5.9169993
0.033905,5.9169993
0.03391,5.9169993
0.033915,5.9169993
0.033919998,5.9169993
0.033925,5.9169993
0.03393,5.9169993
0.033935,5.9169993
0.03394,5.9169993
0.033944998,5.9169993
0.03395,5.9169993
0.033955,5.9169993
0.03396,5.9169993
0.033965,5.9169993
0.03397,5.9169993
0.033974998,5.9169993
0.03398,5.9169993
0.033985,5.9169993
0.03399,5.9169993
0.033995,5.9169993
0.033999998,5.9169993
0.034004997,5.9169993
0.03401,5.9169993
0.034015,5.9169993
0.03402,5.9169993
0.034025,5.9169993
0.034029998,5.9169993
0.034035,5.9169993
0.03404,5.9169993
0.034045,5.9169993
0.03405,5.9169993
0.034055,5.9169993
0.034059998,5.9169993
0.034065,5.9169993
0.03407,5.9169993
0.034075,5.9169993
0.03408,5.9169993
0.034084998,5.9169993
0.034089997,5.9169993
0.034095,5.9169993
0.0341,5.9169993
0.034105,5.9169993
0.03411,5.9169993
0.034114998,5.9169993
0.03412,5.9169993
0.034125,5.9169993
0.03413,5.9169993
0.034135,5.9169993
0.03414,5.9169993
0.034144998,5.9169993
0.03415,5.9169993
0.034155,5.9169993
0.03416,5.9169993
0.034165,5.9169993
0.034169998,5.9169993
0.034174997,5.9169993
0.03418,5.9169993
0.034185,5.9169993
0.03419,5.9169993
0.034195,5.9169993
0.034199998,5.9169993
0.034205,5.9169993
0.03421,5.9169993
0.034215,5.9169993
0.03422,5.9169993
0.034225,5.9169993
0.034229998,5.9169993
0.034235,5.9169993
0.03424,5.9169993
0.034245,5.9169993
0.03425,5.9169993
0.034254998,5.9169993
0.034259997,5.9169993
0.034265,5.9169993
0.03427,5.9169993
0.034275,5.9169993
0.03428,5.9169993
0.034284998,5.9169993
0.03429,5.9169993
0.034295,5.9169993
0.0343,5.9169993
0.034305,5.9169993
0.03431,5.9169993
0.034314997,5.9169993
0.03432,5.9169993
0.034325,5.9169993
0.03433,5.9169993
0.034335,5.9169993
0.034339998,5.9169993
0.034345,5.9169993
0.03435,5.9169993
0.034355,5.9169993
0.03436,5.9169993
0.034365,5.9169993
0.034369998,5.9169993
0.034375,5.9169993
0.03438,5.9169993
0.034385,5.9169993
0.03439,5.9169993
0.034394998,5.9169993
0.034399997,5.9169993
0.034405,5.9169993
0.03441,5.9169993
0.034415,5.9169993
0.03442,5.9169993
0.034424998,5.9169993
0.03443,5.9169993
0.034435,5.9169993
0.03444,5.9169993
0.034445,5.9169993
0.03445,5.9169993
0.034454998,5.9169993
0.03446,5.9169993
0.034465,5.9169993
0.03447,5.9169993
0.034475,5.9169993
0.034479998,5.9169993
0.034484997,5.9169993
0.03449,5.9169993
0.034495,5.9169993
0.0345,5.9169993
0.034505,5.9169993
0.034509998,5.9169993
0.034515,5.9169993
0.03452,5.9169993
0.034525,5.9169993
0.03453,5.9169993
0.034535,5.9169993
0.034539998,5.9169993
0.034545,5.9169993
0.03455,5.9169993
0.034555,5.9169993
0.03456,5.9169993
0.034564998,5.9169993
0.034569997,5.9169993
0.034575,5.9169993
0.03458,5.9169993
0.034585,5.9169993
0.03459,5.9169993
0.034594998,5.9169993
0.0346,5.9169993
0.034605,5.9169993
0.03461,5.9169993
0.034615,5.9169993
0.03462,5.9169993
0.034624998,5.9169993
0.03463,5.9169993
0.034635,5.9169993
0.03464,5.9169993
0.034645,5.9169993
0.034649998,5.9169993
0.034654997,5.9169993
0.03466,5.9169993
0.034665,5.9169993
0.03467,5.9169993
0.034675,5.9169993
0.034679998,5.9169993
0.034685,5.9169993
0.03469,5.9169993
0.034695,5.9169993
0.0347,5.9169993
0.034704998,5.9169993
0.034709997,5.9169993
0.034715,5.9169993
0.03472,5.9169993
0.034725,5.9169993
0.03473,5.9169993
0.034734998,5.9169993
0.03474,5.9169993
0.034745,5.9169993
0.03475,5.9169993
0.034755,5.9169993
0.03476,5.9169993
0.034764998,5.9169993
0.03477,5.9169993
0.034775,5.9169993
0.03478,5.9169993
0.034785,5.9169993
0.034789998,5.9169993
0.034794997,5.9169993
0.0348,5.9169993
0.034805,5.9169993
0.03481,5.9169993
0.034815,5.9169993
0.034819998,5.9169993
0.034825,5.9169993
0.03483,5.9169993
0.034835,5.9169993
0.03484,5.9169993
0.034845,5.9169993
0.034849998,5.9169993
0.034855,5.9169993
0.03486,5.9169993
0.034865,5.9169993
0.03487,5.9169993
0.034874998,5.9169993
0.034879997,5.9169993
0.034885,5.9169993
0.03489,5.9169993
0.034895,5.9169993
0.0349,5.9169993
0.034904998,5.9169993
0.03491,5.9169993
0.034915,5.9169993
0.03492,5.9169993
0.034925,5.9169993
0.03493,5.9169993
0.034934998,5.9169993
0.03494,5.9169993
0.034945,5.9169993
0.03495,5.9169993
0.034955,5.9169993
0.034959998,5.9169993
0.034964997,5.9169993
0.03497,5.9169993
0.034975,5.9169993
0.03498,5.9169993
0.034985,5.9169993
0.034989998,5.9169993
0.034995,5.9169993
0.035,5.9169993
0.035005,5.9169993
0.03501,5.9169993
0.035015,5.9169993
0.035019998,5.9169993
0.035025,5.9169993
0.03503,5.9169993
0.035035,5.9169993
0.03504,5.9169993
0.035044998,5.9169993
0.035049997,5.9169993
0.035055,5.9169993
0.03506,5.9169993
0.035065,5.9169993
0.03507,5.9169993
0.035074998,5.9169993
0.03508,5.9169993
0.035085,5.9169993
0.03509,5.9169993
0.035095,5.9169993
0.035099998,5.9169993
0.035104997,5.9169993
0.03511,5.9169993
0.035115,5.9169993
0.03512,5.9169993
0.035125,5.9169993
0.035129998,5.9169993
0.035135,5.9169993
0.03514,5.9169993
0.035145,5.9169993
0.03515,5.9169993
0.035155,5.9169993
0.035159998,5.9169993
0.035165,5.9169993
0.03517,5.9169993
0.035175,5.9169993
0.03518,5.9169993
0.035184998,5.9169993
0.035189997,5.9169993
0.035195,5.9169993
0.0352,5.9169993
0.035205,5.9169993
0.03521,5.9169993
0.035214998,5.9169993
0.03522,5.9169993
0.035225,5.9169993
0.03523,5.9169993
0.035235,5.9169993
0.03524,5.9169993
0.035244998,5.9169993
0.03525,5.9169993
0.035255,5.9169993
0.03526,5.9169993
0.035265,5.9169993
0.035269998,5.9169993
0.035274997,5.9169993
0.03528,5.9169993
0.035285,5.9169993
0.03529,5.9169993
0.035295,5.9169993
0.035299998,5.9169993
0.035305,5.9169993
0.03531,5.9169993
0.035315,5.9169993
0.03532,5.9169993
0.035325,5.9169993
0.035329998,5.9169993
0.035335,5.9169993
0.03534,5.9169993
0.035345,5.9169993
0.03535,5.9169993
0.035354998,5.9169993
0.035359997,5.9169993
0.035365,5.9169993
0.03537,5.9169993
0.035375,5.9169993
0.03538,5.9169993
0.035384998,5.9169993
0.03539,5.9169993
0.035395,5.9169993
0.0354,5.9169993
0.035405,5.9169993
0.03541,5.9169993
0.035414997,5.9169993
0.03542,5.9169993
0.035425,5.9169993
0.03543,5.9169993
0.035435,5.9169993
0.035439998,5.9169993
0.035444997,5.9169993
0.03545,5.9169993
0.035455,5.9169993
0.03546,5.9169993
0.035465,5.9169993
0.035469998,5.9169993
0.035475,5.9169993
0.03548,5.9169993
0.035485,5.9169993
0.03549,5.9169993
0.035494998,5.9169993
0.035499997,5.9169993
0.035505,5.9169993
0.03551,5.9169993
0.035515,5.9169993
0.03552,5.9169993
0.035524998,5.9169993
0.03553,5.9169993
0.035535,5.9169993
0.03554,5.9169993
0.035545,5.9169993
0.03555,5.9169993
0.035554998,5.9169993
0.03556,5.9169993
0.035565,5.9169993
0.03557,5.9169993
0.035575,5.9169993
0.035579998,5.9169993
0.035584997,5.9169993
0.03559,5.9169993
0.035595,5.9169993
0.0356,5.9169993
0.035605,5.9169993
0.035609998,5.9169993
0.035615,5.9169993
0.03562,5.9169993
0.035625,5.9169993
0.03563,5.9169993
0.035635,5.9169993
0.035639998,5.9169993
0.035645,5.9169993
0.03565,5.9169993
0.035655,5.9169993
0.03566,5.9169993
0.035664998,5.9169993
0.035669997,5.9169993
0.035675,5.9169993
0.03568,5.9169993
0.035685,5.9169993
0.03569,5.9169993
0.035694998,5.9169993
0.0357,5.9169993
0.035705,5.9169993
0.03571,5.9169993
0.035715,5.9169993
0.03572,5.9169993
0.035724998,5.9169993
0.03573,5.9169993
0.035735,5.9169993
0.03574,5.9169993
0.035745,5.9169993
0.035749998,5.9169993
0.035754997,5.9169993
0.03576,5.9169993
0.035765,5.9169993
0.03577,5.9169993
0.035775,5.9169993
0.035779998,5.9169993
0.035785,5.9169993
0.03579,5.9169993
0.035795,5.9169993
0.0358,5.9169993
0.035804998,5.9169993
0.035809997,5.9169993
0.035815,5.9169993
0.03582,5.9169993
0.035825,5.9169993
0.03583,5.9169993
0.035834998,5.9169993
0.035839997,5.9169993
0.035845,5.9169993
0.03585,5.9169993
0.035855,5.9169993
0.03586,5.9169993
0.035864998,5.9169993
0.03587,5.9169993
0.035875,5.9169993
0.03588,5.9169993
0.035885,5.9169993
0.035889998,5.9169993
0.035894997,5.9169993
0.0359,5.9169993
0.035905,5.9169993
0.03591,5.9169993
0.035915,5.9169993
0.035919998,5.9169993
0.035925,5.9169993
0.03593,5.9169993
0.035935,5.9169993
0.03594,5.9169993
0.035945,5.9169993
0.035949998,5.9169993
0.035955,5.9169993
0.03596,5.9169993
0.035965,5.9169993
0.03597,5.9169993
0.035974998,5.9169993
0.035979997,5.9169993
0.035985,5.9169993
0.03599,5.9169993
0.035995,5.9169993
0.036,5.9169993
0.036004998,5.9169993
0.03601,5.9169993
0.036015,5.9169993
0.03602,5.9169993
0.036025,5.9169993
0.03603,5.9169993
0.036034998,5.9169993
0.03604,5.9169993
0.036045,5.9169993
0.03605,5.9169993
0.036055,5.9169993
0.036059998,5.9169993
0.036064997,5.9169993
0.03607,5.9169993
0.036075,5.9169993
0.03608,5.9169993
0.036085,5.9169993
0.036089998,5.9169993
0.036095,5.9169993
0.0361,5.9169993
0.036105,5.9169993
0.03611,5.9169993
0.036115,5.9169993
0.036119998,5.9169993
0.036125,5.9169993
0.03613,5.9169993
0.036135,5.9169993
0.03614,5.9169993
0.036144998,5.9169993
0.036149997,5.9169993
0.036155,5.9169993
0.03616,5.9169993
0.036165,5.9169993
0.03617,5.9169993
0.036174998,5.9169993
0.03618,5.9169993
0.036185,5.9169993
0.03619,5.9169993
0.036195,5.9169993
0.036199998,5.9169993
0.036204997,5.9169993
0.03621,5.9169993
0.036215,5.9169993
0.03622,5.9169993
0.036225,5.9169993
0.036229998,5.9169993
0.036235,5.9169993
0.03624,5.9169993
0.036245,5.9169993
0.03625,5.9169993
0.036255,5.9169993
0.036259998,5.9169993
0.036265,5.9169993
0.03627,5.9169993
0.036275,5.9169993
0.03628,5.9169993
0.036284998,5.9169993
0.036289997,5.9169993
0.036295,5.9169993
0.0363,5.9169993
0.036305,5.9169993
0.03631,5.9169993
0.036314998,5.9169993
0.03632,5.9169993
0.036325,5.9169993
0.03633,5.9169993
0.036335,5.9169993
0.03634,5.9169993
0.036344998,5.9169993
0.03635,5.9169993
0.036355,5.9169993
0.03636,5.9169993
0.036365,5.9169993
0.036369998,5.9169993
0.036374997,5.9169993
0.03638,5.9169993
0.036385,5.9169993
0.03639,5.9169993
0.036395,5.9169993
0.036399998,5.9169993
0.036405,5.9169993
0.03641,5.9169993
0.036415,5.9169993
0.03642,5.9169993
0.036425,5.9169993
0.036429998,5.9169993
0.036435,5.9169993
0.03644,5.9169993
0.036445,5.9169993
0.03645,5.9169993
0.036454998,5.9169993
0.036459997,5.9169993
0.036465,5.9169993
0.03647,5.9169993
0.036475,5.9169993
0.03648,5.9169993
0.036484998,5.9169993
0.03649,5.9169993
0.036495,5.9169993
0.0365,5.9169993
0.036505,5.9169993
0.03651,5.9169993
0.036514997,5.9169993
0.03652,5.9169993
0.036525,5.9169993
0.03653,5.9169993
0.036535,5.9169993
0.036539998,5.9169993
0.036544997,5.9169993
0.03655,5.9169993
0.036555,5.9169993
0.03656,5.9169993
0.036565,5.9169993
0.036569998,5.9169993
0.036575,5.9169993
0.03658,5.9169993
0.036585,5.9169993
0.03659,5.9169993
0.036594998,5.9169993
0.036599997,5.9169993
0.036605,5.9169993
0.03661,5.9169993
0.036615,5.9169993
0.03662,5.9169993
0.036624998,5.9169993
0.03663,5.9169993
0.036635,5.9169993
0.03664,5.9169993
0.036645,5.9169993
0.03665,5.9169993
0.036654998,5.9169993
0.03666,5.9169993
0.036665,5.9169993
0.03667,5.9169993
0.036675,5.9169993
0.036679998,5.9169993
0.036684997,5.9169993
0.03669,5.9169993
0.036695,5.9169993
0.0367,5.9169993
0.036705,5.9169993
0.036709998,5.9169993
0.036715,5.9169993
0.03672,5.9169993
0.036725,5.9169993
0.03673,5.9169993
0.036735,5.9169993
0.036739998,5.9169993
0.036745,5.9169993
0.03675,5.9169993
0.036755,5.9169993
0.03676,5.9169993
0.036764998,5.9169993
0.036769997,5.9169993
0.036775,5.9169993
0.03678,5.9169993
0.036785,5.9169993
0.03679,5.9169993
0.036794998,5.9169993
0.0368,5.9169993
0.036805,5.9169993
0.03681,5.9169993
0.036815,5.9169993
0.03682,5.9169993
0.036824998,5.9169993
0.03683,5.9169993
0.036835,5.9169993
0.03684,5.9169993
0.036845,5.9169993
0.036849998,5.9169993
0.036854997,5.9169993
0.03686,5.9169993
0.036865,5.9169993
0.03687,5.9169993
0.036875,5.9169993
0.036879998,5.9169993
0.036885,5.9169993
0.03689,5.9169993
0.036895,5.9169993
0.0369,5.9169993
0.036904998,5.9169993
0.036909997,5.9169993
0.036915,5.9169993
0.03692,5.9169993
0.036925,5.9169993
0.03693,5.9169993
0.036934998,5.9169993
0.036939997,5.9169993
0.036945,5.9169993
0.03695,5.9169993
0.036955,5.9169993
0.03696,5.9169993
0.036964998,5.9169993
0.03697,5.9169993
0.036975,5.9169993
0.03698,5.9169993
0.036985,5.9169993
0.036989998,5.9169993
0.036994997,5.9169993
0.037,5.9169993
0.037005,5.9169993
0.03701,5.9169993
0.037015,5.9169993
0.037019998,5.9169993
0.037025,5.9169993
0.03703,5.9169993
0.037035,5.9169993
0.03704,5.9169993
0.037045,5.9169993
0.037049998,5.9169993
0.037055,5.9169993
0.03706,5.9169993
0.037065,5.9169993
0.03707,5.9169993
0.037074998,5.9169993
0.037079997,5.9169993
0.037085,5.9169993
0.03709,5.9169993
0.037095,5.9169993
0.0371,5.9169993
0.037104998,5.9169993
0.03711,5.9169993
0.037115,5.9169993
0.03712,5.9169993
0.037125,5.9169993
0.03713,5.9169993
0.037134998,5.9169993
0.03714,5.9169993
0.037145,5.9169993
0.03715,5.9169993
0.037155,5.9169993
0.037159998,5.9169993
0.037164997,5.9169993
0.03717,5.9169993
0.037175,5.9169993
0.03718,5.9169993
0.037185,5.9169993
0.037189998,5.9169993
0.037195,5.9169993
0.0372,5.9169993
0.037205,5.9169993
0.03721,5.9169993
0.037215,5.9169993
0.037219997,5.9169993
0.037225,5.9169993
0.03723,5.9169993
0.037235,5.9169993
0.03724,5.9169993
0.037244998,5.9169993
0.037249997,5.9169993
0.037255,5.9169993
0.03726,5.9169993
0.037265,5.9169993
0.03727,5.9169993
0.037274998,5.9169993
0.03728,5.9169993
0.037285,5.9169993
0.03729,5.9169993
0.037295,5.9169993
0.037299998,5.9169993
0.037304997,5.9169993
0.03731,5.9169993
0.037315,5.9169993
0.03732,5.9169993
0.037325,5.9169993
0.037329998,5.9169993
0.037334997,5.9169993
0.03734,5.9169993
0.037345,5.9169993
0.03735,5.9169993
0.037355,5.9169993
0.037359998,5.9169993
0.037365,5.9169993
0.03737,5.9169993
0.037375,5.9169993
0.03738,5.9169993
0.037384998,5.9169993
0.037389997,5.9169993
0.037395,5.9169993
0.0374,5.9169993
0.037405,5.9169993
0.03741,5.9169993
0.037414998,5.9169993
0.03742,5.9169993
0.037425,5.9169993
0.03743,5.9169993
0.037435,5.9169993
0.03744,5.9169993
0.037444998,5.9169993
0.03745,5.9169993
0.037455,5.9169993
0.03746,5.9169993
0.037465,5.9169993
0.037469998,5.9169993
0.037474997,5.9169993
0.03748,5.9169993
0.037485,5.9169993
0.03749,5.9169993
0.037495,5.9169993
0.037499998,5.9169993
0.037505,5.9169993
0.03751,5.9169993
0.037515,5.9169993
0.03752,5.9169993
0.037525,5.9169993
0.037529998,5.9169993
0.037535,5.9169993
0.03754,5.9169993
0.037545,5.9169993
0.03755,5.9169993
0.037554998,5.9169993
0.037559997,5.9169993
0.037565,5.9169993
0.03757,5.9169993
0.037575,5.9169993
0.03758,5.9169993
0.037584998,5.9169993
0.03759,5.9169993
0.037595,5.9169993
0.0376,5.9169993
0.037605,5.9169993
0.037609998,5.9169993
0.037614997,5.9169993
0.03762,5.9169993
0.037625,5.9169993
0.03763,5.9169993
0.037635,5.9169993
0.037639998,5.9169993
0.037644997,5.9169993
0.03765,5.9169993
0.037655,5.9169993
0.03766,5.9169993
0.037665,5.9169993
0.037669998,5.9169993
0.037675,5.9169993
0.03768,5.9169993
0.037685,5.9169993
0.03769,5.9169993
0.037694998,5.9169993
0.037699997,5.9169993
0.037705,5.9169993
0.03771,5.9169993
0.037715,5.9169993
0.03772,5.9169993
0.037724998,5.9169993
0.037729997,5.9169993
0.037735,5.9169993
0.03774,5.9169993
0.037745,5.9169993
0.03775,5.9169993
0.037754998,5.9169993
0.03776,5.9169993
0.037765,5.9169993
0.03777,5.9169993
0.037775,5.9169993
0.037779998,5.9169993
0.037784997,5.9169993
0.03779,5.9169993
0.037795,5.9169993
0.0378,5.9169993
0.037805,5.9169993
0.037809998,5.9169993
0.037815,5.9169993
0.03782,5.9169993
0.037825,5.9169993
0.03783,5.9169993
0.037835,5.9169993
0.037839998,5.9169993
0.037845,5.9169993
0.03785,5.9169993
0.037855,5.9169993
0.03786,5.9169993
0.037864998,5.9169993
0.037869997,5.9169993
0.037875,5.9169993
0.03788,5.9169993
0.037885,5.9169993
0.03789,5.9169993
0.037894998,5.9169993
0.0379,5.9169993
0.037905,5.9169993
0.03791,5.9169993
0.037915,5.9169993
0.03792,5.9169993
0.037924998,5.9169993
0.03793,5.9169993
0.037935,5.9169993
0.03794,5.9169993
0.037945,5.9169993
0.037949998,5.9169993
0.037954997,5.9169993
0.03796,5.9169993
0.037965,5.9169993
0.03797,5.9169993
0.037975,5.9169993
0.037979998,5.9169993
0.037985,5.9169993
0.03799,5.9169993
0.037995,5.9169993
0.038,5.9169993
0.038004998,5.9169993
0.038009997,5.9169993
0.038015,5.9169993
0.03802,5.9169993
0.038025,5.9169993
0.03803,5.9169993
0.038034998,5.9169993
0.038039997,5.9169993
0.038045,5.9169993
0.03805,5.9169993
0.038055,5.9169993
0.03806,5.9169993
0.038064998,5.9169993
0.03807,5.9169993
0.038075,5.9169993
0.03808,5.9169993
0.038085,5.9169993
0.038089998,5.9169993
0.038094997,5.9169993
0.0381,5.9169993
0.038105,5.9169993
0.03811,5.9169993
0.038115,5.9169993
0.038119998,5.9169993
0.038125,5.9169993
0.03813,5.9169993
0.038135,5.9169993
0.03814,5.9169993
0.038145,5.9169993
0.038149998,5.9169993
0.038155,5.9169993
0.03816,5.9169993
0.038165,5.9169993
0.03817,5.9169993
0.038174998,5.9169993
0.038179997,5.9169993
0.038185,5.9169993
0.03819,5.9169993
0.038195,5.9169993
0.0382,5.9169993
0.038204998,5.9169993
0.03821,5.9169993
0.038215,5.9169993
0.03822,5.9169993
0.038225,5.9169993
0.03823,5.9169993
0.038234998,5.9169993
0.03824,5.9169993
0.038245,5.9169993
0.03825,5.9169993
0.038255,5.9169993
0.038259998,5.9169993
0.038264997,5.9169993
0.03827,5.9169993
0.038275,5.9169993
0.03828,5.9169993
0.038285,5.9169993
0.038289998,5.9169993
0.038295,5.9169993
0.0383,5.9169993
0.038305,5.9169993
0.03831,5.9169993
0.038315,5.9169993
0.038319997,5.9169993
0.038325,5.9169993
0.03833,5.9169993
0.038335,5.9169993
0.03834,5.9169993
0.038344998,5.9169993
0.038349997,5.9169993
0.038355,5.9169993
0.03836,5.9169993
0.038365,5.9169993
0.03837,5.9169993
0.038374998,5.9169993
0.03838,5.9169993
0.038385,5.9169993
0.03839,5.9169993
0.038395,5.9169993
0.038399998,5.9169993
0.038404997,5.9169993
0.03841,5.9169993
0.038415,5.9169993
0.03842,5.9169993
0.038425,5.9169993
0.038429998,5.9169993
0.038434997,5.9169993
0.03844,5.9169993
0.038445,5.9169993
0.03845,5.9169993
0.038455,5.9169993
0.038459998,5.9169993
0.038465,5.9169993
0.03847,5.9169993
0.038475,5.9169993
0.03848,5.9169993
0.038484998,5.9169993
0.038489997,5.9169993
0.038495,5.9169993
0.0385,5.9169993
0.038505,5.9169993
0.03851,5.9169993
0.038514998,5.9169993
0.03852,5.9169993
0.038525,5.9169993
0.03853,5.9169993
0.038535,5.9169993
0.03854,5.9169993
0.038544998,5.9169993
0.03855,5.9169993
0.038555,5.9169993
0.03856,5.9169993
0.038565,5.9169993
0.038569998,5.9169993
0.038574997,5.9169993
0.03858,5.9169993
0.038585,5.9169993
0.03859,5.9169993
0.038595,5.9169993
0.038599998,5.9169993
0.038605,5.9169993
0.03861,5.9169993
0.038615,5.9169993
0.03862,5.9169993
0.038625,5.9169993
0.038629998,5.9169993
0.038635,5.9169993
0.03864,5.9169993
0.038645,5.9169993
0.03865,5.9169993
0.038654998,5.9169993
0.038659997,5.9169993
0.038665,5.9169993
0.03867,5.9169993
0.038675,5.9169993
0.03868,5.9169993
0.038684998,5.9169993
0.03869,5.9169993
0.038695,5.9169993
0.0387,5.9169993
0.038705,5.9169993
0.038709998,5.9169993
0.038714997,5.9169993
0.03872,5.9169993
0.038725,5.9169993
0.03873,5.9169993
0.038735,5.9169993
0.038739998,5.9169993
0.038744997,5.9169993
0.03875,5.9169993
0.038755,5.9169993
0.03876,5.9169993
0.038765,5.9169993
0.038769998,5.9169993
0.038775,5.9169993
0.03878,5.9169993
0.038785,5.9169993
0.03879,5.9169993
0.038794998,5.9169993
0.038799997,5.9169993
0.038805,5.9169993
0.03881,5.9169993
0.038815,5.9169993
0.03882,5.9169993
0.038824998,5.9169993
0.038829997,5.9169993
0.038835,5.9169993
0.03884,5.9169993
0.038845,5.9169993
0.03885,5.9169993
0.038854998,5.9169993
0.03886,5.9169993
0.038865,5.9169993
0.03887,5.9169993
0.038875,5.9169993
0.038879998,5.9169993
0.038884997,5.9169993
0.03889,5.9169993
0.038895,5.9169993
0.0389,5.9169993
0.038905,5.9169993
0.038909998,5.9169993
0.038915,5.9169993
0.03892,5.9169993
0.038925,5.9169993
0.03893,5.9169993
0.038935,5.9169993
0.038939998,5.9169993
0.038945,5.9169993
0.03895,5.9169993
0.038955,5.9169993
0.03896,5.9169993
0.038964998,5.9169993
0.038969997,5.9169993
0.038975,5.9169993
0.03898,5.9169993
0.038985,5.9169993
0.03899,5.9169993
0.038994998,5.9169993
0.039,5.9169993
0.039005,5.9169993
0.03901,5.9169993
0.039015,5.9169993
0.03902,5.9169993
0.039024998,5.9169993
0.03903,5.9169993
0.039035,5.9169993
0.03904,5.9169993
0.039045,5.9169993
0.039049998,5.9169993
0.039054997,5.9169993
0.03906,5.9169993
0.039065,5.9169993
0.03907,5.9169993
0.039075,5.9169993
0.039079998,5.9169993
0.039085,5.9169993
0.03909,5.9169993
0.039095,5.9169993
0.0391,5.9169993
0.039104998,5.9169993
0.039109997,5.9169993
0.039115,5.9169993
0.03912,5.9169993
0.039125,5.9169993
0.03913,5.9169993
0.039134998,5.9169993
0.039139997,5.9169993
0.039145,5.9169993
0.03915,5.9169993
0.039155,5.9169993
0.03916,5.9169993
0.039164998,5.9169993
0.03917,5.9169993
0.039175,5.9169993
0.03918,5.9169993
0.039185,5.9169993
0.039189998,5.9169993
0.039194997,5.9169993
0.0392,5.9169993
0.039205,5.9169993
0.03921,5.9169993
0.039215,5.9169993
0.039219998,5.9169993
0.039224997,5.9169993
0.03923,5.9169993
0.039235,5.9169993
0.03924,5.9169993
0.039245,5.9169993
0.039249998,5.9169993
0.039255,5.9169993
0.03926,5.9169993
0.039265,5.9169993
0.03927,5.9169993
0.039274998,5.9169993
0.039279997,5.9169993
0.039285,5.9169993
0.03929,5.9169993
0.039295,5.9169993
0.0393,5.9169993
0.039304998,5.9169993
0.03931,5.9169993
0.039315,5.9169993
0.03932,5.9169993
0.039325,5.9169993
0.03933,5.9169993
0.039334998,5.9169993
0.03934,5.9169993
0.039345,5.9169993
0.03935,5.9169993
0.039355,5.9169993
0.039359998,5.9169993
0.039364997,5.9169993
0.03937,5.9169993
0.039375,5.9169993
0.03938,5.9169993
0.039385,5.9169993
0.039389998,5.9169993
0.039395,5.9169993
0.0394,5.9169993
0.039405,5.9169993
0.03941,5.9169993
0.039415,5.9169993
0.039419997,5.9169993
0.039425,5.9169993
0.03943,5.9169993
0.039435,5.9169993
0.03944,5.9169993
0.039444998,5.9169993
0.039449997,5.9169993
0.039455,5.9169993
0.03946,5.9169993
0.039465,5.9169993
0.03947,5.9169993
0.039474998,5.9169993
0.03948,5.9169993
0.039485,5.9169993
0.03949,5.9169993
0.039495,5.9169993
0.039499998,5.9169993
0.039504997,5.9169993
0.03951,5.9169993
0.039515,5.9169993
0.03952,5.9169993
0.039525,5.9169993
0.039529998,5.9169993
0.039534997,5.9169993
0.03954,5.9169993
0.039545,5.9169993
0.03955,5.9169993
0.039555,5.9169993
0.039559998,5.9169993
0.039565,5.9169993
0.03957,5.9169993
0.039575,5.9169993
0.03958,5.9169993
0.039584998,5.9169993
0.039589997,5.9169993
0.039595,5.9169993
0.0396,5.9169993
0.039605,5.9169993
0.03961,5.9169993
0.039614998,5.9169993
0.039619997,5.9169993
0.039625,5.9169993
0.03963,5.9169993
0.039635,5.9169993
0.03964,5.9169993
0.039644998,5.9169993
0.03965,5.9169993
0.039655,5.9169993
0.03966,5.9169993
0.039665,5.9169993
0.039669998,5.9169993
0.039674997,5.9169993
0.03968,5.9169993
0.039685,5.9169993
0.03969,5.9169993
0.039695,5.9169993
0.039699998,5.9169993
0.039705,5.9169993
0.03971,5.9169993
0.039715,5.9169993
0.03972,5.9169993
0.039725,5.9169993
0.039729998,5.9169993
0.039735,5.9169993
0.03974,5.9169993
0.039745,5.9169993
0.03975,5.9169993
0.039754998,5.9169993
0.039759997,5.9169993
0.039765,5.9169993
0.03977,5.9169993
0.039775,5.9169993
0.03978,5.9169993
0.039784998,5.9169993
0.03979,5.9169993
0.039795,5.9169993
0.0398,5.9169993
0.039805,5.9169993
0.039809998,5.9169993
0.039814997,5.9169993
0.03982,5.9169993
0.039825,5.9169993
0.03983,5.9169993
0.039835,5.9169993
0.039839998,5.9169993
0.039844997,5.9169993
0.03985,5.9169993
0.039855,5.9169993
0.03986,5.9169993
0.039865,5.9169993
0.039869998,5.9169993
0.039875,5.9169993
0.03988,5.9169993
0.039885,5.9169993
0.03989,5.9169993
0.039894998,5.9169993
0.039899997,5.9169993
0.039905,5.9169993
0.03991,5.9169993
0.039915,5.9169993
0.03992,5.9169993
0.039924998,5.9169993
0.039929997,5.9169993
0.039935,5.9169993
0.03994,5.9169993
0.039945,5.9169993
0.03995,5.9169993
0.039954998,5.9169993
0.03996,5.9169993
0.039965,5.9169993
0.03997,5.9169993
0.039975,5.9169993
0.039979998,5.9169993
0.039984997,5.9169993
0.03999,5.9169993
0.039995,5.9169993
0.04,5.9169993
0.040005,5.9169993
0.040009998,5.9169993
0.040015,5.9169993
0.04002,5.9169993
0.040025,5.9169993
0.04003,5.9169993
0.040035,5.9169993
0.040039998,5.9169993
0.040045,5.9169993
0.04005,5.9169993
0.040055,5.9169993
0.04006,5.9169993
0.040064998,5.9169993
0.040069997,5.9169993
0.040075,5.9169993
0.04008,5.9169993
0.040085,5.9169993
0.04009,5.9169993
0.040094998,5.9169993
0.0401,5.9169993
0.040105,5.9169993
0.04011,5.9169993
0.040115,5.9169993
0.04012,5.9169993
0.040124997,5.9169993
0.04013,5.9169993
0.040135,5.9169993
0.04014,5.9169993
0.040145,5.9169993
0.040149998,5.9169993
0.040154997,5.9169993
0.04016,5.9169993
0.040165,5.9169993
0.04017,5.9169993
0.040175,5.9169993
0.040179998,5.9169993
0.040185,5.9169993
0.04019,5.9169993
0.040195,5.9169993
0.0402,5.9169993
0.040204998,5.9169993
0.040209997,5.9169993
0.040215,5.9169993
0.04022,5.9169993
0.040225,5.9169993
0.04023,5.9169993
0.040234998,5.9169993
0.040239997,5.9169993
0.040245,5.9169993
0.04025,5.9169993
0.040255,5.9169993
0.04026,5.9169993
0.040264998,5.9169993
0.04027,5.9169993
0.040275,5.9169993
0.04028,5.9169993
0.040285,5.9169993
0.040289998,5.9169993
0.040294997,5.9169993
0.0403,5.9169993
0.040305,5.9169993
0.04031,5.9169993
0.040315,5.9169993
0.040319998,5.9169993
0.040324997,5.9169993
0.04033,5.9169993
0.040335,5.9169993
0.04034,5.9169993
0.040345,5.9169993
0.040349998,5.9169993
0.040355,5.9169993
0.04036,5.9169993
0.040365,5.9169993
0.04037,5.9169993
0.040374998,5.9169993
0.040379997,5.9169993
0.040385,5.9169993
0.04039,5.9169993
0.040395,5.9169993
0.0404,5.9169993
0.040404998,5.9169993
0.04041,5.9169993
0.040415,5.9169993
0.04042,5.9169993
0.040425,5.9169993
0.04043,5.9169993
0.040434998,5.9169993
0.04044,5.9169993
0.040445,5.9169993
0.04045,5.9169993
0.040455,5.9169993
0.040459998,5.9169993
0.040464997,5.9169993
0.04047,5.9169993
0.040475,5.9169993
0.04048,5.9169993
0.040485,5.9169993
0.040489998,5.9169993
0.040495,5.9169993
0.0405,5.9169993
0.040505,5.9169993
0.04051,5.9169993
0.040515,5.9169993
0.040519997,5.9169993
0.040525,5.9169993
0.04053,5.9169993
0.040535,5.9169993
0.04054,5.9169993
0.040544998,5.9169993
0.040549997,5.9169993
0.040555,5.9169993
0.04056,5.9169993
0.040565,5.9169993
0.04057,5.9169993
0.040574998,5.9169993
0.04058,5.9169993
0.040585,5.9169993
0.04059,5.9169993
0.040595,5.9169993
0.040599998,5.9169993
0.040604997,5.9169993
0.04061,5.9169993
0.040615,5.9169993
0.04062,5.9169993
0.040625,5.9169993
0.040629998,5.9169993
0.040634997,5.9169993
0.04064,5.9169993
0.040645,5.9169993
0.04065,5.9169993
0.040655,5.9169993
0.040659998,5.9169993
0.040665,5.9169993
0.04067,5.9169993
0.040675,5.9169993
0.04068,5.9169993
0.040684998,5.9169993
0.040689997,5.9169993
0.040695,5.9169993
0.0407,5.9169993
0.040705,5.9169993
0.04071,5.9169993
0.040714998,5.9169993
0.040719997,5.9169993
0.040725,5.9169993
0.04073,5.9169993
0.040735,5.9169993
0.04074,5.9169993
0.040744998,5.9169993
0.04075,5.9169993
0.040755,5.9169993
0.04076,5.9169993
0.040765,5.9169993
0.040769998,5.9169993
0.040774997,5.9169993
0.04078,5.9169993
0.040785,5.9169993
0.04079,5.9169993
0.040795,5.9169993
0.040799998,5.9169993
0.040805,5.9169993
0.04081,5.9169993
0.040815,5.9169993
0.04082,5.9169993
0.040825,5.9169993
0.040829998,5.9169993
0.040835,5.9169993
0.04084,5.9169993
0.040845,5.9169993
0.04085,5.9169993
0.040854998,5.9169993
0.040859997,5.9169993
0.040865,5.9169993
0.04087,5.9169993
0.040875,5.9169993
0.04088,5.9169993
0.040884998,5.9169993
0.04089,5.9169993
0.040895,5.9169993
0.0409,5.9169993
0.040905,5.9169993
0.040909998,5.9169993
0.040914997,5.9169993
0.04092,5.9169993
0.040925,5.9169993
0.04093,5.9169993
0.040935,5.9169993
0.040939998,5.9169993
0.040944997,5.9169993
0.04095,5.9169993
0.040955,5.9169993
0.04096,5.9169993
0.040965,5.9169993
0.040969998,5.9169993
0.040975,5.9169993
0.04098,5.9169993
0.040985,5.9169993
0.04099,5.9169993
0.040994998,5.9169993
0.040999997,5.9169993
0.041005,5.9169993
0.04101,5.9169993
0.041015,5.9169993
0.04102,5.9169993
0.041024998,5.9169993
0.041029997,5.9169993
0.041035,5.9169993
0.04104,5.9169993
0.041045,5.9169993
0.04105,5.9169993
0.041054998,5.9169993
0.04106,5.9169993
0.041065,5.9169993
0.04107,5.9169993
0.041075,5.9169993
0.041079998,5.9169993
0.041084997,5.9169993
0.04109,5.9169993
0.041095,5.9169993
0.0411,5.9169993
0.041105,5.9169993
0.041109998,5.9169993
0.041114997,5.9169993
0.04112,5.9169993
0.041125,5.9169993
0.04113,5.9169993
0.041135,5.9169993
0.041139998,5.9169993
0.041145,5.9169993
0.04115,5.9169993
0.041155,5.9169993
0.04116,5.9169993
0.041164998,5.9169993
0.041169997,5.9169993
0.041175,5.9169993
0.04118,5.9169993
0.041185,5.9169993
0.04119,5.9169993
0.041194998,5.9169993
0.0412,5.9169993
0.041205,5.9169993
0.04121,5.9169993
0.041215,5.9169993
0.04122,5.9169993
0.041224997,5.9169993
0.04123,5.9169993
0.041235,5.9169993
0.04124,5.9169993
0.041245,5.9169993
0.041249998,5.9169993
0.041254997,5.9169993
0.04126,5.9169993
0.041265,5.9169993
0.04127,5.9169993
0.041275,5.9169993
0.041279998,5.9169993
0.041285,5.9169993
0.04129,5.9169993
0.041295,5.9169993
0.0413,5.9169993
0.041304998,5.9169993
0.041309997,5.9169993
0.041315,5.9169993
0.04132,5.9169993
0.041325,5.9169993
0.04133,5.9169993
0.041334998,5.9169993
0.041339997,5.9169993
0.041345,5.9169993
0.04135,5.9169993
0.041355,5.9169993
0.04136,5.9169993
0.041364998,5.9169993
0.04137,5.9169993
0.041375,5.9169993
0.04138,5.9169993
0.041385,5.9169993
0.041389998,5.9169993
0.041394997,5.9169993
0.0414,5.9169993
0.041405,5.9169993
0.04141,5.9169993
0.041415,5.9169993
0.041419998,5.9169993
0.041424997,5.9169993
0.04143,5.9169993
0.041435,5.9169993
0.04144,5.9169993
0.041445,5.9169993
0.041449998,5.9169993
0.041455,5.9169993
0.04146,5.9169993
0.041465,5.9169993
0.04147,5.9169993
0.041474998,5.9169993
0.041479997,5.9169993
0.041485,5.9169993
0.04149,5.9169993
0.041495,5.9169993
0.0415,5.9169993
0.041504998,5.9169993
0.041509997,5.9169993
0.041515,5.9169993
0.04152,5.9169993
0.041525,5.9169993
0.04153,5.9169993
0.041534998,5.9169993
0.04154,5.9169993
0.041545,5.9169993
0.04155,5.9169993
0.041555,5.9169993
0.041559998,5.9169993
0.041564997,5.9169993
0.04157,5.9169993
0.041575,5.9169993
0.04158,5.9169993
0.041585,5.9169993
0.041589998,5.9169993
0.041595,5.9169993
0.0416,5.9169993
0.041605,5.9169993
0.04161,5.9169993
0.041614998,5.9169993
0.041619997,5.9169993
0.041625,5.9169993
0.04163,5.9169993
0.041635,5.9169993
0.04164,5.9169993
0.041644998,5.9169993
0.041649997,5.9169993
0.041655,5.9169993
0.04166,5.9169993
0.041665,5.9169993
0.04167,5.9169993
0.041674998,5.9169993
0.04168,5.9169993
0.041685,5.9169993
0.04169,5.9169993
0.041695,5.9169993
0.041699998,5.9169993
0.041704997,5.9169993
0.04171,5.9169993
0.041715,5.9169993
0.04172,5.9169993
0.041725,5.9169993
0.041729998,5.9169993
0.041734997,5.9169993
0.04174,5.9169993
0.041745,5.9169993
0.04175,5.9169993
0.041755,5.9169993
0.041759998,5.9169993
0.041765,5.9169993
0.04177,5.9169993
0.041775,5.9169993
0.04178,5.9169993
0.041784998,5.9169993
0.041789997,5.9169993
0.041795,5.9169993
0.0418,5.9169993
0.041805,5.9169993
0.04181,5.9169993
0.041814998,5.9169993
0.041819997,5.9169993
0.041825,5.9169993
0.04183,5.9169993
0.041835,5.9169993
0.04184,5.9169993
0.041844998,5.9169993
0.04185,5.9169993
0.041855,5.9169993
0.04186,5.9169993
0.041865,5.9169993
0.041869998,5.9169993
0.041874997,5.9169993
0.04188,5.9169993
0.041885,5.9169993
0.04189,5.9169993
0.041895,5.9169993
0.041899998,5.9169993
0.041904997,5.9169993
0.04191,5.9169993
0.041915,5.9169993
0.04192,5.9169993
0.041925,5.9169993
0.041929998,5.9169993
0.041935,5.9169993
0.04194,5.9169993
0.041945,5.9169993
0.04195,5.9169993
0.041954998,5.9169993
0.041959997,5.9169993
0.041965,5.9169993
0.04197,5.9169993
0.041975,5.9169993
0.04198,5.9169993
0.041984998,5.9169993
0.04199,5.9169993
0.041995,5.9169993
0.042,5.9169993
0.042005,5.9169993
0.042009998,5.9169993
0.042014997,5.9169993
0.04202,5.9169993
0.042025,5.9169993
0.04203,5.9169993
0.042035,5.9169993
0.042039998,5.9169993
0.042044997,5.9169993
0.04205,5.9169993
0.042055,5.9169993
0.04206,5.9169993
0.042065,5.9169993
0.042069998,5.9169993
0.042075,5.9169993
0.04208,5.9169993
0.042085,5.9169993
0.04209,5.9169993
0.042094998,5.9169993
0.042099997,5.9169993
0.042105,5.9169993
0.04211,5.9169993
0.042115,5.9169993
0.04212,5.9169993
0.042124998,5.9169993
0.042129997,5.9169993
0.042135,5.9169993
0.04214,5.9169993
0.042145,5.9169993
0.04215,5.9169993
0.042154998,5.9169993
0.04216,5.9169993
0.042165,5.9169993
0.04217,5.9169993
0.042175,5.9169993
0.042179998,5.9169993
0.042184997,5.9169993
0.04219,5.9169993
0.042195,5.9169993
0.0422,5.9169993
0.042205,5.9169993
0.042209998,5.9169993
0.042214997,5.9169993
0.04222,5.9169993
0.042225,5.9169993
0.04223,5.9169993
0.042235,5.9169993
0.042239998,5.9169993
0.042245,5.9169993
0.04225,5.9169993
0.042255,5.9169993
0.04226,5.9169993
0.042264998,5.9169993
0.042269997,5.9169993
0.042275,5.9169993
0.04228,5.9169993
0.042285,5.9169993
0.04229,5.9169993
0.042294998,5.9169993
0.0423,5.9169993
0.042305,5.9169993
0.04231,5.9169993
0.042315,5.9169993
0.04232,5.9169993
0.042324997,5.9169993
0.04233,5.9169993
0.042335,5.9169993
0.04234,5.9169993
0.042345,5.9169993
0.042349998,5.9169993
0.042354997,5.9169993
0.04236,5.9169993
0.042365,5.9169993
0.04237,5.9169993
0.042375,5.9169993
0.042379998,5.9169993
0.042385,5.9169993
0.04239,5.9169993
0.042395,5.9169993
0.0424,5.9169993
0.042404998,5.9169993
0.042409997,5.9169993
0.042415,5.9169993
0.04242,5.9169993
0.042425,5.9169993
0.04243,5.9169993
0.042434998,5.9169993
0.042439997,5.9169993
0.042445,5.9169993
0.04245,5.9169993
0.042455,5.9169993
0.04246,5.9169993
0.042464998,5.9169993
0.04247,5.9169993
0.042475,5.9169993
0.04248,5.9169993
0.042485,5.9169993
0.042489998,5.9169993
0.042494997,5.9169993
0.0425,5.9169993
0.042505,5.9169993
0.04251,5.9169993
0.042515,5.9169993
0.042519998,5.9169993
0.042524997,5.9169993
0.04253,5.9169993
0.042535,5.9169993
0.04254,5.9169993
0.042545,5.9169993
0.042549998,5.9169993
0.042555,5.9169993
0.04256,5.9169993
0.042565,5.9169993
0.04257,5.9169993
0.042574998,5.9169993
0.042579997,5.9169993
0.042585,5.9169993
0.04259,5.9169993
0.042595,5.9169993
0.0426,5.9169993
0.042604998,5.9169993
0.042609997,5.9169993
0.042615,5.9169993
0.04262,5.9169993
0.042625,5.9169993
0.04263,5.9169993
0.042634998,5.9169993
0.04264,5.9169993
0.042645,5.9169993
0.04265,5.9169993
0.042655,5.9169993
0.042659998,5.9169993
0.042664997,5.9169993
0.04267,5.9169993
0.042675,5.9169993
0.04268,5.9169993
0.042685,5.9169993
0.042689998,5.9169993
0.042695,5.9169993
0.0427,5.9169993
0.042705,5.9169993
0.04271,5.9169993
0.042714998,5.9169993
0.042719997,5.9169993
0.042725,5.9169993
0.04273,5.9169993
0.042735,5.9169993
0.04274,5.9169993
0.042744998,5.9169993
0.042749997,5.9169993
0.042755,5.9169993
0.04276,5.9169993
0.042765,5.9169993
0.04277,5.9169993
0.042774998,5.9169993
0.04278,5.9169993
0.042785,5.9169993
0.04279,5.9169993
0.042795,5.9169993
0.042799998,5.9169993
0.042804997,5.9169993
0.04281,5.9169993
0.042815,5.9169993
0.04282,5.9169993
0.042825,5.9169993
0.042829998,5.9169993
0.042834997,5.9169993
0.04284,5.9169993
0.042845,5.9169993
0.04285,5.9169993
0.042855,5.9169993
0.042859998,5.9169993
0.042865,5.9169993
0.04287,5.9169993
0.042875,5.9169993
0.04288,5.9169993
0.042884998,5.9169993
0.042889997,5.9169993
0.042895,5.9169993
0.0429,5.9169993
0.042905,5.9169993
0.04291,5.9169993
0.042914998,5.9169993
0.042919997,5.9169993
0.042925,5.9169993
0.04293,5.9169993
0.042935,5.9169993
0.04294,5.9169993
0.042944998,5.9169993
0.04295,5.9169993
0.042955,5.9169993
0.04296,5.9169993
0.042965,5.9169993
0.042969998,5.9169993
0.042974997,5.9169993
0.04298,5.9169993
0.042985,5.9169993
0.04299,5.9169993
0.042995,5.9169993
0.042999998,5.9169993
0.043004997,5.9169993
0.04301,5.9169993
0.043015,5.9169993
0.04302,5.9169993
0.043025,5.9169993
0.043029997,5.9169993
0.043035,5.9169993
0.04304,5.9169993
0.043045,5.9169993
0.04305,5.9169993
0.043054998,5.9169993
0.043059997,5.9169993
0.043065,5.9169993
0.04307,5.9169993
0.043075,5.9169993
0.04308,5.9169993
0.043084998,5.9169993
0.04309,5.9169993
0.043095,5.9169993
0.0431,5.9169993
0.043105,5.9169993
0.043109998,5.9169993
0.043114997,5.9169993
0.04312,5.9169993
0.043125,5.9169993
0.04313,5.9169993
0.043135,5.9169993
0.043139998,5.9169993
0.043144997,5.9169993
0.04315,5.9169993
0.043155,5.9169993
0.04316,5.9169993
0.043165,5.9169993
0.043169998,5.9169993
0.043175,5.9169993
0.04318,5.9169993
0.043185,5.9169993
0.04319,5.9169993
0.043194998,5.9169993
0.043199997,5.9169993
0.043205,5.9169993
0.04321,5.9169993
0.043215,5.9169993
0.04322,5.9169993
0.043224998,5.9169993
0.043229997,5.9169993
0.043235,5.9169993
0.04324,5.9169993
0.043245,5.9169993
0.04325,5.9169993
0.043254998,5.9169993
0.04326,5.9169993
0.043265,5.9169993
0.04327,5.9169993
0.043275,5.9169993
0.043279998,5.9169993
0.043284997,5.9169993
0.04329,5.9169993
0.043295,5.9169993
0.0433,5.9169993
0.043305,5.9169993
0.043309998,5.9169993
0.043314997,5.9169993
0.04332,5.9169993
0.043325,5.9169993
0.04333,5.9169993
0.043335,5.9169993
0.043339998,5.9169993
0.043345,5.9169993
0.04335,5.9169993
0.043355,5.9169993
0.04336,5.9169993
0.043364998,5.9169993
0.043369997,5.9169993
0.043375,5.9169993
0.04338,5.9169993
0.043385,5.9169993
0.04339,5.9169993
0.043394998,5.9169993
0.043399997,5.9169993
0.043405,5.9169993
0.04341,5.9169993
0.043415,5.9169993
0.04342,5.9169993
0.043424997,5.9169993
0.04343,5.9169993
0.043435,5.9169993
0.04344,5.9169993
0.043445,5.9169993
0.043449998,5.9169993
0.043454997,5.9169993
0.04346,5.9169993
0.043465,5.9169993
0.04347,5.9169993
0.043475,5.9169993
0.043479998,5.9169993
0.043485,5.9169993
0.04349,5.9169993
0.043495,5.9169993
0.0435,5.9169993
0.043504998,5.9169993
0.043509997,5.9169993
0.043515,5.9169993
0.04352,5.9169993
0.043525,5.9169993
0.04353,5.9169993
0.043534998,5.9169993
0.043539997,5.9169993
0.043545,5.9169993
0.04355,5.9169993
0.043555,5.9169993
0.04356,5.9169993
0.043564998,5.9169993
0.04357,5.9169993
0.043575,5.9169993
0.04358,5.9169993
0.043585,5.9169993
0.043589998,5.9169993
0.043594997,5.9169993
0.0436,5.9169993
0.043605,5.9169993
0.04361,5.9169993
0.043615,5.9169993
0.043619998,5.9169993
0.043624997,5.9169993
0.04363,5.9169993
0.043635,5.9169993
0.04364,5.9169993
0.043645,5.9169993
0.043649998,5.9169993
0.043655,5.9169993
0.04366,5.9169993
0.043665,5.9169993
0.04367,5.9169993
0.043674998,5.9169993
0.043679997,5.9169993
0.043685,5.9169993
0.04369,5.9169993
0.043695,5.9169993
0.0437,5.9169993
0.043704998,5.9169993
0.043709997,5.9169993
0.043715,5.9169993
0.04372,5.9169993
0.043725,5.9169993
0.04373,5.9169993
0.043734998,5.9169993
0.04374,5.9169993
0.043745,5.9169993
0.04375,5.9169993
0.043755,5.9169993
0.043759998,5.9169993
0.043764997,5.9169993
0.04377,5.9169993
0.043775,5.9169993
0.04378,5.9169993
0.043785,5.9169993
0.043789998,5.9169993
0.043794997,5.9169993
0.0438,5.9169993
0.043805,5.9169993
0.04381,5.9169993
0.043814998,5.9169993
0.043819997,5.9169993
0.043825,5.9169993
0.04383,5.9169993
0.043835,5.9169993
0.04384,5.9169993
0.043844998,5.9169993
0.043849997,5.9169993
0.043855,5.9169993
0.04386,5.9169993
0.043865,5.9169993
0.04387,5.9169993
0.043874998,5.9169993
0.04388,5.9169993
0.043885,5.9169993
0.04389,5.9169993
0.043895,5.9169993
0.043899998,5.9169993
0.043904997,5.9169993
0.04391,5.9169993
0.043915,5.9169993
0.04392,5.9169993
0.043925,5.9169993
0.043929998,5.9169993
0.043934997,5.9169993
0.04394,5.9169993
0.043945,5.9169993
0.04395,5.9169993
0.043955,5.9169993
0.043959998,5.9169993
0.043965,5.9169993
0.04397,5.9169993
0.043975,5.9169993
0.04398,5.9169993
0.043984998,5.9169993
0.043989997,5.9169993
0.043995,5.9169993
0.044,5.9169993
0.044005,5.9169993
0.04401,5.9169993
0.044014998,5.9169993
0.044019997,5.9169993
0.044025,5.9169993
0.04403,5.9169993
0.044035,5.9169993
0.04404,5.9169993
0.044044998,5.9169993
0.04405,5.9169993
0.044055,5.9169993
0.04406,5.9169993
0.044065,5.9169993
0.044069998,5.9169993
0.044074997,5.9169993
0.04408,5.9169993
0.044085,5.9169993
0.04409,5.9169993
0.044095,5.9169993
0.044099998,5.9169993
0.044104997,5.9169993
0.04411,5.9169993
0.044115,5.9169993
0.04412,5.9169993
0.044125,5.9169993
0.044129997,5.9169993
0.044135,5.9169993
0.04414,5.9169993
0.044145,5.9169993
0.04415,5.9169993
0.044154998,5.9169993
0.044159997,5.9169993
0.044165,5.9169993
0.04417,5.9169993
0.044175,5.9169993
0.04418,5.9169993
0.044184998,5.9169993
0.04419,5.9169993
0.044195,5.9169993
0.0442,5.9169993
0.044205,5.9169993
0.044209998,5.9169993
0.044214997,5.9169993
0.04422,5.9169993
0.044225,5.9169993
0.04423,5.9169993
0.044235,5.9169993
0.044239998,5.9169993
0.044244997,5.9169993
0.04425,5.9169993
0.044255,5.9169993
0.04426,5.9169993
0.044265,5.9169993
0.044269998,5.9169993
0.044275,5.9169993
0.04428,5.9169993
0.044285,5.9169993
0.04429,5.9169993
0.044294998,5.9169993
0.044299997,5.9169993
0.044305,5.9169993
0.04431,5.9169993
0.044315,5.9169993
0.04432,5.9169993
0.044324998,5.9169993
0.044329997,5.9169993
0.044335,5.9169993
0.04434,5.9169993
0.044345,5.9169993
0.04435,5.9169993
0.044354998,5.9169993
0.04436,5.9169993
0.044365,5.9169993
0.04437,5.9169993
0.044375,5.9169993
0.044379998,5.9169993
0.044384997,5.9169993
0.04439,5.9169993
0.044395,5.9169993
0.0444,5.9169993
0.044405,5.9169993
0.044409998,5.9169993
0.044414997,5.9169993
0.04442,5.9169993
0.044425,5.9169993
0.04443,5.9169993
0.044435,5.9169993
0.044439998,5.9169993
0.044445,5.9169993
0.04445,5.9169993
0.044455,5.9169993
0.04446,5.9169993
0.044464998,5.9169993
0.044469997,5.9169993
0.044475,5.9169993
0.04448,5.9169993
0.044485,5.9169993
0.04449,5.9169993
0.044494998,5.9169993
0.044499997,5.9169993
0.044505,5.9169993
0.04451,5.9169993
0.044515,5.9169993
0.044519998,5.9169993
0.044524997,5.9169993
0.04453,5.9169993
0.044535,5.9169993
0.04454,5.9169993
0.044545,5.9169993
0.044549998,5.9169993
0.044554997,5.9169993
0.04456,5.9169993
0.044565,5.9169993
0.04457,5.9169993
0.044575,5.9169993
0.044579998,5.9169993
0.044585,5.9169993
0.04459,5.9169993
0.044595,5.9169993
0.0446,5.9169993
0.044604998,5.9169993
0.044609997,5.9169993
0.044615,5.9169993
0.04462,5.9169993
0.044625,5.9169993
0.04463,5.9169993
0.044634998,5.9169993
0.044639997,5.9169993
0.044645,5.9169993
0.04465,5.9169993
0.044655,5.9169993
0.04466,5.9169993
0.044664998,5.9169993
0.04467,5.9169993
0.044675,5.9169993
0.04468,5.9169993
0.044685,5.9169993
0.044689998,5.9169993
0.044694997,5.9169993
0.0447,5.9169993
0.044705,5.9169993
0.04471,5.9169993
0.044715,5.9169993
0.044719998,5.9169993
0.044724997,5.9169993
0.04473,5.9169993
0.044735,5.9169993
0.04474,5.9169993
0.044745,5.9169993
0.044749998,5.9169993
0.044755,5.9169993
0.04476,5.9169993
0.044765,5.9169993
0.04477,5.9169993
0.044774998,5.9169993
0.044779997,5.9169993
0.044785,5.9169993
0.04479,5.9169993
0.044795,5.9169993
0.0448,5.9169993
0.044804998,5.9169993
0.044809997,5.9169993
0.044815,5.9169993
0.04482,5.9169993
0.044825,5.9169993
0.04483,5.9169993
0.044834998,5.9169993
0.04484,5.9169993
0.044845,5.9169993
0.04485,5.9169993
0.044855,5.9169993
0.044859998,5.9169993
0.044864997,5.9169993
0.04487,5.9169993
0.044875,5.9169993
0.04488,5.9169993
0.044885,5.9169993
0.044889998,5.9169993
0.044894997,5.9169993
0.0449,5.9169993
0.044905,5.9169993
0.04491,5.9169993
0.044914998,5.9169993
0.044919997,5.9169993
0.044925,5.9169993
0.04493,5.9169993
0.044935,5.9169993
0.04494,5.9169993
0.044944998,5.9169993
0.044949997,5.9169993
0.044955,5.9169993
0.04496,5.9169993
0.044965,5.9169993
0.04497,5.9169993
0.044974998,5.9169993
0.04498,5.9169993
0.044985,5.9169993
0.04499,5.9169993
0.044995,5.9169993
0.044999998,5.9169993
0.045004997,5.9169993
0.04501,5.9169993
0.045015,5.9169993
0.04502,5.9169993
0.045025,5.9169993
0.045029998,5.9169993
0.045034997,5.9169993
0.04504,5.9169993
0.045045,5.9169993
0.04505,5.9169993
0.045055,5.9169993
0.045059998,5.9169993
0.045065,5.9169993
0.04507,5.9169993
0.045075,5.9169993
0.04508,5.9169993
0.045084998,5.9169993
0.045089997,5.9169993
0.045095,5.9169993
0.0451,5.9169993
0.045105,5.9169993
0.04511,5.9169993
0.045114998,5.9169993
0.045119997,5.9169993
0.045125,5.9169993
0.04513,5.9169993
0.045135,5.9169993
0.04514,5.9169993
0.045144998,5.9169993
0.04515,5.9169993
0.045155,5.9169993
0.04516,5.9169993
0.045165,5.9169993
0.045169998,5.9169993
0.045174997,5.9169993
0.04518,5.9169993
0.045185,5.9169993
0.04519,5.9169993
0.045195,5.9169993
0.045199998,5.9169993
0.045204997,5.9169993
0.04521,5.9169993
0.045215,5.9169993
0.04522,5.9169993
0.045225,5.9169993
0.045229997,5.9169993
0.045235,5.9169993
0.04524,5.9169993
0.045245,5.9169993
0.04525,5.9169993
0.045254998,5.9169993
0.045259997,5.9169993
0.045265,5.9169993
0.04527,5.9169993
0.045275,5.9169993
0.04528,5.9169993
0.045284998,5.9169993
0.045289997,5.9169993
0.045295,5.9169993
0.0453,5.9169993
0.045305,5.9169993
0.045309998,5.9169993
0.045314997,5.9169993
0.04532,5.9169993
0.045325,5.9169993
0.04533,5.9169993
0.045335,5.9169993
0.045339998,5.9169993
0.045344997,5.9169993
0.04535,5.9169993
0.045355,5.9169993
0.04536,5.9169993
0.045365,5.9169993
0.045369998,5.9169993
0.045375,5.9169993
0.04538,5.9169993
0.045385,5.9169993
0.04539,5.9169993
0.045394998,5.9169993
0.045399997,5.9169993
0.045405,5.9169993
0.04541,5.9169993
0.045415,5.9169993
0.04542,5.9169993
0.045424998,5.9169993
0.045429997,5.9169993
0.045435,5.9169993
0.04544,5.9169993
0.045445,5.9169993
0.04545,5.9169993
0.045454998,5.9169993
0.04546,5.9169993
0.045465,5.9169993
0.04547,5.9169993
0.045475,5.9169993
0.045479998,5.9169993
0.045484997,5.9169993
0.04549,5.9169993
0.045495,5.9169993
0.0455,5.9169993
0.045505,5.9169993
0.045509998,5.9169993
0.045514997,5.9169993
0.04552,5.9169993
0.045525,5.9169993
0.04553,5.9169993
0.045535,5.9169993
0.045539998,5.9169993
0.045545,5.9169993
0.04555,5.9169993
0.045555,5.9169993
0.04556,5.9169993
0.045564998,5.9169993
0.045569997,5.9169993
0.045575,5.9169993
0.04558,5.9169993
0.045585,5.9169993
0.04559,5.9169993
0.045594998,5.9169993
0.045599997,5.9169993
0.045605,5.9169993
0.04561,5.9169993
0.045615,5.9169993
0.045619998,5.9169993
0.045624997,5.9169993
0.04563,5.9169993
0.045635,5.9169993
0.04564,5.9169993
0.045645,5.9169993
0.045649998,5.9169993
0.045654997,5.9169993
0.04566,5.9169993
0.045665,5.9169993
0.04567,5.9169993
0.045675,5.9169993
0.045679998,5.9169993
0.045684997,5.9169993
0.04569,5.9169993
0.045695,5.9169993
0.0457,5.9169993
0.045704998,5.9169993
0.045709997,5.9169993
0.045715,5.9169993
0.04572,5.9169993
0.045725,5.9169993
0.04573,5.9169993
0.045734998,5.9169993
0.045739997,5.9169993
0.045745,5.9169993
0.04575,5.9169993
0.045755,5.9169993
0.04576,5.9169993
0.045764998,5.9169993
0.04577,5.9169993
0.045775,5.9169993
0.04578,5.9169993
0.045785,5.9169993
0.045789998,5.9169993
0.045794997,5.9169993
0.0458,5.9169993
0.045805,5.9169993
0.04581,5.9169993
0.045815,5.9169993
0.045819998,5.9169993
0.045824997,5.9169993
0.04583,5.9169993
0.045835,5.9169993
0.04584,5.9169993
0.045845,5.9169993
0.045849998,5.9169993
0.045855,5.9169993
0.04586,5.9169993
0.045865,5.9169993
0.04587,5.9169993
0.045874998,5.9169993
0.045879997,5.9169993
0.045885,5.9169993
0.04589,5.9169993
0.045895,5.9169993
0.0459,5.9169993
0.045904998,5.9169993
0.045909997,5.9169993
0.045915,5.9169993
0.04592,5.9169993
0.045925,5.9169993
0.04593,5.9169993
0.045934997,5.9169993
0.04594,5.9169993
0.045945,5.9169993
0.04595,5.9169993
0.045955,5.9169993
0.045959998,5.9169993
0.045964997,5.9169993
0.04597,5.9169993
0.045975,5.9169993
0.04598,5.9169993
0.045985,5.9169993
0.045989998,5.9169993
0.045994997,5.9169993
0.046,5.9169993
0.046005,5.9169993
0.04601,5.9169993
0.046014998,5.9169993
0.046019997,5.9169993
0.046025,5.9169993
0.04603,5.9169993
0.046035,5.9169993
0.04604,5.9169993
0.046044998,5.9169993
0.046049997,5.9169993
0.046055,5.9169993
0.04606,5.9169993
0.046065,5.9169993
0.04607,5.9169993
0.046074998,5.9169993
0.04608,5.9169993
0.046085,5.9169993
0.04609,5.9169993
0.046095,5.9169993
0.046099998,5.9169993
0.046104997,5.9169993
0.04611,5.9169993
0.046115,5.9169993
0.04612,5.9169993
0.046125,5.9169993
0.046129998,5.9169993
0.046134997,5.9169993
0.04614,5.9169993
0.046145,5.9169993
0.04615,5.9169993
0.046155,5.9169993
0.046159998,5.9169993
0.046165,5.9169993
0.04617,5.9169993
0.046175,5.9169993
0.04618,5.9169993
0.046184998,5.9169993
0.046189997,5.9169993
0.046195,5.9169993
0.0462,5.9169993
0.046205,5.9169993
0.04621,5.9169993
0.046214998,5.9169993
0.046219997,5.9169993
0.046225,5.9169993
0.04623,5.9169993
0.046235,5.9169993
0.04624,5.9169993
0.046244998,5.9169993
0.04625,5.9169993
0.046255,5.9169993
0.04626,5.9169993
0.046265,5.9169993
0.046269998,5.9169993
0.046274997,5.9169993
0.04628,5.9169993
0.046285,5.9169993
0.04629,5.9169993
0.046295,5.9169993
0.046299998,5.9169993
0.046304997,5.9169993
0.04631,5.9169993
0.046315,5.9169993
0.04632,5.9169993
0.046325,5.9169993
0.046329997,5.9169993
0.046335,5.9169993
0.04634,5.9169993
0.046345,5.9169993
0.04635,5.9169993
0.046354998,5.9169993
0.046359997,5.9169993
0.046365,5.9169993
0.04637,5.9169993
0.046375,5.9169993
0.04638,5.9169993
0.046384998,5.9169993
0.046389997,5.9169993
0.046395,5.9169993
0.0464,5.9169993
0.046405,5.9169993
0.046409998,5.9169993
0.046414997,5.9169993
0.04642,5.9169993
0.046425,5.9169993
0.04643,5.9169993
0.046435,5.9169993
0.046439998,5.9169993
0.046444997,5.9169993
0.04645,5.9169993
0.046455,5.9169993
0.04646,5.9169993
0.046465,5.9169993
0.046469998,5.9169993
0.046475,5.9169993
0.04648,5.9169993
0.046485,5.9169993
0.04649,5.9169993
0.046494998,5.9169993
0.046499997,5.9169993
0.046505,5.9169993
0.04651,5.9169993
0.046515,5.9169993
0.04652,5.9169993
0.046524998,5.9169993
0.046529997,5.9169993
0.046535,5.9169993
0.04654,5.9169993
0.046545,5.9169993
0.04655,5.9169993
0.046554998,5.9169993
0.04656,5.9169993
0.046565,5.9169993
0.04657,5.9169993
0.046575,5.9169993
0.046579998,5.9169993
0.046584997,5.9169993
0.04659,5.9169993
0.046595,5.9169993
0.0466,5.9169993
0.046605,5.9169993
0.046609998,5.9169993
0.046614997,5.9169993
0.04662,5.9169993
0.046625,5.9169993
0.04663,5.9169993
0.046635,5.9169993
0.046639998,5.9169993
0.046645,5.9169993
0.04665,5.9169993
0.046655,5.9169993
0.04666,5.9169993
0.046664998,5.9169993
0.046669997,5.9169993
0.046675,5.9169993
0.04668,5.9169993
0.046685,5.9169993
0.04669,5.9169993
0.046694998,5.9169993
0.046699997,5.9169993
0.046705,5.9169993
0.04671,5.9169993
0.046715,5.9169993
0.046719998,5.9169993
0.046724997,5.9169993
0.04673,5.9169993
0.046735,5.9169993
0.04674,5.9169993
0.046745,5.9169993
0.046749998,5.9169993
0.046754997,5.9169993
0.04676,5.9169993
0.046765,5.9169993
0.04677,5.9169993
0.046775,5.9169993
0.046779998,5.9169993
0.046784997,5.9169993
0.04679,5.9169993
0.046795,5.9169993
0.0468,5.9169993
0.046804998,5.9169993
0.046809997,5.9169993
0.046815,5.9169993
0.04682,5.9169993
0.046825,5.9169993
0.04683,5.9169993
0.046834998,5.9169993
0.046839997,5.9169993
0.046845,5.9169993
0.04685,5.9169993
0.046855,5.9169993
0.04686,5.9169993
0.046864998,5.9169993
0.04687,5.9169993
0.046875,5.9169993
0.04688,5.9169993
0.046885,5.9169993
0.046889998,5.9169993
0.046894997,5.9169993
0.0469,5.9169993
0.046905,5.9169993
0.04691,5.9169993
0.046915,5.9169993
0.046919998,5.9169993
0.046924997,5.9169993
0.04693,5.9169993
0.046935,5.9169993
0.04694,5.9169993
0.046945,5.9169993
0.046949998,5.9169993
0.046955,5.9169993
0.04696,5.9169993
0.046965,5.9169993
0.04697,5.9169993
0.046974998,5.9169993
0.046979997,5.9169993
0.046985,5.9169993
0.04699,5.9169993
0.046995,5.9169993
0.047,5.9169993
0.047004998,5.9169993
0.047009997,5.9169993
0.047015,5.9169993
0.04702,5.9169993
0.047025,5.9169993
0.04703,5.9169993
0.047034997,5.9169993
0.04704,5.9169993
0.047045,5.9169993
0.04705,5.9169993
0.047055,5.9169993
0.047059998,5.9169993
0.047064997,5.9169993
0.04707,5.9169993
0.047075,5.9169993
0.04708,5.9169993
0.047085,5.9169993
0.047089998,5.9169993
0.047094997,5.9169993
0.0471,5.9169993
0.047105,5.9169993
0.04711,5.9169993
0.047114998,5.9169993
0.047119997,5.9169993
0.047125,5.9169993
0.04713,5.9169993
0.047135,5.9169993
0.04714,5.9169993
0.047144998,5.9169993
0.047149997,5.9169993
0.047155,5.9169993
0.04716,5.9169993
0.047165,5.9169993
0.04717,5.9169993
0.047174998,5.9169993
0.047179997,5.9169993
0.047185,5.9169993
0.04719,5.9169993
0.047195,5.9169993
0.047199998,5.9169993
0.047204997,5.9169993
0.04721,5.9169993
0.047215,5.9169993
0.04722,5.9169993
0.047225,5.9169993
0.047229998,5.9169993
0.047234997,5.9169993
0.04724,5.9169993
0.047245,5.9169993
0.04725,5.9169993
0.047255,5.9169993
0.047259998,5.9169993
0.047265,5.9169993
0.04727,5.9169993
0.047275,5.9169993
0.04728,5.9169993
0.047284998,5.9169993
0.047289997,5.9169993
0.047295,5.9169993
0.0473,5.9169993
0.047305,5.9169993
0.04731,5.9169993
0.047314998,5.9169993
0.047319997,5.9169993
0.047325,5.9169993
0.04733,5.9169993
0.047335,5.9169993
0.04734,5.9169993
0.047344998,5.9169993
0.04735,5.9169993
0.047355,5.9169993
0.04736,5.9169993
0.047365,5.9169993
0.047369998,5.9169993
0.047374997,5.9169993
0.04738,5.9169993
0.047385,5.9169993
0.04739,5.9169993
0.047395,5.9169993
0.047399998,5.9169993
0.047404997,5.9169993
0.04741,5.9169993
0.047415,5.9169993
0.04742,5.9169993
0.047424998,5.9169993
0.047429997,5.9169993
0.047435,5.9169993
0.04744,5.9169993
0.047445,5.9169993
0.04745,5.9169993
0.047454998,5.9169993
0.047459997,5.9169993
0.047465,5.9169993
0.04747,5.9169993
0.047475,5.9169993
0.04748,5.9169993
0.047484998,5.9169993
0.047489997,5.9169993
0.047495,5.9169993
0.0475,5.9169993
0.047505,5.9169993
0.047509998,5.9169993
0.047514997,5.9169993
0.04752,5.9169993
0.047525,5.9169993
0.04753,5.9169993
0.047535,5.9169993
0.047539998,5.9169993
0.047544997,5.9169993
0.04755,5.9169993
0.047555,5.9169993
0.04756,5.9169993
0.047565,5.9169993
0.047569998,5.9169993
0.047574997,5.9169993
0.04758,5.9169993
0.047585,5.9169993
0.04759,5.9169993
0.047594998,5.9169993
0.047599997,5.9169993
0.047605,5.9169993
0.04761,5.9169993
0.047615,5.9169993
0.04762,5.9169993
0.047624998,5.9169993
0.047629997,5.9169993
0.047635,5.9169993
0.04764,5.9169993
0.047645,5.9169993
0.04765,5.9169993
0.047654998,5.9169993
0.04766,5.9169993
0.047665,5.9169993
0.04767,5.9169993
0.047675,5.9169993
0.047679998,5.9169993
0.047684997,5.9169993
0.04769,5.9169993
0.047695,5.9169993
0.0477,5.9169993
0.047705,5.9169993
0.047709998,5.9169993
0.047714997,5.9169993
0.04772,5.9169993
0.047725,5.9169993
0.04773,5.9169993
0.047735,5.9169993
0.047739998,5.9169993
0.047745,5.9169993
0.04775,5.9169993
0.047755,5.9169993
0.04776,5.9169993
0.047764998,5.9169993
0.047769997,5.9169993
0.047775,5.9169993
0.04778,5.9169993
0.047785,5.9169993
0.04779,5.9169993
0.047794998,5.9169993
0.047799997,5.9169993
0.047805,5.9169993
0.04781,5.9169993
0.047815,5.9169993
0.047819998,5.9169993
0.047824997,5.9169993
0.04783,5.9169993
0.047835,5.9169993
0.04784,5.9169993
0.047845,5.9169993
0.047849998,5.9169993
0.047854997,5.9169993
0.04786,5.9169993
0.047865,5.9169993
0.04787,5.9169993
0.047875,5.9169993
0.047879998,5.9169993
0.047884997,5.9169993
0.04789,5.9169993
0.047895,5.9169993
0.0479,5.9169993
0.047904998,5.9169993
0.047909997,5.9169993
0.047915,5.9169993
0.04792,5.9169993
0.047925,5.9169993
0.04793,5.9169993
0.047934998,5.9169993
0.047939997,5.9169993
0.047945,5.9169993
0.04795,5.9169993
0.047955,5.9169993
0.04796,5.9169993
0.047964998,5.9169993
0.047969997,5.9169993
0.047975,5.9169993
0.04798,5.9169993
0.047985,5.9169993
0.047989998,5.9169993
0.047994997,5.9169993
0.048,5.9169993
0.048005,5.9169993
0.04801,5.9169993
0.048015,5.9169993
0.048019998,5.9169993
0.048024997,5.9169993
0.04803,5.9169993
0.048035,5.9169993
0.04804,5.9169993
0.048045,5.9169993
0.048049998,5.9169993
0.048055,5.9169993
0.04806,5.9169993
0.048065,5.9169993
0.04807,5.9169993
0.048074998,5.9169993
0.048079997,5.9169993
0.048085,5.9169993
0.04809,5.9169993
0.048095,5.9169993
0.0481,5.9169993
0.048104998,5.9169993
0.048109997,5.9169993
0.048115,5.9169993
0.04812,5.9169993
0.048125,5.9169993
0.04813,5.9169993
0.048134997,5.9169993
0.04814,5.9169993
0.048145,5.9169993
0.04815,5.9169993
0.048155,5.9169993
0.048159998,5.9169993
0.048164997,5.9169993
0.04817,5.9169993
0.048175,5.9169993
0.04818,5.9169993
0.048185,5.9169993
0.048189998,5.9169993
0.048194997,5.9169993
0.0482,5.9169993
0.048205,5.9169993
0.04821,5.9169993
0.048214998,5.9169993
0.048219997,5.9169993
0.048225,5.9169993
0.04823,5.9169993
0.048235,5.9169993
0.04824,5.9169993
0.048244998,5.9169993
0.048249997,5.9169993
0.048255,5.9169993
0.04826,5.9169993
0.048265,5.9169993
0.04827,5.9169993
0.048274998,5.9169993
0.048279997,5.9169993
0.048285,5.9169993
0.04829,5.9169993
0.048295,5.9169993
0.048299998,5.9169993
0.048304997,5.9169993
0.04831,5.9169993
0.048315,5.9169993
0.04832,5.9169993
0.048325,5.9169993
0.048329998,5.9169993
0.048334997,5.9169993
0.04834,5.9169993
0.048345,5.9169993
0.04835,5.9169993
0.048355,5.9169993
0.048359998,5.9169993
0.048365,5.9169993
0.04837,5.9169993
0.048375,5.9169993
0.04838,5.9169993
0.048384998,5.9169993
0.048389997,5.9169993
0.048395,5.9169993
0.0484,5.9169993
0.048405,5.9169993
0.04841,5.9169993
0.048414998,5.9169993
0.048419997,5.9169993
0.048425,5.9169993
0.04843,5.9169993
0.048435,5.9169993
0.04844,5.9169993
0.048444998,5.9169993
0.04845,5.9169993
0.048455,5.9169993
0.04846,5.9169993
0.048465,5.9169993
0.048469998,5.9169993
0.048474997,5.9169993
0.04848,5.9169993
0.048485,5.9169993
0.04849,5.9169993
0.048495,5.9169993
0.048499998,5.9169993
0.048504997,5.9169993
0.04851,5.9169993
0.048515,5.9169993
0.04852,5.9169993
0.048524998,5.9169993
0.048529997,5.9169993
0.048535,5.9169993
0.04854,5.9169993
0.048545,5.9169993
0.04855,5.9169993
0.048554998,5.9169993
0.048559997,5.9169993
0.048565,5.9169993
0.04857,5.9169993
0.048575,5.9169993
0.04858,5.9169993
0.048584998,5.9169993
0.048589997,5.9169993
0.048595,5.9169993
0.0486,5.9169993
0.048605,5.9169993
0.048609998,5.9169993
0.048614997,5.9169993
0.04862,5.9169993
0.048625,5.9169993
0.04863,5.9169993
0.048635,5.9169993
0.048639998,5.9169993
0.048644997,5.9169993
0.04865,5.9169993
0.048655,5.9169993
0.04866,5.9169993
0.048665,5.9169993
0.048669998,5.9169993
0.048674997,5.9169993
0.04868,5.9169993
0.048685,5.9169993
0.04869,5.9169993
0.048694998,5.9169993
0.048699997,5.9169993
0.048705,5.9169993
0.04871,5.9169993
0.048715,5.9169993
0.04872,5.9169993
0.048724998,5.9169993
0.048729997,5.9169993
0.048735,5.9169993
0.04874,5.9169993
0.048745,5.9169993
0.04875,5.9169993
0.048754998,5.9169993
0.04876,5.9169993
0.048765,5.9169993
0.04877,5.9169993
0.048775,5.9169993
0.048779998,5.9169993
0.048784997,5.9169993
0.04879,5.9169993
0.048795,5.9169993
0.0488,5.9169993
0.048805,5.9169993
0.048809998,5.9169993
0.048814997,5.9169993
0.04882,5.9169993
0.048825,5.9169993
0.04883,5.9169993
0.048835,5.9169993
0.048839998,5.9169993
0.048845,5.9169993
0.04885,5.9169993
0.048855,5.9169993
0.04886,5.9169993
0.048864998,5.9169993
0.048869997,5.9169993
0.048875,5.9169993
0.04888,5.9169993
0.048885,5.9169993
0.04889,5.9169993
0.048894998,5.9169993
0.048899997,5.9169993
0.048905,5.9169993
0.04891,5.9169993
0.048915,5.9169993
0.048919998,5.9169993
0.048924997,5.9169993
0.04893,5.9169993
0.048935,5.9169993
0.04894,5.9169993
0.048945,5.9169993
0.048949998,5.9169993
0.048954997,5.9169993
0.04896,5.9169993
0.048965,5.9169993
0.04897,5.9169993
0.048975,5.9169993
0.048979998,5.9169993
0.048984997,5.9169993
0.04899,5.9169993
0.048995,5.9169993
0.049,5.9169993
0.049004998,5.9169993
0.049009997,5.9169993
0.049015,5.9169993
0.04902,5.9169993
0.049025,5.9169993
0.04903,5.9169993
0.049034998,5.9169993
0.049039997,5.9169993
0.049045,5.9169993
0.04905,5.9169993
0.049055,5.9169993
0.04906,5.9169993
0.049064998,5.9169993
0.049069997,5.9169993
0.049075,5.9169993
0.04908,5.9169993
0.049085,5.9169993
0.049089998,5.9169993
0.049094997,5.9169993
0.0491,5.9169993
0.049105,5.9169993
0.04911,5.9169993
0.049115,5.9169993
0.049119998,5.9169993
0.049124997,5.9169993
0.04913,5.9169993
0.049135,5.9169993
0.04914,5.9169993
0.049145,5.9169993
0.049149998,5.9169993
0.049155,5.9169993
0.04916,5.9169993
0.049165,5.9169993
0.04917,5.9169993
0.049174998,5.9169993
0.049179997,5.9169993
0.049185,5.9169993
0.04919,5.9169993
0.049195,5.9169993
0.0492,5.9169993
0.049204998,5.9169993
0.049209997,5.9169993
0.049215,5.9169993
0.04922,5.9169993
0.049225,5.9169993
0.04923,5.9169993
0.049234997,5.9169993
0.04924,5.9169993
0.049245,5.9169993
0.04925,5.9169993
0.049255,5.9169993
0.049259998,5.9169993
0.049264997,5.9169993
0.04927,5.9169993
0.049275,5.9169993
0.04928,5.9169993
0.049285,5.9169993
0.049289998,5.9169993
0.049294997,5.9169993
0.0493,5.9169993
0.049305,5.9169993
0.04931,5.9169993
0.049314998,5.9169993
0.049319997,5.9169993
0.049325,5.9169993
0.04933,5.9169993
0.049335,5.9169993
0.04934,5.9169993
0.049344998,5.9169993
0.049349997,5.9169993
0.049355,5.9169993
0.04936,5.9169993
0.049365,5.9169993
0.04937,5.9169993
0.049374998,5.9169993
0.049379997,5.9169993
0.049385,5.9169993
0.04939,5.9169993
0.049395,5.9169993
0.049399998,5.9169993
0.049404997,5.9169993
0.04941,5.9169993
0.049415,5.9169993
0.04942,5.9169993
0.049425,5.9169993
0.049429998,5.9169993
0.049434997,5.9169993
0.04944,5.9169993
0.049445,5.9169993
0.04945,5.9169993
0.049455,5.9169993
0.049459998,5.9169993
0.049464997,5.9169993
0.04947,5.9169993
0.049475,5.9169993
0.04948,5.9169993
0.049484998,5.9169993
0.049489997,5.9169993
0.049495,5.9169993
0.0495,5.9169993
0.049505,5.9169993
0.04951,5.9169993
0.049514998,5.9169993
0.049519997,5.9169993
0.049525,5.9169993
0.04953,5.9169993
0.049535,5.9169993
0.04954,5.9169993
0.049544998,5.9169993
0.04955,5.9169993
0.049555,5.9169993
0.04956,5.9169993
0.049565,5.9169993
0.049569998,5.9169993
0.049574997,5.9169993
0.04958,5.9169993
0.049585,5.9169993
0.04959,5.9169993
0.049595,5.9169993
0.049599998,5.9169993
0.049604997,5.9169993
0.04961,5.9169993
0.049615,5.9169993
0.04962,5.9169993
0.049624998,5.9169993
0.049629997,5.9169993
0.049635,5.9169993
0.04964,5.9169993
0.049645,5.9169993
0.04965,5.9169993
0.049654998,5.9169993
0.049659997,5.9169993
0.049665,5.9169993
0.04967,5.9169993
0.049675,5.9169993
0.04968,5.9169993
0.049684998,5.9169993
0.049689997,5.9169993
0.049695,5.9169993
0.0497,5.9169993
0.049705,5.9169993
0.049709998,5.9169993
0.049714997,5.9169993
0.04972,5.9169993
0.049725,5.9169993
0.04973,5.9169993
0.049735,5.9169993
0.049739998,5.9169993
0.049744997,5.9169993
0.04975,5.9169993
0.049755,5.9169993
0.04976,5.9169993
0.049765,5.9169993
0.049769998,5.9169993
0.049774997,5.9169993
0.04978,5.9169993
0.049785,5.9169993
0.04979,5.9169993
0.049794998,5.9169993
0.049799997,5.9169993
0.049805,5.9169993
0.04981,5.9169993
0.049815,5.9169993
0.04982,5.9169993
0.049824998,5.9169993
0.049829997,5.9169993
0.049835,5.9169993
0.04984,5.9169993
0.049845,5.9169993
0.04985,5.9169993
0.049854998,5.9169993
0.049859997,5.9169993
0.049865,5.9169993
0.04987,5.9169993
0.049875,5.9169993
0.049879998,5.9169993
0.049884997,5.9169993
0.04989,5.9169993
0.049895,5.9169993
0.0499,5.9169993
0.049905,5.9169993
0.049909998,5.9169993
0.049914997,5.9169993
0.04992,5.9169993
0.049925,5.9169993
0.04993,5.9169993
0.049935,5.9169993
0.049939997,5.9169993
0.049945,5.9169993
0.04995,5.9169993
0.049955,5.9169993
0.04996,5.9169993
0.049964998,5.9169993
0.049969997,5.9169993
0.049975,5.9169993
0.04998,5.9169993
0.049985,5.9169993
0.04999,5.9169993
0.049994998,5.9169993
0.049999997,5.9169993
0.050005,5.9169993
0.05001,5.9169993
0.050015,5.9169993
0.050019998,5.9169993
0.050024997,5.9169993
0.05003,5.9169993
0.050035,5.9169993
0.05004,5.9169993
0.050045,5.9169993
0.050049998,5.9169993
0.050054997,5.9169993
0.05006,5.9169993
0.050065,5.9169993
0.05007,5.9169993
0.050075,5.9169993
0.050079998,5.9169993
0.050084997,5.9169993
0.05009,5.9169993
0.050095,5.9169993
0.0501,5.9169993
0.050104998,5.9169993
0.050109997,5.9169993
0.050115,5.9169993
0.05012,5.9169993
0.050125,5.9169993
0.05013,5.9169993
0.050134998,5.9169993
0.050139997,5.9169993
0.050145,5.9169993
0.05015,5.9169993
0.050155,5.9169993
0.05016,5.9169993
0.050164998,5.9169993
0.050169997,5.9169993
0.050175,5.9169993
0.05018,5.9169993
0.050185,5.9169993
0.050189998,5.9169993
0.050194997,5.9169993
0.0502,5.9169993
0.050205,5.9169993
0.05021,5.9169993
0.050215,5.9169993
0.050219998,5.9169993
0.050224997,5.9169993
0.05023,5.9169993
0.050235,5.9169993
0.05024,5.9169993
0.050245,5.9169993
0.050249998,5.9169993
0.050255,5.9169993
0.05026,5.9169993
0.050265,5.9169993
0.05027,5.9169993
0.050274998,5.9169993
0.050279997,5.9169993
0.050285,5.9169993
0.05029,5.9169993
0.050295,5.9169993
0.0503,5.9169993
0.050304998,5.9169993
0.050309997,5.9169993
0.050315,5.9169993
0.05032,5.9169993
0.050325,5.9169993
0.050329998,5.9169993
0.050334997,5.9169993
0.05034,5.9169993
0.050345,5.9169993
0.05035,5.9169993
0.050355,5.9169993
0.050359998,5.9169993
0.050364997,5.9169993
0.05037,5.9169993
0.050375,5.9169993
0.05038,5.9169993
0.050385,5.9169993
0.050389998,5.9169993
0.050394997,5.9169993
0.0504,5.9169993
0.050405,5.9169993
0.05041,5.9169993
0.050414998,5.9169993
0.050419997,5.9169993
0.050425,5.9169993
0.05043,5.9169993
0.050435,5.9169993
0.05044,5.9169993
0.050444998,5.9169993
0.050449997,5.9169993
0.050455,5.9169993
0.05046,5.9169993
0.050465,5.9169993
0.05047,5.9169993
0.050474998,5.9169993
0.050479997,5.9169993
0.050485,5.9169993
0.05049,5.9169993
0.050495,5.9169993
0.050499998,5.9169993
0.050504997,5.9169993
0.05051,5.9169993
0.050515,5.9169993
0.05052,5.9169993
0.050525,5.9169993
0.050529998,5.9169993
0.050534997,5.9169993
0.05054,5.9169993
0.050545,5.9169993
0.05055,5.9169993
0.050555,5.9169993
0.050559998,5.9169993
0.050564997,5.9169993
0.05057,5.9169993
0.050575,5.9169993
0.05058,5.9169993
0.050584998,5.9169993
0.050589997,5.9169993
0.050595,5.9169993
0.0506,5.9169993
0.050605,5.9169993
0.05061,5.9169993
0.050614998,5.9169993
0.050619997,5.9169993
0.050625,5.9169993
0.05063,5.9169993
0.050635,5.9169993
0.05064,5.9169993
0.050644998,5.9169993
0.05065,5.9169993
0.050655,5.9169993
0.05066,5.9169993
0.050665,5.9169993
0.050669998,5.9169993
0.050674997,5.9169993
0.05068,5.9169993
0.050685,5.9169993
0.05069,5.9169993
0.050695,5.9169993
0.050699998,5.9169993
0.050704997,5.9169993
0.05071,5.9169993
0.050715,5.9169993
0.05072,5.9169993
0.050724998,5.9169993
0.050729997,5.9169993
0.050735,5.9169993
0.05074,5.9169993
0.050745,5.9169993
0.05075,5.9169993
0.050754998,5.9169993
0.050759997,5.9169993
0.050765,5.9169993
0.05077,5.9169993
0.050775,5.9169993
0.05078,5.9169993
0.050784998,5.9169993
0.050789997,5.9169993
0.050795,5.9169993
0.0508,5.9169993
0.050805,5.9169993
0.050809998,5.9169993
0.050814997,5.9169993
0.05082,5.9169993
0.050825,5.9169993
0.05083,5.9169993
0.050835,5.9169993
0.050839998,5.9169993
0.050844997,5.9169993
0.05085,5.9169993
0.050855,5.9169993
0.05086,5.9169993
0.050865,5.9169993
0.050869998,5.9169993
0.050874997,5.9169993
0.05088,5.9169993
0.050885,5.9169993
0.05089,5.9169993
0.050894998,5.9169993
0.050899997,5.9169993
0.050905,5.9169993
0.05091,5.9169993
0.050915,5.9169993
0.05092,5.9169993
0.050924998,5.9169993
0.050929997,5.9169993
0.050935,5.9169993
0.05094,5.9169993
0.050945,5.9169993
0.05095,5.9169993
0.050954998,5.9169993
0.050959997,5.9169993
0.050965,5.9169993
0.05097,5.9169993
0.050975,5.9169993
0.050979998,5.9169993
0.050984997,5.9169993
0.05099,5.9169993
0.050995,5.9169993
0.051,5.9169993
0.051005,5.9169993
0.051009998,5.9169993
0.051014997,5.9169993
0.05102,5.9169993
0.051025,5.9169993
0.05103,5.9169993
0.051035,5.9169993
0.051039997,5.9169993
0.051045,5.9169993
0.05105,5.9169993
0.051055,5.9169993
0.05106,5.9169993
0.051064998,5.9169993
0.051069997,5.9169993
0.051075,5.9169993
0.05108,5.9169993
0.051085,5.9169993
0.05109,5.9169993
0.051094998,5.9169993
0.051099997,5.9169993
0.051105,5.9169993
0.05111,5.9169993
0.051115,5.9169993
0.051119998,5.9169993
0.051124997,5.9169993
0.05113,5.9169993
0.051135,5.9169993
0.05114,5.9169993
0.051145,5.9169993
0.051149998,5.9169993
0.051154997,5.9169993
0.05116,5.9169993
0.051165,5.9169993
0.05117,5.9169993
0.051175,5.9169993
0.051179998,5.9169993
0.051184997,5.9169993
0.05119,5.9169993
0.051195,5.9169993
0.0512,5.9169993
0.051204998,5.9169993
0.051209997,5.9169993
0.051215,5.9169993
0.05122,5.9169993
0.051225,5.9169993
0.05123,5.9169993
0.051234998,5.9169993
0.051239997,5.9169993
0.051245,5.9169993
0.05125,5.9169993
0.051255,5.9169993
0.05126,5.9169993
0.051264998,5.9169993
0.051269997,5.9169993
0.051275,5.9169993
0.05128,5.9169993
0.051285,5.9169993
0.051289998,5.9169993
0.051294997,5.9169993
0.0513,5.9169993
0.051305,5.9169993
0.05131,5.9169993
0.051315,5.9169993
0.051319998,5.9169993
0.051324997,5.9169993
0.05133,5.9169993
0.051335,5.9169993
0.05134,5.9169993
0.051345,5.9169993
0.051349998,5.9169993
0.051354997,5.9169993
0.05136,5.9169993
0.051365,5.9169993
0.05137,5.9169993
0.051374998,5.9169993
0.051379997,5.9169993
0.051385,5.9169993
0.05139,5.9169993
0.051395,5.9169993
0.0514,5.9169993
0.051404998,5.9169993
0.051409997,5.9169993
0.051415,5.9169993
0.05142,5.9169993
0.051425,5.9169993
0.051429998,5.9169993
0.051434997,5.9169993
0.05144,5.9169993
0.051445,5.9169993
0.05145,5.9169993
0.051455,5.9169993
0.051459998,5.9169993
0.051464997,5.9169993
0.05147,5.9169993
0.051475,5.9169993
0.05148,5.9169993
0.051485,5.9169993
0.051489998,5.9169993
0.051494997,5.9169993
0.0515,5.9169993
0.051505,5.9169993
0.05151,5.9169993
0.051514998,5.9169993
0.051519997,5.9169993
0.051525,5.9169993
0.05153,5.9169993
0.051535,5.9169993
0.05154,5.9169993
0.051544998,5.9169993
0.051549997,5.9169993
0.051555,5.9169993
0.05156,5.9169993
0.051565,5.9169993
0.05157,5.9169993
0.051574998,5.9169993
0.051579997,5.9169993
0.051585,5.9169993
0.05159,5.9169993
0.051595,5.9169993
0.051599998,5.9169993
0.051604997,5.9169993
0.05161,5.9169993
0.051615,5.9169993
0.05162,5.9169993
0.051625,5.9169993
0.051629998,5.9169993
0.051634997,5.9169993
0.05164,5.9169993
0.051645,5.9169993
0.05165,5.9169993
0.051655,5.9169993
0.051659998,5.9169993
0.051664997,5.9169993
0.05167,5.9169993
0.051675,5.9169993
0.05168,5.9169993
0.051684998,5.9169993
0.051689997,5.9169993
0.051695,5.9169993
0.0517,5.9169993
0.051705,5.9169993
0.05171,5.9169993
0.051714998,5.9169993
0.051719997,5.9169993
0.051725,5.9169993
0.05173,5.9169993
0.051735,5.9169993
0.05174,5.9169993
0.051744998,5.9169993
0.051749997,5.9169993
0.051755,5.9169993
0.05176,5.9169993
0.051765,5.9169993
0.051769998,5.9169993
0.051774997,5.9169993
0.05178,5.9169993
0.051785,5.9169993
0.05179,5.9169993
0.051795,5.9169993
0.051799998,5.9169993
0.051804997,5.9169993
0.05181,5.9169993
0.051815,5.9169993
0.05182,5.9169993
0.051824998,5.9169993
0.051829997,5.9169993
0.051835,5.9169993
0.05184,5.9169993
0.051845,5.9169993
0.05185,5.9169993
0.051854998,5.9169993
0.051859997,5.9169993
0.051865,5.9169993
0.05187,5.9169993
0.051875,5.9169993
0.05188,5.9169993
0.051884998,5.9169993
0.051889997,5.9169993
0.051895,5.9169993
0.0519,5.9169993
0.051905,5.9169993
0.051909998,5.9169993
0.051914997,5.9169993
0.05192,5.9169993
0.051925,5.9169993
0.05193,5.9169993
0.051935,5.9169993
0.051939998,5.9169993
0.051944997,5.9169993
0.05195,5.9169993
0.051955,5.9169993
0.05196,5.9169993
0.051965,5.9169993
0.051969998,5.9169993
0.051974997,5.9169993
0.05198,5.9169993
0.051985,5.9169993
0.05199,5.9169993
0.051994998,5.9169993
0.051999997,5.9169993
0.052005,5.9169993
0.05201,5.9169993
0.052015,5.9169993
0.05202,5.9169993
0.052024998,5.9169993
0.052029997,5.9169993
0.052035,5.9169993
0.05204,5.9169993
0.052045,5.9169993
0.05205,5.9169993
0.052054998,5.9169993
0.052059997,5.9169993
0.052065,5.9169993
0.05207,5.9169993
0.052075,5.9169993
0.052079998,5.9169993
0.052084997,5.9169993
0.05209,5.9169993
0.052095,5.9169993
0.0521,5.9169993
0.052105,5.9169993
0.052109998,5.9169993
0.052114997,5.9169993
0.05212,5.9169993
0.052125,5.9169993
0.05213,5.9169993
0.052135,5.9169993
0.052139997,5.9169993
0.052144997,5.9169993
0.05215,5.9169993
0.052155,5.9169993
0.05216,5.9169993
0.052164998,5.9169993
0.052169997,5.9169993
0.052175,5.9169993
0.05218,5.9169993
0.052185,5.9169993
0.05219,5.9169993
0.052194998,5.9169993
0.052199997,5.9169993
0.052205,5.9169993
0.05221,5.9169993
0.052215,5.9169993
0.052219998,5.9169993
0.052224997,5.9169993
0.05223,5.9169993
0.052235,5.9169993
0.05224,5.9169993
0.052245,5.9169993
0.052249998,5.9169993
0.052254997,5.9169993
0.05226,5.9169993
0.052265,5.9169993
0.05227,5.9169993
0.052275,5.9169993
0.052279998,5.9169993
0.052284997,5.9169993
0.05229,5.9169993
0.052295,5.9169993
0.0523,5.9169993
0.052304998,5.9169993
0.052309997,5.9169993
0.052315,5.9169993
0.05232,5.9169993
0.052325,5.9169993
0.05233,5.9169993
0.052334998,5.9169993
0.052339997,5.9169993
0.052345,5.9169993
0.05235,5.9169993
0.052355,5.9169993
0.05236,5.9169993
0.052364998,5.9169993
0.052369997,5.9169993
0.052375,5.9169993
0.05238,5.9169993
0.052385,5.9169993
0.052389998,5.9169993
0.052394997,5.9169993
0.0524,5.9169993
0.052405,5.9169993
0.05241,5.9169993
0.052415,5.9169993
0.052419998,5.9169993
0.052424997,5.9169993
0.05243,5.9169993
0.052435,5.9169993
0.05244,5.9169993
0.052445,5.9169993
0.052449998,5.9169993
0.052454997,5.9169993
0.05246,5.9169993
0.052465,5.9169993
0.05247,5.9169993
0.052474998,5.9169993
0.052479997,5.9169993
0.052485,5.9169993
0.05249,5.9169993
0.052495,5.9169993
0.0525,5.9169993
0.052504998,5.9169993
0.052509997,5.9169993
0.052515,5.9169993
0.05252,5.9169993
0.052525,5.9169993
0.052529998,5.9169993
0.052534997,5.9169993
0.05254,5.9169993
0.052545,5.9169993
0.05255,5.9169993
0.052555,5.9169993
0.052559998,5.9169993
0.052564997,5.9169993
0.05257,5.9169993
0.052575,5.9169993
0.05258,5.9169993
0.052585,5.9169993
0.052589998,5.9169993
0.052594997,5.9169993
0.0526,5.9169993
0.052605,5.9169993
0.05261,5.9169993
0.052614998,5.9169993
0.052619997,5.9169993
0.052625,5.9169993
0.05263,5.9169993
0.052635,5.9169993
0.05264,5.9169993
0.052644998,5.9169993
0.052649997,5.9169993
0.052655,5.9169993
0.05266,5.9169993
0.052665,5.9169993
0.05267,5.9169993
0.052674998,5.9169993
0.052679997,5.9169993
0.052685,5.9169993
0.05269,5.9169993
0.052695,5.9169993
0.052699998,5.9169993
0.052704997,5.9169993
0.05271,5.9169993
0.052715,5.9169993
0.05272,5.9169993
0.052725,5.9169993
0.052729998,5.9169993
0.052734997,5.9169993
0.05274,5.9169993
0.052745,5.9169993
0.05275,5.9169993
0.052755,5.9169993
0.052759998,5.9169993
0.052764997,5.9169993
0.05277,5.9169993
0.052775,5.9169993
0.05278,5.9169993
0.052784998,5.9169993
0.052789997,5.9169993
0.052795,5.9169993
0.0528,5.9169993
0.052805,5.9169993
0.05281,5.9169993
0.052814998,5.9169993
0.052819997,5.9169993
0.052825,5.9169993
0.05283,5.9169993
0.052835,5.9169993
0.05284,5.9169993
0.052844997,5.9169993
0.052849997,5.9169993
0.052855,5.9169993
0.05286,5.9169993
0.052865,5.9169993
0.052869998,5.9169993
0.052874997,5.9169993
0.05288,5.9169993
0.052885,5.9169993
0.05289,5.9169993
0.052895,5.9169993
0.052899998,5.9169993
0.052904997,5.9169993
0.05291,5.9169993
0.052915,5.9169993
0.05292,5.9169993
0.052924998,5.9169993
0.052929997,5.9169993
0.052935,5.9169993
0.05294,5.9169993
0.052945,5.9169993
0.05295,5.9169993
0.052954998,5.9169993
0.052959997,5.9169993
0.052965,5.9169993
0.05297,5.9169993
0.052975,5.9169993
0.05298,5.9169993
0.052984998,5.9169993
0.052989997,5.9169993
0.052995,5.9169993
0.053,5.9169993
0.053005,5.9169993
0.053009998,5.9169993
0.053014997,5.9169993
0.05302,5.9169993
0.053025,5.9169993
0.05303,5.9169993
0.053035,5.9169993
0.053039998,5.9169993
0.053044997,5.9169993
0.05305,5.9169993
0.053055,5.9169993
0.05306,5.9169993
0.053065,5.9169993
0.053069998,5.9169993
0.053074997,5.9169993
0.05308,5.9169993
0.053085,5.9169993
0.05309,5.9169993
0.053094998,5.9169993
0.053099997,5.9169993
0.053105,5.9169993
0.05311,5.9169993
0.053115,5.9169993
0.05312,5.9169993
0.053124998,5.9169993
0.053129997,5.9169993
0.053135,5.9169993
0.05314,5.9169993
0.053145,5.9169993
0.05315,5.9169993
0.053154998,5.9169993
0.053159997,5.9169993
0.053165,5.9169993
0.05317,5.9169993
0.053175,5.9169993
0.053179998,5.9169993
0.053184997,5.9169993
0.05319,5.9169993
0.053195,5.9169993
0.0532,5.9169993
0.053205,5.9169993
0.053209998,5.9169993
0.053214997,5.9169993
0.05322,5.9169993
0.053225,5.9169993
0.05323,5.9169993
0.053234998,5.9169993
0.053239997,5.9169993
0.053244997,5.9169993
0.05325,5.9169993
0.053255,5.9169993
0.05326,5.9169993
0.053264998,5.9169993
0.053269997,5.9169993
0.053275,5.9169993
0.05328,5.9169993
0.053285,5.9169993
0.05329,5.9169993
0.053294998,5.9169993
0.053299997,5.9169993
0.053305,5.9169993
0.05331,5.9169993
0.053315,5.9169993
0.053319998,5.9169993
0.053324997,5.9169993
0.05333,5.9169993
0.053335,5.9169993
0.05334,5.9169993
0.053345,5.9169993
0.053349998,5.9169993
0.053354997,5.9169993
0.05336,5.9169993
0.053365,5.9169993
0.05337,5.9169993
0.053375,5.9169993
0.053379998,5.9169993
0.053384997,5.9169993
0.05339,5.9169993
0.053395,5.9169993
0.0534,5.9169993
0.053404998,5.9169993
0.053409997,5.9169993
0.053415,5.9169993
0.05342,5.9169993
0.053425,5.9169993
0.05343,5.9169993
0.053434998,5.9169993
0.053439997,5.9169993
0.053445,5.9169993
0.05345,5.9169993
0.053455,5.9169993
0.05346,5.9169993
0.053464998,5.9169993
0.053469997,5.9169993
0.053475,5.9169993
0.05348,5.9169993
0.053485,5.9169993
0.053489998,5.9169993
0.053494997,5.9169993
0.0535,5.9169993
0.053505,5.9169993
0.05351,5.9169993
0.053515,5.9169993
0.053519998,5.9169993
0.053524997,5.9169993
0.05353,5.9169993
0.053535,5.9169993
0.05354,5.9169993
0.053545,5.9169993
0.053549998,5.9169993
0.053554997,5.9169993
0.05356,5.9169993
0.053565,5.9169993
0.05357,5.9169993
0.053574998,5.9169993
0.053579997,5.9169993
0.053585,5.9169993
0.05359,5.9169993
0.053595,5.9169993
0.0536,5.9169993
0.053604998,5.9169993
0.053609997,5.9169993
0.053615,5.9169993
0.05362,5.9169993
0.053625,5.9169993
0.053629998,5.9169993
0.053634997,5.9169993
0.053639997,5.9169993
0.053645,5.9169993
0.05365,5.9169993
0.053655,5.9169993
0.053659998,5.9169993
0.053664997,5.9169993
0.05367,5.9169993
0.053675,5.9169993
0.05368,5.9169993
0.053685,5.9169993
0.053689998,5.9169993
0.053694997,5.9169993
0.0537,5.9169993
0.053705,5.9169993
0.05371,5.9169993
0.053714998,5.9169993
0.053719997,5.9169993
0.053725,5.9169993
0.05373,5.9169993
0.053735,5.9169993
0.05374,5.9169993
0.053744998,5.9169993
0.053749997,5.9169993
0.053755,5.9169993
0.05376,5.9169993
0.053765,5.9169993
0.05377,5.9169993
0.053774998,5.9169993
0.053779997,5.9169993
0.053785,5.9169993
0.05379,5.9169993
0.053795,5.9169993
0.053799998,5.9169993
0.053804997,5.9169993
0.05381,5.9169993
0.053815,5.9169993
0.05382,5.9169993
0.053825,5.9169993
0.053829998,5.9169993
0.053834997,5.9169993
0.05384,5.9169993
0.053845,5.9169993
0.05385,5.9169993
0.053855,5.9169993
0.053859998,5.9169993
0.053864997,5.9169993
0.05387,5.9169993
0.053875,5.9169993
0.05388,5.9169993
0.053884998,5.9169993
0.053889997,5.9169993
0.053895,5.9169993
0.0539,5.9169993
0.053905,5.9169993
0.05391,5.9169993
0.053914998,5.9169993
0.053919997,5.9169993
0.053925,5.9169993
0.05393,5.9169993
0.053935,5.9169993
0.05394,5.9169993
0.053944997,5.9169993
0.053949997,5.9169993
0.053955,5.9169993
0.05396,5.9169993
0.053965,5.9169993
0.053969998,5.9169993
0.053974997,5.9169993
0.05398,5.9169993
0.053985,5.9169993
0.05399,5.9169993
0.053995,5.9169993
0.053999998,5.9169993
0.054004997,5.9169993
0.05401,5.9169993
0.054015,5.9169993
0.05402,5.9169993
0.054024998,5.9169993
0.054029997,5.9169993
0.054034997,5.9169993
0.05404,5.9169993
0.054045,5.9169993
0.05405,5.9169993
0.054054998,5.9169993
0.054059997,5.9169993
0.054065,5.9169993
0.05407,5.9169993
0.054075,5.9169993
0.05408,5.9169993
0.054084998,5.9169993
0.054089997,5.9169993
0.054095,5.9169993
0.0541,5.9169993
0.054105,5.9169993
0.054109998,5.9169993
0.054114997,5.9169993
0.05412,5.9169993
0.054125,5.9169993
0.05413,5.9169993
0.054135,5.9169993
0.054139998,5.9169993
0.054144997,5.9169993
0.05415,5.9169993
0.054155,5.9169993
0.05416,5.9169993
0.054165,5.9169993
0.054169998,5.9169993
0.054174997,5.9169993
0.05418,5.9169993
0.054185,5.9169993
0.05419,5.9169993
0.054194998,5.9169993
0.054199997,5.9169993
0.054205,5.9169993
0.05421,5.9169993
0.054215,5.9169993
0.05422,5.9169993
0.054224998,5.9169993
0.054229997,5.9169993
0.054235,5.9169993
0.05424,5.9169993
0.054245,5.9169993
0.05425,5.9169993
0.054254998,5.9169993
0.054259997,5.9169993
0.054265,5.9169993
0.05427,5.9169993
0.054275,5.9169993
0.054279998,5.9169993
0.054284997,5.9169993
0.05429,5.9169993
0.054295,5.9169993
0.0543,5.9169993
0.054305,5.9169993
0.054309998,5.9169993
0.054314997,5.9169993
0.05432,5.9169993
0.054325,5.9169993
0.05433,5.9169993
0.054334998,5.9169993
0.054339997,5.9169993
0.054344997,5.9169993
0.05435,5.9169993
0.054355,5.9169993
0.05436,5.9169993
0.054364998,5.9169993
0.054369997,5.9169993
0.054375,5.9169993
0.05438,5.9169993
0.054385,5.9169993
0.05439,5.9169993
0.054394998,5.9169993
0.054399997,5.9169993
0.054405,5.9169993
0.05441,5.9169993
0.054415,5.9169993
0.054419998,5.9169993
0.054424997,5.9169993
0.05443,5.9169993
0.054435,5.9169993
0.05444,5.9169993
0.054445,5.9169993
0.054449998,5.9169993
0.054454997,5.9169993
0.05446,5.9169993
0.054465,5.9169993
0.05447,5.9169993
0.054475,5.9169993
0.054479998,5.9169993
0.054484997,5.9169993
0.05449,5.9169993
0.054495,5.9169993
0.0545,5.9169993
0.054504998,5.9169993
0.054509997,5.9169993
0.054515,5.9169993
0.05452,5.9169993
0.054525,5.9169993
0.05453,5.9169993
0.054534998,5.9169993
0.054539997,5.9169993
0.054545,5.9169993
0.05455,5.9169993
0.054555,5.9169993
0.05456,5.9169993
0.054564998,5.9169993
0.054569997,5.9169993
0.054575,5.9169993
0.05458,5.9169993
0.054585,5.9169993
0.054589998,5.9169993
0.054594997,5.9169993
0.0546,5.9169993
0.054605,5.9169993
0.05461,5.9169993
0.054615,5.9169993
0.054619998,5.9169993
0.054624997,5.9169993
0.05463,5.9169993
0.054635,5.9169993
0.05464,5.9169993
0.054645,5.9169993
0.054649998,5.9169993
0.054654997,5.9169993
0.05466,5.9169993
0.054665,5.9169993
0.05467,5.9169993
0.054674998,5.9169993
0.054679997,5.9169993
0.054685,5.9169993
0.05469,5.9169993
0.054695,5.9169993
0.0547,5.9169993
0.054704998,5.9169993
0.054709997,5.9169993
0.054715,5.9169993
0.05472,5.9169993
0.054725,5.9169993
0.054729998,5.9169993
0.054734997,5.9169993
0.054739997,5.9169993
0.054745,5.9169993
0.05475,5.9169993
0.054755,5.9169993
0.054759998,5.9169993
0.054764997,5.9169993
0.05477,5.9169993
0.054775,5.9169993
0.05478,5.9169993
0.054785,5.9169993
0.054789998,5.9169993
0.054794997,5.9169993
0.0548,5.9169993
0.054805,5.9169993
0.05481,5.9169993
0.054814998,5.9169993
0.054819997,5.9169993
0.054825,5.9169993
0.05483,5.9169993
0.054835,5.9169993
0.05484,5.9169993
0.054844998,5.9169993
0.054849997,5.9169993
0.054855,5.9169993
0.05486,5.9169993
0.054865,5.9169993
0.05487,5.9169993
0.054874998,5.9169993
0.054879997,5.9169993
0.054885,5.9169993
0.05489,5.9169993
0.054895,5.9169993
0.054899998,5.9169993
0.054904997,5.9169993
0.05491,5.9169993
0.054915,5.9169993
0.05492,5.9169993
0.054925,5.9169993
0.054929998,5.9169993
0.054934997,5.9169993
0.05494,5.9169993
0.054945,5.9169993
0.05495,5.9169993
0.054955,5.9169993
0.054959998,5.9169993
0.054964997,5.9169993
0.05497,5.9169993
0.054975,5.9169993
0.05498,5.9169993
0.054984998,5.9169993
0.054989997,5.9169993
0.054995,5.9169993
0.055,5.9169993
0.055005,5.9169993
0.05501,5.9169993
0.055014998,5.9169993
0.055019997,5.9169993
0.055025,5.9169993
0.05503,5.9169993
0.055035,5.9169993
0.05504,5.9169993
0.055044997,5.9169993
0.055049997,5.9169993
0.055055,5.9169993
0.05506,5.9169993
0.055065,5.9169993
0.055069998,5.9169993
0.055074997,5.9169993
0.05508,5.9169993
0.055085,5.9169993
0.05509,5.9169993
0.055095,5.9169993
0.055099998,5.9169993
0.055104997,5.9169993
0.05511,5.9169993
0.055115,5.9169993
0.05512,5.9169993
0.055124998,5.9169993
0.055129997,5.9169993
0.055134997,5.9169993
0.05514,5.9169993
0.055145,5.9169993
0.05515,5.9169993
0.055154998,5.9169993
0.055159997,5.9169993
0.055165,5.9169993
0.05517,5.9169993
0.055175,5.9169993
0.05518,5.9169993
0.055184998,5.9169993
0.055189997,5.9169993
0.055195,5.9169993
0.0552,5.9169993
0.055205,5.9169993
0.055209998,5.9169993
0.055214997,5.9169993
0.05522,5.9169993
0.055225,5.9169993
0.05523,5.9169993
0.055235,5.9169993
0.055239998,5.9169993
0.055244997,5.9169993
0.05525,5.9169993
0.055255,5.9169993
0.05526,5.9169993
0.055265,5.9169993
0.055269998,5.9169993
0.055274997,5.9169993
0.05528,5.9169993
0.055285,5.9169993
0.05529,5.9169993
0.055294998,5.9169993
0.055299997,5.9169993
0.055305,5.9169993
0.05531,5.9169993
0.055315,5.9169993
0.05532,5.9169993
0.055324998,5.9169993
0.055329997,5.9169993
0.055335,5.9169993
0.05534,5.9169993
0.055345,5.9169993
0.05535,5.9169993
0.055354998,5.9169993
0.055359997,5.9169993
0.055365,5.9169993
0.05537,5.9169993
0.055375,5.9169993
0.055379998,5.9169993
0.055384997,5.9169993
0.05539,5.9169993
0.055395,5.9169993
0.0554,5.9169993
0.055405,5.9169993
0.055409998,5.9169993
0.055414997,5.9169993
0.05542,5.9169993
0.055425,5.9169993
0.05543,5.9169993
0.055434998,5.9169993
0.055439997,5.9169993
0.055444997,5.9169993
0.05545,5.9169993
0.055455,5.9169993
0.05546,5.9169993
0.055464998,5.9169993
0.055469997,5.9169993
0.055475,5.9169993
0.05548,5.9169993
0.055485,5.9169993
0.05549,5.9169993
0.055494998,5.9169993
0.055499997,5.9169993
0.055505,5.9169993
0.05551,5.9169993
0.055515,5.9169993
0.055519998,5.9169993
0.055524997,5.9169993
0.055529997,5.9169993
0.055535,5.9169993
0.05554,5.9169993
0.055545,5.9169993
0.055549998,5.9169993
0.055554997,5.9169993
0.05556,5.9169993
0.055565,5.9169993
0.05557,5.9169993
0.055575,5.9169993
0.055579998,5.9169993
0.055584997,5.9169993
0.05559,5.9169993
0.055595,5.9169993
0.0556,5.9169993
0.055604998,5.9169993
0.055609997,5.9169993
0.055615,5.9169993
0.05562,5.9169993
0.055625,5.9169993
0.05563,5.9169993
0.055634998,5.9169993
0.055639997,5.9169993
0.055645,5.9169993
0.05565,5.9169993
0.055655,5.9169993
0.05566,5.9169993
0.055664998,5.9169993
0.055669997,5.9169993
0.055675,5.9169993
0.05568,5.9169993
0.055685,5.9169993
0.055689998,5.9169993
0.055694997,5.9169993
0.0557,5.9169993
0.055705,5.9169993
0.05571,5.9169993
0.055715,5.9169993
0.055719998,5.9169993
0.055724997,5.9169993
0.05573,5.9169993
0.055735,5.9169993
0.05574,5.9169993
0.055745,5.9169993
0.055749997,5.9169993
0.055754997,5.9169993
0.05576,5.9169993
0.055765,5.9169993
0.05577,5.9169993
0.055774998,5.9169993
0.055779997,5.9169993
0.055785,5.9169993
0.05579,5.9169993
0.055795,5.9169993
0.0558,5.9169993
0.055804998,5.9169993
0.055809997,5.9169993
0.055815,5.9169993
0.05582,5.9169993
0.055825,5.9169993
0.055829998,5.9169993
0.055834997,5.9169993
0.055839997,5.9169993
0.055845,5.9169993
0.05585,5.9169993
0.055855,5.9169993
0.055859998,5.9169993
0.055864997,5.9169993
0.05587,5.9169993
0.055875,5.9169993
0.05588,5.9169993
0.055885,5.9169993
0.055889998,5.9169993
0.055894997,5.9169993
0.0559,5.9169993
0.055905,5.9169993
0.05591,5.9169993
0.055914998,5.9169993
0.055919997,5.9169993
0.055924997,5.9169993
0.05593,5.9169993
0.055935,5.9169993
0.05594,5.9169993
0.055944998,5.9169993
0.055949997,5.9169993
0.055955,5.9169993
0.05596,5.9169993
0.055965,5.9169993
0.05597,5.9169993
0.055974998,5.9169993
0.055979997,5.9169993
0.055985,5.9169993
0.05599,5.9169993
0.055995,5.9169993
0.055999998,5.9169993
0.056004997,5.9169993
0.05601,5.9169993
0.056015,5.9169993
0.05602,5.9169993
0.056025,5.9169993
0.056029998,5.9169993
0.056034997,5.9169993
0.05604,5.9169993
0.056045,5.9169993
0.05605,5.9169993
0.056055,5.9169993
0.056059998,5.9169993
0.056064997,5.9169993
0.05607,5.9169993
0.056075,5.9169993
0.05608,5.9169993
0.056084998,5.9169993
0.056089997,5.9169993
0.056095,5.9169993
0.0561,5.9169993
0.056105,5.9169993
0.05611,5.9169993
0.056114998,5.9169993
0.056119997,5.9169993
0.056125,5.9169993
0.05613,5.9169993
0.056135,5.9169993
0.05614,5.9169993
0.056144997,5.9169993
0.056149997,5.9169993
0.056155,5.9169993
0.05616,5.9169993
0.056165,5.9169993
0.056169998,5.9169993
0.056174997,5.9169993
0.05618,5.9169993
0.056185,5.9169993
0.05619,5.9169993
0.056195,5.9169993
0.056199998,5.9169993
0.056204997,5.9169993
0.05621,5.9169993
0.056215,5.9169993
0.05622,5.9169993
0.056224998,5.9169993
0.056229997,5.9169993
0.056234997,5.9169993
0.05624,5.9169993
0.056245,5.9169993
0.05625,5.9169993
0.056254998,5.9169993
0.056259997,5.9169993
0.056265,5.9169993
0.05627,5.9169993
0.056275,5.9169993
0.05628,5.9169993
0.056284998,5.9169993
0.056289997,5.9169993
0.056295,5.9169993
0.0563,5.9169993
0.056305,5.9169993
0.056309998,5.9169993
0.056314997,5.9169993
0.056319997,5.9169993
0.056325,5.9169993
0.05633,5.9169993
0.056335,5.9169993
0.056339998,5.9169993
0.056344997,5.9169993
0.05635,5.9169993
0.056355,5.9169993
0.05636,5.9169993
0.056365,5.9169993
0.056369998,5.9169993
0.056374997,5.9169993
0.05638,5.9169993
0.056385,5.9169993
0.05639,5.9169993
0.056394998,5.9169993
0.056399997,5.9169993
0.056405,5.9169993
0.05641,5.9169993
0.056415,5.9169993
0.05642,5.9169993
0.056424998,5.9169993
0.056429997,5.9169993
0.056435,5.9169993
0.05644,5.9169993
0.056445,5.9169993
0.05645,5.9169993
0.056454998,5.9169993
0.056459997,5.9169993
0.056465,5.9169993
0.05647,5.9169993
0.056475,5.9169993
0.056479998,5.9169993
0.056484997,5.9169993
0.05649,5.9169993
0.056495,5.9169993
0.0565,5.9169993
0.056505,5.9169993
0.056509998,5.9169993
0.056514997,5.9169993
0.05652,5.9169993
0.056525,5.9169993
0.05653,5.9169993
0.056534998,5.9169993
0.056539997,5.9169993
0.056544997,5.9169993
0.05655,5.9169993
0.056555,5.9169993
0.05656,5.9169993
0.056564998,5.9169993
0.056569997,5.9169993
0.056575,5.9169993
0.05658,5.9169993
0.056585,5.9169993
0.05659,5.9169993
0.056594998,5.9169993
0.056599997,5.9169993
0.056605,5.9169993
0.05661,5.9169993
0.056615,5.9169993
0.056619998,5.9169993
0.056624997,5.9169993
0.056629997,5.9169993
0.056635,5.9169993
0.05664,5.9169993
0.056645,5.9169993
0.056649998,5.9169993
0.056654997,5.9169993
0.05666,5.9169993
0.056665,5.9169993
0.05667,5.9169993
0.056675,5.9169993
0.056679998,5.9169993
0.056684997,5.9169993
0.05669,5.9169993
0.056695,5.9169993
0.0567,5.9169993
0.056704998,5.9169993
0.056709997,5.9169993
0.056715,5.9169993
0.05672,5.9169993
0.056725,5.9169993
0.05673,5.9169993
0.056734998,5.9169993
0.056739997,5.9169993
0.056745,5.9169993
0.05675,5.9169993
0.056755,5.9169993
0.05676,5.9169993
0.056764998,5.9169993
0.056769997,5.9169993
0.056775,5.9169993
0.05678,5.9169993
0.056785,5.9169993
0.056789998,5.9169993
0.056794997,5.9169993
0.0568,5.9169993
0.056805,5.9169993
0.05681,5.9169993
0.056815,5.9169993
0.056819998,5.9169993
0.056824997,5.9169993
0.05683,5.9169993
0.056835,5.9169993
0.05684,5.9169993
0.056845,5.9169993
0.056849997,5.9169993
0.056854997,5.9169993
0.05686,5.9169993
0.056865,5.9169993
0.05687,5.9169993
0.056874998,5.9169993
0.056879997,5.9169993
0.056885,5.9169993
0.05689,5.9169993
0.056895,5.9169993
0.0569,5.9169993
0.056904998,5.9169993
0.056909997,5.9169993
0.056915,5.9169993
0.05692,5.9169993
0.056925,5.9169993
0.056929998,5.9169993
0.056934997,5.9169993
0.056939997,5.9169993
0.056945,5.9169993
0.05695,5.9169993
0.056955,5.9169993
0.056959998,5.9169993
0.056964997,5.9169993
0.05697,5.9169993
0.056975,5.9169993
0.05698,5.9169993
0.056985,5.9169993
0.056989998,5.9169993
0.056994997,5.9169993
0.057,5.9169993
0.057005,5.9169993
0.05701,5.9169993
0.057014998,5.9169993
0.057019997,5.9169993
0.057024997,5.9169993
0.05703,5.9169993
0.057035,5.9169993
0.05704,5.9169993
0.057044998,5.9169993
0.057049997,5.9169993
0.057055,5.9169993
0.05706,5.9169993
0.057065,5.9169993
0.05707,5.9169993
0.057074998,5.9169993
0.057079997,5.9169993
0.057085,5.9169993
0.05709,5.9169993
0.057095,5.9169993
0.057099998,5.9169993
0.057104997,5.9169993
0.05711,5.9169993
0.057115,5.9169993
0.05712,5.9169993
0.057125,5.9169993
0.057129998,5.9169993
0.057134997,5.9169993
0.05714,5.9169993
0.057145,5.9169993
0.05715,5.9169993
0.057155,5.9169993
0.057159998,5.9169993
0.057164997,5.9169993
0.05717,5.9169993
0.057175,5.9169993
0.05718,5.9169993
0.057184998,5.9169993
0.057189997,5.9169993
0.057195,5.9169993
0.0572,5.9169993
0.057205,5.9169993
0.05721,5.9169993
0.057214998,5.9169993
0.057219997,5.9169993
0.057225,5.9169993
0.05723,5.9169993
0.057235,5.9169993
0.057239998,5.9169993
0.057244997,5.9169993
0.057249997,5.9169993
0.057255,5.9169993
0.05726,5.9169993
0.057265,5.9169993
0.057269998,5.9169993
0.057274997,5.9169993
0.05728,5.9169993
0.057285,5.9169993
0.05729,5.9169993
0.057295,5.9169993
0.057299998,5.9169993
0.057304997,5.9169993
0.05731,5.9169993
0.057315,5.9169993
0.05732,5.9169993
0.057324998,5.9169993
0.057329997,5.9169993
0.057334997,5.9169993
0.05734,5.9169993
0.057345,5.9169993
0.05735,5.9169993
0.057354998,5.9169993
0.057359997,5.9169993
0.057365,5.9169993
0.05737,5.9169993
0.057375,5.9169993
0.05738,5.9169993
0.057384998,5.9169993
0.057389997,5.9169993
0.057395,5.9169993
0.0574,5.9169993
0.057405,5.9169993
0.057409998,5.9169993
0.057414997,5.9169993
0.057419997,5.9169993
0.057425,5.9169993
0.05743,5.9169993
0.057435,5.9169993
0.057439998,5.9169993
0.057444997,5.9169993
0.05745,5.9169993
0.057455,5.9169993
0.05746,5.9169993
0.057465,5.9169993
0.057469998,5.9169993
0.057474997,5.9169993
0.05748,5.9169993
0.057485,5.9169993
0.05749,5.9169993
0.057494998,5.9169993
0.057499997,5.9169993
0.057505,5.9169993
0.05751,5.9169993
0.057515,5.9169993
0.05752,5.9169993
0.057524998,5.9169993
0.057529997,5.9169993
0.057535,5.9169993
0.05754,5.9169993
0.057545,5.9169993
0.05755,5.9169993
0.057554998,5.9169993
0.057559997,5.9169993
0.057565,5.9169993
0.05757,5.9169993
0.057575,5.9169993
0.057579998,5.9169993
0.057584997,5.9169993
0.05759,5.9169993
0.057595,5.9169993
0.0576,5.9169993
0.057605,5.9169993
0.057609998,5.9169993
0.057614997,5.9169993
0.05762,5.9169993
0.057625,5.9169993
0.05763,5.9169993
0.057634998,5.9169993
0.057639997,5.9169993
0.057644997,5.9169993
0.05765,5.9169993
0.057655,5.9169993
0.05766,5.9169993
0.057664998,5.9169993
0.057669997,5.9169993
0.057675,5.9169993
0.05768,5.9169993
0.057685,5.9169993
0.05769,5.9169993
0.057694998,5.9169993
0.057699997,5.9169993
0.057705,5.9169993
0.05771,5.9169993
0.057715,5.9169993
0.057719998,5.9169993
0.057724997,5.9169993
0.057729997,5.9169993
0.057735,5.9169993
0.05774,5.9169993
0.057745,5.9169993
0.057749998,5.9169993
0.057754997,5.9169993
0.05776,5.9169993
0.057765,5.9169993
0.05777,5.9169993
0.057775,5.9169993
0.057779998,5.9169993
0.057784997,5.9169993
0.05779,5.9169993
0.057795,5.9169993
0.0578,5.9169993
0.057804998,5.9169993
0.057809997,5.9169993
0.057814997,5.9169993
0.05782,5.9169993
0.057825,5.9169993
0.05783,5.9169993
0.057834998,5.9169993
0.057839997,5.9169993
0.057845,5.9169993
0.05785,5.9169993
0.057855,5.9169993
0.05786,5.9169993
0.057864998,5.9169993
0.057869997,5.9169993
0.057875,5.9169993
0.05788,5.9169993
0.057885,5.9169993
0.057889998,5.9169993
0.057894997,5.9169993
0.0579,5.9169993
0.057905,5.9169993
0.05791,5.9169993
0.057915,5.9169993
0.057919998,5.9169993
0.057924997,5.9169993
0.05793,5.9169993
0.057935,5.9169993
0.05794,5.9169993
0.057945,5.9169993
0.057949997,5.9169993
0.057954997,5.9169993
0.05796,5.9169993
0.057965,5.9169993
0.05797,5.9169993
0.057974998,5.9169993
0.057979997,5.9169993
0.057985,5.9169993
0.05799,5.9169993
0.057995,5.9169993
0.058,5.9169993
0.058004998,5.9169993
0.058009997,5.9169993
0.058015,5.9169993
0.05802,5.9169993
0.058025,5.9169993
0.058029998,5.9169993
0.058034997,5.9169993
0.058039997,5.9169993
0.058045,5.9169993
0.05805,5.9169993
0.058055,5.9169993
0.058059998,5.9169993
0.058064997,5.9169993
0.05807,5.9169993
0.058075,5.9169993
0.05808,5.9169993
0.058085,5.9169993
0.058089998,5.9169993
0.058094997,5.9169993
0.0581,5.9169993
0.058105,5.9169993
0.05811,5.9169993
0.058114998,5.9169993
0.058119997,5.9169993
0.058124997,5.9169993
0.05813,5.9169993
0.058135,5.9169993
0.05814,5.9169993
0.058144998,5.9169993
0.058149997,5.9169993
0.058155,5.9169993
0.05816,5.9169993
0.058165,5.9169993
0.05817,5.9169993
0.058174998,5.9169993
0.058179997,5.9169993
0.058185,5.9169993
0.05819,5.9169993
0.058195,5.9169993
0.058199998,5.9169993
0.058204997,5.9169993
0.058209997,5.9169993
0.058215,5.9169993
0.05822,5.9169993
0.058225,5.9169993
0.058229998,5.9169993
0.058234997,5.9169993
0.05824,5.9169993
0.058245,5.9169993
0.05825,5.9169993
0.058255,5.9169993
0.058259998,5.9169993
0.058264997,5.9169993
0.05827,5.9169993
0.058275,5.9169993
0.05828,5.9169993
0.058284998,5.9169993
0.058289997,5.9169993
0.058295,5.9169993
0.0583,5.9169993
0.058305,5.9169993
0.05831,5.9169993
0.058314998,5.9169993
0.058319997,5.9169993
0.058325,5.9169993
0.05833,5.9169993
0.058335,5.9169993
0.058339998,5.9169993
0.058344997,5.9169993
0.058349997,5.9169993
0.058355,5.9169993
0.05836,5.9169993
0.058365,5.9169993
0.058369998,5.9169993
0.058374997,5.9169993
0.05838,5.9169993
0.058385,5.9169993
0.05839,5.9169993
0.058395,5.9169993
0.058399998,5.9169993
0.058404997,5.9169993
0.05841,5.9169993
0.058415,5.9169993
0.05842,5.9169993
0.058424998,5.9169993
0.058429997,5.9169993
0.058434997,5.9169993
0.05844,5.9169993
0.058445,5.9169993
0.05845,5.9169993
0.058454998,5.9169993
0.058459997,5.9169993
0.058465,5.9169993
0.05847,5.9169993
0.058475,5.9169993
0.05848,5.9169993
0.058484998,5.9169993
0.058489997,5.9169993
0.058495,5.9169993
0.0585,5.9169993
0.058505,5.9169993
0.058509998,5.9169993
0.058514997,5.9169993
0.058519997,5.9169993
0.058525,5.9169993
0.05853,5.9169993
0.058535,5.9169993
0.058539998,5.9169993
0.058544997,5.9169993
0.05855,5.9169993
0.058555,5.9169993
0.05856,5.9169993
0.058565,5.9169993
0.058569998,5.9169993
0.058574997,5.9169993
0.05858,5.9169993
0.058585,5.9169993
0.05859,5.9169993
0.058594998,5.9169993
0.058599997,5.9169993
0.058605,5.9169993
0.05861,5.9169993
0.058615,5.9169993
0.05862,5.9169993
0.058624998,5.9169993
0.058629997,5.9169993
0.058635,5.9169993
0.05864,5.9169993
0.058645,5.9169993
0.05865,5.9169993
0.058654997,5.9169993
0.058659997,5.9169993
0.058665,5.9169993
0.05867,5.9169993
0.058675,5.9169993
0.058679998,5.9169993
0.058684997,5.9169993
0.05869,5.9169993
0.058695,5.9169993
0.0587,5.9169993
0.058705,5.9169993
0.058709998,5.9169993
0.058714997,5.9169993
0.05872,5.9169993
0.058725,5.9169993
0.05873,5.9169993
0.058734998,5.9169993
0.058739997,5.9169993
0.058744997,5.9169993
0.05875,5.9169993
0.058755,5.9169993
0.05876,5.9169993
0.058764998,5.9169993
0.058769997,5.9169993
0.058775,5.9169993
0.05878,5.9169993
0.058785,5.9169993
0.05879,5.9169993
0.058794998,5.9169993
0.058799997,5.9169993
0.058805,5.9169993
0.05881,5.9169993
0.058815,5.9169993
0.058819998,5.9169993
0.058824997,5.9169993
0.058829997,5.9169993
0.058835,5.9169993
0.05884,5.9169993
0.058845,5.9169993
0.058849998,5.9169993
0.058854997,5.9169993
0.05886,5.9169993
0.058865,5.9169993
0.05887,5.9169993
0.058875,5.9169993
0.058879998,5.9169993
0.058884997,5.9169993
0.05889,5.9169993
0.058895,5.9169993
0.0589,5.9169993
0.058904998,5.9169993
0.058909997,5.9169993
0.058914997,5.9169993
0.05892,5.9169993
0.058925,5.9169993
0.05893,5.9169993
0.058934998,5.9169993
0.058939997,5.9169993
0.058945,5.9169993
0.05895,5.9169993
0.058955,5.9169993
0.05896,5.9169993
0.058964998,5.9169993
0.058969997,5.9169993
0.058975,5.9169993
0.05898,5.9169993
0.058985,5.9169993
0.058989998,5.9169993
0.058994997,5.9169993
0.059,5.9169993
0.059005,5.9169993
0.05901,5.9169993
0.059015,5.9169993
0.059019998,5.9169993
0.059024997,5.9169993
0.05903,5.9169993
0.059035,5.9169993
0.05904,5.9169993
0.059045,5.9169993
0.059049997,5.9169993
0.059054997,5.9169993
0.05906,5.9169993
0.059065,5.9169993
0.05907,5.9169993
0.059074998,5.9169993
0.059079997,5.9169993
0.059085,5.9169993
0.05909,5.9169993
0.059095,5.9169993
0.0591,5.9169993
0.059104998,5.9169993
0.059109997,5.9169993
0.059115,5.9169993
0.05912,5.9169993
0.059125,5.9169993
0.059129998,5.9169993
0.059134997,5.9169993
0.059139997,5.9169993
0.059145,5.9169993
0.05915,5.9169993
0.059155,5.9169993
0.059159998,5.9169993
0.059164997,5.9169993
0.05917,5.9169993
0.059175,5.9169993
0.05918,5.9169993
0.059185,5.9169993
0.059189998,5.9169993
0.059194997,5.9169993
0.0592,5.9169993
0.059205,5.9169993
0.05921,5.9169993
0.059214998,5.9169993
0.059219997,5.9169993
0.059224997,5.9169993
0.05923,5.9169993
0.059235,5.9169993
0.05924,5.9169993
0.059244998,5.9169993
0.059249997,5.9169993
0.059255,5.9169993
0.05926,5.9169993
0.059265,5.9169993
0.05927,5.9169993
0.059274998,5.9169993
0.059279997,5.9169993
0.059285,5.9169993
0.05929,5.9169993
0.059295,5.9169993
0.059299998,5.9169993
0.059304997,5.9169993
0.059309997,5.9169993
0.059315,5.9169993
0.05932,5.9169993
0.059325,5.9169993
0.059329998,5.9169993
0.059334997,5.9169993
0.05934,5.9169993
0.059345,5.9169993
0.05935,5.9169993
0.059355,5.9169993
0.059359998,5.9169993
0.059364997,5.9169993
0.05937,5.9169993
0.059375,5.9169993
0.05938,5.9169993
0.059384998,5.9169993
0.059389997,5.9169993
0.059395,5.9169993
0.0594,5.9169993
0.059405,5.9169993
0.05941,5.9169993
0.059414998,5.9169993
0.059419997,5.9169993
0.059425,5.9169993
0.05943,5.9169993
0.059435,5.9169993
0.059439998,5.9169993
0.059444997,5.9169993
0.059449997,5.9169993
0.059455,5.9169993
0.05946,5.9169993
0.059465,5.9169993
0.059469998,5.9169993
0.059474997,5.9169993
0.05948,5.9169993
0.059485,5.9169993
0.05949,5.9169993
0.059495,5.9169993
0.059499998,5.9169993
0.059504997,5.9169993
0.05951,5.9169993
0.059515,5.9169993
0.05952,5.9169993
0.059524998,5.9169993
0.059529997,5.9169993
0.059534997,5.9169993
0.05954,5.9169993
0.059545,5.9169993
0.05955,5.9169993
0.059554998,5.9169993
0.059559997,5.9169993
0.059565,5.9169993
0.05957,5.9169993
0.059575,5.9169993
0.05958,5.9169993
0.059584998,5.9169993
0.059589997,5.9169993
0.059595,5.9169993
0.0596,5.9169993
0.059605,5.9169993
0.059609998,5.9169993
0.059614997,5.9169993
0.059619997,5.9169993
0.059625,5.9169993
0.05963,5.9169993
0.059635,5.9169993
0.059639998,5.9169993
0.059644997,5.9169993
0.05965,5.9169993
0.059655,5.9169993
0.05966,5.9169993
0.059665,5.9169993
0.059669998,5.9169993
0.059674997,5.9169993
0.05968,5.9169993
0.059685,5.9169993
0.05969,5.9169993
0.059694998,5.9169993
0.059699997,5.9169993
0.059704997,5.9169993
0.05971,5.9169993
0.059715,5.9169993
0.05972,5.9169993
0.059724998,5.9169993
0.059729997,5.9169993
0.059735,5.9169993
0.05974,5.9169993
0.059745,5.9169993
0.05975,5.9169993
0.059754997,5.9169993
0.059759997,5.9169993
0.059765,5.9169993
0.05977,5.9169993
0.059775,5.9169993
0.059779998,5.9169993
0.059784997,5.9169993
0.05979,5.9169993
0.059795,5.9169993
0.0598,5.9169993
0.059805,5.9169993
0.059809998,5.9169993
0.059814997,5.9169993
0.05982,5.9169993
0.059825,5.9169993
0.05983,5.9169993
0.059834998,5.9169993
0.059839997,5.9169993
0.059844997,5.9169993
0.05985,5.9169993
0.059855,5.9169993
0.05986,5.9169993
0.059864998,5.9169993
0.059869997,5.9169993
0.059875,5.9169993
0.05988,5.9169993
0.059885,5.9169993
0.05989,5.9169993
0.059894998,5.9169993
0.059899997,5.9169993
0.059905,5.9169993
0.05991,5.9169993
0.059915,5.9169993
0.059919998,5.9169993
0.059924997,5.9169993
0.059929997,5.9169993
0.059935,5.9169993
0.05994,5.9169993
0.059945,5.9169993
0.059949998,5.9169993
0.059954997,5.9169993
0.05996,5.9169993
0.059965,5.9169993
0.05997,5.9169993
0.059975,5.9169993
0.059979998,5.9169993
0.059984997,5.9169993
0.05999,5.9169993
0.059995,5.9169993
0.06,5.9169993
0.060004998,5.9169993
0.060009997,5.9169993
0.060014997,5.9169993
0.06002,5.9169993
0.060025,5.9169993
0.06003,5.9169993
0.060034998,5.9169993
0.060039997,5.9169993
0.060045,5.9169993
0.06005,5.9169993
0.060055,5.9169993
0.06006,5.9169993
0.060064998,5.9169993
0.060069997,5.9169993
0.060075,5.9169993
0.06008,5.9169993
0.060085,5.9169993
0.060089998,5.9169993
0.060094997,5.9169993
0.060099997,5.9169993
0.060105,5.9169993
0.06011,5.9169993
0.060115,5.9169993
0.060119998,5.9169993
0.060124997,5.9169993
0.06013,5.9169993
0.060135,5.9169993
0.06014,5.9169993
0.060144998,5.9169993
0.060149997,5.9169993
0.060154997,5.9169993
0.06016,5.9169993
0.060165,5.9169993
0.06017,5.9169993
0.060174998,5.9169993
0.060179997,5.9169993
0.060185,5.9169993
0.06019,5.9169993
0.060195,5.9169993
0.0602,5.9169993
0.060204998,5.9169993
0.060209997,5.9169993
0.060215,5.9169993
0.06022,5.9169993
0.060225,5.9169993
0.060229998,5.9169993
0.060234997,5.9169993
0.060239997,5.9169993
0.060245,5.9169993
0.06025,5.9169993
0.060255,5.9169993
0.060259998,5.9169993
0.060264997,5.9169993
0.06027,5.9169993
0.060275,5.9169993
0.06028,5.9169993
0.060285,5.9169993
0.060289998,5.9169993
0.060294997,5.9169993
0.0603,5.9169993
0.060305,5.9169993
0.06031,5.9169993
0.060314998,5.9169993
0.060319997,5.9169993
0.060324997,5.9169993
0.06033,5.9169993
0.060335,5.9169993
0.06034,5.9169993
0.060344998,5.9169993
0.060349997,5.9169993
0.060355,5.9169993
0.06036,5.9169993
0.060365,5.9169993
0.06037,5.9169993
0.060374998,5.9169993
0.060379997,5.9169993
0.060385,5.9169993
0.06039,5.9169993
0.060395,5.9169993
0.060399998,5.9169993
0.060404997,5.9169993
0.060409997,5.9169993
0.060415,5.9169993
0.06042,5.9169993
0.060425,5.9169993
0.060429998,5.9169993
0.060434997,5.9169993
0.06044,5.9169993
0.060445,5.9169993
0.06045,5.9169993
0.060455,5.9169993
0.060459998,5.9169993
0.060464997,5.9169993
0.06047,5.9169993
0.060475,5.9169993
0.06048,5.9169993
0.060484998,5.9169993
0.060489997,5.9169993
0.060495,5.9169993
0.0605,5.9169993
0.060505,5.9169993
0.06051,5.9169993
0.060514998,5.9169993
0.060519997,5.9169993
0.060525,5.9169993
0.06053,5.9169993
0.060535,5.9169993
0.060539998,5.9169993
0.060544997,5.9169993
0.060549997,5.9169993
0.060555,5.9169993
0.06056,5.9169993
0.060565,5.9169993
0.060569998,5.9169993
0.060574997,5.9169993
0.06058,5.9169993
0.060585,5.9169993
0.06059,5.9169993
0.060595,5.9169993
0.060599998,5.9169993
0.060604997,5.9169993
0.06061,5.9169993
0.060615,5.9169993
0.06062,5.9169993
0.060624998,5.9169993
0.060629997,5.9169993
0.060634997,5.9169993
0.06064,5.9169993
0.060645,5.9169993
0.06065,5.9169993
0.060654998,5.9169993
0.060659997,5.9169993
0.060665,5.9169993
0.06067,5.9169993
0.060675,5.9169993
0.06068,5.9169993
0.060684998,5.9169993
0.060689997,5.9169993
0.060695,5.9169993
0.0607,5.9169993
0.060705,5.9169993
0.060709998,5.9169993
0.060714997,5.9169993
0.060719997,5.9169993
0.060725,5.9169993
0.06073,5.9169993
0.060735,5.9169993
0.060739998,5.9169993
0.060744997,5.9169993
0.06075,5.9169993
0.060755,5.9169993
0.06076,5.9169993
0.060765,5.9169993
0.060769998,5.9169993
0.060774997,5.9169993
0.06078,5.9169993
0.060785,5.9169993
0.06079,5.9169993
0.060794998,5.9169993
0.060799997,5.9169993
0.060804997,5.9169993
0.06081,5.9169993
0.060815,5.9169993
0.06082,5.9169993
0.060824998,5.9169993
0.060829997,5.9169993
0.060835,5.9169993
0.06084,5.9169993
0.060845,5.9169993
0.06085,5.9169993
0.060854997,5.9169993
0.060859997,5.9169993
0.060865,5.9169993
0.06087,5.9169993
0.060875,5.9169993
0.060879998,5.9169993
0.060884997,5.9169993
0.06089,5.9169993
0.060895,5.9169993
0.0609,5.9169993
0.060905,5.9169993
0.060909998,5.9169993
0.060914997,5.9169993
0.06092,5.9169993
0.060925,5.9169993
0.06093,5.9169993
0.060934998,5.9169993
0.060939997,5.9169993
0.060944997,5.9169993
0.06095,5.9169993
0.060955,5.9169993
0.06096,5.9169993
0.060964998,5.9169993
0.060969997,5.9169993
0.060975,5.9169993
0.06098,5.9169993
0.060985,5.9169993
0.06099,5.9169993
0.060994998,5.9169993
0.060999997,5.9169993
0.061005,5.9169993
0.06101,5.9169993
0.061015,5.9169993
0.061019998,5.9169993
0.061024997,5.9169993
0.061029997,5.9169993
0.061035,5.9169993
0.06104,5.9169993
0.061045,5.9169993
0.061049998,5.9169993
0.061054997,5.9169993
0.06106,5.9169993
0.061065,5.9169993
0.06107,5.9169993
0.061075,5.9169993
0.061079998,5.9169993
0.061084997,5.9169993
0.06109,5.9169993
0.061095,5.9169993
0.0611,5.9169993
0.061104998,5.9169993
0.061109997,5.9169993
0.061114997,5.9169993
0.06112,5.9169993
0.061125,5.9169993
0.06113,5.9169993
0.061134998,5.9169993
0.061139997,5.9169993
0.061145,5.9169993
0.06115,5.9169993
0.061155,5.9169993
0.06116,5.9169993
0.061164998,5.9169993
0.061169997,5.9169993
0.061175,5.9169993
0.06118,5.9169993
0.061185,5.9169993
0.061189998,5.9169993
0.061194997,5.9169993
0.061199997,5.9169993
0.061205,5.9169993
0.06121,5.9169993
0.061215,5.9169993
0.061219998,5.9169993
0.061224997,5.9169993
0.06123,5.9169993
0.061235,5.9169993
0.06124,5.9169993
0.061244998,5.9169993
0.061249997,5.9169993
0.061254997,5.9169993
0.06126,5.9169993
0.061265,5.9169993
0.06127,5.9169993
0.061274998,5.9169993
0.061279997,5.9169993
0.061285,5.9169993
0.06129,5.9169993
0.061295,5.9169993
0.0613,5.9169993
0.061304998,5.9169993
0.061309997,5.9169993
0.061315,5.9169993
0.06132,5.9169993
0.061325,5.9169993
0.061329998,5.9169993
0.061334997,5.9169993
0.061339997,5.9169993
0.061345,5.9169993
0.06135,5.9169993
0.061355,5.9169993
0.061359998,5.9169993
0.061364997,5.9169993
0.06137,5.9169993
0.061375,5.9169993
0.06138,5.9169993
0.061385,5.9169993
0.061389998,5.9169993
0.061394997,5.9169993
0.0614,5.9169993
0.061405,5.9169993
0.06141,5.9169993
0.061414998,5.9169993
0.061419997,5.9169993
0.061424997,5.9169993
0.06143,5.9169993
0.061435,5.9169993
0.06144,5.9169993
0.061444998,5.9169993
0.061449997,5.9169993
0.061455,5.9169993
0.06146,5.9169993
0.061465,5.9169993
0.06147,5.9169993
0.061474998,5.9169993
0.061479997,5.9169993
0.061485,5.9169993
0.06149,5.9169993
0.061495,5.9169993
0.061499998,5.9169993
0.061504997,5.9169993
0.061509997,5.9169993
0.061515,5.9169993
0.06152,5.9169993
0.061525,5.9169993
0.061529998,5.9169993
0.061534997,5.9169993
0.06154,5.9169993
0.061545,5.9169993
0.06155,5.9169993
0.061555,5.9169993
0.061559997,5.9169993
0.061564997,5.9169993
0.06157,5.9169993
0.061575,5.9169993
0.06158,5.9169993
0.061584998,5.9169993
0.061589997,5.9169993
0.061594997,5.9169993
0.0616,5.9169993
0.061605,5.9169993
0.06161,5.9169993
0.061614998,5.9169993
0.061619997,5.9169993
0.061625,5.9169993
0.06163,5.9169993
0.061635,5.9169993
0.061639998,5.9169993
0.061644997,5.9169993
0.061649997,5.9169993
0.061655,5.9169993
0.06166,5.9169993
0.061665,5.9169993
0.061669998,5.9169993
0.061674997,5.9169993
0.06168,5.9169993
0.061685,5.9169993
0.06169,5.9169993
0.061695,5.9169993
0.061699998,5.9169993
0.061704997,5.9169993
0.06171,5.9169993
0.061715,5.9169993
0.06172,5.9169993
0.061724998,5.9169993
0.061729997,5.9169993
0.061734997,5.9169993
0.06174,5.9169993
0.061745,5.9169993
0.06175,5.9169993
0.061754998,5.9169993
0.061759997,5.9169993
0.061765,5.9169993
0.06177,5.9169993
0.061775,5.9169993
0.06178,5.9169993
0.061784998,5.9169993
0.061789997,5.9169993
0.061795,5.9169993
0.0618,5.9169993
0.061805,5.9169993
0.061809998,5.9169993
0.061814997,5.9169993
0.061819997,5.9169993
0.061825,5.9169993
0.06183,5.9169993
0.061835,5.9169993
0.061839998,5.9169993
0.061844997,5.9169993
0.06185,5.9169993
0.061855,5.9169993
0.06186,5.9169993
0.061865,5.9169993
0.061869998,5.9169993
0.061874997,5.9169993
0.06188,5.9169993
0.061885,5.9169993
0.06189,5.9169993
0.061894998,5.9169993
0.061899997,5.9169993
0.061904997,5.9169993
0.06191,5.9169993
0.061915,5.9169993
0.06192,5.9169993
0.061924998,5.9169993
0.061929997,5.9169993
0.061935,5.9169993
0.06194,5.9169993
0.061945,5.9169993
0.06195,5.9169993
0.061954997,5.9169993
0.061959997,5.9169993
0.061965,5.9169993
0.06197,5.9169993
0.061975,5.9169993
0.061979998,5.9169993
0.061984997,5.9169993
0.061989997,5.9169993
0.061995,5.9169993
0.062,5.9169993
0.062005,5.9169993
0.062009998,5.9169993
0.062014997,5.9169993
0.06202,5.9169993
0.062025,5.9169993
0.06203,5.9169993
0.062034998,5.9169993
0.062039997,5.9169993
0.062044997,5.9169993
0.06205,5.9169993
0.062055,5.9169993
0.06206,5.9169993
0.062064998,5.9169993
0.062069997,5.9169993
0.062075,5.9169993
0.06208,5.9169993
0.062085,5.9169993
0.06209,5.9169993
0.062094998,5.9169993
0.062099997,5.9169993
0.062105,5.9169993
0.06211,5.9169993
0.062115,5.9169993
0.062119998,5.9169993
0.062124997,5.9169993
0.062129997,5.9169993
0.062135,5.9169993
0.06214,5.9169993
0.062145,5.9169993
0.062149998,5.9169993
0.062154997,5.9169993
0.06216,5.9169993
0.062165,5.9169993
0.06217,5.9169993
0.062175,5.9169993
0.062179998,5.9169993
0.062184997,5.9169993
0.06219,5.9169993
0.062195,5.9169993
0.0622,5.9169993
0.062204998,5.9169993
0.062209997,5.9169993
0.062214997,5.9169993
0.06222,5.9169993
0.062225,5.9169993
0.06223,5.9169993
0.062234998,5.9169993
0.062239997,5.9169993
0.062245,5.9169993
0.06225,5.9169993
0.062255,5.9169993
0.06226,5.9169993
0.062264998,5.9169993
0.062269997,5.9169993
0.062275,5.9169993
0.06228,5.9169993
0.062285,5.9169993
0.062289998,5.9169993
0.062294997,5.9169993
0.062299997,5.9169993
0.062305,5.9169993
0.06231,5.9169993
0.062315,5.9169993
0.062319998,5.9169993
0.062324997,5.9169993
0.06233,5.9169993
0.062335,5.9169993
0.06234,5.9169993
0.062344998,5.9169993
0.062349997,5.9169993
0.062354997,5.9169993
0.06236,5.9169993
0.062365,5.9169993
0.06237,5.9169993
0.062374998,5.9169993
0.062379997,5.9169993
0.062384997,5.9169993
0.06239,5.9169993
0.062395,5.9169993
0.0624,5.9169993
0.062404998,5.9169993
0.062409997,5.9169993
0.062415,5.9169993
0.06242,5.9169993
0.062425,5.9169993
0.062429998,5.9169993
0.062434997,5.9169993
0.062439997,5.9169993
0.062445,5.9169993
0.06245,5.9169993
0.062455,5.9169993
0.062459998,5.9169993
0.062464997,5.9169993
0.06247,5.9169993
0.062475,5.9169993
0.06248,5.9169993
0.062485,5.9169993
0.062489998,5.9169993
0.062494997,5.9169993
0.0625,5.9169993
0.062505,5.9169993
0.06251,5.9169993
0.062515,5.9169993
0.06252,5.9169993
0.062525,5.9169993
0.062529996,5.9169993
0.062534995,5.9169993
0.062539995,5.9169993
0.062545,5.9169993
0.06255,5.9169993
0.062555,5.9169993
0.06256,5.9169993
0.062565,5.9169993
0.06257,5.9169993
0.062575,5.9169993
0.06258,5.9169993
0.062584996,5.9169993
0.062589996,5.9169993
0.062594995,5.9169993
0.0626,5.9169993
0.062605,5.9169993
0.06261,5.9169993
0.062615,5.9169993
0.06262,5.9169993
0.062625,5.9169993
0.06263,5.9169993
0.062635,5.9169993
0.06264,5.9169993
0.062644996,5.9169993
0.062649995,5.9169993
0.062655,5.9169993
0.06266,5.9169993
0.062665,5.9169993
0.06267,5.9169993
0.062675,5.9169993
0.06268,5.9169993
0.062685,5.9169993
0.06269,5.9169993
0.062695,5.9169993
0.062699996,5.9169993
0.062704995,5.9169993
0.06271,5.9169993
0.062715,5.9169993
0.06272,5.9169993
0.062725,5.9169993
0.06273,5.9169993
0.062735,5.9169993
0.06274,5.9169993
0.062745,5.9169993
0.06275,5.9169993
0.062754996,5.9169993
0.062759995,5.9169993
0.062764995,5.9169993
0.06277,5.9169993
0.062775,5.9169993
0.06278,5.9169993
0.062785,5.9169993
0.06279,5.9169993
0.062795,5.9169993
0.0628,5.9169993
0.062805,5.9169993
0.06281,5.9169993
0.062814996,5.9169993
0.062819995,5.9169993
0.062825,5.9169993
0.06283,5.9169993
0.062835,5.9169993
0.06284,5.9169993
0.062845,5.9169993
0.06285,5.9169993
0.062855,5.9169993
0.06286,5.9169993
0.062865,5.9169993
0.062869996,5.9169993
0.062874995,5.9169993
0.06288,5.9169993
0.062885,5.9169993
0.06289,5.9169993
0.062895,5.9169993
0.0629,5.9169993
0.062905,5.9169993
0.06291,5.9169993
0.062915,5.9169993
0.06292,5.9169993
0.062924996,5.9169993
0.062929995,5.9169993
0.062934995,5.9169993
0.06294,5.9169993
0.062945,5.9169993
0.06295,5.9169993
0.062955,5.9169993
0.06296,5.9169993
0.062965,5.9169993
0.06297,5.9169993
0.062975,5.9169993
0.062979996,5.9169993
0.062984996,5.9169993
0.062989995,5.9169993
0.062995,5.9169993
0.063,5.9169993
0.063005,5.9169993
0.06301,5.9169993
0.063015,5.9169993
0.06302,5.9169993
0.063025,5.9169993
0.06303,5.9169993
0.063035,5.9169993
0.063039996,5.9169993
0.063044995,5.9169993
0.06305,5.9169993
0.063055,5.9169993
0.06306,5.9169993
0.063065,5.9169993
0.06307,5.9169993
0.063075,5.9169993
0.06308,5.9169993
0.063085,5.9169993
0.06309,5.9169993
0.063094996,5.9169993
0.063099995,5.9169993
0.063105,5.9169993
0.06311,5.9169993
0.063115,5.9169993
0.06312,5.9169993
0.063125,5.9169993
0.06313,5.9169993
0.063135,5.9169993
0.06314,5.9169993
0.063145,5.9169993
0.063149996,5.9169993
0.063154995,5.9169993
0.063159995,5.9169993
0.063165,5.9169993
0.06317,5.9169993
0.063175,5.9169993
0.06318,5.9169993
0.063185,5.9169993
0.06319,5.9169993
0.063195,5.9169993
0.0632,5.9169993
0.063205,5.9169993
0.063209996,5.9169993
0.063214995,5.9169993
0.06322,5.9169993
0.063225,5.9169993
0.06323,5.9169993
0.063235,5.9169993
0.06324,5.9169993
0.063245,5.9169993
0.06325,5.9169993
0.063255,5.9169993
0.06326,5.9169993
0.063264996,5.9169993
0.063269995,5.9169993
0.063275,5.9169993
0.06328,5.9169993
0.063285,5.9169993
0.06329,5.9169993
0.063295,5.9169993
0.0633,5.9169993
0.063305,5.9169993
0.06331,5.9169993
0.063315,5.9169993
0.063319996,5.9169993
0.063324995,5.9169993
0.063329995,5.9169993
0.063335,5.9169993
0.06334,5.9169993
0.063345,5.9169993
0.06335,5.9169993
0.063355,5.9169993
0.06336,5.9169993
0.063365,5.9169993
0.06337,5.9169993
0.063374996,5.9169993
0.063379996,5.9169993
0.063384995,5.9169993
0.06339,5.9169993
0.063395,5.9169993
0.0634,5.9169993
0.063405,5.9169993
0.06341,5.9169993
0.063415,5.9169993
0.06342,5.9169993
0.063425,5.9169993
0.06343,5.9169993
0.063434996,5.9169993
0.063439995,5.9169993
0.063445,5.9169993
0.06345,5.9169993
0.063455,5.9169993
0.06346,5.9169993
0.063465,5.9169993
0.06347,5.9169993
0.063475,5.9169993
0.06348,5.9169993
0.063485,5.9169993
0.063489996,5.9169993
0.063494995,5.9169993
0.0635,5.9169993
0.063505,5.9169993
0.06351,5.9169993
0.063515,5.9169993
0.06352,5.9169993
0.063525,5.9169993
0.06353,5.9169993
0.063535,5.9169993
0.06354,5.9169993
0.063544996,5.9169993
0.063549995,5.9169993
0.063554995,5.9169993
0.06356,5.9169993
0.063565,5.9169993
0.06357,5.9169993
0.063575,5.9169993
0.06358,5.9169993
0.063585,5.9169993
0.06359,5.9169993
0.063595,5.9169993
0.063599996,5.9169993
0.063604996,5.9169993
0.063609995,5.9169993
0.063615,5.9169993
0.06362,5.9169993
0.063625,5.9169993
0.06363,5.9169993
0.063635,5.9169993
0.06364,5.9169993
0.063645,5.9169993
0.06365,5.9169993
0.063655,5.9169993
0.063659996,5.9169993
0.063664995,5.9169993
0.06367,5.9169993
0.063675,5.9169993
0.06368,5.9169993
0.063685,5.9169993
0.06369,5.9169993
0.063695,5.9169993
0.0637,5.9169993
0.063705,5.9169993
0.06371,5.9169993
0.063714996,5.9169993
0.063719995,5.9169993
0.063725,5.9169993
0.06373,5.9169993
0.063735,5.9169993
0.06374,5.9169993
0.063745,5.9169993
0.06375,5.9169993
0.063755,5.9169993
0.06376,5.9169993
0.063765,5.9169993
0.063769996,5.9169993
0.063774996,5.9169993
0.063779995,5.9169993
0.063785,5.9169993
0.06379,5.9169993
0.063795,5.9169993
0.0638,5.9169993
0.063805,5.9169993
0.06381,5.9169993
0.063815,5.9169993
0.06382,5.9169993
0.063825,5.9169993
0.063829996,5.9169993
0.063834995,5.9169993
0.06384,5.9169993
0.063845,5.9169993
0.06385,5.9169993
0.063855,5.9169993
0.06386,5.9169993
0.063865,5.9169993
0.06387,5.9169993
0.063875,5.9169993
0.06388,5.9169993
0.063884996,5.9169993
0.063889995,5.9169993
0.063895,5.9169993
0.0639,5.9169993
0.063905,5.9169993
0.06391,5.9169993
0.063915,5.9169993
0.06392,5.9169993
0.063925,5.9169993
0.06393,5.9169993
0.063935,5.9169993
0.063939996,5.9169993
0.063944995,5.9169993
0.063949995,5.9169993
0.063955,5.9169993
0.06396,5.9169993
0.063965,5.9169993
0.06397,5.9169993
0.063975,5.9169993
0.06398,5.9169993
0.063985,5.9169993
0.06399,5.9169993
0.063994996,5.9169993
0.063999996,5.9169993
0.064004995,5.9169993
0.06401,5.9169993
0.064015,5.9169993
0.06402,5.9169993
0.064025,5.9169993
0.06403,5.9169993
0.064035,5.9169993
0.06404,5.9169993
0.064045,5.9169993
0.06405,5.9169993
0.064054996,5.9169993
0.064059995,5.9169993
0.064065,5.9169993
0.06407,5.9169993
0.064075,5.9169993
0.06408,5.9169993
0.064085,5.9169993
0.06409,5.9169993
0.064095,5.9169993
0.0641,5.9169993
0.064105,5.9169993
0.064109996,5.9169993
0.064114995,5.9169993
0.06412,5.9169993
0.064125,5.9169993
0.06413,5.9169993
0.064135,5.9169993
0.06414,5.9169993
0.064145,5.9169993
0.06415,5.9169993
0.064155,5.9169993
0.06416,5.9169993
0.064164996,5.9169993
0.064169995,5.9169993
0.064174995,5.9169993
0.06418,5.9169993
0.064185,5.9169993
0.06419,5.9169993
0.064195,5.9169993
0.0642,5.9169993
0.064205,5.9169993
0.06421,5.9169993
0.064215,5.9169993
0.06422,5.9169993
0.064224996,5.9169993
0.064229995,5.9169993
0.064235,5.9169993
0.06424,5.9169993
0.064245,5.9169993
0.06425,5.9169993
0.064255,5.9169993
0.06426,5.9169993
0.064265,5.9169993
0.06427,5.9169993
0.064275,5.9169993
0.064279996,5.9169993
0.064284995,5.9169993
0.06429,5.9169993
0.064295,5.9169993
0.0643,5.9169993
0.064305,5.9169993
0.06431,5.9169993
0.064315,5.9169993
0.06432,5.9169993
0.064325,5.9169993
0.06433,5.9169993
0.064334996,5.9169993
0.064339995,5.9169993
0.064344995,5.9169993
0.06435,5.9169993
0.064355,5.9169993
0.06436,5.9169993
0.064365,5.9169993
0.06437,5.9169993
0.064375,5.9169993
0.06438,5.9169993
0.064385,5.9169993
0.064389996,5.9169993
0.064394996,5.9169993
0.064399995,5.9169993
0.064405,5.9169993
0.06441,5.9169993
0.064415,5.9169993
0.06442,5.9169993
0.064425,5.9169993
0.06443,5.9169993
0.064435,5.9169993
0.06444,5.9169993
0.064445,5.9169993
0.064449996,5.9169993
0.064454995,5.9169993
0.06446,5.9169993
0.064465,5.9169993
0.06447,5.9169993
0.064475,5.9169993
0.06448,5.9169993
0.064485,5.9169993
0.06449,5.9169993
0.064495,5.9169993
0.0645,5.9169993
0.064504996,5.9169993
0.064509995,5.9169993
0.064515,5.9169993
0.06452,5.9169993
0.064525,5.9169993
0.06453,5.9169993
0.064535,5.9169993
0.06454,5.9169993
0.064545,5.9169993
0.06455,5.9169993
0.064555,5.9169993
0.064559996,5.9169993
0.064564995,5.9169993
0.064569995,5.9169993
0.064575,5.9169993
0.06458,5.9169993
0.064585,5.9169993
0.06459,5.9169993
0.064595,5.9169993
0.0646,5.9169993
0.064605,5.9169993
0.06461,5.9169993
0.064615,5.9169993
0.064619996,5.9169993
0.064624995,5.9169993
0.06463,5.9169993
0.064635,5.9169993
0.06464,5.9169993
0.064645,5.9169993
0.06465,5.9169993
0.064655,5.9169993
0.06466,5.9169993
0.064665,5.9169993
0.06467,5.9169993
0.064674996,5.9169993
0.064679995,5.9169993
0.064685,5.9169993
0.06469,5.9169993
0.064695,5.9169993
0.0647,5.9169993
0.064705,5.9169993
0.06471,5.9169993
0.064715,5.9169993
0.06472,5.9169993
0.064725,5.9169993
0.064729996,5.9169993
0.064734995,5.9169993
0.064739995,5.9169993
0.064745,5.9169993
0.06475,5.9169993
0.064755,5.9169993
0.06476,5.9169993
0.064765,5.9169993
0.06477,5.9169993
0.064775,5.9169993
0.06478,5.9169993
0.064784996,5.9169993
0.064789996,5.9169993
0.064794995,5.9169993
0.0648,5.9169993
0.064805,5.9169993
0.06481,5.9169993
0.064815,5.9169993
0.06482,5.9169993
0.064825,5.9169993
0.06483,5.9169993
0.064835,5.9169993
0.06484,5.9169993
0.064844996,5.9169993
0.064849995,5.9169993
0.064855,5.9169993
0.06486,5.9169993
0.064865,5.9169993
0.06487,5.9169993
0.064875,5.9169993
0.06488,5.9169993
0.064885,5.9169993
0.06489,5.9169993
0.064895,5.9169993
0.064899996,5.9169993
0.064904995,5.9169993
0.06491,5.9169993
0.064915,5.9169993
0.06492,5.9169993
0.064925,5.9169993
0.06493,5.9169993
0.064935,5.9169993
0.06494,5.9169993
0.064945,5.9169993
0.06495,5.9169993
0.064954996,5.9169993
0.064959995,5.9169993
0.064964995,5.9169993
0.06497,5.9169993
0.064975,5.9169993
0.06498,5.9169993
0.064985,5.9169993
0.06499,5.9169993
0.064995,5.9169993
0.065,5.9169993
0.065005,5.9169993
0.06501,5.9169993
0.065014996,5.9169993
0.065019995,5.9169993
0.065025,5.9169993
0.06503,5.9169993
0.065035,5.9169993
0.06504,5.9169993
0.065045,5.9169993
0.06505,5.9169993
0.065055,5.9169993
0.06506,5.9169993
0.065065,5.9169993
0.065069996,5.9169993
0.065074995,5.9169993
0.06508,5.9169993
0.065085,5.9169993
0.06509,5.9169993
0.065095,5.9169993
0.0651,5.9169993
0.065105,5.9169993
0.06511,5.9169993
0.065115,5.9169993
0.06512,5.9169993
0.065124996,5.9169993
0.065129995,5.9169993
0.065134995,5.9169993
0.06514,5.9169993
0.065145,5.9169993
0.06515,5.9169993
0.065155,5.9169993
0.06516,5.9169993
0.065165,5.9169993
0.06517,5.9169993
0.065175,5.9169993
0.065179996,5.9169993
0.065184996,5.9169993
0.065189995,5.9169993
0.065195,5.9169993
0.0652,5.9169993
0.065205,5.9169993
0.06521,5.9169993
0.065215,5.9169993
0.06522,5.9169993
0.065225,5.9169993
0.06523,5.9169993
0.065235,5.9169993
0.065239996,5.9169993
0.065244995,5.9169993
0.06525,5.9169993
0.065255,5.9169993
0.06526,5.9169993
0.065265,5.9169993
0.06527,5.9169993
0.065275,5.9169993
0.06528,5.9169993
0.065285,5.9169993
0.06529,5.9169993
0.065294996,5.9169993
0.065299995,5.9169993
0.065305,5.9169993
0.06531,5.9169993
0.065315,5.9169993
0.06532,5.9169993
0.065325,5.9169993
0.06533,5.9169993
0.065335,5.9169993
0.06534,5.9169993
0.065345,5.9169993
0.065349996,5.9169993
0.065354995,5.9169993
0.065359995,5.9169993
0.065365,5.9169993
0.06537,5.9169993
0.065375,5.9169993
0.06538,5.9169993
0.065385,5.9169993
0.06539,5.9169993
0.065395,5.9169993
0.0654,5.9169993
0.065405,5.9169993
0.065409996,5.9169993
0.065414995,5.9169993
0.06542,5.9169993
0.065425,5.9169993
0.06543,5.9169993
0.065435,5.9169993
0.06544,5.9169993
0.065445,5.9169993
0.06545,5.9169993
0.065455,5.9169993
0.06546,5.9169993
0.065464996,5.9169993
0.065469995,5.9169993
0.065475,5.9169993
0.06548,5.9169993
0.065485,5.9169993
0.06549,5.9169993
0.065495,5.9169993
0.0655,5.9169993
0.065505,5.9169993
0.06551,5.9169993
0.065515,5.9169993
0.065519996,5.9169993
0.065524995,5.9169993
0.065529995,5.9169993
0.065535,5.9169993
0.06554,5.9169993
0.065545,5.9169993
0.06555,5.9169993
0.065555,5.9169993
0.06556,5.9169993
0.065565,5.9169993
0.06557,5.9169993
0.065574996,5.9169993
0.065579996,5.9169993
0.065584995,5.9169993
0.06559,5.9169993
0.065595,5.9169993
0.0656,5.9169993
0.065605,5.9169993
0.06561,5.9169993
0.065615,5.9169993
0.06562,5.9169993
0.065625,5.9169993
0.06563,5.9169993
0.065634996,5.9169993
0.065639995,5.9169993
0.065645,5.9169993
0.06565,5.9169993
0.065655,5.9169993
0.06566,5.9169993
0.065665,5.9169993
0.06567,5.9169993
0.065675,5.9169993
0.06568,5.9169993
0.065685,5.9169993
0.065689996,5.9169993
0.065694995,5.9169993
0.0657,5.9169993
0.065705,5.9169993
0.06571,5.9169993
0.065715,5.9169993
0.06572,5.9169993
0.065725,5.9169993
0.06573,5.9169993
0.065735,5.9169993
0.06574,5.9169993
0.065744996,5.9169993
0.065749995,5.9169993
0.065754995,5.9169993
0.06576,5.9169993
0.065765,5.9169993
0.06577,5.9169993
0.065775,5.9169993
0.06578,5.9169993
0.065785,5.9169993
0.06579,5.9169993
0.065795,5.9169993
0.065799996,5.9169993
0.065804996,5.9169993
0.065809995,5.9169993
0.065815,5.9169993
0.06582,5.9169993
0.065825,5.9169993
0.06583,5.9169993
0.065835,5.9169993
0.06584,5.9169993
0.065845,5.9169993
0.06585,5.9169993
0.065855,5.9169993
0.065859996,5.9169993
0.065864995,5.9169993
0.06587,5.9169993
0.065875,5.9169993
0.06588,5.9169993
0.065885,5.9169993
0.06589,5.9169993
0.065895,5.9169993
0.0659,5.9169993
0.065905,5.9169993
0.06591,5.9169993
0.065914996,5.9169993
0.065919995,5.9169993
0.065924995,5.9169993
0.06593,5.9169993
0.065935,5.9169993
0.06594,5.9169993
0.065945,5.9169993
0.06595,5.9169993
0.065955,5.9169993
0.06596,5.9169993
0.065965,5.9169993
0.065969996,5.9169993
0.065974995,5.9169993
0.065979995,5.9169993
0.065985,5.9169993
0.06599,5.9169993
0.065995,5.9169993
0.066,5.9169993
0.066005,5.9169993
0.06601,5.9169993
0.066015,5.9169993
0.06602,5.9169993
0.066025,5.9169993
0.066029996,5.9169993
0.066034995,5.9169993
0.06604,5.9169993
0.066045,5.9169993
0.06605,5.9169993
0.066055,5.9169993
0.06606,5.9169993
0.066065,5.9169993
0.06607,5.9169993
0.066075,5.9169993
0.06608,5.9169993
0.066084996,5.9169993
0.066089995,5.9169993
0.066095,5.9169993
0.0661,5.9169993
0.066105,5.9169993
0.06611,5.9169993
0.066115,5.9169993
0.06612,5.9169993
0.066125,5.9169993
0.06613,5.9169993
0.066135,5.9169993
0.066139996,5.9169993
0.066144995,5.9169993
0.066149995,5.9169993
0.066155,5.9169993
0.06616,5.9169993
0.066165,5.9169993
0.06617,5.9169993
0.066175,5.9169993
0.06618,5.9169993
0.066185,5.9169993
0.06619,5.9169993
0.066194996,5.9169993
0.066199996,5.9169993
0.066204995,5.9169993
0.06621,5.9169993
0.066215,5.9169993
0.06622,5.9169993
0.066225,5.9169993
0.06623,5.9169993
0.066235,5.9169993
0.06624,5.9169993
0.066245,5.9169993
0.06625,5.9169993
0.066254996,5.9169993
0.066259995,5.9169993
0.066265,5.9169993
0.06627,5.9169993
0.066275,5.9169993
0.06628,5.9169993
0.066285,5.9169993
0.06629,5.9169993
0.066295,5.9169993
0.0663,5.9169993
0.066305,5.9169993
0.066309996,5.9169993
0.066314995,5.9169993
0.066319995,5.9169993
0.066325,5.9169993
0.06633,5.9169993
0.066335,5.9169993
0.06634,5.9169993
0.066345,5.9169993
0.06635,5.9169993
0.066355,5.9169993
0.06636,5.9169993
0.066364996,5.9169993
0.066369995,5.9169993
0.066374995,5.9169993
0.06638,5.9169993
0.066385,5.9169993
0.06639,5.9169993
0.066395,5.9169993
0.0664,5.9169993
0.066405,5.9169993
0.06641,5.9169993
0.066415,5.9169993
0.06642,5.9169993
0.066424996,5.9169993
0.066429995,5.9169993
0.066435,5.9169993
0.06644,5.9169993
0.066445,5.9169993
0.06645,5.9169993
0.066455,5.9169993
0.06646,5.9169993
0.066465,5.9169993
0.06647,5.9169993
0.066475,5.9169993
0.066479996,5.9169993
0.066484995,5.9169993
0.06649,5.9169993
0.066495,5.9169993
0.0665,5.9169993
0.066505,5.9169993
0.06651,5.9169993
0.066515,5.9169993
0.06652,5.9169993
0.066525,5.9169993
0.06653,5.9169993
0.066534996,5.9169993
0.066539995,5.9169993
0.066544995,5.9169993
0.06655,5.9169993
0.066555,5.9169993
0.06656,5.9169993
0.066565,5.9169993
0.06657,5.9169993
0.066575,5.9169993
0.06658,5.9169993
0.066585,5.9169993
0.066589996,5.9169993
0.066594996,5.9169993
0.066599995,5.9169993
0.066605,5.9169993
0.06661,5.9169993
0.066615,5.9169993
0.06662,5.9169993
0.066625,5.9169993
0.06663,5.9169993
0.066635,5.9169993
0.06664,5.9169993
0.066645,5.9169993
0.066649996,5.9169993
0.066654995,5.9169993
0.06666,5.9169993
0.066665,5.9169993
0.06667,5.9169993
0.066675,5.9169993
0.06668,5.9169993
0.066685,5.9169993
0.06669,5.9169993
0.066695,5.9169993
0.0667,5.9169993
0.066704996,5.9169993
0.066709995,5.9169993
0.066714995,5.9169993
0.06672,5.9169993
0.066725,5.9169993
0.06673,5.9169993
0.066735,5.9169993
0.06674,5.9169993
0.066745,5.9169993
0.06675,5.9169993
0.066755,5.9169993
0.066759996,5.9169993
0.066764995,5.9169993
0.066769995,5.9169993
0.066775,5.9169993
0.06678,5.9169993
0.066785,5.9169993
0.06679,5.9169993
0.066795,5.9169993
0.0668,5.9169993
0.066805,5.9169993
0.06681,5.9169993
0.066815,5.9169993
0.066819996,5.9169993
0.066824995,5.9169993
0.06683,5.9169993
0.066835,5.9169993
0.06684,5.9169993
0.066845,5.9169993
0.06685,5.9169993
0.066855,5.9169993
0.06686,5.9169993
0.066865,5.9169993
0.06687,5.9169993
0.066874996,5.9169993
0.066879995,5.9169993
0.066885,5.9169993
0.06689,5.9169993
0.066895,5.9169993
0.0669,5.9169993
0.066905,5.9169993
0.06691,5.9169993
0.066915,5.9169993
0.06692,5.9169993
0.066925,5.9169993
0.066929996,5.9169993
0.066934995,5.9169993
0.066939995,5.9169993
0.066945,5.9169993
0.06695,5.9169993
0.066955,5.9169993
0.06696,5.9169993
0.066965,5.9169993
0.06697,5.9169993
0.066975,5.9169993
0.06698,5.9169993
0.066984996,5.9169993
0.066989996,5.9169993
0.066994995,5.9169993
0.067,5.9169993
0.067005,5.9169993
0.06701,5.9169993
0.067015,5.9169993
0.06702,5.9169993
0.067025,5.9169993
0.06703,5.9169993
0.067035,5.9169993
0.06704,5.9169993
0.067044996,5.9169993
0.067049995,5.9169993
0.067055,5.9169993
0.06706,5.9169993
0.067065,5.9169993
0.06707,5.9169993
0.067075,5.9169993
0.06708,5.9169993
0.067085,5.9169993
0.06709,5.9169993
0.067095,5.9169993
0.067099996,5.9169993
0.067104995,5.9169993
0.067109995,5.9169993
0.067115,5.9169993
0.06712,5.9169993
0.067125,5.9169993
0.06713,5.9169993
0.067135,5.9169993
0.06714,5.9169993
0.067145,5.9169993
0.06715,5.9169993
0.067154996,5.9169993
0.067159995,5.9169993
0.067164995,5.9169993
0.06717,5.9169993
0.067175,5.9169993
0.06718,5.9169993
0.067185,5.9169993
0.06719,5.9169993
0.067195,5.9169993
0.0672,5.9169993
0.067205,5.9169993
0.06721,5.9169993
0.067214996,5.9169993
0.067219995,5.9169993
0.067225,5.9169993
0.06723,5.9169993
0.067235,5.9169993
0.06724,5.9169993
0.067245,5.9169993
0.06725,5.9169993
0.067255,5.9169993
0.06726,5.9169993
0.067265,5.9169993
0.067269996,5.9169993
0.067274995,5.9169993
0.06728,5.9169993
0.067285,5.9169993
0.06729,5.9169993
0.067295,5.9169993
0.0673,5.9169993
0.067305,5.9169993
0.06731,5.9169993
0.067315,5.9169993
0.06732,5.9169993
0.067324996,5.9169993
0.067329995,5.9169993
0.067334995,5.9169993
0.06734,5.9169993
0.067345,5.9169993
0.06735,5.9169993
0.067355,5.9169993
0.06736,5.9169993
0.067365,5.9169993
0.06737,5.9169993
0.067375,5.9169993
0.067379996,5.9169993
0.067384996,5.9169993
0.067389995,5.9169993
0.067395,5.9169993
0.0674,5.9169993
0.067405,5.9169993
0.06741,5.9169993
0.067415,5.9169993
0.06742,5.9169993
0.067425,5.9169993
0.06743,5.9169993
0.067435,5.9169993
0.067439996,5.9169993
0.067444995,5.9169993
0.06745,5.9169993
0.067455,5.9169993
0.06746,5.9169993
0.067465,5.9169993
0.06747,5.9169993
0.067475,5.9169993
0.06748,5.9169993
0.067485,5.9169993
0.06749,5.9169993
0.067494996,5.9169993
0.067499995,5.9169993
0.067504995,5.9169993
0.06751,5.9169993
0.067515,5.9169993
0.06752,5.9169993
0.067525,5.9169993
0.06753,5.9169993
0.067535,5.9169993
0.06754,5.9169993
0.067545,5.9169993
0.067549996,5.9169993
0.067554995,5.9169993
0.067559995,5.9169993
0.067565,5.9169993
0.06757,5.9169993
0.067575,5.9169993
0.06758,5.9169993
0.067585,5.9169993
0.06759,5.9169993
0.067595,5.9169993
0.0676,5.9169993
0.067604996,5.9169993
0.067609996,5.9169993
0.067614995,5.9169993
0.06762,5.9169993
0.067625,5.9169993
0.06763,5.9169993
0.067635,5.9169993
0.06764,5.9169993
0.067645,5.9169993
0.06765,5.9169993
0.067655,5.9169993
0.06766,5.9169993
0.067664996,5.9169993
0.067669995,5.9169993
0.067675,5.9169993
0.06768,5.9169993
0.067685,5.9169993
0.06769,5.9169993
0.067695,5.9169993
0.0677,5.9169993
0.067705,5.9169993
0.06771,5.9169993
0.067715,5.9169993
0.067719996,5.9169993
0.067724995,5.9169993
0.067729995,5.9169993
0.067735,5.9169993
0.06774,5.9169993
0.067745,5.9169993
0.06775,5.9169993
0.067755,5.9169993
0.06776,5.9169993
0.067765,5.9169993
0.06777,5.9169993
0.067774996,5.9169993
0.067779996,5.9169993
0.067784995,5.9169993
0.06779,5.9169993
0.067795,5.9169993
0.0678,5.9169993
0.067805,5.9169993
0.06781,5.9169993
0.067815,5.9169993
0.06782,5.9169993
0.067825,5.9169993
0.06783,5.9169993
0.067834996,5.9169993
0.067839995,5.9169993
0.067845,5.9169993
0.06785,5.9169993
0.067855,5.9169993
0.06786,5.9169993
0.067865,5.9169993
0.06787,5.9169993
0.067875,5.9169993
0.06788,5.9169993
0.067885,5.9169993
0.067889996,5.9169993
0.067894995,5.9169993
0.0679,5.9169993
0.067905,5.9169993
0.06791,5.9169993
0.067915,5.9169993
0.06792,5.9169993
0.067925,5.9169993
0.06793,5.9169993
0.067935,5.9169993
0.06794,5.9169993
0.067944996,5.9169993
0.067949995,5.9169993
0.067954995,5.9169993
0.06796,5.9169993
0.067965,5.9169993
0.06797,5.9169993
0.067975,5.9169993
0.06798,5.9169993
0.067985,5.9169993
0.06799,5.9169993
0.067995,5.9169993
0.067999996,5.9169993
0.068004996,5.9169993
0.068009995,5.9169993
0.068015,5.9169993
0.06802,5.9169993
0.068025,5.9169993
0.06803,5.9169993
0.068035,5.9169993
0.06804,5.9169993
0.068045,5.9169993
0.06805,5.9169993
0.068055,5.9169993
0.068059996,5.9169993
0.068064995,5.9169993
0.06807,5.9169993
0.068075,5.9169993
0.06808,5.9169993
0.068085,5.9169993
0.06809,5.9169993
0.068095,5.9169993
0.0681,5.9169993
0.068105,5.9169993
0.06811,5.9169993
0.068114996,5.9169993
0.068119995,5.9169993
0.068124995,5.9169993
0.06813,5.9169993
0.068135,5.9169993
0.06814,5.9169993
0.068145,5.9169993
0.06815,5.9169993
0.068155,5.9169993
0.06816,5.9169993
0.068165,5.9169993
0.068169996,5.9169993
0.068174995,5.9169993
0.068179995,5.9169993
0.068185,5.9169993
0.06819,5.9169993
0.068195,5.9169993
0.0682,5.9169993
0.068205,5.9169993
0.06821,5.9169993
0.068215,5.9169993
0.06822,5.9169993
0.068225,5.9169993
0.068229996,5.9169993
0.068234995,5.9169993
0.06824,5.9169993
0.068245,5.9169993
0.06825,5.9169993
0.068255,5.9169993
0.06826,5.9169993
0.068265,5.9169993
0.06827,5.9169993
0.068275,5.9169993
0.06828,5.9169993
0.068284996,5.9169993
0.068289995,5.9169993
0.068295,5.9169993
0.0683,5.9169993
0.068305,5.9169993
0.06831,5.9169993
0.068315,5.9169993
0.06832,5.9169993
0.068325,5.9169993
0.06833,5.9169993
0.068335,5.9169993
0.068339996,5.9169993
0.068344995,5.9169993
0.068349995,5.9169993
0.068355,5.9169993
0.06836,5.9169993
0.068365,5.9169993
0.06837,5.9169993
0.068375,5.9169993
0.06838,5.9169993
0.068385,5.9169993
0.06839,5.9169993
0.068394996,5.9169993
0.068399996,5.9169993
0.068404995,5.9169993
0.06841,5.9169993
0.068415,5.9169993
0.06842,5.9169993
0.068425,5.9169993
0.06843,5.9169993
0.068435,5.9169993
0.06844,5.9169993
0.068445,5.9169993
0.06845,5.9169993
0.068454996,5.9169993
0.068459995,5.9169993
0.068465,5.9169993
0.06847,5.9169993
0.068475,5.9169993
0.06848,5.9169993
0.068485,5.9169993
0.06849,5.9169993
0.068495,5.9169993
0.0685,5.9169993
0.068505,5.9169993
0.068509996,5.9169993
0.068514995,5.9169993
0.068519995,5.9169993
0.068525,5.9169993
0.06853,5.9169993
0.068535,5.9169993
0.06854,5.9169993
0.068545,5.9169993
0.06855,5.9169993
0.068555,5.9169993
0.06856,5.9169993
0.068564996,5.9169993
0.068569995,5.9169993
0.068574995,5.9169993
0.06858,5.9169993
0.068585,5.9169993
0.06859,5.9169993
0.068595,5.9169993
0.0686,5.9169993
0.068605,5.9169993
0.06861,5.9169993
0.068615,5.9169993
0.06862,5.9169993
0.068624996,5.9169993
0.068629995,5.9169993
0.068635,5.9169993
0.06864,5.9169993
0.068645,5.9169993
0.06865,5.9169993
0.068655,5.9169993
0.06866,5.9169993
0.068665,5.9169993
0.06867,5.9169993
0.068675,5.9169993
0.068679996,5.9169993
0.068684995,5.9169993
0.06869,5.9169993
0.068695,5.9169993
0.0687,5.9169993
0.068705,5.9169993
0.06871,5.9169993
0.068715,5.9169993
0.06872,5.9169993
0.068725,5.9169993
0.06873,5.9169993
0.068734996,5.9169993
0.068739995,5.9169993
0.068744995,5.9169993
0.06875,5.9169993
0.068755,5.9169993
0.06876,5.9169993
0.068765,5.9169993
0.06877,5.9169993
0.068775,5.9169993
0.06878,5.9169993
0.068785,5.9169993
0.068789996,5.9169993
0.068794996,5.9169993
0.068799995,5.9169993
0.068805,5.9169993
0.06881,5.9169993
0.068815,5.9169993
0.06882,5.9169993
0.068825,5.9169993
0.06883,5.9169993
0.068835,5.9169993
0.06884,5.9169993
0.068845,5.9169993
0.068849996,5.9169993
0.068854995,5.9169993
0.06886,5.9169993
0.068865,5.9169993
0.06887,5.9169993
0.068875,5.9169993
0.06888,5.9169993
0.068885,5.9169993
0.06889,5.9169993
0.068895,5.9169993
0.0689,5.9169993
0.068904996,5.9169993
0.068909995,5.9169993
0.068914995,5.9169993
0.06892,5.9169993
0.068925,5.9169993
0.06893,5.9169993
0.068935,5.9169993
0.06894,5.9169993
0.068945,5.9169993
0.06895,5.9169993
0.068955,5.9169993
0.068959996,5.9169993
0.068964995,5.9169993
0.068969995,5.9169993
0.068975,5.9169993
0.06898,5.9169993
0.068985,5.9169993
0.06899,5.9169993
0.068995,5.9169993
0.069,5.9169993
0.069005,5.9169993
0.06901,5.9169993
0.069015,5.9169993
0.069019996,5.9169993
0.069024995,5.9169993
0.06903,5.9169993
0.069035,5.9169993
0.06904,5.9169993
0.069045,5.9169993
0.06905,5.9169993
0.069055,5.9169993
0.06906,5.9169993
0.069065,5.9169993
0.06907,5.9169993
0.069074996,5.9169993
0.069079995,5.9169993
0.069085,5.9169993
0.06909,5.9169993
0.069095,5.9169993
0.0691,5.9169993
0.069105,5.9169993
0.06911,5.9169993
0.069115,5.9169993
0.06912,5.9169993
0.069125,5.9169993
0.069129996,5.9169993
0.069134995,5.9169993
0.069139995,5.9169993
0.069145,5.9169993
0.06915,5.9169993
0.069155,5.9169993
0.06916,5.9169993
0.069165,5.9169993
0.06917,5.9169993
0.069175,5.9169993
0.06918,5.9169993
0.069184996,5.9169993
0.069189996,5.9169993
0.069194995,5.9169993
0.0692,5.9169993
0.069205,5.9169993
0.06921,5.9169993
0.069215,5.9169993
0.06922,5.9169993
0.069225,5.9169993
0.06923,5.9169993
0.069235,5.9169993
0.06924,5.9169993
0.069244996,5.9169993
0.069249995,5.9169993
0.069255,5.9169993
0.06926,5.9169993
0.069265,5.9169993
0.06927,5.9169993
0.069275,5.9169993
0.06928,5.9169993
0.069285,5.9169993
0.06929,5.9169993
0.069295,5.9169993
0.069299996,5.9169993
0.069304995,5.9169993
0.069309995,5.9169993
0.069315,5.9169993
0.06932,5.9169993
0.069325,5.9169993
0.06933,5.9169993
0.069335,5.9169993
0.06934,5.9169993
0.069345,5.9169993
0.06935,5.9169993
0.069354996,5.9169993
0.069359995,5.9169993
0.069364995,5.9169993
0.06937,5.9169993
0.069375,5.9169993
0.06938,5.9169993
0.069385,5.9169993
0.06939,5.9169993
0.069395,5.9169993
0.0694,5.9169993
0.069405,5.9169993
0.069409996,5.9169993
0.069414996,5.9169993
0.069419995,5.9169993
0.069425,5.9169993
0.06943,5.9169993
0.069435,5.9169993
0.06944,5.9169993
0.069445,5.9169993
0.06945,5.9169993
0.069455,5.9169993
0.06946,5.9169993
0.069465,5.9169993
0.069469996,5.9169993
0.069474995,5.9169993
0.06948,5.9169993
0.069485,5.9169993
0.06949,5.9169993
0.069495,5.9169993
0.0695,5.9169993
0.069505,5.9169993
0.06951,5.9169993
0.069515,5.9169993
0.06952,5.9169993
0.069524996,5.9169993
0.069529995,5.9169993
0.069534995,5.9169993
0.06954,5.9169993
0.069545,5.9169993
0.06955,5.9169993
0.069555,5.9169993
0.06956,5.9169993
0.069565,5.9169993
0.06957,5.9169993
0.069575,5.9169993
0.069579996,5.9169993
0.069584996,5.9169993
0.069589995,5.9169993
0.069595,5.9169993
0.0696,5.9169993
0.069605,5.9169993
0.06961,5.9169993
0.069615,5.9169993
0.06962,5.9169993
0.069625,5.9169993
0.06963,5.9169993
0.069635,5.9169993
0.069639996,5.9169993
0.069644995,5.9169993
0.06965,5.9169993
0.069655,5.9169993
0.06966,5.9169993
0.069665,5.9169993
0.06967,5.9169993
0.069675,5.9169993
0.06968,5.9169993
0.069685,5.9169993
0.06969,5.9169993
0.069694996,5.9169993
0.069699995,5.9169993
0.069704995,5.9169993
0.06971,5.9169993
0.069715,5.9169993
0.06972,5.9169993
0.069725,5.9169993
0.06973,5.9169993
0.069735,5.9169993
0.06974,5.9169993
0.069745,5.9169993
0.069749996,5.9169993
0.069754995,5.9169993
0.069759995,5.9169993
0.069765,5.9169993
0.06977,5.9169993
0.069775,5.9169993
0.06978,5.9169993
0.069785,5.9169993
0.06979,5.9169993
0.069795,5.9169993
0.0698,5.9169993
0.069804996,5.9169993
0.069809996,5.9169993
0.069814995,5.9169993
0.06982,5.9169993
0.069825,5.9169993
0.06983,5.9169993
0.069835,5.9169993
0.06984,5.9169993
0.069845,5.9169993
0.06985,5.9169993
0.069855,5.9169993
0.06986,5.9169993
0.069864996,5.9169993
0.069869995,5.9169993
0.069875,5.9169993
0.06988,5.9169993
0.069885,5.9169993
0.06989,5.9169993
0.069895,5.9169993
0.0699,5.9169993
0.069905,5.9169993
0.06991,5.9169993
0.069915,5.9169993
0.069919996,5.9169993
0.069924995,5.9169993
0.069929995,5.9169993
0.069935,5.9169993
0.06994,5.9169993
0.069945,5.9169993
0.06995,5.9169993
0.069955,5.9169993
0.06996,5.9169993
0.069965,5.9169993
0.06997,5.9169993
0.069974996,5.9169993
0.069979995,5.9169993
0.069984995,5.9169993
0.06999,5.9169993
0.069995,5.9169993
0.07,5.9169993
0.070005,5.9169993
0.07001,5.9169993
0.070015,5.9169993
0.07002,5.9169993
0.070025,5.9169993
0.07003,5.9169993
0.070034996,5.9169993
0.070039995,5.9169993
0.070045,5.9169993
0.07005,5.9169993
0.070055,5.9169993
0.07006,5.9169993
0.070065,5.9169993
0.07007,5.9169993
0.070075,5.9169993
0.07008,5.9169993
0.070085,5.9169993
0.070089996,5.9169993
0.070094995,5.9169993
0.070099995,5.9169993
0.070105,5.9169993
0.07011,5.9169993
0.070115,5.9169993
0.07012,5.9169993
0.070125,5.9169993
0.07013,5.9169993
0.070135,5.9169993
0.07014,5.9169993
0.070144996,5.9169993
0.070149995,5.9169993
0.070154995,5.9169993
0.07016,5.9169993
0.070165,5.9169993
0.07017,5.9169993
0.070175,5.9169993
0.07018,5.9169993
0.070185,5.9169993
0.07019,5.9169993
0.070195,5.9169993
0.070199996,5.9169993
0.070204996,5.9169993
0.070209995,5.9169993
0.070215,5.9169993
0.07022,5.9169993
0.070225,5.9169993
0.07023,5.9169993
0.070235,5.9169993
0.07024,5.9169993
0.070245,5.9169993
0.07025,5.9169993
0.070255,5.9169993
0.070259996,5.9169993
0.070264995,5.9169993
0.07027,5.9169993
0.070275,5.9169993
0.07028,5.9169993
0.070285,5.9169993
0.07029,5.9169993
0.070295,5.9169993
0.0703,5.9169993
0.070305,5.9169993
0.07031,5.9169993
0.070314996,5.9169993
0.070319995,5.9169993
0.070324995,5.9169993
0.07033,5.9169993
0.070335,5.9169993
0.07034,5.9169993
0.070345,5.9169993
0.07035,5.9169993
0.070355,5.9169993
0.07036,5.9169993
0.070365,5.9169993
0.070369996,5.9169993
0.070374995,5.9169993
0.070379995,5.9169993
0.070385,5.9169993
0.07039,5.9169993
0.070395,5.9169993
0.0704,5.9169993
0.070405,5.9169993
0.07041,5.9169993
0.070415,5.9169993
0.07042,5.9169993
0.070425,5.9169993
0.070429996,5.9169993
0.070434995,5.9169993
0.07044,5.9169993
0.070445,5.9169993
0.07045,5.9169993
0.070455,5.9169993
0.07046,5.9169993
0.070465,5.9169993
0.07047,5.9169993
0.070475,5.9169993
0.07048,5.9169993
0.070484996,5.9169993
0.070489995,5.9169993
0.070494995,5.9169993
0.0705,5.9169993
0.070505,5.9169993
0.07051,5.9169993
0.070515,5.9169993
0.07052,5.9169993
0.070525,5.9169993
0.07053,5.9169993
0.070535,5.9169993
0.070539996,5.9169993
0.070544995,5.9169993
0.070549995,5.9169993
0.070555,5.9169993
0.07056,5.9169993
0.070565,5.9169993
0.07057,5.9169993
0.070575,5.9169993
0.07058,5.9169993
0.070585,5.9169993
0.07059,5.9169993
0.070594996,5.9169993
0.070599996,5.9169993
0.070604995,5.9169993
0.07061,5.9169993
0.070615,5.9169993
0.07062,5.9169993
0.070625,5.9169993
0.07063,5.9169993
0.070635,5.9169993
0.07064,5.9169993
0.070645,5.9169993
0.07065,5.9169993
0.070654996,5.9169993
0.070659995,5.9169993
0.070665,5.9169993
0.07067,5.9169993
0.070675,5.9169993
0.07068,5.9169993
0.070685,5.9169993
0.07069,5.9169993
0.070695,5.9169993
0.0707,5.9169993
0.070705,5.9169993
0.070709996,5.9169993
0.070714995,5.9169993
0.070719995,5.9169993
0.070725,5.9169993
0.07073,5.9169993
0.070735,5.9169993
0.07074,5.9169993
0.070745,5.9169993
0.07075,5.9169993
0.070755,5.9169993
0.07076,5.9169993
0.070764996,5.9169993
0.070769995,5.9169993
0.070774995,5.9169993
0.07078,5.9169993
0.070785,5.9169993
0.07079,5.9169993
0.070795,5.9169993
0.0708,5.9169993
0.070805,5.9169993
0.07081,5.9169993
0.070815,5.9169993
0.07082,5.9169993
0.070824996,5.9169993
0.070829995,5.9169993
0.070835,5.9169993
0.07084,5.9169993
0.070845,5.9169993
0.07085,5.9169993
0.070855,5.9169993
0.07086,5.9169993
0.070865,5.9169993
0.07087,5.9169993
0.070875,5.9169993
0.070879996,5.9169993
0.070884995,5.9169993
0.070889995,5.9169993
0.070895,5.9169993
0.0709,5.9169993
0.070905,5.9169993
0.07091,5.9169993
0.070915,5.9169993
0.07092,5.9169993
0.070925,5.9169993
0.07093,5.9169993
0.070934996,5.9169993
0.070939995,5.9169993
0.070944995,5.9169993
0.07095,5.9169993
0.070955,5.9169993
0.07096,5.9169993
0.070965,5.9169993
0.07097,5.9169993
0.070975,5.9169993
0.07098,5.9169993
0.070985,5.9169993
0.070989996,5.9169993
0.070994996,5.9169993
0.070999995,5.9169993
0.071005,5.9169993
0.07101,5.9169993
0.071015,5.9169993
0.07102,5.9169993
0.071025,5.9169993
0.07103,5.9169993
0.071035,5.9169993
0.07104,5.9169993
0.071045,5.9169993
0.071049996,5.9169993
0.071054995,5.9169993
0.07106,5.9169993
0.071065,5.9169993
0.07107,5.9169993
0.071075,5.9169993
0.07108,5.9169993
0.071085,5.9169993
0.07109,5.9169993
0.071095,5.9169993
0.0711,5.9169993
0.071104996,5.9169993
0.071109995,5.9169993
0.071114995,5.9169993
0.07112,5.9169993
0.071125,5.9169993
0.07113,5.9169993
0.071135,5.9169993
0.07114,5.9169993
0.071145,5.9169993
0.07115,5.9169993
0.071155,5.9169993
0.071159996,5.9169993
0.071164995,5.9169993
0.071169995,5.9169993
0.071175,5.9169993
0.07118,5.9169993
0.071185,5.9169993
0.07119,5.9169993
0.071195,5.9169993
0.0712,5.9169993
0.071205,5.9169993
0.07121,5.9169993
0.071215,5.9169993
0.071219996,5.9169993
0.071224995,5.9169993
0.07123,5.9169993
0.071235,5.9169993
0.07124,5.9169993
0.071245,5.9169993
0.07125,5.9169993
0.071255,5.9169993
0.07126,5.9169993
0.071265,5.9169993
0.07127,5.9169993
0.071274996,5.9169993
0.071279995,5.9169993
0.071284994,5.9169993
0.07129,5.9169993
0.071295,5.9169993
0.0713,5.9169993
0.071305,5.9169993
0.07131,5.9169993
0.071315,5.9169993
0.07132,5.9169993
0.071325,5.9169993
0.071329996,5.9169993
0.071334995,5.9169993
0.071339995,5.9169993
0.071345,5.9169993
0.07135,5.9169993
0.071355,5.9169993
0.07136,5.9169993
0.071365,5.9169993
0.07137,5.9169993
0.071375,5.9169993
0.07138,5.9169993
0.071384996,5.9169993
0.071389996,5.9169993
0.071394995,5.9169993
0.0714,5.9169993
0.071405,5.9169993
0.07141,5.9169993
0.071415,5.9169993
0.07142,5.9169993
0.071425,5.9169993
0.07143,5.9169993
0.071435,5.9169993
0.07144,5.9169993
0.071444996,5.9169993
0.071449995,5.9169993
0.071455,5.9169993
0.07146,5.9169993
0.071465,5.9169993
0.07147,5.9169993
0.071475,5.9169993
0.07148,5.9169993
0.071485,5.9169993
0.07149,5.9169993
0.071495,5.9169993
0.071499996,5.9169993
0.071504995,5.9169993
0.071509995,5.9169993
0.071515,5.9169993
0.07152,5.9169993
0.071525,5.9169993
0.07153,5.9169993
0.071535,5.9169993
0.07154,5.9169993
0.071545,5.9169993
0.07155,5.9169993
0.071554996,5.9169993
0.071559995,5.9169993
0.071564995,5.9169993
0.07157,5.9169993
0.071575,5.9169993
0.07158,5.9169993
0.071585,5.9169993
0.07159,5.9169993
0.071595,5.9169993
0.0716,5.9169993
0.071605,5.9169993
0.071609996,5.9169993
0.071614996,5.9169993
0.071619995,5.9169993
0.071625,5.9169993
0.07163,5.9169993
0.071635,5.9169993
0.07164,5.9169993
0.071645,5.9169993
0.07165,5.9169993
0.071655,5.9169993
0.07166,5.9169993
0.071665,5.9169993
0.071669996,5.9169993
0.071674995,5.9169993
0.071679994,5.9169993
0.071685,5.9169993
0.07169,5.9169993
0.071695,5.9169993
0.0717,5.9169993
0.071705,5.9169993
0.07171,5.9169993
0.071715,5.9169993
0.07172,5.9169993
0.071724996,5.9169993
0.071729995,5.9169993
0.071734995,5.9169993
0.07174,5.9169993
0.071745,5.9169993
0.07175,5.9169993
0.071755,5.9169993
0.07176,5.9169993
0.071765,5.9169993
0.07177,5.9169993
0.071775,5.9169993
0.071779996,5.9169993
0.071784995,5.9169993
0.071789995,5.9169993
0.071795,5.9169993
0.0718,5.9169993
0.071805,5.9169993
0.07181,5.9169993
0.071815,5.9169993
0.07182,5.9169993
0.071825,5.9169993
0.07183,5.9169993
0.071835,5.9169993
0.071839996,5.9169993
0.071844995,5.9169993
0.07185,5.9169993
0.071855,5.9169993
0.07186,5.9169993
0.071865,5.9169993
0.07187,5.9169993
0.071875,5.9169993
0.07188,5.9169993
0.071885,5.9169993
0.07189,5.9169993
0.071894996,5.9169993
0.071899995,5.9169993
0.071904995,5.9169993
0.07191,5.9169993
0.071915,5.9169993
0.07192,5.9169993
0.071925,5.9169993
0.07193,5.9169993
0.071935,5.9169993
0.07194,5.9169993
0.071945,5.9169993
0.071949996,5.9169993
0.071954995,5.9169993
0.071959995,5.9169993
0.071965,5.9169993
0.07197,5.9169993
0.071975,5.9169993
0.07198,5.9169993
0.071985,5.9169993
0.07199,5.9169993
0.071995,5.9169993
0.072,5.9169993
0.072004996,5.9169993
0.072009996,5.9169993
0.072014995,5.9169993
0.07202,5.9169993
0.072025,5.9169993
0.07203,5.9169993
0.072035,5.9169993
0.07204,5.9169993
0.072045,5.9169993
0.07205,5.9169993
0.072055,5.9169993
0.07206,5.9169993
0.072064996,5.9169993
0.072069995,5.9169993
0.072075,5.9169993
0.07208,5.9169993
0.072085,5.9169993
0.07209,5.9169993
0.072095,5.9169993
0.0721,5.9169993
0.072105,5.9169993
0.07211,5.9169993
0.072115,5.9169993
0.072119996,5.9169993
0.072124995,5.9169993
0.072129995,5.9169993
0.072135,5.9169993
0.07214,5.9169993
0.072145,5.9169993
0.07215,5.9169993
0.072155,5.9169993
0.07216,5.9169993
0.072165,5.9169993
0.07217,5.9169993
0.072174996,5.9169993
0.072179995,5.9169993
0.072184995,5.9169993
0.07219,5.9169993
0.072195,5.9169993
0.0722,5.9169993
0.072205,5.9169993
0.07221,5.9169993
0.072215,5.9169993
0.07222,5.9169993
0.072225,5.9169993
0.07223,5.9169993
0.072234996,5.9169993
0.072239995,5.9169993
0.072245,5.9169993
0.07225,5.9169993
0.072255,5.9169993
0.07226,5.9169993
0.072265,5.9169993
0.07227,5.9169993
0.072275,5.9169993
0.07228,5.9169993
0.072285,5.9169993
0.072289996,5.9169993
0.072294995,5.9169993
0.072299995,5.9169993
0.072305,5.9169993
0.07231,5.9169993
0.072315,5.9169993
0.07232,5.9169993
0.072325,5.9169993
0.07233,5.9169993
0.072335,5.9169993
0.07234,5.9169993
0.072344996,5.9169993
0.072349995,5.9169993
0.072354995,5.9169993
0.07236,5.9169993
0.072365,5.9169993
0.07237,5.9169993
0.072375,5.9169993
0.07238,5.9169993
0.072385,5.9169993
0.07239,5.9169993
0.072395,5.9169993
0.072399996,5.9169993
0.072404996,5.9169993
0.072409995,5.9169993
0.072415,5.9169993
0.07242,5.9169993
0.072425,5.9169993
0.07243,5.9169993
0.072435,5.9169993
0.07244,5.9169993
0.072445,5.9169993
0.07245,5.9169993
0.072455,5.9169993
0.072459996,5.9169993
0.072464995,5.9169993
0.07247,5.9169993
0.072475,5.9169993
0.07248,5.9169993
0.072485,5.9169993
0.07249,5.9169993
0.072495,5.9169993
0.0725,5.9169993
0.072505,5.9169993
0.07251,5.9169993
0.072514996,5.9169993
0.072519995,5.9169993
0.072524995,5.9169993
0.07253,5.9169993
0.072535,5.9169993
0.07254,5.9169993
0.072545,5.9169993
0.07255,5.9169993
0.072555,5.9169993
0.07256,5.9169993
0.072565,5.9169993
0.072569996,5.9169993
0.072574995,5.9169993
0.072579995,5.9169993
0.072585,5.9169993
0.07259,5.9169993
0.072595,5.9169993
0.0726,5.9169993
0.072605,5.9169993
0.07261,5.9169993
0.072615,5.9169993
0.07262,5.9169993
0.072625,5.9169993
0.072629996,5.9169993
0.072634995,5.9169993
0.07264,5.9169993
0.072645,5.9169993
0.07265,5.9169993
0.072655,5.9169993
0.07266,5.9169993
0.072665,5.9169993
0.07267,5.9169993
0.072675,5.9169993
0.07268,5.9169993
0.072684996,5.9169993
0.072689995,5.9169993
0.072694995,5.9169993
0.0727,5.9169993
0.072705,5.9169993
0.07271,5.9169993
0.072715,5.9169993
0.07272,5.9169993
0.072725,5.9169993
0.07273,5.9169993
0.072735,5.9169993
0.072739996,5.9169993
0.072744995,5.9169993
0.072749995,5.9169993
0.072755,5.9169993
0.07276,5.9169993
0.072765,5.9169993
0.07277,5.9169993
0.072775,5.9169993
0.07278,5.9169993
0.072785,5.9169993
0.07279,5.9169993
0.072794996,5.9169993
0.072799996,5.9169993
0.072804995,5.9169993
0.07281,5.9169993
0.072815,5.9169993
0.07282,5.9169993
0.072825,5.9169993
0.07283,5.9169993
0.072835,5.9169993
0.07284,5.9169993
0.072845,5.9169993
0.07285,5.9169993
0.072854996,5.9169993
0.072859995,5.9169993
0.072865,5.9169993
0.07287,5.9169993
0.072875,5.9169993
0.07288,5.9169993
0.072885,5.9169993
0.07289,5.9169993
0.072895,5.9169993
0.0729,5.9169993
0.072905,5.9169993
0.072909996,5.9169993
0.072914995,5.9169993
0.072919995,5.9169993
0.072925,5.9169993
0.07293,5.9169993
0.072935,5.9169993
0.07294,5.9169993
0.072945,5.9169993
0.07295,5.9169993
0.072955,5.9169993
0.07296,5.9169993
0.072964996,5.9169993
0.072969995,5.9169993
0.072974995,5.9169993
0.07298,5.9169993
0.072985,5.9169993
0.07299,5.9169993
0.072995,5.9169993
0.073,5.9169993
0.073005,5.9169993
0.07301,5.9169993
0.073015,5.9169993
0.07302,5.9169993
0.073024996,5.9169993
0.073029995,5.9169993
0.073035,5.9169993
0.07304,5.9169993
0.073045,5.9169993
0.07305,5.9169993
0.073055,5.9169993
0.07306,5.9169993
0.073065,5.9169993
0.07307,5.9169993
0.073075,5.9169993
0.073079996,5.9169993
0.073084995,5.9169993
0.073089994,5.9169993
0.073095,5.9169993
0.0731,5.9169993
0.073105,5.9169993
0.07311,5.9169993
0.073115,5.9169993
0.07312,5.9169993
0.073125,5.9169993
0.07313,5.9169993
0.073134996,5.9169993
0.073139995,5.9169993
0.073144995,5.9169993
0.07315,5.9169993
0.073155,5.9169993
0.07316,5.9169993
0.073165,5.9169993
0.07317,5.9169993
0.073175,5.9169993
0.07318,5.9169993
0.073185,5.9169993
0.073189996,5.9169993
0.073194996,5.9169993
0.073199995,5.9169993
0.073205,5.9169993
0.07321,5.9169993
0.073215,5.9169993
0.07322,5.9169993
0.073225,5.9169993
0.07323,5.9169993
0.073235,5.9169993
0.07324,5.9169993
0.073245,5.9169993
0.073249996,5.9169993
0.073254995,5.9169993
0.07326,5.9169993
0.073265,5.9169993
0.07327,5.9169993
0.073275,5.9169993
0.07328,5.9169993
0.073285,5.9169993
0.07329,5.9169993
0.073295,5.9169993
0.0733,5.9169993
0.073304996,5.9169993
0.073309995,5.9169993
0.073314995,5.9169993
0.07332,5.9169993
0.073325,5.9169993
0.07333,5.9169993
0.073335,5.9169993
0.07334,5.9169993
0.073345,5.9169993
0.07335,5.9169993
0.073355,5.9169993
0.073359996,5.9169993
0.073364995,5.9169993
0.073369995,5.9169993
0.073375,5.9169993
0.07338,5.9169993
0.073385,5.9169993
0.07339,5.9169993
0.073395,5.9169993
0.0734,5.9169993
0.073405,5.9169993
0.07341,5.9169993
0.073414996,5.9169993
0.073419996,5.9169993
0.073424995,5.9169993
0.07343,5.9169993
0.073435,5.9169993
0.07344,5.9169993
0.073445,5.9169993
0.07345,5.9169993
0.073455,5.9169993
0.07346,5.9169993
0.073465,5.9169993
0.07347,5.9169993
0.073474996,5.9169993
0.073479995,5.9169993
0.073484994,5.9169993
0.07349,5.9169993
0.073495,5.9169993
0.0735,5.9169993
0.073505,5.9169993
0.07351,5.9169993
0.073515,5.9169993
0.07352,5.9169993
0.073525,5.9169993
0.073529996,5.9169993
0.073534995,5.9169993
0.073539995,5.9169993
0.073545,5.9169993
0.07355,5.9169993
0.073555,5.9169993
0.07356,5.9169993
0.073565,5.9169993
0.07357,5.9169993
0.073575,5.9169993
0.07358,5.9169993
0.073584996,5.9169993
0.073589996,5.9169993
0.073594995,5.9169993
0.0736,5.9169993
0.073605,5.9169993
0.07361,5.9169993
0.073615,5.9169993
0.07362,5.9169993
0.073625,5.9169993
0.07363,5.9169993
0.073635,5.9169993
0.07364,5.9169993
0.073644996,5.9169993
0.073649995,5.9169993
0.073655,5.9169993
0.07366,5.9169993
0.073665,5.9169993
0.07367,5.9169993
0.073675,5.9169993
0.07368,5.9169993
0.073685,5.9169993
0.07369,5.9169993
0.073695,5.9169993
0.073699996,5.9169993
0.073704995,5.9169993
0.073709995,5.9169993
0.073715,5.9169993
0.07372,5.9169993
0.073725,5.9169993
0.07373,5.9169993
0.073735,5.9169993
0.07374,5.9169993
0.073745,5.9169993
0.07375,5.9169993
0.073754996,5.9169993
0.073759995,5.9169993
0.073764995,5.9169993
0.07377,5.9169993
0.073775,5.9169993
0.07378,5.9169993
0.073785,5.9169993
0.07379,5.9169993
0.073795,5.9169993
0.0738,5.9169993
0.073805,5.9169993
0.073809996,5.9169993
0.073814996,5.9169993
0.073819995,5.9169993
0.073825,5.9169993
0.07383,5.9169993
0.073835,5.9169993
0.07384,5.9169993
0.073845,5.9169993
0.07385,5.9169993
0.073855,5.9169993
0.07386,5.9169993
0.073865,5.9169993
0.073869996,5.9169993
0.073874995,5.9169993
0.073879994,5.9169993
0.073885,5.9169993
0.07389,5.9169993
0.073895,5.9169993
0.0739,5.9169993
0.073905,5.9169993
0.07391,5.9169993
0.073915,5.9169993
0.07392,5.9169993
0.073924996,5.9169993
0.073929995,5.9169993
0.073934995,5.9169993
0.07394,5.9169993
0.073945,5.9169993
0.07395,5.9169993
0.073955,5.9169993
0.07396,5.9169993
0.073965,5.9169993
0.07397,5.9169993
0.073975,5.9169993
0.073979996,5.9169993
0.073984995,5.9169993
0.073989995,5.9169993
0.073995,5.9169993
0.074,5.9169993
0.074005,5.9169993
0.07401,5.9169993
0.074015,5.9169993
0.07402,5.9169993
0.074025,5.9169993
0.07403,5.9169993
0.074035,5.9169993
0.074039996,5.9169993
0.074044995,5.9169993
0.07405,5.9169993
0.074055,5.9169993
0.07406,5.9169993
0.074065,5.9169993
0.07407,5.9169993
0.074075,5.9169993
0.07408,5.9169993
0.074085,5.9169993
0.07409,5.9169993
0.074094996,5.9169993
0.074099995,5.9169993
0.074104995,5.9169993
0.07411,5.9169993
0.074115,5.9169993
0.07412,5.9169993
0.074125,5.9169993
0.07413,5.9169993
0.074135,5.9169993
0.07414,5.9169993
0.074145,5.9169993
0.074149996,5.9169993
0.074154995,5.9169993
0.074159995,5.9169993
0.074165,5.9169993
0.07417,5.9169993
0.074175,5.9169993
0.07418,5.9169993
0.074185,5.9169993
0.07419,5.9169993
0.074195,5.9169993
0.0742,5.9169993
0.074204996,5.9169993
0.074209996,5.9169993
0.074214995,5.9169993
0.07422,5.9169993
0.074225,5.9169993
0.07423,5.9169993
0.074235,5.9169993
0.07424,5.9169993
0.074245,5.9169993
0.07425,5.9169993
0.074255,5.9169993
0.07426,5.9169993
0.074264996,5.9169993
0.074269995,5.9169993
0.074274994,5.9169993
0.07428,5.9169993
0.074285,5.9169993
0.07429,5.9169993
0.074295,5.9169993
0.0743,5.9169993
0.074305,5.9169993
0.07431,5.9169993
0.074315,5.9169993
0.074319996,5.9169993
0.074324995,5.9169993
0.074329995,5.9169993
0.074335,5.9169993
0.07434,5.9169993
0.074345,5.9169993
0.07435,5.9169993
0.074355,5.9169993
0.07436,5.9169993
0.074365,5.9169993
0.07437,5.9169993
0.074374996,5.9169993
0.074379995,5.9169993
0.074384995,5.9169993
0.07439,5.9169993
0.074395,5.9169993
0.0744,5.9169993
0.074405,5.9169993
0.07441,5.9169993
0.074415,5.9169993
0.07442,5.9169993
0.074425,5.9169993
0.07443,5.9169993
0.074434996,5.9169993
0.074439995,5.9169993
0.074445,5.9169993
0.07445,5.9169993
0.074455,5.9169993
0.07446,5.9169993
0.074465,5.9169993
0.07447,5.9169993
0.074475,5.9169993
0.07448,5.9169993
0.074485,5.9169993
0.074489996,5.9169993
0.074494995,5.9169993
0.074499995,5.9169993
0.074505,5.9169993
0.07451,5.9169993
0.074515,5.9169993
0.07452,5.9169993
0.074525,5.9169993
0.07453,5.9169993
0.074535,5.9169993
0.07454,5.9169993
0.074544996,5.9169993
0.074549995,5.9169993
0.074554995,5.9169993
0.07456,5.9169993
0.074565,5.9169993
0.07457,5.9169993
0.074575,5.9169993
0.07458,5.9169993
0.074585,5.9169993
0.07459,5.9169993
0.074595,5.9169993
0.074599996,5.9169993
0.074604996,5.9169993
0.074609995,5.9169993
0.074615,5.9169993
0.07462,5.9169993
0.074625,5.9169993
0.07463,5.9169993
0.074635,5.9169993
0.07464,5.9169993
0.074645,5.9169993
0.07465,5.9169993
0.074655,5.9169993
0.074659996,5.9169993
0.074664995,5.9169993
0.074669994,5.9169993
0.074675,5.9169993
0.07468,5.9169993
0.074685,5.9169993
0.07469,5.9169993
0.074695,5.9169993
0.0747,5.9169993
0.074705,5.9169993
0.07471,5.9169993
0.074714996,5.9169993
0.074719995,5.9169993
0.074724995,5.9169993
0.07473,5.9169993
0.074735,5.9169993
0.07474,5.9169993
0.074745,5.9169993
0.07475,5.9169993
0.074755,5.9169993
0.07476,5.9169993
0.074765,5.9169993
0.074769996,5.9169993
0.074774995,5.9169993
0.074779995,5.9169993
0.074785,5.9169993
0.07479,5.9169993
0.074795,5.9169993
0.0748,5.9169993
0.074805,5.9169993
0.07481,5.9169993
0.074815,5.9169993
0.07482,5.9169993
0.074825,5.9169993
0.074829996,5.9169993
0.074834995,5.9169993
0.07484,5.9169993
0.074845,5.9169993
0.07485,5.9169993
0.074855,5.9169993
0.07486,5.9169993
0.074865,5.9169993
0.07487,5.9169993
0.074875,5.9169993
0.07488,5.9169993
0.074884996,5.9169993
0.074889995,5.9169993
0.074894994,5.9169993
0.0749,5.9169993
0.074905,5.9169993
0.07491,5.9169993
0.074915,5.9169993
0.07492,5.9169993
0.074925,5.9169993
0.07493,5.9169993
0.074935,5.9169993
0.074939996,5.9169993
0.074944995,5.9169993
0.074949995,5.9169993
0.074955,5.9169993
0.07496,5.9169993
0.074965,5.9169993
0.07497,5.9169993
0.074975,5.9169993
0.07498,5.9169993
0.074985,5.9169993
0.07499,5.9169993
0.074994996,5.9169993
0.074999996,5.9169993
0.075004995,5.9169993
0.07501,5.9169993
0.075015,5.9169993
0.07502,5.9169993
0.075025,5.9169993
0.07503,5.9169993
0.075035,5.9169993
0.07504,5.9169993
0.075045,5.9169993
0.07505,5.9169993
0.075054996,5.9169993
0.075059995,5.9169993
0.075064994,5.9169993
0.07507,5.9169993
0.075075,5.9169993
0.07508,5.9169993
0.075085,5.9169993
0.07509,5.9169993
0.075095,5.9169993
0.0751,5.9169993
0.075105,5.9169993
0.075109996,5.9169993
0.075114995,5.9169993
0.075119995,5.9169993
0.075125,5.9169993
0.07513,5.9169993
0.075135,5.9169993
0.07514,5.9169993
0.075145,5.9169993
0.07515,5.9169993
0.075155,5.9169993
0.07516,5.9169993
0.075164996,5.9169993
0.075169995,5.9169993
0.075174995,5.9169993
0.07518,5.9169993
0.075185,5.9169993
0.07519,5.9169993
0.075195,5.9169993
0.0752,5.9169993
0.075205,5.9169993
0.07521,5.9169993
0.075215,5.9169993
0.075219996,5.9169993
0.075224996,5.9169993
0.075229995,5.9169993
0.075235,5.9169993
0.07524,5.9169993
0.075245,5.9169993
0.07525,5.9169993
0.075255,5.9169993
0.07526,5.9169993
0.075265,5.9169993
0.07527,5.9169993
0.075275,5.9169993
0.075279996,5.9169993
0.075284995,5.9169993
0.075289994,5.9169993
0.075295,5.9169993
0.0753,5.9169993
0.075305,5.9169993
0.07531,5.9169993
0.075315,5.9169993
0.07532,5.9169993
0.075325,5.9169993
0.07533,5.9169993
0.075334996,5.9169993
0.075339995,5.9169993
0.075344995,5.9169993
0.07535,5.9169993
0.075355,5.9169993
0.07536,5.9169993
0.075365,5.9169993
0.07537,5.9169993
0.075375,5.9169993
0.07538,5.9169993
0.075385,5.9169993
0.075389996,5.9169993
0.075394996,5.9169993
0.075399995,5.9169993
0.075405,5.9169993
0.07541,5.9169993
0.075415,5.9169993
0.07542,5.9169993
0.075425,5.9169993
0.07543,5.9169993
0.075435,5.9169993
0.07544,5.9169993
0.075445,5.9169993
0.075449996,5.9169993
0.075454995,5.9169993
0.075459994,5.9169993
0.075465,5.9169993
0.07547,5.9169993
0.075475,5.9169993
0.07548,5.9169993
0.075485,5.9169993
0.07549,5.9169993
0.075495,5.9169993
0.0755,5.9169993
0.075504996,5.9169993
0.075509995,5.9169993
0.075514995,5.9169993
0.07552,5.9169993
0.075525,5.9169993
0.07553,5.9169993
0.075535,5.9169993
0.07554,5.9169993
0.075545,5.9169993
0.07555,5.9169993
0.075555,5.9169993
0.075559996,5.9169993
0.075564995,5.9169993
0.075569995,5.9169993
0.075575,5.9169993
0.07558,5.9169993
0.075585,5.9169993
0.07559,5.9169993
0.075595,5.9169993
0.0756,5.9169993
0.075605,5.9169993
0.07561,5.9169993
0.075614996,5.9169993
0.075619996,5.9169993
0.075624995,5.9169993
0.07563,5.9169993
0.075635,5.9169993
0.07564,5.9169993
0.075645,5.9169993
0.07565,5.9169993
0.075655,5.9169993
0.07566,5.9169993
0.075665,5.9169993
0.07567,5.9169993
0.075674996,5.9169993
0.075679995,5.9169993
0.075684994,5.9169993
0.07569,5.9169993
0.075695,5.9169993
0.0757,5.9169993
0.075705,5.9169993
0.07571,5.9169993
0.075715,5.9169993
0.07572,5.9169993
0.075725,5.9169993
0.075729996,5.9169993
0.075734995,5.9169993
0.075739995,5.9169993
0.075745,5.9169993
0.07575,5.9169993
0.075755,5.9169993
0.07576,5.9169993
0.075765,5.9169993
0.07577,5.9169993
0.075775,5.9169993
0.07578,5.9169993
0.075784996,5.9169993
0.075789995,5.9169993
0.075794995,5.9169993
0.0758,5.9169993
0.075805,5.9169993
0.07581,5.9169993
0.075815,5.9169993
0.07582,5.9169993
0.075825,5.9169993
0.07583,5.9169993
0.075835,5.9169993
0.07584,5.9169993
0.075844996,5.9169993
0.075849995,5.9169993
0.075855,5.9169993
0.07586,5.9169993
0.075865,5.9169993
0.07587,5.9169993
0.075875,5.9169993
0.07588,5.9169993
0.075885,5.9169993
0.07589,5.9169993
0.075895,5.9169993
0.075899996,5.9169993
0.075904995,5.9169993
0.075909995,5.9169993
0.075915,5.9169993
0.07592,5.9169993
0.075925,5.9169993
0.07593,5.9169993
0.075935,5.9169993
0.07594,5.9169993
0.075945,5.9169993
0.07595,5.9169993
0.075954996,5.9169993
0.075959995,5.9169993
0.075964995,5.9169993
0.07597,5.9169993
0.075975,5.9169993
0.07598,5.9169993
0.075985,5.9169993
0.07599,5.9169993
0.075995,5.9169993
0.076,5.9169993
0.076005,5.9169993
0.076009996,5.9169993
0.076014996,5.9169993
0.076019995,5.9169993
0.076025,5.9169993
0.07603,5.9169993
0.076035,5.9169993
0.07604,5.9169993
0.076045,5.9169993
0.07605,5.9169993
0.076055,5.9169993
0.07606,5.9169993
0.076065,5.9169993
0.076069996,5.9169993
0.076074995,5.9169993
0.076079994,5.9169993
0.076085,5.9169993
0.07609,5.9169993
0.076095,5.9169993
0.0761,5.9169993
0.076105,5.9169993
0.07611,5.9169993
0.076115,5.9169993
0.07612,5.9169993
0.076124996,5.9169993
0.076129995,5.9169993
0.076134995,5.9169993
0.07614,5.9169993
0.076145,5.9169993
0.07615,5.9169993
0.076155,5.9169993
0.07616,5.9169993
0.076165,5.9169993
0.07617,5.9169993
0.076175,5.9169993
0.076179996,5.9169993
0.076184995,5.9169993
0.076189995,5.9169993
0.076195,5.9169993
0.0762,5.9169993
0.076205,5.9169993
0.07621,5.9169993
0.076215,5.9169993
0.07622,5.9169993
0.076225,5.9169993
0.07623,5.9169993
0.076235,5.9169993
0.076239996,5.9169993
0.076244995,5.9169993
0.07625,5.9169993
0.076255,5.9169993
0.07626,5.9169993
0.076265,5.9169993
0.07627,5.9169993
0.076275,5.9169993
0.07628,5.9169993
0.076285,5.9169993
0.07629,5.9169993
0.076294996,5.9169993
0.076299995,5.9169993
0.076304995,5.9169993
0.07631,5.9169993
0.076315,5.9169993
0.07632,5.9169993
0.076325,5.9169993
0.07633,5.9169993
0.076335,5.9169993
0.07634,5.9169993
0.076345,5.9169993
0.076349996,5.9169993
0.076354995,5.9169993
0.076359995,5.9169993
0.076365,5.9169993
0.07637,5.9169993
0.076375,5.9169993
0.07638,5.9169993
0.076385,5.9169993
0.07639,5.9169993
0.076395,5.9169993
0.0764,5.9169993
0.076404996,5.9169993
0.076409996,5.9169993
0.076414995,5.9169993
0.07642,5.9169993
0.076425,5.9169993
0.07643,5.9169993
0.076435,5.9169993
0.07644,5.9169993
0.076445,5.9169993
0.07645,5.9169993
0.076455,5.9169993
0.07646,5.9169993
0.076464996,5.9169993
0.076469995,5.9169993
0.076474994,5.9169993
0.07648,5.9169993
0.076485,5.9169993
0.07649,5.9169993
0.076495,5.9169993
0.0765,5.9169993
0.076505,5.9169993
0.07651,5.9169993
0.076515,5.9169993
0.076519996,5.9169993
0.076524995,5.9169993
0.076529995,5.9169993
0.076535,5.9169993
0.07654,5.9169993
0.076545,5.9169993
0.07655,5.9169993
0.076555,5.9169993
0.07656,5.9169993
0.076565,5.9169993
0.07657,5.9169993
0.076574996,5.9169993
0.076579995,5.9169993
0.076584995,5.9169993
0.07659,5.9169993
0.076595,5.9169993
0.0766,5.9169993
0.076605,5.9169993
0.07661,5.9169993
0.076615,5.9169993
0.07662,5.9169993
0.076625,5.9169993
0.07663,5.9169993
0.076634996,5.9169993
0.076639995,5.9169993
0.076645,5.9169993
0.07665,5.9169993
0.076655,5.9169993
0.07666,5.9169993
0.076665,5.9169993
0.07667,5.9169993
0.076675,5.9169993
0.07668,5.9169993
0.076685,5.9169993
0.076689996,5.9169993
0.076694995,5.9169993
0.076699995,5.9169993
0.076705,5.9169993
0.07671,5.9169993
0.076715,5.9169993
0.07672,5.9169993
0.076725,5.9169993
0.07673,5.9169993
0.076735,5.9169993
0.07674,5.9169993
0.076744996,5.9169993
0.076749995,5.9169993
0.076754995,5.9169993
0.07676,5.9169993
0.076765,5.9169993
0.07677,5.9169993
0.076775,5.9169993
0.07678,5.9169993
0.076785,5.9169993
0.07679,5.9169993
0.076795,5.9169993
0.076799996,5.9169993
0.076804996,5.9169993
0.076809995,5.9169993
0.076815,5.9169993
0.07682,5.9169993
0.076825,5.9169993
0.07683,5.9169993
0.076835,5.9169993
0.07684,5.9169993
0.076845,5.9169993
0.07685,5.9169993
0.076855,5.9169993
0.076859996,5.9169993
0.076864995,5.9169993
0.076869994,5.9169993
0.076875,5.9169993
0.07688,5.9169993
0.076885,5.9169993
0.07689,5.9169993
0.076895,5.9169993
0.0769,5.9169993
0.076905,5.9169993
0.07691,5.9169993
0.076914996,5.9169993
0.076919995,5.9169993
0.076924995,5.9169993
0.07693,5.9169993
0.076935,5.9169993
0.07694,5.9169993
0.076945,5.9169993
0.07695,5.9169993
0.076955,5.9169993
0.07696,5.9169993
0.076965,5.9169993
0.076969996,5.9169993
0.076974995,5.9169993
0.076979995,5.9169993
0.076985,5.9169993
0.07699,5.9169993
0.076995,5.9169993
0.077,5.9169993
0.077005,5.9169993
0.07701,5.9169993
0.077015,5.9169993
0.07702,5.9169993
0.077025,5.9169993
0.077029996,5.9169993
0.077034995,5.9169993
0.07704,5.9169993
0.077045,5.9169993
0.07705,5.9169993
0.077055,5.9169993
0.07706,5.9169993
0.077065,5.9169993
0.07707,5.9169993
0.077075,5.9169993
0.07708,5.9169993
0.077084996,5.9169993
0.077089995,5.9169993
0.077094994,5.9169993
0.0771,5.9169993
0.077105,5.9169993
0.07711,5.9169993
0.077115,5.9169993
0.07712,5.9169993
0.077125,5.9169993
0.07713,5.9169993
0.077135,5.9169993
0.077139996,5.9169993
0.077144995,5.9169993
0.077149995,5.9169993
0.077155,5.9169993
0.07716,5.9169993
0.077165,5.9169993
0.07717,5.9169993
0.077175,5.9169993
0.07718,5.9169993
0.077185,5.9169993
0.07719,5.9169993
0.077194996,5.9169993
0.077199996,5.9169993
0.077204995,5.9169993
0.07721,5.9169993
0.077215,5.9169993
0.07722,5.9169993
0.077225,5.9169993
0.07723,5.9169993
0.077235,5.9169993
0.07724,5.9169993
0.077245,5.9169993
0.07725,5.9169993
0.077254996,5.9169993
0.077259995,5.9169993
0.077264994,5.9169993
0.07727,5.9169993
0.077275,5.9169993
0.07728,5.9169993
0.077285,5.9169993
0.07729,5.9169993
0.077295,5.9169993
0.0773,5.9169993
0.077305,5.9169993
0.077309996,5.9169993
0.077314995,5.9169993
0.077319995,5.9169993
0.077325,5.9169993
0.07733,5.9169993
0.077335,5.9169993
0.07734,5.9169993
0.077345,5.9169993
0.07735,5.9169993
0.077355,5.9169993
0.07736,5.9169993
0.077364996,5.9169993
0.077369995,5.9169993
0.077374995,5.9169993
0.07738,5.9169993
0.077385,5.9169993
0.07739,5.9169993
0.077395,5.9169993
0.0774,5.9169993
0.077405,5.9169993
0.07741,5.9169993
0.077415,5.9169993
0.077419996,5.9169993
0.077424996,5.9169993
0.077429995,5.9169993
0.077435,5.9169993
0.07744,5.9169993
0.077445,5.9169993
0.07745,5.9169993
0.077455,5.9169993
0.07746,5.9169993
0.077465,5.9169993
0.07747,5.9169993
0.077475,5.9169993
0.077479996,5.9169993
0.077484995,5.9169993
0.077489994,5.9169993
0.077495,5.9169993
0.0775,5.9169993
0.077505,5.9169993
0.07751,5.9169993
0.077515,5.9169993
0.07752,5.9169993
0.077525,5.9169993
0.07753,5.9169993
0.077534996,5.9169993
0.077539995,5.9169993
0.077544995,5.9169993
0.07755,5.9169993
0.077555,5.9169993
0.07756,5.9169993
0.077565,5.9169993
0.07757,5.9169993
0.077575,5.9169993
0.07758,5.9169993
0.077585,5.9169993
0.077589996,5.9169993
0.077594995,5.9169993
0.077599995,5.9169993
0.077605,5.9169993
0.07761,5.9169993
0.077615,5.9169993
0.07762,5.9169993
0.077625,5.9169993
0.07763,5.9169993
0.077635,5.9169993
0.07764,5.9169993
0.077645,5.9169993
0.077649996,5.9169993
0.077654995,5.9169993
0.077659994,5.9169993
0.077665,5.9169993
0.07767,5.9169993
0.077675,5.9169993
0.07768,5.9169993
0.077685,5.9169993
0.07769,5.9169993
0.077695,5.9169993
0.0777,5.9169993
0.077704996,5.9169993
0.077709995,5.9169993
0.077714995,5.9169993
0.07772,5.9169993
0.077725,5.9169993
0.07773,5.9169993
0.077735,5.9169993
0.07774,5.9169993
0.077745,5.9169993
0.07775,5.9169993
0.077755,5.9169993
0.077759996,5.9169993
0.077764995,5.9169993
0.077769995,5.9169993
0.077775,5.9169993
0.07778,5.9169993
0.077785,5.9169993
0.07779,5.9169993
0.077795,5.9169993
0.0778,5.9169993
0.077805,5.9169993
0.07781,5.9169993
0.077814996,5.9169993
0.077819996,5.9169993
0.077824995,5.9169993
0.07783,5.9169993
0.077835,5.9169993
0.07784,5.9169993
0.077845,5.9169993
0.07785,5.9169993
0.077855,5.9169993
0.07786,5.9169993
0.077865,5.9169993
0.07787,5.9169993
0.077874996,5.9169993
0.077879995,5.9169993
0.077884994,5.9169993
0.07789,5.9169993
0.077895,5.9169993
0.0779,5.9169993
0.077905,5.9169993
0.07791,5.9169993
0.077915,5.9169993
0.07792,5.9169993
0.077925,5.9169993
0.077929996,5.9169993
0.077934995,5.9169993
0.077939995,5.9169993
0.077945,5.9169993
0.07795,5.9169993
0.077955,5.9169993
0.07796,5.9169993
0.077965,5.9169993
0.07797,5.9169993
0.077975,5.9169993
0.07798,5.9169993
0.077984996,5.9169993
0.077989995,5.9169993
0.077994995,5.9169993
0.078,5.9169993
0.078005,5.9169993
0.07801,5.9169993
0.078015,5.9169993
0.07802,5.9169993
0.078025,5.9169993
0.07803,5.9169993
0.078035,5.9169993
0.07804,5.9169993
0.078044996,5.9169993
0.078049995,5.9169993
0.078054994,5.9169993
0.07806,5.9169993
0.078065,5.9169993
0.07807,5.9169993
0.078075,5.9169993
0.07808,5.9169993
0.078085,5.9169993
0.07809,5.9169993
0.078095,5.9169993
0.078099996,5.9169993
0.078104995,5.9169993
0.078109995,5.9169993
0.078115,5.9169993
0.07812,5.9169993
0.078125,5.9169993
0.07813,5.9169993
0.078135,5.9169993
0.07814,5.9169993
0.078145,5.9169993
0.07815,5.9169993
0.078154996,5.9169993
0.078159995,5.9169993
0.078164995,5.9169993
0.07817,5.9169993
0.078175,5.9169993
0.07818,5.9169993
0.078185,5.9169993
0.07819,5.9169993
0.078195,5.9169993
0.0782,5.9169993
0.078205,5.9169993
0.078209996,5.9169993
0.078214996,5.9169993
0.078219995,5.9169993
0.078225,5.9169993
0.07823,5.9169993
0.078235,5.9169993
0.07824,5.9169993
0.078245,5.9169993
0.07825,5.9169993
0.078255,5.9169993
0.07826,5.9169993
0.078265,5.9169993
0.078269996,5.9169993
0.078274995,5.9169993
0.078279994,5.9169993
0.078285,5.9169993
0.07829,5.9169993
0.078295,5.9169993
0.0783,5.9169993
0.078305,5.9169993
0.07831,5.9169993
0.078315,5.9169993
0.07832,5.9169993
0.078324996,5.9169993
0.078329995,5.9169993
0.078334995,5.9169993
0.07834,5.9169993
0.078345,5.9169993
0.07835,5.9169993
0.078355,5.9169993
0.07836,5.9169993
0.078365,5.9169993
0.07837,5.9169993
0.078375,5.9169993
0.078379996,5.9169993
0.078384995,5.9169993
0.078389995,5.9169993
0.078395,5.9169993
0.0784,5.9169993
0.078405,5.9169993
0.07841,5.9169993
0.078415,5.9169993
0.07842,5.9169993
0.078425,5.9169993
0.07843,5.9169993
0.078435,5.9169993
0.078439996,5.9169993
0.078444995,5.9169993
0.078449994,5.9169993
0.078455,5.9169993
0.07846,5.9169993
0.078465,5.9169993
0.07847,5.9169993
0.078475,5.9169993
0.07848,5.9169993
0.078485,5.9169993
0.07849,5.9169993
0.078494996,5.9169993
0.078499995,5.9169993
0.078504995,5.9169993
0.07851,5.9169993
0.078515,5.9169993
0.07852,5.9169993
0.078525,5.9169993
0.07853,5.9169993
0.078535,5.9169993
0.07854,5.9169993
0.078545,5.9169993
0.078549996,5.9169993
0.078554995,5.9169993
0.078559995,5.9169993
0.078565,5.9169993
0.07857,5.9169993
0.078575,5.9169993
0.07858,5.9169993
0.078585,5.9169993
0.07859,5.9169993
0.078595,5.9169993
0.0786,5.9169993
0.078604996,5.9169993
0.078609996,5.9169993
0.078614995,5.9169993
0.07862,5.9169993
0.078625,5.9169993
0.07863,5.9169993
0.078635,5.9169993
0.07864,5.9169993
0.078645,5.9169993
0.07865,5.9169993
0.078655,5.9169993
0.07866,5.9169993
0.078664996,5.9169993
0.078669995,5.9169993
0.078674994,5.9169993
0.07868,5.9169993
0.078685,5.9169993
0.07869,5.9169993
0.078695,5.9169993
0.0787,5.9169993
0.078705,5.9169993
0.07871,5.9169993
0.078715,5.9169993
0.078719996,5.9169993
0.078724995,5.9169993
0.078729995,5.9169993
0.078735,5.9169993
0.07874,5.9169993
0.078745,5.9169993
0.07875,5.9169993
0.078755,5.9169993
0.07876,5.9169993
0.078765,5.9169993
0.07877,5.9169993
0.078774996,5.9169993
0.078779995,5.9169993
0.078784995,5.9169993
0.07879,5.9169993
0.078795,5.9169993
0.0788,5.9169993
0.078805,5.9169993
0.07881,5.9169993
0.078815,5.9169993
0.07882,5.9169993
0.078825,5.9169993
0.07883,5.9169993
0.078834996,5.9169993
0.078839995,5.9169993
0.078844994,5.9169993
0.07885,5.9169993
0.078855,5.9169993
0.07886,5.9169993
0.078865,5.9169993
0.07887,5.9169993
0.078875,5.9169993
0.07888,5.9169993
0.078885,5.9169993
0.078889996,5.9169993
0.078894995,5.9169993
0.078899994,5.9169993
0.078905,5.9169993
0.07891,5.9169993
0.078915,5.9169993
0.07892,5.9169993
0.078925,5.9169993
0.07893,5.9169993
0.078935,5.9169993
0.07894,5.9169993
0.078944996,5.9169993
0.078949995,5.9169993
0.078954995,5.9169993
0.07896,5.9169993
0.078965,5.9169993
0.07897,5.9169993
0.078975,5.9169993
0.07898,5.9169993
0.078985,5.9169993
0.07899,5.9169993
0.078995,5.9169993
0.078999996,5.9169993
0.079004996,5.9169993
0.079009995,5.9169993
0.079015,5.9169993
0.07902,5.9169993
0.079025,5.9169993
0.07903,5.9169993
0.079035,5.9169993
0.07904,5.9169993
0.079045,5.9169993
0.07905,5.9169993
0.079055,5.9169993
0.079059996,5.9169993
0.079064995,5.9169993
0.079069994,5.9169993
0.079075,5.9169993
0.07908,5.9169993
0.079085,5.9169993
0.07909,5.9169993
0.079095,5.9169993
0.0791,5.9169993
0.079105,5.9169993
0.07911,5.9169993
0.079114996,5.9169993
0.079119995,5.9169993
0.079124995,5.9169993
0.07913,5.9169993
0.079135,5.9169993
0.07914,5.9169993
0.079145,5.9169993
0.07915,5.9169993
0.079155,5.9169993
0.07916,5.9169993
0.079165,5.9169993
0.079169996,5.9169993
0.079174995,5.9169993
0.079179995,5.9169993
0.079185,5.9169993
0.07919,5.9169993
0.079195,5.9169993
0.0792,5.9169993
0.079205,5.9169993
0.07921,5.9169993
0.079215,5.9169993
0.07922,5.9169993
0.079224996,5.9169993
0.079229996,5.9169993
0.079234995,5.9169993
0.079239994,5.9169993
0.079245,5.9169993
0.07925,5.9169993
0.079255,5.9169993
0.07926,5.9169993
0.079265,5.9169993
0.07927,5.9169993
0.079275,5.9169993
0.07928,5.9169993
0.079284996,5.9169993
0.079289995,5.9169993
0.079294994,5.9169993
0.0793,5.9169993
0.079305,5.9169993
0.07931,5.9169993
0.079315,5.9169993
0.07932,5.9169993
0.079325,5.9169993
0.07933,5.9169993
0.079335,5.9169993
0.079339996,5.9169993
0.079344995,5.9169993
0.079349995,5.9169993
0.079355,5.9169993
0.07936,5.9169993
0.079365,5.9169993
0.07937,5.9169993
0.079375,5.9169993
0.07938,5.9169993
0.079385,5.9169993
0.07939,5.9169993
0.079394996,5.9169993
0.079399996,5.9169993
0.079404995,5.9169993
0.07941,5.9169993
0.079415,5.9169993
0.07942,5.9169993
0.079425,5.9169993
0.07943,5.9169993
0.079435,5.9169993
0.07944,5.9169993
0.079445,5.9169993
0.07945,5.9169993
0.079454996,5.9169993
0.079459995,5.9169993
0.079464994,5.9169993
0.07947,5.9169993
0.079475,5.9169993
0.07948,5.9169993
0.079485,5.9169993
0.07949,5.9169993
0.079495,5.9169993
0.0795,5.9169993
0.079505,5.9169993
0.079509996,5.9169993
0.079514995,5.9169993
0.079519995,5.9169993
0.079525,5.9169993
0.07953,5.9169993
0.079535,5.9169993
0.07954,5.9169993
0.079545,5.9169993
0.07955,5.9169993
0.079555,5.9169993
0.07956,5.9169993
0.079564996,5.9169993
0.079569995,5.9169993
0.079574995,5.9169993
0.07958,5.9169993
0.079585,5.9169993
0.07959,5.9169993
0.079595,5.9169993
0.0796,5.9169993
0.079605,5.9169993
0.07961,5.9169993
0.079615,5.9169993
0.079619996,5.9169993
0.079624996,5.9169993
0.079629995,5.9169993
0.079634994,5.9169993
0.07964,5.9169993
0.079645,5.9169993
0.07965,5.9169993
0.079655,5.9169993
0.07966,5.9169993
0.079665,5.9169993
0.07967,5.9169993
0.079675,5.9169993
0.079679996,5.9169993
0.079684995,5.9169993
0.079689994,5.9169993
0.079695,5.9169993
0.0797,5.9169993
0.079705,5.9169993
0.07971,5.9169993
0.079715,5.9169993
0.07972,5.9169993
0.079725,5.9169993
0.07973,5.9169993
0.079734996,5.9169993
0.079739995,5.9169993
0.079744995,5.9169993
0.07975,5.9169993
0.079755,5.9169993
0.07976,5.9169993
0.079765,5.9169993
0.07977,5.9169993
0.079775,5.9169993
0.07978,5.9169993
0.079785,5.9169993
0.079789996,5.9169993
0.079794995,5.9169993
0.079799995,5.9169993
0.079805,5.9169993
0.07981,5.9169993
0.079815,5.9169993
0.07982,5.9169993
0.079825,5.9169993
0.07983,5.9169993
0.079835,5.9169993
0.07984,5.9169993
0.079845,5.9169993
0.079849996,5.9169993
0.079854995,5.9169993
0.079859994,5.9169993
0.079865,5.9169993
0.07987,5.9169993
0.079875,5.9169993
0.07988,5.9169993
0.079885,5.9169993
0.07989,5.9169993
0.079895,5.9169993
0.0799,5.9169993
0.079904996,5.9169993
0.079909995,5.9169993
0.079914995,5.9169993
0.07992,5.9169993
0.079925,5.9169993
0.07993,5.9169993
0.079935,5.9169993
0.07994,5.9169993
0.079945,5.9169993
0.07995,5.9169993
0.079955,5.9169993
0.079959996,5.9169993
0.079964995,5.9169993
0.079969995,5.9169993
0.079975,5.9169993
0.07998,5.9169993
0.079985,5.9169993
0.07999,5.9169993
0.079995,5.9169993
0.08,5.9169993
0.080005,5.9169993
0.08001,5.9169993
0.080014996,5.9169993
0.080019996,5.9169993
0.080024995,5.9169993
0.08003,5.9169993
0.080035,5.9169993
0.08004,5.9169993
0.080045,5.9169993
0.08005,5.9169993
0.080055,5.9169993
0.08006,5.9169993
0.080065,5.9169993
0.08007,5.9169993
0.080074996,5.9169993
0.080079995,5.9169993
0.080084994,5.9169993
0.08009,5.9169993
0.080095,5.9169993
0.0801,5.9169993
0.080105,5.9169993
0.08011,5.9169993
0.080115,5.9169993
0.08012,5.9169993
0.080125,5.9169993
0.080129996,5.9169993
0.080134995,5.9169993
0.080139995,5.9169993
0.080145,5.9169993
0.08015,5.9169993
0.080155,5.9169993
0.08016,5.9169993
0.080165,5.9169993
0.08017,5.9169993
0.080175,5.9169993
0.08018,5.9169993
0.080184996,5.9169993
0.080189995,5.9169993
0.080194995,5.9169993
0.0802,5.9169993
0.080205,5.9169993
0.08021,5.9169993
0.080215,5.9169993
0.08022,5.9169993
0.080225,5.9169993
0.08023,5.9169993
0.080235,5.9169993
0.08024,5.9169993
0.080244996,5.9169993
0.080249995,5.9169993
0.080254994,5.9169993
0.08026,5.9169993
0.080265,5.9169993
0.08027,5.9169993
0.080275,5.9169993
0.08028,5.9169993
0.080285,5.9169993
0.08029,5.9169993
0.080295,5.9169993
0.080299996,5.9169993
0.080304995,5.9169993
0.080309995,5.9169993
0.080315,5.9169993
0.08032,5.9169993
0.080325,5.9169993
0.08033,5.9169993
0.080335,5.9169993
0.08034,5.9169993
0.080345,5.9169993
0.08035,5.9169993
0.080354996,5.9169993
0.080359995,5.9169993
0.080364995,5.9169993
0.08037,5.9169993
0.080375,5.9169993
0.08038,5.9169993
0.080385,5.9169993
0.08039,5.9169993
0.080395,5.9169993
0.0804,5.9169993
0.080405,5.9169993
0.080409996,5.9169993
0.080414996,5.9169993
0.080419995,5.9169993
0.080425,5.9169993
0.08043,5.9169993
0.080435,5.9169993
0.08044,5.9169993
0.080445,5.9169993
0.08045,5.9169993
0.080455,5.9169993
0.08046,5.9169993
0.080465,5.9169993
0.080469996,5.9169993
0.080474995,5.9169993
0.080479994,5.9169993
0.080485,5.9169993
0.08049,5.9169993
0.080495,5.9169993
0.0805,5.9169993
0.080505,5.9169993
0.08051,5.9169993
0.080515,5.9169993
0.08052,5.9169993
0.080524996,5.9169993
0.080529995,5.9169993
0.080534995,5.9169993
0.08054,5.9169993
0.080545,5.9169993
0.08055,5.9169993
0.080555,5.9169993
0.08056,5.9169993
0.080565,5.9169993
0.08057,5.9169993
0.080575,5.9169993
0.080579996,5.9169993
0.080584995,5.9169993
0.080589995,5.9169993
0.080595,5.9169993
0.0806,5.9169993
0.080605,5.9169993
0.08061,5.9169993
0.080615,5.9169993
0.08062,5.9169993
0.080625,5.9169993
0.08063,5.9169993
0.080635,5.9169993
0.080639996,5.9169993
0.080644995,5.9169993
0.080649994,5.9169993
0.080655,5.9169993
0.08066,5.9169993
0.080665,5.9169993
0.08067,5.9169993
0.080675,5.9169993
0.08068,5.9169993
0.080685,5.9169993
0.08069,5.9169993
0.080694996,5.9169993
0.080699995,5.9169993
0.080704994,5.9169993
0.08071,5.9169993
0.080715,5.9169993
0.08072,5.9169993
0.080725,5.9169993
0.08073,5.9169993
0.080735,5.9169993
0.08074,5.9169993
0.080745,5.9169993
0.080749996,5.9169993
0.080754995,5.9169993
0.080759995,5.9169993
0.080765,5.9169993
0.08077,5.9169993
0.080775,5.9169993
0.08078,5.9169993
0.080785,5.9169993
0.08079,5.9169993
0.080795,5.9169993
0.0808,5.9169993
0.080804996,5.9169993
0.080809996,5.9169993
0.080814995,5.9169993
0.08082,5.9169993
0.080825,5.9169993
0.08083,5.9169993
0.080835,5.9169993
0.08084,5.9169993
0.080845,5.9169993
0.08085,5.9169993
0.080855,5.9169993
0.08086,5.9169993
0.080864996,5.9169993
0.080869995,5.9169993
0.080874994,5.9169993
0.08088,5.9169993
0.080885,5.9169993
0.08089,5.9169993
0.080895,5.9169993
0.0809,5.9169993
0.080905,5.9169993
0.08091,5.9169993
0.080915,5.9169993
0.080919996,5.9169993
0.080924995,5.9169993
0.080929995,5.9169993
0.080935,5.9169993
0.08094,5.9169993
0.080945,5.9169993
0.08095,5.9169993
0.080955,5.9169993
0.08096,5.9169993
0.080965,5.9169993
0.08097,5.9169993
0.080974996,5.9169993
0.080979995,5.9169993
0.080984995,5.9169993
0.08099,5.9169993
0.080995,5.9169993
0.081,5.9169993
0.081005,5.9169993
0.08101,5.9169993
0.081015,5.9169993
0.08102,5.9169993
0.081025,5.9169993
0.08103,5.9169993
0.081034996,5.9169993
0.081039995,5.9169993
0.081044994,5.9169993
0.08105,5.9169993
0.081055,5.9169993
0.08106,5.9169993
0.081065,5.9169993
0.08107,5.9169993
0.081075,5.9169993
0.08108,5.9169993
0.081085,5.9169993
0.081089996,5.9169993
0.081094995,5.9169993
0.081099994,5.9169993
0.081105,5.9169993
0.08111,5.9169993
0.081115,5.9169993
0.08112,5.9169993
0.081125,5.9169993
0.08113,5.9169993
0.081135,5.9169993
0.08114,5.9169993
0.081144996,5.9169993
0.081149995,5.9169993
0.081154995,5.9169993
0.08116,5.9169993
0.081165,5.9169993
0.08117,5.9169993
0.081175,5.9169993
0.08118,5.9169993
0.081185,5.9169993
0.08119,5.9169993
0.081195,5.9169993
0.081199996,5.9169993
0.081204996,5.9169993
0.081209995,5.9169993
0.081215,5.9169993
0.08122,5.9169993
0.081225,5.9169993
0.08123,5.9169993
0.081235,5.9169993
0.08124,5.9169993
0.081245,5.9169993
0.08125,5.9169993
0.081255,5.9169993
0.081259996,5.9169993
0.081264995,5.9169993
0.081269994,5.9169993
0.081275,5.9169993
0.08128,5.9169993
0.081285,5.9169993
0.08129,5.9169993
0.081295,5.9169993
0.0813,5.9169993
0.081305,5.9169993
0.08131,5.9169993
0.081314996,5.9169993
0.081319995,5.9169993
0.081324995,5.9169993
0.08133,5.9169993
0.081335,5.9169993
0.08134,5.9169993
0.081345,5.9169993
0.08135,5.9169993
0.081355,5.9169993
0.08136,5.9169993
0.081365,5.9169993
0.081369996,5.9169993
0.081374995,5.9169993
0.081379995,5.9169993
0.081385,5.9169993
0.08139,5.9169993
0.081395,5.9169993
0.0814,5.9169993
0.081405,5.9169993
0.08141,5.9169993
0.081415,5.9169993
0.08142,5.9169993
0.081424996,5.9169993
0.081429996,5.9169993
0.081434995,5.9169993
0.081439994,5.9169993
0.081445,5.9169993
0.08145,5.9169993
0.081455,5.9169993
0.08146,5.9169993
0.081465,5.9169993
0.08147,5.9169993
0.081475,5.9169993
0.08148,5.9169993
0.081484996,5.9169993
0.081489995,5.9169993
0.081494994,5.9169993
0.0815,5.9169993
0.081505,5.9169993
0.08151,5.9169993
0.081515,5.9169993
0.08152,5.9169993
0.081525,5.9169993
0.08153,5.9169993
0.081535,5.9169993
0.081539996,5.9169993
0.081544995,5.9169993
0.081549995,5.9169993
0.081555,5.9169993
0.08156,5.9169993
0.081565,5.9169993
0.08157,5.9169993
0.081575,5.9169993
0.08158,5.9169993
0.081585,5.9169993
0.08159,5.9169993
0.081594996,5.9169993
0.081599995,5.9169993
0.081604995,5.9169993
0.08161,5.9169993
0.081615,5.9169993
0.08162,5.9169993
0.081625,5.9169993
0.08163,5.9169993
0.081635,5.9169993
0.08164,5.9169993
0.081645,5.9169993
0.08165,5.9169993
0.081654996,5.9169993
0.081659995,5.9169993
0.081664994,5.9169993
0.08167,5.9169993
0.081675,5.9169993
0.08168,5.9169993
0.081685,5.9169993
0.08169,5.9169993
0.081695,5.9169993
0.0817,5.9169993
0.081705,5.9169993
0.081709996,5.9169993
0.081714995,5.9169993
0.081719995,5.9169993
0.081725,5.9169993
0.08173,5.9169993
0.081735,5.9169993
0.08174,5.9169993
0.081745,5.9169993
0.08175,5.9169993
0.081755,5.9169993
0.08176,5.9169993
0.081764996,5.9169993
0.081769995,5.9169993
0.081774995,5.9169993
0.08178,5.9169993
0.081785,5.9169993
0.08179,5.9169993
0.081795,5.9169993
0.0818,5.9169993
0.081805,5.9169993
0.08181,5.9169993
0.081815,5.9169993
0.081819996,5.9169993
0.081824996,5.9169993
0.081829995,5.9169993
0.081834994,5.9169993
0.08184,5.9169993
0.081845,5.9169993
0.08185,5.9169993
0.081855,5.9169993
0.08186,5.9169993
0.081865,5.9169993
0.08187,5.9169993
0.081875,5.9169993
0.081879996,5.9169993
0.081884995,5.9169993
0.081889994,5.9169993
0.081895,5.9169993
0.0819,5.9169993
0.081905,5.9169993
0.08191,5.9169993
0.081915,5.9169993
0.08192,5.9169993
0.081925,5.9169993
0.08193,5.9169993
0.081934996,5.9169993
0.081939995,5.9169993
0.081944995,5.9169993
0.08195,5.9169993
0.081955,5.9169993
0.08196,5.9169993
0.081965,5.9169993
0.08197,5.9169993
0.081975,5.9169993
0.08198,5.9169993
0.081985,5.9169993
0.081989996,5.9169993
0.081994995,5.9169993
0.081999995,5.9169993
0.082005,5.9169993
0.08201,5.9169993
0.082015,5.9169993
0.08202,5.9169993
0.082025,5.9169993
0.08203,5.9169993
0.082035,5.9169993
0.08204,5.9169993
0.082045,5.9169993
0.082049996,5.9169993
0.082054995,5.9169993
0.082059994,5.9169993
0.082065,5.9169993
0.08207,5.9169993
0.082075,5.9169993
0.08208,5.9169993
0.082085,5.9169993
0.08209,5.9169993
0.082095,5.9169993
0.0821,5.9169993
0.082104996,5.9169993
0.082109995,5.9169993
0.082114995,5.9169993
0.08212,5.9169993
0.082125,5.9169993
0.08213,5.9169993
0.082135,5.9169993
0.08214,5.9169993
0.082145,5.9169993
0.08215,5.9169993
0.082155,5.9169993
0.082159996,5.9169993
0.082164995,5.9169993
0.082169995,5.9169993
0.082175,5.9169993
0.08218,5.9169993
0.082185,5.9169993
0.08219,5.9169993
0.082195,5.9169993
0.0822,5.9169993
0.082205,5.9169993
0.08221,5.9169993
0.082214996,5.9169993
0.082219996,5.9169993
0.082224995,5.9169993
0.082229994,5.9169993
0.082235,5.9169993
0.08224,5.9169993
0.082245,5.9169993
0.08225,5.9169993
0.082255,5.9169993
0.08226,5.9169993
0.082265,5.9169993
0.08227,5.9169993
0.082274996,5.9169993
0.082279995,5.9169993
0.082284994,5.9169993
0.08229,5.9169993
0.082295,5.9169993
0.0823,5.9169993
0.082305,5.9169993
0.08231,5.9169993
0.082315,5.9169993
0.08232,5.9169993
0.082325,5.9169993
0.082329996,5.9169993
0.082334995,5.9169993
0.082339995,5.9169993
0.082345,5.9169993
0.08235,5.9169993
0.082355,5.9169993
0.08236,5.9169993
0.082365,5.9169993
0.08237,5.9169993
0.082375,5.9169993
0.08238,5.9169993
0.082384996,5.9169993
0.082389995,5.9169993
0.082394995,5.9169993
0.0824,5.9169993
0.082405,5.9169993
0.08241,5.9169993
0.082415,5.9169993
0.08242,5.9169993
0.082425,5.9169993
0.08243,5.9169993
0.082435,5.9169993
0.08244,5.9169993
0.082444996,5.9169993
0.082449995,5.9169993
0.082454994,5.9169993
0.08246,5.9169993
0.082465,5.9169993
0.08247,5.9169993
0.082475,5.9169993
0.08248,5.9169993
0.082485,5.9169993
0.08249,5.9169993
0.082495,5.9169993
0.082499996,5.9169993
0.082504995,5.9169993
0.082509995,5.9169993
0.082515,5.9169993
0.08252,5.9169993
0.082525,5.9169993
0.08253,5.9169993
0.082535,5.9169993
0.08254,5.9169993
0.082545,5.9169993
0.08255,5.9169993
0.082554996,5.9169993
0.082559995,5.9169993
0.082564995,5.9169993
0.08257,5.9169993
0.082575,5.9169993
0.08258,5.9169993
0.082585,5.9169993
0.08259,5.9169993
0.082595,5.9169993
0.0826,5.9169993
0.082605,5.9169993
0.082609996,5.9169993
0.082614996,5.9169993
0.082619995,5.9169993
0.082624994,5.9169993
0.08263,5.9169993
0.082635,5.9169993
0.08264,5.9169993
0.082645,5.9169993
0.08265,5.9169993
0.082655,5.9169993
0.08266,5.9169993
0.082665,5.9169993
0.082669996,5.9169993
0.082674995,5.9169993
0.082679994,5.9169993
0.082685,5.9169993
0.08269,5.9169993
0.082695,5.9169993
0.0827,5.9169993
0.082705,5.9169993
0.08271,5.9169993
0.082715,5.9169993
0.08272,5.9169993
0.082724996,5.9169993
0.082729995,5.9169993
0.082734995,5.9169993
0.08274,5.9169993
0.082745,5.9169993
0.08275,5.9169993
0.082755,5.9169993
0.08276,5.9169993
0.082765,5.9169993
0.08277,5.9169993
0.082775,5.9169993
0.082779996,5.9169993
0.082784995,5.9169993
0.082789995,5.9169993
0.082795,5.9169993
0.0828,5.9169993
0.082805,5.9169993
0.08281,5.9169993
0.082815,5.9169993
0.08282,5.9169993
0.082825,5.9169993
0.08283,5.9169993
0.082835,5.9169993
0.082839996,5.9169993
0.082844995,5.9169993
0.082849994,5.9169993
0.082855,5.9169993
0.08286,5.9169993
0.082865,5.9169993
0.08287,5.9169993
0.082875,5.9169993
0.08288,5.9169993
0.082885,5.9169993
0.08289,5.9169993
0.082894996,5.9169993
0.082899995,5.9169993
0.082904994,5.9169993
0.08291,5.9169993
0.082915,5.9169993
0.08292,5.9169993
0.082925,5.9169993
0.08293,5.9169993
0.082935,5.9169993
0.08294,5.9169993
0.082945,5.9169993
0.082949996,5.9169993
0.082954995,5.9169993
0.082959995,5.9169993
0.082965,5.9169993
0.08297,5.9169993
0.082975,5.9169993
0.08298,5.9169993
0.082985,5.9169993
0.08299,5.9169993
0.082995,5.9169993
0.083,5.9169993
0.083004996,5.9169993
0.083009996,5.9169993
0.083014995,5.9169993
0.083019994,5.9169993
0.083025,5.9169993
0.08303,5.9169993
0.083035,5.9169993
0.08304,5.9169993
0.083045,5.9169993
0.08305,5.9169993
0.083055,5.9169993
0.08306,5.9169993
0.083064996,5.9169993
0.083069995,5.9169993
0.083074994,5.9169993
0.08308,5.9169993
0.083085,5.9169993
0.08309,5.9169993
0.083095,5.9169993
0.0831,5.9169993
0.083105,5.9169993
0.08311,5.9169993
0.083115,5.9169993
0.083119996,5.9169993
0.083124995,5.9169993
0.083129995,5.9169993
0.083135,5.9169993
0.08314,5.9169993
0.083145,5.9169993
0.08315,5.9169993
0.083155,5.9169993
0.08316,5.9169993
0.083165,5.9169993
0.08317,5.9169993
0.083174996,5.9169993
0.083179995,5.9169993
0.083184995,5.9169993
0.08319,5.9169993
0.083195,5.9169993
0.0832,5.9169993
0.083205,5.9169993
0.08321,5.9169993
0.083215,5.9169993
0.08322,5.9169993
0.083225,5.9169993
0.083229996,5.9169993
0.083234996,5.9169993
0.083239995,5.9169993
0.083244994,5.9169993
0.08325,5.9169993
0.083255,5.9169993
0.08326,5.9169993
0.083265,5.9169993
0.08327,5.9169993
0.083275,5.9169993
0.08328,5.9169993
0.083285,5.9169993
0.083289996,5.9169993
0.083294995,5.9169993
0.083299994,5.9169993
0.083305,5.9169993
0.08331,5.9169993
0.083315,5.9169993
0.08332,5.9169993
0.083325,5.9169993
0.08333,5.9169993
0.083335,5.9169993
0.08334,5.9169993
0.083344996,5.9169993
0.083349995,5.9169993
0.083354995,5.9169993
0.08336,5.9169993
0.083365,5.9169993
0.08337,5.9169993
0.083375,5.9169993
0.08338,5.9169993
0.083385,5.9169993
0.08339,5.9169993
0.083395,5.9169993
0.083399996,5.9169993
0.083404996,5.9169993
0.083409995,5.9169993
0.083414994,5.9169993
0.08342,5.9169993
0.083425,5.9169993
0.08343,5.9169993
0.083435,5.9169993
0.08344,5.9169993
0.083445,5.9169993
0.08345,5.9169993
0.083455,5.9169993
0.083459996,5.9169993
0.083464995,5.9169993
0.083469994,5.9169993
0.083475,5.9169993
0.08348,5.9169993
0.083485,5.9169993
0.08349,5.9169993
0.083495,5.9169993
0.0835,5.9169993
0.083505,5.9169993
0.08351,5.9169993
0.083514996,5.9169993
0.083519995,5.9169993
0.083524995,5.9169993
0.08353,5.9169993
0.083535,5.9169993
0.08354,5.9169993
0.083545,5.9169993
0.08355,5.9169993
0.083555,5.9169993
0.08356,5.9169993
0.083565,5.9169993
0.083569996,5.9169993
0.083574995,5.9169993
0.083579995,5.9169993
0.083585,5.9169993
0.08359,5.9169993
0.083595,5.9169993
0.0836,5.9169993
0.083605,5.9169993
0.08361,5.9169993
0.083615,5.9169993
0.08362,5.9169993
0.083624996,5.9169993
0.083629996,5.9169993
0.083634995,5.9169993
0.083639994,5.9169993
0.083645,5.9169993
0.08365,5.9169993
0.083655,5.9169993
0.08366,5.9169993
0.083665,5.9169993
0.08367,5.9169993
0.083675,5.9169993
0.08368,5.9169993
0.083684996,5.9169993
0.083689995,5.9169993
0.083694994,5.9169993
0.0837,5.9169993
0.083705,5.9169993
0.08371,5.9169993
0.083715,5.9169993
0.08372,5.9169993
0.083725,5.9169993
0.08373,5.9169993
0.083735,5.9169993
0.083739996,5.9169993
0.083744995,5.9169993
0.083749995,5.9169993
0.083755,5.9169993
0.08376,5.9169993
0.083765,5.9169993
0.08377,5.9169993
0.083775,5.9169993
0.08378,5.9169993
0.083785,5.9169993
0.08379,5.9169993
0.083794996,5.9169993
0.083799995,5.9169993
0.083804995,5.9169993
0.083809994,5.9169993
0.083815,5.9169993
0.08382,5.9169993
0.083825,5.9169993
0.08383,5.9169993
0.083835,5.9169993
0.08384,5.9169993
0.083845,5.9169993
0.08385,5.9169993
0.083854996,5.9169993
0.083859995,5.9169993
0.083864994,5.9169993
0.08387,5.9169993
0.083875,5.9169993
0.08388,5.9169993
0.083885,5.9169993
0.08389,5.9169993
0.083895,5.9169993
0.0839,5.9169993
0.083905,5.9169993
0.083909996,5.9169993
0.083914995,5.9169993
0.083919995,5.9169993
0.083925,5.9169993
0.08393,5.9169993
0.083935,5.9169993
0.08394,5.9169993
0.083945,5.9169993
0.08395,5.9169993
0.083955,5.9169993
0.08396,5.9169993
0.083964996,5.9169993
0.083969995,5.9169993
0.083974995,5.9169993
0.08398,5.9169993
0.083985,5.9169993
0.08399,5.9169993
0.083995,5.9169993
0.084,5.9169993
0.084005,5.9169993
0.08401,5.9169993
0.084015,5.9169993
0.084019996,5.9169993
0.084024996,5.9169993
0.084029995,5.9169993
0.084034994,5.9169993
0.08404,5.9169993
0.084045,5.9169993
0.08405,5.9169993
0.084055,5.9169993
0.08406,5.9169993
0.084065,5.9169993
0.08407,5.9169993
0.084075,5.9169993
0.084079996,5.9169993
0.084084995,5.9169993
0.084089994,5.9169993
0.084095,5.9169993
0.0841,5.9169993
0.084105,5.9169993
0.08411,5.9169993
0.084115,5.9169993
0.08412,5.9169993
0.084125,5.9169993
0.08413,5.9169993
0.084134996,5.9169993
0.084139995,5.9169993
0.084144995,5.9169993
0.08415,5.9169993
0.084155,5.9169993
0.08416,5.9169993
0.084165,5.9169993
0.08417,5.9169993
0.084175,5.9169993
0.08418,5.9169993
0.084185,5.9169993
0.084189996,5.9169993
0.084194995,5.9169993
0.084199995,5.9169993
0.084205,5.9169993
0.08421,5.9169993
0.084215,5.9169993
0.08422,5.9169993
0.084225,5.9169993
0.08423,5.9169993
0.084235,5.9169993
0.08424,5.9169993
0.084245,5.9169993
0.084249996,5.9169993
0.084254995,5.9169993
0.084259994,5.9169993
0.084265,5.9169993
0.08427,5.9169993
0.084275,5.9169993
0.08428,5.9169993
0.084285,5.9169993
0.08429,5.9169993
0.084295,5.9169993
0.0843,5.9169993
0.084304996,5.9169993
0.084309995,5.9169993
0.084314995,5.9169993
0.08432,5.9169993
0.084325,5.9169993
0.08433,5.9169993
0.084335,5.9169993
0.08434,5.9169993
0.084345,5.9169993
0.08435,5.9169993
0.084355,5.9169993
0.084359996,5.9169993
0.084364995,5.9169993
0.084369995,5.9169993
0.084375,5.9169993
0.08438,5.9169993
0.084385,5.9169993
0.08439,5.9169993
0.084395,5.9169993
0.0844,5.9169993
0.084405,5.9169993
0.08441,5.9169993
0.084414996,5.9169993
0.084419996,5.9169993
0.084424995,5.9169993
0.084429994,5.9169993
0.084435,5.9169993
0.08444,5.9169993
0.084445,5.9169993
0.08445,5.9169993
0.084455,5.9169993
0.08446,5.9169993
0.084465,5.9169993
0.08447,5.9169993
0.084474996,5.9169993
0.084479995,5.9169993
0.084484994,5.9169993
0.08449,5.9169993
0.084495,5.9169993
0.0845,5.9169993
0.084505,5.9169993
0.08451,5.9169993
0.084515,5.9169993
0.08452,5.9169993
0.084525,5.9169993
0.084529996,5.9169993
0.084534995,5.9169993
0.084539995,5.9169993
0.084545,5.9169993
0.08455,5.9169993
0.084555,5.9169993
0.08456,5.9169993
0.084565,5.9169993
0.08457,5.9169993
0.084575,5.9169993
0.08458,5.9169993
0.084584996,5.9169993
0.084589995,5.9169993
0.084594995,5.9169993
0.0846,5.9169993
0.084605,5.9169993
0.08461,5.9169993
0.084615,5.9169993
0.08462,5.9169993
0.084625,5.9169993
0.08463,5.9169993
0.084635,5.9169993
0.08464,5.9169993
0.084644996,5.9169993
0.084649995,5.9169993
0.084654994,5.9169993
0.08466,5.9169993
0.084665,5.9169993
0.08467,5.9169993
0.084675,5.9169993
0.08468,5.9169993
0.084685,5.9169993
0.08469,5.9169993
0.084695,5.9169993
0.084699996,5.9169993
0.084704995,5.9169993
0.084709994,5.9169993
0.084715,5.9169993
0.08472,5.9169993
0.084725,5.9169993
0.08473,5.9169993
0.084735,5.9169993
0.08474,5.9169993
0.084745,5.9169993
0.08475,5.9169993
0.084754996,5.9169993
0.084759995,5.9169993
0.084764995,5.9169993
0.08477,5.9169993
0.084775,5.9169993
0.08478,5.9169993
0.084785,5.9169993
0.08479,5.9169993
0.084795,5.9169993
0.0848,5.9169993
0.084805,5.9169993
0.084809996,5.9169993
0.084814996,5.9169993
0.084819995,5.9169993
0.084824994,5.9169993
0.08483,5.9169993
0.084835,5.9169993
0.08484,5.9169993
0.084845,5.9169993
0.08485,5.9169993
0.084855,5.9169993
0.08486,5.9169993
0.084865,5.9169993
0.084869996,5.9169993
0.084874995,5.9169993
0.084879994,5.9169993
0.084885,5.9169993
0.08489,5.9169993
0.084895,5.9169993
0.0849,5.9169993
0.084905,5.9169993
0.08491,5.9169993
0.084915,5.9169993
0.08492,5.9169993
0.084924996,5.9169993
0.084929995,5.9169993
0.084934995,5.9169993
0.08494,5.9169993
0.084945,5.9169993
0.08495,5.9169993
0.084955,5.9169993
0.08496,5.9169993
0.084965,5.9169993
0.08497,5.9169993
0.084975,5.9169993
0.084979996,5.9169993
0.084984995,5.9169993
0.084989995,5.9169993
0.084995,5.9169993
0.085,5.9169993
0.085005,5.9169993
0.08501,5.9169993
0.085015,5.9169993
0.08502,5.9169993
0.085025,5.9169993
0.08503,5.9169993
0.085034996,5.9169993
0.085039996,5.9169993
0.085044995,5.9169993
0.085049994,5.9169993
0.085055,5.9169993
0.08506,5.9169993
0.085065,5.9169993
0.08507,5.9169993
0.085075,5.9169993
0.08508,5.9169993
0.085085,5.9169993
0.08509,5.9169993
0.085094996,5.9169993
0.085099995,5.9169993
0.085104994,5.9169993
0.08511,5.9169993
0.085115,5.9169993
0.08512,5.9169993
0.085125,5.9169993
0.08513,5.9169993
0.085135,5.9169993
0.08514,5.9169993
0.085145,5.9169993
0.085149996,5.9169993
0.085154995,5.9169993
0.085159995,5.9169993
0.085165,5.9169993
0.08517,5.9169993
0.085175,5.9169993
0.08518,5.9169993
0.085185,5.9169993
0.08519,5.9169993
0.085195,5.9169993
0.0852,5.9169993
0.085204996,5.9169993
0.085209996,5.9169993
0.085214995,5.9169993
0.085219994,5.9169993
0.085225,5.9169993
0.08523,5.9169993
0.085235,5.9169993
0.08524,5.9169993
0.085245,5.9169993
0.08525,5.9169993
0.085255,5.9169993
0.08526,5.9169993
0.085264996,5.9169993
0.085269995,5.9169993
0.085274994,5.9169993
0.08528,5.9169993
0.085285,5.9169993
0.08529,5.9169993
0.085295,5.9169993
0.0853,5.9169993
0.085305,5.9169993
0.08531,5.9169993
0.085315,5.9169993
0.085319996,5.9169993
0.085324995,5.9169993
0.085329995,5.9169993
0.085335,5.9169993
0.08534,5.9169993
0.085345,5.9169993
0.08535,5.9169993
0.085355,5.9169993
0.08536,5.9169993
0.085365,5.9169993
0.08537,5.9169993
0.085374996,5.9169993
0.085379995,5.9169993
0.085384995,5.9169993
0.08539,5.9169993
0.085395,5.9169993
0.0854,5.9169993
0.085405,5.9169993
0.08541,5.9169993
0.085415,5.9169993
0.08542,5.9169993
0.085425,5.9169993
0.085429996,5.9169993
0.085434996,5.9169993
0.085439995,5.9169993
0.085444994,5.9169993
0.08545,5.9169993
0.085455,5.9169993
0.08546,5.9169993
0.085465,5.9169993
0.08547,5.9169993
0.085475,5.9169993
0.08548,5.9169993
0.085485,5.9169993
0.085489996,5.9169993
0.085494995,5.9169993
0.085499994,5.9169993
0.085505,5.9169993
0.08551,5.9169993
0.085515,5.9169993
0.08552,5.9169993
0.085525,5.9169993
0.08553,5.9169993
0.085535,5.9169993
0.08554,5.9169993
0.085544996,5.9169993
0.085549995,5.9169993
0.085554995,5.9169993
0.08556,5.9169993
0.085565,5.9169993
0.08557,5.9169993
0.085575,5.9169993
0.08558,5.9169993
0.085585,5.9169993
0.08559,5.9169993
0.085595,5.9169993
0.085599996,5.9169993
0.085604995,5.9169993
0.085609995,5.9169993
0.085614994,5.9169993
0.08562,5.9169993
0.085625,5.9169993
0.08563,5.9169993
0.085635,5.9169993
0.08564,5.9169993
0.085645,5.9169993
0.08565,5.9169993
0.085655,5.9169993
0.085659996,5.9169993
0.085664995,5.9169993
0.085669994,5.9169993
0.085675,5.9169993
0.08568,5.9169993
0.085685,5.9169993
0.08569,5.9169993
0.085695,5.9169993
0.0857,5.9169993
0.085705,5.9169993
0.08571,5.9169993
0.085714996,5.9169993
0.085719995,5.9169993
0.085724995,5.9169993
0.08573,5.9169993
0.085735,5.9169993
0.08574,5.9169993
0.085745,5.9169993
0.08575,5.9169993
0.085755,5.9169993
0.08576,5.9169993
0.085765,5.9169993
0.085769996,5.9169993
0.085774995,5.9169993
0.085779995,5.9169993
0.085785,5.9169993
0.08579,5.9169993
0.085795,5.9169993
0.0858,5.9169993
0.085805,5.9169993
0.08581,5.9169993
0.085815,5.9169993
0.08582,5.9169993
0.085824996,5.9169993
0.085829996,5.9169993
0.085834995,5.9169993
0.085839994,5.9169993
0.085845,5.9169993
0.08585,5.9169993
0.085855,5.9169993
0.08586,5.9169993
0.085865,5.9169993
0.08587,5.9169993
0.085875,5.9169993
0.08588,5.9169993
0.085884996,5.9169993
0.085889995,5.9169993
0.085894994,5.9169993
0.0859,5.9169993
0.085905,5.9169993
0.08591,5.9169993
0.085915,5.9169993
0.08592,5.9169993
0.085925,5.9169993
0.08593,5.9169993
0.085935,5.9169993
0.085939996,5.9169993
0.085944995,5.9169993
0.085949995,5.9169993
0.085955,5.9169993
0.08596,5.9169993
0.085965,5.9169993
0.08597,5.9169993
0.085975,5.9169993
0.08598,5.9169993
0.085985,5.9169993
0.08599,5.9169993
0.085994996,5.9169993
0.085999995,5.9169993
0.086004995,5.9169993
0.086009994,5.9169993
0.086015,5.9169993
0.08602,5.9169993
0.086025,5.9169993
0.08603,5.9169993
0.086035,5.9169993
0.08604,5.9169993
0.086045,5.9169993
0.08605,5.9169993
0.086054996,5.9169993
0.086059995,5.9169993
0.086064994,5.9169993
0.08607,5.9169993
0.086075,5.9169993
0.08608,5.9169993
0.086085,5.9169993
0.08609,5.9169993
0.086095,5.9169993
0.0861,5.9169993
0.086105,5.9169993
0.086109996,5.9169993
0.086114995,5.9169993
0.086119995,5.9169993
0.086125,5.9169993
0.08613,5.9169993
0.086135,5.9169993
0.08614,5.9169993
0.086145,5.9169993
0.08615,5.9169993
0.086155,5.9169993
0.08616,5.9169993
0.086164996,5.9169993
0.086169995,5.9169993
0.086174995,5.9169993
0.08618,5.9169993
0.086185,5.9169993
0.08619,5.9169993
0.086195,5.9169993
0.0862,5.9169993
0.086205,5.9169993
0.08621,5.9169993
0.086215,5.9169993
0.086219996,5.9169993
0.086224996,5.9169993
0.086229995,5.9169993
0.086234994,5.9169993
0.08624,5.9169993
0.086245,5.9169993
0.08625,5.9169993
0.086255,5.9169993
0.08626,5.9169993
0.086265,5.9169993
0.08627,5.9169993
0.086275,5.9169993
0.086279996,5.9169993
0.086284995,5.9169993
0.086289994,5.9169993
0.086295,5.9169993
0.0863,5.9169993
0.086305,5.9169993
0.08631,5.9169993
0.086315,5.9169993
0.08632,5.9169993
0.086325,5.9169993
0.08633,5.9169993
0.086334996,5.9169993
0.086339995,5.9169993
0.086344995,5.9169993
0.08635,5.9169993
0.086355,5.9169993
0.08636,5.9169993
0.086365,5.9169993
0.08637,5.9169993
0.086375,5.9169993
0.08638,5.9169993
0.086385,5.9169993
0.086389996,5.9169993
0.086394995,5.9169993
0.086399995,5.9169993
0.086404994,5.9169993
0.08641,5.9169993
0.086415,5.9169993
0.08642,5.9169993
0.086425,5.9169993
0.08643,5.9169993
0.086435,5.9169993
0.08644,5.9169993
0.086445,5.9169993
0.086449996,5.9169993
0.086454995,5.9169993
0.086459994,5.9169993
0.086465,5.9169993
0.08647,5.9169993
0.086475,5.9169993
0.08648,5.9169993
0.086485,5.9169993
0.08649,5.9169993
0.086495,5.9169993
0.0865,5.9169993
0.086504996,5.9169993
0.086509995,5.9169993
0.086514995,5.9169993
0.08652,5.9169993
0.086525,5.9169993
0.08653,5.9169993
0.086535,5.9169993
0.08654,5.9169993
0.086545,5.9169993
0.08655,5.9169993
0.086555,5.9169993
0.086559996,5.9169993
0.086564995,5.9169993
0.086569995,5.9169993
0.086575,5.9169993
0.08658,5.9169993
0.086585,5.9169993
0.08659,5.9169993
0.086595,5.9169993
0.0866,5.9169993
0.086605,5.9169993
0.08661,5.9169993
0.086614996,5.9169993
0.086619996,5.9169993
0.086624995,5.9169993
0.086629994,5.9169993
0.086635,5.9169993
0.08664,5.9169993
0.086645,5.9169993
0.08665,5.9169993
0.086655,5.9169993
0.08666,5.9169993
0.086665,5.9169993
0.08667,5.9169993
0.086674996,5.9169993
0.086679995,5.9169993
0.086684994,5.9169993
0.08669,5.9169993
0.086695,5.9169993
0.0867,5.9169993
0.086705,5.9169993
0.08671,5.9169993
0.086715,5.9169993
0.08672,5.9169993
0.086725,5.9169993
0.086729996,5.9169993
0.086734995,5.9169993
0.086739995,5.9169993
0.086745,5.9169993
0.08675,5.9169993
0.086755,5.9169993
0.08676,5.9169993
0.086765,5.9169993
0.08677,5.9169993
0.086775,5.9169993
0.08678,5.9169993
0.086784996,5.9169993
0.086789995,5.9169993
0.086794995,5.9169993
0.086799994,5.9169993
0.086805,5.9169993
0.08681,5.9169993
0.086815,5.9169993
0.08682,5.9169993
0.086825,5.9169993
0.08683,5.9169993
0.086835,5.9169993
0.08684,5.9169993
0.086844996,5.9169993
0.086849995,5.9169993
0.086854994,5.9169993
0.08686,5.9169993
0.086865,5.9169993
0.08687,5.9169993
0.086875,5.9169993
0.08688,5.9169993
0.086885,5.9169993
0.08689,5.9169993
0.086895,5.9169993
0.086899996,5.9169993
0.086904995,5.9169993
0.086909994,5.9169993
0.086915,5.9169993
0.08692,5.9169993
0.086925,5.9169993
0.08693,5.9169993
0.086935,5.9169993
0.08694,5.9169993
0.086945,5.9169993
0.08695,5.9169993
0.086954996,5.9169993
0.086959995,5.9169993
0.086964995,5.9169993
0.08697,5.9169993
0.086975,5.9169993
0.08698,5.9169993
0.086985,5.9169993
0.08699,5.9169993
0.086995,5.9169993
0.087,5.9169993
0.087005,5.9169993
0.087009996,5.9169993
0.087014996,5.9169993
0.087019995,5.9169993
0.087024994,5.9169993
0.08703,5.9169993
0.087035,5.9169993
0.08704,5.9169993
0.087045,5.9169993
0.08705,5.9169993
0.087055,5.9169993
0.08706,5.9169993
0.087065,5.9169993
0.087069996,5.9169993
0.087074995,5.9169993
0.087079994,5.9169993
0.087085,5.9169993
0.08709,5.9169993
0.087095,5.9169993
0.0871,5.9169993
0.087105,5.9169993
0.08711,5.9169993
0.087115,5.9169993
0.08712,5.9169993
0.087124996,5.9169993
0.087129995,5.9169993
0.087134995,5.9169993
0.08714,5.9169993
0.087145,5.9169993
0.08715,5.9169993
0.087155,5.9169993
0.08716,5.9169993
0.087165,5.9169993
0.08717,5.9169993
0.087175,5.9169993
0.087179996,5.9169993
0.087184995,5.9169993
0.087189995,5.9169993
0.087194994,5.9169993
0.0872,5.9169993
0.087205,5.9169993
0.08721,5.9169993
0.087215,5.9169993
0.08722,5.9169993
0.087225,5.9169993
0.08723,5.9169993
0.087234996,5.9169993
0.087239996,5.9169993
0.087244995,5.9169993
0.087249994,5.9169993
0.087255,5.9169993
0.08726,5.9169993
0.087265,5.9169993
0.08727,5.9169993
0.087275,5.9169993
0.08728,5.9169993
0.087285,5.9169993
0.08729,5.9169993
0.087294996,5.9169993
0.087299995,5.9169993
0.087304994,5.9169993
0.08731,5.9169993
0.087315,5.9169993
0.08732,5.9169993
0.087325,5.9169993
0.08733,5.9169993
0.087335,5.9169993
0.08734,5.9169993
0.087345,5.9169993
0.087349996,5.9169993
0.087354995,5.9169993
0.087359995,5.9169993
0.087365,5.9169993
0.08737,5.9169993
0.087375,5.9169993
0.08738,5.9169993
0.087385,5.9169993
0.08739,5.9169993
0.087395,5.9169993
0.0874,5.9169993
0.087404996,5.9169993
0.087409995,5.9169993
0.087414995,5.9169993
0.087419994,5.9169993
0.087425,5.9169993
0.08743,5.9169993
0.087435,5.9169993
0.08744,5.9169993
0.087445,5.9169993
0.08745,5.9169993
0.087455,5.9169993
0.08746,5.9169993
0.087464996,5.9169993
0.087469995,5.9169993
0.087474994,5.9169993
0.08748,5.9169993
0.087485,5.9169993
0.08749,5.9169993
0.087495,5.9169993
0.0875,5.9169993
0.087505,5.9169993
0.08751,5.9169993
0.087515,5.9169993
0.087519996,5.9169993
0.087524995,5.9169993
0.087529995,5.9169993
0.087535,5.9169993
0.08754,5.9169993
0.087545,5.9169993
0.08755,5.9169993
0.087555,5.9169993
0.08756,5.9169993
0.087565,5.9169993
0.08757,5.9169993
0.087574996,5.9169993
0.087579995,5.9169993
0.087584995,5.9169993
0.087589994,5.9169993
0.087595,5.9169993
0.0876,5.9169993
0.087605,5.9169993
0.08761,5.9169993
0.087615,5.9169993
0.08762,5.9169993
0.087625,5.9169993
0.087629996,5.9169993
0.087634996,5.9169993
0.087639995,5.9169993
0.087644994,5.9169993
0.08765,5.9169993
0.087655,5.9169993
0.08766,5.9169993
0.087665,5.9169993
0.08767,5.9169993
0.087675,5.9169993
0.08768,5.9169993
0.087685,5.9169993
0.087689996,5.9169993
0.087694995,5.9169993
0.087699994,5.9169993
0.087705,5.9169993
0.08771,5.9169993
0.087715,5.9169993
0.08772,5.9169993
0.087725,5.9169993
0.08773,5.9169993
0.087735,5.9169993
0.08774,5.9169993
0.087744996,5.9169993
0.087749995,5.9169993
0.087754995,5.9169993
0.08776,5.9169993
0.087765,5.9169993
0.08777,5.9169993
0.087775,5.9169993
0.08778,5.9169993
0.087785,5.9169993
0.08779,5.9169993
0.087795,5.9169993
0.087799996,5.9169993
0.087804995,5.9169993
0.087809995,5.9169993
0.087814994,5.9169993
0.08782,5.9169993
0.087825,5.9169993
0.08783,5.9169993
0.087835,5.9169993
0.08784,5.9169993
0.087845,5.9169993
0.08785,5.9169993
0.087855,5.9169993
0.087859996,5.9169993
0.087864995,5.9169993
0.087869994,5.9169993
0.087875,5.9169993
0.08788,5.9169993
0.087885,5.9169993
0.08789,5.9169993
0.087895,5.9169993
0.0879,5.9169993
0.087905,5.9169993
0.08791,5.9169993
0.087914996,5.9169993
0.087919995,5.9169993
0.087924995,5.9169993
0.08793,5.9169993
0.087935,5.9169993
0.08794,5.9169993
0.087945,5.9169993
0.08795,5.9169993
0.087955,5.9169993
0.08796,5.9169993
0.087965,5.9169993
0.087969996,5.9169993
0.087974995,5.9169993
0.087979995,5.9169993
0.087984994,5.9169993
0.08799,5.9169993
0.087995,5.9169993
0.088,5.9169993
0.088005,5.9169993
0.08801,5.9169993
0.088015,5.9169993
0.08802,5.9169993
0.088024996,5.9169993
0.088029996,5.9169993
0.088034995,5.9169993
0.088039994,5.9169993
0.088045,5.9169993
0.08805,5.9169993
0.088055,5.9169993
0.08806,5.9169993
0.088065,5.9169993
0.08807,5.9169993
0.088075,5.9169993
0.08808,5.9169993
0.088084996,5.9169993
0.088089995,5.9169993
0.088094994,5.9169993
0.0881,5.9169993
0.088105,5.9169993
0.08811,5.9169993
0.088115,5.9169993
0.08812,5.9169993
0.088125,5.9169993
0.08813,5.9169993
0.088135,5.9169993
0.088139996,5.9169993
0.088144995,5.9169993
0.088149995,5.9169993
0.088155,5.9169993
0.08816,5.9169993
0.088165,5.9169993
0.08817,5.9169993
0.088175,5.9169993
0.08818,5.9169993
0.088185,5.9169993
0.08819,5.9169993
0.088194996,5.9169993
0.088199995,5.9169993
0.088204995,5.9169993
0.088209994,5.9169993
0.088215,5.9169993
0.08822,5.9169993
0.088225,5.9169993
0.08823,5.9169993
0.088235,5.9169993
0.08824,5.9169993
0.088245,5.9169993
0.08825,5.9169993
0.088254996,5.9169993
0.088259995,5.9169993
0.088264994,5.9169993
0.08827,5.9169993
0.088275,5.9169993
0.08828,5.9169993
0.088285,5.9169993
0.08829,5.9169993
0.088295,5.9169993
0.0883,5.9169993
0.088305,5.9169993
0.088309996,5.9169993
0.088314995,5.9169993
0.088319995,5.9169993
0.088325,5.9169993
0.08833,5.9169993
0.088335,5.9169993
0.08834,5.9169993
0.088345,5.9169993
0.08835,5.9169993
0.088355,5.9169993
0.08836,5.9169993
0.088364996,5.9169993
0.088369995,5.9169993
0.088374995,5.9169993
0.08838,5.9169993
0.088385,5.9169993
0.08839,5.9169993
0.088395,5.9169993
0.0884,5.9169993
0.088405,5.9169993
0.08841,5.9169993
0.088415,5.9169993
0.088419996,5.9169993
0.088424996,5.9169993
0.088429995,5.9169993
0.088434994,5.9169993
0.08844,5.9169993
0.088445,5.9169993
0.08845,5.9169993
0.088455,5.9169993
0.08846,5.9169993
0.088465,5.9169993
0.08847,5.9169993
0.088475,5.9169993
0.088479996,5.9169993
0.088484995,5.9169993
0.088489994,5.9169993
0.088495,5.9169993
0.0885,5.9169993
0.088505,5.9169993
0.08851,5.9169993
0.088515,5.9169993
0.08852,5.9169993
0.088525,5.9169993
0.08853,5.9169993
0.088534996,5.9169993
0.088539995,5.9169993
0.088544995,5.9169993
0.08855,5.9169993
0.088555,5.9169993
0.08856,5.9169993
0.088565,5.9169993
0.08857,5.9169993
0.088575,5.9169993
0.08858,5.9169993
0.088585,5.9169993
0.088589996,5.9169993
0.088594995,5.9169993
0.088599995,5.9169993
0.088604994,5.9169993
0.08861,5.9169993
0.088615,5.9169993
0.08862,5.9169993
0.088625,5.9169993
0.08863,5.9169993
0.088635,5.9169993
0.08864,5.9169993
0.088645,5.9169993
0.088649996,5.9169993
0.088654995,5.9169993
0.088659994,5.9169993
0.088665,5.9169993
0.08867,5.9169993
0.088675,5.9169993
0.08868,5.9169993
0.088685,5.9169993
0.08869,5.9169993
0.088695,5.9169993
0.0887,5.9169993
0.088704996,5.9169993
0.088709995,5.9169993
0.088714994,5.9169993
0.08872,5.9169993
0.088725,5.9169993
0.08873,5.9169993
0.088735,5.9169993
0.08874,5.9169993
0.088745,5.9169993
0.08875,5.9169993
0.088755,5.9169993
0.088759996,5.9169993
0.088764995,5.9169993
0.088769995,5.9169993
0.088775,5.9169993
0.08878,5.9169993
0.088785,5.9169993
0.08879,5.9169993
0.088795,5.9169993
0.0888,5.9169993
0.088805,5.9169993
0.08881,5.9169993
0.088814996,5.9169993
0.088819996,5.9169993
0.088824995,5.9169993
0.088829994,5.9169993
0.088835,5.9169993
0.08884,5.9169993
0.088845,5.9169993
0.08885,5.9169993
0.088855,5.9169993
0.08886,5.9169993
0.088865,5.9169993
0.08887,5.9169993
0.088874996,5.9169993
0.088879995,5.9169993
0.088884994,5.9169993
0.08889,5.9169993
0.088895,5.9169993
0.0889,5.9169993
0.088905,5.9169993
0.08891,5.9169993
0.088915,5.9169993
0.08892,5.9169993
0.088925,5.9169993
0.088929996,5.9169993
0.088934995,5.9169993
0.088939995,5.9169993
0.088945,5.9169993
0.08895,5.9169993
0.088955,5.9169993
0.08896,5.9169993
0.088965,5.9169993
0.08897,5.9169993
0.088975,5.9169993
0.08898,5.9169993
0.088984996,5.9169993
0.088989995,5.9169993
0.088994995,5.9169993
0.088999994,5.9169993
0.089005,5.9169993
0.08901,5.9169993
0.089015,5.9169993
0.08902,5.9169993
0.089025,5.9169993
0.08903,5.9169993
0.089035,5.9169993
0.089039996,5.9169993
0.089044996,5.9169993
0.089049995,5.9169993
0.089054994,5.9169993
0.08906,5.9169993
0.089065,5.9169993
0.08907,5.9169993
0.089075,5.9169993
0.08908,5.9169993
0.089085,5.9169993
0.08909,5.9169993
0.089095,5.9169993
0.089099996,5.9169993
0.089104995,5.9169993
0.089109994,5.9169993
0.089115,5.9169993
0.08912,5.9169993
0.089125,5.9169993
0.08913,5.9169993
0.089135,5.9169993
0.08914,5.9169993
0.089145,5.9169993
0.08915,5.9169993
0.089154996,5.9169993
0.089159995,5.9169993
0.089164995,5.9169993
0.08917,5.9169993
0.089175,5.9169993
0.08918,5.9169993
0.089185,5.9169993
0.08919,5.9169993
0.089195,5.9169993
0.0892,5.9169993
0.089205,5.9169993
0.089209996,5.9169993
0.089214996,5.9169993
0.089219995,5.9169993
0.089224994,5.9169993
0.08923,5.9169993
0.089235,5.9169993
0.08924,5.9169993
0.089245,5.9169993
0.08925,5.9169993
0.089255,5.9169993
0.08926,5.9169993
0.089265,5.9169993
0.089269996,5.9169993
0.089274995,5.9169993
0.089279994,5.9169993
0.089285,5.9169993
0.08929,5.9169993
0.089295,5.9169993
0.0893,5.9169993
0.089305,5.9169993
0.08931,5.9169993
0.089315,5.9169993
0.08932,5.9169993
0.089324996,5.9169993
0.089329995,5.9169993
0.089334995,5.9169993
0.08934,5.9169993
0.089345,5.9169993
0.08935,5.9169993
0.089355,5.9169993
0.08936,5.9169993
0.089365,5.9169993
0.08937,5.9169993
0.089375,5.9169993
0.089379996,5.9169993
0.089384995,5.9169993
0.089389995,5.9169993
0.089394994,5.9169993
0.0894,5.9169993
0.089405,5.9169993
0.08941,5.9169993
0.089415,5.9169993
0.08942,5.9169993
0.089425,5.9169993
0.08943,5.9169993
0.089434996,5.9169993
0.089439996,5.9169993
0.089444995,5.9169993
0.089449994,5.9169993
0.089455,5.9169993
0.08946,5.9169993
0.089465,5.9169993
0.08947,5.9169993
0.089475,5.9169993
0.08948,5.9169993
0.089485,5.9169993
0.08949,5.9169993
0.089494996,5.9169993
0.089499995,5.9169993
0.089504994,5.9169993
0.08951,5.9169993
0.089515,5.9169993
0.08952,5.9169993
0.089525,5.9169993
0.08953,5.9169993
0.089535,5.9169993
0.08954,5.9169993
0.089545,5.9169993
0.089549996,5.9169993
0.089554995,5.9169993
0.089559995,5.9169993
0.089565,5.9169993
0.08957,5.9169993
0.089575,5.9169993
0.08958,5.9169993
0.089585,5.9169993
0.08959,5.9169993
0.089595,5.9169993
0.0896,5.9169993
0.089604996,5.9169993
0.089609995,5.9169993
0.089614995,5.9169993
0.089619994,5.9169993
0.089625,5.9169993
0.08963,5.9169993
0.089635,5.9169993
0.08964,5.9169993
0.089645,5.9169993
0.08965,5.9169993
0.089655,5.9169993
0.08966,5.9169993
0.089664996,5.9169993
0.089669995,5.9169993
0.089674994,5.9169993
0.08968,5.9169993
0.089685,5.9169993
0.08969,5.9169993
0.089695,5.9169993
0.0897,5.9169993
0.089705,5.9169993
0.08971,5.9169993
0.089715,5.9169993
0.089719996,5.9169993
0.089724995,5.9169993
0.089729995,5.9169993
0.089735,5.9169993
0.08974,5.9169993
0.089745,5.9169993
0.08975,5.9169993
0.089755,5.9169993
0.08976,5.9169993
0.089765,5.9169993
0.08977,5.9169993
0.089774996,5.9169993
0.089779995,5.9169993
0.089784995,5.9169993
0.089789994,5.9169993
0.089795,5.9169993
0.0898,5.9169993
0.089805,5.9169993
0.08981,5.9169993
0.089815,5.9169993
0.08982,5.9169993
0.089825,5.9169993
0.089829996,5.9169993
0.089834996,5.9169993
0.089839995,5.9169993
0.089844994,5.9169993
0.08985,5.9169993
0.089855,5.9169993
0.08986,5.9169993
0.089865,5.9169993
0.08987,5.9169993
0.089875,5.9169993
0.08988,5.9169993
0.089885,5.9169993
0.089889996,5.9169993
0.089894995,5.9169993
0.089899994,5.9169993
0.089905,5.9169993
0.08991,5.9169993
0.089915,5.9169993
0.08992,5.9169993
0.089925,5.9169993
0.08993,5.9169993
0.089935,5.9169993
0.08994,5.9169993
0.089944996,5.9169993
0.089949995,5.9169993
0.089954995,5.9169993
0.08996,5.9169993
0.089965,5.9169993
0.08997,5.9169993
0.089975,5.9169993
0.08998,5.9169993
0.089985,5.9169993
0.08999,5.9169993
0.089995,5.9169993
0.089999996,5.9169993
0.090004995,5.9169993
0.090009995,5.9169993
0.090014994,5.9169993
0.09002,5.9169993
0.090025,5.9169993
0.09003,5.9169993
0.090035,5.9169993
0.09004,5.9169993
0.090045,5.9169993
0.09005,5.9169993
0.090055,5.9169993
0.090059996,5.9169993
0.090064995,5.9169993
0.090069994,5.9169993
0.090075,5.9169993
0.09008,5.9169993
0.090085,5.9169993
0.09009,5.9169993
0.090095,5.9169993
0.0901,5.9169993
0.090105,5.9169993
0.09011,5.9169993
0.090114996,5.9169993
0.090119995,5.9169993
0.090124995,5.9169993
0.09013,5.9169993
0.090135,5.9169993
0.09014,5.9169993
0.090145,5.9169993
0.09015,5.9169993
0.090155,5.9169993
0.09016,5.9169993
0.090165,5.9169993
0.090169996,5.9169993
0.090174995,5.9169993
0.090179995,5.9169993
0.090184994,5.9169993
0.09019,5.9169993
0.090195,5.9169993
0.0902,5.9169993
0.090205,5.9169993
0.09021,5.9169993
0.090215,5.9169993
0.09022,5.9169993
0.090224996,5.9169993
0.090229996,5.9169993
0.090234995,5.9169993
0.090239994,5.9169993
0.090245,5.9169993
0.09025,5.9169993
0.090255,5.9169993
0.09026,5.9169993
0.090265,5.9169993
0.09027,5.9169993
0.090275,5.9169993
0.09028,5.9169993
0.090284996,5.9169993
0.090289995,5.9169993
0.090294994,5.9169993
0.0903,5.9169993
0.090305,5.9169993
0.09031,5.9169993
0.090315,5.9169993
0.09032,5.9169993
0.090325,5.9169993
0.09033,5.9169993
0.090335,5.9169993
0.090339996,5.9169993
0.090344995,5.9169993
0.090349995,5.9169993
0.090355,5.9169993
0.09036,5.9169993
0.090365,5.9169993
0.09037,5.9169993
0.090375,5.9169993
0.09038,5.9169993
0.090385,5.9169993
0.09039,5.9169993
0.090394996,5.9169993
0.090399995,5.9169993
0.090404995,5.9169993
0.090409994,5.9169993
0.090415,5.9169993
0.09042,5.9169993
0.090425,5.9169993
0.09043,5.9169993
0.090435,5.9169993
0.09044,5.9169993
0.090445,5.9169993
0.09045,5.9169993
0.090454996,5.9169993
0.090459995,5.9169993
0.090464994,5.9169993
0.09047,5.9169993
0.090475,5.9169993
0.09048,5.9169993
0.090485,5.9169993
0.09049,5.9169993
0.090495,5.9169993
0.0905,5.9169993
0.090505,5.9169993
0.090509996,5.9169993
0.090514995,5.9169993
0.090519994,5.9169993
0.090525,5.9169993
0.09053,5.9169993
0.090535,5.9169993
0.09054,5.9169993
0.090545,5.9169993
0.09055,5.9169993
0.090555,5.9169993
0.09056,5.9169993
0.090564996,5.9169993
0.090569995,5.9169993
0.090574995,5.9169993
0.090579994,5.9169993
0.090585,5.9169993
0.09059,5.9169993
0.090595,5.9169993
0.0906,5.9169993
0.090605,5.9169993
0.09061,5.9169993
0.090615,5.9169993
0.090619996,5.9169993
0.090624996,5.9169993
0.090629995,5.9169993
0.090634994,5.9169993
0.09064,5.9169993
0.090645,5.9169993
0.09065,5.9169993
0.090655,5.9169993
0.09066,5.9169993
0.090665,5.9169993
0.09067,5.9169993
0.090675,5.9169993
0.090679996,5.9169993
0.090684995,5.9169993
0.090689994,5.9169993
0.090695,5.9169993
0.0907,5.9169993
0.090705,5.9169993
0.09071,5.9169993
0.090715,5.9169993
0.09072,5.9169993
0.090725,5.9169993
0.09073,5.9169993
0.090734996,5.9169993
0.090739995,5.9169993
0.090744995,5.9169993
0.09075,5.9169993
0.090755,5.9169993
0.09076,5.9169993
0.090765,5.9169993
0.09077,5.9169993
0.090775,5.9169993
0.09078,5.9169993
0.090785,5.9169993
0.090789996,5.9169993
0.090794995,5.9169993
0.090799995,5.9169993
0.090804994,5.9169993
0.09081,5.9169993
0.090815,5.9169993
0.09082,5.9169993
0.090825,5.9169993
0.09083,5.9169993
0.090835,5.9169993
0.09084,5.9169993
0.090844996,5.9169993
0.090849996,5.9169993
0.090854995,5.9169993
0.090859994,5.9169993
0.090865,5.9169993
0.09087,5.9169993
0.090875,5.9169993
0.09088,5.9169993
0.090885,5.9169993
0.09089,5.9169993
0.090895,5.9169993
0.0909,5.9169993
0.090904996,5.9169993
0.090909995,5.9169993
0.090914994,5.9169993
0.09092,5.9169993
0.090925,5.9169993
0.09093,5.9169993
0.090935,5.9169993
0.09094,5.9169993
0.090945,5.9169993
0.09095,5.9169993
0.090955,5.9169993
0.090959996,5.9169993
0.090964995,5.9169993
0.090969995,5.9169993
0.090974994,5.9169993
0.09098,5.9169993
0.090985,5.9169993
0.09099,5.9169993
0.090995,5.9169993
0.091,5.9169993
0.091005,5.9169993
0.09101,5.9169993
0.091014996,5.9169993
0.091019996,5.9169993
0.091024995,5.9169993
0.091029994,5.9169993
0.091035,5.9169993
0.09104,5.9169993
0.091045,5.9169993
0.09105,5.9169993
0.091055,5.9169993
0.09106,5.9169993
0.091065,5.9169993
0.09107,5.9169993
0.091074996,5.9169993
0.091079995,5.9169993
0.091084994,5.9169993
0.09109,5.9169993
0.091095,5.9169993
0.0911,5.9169993
0.091105,5.9169993
0.09111,5.9169993
0.091115,5.9169993
0.09112,5.9169993
0.091125,5.9169993
0.091129996,5.9169993
0.091134995,5.9169993
0.091139995,5.9169993
0.091145,5.9169993
0.09115,5.9169993
0.091155,5.9169993
0.09116,5.9169993
0.091165,5.9169993
0.09117,5.9169993
0.091175,5.9169993
0.09118,5.9169993
0.091184996,5.9169993
0.091189995,5.9169993
0.091194995,5.9169993
0.091199994,5.9169993
0.091205,5.9169993
0.09121,5.9169993
0.091215,5.9169993
0.09122,5.9169993
0.091225,5.9169993
0.09123,5.9169993
0.091235,5.9169993
0.091239996,5.9169993
0.091244996,5.9169993
0.091249995,5.9169993
0.091254994,5.9169993
0.09126,5.9169993
0.091265,5.9169993
0.09127,5.9169993
0.091275,5.9169993
0.09128,5.9169993
0.091285,5.9169993
0.09129,5.9169993
0.091295,5.9169993
0.091299996,5.9169993
0.091304995,5.9169993
0.091309994,5.9169993
0.091315,5.9169993
0.09132,5.9169993
0.091325,5.9169993
0.09133,5.9169993
0.091335,5.9169993
0.09134,5.9169993
0.091345,5.9169993
0.09135,5.9169993
0.091354996,5.9169993
0.091359995,5.9169993
0.091364995,5.9169993
0.091369994,5.9169993
0.091375,5.9169993
0.09138,5.9169993
0.091385,5.9169993
0.09139,5.9169993
0.091395,5.9169993
0.0914,5.9169993
0.091405,5.9169993
0.091409996,5.9169993
0.091414995,5.9169993
0.091419995,5.9169993
0.091424994,5.9169993
0.09143,5.9169993
0.091435,5.9169993
0.09144,5.9169993
0.091445,5.9169993
0.09145,5.9169993
0.091455,5.9169993
0.09146,5.9169993
0.091465,5.9169993
0.091469996,5.9169993
0.091474995,5.9169993
0.091479994,5.9169993
0.091485,5.9169993
0.09149,5.9169993
0.091495,5.9169993
0.0915,5.9169993
0.091505,5.9169993
0.09151,5.9169993
0.091515,5.9169993
0.09152,5.9169993
0.091524996,5.9169993
0.091529995,5.9169993
0.091534995,5.9169993
0.09154,5.9169993
0.091545,5.9169993
0.09155,5.9169993
0.091555,5.9169993
0.09156,5.9169993
0.091565,5.9169993
0.09157,5.9169993
0.091575,5.9169993
0.091579996,5.9169993
0.091584995,5.9169993
0.091589995,5.9169993
0.091594994,5.9169993
0.0916,5.9169993
0.091605,5.9169993
0.09161,5.9169993
0.091615,5.9169993
0.09162,5.9169993
0.091625,5.9169993
0.09163,5.9169993
0.091634996,5.9169993
0.091639996,5.9169993
0.091644995,5.9169993
0.091649994,5.9169993
0.091655,5.9169993
0.09166,5.9169993
0.091665,5.9169993
0.09167,5.9169993
0.091675,5.9169993
0.09168,5.9169993
0.091685,5.9169993
0.09169,5.9169993
0.091694996,5.9169993
0.091699995,5.9169993
0.091704994,5.9169993
0.09171,5.9169993
0.091715,5.9169993
0.09172,5.9169993
0.091725,5.9169993
0.09173,5.9169993
0.091735,5.9169993
0.09174,5.9169993
0.091745,5.9169993
0.091749996,5.9169993
0.091754995,5.9169993
0.091759995,5.9169993
0.091764994,5.9169993
0.09177,5.9169993
0.091775,5.9169993
0.09178,5.9169993
0.091785,5.9169993
0.09179,5.9169993
0.091795,5.9169993
0.0918,5.9169993
0.091804996,5.9169993
0.091809995,5.9169993
0.091814995,5.9169993
0.091819994,5.9169993
0.091825,5.9169993
0.09183,5.9169993
0.091835,5.9169993
0.09184,5.9169993
0.091845,5.9169993
0.09185,5.9169993
0.091855,5.9169993
0.09186,5.9169993
0.091864996,5.9169993
0.091869995,5.9169993
0.091874994,5.9169993
0.09188,5.9169993
0.091885,5.9169993
0.09189,5.9169993
0.091895,5.9169993
0.0919,5.9169993
0.091905,5.9169993
0.09191,5.9169993
0.091915,5.9169993
0.091919996,5.9169993
0.091924995,5.9169993
0.091929995,5.9169993
0.091935,5.9169993
0.09194,5.9169993
0.091945,5.9169993
0.09195,5.9169993
0.091955,5.9169993
0.09196,5.9169993
0.091965,5.9169993
0.09197,5.9169993
0.091974996,5.9169993
0.091979995,5.9169993
0.091984995,5.9169993
0.091989994,5.9169993
0.091995,5.9169993
0.092,5.9169993
0.092005,5.9169993
0.09201,5.9169993
0.092015,5.9169993
0.09202,5.9169993
0.092025,5.9169993
0.092029996,5.9169993
0.092034996,5.9169993
0.092039995,5.9169993
0.092044994,5.9169993
0.09205,5.9169993
0.092055,5.9169993
0.09206,5.9169993
0.092065,5.9169993
0.09207,5.9169993
0.092075,5.9169993
0.09208,5.9169993
0.092085,5.9169993
0.092089996,5.9169993
0.092094995,5.9169993
0.092099994,5.9169993
0.092105,5.9169993
0.09211,5.9169993
0.092115,5.9169993
0.09212,5.9169993
0.092125,5.9169993
0.09213,5.9169993
0.092135,5.9169993
0.09214,5.9169993
0.092144996,5.9169993
0.092149995,5.9169993
0.092154995,5.9169993
0.09216,5.9169993
0.092165,5.9169993
0.09217,5.9169993
0.092175,5.9169993
0.09218,5.9169993
0.092185,5.9169993
0.09219,5.9169993
0.092195,5.9169993
0.092199996,5.9169993
0.092204995,5.9169993
0.092209995,5.9169993
0.092214994,5.9169993
0.09222,5.9169993
0.092225,5.9169993
0.09223,5.9169993
0.092235,5.9169993
0.09224,5.9169993
0.092245,5.9169993
0.09225,5.9169993
0.092255,5.9169993
0.092259996,5.9169993
0.092264995,5.9169993
0.092269994,5.9169993
0.092275,5.9169993
0.09228,5.9169993
0.092285,5.9169993
0.09229,5.9169993
0.092295,5.9169993
0.0923,5.9169993
0.092305,5.9169993
0.09231,5.9169993
0.092314996,5.9169993
0.092319995,5.9169993
0.092324995,5.9169993
0.09233,5.9169993
0.092335,5.9169993
0.09234,5.9169993
0.092345,5.9169993
0.09235,5.9169993
0.092355,5.9169993
0.09236,5.9169993
0.092365,5.9169993
0.092369996,5.9169993
0.092374995,5.9169993
0.092379995,5.9169993
0.092384994,5.9169993
0.09239,5.9169993
0.092395,5.9169993
0.0924,5.9169993
0.092405,5.9169993
0.09241,5.9169993
0.092415,5.9169993
0.09242,5.9169993
0.092424996,5.9169993
0.092429996,5.9169993
0.092434995,5.9169993
0.092439994,5.9169993
0.092445,5.9169993
0.09245,5.9169993
0.092455,5.9169993
0.09246,5.9169993
0.092465,5.9169993
0.09247,5.9169993
0.092475,5.9169993
0.09248,5.9169993
0.092484996,5.9169993
0.092489995,5.9169993
0.092494994,5.9169993
0.0925,5.9169993
0.092505,5.9169993
0.09251,5.9169993
0.092515,5.9169993
0.09252,5.9169993
0.092525,5.9169993
0.09253,5.9169993
0.092535,5.9169993
0.092539996,5.9169993
0.092544995,5.9169993
0.092549995,5.9169993
0.092555,5.9169993
0.09256,5.9169993
0.092565,5.9169993
0.09257,5.9169993
0.092575,5.9169993
0.09258,5.9169993
0.092585,5.9169993
0.09259,5.9169993
0.092594996,5.9169993
0.092599995,5.9169993
0.092604995,5.9169993
0.092609994,5.9169993
0.092615,5.9169993
0.09262,5.9169993
0.092625,5.9169993
0.09263,5.9169993
0.092635,5.9169993
0.09264,5.9169993
0.092645,5.9169993
0.09265,5.9169993
0.092654996,5.9169993
0.092659995,5.9169993
0.092664994,5.9169993
0.09267,5.9169993
0.092675,5.9169993
0.09268,5.9169993
0.092685,5.9169993
0.09269,5.9169993
0.092695,5.9169993
0.0927,5.9169993
0.092705,5.9169993
0.092709996,5.9169993
0.092714995,5.9169993
0.092719994,5.9169993
0.092725,5.9169993
0.09273,5.9169993
0.092735,5.9169993
0.09274,5.9169993
0.092745,5.9169993
0.09275,5.9169993
0.092755,5.9169993
0.09276,5.9169993
0.092764996,5.9169993
0.092769995,5.9169993
0.092774995,5.9169993
0.092779994,5.9169993
0.092785,5.9169993
0.09279,5.9169993
0.092795,5.9169993
0.0928,5.9169993
0.092805,5.9169993
0.09281,5.9169993
0.092815,5.9169993
0.092819996,5.9169993
0.092824996,5.9169993
0.092829995,5.9169993
0.092834994,5.9169993
0.09284,5.9169993
0.092845,5.9169993
0.09285,5.9169993
0.092855,5.9169993
0.09286,5.9169993
0.092865,5.9169993
0.09287,5.9169993
0.092875,5.9169993
0.092879996,5.9169993
0.092884995,5.9169993
0.092889994,5.9169993
0.092895,5.9169993
0.0929,5.9169993
0.092905,5.9169993
0.09291,5.9169993
0.092915,5.9169993
0.09292,5.9169993
0.092925,5.9169993
0.09293,5.9169993
0.092934996,5.9169993
0.092939995,5.9169993
0.092944995,5.9169993
0.09295,5.9169993
0.092955,5.9169993
0.09296,5.9169993
0.092965,5.9169993
0.09297,5.9169993
0.092975,5.9169993
0.09298,5.9169993
0.092985,5.9169993
0.092989996,5.9169993
0.092994995,5.9169993
0.092999995,5.9169993
0.093004994,5.9169993
0.09301,5.9169993
0.093015,5.9169993
0.09302,5.9169993
0.093025,5.9169993
0.09303,5.9169993
0.093035,5.9169993
0.09304,5.9169993
0.093044996,5.9169993
0.093049996,5.9169993
0.093054995,5.9169993
0.093059994,5.9169993
0.093065,5.9169993
0.09307,5.9169993
0.093075,5.9169993
0.09308,5.9169993
0.093085,5.9169993
0.09309,5.9169993
0.093095,5.9169993
0.0931,5.9169993
0.093104996,5.9169993
0.093109995,5.9169993
0.093114994,5.9169993
0.09312,5.9169993
0.093125,5.9169993
0.09313,5.9169993
0.093135,5.9169993
0.09314,5.9169993
0.093145,5.9169993
0.09315,5.9169993
0.093155,5.9169993
0.093159996,5.9169993
0.093164995,5.9169993
0.093169995,5.9169993
0.093174994,5.9169993
0.09318,5.9169993
0.093185,5.9169993
0.09319,5.9169993
0.093195,5.9169993
0.0932,5.9169993
0.093205,5.9169993
0.09321,5.9169993
0.093214996,5.9169993
0.093219995,5.9169993
0.093224995,5.9169993
0.093229994,5.9169993
0.093235,5.9169993
0.09324,5.9169993
0.093245,5.9169993
0.09325,5.9169993
0.093255,5.9169993
0.09326,5.9169993
0.093265,5.9169993
0.09327,5.9169993
0.093274996,5.9169993
0.093279995,5.9169993
0.093284994,5.9169993
0.09329,5.9169993
0.093295,5.9169993
0.0933,5.9169993
0.093305,5.9169993
0.09331,5.9169993
0.093315,5.9169993
0.09332,5.9169993
0.093325,5.9169993
0.093329996,5.9169993
0.093334995,5.9169993
0.093339995,5.9169993
0.093345,5.9169993
0.09335,5.9169993
0.093355,5.9169993
0.09336,5.9169993
0.093365,5.9169993
0.09337,5.9169993
0.093375,5.9169993
0.09338,5.9169993
0.093384996,5.9169993
0.093389995,5.9169993
0.093394995,5.9169993
0.093399994,5.9169993
0.093405,5.9169993
0.09341,5.9169993
0.093415,5.9169993
0.09342,5.9169993
0.093425,5.9169993
0.09343,5.9169993
0.093435,5.9169993
0.093439996,5.9169993
0.093444996,5.9169993
0.093449995,5.9169993
0.093454994,5.9169993
0.09346,5.9169993
0.093465,5.9169993
0.09347,5.9169993
0.093475,5.9169993
0.09348,5.9169993
0.093485,5.9169993
0.09349,5.9169993
0.093495,5.9169993
0.093499996,5.9169993
0.093504995,5.9169993
0.093509994,5.9169993
0.093515,5.9169993
0.09352,5.9169993
0.093525,5.9169993
0.09353,5.9169993
0.093535,5.9169993
0.09354,5.9169993
0.093545,5.9169993
0.09355,5.9169993
0.093554996,5.9169993
0.093559995,5.9169993
0.093564995,5.9169993
0.093569994,5.9169993
0.093575,5.9169993
0.09358,5.9169993
0.093585,5.9169993
0.09359,5.9169993
0.093595,5.9169993
0.0936,5.9169993
0.093605,5.9169993
0.093609996,5.9169993
0.093614995,5.9169993
0.093619995,5.9169993
0.093624994,5.9169993
0.09363,5.9169993
0.093635,5.9169993
0.09364,5.9169993
0.093645,5.9169993
0.09365,5.9169993
0.093655,5.9169993
0.09366,5.9169993
0.093665,5.9169993
0.093669996,5.9169993
0.093674995,5.9169993
0.093679994,5.9169993
0.093685,5.9169993
0.09369,5.9169993
0.093695,5.9169993
0.0937,5.9169993
0.093705,5.9169993
0.09371,5.9169993
0.093715,5.9169993
0.09372,5.9169993
0.093724996,5.9169993
0.093729995,5.9169993
0.093734995,5.9169993
0.09374,5.9169993
0.093745,5.9169993
0.09375,5.9169993
0.093755,5.9169993
0.09376,5.9169993
0.093765,5.9169993
0.09377,5.9169993
0.093775,5.9169993
0.093779996,5.9169993
0.093784995,5.9169993
0.093789995,5.9169993
0.093794994,5.9169993
0.0938,5.9169993
0.093805,5.9169993
0.09381,5.9169993
0.093815,5.9169993
0.09382,5.9169993
0.093825,5.9169993
0.09383,5.9169993
0.093834996,5.9169993
0.093839996,5.9169993
0.093844995,5.9169993
0.093849994,5.9169993
0.093855,5.9169993
0.09386,5.9169993
0.093865,5.9169993
0.09387,5.9169993
0.093875,5.9169993
0.09388,5.9169993
0.093885,5.9169993
0.09389,5.9169993
0.093894996,5.9169993
0.093899995,5.9169993
0.093904994,5.9169993
0.09391,5.9169993
0.093915,5.9169993
0.09392,5.9169993
0.093925,5.9169993
0.09393,5.9169993
0.093935,5.9169993
0.09394,5.9169993
0.093945,5.9169993
0.093949996,5.9169993
0.093954995,5.9169993
0.093959995,5.9169993
0.093964994,5.9169993
0.09397,5.9169993
0.093975,5.9169993
0.09398,5.9169993
0.093985,5.9169993
0.09399,5.9169993
0.093995,5.9169993
0.094,5.9169993
0.094004996,5.9169993
0.094009995,5.9169993
0.094014995,5.9169993
0.094019994,5.9169993
0.094025,5.9169993
0.09403,5.9169993
0.094035,5.9169993
0.09404,5.9169993
0.094045,5.9169993
0.09405,5.9169993
0.094055,5.9169993
0.09406,5.9169993
0.094064996,5.9169993
0.094069995,5.9169993
0.094074994,5.9169993
0.09408,5.9169993
0.094085,5.9169993
0.09409,5.9169993
0.094095,5.9169993
0.0941,5.9169993
0.094105,5.9169993
0.09411,5.9169993
0.094115,5.9169993
0.094119996,5.9169993
0.094124995,5.9169993
0.094129995,5.9169993
0.094135,5.9169993
0.09414,5.9169993
0.094145,5.9169993
0.09415,5.9169993
0.094155,5.9169993
0.09416,5.9169993
0.094165,5.9169993
0.09417,5.9169993
0.094174996,5.9169993
0.094179995,5.9169993
0.094184995,5.9169993
0.094189994,5.9169993
0.094195,5.9169993
0.0942,5.9169993
0.094205,5.9169993
0.09421,5.9169993
0.094215,5.9169993
0.09422,5.9169993
0.094225,5.9169993
0.094229996,5.9169993
0.094234996,5.9169993
0.094239995,5.9169993
0.094244994,5.9169993
0.09425,5.9169993
0.094255,5.9169993
0.09426,5.9169993
0.094265,5.9169993
0.09427,5.9169993
0.094275,5.9169993
0.09428,5.9169993
0.094285,5.9169993
0.094289996,5.9169993
0.094294995,5.9169993
0.094299994,5.9169993
0.094305,5.9169993
0.09431,5.9169993
0.094315,5.9169993
0.09432,5.9169993
0.094325,5.9169993
0.09433,5.9169993
0.094335,5.9169993
0.09434,5.9169993
0.094344996,5.9169993
0.094349995,5.9169993
0.094354995,5.9169993
0.094359994,5.9169993
0.094365,5.9169993
0.09437,5.9169993
0.094375,5.9169993
0.09438,5.9169993
0.094385,5.9169993
0.09439,5.9169993
0.094395,5.9169993
0.094399996,5.9169993
0.094404995,5.9169993
0.094409995,5.9169993
0.094414994,5.9169993
0.09442,5.9169993
0.094425,5.9169993
0.09443,5.9169993
0.094435,5.9169993
0.09444,5.9169993
0.094445,5.9169993
0.09445,5.9169993
0.094455,5.9169993
0.094459996,5.9169993
0.094464995,5.9169993
0.094469994,5.9169993
0.094475,5.9169993
0.09448,5.9169993
0.094485,5.9169993
0.09449,5.9169993
0.094495,5.9169993
0.0945,5.9169993
0.094505,5.9169993
0.09451,5.9169993
0.094514996,5.9169993
0.094519995,5.9169993
0.094524994,5.9169993
0.09453,5.9169993
0.094535,5.9169993
0.09454,5.9169993
0.094545,5.9169993
0.09455,5.9169993
0.094555,5.9169993
0.09456,5.9169993
0.094565,5.9169993
0.094569996,5.9169993
0.094574995,5.9169993
0.094579995,5.9169993
0.094584994,5.9169993
0.09459,5.9169993
0.094595,5.9169993
0.0946,5.9169993
0.094605,5.9169993
0.09461,5.9169993
0.094615,5.9169993
0.09462,5.9169993
0.094624996,5.9169993
0.094629996,5.9169993
0.094634995,5.9169993
0.094639994,5.9169993
0.094645,5.9169993
0.09465,5.9169993
0.094655,5.9169993
0.09466,5.9169993
0.094665,5.9169993
0.09467,5.9169993
0.094675,5.9169993
0.09468,5.9169993
0.094684996,5.9169993
0.094689995,5.9169993
0.094694994,5.9169993
0.0947,5.9169993
0.094705,5.9169993
0.09471,5.9169993
0.094715,5.9169993
0.09472,5.9169993
0.094725,5.9169993
0.09473,5.9169993
0.094735,5.9169993
0.094739996,5.9169993
0.094744995,5.9169993
0.094749995,5.9169993
0.094754994,5.9169993
0.09476,5.9169993
0.094765,5.9169993
0.09477,5.9169993
0.094775,5.9169993
0.09478,5.9169993
0.094785,5.9169993
0.09479,5.9169993
0.094794996,5.9169993
0.094799995,5.9169993
0.094804995,5.9169993
0.094809994,5.9169993
0.094815,5.9169993
0.09482,5.9169993
0.094825,5.9169993
0.09483,5.9169993
0.094835,5.9169993
0.09484,5.9169993
0.094845,5.9169993
0.094849996,5.9169993
0.094854996,5.9169993
0.094859995,5.9169993
0.094864994,5.9169993
0.09487,5.9169993
0.094875,5.9169993
0.09488,5.9169993
0.094885,5.9169993
0.09489,5.9169993
0.094895,5.9169993
0.0949,5.9169993
0.094905,5.9169993
0.094909996,5.9169993
0.094914995,5.9169993
0.094919994,5.9169993
0.094925,5.9169993
0.09493,5.9169993
0.094935,5.9169993
0.09494,5.9169993
0.094945,5.9169993
0.09495,5.9169993
0.094955,5.9169993
0.09496,5.9169993
0.094964996,5.9169993
0.094969995,5.9169993
0.094974995,5.9169993
0.094979994,5.9169993
0.094985,5.9169993
0.09499,5.9169993
0.094995,5.9169993
0.095,5.9169993
0.095005,5.9169993
0.09501,5.9169993
0.095015,5.9169993
0.095019996,5.9169993
0.095024996,5.9169993
0.095029995,5.9169993
0.095034994,5.9169993
0.09504,5.9169993
0.095045,5.9169993
0.09505,5.9169993
0.095055,5.9169993
0.09506,5.9169993
0.095065,5.9169993
0.09507,5.9169993
0.095075,5.9169993
0.095079996,5.9169993
0.095084995,5.9169993
0.095089994,5.9169993
0.095095,5.9169993
0.0951,5.9169993
0.095105,5.9169993
0.09511,5.9169993
0.095115,5.9169993
0.09512,5.9169993
0.095125,5.9169993
0.09513,5.9169993
0.095134996,5.9169993
0.095139995,5.9169993
0.095144995,5.9169993
0.095149994,5.9169993
0.095155,5.9169993
0.09516,5.9169993
0.095165,5.9169993
0.09517,5.9169993
0.095175,5.9169993
0.09518,5.9169993
0.095185,5.9169993
0.095189996,5.9169993
0.095194995,5.9169993
0.095199995,5.9169993
0.095204994,5.9169993
0.09521,5.9169993
0.095215,5.9169993
0.09522,5.9169993
0.095225,5.9169993
0.09523,5.9169993
0.095235,5.9169993
0.09524,5.9169993
0.095244996,5.9169993
0.095249996,5.9169993
0.095254995,5.9169993
0.095259994,5.9169993
0.095265,5.9169993
0.09527,5.9169993
0.095275,5.9169993
0.09528,5.9169993
0.095285,5.9169993
0.09529,5.9169993
0.095295,5.9169993
0.0953,5.9169993
0.095304996,5.9169993
0.095309995,5.9169993
0.095314994,5.9169993
0.09532,5.9169993
0.095325,5.9169993
0.09533,5.9169993
0.095335,5.9169993
0.09534,5.9169993
0.095345,5.9169993
0.09535,5.9169993
0.095355,5.9169993
0.095359996,5.9169993
0.095364995,5.9169993
0.095369995,5.9169993
0.095374994,5.9169993
0.09538,5.9169993
0.095385,5.9169993
0.09539,5.9169993
0.095395,5.9169993
0.0954,5.9169993
0.095405,5.9169993
0.09541,5.9169993
0.095414996,5.9169993
0.095419995,5.9169993
0.095424995,5.9169993
0.095429994,5.9169993
0.095435,5.9169993
0.09544,5.9169993
0.095445,5.9169993
0.09545,5.9169993
0.095455,5.9169993
0.09546,5.9169993
0.095465,5.9169993
0.09547,5.9169993
0.095474996,5.9169993
0.095479995,5.9169993
0.095484994,5.9169993
0.09549,5.9169993
0.095495,5.9169993
0.0955,5.9169993
0.095505,5.9169993
0.09551,5.9169993
0.095515,5.9169993
0.09552,5.9169993
0.095525,5.9169993
0.095529996,5.9169993
0.095534995,5.9169993
0.095539995,5.9169993
0.095544994,5.9169993
0.09555,5.9169993
0.095555,5.9169993
0.09556,5.9169993
0.095565,5.9169993
0.09557,5.9169993
0.095575,5.9169993
0.09558,5.9169993
0.095584996,5.9169993
0.095589995,5.9169993
0.095594995,5.9169993
0.095599994,5.9169993
0.095605,5.9169993
0.09561,5.9169993
0.095615,5.9169993
0.09562,5.9169993
0.095625,5.9169993
0.09563,5.9169993
0.095635,5.9169993
0.095639996,5.9169993
0.095644996,5.9169993
0.095649995,5.9169993
0.095654994,5.9169993
0.09566,5.9169993
0.095665,5.9169993
0.09567,5.9169993
0.095675,5.9169993
0.09568,5.9169993
0.095685,5.9169993
0.09569,5.9169993
0.095695,5.9169993
0.095699996,5.9169993
0.095704995,5.9169993
0.095709994,5.9169993
0.095715,5.9169993
0.09572,5.9169993
0.095725,5.9169993
0.09573,5.9169993
0.095735,5.9169993
0.09574,5.9169993
0.095745,5.9169993
0.09575,5.9169993
0.095754996,5.9169993
0.095759995,5.9169993
0.095764995,5.9169993
0.095769994,5.9169993
0.095775,5.9169993
0.09578,5.9169993
0.095785,5.9169993
0.09579,5.9169993
0.095795,5.9169993
0.0958,5.9169993
0.095805,5.9169993
0.095809996,5.9169993
0.095814995,5.9169993
0.095819995,5.9169993
0.095824994,5.9169993
0.09583,5.9169993
0.095835,5.9169993
0.09584,5.9169993
0.095845,5.9169993
0.09585,5.9169993
0.095855,5.9169993
0.09586,5.9169993
0.095865,5.9169993
0.095869996,5.9169993
0.095874995,5.9169993
0.095879994,5.9169993
0.095885,5.9169993
0.09589,5.9169993
0.095895,5.9169993
0.0959,5.9169993
0.095905,5.9169993
0.09591,5.9169993
0.095915,5.9169993
0.09592,5.9169993
0.095924996,5.9169993
0.095929995,5.9169993
0.095934995,5.9169993
0.095939994,5.9169993
0.095945,5.9169993
0.09595,5.9169993
0.095955,5.9169993
0.09596,5.9169993
0.095965,5.9169993
0.09597,5.9169993
0.095975,5.9169993
0.095979996,5.9169993
0.095984995,5.9169993
0.095989995,5.9169993
0.095994994,5.9169993
0.096,5.9169993
0.096005,5.9169993
0.09601,5.9169993
0.096015,5.9169993
0.09602,5.9169993
0.096025,5.9169993
0.09603,5.9169993
0.096034996,5.9169993
0.096039996,5.9169993
0.096044995,5.9169993
0.096049994,5.9169993
0.096055,5.9169993
0.09606,5.9169993
0.096065,5.9169993
0.09607,5.9169993
0.096075,5.9169993
0.09608,5.9169993
0.096085,5.9169993
0.09609,5.9169993
0.096094996,5.9169993
0.096099995,5.9169993
0.096104994,5.9169993
0.09611,5.9169993
0.096115,5.9169993
0.09612,5.9169993
0.096125,5.9169993
0.09613,5.9169993
0.096135,5.9169993
0.09614,5.9169993
0.096145,5.9169993
0.096149996,5.9169993
0.096154995,5.9169993
0.096159995,5.9169993
0.096164994,5.9169993
0.09617,5.9169993
0.096175,5.9169993
0.09618,5.9169993
0.096185,5.9169993
0.09619,5.9169993
0.096195,5.9169993
0.0962,5.9169993
0.096204996,5.9169993
0.096209995,5.9169993
0.096214995,5.9169993
0.096219994,5.9169993
0.096225,5.9169993
0.09623,5.9169993
0.096235,5.9169993
0.09624,5.9169993
0.096245,5.9169993
0.09625,5.9169993
0.096255,5.9169993
0.09626,5.9169993
0.096264996,5.9169993
0.096269995,5.9169993
0.096274994,5.9169993
0.09628,5.9169993
0.096285,5.9169993
0.09629,5.9169993
0.096295,5.9169993
0.0963,5.9169993
0.096305,5.9169993
0.09631,5.9169993
0.096315,5.9169993
0.096319996,5.9169993
0.096324995,5.9169993
0.096329994,5.9169993
0.096335,5.9169993
0.09634,5.9169993
0.096345,5.9169993
0.09635,5.9169993
0.096355,5.9169993
0.09636,5.9169993
0.096365,5.9169993
0.09637,5.9169993
0.096374996,5.9169993
0.096379995,5.9169993
0.096384995,5.9169993
0.096389994,5.9169993
0.096395,5.9169993
0.0964,5.9169993
0.096405,5.9169993
0.09641,5.9169993
0.096415,5.9169993
0.09642,5.9169993
0.096425,5.9169993
0.096429996,5.9169993
0.096434996,5.9169993
0.096439995,5.9169993
0.096444994,5.9169993
0.09645,5.9169993
0.096455,5.9169993
0.09646,5.9169993
0.096465,5.9169993
0.09647,5.9169993
0.096475,5.9169993
0.09648,5.9169993
0.096485,5.9169993
0.096489996,5.9169993
0.096494995,5.9169993
0.096499994,5.9169993
0.096505,5.9169993
0.09651,5.9169993
0.096515,5.9169993
0.09652,5.9169993
0.096525,5.9169993
0.09653,5.9169993
0.096535,5.9169993
0.09654,5.9169993
0.096544996,5.9169993
0.096549995,5.9169993
0.096554995,5.9169993
0.096559994,5.9169993
0.096565,5.9169993
0.09657,5.9169993
0.096575,5.9169993
0.09658,5.9169993
0.096585,5.9169993
0.09659,5.9169993
0.096595,5.9169993
0.096599996,5.9169993
0.096604995,5.9169993
0.096609995,5.9169993
0.096614994,5.9169993
0.09662,5.9169993
0.096625,5.9169993
0.09663,5.9169993
0.096635,5.9169993
0.09664,5.9169993
0.096645,5.9169993
0.09665,5.9169993
0.096655,5.9169993
0.096659996,5.9169993
0.096664995,5.9169993
0.096669994,5.9169993
0.096675,5.9169993
0.09668,5.9169993
0.096685,5.9169993
0.09669,5.9169993
0.096695,5.9169993
0.0967,5.9169993
0.096705,5.9169993
0.09671,5.9169993
0.096714996,5.9169993
0.096719995,5.9169993
0.096724994,5.9169993
0.09673,5.9169993
0.096735,5.9169993
0.09674,5.9169993
0.096745,5.9169993
0.09675,5.9169993
0.096755,5.9169993
0.09676,5.9169993
0.096765,5.9169993
0.096769996,5.9169993
0.096774995,5.9169993
0.096779995,5.9169993
0.096784994,5.9169993
0.09679,5.9169993
0.096795,5.9169993
0.0968,5.9169993
0.096805,5.9169993
0.09681,5.9169993
0.096815,5.9169993
0.09682,5.9169993
0.096824996,5.9169993
0.096829996,5.9169993
0.096834995,5.9169993
0.096839994,5.9169993
0.096845,5.9169993
0.09685,5.9169993
0.096855,5.9169993
0.09686,5.9169993
0.096865,5.9169993
0.09687,5.9169993
0.096875,5.9169993
0.09688,5.9169993
0.096884996,5.9169993
0.096889995,5.9169993
0.096894994,5.9169993
0.0969,5.9169993
0.096905,5.9169993
0.09691,5.9169993
0.096915,5.9169993
0.09692,5.9169993
0.096925,5.9169993
0.09693,5.9169993
0.096935,5.9169993
0.096939996,5.9169993
0.096944995,5.9169993
0.096949995,5.9169993
0.096954994,5.9169993
0.09696,5.9169993
0.096965,5.9169993
0.09697,5.9169993
0.096975,5.9169993
0.09698,5.9169993
0.096985,5.9169993
0.09699,5.9169993
0.096994996,5.9169993
0.096999995,5.9169993
0.097004995,5.9169993
0.097009994,5.9169993
0.097015,5.9169993
0.09702,5.9169993
0.097025,5.9169993
0.09703,5.9169993
0.097035,5.9169993
0.09704,5.9169993
0.097045,5.9169993
0.097049996,5.9169993
0.097054996,5.9169993
0.097059995,5.9169993
0.097064994,5.9169993
0.09707,5.9169993
0.097075,5.9169993
0.09708,5.9169993
0.097085,5.9169993
0.09709,5.9169993
0.097095,5.9169993
0.0971,5.9169993
0.097105,5.9169993
0.097109996,5.9169993
0.097114995,5.9169993
0.097119994,5.9169993
0.097125,5.9169993
0.09713,5.9169993
0.097135,5.9169993
0.09714,5.9169993
0.097145,5.9169993
0.09715,5.9169993
0.097155,5.9169993
0.09716,5.9169993
0.097164996,5.9169993
0.097169995,5.9169993
0.097174995,5.9169993
0.097179994,5.9169993
0.097185,5.9169993
0.09719,5.9169993
0.097195,5.9169993
0.0972,5.9169993
0.097205,5.9169993
0.09721,5.9169993
0.097215,5.9169993
0.097219996,5.9169993
0.097224995,5.9169993
0.097229995,5.9169993
0.097234994,5.9169993
0.09724,5.9169993
0.097245,5.9169993
0.09725,5.9169993
0.097255,5.9169993
0.09726,5.9169993
0.097265,5.9169993
0.09727,5.9169993
0.097275,5.9169993
0.097279996,5.9169993
0.097284995,5.9169993
0.097289994,5.9169993
0.097295,5.9169993
0.0973,5.9169993
0.097305,5.9169993
0.09731,5.9169993
0.097315,5.9169993
0.09732,5.9169993
0.097325,5.9169993
0.09733,5.9169993
0.097334996,5.9169993
0.097339995,5.9169993
0.097344995,5.9169993
0.097349994,5.9169993
0.097355,5.9169993
0.09736,5.9169993
0.097365,5.9169993
0.09737,5.9169993
0.097375,5.9169993
0.09738,5.9169993
0.097385,5.9169993
0.097389996,5.9169993
0.097394995,5.9169993
0.097399995,5.9169993
0.097404994,5.9169993
0.09741,5.9169993
0.097415,5.9169993
0.09742,5.9169993
0.097425,5.9169993
0.09743,5.9169993
0.097435,5.9169993
0.09744,5.9169993
0.097444996,5.9169993
0.097449996,5.9169993
0.097454995,5.9169993
0.097459994,5.9169993
0.097465,5.9169993
0.09747,5.9169993
0.097475,5.9169993
0.09748,5.9169993
0.097485,5.9169993
0.09749,5.9169993
0.097495,5.9169993
0.0975,5.9169993
0.097504996,5.9169993
0.097509995,5.9169993
0.097514994,5.9169993
0.09752,5.9169993
0.097525,5.9169993
0.09753,5.9169993
0.097535,5.9169993
0.09754,5.9169993
0.097545,5.9169993
0.09755,5.9169993
0.097555,5.9169993
0.097559996,5.9169993
0.097564995,5.9169993
0.097569995,5.9169993
0.097574994,5.9169993
0.09758,5.9169993
0.097585,5.9169993
0.09759,5.9169993
0.097595,5.9169993
0.0976,5.9169993
0.097605,5.9169993
0.09761,5.9169993
0.097614996,5.9169993
0.097619995,5.9169993
0.097624995,5.9169993
0.097629994,5.9169993
0.097635,5.9169993
0.09764,5.9169993
0.097645,5.9169993
0.09765,5.9169993
0.097655,5.9169993
0.09766,5.9169993
0.097665,5.9169993
0.09767,5.9169993
0.097674996,5.9169993
0.097679995,5.9169993
0.097684994,5.9169993
0.09769,5.9169993
0.097695,5.9169993
0.0977,5.9169993
0.097705,5.9169993
0.09771,5.9169993
0.097715,5.9169993
0.09772,5.9169993
0.097725,5.9169993
0.097729996,5.9169993
0.097734995,5.9169993
0.097739995,5.9169993
0.097744994,5.9169993
0.09775,5.9169993
0.097755,5.9169993
0.09776,5.9169993
0.097765,5.9169993
0.09777,5.9169993
0.097775,5.9169993
0.09778,5.9169993
0.097784996,5.9169993
0.097789995,5.9169993
0.097794995,5.9169993
0.097799994,5.9169993
0.097805,5.9169993
0.09781,5.9169993
0.097815,5.9169993
0.09782,5.9169993
0.097825,5.9169993
0.09783,5.9169993
0.097835,5.9169993
0.097839996,5.9169993
0.097844996,5.9169993
0.097849995,5.9169993
0.097854994,5.9169993
0.09786,5.9169993
0.097865,5.9169993
0.09787,5.9169993
0.097875,5.9169993
0.09788,5.9169993
0.097885,5.9169993
0.09789,5.9169993
0.097895,5.9169993
0.097899996,5.9169993
0.097904995,5.9169993
0.097909994,5.9169993
0.097915,5.9169993
0.09792,5.9169993
0.097925,5.9169993
0.09793,5.9169993
0.097935,5.9169993
0.09794,5.9169993
0.097945,5.9169993
0.09795,5.9169993
0.097954996,5.9169993
0.097959995,5.9169993
0.097964995,5.9169993
0.097969994,5.9169993
0.097975,5.9169993
0.09798,5.9169993
0.097985,5.9169993
0.09799,5.9169993
0.097995,5.9169993
0.098,5.9169993
0.098005,5.9169993
0.098009996,5.9169993
0.098014995,5.9169993
0.098019995,5.9169993
0.098024994,5.9169993
0.09803,5.9169993
0.098035,5.9169993
0.09804,5.9169993
0.098045,5.9169993
0.09805,5.9169993
0.098055,5.9169993
0.09806,5.9169993
0.098065,5.9169993
0.098069996,5.9169993
0.098074995,5.9169993
0.098079994,5.9169993
0.098085,5.9169993
0.09809,5.9169993
0.098095,5.9169993
0.0981,5.9169993
0.098105,5.9169993
0.09811,5.9169993
0.098115,5.9169993
0.09812,5.9169993
0.098124996,5.9169993
0.098129995,5.9169993
0.098134995,5.9169993
0.098139994,5.9169993
0.098145,5.9169993
0.09815,5.9169993
0.098155,5.9169993
0.09816,5.9169993
0.098165,5.9169993
0.09817,5.9169993
0.098175,5.9169993
0.098179996,5.9169993
0.098184995,5.9169993
0.098189995,5.9169993
0.098194994,5.9169993
0.0982,5.9169993
0.098205,5.9169993
0.09821,5.9169993
0.098215,5.9169993
0.09822,5.9169993
0.098225,5.9169993
0.09823,5.9169993
0.098234996,5.9169993
0.098239996,5.9169993
0.098244995,5.9169993
0.098249994,5.9169993
0.098255,5.9169993
0.09826,5.9169993
0.098265,5.9169993
0.09827,5.9169993
0.098275,5.9169993
0.09828,5.9169993
0.098285,5.9169993
0.09829,5.9169993
0.098294996,5.9169993
0.098299995,5.9169993
0.098304994,5.9169993
0.09831,5.9169993
0.098315,5.9169993
0.09832,5.9169993
0.098325,5.9169993
0.09833,5.9169993
0.098335,5.9169993
0.09834,5.9169993
0.098345,5.9169993
0.098349996,5.9169993
0.098354995,5.9169993
0.098359995,5.9169993
0.098364994,5.9169993
0.09837,5.9169993
0.098375,5.9169993
0.09838,5.9169993
0.098385,5.9169993
0.09839,5.9169993
0.098395,5.9169993
0.0984,5.9169993
0.098404996,5.9169993
0.098409995,5.9169993
0.098414995,5.9169993
0.098419994,5.9169993
0.098425,5.9169993
0.09843,5.9169993
0.098435,5.9169993
0.09844,5.9169993
0.098445,5.9169993
0.09845,5.9169993
0.098455,5.9169993
0.09846,5.9169993
0.098464996,5.9169993
0.098469995,5.9169993
0.098474994,5.9169993
0.09848,5.9169993
0.098485,5.9169993
0.09849,5.9169993
0.098495,5.9169993
0.0985,5.9169993
0.098505,5.9169993
0.09851,5.9169993
0.098515,5.9169993
0.098519996,5.9169993
0.098524995,5.9169993
0.098529994,5.9169993
0.098534994,5.9169993
0.09854,5.9169993
0.098545,5.9169993
0.09855,5.9169993
0.098555,5.9169993
0.09856,5.9169993
0.098565,5.9169993
0.09857,5.9169993
0.098574996,5.9169993
0.098579995,5.9169993
0.098584995,5.9169993
0.098589994,5.9169993
0.098595,5.9169993
0.0986,5.9169993
0.098605,5.9169993
0.09861,5.9169993
0.098615,5.9169993
0.09862,5.9169993
0.098625,5.9169993
0.098629996,5.9169993
0.098634996,5.9169993
0.098639995,5.9169993
0.098644994,5.9169993
0.09865,5.9169993
0.098655,5.9169993
0.09866,5.9169993
0.098665,5.9169993
0.09867,5.9169993
0.098675,5.9169993
0.09868,5.9169993
0.098685,5.9169993
0.098689996,5.9169993
0.098694995,5.9169993
0.098699994,5.9169993
0.098705,5.9169993
0.09871,5.9169993
0.098715,5.9169993
0.09872,5.9169993
0.098725,5.9169993
0.09873,5.9169993
0.098735,5.9169993
0.09874,5.9169993
0.098744996,5.9169993
0.098749995,5.9169993
0.098754995,5.9169993
0.098759994,5.9169993
0.098765,5.9169993
0.09877,5.9169993
0.098775,5.9169993
0.09878,5.9169993
0.098785,5.9169993
0.09879,5.9169993
0.098795,5.9169993
0.098799996,5.9169993
0.098804995,5.9169993
0.098809995,5.9169993
0.098814994,5.9169993
0.09882,5.9169993
0.098825,5.9169993
0.09883,5.9169993
0.098835,5.9169993
0.09884,5.9169993
0.098845,5.9169993
0.09885,5.9169993
0.098854996,5.9169993
0.098859996,5.9169993
0.098864995,5.9169993
0.098869994,5.9169993
0.098875,5.9169993
0.09888,5.9169993
0.098885,5.9169993
0.09889,5.9169993
0.098895,5.9169993
0.0989,5.9169993
0.098905,5.9169993
0.09891,5.9169993
0.098914996,5.9169993
0.098919995,5.9169993
0.098924994,5.9169993
0.098929994,5.9169993
0.098935,5.9169993
0.09894,5.9169993
0.098945,5.9169993
0.09895,5.9169993
0.098955,5.9169993
0.09896,5.9169993
0.098965,5.9169993
0.098969996,5.9169993
0.098974995,5.9169993
0.098979995,5.9169993
0.098984994,5.9169993
0.09899,5.9169993
0.098995,5.9169993
0.099,5.9169993
0.099005,5.9169993
0.09901,5.9169993
0.099015,5.9169993
0.09902,5.9169993
0.099024996,5.9169993
0.099029996,5.9169993
0.099034995,5.9169993
0.099039994,5.9169993
0.099045,5.9169993
0.09905,5.9169993
0.099055,5.9169993
0.09906,5.9169993
0.099065,5.9169993
0.09907,5.9169993
0.099075,5.9169993
0.09908,5.9169993
0.099084996,5.9169993
0.099089995,5.9169993
0.099094994,5.9169993
0.0991,5.9169993
0.099105,5.9169993
0.09911,5.9169993
0.099115,5.9169993
0.09912,5.9169993
0.099125,5.9169993
0.09913,5.9169993
0.099135,5.9169993
0.099139996,5.9169993
0.099144995,5.9169993
0.099149995,5.9169993
0.099154994,5.9169993
0.09916,5.9169993
0.099165,5.9169993
0.09917,5.9169993
0.099175,5.9169993
0.09918,5.9169993
0.099185,5.9169993
0.09919,5.9169993
0.099194996,5.9169993
0.099199995,5.9169993
0.099204995,5.9169993
0.099209994,5.9169993
0.099215,5.9169993
0.09922,5.9169993
0.099225,5.9169993
0.09923,5.9169993
0.099235,5.9169993
0.09924,5.9169993
0.099245,5.9169993
0.099249996,5.9169993
0.099254996,5.9169993
0.099259995,5.9169993
0.099264994,5.9169993
0.09927,5.9169993
0.099275,5.9169993
0.09928,5.9169993
0.099285,5.9169993
0.09929,5.9169993
0.099295,5.9169993
0.0993,5.9169993
0.099305,5.9169993
0.099309996,5.9169993
0.099314995,5.9169993
0.099319994,5.9169993
0.099324994,5.9169993
0.09933,5.9169993
0.099335,5.9169993
0.09934,5.9169993
0.099345,5.9169993
0.09935,5.9169993
0.099355,5.9169993
0.09936,5.9169993
0.099364996,5.9169993
0.099369995,5.9169993
0.099374995,5.9169993
0.099379994,5.9169993
0.099385,5.9169993
0.09939,5.9169993
0.099395,5.9169993
0.0994,5.9169993
0.099405,5.9169993
0.09941,5.9169993
0.099415,5.9169993
0.099419996,5.9169993
0.099424995,5.9169993
0.099429995,5.9169993
0.099434994,5.9169993
0.09944,5.9169993
0.099445,5.9169993
0.09945,5.9169993
0.099455,5.9169993
0.09946,5.9169993
0.099465,5.9169993
0.09947,5.9169993
0.099475,5.9169993
0.099479996,5.9169993
0.099484995,5.9169993
0.099489994,5.9169993
0.099495,5.9169993
0.0995,5.9169993
0.099505,5.9169993
0.09951,5.9169993
0.099515,5.9169993
0.09952,5.9169993
0.099525,5.9169993
0.09953,5.9169993
0.099534996,5.9169993
0.099539995,5.9169993
0.099544995,5.9169993
0.099549994,5.9169993
0.099555,5.9169993
0.09956,5.9169993
0.099565,5.9169993
0.09957,5.9169993
0.099575,5.9169993
0.09958,5.9169993
0.099585,5.9169993
0.099589996,5.9169993
0.099594995,5.9169993
0.099599995,5.9169993
0.099604994,5.9169993
0.09961,5.9169993
0.099615,5.9169993
0.09962,5.9169993
0.099625,5.9169993
0.09963,5.9169993
0.099635,5.9169993
0.09964,5.9169993
0.099644996,5.9169993
0.099649996,5.9169993
0.099654995,5.9169993
0.099659994,5.9169993
0.099665,5.9169993
0.09967,5.9169993
0.099675,5.9169993
0.09968,5.9169993
0.099685,5.9169993
0.09969,5.9169993
0.099695,5.9169993
0.0997,5.9169993
0.099704996,5.9169993
0.099709995,5.9169993
0.099714994,5.9169993
0.099719994,5.9169993
0.099725,5.9169993
0.09973,5.9169993
0.099735,5.9169993
0.09974,5.9169993
0.099745,5.9169993
0.09975,5.9169993
0.099755,5.9169993
0.099759996,5.9169993
0.099764995,5.9169993
0.099769995,5.9169993
0.099774994,5.9169993
0.09978,5.9169993
0.099785,5.9169993
0.09979,5.9169993
0.099795,5.9169993
0.0998,5.9169993
0.099805,5.9169993
0.09981,5.9169993
0.099814996,5.9169993
0.099819995,5.9169993
0.099824995,5.9169993
0.099829994,5.9169993
0.099835,5.9169993
0.09984,5.9169993
0.099845,5.9169993
0.09985,5.9169993
0.099855,5.9169993
0.09986,5.9169993
0.099865,5.9169993
0.09987,5.9169993
0.099874996,5.9169993
0.099879995,5.9169993
0.099884994,5.9169993
0.09989,5.9169993
0.099895,5.9169993
0.0999,5.9169993
0.099905,5.9169993
0.09991,5.9169993
0.099915,5.9169993
0.09992,5.9169993
0.099925,5.9169993
0.099929996,5.9169993
0.099934995,5.9169993
0.099939995,5.9169993
0.099944994,5.9169993
0.09995,5.9169993
0.099955,5.9169993
0.09996,5.9169993
0.099965,5.9169993
0.09997,5.9169993
0.099975,5.9169993
0.09998,5.9169993
0.099984996,5.9169993
0.099989995,5.9169993
0.099994995,5.9169993
0.099999994,5.9169993
0.100005,5.9169993
0.10001,5.9169993
0.100015,5.9169993
0.10002,5.9169993
0.100025,5.9169993
0.10003,5.9169993
0.100035,5.9169993
0.100039996,5.9169993
0.100044996,5.9169993
0.100049995,5.9169993
0.100054994,5.9169993
0.10006,5.9169993
0.100065,5.9169993
0.10007,5.9169993
0.100075,5.9169993
0.10008,5.9169993
0.100085,5.9169993
0.10009,5.9169993
0.100095,5.9169993
0.100099996,5.9169993
0.100104995,5.9169993
0.100109994,5.9169993
0.100114994,5.9169993
0.10012,5.9169993
0.100125,5.9169993
0.10013,5.9169993
0.100135,5.9169993
0.10014,5.9169993
0.100145,5.9169993
0.10015,5.9169993
0.100154996,5.9169993
0.100159995,5.9169993
0.100164995,5.9169993
0.100169994,5.9169993
0.100175,5.9169993
0.10018,5.9169993
0.100185,5.9169993
0.10019,5.9169993
0.100195,5.9169993
0.1002,5.9169993
0.100205,5.9169993
0.100209996,5.9169993
0.100214995,5.9169993
0.100219995,5.9169993
0.100224994,5.9169993
0.10023,5.9169993
0.100235,5.9169993
0.10024,5.9169993
0.100245,5.9169993
0.10025,5.9169993
0.100255,5.9169993
0.10026,5.9169993
0.100265,5.9169993
0.100269996,5.9169993
0.100274995,5.9169993
0.100279994,5.9169993
0.100285,5.9169993
0.10029,5.9169993
0.100295,5.9169993
0.1003,5.9169993
0.100305,5.9169993
0.10031,5.9169993
0.100315,5.9169993
0.10032,5.9169993
0.100324996,5.9169993
0.100329995,5.9169993
0.100334994,5.9169993
0.100339994,5.9169993
0.100345,5.9169993
0.10035,5.9169993
0.100355,5.9169993
0.10036,5.9169993
0.100365,5.9169993
0.10037,5.9169993
0.100375,5.9169993
0.100379996,5.9169993
0.100384995,5.9169993
0.100389995,5.9169993
0.100394994,5.9169993
0.1004,5.9169993
0.100405,5.9169993
0.10041,5.9169993
0.100415,5.9169993
0.10042,5.9169993
0.100425,5.9169993
0.10043,5.9169993
0.100434996,5.9169993
0.100439996,5.9169993
0.100444995,5.9169993
0.100449994,5.9169993
0.100455,5.9169993
0.10046,5.9169993
0.100465,5.9169993
0.10047,5.9169993
0.100475,5.9169993
0.10048,5.9169993
0.100485,5.9169993
0.10049,5.9169993
0.100494996,5.9169993
0.100499995,5.9169993
0.100504994,5.9169993
0.10051,5.9169993
0.100515,5.9169993
0.10052,5.9169993
0.100525,5.9169993
0.10053,5.9169993
0.100535,5.9169993
0.10054,5.9169993
0.100545,5.9169993
0.100549996,5.9169993
0.100554995,5.9169993
0.100559995,5.9169993
0.100564994,5.9169993
0.10057,5.9169993
0.100575,5.9169993
0.10058,5.9169993
0.100585,5.9169993
0.10059,5.9169993
0.100595,5.9169993
0.1006,5.9169993
0.100604996,5.9169993
0.100609995,5.9169993
0.100614995,5.9169993
0.100619994,5.9169993
0.100625,5.9169993
0.10063,5.9169993
0.100635,5.9169993
0.10064,5.9169993
0.100645,5.9169993
0.10065,5.9169993
0.100655,5.9169993
0.100659996,5.9169993
0.100664996,5.9169993
0.100669995,5.9169993
0.100674994,5.9169993
0.10068,5.9169993
0.100685,5.9169993
0.10069,5.9169993
0.100695,5.9169993
0.1007,5.9169993
0.100705,5.9169993
0.10071,5.9169993
0.100715,5.9169993
0.100719996,5.9169993
0.100724995,5.9169993
0.100729994,5.9169993
0.100734994,5.9169993
0.10074,5.9169993
0.100745,5.9169993
0.10075,5.9169993
0.100755,5.9169993
0.10076,5.9169993
0.100765,5.9169993
0.10077,5.9169993
0.100774996,5.9169993
0.100779995,5.9169993
0.100784995,5.9169993
0.100789994,5.9169993
0.100795,5.9169993
0.1008,5.9169993
0.100805,5.9169993
0.10081,5.9169993
0.100815,5.9169993
0.10082,5.9169993
0.100825,5.9169993
0.100829996,5.9169993
0.100834996,5.9169993
0.100839995,5.9169993
0.100844994,5.9169993
0.10085,5.9169993
0.100855,5.9169993
0.10086,5.9169993
0.100865,5.9169993
0.10087,5.9169993
0.100875,5.9169993
0.10088,5.9169993
0.100885,5.9169993
0.100889996,5.9169993
0.100894995,5.9169993
0.100899994,5.9169993
0.100905,5.9169993
0.10091,5.9169993
0.100915,5.9169993
0.10092,5.9169993
0.100925,5.9169993
0.10093,5.9169993
0.100935,5.9169993
0.10094,5.9169993
0.100944996,5.9169993
0.100949995,5.9169993
0.100954995,5.9169993
0.100959994,5.9169993
0.100965,5.9169993
0.10097,5.9169993
0.100975,5.9169993
0.10098,5.9169993
0.100985,5.9169993
0.10099,5.9169993
0.100995,5.9169993
0.100999996,5.9169993
0.101004995,5.9169993
0.101009995,5.9169993
0.101014994,5.9169993
0.10102,5.9169993
0.101025,5.9169993
0.10103,5.9169993
0.101035,5.9169993
0.10104,5.9169993
0.101045,5.9169993
0.10105,5.9169993
0.101054996,5.9169993
0.101059996,5.9169993
0.101064995,5.9169993
0.101069994,5.9169993
0.101075,5.9169993
0.10108,5.9169993
0.101085,5.9169993
0.10109,5.9169993
0.101095,5.9169993
0.1011,5.9169993
0.101105,5.9169993
0.10111,5.9169993
0.101114996,5.9169993
0.101119995,5.9169993
0.101124994,5.9169993
0.101129994,5.9169993
0.101135,5.9169993
0.10114,5.9169993
0.101145,5.9169993
0.10115,5.9169993
0.101155,5.9169993
0.10116,5.9169993
0.101165,5.9169993
0.101169996,5.9169993
0.101174995,5.9169993
0.101179995,5.9169993
0.101184994,5.9169993
0.10119,5.9169993
0.101195,5.9169993
0.1012,5.9169993
0.101205,5.9169993
0.10121,5.9169993
0.101215,5.9169993
0.10122,5.9169993
0.101224996,5.9169993
0.101229995,5.9169993
0.101234995,5.9169993
0.101239994,5.9169993
0.101245,5.9169993
0.10125,5.9169993
0.101255,5.9169993
0.10126,5.9169993
0.101265,5.9169993
0.10127,5.9169993
0.101275,5.9169993
0.10128,5.9169993
0.101284996,5.9169993
0.101289995,5.9169993
0.101294994,5.9169993
0.1013,5.9169993
0.101305,5.9169993
0.10131,5.9169993
0.101315,5.9169993
0.10132,5.9169993
0.101325,5.9169993
0.10133,5.9169993
0.101335,5.9169993
0.101339996,5.9169993
0.101344995,5.9169993
0.101349995,5.9169993
0.101354994,5.9169993
0.10136,5.9169993
0.101365,5.9169993
0.10137,5.9169993
0.101375,5.9169993
0.10138,5.9169993
0.101385,5.9169993
0.10139,5.9169993
0.101394996,5.9169993
0.101399995,5.9169993
0.101404995,5.9169993
0.101409994,5.9169993
0.101415,5.9169993
0.10142,5.9169993
0.101425,5.9169993
0.10143,5.9169993
0.101435,5.9169993
0.10144,5.9169993
0.101445,5.9169993
0.101449996,5.9169993
0.101454996,5.9169993
0.101459995,5.9169993
0.101464994,5.9169993
0.10147,5.9169993
0.101475,5.9169993
0.10148,5.9169993
0.101485,5.9169993
0.10149,5.9169993
0.101495,5.9169993
0.1015,5.9169993
0.101505,5.9169993
0.101509996,5.9169993
0.101514995,5.9169993
0.101519994,5.9169993
0.101524994,5.9169993
0.10153,5.9169993
0.101535,5.9169993
0.10154,5.9169993
0.101545,5.9169993
0.10155,5.9169993
0.101555,5.9169993
0.10156,5.9169993
0.101564996,5.9169993
0.101569995,5.9169993
0.101574995,5.9169993
0.101579994,5.9169993
0.101585,5.9169993
0.10159,5.9169993
0.101595,5.9169993
0.1016,5.9169993
0.101605,5.9169993
0.10161,5.9169993
0.101615,5.9169993
0.101619996,5.9169993
0.101624995,5.9169993
0.101629995,5.9169993
0.101634994,5.9169993
0.10164,5.9169993
0.101645,5.9169993
0.10165,5.9169993
0.101655,5.9169993
0.10166,5.9169993
0.101665,5.9169993
0.10167,5.9169993
0.101675,5.9169993
0.101679996,5.9169993
0.101684995,5.9169993
0.101689994,5.9169993
0.101695,5.9169993
0.1017,5.9169993
0.101705,5.9169993
0.10171,5.9169993
0.101715,5.9169993
0.10172,5.9169993
0.101725,5.9169993
0.10173,5.9169993
0.101734996,5.9169993
0.101739995,5.9169993
0.101744995,5.9169993
0.101749994,5.9169993
0.101755,5.9169993
0.10176,5.9169993
0.101765,5.9169993
0.10177,5.9169993
0.101775,5.9169993
0.10178,5.9169993
0.101785,5.9169993
0.101789996,5.9169993
0.101794995,5.9169993
0.101799995,5.9169993
0.101804994,5.9169993
0.10181,5.9169993
0.101815,5.9169993
0.10182,5.9169993
0.101825,5.9169993
0.10183,5.9169993
0.101835,5.9169993
0.10184,5.9169993
0.101844996,5.9169993
0.101849996,5.9169993
0.101854995,5.9169993
0.101859994,5.9169993
0.101865,5.9169993
0.10187,5.9169993
0.101875,5.9169993
0.10188,5.9169993
0.101885,5.9169993
0.10189,5.9169993
0.101895,5.9169993
0.1019,5.9169993
0.101904996,5.9169993
0.101909995,5.9169993
0.101914994,5.9169993
0.101919994,5.9169993
0.101925,5.9169993
0.10193,5.9169993
0.101935,5.9169993
0.10194,5.9169993
0.101945,5.9169993
0.10195,5.9169993
0.101955,5.9169993
0.101959996,5.9169993
0.101964995,5.9169993
0.101969995,5.9169993
0.101974994,5.9169993
0.10198,5.9169993
0.101985,5.9169993
0.10199,5.9169993
0.101995,5.9169993
0.102,5.9169993
0.102005,5.9169993
0.10201,5.9169993
0.102014996,5.9169993
0.102019995,5.9169993
0.102024995,5.9169993
0.102029994,5.9169993
0.102035,5.9169993
0.10204,5.9169993
0.102045,5.9169993
0.10205,5.9169993
0.102055,5.9169993
0.10206,5.9169993
0.102065,5.9169993
0.10207,5.9169993
0.102074996,5.9169993
0.102079995,5.9169993
0.102084994,5.9169993
0.10209,5.9169993
0.102095,5.9169993
0.1021,5.9169993
0.102105,5.9169993
0.10211,5.9169993
0.102115,5.9169993
0.10212,5.9169993
0.102125,5.9169993
0.102129996,5.9169993
0.102134995,5.9169993
0.102139995,5.9169993
0.102144994,5.9169993
0.10215,5.9169993
0.102155,5.9169993
0.10216,5.9169993
0.102165,5.9169993
0.10217,5.9169993
0.102175,5.9169993
0.10218,5.9169993
0.102184996,5.9169993
0.102189995,5.9169993
0.102194995,5.9169993
0.102199994,5.9169993
0.102205,5.9169993
0.10221,5.9169993
0.102215,5.9169993
0.10222,5.9169993
0.102225,5.9169993
0.10223,5.9169993
0.102235,5.9169993
0.102239996,5.9169993
0.102244996,5.9169993
0.102249995,5.9169993
0.102254994,5.9169993
0.10226,5.9169993
0.102265,5.9169993
0.10227,5.9169993
0.102275,5.9169993
0.10228,5.9169993
0.102285,5.9169993
0.10229,5.9169993
0.102295,5.9169993
0.102299996,5.9169993
0.102304995,5.9169993
0.102309994,5.9169993
0.102314994,5.9169993
0.10232,5.9169993
0.102325,5.9169993
0.10233,5.9169993
0.102335,5.9169993
0.10234,5.9169993
0.102345,5.9169993
0.10235,5.9169993
0.102354996,5.9169993
0.102359995,5.9169993
0.102364995,5.9169993
0.102369994,5.9169993
0.102375,5.9169993
0.10238,5.9169993
0.102385,5.9169993
0.10239,5.9169993
0.102395,5.9169993
0.1024,5.9169993
0.102405,5.9169993
0.102409996,5.9169993
0.102414995,5.9169993
0.102419995,5.9169993
0.102424994,5.9169993
0.10243,5.9169993
0.102435,5.9169993
0.10244,5.9169993
0.102445,5.9169993
0.10245,5.9169993
0.102455,5.9169993
0.10246,5.9169993
0.102465,5.9169993
0.102469996,5.9169993
0.102474995,5.9169993
0.102479994,5.9169993
0.102485,5.9169993
0.10249,5.9169993
0.102495,5.9169993
0.1025,5.9169993
0.102505,5.9169993
0.10251,5.9169993
0.102515,5.9169993
0.10252,5.9169993
0.102524996,5.9169993
0.102529995,5.9169993
0.102534994,5.9169993
0.102539994,5.9169993
0.102545,5.9169993
0.10255,5.9169993
0.102555,5.9169993
0.10256,5.9169993
0.102565,5.9169993
0.10257,5.9169993
0.102575,5.9169993
0.102579996,5.9169993
0.102584995,5.9169993
0.102589995,5.9169993
0.102594994,5.9169993
0.1026,5.9169993
0.102605,5.9169993
0.10261,5.9169993
0.102615,5.9169993
0.10262,5.9169993
0.102625,5.9169993
0.10263,5.9169993
0.102634996,5.9169993
0.102639996,5.9169993
0.102644995,5.9169993
0.102649994,5.9169993
0.102655,5.9169993
0.10266,5.9169993
0.102665,5.9169993
0.10267,5.9169993
0.102675,5.9169993
0.10268,5.9169993
0.102685,5.9169993
0.10269,5.9169993
0.102694996,5.9169993
0.102699995,5.9169993
0.102704994,5.9169993
0.10270999,5.9169993
0.102715,5.9169993
0.10272,5.9169993
0.102725,5.9169993
0.10273,5.9169993
0.102735,5.9169993
0.10274,5.9169993
0.102745,5.9169993
0.102749996,5.9169993
0.102754995,5.9169993
0.102759995,5.9169993
0.102764994,5.9169993
0.10277,5.9169993
0.102775,5.9169993
0.10278,5.9169993
0.102785,5.9169993
0.10279,5.9169993
0.102795,5.9169993
0.1028,5.9169993
0.102804996,5.9169993
0.102809995,5.9169993
0.102814995,5.9169993
0.102819994,5.9169993
0.102825,5.9169993
0.10283,5.9169993
0.102835,5.9169993
0.10284,5.9169993
0.102845,5.9169993
0.10285,5.9169993
0.102855,5.9169993
0.102859996,5.9169993
0.102864996,5.9169993
0.102869995,5.9169993
0.102874994,5.9169993
0.10288,5.9169993
0.102885,5.9169993
0.10289,5.9169993
0.102895,5.9169993
0.1029,5.9169993
0.102905,5.9169993
0.10291,5.9169993
0.102915,5.9169993
0.102919996,5.9169993
0.102924995,5.9169993
0.102929994,5.9169993
0.102934994,5.9169993
0.10294,5.9169993
0.102945,5.9169993
0.10295,5.9169993
0.102955,5.9169993
0.10296,5.9169993
0.102965,5.9169993
0.10297,5.9169993
0.102974996,5.9169993
0.102979995,5.9169993
0.102984995,5.9169993
0.102989994,5.9169993
0.102995,5.9169993
0.103,5.9169993
0.103005,5.9169993
0.10301,5.9169993
0.103015,5.9169993
0.10302,5.9169993
0.103025,5.9169993
0.103029996,5.9169993
0.103034995,5.9169993
0.103039995,5.9169993
0.103044994,5.9169993
0.10305,5.9169993
0.103055,5.9169993
0.10306,5.9169993
0.103065,5.9169993
0.10307,5.9169993
0.103075,5.9169993
0.10308,5.9169993
0.103085,5.9169993
0.103089996,5.9169993
0.103094995,5.9169993
0.103099994,5.9169993
0.10310499,5.9169993
0.10311,5.9169993
0.103115,5.9169993
0.10312,5.9169993
0.103125,5.9169993
0.10313,5.9169993
0.103135,5.9169993
0.10314,5.9169993
0.103144996,5.9169993
0.103149995,5.9169993
0.103154995,5.9169993
0.103159994,5.9169993
0.103165,5.9169993
0.10317,5.9169993
0.103175,5.9169993
0.10318,5.9169993
0.103185,5.9169993
0.10319,5.9169993
0.103195,5.9169993
0.103199996,5.9169993
0.103204995,5.9169993
0.103209995,5.9169993
0.103214994,5.9169993
0.10322,5.9169993
0.103225,5.9169993
0.10323,5.9169993
0.103235,5.9169993
0.10324,5.9169993
0.103245,5.9169993
0.10325,5.9169993
0.103254996,5.9169993
0.103259996,5.9169993
0.103264995,5.9169993
0.103269994,5.9169993
0.103275,5.9169993
0.10328,5.9169993
0.103285,5.9169993
0.10329,5.9169993
0.103295,5.9169993
0.1033,5.9169993
0.103305,5.9169993
0.10331,5.9169993
0.103314996,5.9169993
0.103319995,5.9169993
0.103324994,5.9169993
0.103329994,5.9169993
0.103335,5.9169993
0.10334,5.9169993
0.103345,5.9169993
0.10335,5.9169993
0.103355,5.9169993
0.10336,5.9169993
0.103365,5.9169993
0.103369996,5.9169993
0.103374995,5.9169993
0.103379995,5.9169993
0.103384994,5.9169993
0.10339,5.9169993
0.103395,5.9169993
0.1034,5.9169993
0.103405,5.9169993
0.10341,5.9169993
0.103415,5.9169993
0.10342,5.9169993
0.103424996,5.9169993
0.103429995,5.9169993
0.103434995,5.9169993
0.103439994,5.9169993
0.103445,5.9169993
0.10345,5.9169993
0.103455,5.9169993
0.10346,5.9169993
0.103465,5.9169993
0.10347,5.9169993
0.103475,5.9169993
0.10348,5.9169993
0.103484996,5.9169993
0.103489995,5.9169993
0.103494994,5.9169993
0.10349999,5.9169993
0.103505,5.870768
0.10351,5.824537
0.103515,5.824537
0.10352,5.824537
0.103525,5.870768
0.10353,5.870768
0.103535,5.9169993
0.103539996,5.9169993
0.103544995,5.9169993
0.103549995,5.9169993
0.103554994,5.9169993
0.10356,5.9169993
0.103565,5.9169993
0.10357,5.9169993
0.103575,5.9169993
0.10358,5.9169993
0.103585,5.9169993
0.10359,5.9169993
0.103594996,5.9169993
0.103599995,5.9169993
0.103604995,5.9169993
0.103609994,5.9169993
0.103615,5.9169993
0.10362,5.9169993
0.103625,5.9169993
0.10363,5.9169993
0.103635,5.9169993
0.10364,5.9169993
0.103645,5.9169993
0.103649996,5.9169993
0.103654996,5.9169993
0.103659995,5.9169993
0.103664994,5.9169993
0.10367,5.9169993
0.103675,5.9169993
0.10368,5.9169993
0.103685,5.9169993
0.10369,5.9169993
0.103695,5.9169993
0.1037,5.9169993
0.103705,5.9169993
0.103709996,5.9169993
0.103714995,5.9169993
0.103719994,5.9169993
0.103724994,5.9169993
0.10373,5.9169993
0.103735,5.9169993
0.10374,5.9169993
0.103745,5.9169993
0.10375,5.9169993
0.103755,5.9169993
0.10376,5.9169993
0.103764996,5.9169993
0.103769995,5.9169993
0.103774995,5.9169993
0.103779994,5.9169993
0.103785,5.9169993
0.10379,5.9169993
0.103795,5.9169993
0.1038,5.9169993
0.103805,5.9169993
0.10381,5.9169993
0.103815,5.9169993
0.103819996,5.9169993
0.103824995,5.9169993
0.103829995,5.9169993
0.103834994,5.9169993
0.10384,5.9169993
0.103845,5.9169993
0.10385,5.9169993
0.103855,5.9169993
0.10386,5.9169993
0.103865,5.9169993
0.10387,5.9169993
0.103875,5.9169993
0.103879996,5.9169993
0.103884995,5.9169993
0.103889994,5.9169993
0.10389499,5.9169993
0.1039,5.9169993
0.103905,5.9169993
0.10391,5.9169993
0.103915,5.9169993
0.10392,5.9169993
0.103925,5.9169993
0.10393,5.9169993
0.103934996,5.9169993
0.103939995,5.9169993
0.103944995,5.9169993
0.103949994,5.9169993
0.103955,5.9169993
0.10396,5.9169993
0.103965,5.9169993
0.10397,5.9169993
0.103975,5.9169993
0.10398,5.9169993
0.103985,5.9169993
0.103989996,5.9169993
0.103994995,5.9169993
0.103999995,5.9169993
0.104004994,5.9169993
0.10401,5.9169993
0.104015,5.9169993
0.10402,5.9169993
0.104025,5.9169993
0.10403,5.9169993
0.104035,5.9169993
0.10404,5.9169993
0.104044996,5.9169993
0.104049996,5.9169993
0.104054995,5.9169993
0.104059994,5.9169993
0.104065,5.9169993
0.10407,5.9169993
0.104075,5.9169993
0.10408,5.9169993
0.104085,5.9169993
0.10409,5.9169993
0.104095,5.9169993
0.1041,5.9169993
0.104104996,5.9169993
0.104109995,5.9169993
0.104114994,5.9169993
0.104119994,5.9169993
0.104125,5.9169993
0.10413,5.9169993
0.104135,5.9169993
0.10414,5.9169993
0.104145,5.9169993
0.10415,5.9169993
0.104155,5.9169993
0.104159996,5.9169993
0.104164995,5.9169993
0.104169995,5.9169993
0.104174994,5.9169993
0.10418,5.9169993
0.104185,5.9169993
0.10419,5.9169993
0.104195,5.9169993
0.1042,5.9169993
0.104205,5.9169993
0.10421,5.9169993
0.104214996,5.9169993
0.104219995,5.9169993
0.104224995,5.9169993
0.104229994,5.9169993
0.104235,5.9169993
0.10424,5.9169993
0.104245,5.9169993
0.10425,5.9169993
0.104255,5.9169993
0.10426,5.9169993
0.104265,5.9169993
0.10427,5.9169993
0.104274996,5.9169993
0.104279995,5.9169993
0.104284994,5.9169993
0.10428999,5.9169993
0.104295,5.9169993
0.1043,5.9169993
0.104305,5.9169993
0.10431,5.9169993
0.104315,5.9169993
0.10432,5.9169993
0.104325,5.9169993
0.104329996,5.9169993
0.104334995,5.9169993
0.104339994,5.9169993
0.104344994,5.9169993
0.10435,5.9169993
0.104355,5.9169993
0.10436,5.9169993
0.104365,5.9169993
0.10437,5.9169993
0.104375,5.9169993
0.10438,5.9169993
0.104384996,5.9169993
0.104389995,5.9169993
0.104394995,5.9169993
0.104399994,5.9169993
0.104405,5.9169993
0.10441,5.9169993
0.104415,5.9169993
0.10442,5.9169993
0.104425,5.9169993
0.10443,5.9169993
0.104435,5.9169993
0.104439996,5.9169993
0.104444996,5.9169993
0.104449995,5.9169993
0.104454994,5.9169993
0.10446,5.9169993
0.104465,5.9169993
0.10447,5.9169993
0.104475,5.9169993
0.10448,5.9169993
0.104485,5.9169993
0.10449,5.9169993
0.104495,5.9169993
0.104499996,5.9169993
0.104504995,5.9169993
0.104509994,5.9169993
0.104514994,5.9169993
0.10452,5.9169993
0.104525,5.9169993
0.10453,5.9169993
0.104535,5.9169993
0.10454,5.9169993
0.104545,5.9169993
0.10455,5.9169993
0.104554996,5.9169993
0.104559995,5.9169993
0.104564995,5.9169993
0.104569994,5.9169993
0.104575,5.9169993
0.10458,5.9169993
0.104585,5.9169993
0.10459,5.9169993
0.104595,5.9169993
0.1046,5.9169993
0.104605,5.9169993
0.104609996,5.9169993
0.104614995,5.9169993
0.104619995,5.9169993
0.104624994,5.9169993
0.10463,5.9169993
0.104635,5.9169993
0.10464,5.9169993
0.104645,5.9169993
0.10465,5.9169993
0.104655,5.9169993
0.10466,5.9169993
0.104664996,5.9169993
0.104669996,5.9169993
0.104674995,5.9169993
0.104679994,5.9169993
0.104685,5.9169993
0.10469,5.9169993
0.104695,5.9169993
0.1047,5.9169993
0.104705,5.9169993
0.10471,5.9169993
0.104715,5.9169993
0.10472,5.9169993
0.104724996,5.9169993
0.104729995,5.9169993
0.104734994,5.9169993
0.104739994,5.9169993
0.104745,5.9169993
0.10475,5.9169993
0.104755,5.9169993
0.10476,5.9169993
0.104765,5.9169993
0.10477,5.9169993
0.104775,5.9169993
0.104779996,5.9169993
0.104784995,5.9169993
0.104789995,5.9169993
0.104794994,5.9169993
0.1048,5.9169993
0.104805,5.9169993
0.10481,5.9169993
0.104815,5.9169993
0.10482,5.9169993
0.104825,5.9169993
0.10483,5.9169993
0.104834996,5.9169993
0.104839996,5.9169993
0.104844995,5.9169993
0.104849994,5.9169993
0.104855,5.9169993
0.10486,5.9169993
0.104865,5.9169993
0.10487,5.9169993
0.104875,5.9169993
0.10488,5.9169993
0.104885,5.9169993
0.10489,5.9169993
0.104894996,5.9169993
0.104899995,5.9169993
0.104904994,5.9169993
0.10490999,5.9169993
0.104915,5.9169993
0.10492,5.9169993
0.104925,5.9169993
0.10493,5.9169993
0.104935,5.9169993
0.10494,5.9169993
0.104945,5.9169993
0.104949996,5.9169993
0.104954995,5.9169993
0.104959995,5.9169993
0.104964994,5.9169993
0.10497,5.9169993
0.104975,5.9169993
0.10498,5.9169993
0.104985,5.9169993
0.10499,5.9169993
0.104995,5.9169993
0.105,5.9169993
0.105004996,5.9169993
0.105009995,5.9169993
0.105014995,5.9169993
0.105019994,5.9169993
0.105025,5.9169993
0.10503,5.9169993
0.105035,5.9169993
0.10504,5.9169993
0.105045,5.9169993
0.10505,5.9169993
0.105055,5.9169993
0.105059996,5.9169993
0.105064996,5.9169993
0.105069995,5.9169993
0.105074994,5.9169993
0.10508,5.9169993
0.105085,5.9169993
0.10509,5.9169993
0.105095,5.9169993
0.1051,5.9169993
0.105105,5.9169993
0.10511,5.9169993
0.105115,5.9169993
0.105119996,5.9169993
0.105124995,5.9169993
0.105129994,5.9169993
0.105134994,5.9169993
0.10514,5.9169993
0.105145,5.9169993
0.10515,5.9169993
0.105155,5.9169993
0.10516,5.9169993
0.105165,5.9169993
0.10517,5.9169993
0.105174996,5.9169993
0.105179995,5.9169993
0.105184995,5.9169993
0.105189994,5.9169993
0.105195,5.9169993
0.1052,5.9169993
0.105205,5.9169993
0.10521,5.9169993
0.105215,5.9169993
0.10522,5.9169993
0.105225,5.9169993
0.105229996,5.9169993
0.105234995,5.9169993
0.105239995,5.9169993
0.105244994,5.9169993
0.10525,5.9169993
0.105255,5.9169993
0.10526,5.9169993
0.105265,5.9169993
0.10527,5.9169993
0.105275,5.9169993
0.10528,5.9169993
0.105285,5.9169993
0.105289996,5.9169993
0.105294995,5.9169993
0.105299994,5.9169993
0.10530499,5.9169993
0.10531,5.9169993
0.105315,5.9169993
0.10532,5.9169993
0.105325,5.9169993
0.10533,5.9169993
0.105335,5.9169993
0.10534,5.9169993
0.105344996,5.9169993
0.105349995,5.9169993
0.105354995,5.9169993
0.105359994,5.9169993
0.105365,5.9169993
0.10537,5.9169993
0.105375,5.9169993
0.10538,5.9169993
0.105385,5.9169993
0.10539,5.9169993
0.105395,5.9169993
0.105399996,5.9169993
0.105404995,5.9169993
0.105409995,5.9169993
0.105414994,5.9169993
0.10542,5.9169993
0.105425,5.9169993
0.10543,5.9169993
0.105435,5.9169993
0.10544,5.9169993
0.105445,5.9169993
0.10545,5.9169993
0.105454996,5.9169993
0.105459996,5.9169993
0.105464995,5.9169993
0.105469994,5.9169993
0.105475,5.9169993
0.10548,5.9169993
0.105485,5.9169993
0.10549,5.9169993
0.105495,5.9169993
0.1055,5.9169993
0.105505,5.9169993
0.10551,5.9169993
0.105514996,5.9169993
0.105519995,5.9169993
0.105524994,5.9169993
0.105529994,5.9169993
0.105535,5.9169993
0.10554,5.9169993
0.105545,5.9169993
0.10555,5.9169993
0.105555,5.9169993
0.10556,5.9169993
0.105565,5.9169993
0.105569996,5.9169993
0.105574995,5.9169993
0.105579995,5.9169993
0.105584994,5.9169993
0.10559,5.9169993
0.105595,5.9169993
0.1056,5.9169993
0.105605,5.9169993
0.10561,5.9169993
0.105615,5.9169993
0.10562,5.9169993
0.105624996,5.9169993
0.105629995,5.9169993
0.105634995,5.9169993
0.105639994,5.9169993
0.105645,5.9169993
0.10565,5.9169993
0.105655,5.9169993
0.10566,5.9169993
0.105665,5.9169993
0.10567,5.9169993
0.105675,5.9169993
0.10568,5.9169993
0.105684996,5.9169993
0.105689995,5.9169993
0.105694994,5.9169993
0.10569999,5.9169993
0.105705,5.9169993
0.10571,5.9169993
0.105715,5.9169993
0.10572,5.9169993
0.105725,5.9169993
0.10573,5.9169993
0.105735,5.9169993
0.105739996,5.9169993
0.105744995,5.9169993
0.105749995,5.9169993
0.105754994,5.9169993
0.10576,5.9169993
0.105765,5.9169993
0.10577,5.9169993
0.105775,5.9169993
0.10578,5.9169993
0.105785,5.9169993
0.10579,5.9169993
0.105794996,5.9169993
0.105799995,5.9169993
0.105804995,5.9169993
0.105809994,5.9169993
0.105815,5.9169993
0.10582,5.9169993
0.105825,5.9169993
0.10583,5.9169993
0.105835,5.9169993
0.10584,5.9169993
0.105845,5.9169993
0.105849996,5.9169993
0.105854996,5.9169993
0.105859995,5.9169993
0.105864994,5.9169993
0.10587,5.9169993
0.105875,5.9169993
0.10588,5.9169993
0.105885,5.9169993
0.10589,5.9169993
0.105895,5.9169993
0.1059,5.9169993
0.105905,5.9169993
0.105909996,5.9169993
0.105914995,5.9169993
0.105919994,5.9169993
0.105924994,5.9169993
0.10593,5.9169993
0.105935,5.9169993
0.10594,5.9169993
0.105945,5.9169993
0.10595,5.9169993
0.105955,5.9169993
0.10596,5.9169993
0.105964996,5.9169993
0.105969995,5.9169993
0.105974995,5.9169993
0.105979994,5.9169993
0.105985,5.9169993
0.10599,5.9169993
0.105995,5.9169993
0.106,5.9169993
0.106005,5.9169993
0.10601,5.9169993
0.106015,5.9169993
0.106019996,5.9169993
0.106024995,5.9169993
0.106029995,5.9169993
0.106034994,5.9169993
0.10604,5.9169993
0.106045,5.9169993
0.10605,5.9169993
0.106055,5.9169993
0.10606,5.9169993
0.106065,5.9169993
0.10607,5.9169993
0.106075,5.9169993
0.106079996,5.9169993
0.106084995,5.9169993
0.106089994,5.9169993
0.10609499,5.9169993
0.1061,5.9169993
0.106105,5.9169993
0.10611,5.9169993
0.106115,5.9169993
0.10612,5.9169993
0.106125,5.9169993
0.10613,5.9169993
0.106134996,5.9169993
0.106139995,5.9169993
0.106144994,5.9169993
0.106149994,5.9169993
0.106155,5.9169993
0.10616,5.9169993
0.106165,5.9169993
0.10617,5.9169993
0.106175,5.9169993
0.10618,5.9169993
0.106185,5.9169993
0.106189996,5.9169993
0.106194995,5.9169993
0.106199995,5.9169993
0.106204994,5.9169993
0.10621,5.9169993
0.106215,5.9169993
0.10622,5.9169993
0.106225,5.9169993
0.10623,5.9169993
0.106235,5.9169993
0.10624,5.9169993
0.106244996,5.9169993
0.106249996,5.9169993
0.106254995,5.9169993
0.106259994,5.9169993
0.106265,5.9169993
0.10627,5.9169993
0.106275,5.9169993
0.10628,5.9169993
0.106285,5.9169993
0.10629,5.9169993
0.106295,5.9169993
0.1063,5.9169993
0.106304996,5.9169993
0.106309995,5.9169993
0.106314994,5.9169993
0.106319994,5.9169993
0.106325,5.9169993
0.10633,5.9169993
0.106335,5.9169993
0.10634,5.9169993
0.106345,5.9169993
0.10635,5.9169993
0.106355,5.9169993
0.106359996,5.9169993
0.106364995,5.9169993
0.106369995,5.9169993
0.106374994,5.9169993
0.10638,5.9169993
0.106385,5.9169993
0.10639,5.9169993
0.106395,5.9169993
0.1064,5.9169993
0.106405,5.9169993
0.10641,5.9169993
0.106414996,5.9169993
0.106419995,5.9169993
0.106424995,5.9169993
0.106429994,5.9169993
0.106435,5.9169993
0.10644,5.9169993
0.106445,5.9169993
0.10645,5.9169993
0.106455,5.9169993
0.10646,5.9169993
0.106465,5.9169993
0.106469996,5.9169993
0.106474996,5.9169993
0.106479995,5.9169993
0.106484994,5.9169993
0.10648999,5.9169993
0.106495,5.9169993
0.1065,5.9169993
0.106505,5.9169993
0.10651,5.9169993
0.106515,5.9169993
0.10652,5.9169993
0.106525,5.9169993
0.106529996,5.9169993
0.106534995,5.9169993
0.106539994,5.9169993
0.106544994,5.9169993
0.10655,5.9169993
0.106555,5.9169993
0.10656,5.9169993
0.106565,5.9169993
0.10657,5.9169993
0.106575,5.9169993
0.10658,5.9169993
0.106584996,5.9169993
0.106589995,5.9169993
0.106594995,5.9169993
0.106599994,5.9169993
0.106605,5.9169993
0.10661,5.9169993
0.106615,5.9169993
0.10662,5.9169993
0.106625,5.9169993
0.10663,5.9169993
0.106635,5.9169993
0.106639996,5.9169993
0.106644996,5.9169993
0.106649995,5.9169993
0.106654994,5.9169993
0.10666,5.9169993
0.106665,5.9169993
0.10667,5.9169993
0.106675,5.9169993
0.10668,5.9169993
0.106685,5.9169993
0.10669,5.9169993
0.106695,5.9169993
0.106699996,5.9169993
0.106704995,5.9169993
0.106709994,5.9169993
0.10671499,5.9169993
0.10672,5.9169993
0.106725,5.9169993
0.10673,5.9169993
0.106735,5.9169993
0.10674,5.9169993
0.106745,5.9169993
0.10675,5.9169993
0.106754996,5.9169993
0.106759995,5.9169993
0.106764995,5.9169993
0.106769994,5.9169993
0.106775,5.9169993
0.10678,5.9169993
0.106785,5.9169993
0.10679,5.9169993
0.106795,5.9169993
0.1068,5.9169993
0.106805,5.9169993
0.106809996,5.9169993
0.106814995,5.9169993
0.106819995,5.9169993
0.106824994,5.9169993
0.10683,5.9169993
0.106835,5.9169993
0.10684,5.9169993
0.106845,5.9169993
0.10685,5.9169993
0.106855,5.9169993
0.10686,5.9169993
0.106864996,5.9169993
0.106869996,5.9169993
0.106874995,5.9169993
0.106879994,5.9169993
0.10688499,5.9169993
0.10689,5.9169993
0.106895,5.9169993
0.1069,5.9169993
0.106905,5.9169993
0.10691,5.9169993
0.106915,5.9169993
0.10692,5.9169993
0.106924996,5.9169993
0.106929995,5.9169993
0.106934994,5.9169993
0.106939994,5.9169993
0.106945,5.9169993
0.10695,5.9169993
0.106955,5.9169993
0.10696,5.9169993
0.106965,5.9169993
0.10697,5.9169993
0.106975,5.9169993
0.106979996,5.9169993
0.106984995,5.9169993
0.106989995,5.9169993
0.106994994,5.9169993
0.107,5.9169993
0.107005,5.9169993
0.10701,5.9169993
0.107015,5.9169993
0.10702,5.9169993
0.107025,5.9169993
0.10703,5.9169993
0.107034996,5.9169993
0.107039995,5.9169993
0.107044995,5.9169993
0.107049994,5.9169993
0.107055,5.9169993
0.10706,5.9169993
0.107065,5.9169993
0.10707,5.9169993
0.107075,5.9169993
0.10708,5.9169993
0.107085,5.9169993
0.10709,5.9169993
0.107094996,5.9169993
0.107099995,5.9169993
0.107104994,5.9169993
0.10710999,5.9169993
0.107115,5.9169993
0.10712,5.9169993
0.107125,5.9169993
0.10713,5.9169993
0.107135,5.9169993
0.10714,5.9169993
0.107145,5.9169993
0.107149996,5.9169993
0.107154995,5.9169993
0.107159995,5.9169993
0.107164994,5.9169993
0.10717,5.9169993
0.107175,5.9169993
0.10718,5.9169993
0.107185,5.9169993
0.10719,5.9169993
0.107195,5.9169993
0.1072,5.9169993
0.107204996,5.9169993
0.107209995,5.9169993
0.107214995,5.9169993
0.107219994,5.9169993
0.107225,5.9169993
0.10723,5.9169993
0.107235,5.9169993
0.10724,5.9169993
0.107245,5.9169993
0.10725,5.9169993
0.107255,5.9169993
0.107259996,5.9169993
0.107264996,5.9169993
0.107269995,5.9169993
0.107274994,5.9169993
0.10727999,5.9169993
0.107285,5.9169993
0.10729,5.9169993
0.107295,5.9169993
0.1073,5.9169993
0.107305,5.9169993
0.10731,5.9169993
0.107315,5.9169993
0.107319996,5.9169993
0.107324995,5.9169993
0.107329994,5.9169993
0.107334994,5.9169993
0.10734,5.9169993
0.107345,5.9169993
0.10735,5.9169993
0.107355,5.9169993
0.10736,5.9169993
0.107365,5.9169993
0.10737,5.9169993
0.107374996,5.9169993
0.107379995,5.9169993
0.107384995,5.9169993
0.107389994,5.9169993
0.107395,5.9169993
0.1074,5.9169993
0.107405,5.9169993
0.10741,5.9169993
0.107415,5.9169993
0.10742,5.9169993
0.107425,5.9169993
0.107429996,5.9169993
0.107434995,5.9169993
0.107439995,5.9169993
0.107444994,5.9169993
0.10745,5.9169993
0.107455,5.9169993
0.10746,5.9169993
0.107465,5.9169993
0.10747,5.9169993
0.107475,5.9169993
0.10748,5.9169993
0.107485,5.9169993
0.107489996,5.9169993
0.107494995,5.9169993
0.107499994,5.9169993
0.10750499,5.9169993
0.10751,5.9169993
0.107515,5.9169993
0.10752,5.9169993
0.107525,5.9169993
0.10753,5.9169993
0.107535,5.9169993
0.10754,5.9169993
0.107544996,5.9169993
0.107549995,5.9169993
0.107554995,5.9169993
0.107559994,5.9169993
0.107565,5.9169993
0.10757,5.9169993
0.107575,5.9169993
0.10758,5.9169993
0.107585,5.9169993
0.10759,5.9169993
0.107595,5.9169993
0.107599996,5.9169993
0.107604995,5.9169993
0.107609995,5.9169993
0.107614994,5.9169993
0.10762,5.9169993
0.107625,5.9169993
0.10763,5.9169993
0.107635,5.9169993
0.10764,5.9169993
0.107645,5.9169993
0.10765,5.9169993
0.107654996,5.9169993
0.107659996,5.9169993
0.107664995,5.9169993
0.107669994,5.9169993
0.10767499,5.9169993
0.10768,5.9169993
0.107685,5.9169993
0.10769,5.9169993
0.107695,5.9169993
0.1077,5.9169993
0.107705,5.9169993
0.10771,5.9169993
0.107714996,5.9169993
0.107719995,5.9169993
0.107724994,5.9169993
0.107729994,5.9169993
0.107735,5.9169993
0.10774,5.9169993
0.107745,5.9169993
0.10775,5.9169993
0.107755,5.9169993
0.10776,5.9169993
0.107765,5.9169993
0.107769996,5.9169993
0.107774995,5.9169993
0.107779995,5.9169993
0.107784994,5.9169993
0.10779,5.9169993
0.107795,5.9169993
0.1078,5.9169993
0.107805,5.9169993
0.10781,5.9169993
0.107815,5.9169993
0.10782,5.9169993
0.107824996,5.9169993
0.107829995,5.9169993
0.107834995,5.9169993
0.107839994,5.9169993
0.107845,5.9169993
0.10785,5.9169993
0.107855,5.9169993
0.10786,5.9169993
0.107865,5.9169993
0.10787,5.9169993
0.107875,5.9169993
0.10788,5.9169993
0.107884996,5.9169993
0.107889995,5.9169993
0.107894994,5.9169993
0.10789999,5.9169993
0.107905,5.9169993
0.10791,5.9169993
0.107915,5.9169993
0.10792,5.9169993
0.107925,5.9169993
0.10793,5.9169993
0.107935,5.9169993
0.107939996,5.9169993
0.107944995,5.9169993
0.107949995,5.9169993
0.107954994,5.9169993
0.10796,5.9169993
0.107965,5.9169993
0.10797,5.9169993
0.107975,5.9169993
0.10798,5.9169993
0.107985,5.9169993
0.10799,5.9169993
0.107994996,5.9169993
0.107999995,5.9169993
0.108004995,5.9169993
0.108009994,5.9169993
0.108015,5.9169993
0.10802,5.9169993
0.108025,5.9169993
0.10803,5.9169993
0.108035,5.9169993
0.10804,5.9169993
0.108045,5.9169993
0.108049996,5.9169993
0.108054996,5.9169993
0.108059995,5.9169993
0.108064994,5.9169993
0.10806999,5.9169993
0.108075,5.9169993
0.10808,5.9169993
0.108085,5.9169993
0.10809,5.9169993
0.108095,5.9169993
0.1081,5.9169993
0.108105,5.9169993
0.108109996,5.9169993
0.108114995,5.9169993
0.108119994,5.9169993
0.108124994,5.9169993
0.10813,5.9169993
0.108135,5.9169993
0.10814,5.9169993
0.108145,5.9169993
0.10815,5.9169993
0.108155,5.9169993
0.10816,5.9169993
0.108164996,5.9169993
0.108169995,5.9169993
0.108174995,5.9169993
0.108179994,5.9169993
0.108185,5.9169993
0.10819,5.9169993
0.108195,5.9169993
0.1082,5.9169993
0.108205,5.9169993
0.10821,5.9169993
0.108215,5.9169993
0.108219996,5.9169993
0.108224995,5.9169993
0.108229995,5.9169993
0.108234994,5.9169993
0.10824,5.9169993
0.108245,5.9169993
0.10825,5.9169993
0.108255,5.9169993
0.10826,5.9169993
0.108265,5.9169993
0.10827,5.9169993
0.108275,5.9169993
0.108279996,5.9169993
0.108284995,5.9169993
0.108289994,5.9169993
0.10829499,5.9169993
0.1083,5.9169993
0.108305,5.9169993
0.10831,5.9169993
0.108315,5.9169993
0.10832,5.9169993
0.108325,5.9169993
0.10833,5.9169993
0.108334996,5.9169993
0.108339995,5.9169993
0.108344994,5.9169993
0.108349994,5.9169993
0.108355,5.9169993
0.10836,5.9169993
0.108365,5.9169993
0.10837,5.9169993
0.108375,5.9169993
0.10838,5.9169993
0.108385,5.9169993
0.108389996,5.9169993
0.108394995,5.9169993
0.108399995,5.9169993
0.108404994,5.9169993
0.10841,5.9169993
0.108415,5.9169993
0.10842,5.9169993
0.108425,5.9169993
0.10843,5.9169993
0.108435,5.9169993
0.10844,5.9169993
0.108444996,5.9169993
0.108449996,5.9169993
0.108454995,5.9169993
0.108459994,5.9169993
0.10846499,5.9169993
0.10847,5.9169993
0.108475,5.9169993
0.10848,5.9169993
0.108485,5.9169993
0.10849,5.9169993
0.108495,5.9169993
0.1085,5.9169993
0.108504996,5.9169993
0.108509995,5.9169993
0.108514994,5.9169993
0.10851999,5.9169993
0.108525,5.9169993
0.10853,5.9169993
0.108535,5.9169993
0.10854,5.9169993
0.108545,5.9169993
0.10855,5.9169993
0.108555,5.9169993
0.108559996,5.9169993
0.108564995,5.9169993
0.108569995,5.9169993
0.108574994,5.9169993
0.10858,5.9169993
0.108585,5.9169993
0.10859,5.9169993
0.108595,5.9169993
0.1086,5.9169993
0.108605,5.9169993
0.10861,5.9169993
0.108614996,5.9169993
0.108619995,5.9169993
0.108624995,5.9169993
0.108629994,5.9169993
0.108635,5.9169993
0.10864,5.9169993
0.108645,5.9169993
0.10865,5.9169993
0.108655,5.9169993
0.10866,5.9169993
0.108665,5.9169993
0.108669996,5.9169993
0.108674996,5.9169993
0.108679995,5.9169993
0.108684994,5.9169993
0.10868999,5.9169993
0.108695,5.9169993
0.1087,5.9169993
0.108705,5.9169993
0.10871,5.9169993
0.108715,5.9169993
0.10872,5.9169993
0.108725,5.9169993
0.108729996,5.9169993
0.108734995,5.9169993
0.108739994,5.9169993
0.108744994,5.9169993
0.10875,5.9169993
0.108755,5.9169993
0.10876,5.9169993
0.108765,5.9169993
0.10877,5.9169993
0.108775,5.9169993
0.10878,5.9169993
0.108784996,5.9169993
0.108789995,5.9169993
0.108794995,5.9169993
0.108799994,5.9169993
0.108805,5.9169993
0.10881,5.9169993
0.108815,5.9169993
0.10882,5.9169993
0.108825,5.9169993
0.10883,5.9169993
0.108835,5.9169993
0.108839996,5.9169993
0.108844995,5.9169993
0.108849995,5.9169993
0.108854994,5.9169993
0.10886,5.9169993
0.108865,5.9169993
0.10887,5.9169993
0.108875,5.9169993
0.10888,5.9169993
0.108885,5.9169993
0.10889,5.9169993
0.108895,5.9169993
0.108899996,5.9169993
0.108904995,5.9169993
0.108909994,5.9169993
0.10891499,5.9169993
0.10892,5.9169993
0.108925,5.9169993
0.10893,5.9169993
0.108935,5.9169993
0.10894,5.9169993
0.108945,5.9169993
0.10895,5.9169993
0.108954996,5.9169993
0.108959995,5.9169993
0.108964995,5.9169993
0.108969994,5.9169993
0.108975,5.9169993
0.10898,5.9169993
0.108985,5.9169993
0.10899,5.9169993
0.108995,5.9169993
0.109,5.9169993
0.109005,5.9169993
0.109009996,5.9169993
0.109014995,5.9169993
0.109019995,5.9169993
0.109024994,5.9169993
0.10903,5.9169993
0.109035,5.9169993
0.10904,5.9169993
0.109045,5.9169993
0.10905,5.9169993
0.109055,5.9169993
0.10906,5.9169993
0.109064996,5.9169993
0.109069996,5.9169993
0.109074995,5.9169993
0.109079994,5.9169993
0.10908499,5.9169993
0.10909,5.9169993
0.109095,5.9169993
0.1091,5.9169993
0.109105,5.9169993
0.10911,5.9169993
0.109115,5.9169993
0.10912,5.9169993
0.109124996,5.9169993
0.109129995,5.9169993
0.109134994,5.9169993
0.109139994,5.9169993
0.109145,5.9169993
0.10915,5.9169993
0.109155,5.9169993
0.10916,5.9169993
0.109165,5.9169993
0.10917,5.9169993
0.109175,5.9169993
0.109179996,5.9169993
0.109184995,5.9169993
0.109189995,5.9169993
0.109194994,5.9169993
0.1092,5.9169993
0.109205,5.9169993
0.10921,5.9169993
0.109215,5.9169993
0.10922,5.9169993
0.109225,5.9169993
0.10923,5.9169993
0.109234996,5.9169993
0.109239995,5.9169993
0.109244995,5.9169993
0.109249994,5.9169993
0.109255,5.9169993
0.10926,5.9169993
0.109265,5.9169993
0.10927,5.9169993
0.109275,5.9169993
0.10928,5.9169993
0.109285,5.9169993
0.10929,5.9169993
0.109294996,5.9169993
0.109299995,5.9169993
0.109304994,5.9169993
0.10930999,5.9169993
0.109315,5.9169993
0.10932,5.9169993
0.109325,5.9169993
0.10933,5.9169993
0.109335,5.9169993
0.10934,5.9169993
0.109345,5.9169993
0.109349996,5.9169993
0.109354995,5.9169993
0.109359995,5.9169993
0.109364994,5.9169993
0.10937,5.9169993
0.109375,5.9169993
0.10938,5.9169993
0.109385,5.9169993
0.10939,5.9169993
0.109395,5.9169993
0.1094,5.9169993
0.109404996,5.9169993
0.109409995,5.9169993
0.109414995,5.9169993
0.109419994,5.9169993
0.109425,5.9169993
0.10943,5.9169993
0.109435,5.9169993
0.10944,5.9169993
0.109445,5.9169993
0.10945,5.9169993
0.109455,5.9169993
0.109459996,5.9169993
0.109464996,5.9169993
0.109469995,5.9169993
0.109474994,5.9169993
0.10947999,5.9169993
0.109485,5.9169993
0.10949,5.9169993
0.109495,5.9169993
0.1095,5.9169993
0.109505,5.9169993
0.10951,5.9169993
0.109515,5.9169993
0.109519996,5.9169993
0.109524995,5.9169993
0.109529994,5.9169993
0.109534994,5.9169993
0.10954,5.9169993
0.109545,5.9169993
0.10955,5.9169993
0.109555,5.9169993
0.10956,5.9169993
0.109565,5.9169993
0.10957,5.9169993
0.109574996,5.9169993
0.109579995,5.9169993
0.109584995,5.9169993
0.109589994,5.9169993
0.109595,5.9169993
0.1096,5.9169993
0.109605,5.9169993
0.10961,5.9169993
0.109615,5.9169993
0.10962,5.9169993
0.109625,5.9169993
0.109629996,5.9169993
0.109634995,5.9169993
0.109639995,5.9169993
0.109644994,5.9169993
0.10965,5.9169993
0.109655,5.9169993
0.10966,5.9169993
0.109665,5.9169993
0.10967,5.9169993
0.109675,5.9169993
0.10968,5.9169993
0.109685,5.9169993
0.109689996,5.9169993
0.109694995,5.9169993
0.109699994,5.9169993
0.10970499,5.9169993
0.10971,5.9169993
0.109715,5.9169993
0.10972,5.9169993
0.109725,5.9169993
0.10973,5.9169993
0.109735,5.9169993
0.10974,5.9169993
0.109744996,5.9169993
0.109749995,5.9169993
0.109754995,5.9169993
0.109759994,5.9169993
0.109765,5.9169993
0.10977,5.9169993
0.109775,5.9169993
0.10978,5.9169993
0.109785,5.9169993
0.10979,5.9169993
0.109795,5.9169993
0.109799996,5.9169993
0.109804995,5.9169993
0.109809995,5.9169993
0.109814994,5.9169993
0.10982,5.9169993
0.109825,5.9169993
0.10983,5.9169993
0.109835,5.9169993
0.10984,5.9169993
0.109845,5.9169993
0.10985,5.9169993
0.109854996,5.9169993
0.109859996,5.9169993
0.109864995,5.9169993
0.109869994,5.9169993
0.10987499,5.9169993
0.10988,5.9169993
0.109885,5.9169993
0.10989,5.9169993
0.109895,5.9169993
0.1099,5.9169993
0.109905,5.9169993
0.10991,5.9169993
0.109914996,5.9169993
0.109919995,5.9169993
0.109924994,5.9169993
0.109929994,5.9169993
0.109935,5.9169993
0.10994,5.9169993
0.109945,5.9169993
0.10995,5.9169993
0.109955,5.9169993
0.10996,5.9169993
0.109965,5.9169993
0.109969996,5.9169993
0.109974995,5.9169993
0.109979995,5.9169993
0.109984994,5.9169993
0.10999,5.9169993
0.109995,5.9169993
0.11,5.9169993
0.110005,5.9169993
0.11001,5.9169993
0.110015,5.9169993
0.11002,5.9169993
0.110024996,5.9169993
0.110029995,5.9169993
0.110034995,5.9169993
0.110039994,5.9169993
0.110045,5.9169993
0.11005,5.9169993
0.110055,5.9169993
0.11006,5.9169993
0.110065,5.9169993
0.11007,5.9169993
0.110075,5.9169993
0.11008,5.9169993
0.110084996,5.9169993
0.110089995,5.9169993
0.110094994,5.9169993
0.11009999,5.9169993
0.110105,5.9169993
0.11011,5.9169993
0.110115,5.9169993
0.11012,5.9169993
0.110125,5.9169993
0.11013,5.9169993
0.110135,5.9169993
0.110139996,5.9169993
0.110144995,5.9169993
0.110149994,5.9169993
0.110154994,5.9169993
0.11016,5.9169993
0.110165,5.9169993
0.11017,5.9169993
0.110175,5.9169993
0.11018,5.9169993
0.110185,5.9169993
0.11019,5.9169993
0.110194996,5.9169993
0.110199995,5.9169993
0.110204995,5.9169993
0.110209994,5.9169993
0.110215,5.9169993
0.11022,5.9169993
0.110225,5.9169993
0.11023,5.9169993
0.110235,5.9169993
0.11024,5.9169993
0.110245,5.9169993
0.110249996,5.9169993
0.110254996,5.9169993
0.110259995,5.9169993
0.110264994,5.9169993
0.11026999,5.9169993
0.110275,5.9169993
0.11028,5.9169993
0.110285,5.9169993
0.11029,5.9169993
0.110295,5.9169993
0.1103,5.9169993
0.110305,5.9169993
0.110309996,5.9169993
0.110314995,5.9169993
0.110319994,5.9169993
0.110324994,5.9169993
0.11033,5.9169993
0.110335,5.9169993
0.11034,5.9169993
0.110345,5.9169993
0.11035,5.9169993
0.110355,5.9169993
0.11036,5.9169993
0.110364996,5.9169993
0.110369995,5.9169993
0.110374995,5.9169993
0.110379994,5.9169993
0.110385,5.9169993
0.11039,5.9169993
0.110395,5.9169993
0.1104,5.9169993
0.110405,5.9169993
0.11041,5.9169993
0.110415,5.9169993
0.110419996,5.9169993
0.110424995,5.9169993
0.110429995,5.9169993
0.110434994,5.9169993
0.11044,5.9169993
0.110445,5.9169993
0.11045,5.9169993
0.110455,5.9169993
0.11046,5.9169993
0.110465,5.9169993
0.11047,5.9169993
0.110474996,5.9169993
0.110479996,5.9169993
0.110484995,5.9169993
0.110489994,5.9169993
0.11049499,5.9169993
0.1105,5.9169993
0.110505,5.9169993
0.11051,5.9169993
0.110515,5.9169993
0.11052,5.9169993
0.110525,5.9169993
0.11053,5.9169993
0.110534996,5.9169993
0.110539995,5.9169993
0.110544994,5.9169993
0.110549994,5.9169993
0.110555,5.9169993
0.11056,5.9169993
0.110565,5.9169993
0.11057,5.9169993
0.110575,5.9169993
0.11058,5.9169993
0.110585,5.9169993
0.110589996,5.9169993
0.110594995,5.9169993
0.110599995,5.9169993
0.110604994,5.9169993
0.11061,5.9169993
0.110615,5.9169993
0.11062,5.9169993
0.110625,5.9169993
0.11063,5.9169993
0.110635,5.9169993
0.11064,5.9169993
0.110644996,5.9169993
0.110649996,5.9169993
0.110654995,5.9169993
0.110659994,5.9169993
0.11066499,5.9169993
0.11067,5.9169993
0.110675,5.9169993
0.11068,5.9169993
0.110685,5.9169993
0.11069,5.9169993
0.110695,5.9169993
0.1107,5.9169993
0.110704996,5.9169993
0.110709995,5.9169993
0.110714994,5.9169993
0.11071999,5.9169993
0.110725,5.9169993
0.11073,5.9169993
0.110735,5.9169993
0.11074,5.9169993
0.110745,5.9169993
0.11075,5.9169993
0.110755,5.9169993
0.110759996,5.9169993
0.110764995,5.9169993
0.110769995,5.9169993
0.110774994,5.9169993
0.11078,5.9169993
0.110785,5.9169993
0.11079,5.9169993
0.110795,5.9169993
0.1108,5.9169993
0.110805,5.9169993
0.11081,5.9169993
0.110814996,5.9169993
0.110819995,5.9169993
0.110824995,5.9169993
0.110829994,5.9169993
0.110835,5.9169993
0.11084,5.9169993
0.110845,5.9169993
0.11085,5.9169993
0.110855,5.9169993
0.11086,5.9169993
0.110865,5.9169993
0.110869996,5.9169993
0.110874996,5.9169993
0.110879995,5.9169993
0.110884994,5.9169993
0.11088999,5.9169993
0.110895,5.9169993
0.1109,5.9169993
0.110905,5.9169993
0.11091,5.9169993
0.110915,5.9169993
0.11092,5.9169993
0.110925,5.9169993
0.110929996,5.9169993
0.110934995,5.9169993
0.110939994,5.9169993
0.110944994,5.9169993
0.11095,5.9169993
0.110955,5.9169993
0.11096,5.9169993
0.110965,5.9169993
0.11097,5.9169993
0.110975,5.9169993
0.11098,5.9169993
0.110984996,5.9169993
0.110989995,5.9169993
0.110994995,5.9169993
0.110999994,5.9169993
0.111005,5.9169993
0.11101,5.9169993
0.111015,5.9169993
0.11102,5.9169993
0.111025,5.9169993
0.11103,5.9169993
0.111035,5.9169993
0.111039996,5.9169993
0.111044995,5.9169993
0.111049995,5.9169993
0.111054994,5.9169993
0.11105999,5.9169993
0.111065,5.9169993
0.11107,5.9169993
0.111075,5.9169993
0.11108,5.9169993
0.111085,5.9169993
0.11109,5.9169993
0.111095,5.9169993
0.111099996,5.9169993
0.111104995,5.9169993
0.111109994,5.9169993
0.11111499,5.9169993
0.11112,5.9169993
0.111125,5.9169993
0.11113,5.9169993
0.111135,5.9169993
0.11114,5.9169993
0.111145,5.9169993
0.11115,5.9169993
0.111154996,5.9169993
0.111159995,5.9169993
0.111164995,5.9169993
0.111169994,5.9169993
0.111175,5.9169993
0.11118,5.9169993
0.111185,5.9169993
0.11119,5.9169993
0.111195,5.9169993
0.1112,5.9169993
0.111205,5.9169993
0.111209996,5.9169993
0.111214995,5.9169993
0.111219995,5.9169993
0.111224994,5.9169993
0.11123,5.9169993
0.111235,5.9169993
0.11124,5.9169993
0.111245,5.9169993
0.11125,5.9169993
0.111255,5.9169993
0.11126,5.9169993
0.111264996,5.9169993
0.111269996,5.9169993
0.111274995,5.9169993
0.111279994,5.9169993
0.11128499,5.9169993
0.11129,5.9169993
0.111295,5.9169993
0.1113,5.9169993
0.111305,5.9169993
0.11131,5.9169993
0.111315,5.9169993
0.11132,5.9169993
0.111324996,5.9169993
0.111329995,5.9169993
0.111334994,5.9169993
0.111339994,5.9169993
0.111345,5.9169993
0.11135,5.9169993
0.111355,5.9169993
0.11136,5.9169993
0.111365,5.9169993
0.11137,5.9169993
0.111375,5.9169993
0.111379996,5.9169993
0.111384995,5.9169993
0.111389995,5.9169993
0.111394994,5.9169993
0.1114,5.9169993
0.111405,5.9169993
0.11141,5.9169993
0.111415,5.9169993
0.11142,5.9169993
0.111425,5.9169993
0.11143,5.9169993
0.111434996,5.9169993
0.111439995,5.9169993
0.111444995,5.9169993
0.111449994,5.9169993
0.11145499,5.9169993
0.11146,5.9169993
0.111465,5.9169993
0.11147,5.9169993
0.111475,5.9169993
0.11148,5.9169993
0.111485,5.9169993
0.11149,5.9169993
0.111494996,5.9169993
0.111499995,5.9169993
0.111504994,5.9169993
0.11150999,5.9169993
0.111515,5.9169993
0.11152,5.9169993
0.111525,5.9169993
0.11153,5.9169993
0.111535,5.9169993
0.11154,5.9169993
0.111545,5.9169993
0.111549996,5.9169993
0.111554995,5.9169993
0.111559995,5.9169993
0.111564994,5.9169993
0.11157,5.9169993
0.111575,5.9169993
0.11158,5.9169993
0.111585,5.9169993
0.11159,5.9169993
0.111595,5.9169993
0.1116,5.9169993
0.111604996,5.9169993
0.111609995,5.9169993
0.111614995,5.9169993
0.111619994,5.9169993
0.111625,5.9169993
0.11163,5.9169993
0.111635,5.9169993
0.11164,5.9169993
0.111645,5.9169993
0.11165,5.9169993
0.111655,5.9169993
0.111659996,5.9169993
0.111664996,5.9169993
0.111669995,5.9169993
0.111674994,5.9169993
0.11167999,5.9169993
0.111685,5.9169993
0.11169,5.9169993
0.111695,5.9169993
0.1117,5.9169993
0.111705,5.9169993
0.11171,5.9169993
0.111715,5.9169993
0.111719996,5.9169993
0.111724995,5.9169993
0.111729994,5.9169993
0.111734994,5.9169993
0.11174,5.9169993
0.111745,5.9169993
0.11175,5.9169993
0.111755,5.9169993
0.11176,5.9169993
0.111765,5.9169993
0.11177,5.9169993
0.111774996,5.9169993
0.111779995,5.9169993
0.111784995,5.9169993
0.111789994,5.9169993
0.111795,5.9169993
0.1118,5.9169993
0.111805,5.9169993
0.11181,5.9169993
0.111815,5.9169993
0.11182,5.9169993
0.111825,5.9169993
0.111829996,5.9169993
0.111834995,5.9169993
0.111839995,5.9169993
0.111844994,5.9169993
0.11184999,5.9169993
0.111855,5.9169993
0.11186,5.9169993
0.111865,5.9169993
0.11187,5.9169993
0.111875,5.9169993
0.11188,5.9169993
0.111885,5.9169993
0.111889996,5.9169993
0.111894995,5.9169993
0.111899994,5.9169993
0.11190499,5.9169993
0.11191,5.9169993
0.111915,5.9169993
0.11192,5.9169993
0.111925,5.9169993
0.11193,5.9169993
0.111935,5.9169993
0.11194,5.9169993
0.111944996,5.9169993
0.111949995,5.9169993
0.111954994,5.9169993
0.111959994,5.9169993
0.111965,5.9169993
0.11197,5.9169993
0.111975,5.9169993
0.11198,5.9169993
0.111985,5.9169993
0.11199,5.9169993
0.111995,5.9169993
0.111999996,5.9169993
0.112004995,5.9169993
0.112009995,5.9169993
0.112014994,5.9169993
0.11202,5.9169993
0.112025,5.9169993
0.11203,5.9169993
0.112035,5.9169993
0.11204,5.9169993
0.112045,5.9169993
0.11205,5.9169993
0.112054996,5.9169993
0.112059996,5.9169993
0.112064995,5.9169993
0.112069994,5.9169993
0.11207499,5.9169993
0.11208,5.9169993
0.112085,5.9169993
0.11209,5.9169993
0.112095,5.9169993
0.1121,5.9169993
0.112105,5.9169993
0.11211,5.9169993
0.112114996,5.9169993
0.112119995,5.9169993
0.112124994,5.9169993
0.112129994,5.9169993
0.112135,5.9169993
0.11214,5.9169993
0.112145,5.9169993
0.11215,5.9169993
0.112155,5.9169993
0.11216,5.9169993
0.112165,5.9169993
0.112169996,5.9169993
0.112174995,5.9169993
0.112179995,5.9169993
0.112184994,5.9169993
0.11219,5.9169993
0.112195,5.9169993
0.1122,5.9169993
0.112205,5.9169993
0.11221,5.9169993
0.112215,5.9169993
0.11222,5.9169993
0.112224996,5.9169993
0.112229995,5.9169993
0.112234995,5.9169993
0.112239994,5.9169993
0.11224499,5.9169993
0.11225,5.9169993
0.112255,5.9169993
0.11226,5.9169993
0.112265,5.9169993
0.11227,5.9169993
0.112275,5.9169993
0.11228,5.9169993
0.112284996,5.9169993
0.112289995,5.9169993
0.112294994,5.9169993
0.11229999,5.9169993
0.112305,5.9169993
0.11231,5.9169993
0.112315,5.9169993
0.11232,5.9169993
0.112325,5.9169993
0.11233,5.9169993
0.112335,5.9169993
0.112339996,5.9169993
0.112344995,5.9169993
0.112349994,5.9169993
0.112354994,5.9169993
0.11236,5.9169993
0.112365,5.9169993
0.11237,5.9169993
0.112375,5.9169993
0.11238,5.9169993
0.112385,5.9169993
0.11239,5.9169993
0.112394996,5.9169993
0.112399995,5.9169993
0.112404995,5.9169993
0.112409994,5.9169993
0.112415,5.9169993
0.11242,5.9169993
0.112425,5.9169993
0.11243,5.9169993
0.112435,5.9169993
0.11244,5.9169993
0.112445,5.9169993
0.112449996,5.9169993
0.112454996,5.9169993
0.112459995,5.9169993
0.112464994,5.9169993
0.11246999,5.9169993
0.112475,5.9169993
0.11248,5.9169993
0.112485,5.9169993
0.11249,5.9169993
0.112495,5.9169993
0.1125,5.9169993
0.112505,5.9169993
0.112509996,5.9169993
0.112514995,5.9169993
0.112519994,5.9169993
0.11252499,5.9169993
0.11253,5.9169993
0.112535,5.9169993
0.11254,5.9169993
0.112545,5.9169993
0.11255,5.9169993
0.112555,5.9169993
0.11256,5.9169993
0.112564996,5.9169993
0.112569995,5.9169993
0.112574995,5.9169993
0.112579994,5.9169993
0.112585,5.9169993
0.11259,5.9169993
0.112595,5.9169993
0.1126,5.9169993
0.112605,5.9169993
0.11261,5.9169993
0.112615,5.9169993
0.112619996,5.9169993
0.112624995,5.9169993
0.112629995,5.9169993
0.112634994,5.9169993
0.11263999,5.9169993
0.112645,5.9169993
0.11265,5.9169993
0.112655,5.9169993
0.11266,5.9169993
0.112665,5.9169993
0.11267,5.9169993
0.112674996,5.9169993
0.112679996,5.9169993
0.112684995,5.9169993
0.112689994,5.9169993
0.11269499,5.9169993
0.1127,5.9169993
0.112705,5.9169993
0.11271,5.9169993
0.112715,5.9169993
0.11272,5.9169993
0.112725,5.9169993
0.11273,5.9169993
0.112734996,5.9169993
0.112739995,5.9169993
0.112744994,5.9169993
0.112749994,5.9169993
0.112755,5.9169993
0.11276,5.9169993
0.112765,5.9169993
0.11277,5.9169993
0.112775,5.9169993
0.11278,5.9169993
0.112785,5.9169993
0.112789996,5.9169993
0.112794995,5.9169993
0.112799995,5.9169993
0.112804994,5.9169993
0.11281,5.9169993
0.112815,5.9169993
0.11282,5.9169993
0.112825,5.9169993
0.11283,5.9169993
0.112835,5.9169993
0.11284,5.9169993
0.112844996,5.9169993
0.112849995,5.9169993
0.112854995,5.9169993
0.112859994,5.9169993
0.11286499,5.9169993
0.11287,5.9169993
0.112875,5.9169993
0.11288,5.9169993
0.112885,5.9169993
0.11289,5.9169993
0.112895,5.9169993
0.1129,5.9169993
0.112904996,5.9169993
0.112909995,5.9169993
0.112914994,5.9169993
0.11291999,5.9169993
0.112925,5.9169993
0.11293,5.9169993
0.112935,5.9169993
0.11294,5.9169993
0.112945,5.9169993
0.11295,5.9169993
0.112955,5.9169993
0.112959996,5.9169993
0.112964995,5.9169993
0.112969995,5.9169993
0.112974994,5.9169993
0.11298,5.9169993
0.112985,5.9169993
0.11299,5.9169993
0.112995,5.9169993
0.113,5.9169993
0.113005,5.9169993
0.11301,5.9169993
0.113014996,5.9169993
0.113019995,5.9169993
0.113024995,5.9169993
0.113029994,5.9169993
0.113035,5.9169993
0.11304,5.9169993
0.113045,5.9169993
0.11305,5.9169993
0.113055,5.9169993
0.11306,5.9169993
0.113065,5.9169993
0.113069996,5.9169993
0.113074996,5.9169993
0.113079995,5.9169993
0.113084994,5.9169993
0.11308999,5.9169993
0.113095,5.9169993
0.1131,5.9169993
0.113105,5.9169993
0.11311,5.9169993
0.113115,5.9169993
0.11312,5.9169993
0.113125,5.9169993
0.113129996,5.9169993
0.113134995,5.9169993
0.113139994,5.9169993
0.113144994,5.9169993
0.11315,5.9169993
0.113155,5.9169993
0.11316,5.9169993
0.113165,5.9169993
0.11317,5.9169993
0.113175,5.9169993
0.11318,5.9169993
0.113184996,5.9169993
0.113189995,5.9169993
0.113194995,5.9169993
0.113199994,5.9169993
0.113205,5.9169993
0.11321,5.9169993
0.113215,5.9169993
0.11322,5.9169993
0.113225,5.9169993
0.11323,5.9169993
0.113235,5.9169993
0.113239996,5.9169993
0.113244995,5.9169993
0.113249995,5.9169993
0.113254994,5.9169993
0.11325999,5.9169993
0.113265,5.9169993
0.11327,5.9169993
0.113275,5.9169993
0.11328,5.9169993
0.113285,5.9169993
0.11329,5.9169993
0.113295,5.9169993
0.113299996,5.9169993
0.113304995,5.9169993
0.113309994,5.9169993
0.11331499,5.9169993
0.11332,5.9169993
0.113325,5.9169993
0.11333,5.9169993
0.113335,5.9169993
0.11334,5.9169993
0.113345,5.9169993
0.11335,5.9169993
0.113354996,5.9169993
0.113359995,5.9169993
0.113364995,5.9169993
0.113369994,5.9169993
0.113375,5.9169993
0.11338,5.9169993
0.113385,5.9169993
0.11339,5.9169993
0.113395,5.9169993
0.1134,5.9169993
0.113405,5.9169993
0.113409996,5.9169993
0.113414995,5.9169993
0.113419995,5.9169993
0.113424994,5.9169993
0.11343,5.9169993
0.113435,5.9169993
0.11344,5.9169993
0.113445,5.9169993
0.11345,5.9169993
0.113455,5.9169993
0.11346,5.9169993
0.113464996,5.9169993
0.113469996,5.9169993
0.113474995,5.9169993
0.113479994,5.9169993
0.11348499,5.9169993
0.11349,5.9169993
0.113495,5.9169993
0.1135,5.9169993
0.113505,5.9169993
0.11351,5.9169993
0.113515,5.9169993
0.11352,5.9169993
0.113524996,5.9169993
0.113529995,5.9169993
0.113534994,5.9169993
0.113539994,5.9169993
0.113545,5.9169993
0.11355,5.9169993
0.113555,5.9169993
0.11356,5.9169993
0.113565,5.9169993
0.11357,5.9169993
0.113575,5.9169993
0.113579996,5.9169993
0.113584995,5.9169993
0.113589995,5.9169993
0.113594994,5.9169993
0.1136,5.9169993
0.113605,5.9169993
0.11361,5.9169993
0.113615,5.9169993
0.11362,5.9169993
0.113625,5.9169993
0.11363,5.9169993
0.113634996,5.9169993
0.113639995,5.9169993
0.113644995,5.9169993
0.113649994,5.9169993
0.11365499,5.9169993
0.11366,5.9169993
0.113665,5.9169993
0.11367,5.9169993
0.113675,5.9169993
0.11368,5.9169993
0.113685,5.9169993
0.11369,5.9169993
0.113694996,5.9169993
0.113699995,5.9169993
0.113704994,5.9169993
0.11370999,5.9169993
0.113715,5.9169993
0.11372,5.9169993
0.113725,5.9169993
0.11373,5.9169993
0.113735,5.9169993
0.11374,5.9169993
0.113745,5.9169993
0.113749996,5.9169993
0.113754995,5.9169993
0.113759995,5.9169993
0.113764994,5.9169993
0.11377,5.9169993
0.113775,5.9169993
0.11378,5.9169993
0.113785,5.9169993
0.11379,5.9169993
0.113795,5.9169993
0.1138,5.9169993
0.113804996,5.9169993
0.113809995,5.9169993
0.113814995,5.9169993
0.113819994,5.9169993
0.113825,5.9169993
0.11383,5.9169993
0.113835,5.9169993
0.11384,5.9169993
0.113845,5.9169993
0.11385,5.9169993
0.113855,5.9169993
0.113859996,5.9169993
0.113864996,5.9169993
0.113869995,5.9169993
0.113874994,5.9169993
0.11387999,5.9169993
0.113885,5.9169993
0.11389,5.9169993
0.113895,5.9169993
0.1139,5.9169993
0.113905,5.9169993
0.11391,5.9169993
0.113915,5.9169993
0.113919996,5.9169993
0.113924995,5.9169993
0.113929994,5.9169993
0.113934994,5.9169993
0.11394,5.9169993
0.113945,5.9169993
0.11395,5.9169993
0.113955,5.9169993
0.11396,5.9169993
0.113965,5.9169993
0.11397,5.9169993
0.113974996,5.9169993
0.113979995,5.9169993
0.113984995,5.9169993
0.113989994,5.9169993
0.113995,5.9169993
0.114,5.9169993
0.114005,5.9169993
0.11401,5.9169993
0.114015,5.9169993
0.11402,5.9169993
0.114025,5.9169993
0.114029996,5.9169993
0.114034995,5.9169993
0.114039995,5.9169993
0.114044994,5.9169993
0.11404999,5.9169993
0.114055,5.9169993
0.11406,5.9169993
0.114065,5.9169993
0.11407,5.9169993
0.114075,5.9169993
0.11408,5.9169993
0.114085,5.9169993
0.114089996,5.9169993
0.114094995,5.9169993
0.114099994,5.9169993
0.11410499,5.9169993
0.11411,5.9169993
0.114115,5.9169993
0.11412,5.9169993
0.114125,5.9169993
0.11413,5.9169993
0.114135,5.9169993
0.11414,5.9169993
0.114144996,5.9169993
0.114149995,5.9169993
0.114154994,5.9169993
0.114159994,5.9169993
0.114165,5.9169993
0.11417,5.9169993
0.114175,5.9169993
0.11418,5.9169993
0.114185,5.9169993
0.11419,5.9169993
0.114195,5.9169993
0.114199996,5.9169993
0.114204995,5.9169993
0.114209995,5.9169993
0.114214994,5.9169993
0.11422,5.9169993
0.114225,5.9169993
0.11423,5.9169993
0.114235,5.9169993
0.11424,5.9169993
0.114245,5.9169993
0.11425,5.9169993
0.114254996,5.9169993
0.114259996,5.9169993
0.114264995,5.9169993
0.114269994,5.9169993
0.11427499,5.9169993
0.11428,5.9169993
0.114285,5.9169993
0.11429,5.9169993
0.114295,5.9169993
0.1143,5.9169993
0.114305,5.9169993
0.11431,5.9169993
0.114314996,5.9169993
0.114319995,5.9169993
0.114324994,5.9169993
0.11432999,5.9169993
0.114335,5.9169993
0.11434,5.9169993
0.114345,5.9169993
0.11435,5.9169993
0.114355,5.9169993
0.11436,5.9169993
0.114365,5.9169993
0.114369996,5.9169993
0.114374995,5.9169993
0.114379995,5.9169993
0.114384994,5.9169993
0.11439,5.9169993
0.114395,5.9169993
0.1144,5.9169993
0.114405,5.9169993
0.11441,5.9169993
0.114415,5.9169993
0.11442,5.9169993
0.114424996,5.9169993
0.114429995,5.9169993
0.114434995,5.9169993
0.114439994,5.9169993
0.11444499,5.9169993
0.11445,5.9169993
0.114455,5.9169993
0.11446,5.9169993
0.114465,5.9169993
0.11447,5.9169993
0.114475,5.9169993
0.114479996,5.9169993
0.114484996,5.9169993
0.114489995,5.9169993
0.114494994,5.9169993
0.11449999,5.9169993
0.114505,5.9169993
0.11451,5.9169993
0.114515,5.9169993
0.11452,5.9169993
0.114525,5.9169993
0.11453,5.9169993
0.114535,5.9169993
0.114539996,5.9169993
0.114544995,5.9169993
0.114549994,5.9169993
0.114554994,5.9169993
0.11456,5.9169993
0.114565,5.9169993
0.11457,5.9169993
0.114575,5.9169993
0.11458,5.9169993
0.114585,5.9169993
0.11459,5.9169993
0.114594996,5.9169993
0.114599995,5.9169993
0.114604995,5.9169993
0.114609994,5.9169993
0.114615,5.9169993
0.11462,5.9169993
0.114625,5.9169993
0.11463,5.9169993
0.114635,5.9169993
0.11464,5.9169993
0.114645,5.9169993
0.114649996,5.9169993
0.114654996,5.9169993
0.114659995,5.9169993
0.114664994,5.9169993
0.11466999,5.9169993
0.114675,5.9169993
0.11468,5.9169993
0.114685,5.9169993
0.11469,5.9169993
0.114695,5.9169993
0.1147,5.9169993
0.114705,5.9169993
0.114709996,5.9169993
0.114714995,5.9169993
0.114719994,5.9169993
0.11472499,5.9169993
0.11473,5.9169993
0.114735,5.9169993
0.11474,5.9169993
0.114745,5.9169993
0.11475,5.9169993
0.114755,5.9169993
0.11476,5.9169993
0.114764996,5.9169993
0.114769995,5.9169993
0.114774995,5.9169993
0.114779994,5.9169993
0.114785,5.9169993
0.11479,5.9169993
0.114795,5.9169993
0.1148,5.9169993
0.114805,5.9169993
0.11481,5.9169993
0.114815,5.9169993
0.114819996,5.9169993
0.114824995,5.9169993
0.114829995,5.9169993
0.114834994,5.9169993
0.11483999,5.9169993
0.114845,5.9169993
0.11485,5.9169993
0.114855,5.9169993
0.11486,5.9169993
0.114865,5.9169993
0.11487,5.9169993
0.114874996,5.9169993
0.114879996,5.9169993
0.114884995,5.9169993
0.114889994,5.9169993
0.11489499,5.9169993
0.1149,5.9169993
0.114905,5.9169993
0.11491,5.9169993
0.114915,5.9169993
0.11492,5.9169993
0.114925,5.9169993
0.11493,5.9169993
0.114934996,5.9169993
0.114939995,5.9169993
0.114944994,5.9169993
0.114949994,5.9169993
0.114955,5.9169993
0.11496,5.9169993
0.114965,5.9169993
0.11497,5.9169993
0.114975,5.9169993
0.11498,5.9169993
0.114985,5.9169993
0.114989996,5.9169993
0.114994995,5.9169993
0.114999995,5.9169993
0.115004994,5.9169993
0.11501,5.9169993
0.115015,5.9169993
0.11502,5.9169993
0.115025,5.9169993
0.11503,5.9169993
0.115035,5.9169993
0.11504,5.9169993
0.115044996,5.9169993
0.115049995,5.9169993
0.115054995,5.9169993
0.115059994,5.9169993
0.11506499,5.9169993
0.11507,5.9169993
0.115075,5.9169993
0.11508,5.9169993
0.115085,5.9169993
0.11509,5.9169993
0.115095,5.9169993
0.1151,5.9169993
0.115104996,5.9169993
0.115109995,5.9169993
0.115114994,5.9169993
0.11511999,5.9169993
0.115125,5.9169993
0.11513,5.9169993
0.115135,5.9169993
0.11514,5.9169993
0.115145,5.9169993
0.11515,5.9169993
0.115155,5.9169993
0.115159996,5.9169993
0.115164995,5.9169993
0.115169995,5.9169993
0.115174994,5.9169993
0.11518,5.9169993
0.115185,5.9169993
0.11519,5.9169993
0.115195,5.9169993
0.1152,5.9169993
0.115205,5.9169993
0.11521,5.9169993
0.115214996,5.9169993
0.115219995,5.9169993
0.115224995,5.9169993
0.115229994,5.9169993
0.11523499,5.9169993
0.11524,5.9169993
0.115245,5.9169993
0.11525,5.9169993
0.115255,5.9169993
0.11526,5.9169993
0.115265,5.9169993
0.115269996,5.9169993
0.115274996,5.9169993
0.115279995,5.9169993
0.115284994,5.9169993
0.11528999,5.9169993
0.115295,5.9169993
0.1153,5.9169993
0.115305,5.9169993
0.11531,5.9169993
0.115315,5.9169993
0.11532,5.9169993
0.115325,5.9169993
0.115329996,5.9169993
0.115334995,5.9169993
0.115339994,5.9169993
0.115344994,5.9169993
0.11535,5.9169993
0.115355,5.9169993
0.11536,5.9169993
0.115365,5.9169993
0.11537,5.9169993
0.115375,5.9169993
0.11538,5.9169993
0.115384996,5.9169993
0.115389995,5.9169993
0.115394995,5.9169993
0.115399994,5.9169993
0.115405,5.9169993
0.11541,5.9169993
0.115415,5.9169993
0.11542,5.9169993
0.115425,5.9169993
0.11543,5.9169993
0.115435,5.9169993
0.115439996,5.9169993
0.115444995,5.9169993
0.115449995,5.9169993
0.115454994,5.9169993
0.11545999,5.9169993
0.115465,5.9169993
0.11547,5.9169993
0.115475,5.9169993
0.11548,5.9169993
0.115485,5.9169993
0.11549,5.9169993
0.115495,5.9169993
0.115499996,5.9169993
0.115504995,5.9169993
0.115509994,5.9169993
0.11551499,5.9169993
0.11552,5.9169993
0.115525,5.9169993
0.11553,5.9169993
0.115535,5.9169993
0.11554,5.9169993
0.115545,5.9169993
0.11555,5.9169993
0.115554996,5.9169993
0.115559995,5.9169993
0.115564995,5.9169993
0.115569994,5.9169993
0.115575,5.9169993
0.11558,5.9169993
0.115585,5.9169993
0.11559,5.9169993
0.115595,5.9169993
0.1156,5.9169993
0.115605,5.9169993
0.115609996,5.9169993
0.115614995,5.9169993
0.115619995,5.9169993
0.115624994,5.9169993
0.11562999,5.9169993
0.115635,5.9169993
0.11564,5.9169993
0.115645,5.9169993
0.11565,5.9169993
0.115655,5.9169993
0.11566,5.9169993
0.115664996,5.9169993
0.115669996,5.9169993
0.115674995,5.9169993
0.115679994,5.9169993
0.11568499,5.9169993
0.11569,5.9169993
0.115695,5.9169993
0.1157,5.9169993
0.115705,5.9169993
0.11571,5.9169993
0.115715,5.9169993
0.11572,5.9169993
0.115724996,5.9169993
0.115729995,5.9169993
0.115734994,5.9169993
0.115739994,5.9169993
0.115745,5.9169993
0.11575,5.9169993
0.115755,5.9169993
0.11576,5.9169993
0.115765,5.9169993
0.11577,5.9169993
0.115775,5.9169993
0.115779996,5.9169993
0.115784995,5.9169993
0.115789995,5.9169993
0.115794994,5.9169993
0.1158,5.9169993
0.115805,5.9169993
0.11581,5.9169993
0.115815,5.9169993
0.11582,5.9169993
0.115825,5.9169993
0.11583,5.9169993
0.115834996,5.9169993
0.115839995,5.9169993
0.115844995,5.9169993
0.115849994,5.9169993
0.11585499,5.9169993
0.11586,5.9169993
0.115865,5.9169993
0.11587,5.9169993
0.115875,5.9169993
0.11588,5.9169993
0.115885,5.9169993
0.11589,5.9169993
0.115894996,5.9169993
0.115899995,5.9169993
0.115904994,5.9169993
0.11590999,5.9169993
0.115915,5.9169993
0.11592,5.9169993
0.115925,5.9169993
0.11593,5.9169993
0.115935,5.9169993
0.11594,5.9169993
0.115945,5.9169993
0.115949996,5.9169993
0.115954995,5.9169993
0.115959994,5.9169993
0.115964994,5.9169993
0.11597,5.9169993
0.115975,5.9169993
0.11598,5.9169993
0.115985,5.9169993
0.11599,5.9169993
0.115995,5.9169993
0.116,5.9169993
0.116004996,5.9169993
0.116009995,5.9169993
0.116014995,5.9169993
0.116019994,5.9169993
0.11602499,5.9169993
0.11603,5.9169993
0.116035,5.9169993
0.11604,5.9169993
0.116045,5.9169993
0.11605,5.9169993
0.116055,5.9169993
0.116059996,5.9169993
0.116064996,5.9169993
0.116069995,5.9169993
0.116074994,5.9169993
0.11607999,5.9169993
0.116085,5.9169993
0.11609,5.9169993
0.116095,5.9169993
0.1161,5.9169993
0.116105,5.9169993
0.11611,5.9169993
0.116115,5.9169993
0.116119996,5.9169993
0.116124995,5.9169993
0.116129994,5.9169993
0.116134994,5.9169993
0.11614,5.9169993
0.116145,5.9169993
0.11615,5.9169993
0.116155,5.9169993
0.11616,5.9169993
0.116165,5.9169993
0.11617,5.9169993
0.116174996,5.9169993
0.116179995,5.9169993
0.116184995,5.9169993
0.116189994,5.9169993
0.116195,5.9169993
0.1162,5.9169993
0.116205,5.9169993
0.11621,5.9169993
0.116215,5.9169993
0.11622,5.9169993
0.116225,5.9169993
0.116229996,5.9169993
0.116234995,5.9169993
0.116239995,5.9169993
0.116244994,5.9169993
0.11624999,5.9169993
0.116255,5.9169993
0.11626,5.9169993
0.116265,5.9169993
0.11627,5.9169993
0.116275,5.9169993
0.11628,5.9169993
0.116284996,5.9169993
0.116289996,5.9169993
0.116294995,5.9169993
0.116299994,5.9169993
0.11630499,5.9169993
0.11631,5.9169993
0.116315,5.9169993
0.11632,5.9169993
0.116325,5.9169993
0.11633,5.9169993
0.116335,5.9169993
0.11634,5.9169993
0.116344996,5.9169993
0.116349995,5.9169993
0.116354994,5.9169993
0.116359994,5.9169993
0.116365,5.9169993
0.11637,5.9169993
0.116375,5.9169993
0.11638,5.9169993
0.116385,5.9169993
0.11639,5.9169993
0.116395,5.9169993
0.116399996,5.9169993
0.116404995,5.9169993
0.116409995,5.9169993
0.116414994,5.9169993
0.11641999,5.9169993
0.116425,5.9169993
0.11643,5.9169993
0.116435,5.9169993
0.11644,5.9169993
0.116445,5.9169993
0.11645,5.9169993
0.116454996,5.9169993
0.116459996,5.9169993
0.116464995,5.9169993
0.116469994,5.9169993
0.11647499,5.9169993
0.11648,5.9169993
0.116485,5.9169993
0.11649,5.9169993
0.116495,5.9169993
0.1165,5.9169993
0.116505,5.9169993
0.11651,5.9169993
0.116514996,5.9169993
0.116519995,5.9169993
0.116524994,5.9169993
0.11652999,5.9169993
0.116535,5.9169993
0.11654,5.9169993
0.116545,5.9169993
0.11655,5.9169993
0.116555,5.9169993
0.11656,5.9169993
0.116565,5.9169993
0.116569996,5.9169993
0.116574995,5.9169993
0.116579995,5.9169993
0.116584994,5.9169993
0.11659,5.9169993
0.116595,5.9169993
0.1166,5.9169993
0.116605,5.9169993
0.11661,5.9169993
0.116615,5.9169993
0.11662,5.9169993
0.116624996,5.9169993
0.116629995,5.9169993
0.116634995,5.9169993
0.116639994,5.9169993
0.11664499,5.9169993
0.11665,5.9169993
0.116655,5.9169993
0.11666,5.9169993
0.116665,5.9169993
0.11667,5.9169993
0.116675,5.9169993
0.116679996,5.9169993
0.116684996,5.9169993
0.116689995,5.9169993
0.116694994,5.9169993
0.11669999,5.9169993
0.116705,5.9169993
0.11671,5.9169993
0.116715,5.9169993
0.11672,5.9169993
0.116725,5.9169993
0.11673,5.9169993
0.116735,5.9169993
0.116739996,5.9169993
0.116744995,5.9169993
0.116749994,5.9169993
0.116754994,5.9169993
0.11676,5.9169993
0.116765,5.9169993
0.11677,5.9169993
0.116775,5.9169993
0.11678,5.9169993
0.116785,5.9169993
0.11679,5.9169993
0.116794996,5.9169993
0.116799995,5.9169993
0.116804995,5.9169993
0.116809994,5.9169993
0.116815,5.9169993
0.11682,5.9169993
0.116825,5.9169993
0.11683,5.9169993
0.116835,5.9169993
0.11684,5.9169993
0.116845,5.9169993
0.116849996,5.9169993
0.116854995,5.9169993
0.116859995,5.9169993
0.116864994,5.9169993
0.11686999,5.9169993
0.116875,5.9169993
0.11688,5.9169993
0.116885,5.9169993
0.11689,5.9169993
0.116895,5.9169993
0.1169,5.9169993
0.116905,5.9169993
0.116909996,5.9169993
0.116914995,5.9169993
0.116919994,5.9169993
0.11692499,5.9169993
0.11693,5.9169993
0.116935,5.9169993
0.11694,5.9169993
0.116945,5.9169993
0.11695,5.9169993
0.116955,5.9169993
0.11696,5.9169993
0.116964996,5.9169993
0.116969995,5.9169993
0.116974995,5.9169993
0.116979994,5.9169993
0.116985,5.9169993
0.11699,5.9169993
0.116995,5.9169993
0.117,5.9169993
0.117005,5.9169993
0.11701,5.9169993
0.117015,5.9169993
0.117019996,5.9169993
0.117024995,5.9169993
0.117029995,5.9169993
0.117034994,5.9169993
0.11703999,5.9169993
0.117045,5.9169993
0.11705,5.9169993
0.117055,5.9169993
0.11706,5.9169993
0.117065,5.9169993
0.11707,5.9169993
0.117074996,5.9169993
0.117079996,5.9169993
0.117084995,5.9169993
0.117089994,5.9169993
0.11709499,5.9169993
0.1171,5.9169993
0.117105,5.9169993
0.11711,5.9169993
0.117115,5.9169993
0.11712,5.9169993
0.117125,5.9169993
0.11713,5.9169993
0.117134996,5.9169993
0.117139995,5.9169993
0.117144994,5.9169993
0.117149994,5.9169993
0.117155,5.9169993
0.11716,5.9169993
0.117165,5.9169993
0.11717,5.9169993
0.117175,5.9169993
0.11718,5.9169993
0.117185,5.9169993
0.117189996,5.9169993
0.117194995,5.9169993
0.117199995,5.9169993
0.117204994,5.9169993
0.11721,5.9169993
0.117215,5.9169993
0.11722,5.9169993
0.117225,5.9169993
0.11723,5.9169993
0.117235,5.9169993
0.11724,5.9169993
0.117244996,5.9169993
0.117249995,5.9169993
0.117254995,5.9169993
0.117259994,5.9169993
0.11726499,5.9169993
0.11727,5.9169993
0.117275,5.9169993
0.11728,5.9169993
0.117285,5.9169993
0.11729,5.9169993
0.117295,5.9169993
0.1173,5.9169993
0.117304996,5.9169993
0.117309995,5.9169993
0.117314994,5.9169993
0.11731999,5.9169993
0.117325,5.9169993
0.11733,5.9169993
0.117335,5.9169993
0.11734,5.9169993
0.117345,5.9169993
0.11735,5.9169993
0.117355,5.9169993
0.117359996,5.9169993
0.117364995,5.9169993
0.117369995,5.9169993
0.117374994,5.9169993
0.11738,5.9169993
0.117385,5.9169993
0.11739,5.9169993
0.117395,5.9169993
0.1174,5.9169993
0.117405,5.9169993
0.11741,5.9169993
0.117414996,5.9169993
0.117419995,5.9169993
0.117424995,5.9169993
0.117429994,5.9169993
0.11743499,5.9169993
0.11744,5.9169993
0.117445,5.9169993
0.11745,5.9169993
0.117455,5.9169993
0.11746,5.9169993
0.117465,5.9169993
0.117469996,5.9169993
0.117474996,5.9169993
0.117479995,5.9169993
0.117484994,5.9169993
0.11748999,5.9169993
0.117495,5.9169993
0.1175,5.9169993
0.117505,5.9169993
0.11751,5.9169993
0.117515,5.9169993
0.11752,5.9169993
0.117525,5.9169993
0.117529996,5.9169993
0.117534995,5.9169993
0.117539994,5.9169993
0.117544994,5.9169993
0.11755,5.9169993
0.117555,5.9169993
0.11756,5.9169993
0.117565,5.9169993
0.11757,5.9169993
0.117575,5.9169993
0.11758,5.9169993
0.117584996,5.9169993
0.117589995,5.9169993
0.117594995,5.9169993
0.117599994,5.9169993
0.117605,5.9169993
0.11761,5.9169993
0.117615,5.9169993
0.11762,5.9169993
0.117625,5.9169993
0.11763,5.9169993
0.117635,5.9169993
0.117639996,5.9169993
0.117644995,5.9169993
0.117649995,5.9169993
0.117654994,5.9169993
0.11765999,5.9169993
0.117665,5.9169993
0.11767,5.9169993
0.117675,5.9169993
0.11768,5.9169993
0.117685,5.9169993
0.11769,5.9169993
0.117695,5.9169993
0.117699996,5.9169993
0.117704995,5.9169993
0.117709994,5.9169993
0.11771499,5.9169993
0.11772,5.9169993
0.117725,5.9169993
0.11773,5.9169993
0.117735,5.9169993
0.11774,5.9169993
0.117745,5.9169993
0.11775,5.9169993
0.117754996,5.9169993
0.117759995,5.9169993
0.117764995,5.9169993
0.117769994,5.9169993
0.117775,5.9169993
0.11778,5.9169993
0.117785,5.9169993
0.11779,5.9169993
0.117795,5.9169993
0.1178,5.9169993
0.117805,5.9169993
0.117809996,5.9169993
0.117814995,5.9169993
0.117819995,5.9169993
0.117824994,5.9169993
0.11782999,5.9169993
0.117835,5.9169993
0.11784,5.9169993
0.117845,5.9169993
0.11785,5.9169993
0.117855,5.9169993
0.11786,5.9169993
0.117864996,5.9169993
0.117869996,5.9169993
0.117874995,5.9169993
0.117879994,5.9169993
0.11788499,5.9169993
0.11789,5.9169993
0.117895,5.9169993
0.1179,5.9169993
0.117905,5.9169993
0.11791,5.9169993
0.117915,5.9169993
0.11792,5.9169993
0.117924996,5.9169993
0.117929995,5.9169993
0.117934994,5.9169993
0.117939994,5.9169993
0.117945,5.9169993
0.11795,5.9169993
0.117955,5.9169993
0.11796,5.9169993
0.117965,5.9169993
0.11797,5.9169993
0.117975,5.9169993
0.117979996,5.9169993
0.117984995,5.9169993
0.117989995,5.9169993
0.117994994,5.9169993
0.118,5.9169993
0.118005,5.9169993
0.11801,5.9169993
0.118015,5.9169993
0.11802,5.9169993
0.118025,5.9169993
0.11803,5.9169993
0.118034996,5.9169993
0.118039995,5.9169993
0.118044995,5.9169993
0.118049994,5.9169993
0.11805499,5.9169993
0.11806,5.9169993
0.118065,5.9169993
0.11807,5.9169993
0.118075,5.9169993
0.11808,5.9169993
0.118085,5.9169993
0.11809,5.9169993
0.118094996,5.9169993
0.118099995,5.9169993
0.118104994,5.9169993
0.11810999,5.9169993
0.118115,5.9169993
0.11812,5.9169993
0.118125,5.9169993
0.11813,5.9169993
0.118135,5.9169993
0.11814,5.9169993
0.118145,5.9169993
0.118149996,5.9169993
0.118154995,5.9169993
0.118159994,5.9169993
0.118164994,5.9169993
0.11817,5.9169993
0.118175,5.9169993
0.11818,5.9169993
0.118185,5.9169993
0.11819,5.9169993
0.118195,5.9169993
0.1182,5.9169993
0.118204996,5.9169993
0.118209995,5.9169993
0.118214995,5.9169993
0.118219994,5.9169993
0.11822499,5.9169993
0.11823,5.9169993
0.118235,5.9169993
0.11824,5.9169993
0.118245,5.9169993
0.11825,5.9169993
0.118255,5.9169993
0.118259996,5.9169993
0.118264996,5.9169993
0.118269995,5.9169993
0.118274994,5.9169993
0.11827999,5.9169993
0.118285,5.9169993
0.11829,5.9169993
0.118295,5.9169993
0.1183,5.9169993
0.118305,5.9169993
0.11831,5.9169993
0.118315,5.9169993
0.118319996,5.9169993
0.118324995,5.9169993
0.118329994,5.9169993
0.11833499,5.9169993
0.11834,5.9169993
0.118345,5.9169993
0.11835,5.9169993
0.118355,5.9169993
0.11836,5.9169993
0.118365,5.9169993
0.11837,5.9169993
0.118374996,5.9169993
0.118379995,5.9169993
0.118384995,5.9169993
0.118389994,5.9169993
0.118395,5.9169993
0.1184,5.9169993
0.118405,5.9169993
0.11841,5.9169993
0.118415,5.9169993
0.11842,5.9169993
0.118425,5.9169993
0.118429996,5.9169993
0.118434995,5.9169993
0.118439995,5.9169993
0.118444994,5.9169993
0.11844999,5.9169993
0.118455,5.9169993
0.11846,5.9169993
0.118465,5.9169993
0.11847,5.9169993
0.118475,5.9169993
0.11848,5.9169993
0.118484996,5.9169993
0.118489996,5.9169993
0.118494995,5.9169993
0.118499994,5.9169993
0.11850499,5.9169993
0.11851,5.9169993
0.118515,5.9169993
0.11852,5.9169993
0.118525,5.9169993
0.11853,5.9169993
0.118535,5.9169993
0.11854,5.9169993
0.118544996,5.9169993
0.118549995,5.9169993
0.118554994,5.9169993
0.118559994,5.9169993
0.118565,5.9169993
0.11857,5.9169993
0.118575,5.9169993
0.11858,5.9169993
0.118585,5.9169993
0.11859,5.9169993
0.118595,5.9169993
0.118599996,5.9169993
0.118604995,5.9169993
0.118609995,5.9169993
0.118614994,5.9169993
0.11861999,5.9169993
0.118625,5.9169993
0.11863,5.9169993
0.118635,5.9169993
0.11864,5.9169993
0.118645,5.9169993
0.11865,5.9169993
0.118654996,5.9169993
0.118659995,5.9169993
0.118664995,5.9169993
0.118669994,5.9169993
0.11867499,5.9169993
0.11868,5.9169993
0.118685,5.9169993
0.11869,5.9169993
0.118695,5.9169993
0.1187,5.9169993
0.118705,5.9169993
0.11871,5.9169993
0.118714996,5.9169993
0.118719995,5.9169993
0.118724994,5.9169993
0.11872999,5.9169993
0.118735,5.9169993
0.11874,5.9169993
0.118745,5.9169993
0.11875,5.9169993
0.118755,5.9169993
0.11876,5.9169993
0.118765,5.9169993
0.118769996,5.9169993
0.118774995,5.9169993
0.118779995,5.9169993
0.118784994,5.9169993
0.11879,5.9169993
0.118795,5.9169993
0.1188,5.9169993
0.118805,5.9169993
0.11881,5.9169993
0.118815,5.9169993
0.11882,5.9169993
0.118824996,5.9169993
0.118829995,5.9169993
0.118834995,5.9169993
0.118839994,5.9169993
0.11884499,5.9169993
0.11885,5.9169993
0.118855,5.9169993
0.11886,5.9169993
0.118865,5.9169993
0.11887,5.9169993
0.118875,5.9169993
0.118879996,5.9169993
0.118884996,5.9169993
0.118889995,5.9169993
0.118894994,5.9169993
0.11889999,5.9169993
0.118905,5.9169993
0.11891,5.9169993
0.118915,5.9169993
0.11892,5.9169993
0.118925,5.9169993
0.11893,5.9169993
0.118935,5.9169993
0.118939996,5.9169993
0.118944995,5.9169993
0.118949994,5.9169993
0.118954994,5.9169993
0.11896,5.9169993
0.118965,5.9169993
0.11897,5.9169993
0.118975,5.9169993
0.11898,5.9169993
0.118985,5.9169993
0.11899,5.9169993
0.118994996,5.9169993
0.118999995,5.9169993
0.119004995,5.9169993
0.119009994,5.9169993
0.11901499,5.9169993
0.11902,5.9169993
0.119025,5.9169993
0.11903,5.9169993
0.119035,5.9169993
0.11904,5.9169993
0.119045,5.9169993
0.119049996,5.9169993
0.119054995,5.9169993
0.119059995,5.9169993
0.119064994,5.9169993
0.11906999,5.9169993
0.119075,5.9169993
0.11908,5.9169993
0.119085,5.9169993
0.11909,5.9169993
0.119095,5.9169993
0.1191,5.9169993
0.119105,5.9169993
0.119109996,5.9169993
0.119114995,5.9169993
0.119119994,5.9169993
0.11912499,5.9169993
0.11913,5.9169993
0.119135,5.9169993
0.11914,5.9169993
0.119145,5.9169993
0.11915,5.9169993
0.119155,5.9169993
0.11916,5.9169993
0.119164996,5.9169993
0.119169995,5.9169993
0.119174995,5.9169993
0.119179994,5.9169993
0.119185,5.9169993
0.11919,5.9169993
0.119195,5.9169993
0.1192,5.9169993
0.119205,5.9169993
0.11921,5.9169993
0.119215,5.9169993
0.119219996,5.9169993
0.119224995,5.9169993
0.119229995,5.9169993
0.119234994,5.9169993
0.11923999,5.9169993
0.119245,5.9169993
0.11925,5.9169993
0.119255,5.9169993
0.11926,5.9169993
0.119265,5.9169993
0.11927,5.9169993
0.119274996,5.9169993
0.119279996,5.9169993
0.119284995,5.9169993
0.119289994,5.9169993
0.11929499,5.9169993
0.1193,5.9169993
0.119305,5.9169993
0.11931,5.9169993
0.119315,5.9169993
0.11932,5.9169993
0.119325,5.9169993
0.11933,5.9169993
0.119334996,5.9169993
0.119339995,5.9169993
0.119344994,5.9169993
0.119349994,5.9169993
0.119355,5.9169993
0.11936,5.9169993
0.119365,5.9169993
0.11937,5.9169993
0.119375,5.9169993
0.11938,5.9169993
0.119385,5.9169993
0.119389996,5.9169993
0.119394995,5.9169993
0.119399995,5.9169993
0.119404994,5.9169993
0.11940999,5.9169993
0.119415,5.9169993
0.11942,5.9169993
0.119425,5.9169993
0.11943,5.9169993
0.119435,5.9169993
0.11944,5.9169993
0.119444996,5.9169993
0.119449995,5.9169993
0.119454995,5.9169993
0.119459994,5.9169993
0.11946499,5.9169993
0.11947,5.9169993
0.119475,5.9169993
0.11948,5.9169993
0.119485,5.9169993
0.11949,5.9169993
0.119495,5.9169993
0.1195,5.9169993
0.119504996,5.9169993
0.119509995,5.9169993
0.119514994,5.9169993
0.11951999,5.9169993
0.119525,5.9169993
0.11953,5.9169993
0.119535,5.9169993
0.11954,5.9169993
0.119545,5.9169993
0.11955,5.9169993
0.119555,5.9169993
0.119559996,5.9169993
0.119564995,5.9169993
0.119569995,5.9169993
0.119574994,5.9169993
0.11958,5.9169993
0.119585,5.9169993
0.11959,5.9169993
0.119595,5.9169993
0.1196,5.9169993
0.119605,5.9169993
0.11961,5.9169993
0.119614996,5.9169993
0.119619995,5.9169993
0.119624995,5.9169993
0.119629994,5.9169993
0.11963499,5.9169993
0.11964,5.9169993
0.119645,5.9169993
0.11965,5.9169993
0.119655,5.9169993
0.11966,5.9169993
0.119665,5.9169993
0.119669996,5.9169993
0.119674996,5.9169993
0.119679995,5.9169993
0.119684994,5.9169993
0.11968999,5.9169993
0.119695,5.9169993
0.1197,5.9169993
0.119705,5.9169993
0.11971,5.9169993
0.119715,5.9169993
0.11972,5.9169993
0.119725,5.9169993
0.119729996,5.9169993
0.119734995,5.9169993
0.119739994,5.9169993
0.119744994,5.9169993
0.11975,5.9169993
0.119755,5.9169993
0.11976,5.9169993
0.119765,5.9169993
0.11977,5.9169993
0.119775,5.9169993
0.11978,5.9169993
0.119784996,5.9169993
0.119789995,5.9169993
0.119794995,5.9169993
0.119799994,5.9169993
0.11980499,5.9169993
0.11981,5.9169993
0.119815,5.9169993
0.11982,5.9169993
0.119825,5.9169993
0.11983,5.9169993
0.119835,5.9169993
0.119839996,5.9169993
0.119844995,5.9169993
0.119849995,5.9169993
0.119854994,5.9169993
0.11985999,5.9169993
0.119865,5.9169993
0.11987,5.9169993
0.119875,5.9169993
0.11988,5.9169993
0.119885,5.9169993
0.11989,5.9169993
0.119895,5.9169993
0.119899996,5.9169993
0.119904995,5.9169993
0.119909994,5.9169993
0.11991499,5.9169993
0.11992,5.9169993
0.119925,5.9169993
0.11993,5.9169993
0.119935,5.9169993
0.11994,5.9169993
0.119945,5.9169993
0.11995,5.9169993
0.119954996,5.9169993
0.119959995,5.9169993
0.119964994,5.9169993
0.119969994,5.9169993
0.119975,5.9169993
0.11998,5.9169993
0.119985,5.9169993
0.11999,5.9169993
0.119995,5.9169993
0.12,5.9169993
0.120005,5.9169993
0.120009996,5.9169993
0.120014995,5.9169993
0.120019995,5.9169993
0.120024994,5.9169993
0.12002999,5.9169993
0.120035,5.9169993
0.12004,5.9169993
0.120045,5.9169993
0.12005,5.9169993
0.120055,5.9169993
0.12006,5.9169993
0.120064996,5.9169993
0.120069996,5.9169993
0.120074995,5.9169993
0.120079994,5.9169993
0.12008499,5.9169993
0.12009,5.9169993
0.120095,5.9169993
0.1201,5.9169993
0.120105,5.9169993
0.12011,5.9169993
0.120115,5.9169993
0.12012,5.9169993
0.120124996,5.9169993
0.120129995,5.9169993
0.120134994,5.9169993
0.120139994,5.9169993
0.120145,5.9169993
0.12015,5.9169993
0.120155,5.9169993
0.12016,5.9169993
0.120165,5.9169993
0.12017,5.9169993
0.120175,5.9169993
0.120179996,5.9169993
0.120184995,5.9169993
0.120189995,5.9169993
0.120194994,5.9169993
0.12019999,5.9169993
0.120205,5.9169993
0.12021,5.9169993
0.120215,5.9169993
0.12022,5.9169993
0.120225,5.9169993
0.12023,5.9169993
0.120234996,5.9169993
0.120239995,5.9169993
0.120244995,5.9169993
0.120249994,5.9169993
0.12025499,5.9169993
0.12026,5.9169993
0.120265,5.9169993
0.12027,5.9169993
0.120275,5.9169993
0.12028,5.9169993
0.120285,5.9169993
0.120289996,5.9169993
0.120294996,5.9169993
0.120299995,5.9169993
0.120304994,5.9169993
0.12030999,5.9169993
0.120315,5.9169993
0.12032,5.9169993
0.120325,5.9169993
0.12033,5.9169993
0.120335,5.9169993
0.12034,5.9169993
0.120345,5.9169993
0.120349996,5.9169993
0.120354995,5.9169993
0.120359994,5.9169993
0.120364994,5.9169993
0.12037,5.9169993
0.120375,5.9169993
0.12038,5.9169993
0.120385,5.9169993
0.12039,5.9169993
0.120395,5.9169993
0.1204,5.9169993
0.120404996,5.9169993
0.120409995,5.9169993
0.120414995,5.9169993
0.120419994,5.9169993
0.12042499,5.9169993
0.12043,5.9169993
0.120435,5.9169993
0.12044,5.9169993
0.120445,5.9169993
0.12045,5.9169993
0.120455,5.9169993
0.120459996,5.9169993
0.120464996,5.9169993
0.120469995,5.9169993
0.120474994,5.9169993
0.12047999,5.9169993
0.120485,5.9169993
0.12049,5.9169993
0.120495,5.9169993
0.1205,5.9169993
0.120505,5.9169993
0.12051,5.9169993
0.120515,5.9169993
0.120519996,5.9169993
0.120524995,5.9169993
0.120529994,5.9169993
0.12053499,5.9169993
0.12054,5.9169993
0.120545,5.9169993
0.12055,5.9169993
0.120555,5.9169993
0.12056,5.9169993
0.120565,5.9169993
0.12057,5.9169993
0.120574996,5.9169993
0.120579995,5.9169993
0.120584995,5.9169993
0.120589994,5.9169993
0.12059499,5.9169993
0.1206,5.9169993
0.120605,5.9169993
0.12061,5.9169993
0.120615,5.9169993
0.12062,5.9169993
0.120625,5.9169993
0.120629996,5.9169993
0.120634995,5.9169993
0.120639995,5.9169993
0.120644994,5.9169993
0.12064999,5.9169993
0.120655,5.9169993
0.12066,5.9169993
0.120665,5.9169993
0.12067,5.9169993
0.120675,5.9169993
0.12068,5.9169993
0.120684996,5.9169993
0.120689996,5.9169993
0.120694995,5.9169993
0.120699994,5.9169993
0.12070499,5.9169993
0.12071,5.9169993
0.120715,5.9169993
0.12072,5.9169993
0.120725,5.9169993
0.12073,5.9169993
0.120735,5.9169993
0.12074,5.9169993
0.120744996,5.9169993
0.120749995,5.9169993
0.120754994,5.9169993
0.120759994,5.9169993
0.120765,5.9169993
0.12077,5.9169993
0.120775,5.9169993
0.12078,5.9169993
0.120785,5.9169993
0.12079,5.9169993
0.120795,5.9169993
0.120799996,5.9169993
0.120804995,5.9169993
0.120809995,5.9169993
0.120814994,5.9169993
0.12081999,5.9169993
0.120825,5.9169993
0.12083,5.9169993
0.120835,5.9169993
0.12084,5.9169993
0.120845,5.9169993
0.12085,5.9169993
0.120854996,5.9169993
0.120859995,5.9169993
0.120864995,5.9169993
0.120869994,5.9169993
0.12087499,5.9169993
0.12088,5.9169993
0.120885,5.9169993
0.12089,5.9169993
0.120895,5.9169993
0.1209,5.9169993
0.120905,5.9169993
0.12091,5.9169993
0.120914996,5.9169993
0.120919995,5.9169993
0.120924994,5.9169993
0.12092999,5.9169993
0.120935,5.9169993
0.12094,5.9169993
0.120945,5.9169993
0.12095,5.9169993
0.120955,5.9169993
0.12096,5.9169993
0.120965,5.9169993
0.120969996,5.9169993
0.120974995,5.9169993
0.120979995,5.9169993
0.120984994,5.9169993
0.12099,5.9169993
0.120995,5.9169993
0.121,5.9169993
0.121005,5.9169993
0.12101,5.9169993
0.121015,5.9169993
0.12102,5.9169993
0.121024996,5.9169993
0.121029995,5.9169993
0.121034995,5.9169993
0.121039994,5.9169993
0.12104499,5.9169993
0.12105,5.9169993
0.121055,5.9169993
0.12106,5.9169993
0.121065,5.9169993
0.12107,5.9169993
0.121075,5.9169993
0.121079996,5.9169993
0.121084996,5.9169993
0.121089995,5.9169993
0.121094994,5.9169993
0.12109999,5.9169993
0.121105,5.9169993
0.12111,5.9169993
0.121115,5.9169993
0.12112,5.9169993
0.121125,5.9169993
0.12113,5.9169993
0.121135,5.9169993
0.121139996,5.9169993
0.121144995,5.9169993
0.121149994,5.9169993
0.121154994,5.9169993
0.12116,5.9169993
0.121165,5.9169993
0.12117,5.9169993
0.121175,5.9169993
0.12118,5.9169993
0.121185,5.9169993
0.12119,5.9169993
0.121194996,5.9169993
0.121199995,5.9169993
0.121204995,5.9169993
0.121209994,5.9169993
0.12121499,5.9169993
0.12122,5.9169993
0.121225,5.9169993
0.12123,5.9169993
0.121235,5.9169993
0.12124,5.9169993
0.121245,5.9169993
0.121249996,5.9169993
0.121254995,5.9169993
0.121259995,5.9169993
0.121264994,5.9169993
0.12126999,5.9169993
0.121275,5.9169993
0.12128,5.9169993
0.121285,5.9169993
0.12129,5.9169993
0.121295,5.9169993
0.1213,5.9169993
0.121305,5.9169993
0.121309996,5.9169993
0.121314995,5.9169993
0.121319994,5.9169993
0.12132499,5.9169993
0.12133,5.9169993
0.121335,5.9169993
0.12134,5.9169993
0.121345,5.9169993
0.12135,5.9169993
0.121355,5.9169993
0.12136,5.9169993
0.121364996,5.9169993
0.121369995,5.9169993
0.121374995,5.9169993
0.121379994,5.9169993
0.121385,5.9169993
0.12139,5.9169993
0.121395,5.9169993
0.1214,5.9169993
0.121405,5.9169993
0.12141,5.9169993
0.121415,5.9169993
0.121419996,5.9169993
0.121424995,5.9169993
0.121429995,5.9169993
0.121434994,5.9169993
0.12143999,5.9169993
0.121445,5.9169993
0.12145,5.9169993
0.121455,5.9169993
0.12146,5.9169993
0.121465,5.9169993
0.12147,5.9169993
0.121474996,5.9169993
0.121479996,5.9169993
0.121484995,5.9169993
0.121489994,5.9169993
0.12149499,5.9169993
0.1215,5.9169993
0.121505,5.9169993
0.12151,5.9169993
0.121515,5.9169993
0.12152,5.9169993
0.121525,5.9169993
0.12153,5.9169993
0.121534996,5.9169993
0.121539995,5.9169993
0.121544994,5.9169993
0.121549994,5.9169993
0.121555,5.9169993
0.12156,5.9169993
0.121565,5.9169993
0.12157,5.9169993
0.121575,5.9169993
0.12158,5.9169993
0.121585,5.9169993
0.121589996,5.9169993
0.121594995,5.9169993
0.121599995,5.9169993
0.121604994,5.9169993
0.12160999,5.9169993
0.121615,5.9169993
0.12162,5.9169993
0.121625,5.9169993
0.12163,5.9169993
0.121635,5.9169993
0.12164,5.9169993
0.121644996,5.9169993
0.121649995,5.9169993
0.121654995,5.9169993
0.121659994,5.9169993
0.12166499,5.9169993
0.12167,5.9169993
0.121675,5.9169993
0.12168,5.9169993
0.121685,5.9169993
0.12169,5.9169993
0.121695,5.9169993
0.1217,5.9169993
0.121704996,5.9169993
0.121709995,5.9169993
0.121714994,5.9169993
0.12171999,5.9169993
0.121725,5.9169993
0.12173,5.9169993
0.121735,5.9169993
0.12174,5.9169993
0.121745,5.9169993
0.12175,5.9169993
0.121755,5.9169993
0.121759996,5.9169993
0.121764995,5.9169993
0.121769994,5.9169993
0.121774994,5.9169993
0.12178,5.9169993
0.121785,5.9169993
0.12179,5.9169993
0.121795,5.9169993
0.1218,5.9169993
0.121805,5.9169993
0.12181,5.9169993
0.121814996,5.9169993
0.121819995,5.9169993
0.121824995,5.9169993
0.121829994,5.9169993
0.12183499,5.9169993
0.12184,5.9169993
0.121845,5.9169993
0.12185,5.9169993
0.121855,5.9169993
0.12186,5.9169993
0.121865,5.9169993
0.121869996,5.9169993
0.121874996,5.9169993
0.121879995,5.9169993
0.121884994,5.9169993
0.12188999,5.9169993
0.121895,5.9169993
0.1219,5.9169993
0.121905,5.9169993
0.12191,5.9169993
0.121915,5.9169993
0.12192,5.9169993
0.121925,5.9169993
0.121929996,5.9169993
0.121934995,5.9169993
0.121939994,5.9169993
0.121944994,5.9169993
0.12195,5.9169993
0.121955,5.9169993
0.12196,5.9169993
0.121965,5.9169993
0.12197,5.9169993
0.121975,5.9169993
0.12198,5.9169993
0.121984996,5.9169993
0.121989995,5.9169993
0.121994995,5.9169993
0.121999994,5.9169993
0.12200499,5.9169993
0.12201,5.9169993
0.122015,5.9169993
0.12202,5.9169993
0.122025,5.9169993
0.12203,5.9169993
0.122035,5.9169993
0.122039996,5.9169993
0.122044995,5.9169993
0.122049995,5.9169993
0.122054994,5.9169993
0.12205999,5.9169993
0.122065,5.9169993
0.12207,5.9169993
0.122075,5.9169993
0.12208,5.9169993
0.122085,5.9169993
0.12209,5.9169993
0.122094996,5.9169993
0.122099996,5.9169993
0.122104995,5.9169993
0.122109994,5.9169993
0.12211499,5.9169993
0.12212,5.9169993
0.122125,5.9169993
0.12213,5.9169993
0.122135,5.9169993
0.12214,5.9169993
0.122145,5.9169993
0.12215,5.9169993
0.122154996,5.9169993
0.122159995,5.9169993
0.122164994,5.9169993
0.122169994,5.9169993
0.122175,5.9169993
0.12218,5.9169993
0.122185,5.9169993
0.12219,5.9169993
0.122195,5.9169993
0.1222,5.9169993
0.122205,5.9169993
0.122209996,5.9169993
0.122214995,5.9169993
0.122219995,5.9169993
0.122224994,5.9169993
0.12222999,5.9169993
0.122235,5.9169993
0.12224,5.9169993
0.122245,5.9169993
0.12225,5.9169993
0.122255,5.9169993
0.12226,5.9169993
0.122264996,5.9169993
0.122269996,5.9169993
0.122274995,5.9169993
0.122279994,5.9169993
0.12228499,5.9169993
0.12229,5.9169993
0.122295,5.9169993
0.1223,5.9169993
0.122305,5.9169993
0.12231,5.9169993
0.122315,5.9169993
0.12232,5.9169993
0.122324996,5.9169993
0.122329995,5.9169993
0.122334994,5.9169993
0.12233999,5.9169993
0.122345,5.9169993
0.12235,5.9169993
0.122355,5.9169993
0.12236,5.9169993
0.122365,5.9169993
0.12237,5.9169993
0.122375,5.9169993
0.122379996,5.9169993
0.122384995,5.9169993
0.122389995,5.9169993
0.122394994,5.9169993
0.12239999,5.9169993
0.122405,5.9169993
0.12241,5.9169993
0.122415,5.9169993
0.12242,5.9169993
0.122425,5.9169993
0.12243,5.9169993
0.122434996,5.9169993
0.122439995,5.9169993
0.122444995,5.9169993
0.122449994,5.9169993
0.12245499,5.9169993
0.12246,5.9169993
0.122465,5.9169993
0.12247,5.9169993
0.122475,5.9169993
0.12248,5.9169993
0.122485,5.9169993
0.122489996,5.9169993
0.122494996,5.9169993
0.122499995,5.9169993
0.122504994,5.9169993
0.12250999,5.9169993
0.122515,5.9169993
0.12252,5.9169993
0.122525,5.9169993
0.12253,5.9169993
0.122535,5.9169993
0.12254,5.9169993
0.122545,5.9169993
0.122549996,5.9169993
0.122554995,5.9169993
0.122559994,5.9169993
0.122564994,5.9169993
0.12257,5.9169993
0.122575,5.9169993
0.12258,5.9169993
0.122585,5.9169993
0.12259,5.9169993
0.122595,5.9169993
0.1226,5.9169993
0.122604996,5.9169993
0.122609995,5.9169993
0.122614995,5.9169993
0.122619994,5.9169993
0.12262499,5.9169993
0.12263,5.9169993
0.122635,5.9169993
0.12264,5.9169993
0.122645,5.9169993
0.12265,5.9169993
0.122655,5.9169993
0.122659996,5.9169993
0.122664995,5.9169993
0.122669995,5.9169993
0.122674994,5.9169993
0.12267999,5.9169993
0.122685,5.9169993
0.12269,5.9169993
0.122695,5.9169993
0.1227,5.9169993
0.122705,5.9169993
0.12271,5.9169993
0.122715,5.9169993
0.122719996,5.9169993
0.122724995,5.9169993
0.122729994,5.9169993
0.12273499,5.9169993
0.12274,5.9169993
0.122745,5.9169993
0.12275,5.9169993
0.122755,5.9169993
0.12276,5.9169993
0.122765,5.9169993
0.12277,5.9169993
0.122774996,5.9169993
0.122779995,5.9169993
0.122784995,5.9169993
0.122789994,5.9169993
0.12279499,5.9169993
0.1228,5.9169993
0.122805,5.9169993
0.12281,5.9169993
0.122815,5.9169993
0.12282,5.9169993
0.122825,5.9169993
0.122829996,5.9169993
0.122834995,5.9169993
0.122839995,5.9169993
0.122844994,5.9169993
0.12284999,5.9169993
0.122855,5.9169993
0.12286,5.9169993
0.122865,5.9169993
0.12287,5.9169993
0.122875,5.9169993
0.12288,5.9169993
0.122884996,5.9169993
0.122889996,5.9169993
0.122894995,5.9169993
0.122899994,5.9169993
0.12290499,5.9169993
0.12291,5.9169993
0.122915,5.9169993
0.12292,5.9169993
0.122925,5.9169993
0.12293,5.9169993
0.122935,5.9169993
0.12294,5.9169993
0.122944996,5.9169993
0.122949995,5.9169993
0.122954994,5.9169993
0.122959994,5.9169993
0.122965,5.9169993
0.12297,5.9169993
0.122975,5.9169993
0.12298,5.9169993
0.122985,5.9169993
0.12299,5.9169993
0.122995,5.9169993
0.122999996,5.9169993
0.123004995,5.9169993
0.123009995,5.9169993
0.123014994,5.9169993
0.12301999,5.9169993
0.123025,5.9169993
0.12303,5.9169993
0.123035,5.9169993
0.12304,5.9169993
0.123045,5.9169993
0.12305,5.9169993
0.123054996,5.9169993
0.123059995,5.9169993
0.123064995,5.9169993
0.123069994,5.9169993
0.12307499,5.9169993
0.12308,5.9169993
0.123085,5.9169993
0.12309,5.9169993
0.123095,5.9169993
0.1231,5.9169993
0.123105,5.9169993
0.12311,5.9169993
0.123114996,5.9169993
0.123119995,5.9169993
0.123124994,5.9169993
0.12312999,5.9169993
0.123135,5.9169993
0.12314,5.9169993
0.123145,5.9169993
0.12315,5.9169993
0.123155,5.9169993
0.12316,5.9169993
0.123165,5.9169993
0.123169996,5.9169993
0.123174995,5.9169993
0.123179995,5.9169993
0.123184994,5.9169993
0.12318999,5.9169993
0.123195,5.9169993
0.1232,5.9169993
0.123205,5.9169993
0.12321,5.9169993
0.123215,5.9169993
0.12322,5.9169993
0.123224996,5.9169993
0.123229995,5.9169993
0.123234995,5.9169993
0.123239994,5.9169993
0.12324499,5.9169993
0.12325,5.9169993
0.123255,5.9169993
0.12326,5.9169993
0.123265,5.9169993
0.12327,5.9169993
0.123275,5.9169993
0.123279996,5.9169993
0.123284996,5.9169993
0.123289995,5.9169993
0.123294994,5.9169993
0.12329999,5.9169993
0.123305,5.9169993
0.12331,5.9169993
0.123315,5.9169993
0.12332,5.9169993
0.123325,5.9169993
0.12333,5.9169993
0.123335,5.9169993
0.123339996,5.9169993
0.123344995,5.9169993
0.123349994,5.9169993
0.123354994,5.9169993
0.12336,5.9169993
0.123365,5.9169993
0.12337,5.9169993
0.123375,5.9169993
0.12338,5.9169993
0.123385,5.9169993
0.12339,5.9169993
0.123394996,5.9169993
0.123399995,5.9169993
0.123404995,5.9169993
0.123409994,5.9169993
0.12341499,5.9169993
0.12342,5.9169993
0.123425,5.9169993
0.12343,5.9169993
0.123435,5.9169993
0.12344,5.9169993
0.123445,5.9169993
0.123449996,5.9169993
0.123454995,5.9169993
0.123459995,5.9169993
0.123464994,5.9169993
0.12346999,5.9169993
0.123475,5.9169993
0.12348,5.9169993
0.123485,5.9169993
0.12349,5.9169993
0.123495,5.9169993
0.1235,5.9169993
0.123505,5.9169993
0.123509996,5.9169993
0.123514995,5.9169993
0.123519994,5.9169993
0.12352499,5.9169993
0.12353,5.9169993
0.123535,5.9169993
0.12354,5.9169993
0.123545,5.9169993
0.12355,5.9169993
0.123555,5.9169993
0.12356,5.9169993
0.123564996,5.9169993
0.123569995,5.9169993
0.123574995,5.9169993
0.123579994,5.9169993
0.12358499,5.9169993
0.12359,5.9169993
0.123595,5.9169993
0.1236,5.9169993
0.123605,5.9169993
0.12361,5.9169993
0.123615,5.9169993
0.123619996,5.9169993
0.123624995,5.9169993
0.123629995,5.9169993
0.123634994,5.9169993
0.12363999,5.9169993
0.123645,5.9169993
0.12365,5.9169993
0.123655,5.9169993
0.12366,5.9169993
0.123665,5.9169993
0.12367,5.9169993
0.123674996,5.9169993
0.123679996,5.9169993
0.123684995,5.9169993
0.123689994,5.9169993
0.12369499,5.9169993
0.1237,5.9169993
0.123705,5.9169993
0.12371,5.9169993
0.123715,5.9169993
0.12372,5.9169993
0.123725,5.9169993
0.12373,5.9169993
0.123734996,5.9169993
0.123739995,5.9169993
0.123744994,5.9169993
0.123749994,5.9169993
0.123755,5.9169993
0.12376,5.9169993
0.123765,5.9169993
0.12377,5.9169993
0.123775,5.9169993
0.12378,5.9169993
0.123785,5.9169993
0.123789996,5.9169993
0.123794995,5.9169993
0.123799995,5.9169993
0.123804994,5.9169993
0.12380999,5.9169993
0.123815,5.9169993
0.12382,5.9169993
0.123825,5.9169993
0.12383,5.9169993
0.123835,5.9169993
0.12384,5.9169993
0.123844996,5.9169993
0.123849995,5.9169993
0.123854995,5.9169993
0.123859994,5.9169993
0.12386499,5.9169993
0.12387,5.9169993
0.123875,5.9169993
0.12388,5.9169993
0.123885,5.9169993
0.12389,5.9169993
0.123895,5.9169993
0.1239,5.9169993
0.123904996,5.9169993
0.123909995,5.9169993
0.123914994,5.9169993
0.12391999,5.9169993
0.123925,5.9169993
0.12393,5.9169993
0.123935,5.9169993
0.12394,5.9169993
0.123945,5.9169993
0.12395,5.9169993
0.123955,5.9169993
0.123959996,5.9169993
0.123964995,5.9169993
0.123969994,5.9169993
0.123974994,5.9169993
0.12397999,5.9169993
0.123985,5.9169993
0.12399,5.9169993
0.123995,5.9169993
0.124,5.9169993
0.124005,5.9169993
0.12401,5.9169993
0.124014996,5.9169993
0.124019995,5.9169993
0.124024995,5.9169993
0.124029994,5.9169993
0.12403499,5.9169993
0.12404,5.9169993
0.124045,5.9169993
0.12405,5.9169993
0.124055,5.9169993
0.12406,5.9169993
0.124065,5.9169993
0.124069996,5.9169993
0.124074996,5.9169993
0.124079995,5.9169993
0.124084994,5.9169993
0.12408999,5.9169993
0.124095,5.9169993
0.1241,5.9169993
0.124105,5.9169993
0.12411,5.9169993
0.124115,5.9169993
0.12412,5.9169993
0.124125,5.9169993
0.124129996,5.9169993
0.124134995,5.9169993
0.124139994,5.9169993
0.12414499,5.9169993
0.12415,5.9169993
0.124155,5.9169993
0.12416,5.9169993
0.124165,5.9169993
0.12417,5.9169993
0.124175,5.9169993
0.12418,5.9169993
0.124184996,5.9169993
0.124189995,5.9169993
0.124194995,5.9169993
0.124199994,5.9169993
0.12420499,5.9169993
0.12421,5.9169993
0.124215,5.9169993
0.12422,5.9169993
0.124225,5.9169993
0.12423,5.9169993
0.124235,5.9169993
0.124239996,5.9169993
0.124244995,5.9169993
0.124249995,5.9169993
0.124254994,5.9169993
0.12425999,5.9169993
0.124265,5.9169993
0.12427,5.9169993
0.124275,5.9169993
0.12428,5.9169993
0.124285,5.9169993
0.12429,5.9169993
0.124294996,5.9169993
0.124299996,5.9169993
0.124304995,5.9169993
0.124309994,5.9169993
0.12431499,5.9169993
0.12432,5.9169993
0.124325,5.9169993
0.12433,5.9169993
0.124335,5.9169993
0.12434,5.9169993
0.124345,5.9169993
0.12435,5.9169993
0.124354996,5.9169993
0.124359995,5.9169993
0.124364994,5.9169993
0.124369994,5.9169993
0.12437499,5.9169993
0.12438,5.9169993
0.124385,5.9169993
0.12439,5.9169993
0.124395,5.9169993
0.1244,5.9169993
0.124405,5.9169993
0.124409996,5.9169993
0.124414995,5.9169993
0.124419995,5.9169993
0.124424994,5.9169993
0.12442999,5.9169993
0.124435,5.9169993
0.12444,5.9169993
0.124445,5.9169993
0.12445,5.9169993
0.124455,5.9169993
0.12446,5.9169993
0.124464996,5.9169993
0.124469995,5.9169993
0.124474995,5.9169993
0.124479994,5.9169993
0.12448499,5.9169993
0.12449,5.9169993
0.124495,5.9169993
0.1245,5.9169993
0.124505,5.9169993
0.12451,5.9169993
0.124515,5.9169993
0.12452,5.9169993
0.124524996,5.9169993
0.124529995,5.9169993
0.124534994,5.9169993
0.12453999,5.9169993
0.124545,5.9169993
0.12455,5.9169993
0.124555,5.9169993
0.12456,5.9169993
0.124565,5.9169993
0.12457,5.9169993
0.124575,5.9169993
0.124579996,5.9169993
0.124584995,5.9169993
0.124589995,5.9169993
0.124594994,5.9169993
0.12459999,5.9169993
0.124605,5.9169993
0.12461,5.9169993
0.124615,5.9169993
0.12462,5.9169993
0.124625,5.9169993
0.12463,5.9169993
0.124634996,5.9169993
0.124639995,5.9169993
0.124644995,5.9169993
0.124649994,5.9169993
0.12465499,5.9169993
0.12466,5.9169993
0.124665,5.9169993
0.12467,5.9169993
0.124675,5.9169993
0.12468,5.9169993
0.124685,5.9169993
0.124689996,5.9169993
0.124694996,5.9169993
0.124699995,5.9169993
0.124704994,5.9169993
0.12470999,5.9169993
0.124715,5.9169993
0.12472,5.9169993
0.124725,5.9169993
0.12473,5.9169993
0.124735,5.9169993
0.12474,5.9169993
0.124745,5.9169993
0.124749996,5.9169993
0.124754995,5.9169993
0.124759994,5.9169993
0.124764994,5.9169993
0.12476999,5.9169993
0.124775,5.9169993
0.12478,5.9169993
0.124785,5.9169993
0.12479,5.9169993
0.124795,5.9169993
0.1248,5.9169993
0.124804996,5.9169993
0.124809995,5.9169993
0.124814995,5.9169993
0.124819994,5.9169993
0.12482499,5.9169993
0.12483,5.9169993
0.124835,5.9169993
0.12484,5.9169993
0.124845,5.9169993
0.12485,5.9169993
0.124855,5.9169993
0.124859996,5.9169993
0.124864995,5.9169993
0.124869995,5.9169993
0.124874994,5.9169993
0.12487999,5.9169993
0.124885,5.9169993
0.12489,5.9169993
0.124895,5.9169993
0.1249,5.9169993
0.124905,5.9169993
0.12491,5.9169993
0.124915,5.9169993
0.124919996,5.9169993
0.124924995,5.9169993
0.124929994,5.9169993
0.12493499,5.9169993
0.12494,5.9169993
0.124945,5.9169993
0.12495,5.9169993
0.124955,5.9169993
0.12496,5.9169993
0.124965,5.9169993
0.12497,5.9169993
0.124974996,5.9169993
0.124979995,5.9169993
0.124984995,5.9169993
0.124989994,5.9169993
0.12499499,5.9169993
0.125,5.9169993
0.12500499,5.9169993
0.12501,5.9169993
0.12501499,5.9169993
0.12502,5.9169993
0.125025,5.9169993
0.12503,5.9169993
0.125035,5.9169993
0.12504,5.9169993
0.125045,5.9169993
0.12505,5.9169993
0.125055,5.9169993
0.12505999,5.9169993
0.125065,5.9169993
0.12506999,5.9169993
0.125075,5.9169993
0.12507999,5.9169993
0.125085,5.9169993
0.12509,5.9169993
0.125095,5.9169993
0.1251,5.9169993
0.125105,5.9169993
0.12511,5.9169993
0.12511499,5.9169993
0.12512,5.9169993
0.12512499,5.9169993
0.12513,5.9169993
0.12513499,5.9169993
0.12514,5.9169993
0.125145,5.9169993
0.12515,5.9169993
0.125155,5.9169993
0.12516,5.9169993
0.125165,5.9169993
0.12516999,5.9169993
0.125175,5.9169993
0.12517999,5.9169993
0.125185,5.9169993
0.12518999,5.9169993
0.125195,5.9169993
0.1252,5.9169993
0.125205,5.9169993
0.12521,5.9169993
0.125215,5.9169993
0.12522,5.9169993
0.125225,5.9169993
0.12523,5.9169993
0.12523499,5.9169993
0.12524,5.9169993
0.12524499,5.9169993
0.12525,5.9169993
0.125255,5.9169993
0.12526,5.9169993
0.125265,5.9169993
0.12527,5.9169993
0.125275,5.9169993
0.12528,5.9169993
0.125285,5.9169993
0.12528999,5.9169993
0.125295,5.9169993
0.12529999,5.9169993
0.125305,5.9169993
0.12531,5.9169993
0.125315,5.9169993
0.12532,5.9169993
0.125325,5.9169993
0.12533,5.9169993
0.125335,5.9169993
0.12534,5.9169993
0.12534499,5.9169993
0.12535,5.9169993
0.12535499,5.9169993
0.12536,5.9169993
0.125365,5.9169993
0.12537,5.9169993
0.125375,5.9169993
0.12538,5.9169993
0.125385,5.9169993
0.12539,5.9169993
0.125395,5.9169993
0.12539999,5.9169993
0.125405,5.9169993
0.12540999,5.9169993
0.125415,5.9169993
0.12542,5.9169993
0.125425,5.9169993
0.12543,5.9169993
0.125435,5.9169993
0.12544,5.9169993
0.125445,5.9169993
0.12545,5.9169993
0.12545499,5.9169993
0.12546,5.9169993
0.12546499,5.9169993
0.12547,5.9169993
0.12547499,5.9169993
0.12548,5.9169993
0.125485,5.9169993
0.12549,5.9169993
0.125495,5.9169993
0.1255,5.9169993
0.125505,5.9169993
0.12550999,5.9169993
0.125515,5.9169993
0.12551999,5.9169993
0.125525,5.9169993
0.12552999,5.9169993
0.125535,5.9169993
0.12554,5.9169993
0.125545,5.9169993
0.12555,5.9169993
0.125555,5.9169993
0.12556,5.9169993
0.12556499,5.9169993
0.12557,5.9169993
0.12557499,5.9169993
0.12558,5.9169993
0.12558499,5.9169993
0.12559,5.9169993
0.125595,5.9169993
0.1256,5.9169993
0.125605,5.9169993
0.12561,5.9169993
0.125615,5.9169993
0.12562,5.9169993
0.125625,5.9169993
0.12562999,5.9169993
0.125635,5.9169993
0.12563999,5.9169993
0.125645,5.9169993
0.12565,5.9169993
0.125655,5.9169993
0.12566,5.9169993
0.125665,5.9169993
0.12567,5.9169993
0.125675,5.9169993
0.12568,5.9169993
0.12568499,5.9169993
0.12569,5.9169993
0.12569499,5.9169993
0.1257,5.9169993
0.125705,5.9169993
0.12571,5.9169993
0.125715,5.9169993
0.12572,5.9169993
0.125725,5.9169993
0.12573,5.9169993
0.125735,5.9169993
0.12573999,5.9169993
0.125745,5.9169993
0.12574999,5.9169993
0.125755,5.9169993
0.12576,5.9169993
0.125765,5.9169993
0.12577,5.9169993
0.125775,5.9169993
0.12578,5.9169993
0.125785,5.9169993
0.12579,5.9169993
0.12579499,5.9169993
0.1258,5.9169993
0.12580499,5.9169993
0.12581,5.9169993
0.125815,5.9169993
0.12582,5.9169993
0.125825,5.9169993
0.12583,5.9169993
0.125835,5.9169993
0.12584,5.9169993
0.125845,5.9169993
0.12584999,5.9169993
0.125855,5.9169993
0.12585999,5.9169993
0.125865,5.9169993
0.12586999,5.9169993
0.125875,5.9169993
0.12588,5.9169993
0.125885,5.9169993
0.12589,5.9169993
0.125895,5.9169993
0.1259,5.9169993
0.12590499,5.9169993
0.12591,5.9169993
0.12591499,5.9169993
0.12592,5.9169993
0.12592499,5.9169993
0.12593,5.9169993
0.125935,5.9169993
0.12594,5.9169993
0.125945,5.9169993
0.12595,5.9169993
0.125955,5.9169993
0.12595999,5.9169993
0.125965,5.9169993
0.12596999,5.9169993
0.125975,5.9169993
0.12597999,5.9169993
0.125985,5.9169993
0.12599,5.9169993
0.125995,5.9169993
0.126,5.9169993
0.126005,5.9169993
0.12601,5.9169993
0.126015,5.9169993
0.12602,5.9169993
0.12602499,5.9169993
0.12603,5.9169993
0.12603499,5.9169993
0.12604,5.9169993
0.126045,5.9169993
0.12605,5.9169993
0.126055,5.9169993
0.12606,5.9169993
0.126065,5.9169993
0.12607,5.9169993
0.126075,5.9169993
0.12607999,5.9169993
0.126085,5.9169993
0.12608999,5.9169993
0.126095,5.9169993
0.1261,5.9169993
0.126105,5.9169993
0.12611,5.9169993
0.126115,5.9169993
0.12612,5.9169993
0.126125,5.9169993
0.12613,5.9169993
0.12613499,5.9169993
0.12614,5.9169993
0.12614499,5.9169993
0.12615,5.9169993
0.126155,5.9169993
0.12616,5.9169993
0.126165,5.9169993
0.12617,5.9169993
0.126175,5.9169993
0.12618,5.9169993
0.126185,5.9169993
0.12618999,5.9169993
0.126195,5.9169993
0.12619999,5.9169993
0.126205,5.9169993
0.12621,5.9169993
0.126215,5.9169993
0.12622,5.9169993
0.126225,5.9169993
0.12623,5.9169993
0.126235,5.9169993
0.12624,5.9169993
0.12624499,5.9169993
0.12625,5.9169993
0.12625499,5.9169993
0.12626,5.9169993
0.12626499,5.9169993
0.12627,5.9169993
0.126275,5.9169993
0.12628,5.9169993
0.126285,5.9169993
0.12629,5.9169993
0.126295,5.9169993
0.12629999,5.9169993
0.126305,5.9169993
0.12630999,5.9169993
0.126315,5.9169993
0.12631999,5.9169993
0.126325,5.9169993
0.12633,5.9169993
0.126335,5.9169993
0.12634,5.9169993
0.126345,5.9169993
0.12635,5.9169993
0.12635499,5.9169993
0.12636,5.9169993
0.12636499,5.9169993
0.12637,5.9169993
0.12637499,5.9169993
0.12638,5.9169993
0.126385,5.870768
0.12639,5.824537
0.126395,5.824537
0.1264,5.824537
0.126405,5.870768
0.12641,5.9169993
0.126415,5.9169993
0.12641999,5.9169993
0.126425,5.9169993
0.12642999,5.9169993
0.126435,5.9169993
0.12644,5.9169993
0.126445,5.9169993
0.12645,5.9169993
0.126455,5.9169993
0.12646,5.9169993
0.126465,5.9169993
0.12647,5.9169993
0.12647499,5.9169993
0.12648,5.9169993
0.12648499,5.9169993
0.12649,5.9169993
0.126495,5.9169993
0.1265,5.9169993
0.126505,5.9169993
0.12651,5.9169993
0.126515,5.9169993
0.12652,5.9169993
0.126525,5.9169993
0.12652999,5.9169993
0.126535,5.9169993
0.12653999,5.9169993
0.126545,5.9169993
0.12655,5.9169993
0.126555,5.9169993
0.12656,5.9169993
0.126565,5.9169993
0.12657,5.9169993
0.126575,5.9169993
0.12658,5.9169993
0.12658499,5.9169993
0.12659,5.9169993
0.12659499,5.9169993
0.1266,5.9169993
0.126605,5.9169993
0.12661,5.9169993
0.126615,5.9169993
0.12662,5.9169993
0.126625,5.9169993
0.12663,5.9169993
0.126635,5.9169993
0.12663999,5.9169993
0.126645,5.9169993
0.12664999,5.9169993
0.126655,5.9169993
0.12665999,5.9169993
0.126665,5.9169993
0.12667,5.9169993
0.126675,5.9169993
0.12668,5.9169993
0.126685,5.9169993
0.12669,5.9169993
0.12669499,5.9169993
0.1267,5.9169993
0.12670499,5.9169993
0.12671,5.9169993
0.12671499,5.9169993
0.12672,5.9169993
0.126725,5.9169993
0.12673,5.9169993
0.126735,5.9169993
0.12674,5.9169993
0.126745,5.9169993
0.12674999,5.9169993
0.126755,5.9169993
0.12675999,5.9169993
0.126765,5.9169993
0.12676999,5.9169993
0.126775,5.9169993
0.12678,5.9169993
0.126785,5.9169993
0.12679,5.9169993
0.126795,5.9169993
0.1268,5.9169993
0.126805,5.9169993
0.12681,5.9169993
0.12681499,5.9169993
0.12682,5.9169993
0.12682499,5.9169993
0.12683,5.9169993
0.126835,5.9169993
0.12684,5.9169993
0.126845,5.9169993
0.12685,5.9169993
0.126855,5.9169993
0.12686,5.9169993
0.126865,5.9169993
0.12686999,5.9169993
0.126875,5.9169993
0.12687999,5.9169993
0.126885,5.9169993
0.12689,5.9169993
0.126895,5.9169993
0.1269,5.9169993
0.126905,5.9169993
0.12691,5.9169993
0.126915,5.9169993
0.12692,5.9169993
0.12692499,5.9169993
0.12693,5.9169993
0.12693499,5.9169993
0.12694,5.9169993
0.126945,5.9169993
0.12695,5.9169993
0.126955,5.9169993
0.12696,5.9169993
0.126965,5.9169993
0.12697,5.9169993
0.126975,5.9169993
0.12697999,5.9169993
0.126985,5.9169993
0.12698999,5.9169993
0.126995,5.9169993
0.127,5.9169993
0.127005,5.9169993
0.12701,5.9169993
0.127015,5.9169993
0.12702,5.9169993
0.127025,5.9169993
0.12703,5.9169993
0.12703499,5.9169993
0.12704,5.9169993
0.12704499,5.9169993
0.12705,5.9169993
0.127055,5.9169993
0.12706,5.9169993
0.127065,5.9169993
0.12707,5.9169993
0.127075,5.9169993
0.12708,5.9169993
0.127085,5.9169993
0.12708999,5.9169993
0.127095,5.9169993
0.12709999,5.9169993
0.127105,5.9169993
0.12710999,5.9169993
0.127115,5.9169993
0.12712,5.9169993
0.127125,5.9169993
0.12713,5.9169993
0.127135,5.9169993
0.12714,5.9169993
0.12714499,5.9169993
0.12715,5.9169993
0.12715499,5.9169993
0.12716,5.9169993
0.12716499,5.9169993
0.12717,5.9169993
0.127175,5.9169993
0.12718,5.9169993
0.127185,5.9169993
0.12719,5.9169993
0.127195,5.9169993
0.12719999,5.9169993
0.127205,5.9169993
0.12720999,5.9169993
0.127215,5.9169993
0.12721999,5.9169993
0.127225,5.9169993
0.12723,5.9169993
0.127235,5.9169993
0.12724,5.9169993
0.127245,5.9169993
0.12725,5.9169993
0.127255,5.9169993
0.12726,5.9169993
0.12726499,5.9169993
0.12727,5.9169993
0.12727499,5.9169993
0.12728,5.9169993
0.127285,5.9169993
0.12729,5.9169993
0.127295,5.9169993
0.1273,5.9169993
0.127305,5.9169993
0.12731,5.9169993
0.127315,5.9169993
0.12731999,5.9169993
0.127325,5.9169993
0.12732999,5.9169993
0.127335,5.9169993
0.12734,5.9169993
0.127345,5.9169993
0.12735,5.9169993
0.127355,5.9169993
0.12736,5.9169993
0.127365,5.9169993
0.12737,5.9169993
0.12737499,5.9169993
0.12738,5.9169993
0.12738499,5.9169993
0.12739,5.9169993
0.127395,5.9169993
0.1274,5.9169993
0.127405,5.9169993
0.12741,5.9169993
0.127415,5.9169993
0.12742,5.9169993
0.127425,5.9169993
0.12742999,5.9169993
0.127435,5.9169993
0.12743999,5.9169993
0.127445,5.9169993
0.12745,5.9169993
0.127455,5.9169993
0.12746,5.9169993
0.127465,5.9169993
0.12747,5.9169993
0.127475,5.9169993
0.12748,5.9169993
0.12748499,5.9169993
0.12749,5.9169993
0.12749499,5.9169993
0.1275,5.9169993
0.12750499,5.9169993
0.12751,5.9169993
0.127515,5.9169993
0.12752,5.9169993
0.127525,5.9169993
0.12753,5.9169993
0.127535,5.9169993
0.12753999,5.9169993
0.127545,5.9169993
0.12754999,5.9169993
0.127555,5.9169993
0.12755999,5.9169993
0.127565,5.9169993
0.12757,5.9169993
0.127575,5.9169993
0.12758,5.9169993
0.127585,5.9169993
0.12759,5.9169993
0.12759499,5.9169993
0.1276,5.9169993
0.12760499,5.870768
0.12761,5.824537
0.12761499,5.824537
0.12762,5.824537
0.127625,5.870768
0.12763,5.9169993
0.127635,5.9169993
0.12764,5.9169993
0.127645,5.9169993
0.12765,5.9169993
0.127655,5.9169993
0.12765999,5.9169993
0.127665,5.9169993
0.12766999,5.9169993
0.127675,5.9169993
0.12768,5.9169993
0.127685,5.9169993
0.12769,5.870768
0.127695,5.870768
0.1277,5.870768
0.127705,5.9169993
0.12771,5.9169993
0.12771499,5.9169993
0.12772,5.9169993
0.12772499,5.9169993
0.12773,5.9169993
0.127735,5.9169993
0.12774,5.9169993
0.127745,5.9169993
0.12775,5.9169993
0.127755,5.9169993
0.12776,5.9169993
0.127765,5.9169993
0.12776999,5.9169993
0.127775,5.9169993
0.12777999,5.9169993
0.127785,5.9169993
0.12779,5.9169993
0.127795,5.9169993
0.1278,5.9169993
0.127805,5.9169993
0.12781,5.9169993
0.127815,5.9169993
0.12782,5.9169993
0.12782499,5.9169993
0.12783,5.9169993
0.12783499,5.9169993
0.12784,5.9169993
0.127845,5.9169993
0.12785,5.9169993
0.127855,5.9169993
0.12786,5.9169993
0.127865,5.870768
0.12787,5.824537
0.127875,5.824537
0.12787999,5.824537
0.127885,5.870768
0.12788999,5.870768
0.127895,5.9169993
0.12789999,5.9169993
0.127905,5.9169993
0.12791,5.9169993
0.127915,5.9169993
0.12792,5.9169993
0.127925,5.9169993
0.12793,5.9169993
0.12793499,5.9169993
0.12794,5.9169993
0.12794499,5.9169993
0.12795,5.870768
0.12795499,5.870768
0.12796,5.870768
0.127965,5.9169993
0.12797,5.9169993
0.127975,5.9169993
0.12798,5.9169993
0.127985,5.9169993
0.12798999,5.9169993
0.127995,5.9169993
0.12799999,5.9169993
0.128005,5.9169993
0.12800999,5.9169993
0.128015,5.9169993
0.12802,5.9169993
0.128025,5.9169993
0.12803,5.9169993
0.128035,5.9169993
0.12804,5.9169993
0.128045,5.9169993
0.12805,5.9169993
0.12805499,5.9169993
0.12806,5.9169993
0.12806499,5.9169993
0.12807,5.9169993
0.128075,5.9169993
0.12808,5.9169993
0.128085,5.9169993
0.12809,5.9169993
0.128095,5.9169993
0.1281,5.9169993
0.128105,5.9169993
0.12810999,5.9169993
0.128115,5.9169993
0.12811999,5.9169993
0.128125,5.9169993
0.12813,5.9169993
0.128135,5.9169993
0.12814,5.9169993
0.128145,5.9169993
0.12815,5.9169993
0.128155,5.9169993
0.12816,5.9169993
0.12816499,5.9169993
0.12817,5.9169993
0.12817499,5.9169993
0.12818,5.9169993
0.128185,5.9169993
0.12819,5.9169993
0.128195,5.9169993
0.1282,5.9169993
0.128205,5.9169993
0.12821,5.9169993
0.128215,5.9169993
0.12821999,5.9169993
0.128225,5.9169993
0.12822999,5.9169993
0.128235,5.9169993
0.12824,5.9169993
0.128245,5.9169993
0.12825,5.9169993
0.128255,5.9169993
0.12826,5.9169993
0.128265,5.9169993
0.12827,5.9169993
0.12827499,5.9169993
0.12828,5.9169993
0.12828499,5.9169993
0.12829,5.9169993
0.12829499,5.9169993
0.1283,5.9169993
0.128305,5.9169993
0.12831,5.9169993
0.128315,5.9169993
0.12832,5.9169993
0.128325,5.9169993
0.12832999,5.9169993
0.128335,5.9169993
0.12833999,5.9169993
0.128345,5.9169993
0.12834999,5.9169993
0.128355,5.9169993
0.12836,5.9169993
0.128365,5.9169993
0.12837,5.9169993
0.128375,5.9169993
0.12838,5.9169993
0.12838499,5.9169993
0.12839,5.9169993
0.12839499,5.9169993
0.1284,5.9169993
0.12840499,5.9169993
0.12841,5.9169993
0.128415,5.9169993
0.12842,5.9169993
0.128425,5.9169993
0.12843,5.9169993
0.128435,5.9169993
0.12844,5.9169993
0.128445,5.9169993
0.12844999,5.9169993
0.128455,5.9169993
0.12845999,5.9169993
0.128465,5.9169993
0.12847,5.9169993
0.128475,5.9169993
0.12848,5.9169993
0.128485,5.9169993
0.12849,5.9169993
0.128495,5.9169993
0.1285,5.9169993
0.12850499,5.9169993
0.12851,5.9169993
0.12851499,5.9169993
0.12852,5.9169993
0.128525,5.9169993
0.12853,5.9169993
0.128535,5.9169993
0.12854,5.9169993
0.128545,5.9169993
0.12855,5.9169993
0.128555,5.9169993
0.12855999,5.9169993
0.128565,5.9169993
0.12856999,5.9169993
0.128575,5.9169993
0.12858,5.9169993
0.128585,5.9169993
0.12859,5.9169993
0.128595,5.9169993
0.1286,5.9169993
0.128605,5.9169993
0.12861,5.9169993
0.12861499,5.9169993
0.12862,5.9169993
0.12862499,5.9169993
0.12863,5.9169993
0.128635,5.9169993
0.12864,5.9169993
0.128645,5.9169993
0.12865,5.9169993
0.128655,5.9169993
0.12866,5.9169993
0.128665,5.9169993
0.12866999,5.9169993
0.128675,5.9169993
0.12867999,5.9169993
0.128685,5.9169993
0.12868999,5.9169993
0.128695,5.9169993
0.1287,5.9169993
0.128705,5.9169993
0.12871,5.9169993
0.128715,5.9169993
0.12872,5.9169993
0.12872499,5.9169993
0.12873,5.9169993
0.12873499,5.9169993
0.12874,5.9169993
0.12874499,5.9169993
0.12875,5.9169993
0.128755,5.9169993
0.12876,5.9169993
0.128765,5.9169993
0.12877,5.9169993
0.128775,5.9169993
0.12877999,5.9169993
0.128785,5.9169993
0.12878999,5.9169993
0.128795,5.9169993
0.12879999,5.9169993
0.128805,5.9169993
0.12881,5.9169993
0.128815,5.9169993
0.12882,5.9169993
0.128825,5.9169993
0.12883,5.9169993
0.128835,5.9169993
0.12884,5.9169993
0.12884499,5.9169993
0.12885,5.9169993
0.12885499,5.9169993
0.12886,5.9169993
0.128865,5.9169993
0.12887,5.9169993
0.128875,5.9169993
0.12888,5.9169993
0.128885,5.9169993
0.12889,5.9169993
0.128895,5.9169993
0.12889999,5.9169993
0.128905,5.9169993
0.12890999,5.9169993
0.128915,5.9169993
0.12892,5.9169993
0.128925,5.9169993
0.12893,5.9169993
0.128935,5.9169993
0.12894,5.9169993
0.128945,5.9169993
0.12895,5.9169993
0.12895499,5.9169993
0.12896,5.9169993
0.12896499,5.9169993
0.12897,5.9169993
0.128975,5.9169993
0.12898,5.9169993
0.128985,5.9169993
0.12899,5.9169993
0.128995,5.9169993
0.129,5.9169993
0.129005,5.9169993
0.12900999,5.9169993
0.129015,5.9169993
0.12901999,5.9169993
0.129025,5.9169993
0.12903,5.9169993
0.129035,5.9169993
0.12904,5.9169993
0.129045,5.9169993
0.12905,5.9169993
0.129055,5.9169993
0.12906,5.9169993
0.12906499,5.9169993
0.12907,5.9169993
0.12907499,5.9169993
0.12908,5.9169993
0.12908499,5.9169993
0.12909,5.9169993
0.129095,5.9169993
0.1291,5.9169993
0.129105,5.9169993
0.12911,5.9169993
0.129115,5.9169993
0.12911999,5.9169993
0.129125,5.9169993
0.12912999,5.9169993
0.129135,5.9169993
0.12913999,5.9169993
0.129145,5.9169993
0.12915,5.9169993
0.129155,5.9169993
0.12916,5.9169993
0.129165,5.9169993
0.12917,5.9169993
0.12917499,5.9169993
0.12918,5.9169993
0.12918499,5.9169993
0.12919,5.9169993
0.12919499,5.9169993
0.1292,5.9169993
0.129205,5.9169993
0.12921,5.9169993
0.129215,5.9169993
0.12922,5.9169993
0.129225,5.9169993
0.12923,5.9169993
0.129235,5.9169993
0.12923999,5.9169993
0.129245,5.9169993
0.12924999,5.9169993
0.129255,5.9169993
0.12926,5.9169993
0.129265,5.9169993
0.12927,5.9169993
0.129275,5.9169993
0.12928,5.9169993
0.129285,5.9169993
0.12929,5.9169993
0.12929499,5.9169993
0.1293,5.9169993
0.12930499,5.9169993
0.12931,5.9169993
0.129315,5.9169993
0.12932,5.9169993
0.129325,5.9169993
0.12933,5.9169993
0.129335,5.9169993
0.12934,5.9169993
0.129345,5.9169993
0.12934999,5.9169993
0.129355,5.9169993
0.12935999,5.9169993
0.129365,5.9169993
0.12937,5.9169993
0.129375,5.9169993
0.12938,5.9169993
0.129385,5.9169993
0.12939,5.9169993
0.129395,5.9169993
0.1294,5.9169993
0.12940499,5.9169993
0.12941,5.9169993
0.12941499,5.9169993
0.12942,5.9169993
0.129425,5.9169993
0.12943,5.9169993
0.129435,5.9169993
0.12944,5.9169993
0.129445,5.9169993
0.12945,5.9169993
0.129455,5.9169993
0.12945999,5.9169993
0.129465,5.9169993
0.12946999,5.9169993
0.129475,5.9169993
0.12947999,5.9169993
0.129485,5.9169993
0.12949,5.9169993
0.129495,5.9169993
0.1295,5.9169993
0.129505,5.9169993
0.12951,5.9169993
0.12951499,5.9169993
0.12952,5.9169993
0.12952499,5.9169993
0.12953,5.9169993
0.12953499,5.9169993
0.12954,5.9169993
0.129545,5.9169993
0.12955,5.9169993
0.129555,5.9169993
0.12956,5.9169993
0.129565,5.9169993
0.12956999,5.9169993
0.129575,5.9169993
0.12957999,5.9169993
0.129585,5.9169993
0.12958999,5.9169993
0.129595,5.9169993
0.1296,5.9169993
0.129605,5.9169993
0.12961,5.9169993
0.129615,5.9169993
0.12962,5.9169993
0.129625,5.9169993
0.12963,5.9169993
0.12963499,5.9169993
0.12964,5.9169993
0.12964499,5.9169993
0.12965,5.9169993
0.129655,5.9169993
0.12966,5.9169993
0.129665,5.9169993
0.12967,5.9169993
0.129675,5.9169993
0.12968,5.9169993
0.129685,5.9169993
0.12968999,5.9169993
0.129695,5.9169993
0.12969999,5.9169993
0.129705,5.9169993
0.12971,5.9169993
0.129715,5.9169993
0.12972,5.9169993
0.129725,5.9169993
0.12973,5.9169993
0.129735,5.9169993
0.12974,5.9169993
0.12974499,5.9169993
0.12975,5.9169993
0.12975499,5.9169993
0.12976,5.9169993
0.129765,5.9169993
0.12977,5.9169993
0.129775,5.9169993
0.12978,5.9169993
0.129785,5.9169993
0.12979,5.9169993
0.129795,5.9169993
0.12979999,5.9169993
0.129805,5.9169993
0.12980999,5.9169993
0.129815,5.9169993
0.12982,5.9169993
0.129825,5.9169993
0.12983,5.9169993
0.129835,5.9169993
0.12984,5.9169993
0.129845,5.9169993
0.12985,5.9169993
0.12985499,5.9169993
0.12986,5.9169993
0.12986499,5.9169993
0.12987,5.9169993
0.12987499,5.9169993
0.12988,5.9169993
0.129885,5.9169993
0.12989,5.9169993
0.129895,5.9169993
0.1299,5.9169993
0.129905,5.9169993
0.12990999,5.9169993
0.129915,5.9169993
0.12991999,5.9169993
0.129925,5.9169993
0.12992999,5.9169993
0.129935,5.9169993
0.12994,5.9169993
0.129945,5.9169993
0.12995,5.9169993
0.129955,5.9169993
0.12996,5.9169993
0.12996499,5.9169993
0.12997,5.9169993
0.12997499,5.9169993
0.12998,5.9169993
0.12998499,5.9169993
0.12999,5.9169993
0.129995,5.9169993
0.13,5.9169993
0.130005,5.9169993
0.13001,5.9169993
0.130015,5.9169993
0.13002,5.9169993
0.130025,5.9169993
0.13002999,5.9169993
0.130035,5.9169993
0.13003999,5.9169993
0.130045,5.9169993
0.13005,5.9169993
0.130055,5.9169993
0.13006,5.9169993
0.130065,5.9169993
0.13007,5.9169993
0.130075,5.9169993
0.13008,5.9169993
0.13008499,5.9169993
0.13009,5.9169993
0.13009499,5.9169993
0.1301,5.9169993
0.130105,5.9169993
0.13011,5.9169993
0.130115,5.9169993
0.13012,5.9169993
0.130125,5.9169993
0.13013,5.9169993
0.130135,5.9169993
0.13013999,5.9169993
0.130145,5.9169993
0.13014999,5.9169993
0.130155,5.9169993
0.13016,5.9169993
0.130165,5.9169993
0.13017,5.9169993
0.130175,5.9169993
0.13018,5.9169993
0.130185,5.9169993
0.13019,5.9169993
0.13019499,5.9169993
0.1302,5.9169993
0.13020499,5.9169993
0.13021,5.9169993
0.130215,5.9169993
0.13022,5.9169993
0.130225,5.9169993
0.13023,5.9169993
0.130235,5.9169993
0.13024,5.9169993
0.130245,5.9169993
0.13024999,5.9169993
0.130255,5.9169993
0.13025999,5.9169993
0.130265,5.9169993
0.13026999,5.9169993
0.130275,5.9169993
0.13028,5.9169993
0.130285,5.9169993
0.13029,5.9169993
0.130295,5.9169993
0.1303,5.9169993
0.13030499,5.9169993
0.13031,5.9169993
0.13031499,5.9169993
0.13032,5.9169993
0.13032499,5.9169993
0.13033,5.9169993
0.130335,5.9169993
0.13034,5.9169993
0.130345,5.9169993
0.13035,5.9169993
0.130355,5.9169993
0.13035999,5.9169993
0.130365,5.9169993
0.13036999,5.9169993
0.130375,5.9169993
0.13037999,5.9169993
0.130385,5.9169993
0.13039,5.9169993
0.130395,5.9169993
0.1304,5.9169993
0.130405,5.9169993
0.13041,5.9169993
0.130415,5.9169993
0.13042,5.9169993
0.13042499,5.9169993
0.13043,5.9169993
0.13043499,5.9169993
0.13044,5.9169993
0.130445,5.9169993
0.13045,5.9169993
0.130455,5.9169993
0.13046,5.9169993
0.130465,5.9169993
0.13047,5.9169993
0.130475,5.9169993
0.13047999,5.9169993
0.130485,5.9169993
0.13048999,5.9169993
0.130495,5.9169993
0.1305,5.9169993
0.130505,5.9169993
0.13051,5.9169993
0.130515,5.9169993
0.13052,5.9169993
0.130525,5.9169993
0.13053,5.9169993
0.13053499,5.9169993
0.13054,5.9169993
0.13054499,5.9169993
0.13055,5.9169993
0.130555,5.9169993
0.13056,5.9169993
0.130565,5.9169993
0.13057,5.9169993
0.130575,5.9169993
0.13058,5.9169993
0.130585,5.9169993
0.13058999,5.9169993
0.130595,5.9169993
0.13059999,5.9169993
0.130605,5.9169993
0.13061,5.9169993
0.130615,5.9169993
0.13062,5.9169993
0.130625,5.9169993
0.13063,5.9169993
0.130635,5.9169993
0.13064,5.9169993
0.13064499,5.9169993
0.13065,5.9169993
0.13065499,5.9169993
0.13066,5.9169993
0.13066499,5.9169993
0.13067,5.9169993
0.130675,5.9169993
0.13068,5.9169993
0.130685,5.9169993
0.13069,5.9169993
0.130695,5.9169993
0.13069999,5.9169993
0.130705,5.9169993
0.13070999,5.9169993
0.130715,5.9169993
0.13071999,5.9169993
0.130725,5.9169993
0.13073,5.9169993
0.130735,5.9169993
0.13074,5.9169993
0.130745,5.9169993
0.13075,5.9169993
0.13075499,5.9169993
0.13076,5.9169993
0.13076499,5.9169993
0.13077,5.9169993
0.13077499,5.9169993
0.13078,5.9169993
0.130785,5.9169993
0.13079,5.9169993
0.130795,5.9169993
0.1308,5.9169993
0.130805,5.9169993
0.13081,5.9169993
0.130815,5.9169993
0.13081999,5.9169993
0.130825,5.9169993
0.13082999,5.9169993
0.130835,5.9169993
0.13084,5.9169993
0.130845,5.9169993
0.13085,5.9169993
0.130855,5.9169993
0.13086,5.9169993
0.130865,5.9169993
0.13087,5.9169993
0.13087499,5.9169993
0.13088,5.9169993
0.13088499,5.9169993
0.13089,5.9169993
0.130895,5.9169993
0.1309,5.9169993
0.130905,5.9169993
0.13091,5.9169993
0.130915,5.9169993
0.13092,5.9169993
0.130925,5.9169993
0.13092999,5.9169993
0.130935,5.9169993
0.13093999,5.9169993
0.130945,5.9169993
0.13095,5.9169993
0.130955,5.9169993
0.13096,5.9169993
0.130965,5.9169993
0.13097,5.9169993
0.130975,5.9169993
0.13098,5.9169993
0.13098499,5.9169993
0.13099,5.9169993
0.13099499,5.9169993
0.131,5.9169993
0.131005,5.9169993
0.13101,5.9169993
0.131015,5.9169993
0.13102,5.9169993
0.131025,5.9169993
0.13103,5.9169993
0.131035,5.9169993
0.13103999,5.9169993
0.131045,5.9169993
0.13104999,5.9169993
0.131055,5.9169993
0.13105999,5.9169993
0.131065,5.9169993
0.13107,5.9169993
0.131075,5.9169993
0.13108,5.9169993
0.131085,5.9169993
0.13109,5.9169993
0.13109499,5.9169993
0.1311,5.9169993
0.13110499,5.9169993
0.13111,5.9169993
0.13111499,5.9169993
0.13112,5.9169993
0.131125,5.9169993
0.13113,5.9169993
0.131135,5.9169993
0.13114,5.9169993
0.131145,5.9169993
0.13114999,5.9169993
0.131155,5.9169993
0.13115999,5.9169993
0.131165,5.9169993
0.13116999,5.9169993
0.131175,5.9169993
0.13118,5.9169993
0.131185,5.9169993
0.13119,5.9169993
0.131195,5.9169993
0.1312,5.9169993
0.13120499,5.9169993
0.13121,5.9169993
0.13121499,5.9169993
0.13122,5.9169993
0.13122499,5.9169993
0.13123,5.9169993
0.131235,5.9169993
0.13124,5.9169993
0.131245,5.9169993
0.13125,5.9169993
0.131255,5.9169993
0.13126,5.9169993
0.131265,5.9169993
0.13126999,5.9169993
0.131275,5.9169993
0.13127999,5.9169993
0.131285,5.9169993
0.13129,5.9169993
0.131295,5.9169993
0.1313,5.9169993
0.131305,5.9169993
0.13131,5.9169993
0.131315,5.9169993
0.13132,5.9169993
0.13132499,5.9169993
0.13133,5.9169993
0.13133499,5.9169993
0.13134,5.9169993
0.131345,5.9169993
0.13135,5.9169993
0.131355,5.9169993
0.13136,5.9169993
0.131365,5.9169993
0.13137,5.9169993
0.131375,5.9169993
0.13137999,5.9169993
0.131385,5.9169993
0.13138999,5.9169993
0.131395,5.9169993
0.1314,5.9169993
0.131405,5.9169993
0.13141,5.9169993
0.131415,5.9169993
0.13142,5.9169993
0.131425,5.9169993
0.13143,5.9169993
0.13143499,5.9169993
0.13144,5.9169993
0.13144499,5.9169993
0.13145,5.9169993
0.13145499,5.9169993
0.13146,5.9169993
0.131465,5.9169993
0.13147,5.9169993
0.131475,5.9169993
0.13148,5.9169993
0.131485,5.9169993
0.13148999,5.9169993
0.131495,5.9169993
0.13149999,5.9169993
0.131505,5.9169993
0.13150999,5.9169993
0.131515,5.9169993
0.13152,5.9169993
0.131525,5.9169993
0.13153,5.9169993
0.131535,5.9169993
0.13154,5.9169993
0.13154499,5.9169993
0.13155,5.9169993
0.13155499,5.9169993
0.13156,5.9169993
0.13156499,5.9169993
0.13157,5.9169993
0.131575,5.9169993
0.13158,5.9169993
0.131585,5.9169993
0.13159,5.9169993
0.131595,5.9169993
0.13159999,5.9169993
0.131605,5.9169993
0.13160999,5.9169993
0.131615,5.9169993
0.13161999,5.9169993
0.131625,5.9169993
0.13163,5.9169993
0.131635,5.9169993
0.13164,5.9169993
0.131645,5.9169993
0.13165,5.9169993
0.131655,5.9169993
0.13166,5.9169993
0.13166499,5.9169993
0.13167,5.9169993
0.13167499,5.9169993
0.13168,5.9169993
0.131685,5.9169993
0.13169,5.9169993
0.131695,5.9169993
0.1317,5.9169993
0.131705,5.9169993
0.13171,5.9169993
0.131715,5.9169993
0.13171999,5.9169993
0.131725,5.9169993
0.13172999,5.9169993
0.131735,5.9169993
0.13174,5.9169993
0.131745,5.9169993
0.13175,5.9169993
0.131755,5.9169993
0.13176,5.9169993
0.131765,5.9169993
0.13177,5.9169993
0.13177499,5.9169993
0.13178,5.9169993
0.13178499,5.9169993
0.13179,5.9169993
0.131795,5.9169993
0.1318,5.9169993
0.131805,5.9169993
0.13181,5.9169993
0.131815,5.9169993
0.13182,5.9169993
0.131825,5.9169993
0.13182999,5.9169993
0.131835,5.9169993
0.13183999,5.9169993
0.131845,5.9169993
0.13184999,5.9169993
0.131855,5.9169993
0.13186,5.9169993
0.131865,5.9169993
0.13187,5.9169993
0.131875,5.9169993
0.13188,5.9169993
0.13188499,5.9169993
0.13189,5.9169993
0.13189499,5.9169993
0.1319,5.9169993
0.13190499,5.9169993
0.13191,5.9169993
0.131915,5.9169993
0.13192,5.9169993
0.131925,5.9169993
0.13193,5.9169993
0.131935,5.9169993
0.13193999,5.9169993
0.131945,5.9169993
0.13194999,5.9169993
0.131955,5.9169993
0.13195999,5.9169993
0.131965,5.9169993
0.13197,5.9169993
0.131975,5.9169993
0.13198,5.9169993
0.131985,5.9169993
0.13199,5.9169993
0.13199499,5.9169993
0.132,5.9169993
0.13200499,5.9169993
0.13201,5.9169993
0.13201499,5.9169993
0.13202,5.9169993
0.132025,5.9169993
0.13203,5.9169993
0.132035,5.9169993
0.13204,5.9169993
0.132045,5.9169993
0.13205,5.9169993
0.132055,5.9169993
0.13205999,5.9169993
0.132065,5.9169993
0.13206999,5.9169993
0.132075,5.9169993
0.13208,5.9169993
0.132085,5.9169993
0.13209,5.9169993
0.132095,5.9169993
0.1321,5.9169993
0.132105,5.9169993
0.13211,5.9169993
0.13211499,5.9169993
0.13212,5.9169993
0.13212499,5.9169993
0.13213,5.9169993
0.132135,5.9169993
0.13214,5.9169993
0.132145,5.9169993
0.13215,5.9169993
0.132155,5.9169993
0.13216,5.9169993
0.132165,5.9169993
0.13216999,5.9169993
0.132175,5.9169993
0.13217999,5.9169993
0.132185,5.9169993
0.13219,5.9169993
0.132195,5.9169993
0.1322,5.9169993
0.132205,5.9169993
0.13221,5.9169993
0.132215,5.9169993
0.13222,5.9169993
0.13222499,5.9169993
0.13223,5.9169993
0.13223499,5.9169993
0.13224,5.9169993
0.13224499,5.9169993
0.13225,5.9169993
0.132255,5.9169993
0.13226,5.9169993
0.132265,5.9169993
0.13227,5.9169993
0.132275,5.9169993
0.13227999,5.9169993
0.132285,5.9169993
0.13228999,5.9169993
0.132295,5.9169993
0.13229999,5.9169993
0.132305,5.9169993
0.13231,5.9169993
0.132315,5.9169993
0.13232,5.9169993
0.132325,5.9169993
0.13233,5.9169993
0.13233499,5.9169993
0.13234,5.9169993
0.13234499,5.9169993
0.13235,5.9169993
0.13235499,5.9169993
0.13236,5.9169993
0.132365,5.9169993
0.13237,5.9169993
0.132375,5.9169993
0.13238,5.9169993
0.132385,5.9169993
0.13238999,5.9169993
0.132395,5.9169993
0.13239999,5.9169993
0.132405,5.9169993
0.13240999,5.9169993
0.132415,5.9169993
0.13242,5.9169993
0.132425,5.9169993
0.13243,5.9169993
0.132435,5.9169993
0.13244,5.9169993
0.132445,5.9169993
0.13245,5.9169993
0.13245499,5.9169993
0.13246,5.9169993
0.13246499,5.9169993
0.13247,5.9169993
0.132475,5.9169993
0.13248,5.9169993
0.132485,5.9169993
0.13249,5.9169993
0.132495,5.9169993
0.1325,5.9169993
0.132505,5.9169993
0.13250999,5.9169993
0.132515,5.9169993
0.13251999,5.9169993
0.132525,5.9169993
0.13253,5.9169993
0.132535,5.9169993
0.13254,5.9169993
0.132545,5.9169993
0.13255,5.9169993
0.132555,5.9169993
0.13256,5.9169993
0.13256499,5.9169993
0.13257,5.9169993
0.13257499,5.9169993
0.13258,5.9169993
0.132585,5.9169993
0.13259,5.9169993
0.132595,5.9169993
0.1326,5.9169993
0.132605,5.9169993
0.13261,5.9169993
0.132615,5.9169993
0.13261999,5.9169993
0.132625,5.9169993
0.13262999,5.9169993
0.132635,5.9169993
0.13263999,5.9169993
0.132645,5.9169993
0.13265,5.9169993
0.132655,5.9169993
0.13266,5.9169993
0.132665,5.9169993
0.13267,5.9169993
0.13267499,5.9169993
0.13268,5.9169993
0.13268499,5.9169993
0.13269,5.9169993
0.13269499,5.9169993
0.1327,5.9169993
0.132705,5.9169993
0.13271,5.9169993
0.132715,5.9169993
0.13272,5.9169993
0.132725,5.9169993
0.13272999,5.9169993
0.132735,5.9169993
0.13273999,5.9169993
0.132745,5.9169993
0.13274999,5.9169993
0.132755,5.9169993
0.13276,5.9169993
0.132765,5.9169993
0.13277,5.9169993
0.132775,5.9169993
0.13278,5.9169993
0.13278499,5.9169993
0.13279,5.9169993
0.13279499,5.9169993
0.1328,5.9169993
0.13280499,5.9169993
0.13281,5.9169993
0.132815,5.9169993
0.13282,5.9169993
0.132825,5.9169993
0.13283,5.9169993
0.132835,5.9169993
0.13284,5.9169993
0.132845,5.9169993
0.13284999,5.9169993
0.132855,5.9169993
0.13285999,5.9169993
0.132865,5.9169993
0.13287,5.9169993
0.132875,5.9169993
0.13288,5.9169993
0.132885,5.9169993
0.13289,5.9169993
0.132895,5.9169993
0.1329,5.9169993
0.13290499,5.9169993
0.13291,5.9169993
0.13291499,5.9169993
0.13292,5.9169993
0.132925,5.9169993
0.13293,5.9169993
0.132935,5.9169993
0.13294,5.9169993
0.132945,5.9169993
0.13295,5.9169993
0.132955,5.9169993
0.13295999,5.9169993
0.132965,5.9169993
0.13296999,5.9169993
0.132975,5.9169993
0.13298,5.9169993
0.132985,5.9169993
0.13299,5.9169993
0.132995,5.9169993
0.133,5.9169993
0.133005,5.9169993
0.13301,5.9169993
0.13301499,5.9169993
0.13302,5.9169993
0.13302499,5.9169993
0.13303,5.9169993
0.13303499,5.9169993
0.13304,5.9169993
0.133045,5.9169993
0.13305,5.9169993
0.133055,5.9169993
0.13306,5.9169993
0.133065,5.9169993
0.13306999,5.9169993
0.133075,5.9169993
0.13307999,5.9169993
0.133085,5.9169993
0.13308999,5.9169993
0.133095,5.9169993
0.1331,5.9169993
0.133105,5.9169993
0.13311,5.9169993
0.133115,5.9169993
0.13312,5.9169993
0.13312499,5.9169993
0.13313,5.9169993
0.13313499,5.9169993
0.13314,5.9169993
0.13314499,5.9169993
0.13315,5.9169993
0.133155,5.9169993
0.13316,5.9169993
0.133165,5.9169993
0.13317,5.9169993
0.133175,5.9169993
0.13317999,5.9169993
0.133185,5.9169993
0.13318999,5.9169993
0.133195,5.9169993
0.13319999,5.9169993
0.133205,5.9169993
0.13321,5.9169993
0.133215,5.9169993
0.13322,5.9169993
0.133225,5.9169993
0.13323,5.9169993
0.133235,5.9169993
0.13324,5.9169993
0.13324499,5.9169993
0.13325,5.9169993
0.13325499,5.9169993
0.13326,5.9169993
0.133265,5.9169993
0.13327,5.9169993
0.133275,5.9169993
0.13328,5.9169993
0.133285,5.9169993
0.13329,5.9169993
0.133295,5.9169993
0.13329999,5.9169993
0.133305,5.9169993
0.13330999,5.9169993
0.133315,5.9169993
0.13332,5.9169993
0.133325,5.9169993
0.13333,5.9169993
0.133335,5.9169993
0.13334,5.9169993
0.133345,5.9169993
0.13335,5.9169993
0.13335499,5.9169993
0.13336,5.9169993
0.13336499,5.9169993
0.13337,5.9169993
0.133375,5.9169993
0.13338,5.9169993
0.133385,5.9169993
0.13339,5.9169993
0.133395,5.9169993
0.1334,5.9169993
0.133405,5.9169993
0.13340999,5.9169993
0.133415,5.9169993
0.13341999,5.9169993
0.133425,5.9169993
0.13342999,5.9169993
0.133435,5.9169993
0.13344,5.9169993
0.133445,5.9169993
0.13345,5.9169993
0.133455,5.9169993
0.13346,5.9169993
0.13346499,5.9169993
0.13347,5.9169993
0.13347499,5.9169993
0.13348,5.9169993
0.13348499,5.9169993
0.13349,5.9169993
0.133495,5.9169993
0.1335,5.9169993
0.133505,5.9169993
0.13351,5.9169993
0.133515,5.9169993
0.13351999,5.9169993
0.133525,5.9169993
0.13352999,5.9169993
0.133535,5.9169993
0.13353999,5.9169993
0.133545,5.9169993
0.13355,5.9169993
0.133555,5.9169993
0.13356,5.9169993
0.133565,5.9169993
0.13357,5.9169993
0.13357499,5.9169993
0.13358,5.9169993
0.13358499,5.9169993
0.13359,5.9169993
0.13359499,5.9169993
0.1336,5.9169993
0.133605,5.9169993
0.13361,5.9169993
0.133615,5.9169993
0.13362,5.9169993
0.133625,5.9169993
0.13363,5.9169993
0.133635,5.9169993
0.13363999,5.9169993
0.133645,5.9169993
0.13364999,5.9169993
0.133655,5.9169993
0.13366,5.9169993
0.133665,5.9169993
0.13367,5.9169993
0.133675,5.9169993
0.13368,5.9169993
0.133685,5.9169993
0.13369,5.9169993
0.13369499,5.9169993
0.1337,5.9169993
0.13370499,5.9169993
0.13371,5.9169993
0.133715,5.9169993
0.13372,5.9169993
0.133725,5.9169993
0.13373,5.9169993
0.133735,5.9169993
0.13374,5.9169993
0.133745,5.9169993
0.13374999,5.9169993
0.133755,5.9169993
0.13375999,5.9169993
0.133765,5.9169993
0.13377,5.9169993
0.133775,5.9169993
0.13378,5.9169993
0.133785,5.9169993
0.13379,5.9169993
0.133795,5.9169993
0.1338,5.9169993
0.13380499,5.9169993
0.13381,5.9169993
0.13381499,5.9169993
0.13382,5.9169993
0.13382499,5.9169993
0.13383,5.9169993
0.133835,5.9169993
0.13384,5.9169993
0.133845,5.9169993
0.13385,5.9169993
0.133855,5.9169993
0.13385999,5.9169993
0.133865,5.9169993
0.13386999,5.9169993
0.133875,5.9169993
0.13387999,5.9169993
0.133885,5.9169993
0.13389,5.9169993
0.133895,5.9169993
0.1339,5.9169993
0.133905,5.9169993
0.13391,5.9169993
0.13391499,5.9169993
0.13392,5.9169993
0.13392499,5.9169993
0.13393,5.9169993
0.13393499,5.9169993
0.13394,5.9169993
0.133945,5.9169993
0.13395,5.9169993
0.133955,5.9169993
0.13396,5.9169993
0.133965,5.9169993
0.13396999,5.9169993
0.133975,5.9169993
0.13397999,5.9169993
0.133985,5.9169993
0.13398999,5.9169993
0.133995,5.9169993
0.134,5.9169993
0.134005,5.9169993
0.13401,5.9169993
0.134015,5.9169993
0.13402,5.9169993
0.134025,5.9169993
0.13403,5.9169993
0.13403499,5.9169993
0.13404,5.9169993
0.13404499,5.9169993
0.13405,5.9169993
0.134055,5.9169993
0.13406,5.9169993
0.134065,5.9169993
0.13407,5.9169993
0.134075,5.9169993
0.13408,5.9169993
0.134085,5.9169993
0.13408999,5.9169993
0.134095,5.9169993
0.13409999,5.9169993
0.134105,5.9169993
0.13411,5.9169993
0.134115,5.9169993
0.13412,5.9169993
0.134125,5.9169993
0.13413,5.9169993
0.134135,5.9169993
0.13414,5.9169993
0.13414499,5.9169993
0.13415,5.9169993
0.13415499,5.9169993
0.13416,5.9169993
0.134165,5.9169993
0.13417,5.9169993
0.134175,5.9169993
0.13418,5.9169993
0.134185,5.9169993
0.13419,5.9169993
0.134195,5.9169993
0.13419999,5.9169993
0.134205,5.9169993
0.13420999,5.9169993
0.134215,5.9169993
0.13421999,5.9169993
0.134225,5.9169993
0.13423,5.9169993
0.134235,5.9169993
0.13424,5.9169993
0.134245,5.9169993
0.13425,5.9169993
0.13425499,5.9169993
0.13426,5.9169993
0.13426499,5.9169993
0.13427,5.9169993
0.13427499,5.9169993
0.13428,5.9169993
0.134285,5.9169993
0.13429,5.9169993
0.134295,5.9169993
0.1343,5.9169993
0.134305,5.9169993
0.13430999,5.9169993
0.134315,5.9169993
0.13431999,5.9169993
0.134325,5.9169993
0.13432999,5.9169993
0.134335,5.9169993
0.13434,5.9169993
0.134345,5.9169993
0.13435,5.9169993
0.134355,5.9169993
0.13436,5.9169993
0.13436499,5.9169993
0.13437,5.9169993
0.13437499,5.9169993
0.13438,5.9169993
0.13438499,5.9169993
0.13439,5.9169993
0.134395,5.9169993
0.1344,5.9169993
0.134405,5.9169993
0.13441,5.9169993
0.134415,5.9169993
0.13442,5.9169993
0.134425,5.9169993
0.13442999,5.9169993
0.134435,5.9169993
0.13443999,5.9169993
0.134445,5.9169993
0.13445,5.9169993
0.134455,5.9169993
0.13446,5.9169993
0.134465,5.9169993
0.13447,5.9169993
0.134475,5.9169993
0.13448,5.9169993
0.13448499,5.9169993
0.13449,5.9169993
0.13449499,5.9169993
0.1345,5.9169993
0.134505,5.9169993
0.13451,5.9169993
0.134515,5.9169993
0.13452,5.9169993
0.134525,5.9169993
0.13453,5.9169993
0.134535,5.9169993
0.13453999,5.9169993
0.134545,5.9169993
0.13454999,5.9169993
0.134555,5.9169993
0.13456,5.9169993
0.134565,5.9169993
0.13457,5.9169993
0.134575,5.9169993
0.13458,5.9169993
0.134585,5.9169993
0.13459,5.9169993
0.13459499,5.9169993
0.1346,5.9169993
0.13460499,5.9169993
0.13461,5.9169993
0.13461499,5.9169993
0.13462,5.9169993
0.134625,5.9169993
0.13463,5.9169993
0.134635,5.9169993
0.13464,5.9169993
0.134645,5.9169993
0.13464999,5.9169993
0.134655,5.9169993
0.13465999,5.9169993
0.134665,5.9169993
0.13466999,5.9169993
0.134675,5.9169993
0.13468,5.9169993
0.134685,5.9169993
0.13469,5.9169993
0.134695,5.9169993
0.1347,5.9169993
0.13470499,5.9169993
0.13471,5.9169993
0.13471499,5.9169993
0.13472,5.9169993
0.13472499,5.9169993
0.13473,5.9169993
0.134735,5.9169993
0.13474,5.9169993
0.134745,5.9169993
0.13475,5.9169993
0.134755,5.9169993
0.13475999,5.9169993
0.134765,5.9169993
0.13476999,5.9169993
0.134775,5.9169993
0.13477999,5.9169993
0.134785,5.9169993
0.13479,5.9169993
0.134795,5.9169993
0.1348,5.9169993
0.134805,5.9169993
0.13481,5.9169993
0.13481499,5.9169993
0.13482,5.9169993
0.13482499,5.9169993
0.13483,5.9169993
0.13483499,5.9169993
0.13484,5.9169993
0.134845,5.9169993
0.13485,5.9169993
0.134855,5.9169993
0.13486,5.9169993
0.134865,5.9169993
0.13487,5.9169993
0.134875,5.9169993
0.13487999,5.9169993
0.134885,5.9169993
0.13488999,5.9169993
0.134895,5.9169993
0.1349,5.9169993
0.134905,5.9169993
0.13491,5.9169993
0.134915,5.9169993
0.13492,5.9169993
0.134925,5.9169993
0.13493,5.9169993
0.13493499,5.9169993
0.13494,5.9169993
0.13494499,5.9169993
0.13495,5.9169993
0.134955,5.9169993
0.13496,5.9169993
0.134965,5.9169993
0.13497,5.9169993
0.134975,5.9169993
0.13498,5.9169993
0.134985,5.9169993
0.13498999,5.9169993
0.134995,5.9169993
0.13499999,5.9169993
0.135005,5.9169993
0.13500999,5.9169993
0.135015,5.9169993
0.13502,5.9169993
0.135025,5.9169993
0.13503,5.9169993
0.135035,5.9169993
0.13504,5.9169993
0.13504499,5.9169993
0.13505,5.9169993
0.13505499,5.9169993
0.13506,5.9169993
0.13506499,5.9169993
0.13507,5.9169993
0.135075,5.9169993
0.13508,5.9169993
0.135085,5.9169993
0.13509,5.9169993
0.135095,5.9169993
0.13509999,5.9169993
0.135105,5.9169993
0.13510999,5.9169993
0.135115,5.9169993
0.13511999,5.9169993
0.135125,5.9169993
0.13513,5.9169993
0.135135,5.9169993
0.13514,5.9169993
0.135145,5.9169993
0.13515,5.9169993
0.13515499,5.9169993
0.13516,5.9169993
0.13516499,5.9169993
0.13517,5.9169993
0.13517499,5.9169993
0.13518,5.9169993
0.135185,5.9169993
0.13519,5.9169993
0.135195,5.9169993
0.1352,5.9169993
0.135205,5.9169993
0.13520999,5.9169993
0.135215,5.9169993
0.13521999,5.9169993
0.135225,5.9169993
0.13522999,5.9169993
0.135235,5.9169993
0.13524,5.9169993
0.135245,5.9169993
0.13525,5.9169993
0.135255,5.9169993
0.13526,5.9169993
0.135265,5.9169993
0.13527,5.9169993
0.13527499,5.9169993
0.13528,5.9169993
0.13528499,5.9169993
0.13529,5.9169993
0.135295,5.9169993
0.1353,5.9169993
0.135305,5.9169993
0.13531,5.9169993
0.135315,5.9169993
0.13532,5.9169993
0.135325,5.9169993
0.13532999,5.9169993
0.135335,5.9169993
0.13533999,5.9169993
0.135345,5.9169993
0.13535,5.9169993
0.135355,5.9169993
0.13536,5.9169993
0.135365,5.9169993
0.13537,5.9169993
0.135375,5.9169993
0.13538,5.9169993
0.13538499,5.9169993
0.13539,5.9169993
0.13539499,5.9169993
0.1354,5.9169993
0.135405,5.9169993
0.13541,5.9169993
0.135415,5.9169993
0.13542,5.9169993
0.135425,5.9169993
0.13543,5.9169993
0.135435,5.9169993
0.13543999,5.9169993
0.135445,5.9169993
0.13544999,5.9169993
0.135455,5.9169993
0.13545999,5.9169993
0.135465,5.9169993
0.13547,5.9169993
0.135475,5.9169993
0.13548,5.9169993
0.135485,5.9169993
0.13549,5.9169993
0.13549499,5.9169993
0.1355,5.9169993
0.13550499,5.9169993
0.13551,5.9169993
0.13551499,5.9169993
0.13552,5.9169993
0.135525,5.9169993
0.13553,5.9169993
0.135535,5.9169993
0.13554,5.9169993
0.135545,5.9169993
0.13554999,5.9169993
0.135555,5.9169993
0.13555999,5.9169993
0.135565,5.9169993
0.13556999,5.9169993
0.135575,5.9169993
0.13558,5.9169993
0.135585,5.9169993
0.13559,5.9169993
0.135595,5.9169993
0.1356,5.9169993
0.13560499,5.9169993
0.13561,5.9169993
0.13561499,5.9169993
0.13562,5.9169993
0.13562499,5.9169993
0.13563,5.9169993
0.135635,5.9169993
0.13564,5.9169993
0.135645,5.9169993
0.13565,5.9169993
0.135655,5.9169993
0.13566,5.9169993
0.135665,5.9169993
0.13566999,5.9169993
0.135675,5.9169993
0.13567999,5.9169993
0.135685,5.9169993
0.13569,5.9169993
0.135695,5.9169993
0.1357,5.9169993
0.135705,5.9169993
0.13571,5.9169993
0.135715,5.9169993
0.13572,5.9169993
0.13572499,5.9169993
0.13573,5.9169993
0.13573499,5.9169993
0.13574,5.9169993
0.135745,5.9169993
0.13575,5.9169993
0.135755,5.9169993
0.13576,5.9169993
0.135765,5.9169993
0.13577,5.9169993
0.135775,5.9169993
0.13577999,5.9169993
0.135785,5.9169993
0.13578999,5.9169993
0.135795,5.9169993
0.1358,5.9169993
0.135805,5.9169993
0.13581,5.9169993
0.135815,5.9169993
0.13582,5.9169993
0.135825,5.9169993
0.13583,5.9169993
0.13583499,5.9169993
0.13584,5.9169993
0.13584499,5.9169993
0.13585,5.9169993
0.13585499,5.9169993
0.13586,5.9169993
0.135865,5.9169993
0.13587,5.9169993
0.135875,5.9169993
0.13588,5.9169993
0.135885,5.9169993
0.13588999,5.9169993
0.135895,5.9169993
0.13589999,5.9169993
0.135905,5.9169993
0.13590999,5.9169993
0.135915,5.9169993
0.13592,5.9169993
0.135925,5.9169993
0.13593,5.9169993
0.135935,5.9169993
0.13594,5.9169993
0.13594499,5.9169993
0.13595,5.9169993
0.13595499,5.9169993
0.13596,5.9169993
0.13596499,5.9169993
0.13597,5.9169993
0.135975,5.9169993
0.13598,5.9169993
0.135985,5.9169993
0.13599,5.9169993
0.135995,5.9169993
0.13599999,5.9169993
0.136005,5.9169993
0.13600999,5.9169993
0.136015,5.9169993
0.13601999,5.9169993
0.136025,5.9169993
0.13603,5.9169993
0.136035,5.9169993
0.13604,5.9169993
0.136045,5.9169993
0.13605,5.9169993
0.136055,5.9169993
0.13606,5.9169993
0.13606499,5.9169993
0.13607,5.9169993
0.13607499,5.9169993
0.13608,5.9169993
0.136085,5.9169993
0.13609,5.9169993
0.136095,5.9169993
0.1361,5.9169993
0.136105,5.9169993
0.13611,5.9169993
0.136115,5.9169993
0.13611999,5.9169993
0.136125,5.9169993
0.13612999,5.9169993
0.136135,5.9169993
0.13614,5.9169993
0.136145,5.9169993
0.13615,5.9169993
0.136155,5.9169993
0.13616,5.9169993
0.136165,5.9169993
0.13617,5.9169993
0.13617499,5.9169993
0.13618,5.9169993
0.13618499,5.9169993
0.13619,5.9169993
0.136195,5.9169993
0.1362,5.9169993
0.136205,5.9169993
0.13621,5.9169993
0.136215,5.9169993
0.13622,5.9169993
0.136225,5.9169993
0.13622999,5.9169993
0.136235,5.9169993
0.13623999,5.9169993
0.136245,5.9169993
0.13624999,5.9169993
0.136255,5.9169993
0.13626,5.9169993
0.136265,5.9169993
0.13627,5.9169993
0.136275,5.9169993
0.13628,5.9169993
0.13628499,5.9169993
0.13629,5.9169993
0.13629499,5.9169993
0.1363,5.9169993
0.13630499,5.9169993
0.13631,5.9169993
0.136315,5.9169993
0.13632,5.9169993
0.136325,5.9169993
0.13633,5.9169993
0.136335,5.9169993
0.13633999,5.9169993
0.136345,5.9169993
0.13634999,5.9169993
0.136355,5.9169993
0.13635999,5.9169993
0.136365,5.9169993
0.13637,5.9169993
0.136375,5.9169993
0.13638,5.9169993
0.136385,5.9169993
0.13639,5.9169993
0.13639499,5.9169993
0.1364,5.9169993
0.13640499,5.9169993
0.13641,5.9169993
0.13641499,5.9169993
0.13642,5.9169993
0.136425,5.9169993
0.13643,5.9169993
0.136435,5.9169993
0.13644,5.9169993
0.136445,5.9169993
0.13645,5.9169993
0.136455,5.9169993
0.13645999,5.9169993
0.136465,5.9169993
0.13646999,5.9169993
0.136475,5.9169993
0.13648,5.9169993
0.136485,5.9169993
0.13649,5.9169993
0.136495,5.9169993
0.1365,5.9169993
0.136505,5.9169993
0.13651,5.9169993
0.13651499,5.9169993
0.13652,5.9169993
0.13652499,5.9169993
0.13653,5.9169993
0.136535,5.9169993
0.13654,5.9169993
0.136545,5.9169993
0.13655,5.9169993
0.136555,5.9169993
0.13656,5.9169993
0.136565,5.9169993
0.13656999,5.9169993
0.136575,5.9169993
0.13657999,5.9169993
0.136585,5.9169993
0.13659,5.9169993
0.136595,5.9169993
0.1366,5.9169993
0.136605,5.9169993
0.13661,5.9169993
0.136615,5.9169993
0.13662,5.9169993
0.13662499,5.9169993
0.13663,5.9169993
0.13663499,5.9169993
0.13664,5.9169993
0.13664499,5.9169993
0.13665,5.9169993
0.136655,5.9169993
0.13666,5.9169993
0.136665,5.9169993
0.13667,5.9169993
0.136675,5.9169993
0.13667999,5.9169993
0.136685,5.9169993
0.13668999,5.9169993
0.136695,5.9169993
0.13669999,5.9169993
0.136705,5.9169993
0.13671,5.9169993
0.136715,5.9169993
0.13672,5.9169993
0.136725,5.9169993
0.13673,5.9169993
0.13673499,5.9169993
0.13674,5.9169993
0.13674499,5.9169993
0.13675,5.9169993
0.13675499,5.9169993
0.13676,5.9169993
0.136765,5.9169993
0.13677,5.9169993
0.136775,5.9169993
0.13678,5.9169993
0.136785,5.9169993
0.13678999,5.9169993
0.136795,5.9169993
0.13679999,5.9169993
0.136805,5.9169993
0.13680999,5.9169993
0.136815,5.9169993
0.13682,5.9169993
0.136825,5.9169993
0.13683,5.9169993
0.136835,5.9169993
0.13684,5.9169993
0.136845,5.9169993
0.13685,5.9169993
0.13685499,5.9169993
0.13686,5.9169993
0.13686499,5.9169993
0.13687,5.9169993
0.136875,5.9169993
0.13688,5.9169993
0.136885,5.9169993
0.13689,5.9169993
0.136895,5.9169993
0.1369,5.9169993
0.136905,5.9169993
0.13690999,5.9169993
0.136915,5.9169993
0.13691999,5.9169993
0.136925,5.9169993
0.13693,5.9169993
0.136935,5.9169993
0.13694,5.9169993
0.136945,5.9169993
0.13695,5.9169993
0.136955,5.9169993
0.13696,5.9169993
0.13696499,5.9169993
0.13697,5.9169993
0.13697499,5.9169993
0.13698,5.9169993
0.136985,5.9169993
0.13699,5.9169993
0.136995,5.9169993
0.137,5.9169993
0.137005,5.9169993
0.13701,5.9169993
0.137015,5.9169993
0.13701999,5.9169993
0.137025,5.9169993
0.13702999,5.9169993
0.137035,5.9169993
0.13703999,5.9169993
0.137045,5.9169993
0.13705,5.9169993
0.137055,5.9169993
0.13706,5.9169993
0.137065,5.9169993
0.13707,5.9169993
0.13707499,5.9169993
0.13708,5.9169993
0.13708499,5.9169993
0.13709,5.9169993
0.13709499,5.9169993
0.1371,5.9169993
0.137105,5.9169993
0.13711,5.9169993
0.137115,5.9169993
0.13712,5.9169993
0.137125,5.9169993
0.13712999,5.9169993
0.137135,5.9169993
0.13713999,5.9169993
0.137145,5.9169993
0.13714999,5.9169993
0.137155,5.9169993
0.13716,5.9169993
0.137165,5.9169993
0.13717,5.9169993
0.137175,5.9169993
0.13718,5.9169993
0.13718499,5.9169993
0.13719,5.9169993
0.13719499,5.9169993
0.1372,5.9169993
0.13720499,5.9169993
0.13721,5.9169993
0.137215,5.9169993
0.13722,5.9169993
0.137225,5.9169993
0.13723,5.9169993
0.137235,5.9169993
0.13724,5.9169993
0.137245,5.9169993
0.13724999,5.9169993
0.137255,5.9169993
0.13725999,5.9169993
0.137265,5.9169993
0.13727,5.9169993
0.137275,5.9169993
0.13728,5.9169993
0.137285,5.9169993
0.13729,5.9169993
0.137295,5.9169993
0.1373,5.9169993
0.13730499,5.9169993
0.13731,5.9169993
0.13731499,5.9169993
0.13732,5.9169993
0.137325,5.9169993
0.13733,5.9169993
0.137335,5.9169993
0.13734,5.9169993
0.137345,5.9169993
0.13735,5.9169993
0.137355,5.9169993
0.13735999,5.9169993
0.137365,5.9169993
0.13736999,5.9169993
0.137375,5.9169993
0.13738,5.9169993
0.137385,5.9169993
0.13739,5.9169993
0.137395,5.9169993
0.1374,5.9169993
0.137405,5.9169993
0.13741,5.9169993
0.13741499,5.9169993
0.13742,5.9169993
0.13742499,5.9169993
0.13743,5.9169993
0.13743499,5.9169993
0.13744,5.9169993
0.137445,5.9169993
0.13745,5.9169993
0.137455,5.9169993
0.13746,5.9169993
0.137465,5.9169993
0.13746999,5.9169993
0.137475,5.9169993
0.13747999,5.9169993
0.137485,5.9169993
0.13748999,5.9169993
0.137495,5.9169993
0.1375,5.9169993
0.137505,5.9169993
0.13751,5.9169993
0.137515,5.9169993
0.13752,5.9169993
0.13752499,5.9169993
0.13753,5.9169993
0.13753499,5.9169993
0.13754,5.9169993
0.13754499,5.9169993
0.13755,5.9169993
0.137555,5.9169993
0.13756,5.9169993
0.137565,5.9169993
0.13757,5.9169993
0.137575,5.9169993
0.13757999,5.9169993
0.137585,5.9169993
0.13758999,5.9169993
0.137595,5.9169993
0.13759999,5.9169993
0.137605,5.9169993
0.13761,5.9169993
0.137615,5.9169993
0.13762,5.9169993
0.137625,5.9169993
0.13763,5.9169993
0.137635,5.9169993
0.13764,5.9169993
0.13764499,5.9169993
0.13765,5.9169993
0.13765499,5.9169993
0.13766,5.9169993
0.137665,5.9169993
0.13767,5.9169993
0.137675,5.9169993
0.13768,5.9169993
0.137685,5.9169993
0.13769,5.9169993
0.137695,5.9169993
0.13769999,5.9169993
0.137705,5.9169993
0.13770999,5.9169993
0.137715,5.9169993
0.13772,5.9169993
0.137725,5.9169993
0.13773,5.9169993
0.137735,5.9169993
0.13774,5.9169993
0.137745,5.9169993
0.13775,5.9169993
0.13775499,5.9169993
0.13776,5.9169993
0.13776499,5.9169993
0.13777,5.9169993
0.137775,5.9169993
0.13778,5.9169993
0.137785,5.9169993
0.13779,5.9169993
0.137795,5.9169993
0.1378,5.9169993
0.137805,5.9169993
0.13780999,5.9169993
0.137815,5.9169993
0.13781999,5.9169993
0.137825,5.9169993
0.13782999,5.9169993
0.137835,5.9169993
0.13784,5.9169993
0.137845,5.9169993
0.13785,5.9169993
0.137855,5.9169993
0.13786,5.9169993
0.13786499,5.9169993
0.13787,5.9169993
0.13787499,5.9169993
0.13788,5.9169993
0.13788499,5.9169993
0.13789,5.9169993
0.137895,5.9169993
0.1379,5.9169993
0.137905,5.9169993
0.13791,5.9169993
0.137915,5.9169993
0.13791999,5.9169993
0.137925,5.9169993
0.13792999,5.9169993
0.137935,5.9169993
0.13793999,5.9169993
0.137945,5.9169993
0.13795,5.9169993
0.137955,5.9169993
0.13796,5.9169993
0.137965,5.9169993
0.13797,5.9169993
0.13797499,5.9169993
0.13798,5.9169993
0.13798499,5.9169993
0.13799,5.9169993
0.13799499,5.9169993
0.138,5.9169993
0.138005,5.9169993
0.13801,5.9169993
0.138015,5.9169993
0.13802,5.9169993
0.138025,5.9169993
0.13803,5.9169993
0.138035,5.9169993
0.13803999,5.9169993
0.138045,5.9169993
0.13804999,5.9169993
0.138055,5.9169993
0.13806,5.9169993
0.138065,5.9169993
0.13807,5.9169993
0.138075,5.9169993
0.13808,5.9169993
0.138085,5.9169993
0.13809,5.9169993
0.13809499,5.9169993
0.1381,5.9169993
0.13810499,5.9169993
0.13811,5.9169993
0.138115,5.9169993
0.13812,5.9169993
0.138125,5.9169993
0.13813,5.9169993
0.138135,5.9169993
0.13814,5.9169993
0.138145,5.9169993
0.13814999,5.9169993
0.138155,5.9169993
0.13815999,5.9169993
0.138165,5.9169993
0.13817,5.9169993
0.138175,5.9169993
0.13818,5.9169993
0.138185,5.9169993
0.13819,5.9169993
0.138195,5.9169993
0.1382,5.9169993
0.13820499,5.9169993
0.13821,5.9169993
0.13821499,5.9169993
0.13822,5.9169993
0.13822499,5.9169993
0.13823,5.9169993
0.138235,5.9169993
0.13824,5.9169993
0.138245,5.9169993
0.13825,5.9169993
0.138255,5.9169993
0.13825999,5.9169993
0.138265,5.9169993
0.13826999,5.9169993
0.138275,5.9169993
0.13827999,5.9169993
0.138285,5.9169993
0.13829,5.9169993
0.138295,5.9169993
0.1383,5.9169993
0.138305,5.9169993
0.13831,5.9169993
0.13831499,5.9169993
0.13832,5.9169993
0.13832499,5.9169993
0.13833,5.9169993
0.13833499,5.9169993
0.13834,5.9169993
0.138345,5.9169993
0.13835,5.9169993
0.138355,5.9169993
0.13836,5.9169993
0.138365,5.9169993
0.13836999,5.9169993
0.138375,5.9169993
0.13837999,5.9169993
0.138385,5.9169993
0.13838999,5.9169993
0.138395,5.9169993
0.1384,5.9169993
0.138405,5.9169993
0.13841,5.9169993
0.138415,5.9169993
0.13842,5.9169993
0.138425,5.9169993
0.13843,5.9169993
0.13843499,5.9169993
0.13844,5.9169993
0.13844499,5.9169993
0.13845,5.9169993
0.138455,5.9169993
0.13846,5.9169993
0.138465,5.9169993
0.13847,5.9169993
0.138475,5.9169993
0.13848,5.9169993
0.138485,5.9169993
0.13848999,5.9169993
0.138495,5.9169993
0.13849999,5.9169993
0.138505,5.9169993
0.13851,5.9169993
0.138515,5.9169993
0.13852,5.9169993
0.138525,5.9169993
0.13853,5.9169993
0.138535,5.9169993
0.13854,5.9169993
0.13854499,5.9169993
0.13855,5.9169993
0.13855499,5.9169993
0.13856,5.9169993
0.138565,5.9169993
0.13857,5.9169993
0.138575,5.9169993
0.13858,5.9169993
0.138585,5.9169993
0.13859,5.9169993
0.138595,5.9169993
0.13859999,5.9169993
0.138605,5.9169993
0.13860999,5.9169993
0.138615,5.9169993
0.13861999,5.9169993
0.138625,5.9169993
0.13863,5.9169993
0.138635,5.9169993
0.13864,5.9169993
0.138645,5.9169993
0.13865,5.9169993
0.13865499,5.9169993
0.13866,5.9169993
0.13866499,5.9169993
0.13867,5.9169993
0.13867499,5.9169993
0.13868,5.9169993
0.138685,5.9169993
0.13869,5.9169993
0.138695,5.9169993
0.1387,5.9169993
0.138705,5.9169993
0.13870999,5.9169993
0.138715,5.9169993
0.13871999,5.9169993
0.138725,5.9169993
0.13872999,5.9169993
0.138735,5.9169993
0.13874,5.9169993
0.138745,5.9169993
0.13875,5.9169993
0.138755,5.9169993
0.13876,5.9169993
0.13876499,5.9169993
0.13877,5.9169993
0.13877499,5.9169993
0.13878,5.9169993
0.13878499,5.9169993
0.13879,5.9169993
0.138795,5.9169993
0.1388,5.9169993
0.138805,5.9169993
0.13881,5.9169993
0.138815,5.9169993
0.13881999,5.9169993
0.138825,5.9169993
0.13882999,5.9169993
0.138835,5.9169993
0.13883999,5.9169993
0.138845,5.9169993
0.13885,5.9169993
0.138855,5.9169993
0.13886,5.9169993
0.138865,5.9169993
0.13887,5.9169993
0.138875,5.9169993
0.13888,5.9169993
0.13888499,5.9169993
0.13889,5.9169993
0.13889499,5.9169993
0.1389,5.9169993
0.138905,5.9169993
0.13891,5.9169993
0.138915,5.9169993
0.13892,5.9169993
0.138925,5.9169993
0.13893,5.9169993
0.138935,5.9169993
0.13893999,5.9169993
0.138945,5.9169993
0.13894999,5.9169993
0.138955,5.9169993
0.13896,5.9169993
0.138965,5.9169993
0.13897,5.9169993
0.138975,5.9169993
0.13898,5.9169993
0.138985,5.9169993
0.13899,5.9169993
0.13899499,5.9169993
0.139,5.9169993
0.13900499,5.9169993
0.13901,5.9169993
0.13901499,5.9169993
0.13902,5.9169993
0.139025,5.9169993
0.13903,5.9169993
0.139035,5.9169993
0.13904,5.9169993
0.139045,5.9169993
0.13904999,5.9169993
0.139055,5.9169993
0.13905999,5.9169993
0.139065,5.9169993
0.13906999,5.9169993
0.139075,5.9169993
0.13908,5.9169993
0.139085,5.9169993
0.13909,5.9169993
0.139095,5.9169993
0.1391,5.9169993
0.13910499,5.9169993
0.13911,5.9169993
0.13911499,5.9169993
0.13912,5.9169993
0.13912499,5.9169993
0.13913,5.9169993
0.139135,5.9169993
0.13914,5.9169993
0.139145,5.9169993
0.13915,5.9169993
0.139155,5.9169993
0.13915999,5.9169993
0.139165,5.9169993
0.13916999,5.9169993
0.139175,5.9169993
0.13917999,5.9169993
0.139185,5.9169993
0.13919,5.9169993
0.139195,5.9169993
0.1392,5.9169993
0.139205,5.9169993
0.13921,5.9169993
0.13921499,5.9169993
0.13922,5.9169993
0.13922499,5.9169993
0.13923,5.9169993
0.13923499,5.9169993
0.13924,5.9169993
0.139245,5.9169993
0.13925,5.9169993
0.139255,5.9169993
0.13926,5.9169993
0.139265,5.9169993
0.13927,5.9169993
0.139275,5.9169993
0.13927999,5.9169993
0.139285,5.9169993
0.13928999,5.9169993
0.139295,5.9169993
0.1393,5.9169993
0.139305,5.9169993
0.13931,5.9169993
0.139315,5.9169993
0.13932,5.9169993
0.139325,5.9169993
0.13933,5.9169993
0.13933499,5.9169993
0.13934,5.9169993
0.13934499,5.9169993
0.13935,5.9169993
0.139355,5.9169993
0.13936,5.9169993
0.139365,5.9169993
0.13937,5.9169993
0.139375,5.9169993
0.13938,5.9169993
0.139385,5.9169993
0.13938999,5.9169993
0.139395,5.9169993
0.13939999,5.9169993
0.139405,5.9169993
0.13940999,5.9169993
0.139415,5.9169993
0.13942,5.9169993
0.139425,5.9169993
0.13943,5.9169993
0.139435,5.9169993
0.13944,5.9169993
0.13944499,5.9169993
0.13945,5.9169993
0.13945499,5.9169993
0.13946,5.9169993
0.13946499,5.9169993
0.13947,5.9169993
0.139475,5.9169993
0.13948,5.9169993
0.139485,5.9169993
0.13949,5.9169993
0.139495,5.9169993
0.13949999,5.9169993
0.139505,5.9169993
0.13950999,5.9169993
0.139515,5.9169993
0.13951999,5.9169993
0.139525,5.9169993
0.13953,5.9169993
0.139535,5.9169993
0.13954,5.9169993
0.139545,5.9169993
0.13955,5.9169993
0.13955499,5.9169993
0.13956,5.9169993
0.13956499,5.9169993
0.13957,5.9169993
0.13957499,5.9169993
0.13958,5.9169993
0.139585,5.9169993
0.13959,5.9169993
0.139595,5.9169993
0.1396,5.9169993
0.139605,5.9169993
0.13960999,5.9169993
0.139615,5.9169993
0.13961999,5.9169993
0.139625,5.9169993
0.13962999,5.9169993
0.139635,5.9169993
0.13964,5.9169993
0.139645,5.9169993
0.13965,5.9169993
0.139655,5.9169993
0.13966,5.9169993
0.139665,5.9169993
0.13967,5.9169993
0.13967499,5.9169993
0.13968,5.9169993
0.13968499,5.9169993
0.13969,5.9169993
0.139695,5.9169993
0.1397,5.9169993
0.139705,5.9169993
0.13971,5.9169993
0.139715,5.9169993
0.13972,5.9169993
0.139725,5.9169993
0.13972999,5.9169993
0.139735,5.9169993
0.13973999,5.9169993
0.139745,5.9169993
0.13975,5.9169993
0.139755,5.9169993
0.13976,5.9169993
0.139765,5.9169993
0.13977,5.9169993
0.139775,5.9169993
0.13978,5.9169993
0.13978499,5.9169993
0.13979,5.9169993
0.13979499,5.9169993
0.1398,5.9169993
0.13980499,5.9169993
0.13981,5.9169993
0.139815,5.9169993
0.13982,5.9169993
0.139825,5.9169993
0.13983,5.9169993
0.139835,5.9169993
0.13983999,5.9169993
0.139845,5.9169993
0.13984999,5.9169993
0.139855,5.9169993
0.13985999,5.9169993
0.139865,5.9169993
0.13987,5.9169993
0.139875,5.9169993
0.13988,5.9169993
0.139885,5.9169993
0.13989,5.9169993
0.13989499,5.9169993
0.1399,5.9169993
0.13990499,5.9169993
0.13991,5.9169993
0.13991499,5.9169993
0.13992,5.9169993
0.139925,5.9169993
0.13993,5.9169993
0.139935,5.9169993
0.13994,5.9169993
0.139945,5.9169993
0.13994999,5.9169993
0.139955,5.9169993
0.13995999,5.9169993
0.139965,5.9169993
0.13996999,5.9169993
0.139975,5.9169993
0.13998,5.9169993
0.139985,5.9169993
0.13999,5.9169993
0.139995,5.9169993
0.14,5.9169993
0.14000499,5.9169993
0.14001,5.9169993
0.14001499,5.9169993
0.14002,5.9169993
0.14002499,5.9169993
0.14003,5.9169993
0.140035,5.9169993
0.14004,5.9169993
0.140045,5.9169993
0.14005,5.9169993
0.140055,5.9169993
0.14006,5.9169993
0.140065,5.9169993
0.14006999,5.9169993
0.140075,5.9169993
0.14007999,5.9169993
0.140085,5.9169993
0.14009,5.9169993
0.140095,5.9169993
0.1401,5.9169993
0.140105,5.9169993
0.14011,5.9169993
0.140115,5.9169993
0.14012,5.9169993
0.14012499,5.9169993
0.14013,5.9169993
0.14013499,5.9169993
0.14014,5.9169993
0.140145,5.9169993
0.14015,5.9169993
0.140155,5.9169993
0.14016,5.9169993
0.140165,5.9169993
0.14017,5.9169993
0.140175,5.9169993
0.14017999,5.9169993
0.140185,5.9169993
0.14018999,5.9169993
0.140195,5.9169993
0.14019999,5.9169993
0.140205,5.9169993
0.14021,5.9169993
0.140215,5.9169993
0.14022,5.9169993
0.140225,5.9169993
0.14023,5.9169993
0.14023499,5.9169993
0.14024,5.9169993
0.14024499,5.9169993
0.14025,5.9169993
0.14025499,5.9169993
0.14026,5.9169993
0.140265,5.9169993
0.14027,5.9169993
0.140275,5.9169993
0.14028,5.9169993
0.140285,5.9169993
0.14028999,5.9169993
0.140295,5.9169993
0.14029999,5.9169993
0.140305,5.9169993
0.14030999,5.9169993
0.140315,5.9169993
0.14032,5.9169993
0.140325,5.9169993
0.14033,5.9169993
0.140335,5.9169993
0.14034,5.9169993
0.14034499,5.9169993
0.14035,5.9169993
0.14035499,5.9169993
0.14036,5.9169993
0.14036499,5.9169993
0.14037,5.9169993
0.140375,5.9169993
0.14038,5.9169993
0.140385,5.9169993
0.14039,5.9169993
0.140395,5.9169993
0.14039999,5.9169993
0.140405,5.9169993
0.14040999,5.9169993
0.140415,5.9169993
0.14041999,5.9169993
0.140425,5.9169993
0.14043,5.9169993
0.140435,5.9169993
0.14044,5.9169993
0.140445,5.9169993
0.14045,5.9169993
0.140455,5.9169993
0.14046,5.9169993
0.14046499,5.9169993
0.14047,5.9169993
0.14047499,5.9169993
0.14048,5.9169993
0.140485,5.9169993
0.14049,5.9169993
0.140495,5.9169993
0.1405,5.9169993
0.140505,5.9169993
0.14051,5.9169993
0.140515,5.9169993
0.14051999,5.9169993
0.140525,5.9169993
0.14052999,5.9169993
0.140535,5.9169993
0.14054,5.9169993
0.140545,5.9169993
0.14055,5.9169993
0.140555,5.9169993
0.14056,5.9169993
0.140565,5.9169993
0.14057,5.9169993
0.14057499,5.9169993
0.14058,5.9169993
0.14058499,5.9169993
0.14059,5.9169993
0.14059499,5.9169993
0.1406,5.9169993
0.140605,5.9169993
0.14061,5.9169993
0.140615,5.9169993
0.14062,5.9169993
0.140625,5.9169993
0.14062999,5.9169993
0.140635,5.9169993
0.14063999,5.9169993
0.140645,5.9169993
0.14064999,5.9169993
0.140655,5.9169993
0.14066,5.9169993
0.140665,5.9169993
0.14067,5.9169993
0.140675,5.9169993
0.14068,5.9169993
0.14068499,5.9169993
0.14069,5.9169993
0.14069499,5.9169993
0.1407,5.9169993
0.14070499,5.9169993
0.14071,5.9169993
0.140715,5.9169993
0.14072,5.9169993
0.140725,5.9169993
0.14073,5.9169993
0.140735,5.9169993
0.14073999,5.9169993
0.140745,5.9169993
0.14074999,5.9169993
0.140755,5.9169993
0.14075999,5.9169993
0.140765,5.9169993
0.14077,5.9169993
0.140775,5.9169993
0.14078,5.9169993
0.140785,5.9169993
0.14079,5.9169993
0.14079499,5.9169993
0.1408,5.9169993
0.14080499,5.9169993
0.14081,5.9169993
0.14081499,5.9169993
0.14082,5.9169993
0.140825,5.9169993
0.14083,5.9169993
0.140835,5.9169993
0.14084,5.9169993
0.140845,5.9169993
0.14085,5.9169993
0.140855,5.9169993
0.14085999,5.9169993
0.140865,5.9169993
0.14086999,5.9169993
0.140875,5.9169993
0.14088,5.9169993
0.140885,5.9169993
0.14089,5.9169993
0.140895,5.9169993
0.1409,5.9169993
0.140905,5.9169993
0.14091,5.9169993
0.14091499,5.9169993
0.14092,5.9169993
0.14092499,5.9169993
0.14093,5.9169993
0.140935,5.9169993
0.14094,5.9169993
0.140945,5.9169993
0.14095,5.9169993
0.140955,5.9169993
0.14096,5.9169993
0.140965,5.9169993
0.14096999,5.9169993
0.140975,5.9169993
0.14097999,5.9169993
0.140985,5.9169993
0.14098999,5.9169993
0.140995,5.9169993
0.141,5.9169993
0.141005,5.9169993
0.14101,5.9169993
0.141015,5.9169993
0.14102,5.9169993
0.14102499,5.9169993
0.14103,5.9169993
0.14103499,5.9169993
0.14104,5.9169993
0.14104499,5.9169993
0.14105,5.9169993
0.141055,5.9169993
0.14106,5.9169993
0.141065,5.9169993
0.14107,5.9169993
0.141075,5.9169993
0.14107999,5.9169993
0.141085,5.9169993
0.14108999,5.9169993
0.141095,5.9169993
0.14109999,5.9169993
0.141105,5.9169993
0.14111,5.9169993
0.141115,5.9169993
0.14112,5.9169993
0.141125,5.9169993
0.14113,5.9169993
0.14113499,5.9169993
0.14114,5.9169993
0.14114499,5.9169993
0.14115,5.9169993
0.14115499,5.9169993
0.14116,5.9169993
0.141165,5.9169993
0.14117,5.9169993
0.141175,5.9169993
0.14118,5.9169993
0.141185,5.9169993
0.14118999,5.9169993
0.141195,5.9169993
0.14119999,5.9169993
0.141205,5.9169993
0.14120999,5.9169993
0.141215,5.9169993
0.14122,5.9169993
0.141225,5.9169993
0.14123,5.9169993
0.141235,5.9169993
0.14124,5.9169993
0.141245,5.9169993
0.14125,5.9169993
0.14125499,5.9169993
0.14126,5.9169993
0.14126499,5.9169993
0.14127,5.9169993
0.141275,5.9169993
0.14128,5.9169993
0.141285,5.9169993
0.14129,5.9169993
0.141295,5.9169993
0.1413,5.9169993
0.141305,5.9169993
0.14130999,5.9169993
0.141315,5.9169993
0.14131999,5.9169993
0.141325,5.9169993
0.14133,5.9169993
0.141335,5.9169993
0.14134,5.9169993
0.141345,5.9169993
0.14135,5.9169993
0.141355,5.9169993
0.14136,5.9169993
0.14136499,5.9169993
0.14137,5.9169993
0.14137499,5.9169993
0.14138,5.9169993
0.14138499,5.9169993
0.14139,5.9169993
0.141395,5.9169993
0.1414,5.9169993
0.141405,5.9169993
0.14141,5.9169993
0.141415,5.9169993
0.14141999,5.9169993
0.141425,5.9169993
0.14142999,5.9169993
0.141435,5.9169993
0.14143999,5.9169993
0.141445,5.9169993
0.14145,5.9169993
0.141455,5.9169993
0.14146,5.9169993
0.141465,5.9169993
0.14147,5.9169993
0.14147499,5.9169993
0.14148,5.9169993
0.14148499,5.9169993
0.14149,5.9169993
0.14149499,5.9169993
0.1415,5.9169993
0.141505,5.9169993
0.14151,5.9169993
0.141515,5.9169993
0.14152,5.9169993
0.141525,5.9169993
0.14152999,5.9169993
0.141535,5.9169993
0.14153999,5.9169993
0.141545,5.9169993
0.14154999,5.9169993
0.141555,5.9169993
0.14156,5.9169993
0.141565,5.9169993
0.14157,5.9169993
0.141575,5.9169993
0.14158,5.9169993
0.14158499,5.9169993
0.14159,5.9169993
0.14159499,5.9169993
0.1416,5.9169993
0.14160499,5.9169993
0.14161,5.9169993
0.141615,5.9169993
0.14162,5.9169993
0.141625,5.9169993
0.14163,5.9169993
0.141635,5.9169993
0.14164,5.9169993
0.141645,5.9169993
0.14164999,5.9169993
0.141655,5.9169993
0.14165999,5.9169993
0.141665,5.9169993
0.14167,5.9169993
0.141675,5.9169993
0.14168,5.9169993
0.141685,5.9169993
0.14169,5.9169993
0.141695,5.9169993
0.1417,5.9169993
0.14170499,5.9169993
0.14171,5.9169993
0.14171499,5.9169993
0.14172,5.9169993
0.141725,5.9169993
0.14173,5.9169993
0.141735,5.9169993
0.14174,5.9169993
0.141745,5.9169993
0.14175,5.9169993
0.141755,5.9169993
0.14175999,5.9169993
0.141765,5.9169993
0.14176999,5.9169993
0.141775,5.9169993
0.14177999,5.9169993
0.141785,5.9169993
0.14179,5.9169993
0.141795,5.9169993
0.1418,5.9169993
0.141805,5.9169993
0.14181,5.9169993
0.14181499,5.9169993
0.14182,5.9169993
0.14182499,5.9169993
0.14183,5.9169993
0.14183499,5.9169993
0.14184,5.9169993
0.141845,5.9169993
0.14185,5.9169993
0.141855,5.9169993
0.14186,5.9169993
0.141865,5.9169993
0.14186999,5.9169993
0.141875,5.9169993
0.14187999,5.9169993
0.141885,5.9169993
0.14188999,5.9169993
0.141895,5.9169993
0.1419,5.9169993
0.141905,5.9169993
0.14191,5.9169993
0.141915,5.9169993
0.14192,5.9169993
0.14192499,5.9169993
0.14193,5.9169993
0.14193499,5.9169993
0.14194,5.9169993
0.14194499,5.9169993
0.14195,5.9169993
0.141955,5.9169993
0.14196,5.9169993
0.141965,5.9169993
0.14197,5.9169993
0.141975,5.9169993
0.14197999,5.9169993
0.141985,5.9169993
0.14198999,5.9169993
0.141995,5.9169993
0.14199999,5.9169993
0.142005,5.9169993
0.14201,5.9169993
0.142015,5.9169993
0.14202,5.9169993
0.142025,5.9169993
0.14203,5.9169993
0.142035,5.9169993
0.14204,5.9169993
0.14204499,5.9169993
0.14205,5.9169993
0.14205499,5.9169993
0.14206,5.9169993
0.142065,5.9169993
0.14207,5.9169993
0.142075,5.9169993
0.14208,5.9169993
0.142085,5.9169993
0.14209,5.9169993
0.142095,5.9169993
0.14209999,5.9169993
0.142105,5.9169993
0.14210999,5.9169993
0.142115,5.9169993
0.14212,5.9169993
0.142125,5.9169993
0.14213,5.9169993
0.142135,5.9169993
0.14214,5.9169993
0.142145,5.9169993
0.14215,5.9169993
0.14215499,5.9169993
0.14216,5.9169993
0.14216499,5.9169993
0.14217,5.9169993
0.14217499,5.9169993
0.14218,5.9169993
0.142185,5.9169993
0.14219,5.9169993
0.142195,5.9169993
0.1422,5.9169993
0.142205,5.9169993
0.14220999,5.9169993
0.142215,5.9169993
0.14221999,5.9169993
0.142225,5.9169993
0.14222999,5.9169993
0.142235,5.9169993
0.14224,5.9169993
0.142245,5.9169993
0.14225,5.9169993
0.142255,5.9169993
0.14226,5.9169993
0.14226499,5.9169993
0.14227,5.9169993
0.14227499,5.9169993
0.14228,5.9169993
0.14228499,5.9169993
0.14229,5.9169993
0.142295,5.9169993
0.1423,5.9169993
0.142305,5.9169993
0.14231,5.9169993
0.142315,5.9169993
0.14231999,5.9169993
0.142325,5.9169993
0.14232999,5.9169993
0.142335,5.9169993
0.14233999,5.9169993
0.142345,5.9169993
0.14235,5.9169993
0.142355,5.9169993
0.14236,5.9169993
0.142365,5.9169993
0.14237,5.9169993
0.14237499,5.9169993
0.14238,5.9169993
0.14238499,5.9169993
0.14239,5.9169993
0.14239499,5.9169993
0.1424,5.9169993
0.142405,5.9169993
0.14241,5.9169993
0.142415,5.9169993
0.14242,5.9169993
0.142425,5.9169993
0.14243,5.9169993
0.142435,5.9169993
0.14243999,5.9169993
0.142445,5.9169993
0.14244999,5.9169993
0.142455,5.9169993
0.14246,5.9169993
0.142465,5.9169993
0.14247,5.9169993
0.142475,5.9169993
0.14248,5.9169993
0.142485,5.9169993
0.14249,5.9169993
0.14249499,5.9169993
0.1425,5.9169993
0.14250499,5.9169993
0.14251,5.9169993
0.142515,5.9169993
0.14252,5.9169993
0.142525,5.9169993
0.14253,5.9169993
0.142535,5.9169993
0.14254,5.9169993
0.142545,5.9169993
0.14254999,5.9169993
0.142555,5.9169993
0.14255999,5.9169993
0.142565,5.9169993
0.14256999,5.9169993
0.142575,5.9169993
0.14258,5.9169993
0.142585,5.9169993
0.14259,5.9169993
0.142595,5.9169993
0.1426,5.9169993
0.14260499,5.9169993
0.14261,5.9169993
0.14261499,5.9169993
0.14262,5.9169993
0.14262499,5.9169993
0.14263,5.9169993
0.142635,5.9169993
0.14264,5.9169993
0.142645,5.9169993
0.14265,5.9169993
0.142655,5.9169993
0.14265999,5.9169993
0.142665,5.9169993
0.14266999,5.9169993
0.142675,5.9169993
0.14267999,5.9169993
0.142685,5.9169993
0.14269,5.9169993
0.142695,5.9169993
0.1427,5.9169993
0.142705,5.9169993
0.14271,5.9169993
0.14271499,5.9169993
0.14272,5.9169993
0.14272499,5.9169993
0.14273,5.9169993
0.14273499,5.9169993
0.14274,5.9169993
0.142745,5.9169993
0.14275,5.9169993
0.142755,5.9169993
0.14276,5.9169993
0.142765,5.9169993
0.14276999,5.9169993
0.142775,5.9169993
0.14277999,5.9169993
0.142785,5.9169993
0.14278999,5.9169993
0.142795,5.9169993
0.1428,5.9169993
0.142805,5.9169993
0.14281,5.9169993
0.142815,5.9169993
0.14282,5.9169993
0.14282499,5.9169993
0.14283,5.9169993
0.14283499,5.9169993
0.14284,5.9169993
0.14284499,5.9169993
0.14285,5.9169993
0.142855,5.9169993
0.14286,5.9169993
0.142865,5.9169993
0.14287,5.9169993
0.142875,5.9169993
0.14288,5.9169993
0.142885,5.9169993
0.14288999,5.9169993
0.142895,5.9169993
0.14289999,5.9169993
0.142905,5.9169993
0.14291,5.9169993
0.142915,5.9169993
0.14292,5.9169993
0.142925,5.9169993
0.14293,5.9169993
0.142935,5.9169993
0.14294,5.9169993
0.14294499,5.9169993
0.14295,5.9169993
0.14295499,5.9169993
0.14296,5.9169993
0.14296499,5.9169993
0.14297,5.9169993
0.142975,5.9169993
0.14298,5.9169993
0.142985,5.9169993
0.14299,5.9169993
0.142995,5.9169993
0.14299999,5.9169993
0.143005,5.9169993
0.14300999,5.9169993
0.143015,5.9169993
0.14301999,5.9169993
0.143025,5.9169993
0.14303,5.9169993
0.143035,5.9169993
0.14304,5.9169993
0.143045,5.9169993
0.14305,5.9169993
0.14305499,5.9169993
0.14306,5.9169993
0.14306499,5.9169993
0.14307,5.9169993
0.14307499,5.9169993
0.14308,5.9169993
0.143085,5.9169993
0.14309,5.9169993
0.143095,5.9169993
0.1431,5.9169993
0.143105,5.9169993
0.14310999,5.9169993
0.143115,5.9169993
0.14311999,5.9169993
0.143125,5.9169993
0.14312999,5.9169993
0.143135,5.9169993
0.14314,5.9169993
0.143145,5.9169993
0.14315,5.9169993
0.143155,5.9169993
0.14316,5.9169993
0.14316499,5.9169993
0.14317,5.9169993
0.14317499,5.9169993
0.14318,5.9169993
0.14318499,5.9169993
0.14319,5.9169993
0.143195,5.9169993
0.1432,5.9169993
0.143205,5.9169993
0.14321,5.9169993
0.143215,5.9169993
0.14321999,5.9169993
0.143225,5.9169993
0.14322999,5.9169993
0.143235,5.9169993
0.14323999,5.9169993
0.143245,5.9169993
0.14325,5.9169993
0.143255,5.9169993
0.14326,5.9169993
0.143265,5.9169993
0.14327,5.9169993
0.143275,5.9169993
0.14328,5.9169993
0.14328499,5.9169993
0.14329,5.9169993
0.14329499,5.9169993
0.1433,5.9169993
0.143305,5.9169993
0.14331,5.9169993
0.143315,5.9169993
0.14332,5.9169993
0.143325,5.9169993
0.14333,5.9169993
0.143335,5.9169993
0.14333999,5.9169993
0.143345,5.9169993
0.14334999,5.9169993
0.143355,5.9169993
0.14335999,5.9169993
0.143365,5.9169993
0.14337,5.9169993
0.143375,5.9169993
0.14338,5.9169993
0.143385,5.9169993
0.14339,5.9169993
0.14339499,5.9169993
0.1434,5.9169993
0.14340499,5.9169993
0.14341,5.9169993
0.14341499,5.9169993
0.14342,5.9169993
0.143425,5.9169993
0.14343,5.9169993
0.143435,5.9169993
0.14344,5.9169993
0.143445,5.9169993
0.14344999,5.9169993
0.143455,5.9169993
0.14345999,5.9169993
0.143465,5.9169993
0.14346999,5.9169993
0.143475,5.9169993
0.14348,5.9169993
0.143485,5.9169993
0.14349,5.9169993
0.143495,5.9169993
0.1435,5.9169993
0.14350499,5.9169993
0.14351,5.9169993
0.14351499,5.9169993
0.14352,5.9169993
0.14352499,5.9169993
0.14353,5.9169993
0.143535,5.9169993
0.14354,5.9169993
0.143545,5.9169993
0.14355,5.9169993
0.143555,5.9169993
0.14355999,5.9169993
0.143565,5.9169993
0.14356999,5.9169993
0.143575,5.9169993
0.14357999,5.9169993
0.143585,5.9169993
0.14359,5.9169993
0.143595,5.9169993
0.1436,5.9169993
0.143605,5.9169993
0.14361,5.9169993
0.14361499,5.9169993
0.14362,5.9169993
0.14362499,5.9169993
0.14363,5.9169993
0.14363499,5.9169993
0.14364,5.9169993
0.143645,5.9169993
0.14365,5.9169993
0.143655,5.9169993
0.14366,5.9169993
0.143665,5.9169993
0.14367,5.9169993
0.143675,5.9169993
0.14367999,5.9169993
0.143685,5.9169993
0.14368999,5.9169993
0.143695,5.9169993
0.1437,5.9169993
0.143705,5.9169993
0.14371,5.9169993
0.143715,5.9169993
0.14372,5.9169993
0.143725,5.9169993
0.14373,5.9169993
0.14373499,5.9169993
0.14374,5.9169993
0.14374499,5.9169993
0.14375,5.9169993
0.143755,5.9169993
0.14376,5.9169993
0.143765,5.9169993
0.14377,5.9169993
0.143775,5.9169993
0.14378,5.9169993
0.143785,5.9169993
0.14378999,5.9169993
0.143795,5.9169993
0.14379999,5.9169993
0.143805,5.9169993
0.14380999,5.9169993
0.143815,5.9169993
0.14382,5.9169993
0.143825,5.9169993
0.14383,5.9169993
0.143835,5.9169993
0.14384,5.9169993
0.14384499,5.9169993
0.14385,5.9169993
0.14385499,5.9169993
0.14386,5.9169993
0.14386499,5.9169993
0.14387,5.9169993
0.143875,5.9169993
0.14388,5.9169993
0.143885,5.9169993
0.14389,5.9169993
0.143895,5.9169993
0.14389999,5.9169993
0.143905,5.9169993
0.14390999,5.9169993
0.143915,5.9169993
0.14391999,5.9169993
0.143925,5.9169993
0.14393,5.9169993
0.143935,5.9169993
0.14394,5.9169993
0.143945,5.9169993
0.14395,5.9169993
0.14395499,5.9169993
0.14396,5.9169993
0.14396499,5.9169993
0.14397,5.9169993
0.14397499,5.9169993
0.14398,5.9169993
0.143985,5.9169993
0.14399,5.9169993
0.143995,5.9169993
0.144,5.9169993
0.144005,5.9169993
0.14400999,5.9169993
0.144015,5.9169993
0.14401999,5.9169993
0.144025,5.9169993
0.14402999,5.9169993
0.144035,5.9169993
0.14404,5.9169993
0.144045,5.9169993
0.14405,5.9169993
0.144055,5.9169993
0.14406,5.9169993
0.144065,5.9169993
0.14407,5.9169993
0.14407499,5.9169993
0.14408,5.9169993
0.14408499,5.9169993
0.14409,5.9169993
0.144095,5.9169993
0.1441,5.9169993
0.144105,5.9169993
0.14411,5.9169993
0.144115,5.9169993
0.14412,5.9169993
0.144125,5.9169993
0.14412999,5.9169993
0.144135,5.9169993
0.14413999,5.9169993
0.144145,5.9169993
0.14415,5.9169993
0.144155,5.9169993
0.14416,5.9169993
0.144165,5.9169993
0.14417,5.9169993
0.144175,5.9169993
0.14418,5.9169993
0.14418499,5.9169993
0.14419,5.9169993
0.14419499,5.9169993
0.1442,5.9169993
0.14420499,5.9169993
0.14421,5.9169993
0.144215,5.9169993
0.14422,5.9169993
0.144225,5.9169993
0.14423,5.9169993
0.144235,5.9169993
0.14423999,5.9169993
0.144245,5.9169993
0.14424999,5.9169993
0.144255,5.9169993
0.14425999,5.9169993
0.144265,5.9169993
0.14427,5.9169993
0.144275,5.9169993
0.14428,5.9169993
0.144285,5.9169993
0.14429,5.9169993
0.14429499,5.9169993
0.1443,5.9169993
0.14430499,5.9169993
0.14431,5.9169993
0.14431499,5.9169993
0.14432,5.9169993
0.144325,5.9169993
0.14433,5.9169993
0.144335,5.9169993
0.14434,5.9169993
0.144345,5.9169993
0.14434999,5.9169993
0.144355,5.9169993
0.14435999,5.9169993
0.144365,5.9169993
0.14436999,5.9169993
0.144375,5.9169993
0.14438,5.9169993
0.144385,5.9169993
0.14439,5.9169993
0.144395,5.9169993
0.1444,5.9169993
0.14440499,5.9169993
0.14441,5.9169993
0.14441499,5.9169993
0.14442,5.9169993
0.14442499,5.9169993
0.14443,5.9169993
0.144435,5.9169993
0.14444,5.9169993
0.144445,5.9169993
0.14445,5.9169993
0.144455,5.9169993
0.14446,5.9169993
0.144465,5.9169993
0.14446999,5.9169993
0.144475,5.9169993
0.14447999,5.9169993
0.144485,5.9169993
0.14449,5.9169993
0.144495,5.9169993
0.1445,5.9169993
0.144505,5.9169993
0.14451,5.9169993
0.144515,5.9169993
0.14452,5.9169993
0.14452499,5.9169993
0.14453,5.9169993
0.14453499,5.9169993
0.14454,5.9169993
0.144545,5.9169993
0.14455,5.9169993
0.144555,5.9169993
0.14456,5.9169993
0.144565,5.9169993
0.14457,5.9169993
0.144575,5.9169993
0.14457999,5.9169993
0.144585,5.9169993
0.14458999,5.9169993
0.144595,5.9169993
0.14459999,5.9169993
0.144605,5.9169993
0.14461,5.9169993
0.144615,5.9169993
0.14462,5.9169993
0.144625,5.9169993
0.14463,5.9169993
0.14463499,5.9169993
0.14464,5.9169993
0.14464499,5.9169993
0.14465,5.9169993
0.14465499,5.9169993
0.14466,5.9169993
0.144665,5.9169993
0.14467,5.9169993
0.144675,5.9169993
0.14468,5.9169993
0.144685,5.9169993
0.14468999,5.9169993
0.144695,5.9169993
0.14469999,5.9169993
0.144705,5.9169993
0.14470999,5.9169993
0.144715,5.9169993
0.14472,5.9169993
0.144725,5.9169993
0.14473,5.9169993
0.144735,5.9169993
0.14474,5.9169993
0.14474499,5.9169993
0.14475,5.9169993
0.14475499,5.9169993
0.14476,5.9169993
0.14476499,5.9169993
0.14477,5.9169993
0.144775,5.9169993
0.14478,5.9169993
0.144785,5.9169993
0.14479,5.9169993
0.144795,5.9169993
0.14479999,5.9169993
0.144805,5.9169993
0.14480999,5.9169993
0.144815,5.9169993
0.14481999,5.9169993
0.144825,5.9169993
0.14483,5.9169993
0.144835,5.9169993
0.14484,5.9169993
0.144845,5.9169993
0.14485,5.9169993
0.144855,5.9169993
0.14486,5.9169993
0.14486499,5.9169993
0.14487,5.9169993
0.14487499,5.9169993
0.14488,5.9169993
0.144885,5.9169993
0.14489,5.9169993
0.144895,5.9169993
0.1449,5.9169993
0.144905,5.9169993
0.14491,5.9169993
0.144915,5.9169993
0.14491999,5.9169993
0.144925,5.9169993
0.14492999,5.9169993
0.144935,5.9169993
0.14494,5.9169993
0.144945,5.9169993
0.14495,5.9169993
0.144955,5.9169993
0.14496,5.9169993
0.144965,5.9169993
0.14497,5.9169993
0.14497499,5.9169993
0.14498,5.9169993
0.14498499,5.9169993
0.14499,5.9169993
0.14499499,5.9169993
0.145,5.9169993
0.145005,5.9169993
0.14501,5.9169993
0.145015,5.9169993
0.14502,5.9169993
0.145025,5.9169993
0.14502999,5.9169993
0.145035,5.9169993
0.14503999,5.9169993
0.145045,5.9169993
0.14504999,5.9169993
0.145055,5.9169993
0.14506,5.9169993
0.145065,5.9169993
0.14507,5.9169993
0.145075,5.9169993
0.14508,5.9169993
0.14508499,5.9169993
0.14509,5.9169993
0.14509499,5.9169993
0.1451,5.9169993
0.14510499,5.9169993
0.14511,5.9169993
0.145115,5.9169993
0.14512,5.9169993
0.145125,5.9169993
0.14513,5.9169993
0.145135,5.9169993
0.14513999,5.9169993
0.145145,5.9169993
0.14514999,5.9169993
0.145155,5.9169993
0.14515999,5.9169993
0.145165,5.9169993
0.14517,5.9169993
0.145175,5.9169993
0.14518,5.9169993
0.145185,5.9169993
0.14519,5.9169993
0.14519499,5.9169993
0.1452,5.9169993
0.14520499,5.9169993
0.14521,5.9169993
0.14521499,5.9169993
0.14522,5.9169993
0.145225,5.9169993
0.14523,5.9169993
0.145235,5.9169993
0.14524,5.9169993
0.145245,5.9169993
0.14525,5.9169993
0.145255,5.9169993
0.14525999,5.9169993
0.145265,5.9169993
0.14526999,5.9169993
0.145275,5.9169993
0.14528,5.9169993
0.145285,5.9169993
0.14529,5.9169993
0.145295,5.9169993
0.1453,5.9169993
0.145305,5.9169993
0.14531,5.9169993
0.14531499,5.9169993
0.14532,5.9169993
0.14532499,5.9169993
0.14533,5.9169993
0.145335,5.9169993
0.14534,5.9169993
0.145345,5.9169993
0.14535,5.9169993
0.145355,5.9169993
0.14536,5.9169993
0.145365,5.9169993
0.14536999,5.9169993
0.145375,5.9169993
0.14537999,5.9169993
0.145385,5.9169993
0.14538999,5.9169993
0.145395,5.9169993
0.1454,5.9169993
0.145405,5.9169993
0.14541,5.9169993
0.145415,5.9169993
0.14542,5.9169993
0.14542499,5.9169993
0.14543,5.9169993
0.14543499,5.9169993
0.14544,5.9169993
0.14544499,5.9169993
0.14545,5.9169993
0.145455,5.9169993
0.14546,5.9169993
0.145465,5.9169993
0.14547,5.9169993
0.145475,5.9169993
0.14547999,5.9169993
0.145485,5.9169993
0.14548999,5.9169993
0.145495,5.9169993
0.14549999,5.9169993
0.145505,5.9169993
0.14551,5.9169993
0.145515,5.9169993
0.14552,5.9169993
0.145525,5.9169993
0.14553,5.9169993
0.14553499,5.9169993
0.14554,5.9169993
0.14554499,5.9169993
0.14555,5.9169993
0.14555499,5.9169993
0.14556,5.9169993
0.145565,5.9169993
0.14557,5.9169993
0.145575,5.9169993
0.14558,5.9169993
0.145585,5.9169993
0.14558999,5.9169993
0.145595,5.9169993
0.14559999,5.9169993
0.145605,5.9169993
0.14560999,5.9169993
0.145615,5.9169993
0.14562,5.9169993
0.145625,5.9169993
0.14563,5.9169993
0.145635,5.9169993
0.14564,5.9169993
0.145645,5.9169993
0.14565,5.9169993
0.14565499,5.9169993
0.14566,5.9169993
0.14566499,5.9169993
0.14567,5.9169993
0.145675,5.9169993
0.14568,5.9169993
0.145685,5.9169993
0.14569,5.9169993
0.145695,5.9169993
0.1457,5.9169993
0.145705,5.9169993
0.14570999,5.9169993
0.145715,5.9169993
0.14571999,5.9169993
0.145725,5.9169993
0.14573,5.9169993
0.145735,5.9169993
0.14574,5.9169993
0.145745,5.9169993
0.14575,5.9169993
0.145755,5.9169993
0.14576,5.9169993
0.14576499,5.9169993
0.14577,5.9169993
0.14577499,5.9169993
0.14578,5.9169993
0.14578499,5.9169993
0.14579,5.9169993
0.145795,5.9169993
0.1458,5.9169993
0.145805,5.9169993
0.14581,5.9169993
0.145815,5.9169993
0.14581999,5.9169993
0.145825,5.9169993
0.14582999,5.9169993
0.145835,5.9169993
0.14583999,5.9169993
0.145845,5.9169993
0.14585,5.9169993
0.145855,5.9169993
0.14586,5.9169993
0.145865,5.9169993
0.14587,5.9169993
0.14587499,5.9169993
0.14588,5.9169993
0.14588499,5.9169993
0.14589,5.9169993
0.14589499,5.9169993
0.1459,5.9169993
0.145905,5.9169993
0.14591,5.9169993
0.145915,5.9169993
0.14592,5.9169993
0.145925,5.9169993
0.14592999,5.9169993
0.145935,5.9169993
0.14593999,5.9169993
0.145945,5.9169993
0.14594999,5.9169993
0.145955,5.9169993
0.14596,5.9169993
0.145965,5.9169993
0.14597,5.9169993
0.145975,5.9169993
0.14598,5.9169993
0.14598499,5.9169993
0.14599,5.9169993
0.14599499,5.9169993
0.146,5.9169993
0.14600499,5.9169993
0.14601,5.9169993
0.146015,5.9169993
0.14602,5.9169993
0.146025,5.9169993
0.14603,5.9169993
0.146035,5.9169993
0.14604,5.9169993
0.146045,5.9169993
0.14604999,5.9169993
0.146055,5.9169993
0.14605999,5.9169993
0.146065,5.9169993
0.14607,5.9169993
0.146075,5.9169993
0.14608,5.9169993
0.146085,5.9169993
0.14609,5.9169993
0.146095,5.9169993
0.1461,5.9169993
0.14610499,5.9169993
0.14611,5.9169993
0.14611499,5.9169993
0.14612,5.9169993
0.146125,5.9169993
0.14613,5.9169993
0.146135,5.9169993
0.14614,5.9169993
0.146145,5.9169993
0.14615,5.9169993
0.146155,5.9169993
0.14615999,5.9169993
0.146165,5.9169993
0.14616999,5.9169993
0.146175,5.9169993
0.14617999,5.9169993
0.146185,5.9169993
0.14619,5.9169993
0.146195,5.9169993
0.1462,5.9169993
0.146205,5.9169993
0.14621,5.9169993
0.14621499,5.9169993
0.14622,5.9169993
0.14622499,5.9169993
0.14623,5.9169993
0.14623499,5.9169993
0.14624,5.9169993
0.146245,5.9169993
0.14625,5.9169993
0.146255,5.9169993
0.14626,5.9169993
0.146265,5.9169993
0.14626999,5.9169993
0.146275,5.9169993
0.14627999,5.9169993
0.146285,5.9169993
0.14628999,5.9169993
0.146295,5.9169993
0.1463,5.9169993
0.146305,5.9169993
0.14631,5.9169993
0.146315,5.9169993
0.14632,5.9169993
0.14632499,5.9169993
0.14633,5.9169993
0.14633499,5.9169993
0.14634,5.9169993
0.14634499,5.9169993
0.14635,5.9169993
0.146355,5.9169993
0.14636,5.9169993
0.146365,5.9169993
0.14637,5.9169993
0.146375,5.9169993
0.14637999,5.9169993
0.146385,5.9169993
0.14638999,5.9169993
0.146395,5.9169993
0.14639999,5.9169993
0.146405,5.9169993
0.14641,5.9169993
0.146415,5.9169993
0.14642,5.9169993
0.146425,5.9169993
0.14643,5.9169993
0.146435,5.9169993
0.14644,5.9169993
0.14644499,5.9169993
0.14645,5.9169993
0.14645499,5.9169993
0.14646,5.9169993
0.146465,5.9169993
0.14647,5.9169993
0.146475,5.9169993
0.14648,5.9169993
0.146485,5.9169993
0.14649,5.9169993
0.146495,5.9169993
0.14649999,5.9169993
0.146505,5.9169993
0.14650999,5.9169993
0.146515,5.9169993
0.14652,5.9169993
0.146525,5.9169993
0.14653,5.9169993
0.146535,5.9169993
0.14654,5.9169993
0.146545,5.9169993
0.14655,5.9169993
0.14655499,5.9169993
0.14656,5.9169993
0.14656499,5.9169993
0.14657,5.9169993
0.14657499,5.9169993
0.14658,5.9169993
0.146585,5.9169993
0.14659,5.9169993
0.146595,5.9169993
0.1466,5.9169993
0.146605,5.9169993
0.14660999,5.9169993
0.146615,5.9169993
0.14661999,5.9169993
0.146625,5.9169993
0.14662999,5.9169993
0.146635,5.9169993
0.14664,5.9169993
0.146645,5.9169993
0.14665,5.9169993
0.146655,5.9169993
0.14666,5.9169993
0.14666499,5.9169993
0.14667,5.9169993
0.14667499,5.9169993
0.14668,5.9169993
0.14668499,5.9169993
0.14669,5.9169993
0.146695,5.9169993
0.1467,5.9169993
0.146705,5.9169993
0.14671,5.9169993
0.146715,5.9169993
0.14671999,5.9169993
0.146725,5.9169993
0.14672999,5.9169993
0.146735,5.9169993
0.14673999,5.9169993
0.146745,5.9169993
0.14675,5.9169993
0.146755,5.9169993
0.14676,5.9169993
0.146765,5.9169993
0.14677,5.9169993
0.14677499,5.9169993
0.14678,5.9169993
0.14678499,5.9169993
0.14679,5.9169993
0.14679499,5.9169993
0.1468,5.9169993
0.146805,5.9169993
0.14681,5.9169993
0.146815,5.9169993
0.14682,5.9169993
0.146825,5.9169993
0.14682999,5.9169993
0.146835,5.9169993
0.14683999,5.9169993
0.146845,5.9169993
0.14684999,5.9169993
0.146855,5.9169993
0.14686,5.9169993
0.146865,5.9169993
0.14687,5.9169993
0.146875,5.9169993
0.14688,5.9169993
0.146885,5.9169993
0.14689,5.9169993
0.14689499,5.9169993
0.1469,5.9169993
0.14690499,5.9169993
0.14691,5.9169993
0.146915,5.9169993
0.14692,5.9169993
0.146925,5.9169993
0.14693,5.9169993
0.146935,5.9169993
0.14694,5.9169993
0.146945,5.9169993
0.14694999,5.9169993
0.146955,5.9169993
0.14695999,5.9169993
0.146965,5.9169993
0.14696999,5.9169993
0.146975,5.9169993
0.14698,5.9169993
0.146985,5.9169993
0.14699,5.9169993
0.146995,5.9169993
0.147,5.9169993
0.14700499,5.9169993
0.14701,5.9169993
0.14701499,5.9169993
0.14702,5.9169993
0.14702499,5.9169993
0.14703,5.9169993
0.147035,5.9169993
0.14704,5.9169993
0.147045,5.9169993
0.14705,5.9169993
0.147055,5.9169993
0.14705999,5.9169993
0.147065,5.9169993
0.14706999,5.9169993
0.147075,5.9169993
0.14707999,5.9169993
0.147085,5.9169993
0.14709,5.9169993
0.147095,5.9169993
0.1471,5.9169993
0.147105,5.9169993
0.14711,5.9169993
0.14711499,5.9169993
0.14712,5.9169993
0.14712499,5.9169993
0.14713,5.9169993
0.14713499,5.9169993
0.14714,5.9169993
0.147145,5.9169993
0.14715,5.9169993
0.147155,5.9169993
0.14716,5.9169993
0.147165,5.9169993
0.14716999,5.9169993
0.147175,5.9169993
0.14717999,5.9169993
0.147185,5.9169993
0.14718999,5.9169993
0.147195,5.9169993
0.1472,5.9169993
0.147205,5.9169993
0.14721,5.9169993
0.147215,5.9169993
0.14722,5.9169993
0.14722499,5.9169993
0.14723,5.9169993
0.14723499,5.9169993
0.14724,5.9169993
0.14724499,5.9169993
0.14725,5.9169993
0.147255,5.9169993
0.14726,5.9169993
0.147265,5.9169993
0.14727,5.9169993
0.147275,5.9169993
0.14728,5.9169993
0.147285,5.9169993
0.14728999,5.9169993
0.147295,5.9169993
0.14729999,5.9169993
0.147305,5.9169993
0.14731,5.9169993
0.147315,5.9169993
0.14732,5.9169993
0.147325,5.9169993
0.14733,5.9169993
0.147335,5.9169993
0.14734,5.9169993
0.14734499,5.9169993
0.14735,5.9169993
0.14735499,5.9169993
0.14736,5.9169993
0.14736499,5.9169993
0.14737,5.9169993
0.147375,5.9169993
0.14738,5.9169993
0.147385,5.9169993
0.14739,5.9169993
0.147395,5.9169993
0.14739999,5.9169993
0.147405,5.9169993
0.14740999,5.9169993
0.147415,5.9169993
0.14741999,5.9169993
0.147425,5.9169993
0.14743,5.9169993
0.147435,5.9169993
0.14744,5.9169993
0.147445,5.9169993
0.14745,5.9169993
0.14745499,5.9169993
0.14746,5.9169993
0.14746499,5.9169993
0.14747,5.9169993
0.14747499,5.9169993
0.14748,5.9169993
0.147485,5.9169993
0.14749,5.9169993
0.147495,5.9169993
0.1475,5.9169993
0.147505,5.9169993
0.14750999,5.9169993
0.147515,5.9169993
0.14751999,5.9169993
0.147525,5.9169993
0.14752999,5.9169993
0.147535,5.9169993
0.14754,5.9169993
0.147545,5.9169993
0.14755,5.9169993
0.147555,5.9169993
0.14756,5.9169993
0.14756499,5.9169993
0.14757,5.9169993
0.14757499,5.9169993
0.14758,5.9169993
0.14758499,5.9169993
0.14759,5.9169993
0.147595,5.9169993
0.1476,5.9169993
0.147605,5.9169993
0.14761,5.9169993
0.147615,5.9169993
0.14761999,5.9169993
0.147625,5.9169993
0.14762999,5.9169993
0.147635,5.9169993
0.14763999,5.9169993
0.147645,5.9169993
0.14765,5.9169993
0.147655,5.9169993
0.14766,5.9169993
0.147665,5.9169993
0.14767,5.9169993
0.147675,5.9169993
0.14768,5.9169993
0.14768499,5.9169993
0.14769,5.9169993
0.14769499,5.9169993
0.1477,5.9169993
0.147705,5.9169993
0.14771,5.9169993
0.147715,5.9169993
0.14772,5.9169993
0.147725,5.9169993
0.14773,5.9169993
0.147735,5.9169993
0.14773999,5.9169993
0.147745,5.9169993
0.14774999,5.9169993
0.147755,5.9169993
0.14775999,5.9169993
0.147765,5.9169993
0.14777,5.9169993
0.147775,5.9169993
0.14778,5.9169993
0.147785,5.9169993
0.14779,5.9169993
0.14779499,5.9169993
0.1478,5.9169993
0.14780499,5.9169993
0.14781,5.9169993
0.14781499,5.9169993
0.14782,5.9169993
0.147825,5.9169993
0.14783,5.9169993
0.147835,5.9169993
0.14784,5.9169993
0.147845,5.9169993
0.14784999,5.9169993
0.147855,5.9169993
0.14785999,5.9169993
0.147865,5.9169993
0.14786999,5.9169993
0.147875,5.9169993
0.14788,5.9169993
0.147885,5.9169993
0.14789,5.9169993
0.147895,5.9169993
0.1479,5.9169993
0.14790499,5.9169993
0.14791,5.9169993
0.14791499,5.9169993
0.14792,5.9169993
0.14792499,5.9169993
0.14793,5.9169993
0.147935,5.9169993
0.14794,5.9169993
0.147945,5.9169993
0.14795,5.9169993
0.147955,5.9169993
0.14795999,5.9169993
0.147965,5.9169993
0.14796999,5.9169993
0.147975,5.9169993
0.14797999,5.9169993
0.147985,5.9169993
0.14799,5.9169993
0.147995,5.9169993
0.148,5.9169993
0.148005,5.9169993
0.14801,5.9169993
0.14801499,5.9169993
0.14802,5.9169993
0.14802499,5.9169993
0.14803,5.9169993
0.14803499,5.9169993
0.14804,5.9169993
0.148045,5.9169993
0.14805,5.9169993
0.148055,5.9169993
0.14806,5.9169993
0.148065,5.9169993
0.14807,5.9169993
0.148075,5.9169993
0.14807999,5.9169993
0.148085,5.9169993
0.14808999,5.9169993
0.148095,5.9169993
0.1481,5.9169993
0.148105,5.9169993
0.14811,5.9169993
0.148115,5.9169993
0.14812,5.9169993
0.148125,5.9169993
0.14813,5.9169993
0.14813499,5.9169993
0.14814,5.9169993
0.14814499,5.9169993
0.14815,5.9169993
0.14815499,5.9169993
0.14816,5.9169993
0.148165,5.9169993
0.14817,5.9169993
0.148175,5.9169993
0.14818,5.9169993
0.148185,5.9169993
0.14818999,5.9169993
0.148195,5.9169993
0.14819999,5.9169993
0.148205,5.9169993
0.14820999,5.9169993
0.148215,5.9169993
0.14822,5.9169993
0.148225,5.9169993
0.14823,5.9169993
0.148235,5.9169993
0.14824,5.9169993
0.14824499,5.9169993
0.14825,5.9169993
0.14825499,5.9169993
0.14826,5.9169993
0.14826499,5.9169993
0.14827,5.9169993
0.148275,5.9169993
0.14828,5.9169993
0.148285,5.9169993
0.14829,5.9169993
0.148295,5.9169993
0.14829999,5.9169993
0.148305,5.9169993
0.14830999,5.9169993
0.148315,5.9169993
0.14831999,5.9169993
0.148325,5.9169993
0.14833,5.9169993
0.148335,5.9169993
0.14834,5.9169993
0.148345,5.9169993
0.14835,5.9169993
0.14835499,5.9169993
0.14836,5.9169993
0.14836499,5.9169993
0.14837,5.9169993
0.14837499,5.9169993
0.14838,5.9169993
0.148385,5.9169993
0.14839,5.9169993
0.148395,5.9169993
0.1484,5.9169993
0.148405,5.9169993
0.14840999,5.9169993
0.148415,5.9169993
0.14841999,5.9169993
0.148425,5.9169993
0.14842999,5.9169993
0.148435,5.9169993
0.14844,5.9169993
0.148445,5.9169993
0.14845,5.9169993
0.148455,5.9169993
0.14846,5.9169993
0.148465,5.9169993
0.14847,5.9169993
0.14847499,5.9169993
0.14848,5.9169993
0.14848499,5.9169993
0.14849,5.9169993
0.148495,5.9169993
0.1485,5.9169993
0.148505,5.9169993
0.14851,5.9169993
0.148515,5.9169993
0.14852,5.9169993
0.148525,5.9169993
0.14852999,5.9169993
0.148535,5.9169993
0.14853999,5.9169993
0.148545,5.9169993
0.14854999,5.9169993
0.148555,5.9169993
0.14856,5.9169993
0.148565,5.9169993
0.14857,5.9169993
0.148575,5.9169993
0.14858,5.9169993
0.14858499,5.9169993
0.14859,5.9169993
0.14859499,5.9169993
0.1486,5.9169993
0.14860499,5.9169993
0.14861,5.9169993
0.148615,5.9169993
0.14862,5.9169993
0.148625,5.9169993
0.14863,5.9169993
0.148635,5.9169993
0.14863999,5.9169993
0.148645,5.9169993
0.14864999,5.9169993
0.148655,5.9169993
0.14865999,5.9169993
0.148665,5.9169993
0.14867,5.9169993
0.148675,5.9169993
0.14868,5.9169993
0.148685,5.9169993
0.14869,5.9169993
0.14869499,5.9169993
0.1487,5.9169993
0.14870499,5.9169993
0.14871,5.9169993
0.14871499,5.9169993
0.14872,5.9169993
0.148725,5.9169993
0.14873,5.9169993
0.148735,5.9169993
0.14874,5.9169993
0.148745,5.9169993
0.14874999,5.9169993
0.148755,5.9169993
0.14875999,5.9169993
0.148765,5.9169993
0.14876999,5.9169993
0.148775,5.9169993
0.14878,5.9169993
0.148785,5.9169993
0.14879,5.9169993
0.148795,5.9169993
0.1488,5.9169993
0.14880499,5.9169993
0.14881,5.9169993
0.14881499,5.9169993
0.14882,5.9169993
0.14882499,5.9169993
0.14883,5.9169993
0.148835,5.9169993
0.14884,5.9169993
0.148845,5.9169993
0.14885,5.9169993
0.148855,5.9169993
0.14886,5.9169993
0.148865,5.9169993
0.14886999,5.9169993
0.148875,5.9169993
0.14887999,5.9169993
0.148885,5.9169993
0.14889,5.9169993
0.148895,5.9169993
0.1489,5.9169993
0.148905,5.9169993
0.14891,5.9169993
0.148915,5.9169993
0.14892,5.9169993
0.14892499,5.9169993
0.14893,5.9169993
0.14893499,5.9169993
0.14894,5.9169993
0.14894499,5.9169993
0.14895,5.9169993
0.148955,5.9169993
0.14896,5.9169993
0.148965,5.9169993
0.14897,5.9169993
0.148975,5.9169993
0.14897999,5.9169993
0.148985,5.9169993
0.14898999,5.9169993
0.148995,5.9169993
0.14899999,5.9169993
0.149005,5.9169993
0.14901,5.9169993
0.149015,5.9169993
0.14902,5.9169993
0.149025,5.9169993
0.14903,5.9169993
0.14903499,5.9169993
0.14904,5.9169993
0.14904499,5.9169993
0.14905,5.9169993
0.14905499,5.9169993
0.14906,5.9169993
0.149065,5.9169993
0.14907,5.9169993
0.149075,5.9169993
0.14908,5.9169993
0.149085,5.9169993
0.14908999,5.9169993
0.149095,5.9169993
0.14909999,5.9169993
0.149105,5.9169993
0.14910999,5.9169993
0.149115,5.9169993
0.14912,5.9169993
0.149125,5.9169993
0.14913,5.9169993
0.149135,5.9169993
0.14914,5.9169993
0.14914499,5.9169993
0.14915,5.9169993
0.14915499,5.9169993
0.14916,5.9169993
0.14916499,5.9169993
0.14917,5.9169993
0.149175,5.9169993
0.14918,5.9169993
0.149185,5.9169993
0.14919,5.9169993
0.149195,5.9169993
0.14919999,5.9169993
0.149205,5.9169993
0.14920999,5.9169993
0.149215,5.9169993
0.14921999,5.9169993
0.149225,5.9169993
0.14923,5.9169993
0.149235,5.9169993
0.14924,5.9169993
0.149245,5.9169993
0.14925,5.9169993
0.149255,5.9169993
0.14926,5.9169993
0.14926499,5.9169993
0.14927,5.9169993
0.14927499,5.9169993
0.14928,5.9169993
0.149285,5.9169993
0.14929,5.9169993
0.149295,5.9169993
0.1493,5.9169993
0.149305,5.9169993
0.14931,5.9169993
0.149315,5.9169993
0.14931999,5.9169993
0.149325,5.9169993
0.14932999,5.9169993
0.149335,5.9169993
0.14933999,5.9169993
0.149345,5.9169993
0.14935,5.9169993
0.149355,5.9169993
0.14936,5.9169993
0.149365,5.9169993
0.14937,5.9169993
0.14937499,5.9169993
0.14938,5.9169993
0.14938499,5.9169993
0.14939,5.9169993
0.14939499,5.9169993
0.1494,5.9169993
0.149405,5.9169993
0.14941,5.9169993
0.149415,5.9169993
0.14942,5.9169993
0.149425,5.9169993
0.14942999,5.9169993
0.149435,5.9169993
0.14943999,5.9169993
0.149445,5.9169993
0.14944999,5.9169993
0.149455,5.9169993
0.14946,5.9169993
0.149465,5.9169993
0.14947,5.9169993
0.149475,5.9169993
0.14948,5.9169993
0.14948499,5.9169993
0.14949,5.9169993
0.14949499,5.9169993
0.1495,5.9169993
0.14950499,5.9169993
0.14951,5.9169993
0.149515,5.9169993
0.14952,5.9169993
0.149525,5.9169993
0.14953,5.9169993
0.149535,5.9169993
0.14953999,5.9169993
0.149545,5.9169993
0.14954999,5.9169993
0.149555,5.9169993
0.14955999,5.9169993
0.149565,5.9169993
0.14957,5.9169993
0.149575,5.9169993
0.14958,5.9169993
0.149585,5.9169993
0.14959,5.9169993
0.14959499,5.9169993
0.1496,5.9169993
0.14960499,5.9169993
0.14961,5.9169993
0.14961499,5.9169993
0.14962,5.9169993
0.149625,5.9169993
0.14963,5.9169993
0.149635,5.9169993
0.14964,5.9169993
0.149645,5.9169993
0.14965,5.9169993
0.149655,5.9169993
0.14965999,5.9169993
0.149665,5.9169993
0.14966999,5.9169993
0.149675,5.9169993
0.14968,5.9169993
0.149685,5.9169993
0.14969,5.9169993
0.149695,5.9169993
0.1497,5.9169993
0.149705,5.9169993
0.14971,5.9169993
0.14971499,5.9169993
0.14972,5.9169993
0.14972499,5.9169993
0.14973,5.9169993
0.14973499,5.9169993
0.14974,5.9169993
0.149745,5.9169993
0.14975,5.9169993
0.149755,5.9169993
0.14976,5.9169993
0.149765,5.9169993
0.14976999,5.9169993
0.149775,5.9169993
0.14977999,5.9169993
0.149785,5.9169993
0.14978999,5.9169993
0.149795,5.9169993
0.1498,5.9169993
0.149805,5.9169993
0.14981,5.9169993
0.149815,5.9169993
0.14982,5.9169993
0.14982499,5.9169993
0.14983,5.9169993
0.14983499,5.9169993
0.14984,5.9169993
0.14984499,5.9169993
0.14985,5.9169993
0.149855,5.9169993
0.14986,5.9169993
0.149865,5.9169993
0.14987,5.9169993
0.149875,5.9169993
0.14987999,5.9169993
0.149885,5.9169993
0.14988999,5.9169993
0.149895,5.9169993
0.14989999,5.9169993
0.149905,5.9169993
0.14991,5.9169993
0.149915,5.9169993
0.14992,5.9169993
0.149925,5.9169993
0.14993,5.9169993
0.14993499,5.9169993
0.14994,5.9169993
0.14994499,5.9169993
0.14995,5.9169993
0.14995499,5.9169993
0.14996,5.9169993
0.149965,5.9169993
0.14997,5.9169993
0.149975,5.9169993
0.14998,5.9169993
0.149985,5.9169993
0.14998999,5.9169993
0.149995,5.9169993
0.14999999,5.9169993
0.150005,5.9169993
0.15000999,5.9169993
0.150015,5.9169993
0.15002,5.9169993
0.150025,5.9169993
0.15003,5.9169993
0.150035,5.9169993
0.15004,5.9169993
0.150045,5.9169993
0.15005,5.9169993
0.15005499,5.9169993
0.15006,5.9169993
0.15006499,5.9169993
0.15007,5.9169993
0.150075,5.9169993
0.15008,5.9169993
0.150085,5.9169993
0.15009,5.9169993
0.150095,5.9169993
0.1501,5.9169993
0.150105,5.9169993
0.15010999,5.9169993
0.150115,5.9169993
0.15011999,5.9169993
0.150125,5.9169993
0.15012999,5.9169993
0.150135,5.9169993
0.15014,5.9169993
0.150145,5.9169993
0.15015,5.9169993
0.150155,5.9169993
0.15016,5.9169993
0.15016499,5.9169993
0.15017,5.9169993
0.15017499,5.9169993
0.15018,5.9169993
0.15018499,5.9169993
0.15019,5.9169993
0.150195,5.9169993
0.1502,5.9169993
0.150205,5.9169993
0.15021,5.9169993
0.150215,5.9169993
0.15021999,5.9169993
0.150225,5.9169993
0.15022999,5.9169993
0.150235,5.9169993
0.15023999,5.9169993
0.150245,5.9169993
0.15025,5.9169993
0.150255,5.9169993
0.15026,5.9169993
0.150265,5.9169993
0.15027,5.9169993
0.15027499,5.9169993
0.15028,5.9169993
0.15028499,5.9169993
0.15029,5.9169993
0.15029499,5.9169993
0.1503,5.9169993
0.150305,5.9169993
0.15031,5.9169993
0.150315,5.9169993
0.15032,5.9169993
0.150325,5.9169993
0.15032999,5.9169993
0.150335,5.9169993
0.15033999,5.9169993
0.150345,5.9169993
0.15034999,5.9169993
0.150355,5.9169993
0.15036,5.9169993
0.150365,5.9169993
0.15037,5.9169993
0.150375,5.9169993
0.15038,5.9169993
0.15038499,5.9169993
0.15039,5.9169993
0.15039499,5.9169993
0.1504,5.9169993
0.15040499,5.9169993
0.15041,5.9169993
0.150415,5.9169993
0.15042,5.9169993
0.150425,5.9169993
0.15043,5.9169993
0.150435,5.9169993
0.15043999,5.9169993
0.150445,5.9169993
0.15044999,5.9169993
0.150455,5.9169993
0.15045999,5.9169993
0.150465,5.9169993
0.15047,5.9169993
0.150475,5.9169993
0.15048,5.9169993
0.150485,5.9169993
0.15049,5.9169993
0.150495,5.9169993
0.1505,5.9169993
0.15050499,5.9169993
0.15051,5.9169993
0.15051499,5.9169993
0.15052,5.9169993
0.15052499,5.9169993
0.15053,5.9169993
0.150535,5.9169993
0.15054,5.9169993
0.150545,5.9169993
0.15055,5.9169993
0.150555,5.9169993
0.15055999,5.9169993
0.150565,5.9169993
0.15056999,5.9169993
0.150575,5.9169993
0.15057999,5.9169993
0.150585,5.9169993
0.15059,5.9169993
0.150595,5.9169993
0.1506,5.9169993
0.150605,5.9169993
0.15061,5.9169993
0.15061499,5.9169993
0.15062,5.9169993
0.15062499,5.9169993
0.15063,5.9169993
0.15063499,5.9169993
0.15064,5.9169993
0.150645,5.9169993
0.15065,5.9169993
0.150655,5.9169993
0.15066,5.9169993
0.150665,5.9169993
0.15066999,5.9169993
0.150675,5.9169993
0.15067999,5.9169993
0.150685,5.9169993
0.15068999,5.9169993
0.150695,5.9169993
0.1507,5.9169993
0.150705,5.9169993
0.15071,5.9169993
0.150715,5.9169993
0.15072,5.9169993
0.15072499,5.9169993
0.15073,5.9169993
0.15073499,5.9169993
0.15074,5.9169993
0.15074499,5.9169993
0.15075,5.9169993
0.150755,5.9169993
0.15076,5.9169993
0.150765,5.9169993
0.15077,5.9169993
0.150775,5.9169993
0.15077999,5.9169993
0.150785,5.9169993
0.15078999,5.9169993
0.150795,5.9169993
0.15079999,5.9169993
0.150805,5.9169993
0.15081,5.9169993
0.150815,5.9169993
0.15082,5.9169993
0.150825,5.9169993
0.15083,5.9169993
0.15083499,5.9169993
0.15084,5.9169993
0.15084499,5.9169993
0.15085,5.9169993
0.15085499,5.9169993
0.15086,5.9169993
0.150865,5.9169993
0.15087,5.9169993
0.150875,5.9169993
0.15088,5.9169993
0.150885,5.9169993
0.15089,5.9169993
0.150895,5.9169993
0.15089999,5.9169993
0.150905,5.9169993
0.15090999,5.9169993
0.150915,5.9169993
0.15091999,5.9169993
0.150925,5.9169993
0.15093,5.9169993
0.150935,5.9169993
0.15094,5.9169993
0.150945,5.9169993
0.15095,5.9169993
0.15095499,5.9169993
0.15096,5.9169993
0.15096499,5.9169993
0.15097,5.9169993
0.15097499,5.9169993
0.15098,5.9169993
0.150985,5.9169993
0.15099,5.9169993
0.150995,5.9169993
0.151,5.9169993
0.151005,5.9169993
0.15100999,5.9169993
0.151015,5.9169993
0.15101999,5.9169993
0.151025,5.9169993
0.15102999,5.9169993
0.151035,5.9169993
0.15104,5.9169993
0.151045,5.9169993
0.15105,5.9169993
0.151055,5.9169993
0.15106,5.9169993
0.15106499,5.9169993
0.15107,5.9169993
0.15107499,5.9169993
0.15108,5.9169993
0.15108499,5.9169993
0.15109,5.9169993
0.151095,5.9169993
0.1511,5.9169993
0.151105,5.9169993
0.15111,5.9169993
0.151115,5.9169993
0.15111999,5.9169993
0.151125,5.9169993
0.15112999,5.9169993
0.151135,5.9169993
0.15113999,5.9169993
0.151145,5.9169993
0.15115,5.9169993
0.151155,5.9169993
0.15116,5.9169993
0.151165,5.9169993
0.15117,5.9169993
0.15117499,5.9169993
0.15118,5.9169993
0.15118499,5.9169993
0.15119,5.9169993
0.15119499,5.9169993
0.1512,5.9169993
0.151205,5.9169993
0.15121,5.9169993
0.151215,5.9169993
0.15122,5.9169993
0.151225,5.9169993
0.15122999,5.9169993
0.151235,5.9169993
0.15123999,5.9169993
0.151245,5.9169993
0.15124999,5.9169993
0.151255,5.9169993
0.15126,5.9169993
0.151265,5.9169993
0.15127,5.9169993
0.151275,5.9169993
0.15128,5.9169993
0.151285,5.9169993
0.15129,5.9169993
0.15129499,5.9169993
0.1513,5.9169993
0.15130499,5.9169993
0.15131,5.9169993
0.15131499,5.9169993
0.15132,5.9169993
0.151325,5.9169993
0.15133,5.9169993
0.151335,5.9169993
0.15134,5.9169993
0.151345,5.9169993
0.15134999,5.9169993
0.151355,5.9169993
0.15135999,5.9169993
0.151365,5.9169993
0.15136999,5.9169993
0.151375,5.9169993
0.15138,5.9169993
0.151385,5.9169993
0.15139,5.9169993
0.151395,5.9169993
0.1514,5.9169993
0.15140499,5.9169993
0.15141,5.9169993
0.15141499,5.9169993
0.15142,5.9169993
0.15142499,5.9169993
0.15143,5.9169993
0.151435,5.9169993
0.15144,5.9169993
0.151445,5.9169993
0.15145,5.9169993
0.151455,5.9169993
0.15145999,5.9169993
0.151465,5.9169993
0.15146999,5.9169993
0.151475,5.9169993
0.15147999,5.9169993
0.151485,5.9169993
0.15149,5.9169993
0.151495,5.9169993
0.1515,5.9169993
0.151505,5.9169993
0.15151,5.9169993
0.15151499,5.9169993
0.15152,5.9169993
0.15152499,5.9169993
0.15153,5.9169993
0.15153499,5.9169993
0.15154,5.9169993
0.151545,5.9169993
0.15155,5.9169993
0.151555,5.9169993
0.15156,5.9169993
0.151565,5.9169993
0.15156999,5.9169993
0.151575,5.9169993
0.15157999,5.9169993
0.151585,5.9169993
0.15158999,5.9169993
0.151595,5.9169993
0.1516,5.9169993
0.151605,5.9169993
0.15161,5.9169993
0.151615,5.9169993
0.15162,5.9169993
0.15162499,5.9169993
0.15163,5.9169993
0.15163499,5.9169993
0.15164,5.9169993
0.15164499,5.9169993
0.15165,5.9169993
0.151655,5.9169993
0.15166,5.9169993
0.151665,5.9169993
0.15167,5.9169993
0.151675,5.9169993
0.15168,5.9169993
0.151685,5.9169993
0.15168999,5.9169993
0.151695,5.9169993
0.15169999,5.9169993
0.151705,5.9169993
0.15171,5.9169993
0.151715,5.9169993
0.15172,5.9169993
0.151725,5.9169993
0.15173,5.9169993
0.151735,5.9169993
0.15174,5.9169993
0.15174499,5.9169993
0.15175,5.9169993
0.15175499,5.9169993
0.15176,5.9169993
0.15176499,5.9169993
0.15177,5.9169993
0.151775,5.9169993
0.15178,5.9169993
0.151785,5.9169993
0.15179,5.9169993
0.151795,5.9169993
0.15179999,5.9169993
0.151805,5.9169993
0.15180999,5.9169993
0.151815,5.9169993
0.15181999,5.9169993
0.151825,5.9169993
0.15183,5.9169993
0.151835,5.9169993
0.15184,5.9169993
0.151845,5.9169993
0.15185,5.9169993
0.15185499,5.9169993
0.15186,5.9169993
0.15186499,5.9169993
0.15187,5.9169993
0.15187499,5.9169993
0.15188,5.9169993
0.151885,5.9169993
0.15189,5.9169993
0.151895,5.9169993
0.1519,5.9169993
0.151905,5.9169993
0.15190999,5.9169993
0.151915,5.9169993
0.15191999,5.9169993
0.151925,5.9169993
0.15192999,5.9169993
0.151935,5.9169993
0.15194,5.9169993
0.151945,5.9169993
0.15195,5.9169993
0.151955,5.9169993
0.15196,5.9169993
0.15196499,5.9169993
0.15197,5.9169993
0.15197499,5.9169993
0.15198,5.9169993
0.15198499,5.9169993
0.15199,5.9169993
0.151995,5.9169993
0.152,5.9169993
0.152005,5.9169993
0.15201,5.9169993
0.152015,5.9169993
0.15201999,5.9169993
0.152025,5.9169993
0.15202999,5.9169993
0.152035,5.9169993
0.15203999,5.9169993
0.152045,5.9169993
0.15205,5.9169993
0.152055,5.9169993
0.15206,5.9169993
0.152065,5.9169993
0.15207,5.9169993
0.152075,5.9169993
0.15208,5.9169993
0.15208499,5.9169993
0.15209,5.9169993
0.15209499,5.9169993
0.1521,5.9169993
0.152105,5.9169993
0.15211,5.9169993
0.152115,5.9169993
0.15212,5.9169993
0.152125,5.9169993
0.15213,5.9169993
0.152135,5.9169993
0.15213999,5.9169993
0.152145,5.9169993
0.15214999,5.9169993
0.152155,5.9169993
0.15215999,5.9169993
0.152165,5.9169993
0.15217,5.9169993
0.152175,5.9169993
0.15218,5.9169993
0.152185,5.9169993
0.15219,5.9169993
0.15219499,5.9169993
0.1522,5.9169993
0.15220499,5.9169993
0.15221,5.9169993
0.15221499,5.9169993
0.15222,5.9169993
0.152225,5.9169993
0.15223,5.9169993
0.152235,5.9169993
0.15224,5.9169993
0.152245,5.9169993
0.15224999,5.9169993
0.152255,5.9169993
0.15225999,5.9169993
0.152265,5.9169993
0.15226999,5.9169993
0.152275,5.9169993
0.15228,5.9169993
0.152285,5.9169993
0.15229,5.9169993
0.152295,5.9169993
0.1523,5.9169993
0.15230499,5.9169993
0.15231,5.9169993
0.15231499,5.9169993
0.15232,5.9169993
0.15232499,5.9169993
0.15233,5.9169993
0.152335,5.9169993
0.15234,5.9169993
0.152345,5.9169993
0.15235,5.9169993
0.152355,5.9169993
0.15235999,5.9169993
0.152365,5.9169993
0.15236999,5.9169993
0.152375,5.9169993
0.15237999,5.9169993
0.152385,5.9169993
0.15239,5.9169993
0.152395,5.9169993
0.1524,5.9169993
0.152405,5.9169993
0.15241,5.9169993
0.15241499,5.9169993
0.15242,5.9169993
0.15242499,5.9169993
0.15243,5.9169993
0.15243499,5.9169993
0.15244,5.9169993
0.152445,5.9169993
0.15245,5.9169993
0.152455,5.9169993
0.15246,5.9169993
0.152465,5.9169993
0.15247,5.9169993
0.152475,5.9169993
0.15247999,5.9169993
0.152485,5.9169993
0.15248999,5.9169993
0.152495,5.9169993
0.1525,5.9169993
0.152505,5.9169993
0.15251,5.9169993
0.152515,5.9169993
0.15252,5.9169993
0.152525,5.9169993
0.15253,5.9169993
0.15253499,5.9169993
0.15254,5.9169993
0.15254499,5.9169993
0.15255,5.9169993
0.15255499,5.9169993
0.15256,5.9169993
0.152565,5.9169993
0.15257,5.9169993
0.152575,5.9169993
0.15258,5.9169993
0.152585,5.9169993
0.15258999,5.9169993
0.152595,5.9169993
0.15259999,5.9169993
0.152605,5.9169993
0.15260999,5.9169993
0.152615,5.9169993
0.15262,5.9169993
0.152625,5.9169993
0.15263,5.9169993
0.152635,5.9169993
0.15264,5.9169993
0.15264499,5.9169993
0.15265,5.9169993
0.15265499,5.9169993
0.15266,5.9169993
0.15266499,5.9169993
0.15267,5.9169993
0.152675,5.9169993
0.15268,5.9169993
0.152685,5.9169993
0.15269,5.9169993
0.152695,5.9169993
0.15269999,5.9169993
0.152705,5.9169993
0.15270999,5.9169993
0.152715,5.9169993
0.15271999,5.9169993
0.152725,5.9169993
0.15273,5.9169993
0.152735,5.9169993
0.15274,5.9169993
0.152745,5.9169993
0.15275,5.9169993
0.15275499,5.9169993
0.15276,5.9169993
0.15276499,5.9169993
0.15277,5.9169993
0.15277499,5.9169993
0.15278,5.9169993
0.152785,5.9169993
0.15279,5.9169993
0.152795,5.9169993
0.1528,5.9169993
0.152805,5.9169993
0.15280999,5.9169993
0.152815,5.9169993
0.15281999,5.9169993
0.152825,5.9169993
0.15282999,5.9169993
0.152835,5.9169993
0.15284,5.9169993
0.152845,5.9169993
0.15285,5.9169993
0.152855,5.9169993
0.15286,5.9169993
0.152865,5.9169993
0.15287,5.9169993
0.15287499,5.9169993
0.15288,5.9169993
0.15288499,5.9169993
0.15289,5.9169993
0.152895,5.9169993
0.1529,5.9169993
0.152905,5.9169993
0.15291,5.9169993
0.152915,5.9169993
0.15292,5.9169993
0.152925,5.9169993
0.15292999,5.9169993
0.152935,5.9169993
0.15293999,5.9169993
0.152945,5.9169993
0.15294999,5.9169993
0.152955,5.9169993
0.15296,5.9169993
0.152965,5.9169993
0.15297,5.9169993
0.152975,5.9169993
0.15298,5.9169993
0.15298499,5.9169993
0.15299,5.9169993
0.15299499,5.9169993
0.153,5.9169993
0.15300499,5.9169993
0.15301,5.9169993
0.153015,5.9169993
0.15302,5.9169993
0.153025,5.9169993
0.15303,5.9169993
0.153035,5.9169993
0.15303999,5.9169993
0.153045,5.9169993
0.15304999,5.9169993
0.153055,5.9169993
0.15305999,5.9169993
0.153065,5.9169993
0.15307,5.9169993
0.153075,5.9169993
0.15308,5.9169993
0.153085,5.9169993
0.15309,5.9169993
0.15309499,5.9169993
0.1531,5.9169993
0.15310499,5.9169993
0.15311,5.9169993
0.15311499,5.9169993
0.15312,5.9169993
0.153125,5.9169993
0.15313,5.9169993
0.153135,5.9169993
0.15314,5.9169993
0.153145,5.9169993
0.15314999,5.9169993
0.153155,5.9169993
0.15315999,5.9169993
0.153165,5.9169993
0.15316999,5.9169993
0.153175,5.9169993
0.15318,5.9169993
0.153185,5.9169993
0.15319,5.9169993
0.153195,5.9169993
0.1532,5.9169993
0.15320499,5.9169993
0.15321,5.9169993
0.15321499,5.9169993
0.15322,5.9169993
0.15322499,5.9169993
0.15323,5.9169993
0.153235,5.9169993
0.15324,5.9169993
0.153245,5.9169993
0.15325,5.9169993
0.153255,5.9169993
0.15326,5.9169993
0.153265,5.9169993
0.15326999,5.9169993
0.153275,5.9169993
0.15327999,5.9169993
0.153285,5.9169993
0.15329,5.9169993
0.153295,5.9169993
0.1533,5.9169993
0.153305,5.9169993
0.15331,5.9169993
0.153315,5.9169993
0.15332,5.9169993
0.15332499,5.9169993
0.15333,5.9169993
0.15333499,5.9169993
0.15334,5.9169993
0.15334499,5.9169993
0.15335,5.9169993
0.153355,5.9169993
0.15336,5.9169993
0.153365,5.9169993
0.15337,5.9169993
0.153375,5.9169993
0.15337999,5.9169993
0.153385,5.9169993
0.15338999,5.9169993
0.153395,5.9169993
0.15339999,5.9169993
0.153405,5.9169993
0.15341,5.9169993
0.153415,5.9169993
0.15342,5.9169993
0.153425,5.9169993
0.15343,5.9169993
0.15343499,5.9169993
0.15344,5.9169993
0.15344499,5.9169993
0.15345,5.9169993
0.15345499,5.9169993
0.15346,5.9169993
0.153465,5.9169993
0.15347,5.9169993
0.153475,5.9169993
0.15348,5.9169993
0.153485,5.9169993
0.15348999,5.9169993
0.153495,5.9169993
0.15349999,5.9169993
0.153505,5.9169993
0.15350999,5.9169993
0.153515,5.9169993
0.15352,5.9169993
0.153525,5.9169993
0.15353,5.9169993
0.153535,5.9169993
0.15354,5.9169993
0.15354499,5.9169993
0.15355,5.9169993
0.15355499,5.9169993
0.15356,5.9169993
0.15356499,5.9169993
0.15357,5.9169993
0.153575,5.9169993
0.15358,5.9169993
0.153585,5.9169993
0.15359,5.9169993
0.153595,5.9169993
0.15359999,5.9169993
0.153605,5.9169993
0.15360999,5.9169993
0.153615,5.9169993
0.15361999,5.9169993
0.153625,5.9169993
0.15363,5.9169993
0.153635,5.9169993
0.15364,5.9169993
0.153645,5.9169993
0.15365,5.9169993
0.153655,5.9169993
0.15366,5.9169993
0.15366499,5.9169993
0.15367,5.9169993
0.15367499,5.9169993
0.15368,5.9169993
0.153685,5.9169993
0.15369,5.9169993
0.153695,5.9169993
0.1537,5.9169993
0.153705,5.9169993
0.15371,5.9169993
0.153715,5.9169993
0.15371999,5.9169993
0.153725,5.9169993
0.15372999,5.9169993
0.153735,5.9169993
0.15373999,5.9169993
0.153745,5.9169993
0.15375,5.9169993
0.153755,5.9169993
0.15376,5.9169993
0.153765,5.9169993
0.15377,5.9169993
0.15377499,5.9169993
0.15378,5.9169993
0.15378499,5.9169993
0.15379,5.9169993
0.15379499,5.9169993
0.1538,5.9169993
0.153805,5.9169993
0.15381,5.9169993
0.153815,5.9169993
0.15382,5.9169993
0.153825,5.9169993
0.15382999,5.9169993
0.153835,5.9169993
0.15383999,5.9169993
0.153845,5.9169993
0.15384999,5.9169993
0.153855,5.9169993
0.15386,5.9169993
0.153865,5.9169993
0.15387,5.9169993
0.153875,5.9169993
0.15388,5.9169993
0.15388499,5.9169993
0.15389,5.9169993
0.15389499,5.9169993
0.1539,5.9169993
0.15390499,5.9169993
0.15391,5.9169993
0.153915,5.9169993
0.15392,5.9169993
0.153925,5.9169993
0.15393,5.9169993
0.153935,5.9169993
0.15393999,5.9169993
0.153945,5.9169993
0.15394999,5.9169993
0.153955,5.9169993
0.15395999,5.9169993
0.153965,5.9169993
0.15397,5.9169993
0.153975,5.9169993
0.15398,5.9169993
0.153985,5.9169993
0.15399,5.9169993
0.15399499,5.9169993
0.154,5.9169993
0.15400499,5.9169993
0.15401,5.9169993
0.15401499,5.9169993
0.15402,5.9169993
0.154025,5.9169993
0.15403,5.9169993
0.154035,5.9169993
0.15404,5.9169993
0.154045,5.9169993
0.15405,5.9169993
0.154055,5.9169993
0.15405999,5.9169993
0.154065,5.9169993
0.15406999,5.9169993
0.154075,5.9169993
0.15408,5.9169993
0.154085,5.9169993
0.15409,5.9169993
0.154095,5.9169993
0.1541,5.9169993
0.154105,5.9169993
0.15411,5.9169993
0.15411499,5.9169993
0.15412,5.9169993
0.15412499,5.9169993
0.15413,5.9169993
0.15413499,5.9169993
0.15414,5.9169993
0.154145,5.9169993
0.15415,5.9169993
0.154155,5.9169993
0.15416,5.9169993
0.154165,5.9169993
0.15416999,5.9169993
0.154175,5.9169993
0.15417999,5.9169993
0.154185,5.9169993
0.15418999,5.9169993
0.154195,5.9169993
0.1542,5.9169993
0.154205,5.9169993
0.15421,5.9169993
0.154215,5.9169993
0.15422,5.9169993
0.15422499,5.9169993
0.15423,5.9169993
0.15423499,5.9169993
0.15424,5.9169993
0.15424499,5.9169993
0.15425,5.9169993
0.154255,5.9169993
0.15426,5.9169993
0.154265,5.9169993
0.15427,5.9169993
0.154275,5.9169993
0.15427999,5.9169993
0.154285,5.9169993
0.15428999,5.9169993
0.154295,5.9169993
0.15429999,5.9169993
0.154305,5.9169993
0.15431,5.9169993
0.154315,5.9169993
0.15432,5.9169993
0.154325,5.9169993
0.15433,5.9169993
0.15433499,5.9169993
0.15434,5.9169993
0.15434499,5.9169993
0.15435,5.9169993
0.15435499,5.9169993
0.15436,5.9169993
0.154365,5.9169993
0.15437,5.9169993
0.154375,5.9169993
0.15438,5.9169993
0.154385,5.9169993
0.15438999,5.9169993
0.154395,5.9169993
0.15439999,5.9169993
0.154405,5.9169993
0.15440999,5.9169993
0.154415,5.9169993
0.15442,5.9169993
0.154425,5.9169993
0.15443,5.9169993
0.154435,5.9169993
0.15444,5.9169993
0.15444499,5.9169993
0.15445,5.9169993
0.15445499,5.9169993
0.15446,5.9169993
0.15446499,5.9169993
0.15447,5.9169993
0.154475,5.9169993
0.15448,5.9169993
0.154485,5.9169993
0.15449,5.9169993
0.154495,5.9169993
0.1545,5.9169993
0.154505,5.9169993
0.15450999,5.9169993
0.154515,5.9169993
0.15451999,5.9169993
0.154525,5.9169993
0.15452999,5.9169993
0.154535,5.9169993
0.15454,5.9169993
0.154545,5.9169993
0.15455,5.9169993
0.154555,5.9169993
0.15456,5.9169993
0.15456499,5.9169993
0.15457,5.9169993
0.15457499,5.9169993
0.15458,5.9169993
0.15458499,5.9169993
0.15459,5.9169993
0.154595,5.9169993
0.1546,5.9169993
0.154605,5.9169993
0.15461,5.9169993
0.154615,5.9169993
0.15461999,5.9169993
0.154625,5.9169993
0.15462999,5.9169993
0.154635,5.9169993
0.15463999,5.9169993
0.154645,5.9169993
0.15465,5.9169993
0.154655,5.9169993
0.15466,5.9169993
0.154665,5.9169993
0.15467,5.9169993
0.15467499,5.9169993
0.15468,5.9169993
0.15468499,5.9169993
0.15469,5.9169993
0.15469499,5.9169993
0.1547,5.9169993
0.154705,5.9169993
0.15471,5.9169993
0.154715,5.9169993
0.15472,5.9169993
0.154725,5.9169993
0.15472999,5.9169993
0.154735,5.9169993
0.15473999,5.9169993
0.154745,5.9169993
0.15474999,5.9169993
0.154755,5.9169993
0.15476,5.9169993
0.154765,5.9169993
0.15477,5.9169993
0.154775,5.9169993
0.15478,5.9169993
0.15478499,5.9169993
0.15479,5.9169993
0.15479499,5.9169993
0.1548,5.9169993
0.15480499,5.9169993
0.15481,5.9169993
0.154815,5.9169993
0.15482,5.9169993
0.154825,5.9169993
0.15483,5.9169993
0.154835,5.9169993
0.15483999,5.9169993
0.154845,5.9169993
0.15484999,5.9169993
0.154855,5.9169993
0.15485999,5.9169993
0.154865,5.9169993
0.15487,5.9169993
0.154875,5.9169993
0.15488,5.9169993
0.154885,5.9169993
0.15489,5.9169993
0.154895,5.9169993
0.1549,5.9169993
0.15490499,5.9169993
0.15491,5.9169993
0.15491499,5.9169993
0.15492,5.9169993
0.15492499,5.9169993
0.15493,5.9169993
0.154935,5.9169993
0.15494,5.9169993
0.154945,5.9169993
0.15495,5.9169993
0.154955,5.9169993
0.15495999,5.9169993
0.154965,5.9169993
0.15496999,5.9169993
0.154975,5.9169993
0.15497999,5.9169993
0.154985,5.9169993
0.15499,5.9169993
0.154995,5.9169993
0.155,5.9169993
0.155005,5.9169993
0.15501,5.9169993
0.15501499,5.9169993
0.15502,5.9169993
0.15502499,5.9169993
0.15503,5.9169993
0.15503499,5.9169993
0.15504,5.9169993
0.155045,5.9169993
0.15505,5.9169993
0.155055,5.9169993
0.15506,5.9169993
0.155065,5.9169993
0.15506999,5.9169993
0.155075,5.9169993
0.15507999,5.9169993
0.155085,5.9169993
0.15508999,5.9169993
0.155095,5.9169993
0.1551,5.9169993
0.155105,5.9169993
0.15511,5.9169993
0.155115,5.9169993
0.15512,5.9169993
0.15512499,5.9169993
0.15513,5.9169993
0.15513499,5.9169993
0.15514,5.9169993
0.15514499,5.9169993
0.15515,5.9169993
0.155155,5.9169993
0.15516,5.9169993
0.155165,5.9169993
0.15517,5.9169993
0.155175,5.9169993
0.15517999,5.9169993
0.155185,5.9169993
0.15518999,5.9169993
0.155195,5.9169993
0.15519999,5.9169993
0.155205,5.9169993
0.15521,5.9169993
0.155215,5.9169993
0.15522,5.9169993
0.155225,5.9169993
0.15523,5.9169993
0.15523499,5.9169993
0.15524,5.9169993
0.15524499,5.9169993
0.15525,5.9169993
0.15525499,5.9169993
0.15526,5.9169993
0.155265,5.9169993
0.15527,5.9169993
0.155275,5.9169993
0.15528,5.9169993
0.155285,5.9169993
0.15529,5.9169993
0.155295,5.9169993
0.15529999,5.9169993
0.155305,5.9169993
0.15530999,5.9169993
0.155315,5.9169993
0.15531999,5.9169993
0.155325,5.9169993
0.15533,5.9169993
0.155335,5.9169993
0.15534,5.9169993
0.155345,5.9169993
0.15535,5.9169993
0.15535499,5.9169993
0.15536,5.9169993
0.15536499,5.9169993
0.15537,5.9169993
0.15537499,5.9169993
0.15538,5.9169993
0.155385,5.9169993
0.15539,5.9169993
0.155395,5.9169993
0.1554,5.9169993
0.155405,5.9169993
0.15540999,5.9169993
0.155415,5.9169993
0.15541999,5.9169993
0.155425,5.9169993
0.15542999,5.9169993
0.155435,5.9169993
0.15544,5.9169993
0.155445,5.9169993
0.15545,5.9169993
0.155455,5.9169993
0.15546,5.9169993
0.15546499,5.9169993
0.15547,5.9169993
0.15547499,5.9169993
0.15548,5.9169993
0.15548499,5.9169993
0.15549,5.9169993
0.155495,5.9169993
0.1555,5.9169993
0.155505,5.9169993
0.15551,5.9169993
0.155515,5.9169993
0.15551999,5.9169993
0.155525,5.9169993
0.15552999,5.9169993
0.155535,5.9169993
0.15553999,5.9169993
0.155545,5.9169993
0.15555,5.9169993
0.155555,5.9169993
0.15556,5.9169993
0.155565,5.9169993
0.15557,5.9169993
0.15557499,5.9169993
0.15558,5.9169993
0.15558499,5.9169993
0.15559,5.9169993
0.15559499,5.9169993
0.1556,5.9169993
0.155605,5.9169993
0.15561,5.9169993
0.155615,5.9169993
0.15562,5.9169993
0.155625,5.9169993
0.15562999,5.9169993
0.155635,5.9169993
0.15563999,5.9169993
0.155645,5.9169993
0.15564999,5.9169993
0.155655,5.9169993
0.15566,5.9169993
0.155665,5.9169993
0.15567,5.9169993
0.155675,5.9169993
0.15568,5.9169993
0.155685,5.9169993
0.15569,5.9169993
0.15569499,5.9169993
0.1557,5.9169993
0.15570499,5.9169993
0.15571,5.9169993
0.15571499,5.9169993
0.15572,5.9169993
0.155725,5.9169993
0.15573,5.9169993
0.155735,5.9169993
0.15574,5.9169993
0.155745,5.9169993
0.15574999,5.9169993
0.155755,5.9169993
0.15575999,5.9169993
0.155765,5.9169993
0.15576999,5.9169993
0.155775,5.9169993
0.15578,5.9169993
0.155785,5.9169993
0.15579,5.9169993
0.155795,5.9169993
0.1558,5.9169993
0.15580499,5.9169993
0.15581,5.9169993
0.15581499,5.9169993
0.15582,5.9169993
0.15582499,5.9169993
0.15583,5.9169993
0.155835,5.9169993
0.15584,5.9169993
0.155845,5.9169993
0.15585,5.9169993
0.155855,5.9169993
0.15585999,5.9169993
0.155865,5.9169993
0.15586999,5.9169993
0.155875,5.9169993
0.15587999,5.9169993
0.155885,5.9169993
0.15589,5.9169993
0.155895,5.9169993
0.1559,5.9169993
0.155905,5.9169993
0.15591,5.9169993
0.15591499,5.9169993
0.15592,5.9169993
0.15592499,5.9169993
0.15593,5.9169993
0.15593499,5.9169993
0.15594,5.9169993
0.155945,5.9169993
0.15595,5.9169993
0.155955,5.9169993
0.15596,5.9169993
0.155965,5.9169993
0.15596999,5.9169993
0.155975,5.9169993
0.15597999,5.9169993
0.155985,5.9169993
0.15598999,5.9169993
0.155995,5.9169993
0.156,5.9169993
0.156005,5.9169993
0.15601,5.9169993
0.156015,5.9169993
0.15602,5.9169993
0.15602499,5.9169993
0.15603,5.9169993
0.15603499,5.9169993
0.15604,5.9169993
0.15604499,5.9169993
0.15605,5.9169993
0.156055,5.9169993
0.15606,5.9169993
0.156065,5.9169993
0.15607,5.9169993
0.156075,5.9169993
0.15608,5.9169993
0.156085,5.9169993
0.15608999,5.9169993
0.156095,5.9169993
0.15609999,5.9169993
0.156105,5.9169993
0.15610999,5.9169993
0.156115,5.9169993
0.15612,5.9169993
0.156125,5.9169993
0.15613,5.9169993
0.156135,5.9169993
0.15614,5.9169993
0.15614499,5.9169993
0.15615,5.9169993
0.15615499,5.9169993
0.15616,5.9169993
0.15616499,5.9169993
0.15617,5.9169993
0.156175,5.9169993
0.15618,5.9169993
0.156185,5.9169993
0.15619,5.9169993
0.156195,5.9169993
0.15619999,5.9169993
0.156205,5.9169993
0.15620999,5.9169993
0.156215,5.9169993
0.15621999,5.9169993
0.156225,5.9169993
0.15623,5.9169993
0.156235,5.9169993
0.15624,5.9169993
0.156245,5.9169993
0.15625,5.9169993
0.15625499,5.9169993
0.15626,5.9169993
0.15626499,5.9169993
0.15627,5.9169993
0.15627499,5.9169993
0.15628,5.9169993
0.156285,5.9169993
0.15629,5.9169993
0.156295,5.9169993
0.1563,5.9169993
0.156305,5.9169993
0.15630999,5.9169993
0.156315,5.9169993
0.15631999,5.9169993
0.156325,5.9169993
0.15632999,5.9169993
0.156335,5.9169993
0.15634,5.9169993
0.156345,5.9169993
0.15635,5.9169993
0.156355,5.9169993
0.15636,5.9169993
0.15636499,5.9169993
0.15637,5.9169993
0.15637499,5.9169993
0.15638,5.9169993
0.15638499,5.9169993
0.15639,5.9169993
0.156395,5.9169993
0.1564,5.9169993
0.156405,5.9169993
0.15641,5.9169993
0.156415,5.9169993
0.15641999,5.9169993
0.156425,5.9169993
0.15642999,5.9169993
0.156435,5.9169993
0.15643999,5.9169993
0.156445,5.9169993
0.15645,5.9169993
0.156455,5.9169993
0.15646,5.9169993
0.156465,5.9169993
0.15647,5.9169993
0.156475,5.9169993
0.15648,5.9169993
0.15648499,5.9169993
0.15649,5.9169993
0.15649499,5.9169993
0.1565,5.9169993
0.15650499,5.9169993
0.15651,5.9169993
0.156515,5.9169993
0.15652,5.9169993
0.156525,5.9169993
0.15653,5.9169993
0.156535,5.9169993
0.15653999,5.9169993
0.156545,5.9169993
0.15654999,5.9169993
0.156555,5.9169993
0.15655999,5.9169993
0.156565,5.9169993
0.15657,5.9169993
0.156575,5.9169993
0.15658,5.9169993
0.156585,5.9169993
0.15659,5.9169993
0.15659499,5.9169993
0.1566,5.9169993
0.15660499,5.9169993
0.15661,5.9169993
0.15661499,5.9169993
0.15662,5.9169993
0.156625,5.9169993
0.15663,5.9169993
0.156635,5.9169993
0.15664,5.9169993
0.156645,5.9169993
0.15664999,5.9169993
0.156655,5.9169993
0.15665999,5.9169993
0.156665,5.9169993
0.15666999,5.9169993
0.156675,5.9169993
0.15668,5.9169993
0.156685,5.9169993
0.15669,5.9169993
0.156695,5.9169993
0.1567,5.9169993
0.15670499,5.9169993
0.15671,5.9169993
0.15671499,5.9169993
0.15672,5.9169993
0.15672499,5.9169993
0.15673,5.9169993
0.156735,5.9169993
0.15674,5.9169993
0.156745,5.9169993
0.15675,5.9169993
0.156755,5.9169993
0.15675999,5.9169993
0.156765,5.9169993
0.15676999,5.9169993
0.156775,5.9169993
0.15677999,5.9169993
0.156785,5.9169993
0.15679,5.9169993
0.156795,5.9169993
0.1568,5.9169993
0.156805,5.9169993
0.15681,5.9169993
0.15681499,5.9169993
0.15682,5.9169993
0.15682499,5.9169993
0.15683,5.9169993
0.15683499,5.9169993
0.15684,5.9169993
0.156845,5.9169993
0.15685,5.9169993
0.156855,5.9169993
0.15686,5.9169993
0.156865,5.9169993
0.15687,5.9169993
0.156875,5.9169993
0.15687999,5.9169993
0.156885,5.9169993
0.15688999,5.9169993
0.156895,5.9169993
0.15689999,5.9169993
0.156905,5.9169993
0.15691,5.9169993
0.156915,5.9169993
0.15692,5.9169993
0.156925,5.9169993
0.15693,5.9169993
0.15693499,5.9169993
0.15694,5.9169993
0.15694499,5.9169993
0.15695,5.9169993
0.15695499,5.9169993
0.15696,5.9169993
0.156965,5.9169993
0.15697,5.9169993
0.156975,5.9169993
0.15698,5.9169993
0.156985,5.9169993
0.15698999,5.9169993
0.156995,5.9169993
0.15699999,5.9169993
0.157005,5.9169993
0.15700999,5.9169993
0.157015,5.9169993
0.15702,5.9169993
0.157025,5.9169993
0.15703,5.9169993
0.157035,5.9169993
0.15704,5.9169993
0.15704499,5.9169993
0.15705,5.9169993
0.15705499,5.9169993
0.15706,5.9169993
0.15706499,5.9169993
0.15707,5.9169993
0.157075,5.9169993
0.15708,5.9169993
0.157085,5.9169993
0.15709,5.9169993
0.157095,5.9169993
0.15709999,5.9169993
0.157105,5.9169993
0.15710999,5.9169993
0.157115,5.9169993
0.15711999,5.9169993
0.157125,5.9169993
0.15713,5.9169993
0.157135,5.9169993
0.15714,5.9169993
0.157145,5.9169993
0.15715,5.9169993
0.15715499,5.9169993
0.15716,5.9169993
0.15716499,5.9169993
0.15717,5.9169993
0.15717499,5.9169993
0.15718,5.9169993
0.157185,5.9169993
0.15719,5.9169993
0.157195,5.9169993
0.1572,5.9169993
0.157205,5.9169993
0.15720999,5.9169993
0.157215,5.9169993
0.15721999,5.9169993
0.157225,5.9169993
0.15722999,5.9169993
0.157235,5.9169993
0.15724,5.9169993
0.157245,5.9169993
0.15725,5.9169993
0.157255,5.9169993
0.15726,5.9169993
0.157265,5.9169993
0.15727,5.9169993
0.15727499,5.9169993
0.15728,5.9169993
0.15728499,5.9169993
0.15729,5.9169993
0.15729499,5.9169993
0.1573,5.9169993
0.157305,5.9169993
0.15731,5.9169993
0.157315,5.9169993
0.15732,5.9169993
0.157325,5.9169993
0.15732999,5.9169993
0.157335,5.9169993
0.15733999,5.9169993
0.157345,5.9169993
0.15734999,5.9169993
0.157355,5.9169993
0.15736,5.9169993
0.157365,5.9169993
0.15737,5.9169993
0.157375,5.9169993
0.15738,5.9169993
0.15738499,5.9169993
0.15739,5.9169993
0.15739499,5.9169993
0.1574,5.9169993
0.15740499,5.9169993
0.15741,5.9169993
0.157415,5.9169993
0.15742,5.9169993
0.157425,5.9169993
0.15743,5.9169993
0.157435,5.9169993
0.15743999,5.9169993
0.157445,5.9169993
0.15744999,5.9169993
0.157455,5.9169993
0.15745999,5.9169993
0.157465,5.9169993
0.15747,5.9169993
0.157475,5.9169993
0.15748,5.9169993
0.157485,5.9169993
0.15749,5.9169993
0.15749499,5.9169993
0.1575,5.9169993
0.15750499,5.9169993
0.15751,5.9169993
0.15751499,5.9169993
0.15752,5.9169993
0.157525,5.9169993
0.15753,5.9169993
0.157535,5.9169993
0.15754,5.9169993
0.157545,5.9169993
0.15754999,5.9169993
0.157555,5.9169993
0.15755999,5.9169993
0.157565,5.9169993
0.15756999,5.9169993
0.157575,5.9169993
0.15758,5.9169993
0.157585,5.9169993
0.15759,5.9169993
0.157595,5.9169993
0.1576,5.9169993
0.15760499,5.9169993
0.15761,5.9169993
0.15761499,5.9169993
0.15762,5.9169993
0.15762499,5.9169993
0.15763,5.9169993
0.157635,5.9169993
0.15764,5.9169993
0.157645,5.9169993
0.15765,5.9169993
0.157655,5.9169993
0.15766,5.9169993
0.157665,5.9169993
0.15766999,5.9169993
0.157675,5.9169993
0.15767999,5.9169993
0.157685,5.9169993
0.15768999,5.9169993
0.157695,5.9169993
0.1577,5.9169993
0.157705,5.9169993
0.15771,5.9169993
0.157715,5.9169993
0.15772,5.9169993
0.15772499,5.9169993
0.15773,5.9169993
0.15773499,5.9169993
0.15774,5.9169993
0.15774499,5.9169993
0.15775,5.9169993
0.157755,5.9169993
0.15776,5.9169993
0.157765,5.9169993
0.15777,5.9169993
0.157775,5.9169993
0.15777999,5.9169993
0.157785,5.9169993
0.15778999,5.9169993
0.157795,5.9169993
0.15779999,5.9169993
0.157805,5.9169993
0.15781,5.9169993
0.157815,5.9169993
0.15782,5.9169993
0.157825,5.9169993
0.15783,5.9169993
0.15783499,5.9169993
0.15784,5.9169993
0.15784499,5.9169993
0.15785,5.9169993
0.15785499,5.9169993
0.15786,5.9169993
0.157865,5.9169993
0.15787,5.9169993
0.157875,5.9169993
0.15788,5.9169993
0.157885,5.9169993
0.15788999,5.9169993
0.157895,5.9169993
0.15789999,5.9169993
0.157905,5.9169993
0.15790999,5.9169993
0.157915,5.9169993
0.15792,5.9169993
0.157925,5.9169993
0.15793,5.9169993
0.157935,5.9169993
0.15794,5.9169993
0.15794499,5.9169993
0.15795,5.9169993
0.15795499,5.9169993
0.15796,5.9169993
0.15796499,5.9169993
0.15797,5.9169993
0.157975,5.9169993
0.15798,5.9169993
0.157985,5.9169993
0.15799,5.9169993
0.157995,5.9169993
0.15799999,5.9169993
0.158005,5.9169993
0.15800999,5.9169993
0.158015,5.9169993
0.15801999,5.9169993
0.158025,5.9169993
0.15803,5.9169993
0.158035,5.9169993
0.15804,5.9169993
0.158045,5.9169993
0.15805,5.9169993
0.158055,5.9169993
0.15806,5.9169993
0.15806499,5.9169993
0.15807,5.9169993
0.15807499,5.9169993
0.15808,5.9169993
0.15808499,5.9169993
0.15809,5.9169993
0.158095,5.9169993
0.1581,5.9169993
0.158105,5.9169993
0.15811,5.9169993
0.158115,5.9169993
0.15811999,5.9169993
0.158125,5.9169993
0.15812999,5.9169993
0.158135,5.9169993
0.15813999,5.9169993
0.158145,5.9169993
0.15815,5.9169993
0.158155,5.9169993
0.15816,5.9169993
0.158165,5.9169993
0.15817,5.9169993
0.15817499,5.9169993
0.15818,5.9169993
0.15818499,5.9169993
0.15819,5.9169993
0.15819499,5.9169993
0.1582,5.9169993
0.158205,5.9169993
0.15821,5.9169993
0.158215,5.9169993
0.15822,5.9169993
0.158225,5.9169993
0.15822999,5.9169993
0.158235,5.9169993
0.15823999,5.9169993
0.158245,5.9169993
0.15824999,5.9169993
0.158255,5.9169993
0.15826,5.9169993
0.158265,5.9169993
0.15827,5.9169993
0.158275,5.9169993
0.15828,5.9169993
0.15828499,5.9169993
0.15829,5.9169993
0.15829499,5.9169993
0.1583,5.9169993
0.15830499,5.9169993
0.15831,5.9169993
0.158315,5.9169993
0.15832,5.9169993
0.158325,5.9169993
0.15833,5.9169993
0.158335,5.9169993
0.15833999,5.9169993
0.158345,5.9169993
0.15834999,5.9169993
0.158355,5.9169993
0.15835999,5.9169993
0.158365,5.9169993
0.15837,5.9169993
0.158375,5.9169993
0.15838,5.9169993
0.158385,5.9169993
0.15839,5.9169993
0.15839499,5.9169993
0.1584,5.9169993
0.15840499,5.9169993
0.15841,5.9169993
0.15841499,5.9169993
0.15842,5.9169993
0.158425,5.9169993
0.15843,5.9169993
0.158435,5.9169993
0.15844,5.9169993
0.158445,5.9169993
0.15844999,5.9169993
0.158455,5.9169993
0.15845999,5.9169993
0.158465,5.9169993
0.15846999,5.9169993
0.158475,5.9169993
0.15847999,5.9169993
0.158485,5.9169993
0.15849,5.9169993
0.158495,5.9169993
0.1585,5.9169993
0.158505,5.9169993
0.15851,5.9169993
0.15851499,5.9169993
0.15852,5.9169993
0.15852499,5.9169993
0.15853,5.9169993
0.15853499,5.9169993
0.15854,5.9169993
0.158545,5.9169993
0.15855,5.9169993
0.158555,5.9169993
0.15856,5.9169993
0.158565,5.9169993
0.15856999,5.9169993
0.158575,5.9169993
0.15857999,5.9169993
0.158585,5.9169993
0.15858999,5.9169993
0.158595,5.9169993
0.1586,5.9169993
0.158605,5.9169993
0.15861,5.9169993
0.158615,5.9169993
0.15862,5.9169993
0.15862499,5.9169993
0.15863,5.9169993
0.15863499,5.9169993
0.15864,5.9169993
0.15864499,5.9169993
0.15865,5.9169993
0.158655,5.9169993
0.15866,5.9169993
0.158665,5.9169993
0.15867,5.9169993
0.158675,5.9169993
0.15867999,5.9169993
0.158685,5.9169993
0.15868999,5.9169993
0.158695,5.9169993
0.15869999,5.9169993
0.158705,5.9169993
0.15871,5.9169993
0.158715,5.9169993
0.15872,5.9169993
0.158725,5.9169993
0.15873,5.9169993
0.15873499,5.9169993
0.15874,5.9169993
0.15874499,5.9169993
0.15875,5.9169993
0.15875499,5.9169993
0.15876,5.9169993
0.158765,5.9169993
0.15877,5.9169993
0.158775,5.9169993
0.15878,5.9169993
0.158785,5.9169993
0.15878999,5.9169993
0.158795,5.9169993
0.15879999,5.9169993
0.158805,5.9169993
0.15880999,5.9169993
0.158815,5.9169993
0.15882,5.9169993
0.158825,5.9169993
0.15883,5.9169993
0.158835,5.9169993
0.15884,5.9169993
0.15884499,5.9169993
0.15885,5.9169993
0.15885499,5.9169993
0.15886,5.9169993
0.15886499,5.9169993
0.15887,5.9169993
0.15887499,5.9169993
0.15888,5.9169993
0.158885,5.9169993
0.15889,5.9169993
0.158895,5.9169993
0.1589,5.9169993
0.158905,5.9169993
0.15890999,5.9169993
0.158915,5.9169993
0.15891999,5.9169993
0.158925,5.9169993
0.15892999,5.9169993
0.158935,5.9169993
0.15894,5.9169993
0.158945,5.9169993
0.15895,5.9169993
0.158955,5.9169993
0.15896,5.9169993
0.15896499,5.9169993
0.15897,5.9169993
0.15897499,5.9169993
0.15898,5.9169993
0.15898499,5.9169993
0.15899,5.9169993
0.158995,5.9169993
0.159,5.9169993
0.159005,5.9169993
0.15901,5.9169993
0.159015,5.9169993
0.15901999,5.9169993
0.159025,5.9169993
0.15902999,5.9169993
0.159035,5.9169993
0.15903999,5.9169993
0.159045,5.9169993
0.15905,5.9169993
0.159055,5.9169993
0.15906,5.9169993
0.159065,5.9169993
0.15907,5.9169993
0.15907499,5.9169993
0.15908,5.9169993
0.15908499,5.9169993
0.15909,5.9169993
0.15909499,5.9169993
0.1591,5.9169993
0.159105,5.9169993
0.15911,5.9169993
0.159115,5.9169993
0.15912,5.9169993
0.159125,5.9169993
0.15912999,5.9169993
0.159135,5.9169993
0.15913999,5.9169993
0.159145,5.9169993
0.15914999,5.9169993
0.159155,5.9169993
0.15916,5.9169993
0.159165,5.9169993
0.15917,5.9169993
0.159175,5.9169993
0.15918,5.9169993
0.15918499,5.9169993
0.15919,5.9169993
0.15919499,5.9169993
0.1592,5.9169993
0.15920499,5.9169993
0.15921,5.9169993
0.159215,5.9169993
0.15922,5.9169993
0.159225,5.9169993
0.15923,5.9169993
0.159235,5.9169993
0.15923999,5.9169993
0.159245,5.9169993
0.15924999,5.9169993
0.159255,5.9169993
0.15925999,5.9169993
0.159265,5.9169993
0.15926999,5.9169993
0.159275,5.9169993
0.15928,5.9169993
0.159285,5.9169993
0.15929,5.9169993
0.159295,5.9169993
0.1593,5.9169993
0.15930499,5.9169993
0.15931,5.9169993
0.15931499,5.9169993
0.15932,5.9169993
0.15932499,5.9169993
0.15933,5.9169993
0.159335,5.9169993
0.15934,5.9169993
0.159345,5.9169993
0.15935,5.9169993
0.159355,5.9169993
0.15935999,5.9169993
0.159365,5.9169993
0.15936999,5.9169993
0.159375,5.9169993
0.15937999,5.9169993
0.159385,5.9169993
0.15939,5.9169993
0.159395,5.9169993
0.1594,5.9169993
0.159405,5.9169993
0.15941,5.9169993
0.15941499,5.9169993
0.15942,5.9169993
0.15942499,5.9169993
0.15943,5.9169993
0.15943499,5.9169993
0.15944,5.9169993
0.159445,5.9169993
0.15945,5.9169993
0.159455,5.9169993
0.15946,5.9169993
0.159465,5.9169993
0.15946999,5.9169993
0.159475,5.9169993
0.15947999,5.9169993
0.159485,5.9169993
0.15948999,5.9169993
0.159495,5.9169993
0.1595,5.9169993
0.159505,5.9169993
0.15951,5.9169993
0.159515,5.9169993
0.15952,5.9169993
0.15952499,5.9169993
0.15953,5.9169993
0.15953499,5.9169993
0.15954,5.9169993
0.15954499,5.9169993
0.15955,5.9169993
0.159555,5.9169993
0.15956,5.9169993
0.159565,5.9169993
0.15957,5.9169993
0.159575,5.9169993
0.15957999,5.9169993
0.159585,5.9169993
0.15958999,5.9169993
0.159595,5.9169993
0.15959999,5.9169993
0.159605,5.9169993
0.15961,5.9169993
0.159615,5.9169993
0.15962,5.9169993
0.159625,5.9169993
0.15963,5.9169993
0.15963499,5.9169993
0.15964,5.9169993
0.15964499,5.9169993
0.15965,5.9169993
0.15965499,5.9169993
0.15966,5.9169993
0.15966499,5.9169993
0.15967,5.9169993
0.159675,5.9169993
0.15968,5.9169993
0.159685,5.9169993
0.15969,5.9169993
0.159695,5.9169993
0.15969999,5.9169993
0.159705,5.9169993
0.15970999,5.9169993
0.159715,5.9169993
0.15971999,5.9169993
0.159725,5.9169993
0.15973,5.9169993
0.159735,5.9169993
0.15974,5.9169993
0.159745,5.9169993
0.15975,5.9169993
0.15975499,5.9169993
0.15976,5.9169993
0.15976499,5.9169993
0.15977,5.9169993
0.15977499,5.9169993
0.15978,5.9169993
0.159785,5.9169993
0.15979,5.9169993
0.159795,5.9169993
0.1598,5.9169993
0.159805,5.9169993
0.15980999,5.9169993
0.159815,5.9169993
0.15981999,5.9169993
0.159825,5.9169993
0.15982999,5.9169993
0.159835,5.9169993
0.15984,5.9169993
0.159845,5.9169993
0.15985,5.9169993
0.159855,5.9169993
0.15986,5.9169993
0.15986499,5.9169993
0.15987,5.9169993
0.15987499,5.9169993
0.15988,5.9169993
0.15988499,5.9169993
0.15989,5.9169993
0.159895,5.9169993
0.1599,5.9169993
0.159905,5.9169993
0.15991,5.9169993
0.159915,5.9169993
0.15991999,5.9169993
0.159925,5.9169993
0.15992999,5.9169993
0.159935,5.9169993
0.15993999,5.9169993
0.159945,5.9169993
0.15995,5.9169993
0.159955,5.9169993
0.15996,5.9169993
0.159965,5.9169993
0.15997,5.9169993
0.15997499,5.9169993
0.15998,5.9169993
0.15998499,5.9169993
0.15999,5.9169993
0.15999499,5.9169993
0.16,5.9169993
0.160005,5.9169993
0.16001,5.9169993
0.160015,5.9169993
0.16002,5.9169993
0.160025,5.9169993
0.16002999,5.9169993
0.160035,5.9169993
0.16003999,5.9169993
0.160045,5.9169993
0.16004999,5.9169993
0.160055,5.9169993
0.16006,5.9169993
0.160065,5.9169993
0.16007,5.9169993
0.160075,5.9169993
0.16008,5.9169993
0.160085,5.9169993
0.16009,5.9169993
0.16009499,5.9169993
0.1601,5.9169993
0.16010499,5.9169993
0.16011,5.9169993
0.16011499,5.9169993
0.16012,5.9169993
0.160125,5.9169993
0.16013,5.9169993
0.160135,5.9169993
0.16014,5.9169993
0.160145,5.9169993
0.16014999,5.9169993
0.160155,5.9169993
0.16015999,5.9169993
0.160165,5.9169993
0.16016999,5.9169993
0.160175,5.9169993
0.16018,5.9169993
0.160185,5.9169993
0.16019,5.9169993
0.160195,5.9169993
0.1602,5.9169993
0.16020499,5.9169993
0.16021,5.9169993
0.16021499,5.9169993
0.16022,5.9169993
0.16022499,5.9169993
0.16023,5.9169993
0.160235,5.9169993
0.16024,5.9169993
0.160245,5.9169993
0.16025,5.9169993
0.160255,5.9169993
0.16025999,5.9169993
0.160265,5.9169993
0.16026999,5.9169993
0.160275,5.9169993
0.16027999,5.9169993
0.160285,5.9169993
0.16029,5.9169993
0.160295,5.9169993
0.1603,5.9169993
0.160305,5.9169993
0.16031,5.9169993
0.16031499,5.9169993
0.16032,5.9169993
0.16032499,5.9169993
0.16033,5.9169993
0.16033499,5.9169993
0.16034,5.9169993
0.160345,5.9169993
0.16035,5.9169993
0.160355,5.9169993
0.16036,5.9169993
0.160365,5.9169993
0.16036999,5.9169993
0.160375,5.9169993
0.16037999,5.9169993
0.160385,5.9169993
0.16038999,5.9169993
0.160395,5.9169993
0.1604,5.9169993
0.160405,5.9169993
0.16041,5.9169993
0.160415,5.9169993
0.16042,5.9169993
0.16042499,5.9169993
0.16043,5.9169993
0.16043499,5.9169993
0.16044,5.9169993
0.16044499,5.9169993
0.16045,5.9169993
0.160455,5.9169993
0.16046,5.9169993
0.160465,5.9169993
0.16047,5.9169993
0.160475,5.9169993
0.16048,5.9169993
0.160485,5.9169993
0.16048999,5.9169993
0.160495,5.9169993
0.16049999,5.9169993
0.160505,5.9169993
0.16050999,5.9169993
0.160515,5.9169993
0.16052,5.9169993
0.160525,5.9169993
0.16053,5.9169993
0.160535,5.9169993
0.16054,5.9169993
0.16054499,5.9169993
0.16055,5.9169993
0.16055499,5.9169993
0.16056,5.9169993
0.16056499,5.9169993
0.16057,5.9169993
0.160575,5.9169993
0.16058,5.9169993
0.160585,5.9169993
0.16059,5.9169993
0.160595,5.9169993
0.16059999,5.9169993
0.160605,5.9169993
0.16060999,5.9169993
0.160615,5.9169993
0.16061999,5.9169993
0.160625,5.9169993
0.16063,5.9169993
0.160635,5.9169993
0.16064,5.9169993
0.160645,5.9169993
0.16065,5.9169993
0.16065499,5.9169993
0.16066,5.9169993
0.16066499,5.9169993
0.16067,5.9169993
0.16067499,5.9169993
0.16068,5.9169993
0.160685,5.9169993
0.16069,5.9169993
0.160695,5.9169993
0.1607,5.9169993
0.160705,5.9169993
0.16070999,5.9169993
0.160715,5.9169993
0.16071999,5.9169993
0.160725,5.9169993
0.16072999,5.9169993
0.160735,5.9169993
0.16074,5.9169993
0.160745,5.9169993
0.16075,5.9169993
0.160755,5.9169993
0.16076,5.9169993
0.16076499,5.9169993
0.16077,5.9169993
0.16077499,5.9169993
0.16078,5.9169993
0.16078499,5.9169993
0.16079,5.9169993
0.160795,5.9169993
0.1608,5.9169993
0.160805,5.9169993
0.16081,5.9169993
0.160815,5.9169993
0.16081999,5.9169993
0.160825,5.9169993
0.16082999,5.9169993
0.160835,5.9169993
0.16083999,5.9169993
0.160845,5.9169993
0.16085,5.9169993
0.160855,5.9169993
0.16086,5.9169993
0.160865,5.9169993
0.16087,5.9169993
0.160875,5.9169993
0.16088,5.9169993
0.16088499,5.9169993
0.16089,5.9169993
0.16089499,5.9169993
0.1609,5.9169993
0.16090499,5.9169993
0.16091,5.9169993
0.160915,5.9169993
0.16092,5.9169993
0.160925,5.9169993
0.16093,5.9169993
0.160935,5.9169993
0.16093999,5.9169993
0.160945,5.9169993
0.16094999,5.9169993
0.160955,5.9169993
0.16095999,5.9169993
0.160965,5.9169993
0.16097,5.9169993
0.160975,5.9169993
0.16098,5.9169993
0.160985,5.9169993
0.16099,5.9169993
0.16099499,5.9169993
0.161,5.9169993
0.16100499,5.9169993
0.16101,5.9169993
0.16101499,5.9169993
0.16102,5.9169993
0.161025,5.9169993
0.16103,5.9169993
0.161035,5.9169993
0.16104,5.9169993
0.161045,5.9169993
0.16104999,5.9169993
0.161055,5.9169993
0.16105999,5.9169993
0.161065,5.9169993
0.16106999,5.9169993
0.161075,5.9169993
0.16108,5.9169993
0.161085,5.9169993
0.16109,5.9169993
0.161095,5.9169993
0.1611,5.9169993
0.16110499,5.9169993
0.16111,5.9169993
0.16111499,5.9169993
0.16112,5.9169993
0.16112499,5.9169993
0.16113,5.9169993
0.161135,5.9169993
0.16114,5.9169993
0.161145,5.9169993
0.16115,5.9169993
0.161155,5.9169993
0.16115999,5.9169993
0.161165,5.9169993
0.16116999,5.9169993
0.161175,5.9169993
0.16117999,5.9169993
0.161185,5.9169993
0.16119,5.9169993
0.161195,5.9169993
0.1612,5.9169993
0.161205,5.9169993
0.16121,5.9169993
0.16121499,5.9169993
0.16122,5.9169993
0.16122499,5.9169993
0.16123,5.9169993
0.16123499,5.9169993
0.16124,5.9169993
0.161245,5.9169993
0.16125,5.9169993
0.161255,5.9169993
0.16126,5.9169993
0.161265,5.9169993
0.16127,5.9169993
0.161275,5.9169993
0.16127999,5.9169993
0.161285,5.9169993
0.16128999,5.9169993
0.161295,5.9169993
0.16129999,5.9169993
0.161305,5.9169993
0.16131,5.9169993
0.161315,5.9169993
0.16132,5.9169993
0.161325,5.9169993
0.16133,5.9169993
0.16133499,5.9169993
0.16134,5.9169993
0.16134499,5.9169993
0.16135,5.9169993
0.16135499,5.9169993
0.16136,5.9169993
0.161365,5.9169993
0.16137,5.9169993
0.161375,5.9169993
0.16138,5.9169993
0.161385,5.9169993
0.16138999,5.9169993
0.161395,5.9169993
0.16139999,5.9169993
0.161405,5.9169993
0.16140999,5.9169993
0.161415,5.9169993
0.16142,5.9169993
0.161425,5.9169993
0.16143,5.9169993
0.161435,5.9169993
0.16144,5.9169993
0.16144499,5.9169993
0.16145,5.9169993
0.16145499,5.9169993
0.16146,5.9169993
0.16146499,5.9169993
0.16147,5.9169993
0.161475,5.9169993
0.16148,5.9169993
0.161485,5.9169993
0.16149,5.9169993
0.161495,5.9169993
0.16149999,5.9169993
0.161505,5.9169993
0.16150999,5.9169993
0.161515,5.9169993
0.16151999,5.9169993
0.161525,5.9169993
0.16153,5.9169993
0.161535,5.9169993
0.16154,5.9169993
0.161545,5.9169993
0.16155,5.9169993
0.16155499,5.9169993
0.16156,5.9169993
0.16156499,5.9169993
0.16157,5.9169993
0.16157499,5.9169993
0.16158,5.9169993
0.161585,5.9169993
0.16159,5.9169993
0.161595,5.9169993
0.1616,5.9169993
0.161605,5.9169993
0.16160999,5.9169993
0.161615,5.9169993
0.16161999,5.9169993
0.161625,5.9169993
0.16162999,5.9169993
0.161635,5.9169993
0.16164,5.9169993
0.161645,5.9169993
0.16165,5.9169993
0.161655,5.9169993
0.16166,5.9169993
0.161665,5.9169993
0.16167,5.9169993
0.16167499,5.9169993
0.16168,5.9169993
0.16168499,5.9169993
0.16169,5.9169993
0.16169499,5.9169993
0.1617,5.9169993
0.161705,5.9169993
0.16171,5.9169993
0.161715,5.9169993
0.16172,5.9169993
0.161725,5.9169993
0.16172999,5.9169993
0.161735,5.9169993
0.16173999,5.9169993
0.161745,5.9169993
0.16174999,5.9169993
0.161755,5.9169993
0.16176,5.9169993
0.161765,5.9169993
0.16177,5.9169993
0.161775,5.9169993
0.16178,5.9169993
0.16178499,5.9169993
0.16179,5.9169993
0.16179499,5.9169993
0.1618,5.9169993
0.16180499,5.9169993
0.16181,5.9169993
0.161815,5.9169993
0.16182,5.9169993
0.161825,5.9169993
0.16183,5.9169993
0.161835,5.9169993
0.16183999,5.9169993
0.161845,5.9169993
0.16184999,5.9169993
0.161855,5.9169993
0.16185999,5.9169993
0.161865,5.9169993
0.16187,5.9169993
0.161875,5.9169993
0.16188,5.9169993
0.161885,5.9169993
0.16189,5.9169993
0.16189499,5.9169993
0.1619,5.9169993
0.16190499,5.9169993
0.16191,5.9169993
0.16191499,5.9169993
0.16192,5.9169993
0.161925,5.870768
0.16193,5.824537
0.161935,5.824537
0.16194,5.824537
0.161945,5.870768
0.16194999,5.9169993
0.161955,5.9169993
0.16195999,5.9169993
0.161965,5.9169993
0.16196999,5.9169993
0.161975,5.9169993
0.16198,5.9169993
0.161985,5.9169993
0.16199,5.9169993
0.161995,5.9169993
0.162,5.9169993
0.16200499,5.9169993
0.16201,5.9169993
0.16201499,5.9169993
0.16202,5.9169993
0.16202499,5.9169993
0.16203,5.9169993
0.162035,5.9169993
0.16204,5.9169993
0.162045,5.9169993
0.16205,5.9169993
0.162055,5.9169993
0.16206,5.9169993
0.162065,5.9169993
0.16206999,5.9169993
0.162075,5.9169993
0.16207999,5.9169993
0.162085,5.9169993
0.16208999,5.9169993
0.162095,5.9169993
0.1621,5.9169993
0.162105,5.9169993
0.16211,5.9169993
0.162115,5.9169993
0.16212,5.9169993
0.16212499,5.9169993
0.16213,5.9169993
0.16213499,5.9169993
0.16214,5.9169993
0.16214499,5.9169993
0.16215,5.9169993
0.162155,5.9169993
0.16216,5.9169993
0.162165,5.9169993
0.16217,5.9169993
0.162175,5.9169993
0.16217999,5.9169993
0.162185,5.9169993
0.16218999,5.9169993
0.162195,5.9169993
0.16219999,5.9169993
0.162205,5.9169993
0.16221,5.9169993
0.162215,5.9169993
0.16222,5.9169993
0.162225,5.9169993
0.16223,5.9169993
0.16223499,5.9169993
0.16224,5.9169993
0.16224499,5.9169993
0.16225,5.9169993
0.16225499,5.9169993
0.16226,5.9169993
0.162265,5.9169993
0.16227,5.9169993
0.162275,5.9169993
0.16228,5.9169993
0.162285,5.9169993
0.16228999,5.9169993
0.162295,5.9169993
0.16229999,5.9169993
0.162305,5.9169993
0.16230999,5.9169993
0.162315,5.9169993
0.16232,5.9169993
0.162325,5.9169993
0.16233,5.9169993
0.162335,5.9169993
0.16234,5.9169993
0.16234499,5.9169993
0.16235,5.9169993
0.16235499,5.9169993
0.16236,5.9169993
0.16236499,5.9169993
0.16237,5.9169993
0.162375,5.9169993
0.16238,5.9169993
0.162385,5.9169993
0.16239,5.9169993
0.162395,5.9169993
0.16239999,5.9169993
0.162405,5.9169993
0.16240999,5.9169993
0.162415,5.9169993
0.16241999,5.9169993
0.162425,5.9169993
0.16243,5.9169993
0.162435,5.9169993
0.16244,5.9169993
0.162445,5.9169993
0.16245,5.9169993
0.16245499,5.9169993
0.16246,5.9169993
0.16246499,5.9169993
0.16247,5.9169993
0.16247499,5.9169993
0.16248,5.9169993
0.16248499,5.9169993
0.16249,5.9169993
0.162495,5.9169993
0.1625,5.9169993
0.162505,5.9169993
0.16251,5.9169993
0.162515,5.9169993
0.16251999,5.9169993
0.162525,5.9169993
0.16252999,5.9169993
0.162535,5.9169993
0.16253999,5.9169993
0.162545,5.9169993
0.16255,5.9169993
0.162555,5.9169993
0.16256,5.9169993
0.162565,5.9169993
0.16257,5.9169993
0.16257499,5.9169993
0.16258,5.9169993
0.16258499,5.9169993
0.16259,5.9169993
0.16259499,5.9169993
0.1626,5.9169993
0.162605,5.9169993
0.16261,5.9169993
0.162615,5.9169993
0.16262,5.9169993
0.162625,5.9169993
0.16262999,5.9169993
0.162635,5.9169993
0.16263999,5.9169993
0.162645,5.9169993
0.16264999,5.9169993
0.162655,5.9169993
0.16266,5.9169993
0.162665,5.9169993
0.16267,5.9169993
0.162675,5.9169993
0.16268,5.9169993
0.16268499,5.9169993
0.16269,5.9169993
0.16269499,5.9169993
0.1627,5.9169993
0.16270499,5.9169993
0.16271,5.9169993
0.162715,5.9169993
0.16272,5.9169993
0.162725,5.9169993
0.16273,5.9169993
0.162735,5.9169993
0.16273999,5.9169993
0.162745,5.9169993
0.16274999,5.9169993
0.162755,5.9169993
0.16275999,5.9169993
0.162765,5.9169993
0.16277,5.9169993
0.162775,5.9169993
0.16278,5.9169993
0.162785,5.9169993
0.16279,5.9169993
0.16279499,5.9169993
0.1628,5.9169993
0.16280499,5.9169993
0.16281,5.9169993
0.16281499,5.9169993
0.16282,5.9169993
0.162825,5.9169993
0.16283,5.9169993
0.162835,5.9169993
0.16284,5.9169993
0.162845,5.9169993
0.16284999,5.9169993
0.162855,5.9169993
0.16285999,5.9169993
0.162865,5.9169993
0.16286999,5.9169993
0.162875,5.9169993
0.16287999,5.9169993
0.162885,5.9169993
0.16289,5.9169993
0.162895,5.9169993
0.1629,5.9169993
0.162905,5.9169993
0.16291,5.9169993
0.16291499,5.9169993
0.16292,5.9169993
0.16292499,5.9169993
0.16293,5.9169993
0.16293499,5.9169993
0.16294,5.9169993
0.162945,5.9169993
0.16295,5.9169993
0.162955,5.9169993
0.16296,5.9169993
0.162965,5.9169993
0.16296999,5.9169993
0.162975,5.9169993
0.16297999,5.9169993
0.162985,5.9169993
0.16298999,5.9169993
0.162995,5.9169993
0.163,5.9169993
0.163005,5.9169993
0.16301,5.9169993
0.163015,5.9169993
0.16302,5.9169993
0.16302499,5.9169993
0.16303,5.9169993
0.16303499,5.9169993
0.16304,5.9169993
0.16304499,5.9169993
0.16305,5.9169993
0.163055,5.9169993
0.16306,5.9169993
0.163065,5.9169993
0.16307,5.9169993
0.163075,5.9169993
0.16307999,5.9169993
0.163085,5.9169993
0.16308999,5.9169993
0.163095,5.9169993
0.16309999,5.9169993
0.163105,5.9169993
0.16311,5.9169993
0.163115,5.9169993
0.16312,5.9169993
0.163125,5.9169993
0.16313,5.9169993
0.16313499,5.9169993
0.16314,5.9169993
0.16314499,5.9169993
0.16315,5.9169993
0.16315499,5.9169993
0.16316,5.9169993
0.163165,5.9169993
0.16317,5.9169993
0.163175,5.9169993
0.16318,5.9169993
0.163185,5.9169993
0.16318999,5.9169993
0.163195,5.9169993
0.16319999,5.9169993
0.163205,5.9169993
0.16320999,5.9169993
0.163215,5.9169993
0.16322,5.9169993
0.163225,5.9169993
0.16323,5.9169993
0.163235,5.9169993
0.16324,5.9169993
0.16324499,5.9169993
0.16325,5.9169993
0.16325499,5.9169993
0.16326,5.9169993
0.16326499,5.9169993
0.16327,5.9169993
0.16327499,5.9169993
0.16328,5.9169993
0.163285,5.9169993
0.16329,5.9169993
0.163295,5.9169993
0.1633,5.9169993
0.163305,5.9169993
0.16330999,5.9169993
0.163315,5.9169993
0.16331999,5.9169993
0.163325,5.9169993
0.16332999,5.9169993
0.163335,5.9169993
0.16334,5.9169993
0.163345,5.9169993
0.16335,5.9169993
0.163355,5.9169993
0.16336,5.9169993
0.16336499,5.9169993
0.16337,5.9169993
0.16337499,5.9169993
0.16338,5.9169993
0.16338499,5.9169993
0.16339,5.9169993
0.163395,5.9169993
0.1634,5.9169993
0.163405,5.9169993
0.16341,5.9169993
0.163415,5.9169993
0.16341999,5.9169993
0.163425,5.9169993
0.16342999,5.9169993
0.163435,5.9169993
0.16343999,5.9169993
0.163445,5.9169993
0.16345,5.9169993
0.163455,5.9169993
0.16346,5.9169993
0.163465,5.9169993
0.16347,5.9169993
0.16347499,5.9169993
0.16348,5.9169993
0.16348499,5.9169993
0.16349,5.9169993
0.16349499,5.9169993
0.1635,5.9169993
0.163505,5.9169993
0.16351,5.9169993
0.163515,5.9169993
0.16352,5.9169993
0.163525,5.9169993
0.16352999,5.9169993
0.163535,5.9169993
0.16353999,5.9169993
0.163545,5.9169993
0.16354999,5.9169993
0.163555,5.9169993
0.16356,5.9169993
0.163565,5.9169993
0.16357,5.9169993
0.163575,5.9169993
0.16358,5.9169993
0.16358499,5.9169993
0.16359,5.9169993
0.16359499,5.9169993
0.1636,5.9169993
0.16360499,5.9169993
0.16361,5.9169993
0.163615,5.9169993
0.16362,5.9169993
0.163625,5.9169993
0.16363,5.9169993
0.163635,5.9169993
0.16363999,5.9169993
0.163645,5.9169993
0.16364999,5.9169993
0.163655,5.9169993
0.16365999,5.9169993
0.163665,5.9169993
0.16366999,5.9169993
0.163675,5.9169993
0.16368,5.9169993
0.163685,5.9169993
0.16369,5.9169993
0.163695,5.9169993
0.1637,5.9169993
0.16370499,5.9169993
0.16371,5.9169993
0.16371499,5.9169993
0.16372,5.9169993
0.16372499,5.9169993
0.16373,5.9169993
0.163735,5.9169993
0.16374,5.9169993
0.163745,5.9169993
0.16375,5.9169993
0.163755,5.9169993
0.16375999,5.9169993
0.163765,5.9169993
0.16376999,5.9169993
0.163775,5.9169993
0.16377999,5.9169993
0.163785,5.9169993
0.16379,5.9169993
0.163795,5.9169993
0.1638,5.9169993
0.163805,5.9169993
0.16381,5.9169993
0.16381499,5.9169993
0.16382,5.9169993
0.16382499,5.9169993
0.16383,5.9169993
0.16383499,5.9169993
0.16384,5.9169993
0.163845,5.9169993
0.16385,5.9169993
0.163855,5.9169993
0.16386,5.9169993
0.163865,5.9169993
0.16386999,5.9169993
0.163875,5.9169993
0.16387999,5.9169993
0.163885,5.9169993
0.16388999,5.9169993
0.163895,5.9169993
0.1639,5.9169993
0.163905,5.9169993
0.16391,5.9169993
0.163915,5.9169993
0.16392,5.9169993
0.16392499,5.9169993
0.16393,5.9169993
0.16393499,5.9169993
0.16394,5.9169993
0.16394499,5.9169993
0.16395,5.9169993
0.163955,5.9169993
0.16396,5.9169993
0.163965,5.9169993
0.16397,5.9169993
0.163975,5.9169993
0.16397999,5.9169993
0.163985,5.9169993
0.16398999,5.9169993
0.163995,5.9169993
0.16399999,5.9169993
0.164005,5.9169993
0.16401,5.9169993
0.164015,5.9169993
0.16402,5.9169993
0.164025,5.9169993
0.16403,5.9169993
0.16403499,5.9169993
0.16404,5.9169993
0.16404499,5.9169993
0.16405,5.9169993
0.16405499,5.9169993
0.16406,5.9169993
0.16406499,5.9169993
0.16407,5.9169993
0.164075,5.9169993
0.16408,5.9169993
0.164085,5.9169993
0.16409,5.9169993
0.164095,5.9169993
0.16409999,5.9169993
0.164105,5.9169993
0.16410999,5.9169993
0.164115,5.9169993
0.16411999,5.9169993
0.164125,5.9169993
0.16413,5.9169993
0.164135,5.9169993
0.16414,5.9169993
0.164145,5.9169993
0.16415,5.9169993
0.16415499,5.9169993
0.16416,5.9169993
0.16416499,5.9169993
0.16417,5.9169993
0.16417499,5.9169993
0.16418,5.9169993
0.164185,5.9169993
0.16419,5.9169993
0.164195,5.9169993
0.1642,5.9169993
0.164205,5.9169993
0.16420999,5.9169993
0.164215,5.9169993
0.16421999,5.9169993
0.164225,5.9169993
0.16422999,5.9169993
0.164235,5.9169993
0.16424,5.9169993
0.164245,5.9169993
0.16425,5.9169993
0.164255,5.9169993
0.16426,5.9169993
0.16426499,5.9169993
0.16427,5.9169993
0.16427499,5.9169993
0.16428,5.9169993
0.16428499,5.9169993
0.16429,5.9169993
0.164295,5.9169993
0.1643,5.9169993
0.164305,5.9169993
0.16431,5.9169993
0.164315,5.9169993
0.16431999,5.9169993
0.164325,5.9169993
0.16432999,5.9169993
0.164335,5.9169993
0.16433999,5.9169993
0.164345,5.9169993
0.16435,5.9169993
0.164355,5.9169993
0.16436,5.9169993
0.164365,5.9169993
0.16437,5.9169993
0.16437499,5.9169993
0.16438,5.9169993
0.16438499,5.9169993
0.16439,5.9169993
0.16439499,5.9169993
0.1644,5.9169993
0.164405,5.9169993
0.16441,5.9169993
0.164415,5.9169993
0.16442,5.9169993
0.164425,5.9169993
0.16442999,5.9169993
0.164435,5.9169993
0.16443999,5.9169993
0.164445,5.9169993
0.16444999,5.9169993
0.164455,5.9169993
0.16445999,5.9169993
0.164465,5.9169993
0.16447,5.9169993
0.164475,5.9169993
0.16448,5.9169993
0.164485,5.9169993
0.16449,5.9169993
0.16449499,5.9169993
0.1645,5.9169993
0.16450499,5.9169993
0.16451,5.9169993
0.16451499,5.9169993
0.16452,5.9169993
0.164525,5.9169993
0.16453,5.9169993
0.164535,5.9169993
0.16454,5.9169993
0.164545,5.9169993
0.16454999,5.9169993
0.164555,5.9169993
0.16455999,5.9169993
0.164565,5.9169993
0.16456999,5.9169993
0.164575,5.9169993
0.16458,5.9169993
0.164585,5.9169993
0.16459,5.9169993
0.164595,5.9169993
0.1646,5.9169993
0.16460499,5.9169993
0.16461,5.9169993
0.16461499,5.9169993
0.16462,5.9169993
0.16462499,5.9169993
0.16463,5.9169993
0.164635,5.9169993
0.16464,5.9169993
0.164645,5.9169993
0.16465,5.9169993
0.164655,5.9169993
0.16465999,5.9169993
0.164665,5.9169993
0.16466999,5.9169993
0.164675,5.9169993
0.16467999,5.9169993
0.164685,5.9169993
0.16469,5.9169993
0.164695,5.9169993
0.1647,5.9169993
0.164705,5.9169993
0.16471,5.9169993
0.16471499,5.9169993
0.16472,5.9169993
0.16472499,5.9169993
0.16473,5.9169993
0.16473499,5.9169993
0.16474,5.9169993
0.164745,5.9169993
0.16475,5.9169993
0.164755,5.9169993
0.16476,5.9169993
0.164765,5.9169993
0.16476999,5.9169993
0.164775,5.9169993
0.16477999,5.9169993
0.164785,5.9169993
0.16478999,5.9169993
0.164795,5.9169993
0.1648,5.9169993
0.164805,5.9169993
0.16481,5.9169993
0.164815,5.9169993
0.16482,5.9169993
0.16482499,5.9169993
0.16483,5.9169993
0.16483499,5.9169993
0.16484,5.9169993
0.16484499,5.9169993
0.16485,5.9169993
0.16485499,5.9169993
0.16486,5.9169993
0.164865,5.9169993
0.16487,5.9169993
0.164875,5.9169993
0.16488,5.9169993
0.164885,5.9169993
0.16488999,5.9169993
0.164895,5.9169993
0.16489999,5.9169993
0.164905,5.9169993
0.16490999,5.9169993
0.164915,5.9169993
0.16492,5.9169993
0.164925,5.9169993
0.16493,5.9169993
0.164935,5.9169993
0.16494,5.9169993
0.16494499,5.9169993
0.16495,5.9169993
0.16495499,5.9169993
0.16496,5.9169993
0.16496499,5.9169993
0.16497,5.9169993
0.164975,5.9169993
0.16498,5.9169993
0.164985,5.9169993
0.16499,5.9169993
0.164995,5.9169993
0.16499999,5.9169993
0.165005,5.9169993
0.16500999,5.9169993
0.165015,5.9169993
0.16501999,5.9169993
0.165025,5.9169993
0.16503,5.9169993
0.165035,5.9169993
0.16504,5.9169993
0.165045,5.9169993
0.16505,5.9169993
0.16505499,5.9169993
0.16506,5.9169993
0.16506499,5.9169993
0.16507,5.9169993
0.16507499,5.9169993
0.16508,5.9169993
0.165085,5.9169993
0.16509,5.9169993
0.165095,5.9169993
0.1651,5.9169993
0.165105,5.9169993
0.16510999,5.9169993
0.165115,5.9169993
0.16511999,5.9169993
0.165125,5.9169993
0.16512999,5.9169993
0.165135,5.9169993
0.16514,5.9169993
0.165145,5.9169993
0.16515,5.9169993
0.165155,5.9169993
0.16516,5.9169993
0.16516499,5.9169993
0.16517,5.9169993
0.16517499,5.9169993
0.16518,5.9169993
0.16518499,5.9169993
0.16519,5.9169993
0.165195,5.9169993
0.1652,5.9169993
0.165205,5.9169993
0.16521,5.9169993
0.165215,5.9169993
0.16521999,5.9169993
0.165225,5.9169993
0.16522999,5.9169993
0.165235,5.9169993
0.16523999,5.9169993
0.165245,5.9169993
0.16524999,5.9169993
0.165255,5.9169993
0.16526,5.9169993
0.165265,5.9169993
0.16527,5.9169993
0.165275,5.9169993
0.16528,5.9169993
0.16528499,5.9169993
0.16529,5.9169993
0.16529499,5.9169993
0.1653,5.9169993
0.16530499,5.9169993
0.16531,5.9169993
0.165315,5.9169993
0.16532,5.9169993
0.165325,5.9169993
0.16533,5.9169993
0.165335,5.9169993
0.16533999,5.9169993
0.165345,5.9169993
0.16534999,5.9169993
0.165355,5.9169993
0.16535999,5.9169993
0.165365,5.9169993
0.16537,5.9169993
0.165375,5.9169993
0.16538,5.9169993
0.165385,5.9169993
0.16539,5.9169993
0.16539499,5.9169993
0.1654,5.9169993
0.16540499,5.9169993
0.16541,5.9169993
0.16541499,5.9169993
0.16542,5.9169993
0.165425,5.9169993
0.16543,5.9169993
0.165435,5.9169993
0.16544,5.9169993
0.165445,5.9169993
0.16544999,5.9169993
0.165455,5.9169993
0.16545999,5.9169993
0.165465,5.9169993
0.16546999,5.9169993
0.165475,5.9169993
0.16548,5.9169993
0.165485,5.9169993
0.16549,5.9169993
0.165495,5.9169993
0.1655,5.9169993
0.16550499,5.9169993
0.16551,5.9169993
0.16551499,5.9169993
0.16552,5.9169993
0.16552499,5.9169993
0.16553,5.9169993
0.165535,5.9169993
0.16554,5.9169993
0.165545,5.9169993
0.16555,5.9169993
0.165555,5.9169993
0.16555999,5.9169993
0.165565,5.9169993
0.16556999,5.9169993
0.165575,5.9169993
0.16557999,5.9169993
0.165585,5.9169993
0.16559,5.9169993
0.165595,5.9169993
0.1656,5.9169993
0.165605,5.9169993
0.16561,5.9169993
0.16561499,5.9169993
0.16562,5.9169993
0.16562499,5.9169993
0.16563,5.9169993
0.16563499,5.9169993
0.16564,5.9169993
0.16564499,5.9169993
0.16565,5.9169993
0.165655,5.9169993
0.16566,5.9169993
0.165665,5.9169993
0.16567,5.9169993
0.165675,5.9169993
0.16567999,5.9169993
0.165685,5.9169993
0.16568999,5.9169993
0.165695,5.9169993
0.16569999,5.9169993
0.165705,5.9169993
0.16571,5.9169993
0.165715,5.9169993
0.16572,5.9169993
0.165725,5.9169993
0.16573,5.9169993
0.16573499,5.9169993
0.16574,5.9169993
0.16574499,5.9169993
0.16575,5.9169993
0.16575499,5.9169993
0.16576,5.9169993
0.165765,5.9169993
0.16577,5.9169993
0.165775,5.9169993
0.16578,5.9169993
0.165785,5.9169993
0.16578999,5.9169993
0.165795,5.9169993
0.16579999,5.9169993
0.165805,5.9169993
0.16580999,5.9169993
0.165815,5.9169993
0.16582,5.9169993
0.165825,5.9169993
0.16583,5.9169993
0.165835,5.9169993
0.16584,5.9169993
0.16584499,5.9169993
0.16585,5.9169993
0.16585499,5.9169993
0.16586,5.9169993
0.16586499,5.9169993
0.16587,5.9169993
0.165875,5.9169993
0.16588,5.9169993
0.165885,5.9169993
0.16589,5.9169993
0.165895,5.9169993
0.16589999,5.9169993
0.165905,5.9169993
0.16590999,5.9169993
0.165915,5.9169993
0.16591999,5.9169993
0.165925,5.9169993
0.16593,5.9169993
0.165935,5.9169993
0.16594,5.9169993
0.165945,5.9169993
0.16595,5.9169993
0.16595499,5.9169993
0.16596,5.9169993
0.16596499,5.9169993
0.16597,5.9169993
0.16597499,5.9169993
0.16598,5.9169993
0.165985,5.9169993
0.16599,5.9169993
0.165995,5.9169993
0.166,5.9169993
0.166005,5.9169993
0.16600999,5.9169993
0.166015,5.9169993
0.16601999,5.9169993
0.166025,5.9169993
0.16602999,5.9169993
0.166035,5.9169993
0.16603999,5.9169993
0.166045,5.9169993
0.16605,5.9169993
0.166055,5.9169993
0.16606,5.9169993
0.16606499,5.9169993
0.16607,5.9169993
0.16607499,5.9169993
0.16608,5.9169993
0.16608499,5.9169993
0.16609,5.9169993
0.16609499,5.9169993
0.1661,5.9169993
0.166105,5.9169993
0.16611,5.9169993
0.166115,5.9169993
0.16612,5.9169993
0.166125,5.9169993
0.16612999,5.9169993
0.166135,5.9169993
0.16613999,5.9169993
0.166145,5.9169993
0.16614999,5.9169993
0.166155,5.9169993
0.16616,5.9169993
0.166165,5.9169993
0.16617,5.9169993
0.166175,5.9169993
0.16618,5.9169993
0.16618499,5.9169993
0.16619,5.9169993
0.16619499,5.9169993
0.1662,5.9169993
0.16620499,5.9169993
0.16621,5.9169993
0.166215,5.9169993
0.16622,5.9169993
0.166225,5.9169993
0.16623,5.9169993
0.166235,5.9169993
0.16623999,5.9169993
0.166245,5.9169993
0.16624999,5.9169993
0.166255,5.9169993
0.16625999,5.9169993
0.166265,5.9169993
0.16627,5.9169993
0.166275,5.9169993
0.16628,5.9169993
0.166285,5.9169993
0.16629,5.9169993
0.16629499,5.9169993
0.1663,5.9169993
0.16630499,5.9169993
0.16631,5.9169993
0.16631499,5.9169993
0.16632,5.9169993
0.166325,5.9169993
0.16633,5.9169993
0.166335,5.9169993
0.16634,5.9169993
0.166345,5.9169993
0.16634999,5.9169993
0.166355,5.9169993
0.16635999,5.9169993
0.166365,5.9169993
0.16636999,5.9169993
0.166375,5.9169993
0.16638,5.9169993
0.166385,5.9169993
0.16639,5.9169993
0.166395,5.9169993
0.1664,5.9169993
0.16640499,5.9169993
0.16641,5.9169993
0.16641499,5.9169993
0.16642,5.9169993
0.16642499,5.9169993
0.16643,5.9169993
0.16643499,5.9169993
0.16644,5.9169993
0.166445,5.9169993
0.16645,5.9169993
0.166455,5.9169993
0.16645999,5.9169993
0.166465,5.9169993
0.16646999,5.9169993
0.166475,5.9169993
0.16647999,5.9169993
0.166485,5.9169993
0.16648999,5.9169993
0.166495,5.9169993
0.1665,5.9169993
0.166505,5.9169993
0.16651,5.9169993
0.166515,5.9169993
0.16652,5.9169993
0.16652499,5.9169993
0.16653,5.9169993
0.16653499,5.9169993
0.16654,5.9169993
0.16654499,5.9169993
0.16655,5.9169993
0.166555,5.9169993
0.16656,5.9169993
0.166565,5.9169993
0.16657,5.9169993
0.166575,5.9169993
0.16657999,5.9169993
0.166585,5.9169993
0.16658999,5.9169993
0.166595,5.9169993
0.16659999,5.9169993
0.166605,5.9169993
0.16661,5.9169993
0.166615,5.9169993
0.16662,5.9169993
0.166625,5.9169993
0.16663,5.9169993
0.16663499,5.9169993
0.16664,5.9169993
0.16664499,5.9169993
0.16665,5.9169993
0.16665499,5.9169993
0.16666,5.9169993
0.166665,5.9169993
0.16667,5.9169993
0.166675,5.9169993
0.16668,5.9169993
0.166685,5.9169993
0.16668999,5.9169993
0.166695,5.9169993
0.16669999,5.9169993
0.166705,5.9169993
0.16670999,5.9169993
0.166715,5.9169993
0.16672,5.9169993
0.166725,5.9169993
0.16673,5.9169993
0.166735,5.9169993
0.16674,5.9169993
0.16674499,5.9169993
0.16675,5.9169993
0.16675499,5.9169993
0.16676,5.9169993
0.16676499,5.9169993
0.16677,5.9169993
0.166775,5.9169993
0.16678,5.9169993
0.166785,5.9169993
0.16679,5.9169993
0.166795,5.9169993
0.16679999,5.9169993
0.166805,5.9169993
0.16680999,5.9169993
0.166815,5.9169993
0.16681999,5.9169993
0.166825,5.9169993
0.16682999,5.9169993
0.166835,5.9169993
0.16684,5.9169993
0.166845,5.9169993
0.16685,5.9169993
0.16685499,5.9169993
0.16686,5.9169993
0.16686499,5.9169993
0.16687,5.9169993
0.16687499,5.9169993
0.16688,5.9169993
0.16688499,5.9169993
0.16689,5.9169993
0.166895,5.9169993
0.1669,5.9169993
0.166905,5.9169993
0.16691,5.9169993
0.166915,5.9169993
0.16691999,5.9169993
0.166925,5.9169993
0.16692999,5.9169993
0.166935,5.9169993
0.16693999,5.9169993
0.166945,5.9169993
0.16695,5.9169993
0.166955,5.9169993
0.16696,5.9169993
0.166965,5.9169993
0.16697,5.9169993
0.16697499,5.9169993
0.16698,5.9169993
0.16698499,5.9169993
0.16699,5.9169993
0.16699499,5.9169993
0.167,5.9169993
0.167005,5.9169993
0.16701,5.9169993
0.167015,5.9169993
0.16702,5.9169993
0.167025,5.9169993
0.16702999,5.9169993
0.167035,5.9169993
0.16703999,5.9169993
0.167045,5.9169993
0.16704999,5.9169993
0.167055,5.9169993
0.16706,5.9169993
0.167065,5.9169993
0.16707,5.9169993
0.167075,5.9169993
0.16708,5.9169993
0.16708499,5.9169993
0.16709,5.9169993
0.16709499,5.9169993
0.1671,5.9169993
0.16710499,5.9169993
0.16711,5.9169993
0.167115,5.9169993
0.16712,5.9169993
0.167125,5.9169993
0.16713,5.9169993
0.167135,5.9169993
0.16713999,5.9169993
0.167145,5.9169993
0.16714999,5.9169993
0.167155,5.9169993
0.16715999,5.9169993
0.167165,5.9169993
0.16717,5.9169993
0.167175,5.9169993
0.16718,5.9169993
0.167185,5.9169993
0.16719,5.9169993
0.16719499,5.9169993
0.1672,5.9169993
0.16720499,5.9169993
0.16721,5.9169993
0.16721499,5.9169993
0.16722,5.9169993
0.16722499,5.9169993
0.16723,5.9169993
0.167235,5.9169993
0.16724,5.9169993
0.167245,5.9169993
0.16724999,5.9169993
0.167255,5.9169993
0.16725999,5.9169993
0.167265,5.9169993
0.16726999,5.9169993
0.167275,5.9169993
0.16727999,5.9169993
0.167285,5.9169993
0.16729,5.9169993
0.167295,5.9169993
0.1673,5.9169993
0.167305,5.9169993
0.16731,5.9169993
0.16731499,5.9169993
0.16732,5.9169993
0.16732499,5.9169993
0.16733,5.9169993
0.16733499,5.9169993
0.16734,5.9169993
0.167345,5.9169993
0.16735,5.9169993
0.167355,5.9169993
0.16736,5.9169993
0.167365,5.9169993
0.16736999,5.9169993
0.167375,5.9169993
0.16737999,5.9169993
0.167385,5.9169993
0.16738999,5.9169993
0.167395,5.9169993
0.1674,5.9169993
0.167405,5.9169993
0.16741,5.9169993
0.167415,5.9169993
0.16742,5.9169993
0.16742499,5.9169993
0.16743,5.9169993
0.16743499,5.9169993
0.16744,5.9169993
0.16744499,5.9169993
0.16745,5.9169993
0.167455,5.9169993
0.16746,5.9169993
0.167465,5.9169993
0.16747,5.9169993
0.167475,5.9169993
0.16747999,5.9169993
0.167485,5.9169993
0.16748999,5.9169993
0.167495,5.9169993
0.16749999,5.9169993
0.167505,5.9169993
0.16751,5.9169993
0.167515,5.9169993
0.16752,5.9169993
0.167525,5.9169993
0.16753,5.9169993
0.16753499,5.9169993
0.16754,5.9169993
0.16754499,5.9169993
0.16755,5.9169993
0.16755499,5.9169993
0.16756,5.9169993
0.167565,5.9169993
0.16757,5.9169993
0.167575,5.9169993
0.16758,5.9169993
0.167585,5.9169993
0.16758999,5.9169993
0.167595,5.9169993
0.16759999,5.9169993
0.167605,5.9169993
0.16760999,5.9169993
0.167615,5.9169993
0.16761999,5.9169993
0.167625,5.9169993
0.16763,5.9169993
0.167635,5.9169993
0.16764,5.9169993
0.16764499,5.9169993
0.16765,5.9169993
0.16765499,5.9169993
0.16766,5.9169993
0.16766499,5.9169993
0.16767,5.9169993
0.16767499,5.9169993
0.16768,5.9169993
0.167685,5.9169993
0.16769,5.9169993
0.167695,5.9169993
0.1677,5.9169993
0.167705,5.9169993
0.16770999,5.9169993
0.167715,5.9169993
0.16771999,5.9169993
0.167725,5.9169993
0.16772999,5.9169993
0.167735,5.9169993
0.16774,5.9169993
0.167745,5.9169993
0.16775,5.9169993
0.167755,5.9169993
0.16776,5.9169993
0.16776499,5.9169993
0.16777,5.9169993
0.16777499,5.9169993
0.16778,5.9169993
0.16778499,5.9169993
0.16779,5.9169993
0.167795,5.9169993
0.1678,5.9169993
0.167805,5.9169993
0.16781,5.9169993
0.167815,5.9169993
0.16781999,5.9169993
0.167825,5.9169993
0.16782999,5.9169993
0.167835,5.9169993
0.16783999,5.9169993
0.167845,5.9169993
0.16785,5.9169993
0.167855,5.9169993
0.16786,5.9169993
0.167865,5.9169993
0.16787,5.9169993
0.16787499,5.9169993
0.16788,5.9169993
0.16788499,5.9169993
0.16789,5.9169993
0.16789499,5.9169993
0.1679,5.9169993
0.167905,5.9169993
0.16791,5.9169993
0.167915,5.9169993
0.16792,5.9169993
0.167925,5.9169993
0.16792999,5.9169993
0.167935,5.9169993
0.16793999,5.9169993
0.167945,5.9169993
0.16794999,5.9169993
0.167955,5.9169993
0.16796,5.9169993
0.167965,5.9169993
0.16797,5.9169993
0.167975,5.9169993
0.16798,5.9169993
0.16798499,5.9169993
0.16799,5.9169993
0.16799499,5.9169993
0.168,5.9169993
0.16800499,5.9169993
0.16801,5.9169993
0.168015,5.9169993
0.16802,5.9169993
0.168025,5.9169993
0.16803,5.9169993
0.168035,5.9169993
0.16803999,5.9169993
0.168045,5.9169993
0.16804999,5.9169993
0.168055,5.9169993
0.16805999,5.9169993
0.168065,5.9169993
0.16806999,5.9169993
0.168075,5.9169993
0.16808,5.9169993
0.168085,5.9169993
0.16809,5.9169993
0.168095,5.9169993
0.1681,5.9169993
0.16810499,5.9169993
0.16811,5.9169993
0.16811499,5.9169993
0.16812,5.9169993
0.16812499,5.9169993
0.16813,5.9169993
0.168135,5.9169993
0.16814,5.9169993
0.168145,5.9169993
0.16815,5.9169993
0.168155,5.9169993
0.16815999,5.9169993
0.168165,5.9169993
0.16816999,5.9169993
0.168175,5.9169993
0.16817999,5.9169993
0.168185,5.9169993
0.16819,5.9169993
0.168195,5.9169993
0.1682,5.9169993
0.168205,5.9169993
0.16821,5.9169993
0.16821499,5.9169993
0.16822,5.9169993
0.16822499,5.9169993
0.16823,5.9169993
0.16823499,5.9169993
0.16824,5.9169993
0.168245,5.9169993
0.16825,5.9169993
0.168255,5.9169993
0.16826,5.9169993
0.168265,5.9169993
0.16826999,5.9169993
0.168275,5.9169993
0.16827999,5.9169993
0.168285,5.9169993
0.16828999,5.9169993
0.168295,5.9169993
0.1683,5.9169993
0.168305,5.9169993
0.16831,5.9169993
0.168315,5.9169993
0.16832,5.9169993
0.16832499,5.9169993
0.16833,5.9169993
0.16833499,5.9169993
0.16834,5.9169993
0.16834499,5.9169993
0.16835,5.9169993
0.168355,5.9169993
0.16836,5.9169993
0.168365,5.9169993
0.16837,5.9169993
0.168375,5.9169993
0.16837999,5.9169993
0.168385,5.9169993
0.16838999,5.9169993
0.168395,5.9169993
0.16839999,5.9169993
0.168405,5.9169993
0.16841,5.9169993
0.168415,5.9169993
0.16842,5.9169993
0.168425,5.9169993
0.16843,5.9169993
0.16843499,5.9169993
0.16844,5.9169993
0.16844499,5.9169993
0.16845,5.9169993
0.16845499,5.9169993
0.16846,5.9169993
0.16846499,5.9169993
0.16847,5.9169993
0.168475,5.9169993
0.16848,5.9169993
0.168485,5.9169993
0.16849,5.9169993
0.168495,5.9169993
0.16849999,5.9169993
0.168505,5.9169993
0.16850999,5.9169993
0.168515,5.9169993
0.16851999,5.9169993
0.168525,5.9169993
0.16853,5.9169993
0.168535,5.9169993
0.16854,5.9169993
0.168545,5.9169993
0.16855,5.9169993
0.16855499,5.9169993
0.16856,5.9169993
0.16856499,5.9169993
0.16857,5.9169993
0.16857499,5.9169993
0.16858,5.9169993
0.168585,5.9169993
0.16859,5.9169993
0.168595,5.9169993
0.1686,5.9169993
0.168605,5.9169993
0.16860999,5.9169993
0.168615,5.9169993
0.16861999,5.9169993
0.168625,5.9169993
0.16862999,5.9169993
0.168635,5.9169993
0.16864,5.9169993
0.168645,5.9169993
0.16865,5.9169993
0.168655,5.9169993
0.16866,5.9169993
0.16866499,5.9169993
0.16867,5.9169993
0.16867499,5.9169993
0.16868,5.9169993
0.16868499,5.9169993
0.16869,5.9169993
0.168695,5.9169993
0.1687,5.9169993
0.168705,5.9169993
0.16871,5.9169993
0.168715,5.9169993
0.16871999,5.9169993
0.168725,5.9169993
0.16872999,5.9169993
0.168735,5.9169993
0.16873999,5.9169993
0.168745,5.9169993
0.16875,5.9169993
0.168755,5.9169993
0.16876,5.9169993
0.168765,5.9169993
0.16877,5.9169993
0.16877499,5.9169993
0.16878,5.9169993
0.16878499,5.9169993
0.16879,5.9169993
0.16879499,5.9169993
0.1688,5.9169993
0.168805,5.9169993
0.16881,5.9169993
0.168815,5.9169993
0.16882,5.9169993
0.168825,5.9169993
0.16882999,5.9169993
0.168835,5.9169993
0.16883999,5.9169993
0.168845,5.9169993
0.16884999,5.9169993
0.168855,5.9169993
0.16885999,5.9169993
0.168865,5.9169993
0.16887,5.9169993
0.168875,5.9169993
0.16888,5.9169993
0.168885,5.9169993
0.16889,5.9169993
0.16889499,5.9169993
0.1689,5.9169993
0.16890499,5.9169993
0.16891,5.9169993
0.16891499,5.9169993
0.16892,5.9169993
0.168925,5.9169993
0.16893,5.9169993
0.168935,5.9169993
0.16894,5.9169993
0.168945,5.9169993
0.16894999,5.9169993
0.168955,5.9169993
0.16895999,5.9169993
0.168965,5.9169993
0.16896999,5.9169993
0.168975,5.9169993
0.16898,5.9169993
0.168985,5.9169993
0.16899,5.9169993
0.168995,5.9169993
0.169,5.9169993
0.16900499,5.9169993
0.16901,5.9169993
0.16901499,5.9169993
0.16902,5.9169993
0.16902499,5.9169993
0.16903,5.9169993
0.169035,5.9169993
0.16904,5.9169993
0.169045,5.9169993
0.16905,5.9169993
0.169055,5.9169993
0.16905999,5.9169993
0.169065,5.9169993
0.16906999,5.9169993
0.169075,5.9169993
0.16907999,5.9169993
0.169085,5.9169993
0.16909,5.9169993
0.169095,5.9169993
0.1691,5.9169993
0.169105,5.9169993
0.16911,5.9169993
0.16911499,5.9169993
0.16912,5.9169993
0.16912499,5.9169993
0.16913,5.9169993
0.16913499,5.9169993
0.16914,5.9169993
0.169145,5.9169993
0.16915,5.9169993
0.169155,5.9169993
0.16916,5.9169993
0.169165,5.9169993
0.16916999,5.9169993
0.169175,5.9169993
0.16917999,5.9169993
0.169185,5.9169993
0.16918999,5.9169993
0.169195,5.9169993
0.1692,5.9169993
0.169205,5.9169993
0.16921,5.9169993
0.169215,5.9169993
0.16922,5.9169993
0.16922499,5.9169993
0.16923,5.9169993
0.16923499,5.9169993
0.16924,5.9169993
0.16924499,5.9169993
0.16925,5.9169993
0.16925499,5.9169993
0.16926,5.9169993
0.169265,5.9169993
0.16927,5.9169993
0.169275,5.9169993
0.16928,5.9169993
0.169285,5.9169993
0.16928999,5.9169993
0.169295,5.9169993
0.16929999,5.9169993
0.169305,5.9169993
0.16930999,5.9169993
0.169315,5.9169993
0.16932,5.9169993
0.169325,5.9169993
0.16933,5.9169993
0.169335,5.9169993
0.16934,5.9169993
0.16934499,5.9169993
0.16935,5.9169993
0.16935499,5.9169993
0.16936,5.9169993
0.16936499,5.9169993
0.16937,5.9169993
0.169375,5.9169993
0.16938,5.9169993
0.169385,5.9169993
0.16939,5.9169993
0.169395,5.9169993
0.16939999,5.9169993
0.169405,5.9169993
0.16940999,5.9169993
0.169415,5.9169993
0.16941999,5.9169993
0.169425,5.9169993
0.16943,5.9169993
0.169435,5.9169993
0.16944,5.9169993
0.169445,5.9169993
0.16945,5.9169993
0.16945499,5.9169993
0.16946,5.9169993
0.16946499,5.9169993
0.16947,5.9169993
0.16947499,5.9169993
0.16948,5.9169993
0.169485,5.9169993
0.16949,5.9169993
0.169495,5.9169993
0.1695,5.9169993
0.169505,5.9169993
0.16950999,5.9169993
0.169515,5.9169993
0.16951999,5.9169993
0.169525,5.9169993
0.16952999,5.9169993
0.169535,5.9169993
0.16954,5.9169993
0.169545,5.9169993
0.16955,5.9169993
0.169555,5.9169993
0.16956,5.9169993
0.16956499,5.9169993
0.16957,5.9169993
0.16957499,5.9169993
0.16958,5.9169993
0.16958499,5.9169993
0.16959,5.9169993
0.169595,5.9169993
0.1696,5.9169993
0.169605,5.9169993
0.16961,5.9169993
0.169615,5.9169993
0.16961999,5.9169993
0.169625,5.9169993
0.16962999,5.9169993
0.169635,5.9169993
0.16963999,5.9169993
0.169645,5.9169993
0.16964999,5.9169993
0.169655,5.9169993
0.16966,5.9169993
0.169665,5.9169993
0.16967,5.9169993
0.169675,5.9169993
0.16968,5.9169993
0.16968499,5.9169993
0.16969,5.9169993
0.16969499,5.9169993
0.1697,5.9169993
0.16970499,5.9169993
0.16971,5.9169993
0.169715,5.9169993
0.16972,5.9169993
0.169725,5.9169993
0.16973,5.9169993
0.169735,5.9169993
0.16973999,5.9169993
0.169745,5.9169993
0.16974999,5.9169993
0.169755,5.9169993
0.16975999,5.9169993
0.169765,5.9169993
0.16977,5.9169993
0.169775,5.9169993
0.16978,5.9169993
0.169785,5.9169993
0.16979,5.9169993
0.16979499,5.9169993
0.1698,5.9169993
0.16980499,5.9169993
0.16981,5.9169993
0.16981499,5.9169993
0.16982,5.9169993
0.169825,5.9169993
0.16983,5.9169993
0.169835,5.9169993
0.16984,5.9169993
0.169845,5.9169993
0.16984999,5.9169993
0.169855,5.9169993
0.16985999,5.9169993
0.169865,5.9169993
0.16986999,5.9169993
0.169875,5.9169993
0.16988,5.9169993
0.169885,5.9169993
0.16989,5.9169993
0.169895,5.9169993
0.1699,5.9169993
0.16990499,5.9169993
0.16991,5.9169993
0.16991499,5.9169993
0.16992,5.9169993
0.16992499,5.9169993
0.16993,5.9169993
0.169935,5.9169993
0.16994,5.9169993
0.169945,5.9169993
0.16995,5.9169993
0.169955,5.9169993
0.16995999,5.9169993
0.169965,5.9169993
0.16996999,5.9169993
0.169975,5.9169993
0.16997999,5.9169993
0.169985,5.9169993
0.16999,5.9169993
0.169995,5.9169993
0.17,5.9169993
0.170005,5.9169993
0.17001,5.9169993
0.17001499,5.9169993
0.17002,5.9169993
0.17002499,5.9169993
0.17003,5.9169993
0.17003499,5.9169993
0.17004,5.9169993
0.17004499,5.9169993
0.17005,5.9169993
0.170055,5.9169993
0.17006,5.9169993
0.170065,5.9169993
0.17006999,5.9169993
0.170075,5.9169993
0.17007999,5.9169993
0.170085,5.9169993
0.17008999,5.9169993
0.170095,5.9169993
0.17009999,5.9169993
0.170105,5.9169993
0.17011,5.9169993
0.170115,5.9169993
0.17012,5.9169993
0.170125,5.9169993
0.17013,5.9169993
0.17013499,5.9169993
0.17014,5.9169993
0.17014499,5.9169993
0.17015,5.9169993
0.17015499,5.9169993
0.17016,5.9169993
0.170165,5.9169993
0.17017,5.9169993
0.170175,5.9169993
0.17018,5.9169993
0.170185,5.9169993
0.17018999,5.9169993
0.170195,5.9169993
0.17019999,5.9169993
0.170205,5.9169993
0.17020999,5.9169993
0.170215,5.9169993
0.17022,5.9169993
0.170225,5.9169993
0.17023,5.9169993
0.170235,5.9169993
0.17024,5.9169993
0.17024499,5.9169993
0.17025,5.9169993
0.17025499,5.9169993
0.17026,5.9169993
0.17026499,5.9169993
0.17027,5.9169993
0.170275,5.9169993
0.17028,5.9169993
0.170285,5.9169993
0.17029,5.9169993
0.170295,5.9169993
0.17029999,5.9169993
0.170305,5.9169993
0.17030999,5.9169993
0.170315,5.9169993
0.17031999,5.9169993
0.170325,5.9169993
0.17033,5.9169993
0.170335,5.9169993
0.17034,5.9169993
0.170345,5.9169993
0.17035,5.9169993
0.17035499,5.9169993
0.17036,5.9169993
0.17036499,5.9169993
0.17037,5.9169993
0.17037499,5.9169993
0.17038,5.9169993
0.170385,5.9169993
0.17039,5.9169993
0.170395,5.9169993
0.1704,5.9169993
0.170405,5.9169993
0.17040999,5.9169993
0.170415,5.9169993
0.17041999,5.9169993
0.170425,5.9169993
0.17042999,5.9169993
0.170435,5.9169993
0.17043999,5.9169993
0.170445,5.9169993
0.17045,5.9169993
0.170455,5.9169993
0.17046,5.9169993
0.17046499,5.9169993
0.17047,5.9169993
0.17047499,5.9169993
0.17048,5.9169993
0.17048499,5.9169993
0.17049,5.9169993
0.17049499,5.9169993
0.1705,5.9169993
0.170505,5.9169993
0.17051,5.9169993
0.170515,5.9169993
0.17052,5.9169993
0.170525,5.9169993
0.17052999,5.9169993
0.170535,5.9169993
0.17053999,5.9169993
0.170545,5.9169993
0.17054999,5.9169993
0.170555,5.9169993
0.17056,5.9169993
0.170565,5.9169993
0.17057,5.9169993
0.170575,5.9169993
0.17058,5.9169993
0.17058499,5.9169993
0.17059,5.9169993
0.17059499,5.9169993
0.1706,5.9169993
0.17060499,5.9169993
0.17061,5.9169993
0.170615,5.9169993
0.17062,5.9169993
0.170625,5.9169993
0.17063,5.9169993
0.170635,5.9169993
0.17063999,5.9169993
0.170645,5.9169993
0.17064999,5.9169993
0.170655,5.9169993
0.17065999,5.9169993
0.170665,5.9169993
0.17067,5.9169993
0.170675,5.9169993
0.17068,5.9169993
0.170685,5.9169993
0.17069,5.9169993
0.17069499,5.9169993
0.1707,5.9169993
0.17070499,5.9169993
0.17071,5.9169993
0.17071499,5.9169993
0.17072,5.9169993
0.170725,5.9169993
0.17073,5.9169993
0.170735,5.9169993
0.17074,5.9169993
0.170745,5.9169993
0.17074999,5.9169993
0.170755,5.9169993
0.17075999,5.9169993
0.170765,5.9169993
0.17076999,5.9169993
0.170775,5.9169993
0.17078,5.9169993
0.170785,5.9169993
0.17079,5.9169993
0.170795,5.9169993
0.1708,5.9169993
0.17080499,5.9169993
0.17081,5.9169993
0.17081499,5.9169993
0.17082,5.9169993
0.17082499,5.9169993
0.17083,5.9169993
0.17083499,5.9169993
0.17084,5.9169993
0.170845,5.9169993
0.17085,5.9169993
0.170855,5.9169993
0.17085999,5.9169993
0.170865,5.9169993
0.17086999,5.9169993
0.170875,5.9169993
0.17087999,5.9169993
0.170885,5.9169993
0.17088999,5.9169993
0.170895,5.9169993
0.1709,5.9169993
0.170905,5.9169993
0.17091,5.9169993
0.170915,5.9169993
0.17092,5.9169993
0.17092499,5.9169993
0.17093,5.9169993
0.17093499,5.9169993
0.17094,5.9169993
0.17094499,5.9169993
0.17095,5.9169993
0.170955,5.9169993
0.17096,5.9169993
0.170965,5.9169993
0.17097,5.9169993
0.170975,5.9169993
0.17097999,5.9169993
0.170985,5.9169993
0.17098999,5.9169993
0.170995,5.9169993
0.17099999,5.9169993
0.171005,5.9169993
0.17101,5.9169993
0.171015,5.9169993
0.17102,5.9169993
0.171025,5.9169993
0.17103,5.9169993
0.17103499,5.9169993
0.17104,5.9169993
0.17104499,5.9169993
0.17105,5.9169993
0.17105499,5.9169993
0.17106,5.9169993
0.171065,5.9169993
0.17107,5.9169993
0.171075,5.9169993
0.17108,5.9169993
0.171085,5.9169993
0.17108999,5.9169993
0.171095,5.9169993
0.17109999,5.9169993
0.171105,5.9169993
0.17110999,5.9169993
0.171115,5.9169993
0.17112,5.9169993
0.171125,5.9169993
0.17113,5.9169993
0.171135,5.9169993
0.17114,5.9169993
0.17114499,5.9169993
0.17115,5.9169993
0.17115499,5.9169993
0.17116,5.9169993
0.17116499,5.9169993
0.17117,5.9169993
0.171175,5.9169993
0.17118,5.9169993
0.171185,5.9169993
0.17119,5.9169993
0.171195,5.9169993
0.17119999,5.9169993
0.171205,5.9169993
0.17120999,5.9169993
0.171215,5.9169993
0.17121999,5.9169993
0.171225,5.9169993
0.17122999,5.9169993
0.171235,5.9169993
0.17124,5.9169993
0.171245,5.9169993
0.17125,5.9169993
0.17125499,5.9169993
0.17126,5.9169993
0.17126499,5.9169993
0.17127,5.9169993
0.17127499,5.9169993
0.17128,5.9169993
0.17128499,5.9169993
0.17129,5.9169993
0.171295,5.9169993
0.1713,5.9169993
0.171305,5.9169993
0.17131,5.9169993
0.171315,5.9169993
0.17131999,5.9169993
0.171325,5.9169993
0.17132999,5.9169993
0.171335,5.9169993
0.17133999,5.9169993
0.171345,5.9169993
0.17135,5.9169993
0.171355,5.9169993
0.17136,5.9169993
0.171365,5.9169993
0.17137,5.9169993
0.17137499,5.9169993
0.17138,5.9169993
0.17138499,5.9169993
0.17139,5.9169993
0.17139499,5.9169993
0.1714,5.9169993
0.171405,5.9169993
0.17141,5.9169993
0.171415,5.9169993
0.17142,5.9169993
0.171425,5.9169993
0.17142999,5.9169993
0.171435,5.9169993
0.17143999,5.9169993
0.171445,5.9169993
0.17144999,5.9169993
0.171455,5.9169993
0.17146,5.9169993
0.171465,5.9169993
0.17147,5.9169993
0.171475,5.9169993
0.17148,5.9169993
0.17148499,5.9169993
0.17149,5.9169993
0.17149499,5.9169993
0.1715,5.9169993
0.17150499,5.9169993
0.17151,5.9169993
0.171515,5.9169993
0.17152,5.9169993
0.171525,5.9169993
0.17153,5.9169993
0.171535,5.9169993
0.17153999,5.9169993
0.171545,5.9169993
0.17154999,5.9169993
0.171555,5.9169993
0.17155999,5.9169993
0.171565,5.9169993
0.17157,5.9169993
0.171575,5.9169993
0.17158,5.9169993
0.171585,5.9169993
0.17159,5.9169993
0.17159499,5.9169993
0.1716,5.9169993
0.17160499,5.9169993
0.17161,5.9169993
0.17161499,5.9169993
0.17162,5.9169993
0.17162499,5.9169993
0.17163,5.9169993
0.171635,5.9169993
0.17164,5.9169993
0.171645,5.9169993
0.17164999,5.9169993
0.171655,5.9169993
0.17165999,5.9169993
0.171665,5.9169993
0.17166999,5.9169993
0.171675,5.9169993
0.17167999,5.9169993
0.171685,5.9169993
0.17169,5.9169993
0.171695,5.9169993
0.1717,5.9169993
0.171705,5.9169993
0.17171,5.9169993
0.17171499,5.9169993
0.17172,5.9169993
0.17172499,5.9169993
0.17173,5.9169993
0.17173499,5.9169993
0.17174,5.9169993
0.171745,5.9169993
0.17175,5.9169993
0.171755,5.9169993
0.17176,5.9169993
0.171765,5.9169993
0.17176999,5.9169993
0.171775,5.9169993
0.17177999,5.9169993
0.171785,5.9169993
0.17178999,5.9169993
0.171795,5.9169993
0.1718,5.9169993
0.171805,5.9169993
0.17181,5.9169993
0.171815,5.9169993
0.17182,5.9169993
0.17182499,5.9169993
0.17183,5.9169993
0.17183499,5.9169993
0.17184,5.9169993
0.17184499,5.9169993
0.17185,5.9169993
0.171855,5.9169993
0.17186,5.9169993
0.171865,5.9169993
0.17187,5.9169993
0.171875,5.9169993
0.17187999,5.9169993
0.171885,5.9169993
0.17188999,5.9169993
0.171895,5.9169993
0.17189999,5.9169993
0.171905,5.9169993
0.17191,5.9169993
0.171915,5.9169993
0.17192,5.9169993
0.171925,5.9169993
0.17193,5.9169993
0.17193499,5.9169993
0.17194,5.9169993
0.17194499,5.9169993
0.17195,5.9169993
0.17195499,5.9169993
0.17196,5.9169993
0.171965,5.9169993
0.17197,5.9169993
0.171975,5.9169993
0.17198,5.9169993
0.171985,5.9169993
0.17198999,5.9169993
0.171995,5.9169993
0.17199999,5.9169993
0.172005,5.9169993
0.17200999,5.9169993
0.172015,5.9169993
0.17201999,5.9169993
0.172025,5.9169993
0.17203,5.9169993
0.172035,5.9169993
0.17204,5.9169993
0.17204499,5.9169993
0.17205,5.9169993
0.17205499,5.9169993
0.17206,5.9169993
0.17206499,5.9169993
0.17207,5.9169993
0.17207499,5.9169993
0.17208,5.9169993
0.172085,5.9169993
0.17209,5.9169993
0.172095,5.9169993
0.1721,5.9169993
0.172105,5.9169993
0.17210999,5.9169993
0.172115,5.9169993
0.17211999,5.9169993
0.172125,5.9169993
0.17212999,5.9169993
0.172135,5.9169993
0.17214,5.9169993
0.172145,5.9169993
0.17215,5.9169993
0.172155,5.9169993
0.17216,5.9169993
0.17216499,5.9169993
0.17217,5.9169993
0.17217499,5.9169993
0.17218,5.9169993
0.17218499,5.9169993
0.17219,5.9169993
0.172195,5.9169993
0.1722,5.9169993
0.172205,5.9169993
0.17221,5.9169993
0.172215,5.9169993
0.17221999,5.9169993
0.172225,5.9169993
0.17222999,5.9169993
0.172235,5.9169993
0.17223999,5.9169993
0.172245,5.9169993
0.17225,5.9169993
0.172255,5.9169993
0.17226,5.9169993
0.172265,5.9169993
0.17227,5.9169993
0.17227499,5.9169993
0.17228,5.9169993
0.17228499,5.9169993
0.17229,5.9169993
0.17229499,5.9169993
0.1723,5.9169993
0.172305,5.9169993
0.17231,5.9169993
0.172315,5.9169993
0.17232,5.9169993
0.172325,5.9169993
0.17232999,5.9169993
0.172335,5.9169993
0.17233999,5.9169993
0.172345,5.9169993
0.17234999,5.9169993
0.172355,5.9169993
0.17236,5.9169993
0.172365,5.9169993
0.17237,5.9169993
0.172375,5.9169993
0.17238,5.9169993
0.17238499,5.9169993
0.17239,5.9169993
0.17239499,5.9169993
0.1724,5.9169993
0.17240499,5.9169993
0.17241,5.9169993
0.17241499,5.9169993
0.17242,5.9169993
0.172425,5.9169993
0.17243,5.9169993
0.172435,5.9169993
0.17243999,5.9169993
0.172445,5.9169993
0.17244999,5.9169993
0.172455,5.9169993
0.17245999,5.9169993
0.172465,5.9169993
0.17246999,5.9169993
0.172475,5.9169993
0.17248,5.9169993
0.172485,5.9169993
0.17249,5.9169993
0.172495,5.9169993
0.1725,5.9169993
0.17250499,5.9169993
0.17251,5.9169993
0.17251499,5.9169993
0.17252,5.9169993
0.17252499,5.9169993
0.17253,5.9169993
0.172535,5.9169993
0.17254,5.9169993
0.172545,5.9169993
0.17255,5.9169993
0.172555,5.9169993
0.17255999,5.9169993
0.172565,5.9169993
0.17256999,5.9169993
0.172575,5.9169993
0.17257999,5.9169993
0.172585,5.9169993
0.17259,5.9169993
0.172595,5.9169993
0.1726,5.9169993
0.172605,5.9169993
0.17261,5.9169993
0.17261499,5.9169993
0.17262,5.9169993
0.17262499,5.9169993
0.17263,5.9169993
0.17263499,5.9169993
0.17264,5.9169993
0.172645,5.9169993
0.17265,5.9169993
0.172655,5.9169993
0.17266,5.9169993
0.172665,5.9169993
0.17266999,5.9169993
0.172675,5.9169993
0.17267999,5.9169993
0.172685,5.9169993
0.17268999,5.9169993
0.172695,5.9169993
0.1727,5.9169993
0.172705,5.9169993
0.17271,5.9169993
0.172715,5.9169993
0.17272,5.9169993
0.17272499,5.9169993
0.17273,5.9169993
0.17273499,5.9169993
0.17274,5.9169993
0.17274499,5.9169993
0.17275,5.9169993
0.172755,5.9169993
0.17276,5.9169993
0.172765,5.9169993
0.17277,5.9169993
0.172775,5.9169993
0.17277999,5.9169993
0.172785,5.9169993
0.17278999,5.9169993
0.172795,5.9169993
0.17279999,5.9169993
0.172805,5.9169993
0.17280999,5.9169993
0.172815,5.9169993
0.17282,5.9169993
0.172825,5.9169993
0.17283,5.9169993
0.17283499,5.9169993
0.17284,5.9169993
0.17284499,5.9169993
0.17285,5.9169993
0.17285499,5.9169993
0.17286,5.9169993
0.17286499,5.9169993
0.17287,5.9169993
0.172875,5.9169993
0.17288,5.9169993
0.172885,5.9169993
0.17289,5.9169993
0.172895,5.9169993
0.17289999,5.9169993
0.172905,5.9169993
0.17290999,5.9169993
0.172915,5.9169993
0.17291999,5.9169993
0.172925,5.9169993
0.17293,5.9169993
0.172935,5.9169993
0.17294,5.9169993
0.172945,5.9169993
0.17295,5.9169993
0.17295499,5.9169993
0.17296,5.9169993
0.17296499,5.9169993
0.17297,5.9169993
0.17297499,5.9169993
0.17298,5.9169993
0.172985,5.9169993
0.17299,5.9169993
0.172995,5.9169993
0.173,5.9169993
0.173005,5.9169993
0.17300999,5.9169993
0.173015,5.9169993
0.17301999,5.9169993
0.173025,5.9169993
0.17302999,5.9169993
0.173035,5.9169993
0.17304,5.9169993
0.173045,5.9169993
0.17305,5.9169993
0.173055,5.9169993
0.17306,5.9169993
0.17306499,5.9169993
0.17307,5.9169993
0.17307499,5.9169993
0.17308,5.9169993
0.17308499,5.9169993
0.17309,5.9169993
0.173095,5.9169993
0.1731,5.9169993
0.173105,5.9169993
0.17311,5.9169993
0.173115,5.9169993
0.17311999,5.9169993
0.173125,5.9169993
0.17312999,5.9169993
0.173135,5.9169993
0.17313999,5.9169993
0.173145,5.9169993
0.17315,5.9169993
0.173155,5.9169993
0.17316,5.9169993
0.173165,5.9169993
0.17317,5.9169993
0.17317499,5.9169993
0.17318,5.9169993
0.17318499,5.9169993
0.17319,5.9169993
0.17319499,5.9169993
0.1732,5.9169993
0.17320499,5.9169993
0.17321,5.9169993
0.173215,5.9169993
0.17322,5.9169993
0.173225,5.9169993
0.17322999,5.9169993
0.173235,5.9169993
0.17323999,5.9169993
0.173245,5.9169993
0.17324999,5.9169993
0.173255,5.9169993
0.17325999,5.9169993
0.173265,5.9169993
0.17327,5.9169993
0.173275,5.9169993
0.17328,5.9169993
0.173285,5.9169993
0.17329,5.9169993
0.17329499,5.9169993
0.1733,5.9169993
0.17330499,5.9169993
0.17331,5.9169993
0.17331499,5.9169993
0.17332,5.9169993
0.173325,5.9169993
0.17333,5.9169993
0.173335,5.9169993
0.17334,5.9169993
0.173345,5.9169993
0.17334999,5.9169993
0.173355,5.9169993
0.17335999,5.9169993
0.173365,5.9169993
0.17336999,5.9169993
0.173375,5.9169993
0.17338,5.9169993
0.173385,5.9169993
0.17339,5.9169993
0.173395,5.9169993
0.1734,5.9169993
0.17340499,5.9169993
0.17341,5.9169993
0.17341499,5.9169993
0.17342,5.9169993
0.17342499,5.9169993
0.17343,5.9169993
0.173435,5.9169993
0.17344,5.9169993
0.173445,5.9169993
0.17345,5.9169993
0.173455,5.9169993
0.17345999,5.9169993
0.173465,5.9169993
0.17346999,5.9169993
0.173475,5.9169993
0.17347999,5.9169993
0.173485,5.9169993
0.17349,5.9169993
0.173495,5.9169993
0.1735,5.9169993
0.173505,5.9169993
0.17351,5.9169993
0.17351499,5.9169993
0.17352,5.9169993
0.17352499,5.9169993
0.17353,5.9169993
0.17353499,5.9169993
0.17354,5.9169993
0.173545,5.9169993
0.17355,5.9169993
0.173555,5.9169993
0.17356,5.9169993
0.173565,5.9169993
0.17356999,5.9169993
0.173575,5.9169993
0.17357999,5.9169993
0.173585,5.9169993
0.17358999,5.9169993
0.173595,5.9169993
0.17359999,5.9169993
0.173605,5.9169993
0.17361,5.9169993
0.173615,5.9169993
0.17362,5.9169993
0.17362499,5.9169993
0.17363,5.9169993
0.17363499,5.9169993
0.17364,5.9169993
0.17364499,5.9169993
0.17365,5.9169993
0.17365499,5.9169993
0.17366,5.9169993
0.173665,5.9169993
0.17367,5.9169993
0.173675,5.9169993
0.17368,5.9169993
0.173685,5.9169993
0.17368999,5.9169993
0.173695,5.9169993
0.17369999,5.9169993
0.173705,5.9169993
0.17370999,5.9169993
0.173715,5.9169993
0.17372,5.9169993
0.173725,5.9169993
0.17373,5.9169993
0.173735,5.9169993
0.17374,5.9169993
0.17374499,5.9169993
0.17375,5.9169993
0.17375499,5.9169993
0.17376,5.9169993
0.17376499,5.9169993
0.17377,5.9169993
0.173775,5.9169993
0.17378,5.9169993
0.173785,5.9169993
0.17379,5.9169993
0.173795,5.9169993
0.17379999,5.9169993
0.173805,5.9169993
0.17380999,5.9169993
0.173815,5.9169993
0.17381999,5.9169993
0.173825,5.9169993
0.17383,5.9169993
0.173835,5.9169993
0.17384,5.9169993
0.173845,5.9169993
0.17385,5.9169993
0.17385499,5.9169993
0.17386,5.9169993
0.17386499,5.9169993
0.17387,5.9169993
0.17387499,5.9169993
0.17388,5.9169993
0.173885,5.9169993
0.17389,5.9169993
0.173895,5.9169993
0.1739,5.9169993
0.173905,5.9169993
0.17390999,5.9169993
0.173915,5.9169993
0.17391999,5.9169993
0.173925,5.9169993
0.17392999,5.9169993
0.173935,5.9169993
0.17394,5.9169993
0.173945,5.9169993
0.17395,5.9169993
0.173955,5.9169993
0.17396,5.9169993
0.17396499,5.9169993
0.17397,5.9169993
0.17397499,5.9169993
0.17398,5.9169993
0.17398499,5.9169993
0.17399,5.9169993
0.17399499,5.9169993
0.174,5.9169993
0.174005,5.9169993
0.17401,5.9169993
0.174015,5.9169993
0.17401999,5.9169993
0.174025,5.9169993
0.17402999,5.9169993
0.174035,5.9169993
0.17403999,5.9169993
0.174045,5.9169993
0.17404999,5.9169993
0.174055,5.9169993
0.17406,5.9169993
0.174065,5.9169993
0.17407,5.9169993
0.17407499,5.9169993
0.17408,5.9169993
0.17408499,5.9169993
0.17409,5.9169993
0.17409499,5.9169993
0.1741,5.9169993
0.17410499,5.9169993
0.17411,5.9169993
0.174115,5.9169993
0.17412,5.9169993
0.174125,5.9169993
0.17413,5.9169993
0.174135,5.9169993
0.17413999,5.9169993
0.174145,5.9169993
0.17414999,5.9169993
0.174155,5.9169993
0.17415999,5.9169993
0.174165,5.9169993
0.17417,5.9169993
0.174175,5.9169993
0.17418,5.9169993
0.174185,5.9169993
0.17419,5.9169993
0.17419499,5.9169993
0.1742,5.9169993
0.17420499,5.9169993
0.17421,5.9169993
0.17421499,5.9169993
0.17422,5.9169993
0.174225,5.9169993
0.17423,5.9169993
0.174235,5.9169993
0.17424,5.9169993
0.174245,5.9169993
0.17424999,5.9169993
0.174255,5.9169993
0.17425999,5.9169993
0.174265,5.9169993
0.17426999,5.9169993
0.174275,5.9169993
0.17428,5.9169993
0.174285,5.9169993
0.17429,5.9169993
0.174295,5.9169993
0.1743,5.9169993
0.17430499,5.9169993
0.17431,5.9169993
0.17431499,5.9169993
0.17432,5.9169993
0.17432499,5.9169993
0.17433,5.9169993
0.174335,5.9169993
0.17434,5.9169993
0.174345,5.9169993
0.17435,5.9169993
0.174355,5.9169993
0.17435999,5.9169993
0.174365,5.9169993
0.17436999,5.9169993
0.174375,5.9169993
0.17437999,5.9169993
0.174385,5.9169993
0.17438999,5.9169993
0.174395,5.9169993
0.1744,5.9169993
0.174405,5.9169993
0.17441,5.9169993
0.17441499,5.9169993
0.17442,5.9169993
0.17442499,5.9169993
0.17443,5.9169993
0.17443499,5.9169993
0.17444,5.9169993
0.17444499,5.9169993
0.17445,5.9169993
0.174455,5.9169993
0.17446,5.9169993
0.174465,5.9169993
0.17446999,5.9169993
0.174475,5.9169993
0.17447999,5.9169993
0.174485,5.9169993
0.17448999,5.9169993
0.174495,5.9169993
0.17449999,5.9169993
0.174505,5.9169993
0.17451,5.9169993
0.174515,5.9169993
0.17452,5.9169993
0.174525,5.9169993
0.17453,5.9169993
0.17453499,5.9169993
0.17454,5.9169993
0.17454499,5.9169993
0.17455,5.9169993
0.17455499,5.9169993
0.17456,5.9169993
0.174565,5.9169993
0.17457,5.9169993
0.174575,5.9169993
0.17458,5.9169993
0.174585,5.9169993
0.17458999,5.9169993
0.174595,5.9169993
0.17459999,5.9169993
0.174605,5.9169993
0.17460999,5.9169993
0.174615,5.9169993
0.17462,5.9169993
0.174625,5.9169993
0.17463,5.9169993
0.174635,5.9169993
0.17464,5.9169993
0.17464499,5.9169993
0.17465,5.9169993
0.17465499,5.9169993
0.17466,5.9169993
0.17466499,5.9169993
0.17467,5.9169993
0.174675,5.9169993
0.17468,5.9169993
0.174685,5.9169993
0.17469,5.9169993
0.174695,5.9169993
0.17469999,5.9169993
0.174705,5.9169993
0.17470999,5.9169993
0.174715,5.9169993
0.17471999,5.9169993
0.174725,5.9169993
0.17473,5.9169993
0.174735,5.9169993
0.17474,5.9169993
0.174745,5.9169993
0.17475,5.9169993
0.17475499,5.9169993
0.17476,5.9169993
0.17476499,5.9169993
0.17477,5.9169993
0.17477499,5.9169993
0.17478,5.9169993
0.17478499,5.9169993
0.17479,5.9169993
0.174795,5.9169993
0.1748,5.9169993
0.174805,5.9169993
0.17480999,5.9169993
0.174815,5.9169993
0.17481999,5.9169993
0.174825,5.9169993
0.17482999,5.9169993
0.174835,5.9169993
0.17483999,5.9169993
0.174845,5.9169993
0.17485,5.9169993
0.174855,5.9169993
0.17486,5.9169993
0.17486499,5.9169993
0.17487,5.9169993
0.17487499,5.9169993
0.17488,5.9169993
0.17488499,5.9169993
0.17489,5.9169993
0.17489499,5.9169993
0.1749,5.9169993
0.174905,5.9169993
0.17491,5.9169993
0.174915,5.9169993
0.17492,5.9169993
0.174925,5.9169993
0.17492999,5.9169993
0.174935,5.9169993
0.17493999,5.9169993
0.174945,5.9169993
0.17494999,5.9169993
0.174955,5.9169993
0.17496,5.9169993
0.174965,5.9169993
0.17497,5.9169993
0.174975,5.9169993
0.17498,5.9169993
0.17498499,5.9169993
0.17499,5.9169993
0.17499499,5.9169993
0.175,5.9169993
0.17500499,5.9169993
0.17501,5.9169993
0.175015,5.9169993
0.17502,5.9169993
0.175025,5.9169993
0.17503,5.9169993
0.175035,5.9169993
0.17503999,5.9169993
0.175045,5.9169993
0.17504999,5.9169993
0.175055,5.9169993
0.17505999,5.9169993
0.175065,5.9169993
0.17507,5.9169993
0.175075,5.9169993
0.17508,5.9169993
0.175085,5.9169993
0.17509,5.9169993
0.17509499,5.9169993
0.1751,5.9169993
0.17510499,5.9169993
0.17511,5.9169993
0.17511499,5.9169993
0.17512,5.9169993
0.175125,5.9169993
0.17513,5.9169993
0.175135,5.9169993
0.17514,5.9169993
0.175145,5.9169993
0.17514999,5.9169993
0.175155,5.9169993
0.17515999,5.9169993
0.175165,5.9169993
0.17516999,5.9169993
0.175175,5.9169993
0.17517999,5.9169993
0.175185,5.9169993
0.17519,5.9169993
0.175195,5.9169993
0.1752,5.9169993
0.17520499,5.9169993
0.17521,5.9169993
0.17521499,5.9169993
0.17522,5.9169993
0.17522499,5.9169993
0.17523,5.9169993
0.17523499,5.9169993
0.17524,5.9169993
0.175245,5.9169993
0.17525,5.9169993
0.175255,5.9169993
0.17525999,5.9169993
0.175265,5.9169993
0.17526999,5.9169993
0.175275,5.9169993
0.17527999,5.9169993
0.175285,5.9169993
0.17528999,5.9169993
0.175295,5.9169993
0.1753,5.9169993
0.175305,5.9169993
0.17531,5.9169993
0.175315,5.9169993
0.17532,5.9169993
0.17532499,5.9169993
0.17533,5.9169993
0.17533499,5.9169993
0.17534,5.9169993
0.17534499,5.9169993
0.17535,5.9169993
0.175355,5.9169993
0.17536,5.9169993
0.175365,5.9169993
0.17537,5.9169993
0.175375,5.9169993
0.17537999,5.9169993
0.175385,5.9169993
0.17538999,5.9169993
0.175395,5.9169993
0.17539999,5.9169993
0.175405,5.9169993
0.17541,5.9169993
0.175415,5.9169993
0.17542,5.9169993
0.175425,5.9169993
0.17543,5.9169993
0.17543499,5.9169993
0.17544,5.9169993
0.17544499,5.9169993
0.17545,5.9169993
0.17545499,5.9169993
0.17546,5.9169993
0.175465,5.9169993
0.17547,5.9169993
0.175475,5.9169993
0.17548,5.9169993
0.175485,5.9169993
0.17548999,5.9169993
0.175495,5.9169993
0.17549999,5.9169993
0.175505,5.9169993
0.17550999,5.9169993
0.175515,5.9169993
0.17552,5.9169993
0.175525,5.9169993
0.17553,5.9169993
0.175535,5.9169993
0.17554,5.9169993
0.17554499,5.9169993
0.17555,5.9169993
0.17555499,5.9169993
0.17556,5.9169993
0.17556499,5.9169993
0.17557,5.9169993
0.17557499,5.9169993
0.17558,5.9169993
0.175585,5.9169993
0.17559,5.9169993
0.175595,5.9169993
0.17559999,5.9169993
0.175605,5.9169993
0.17560999,5.9169993
0.175615,5.9169993
0.17561999,5.9169993
0.175625,5.9169993
0.17562999,5.9169993
0.175635,5.9169993
0.17564,5.9169993
0.175645,5.9169993
0.17565,5.9169993
0.17565499,5.9169993
0.17566,5.9169993
0.17566499,5.9169993
0.17567,5.9169993
0.17567499,5.9169993
0.17568,5.9169993
0.17568499,5.9169993
0.17569,5.9169993
0.175695,5.9169993
0.1757,5.9169993
0.175705,5.9169993
0.17571,5.9169993
0.175715,5.9169993
0.17571999,5.9169993
0.175725,5.9169993
0.17572999,5.9169993
0.175735,5.9169993
0.17573999,5.9169993
0.175745,5.9169993
0.17575,5.9169993
0.175755,5.9169993
0.17576,5.9169993
0.175765,5.9169993
0.17577,5.9169993
0.17577499,5.9169993
0.17578,5.9169993
0.17578499,5.9169993
0.17579,5.9169993
0.17579499,5.9169993
0.1758,5.9169993
0.175805,5.9169993
0.17581,5.9169993
0.175815,5.9169993
0.17582,5.9169993
0.175825,5.9169993
0.17582999,5.9169993
0.175835,5.9169993
0.17583999,5.9169993
0.175845,5.9169993
0.17584999,5.9169993
0.175855,5.9169993
0.17586,5.9169993
0.175865,5.9169993
0.17587,5.9169993
0.175875,5.9169993
0.17588,5.9169993
0.17588499,5.9169993
0.17589,5.9169993
0.17589499,5.9169993
0.1759,5.9169993
0.17590499,5.9169993
0.17591,5.9169993
0.175915,5.9169993
0.17592,5.9169993
0.175925,5.9169993
0.17593,5.9169993
0.175935,5.9169993
0.17593999,5.9169993
0.175945,5.9169993
0.17594999,5.9169993
0.175955,5.9169993
0.17595999,5.9169993
0.175965,5.9169993
0.17596999,5.9169993
0.175975,5.9169993
0.17598,5.9169993
0.175985,5.9169993
0.17599,5.9169993
0.17599499,5.9169993
0.176,5.9169993
0.17600499,5.9169993
0.17601,5.9169993
0.17601499,5.9169993
0.17602,5.9169993
0.17602499,5.9169993
0.17603,5.9169993
0.176035,5.9169993
0.17604,5.9169993
0.176045,5.9169993
0.17604999,5.9169993
0.176055,5.9169993
0.17605999,5.9169993
0.176065,5.9169993
0.17606999,5.9169993
0.176075,5.9169993
0.17607999,5.9169993
0.176085,5.9169993
0.17609,5.9169993
0.176095,5.9169993
0.1761,5.9169993
0.176105,5.9169993
0.17611,5.9169993
0.17611499,5.9169993
0.17612,5.9169993
0.17612499,5.9169993
0.17613,5.9169993
0.17613499,5.9169993
0.17614,5.9169993
0.176145,5.9169993
0.17615,5.9169993
0.176155,5.9169993
0.17616,5.9169993
0.176165,5.9169993
0.17616999,5.9169993
0.176175,5.9169993
0.17617999,5.9169993
0.176185,5.9169993
0.17618999,5.9169993
0.176195,5.9169993
0.1762,5.9169993
0.176205,5.9169993
0.17621,5.9169993
0.176215,5.9169993
0.17622,5.9169993
0.17622499,5.9169993
0.17623,5.9169993
0.17623499,5.9169993
0.17624,5.9169993
0.17624499,5.9169993
0.17625,5.9169993
0.176255,5.9169993
0.17626,5.9169993
0.176265,5.9169993
0.17627,5.9169993
0.176275,5.9169993
0.17627999,5.9169993
0.176285,5.9169993
0.17628999,5.9169993
0.176295,5.9169993
0.17629999,5.9169993
0.176305,5.9169993
0.17631,5.9169993
0.176315,5.9169993
0.17632,5.9169993
0.176325,5.9169993
0.17633,5.9169993
0.17633499,5.9169993
0.17634,5.9169993
0.17634499,5.9169993
0.17635,5.9169993
0.17635499,5.9169993
0.17636,5.9169993
0.176365,5.9169993
0.17637,5.9169993
0.176375,5.9169993
0.17638,5.9169993
0.176385,5.9169993
0.17638999,5.9169993
0.176395,5.9169993
0.17639999,5.9169993
0.176405,5.9169993
0.17640999,5.9169993
0.176415,5.9169993
0.17641999,5.9169993
0.176425,5.9169993
0.17643,5.9169993
0.176435,5.9169993
0.17644,5.9169993
0.17644499,5.9169993
0.17645,5.9169993
0.17645499,5.9169993
0.17646,5.9169993
0.17646499,5.9169993
0.17647,5.9169993
0.17647499,5.9169993
0.17648,5.9169993
0.176485,5.9169993
0.17649,5.9169993
0.176495,5.9169993
0.1765,5.9169993
0.176505,5.9169993
0.17650999,5.9169993
0.176515,5.9169993
0.17651999,5.9169993
0.176525,5.9169993
0.17652999,5.9169993
0.176535,5.9169993
0.17654,5.9169993
0.176545,5.9169993
0.17655,5.9169993
0.176555,5.9169993
0.17656,5.9169993
0.17656499,5.9169993
0.17657,5.9169993
0.17657499,5.9169993
0.17658,5.9169993
0.17658499,5.9169993
0.17659,5.9169993
0.176595,5.9169993
0.1766,5.9169993
0.176605,5.9169993
0.17661,5.9169993
0.176615,5.9169993
0.17661999,5.9169993
0.176625,5.9169993
0.17662999,5.9169993
0.176635,5.9169993
0.17663999,5.9169993
0.176645,5.9169993
0.17665,5.9169993
0.176655,5.9169993
0.17666,5.9169993
0.176665,5.9169993
0.17667,5.9169993
0.17667499,5.9169993
0.17668,5.9169993
0.17668499,5.9169993
0.17669,5.9169993
0.17669499,5.9169993
0.1767,5.9169993
0.176705,5.9169993
0.17671,5.9169993
0.176715,5.9169993
0.17672,5.9169993
0.176725,5.9169993
0.17672999,5.9169993
0.176735,5.9169993
0.17673999,5.9169993
0.176745,5.9169993
0.17674999,5.9169993
0.176755,5.9169993
0.17676,5.9169993
0.176765,5.9169993
0.17677,5.9169993
0.176775,5.9169993
0.17678,5.9169993
0.17678499,5.9169993
0.17679,5.9169993
0.17679499,5.9169993
0.1768,5.9169993
0.17680499,5.9169993
0.17681,5.9169993
0.17681499,5.9169993
0.17682,5.9169993
0.176825,5.9169993
0.17683,5.9169993
0.176835,5.9169993
0.17683999,5.9169993
0.176845,5.9169993
0.17684999,5.9169993
0.176855,5.9169993
0.17685999,5.9169993
0.176865,5.9169993
0.17686999,5.9169993
0.176875,5.9169993
0.17688,5.9169993
0.176885,5.9169993
0.17689,5.9169993
0.176895,5.9169993
0.1769,5.9169993
0.17690499,5.9169993
0.17691,5.9169993
0.17691499,5.9169993
0.17692,5.9169993
0.17692499,5.9169993
0.17693,5.9169993
0.176935,5.9169993
0.17694,5.9169993
0.176945,5.9169993
0.17695,5.9169993
0.176955,5.9169993
0.17695999,5.9169993
0.176965,5.9169993
0.17696999,5.9169993
0.176975,5.9169993
0.17697999,5.9169993
0.176985,5.9169993
0.17699,5.9169993
0.176995,5.9169993
0.177,5.9169993
0.177005,5.9169993
0.17701,5.9169993
0.17701499,5.9169993
0.17702,5.9169993
0.17702499,5.9169993
0.17703,5.9169993
0.17703499,5.9169993
0.17704,5.9169993
0.177045,5.9169993
0.17705,5.9169993
0.177055,5.9169993
0.17706,5.9169993
0.177065,5.9169993
0.17706999,5.9169993
0.177075,5.9169993
0.17707999,5.9169993
0.177085,5.9169993
0.17708999,5.9169993
0.177095,5.9169993
0.1771,5.9169993
0.177105,5.9169993
0.17711,5.9169993
0.177115,5.9169993
0.17712,5.9169993
0.17712499,5.9169993
0.17713,5.9169993
0.17713499,5.9169993
0.17714,5.9169993
0.17714499,5.9169993
0.17715,5.9169993
0.177155,5.9169993
0.17716,5.9169993
0.177165,5.9169993
0.17717,5.9169993
0.177175,5.9169993
0.17717999,5.9169993
0.177185,5.9169993
0.17718999,5.9169993
0.177195,5.9169993
0.17719999,5.9169993
0.177205,5.9169993
0.17720999,5.9169993
0.177215,5.9169993
0.17722,5.9169993
0.177225,5.9169993
0.17723,5.9169993
0.17723499,5.9169993
0.17724,5.9169993
0.17724499,5.9169993
0.17725,5.9169993
0.17725499,5.9169993
0.17726,5.9169993
0.17726499,5.9169993
0.17727,5.9169993
0.177275,5.9169993
0.17728,5.9169993
0.177285,5.9169993
0.17729,5.9169993
0.177295,5.9169993
0.17729999,5.9169993
0.177305,5.9169993
0.17730999,5.9169993
0.177315,5.9169993
0.17731999,5.9169993
0.177325,5.9169993
0.17733,5.9169993
0.177335,5.9169993
0.17734,5.9169993
0.177345,5.9169993
0.17735,5.9169993
0.17735499,5.9169993
0.17736,5.9169993
0.17736499,5.9169993
0.17737,5.9169993
0.17737499,5.9169993
0.17738,5.9169993
0.177385,5.9169993
0.17739,5.9169993
0.177395,5.9169993
0.1774,5.9169993
0.177405,5.9169993
0.17740999,5.9169993
0.177415,5.9169993
0.17741999,5.9169993
0.177425,5.9169993
0.17742999,5.9169993
0.177435,5.9169993
0.17744,5.9169993
0.177445,5.9169993
0.17745,5.9169993
0.177455,5.9169993
0.17746,5.9169993
0.17746499,5.9169993
0.17747,5.9169993
0.17747499,5.9169993
0.17748,5.9169993
0.17748499,5.9169993
0.17749,5.9169993
0.177495,5.9169993
0.1775,5.9169993
0.177505,5.9169993
0.17751,5.9169993
0.177515,5.9169993
0.17751999,5.9169993
0.177525,5.9169993
0.17752999,5.9169993
0.177535,5.9169993
0.17753999,5.9169993
0.177545,5.9169993
0.17755,5.9169993
0.177555,5.9169993
0.17756,5.9169993
0.177565,5.9169993
0.17757,5.9169993
0.17757499,5.9169993
0.17758,5.9169993
0.17758499,5.9169993
0.17759,5.9169993
0.17759499,5.9169993
0.1776,5.9169993
0.17760499,5.9169993
0.17761,5.9169993
0.177615,5.9169993
0.17762,5.9169993
0.177625,5.9169993
0.17762999,5.9169993
0.177635,5.9169993
0.17763999,5.9169993
0.177645,5.9169993
0.17764999,5.9169993
0.177655,5.9169993
0.17765999,5.9169993
0.177665,5.9169993
0.17767,5.9169993
0.177675,5.9169993
0.17768,5.9169993
0.177685,5.9169993
0.17769,5.9169993
0.17769499,5.9169993
0.1777,5.9169993
0.17770499,5.9169993
0.17771,5.9169993
0.17771499,5.9169993
0.17772,5.9169993
0.177725,5.9169993
0.17773,5.9169993
0.177735,5.9169993
0.17774,5.9169993
0.177745,5.9169993
0.17774999,5.9169993
0.177755,5.9169993
0.17775999,5.9169993
0.177765,5.9169993
0.17776999,5.9169993
0.177775,5.9169993
0.17778,5.9169993
0.177785,5.9169993
0.17779,5.9169993
0.177795,5.9169993
0.1778,5.9169993
0.17780499,5.9169993
0.17781,5.9169993
0.17781499,5.9169993
0.17782,5.9169993
0.17782499,5.9169993
0.17783,5.9169993
0.177835,5.9169993
0.17784,5.9169993
0.177845,5.9169993
0.17785,5.9169993
0.177855,5.9169993
0.17785999,5.9169993
0.177865,5.9169993
0.17786999,5.9169993
0.177875,5.9169993
0.17787999,5.9169993
0.177885,5.9169993
0.17789,5.9169993
0.177895,5.9169993
0.1779,5.9169993
0.177905,5.9169993
0.17791,5.9169993
0.17791499,5.9169993
0.17792,5.9169993
0.17792499,5.9169993
0.17793,5.9169993
0.17793499,5.9169993
0.17794,5.9169993
0.177945,5.9169993
0.17795,5.9169993
0.177955,5.9169993
0.17796,5.9169993
0.177965,5.9169993
0.17796999,5.9169993
0.177975,5.9169993
0.17797999,5.9169993
0.177985,5.9169993
0.17798999,5.9169993
0.177995,5.9169993
0.17799999,5.9169993
0.178005,5.9169993
0.17801,5.9169993
0.178015,5.9169993
0.17802,5.9169993
0.17802499,5.9169993
0.17803,5.9169993
0.17803499,5.9169993
0.17804,5.9169993
0.17804499,5.9169993
0.17805,5.9169993
0.17805499,5.9169993
0.17806,5.9169993
0.178065,5.9169993
0.17807,5.9169993
0.178075,5.9169993
0.17807999,5.9169993
0.178085,5.9169993
0.17808999,5.9169993
0.178095,5.9169993
0.17809999,5.9169993
0.178105,5.9169993
0.17810999,5.9169993
0.178115,5.9169993
0.17812,5.9169993
0.178125,5.9169993
0.17813,5.9169993
0.178135,5.9169993
0.17814,5.9169993
0.17814499,5.9169993
0.17815,5.9169993
0.17815499,5.9169993
0.17816,5.9169993
0.17816499,5.9169993
0.17817,5.9169993
0.178175,5.9169993
0.17818,5.9169993
0.178185,5.9169993
0.17819,5.9169993
0.178195,5.9169993
0.17819999,5.9169993
0.178205,5.9169993
0.17820999,5.9169993
0.178215,5.9169993
0.17821999,5.9169993
0.178225,5.9169993
0.17823,5.9169993
0.178235,5.9169993
0.17824,5.9169993
0.178245,5.9169993
0.17825,5.9169993
0.17825499,5.9169993
0.17826,5.9169993
0.17826499,5.9169993
0.17827,5.9169993
0.17827499,5.9169993
0.17828,5.9169993
0.178285,5.9169993
0.17829,5.9169993
0.178295,5.9169993
0.1783,5.9169993
0.178305,5.9169993
0.17830999,5.9169993
0.178315,5.9169993
0.17831999,5.9169993
0.178325,5.9169993
0.17832999,5.9169993
0.178335,5.9169993
0.17834,5.9169993
0.178345,5.9169993
0.17835,5.9169993
0.178355,5.9169993
0.17836,5.9169993
0.17836499,5.9169993
0.17837,5.9169993
0.17837499,5.9169993
0.17838,5.9169993
0.17838499,5.9169993
0.17839,5.9169993
0.17839499,5.9169993
0.1784,5.9169993
0.178405,5.9169993
0.17841,5.9169993
0.178415,5.9169993
0.17841999,5.9169993
0.178425,5.9169993
0.17842999,5.9169993
0.178435,5.9169993
0.17843999,5.9169993
0.178445,5.9169993
0.17844999,5.9169993
0.178455,5.9169993
0.17846,5.9169993
0.178465,5.9169993
0.17847,5.9169993
0.17847499,5.9169993
0.17848,5.9169993
0.17848499,5.9169993
0.17849,5.9169993
0.17849499,5.9169993
0.1785,5.9169993
0.17850499,5.9169993
0.17851,5.9169993
0.178515,5.9169993
0.17852,5.9169993
0.178525,5.9169993
0.17853,5.9169993
0.178535,5.9169993
0.17853999,5.9169993
0.178545,5.9169993
0.17854999,5.9169993
0.178555,5.9169993
0.17855999,5.9169993
0.178565,5.9169993
0.17857,5.9169993
0.178575,5.9169993
0.17858,5.9169993
0.178585,5.9169993
0.17859,5.9169993
0.17859499,5.9169993
0.1786,5.9169993
0.17860499,5.9169993
0.17861,5.9169993
0.17861499,5.9169993
0.17862,5.9169993
0.178625,5.9169993
0.17863,5.9169993
0.178635,5.9169993
0.17864,5.9169993
0.178645,5.9169993
0.17864999,5.9169993
0.178655,5.9169993
0.17865999,5.9169993
0.178665,5.9169993
0.17866999,5.9169993
0.178675,5.9169993
0.17868,5.9169993
0.178685,5.9169993
0.17869,5.9169993
0.178695,5.9169993
0.1787,5.9169993
0.17870499,5.9169993
0.17871,5.9169993
0.17871499,5.9169993
0.17872,5.9169993
0.17872499,5.9169993
0.17873,5.9169993
0.178735,5.9169993
0.17874,5.9169993
0.178745,5.9169993
0.17875,5.9169993
0.178755,5.9169993
0.17875999,5.9169993
0.178765,5.9169993
0.17876999,5.9169993
0.178775,5.9169993
0.17877999,5.9169993
0.178785,5.9169993
0.17878999,5.9169993
0.178795,5.9169993
0.1788,5.9169993
0.178805,5.9169993
0.17881,5.9169993
0.17881499,5.9169993
0.17882,5.9169993
0.17882499,5.9169993
0.17883,5.9169993
0.17883499,5.9169993
0.17884,5.9169993
0.17884499,5.9169993
0.17885,5.9169993
0.178855,5.9169993
0.17886,5.9169993
0.178865,5.9169993
0.17886999,5.9169993
0.178875,5.9169993
0.17887999,5.9169993
0.178885,5.9169993
0.17888999,5.9169993
0.178895,5.9169993
0.17889999,5.9169993
0.178905,5.9169993
0.17891,5.9169993
0.178915,5.9169993
0.17892,5.9169993
0.178925,5.9169993
0.17893,5.9169993
0.17893499,5.9169993
0.17894,5.9169993
0.17894499,5.9169993
0.17895,5.9169993
0.17895499,5.9169993
0.17896,5.9169993
0.178965,5.9169993
0.17897,5.9169993
0.178975,5.9169993
0.17898,5.9169993
0.178985,5.9169993
0.17898999,5.9169993
0.178995,5.9169993
0.17899999,5.9169993
0.179005,5.9169993
0.17900999,5.9169993
0.179015,5.9169993
0.17902,5.9169993
0.179025,5.9169993
0.17903,5.9169993
0.179035,5.9169993
0.17904,5.9169993
0.17904499,5.9169993
0.17905,5.9169993
0.17905499,5.9169993
0.17906,5.9169993
0.17906499,5.9169993
0.17907,5.9169993
0.179075,5.9169993
0.17908,5.9169993
0.179085,5.9169993
0.17909,5.9169993
0.179095,5.9169993
0.17909999,5.9169993
0.179105,5.9169993
0.17910999,5.9169993
0.179115,5.9169993
0.17911999,5.9169993
0.179125,5.9169993
0.17913,5.9169993
0.179135,5.9169993
0.17914,5.9169993
0.179145,5.9169993
0.17915,5.9169993
0.17915499,5.9169993
0.17916,5.9169993
0.17916499,5.9169993
0.17917,5.9169993
0.17917499,5.9169993
0.17918,5.9169993
0.17918499,5.9169993
0.17919,5.9169993
0.179195,5.9169993
0.1792,5.9169993
0.179205,5.9169993
0.17920999,5.9169993
0.179215,5.9169993
0.17921999,5.9169993
0.179225,5.9169993
0.17922999,5.9169993
0.179235,5.9169993
0.17923999,5.9169993
0.179245,5.9169993
0.17925,5.9169993
0.179255,5.9169993
0.17926,5.9169993
0.17926499,5.9169993
0.17927,5.9169993
0.17927499,5.9169993
0.17928,5.9169993
0.17928499,5.9169993
0.17929,5.9169993
0.17929499,5.9169993
0.1793,5.9169993
0.179305,5.9169993
0.17931,5.9169993
0.179315,5.9169993
0.17932,5.9169993
0.179325,5.9169993
0.17932999,5.9169993
0.179335,5.9169993
0.17933999,5.9169993
0.179345,5.9169993
0.17934999,5.9169993
0.179355,5.9169993
0.17936,5.9169993
0.179365,5.9169993
0.17937,5.9169993
0.179375,5.9169993
0.17938,5.9169993
0.17938499,5.9169993
0.17939,5.9169993
0.17939499,5.9169993
0.1794,5.9169993
0.17940499,5.9169993
0.17941,5.9169993
0.179415,5.9169993
0.17942,5.9169993
0.179425,5.9169993
0.17943,5.9169993
0.179435,5.9169993
0.17943999,5.9169993
0.179445,5.9169993
0.17944999,5.9169993
0.179455,5.9169993
0.17945999,5.9169993
0.179465,5.9169993
0.17947,5.9169993
0.179475,5.9169993
0.17948,5.9169993
0.179485,5.9169993
0.17949,5.9169993
0.17949499,5.9169993
0.1795,5.9169993
0.17950499,5.9169993
0.17951,5.9169993
0.17951499,5.9169993
0.17952,5.9169993
0.179525,5.9169993
0.17953,5.9169993
0.179535,5.9169993
0.17954,5.9169993
0.179545,5.9169993
0.17954999,5.9169993
0.179555,5.9169993
0.17955999,5.9169993
0.179565,5.9169993
0.17956999,5.9169993
0.179575,5.9169993
0.17957999,5.9169993
0.179585,5.9169993
0.17959,5.9169993
0.179595,5.9169993
0.1796,5.9169993
0.17960499,5.9169993
0.17961,5.9169993
0.17961499,5.9169993
0.17962,5.9169993
0.17962499,5.9169993
0.17963,5.9169993
0.17963499,5.9169993
0.17964,5.9169993
0.179645,5.9169993
0.17965,5.9169993
0.179655,5.9169993
0.17965999,5.9169993
0.179665,5.9169993
0.17966999,5.9169993
0.179675,5.9169993
0.17967999,5.9169993
0.179685,5.9169993
0.17968999,5.9169993
0.179695,5.9169993
0.1797,5.9169993
0.179705,5.9169993
0.17971,5.9169993
0.179715,5.9169993
0.17972,5.9169993
0.17972499,5.9169993
0.17973,5.9169993
0.17973499,5.9169993
0.17974,5.9169993
0.17974499,5.9169993
0.17975,5.9169993
0.179755,5.9169993
0.17976,5.9169993
0.179765,5.9169993
0.17977,5.9169993
0.179775,5.9169993
0.17977999,5.9169993
0.179785,5.9169993
0.17978999,5.9169993
0.179795,5.9169993
0.17979999,5.9169993
0.179805,5.9169993
0.17981,5.9169993
0.179815,5.9169993
0.17982,5.9169993
0.179825,5.9169993
0.17983,5.9169993
0.17983499,5.9169993
0.17984,5.9169993
0.17984499,5.9169993
0.17985,5.9169993
0.17985499,5.9169993
0.17986,5.9169993
0.179865,5.9169993
0.17987,5.9169993
0.179875,5.9169993
0.17988,5.9169993
0.179885,5.9169993
0.17988999,5.9169993
0.179895,5.9169993
0.17989999,5.9169993
0.179905,5.9169993
0.17990999,5.9169993
0.179915,5.9169993
0.17992,5.9169993
0.179925,5.9169993
0.17993,5.9169993
0.179935,5.9169993
0.17994,5.9169993
0.17994499,5.9169993
0.17995,5.9169993
0.17995499,5.9169993
0.17996,5.9169993
0.17996499,5.9169993
0.17997,5.9169993
0.17997499,5.9169993
0.17998,5.9169993
0.179985,5.9169993
0.17999,5.9169993
0.179995,5.9169993
0.17999999,5.9169993
0.180005,5.9169993
0.18000999,5.9169993
0.180015,5.9169993
0.18001999,5.9169993
0.180025,5.9169993
0.18002999,5.9169993
0.180035,5.9169993
0.18004,5.9169993
0.180045,5.9169993
0.18005,5.9169993
0.18005499,5.9169993
0.18006,5.9169993
0.18006499,5.9169993
0.18007,5.9169993
0.18007499,5.9169993
0.18008,5.9169993
0.18008499,5.9169993
0.18009,5.9169993
0.180095,5.9169993
0.1801,5.9169993
0.180105,5.9169993
0.18011,5.9169993
0.180115,5.9169993
0.18011999,5.9169993
0.180125,5.9169993
0.18012999,5.9169993
0.180135,5.9169993
0.18013999,5.9169993
0.180145,5.9169993
0.18015,5.9169993
0.180155,5.9169993
0.18016,5.9169993
0.180165,5.9169993
0.18017,5.9169993
0.18017499,5.9169993
0.18018,5.9169993
0.18018499,5.9169993
0.18019,5.9169993
0.18019499,5.9169993
0.1802,5.9169993
0.180205,5.9169993
0.18021,5.9169993
0.180215,5.9169993
0.18022,5.9169993
0.180225,5.9169993
0.18022999,5.9169993
0.180235,5.9169993
0.18023999,5.9169993
0.180245,5.9169993
0.18024999,5.9169993
0.180255,5.9169993
0.18026,5.9169993
0.180265,5.9169993
0.18027,5.9169993
0.180275,5.9169993
0.18028,5.9169993
0.18028499,5.9169993
0.18029,5.9169993
0.18029499,5.9169993
0.1803,5.9169993
0.18030499,5.9169993
0.18031,5.9169993
0.180315,5.9169993
0.18032,5.9169993
0.180325,5.9169993
0.18033,5.9169993
0.180335,5.9169993
0.18033999,5.9169993
0.180345,5.9169993
0.18034999,5.9169993
0.180355,5.9169993
0.18035999,5.9169993
0.180365,5.9169993
0.18036999,5.9169993
0.180375,5.9169993
0.18038,5.9169993
0.180385,5.9169993
0.18039,5.9169993
0.18039499,5.9169993
0.1804,5.9169993
0.18040499,5.9169993
0.18041,5.9169993
0.18041499,5.9169993
0.18042,5.9169993
0.18042499,5.9169993
0.18043,5.9169993
0.180435,5.9169993
0.18044,5.9169993
0.180445,5.9169993
0.18044999,5.9169993
0.180455,5.9169993
0.18045999,5.9169993
0.180465,5.9169993
0.18046999,5.9169993
0.180475,5.9169993
0.18047999,5.9169993
0.180485,5.9169993
0.18049,5.9169993
0.180495,5.9169993
0.1805,5.9169993
0.180505,5.9169993
0.18051,5.9169993
0.18051499,5.9169993
0.18052,5.9169993
0.18052499,5.9169993
0.18053,5.9169993
0.18053499,5.9169993
0.18054,5.9169993
0.180545,5.9169993
0.18055,5.9169993
0.180555,5.9169993
0.18056,5.9169993
0.180565,5.9169993
0.18056999,5.9169993
0.180575,5.9169993
0.18057999,5.9169993
0.180585,5.9169993
0.18058999,5.9169993
0.180595,5.9169993
0.1806,5.9169993
0.180605,5.9169993
0.18061,5.9169993
0.180615,5.9169993
0.18062,5.9169993
0.18062499,5.9169993
0.18063,5.9169993
0.18063499,5.9169993
0.18064,5.9169993
0.18064499,5.9169993
0.18065,5.9169993
0.180655,5.9169993
0.18066,5.9169993
0.180665,5.9169993
0.18067,5.9169993
0.180675,5.9169993
0.18067999,5.9169993
0.180685,5.9169993
0.18068999,5.9169993
0.180695,5.9169993
0.18069999,5.9169993
0.180705,5.9169993
0.18071,5.9169993
0.180715,5.9169993
0.18072,5.9169993
0.180725,5.9169993
0.18073,5.9169993
0.18073499,5.9169993
0.18074,5.9169993
0.18074499,5.9169993
0.18075,5.9169993
0.18075499,5.9169993
0.18076,5.9169993
0.18076499,5.9169993
0.18077,5.9169993
0.180775,5.9169993
0.18078,5.9169993
0.180785,5.9169993
0.18078999,5.9169993
0.180795,5.9169993
0.18079999,5.9169993
0.180805,5.9169993
0.18080999,5.9169993
0.180815,5.9169993
0.18081999,5.9169993
0.180825,5.9169993
0.18083,5.9169993
0.180835,5.9169993
0.18084,5.9169993
0.18084499,5.9169993
0.18085,5.9169993
0.18085499,5.9169993
0.18086,5.9169993
0.18086499,5.9169993
0.18087,5.9169993
0.18087499,5.9169993
0.18088,5.9169993
0.180885,5.9169993
0.18089,5.9169993
0.180895,5.9169993
0.1809,5.9169993
0.180905,5.9169993
0.18090999,5.9169993
0.180915,5.9169993
0.18091999,5.9169993
0.180925,5.9169993
0.18092999,5.9169993
0.180935,5.9169993
0.18094,5.9169993
0.180945,5.9169993
0.18095,5.9169993
0.180955,5.9169993
0.18096,5.9169993
0.18096499,5.9169993
0.18097,5.9169993
0.18097499,5.9169993
0.18098,5.9169993
0.18098499,5.9169993
0.18099,5.9169993
0.180995,5.9169993
0.181,5.9169993
0.181005,5.9169993
0.18101,5.9169993
0.181015,5.9169993
0.18101999,5.9169993
0.181025,5.9169993
0.18102999,5.9169993
0.181035,5.9169993
0.18103999,5.9169993
0.181045,5.9169993
0.18105,5.9169993
0.181055,5.9169993
0.18106,5.9169993
0.181065,5.9169993
0.18107,5.9169993
0.18107499,5.9169993
0.18108,5.9169993
0.18108499,5.9169993
0.18109,5.9169993
0.18109499,5.9169993
0.1811,5.9169993
0.181105,5.9169993
0.18111,5.9169993
0.181115,5.9169993
0.18112,5.9169993
0.181125,5.9169993
0.18112999,5.9169993
0.181135,5.9169993
0.18113999,5.9169993
0.181145,5.9169993
0.18114999,5.9169993
0.181155,5.9169993
0.18115999,5.9169993
0.181165,5.9169993
0.18117,5.9169993
0.181175,5.9169993
0.18118,5.9169993
0.18118499,5.9169993
0.18119,5.9169993
0.18119499,5.9169993
0.1812,5.9169993
0.18120499,5.9169993
0.18121,5.9169993
0.18121499,5.9169993
0.18122,5.9169993
0.181225,5.9169993
0.18123,5.9169993
0.181235,5.9169993
0.18123999,5.9169993
0.181245,5.9169993
0.18124999,5.9169993
0.181255,5.9169993
0.18125999,5.9169993
0.181265,5.9169993
0.18126999,5.9169993
0.181275,5.9169993
0.18128,5.9169993
0.181285,5.9169993
0.18129,5.9169993
0.181295,5.9169993
0.1813,5.9169993
0.18130499,5.9169993
0.18131,5.9169993
0.18131499,5.9169993
0.18132,5.9169993
0.18132499,5.9169993
0.18133,5.9169993
0.181335,5.9169993
0.18134,5.9169993
0.181345,5.9169993
0.18135,5.9169993
0.181355,5.9169993
0.18135999,5.9169993
0.181365,5.9169993
0.18136999,5.9169993
0.181375,5.9169993
0.18137999,5.9169993
0.181385,5.9169993
0.18139,5.9169993
0.181395,5.9169993
0.1814,5.9169993
0.181405,5.9169993
0.18141,5.9169993
0.18141499,5.9169993
0.18142,5.9169993
0.18142499,5.9169993
0.18143,5.9169993
0.18143499,5.9169993
0.18144,5.9169993
0.181445,5.9169993
0.18145,5.9169993
0.181455,5.9169993
0.18146,5.9169993
0.181465,5.9169993
0.18146999,5.9169993
0.181475,5.9169993
0.18147999,5.9169993
0.181485,5.9169993
0.18148999,5.9169993
0.181495,5.9169993
0.1815,5.9169993
0.181505,5.9169993
0.18151,5.9169993
0.181515,5.9169993
0.18152,5.9169993
0.18152499,5.9169993
0.18153,5.9169993
0.18153499,5.9169993
0.18154,5.9169993
0.18154499,5.9169993
0.18155,5.9169993
0.18155499,5.9169993
0.18156,5.9169993
0.181565,5.9169993
0.18157,5.9169993
0.181575,5.9169993
0.18157999,5.9169993
0.181585,5.9169993
0.18158999,5.9169993
0.181595,5.9169993
0.18159999,5.9169993
0.181605,5.9169993
0.18160999,5.9169993
0.181615,5.9169993
0.18162,5.9169993
0.181625,5.9169993
0.18163,5.9169993
0.18163499,5.9169993
0.18164,5.9169993
0.18164499,5.9169993
0.18165,5.9169993
0.18165499,5.9169993
0.18166,5.9169993
0.18166499,5.9169993
0.18167,5.9169993
0.181675,5.9169993
0.18168,5.9169993
0.181685,5.9169993
0.18168999,5.9169993
0.181695,5.9169993
0.18169999,5.9169993
0.181705,5.9169993
0.18170999,5.9169993
0.181715,5.9169993
0.18171999,5.9169993
0.181725,5.9169993
0.18173,5.9169993
0.181735,5.9169993
0.18174,5.9169993
0.181745,5.9169993
0.18175,5.9169993
0.18175499,5.9169993
0.18176,5.9169993
0.18176499,5.9169993
0.18177,5.9169993
0.18177499,5.9169993
0.18178,5.9169993
0.181785,5.9169993
0.18179,5.9169993
0.181795,5.9169993
0.1818,5.9169993
0.181805,5.9169993
0.18180999,5.9169993
0.181815,5.9169993
0.18181999,5.9169993
0.181825,5.9169993
0.18182999,5.9169993
0.181835,5.9169993
0.18184,5.9169993
0.181845,5.9169993
0.18185,5.9169993
0.181855,5.9169993
0.18186,5.9169993
0.18186499,5.9169993
0.18187,5.9169993
0.18187499,5.9169993
0.18188,5.9169993
0.18188499,5.9169993
0.18189,5.9169993
0.181895,5.9169993
0.1819,5.9169993
0.181905,5.9169993
0.18191,5.9169993
0.181915,5.9169993
0.18191999,5.9169993
0.181925,5.9169993
0.18192999,5.9169993
0.181935,5.9169993
0.18193999,5.9169993
0.181945,5.9169993
0.18194999,5.9169993
0.181955,5.9169993
0.18196,5.9169993
0.181965,5.9169993
0.18197,5.9169993
0.18197499,5.9169993
0.18198,5.9169993
0.18198499,5.9169993
0.18199,5.9169993
0.18199499,5.9169993
0.182,5.9169993
0.18200499,5.9169993
0.18201,5.9169993
0.182015,5.9169993
0.18202,5.9169993
0.182025,5.9169993
0.18202999,5.9169993
0.182035,5.9169993
0.18203999,5.9169993
0.182045,5.9169993
0.18204999,5.9169993
0.182055,5.9169993
0.18205999,5.9169993
0.182065,5.9169993
0.18207,5.9169993
0.182075,5.9169993
0.18208,5.9169993
0.18208499,5.9169993
0.18209,5.9169993
0.18209499,5.9169993
0.1821,5.9169993
0.18210499,5.9169993
0.18211,5.9169993
0.18211499,5.9169993
0.18212,5.9169993
0.182125,5.9169993
0.18213,5.9169993
0.182135,5.9169993
0.18214,5.9169993
0.182145,5.9169993
0.18214999,5.9169993
0.182155,5.9169993
0.18215999,5.9169993
0.182165,5.9169993
0.18216999,5.9169993
0.182175,5.9169993
0.18218,5.9169993
0.182185,5.9169993
0.18219,5.9169993
0.182195,5.9169993
0.1822,5.9169993
0.18220499,5.9169993
0.18221,5.9169993
0.18221499,5.9169993
0.18222,5.9169993
0.18222499,5.9169993
0.18223,5.9169993
0.182235,5.9169993
0.18224,5.9169993
0.182245,5.9169993
0.18225,5.9169993
0.182255,5.9169993
0.18225999,5.9169993
0.182265,5.9169993
0.18226999,5.9169993
0.182275,5.9169993
0.18227999,5.9169993
0.182285,5.9169993
0.18229,5.9169993
0.182295,5.9169993
0.1823,5.9169993
0.182305,5.9169993
0.18231,5.9169993
0.18231499,5.9169993
0.18232,5.9169993
0.18232499,5.9169993
0.18233,5.9169993
0.18233499,5.9169993
0.18234,5.9169993
0.18234499,5.9169993
0.18235,5.9169993
0.182355,5.9169993
0.18236,5.9169993
0.182365,5.9169993
0.18236999,5.9169993
0.182375,5.9169993
0.18237999,5.9169993
0.182385,5.9169993
0.18238999,5.9169993
0.182395,5.9169993
0.18239999,5.9169993
0.182405,5.9169993
0.18241,5.9169993
0.182415,5.9169993
0.18242,5.9169993
0.18242499,5.9169993
0.18243,5.9169993
0.18243499,5.9169993
0.18244,5.9169993
0.18244499,5.9169993
0.18245,5.9169993
0.18245499,5.9169993
0.18246,5.9169993
0.182465,5.9169993
0.18247,5.9169993
0.182475,5.9169993
0.18247999,5.9169993
0.182485,5.9169993
0.18248999,5.9169993
0.182495,5.9169993
0.18249999,5.9169993
0.182505,5.9169993
0.18250999,5.9169993
0.182515,5.9169993
0.18252,5.9169993
0.182525,5.9169993
0.18253,5.9169993
0.182535,5.9169993
0.18254,5.9169993
0.18254499,5.9169993
0.18255,5.9169993
0.18255499,5.9169993
0.18256,5.9169993
0.18256499,5.9169993
0.18257,5.9169993
0.182575,5.9169993
0.18258,5.9169993
0.182585,5.9169993
0.18259,5.9169993
0.182595,5.9169993
0.18259999,5.9169993
0.182605,5.9169993
0.18260999,5.9169993
0.182615,5.9169993
0.18261999,5.9169993
0.182625,5.9169993
0.18263,5.9169993
0.182635,5.9169993
0.18264,5.9169993
0.182645,5.9169993
0.18265,5.9169993
0.18265499,5.9169993
0.18266,5.9169993
0.18266499,5.9169993
0.18267,5.9169993
0.18267499,5.9169993
0.18268,5.9169993
0.182685,5.9169993
0.18269,5.9169993
0.182695,5.9169993
0.1827,5.9169993
0.182705,5.9169993
0.18270999,5.9169993
0.182715,5.9169993
0.18271999,5.9169993
0.182725,5.9169993
0.18272999,5.9169993
0.182735,5.9169993
0.18273999,5.9169993
0.182745,5.9169993
0.18275,5.9169993
0.182755,5.9169993
0.18276,5.9169993
0.18276499,5.9169993
0.18277,5.9169993
0.18277499,5.9169993
0.18278,5.9169993
0.18278499,5.9169993
0.18279,5.9169993
0.18279499,5.9169993
0.1828,5.9169993
0.182805,5.9169993
0.18281,5.9169993
0.182815,5.9169993
0.18281999,5.9169993
0.182825,5.9169993
0.18282999,5.9169993
0.182835,5.9169993
0.18283999,5.9169993
0.182845,5.9169993
0.18284999,5.9169993
0.182855,5.9169993
0.18286,5.9169993
0.182865,5.9169993
0.18287,5.9169993
0.18287499,5.9169993
0.18288,5.9169993
0.18288499,5.9169993
0.18289,5.9169993
0.18289499,5.9169993
0.1829,5.9169993
0.18290499,5.9169993
0.18291,5.9169993
0.182915,5.9169993
0.18292,5.9169993
0.182925,5.9169993
0.18293,5.9169993
0.182935,5.9169993
0.18293999,5.9169993
0.182945,5.9169993
0.18294999,5.9169993
0.182955,5.9169993
0.18295999,5.9169993
0.182965,5.9169993
0.18297,5.9169993
0.182975,5.9169993
0.18298,5.9169993
0.182985,5.9169993
0.18299,5.9169993
0.18299499,5.9169993
0.183,5.9169993
0.18300499,5.9169993
0.18301,5.9169993
0.18301499,5.9169993
0.18302,5.9169993
0.183025,5.9169993
0.18303,5.9169993
0.183035,5.9169993
0.18304,5.9169993
0.183045,5.9169993
0.18304999,5.9169993
0.183055,5.9169993
0.18305999,5.9169993
0.183065,5.9169993
0.18306999,5.9169993
0.183075,5.9169993
0.18308,5.9169993
0.183085,5.9169993
0.18309,5.9169993
0.183095,5.9169993
0.1831,5.9169993
0.18310499,5.9169993
0.18311,5.9169993
0.18311499,5.9169993
0.18312,5.9169993
0.18312499,5.9169993
0.18313,5.9169993
0.18313499,5.9169993
0.18314,5.9169993
0.183145,5.9169993
0.18315,5.9169993
0.183155,5.9169993
0.18315999,5.9169993
0.183165,5.9169993
0.18316999,5.9169993
0.183175,5.9169993
0.18317999,5.9169993
0.183185,5.9169993
0.18318999,5.9169993
0.183195,5.9169993
0.1832,5.9169993
0.183205,5.9169993
0.18321,5.9169993
0.18321499,5.9169993
0.18322,5.9169993
0.18322499,5.9169993
0.18323,5.9169993
0.18323499,5.9169993
0.18324,5.9169993
0.18324499,5.9169993
0.18325,5.9169993
0.183255,5.9169993
0.18326,5.9169993
0.183265,5.9169993
0.18326999,5.9169993
0.183275,5.9169993
0.18327999,5.9169993
0.183285,5.9169993
0.18328999,5.9169993
0.183295,5.9169993
0.18329999,5.9169993
0.183305,5.9169993
0.18331,5.9169993
0.183315,5.9169993
0.18332,5.9169993
0.183325,5.9169993
0.18333,5.9169993
0.18333499,5.9169993
0.18334,5.9169993
0.18334499,5.9169993
0.18335,5.9169993
0.18335499,5.9169993
0.18336,5.9169993
0.183365,5.9169993
0.18337,5.9169993
0.183375,5.9169993
0.18338,5.9169993
0.183385,5.9169993
0.18338999,5.9169993
0.183395,5.9169993
0.18339999,5.9169993
0.183405,5.9169993
0.18340999,5.9169993
0.183415,5.9169993
0.18342,5.9169993
0.183425,5.9169993
0.18343,5.9169993
0.183435,5.9169993
0.18344,5.9169993
0.18344499,5.9169993
0.18345,5.9169993
0.18345499,5.9169993
0.18346,5.9169993
0.18346499,5.9169993
0.18347,5.9169993
0.183475,5.9169993
0.18348,5.9169993
0.183485,5.9169993
0.18349,5.9169993
0.183495,5.9169993
0.18349999,5.9169993
0.183505,5.9169993
0.18350999,5.9169993
0.183515,5.9169993
0.18351999,5.9169993
0.183525,5.9169993
0.18352999,5.9169993
0.183535,5.9169993
0.18354,5.9169993
0.183545,5.9169993
0.18355,5.9169993
0.18355499,5.9169993
0.18356,5.9169993
0.18356499,5.9169993
0.18357,5.9169993
0.18357499,5.9169993
0.18358,5.9169993
0.18358499,5.9169993
0.18359,5.9169993
0.183595,5.9169993
0.1836,5.9169993
0.183605,5.9169993
0.18360999,5.9169993
0.183615,5.9169993
0.18361999,5.9169993
0.183625,5.9169993
0.18362999,5.9169993
0.183635,5.9169993
0.18363999,5.9169993
0.183645,5.9169993
0.18365,5.9169993
0.183655,5.9169993
0.18366,5.9169993
0.18366499,5.9169993
0.18367,5.9169993
0.18367499,5.9169993
0.18368,5.9169993
0.18368499,5.9169993
0.18369,5.9169993
0.18369499,5.9169993
0.1837,5.9169993
0.183705,5.9169993
0.18371,5.9169993
0.183715,5.9169993
0.18372,5.9169993
0.183725,5.9169993
0.18372999,5.9169993
0.183735,5.9169993
0.18373999,5.9169993
0.183745,5.9169993
0.18374999,5.9169993
0.183755,5.9169993
0.18376,5.9169993
0.183765,5.9169993
0.18377,5.9169993
0.183775,5.9169993
0.18378,5.9169993
0.18378499,5.9169993
0.18379,5.9169993
0.18379499,5.9169993
0.1838,5.9169993
0.18380499,5.9169993
0.18381,5.9169993
0.183815,5.9169993
0.18382,5.9169993
0.183825,5.9169993
0.18383,5.9169993
0.183835,5.9169993
0.18383999,5.9169993
0.183845,5.9169993
0.18384999,5.9169993
0.183855,5.9169993
0.18385999,5.9169993
0.183865,5.9169993
0.18387,5.9169993
0.183875,5.9169993
0.18388,5.9169993
0.183885,5.9169993
0.18389,5.9169993
0.18389499,5.9169993
0.1839,5.9169993
0.18390499,5.9169993
0.18391,5.9169993
0.18391499,5.9169993
0.18392,5.9169993
0.18392499,5.9169993
0.18393,5.9169993
0.183935,5.9169993
0.18394,5.9169993
0.183945,5.9169993
0.18394999,5.9169993
0.183955,5.9169993
0.18395999,5.9169993
0.183965,5.9169993
0.18396999,5.9169993
0.183975,5.9169993
0.18397999,5.9169993
0.183985,5.9169993
0.18399,5.9169993
0.183995,5.9169993
0.184,5.9169993
0.18400499,5.9169993
0.18401,5.9169993
0.18401499,5.9169993
0.18402,5.9169993
0.18402499,5.9169993
0.18403,5.9169993
0.18403499,5.9169993
0.18404,5.9169993
0.184045,5.9169993
0.18405,5.9169993
0.184055,5.9169993
0.18405999,5.9169993
0.184065,5.9169993
0.18406999,5.9169993
0.184075,5.9169993
0.18407999,5.9169993
0.184085,5.9169993
0.18408999,5.9169993
0.184095,5.9169993
0.1841,5.9169993
0.184105,5.9169993
0.18411,5.9169993
0.184115,5.9169993
0.18412,5.9169993
0.18412499,5.9169993
0.18413,5.9169993
0.18413499,5.9169993
0.18414,5.9169993
0.18414499,5.9169993
0.18415,5.9169993
0.184155,5.9169993
0.18416,5.9169993
0.184165,5.9169993
0.18417,5.9169993
0.184175,5.9169993
0.18417999,5.9169993
0.184185,5.9169993
0.18418999,5.9169993
0.184195,5.9169993
0.18419999,5.9169993
0.184205,5.9169993
0.18421,5.9169993
0.184215,5.9169993
0.18422,5.9169993
0.184225,5.9169993
0.18423,5.9169993
0.18423499,5.9169993
0.18424,5.9169993
0.18424499,5.9169993
0.18425,5.9169993
0.18425499,5.9169993
0.18426,5.9169993
0.184265,5.9169993
0.18427,5.9169993
0.184275,5.9169993
0.18428,5.9169993
0.184285,5.9169993
0.18428999,5.9169993
0.184295,5.9169993
0.18429999,5.9169993
0.184305,5.9169993
0.18430999,5.9169993
0.184315,5.9169993
0.18432,5.9169993
0.184325,5.9169993
0.18433,5.9169993
0.184335,5.9169993
0.18434,5.9169993
0.18434499,5.9169993
0.18435,5.9169993
0.18435499,5.9169993
0.18436,5.9169993
0.18436499,5.9169993
0.18437,5.9169993
0.18437499,5.9169993
0.18438,5.9169993
0.184385,5.9169993
0.18439,5.9169993
0.184395,5.9169993
0.18439999,5.9169993
0.184405,5.9169993
0.18440999,5.9169993
0.184415,5.9169993
0.18441999,5.9169993
0.184425,5.9169993
0.18442999,5.9169993
0.184435,5.9169993
0.18444,5.9169993
0.184445,5.9169993
0.18445,5.9169993
0.18445499,5.9169993
0.18446,5.9169993
0.18446499,5.9169993
0.18447,5.9169993
0.18447499,5.9169993
0.18448,5.9169993
0.18448499,5.9169993
0.18449,5.9169993
0.184495,5.9169993
0.1845,5.9169993
0.184505,5.9169993
0.18451,5.9169993
0.184515,5.9169993
0.18451999,5.9169993
0.184525,5.9169993
0.18452999,5.9169993
0.184535,5.9169993
0.18453999,5.9169993
0.184545,5.9169993
0.18455,5.9169993
0.184555,5.9169993
0.18456,5.9169993
0.184565,5.9169993
0.18457,5.9169993
0.18457499,5.9169993
0.18458,5.9169993
0.18458499,5.9169993
0.18459,5.9169993
0.18459499,5.9169993
0.1846,5.9169993
0.184605,5.9169993
0.18461,5.9169993
0.184615,5.9169993
0.18462,5.9169993
0.184625,5.9169993
0.18462999,5.9169993
0.184635,5.9169993
0.18463999,5.9169993
0.184645,5.9169993
0.18464999,5.9169993
0.184655,5.9169993
0.18466,5.9169993
0.184665,5.9169993
0.18467,5.9169993
0.184675,5.9169993
0.18468,5.9169993
0.18468499,5.9169993
0.18469,5.9169993
0.18469499,5.9169993
0.1847,5.9169993
0.18470499,5.9169993
0.18471,5.9169993
0.184715,5.9169993
0.18472,5.9169993
0.184725,5.9169993
0.18473,5.9169993
0.184735,5.9169993
0.18473999,5.9169993
0.184745,5.9169993
0.18474999,5.9169993
0.184755,5.9169993
0.18475999,5.9169993
0.184765,5.9169993
0.18476999,5.9169993
0.184775,5.9169993
0.18478,5.9169993
0.184785,5.9169993
0.18479,5.9169993
0.18479499,5.9169993
0.1848,5.9169993
0.18480499,5.9169993
0.18481,5.9169993
0.18481499,5.9169993
0.18482,5.9169993
0.18482499,5.9169993
0.18483,5.9169993
0.184835,5.9169993
0.18484,5.9169993
0.184845,5.9169993
0.18484999,5.9169993
0.184855,5.9169993
0.18485999,5.9169993
0.184865,5.9169993
0.18486999,5.9169993
0.184875,5.9169993
0.18487999,5.9169993
0.184885,5.9169993
0.18489,5.9169993
0.184895,5.9169993
0.1849,5.9169993
0.184905,5.9169993
0.18491,5.9169993
0.18491499,5.9169993
0.18492,5.9169993
0.18492499,5.9169993
0.18493,5.9169993
0.18493499,5.9169993
0.18494,5.9169993
0.184945,5.9169993
0.18495,5.9169993
0.184955,5.9169993
0.18496,5.9169993
0.184965,5.9169993
0.18496999,5.9169993
0.184975,5.9169993
0.18497999,5.9169993
0.184985,5.9169993
0.18498999,5.9169993
0.184995,5.9169993
0.185,5.9169993
0.185005,5.9169993
0.18501,5.9169993
0.185015,5.9169993
0.18502,5.9169993
0.18502499,5.9169993
0.18503,5.9169993
0.18503499,5.9169993
0.18504,5.9169993
0.18504499,5.9169993
0.18505,5.9169993
0.185055,5.9169993
0.18506,5.9169993
0.185065,5.9169993
0.18507,5.9169993
0.185075,5.9169993
0.18507999,5.9169993
0.185085,5.9169993
0.18508999,5.9169993
0.185095,5.9169993
0.18509999,5.9169993
0.185105,5.9169993
0.18511,5.9169993
0.185115,5.9169993
0.18512,5.9169993
0.185125,5.9169993
0.18513,5.9169993
0.18513499,5.9169993
0.18514,5.9169993
0.18514499,5.9169993
0.18515,5.9169993
0.18515499,5.9169993
0.18516,5.9169993
0.18516499,5.9169993
0.18517,5.9169993
0.185175,5.9169993
0.18518,5.9169993
0.185185,5.9169993
0.18518999,5.9169993
0.185195,5.9169993
0.18519999,5.9169993
0.185205,5.9169993
0.18520999,5.9169993
0.185215,5.9169993
0.18521999,5.9169993
0.185225,5.9169993
0.18523,5.9169993
0.185235,5.9169993
0.18524,5.9169993
0.18524499,5.9169993
0.18525,5.9169993
0.18525499,5.9169993
0.18526,5.9169993
0.18526499,5.9169993
0.18527,5.9169993
0.18527499,5.9169993
0.18528,5.9169993
0.185285,5.9169993
0.18529,5.9169993
0.185295,5.9169993
0.1853,5.9169993
0.185305,5.9169993
0.18530999,5.9169993
0.185315,5.9169993
0.18531999,5.9169993
0.185325,5.9169993
0.18532999,5.9169993
0.185335,5.9169993
0.18534,5.9169993
0.185345,5.9169993
0.18535,5.9169993
0.185355,5.9169993
0.18536,5.9169993
0.18536499,5.9169993
0.18537,5.9169993
0.18537499,5.9169993
0.18538,5.9169993
0.18538499,5.9169993
0.18539,5.9169993
0.185395,5.9169993
0.1854,5.9169993
0.185405,5.9169993
0.18541,5.9169993
0.185415,5.9169993
0.18541999,5.9169993
0.185425,5.9169993
0.18542999,5.9169993
0.185435,5.9169993
0.18543999,5.9169993
0.185445,5.9169993
0.18545,5.9169993
0.185455,5.9169993
0.18546,5.9169993
0.185465,5.9169993
0.18547,5.9169993
0.18547499,5.9169993
0.18548,5.9169993
0.18548499,5.9169993
0.18549,5.9169993
0.18549499,5.9169993
0.1855,5.9169993
0.185505,5.9169993
0.18551,5.9169993
0.185515,5.9169993
0.18552,5.9169993
0.185525,5.9169993
0.18552999,5.9169993
0.185535,5.9169993
0.18553999,5.9169993
0.185545,5.9169993
0.18554999,5.9169993
0.185555,5.9169993
0.18555999,5.9169993
0.185565,5.9169993
0.18557,5.9169993
0.185575,5.9169993
0.18558,5.9169993
0.18558499,5.9169993
0.18559,5.9169993
0.18559499,5.9169993
0.1856,5.9169993
0.18560499,5.9169993
0.18561,5.9169993
0.18561499,5.9169993
0.18562,5.9169993
0.185625,5.9169993
0.18563,5.9169993
0.185635,5.9169993
0.18563999,5.9169993
0.185645,5.9169993
0.18564999,5.9169993
0.185655,5.9169993
0.18565999,5.9169993
0.185665,5.9169993
0.18566999,5.9169993
0.185675,5.9169993
0.18568,5.9169993
0.185685,5.9169993
0.18569,5.9169993
0.18569499,5.9169993
0.1857,5.9169993
0.18570499,5.9169993
0.18571,5.9169993
0.18571499,5.9169993
0.18572,5.9169993
0.18572499,5.9169993
0.18573,5.9169993
0.185735,5.9169993
0.18574,5.9169993
0.185745,5.9169993
0.18575,5.9169993
0.185755,5.9169993
0.18575999,5.9169993
0.185765,5.9169993
0.18576999,5.9169993
0.185775,5.9169993
0.18577999,5.9169993
0.185785,5.9169993
0.18579,5.9169993
0.185795,5.9169993
0.1858,5.9169993
0.185805,5.9169993
0.18581,5.9169993
0.18581499,5.9169993
0.18582,5.9169993
0.18582499,5.9169993
0.18583,5.9169993
0.18583499,5.9169993
0.18584,5.9169993
0.185845,5.9169993
0.18585,5.9169993
0.185855,5.9169993
0.18586,5.9169993
0.185865,5.9169993
0.18586999,5.9169993
0.185875,5.9169993
0.18587999,5.9169993
0.185885,5.9169993
0.18588999,5.9169993
0.185895,5.9169993
0.1859,5.9169993
0.185905,5.9169993
0.18591,5.9169993
0.185915,5.9169993
0.18592,5.9169993
0.18592499,5.9169993
0.18593,5.9169993
0.18593499,5.9169993
0.18594,5.9169993
0.18594499,5.9169993
0.18595,5.9169993
0.18595499,5.9169993
0.18596,5.9169993
0.185965,5.9169993
0.18597,5.9169993
0.185975,5.9169993
0.18597999,5.9169993
0.185985,5.9169993
0.18598999,5.9169993
0.185995,5.9169993
0.18599999,5.9169993
0.186005,5.9169993
0.18600999,5.9169993
0.186015,5.9169993
0.18602,5.9169993
0.186025,5.9169993
0.18603,5.9169993
0.18603499,5.9169993
0.18604,5.9169993
0.18604499,5.9169993
0.18605,5.9169993
0.18605499,5.9169993
0.18606,5.9169993
0.18606499,5.9169993
0.18607,5.9169993
0.186075,5.9169993
0.18608,5.9169993
0.186085,5.9169993
0.18608999,5.9169993
0.186095,5.9169993
0.18609999,5.9169993
0.186105,5.9169993
0.18610999,5.9169993
0.186115,5.9169993
0.18611999,5.9169993
0.186125,5.9169993
0.18613,5.9169993
0.186135,5.9169993
0.18614,5.9169993
0.186145,5.9169993
0.18615,5.9169993
0.18615499,5.9169993
0.18616,5.9169993
0.18616499,5.9169993
0.18617,5.9169993
0.18617499,5.9169993
0.18618,5.9169993
0.186185,5.9169993
0.18619,5.9169993
0.186195,5.9169993
0.1862,5.9169993
0.186205,5.9169993
0.18620999,5.9169993
0.186215,5.9169993
0.18621999,5.9169993
0.186225,5.9169993
0.18622999,5.9169993
0.186235,5.9169993
0.18624,5.9169993
0.186245,5.9169993
0.18625,5.9169993
0.186255,5.9169993
0.18626,5.9169993
0.18626499,5.9169993
0.18627,5.9169993
0.18627499,5.9169993
0.18628,5.9169993
0.18628499,5.9169993
0.18629,5.9169993
0.186295,5.9169993
0.1863,5.9169993
0.186305,5.9169993
0.18631,5.9169993
0.186315,5.9169993
0.18631999,5.9169993
0.186325,5.9169993
0.18632999,5.9169993
0.186335,5.9169993
0.18633999,5.9169993
0.186345,5.9169993
0.18634999,5.9169993
0.186355,5.9169993
0.18636,5.9169993
0.186365,5.9169993
0.18637,5.9169993
0.18637499,5.9169993
0.18638,5.9169993
0.18638499,5.9169993
0.18639,5.9169993
0.18639499,5.9169993
0.1864,5.9169993
0.18640499,5.9169993
0.18641,5.9169993
0.186415,5.9169993
0.18642,5.9169993
0.186425,5.9169993
0.18642999,5.9169993
0.186435,5.9169993
0.18643999,5.9169993
0.186445,5.9169993
0.18644999,5.9169993
0.186455,5.9169993
0.18645999,5.9169993
0.186465,5.9169993
0.18647,5.9169993
0.186475,5.9169993
0.18648,5.9169993
0.18648499,5.9169993
0.18649,5.9169993
0.18649499,5.9169993
0.1865,5.9169993
0.18650499,5.9169993
0.18651,5.9169993
0.18651499,5.9169993
0.18652,5.9169993
0.186525,5.9169993
0.18653,5.9169993
0.186535,5.9169993
0.18654,5.9169993
0.186545,5.9169993
0.18654999,5.9169993
0.186555,5.9169993
0.18655999,5.9169993
0.186565,5.9169993
0.18656999,5.9169993
0.186575,5.9169993
0.18658,5.9169993
0.186585,5.9169993
0.18659,5.9169993
0.186595,5.9169993
0.1866,5.9169993
0.18660499,5.9169993
0.18661,5.9169993
0.18661499,5.9169993
0.18662,5.9169993
0.18662499,5.9169993
0.18663,5.9169993
0.186635,5.9169993
0.18664,5.9169993
0.186645,5.9169993
0.18665,5.9169993
0.186655,5.9169993
0.18665999,5.9169993
0.186665,5.9169993
0.18666999,5.9169993
0.186675,5.9169993
0.18667999,5.9169993
0.186685,5.9169993
0.18669,5.9169993
0.186695,5.9169993
0.1867,5.9169993
0.186705,5.9169993
0.18671,5.9169993
0.18671499,5.9169993
0.18672,5.9169993
0.18672499,5.9169993
0.18673,5.9169993
0.18673499,5.9169993
0.18674,5.9169993
0.18674499,5.9169993
0.18675,5.9169993
0.186755,5.9169993
0.18676,5.9169993
0.186765,5.9169993
0.18676999,5.9169993
0.186775,5.9169993
0.18677999,5.9169993
0.186785,5.9169993
0.18678999,5.9169993
0.186795,5.9169993
0.18679999,5.9169993
0.186805,5.9169993
0.18681,5.9169993
0.186815,5.9169993
0.18682,5.9169993
0.18682499,5.9169993
0.18683,5.9169993
0.18683499,5.9169993
0.18684,5.9169993
0.18684499,5.9169993
0.18685,5.9169993
0.18685499,5.9169993
0.18686,5.9169993
0.186865,5.9169993
0.18687,5.9169993
0.186875,5.9169993
0.18687999,5.9169993
0.186885,5.9169993
0.18688999,5.9169993
0.186895,5.9169993
0.18689999,5.9169993
0.186905,5.9169993
0.18690999,5.9169993
0.186915,5.9169993
0.18692,5.9169993
0.186925,5.9169993
0.18693,5.9169993
0.186935,5.9169993
0.18694,5.9169993
0.18694499,5.9169993
0.18695,5.9169993
0.18695499,5.9169993
0.18696,5.9169993
0.18696499,5.9169993
0.18697,5.9169993
0.186975,5.9169993
0.18698,5.9169993
0.186985,5.9169993
0.18699,5.9169993
0.186995,5.9169993
0.18699999,5.9169993
0.187005,5.9169993
0.18700999,5.9169993
0.187015,5.9169993
0.18701999,5.9169993
0.187025,5.9169993
0.18703,5.9169993
0.187035,5.9169993
0.18704,5.9169993
0.187045,5.9169993
0.18705,5.9169993
0.18705499,5.9169993
0.18706,5.9169993
0.18706499,5.9169993
0.18707,5.9169993
0.18707499,5.9169993
0.18708,5.9169993
0.187085,5.9169993
0.18709,5.9169993
0.187095,5.9169993
0.1871,5.9169993
0.187105,5.9169993
0.18710999,5.9169993
0.187115,5.9169993
0.18711999,5.9169993
0.187125,5.9169993
0.18712999,5.9169993
0.187135,5.9169993
0.18713999,5.9169993
0.187145,5.9169993
0.18715,5.9169993
0.187155,5.9169993
0.18716,5.9169993
0.18716499,5.9169993
0.18717,5.9169993
0.18717499,5.9169993
0.18718,5.9169993
0.18718499,5.9169993
0.18719,5.9169993
0.18719499,5.9169993
0.1872,5.9169993
0.187205,5.9169993
0.18721,5.9169993
0.187215,5.9169993
0.18721999,5.9169993
0.187225,5.9169993
0.18722999,5.9169993
0.187235,5.9169993
0.18723999,5.9169993
0.187245,5.9169993
0.18724999,5.9169993
0.187255,5.9169993
0.18726,5.9169993
0.187265,5.9169993
0.18727,5.9169993
0.18727499,5.9169993
0.18728,5.9169993
0.18728499,5.9169993
0.18729,5.9169993
0.18729499,5.9169993
0.1873,5.9169993
0.18730499,5.9169993
0.18731,5.9169993
0.187315,5.9169993
0.18732,5.9169993
0.187325,5.9169993
0.18733,5.9169993
0.187335,5.9169993
0.18733999,5.9169993
0.187345,5.9169993
0.18734999,5.9169993
0.187355,5.9169993
0.18735999,5.9169993
0.187365,5.9169993
0.18737,5.9169993
0.187375,5.9169993
0.18738,5.9169993
0.187385,5.9169993
0.18739,5.9169993
0.18739499,5.9169993
0.1874,5.9169993
0.18740499,5.9169993
0.18741,5.9169993
0.18741499,5.9169993
0.18742,5.9169993
0.187425,5.9169993
0.18743,5.9169993
0.187435,5.9169993
0.18744,5.9169993
0.187445,5.9169993
0.18744999,5.9169993
0.187455,5.9169993
0.18745999,5.9169993
0.187465,5.9169993
0.18746999,5.9169993
0.187475,5.9169993
0.18748,5.9169993
0.187485,5.9169993
0.18749,5.9169993
0.187495,5.9169993
0.1875,5.9169993
0.18750499,5.9169993
0.18751,5.9169993
0.18751499,5.9169993
0.18752,5.9169993
0.18752499,5.9169993
0.18753,5.9169993
0.18753499,5.9169993
0.18754,5.9169993
0.187545,5.9169993
0.18755,5.9169993
0.187555,5.9169993
0.18755999,5.9169993
0.187565,5.9169993
0.18756999,5.9169993
0.187575,5.9169993
0.18757999,5.9169993
0.187585,5.9169993
0.18758999,5.9169993
0.187595,5.9169993
0.1876,5.9169993
0.187605,5.9169993
0.18761,5.9169993
0.18761499,5.9169993
0.18762,5.9169993
0.18762499,5.9169993
0.18763,5.9169993
0.18763499,5.9169993
0.18764,5.9169993
0.18764499,5.9169993
0.18765,5.9169993
0.187655,5.9169993
0.18766,5.9169993
0.187665,5.9169993
0.18766999,5.9169993
0.187675,5.9169993
0.18767999,5.9169993
0.187685,5.9169993
0.18768999,5.9169993
0.187695,5.9169993
0.18769999,5.9169993
0.187705,5.9169993
0.18771,5.9169993
0.187715,5.9169993
0.18772,5.9169993
0.187725,5.9169993
0.18773,5.9169993
0.18773499,5.9169993
0.18774,5.9169993
0.18774499,5.9169993
0.18775,5.9169993
0.18775499,5.9169993
0.18776,5.9169993
0.187765,5.9169993
0.18777,5.9169993
0.187775,5.9169993
0.18778,5.9169993
0.187785,5.9169993
0.18778999,5.9169993
0.187795,5.9169993
0.18779999,5.9169993
0.187805,5.9169993
0.18780999,5.9169993
0.187815,5.9169993
0.18782,5.9169993
0.187825,5.9169993
0.18783,5.9169993
0.187835,5.9169993
0.18784,5.9169993
0.18784499,5.9169993
0.18785,5.9169993
0.18785499,5.9169993
0.18786,5.9169993
0.18786499,5.9169993
0.18787,5.9169993
0.187875,5.9169993
0.18788,5.9169993
0.187885,5.9169993
0.18789,5.9169993
0.187895,5.9169993
0.18789999,5.9169993
0.187905,5.9169993
0.18790999,5.9169993
0.187915,5.9169993
0.18791999,5.9169993
0.187925,5.9169993
0.18792999,5.9169993
0.187935,5.9169993
0.18794,5.9169993
0.187945,5.9169993
0.18795,5.9169993
0.18795499,5.9169993
0.18796,5.9169993
0.18796499,5.9169993
0.18797,5.9169993
0.18797499,5.9169993
0.18798,5.9169993
0.18798499,5.9169993
0.18799,5.9169993
0.187995,5.9169993
0.188,5.9169993
0.188005,5.9169993
0.18800999,5.9169993
0.188015,5.9169993
0.18801999,5.9169993
0.188025,5.9169993
0.18802999,5.9169993
0.188035,5.9169993
0.18803999,5.9169993
0.188045,5.9169993
0.18805,5.9169993
0.188055,5.9169993
0.18806,5.9169993
0.18806499,5.9169993
0.18807,5.9169993
0.18807499,5.9169993
0.18808,5.9169993
0.18808499,5.9169993
0.18809,5.9169993
0.18809499,5.9169993
0.1881,5.9169993
0.188105,5.9169993
0.18811,5.9169993
0.188115,5.9169993
0.18812,5.9169993
0.188125,5.9169993
0.18812999,5.9169993
0.188135,5.9169993
0.18813999,5.9169993
0.188145,5.9169993
0.18814999,5.9169993
0.188155,5.9169993
0.18816,5.9169993
0.188165,5.9169993
0.18817,5.9169993
0.188175,5.9169993
0.18818,5.9169993
0.18818499,5.9169993
0.18819,5.9169993
0.18819499,5.9169993
0.1882,5.9169993
0.18820499,5.9169993
0.18821,5.9169993
0.188215,5.9169993
0.18822,5.9169993
0.188225,5.9169993
0.18823,5.9169993
0.188235,5.9169993
0.18823999,5.9169993
0.188245,5.9169993
0.18824999,5.9169993
0.188255,5.9169993
0.18825999,5.9169993
0.188265,5.9169993
0.18827,5.9169993
0.188275,5.9169993
0.18828,5.9169993
0.188285,5.9169993
0.18829,5.9169993
0.18829499,5.9169993
0.1883,5.9169993
0.18830499,5.9169993
0.18831,5.9169993
0.18831499,5.9169993
0.18832,5.9169993
0.18832499,5.9169993
0.18833,5.9169993
0.188335,5.9169993
0.18834,5.9169993
0.188345,5.9169993
0.18834999,5.9169993
0.188355,5.9169993
0.18835999,5.9169993
0.188365,5.9169993
0.18836999,5.9169993
0.188375,5.9169993
0.18837999,5.9169993
0.188385,5.9169993
0.18839,5.9169993
0.188395,5.9169993
0.1884,5.9169993
0.18840499,5.9169993
0.18841,5.9169993
0.18841499,5.9169993
0.18842,5.9169993
0.18842499,5.9169993
0.18843,5.9169993
0.18843499,5.9169993
0.18844,5.9169993
0.188445,5.9169993
0.18845,5.9169993
0.188455,5.9169993
0.18845999,5.9169993
0.188465,5.9169993
0.18846999,5.9169993
0.188475,5.9169993
0.18847999,5.9169993
0.188485,5.9169993
0.18848999,5.9169993
0.188495,5.9169993
0.1885,5.9169993
0.188505,5.9169993
0.18851,5.9169993
0.188515,5.9169993
0.18852,5.9169993
0.18852499,5.9169993
0.18853,5.9169993
0.18853499,5.9169993
0.18854,5.9169993
0.18854499,5.9169993
0.18855,5.9169993
0.188555,5.9169993
0.18856,5.9169993
0.188565,5.9169993
0.18857,5.9169993
0.188575,5.9169993
0.18857999,5.9169993
0.188585,5.9169993
0.18858999,5.9169993
0.188595,5.9169993
0.18859999,5.9169993
0.188605,5.9169993
0.18861,5.9169993
0.188615,5.9169993
0.18862,5.9169993
0.188625,5.9169993
0.18863,5.9169993
0.18863499,5.9169993
0.18864,5.9169993
0.18864499,5.9169993
0.18865,5.9169993
0.18865499,5.9169993
0.18866,5.9169993
0.188665,5.9169993
0.18867,5.9169993
0.188675,5.9169993
0.18868,5.9169993
0.188685,5.9169993
0.18868999,5.9169993
0.188695,5.9169993
0.18869999,5.9169993
0.188705,5.9169993
0.18870999,5.9169993
0.188715,5.9169993
0.18871999,5.9169993
0.188725,5.9169993
0.18873,5.9169993
0.188735,5.9169993
0.18874,5.9169993
0.18874499,5.9169993
0.18875,5.9169993
0.18875499,5.9169993
0.18876,5.9169993
0.18876499,5.9169993
0.18877,5.9169993
0.18877499,5.9169993
0.18878,5.9169993
0.188785,5.9169993
0.18879,5.9169993
0.188795,5.9169993
0.18879999,5.9169993
0.188805,5.9169993
0.18880999,5.9169993
0.188815,5.9169993
0.18881999,5.9169993
0.188825,5.9169993
0.18882999,5.9169993
0.188835,5.9169993
0.18884,5.9169993
0.188845,5.9169993
0.18885,5.9169993
0.18885499,5.9169993
0.18886,5.9169993
0.18886499,5.9169993
0.18887,5.9169993
0.18887499,5.9169993
0.18888,5.9169993
0.18888499,5.9169993
0.18889,5.9169993
0.188895,5.9169993
0.1889,5.9169993
0.188905,5.9169993
0.18891,5.9169993
0.188915,5.9169993
0.18891999,5.9169993
0.188925,5.9169993
0.18892999,5.9169993
0.188935,5.9169993
0.18893999,5.9169993
0.188945,5.9169993
0.18895,5.9169993
0.188955,5.9169993
0.18896,5.9169993
0.188965,5.9169993
0.18897,5.9169993
0.18897499,5.9169993
0.18898,5.9169993
0.18898499,5.9169993
0.18899,5.9169993
0.18899499,5.9169993
0.189,5.9169993
0.189005,5.9169993
0.18901,5.9169993
0.189015,5.9169993
0.18902,5.9169993
0.189025,5.9169993
0.18902999,5.9169993
0.189035,5.9169993
0.18903999,5.9169993
0.189045,5.9169993
0.18904999,5.9169993
0.189055,5.9169993
0.18906,5.9169993
0.189065,5.9169993
0.18907,5.9169993
0.189075,5.9169993
0.18908,5.9169993
0.18908499,5.9169993
0.18909,5.9169993
0.18909499,5.9169993
0.1891,5.9169993
0.18910499,5.9169993
0.18911,5.9169993
0.18911499,5.9169993
0.18912,5.9169993
0.189125,5.9169993
0.18913,5.9169993
0.189135,5.9169993
0.18913999,5.9169993
0.189145,5.9169993
0.18914999,5.9169993
0.189155,5.9169993
0.18915999,5.9169993
0.189165,5.9169993
0.18916999,5.9169993
0.189175,5.9169993
0.18918,5.9169993
0.189185,5.9169993
0.18919,5.9169993
0.18919499,5.9169993
0.1892,5.9169993
0.18920499,5.9169993
0.18921,5.9169993
0.18921499,5.9169993
0.18922,5.9169993
0.18922499,5.9169993
0.18923,5.9169993
0.189235,5.9169993
0.18924,5.9169993
0.189245,5.9169993
0.18924999,5.9169993
0.189255,5.9169993
0.18925999,5.9169993
0.189265,5.9169993
0.18926999,5.9169993
0.189275,5.9169993
0.18927999,5.9169993
0.189285,5.9169993
0.18929,5.9169993
0.189295,5.9169993
0.1893,5.9169993
0.189305,5.9169993
0.18931,5.9169993
0.18931499,5.9169993
0.18932,5.9169993
0.18932499,5.9169993
0.18933,5.9169993
0.18933499,5.9169993
0.18934,5.9169993
0.189345,5.9169993
0.18935,5.9169993
0.189355,5.9169993
0.18936,5.9169993
0.189365,5.9169993
0.18936999,5.9169993
0.189375,5.9169993
0.18937999,5.9169993
0.189385,5.9169993
0.18938999,5.9169993
0.189395,5.9169993
0.1894,5.9169993
0.189405,5.9169993
0.18941,5.9169993
0.189415,5.9169993
0.18942,5.9169993
0.18942499,5.9169993
0.18943,5.9169993
0.18943499,5.9169993
0.18944,5.9169993
0.18944499,5.9169993
0.18945,5.9169993
0.189455,5.9169993
0.18946,5.9169993
0.189465,5.9169993
0.18947,5.9169993
0.189475,5.9169993
0.18947999,5.9169993
0.189485,5.9169993
0.18948999,5.9169993
0.189495,5.9169993
0.18949999,5.9169993
0.189505,5.9169993
0.18950999,5.9169993
0.189515,5.9169993
0.18952,5.9169993
0.189525,5.9169993
0.18953,5.9169993
0.18953499,5.9169993
0.18954,5.9169993
0.18954499,5.9169993
0.18955,5.9169993
0.18955499,5.9169993
0.18956,5.9169993
0.18956499,5.9169993
0.18957,5.9169993
0.189575,5.9169993
0.18958,5.9169993
0.189585,5.9169993
0.18958999,5.9169993
0.189595,5.9169993
0.18959999,5.9169993
0.189605,5.9169993
0.18960999,5.9169993
0.189615,5.9169993
0.18961999,5.9169993
0.189625,5.9169993
0.18963,5.9169993
0.189635,5.9169993
0.18964,5.9169993
0.18964499,5.9169993
0.18965,5.9169993
0.18965499,5.9169993
0.18966,5.9169993
0.18966499,5.9169993
0.18967,5.9169993
0.18967499,5.9169993
0.18968,5.9169993
0.189685,5.9169993
0.18969,5.9169993
0.189695,5.9169993
0.18969999,5.9169993
0.189705,5.9169993
0.18970999,5.9169993
0.189715,5.9169993
0.18971999,5.9169993
0.189725,5.9169993
0.18972999,5.9169993
0.189735,5.9169993
0.18974,5.9169993
0.189745,5.9169993
0.18975,5.9169993
0.189755,5.9169993
0.18976,5.9169993
0.18976499,5.9169993
0.18977,5.9169993
0.18977499,5.9169993
0.18978,5.9169993
0.18978499,5.9169993
0.18979,5.9169993
0.189795,5.9169993
0.1898,5.9169993
0.189805,5.9169993
0.18981,5.9169993
0.189815,5.9169993
0.18981999,5.9169993
0.189825,5.9169993
0.18982999,5.9169993
0.189835,5.9169993
0.18983999,5.9169993
0.189845,5.9169993
0.18985,5.9169993
0.189855,5.9169993
0.18986,5.9169993
0.189865,5.9169993
0.18987,5.9169993
0.18987499,5.9169993
0.18988,5.9169993
0.18988499,5.9169993
0.18989,5.9169993
0.18989499,5.9169993
0.1899,5.9169993
0.18990499,5.9169993
0.18991,5.9169993
0.189915,5.9169993
0.18992,5.9169993
0.189925,5.9169993
0.18992999,5.9169993
0.189935,5.9169993
0.18993999,5.9169993
0.189945,5.9169993
0.18994999,5.9169993
0.189955,5.9169993
0.18995999,5.9169993
0.189965,5.9169993
0.18997,5.9169993
0.189975,5.9169993
0.18998,5.9169993
0.18998499,5.9169993
0.18999,5.9169993
0.18999499,5.9169993
0.19,5.9169993
0.19000499,5.9169993
0.19001,5.9169993
0.19001499,5.9169993
0.19002,5.9169993
0.190025,5.9169993
0.19003,5.9169993
0.190035,5.9169993
0.19003999,5.9169993
0.190045,5.9169993
0.19004999,5.9169993
0.190055,5.9169993
0.19005999,5.9169993
0.190065,5.9169993
0.19006999,5.9169993
0.190075,5.9169993
0.19008,5.9169993
0.190085,5.9169993
0.19009,5.9169993
0.19009499,5.9169993
0.1901,5.9169993
0.19010499,5.9169993
0.19011,5.9169993
0.19011499,5.9169993
0.19012,5.9169993
0.19012499,5.9169993
0.19013,5.9169993
0.190135,5.9169993
0.19014,5.9169993
0.190145,5.9169993
0.19015,5.9169993
0.190155,5.9169993
0.19015999,5.9169993
0.190165,5.9169993
0.19016999,5.9169993
0.190175,5.9169993
0.19017999,5.9169993
0.190185,5.9169993
0.19019,5.9169993
0.190195,5.9169993
0.1902,5.9169993
0.190205,5.9169993
0.19021,5.9169993
0.19021499,5.9169993
0.19022,5.9169993
0.19022499,5.9169993
0.19023,5.9169993
0.19023499,5.9169993
0.19024,5.9169993
0.190245,5.9169993
0.19025,5.9169993
0.190255,5.9169993
0.19026,5.9169993
0.190265,5.9169993
0.19026999,5.9169993
0.190275,5.9169993
0.19027999,5.9169993
0.190285,5.9169993
0.19028999,5.9169993
0.190295,5.9169993
0.19029999,5.9169993
0.190305,5.9169993
0.19031,5.9169993
0.190315,5.9169993
0.19032,5.9169993
0.19032499,5.9169993
0.19033,5.9169993
0.19033499,5.9169993
0.19034,5.9169993
0.19034499,5.9169993
0.19035,5.9169993
0.19035499,5.9169993
0.19036,5.9169993
0.190365,5.9169993
0.19037,5.9169993
0.190375,5.9169993
0.19037999,5.9169993
0.190385,5.9169993
0.19038999,5.9169993
0.190395,5.9169993
0.19039999,5.9169993
0.190405,5.9169993
0.19040999,5.9169993
0.190415,5.9169993
0.19042,5.9169993
0.190425,5.9169993
0.19043,5.9169993
0.19043499,5.9169993
0.19044,5.9169993
0.19044499,5.9169993
0.19045,5.9169993
0.19045499,5.9169993
0.19046,5.9169993
0.19046499,5.9169993
0.19047,5.9169993
0.190475,5.9169993
0.19048,5.9169993
0.190485,5.9169993
0.19048999,5.9169993
0.190495,5.9169993
0.19049999,5.9169993
0.190505,5.9169993
0.19050999,5.9169993
0.190515,5.9169993
0.19051999,5.9169993
0.190525,5.9169993
0.19053,5.9169993
0.190535,5.9169993
0.19054,5.9169993
0.190545,5.9169993
0.19055,5.9169993
0.19055499,5.9169993
0.19056,5.9169993
0.19056499,5.9169993
0.19057,5.9169993
0.19057499,5.9169993
0.19058,5.9169993
0.190585,5.9169993
0.19059,5.9169993
0.190595,5.9169993
0.1906,5.9169993
0.190605,5.9169993
0.19060999,5.9169993
0.190615,5.9169993
0.19061999,5.9169993
0.190625,5.9169993
0.19062999,5.9169993
0.190635,5.9169993
0.19064,5.9169993
0.190645,5.9169993
0.19065,5.9169993
0.190655,5.9169993
0.19066,5.9169993
0.19066499,5.9169993
0.19067,5.9169993
0.19067499,5.9169993
0.19068,5.9169993
0.19068499,5.9169993
0.19069,5.9169993
0.19069499,5.9169993
0.1907,5.9169993
0.190705,5.9169993
0.19071,5.9169993
0.190715,5.9169993
0.19071999,5.9169993
0.190725,5.9169993
0.19072999,5.9169993
0.190735,5.9169993
0.19073999,5.9169993
0.190745,5.9169993
0.19074999,5.9169993
0.190755,5.9169993
0.19076,5.9169993
0.190765,5.9169993
0.19077,5.9169993
0.19077499,5.9169993
0.19078,5.9169993
0.19078499,5.9169993
0.19079,5.9169993
0.19079499,5.9169993
0.1908,5.9169993
0.19080499,5.9169993
0.19081,5.9169993
0.190815,5.9169993
0.19082,5.9169993
0.190825,5.9169993
0.19082999,5.9169993
0.190835,5.9169993
0.19083999,5.9169993
0.190845,5.9169993
0.19084999,5.9169993
0.190855,5.9169993
0.19085999,5.9169993
0.190865,5.9169993
0.19087,5.9169993
0.190875,5.9169993
0.19088,5.9169993
0.19088499,5.9169993
0.19089,5.9169993
0.19089499,5.9169993
0.1909,5.9169993
0.19090499,5.9169993
0.19091,5.9169993
0.19091499,5.9169993
0.19092,5.9169993
0.190925,5.9169993
0.19093,5.9169993
0.190935,5.9169993
0.19094,5.9169993
0.190945,5.9169993
0.19094999,5.9169993
0.190955,5.9169993
0.19095999,5.9169993
0.190965,5.9169993
0.19096999,5.9169993
0.190975,5.9169993
0.19098,5.9169993
0.190985,5.9169993
0.19099,5.9169993
0.190995,5.9169993
0.191,5.9169993
0.19100499,5.9169993
0.19101,5.9169993
0.19101499,5.9169993
0.19102,5.9169993
0.19102499,5.9169993
0.19103,5.9169993
0.191035,5.9169993
0.19104,5.9169993
0.191045,5.9169993
0.19105,5.9169993
0.191055,5.9169993
0.19105999,5.9169993
0.191065,5.9169993
0.19106999,5.9169993
0.191075,5.9169993
0.19107999,5.9169993
0.191085,5.9169993
0.19108999,5.9169993
0.191095,5.9169993
0.1911,5.9169993
0.191105,5.9169993
0.19111,5.9169993
0.19111499,5.9169993
0.19112,5.9169993
0.19112499,5.9169993
0.19113,5.9169993
0.19113499,5.9169993
0.19114,5.9169993
0.19114499,5.9169993
0.19115,5.9169993
0.191155,5.9169993
0.19116,5.9169993
0.191165,5.9169993
0.19116999,5.9169993
0.191175,5.9169993
0.19117999,5.9169993
0.191185,5.9169993
0.19118999,5.9169993
0.191195,5.9169993
0.19119999,5.9169993
0.191205,5.9169993
0.19121,5.9169993
0.191215,5.9169993
0.19122,5.9169993
0.19122499,5.9169993
0.19123,5.9169993
0.19123499,5.9169993
0.19124,5.9169993
0.19124499,5.9169993
0.19125,5.9169993
0.19125499,5.9169993
0.19126,5.9169993
0.191265,5.9169993
0.19127,5.9169993
0.191275,5.9169993
0.19127999,5.9169993
0.191285,5.9169993
0.19128999,5.9169993
0.191295,5.9169993
0.19129999,5.9169993
0.191305,5.9169993
0.19130999,5.9169993
0.191315,5.9169993
0.19132,5.9169993
0.191325,5.9169993
0.19133,5.9169993
0.191335,5.9169993
0.19134,5.9169993
0.19134499,5.9169993
0.19135,5.9169993
0.19135499,5.9169993
0.19136,5.9169993
0.19136499,5.9169993
0.19137,5.9169993
0.191375,5.9169993
0.19138,5.9169993
0.191385,5.9169993
0.19139,5.9169993
0.191395,5.9169993
0.19139999,5.9169993
0.191405,5.9169993
0.19140999,5.9169993
0.191415,5.9169993
0.19141999,5.9169993
0.191425,5.9169993
0.19143,5.9169993
0.191435,5.9169993
0.19144,5.9169993
0.191445,5.9169993
0.19145,5.9169993
0.19145499,5.9169993
0.19146,5.9169993
0.19146499,5.9169993
0.19147,5.9169993
0.19147499,5.9169993
0.19148,5.9169993
0.19148499,5.9169993
0.19149,5.9169993
0.191495,5.9169993
0.1915,5.9169993
0.191505,5.9169993
0.19150999,5.9169993
0.191515,5.9169993
0.19151999,5.9169993
0.191525,5.9169993
0.19152999,5.9169993
0.191535,5.9169993
0.19153999,5.9169993
0.191545,5.9169993
0.19155,5.9169993
0.191555,5.9169993
0.19156,5.9169993
0.19156499,5.9169993
0.19157,5.9169993
0.19157499,5.9169993
0.19158,5.9169993
0.19158499,5.9169993
0.19159,5.9169993
0.19159499,5.9169993
0.1916,5.9169993
0.191605,5.9169993
0.19161,5.9169993
0.191615,5.9169993
0.19161999,5.9169993
0.191625,5.9169993
0.19162999,5.9169993
0.191635,5.9169993
0.19163999,5.9169993
0.191645,5.9169993
0.19164999,5.9169993
0.191655,5.9169993
0.19166,5.9169993
0.191665,5.9169993
0.19167,5.9169993
0.19167499,5.9169993
0.19168,5.9169993
0.19168499,5.9169993
0.19169,5.9169993
0.19169499,5.9169993
0.1917,5.9169993
0.19170499,5.9169993
0.19171,5.9169993
0.191715,5.9169993
0.19172,5.9169993
0.191725,5.9169993
0.19173,5.9169993
0.191735,5.9169993
0.19173999,5.9169993
0.191745,5.9169993
0.19174999,5.9169993
0.191755,5.9169993
0.19175999,5.9169993
0.191765,5.9169993
0.19177,5.9169993
0.191775,5.9169993
0.19178,5.9169993
0.191785,5.9169993
0.19179,5.9169993
0.19179499,5.9169993
0.1918,5.9169993
0.19180499,5.9169993
0.19181,5.9169993
0.19181499,5.9169993
0.19182,5.9169993
0.191825,5.9169993
0.19183,5.9169993
0.191835,5.9169993
0.19184,5.9169993
0.191845,5.9169993
0.19184999,5.9169993
0.191855,5.9169993
0.19185999,5.9169993
0.191865,5.9169993
0.19186999,5.9169993
0.191875,5.9169993
0.19187999,5.9169993
0.191885,5.9169993
0.19189,5.9169993
0.191895,5.9169993
0.1919,5.9169993
0.19190499,5.9169993
0.19191,5.9169993
0.19191499,5.9169993
0.19192,5.9169993
0.19192499,5.9169993
0.19193,5.9169993
0.19193499,5.9169993
0.19194,5.9169993
0.191945,5.9169993
0.19195,5.9169993
0.191955,5.9169993
0.19195999,5.9169993
0.191965,5.9169993
0.19196999,5.9169993
0.191975,5.9169993
0.19197999,5.9169993
0.191985,5.9169993
0.19198999,5.9169993
0.191995,5.9169993
0.192,5.9169993
0.192005,5.9169993
0.19201,5.9169993
0.19201499,5.9169993
0.19202,5.9169993
0.19202499,5.9169993
0.19203,5.9169993
0.19203499,5.9169993
0.19204,5.9169993
0.19204499,5.9169993
0.19205,5.9169993
0.192055,5.9169993
0.19206,5.9169993
0.192065,5.9169993
0.19206999,5.9169993
0.192075,5.9169993
0.19207999,5.9169993
0.192085,5.9169993
0.19208999,5.9169993
0.192095,5.9169993
0.19209999,5.9169993
0.192105,5.9169993
0.19211,5.9169993
0.192115,5.9169993
0.19212,5.9169993
0.192125,5.9169993
0.19213,5.9169993
0.19213499,5.9169993
0.19214,5.9169993
0.19214499,5.9169993
0.19215,5.9169993
0.19215499,5.9169993
0.19216,5.9169993
0.192165,5.9169993
0.19217,5.9169993
0.192175,5.9169993
0.19218,5.9169993
0.192185,5.9169993
0.19218999,5.9169993
0.192195,5.9169993
0.19219999,5.9169993
0.192205,5.9169993
0.19220999,5.9169993
0.192215,5.9169993
0.19222,5.9169993
0.192225,5.9169993
0.19223,5.9169993
0.192235,5.9169993
0.19224,5.9169993
0.19224499,5.9169993
0.19225,5.9169993
0.19225499,5.9169993
0.19226,5.9169993
0.19226499,5.9169993
0.19227,5.9169993
0.19227499,5.9169993
0.19228,5.9169993
0.192285,5.9169993
0.19229,5.9169993
0.192295,5.9169993
0.19229999,5.9169993
0.192305,5.9169993
0.19230999,5.9169993
0.192315,5.9169993
0.19231999,5.9169993
0.192325,5.9169993
0.19232999,5.9169993
0.192335,5.9169993
0.19234,5.9169993
0.192345,5.9169993
0.19235,5.9169993
0.19235499,5.9169993
0.19236,5.9169993
0.19236499,5.9169993
0.19237,5.9169993
0.19237499,5.9169993
0.19238,5.9169993
0.19238499,5.9169993
0.19239,5.9169993
0.192395,5.9169993
0.1924,5.9169993
0.192405,5.9169993
0.19240999,5.9169993
0.192415,5.9169993
0.19241999,5.9169993
0.192425,5.9169993
0.19242999,5.9169993
0.192435,5.9169993
0.19243999,5.9169993
0.192445,5.9169993
0.19245,5.9169993
0.192455,5.9169993
0.19246,5.9169993
0.19246499,5.9169993
0.19247,5.9169993
0.19247499,5.9169993
0.19248,5.9169993
0.19248499,5.9169993
0.19249,5.9169993
0.19249499,5.9169993
0.1925,5.9169993
0.192505,5.9169993
0.19251,5.9169993
0.192515,5.9169993
0.19252,5.9169993
0.192525,5.9169993
0.19252999,5.9169993
0.192535,5.9169993
0.19253999,5.9169993
0.192545,5.9169993
0.19254999,5.9169993
0.192555,5.9169993
0.19256,5.9169993
0.192565,5.9169993
0.19257,5.9169993
0.192575,5.9169993
0.19258,5.9169993
0.19258499,5.9169993
0.19259,5.9169993
0.19259499,5.9169993
0.1926,5.9169993
0.19260499,5.9169993
0.19261,5.9169993
0.192615,5.9169993
0.19262,5.9169993
0.192625,5.9169993
0.19263,5.9169993
0.192635,5.9169993
0.19263999,5.9169993
0.192645,5.9169993
0.19264999,5.9169993
0.192655,5.9169993
0.19265999,5.9169993
0.192665,5.9169993
0.19267,5.9169993
0.192675,5.9169993
0.19268,5.9169993
0.192685,5.9169993
0.19269,5.9169993
0.19269499,5.9169993
0.1927,5.9169993
0.19270499,5.9169993
0.19271,5.9169993
0.19271499,5.9169993
0.19272,5.9169993
0.19272499,5.9169993
0.19273,5.9169993
0.192735,5.9169993
0.19274,5.9169993
0.192745,5.9169993
0.19274999,5.9169993
0.192755,5.9169993
0.19275999,5.9169993
0.192765,5.9169993
0.19276999,5.9169993
0.192775,5.9169993
0.19277999,5.9169993
0.192785,5.9169993
0.19279,5.9169993
0.192795,5.9169993
0.1928,5.9169993
0.19280499,5.9169993
0.19281,5.9169993
0.19281499,5.9169993
0.19282,5.9169993
0.19282499,5.9169993
0.19283,5.9169993
0.19283499,5.9169993
0.19284,5.9169993
0.192845,5.9169993
0.19285,5.9169993
0.192855,5.9169993
0.19285999,5.9169993
0.192865,5.9169993
0.19286999,5.9169993
0.192875,5.9169993
0.19287999,5.9169993
0.192885,5.9169993
0.19288999,5.9169993
0.192895,5.9169993
0.1929,5.9169993
0.192905,5.9169993
0.19291,5.9169993
0.192915,5.9169993
0.19292,5.9169993
0.19292499,5.9169993
0.19293,5.9169993
0.19293499,5.9169993
0.19294,5.9169993
0.19294499,5.9169993
0.19295,5.9169993
0.192955,5.9169993
0.19296,5.9169993
0.192965,5.9169993
0.19297,5.9169993
0.192975,5.9169993
0.19297999,5.9169993
0.192985,5.9169993
0.19298999,5.9169993
0.192995,5.9169993
0.19299999,5.9169993
0.193005,5.9169993
0.19301,5.9169993
0.193015,5.9169993
0.19302,5.9169993
0.193025,5.9169993
0.19303,5.9169993
0.19303499,5.9169993
0.19304,5.9169993
0.19304499,5.9169993
0.19305,5.9169993
0.19305499,5.9169993
0.19306,5.9169993
0.193065,5.9169993
0.19307,5.9169993
0.193075,5.9169993
0.19308,5.9169993
0.193085,5.9169993
0.19308999,5.9169993
0.193095,5.9169993
0.19309999,5.9169993
0.193105,5.9169993
0.19310999,5.9169993
0.193115,5.9169993
0.19311999,5.9169993
0.193125,5.9169993
0.19313,5.9169993
0.193135,5.9169993
0.19314,5.9169993
0.19314499,5.9169993
0.19315,5.9169993
0.19315499,5.9169993
0.19316,5.9169993
0.19316499,5.9169993
0.19317,5.9169993
0.19317499,5.9169993
0.19318,5.9169993
0.193185,5.9169993
0.19319,5.9169993
0.193195,5.9169993
0.19319999,5.9169993
0.193205,5.9169993
0.19320999,5.9169993
0.193215,5.9169993
0.19321999,5.9169993
0.193225,5.9169993
0.19322999,5.9169993
0.193235,5.9169993
0.19324,5.9169993
0.193245,5.9169993
0.19325,5.9169993
0.19325499,5.9169993
0.19326,5.9169993
0.19326499,5.9169993
0.19327,5.9169993
0.19327499,5.9169993
0.19328,5.9169993
0.19328499,5.9169993
0.19329,5.9169993
0.193295,5.9169993
0.1933,5.9169993
0.193305,5.9169993
0.19331,5.9169993
0.193315,5.9169993
0.19331999,5.9169993
0.193325,5.9169993
0.19332999,5.9169993
0.193335,5.9169993
0.19333999,5.9169993
0.193345,5.9169993
0.19335,5.9169993
0.193355,5.9169993
0.19336,5.9169993
0.193365,5.9169993
0.19337,5.9169993
0.19337499,5.9169993
0.19338,5.9169993
0.19338499,5.9169993
0.19339,5.9169993
0.19339499,5.9169993
0.1934,5.9169993
0.193405,5.9169993
0.19341,5.9169993
0.193415,5.9169993
0.19342,5.9169993
0.193425,5.9169993
0.19342999,5.9169993
0.193435,5.9169993
0.19343999,5.9169993
0.193445,5.9169993
0.19344999,5.9169993
0.193455,5.9169993
0.19346,5.9169993
0.193465,5.9169993
0.19347,5.9169993
0.193475,5.9169993
0.19348,5.9169993
0.19348499,5.9169993
0.19349,5.9169993
0.19349499,5.9169993
0.1935,5.9169993
0.19350499,5.9169993
0.19351,5.9169993
0.19351499,5.9169993
0.19352,5.9169993
0.193525,5.9169993
0.19353,5.9169993
0.193535,5.9169993
0.19353999,5.9169993
0.193545,5.9169993
0.19354999,5.9169993
0.193555,5.9169993
0.19355999,5.9169993
0.193565,5.9169993
0.19356999,5.9169993
0.193575,5.9169993
0.19358,5.9169993
0.193585,5.9169993
0.19359,5.9169993
0.19359499,5.9169993
0.1936,5.9169993
0.19360499,5.9169993
0.19361,5.9169993
0.19361499,5.9169993
0.19362,5.9169993
0.19362499,5.9169993
0.19363,5.9169993
0.193635,5.9169993
0.19364,5.9169993
0.193645,5.9169993
0.19364999,5.9169993
0.193655,5.9169993
0.19365999,5.9169993
0.193665,5.9169993
0.19366999,5.9169993
0.193675,5.9169993
0.19367999,5.9169993
0.193685,5.9169993
0.19369,5.9169993
0.193695,5.9169993
0.1937,5.9169993
0.19370499,5.9169993
0.19371,5.9169993
0.19371499,5.9169993
0.19372,5.9169993
0.19372499,5.9169993
0.19373,5.9169993
0.19373499,5.9169993
0.19374,5.9169993
0.193745,5.9169993
0.19375,5.9169993
0.193755,5.9169993
0.19376,5.9169993
0.193765,5.9169993
0.19376999,5.9169993
0.193775,5.9169993
0.19377999,5.9169993
0.193785,5.9169993
0.19378999,5.9169993
0.193795,5.9169993
0.1938,5.9169993
0.193805,5.9169993
0.19381,5.9169993
0.193815,5.9169993
0.19382,5.9169993
0.19382499,5.9169993
0.19383,5.9169993
0.19383499,5.9169993
0.19384,5.9169993
0.19384499,5.9169993
0.19385,5.9169993
0.193855,5.9169993
0.19386,5.9169993
0.193865,5.9169993
0.19387,5.9169993
0.193875,5.9169993
0.19387999,5.9169993
0.193885,5.9169993
0.19388999,5.9169993
0.193895,5.9169993
0.19389999,5.9169993
0.193905,5.9169993
0.19390999,5.9169993
0.193915,5.9169993
0.19392,5.9169993
0.193925,5.9169993
0.19393,5.9169993
0.19393499,5.9169993
0.19394,5.9169993
0.19394499,5.9169993
0.19395,5.9169993
0.19395499,5.9169993
0.19396,5.9169993
0.19396499,5.9169993
0.19397,5.9169993
0.193975,5.9169993
0.19398,5.9169993
0.193985,5.9169993
0.19398999,5.9169993
0.193995,5.9169993
0.19399999,5.9169993
0.194005,5.9169993
0.19400999,5.9169993
0.194015,5.9169993
0.19401999,5.9169993
0.194025,5.9169993
0.19403,5.9169993
0.194035,5.9169993
0.19404,5.9169993
0.19404499,5.9169993
0.19405,5.9169993
0.19405499,5.9169993
0.19406,5.9169993
0.19406499,5.9169993
0.19407,5.9169993
0.19407499,5.9169993
0.19408,5.9169993
0.194085,5.9169993
0.19409,5.9169993
0.194095,5.9169993
0.19409999,5.9169993
0.194105,5.9169993
0.19410999,5.9169993
0.194115,5.9169993
0.19411999,5.9169993
0.194125,5.9169993
0.19412999,5.9169993
0.194135,5.9169993
0.19414,5.9169993
0.194145,5.9169993
0.19415,5.9169993
0.194155,5.9169993
0.19416,5.9169993
0.19416499,5.9169993
0.19417,5.9169993
0.19417499,5.9169993
0.19418,5.9169993
0.19418499,5.9169993
0.19419,5.9169993
0.194195,5.9169993
0.1942,5.9169993
0.194205,5.9169993
0.19421,5.9169993
0.194215,5.9169993
0.19421999,5.9169993
0.194225,5.9169993
0.19422999,5.9169993
0.194235,5.9169993
0.19423999,5.9169993
0.194245,5.9169993
0.19425,5.9169993
0.194255,5.9169993
0.19426,5.9169993
0.194265,5.9169993
0.19427,5.9169993
0.19427499,5.9169993
0.19428,5.9169993
0.19428499,5.9169993
0.19429,5.9169993
0.19429499,5.9169993
0.1943,5.9169993
0.19430499,5.9169993
0.19431,5.9169993
0.194315,5.9169993
0.19432,5.9169993
0.194325,5.9169993
0.19432999,5.9169993
0.194335,5.9169993
0.19433999,5.9169993
0.194345,5.9169993
0.19434999,5.9169993
0.194355,5.9169993
0.19435999,5.9169993
0.194365,5.9169993
0.19437,5.9169993
0.194375,5.9169993
0.19438,5.9169993
0.19438499,5.9169993
0.19439,5.9169993
0.19439499,5.9169993
0.1944,5.9169993
0.19440499,5.9169993
0.19441,5.9169993
0.19441499,5.9169993
0.19442,5.9169993
0.194425,5.9169993
0.19443,5.9169993
0.194435,5.9169993
0.19443999,5.9169993
0.194445,5.9169993
0.19444999,5.9169993
0.194455,5.9169993
0.19445999,5.9169993
0.194465,5.9169993
0.19446999,5.9169993
0.194475,5.9169993
0.19448,5.9169993
0.194485,5.9169993
0.19449,5.9169993
0.19449499,5.9169993
0.1945,5.9169993
0.19450499,5.9169993
0.19451,5.9169993
0.19451499,5.9169993
0.19452,5.9169993
0.19452499,5.9169993
0.19453,5.9169993
0.194535,5.9169993
0.19454,5.9169993
0.194545,5.9169993
0.19455,5.9169993
0.194555,5.9169993
0.19455999,5.9169993
0.194565,5.9169993
0.19456999,5.9169993
0.194575,5.9169993
0.19457999,5.9169993
0.194585,5.9169993
0.19459,5.9169993
0.194595,5.9169993
0.1946,5.9169993
0.194605,5.9169993
0.19461,5.9169993
0.19461499,5.9169993
0.19462,5.9169993
0.19462499,5.9169993
0.19463,5.9169993
0.19463499,5.9169993
0.19464,5.9169993
0.194645,5.9169993
0.19465,5.9169993
0.194655,5.9169993
0.19466,5.9169993
0.194665,5.9169993
0.19466999,5.9169993
0.194675,5.9169993
0.19467999,5.9169993
0.194685,5.9169993
0.19468999,5.9169993
0.194695,5.9169993
0.19469999,5.9169993
0.194705,5.9169993
0.19471,5.9169993
0.194715,5.9169993
0.19472,5.9169993
0.19472499,5.9169993
0.19473,5.9169993
0.19473499,5.9169993
0.19474,5.9169993
0.19474499,5.9169993
0.19475,5.9169993
0.19475499,5.9169993
0.19476,5.9169993
0.194765,5.9169993
0.19477,5.9169993
0.194775,5.9169993
0.19477999,5.9169993
0.194785,5.9169993
0.19478999,5.9169993
0.194795,5.9169993
0.19479999,5.9169993
0.194805,5.9169993
0.19480999,5.9169993
0.194815,5.9169993
0.19482,5.9169993
0.194825,5.9169993
0.19483,5.9169993
0.19483499,5.9169993
0.19484,5.9169993
0.19484499,5.9169993
0.19485,5.9169993
0.19485499,5.9169993
0.19486,5.9169993
0.19486499,5.9169993
0.19487,5.9169993
0.194875,5.9169993
0.19488,5.9169993
0.194885,5.9169993
0.19488999,5.9169993
0.194895,5.9169993
0.19489999,5.9169993
0.194905,5.9169993
0.19490999,5.9169993
0.194915,5.9169993
0.19491999,5.9169993
0.194925,5.9169993
0.19493,5.9169993
0.194935,5.9169993
0.19494,5.9169993
0.194945,5.9169993
0.19495,5.9169993
0.19495499,5.9169993
0.19496,5.9169993
0.19496499,5.9169993
0.19497,5.9169993
0.19497499,5.9169993
0.19498,5.9169993
0.194985,5.9169993
0.19499,5.9169993
0.194995,5.9169993
0.195,5.9169993
0.195005,5.9169993
0.19500999,5.9169993
0.195015,5.9169993
0.19501999,5.9169993
0.195025,5.9169993
0.19502999,5.9169993
0.195035,5.9169993
0.19504,5.9169993
0.195045,5.9169993
0.19505,5.9169993
0.195055,5.9169993
0.19506,5.9169993
0.19506499,5.9169993
0.19507,5.9169993
0.19507499,5.9169993
0.19508,5.9169993
0.19508499,5.9169993
0.19509,5.9169993
0.19509499,5.9169993
0.1951,5.9169993
0.195105,5.9169993
0.19511,5.9169993
0.195115,5.9169993
0.19511999,5.9169993
0.195125,5.9169993
0.19512999,5.9169993
0.195135,5.9169993
0.19513999,5.9169993
0.195145,5.9169993
0.19514999,5.9169993
0.195155,5.9169993
0.19516,5.9169993
0.195165,5.9169993
0.19517,5.9169993
0.19517499,5.9169993
0.19518,5.9169993
0.19518499,5.9169993
0.19519,5.9169993
0.19519499,5.9169993
0.1952,5.9169993
0.19520499,5.9169993
0.19521,5.9169993
0.195215,5.9169993
0.19522,5.9169993
0.195225,5.9169993
0.19522999,5.9169993
0.195235,5.9169993
0.19523999,5.9169993
0.195245,5.9169993
0.19524999,5.9169993
0.195255,5.9169993
0.19525999,5.9169993
0.195265,5.9169993
0.19527,5.9169993
0.195275,5.9169993
0.19528,5.9169993
0.19528499,5.9169993
0.19529,5.9169993
0.19529499,5.9169993
0.1953,5.9169993
0.19530499,5.9169993
0.19531,5.9169993
0.19531499,5.9169993
0.19532,5.9169993
0.195325,5.9169993
0.19533,5.9169993
0.195335,5.9169993
0.19534,5.9169993
0.195345,5.9169993
0.19534999,5.9169993
0.195355,5.9169993
0.19535999,5.9169993
0.195365,5.9169993
0.19536999,5.9169993
0.195375,5.9169993
0.19538,5.9169993
0.195385,5.9169993
0.19539,5.9169993
0.195395,5.9169993
0.1954,5.9169993
0.19540499,5.9169993
0.19541,5.9169993
0.19541499,5.9169993
0.19542,5.9169993
0.19542499,5.9169993
0.19543,5.9169993
0.195435,5.9169993
0.19544,5.9169993
0.195445,5.9169993
0.19545,5.9169993
0.195455,5.9169993
0.19545999,5.9169993
0.195465,5.9169993
0.19546999,5.9169993
0.195475,5.9169993
0.19547999,5.9169993
0.195485,5.9169993
0.19548999,5.9169993
0.195495,5.9169993
0.1955,5.9169993
0.195505,5.9169993
0.19551,5.9169993
0.19551499,5.9169993
0.19552,5.9169993
0.19552499,5.9169993
0.19553,5.9169993
0.19553499,5.9169993
0.19554,5.9169993
0.19554499,5.9169993
0.19555,5.9169993
0.195555,5.9169993
0.19556,5.9169993
0.195565,5.9169993
0.19556999,5.9169993
0.195575,5.9169993
0.19557999,5.9169993
0.195585,5.9169993
0.19558999,5.9169993
0.195595,5.9169993
0.19559999,5.9169993
0.195605,5.9169993
0.19561,5.9169993
0.195615,5.9169993
0.19562,5.9169993
0.19562499,5.9169993
0.19563,5.9169993
0.19563499,5.9169993
0.19564,5.9169993
0.19564499,5.9169993
0.19565,5.9169993
0.19565499,5.9169993
0.19566,5.9169993
0.195665,5.9169993
0.19567,5.9169993
0.195675,5.9169993
0.19567999,5.9169993
0.195685,5.9169993
0.19568999,5.9169993
0.195695,5.9169993
0.19569999,5.9169993
0.195705,5.9169993
0.19570999,5.9169993
0.195715,5.9169993
0.19572,5.9169993
0.195725,5.9169993
0.19573,5.9169993
0.195735,5.9169993
0.19574,5.9169993
0.19574499,5.9169993
0.19575,5.9169993
0.19575499,5.9169993
0.19576,5.9169993
0.19576499,5.9169993
0.19577,5.9169993
0.195775,5.9169993
0.19578,5.9169993
0.195785,5.9169993
0.19579,5.9169993
0.195795,5.9169993
0.19579999,5.9169993
0.195805,5.9169993
0.19580999,5.9169993
0.195815,5.9169993
0.19581999,5.9169993
0.195825,5.9169993
0.19583,5.9169993
0.195835,5.9169993
0.19584,5.9169993
0.195845,5.9169993
0.19585,5.9169993
0.19585499,5.9169993
0.19586,5.9169993
0.19586499,5.9169993
0.19587,5.9169993
0.19587499,5.9169993
0.19588,5.9169993
0.19588499,5.9169993
0.19589,5.9169993
0.195895,5.9169993
0.1959,5.9169993
0.195905,5.9169993
0.19590999,5.9169993
0.195915,5.9169993
0.19591999,5.9169993
0.195925,5.9169993
0.19592999,5.9169993
0.195935,5.9169993
0.19593999,5.9169993
0.195945,5.9169993
0.19595,5.9169993
0.195955,5.9169993
0.19596,5.9169993
0.19596499,5.9169993
0.19597,5.9169993
0.19597499,5.9169993
0.19598,5.9169993
0.19598499,5.9169993
0.19599,5.9169993
0.19599499,5.9169993
0.196,5.9169993
0.196005,5.9169993
0.19601,5.9169993
0.196015,5.9169993
0.19601999,5.9169993
0.196025,5.9169993
0.19602999,5.9169993
0.196035,5.9169993
0.19603999,5.9169993
0.196045,5.9169993
0.19604999,5.9169993
0.196055,5.9169993
0.19606,5.9169993
0.196065,5.9169993
0.19607,5.9169993
0.19607499,5.9169993
0.19608,5.9169993
0.19608499,5.9169993
0.19609,5.9169993
0.19609499,5.9169993
0.1961,5.9169993
0.19610499,5.9169993
0.19611,5.9169993
0.196115,5.9169993
0.19612,5.9169993
0.196125,5.9169993
0.19613,5.9169993
0.196135,5.9169993
0.19613999,5.9169993
0.196145,5.9169993
0.19614999,5.9169993
0.196155,5.9169993
0.19615999,5.9169993
0.196165,5.9169993
0.19617,5.9169993
0.196175,5.9169993
0.19618,5.9169993
0.196185,5.9169993
0.19619,5.9169993
0.19619499,5.9169993
0.1962,5.9169993
0.19620499,5.9169993
0.19621,5.9169993
0.19621499,5.9169993
0.19622,5.9169993
0.196225,5.9169993
0.19623,5.9169993
0.196235,5.9169993
0.19624,5.9169993
0.196245,5.9169993
0.19624999,5.9169993
0.196255,5.9169993
0.19625999,5.9169993
0.196265,5.9169993
0.19626999,5.9169993
0.196275,5.9169993
0.19627999,5.9169993
0.196285,5.9169993
0.19629,5.9169993
0.196295,5.9169993
0.1963,5.9169993
0.19630499,5.9169993
0.19631,5.9169993
0.19631499,5.9169993
0.19632,5.9169993
0.19632499,5.9169993
0.19633,5.9169993
0.19633499,5.9169993
0.19634,5.9169993
0.196345,5.9169993
0.19635,5.9169993
0.196355,5.9169993
0.19635999,5.9169993
0.196365,5.9169993
0.19636999,5.9169993
0.196375,5.9169993
0.19637999,5.9169993
0.196385,5.9169993
0.19638999,5.9169993
0.196395,5.9169993
0.1964,5.9169993
0.196405,5.9169993
0.19641,5.9169993
0.19641499,5.9169993
0.19642,5.9169993
0.19642499,5.9169993
0.19643,5.9169993
0.19643499,5.9169993
0.19644,5.9169993
0.19644499,5.9169993
0.19645,5.9169993
0.196455,5.9169993
0.19646,5.9169993
0.196465,5.9169993
0.19646999,5.9169993
0.196475,5.9169993
0.19647999,5.9169993
0.196485,5.9169993
0.19648999,5.9169993
0.196495,5.9169993
0.19649999,5.9169993
0.196505,5.9169993
0.19651,5.9169993
0.196515,5.9169993
0.19652,5.9169993
0.196525,5.9169993
0.19653,5.9169993
0.19653499,5.9169993
0.19654,5.9169993
0.19654499,5.9169993
0.19655,5.9169993
0.19655499,5.9169993
0.19656,5.9169993
0.196565,5.9169993
0.19657,5.9169993
0.196575,5.9169993
0.19658,5.9169993
0.196585,5.9169993
0.19658999,5.9169993
0.196595,5.9169993
0.19659999,5.9169993
0.196605,5.9169993
0.19660999,5.9169993
0.196615,5.9169993
0.19662,5.9169993
0.196625,5.9169993
0.19663,5.9169993
0.196635,5.9169993
0.19664,5.9169993
0.19664499,5.9169993
0.19665,5.9169993
0.19665499,5.9169993
0.19666,5.9169993
0.19666499,5.9169993
0.19667,5.9169993
0.19667499,5.9169993
0.19668,5.9169993
0.196685,5.9169993
0.19669,5.9169993
0.196695,5.9169993
0.19669999,5.9169993
0.196705,5.9169993
0.19670999,5.9169993
0.196715,5.9169993
0.19671999,5.9169993
0.196725,5.9169993
0.19672999,5.9169993
0.196735,5.9169993
0.19674,5.9169993
0.196745,5.9169993
0.19675,5.9169993
0.19675499,5.9169993
0.19676,5.9169993
0.19676499,5.9169993
0.19677,5.9169993
0.19677499,5.9169993
0.19678,5.9169993
0.19678499,5.9169993
0.19679,5.9169993
0.196795,5.9169993
0.1968,5.9169993
0.196805,5.9169993
0.19680999,5.9169993
0.196815,5.9169993
0.19681999,5.9169993
0.196825,5.9169993
0.19682999,5.9169993
0.196835,5.9169993
0.19683999,5.9169993
0.196845,5.9169993
0.19685,5.9169993
0.196855,5.9169993
0.19686,5.9169993
0.19686499,5.9169993
0.19687,5.9169993
0.19687499,5.9169993
0.19688,5.9169993
0.19688499,5.9169993
0.19689,5.9169993
0.19689499,5.9169993
0.1969,5.9169993
0.196905,5.9169993
0.19691,5.9169993
0.196915,5.9169993
0.19692,5.9169993
0.196925,5.9169993
0.19692999,5.9169993
0.196935,5.9169993
0.19693999,5.9169993
0.196945,5.9169993
0.19694999,5.9169993
0.196955,5.9169993
0.19696,5.9169993
0.196965,5.9169993
0.19697,5.9169993
0.196975,5.9169993
0.19698,5.9169993
0.19698499,5.9169993
0.19699,5.9169993
0.19699499,5.9169993
0.197,5.9169993
0.19700499,5.9169993
0.19701,5.9169993
0.197015,5.9169993
0.19702,5.9169993
0.197025,5.9169993
0.19703,5.9169993
0.197035,5.9169993
0.19703999,5.9169993
0.197045,5.9169993
0.19704999,5.9169993
0.197055,5.9169993
0.19705999,5.9169993
0.197065,5.9169993
0.19706999,5.9169993
0.197075,5.9169993
0.19708,5.9169993
0.197085,5.9169993
0.19709,5.9169993
0.19709499,5.9169993
0.1971,5.9169993
0.19710499,5.9169993
0.19711,5.9169993
0.19711499,5.9169993
0.19712,5.9169993
0.19712499,5.9169993
0.19713,5.9169993
0.197135,5.9169993
0.19714,5.9169993
0.197145,5.9169993
0.19714999,5.9169993
0.197155,5.9169993
0.19715999,5.9169993
0.197165,5.9169993
0.19716999,5.9169993
0.197175,5.9169993
0.19717999,5.9169993
0.197185,5.9169993
0.19719,5.9169993
0.197195,5.9169993
0.1972,5.9169993
0.19720499,5.9169993
0.19721,5.9169993
0.19721499,5.9169993
0.19722,5.9169993
0.19722499,5.9169993
0.19723,5.9169993
0.19723499,5.9169993
0.19724,5.9169993
0.197245,5.9169993
0.19725,5.9169993
0.197255,5.9169993
0.19725999,5.9169993
0.197265,5.9169993
0.19726999,5.9169993
0.197275,5.9169993
0.19727999,5.9169993
0.197285,5.9169993
0.19728999,5.9169993
0.197295,5.9169993
0.1973,5.9169993
0.197305,5.9169993
0.19731,5.9169993
0.19731499,5.9169993
0.19732,5.9169993
0.19732499,5.9169993
0.19733,5.9169993
0.19733499,5.9169993
0.19734,5.9169993
0.19734499,5.9169993
0.19735,5.9169993
0.197355,5.9169993
0.19736,5.9169993
0.197365,5.9169993
0.19737,5.9169993
0.197375,5.9169993
0.19737999,5.9169993
0.197385,5.9169993
0.19738999,5.9169993
0.197395,5.9169993
0.19739999,5.9169993
0.197405,5.9169993
0.19741,5.9169993
0.197415,5.9169993
0.19742,5.9169993
0.197425,5.9169993
0.19743,5.9169993
0.19743499,5.9169993
0.19744,5.9169993
0.19744499,5.9169993
0.19745,5.9169993
0.19745499,5.9169993
0.19746,5.9169993
0.19746499,5.9169993
0.19747,5.9169993
0.197475,5.9169993
0.19748,5.9169993
0.197485,5.9169993
0.19748999,5.9169993
0.197495,5.9169993
0.19749999,5.9169993
0.197505,5.9169993
0.19750999,5.9169993
0.197515,5.9169993
0.19751999,5.9169993
0.197525,5.9169993
0.19753,5.9169993
0.197535,5.9169993
0.19754,5.9169993
0.19754499,5.9169993
0.19755,5.9169993
0.19755499,5.9169993
0.19756,5.9169993
0.19756499,5.9169993
0.19757,5.9169993
0.19757499,5.9169993
0.19758,5.9169993
0.197585,5.9169993
0.19759,5.9169993
0.197595,5.9169993
0.19759999,5.9169993
0.197605,5.9169993
0.19760999,5.9169993
0.197615,5.9169993
0.19761999,5.9169993
0.197625,5.9169993
0.19762999,5.9169993
0.197635,5.9169993
0.19764,5.9169993
0.197645,5.9169993
0.19765,5.9169993
0.19765499,5.9169993
0.19766,5.9169993
0.19766499,5.9169993
0.19767,5.9169993
0.19767499,5.9169993
0.19768,5.9169993
0.19768499,5.9169993
0.19769,5.9169993
0.197695,5.9169993
0.1977,5.9169993
0.197705,5.9169993
0.19770999,5.9169993
0.197715,5.9169993
0.19771999,5.9169993
0.197725,5.9169993
0.19772999,5.9169993
0.197735,5.9169993
0.19773999,5.9169993
0.197745,5.9169993
0.19775,5.9169993
0.197755,5.9169993
0.19776,5.9169993
0.197765,5.9169993
0.19777,5.9169993
0.19777499,5.9169993
0.19778,5.9169993
0.19778499,5.9169993
0.19779,5.9169993
0.19779499,5.9169993
0.1978,5.9169993
0.197805,5.9169993
0.19781,5.9169993
0.197815,5.9169993
0.19782,5.9169993
0.197825,5.9169993
0.19782999,5.9169993
0.197835,5.9169993
0.19783999,5.9169993
0.197845,5.9169993
0.19784999,5.9169993
0.197855,5.9169993
0.19785999,5.9169993
0.197865,5.9169993
0.19787,5.9169993
0.197875,5.9169993
0.19788,5.9169993
0.19788499,5.9169993
0.19789,5.9169993
0.19789499,5.9169993
0.1979,5.9169993
0.19790499,5.9169993
0.19791,5.9169993
0.19791499,5.9169993
0.19792,5.9169993
0.197925,5.9169993
0.19793,5.9169993
0.197935,5.9169993
0.19793999,5.9169993
0.197945,5.9169993
0.19794999,5.9169993
0.197955,5.9169993
0.19795999,5.9169993
0.197965,5.9169993
0.19796999,5.9169993
0.197975,5.9169993
0.19798,5.9169993
0.197985,5.9169993
0.19799,5.9169993
0.19799499,5.9169993
0.198,5.9169993
0.19800499,5.9169993
0.19801,5.9169993
0.19801499,5.9169993
0.19802,5.9169993
0.19802499,5.9169993
0.19803,5.9169993
0.198035,5.9169993
0.19804,5.9169993
0.198045,5.9169993
0.19804999,5.9169993
0.198055,5.9169993
0.19805999,5.9169993
0.198065,5.9169993
0.19806999,5.9169993
0.198075,5.9169993
0.19807999,5.9169993
0.198085,5.9169993
0.19809,5.9169993
0.198095,5.9169993
0.1981,5.9169993
0.19810499,5.9169993
0.19811,5.9169993
0.19811499,5.9169993
0.19812,5.9169993
0.19812499,5.9169993
0.19813,5.9169993
0.19813499,5.9169993
0.19814,5.9169993
0.198145,5.9169993
0.19815,5.9169993
0.198155,5.9169993
0.19816,5.9169993
0.198165,5.9169993
0.19816999,5.9169993
0.198175,5.9169993
0.19817999,5.9169993
0.198185,5.9169993
0.19818999,5.9169993
0.198195,5.9169993
0.1982,5.9169993
0.198205,5.9169993
0.19821,5.9169993
0.198215,5.9169993
0.19822,5.9169993
0.19822499,5.9169993
0.19823,5.9169993
0.19823499,5.9169993
0.19824,5.9169993
0.19824499,5.9169993
0.19825,5.9169993
0.19825499,5.9169993
0.19826,5.9169993
0.198265,5.9169993
0.19827,5.9169993
0.198275,5.9169993
0.19827999,5.9169993
0.198285,5.9169993
0.19828999,5.9169993
0.198295,5.9169993
0.19829999,5.9169993
0.198305,5.9169993
0.19830999,5.9169993
0.198315,5.9169993
0.19832,5.9169993
0.198325,5.9169993
0.19833,5.9169993
0.19833499,5.9169993
0.19834,5.9169993
0.19834499,5.9169993
0.19835,5.9169993
0.19835499,5.9169993
0.19836,5.9169993
0.19836499,5.9169993
0.19837,5.9169993
0.198375,5.9169993
0.19838,5.9169993
0.198385,5.9169993
0.19838999,5.9169993
0.198395,5.9169993
0.19839999,5.9169993
0.198405,5.9169993
0.19840999,5.9169993
0.198415,5.9169993
0.19841999,5.9169993
0.198425,5.9169993
0.19843,5.9169993
0.198435,5.9169993
0.19844,5.9169993
0.19844499,5.9169993
0.19845,5.9169993
0.19845499,5.9169993
0.19846,5.9169993
0.19846499,5.9169993
0.19847,5.9169993
0.19847499,5.9169993
0.19848,5.9169993
0.198485,5.9169993
0.19849,5.9169993
0.198495,5.9169993
0.19849999,5.9169993
0.198505,5.9169993
0.19850999,5.9169993
0.198515,5.9169993
0.19851999,5.9169993
0.198525,5.9169993
0.19852999,5.9169993
0.198535,5.9169993
0.19854,5.9169993
0.198545,5.9169993
0.19855,5.9169993
0.198555,5.9169993
0.19856,5.9169993
0.19856499,5.9169993
0.19857,5.9169993
0.19857499,5.9169993
0.19858,5.9169993
0.19858499,5.9169993
0.19859,5.9169993
0.198595,5.9169993
0.1986,5.9169993
0.198605,5.9169993
0.19861,5.9169993
0.198615,5.9169993
0.19861999,5.9169993
0.198625,5.9169993
0.19862999,5.9169993
0.198635,5.9169993
0.19863999,5.9169993
0.198645,5.9169993
0.19864999,5.9169993
0.198655,5.9169993
0.19866,5.9169993
0.198665,5.9169993
0.19867,5.9169993
0.19867499,5.9169993
0.19868,5.9169993
0.19868499,5.9169993
0.19869,5.9169993
0.19869499,5.9169993
0.1987,5.9169993
0.19870499,5.9169993
0.19871,5.9169993
0.198715,5.9169993
0.19872,5.9169993
0.198725,5.9169993
0.19872999,5.9169993
0.198735,5.9169993
0.19873999,5.9169993
0.198745,5.9169993
0.19874999,5.9169993
0.198755,5.9169993
0.19875999,5.9169993
0.198765,5.9169993
0.19877,5.9169993
0.198775,5.9169993
0.19878,5.9169993
0.19878499,5.9169993
0.19879,5.9169993
0.19879499,5.9169993
0.1988,5.9169993
0.19880499,5.9169993
0.19881,5.9169993
0.19881499,5.9169993
0.19882,5.9169993
0.198825,5.9169993
0.19883,5.9169993
0.198835,5.9169993
0.19883999,5.9169993
0.198845,5.9169993
0.19884999,5.9169993
0.198855,5.9169993
0.19885999,5.9169993
0.198865,5.9169993
0.19886999,5.9169993
0.198875,5.9169993
0.19888,5.9169993
0.198885,5.9169993
0.19889,5.9169993
0.19889499,5.9169993
0.1989,5.9169993
0.19890499,5.9169993
0.19891,5.9169993
0.19891499,5.9169993
0.19892,5.9169993
0.19892499,5.9169993
0.19893,5.9169993
0.198935,5.9169993
0.19894,5.9169993
0.198945,5.9169993
0.19895,5.9169993
0.198955,5.9169993
0.19895999,5.9169993
0.198965,5.9169993
0.19896999,5.9169993
0.198975,5.9169993
0.19897999,5.9169993
0.198985,5.9169993
0.19899,5.9169993
0.198995,5.9169993
0.199,5.9169993
0.199005,5.9169993
0.19901,5.9169993
0.19901499,5.9169993
0.19902,5.9169993
0.19902499,5.9169993
0.19903,5.9169993
0.19903499,5.9169993
0.19904,5.9169993
0.19904499,5.9169993
0.19905,5.9169993
0.199055,5.9169993
0.19906,5.9169993
0.199065,5.9169993
0.19906999,5.9169993
0.199075,5.9169993
0.19907999,5.9169993
0.199085,5.9169993
0.19908999,5.9169993
0.199095,5.9169993
0.19909999,5.9169993
0.199105,5.9169993
0.19911,5.9169993
0.199115,5.9169993
0.19912,5.9169993
0.19912499,5.9169993
0.19913,5.9169993
0.19913499,5.9169993
0.19914,5.9169993
0.19914499,5.9169993
0.19915,5.9169993
0.19915499,5.9169993
0.19916,5.9169993
0.199165,5.9169993
0.19917,5.9169993
0.199175,5.9169993
0.19917999,5.9169993
0.199185,5.9169993
0.19918999,5.9169993
0.199195,5.9169993
0.19919999,5.9169993
0.199205,5.9169993
0.19920999,5.9169993
0.199215,5.9169993
0.19922,5.9169993
0.199225,5.9169993
0.19923,5.9169993
0.19923499,5.9169993
0.19924,5.9169993
0.19924499,5.9169993
0.19925,5.9169993
0.19925499,5.9169993
0.19926,5.9169993
0.19926499,5.9169993
0.19927,5.9169993
0.199275,5.9169993
0.19928,5.9169993
0.199285,5.9169993
0.19928999,5.9169993
0.199295,5.9169993
0.19929999,5.9169993
0.199305,5.9169993
0.19930999,5.9169993
0.199315,5.9169993
0.19931999,5.9169993
0.199325,5.9169993
0.19933,5.9169993
0.199335,5.9169993
0.19934,5.9169993
0.199345,5.9169993
0.19935,5.9169993
0.19935499,5.9169993
0.19936,5.9169993
0.19936499,5.9169993
0.19937,5.9169993
0.19937499,5.9169993
0.19938,5.9169993
0.199385,5.9169993
0.19939,5.9169993
0.199395,5.9169993
0.1994,5.9169993
0.199405,5.9169993
0.19940999,5.9169993
0.199415,5.9169993
0.19941999,5.9169993
0.199425,5.9169993
0.19942999,5.9169993
0.199435,5.9169993
0.19943999,5.9169993
0.199445,5.9169993
0.19945,5.9169993
0.199455,5.9169993
0.19946,5.9169993
0.19946499,5.9169993
0.19947,5.9169993
0.19947499,5.9169993
0.19948,5.9169993
0.19948499,5.9169993
0.19949,5.9169993
0.19949499,5.9169993
0.1995,5.9169993
0.199505,5.9169993
0.19951,5.9169993
0.199515,5.9169993
0.19951999,5.9169993
0.199525,5.9169993
0.19952999,5.9169993
0.199535,5.9169993
0.19953999,5.9169993
0.199545,5.9169993
0.19954999,5.9169993
0.199555,5.9169993
0.19956,5.9169993
0.199565,5.9169993
0.19957,5.9169993
0.19957499,5.9169993
0.19958,5.9169993
0.19958499,5.9169993
0.19959,5.9169993
0.19959499,5.9169993
0.1996,5.9169993
0.19960499,5.9169993
0.19961,5.9169993
0.199615,5.9169993
0.19962,5.9169993
0.199625,5.9169993
0.19962999,5.9169993
0.199635,5.9169993
0.19963999,5.9169993
0.199645,5.9169993
0.19964999,5.9169993
0.199655,5.9169993
0.19965999,5.9169993
0.199665,5.9169993
0.19967,5.9169993
0.199675,5.9169993
0.19968,5.9169993
0.19968499,5.9169993
0.19969,5.9169993
0.19969499,5.9169993
0.1997,5.9169993
0.19970499,5.9169993
0.19971,5.9169993
0.19971499,5.9169993
0.19972,5.9169993
0.199725,5.9169993
0.19973,5.9169993
0.199735,5.9169993
0.19974,5.9169993
0.199745,5.9169993
0.19974999,5.9169993
0.199755,5.9169993
0.19975999,5.9169993
0.199765,5.9169993
0.19976999,5.9169993
0.199775,5.9169993
0.19978,5.9169993
0.199785,5.9169993
0.19979,5.9169993
0.199795,5.9169993
0.1998,5.9169993
0.19980499,5.9169993
0.19981,5.9169993
0.19981499,5.9169993
0.19982,5.9169993
0.19982499,5.9169993
0.19983,5.9169993
0.19983499,5.9169993
0.19984,5.9169993
0.199845,5.9169993
0.19985,5.9169993
0.199855,5.9169993
0.19985999,5.9169993
0.199865,5.9169993
0.19986999,5.9169993
0.199875,5.9169993
0.19987999,5.9169993
0.199885,5.9169993
0.19988999,5.9169993
0.199895,5.9169993
0.1999,5.9169993
0.199905,5.9169993
0.19991,5.9169993
0.19991499,5.9169993
0.19992,5.9169993
0.19992499,5.9169993
0.19993,5.9169993
0.19993499,5.9169993
0.19994,5.9169993
0.19994499,5.9169993
0.19995,5.9169993
0.199955,5.9169993
0.19996,5.9169993
0.199965,5.9169993
0.19996999,5.9169993
0.199975,5.9169993
0.19997999,5.9169993
0.199985,5.9169993
0.19998999,5.9169993
0.199995,5.9169993
0.19999999,5.9169993
0.200005,5.9169993
0.20001,5.9169993
0.200015,5.9169993
0.20002,5.9169993
0.20002499,5.9169993
0.20003,5.9169993
0.20003499,5.9169993
0.20004,5.9169993
0.20004499,5.9169993
0.20005,5.9169993
0.20005499,5.9169993
0.20006,5.9169993
0.200065,5.9169993
0.20007,5.9169993
0.200075,5.9169993
0.20007999,5.9169993
0.200085,5.9169993
0.20008999,5.9169993
0.200095,5.9169993
0.20009999,5.9169993
0.200105,5.9169993
0.20010999,5.9169993
0.200115,5.9169993
0.20012,5.9169993
0.200125,5.9169993
0.20013,5.9169993
0.200135,5.9169993
0.20014,5.9169993
0.20014499,5.9169993
0.20015,5.9169993
0.20015499,5.9169993
0.20016,5.9169993
0.20016499,5.9169993
0.20017,5.9169993
0.200175,5.9169993
0.20018,5.9169993
0.200185,5.9169993
0.20019,5.9169993
0.200195,5.9169993
0.20019999,5.9169993
0.200205,5.9169993
0.20020999,5.9169993
0.200215,5.9169993
0.20021999,5.9169993
0.200225,5.9169993
0.20022999,5.9169993
0.200235,5.9169993
0.20024,5.9169993
0.200245,5.9169993
0.20025,5.9169993
0.20025499,5.9169993
0.20026,5.9169993
0.20026499,5.9169993
0.20027,5.9169993
0.20027499,5.9169993
0.20028,5.9169993
0.20028499,5.9169993
0.20029,5.9169993
0.200295,5.9169993
0.2003,5.9169993
0.200305,5.9169993
0.20030999,5.9169993
0.200315,5.9169993
0.20031999,5.9169993
0.200325,5.9169993
0.20032999,5.9169993
0.200335,5.9169993
0.20033999,5.9169993
0.200345,5.9169993
0.20035,5.9169993
0.200355,5.9169993
0.20036,5.9169993
0.20036499,5.9169993
0.20037,5.9169993
0.20037499,5.9169993
0.20038,5.9169993
0.20038499,5.9169993
0.20039,5.9169993
0.20039499,5.9169993
0.2004,5.9169993
0.200405,5.9169993
0.20041,5.9169993
0.200415,5.9169993
0.20041999,5.9169993
0.200425,5.9169993
0.20042999,5.9169993
0.200435,5.9169993
0.20043999,5.9169993
0.200445,5.9169993
0.20044999,5.9169993
0.200455,5.9169993
0.20046,5.9169993
0.200465,5.9169993
0.20047,5.9169993
0.20047499,5.9169993
0.20048,5.9169993
0.20048499,5.9169993
0.20049,5.9169993
0.20049499,5.9169993
0.2005,5.9169993
0.20050499,5.9169993
0.20051,5.9169993
0.200515,5.9169993
0.20052,5.9169993
0.200525,5.9169993
0.20053,5.9169993
0.200535,5.9169993
0.20053999,5.9169993
0.200545,5.9169993
0.20054999,5.9169993
0.200555,5.9169993
0.20055999,5.9169993
0.200565,5.9169993
0.20057,5.9169993
0.200575,5.9169993
0.20058,5.9169993
0.200585,5.9169993
0.20059,5.9169993
0.20059499,5.9169993
0.2006,5.9169993
0.20060499,5.9169993
0.20061,5.9169993
0.20061499,5.9169993
0.20062,5.9169993
0.20062499,5.9169993
0.20063,5.9169993
0.200635,5.9169993
0.20064,5.9169993
0.200645,5.9169993
0.20064999,5.9169993
0.200655,5.9169993
0.20065999,5.9169993
0.200665,5.9169993
0.20066999,5.9169993
0.200675,5.9169993
0.20067999,5.9169993
0.200685,5.9169993
0.20069,5.9169993
0.200695,5.9169993
0.2007,5.9169993
0.20070499,5.9169993
0.20071,5.9169993
0.20071499,5.9169993
0.20072,5.9169993
0.20072499,5.9169993
0.20073,5.9169993
0.20073499,5.9169993
0.20074,5.9169993
0.200745,5.9169993
0.20075,5.9169993
0.200755,5.9169993
0.20075999,5.9169993
0.200765,5.9169993
0.20076999,5.9169993
0.200775,5.9169993
0.20077999,5.9169993
0.200785,5.9169993
0.20078999,5.9169993
0.200795,5.9169993
0.2008,5.9169993
0.200805,5.9169993
0.20081,5.9169993
0.20081499,5.9169993
0.20082,5.9169993
0.20082499,5.9169993
0.20083,5.9169993
0.20083499,5.9169993
0.20084,5.9169993
0.20084499,5.9169993
0.20085,5.9169993
0.200855,5.9169993
0.20086,5.9169993
0.200865,5.9169993
0.20086999,5.9169993
0.200875,5.9169993
0.20087999,5.9169993
0.200885,5.9169993
0.20088999,5.9169993
0.200895,5.9169993
0.20089999,5.9169993
0.200905,5.9169993
0.20091,5.9169993
0.200915,5.9169993
0.20092,5.9169993
0.200925,5.9169993
0.20093,5.9169993
0.20093499,5.9169993
0.20094,5.9169993
0.20094499,5.9169993
0.20095,5.9169993
0.20095499,5.9169993
0.20096,5.9169993
0.200965,5.9169993
0.20097,5.9169993
0.200975,5.9169993
0.20098,5.9169993
0.200985,5.9169993
0.20098999,5.9169993
0.200995,5.9169993
0.20099999,5.9169993
0.201005,5.9169993
0.20100999,5.9169993
0.201015,5.9169993
0.20102,5.9169993
0.201025,5.9169993
0.20103,5.9169993
0.201035,5.9169993
0.20104,5.9169993
0.20104499,5.9169993
0.20105,5.9169993
0.20105499,5.9169993
0.20106,5.9169993
0.20106499,5.9169993
0.20107,5.9169993
0.20107499,5.9169993
0.20108,5.9169993
0.201085,5.9169993
0.20109,5.9169993
0.201095,5.9169993
0.20109999,5.9169993
0.201105,5.9169993
0.20110999,5.9169993
0.201115,5.9169993
0.20111999,5.9169993
0.201125,5.9169993
0.20112999,5.9169993
0.201135,5.9169993
0.20114,5.9169993
0.201145,5.9169993
0.20115,5.9169993
0.20115499,5.9169993
0.20116,5.9169993
0.20116499,5.9169993
0.20117,5.9169993
0.20117499,5.9169993
0.20118,5.9169993
0.20118499,5.9169993
0.20119,5.9169993
0.201195,5.9169993
0.2012,5.9169993
0.201205,5.9169993
0.20120999,5.9169993
0.201215,5.9169993
0.20121999,5.9169993
0.201225,5.9169993
0.20122999,5.9169993
0.201235,5.9169993
0.20123999,5.9169993
0.201245,5.9169993
0.20125,5.9169993
0.201255,5.9169993
0.20126,5.9169993
0.20126499,5.9169993
0.20127,5.9169993
0.20127499,5.9169993
0.20128,5.9169993
0.20128499,5.9169993
0.20129,5.9169993
0.20129499,5.9169993
0.2013,5.9169993
0.201305,5.9169993
0.20131,5.9169993
0.201315,5.9169993
0.20131999,5.9169993
0.201325,5.9169993
0.20132999,5.9169993
0.201335,5.9169993
0.20133999,5.9169993
0.201345,5.9169993
0.20134999,5.9169993
0.201355,5.9169993
0.20136,5.9169993
0.201365,5.9169993
0.20137,5.9169993
0.201375,5.9169993
0.20138,5.9169993
0.20138499,5.9169993
0.20139,5.9169993
0.20139499,5.9169993
0.2014,5.9169993
0.20140499,5.9169993
0.20141,5.9169993
0.201415,5.9169993
0.20142,5.9169993
0.201425,5.9169993
0.20143,5.9169993
0.201435,5.9169993
0.20143999,5.9169993
0.201445,5.9169993
0.20144999,5.9169993
0.201455,5.9169993
0.20145999,5.9169993
0.201465,5.9169993
0.20146999,5.9169993
0.201475,5.9169993
0.20148,5.9169993
0.201485,5.9169993
0.20149,5.9169993
0.20149499,5.9169993
0.2015,5.9169993
0.20150499,5.9169993
0.20151,5.9169993
0.20151499,5.9169993
0.20152,5.9169993
0.20152499,5.9169993
0.20153,5.9169993
0.201535,5.9169993
0.20154,5.9169993
0.201545,5.9169993
0.20154999,5.9169993
0.201555,5.9169993
0.20155999,5.9169993
0.201565,5.9169993
0.20156999,5.9169993
0.201575,5.9169993
0.20157999,5.9169993
0.201585,5.9169993
0.20159,5.9169993
0.201595,5.9169993
0.2016,5.9169993
0.20160499,5.9169993
0.20161,5.9169993
0.20161499,5.9169993
0.20162,5.9169993
0.20162499,5.9169993
0.20163,5.9169993
0.20163499,5.9169993
0.20164,5.9169993
0.201645,5.9169993
0.20165,5.9169993
0.201655,5.9169993
0.20165999,5.9169993
0.201665,5.9169993
0.20166999,5.9169993
0.201675,5.9169993
0.20167999,5.9169993
0.201685,5.9169993
0.20168999,5.9169993
0.201695,5.9169993
0.2017,5.9169993
0.201705,5.9169993
0.20171,5.9169993
0.20171499,5.9169993
0.20172,5.9169993
0.20172499,5.9169993
0.20173,5.9169993
0.20173499,5.9169993
0.20174,5.9169993
0.20174499,5.9169993
0.20175,5.9169993
0.201755,5.9169993
0.20176,5.9169993
0.201765,5.9169993
0.20177,5.9169993
0.201775,5.9169993
0.20177999,5.9169993
0.201785,5.9169993
0.20178999,5.9169993
0.201795,5.9169993
0.20179999,5.9169993
0.201805,5.9169993
0.20181,5.9169993
0.201815,5.9169993
0.20182,5.9169993
0.201825,5.9169993
0.20183,5.9169993
0.20183499,5.9169993
0.20184,5.9169993
0.20184499,5.9169993
0.20185,5.9169993
0.20185499,5.9169993
0.20186,5.9169993
0.20186499,5.9169993
0.20187,5.9169993
0.201875,5.9169993
0.20188,5.9169993
0.201885,5.9169993
0.20188999,5.9169993
0.201895,5.9169993
0.20189999,5.9169993
0.201905,5.9169993
0.20190999,5.9169993
0.201915,5.9169993
0.20191999,5.9169993
0.201925,5.9169993
0.20193,5.9169993
0.201935,5.9169993
0.20194,5.9169993
0.20194499,5.9169993
0.20195,5.9169993
0.20195499,5.9169993
0.20196,5.9169993
0.20196499,5.9169993
0.20197,5.9169993
0.20197499,5.9169993
0.20198,5.9169993
0.201985,5.9169993
0.20199,5.9169993
0.201995,5.9169993
0.20199999,5.9169993
0.202005,5.9169993
0.20200999,5.9169993
0.202015,5.9169993
0.20201999,5.9169993
0.202025,5.9169993
0.20202999,5.9169993
0.202035,5.9169993
0.20204,5.9169993
0.202045,5.9169993
0.20205,5.9169993
0.20205499,5.9169993
0.20206,5.9169993
0.20206499,5.9169993
0.20207,5.9169993
0.20207499,5.9169993
0.20208,5.9169993
0.20208499,5.9169993
0.20209,5.9169993
0.202095,5.9169993
0.2021,5.9169993
0.202105,5.9169993
0.20210999,5.9169993
0.202115,5.9169993
0.20211999,5.9169993
0.202125,5.9169993
0.20212999,5.9169993
0.202135,5.9169993
0.20213999,5.9169993
0.202145,5.9169993
0.20215,5.9169993
0.202155,5.9169993
0.20216,5.9169993
0.202165,5.9169993
0.20217,5.9169993
0.20217499,5.9169993
0.20218,5.9169993
0.20218499,5.9169993
0.20219,5.9169993
0.20219499,5.9169993
0.2022,5.9169993
0.202205,5.9169993
0.20221,5.9169993
0.202215,5.9169993
0.20222,5.9169993
0.202225,5.9169993
0.20222999,5.9169993
0.202235,5.9169993
0.20223999,5.9169993
0.202245,5.9169993
0.20224999,5.9169993
0.202255,5.9169993
0.20225999,5.9169993
0.202265,5.9169993
0.20227,5.9169993
0.202275,5.9169993
0.20228,5.9169993
0.20228499,5.9169993
0.20229,5.9169993
0.20229499,5.9169993
0.2023,5.9169993
0.20230499,5.9169993
0.20231,5.9169993
0.20231499,5.9169993
0.20232,5.9169993
0.202325,5.9169993
0.20233,5.9169993
0.202335,5.9169993
0.20233999,5.9169993
0.202345,5.9169993
0.20234999,5.9169993
0.202355,5.9169993
0.20235999,5.9169993
0.202365,5.9169993
0.20236999,5.9169993
0.202375,5.9169993
0.20238,5.9169993
0.202385,5.9169993
0.20239,5.9169993
0.20239499,5.9169993
0.2024,5.9169993
0.20240499,5.9169993
0.20241,5.9169993
0.20241499,5.9169993
0.20242,5.9169993
0.20242499,5.9169993
0.20243,5.9169993
0.202435,5.9169993
0.20244,5.9169993
0.202445,5.9169993
0.20244999,5.9169993
0.202455,5.9169993
0.20245999,5.9169993
0.202465,5.9169993
0.20246999,5.9169993
0.202475,5.9169993
0.20247999,5.9169993
0.202485,5.9169993
0.20249,5.9169993
0.202495,5.9169993
0.2025,5.9169993
0.20250499,5.9169993
0.20251,5.9169993
0.20251499,5.9169993
0.20252,5.9169993
0.20252499,5.9169993
0.20253,5.9169993
0.20253499,5.9169993
0.20254,5.9169993
0.202545,5.9169993
0.20255,5.9169993
0.202555,5.9169993
0.20256,5.9169993
0.202565,5.9169993
0.20256999,5.9169993
0.202575,5.9169993
0.20257999,5.9169993
0.202585,5.9169993
0.20258999,5.9169993
0.202595,5.9169993
0.2026,5.9169993
0.202605,5.9169993
0.20261,5.9169993
0.202615,5.9169993
0.20262,5.9169993
0.20262499,5.9169993
0.20263,5.9169993
0.20263499,5.9169993
0.20264,5.9169993
0.20264499,5.9169993
0.20265,5.9169993
0.20265499,5.9169993
0.20266,5.9169993
0.202665,5.9169993
0.20267,5.9169993
0.202675,5.9169993
0.20267999,5.9169993
0.202685,5.9169993
0.20268999,5.9169993
0.202695,5.9169993
0.20269999,5.9169993
0.202705,5.9169993
0.20270999,5.9169993
0.202715,5.9169993
0.20272,5.9169993
0.202725,5.9169993
0.20273,5.9169993
0.20273499,5.9169993
0.20274,5.9169993
0.20274499,5.9169993
0.20275,5.9169993
0.20275499,5.9169993
0.20276,5.9169993
0.20276499,5.9169993
0.20277,5.9169993
0.202775,5.9169993
0.20278,5.9169993
0.202785,5.9169993
0.20278999,5.9169993
0.202795,5.9169993
0.20279999,5.9169993
0.202805,5.9169993
0.20280999,5.9169993
0.202815,5.9169993
0.20281999,5.9169993
0.202825,5.9169993
0.20283,5.9169993
0.202835,5.9169993
0.20284,5.9169993
0.20284499,5.9169993
0.20285,5.9169993
0.20285499,5.9169993
0.20286,5.9169993
0.20286499,5.9169993
0.20287,5.9169993
0.20287499,5.9169993
0.20288,5.9169993
0.202885,5.9169993
0.20289,5.9169993
0.202895,5.9169993
0.20289999,5.9169993
0.202905,5.9169993
0.20290999,5.9169993
0.202915,5.9169993
0.20291999,5.9169993
0.202925,5.9169993
0.20292999,5.9169993
0.202935,5.9169993
0.20294,5.9169993
0.202945,5.9169993
0.20295,5.9169993
0.202955,5.9169993
0.20296,5.9169993
0.20296499,5.9169993
0.20297,5.9169993
0.20297499,5.9169993
0.20298,5.9169993
0.20298499,5.9169993
0.20299,5.9169993
0.202995,5.9169993
0.203,5.9169993
0.203005,5.9169993
0.20301,5.9169993
0.203015,5.9169993
0.20301999,5.9169993
0.203025,5.9169993
0.20302999,5.9169993
0.203035,5.9169993
0.20303999,5.9169993
0.203045,5.9169993
0.20304999,5.9169993
0.203055,5.9169993
0.20306,5.9169993
0.203065,5.9169993
0.20307,5.9169993
0.20307499,5.9169993
0.20308,5.9169993
0.20308499,5.9169993
0.20309,5.9169993
0.20309499,5.9169993
0.2031,5.9169993
0.20310499,5.9169993
0.20311,5.9169993
0.203115,5.9169993
0.20312,5.9169993
0.203125,5.9169993
0.20312999,5.9169993
0.203135,5.9169993
0.20313999,5.9169993
0.203145,5.9169993
0.20314999,5.9169993
0.203155,5.9169993
0.20315999,5.9169993
0.203165,5.9169993
0.20317,5.9169993
0.203175,5.9169993
0.20318,5.9169993
0.20318499,5.9169993
0.20319,5.9169993
0.20319499,5.9169993
0.2032,5.9169993
0.20320499,5.9169993
0.20321,5.9169993
0.20321499,5.9169993
0.20322,5.9169993
0.203225,5.9169993
0.20323,5.9169993
0.203235,5.9169993
0.20323999,5.9169993
0.203245,5.9169993
0.20324999,5.9169993
0.203255,5.9169993
0.20325999,5.9169993
0.203265,5.9169993
0.20326999,5.9169993
0.203275,5.9169993
0.20328,5.9169993
0.203285,5.9169993
0.20329,5.9169993
0.20329499,5.9169993
0.2033,5.9169993
0.20330499,5.9169993
0.20331,5.9169993
0.20331499,5.9169993
0.20332,5.9169993
0.20332499,5.9169993
0.20333,5.9169993
0.203335,5.9169993
0.20334,5.9169993
0.203345,5.9169993
0.20335,5.9169993
0.203355,5.9169993
0.20335999,5.9169993
0.203365,5.9169993
0.20336999,5.9169993
0.203375,5.9169993
0.20337999,5.9169993
0.203385,5.9169993
0.20339,5.9169993
0.203395,5.9169993
0.2034,5.9169993
0.203405,5.9169993
0.20341,5.9169993
0.20341499,5.9169993
0.20342,5.9169993
0.20342499,5.9169993
0.20343,5.9169993
0.20343499,5.9169993
0.20344,5.9169993
0.20344499,5.9169993
0.20345,5.9169993
0.203455,5.9169993
0.20346,5.9169993
0.203465,5.9169993
0.20346999,5.9169993
0.203475,5.9169993
0.20347999,5.9169993
0.203485,5.9169993
0.20348999,5.9169993
0.203495,5.9169993
0.20349999,5.9169993
0.203505,5.9169993
0.20351,5.9169993
0.203515,5.9169993
0.20352,5.9169993
0.20352499,5.9169993
0.20353,5.9169993
0.20353499,5.9169993
0.20354,5.9169993
0.20354499,5.9169993
0.20355,5.9169993
0.20355499,5.9169993
0.20356,5.9169993
0.203565,5.9169993
0.20357,5.9169993
0.203575,5.9169993
0.20357999,5.9169993
0.203585,5.9169993
0.20358999,5.9169993
0.203595,5.9169993
0.20359999,5.9169993
0.203605,5.9169993
0.20360999,5.9169993
0.203615,5.9169993
0.20362,5.9169993
0.203625,5.9169993
0.20363,5.9169993
0.20363499,5.9169993
0.20364,5.9169993
0.20364499,5.9169993
0.20365,5.9169993
0.20365499,5.9169993
0.20366,5.9169993
0.20366499,5.9169993
0.20367,5.9169993
0.203675,5.9169993
0.20368,5.9169993
0.203685,5.9169993
0.20368999,5.9169993
0.203695,5.9169993
0.20369999,5.9169993
0.203705,5.9169993
0.20370999,5.9169993
0.203715,5.9169993
0.20371999,5.9169993
0.203725,5.9169993
0.20373,5.9169993
0.203735,5.9169993
0.20374,5.9169993
0.203745,5.9169993
0.20375,5.9169993
0.20375499,5.9169993
0.20376,5.9169993
0.20376499,5.9169993
0.20377,5.9169993
0.20377499,5.9169993
0.20378,5.9169993
0.203785,5.9169993
0.20379,5.9169993
0.203795,5.9169993
0.2038,5.9169993
0.203805,5.9169993
0.20380999,5.9169993
0.203815,5.9169993
0.20381999,5.9169993
0.203825,5.9169993
0.20382999,5.9169993
0.203835,5.9169993
0.20383999,5.9169993
0.203845,5.9169993
0.20385,5.9169993
0.203855,5.9169993
0.20386,5.9169993
0.20386499,5.9169993
0.20387,5.9169993
0.20387499,5.9169993
0.20388,5.9169993
0.20388499,5.9169993
0.20389,5.9169993
0.20389499,5.9169993
0.2039,5.9169993
0.203905,5.9169993
0.20391,5.9169993
0.203915,5.9169993
0.20391999,5.9169993
0.203925,5.9169993
0.20392999,5.9169993
0.203935,5.9169993
0.20393999,5.9169993
0.203945,5.9169993
0.20394999,5.9169993
0.203955,5.9169993
0.20396,5.9169993
0.203965,5.9169993
0.20397,5.9169993
0.20397499,5.9169993
0.20398,5.9169993
0.20398499,5.9169993
0.20399,5.9169993
0.20399499,5.9169993
0.204,5.9169993
0.20400499,5.9169993
0.20401,5.9169993
0.204015,5.9169993
0.20402,5.9169993
0.204025,5.9169993
0.20402999,5.9169993
0.204035,5.9169993
0.20403999,5.9169993
0.204045,5.9169993
0.20404999,5.9169993
0.204055,5.9169993
0.20405999,5.9169993
0.204065,5.9169993
0.20407,5.9169993
0.204075,5.9169993
0.20408,5.9169993
0.20408499,5.9169993
0.20409,5.9169993
0.20409499,5.9169993
0.2041,5.9169993
0.20410499,5.9169993
0.20411,5.9169993
0.20411499,5.9169993
0.20412,5.9169993
0.204125,5.9169993
0.20413,5.9169993
0.204135,5.9169993
0.20414,5.9169993
0.204145,5.9169993
0.20414999,5.9169993
0.204155,5.9169993
0.20415999,5.9169993
0.204165,5.9169993
0.20416999,5.9169993
0.204175,5.9169993
0.20418,5.9169993
0.204185,5.9169993
0.20419,5.9169993
0.204195,5.9169993
0.2042,5.9169993
0.20420499,5.9169993
0.20421,5.9169993
0.20421499,5.9169993
0.20422,5.9169993
0.20422499,5.9169993
0.20423,5.9169993
0.20423499,5.9169993
0.20424,5.9169993
0.204245,5.9169993
0.20425,5.9169993
0.204255,5.9169993
0.20425999,5.9169993
0.204265,5.9169993
0.20426999,5.9169993
0.204275,5.9169993
0.20427999,5.9169993
0.204285,5.9169993
0.20428999,5.9169993
0.204295,5.9169993
0.2043,5.9169993
0.204305,5.9169993
0.20431,5.9169993
0.20431499,5.9169993
0.20432,5.9169993
0.20432499,5.9169993
0.20433,5.9169993
0.20433499,5.9169993
0.20434,5.9169993
0.20434499,5.9169993
0.20435,5.9169993
0.204355,5.9169993
0.20436,5.9169993
0.204365,5.9169993
0.20436999,5.9169993
0.204375,5.9169993
0.20437999,5.9169993
0.204385,5.9169993
0.20438999,5.9169993
0.204395,5.9169993
0.20439999,5.9169993
0.204405,5.9169993
0.20441,5.9169993
0.204415,5.9169993
0.20442,5.9169993
0.20442499,5.9169993
0.20443,5.9169993
0.20443499,5.9169993
0.20444,5.9169993
0.20444499,5.9169993
0.20445,5.9169993
0.20445499,5.9169993
0.20446,5.9169993
0.204465,5.9169993
0.20447,5.9169993
0.204475,5.9169993
0.20447999,5.9169993
0.204485,5.9169993
0.20448999,5.9169993
0.204495,5.9169993
0.20449999,5.9169993
0.204505,5.9169993
0.20450999,5.9169993
0.204515,5.9169993
0.20452,5.9169993
0.204525,5.9169993
0.20453,5.9169993
0.204535,5.9169993
0.20454,5.9169993
0.20454499,5.9169993
0.20455,5.9169993
0.20455499,5.9169993
0.20456,5.9169993
0.20456499,5.9169993
0.20457,5.9169993
0.204575,5.9169993
0.20458,5.9169993
0.204585,5.9169993
0.20459,5.9169993
0.204595,5.9169993
0.20459999,5.9169993
0.204605,5.9169993
0.20460999,5.9169993
0.204615,5.9169993
0.20461999,5.9169993
0.204625,5.9169993
0.20462999,5.9169993
0.204635,5.9169993
0.20464,5.9169993
0.204645,5.9169993
0.20465,5.9169993
0.20465499,5.9169993
0.20466,5.9169993
0.20466499,5.9169993
0.20467,5.9169993
0.20467499,5.9169993
0.20468,5.9169993
0.20468499,5.9169993
0.20469,5.9169993
0.204695,5.9169993
0.2047,5.9169993
0.204705,5.9169993
0.20470999,5.9169993
0.204715,5.9169993
0.20471999,5.9169993
0.204725,5.9169993
0.20472999,5.9169993
0.204735,5.9169993
0.20473999,5.9169993
0.204745,5.9169993
0.20475,5.9169993
0.204755,5.9169993
0.20476,5.9169993
0.20476499,5.9169993
0.20477,5.9169993
0.20477499,5.9169993
0.20478,5.9169993
0.20478499,5.9169993
0.20479,5.9169993
0.20479499,5.9169993
0.2048,5.9169993
0.204805,5.9169993
0.20481,5.9169993
0.204815,5.9169993
0.20481999,5.9169993
0.204825,5.9169993
0.20482999,5.9169993
0.204835,5.9169993
0.20483999,5.9169993
0.204845,5.9169993
0.20484999,5.9169993
0.204855,5.9169993
0.20486,5.9169993
0.204865,5.9169993
0.20487,5.9169993
0.20487499,5.9169993
0.20488,5.9169993
0.20488499,5.9169993
0.20489,5.9169993
0.20489499,5.9169993
0.2049,5.9169993
0.20490499,5.9169993
0.20491,5.9169993
0.204915,5.9169993
0.20492,5.9169993
0.204925,5.9169993
0.20493,5.9169993
0.204935,5.9169993
0.20493999,5.9169993
0.204945,5.9169993
0.20494999,5.9169993
0.204955,5.9169993
0.20495999,5.9169993
0.204965,5.9169993
0.20497,5.9169993
0.204975,5.9169993
0.20498,5.9169993
0.204985,5.9169993
0.20499,5.9169993
0.20499499,5.9169993
0.205,5.9169993
0.20500499,5.9169993
0.20501,5.9169993
0.20501499,5.9169993
0.20502,5.9169993
0.20502499,5.9169993
0.20503,5.9169993
0.205035,5.9169993
0.20504,5.9169993
0.205045,5.9169993
0.20504999,5.9169993
0.205055,5.9169993
0.20505999,5.9169993
0.205065,5.9169993
0.20506999,5.9169993
0.205075,5.9169993
0.20507999,5.9169993
0.205085,5.9169993
0.20509,5.9169993
0.205095,5.9169993
0.2051,5.9169993
0.20510499,5.9169993
0.20511,5.9169993
0.20511499,5.9169993
0.20512,5.9169993
0.20512499,5.9169993
0.20513,5.9169993
0.20513499,5.9169993
0.20514,5.9169993
0.205145,5.9169993
0.20515,5.9169993
0.205155,5.9169993
0.20515999,5.9169993
0.205165,5.9169993
0.20516999,5.9169993
0.205175,5.9169993
0.20517999,5.9169993
0.205185,5.9169993
0.20518999,5.9169993
0.205195,5.9169993
0.2052,5.9169993
0.205205,5.9169993
0.20521,5.9169993
0.20521499,5.9169993
0.20522,5.9169993
0.20522499,5.9169993
0.20523,5.9169993
0.20523499,5.9169993
0.20524,5.9169993
0.20524499,5.9169993
0.20525,5.9169993
0.205255,5.9169993
0.20526,5.9169993
0.205265,5.9169993
0.20526999,5.9169993
0.205275,5.9169993
0.20527999,5.9169993
0.205285,5.9169993
0.20528999,5.9169993
0.205295,5.9169993
0.20529999,5.9169993
0.205305,5.9169993
0.20531,5.9169993
0.205315,5.9169993
0.20532,5.9169993
0.20532499,5.9169993
0.20533,5.9169993
0.20533499,5.9169993
0.20534,5.9169993
0.20534499,5.9169993
0.20535,5.9169993
0.20535499,5.9169993
0.20536,5.9169993
0.205365,5.9169993
0.20537,5.9169993
0.205375,5.9169993
0.20538,5.9169993
0.205385,5.9169993
0.20538999,5.9169993
0.205395,5.9169993
0.20539999,5.9169993
0.205405,5.9169993
0.20540999,5.9169993
0.205415,5.9169993
0.20541999,5.9169993
0.205425,5.9169993
0.20543,5.9169993
0.205435,5.9169993
0.20544,5.9169993
0.20544499,5.9169993
0.20545,5.9169993
0.20545499,5.9169993
0.20546,5.9169993
0.20546499,5.9169993
0.20547,5.9169993
0.20547499,5.9169993
0.20548,5.9169993
0.205485,5.9169993
0.20549,5.9169993
0.205495,5.9169993
0.20549999,5.9169993
0.205505,5.9169993
0.20550999,5.9169993
0.205515,5.9169993
0.20551999,5.9169993
0.205525,5.9169993
0.20552999,5.9169993
0.205535,5.9169993
0.20554,5.9169993
0.205545,5.9169993
0.20555,5.9169993
0.20555499,5.9169993
0.20556,5.9169993
0.20556499,5.9169993
0.20557,5.9169993
0.20557499,5.9169993
0.20558,5.9169993
0.20558499,5.9169993
0.20559,5.9169993
0.205595,5.9169993
0.2056,5.9169993
0.205605,5.9169993
0.20560999,5.9169993
0.205615,5.9169993
0.20561999,5.9169993
0.205625,5.9169993
0.20562999,5.9169993
0.205635,5.9169993
0.20563999,5.9169993
0.205645,5.9169993
0.20565,5.9169993
0.205655,5.9169993
0.20566,5.9169993
0.20566499,5.9169993
0.20567,5.9169993
0.20567499,5.9169993
0.20568,5.9169993
0.20568499,5.9169993
0.20569,5.9169993
0.20569499,5.9169993
0.2057,5.9169993
0.205705,5.9169993
0.20571,5.9169993
0.205715,5.9169993
0.20571999,5.9169993
0.205725,5.9169993
0.20572999,5.9169993
0.205735,5.9169993
0.20573999,5.9169993
0.205745,5.9169993
0.20574999,5.9169993
0.205755,5.9169993
0.20576,5.9169993
0.205765,5.9169993
0.20577,5.9169993
0.205775,5.9169993
0.20578,5.9169993
0.20578499,5.9169993
0.20579,5.9169993
0.20579499,5.9169993
0.2058,5.9169993
0.20580499,5.9169993
0.20581,5.9169993
0.20581499,5.9169993
0.20582,5.9169993
0.205825,5.9169993
0.20583,5.9169993
0.205835,5.9169993
0.20583999,5.9169993
0.205845,5.9169993
0.20584999,5.9169993
0.205855,5.9169993
0.20585999,5.9169993
0.205865,5.9169993
0.20586999,5.9169993
0.205875,5.9169993
0.20588,5.9169993
0.205885,5.9169993
0.20589,5.9169993
0.20589499,5.9169993
0.2059,5.9169993
0.20590499,5.9169993
0.20591,5.9169993
0.20591499,5.9169993
0.20592,5.9169993
0.20592499,5.9169993
0.20593,5.9169993
0.205935,5.9169993
0.20594,5.9169993
0.205945,5.9169993
0.20594999,5.9169993
0.205955,5.9169993
0.20595999,5.9169993
0.205965,5.9169993
0.20596999,5.9169993
0.205975,5.9169993
0.20597999,5.9169993
0.205985,5.9169993
0.20599,5.9169993
0.205995,5.9169993
0.206,5.9169993
0.20600499,5.9169993
0.20601,5.9169993
0.20601499,5.9169993
0.20602,5.9169993
0.20602499,5.9169993
0.20603,5.9169993
0.20603499,5.9169993
0.20604,5.9169993
0.206045,5.9169993
0.20605,5.9169993
0.206055,5.9169993
0.20605999,5.9169993
0.206065,5.9169993
0.20606999,5.9169993
0.206075,5.9169993
0.20607999,5.9169993
0.206085,5.9169993
0.20608999,5.9169993
0.206095,5.9169993
0.2061,5.9169993
0.206105,5.9169993
0.20611,5.9169993
0.20611499,5.9169993
0.20612,5.9169993
0.20612499,5.9169993
0.20613,5.9169993
0.20613499,5.9169993
0.20614,5.9169993
0.20614499,5.9169993
0.20615,5.9169993
0.206155,5.9169993
0.20616,5.9169993
0.206165,5.9169993
0.20617,5.9169993
0.206175,5.9169993
0.20617999,5.9169993
0.206185,5.9169993
0.20618999,5.9169993
0.206195,5.9169993
0.20619999,5.9169993
0.206205,5.9169993
0.20620999,5.9169993
0.206215,5.9169993
0.20622,5.9169993
0.206225,5.9169993
0.20623,5.9169993
0.20623499,5.9169993
0.20624,5.9169993
0.20624499,5.9169993
0.20625,5.9169993
0.20625499,5.9169993
0.20626,5.9169993
0.20626499,5.9169993
0.20627,5.870768
0.206275,5.824537
0.20628,5.824537
0.206285,5.824537
0.20628999,5.870768
0.206295,5.870768
0.20629999,5.9169993
0.206305,5.9169993
0.20630999,5.9169993
0.206315,5.9169993
0.20631999,5.9169993
0.206325,5.9169993
0.20633,5.9169993
0.206335,5.9169993
0.20634,5.9169993
0.20634499,5.9169993
0.20635,5.9169993
0.20635499,5.9169993
0.20636,5.9169993
0.20636499,5.9169993
0.20637,5.9169993
0.20637499,5.9169993
0.20638,5.9169993
0.206385,5.9169993
0.20639,5.9169993
0.206395,5.9169993
0.20639999,5.9169993
0.206405,5.9169993
0.20640999,5.9169993
0.206415,5.9169993
0.20641999,5.9169993
0.206425,5.9169993
0.20642999,5.9169993
0.206435,5.9169993
0.20644,5.9169993
0.206445,5.9169993
0.20645,5.9169993
0.20645499,5.9169993
0.20646,5.9169993
0.20646499,5.9169993
0.20647,5.9169993
0.20647499,5.9169993
0.20648,5.9169993
0.20648499,5.9169993
0.20649,5.9169993
0.206495,5.9169993
0.2065,5.9169993
0.206505,5.9169993
0.20650999,5.9169993
0.206515,5.9169993
0.20651999,5.9169993
0.206525,5.9169993
0.20652999,5.9169993
0.206535,5.9169993
0.20653999,5.9169993
0.206545,5.9169993
0.20655,5.9169993
0.206555,5.9169993
0.20656,5.9169993
0.206565,5.9169993
0.20657,5.9169993
0.20657499,5.9169993
0.20658,5.9169993
0.20658499,5.9169993
0.20659,5.9169993
0.20659499,5.9169993
0.2066,5.9169993
0.20660499,5.9169993
0.20661,5.9169993
0.206615,5.9169993
0.20662,5.9169993
0.206625,5.9169993
0.20662999,5.9169993
0.206635,5.9169993
0.20663999,5.9169993
0.206645,5.9169993
0.20664999,5.9169993
0.206655,5.9169993
0.20665999,5.9169993
0.206665,5.9169993
0.20667,5.9169993
0.206675,5.9169993
0.20668,5.9169993
0.20668499,5.9169993
0.20669,5.9169993
0.20669499,5.9169993
0.2067,5.9169993
0.20670499,5.9169993
0.20671,5.9169993
0.20671499,5.9169993
0.20672,5.9169993
0.206725,5.9169993
0.20673,5.9169993
0.206735,5.9169993
0.20673999,5.9169993
0.206745,5.9169993
0.20674999,5.9169993
0.206755,5.9169993
0.20675999,5.9169993
0.206765,5.9169993
0.20676999,5.9169993
0.206775,5.9169993
0.20678,5.9169993
0.206785,5.9169993
0.20679,5.9169993
0.20679499,5.9169993
0.2068,5.9169993
0.20680499,5.9169993
0.20681,5.9169993
0.20681499,5.9169993
0.20682,5.9169993
0.20682499,5.9169993
0.20683,5.9169993
0.206835,5.9169993
0.20684,5.9169993
0.206845,5.9169993
0.20684999,5.9169993
0.206855,5.9169993
0.20685999,5.9169993
0.206865,5.9169993
0.20686999,5.9169993
0.206875,5.9169993
0.20687999,5.9169993
0.206885,5.9169993
0.20689,5.9169993
0.206895,5.9169993
0.2069,5.9169993
0.20690499,5.9169993
0.20691,5.9169993
0.20691499,5.9169993
0.20692,5.9169993
0.20692499,5.9169993
0.20693,5.9169993
0.20693499,5.9169993
0.20694,5.9169993
0.206945,5.9169993
0.20695,5.9169993
0.206955,5.9169993
0.20696,5.9169993
0.206965,5.9169993
0.20696999,5.9169993
0.206975,5.9169993
0.20697999,5.9169993
0.206985,5.9169993
0.20698999,5.9169993
0.206995,5.9169993
0.20699999,5.9169993
0.207005,5.9169993
0.20701,5.9169993
0.207015,5.9169993
0.20702,5.9169993
0.20702499,5.9169993
0.20703,5.9169993
0.20703499,5.9169993
0.20704,5.9169993
0.20704499,5.9169993
0.20705,5.9169993
0.20705499,5.9169993
0.20706,5.9169993
0.207065,5.9169993
0.20707,5.9169993
0.207075,5.9169993
0.20707999,5.9169993
0.207085,5.9169993
0.20708999,5.9169993
0.207095,5.9169993
0.20709999,5.9169993
0.207105,5.9169993
0.20710999,5.9169993
0.207115,5.9169993
0.20712,5.9169993
0.207125,5.9169993
0.20713,5.9169993
0.20713499,5.9169993
0.20714,5.9169993
0.20714499,5.9169993
0.20715,5.9169993
0.20715499,5.9169993
0.20716,5.9169993
0.20716499,5.9169993
0.20717,5.9169993
0.207175,5.9169993
0.20718,5.9169993
0.207185,5.9169993
0.20718999,5.9169993
0.207195,5.9169993
0.20719999,5.9169993
0.207205,5.9169993
0.20720999,5.9169993
0.207215,5.9169993
0.20721999,5.9169993
0.207225,5.9169993
0.20723,5.9169993
0.207235,5.9169993
0.20724,5.9169993
0.20724499,5.9169993
0.20725,5.9169993
0.20725499,5.9169993
0.20726,5.9169993
0.20726499,5.9169993
0.20727,5.9169993
0.20727499,5.9169993
0.20728,5.9169993
0.207285,5.9169993
0.20729,5.9169993
0.207295,5.9169993
0.20729999,5.9169993
0.207305,5.9169993
0.20730999,5.9169993
0.207315,5.9169993
0.20731999,5.9169993
0.207325,5.9169993
0.20732999,5.9169993
0.207335,5.9169993
0.20734,5.9169993
0.207345,5.9169993
0.20735,5.9169993
0.207355,5.9169993
0.20736,5.9169993
0.20736499,5.9169993
0.20737,5.9169993
0.20737499,5.9169993
0.20738,5.9169993
0.20738499,5.9169993
0.20739,5.9169993
0.20739499,5.9169993
0.2074,5.9169993
0.207405,5.9169993
0.20741,5.9169993
0.207415,5.9169993
0.20741999,5.9169993
0.207425,5.9169993
0.20742999,5.9169993
0.207435,5.9169993
0.20743999,5.9169993
0.207445,5.9169993
0.20744999,5.9169993
0.207455,5.9169993
0.20746,5.9169993
0.207465,5.9169993
0.20747,5.9169993
0.20747499,5.9169993
0.20748,5.9169993
0.20748499,5.9169993
0.20749,5.9169993
0.20749499,5.9169993
0.2075,5.9169993
0.20750499,5.9169993
0.20751,5.9169993
0.207515,5.9169993
0.20752,5.9169993
0.207525,5.9169993
0.20752999,5.9169993
0.207535,5.9169993
0.20753999,5.9169993
0.207545,5.9169993
0.20754999,5.9169993
0.207555,5.9169993
0.20755999,5.9169993
0.207565,5.9169993
0.20757,5.9169993
0.207575,5.9169993
0.20758,5.9169993
0.20758499,5.9169993
0.20759,5.9169993
0.20759499,5.9169993
0.2076,5.9169993
0.20760499,5.9169993
0.20761,5.9169993
0.20761499,5.9169993
0.20762,5.9169993
0.207625,5.9169993
0.20763,5.9169993
0.207635,5.9169993
0.20763999,5.9169993
0.207645,5.9169993
0.20764999,5.9169993
0.207655,5.9169993
0.20765999,5.9169993
0.207665,5.9169993
0.20766999,5.9169993
0.207675,5.9169993
0.20768,5.9169993
0.207685,5.9169993
0.20769,5.9169993
0.20769499,5.9169993
0.2077,5.9169993
0.20770499,5.9169993
0.20771,5.9169993
0.20771499,5.9169993
0.20772,5.9169993
0.20772499,5.9169993
0.20773,5.9169993
0.207735,5.9169993
0.20774,5.9169993
0.207745,5.9169993
0.20775,5.9169993
0.207755,5.9169993
0.20775999,5.9169993
0.207765,5.9169993
0.20776999,5.9169993
0.207775,5.9169993
0.20777999,5.9169993
0.207785,5.9169993
0.20778999,5.9169993
0.207795,5.9169993
0.2078,5.9169993
0.207805,5.9169993
0.20781,5.9169993
0.20781499,5.9169993
0.20782,5.9169993
0.20782499,5.9169993
0.20783,5.9169993
0.20783499,5.9169993
0.20784,5.9169993
0.20784499,5.9169993
0.20785,5.9169993
0.207855,5.9169993
0.20786,5.9169993
0.207865,5.9169993
0.20786999,5.9169993
0.207875,5.9169993
0.20787999,5.9169993
0.207885,5.9169993
0.20788999,5.9169993
0.207895,5.9169993
0.20789999,5.9169993
0.207905,5.9169993
0.20791,5.9169993
0.207915,5.9169993
0.20792,5.9169993
0.20792499,5.9169993
0.20793,5.9169993
0.20793499,5.9169993
0.20794,5.9169993
0.20794499,5.9169993
0.20795,5.9169993
0.20795499,5.9169993
0.20796,5.9169993
0.207965,5.9169993
0.20797,5.9169993
0.207975,5.9169993
0.20797999,5.9169993
0.207985,5.9169993
0.20798999,5.9169993
0.207995,5.9169993
0.20799999,5.9169993
0.208005,5.9169993
0.20800999,5.9169993
0.208015,5.9169993
0.20802,5.9169993
0.208025,5.9169993
0.20803,5.9169993
0.20803499,5.9169993
0.20804,5.9169993
0.20804499,5.9169993
0.20805,5.9169993
0.20805499,5.9169993
0.20806,5.9169993
0.20806499,5.9169993
0.20807,5.9169993
0.208075,5.9169993
0.20808,5.9169993
0.208085,5.9169993
0.20808999,5.9169993
0.208095,5.9169993
0.20809999,5.9169993
0.208105,5.9169993
0.20810999,5.9169993
0.208115,5.9169993
0.20811999,5.9169993
0.208125,5.9169993
0.20813,5.9169993
0.208135,5.9169993
0.20814,5.9169993
0.208145,5.9169993
0.20815,5.9169993
0.20815499,5.9169993
0.20816,5.9169993
0.20816499,5.9169993
0.20817,5.9169993
0.20817499,5.9169993
0.20818,5.9169993
0.20818499,5.9169993
0.20819,5.9169993
0.208195,5.9169993
0.2082,5.9169993
0.208205,5.9169993
0.20820999,5.9169993
0.208215,5.9169993
0.20821999,5.9169993
0.208225,5.9169993
0.20822999,5.9169993
0.208235,5.9169993
0.20823999,5.9169993
0.208245,5.9169993
0.20825,5.9169993
0.208255,5.9169993
0.20826,5.9169993
0.20826499,5.9169993
0.20827,5.9169993
0.20827499,5.9169993
0.20828,5.9169993
0.20828499,5.9169993
0.20829,5.9169993
0.20829499,5.9169993
0.2083,5.9169993
0.208305,5.9169993
0.20831,5.9169993
0.208315,5.9169993
0.20831999,5.9169993
0.208325,5.9169993
0.20832999,5.9169993
0.208335,5.9169993
0.20833999,5.9169993
0.208345,5.9169993
0.20834999,5.9169993
0.208355,5.9169993
0.20836,5.9169993
0.208365,5.9169993
0.20837,5.9169993
0.20837499,5.9169993
0.20838,5.9169993
0.20838499,5.9169993
0.20839,5.9169993
0.20839499,5.9169993
0.2084,5.9169993
0.20840499,5.9169993
0.20841,5.9169993
0.208415,5.9169993
0.20842,5.9169993
0.208425,5.9169993
0.20842999,5.9169993
0.208435,5.9169993
0.20843999,5.9169993
0.208445,5.9169993
0.20844999,5.9169993
0.208455,5.9169993
0.20845999,5.9169993
0.208465,5.9169993
0.20847,5.9169993
0.208475,5.9169993
0.20848,5.9169993
0.20848499,5.9169993
0.20849,5.9169993
0.20849499,5.9169993
0.2085,5.9169993
0.20850499,5.9169993
0.20851,5.9169993
0.20851499,5.9169993
0.20852,5.9169993
0.208525,5.9169993
0.20853,5.9169993
0.208535,5.9169993
0.20854,5.9169993
0.208545,5.9169993
0.20854999,5.9169993
0.208555,5.9169993
0.20855999,5.9169993
0.208565,5.9169993
0.20856999,5.9169993
0.208575,5.9169993
0.20857999,5.9169993
0.208585,5.9169993
0.20859,5.9169993
0.208595,5.9169993
0.2086,5.9169993
0.20860499,5.9169993
0.20861,5.9169993
0.20861499,5.9169993
0.20862,5.9169993
0.20862499,5.9169993
0.20863,5.9169993
0.20863499,5.9169993
0.20864,5.9169993
0.208645,5.9169993
0.20865,5.9169993
0.208655,5.9169993
0.20865999,5.9169993
0.208665,5.9169993
0.20866999,5.9169993
0.208675,5.9169993
0.20867999,5.9169993
0.208685,5.9169993
0.20868999,5.9169993
0.208695,5.9169993
0.2087,5.9169993
0.208705,5.9169993
0.20871,5.9169993
0.20871499,5.9169993
0.20872,5.9169993
0.20872499,5.9169993
0.20873,5.9169993
0.20873499,5.9169993
0.20874,5.9169993
0.20874499,5.9169993
0.20875,5.9169993
0.208755,5.9169993
0.20876,5.9169993
0.208765,5.9169993
0.20876999,5.9169993
0.208775,5.9169993
0.20877999,5.9169993
0.208785,5.9169993
0.20878999,5.9169993
0.208795,5.9169993
0.20879999,5.9169993
0.208805,5.9169993
0.20881,5.9169993
0.208815,5.9169993
0.20882,5.9169993
0.20882499,5.9169993
0.20883,5.9169993
0.20883499,5.9169993
0.20884,5.9169993
0.20884499,5.9169993
0.20885,5.9169993
0.20885499,5.9169993
0.20886,5.9169993
0.208865,5.9169993
0.20887,5.9169993
0.208875,5.9169993
0.20887999,5.9169993
0.208885,5.9169993
0.20888999,5.9169993
0.208895,5.9169993
0.20889999,5.9169993
0.208905,5.9169993
0.20890999,5.9169993
0.208915,5.9169993
0.20892,5.9169993
0.208925,5.9169993
0.20893,5.9169993
0.208935,5.9169993
0.20894,5.9169993
0.20894499,5.9169993
0.20895,5.9169993
0.20895499,5.9169993
0.20896,5.9169993
0.20896499,5.9169993
0.20897,5.9169993
0.208975,5.9169993
0.20898,5.9169993
0.208985,5.9169993
0.20899,5.9169993
0.208995,5.9169993
0.20899999,5.9169993
0.209005,5.9169993
0.20900999,5.9169993
0.209015,5.9169993
0.20901999,5.9169993
0.209025,5.9169993
0.20902999,5.9169993
0.209035,5.9169993
0.20904,5.9169993
0.209045,5.9169993
0.20905,5.9169993
0.20905499,5.9169993
0.20906,5.9169993
0.20906499,5.9169993
0.20907,5.9169993
0.20907499,5.9169993
0.20908,5.9169993
0.20908499,5.9169993
0.20909,5.9169993
0.209095,5.9169993
0.2091,5.9169993
0.209105,5.9169993
0.20910999,5.9169993
0.209115,5.9169993
0.20911999,5.9169993
0.209125,5.9169993
0.20912999,5.9169993
0.209135,5.9169993
0.20913999,5.9169993
0.209145,5.9169993
0.20915,5.9169993
0.209155,5.9169993
0.20916,5.9169993
0.20916499,5.9169993
0.20917,5.9169993
0.20917499,5.9169993
0.20918,5.9169993
0.20918499,5.9169993
0.20919,5.9169993
0.20919499,5.9169993
0.2092,5.9169993
0.209205,5.9169993
0.20921,5.9169993
0.209215,5.9169993
0.20921999,5.9169993
0.209225,5.9169993
0.20922999,5.9169993
0.209235,5.9169993
0.20923999,5.9169993
0.209245,5.9169993
0.20924999,5.9169993
0.209255,5.9169993
0.20926,5.9169993
0.209265,5.9169993
0.20927,5.9169993
0.20927499,5.9169993
0.20928,5.9169993
0.20928499,5.9169993
0.20929,5.9169993
0.20929499,5.9169993
0.2093,5.9169993
0.20930499,5.9169993
0.20931,5.9169993
0.209315,5.9169993
0.20932,5.9169993
0.209325,5.9169993
0.20932999,5.9169993
0.209335,5.9169993
0.20933999,5.9169993
0.209345,5.9169993
0.20934999,5.9169993
0.209355,5.9169993
0.20935999,5.9169993
0.209365,5.9169993
0.20937,5.9169993
0.209375,5.9169993
0.20938,5.9169993
0.209385,5.9169993
0.20939,5.9169993
0.20939499,5.9169993
0.2094,5.9169993
0.20940499,5.9169993
0.20941,5.9169993
0.20941499,5.9169993
0.20942,5.9169993
0.20942499,5.9169993
0.20943,5.9169993
0.209435,5.9169993
0.20944,5.9169993
0.209445,5.9169993
0.20944999,5.9169993
0.209455,5.9169993
0.20945999,5.9169993
0.209465,5.9169993
0.20946999,5.9169993
0.209475,5.9169993
0.20947999,5.9169993
0.209485,5.9169993
0.20949,5.9169993
0.209495,5.9169993
0.2095,5.9169993
0.20950499,5.9169993
0.20951,5.9169993
0.20951499,5.9169993
0.20952,5.9169993
0.20952499,5.9169993
0.20953,5.9169993
0.20953499,5.9169993
0.20954,5.9169993
0.209545,5.9169993
0.20955,5.9169993
0.209555,5.9169993
0.20955999,5.9169993
0.209565,5.9169993
0.20956999,5.9169993
0.209575,5.9169993
0.20957999,5.9169993
0.209585,5.9169993
0.20958999,5.9169993
0.209595,5.9169993
0.2096,5.9169993
0.209605,5.9169993
0.20961,5.9169993
0.20961499,5.9169993
0.20962,5.9169993
0.20962499,5.9169993
0.20963,5.9169993
0.20963499,5.9169993
0.20964,5.9169993
0.20964499,5.9169993
0.20965,5.9169993
0.209655,5.9169993
0.20966,5.9169993
0.209665,5.9169993
0.20966999,5.9169993
0.209675,5.9169993
0.20967999,5.9169993
0.209685,5.9169993
0.20968999,5.9169993
0.209695,5.9169993
0.20969999,5.9169993
0.209705,5.9169993
0.20971,5.9169993
0.209715,5.9169993
0.20972,5.9169993
0.20972499,5.9169993
0.20973,5.9169993
0.20973499,5.9169993
0.20974,5.9169993
0.20974499,5.9169993
0.20975,5.9169993
0.20975499,5.9169993
0.20976,5.9169993
0.209765,5.9169993
0.20977,5.9169993
0.209775,5.9169993
0.20978,5.9169993
0.209785,5.9169993
0.20978999,5.9169993
0.209795,5.9169993
0.20979999,5.9169993
0.209805,5.9169993
0.20980999,5.9169993
0.209815,5.9169993
0.20981999,5.9169993
0.209825,5.9169993
0.20983,5.9169993
0.209835,5.9169993
0.20984,5.9169993
0.20984499,5.9169993
0.20985,5.9169993
0.20985499,5.9169993
0.20986,5.9169993
0.20986499,5.9169993
0.20987,5.9169993
0.20987499,5.9169993
0.20988,5.9169993
0.209885,5.9169993
0.20989,5.9169993
0.209895,5.9169993
0.20989999,5.9169993
0.209905,5.9169993
0.20990999,5.9169993
0.209915,5.9169993
0.20991999,5.9169993
0.209925,5.9169993
0.20992999,5.9169993
0.209935,5.9169993
0.20994,5.9169993
0.209945,5.9169993
0.20995,5.9169993
0.20995499,5.9169993
0.20996,5.9169993
0.20996499,5.9169993
0.20997,5.9169993
0.20997499,5.9169993
0.20998,5.9169993
0.20998499,5.9169993
0.20999,5.9169993
0.209995,5.9169993
0.21,5.9169993
0.210005,5.9169993
0.21000999,5.9169993
0.210015,5.9169993
0.21001999,5.9169993
0.210025,5.9169993
0.21002999,5.9169993
0.210035,5.9169993
0.21003999,5.9169993
0.210045,5.9169993
0.21005,5.9169993
0.210055,5.9169993
0.21006,5.9169993
0.21006499,5.9169993
0.21007,5.9169993
0.21007499,5.9169993
0.21008,5.9169993
0.21008499,5.9169993
0.21009,5.9169993
0.21009499,5.9169993
0.2101,5.9169993
0.210105,5.9169993
0.21011,5.9169993
0.210115,5.9169993
0.21011999,5.9169993
0.210125,5.9169993
0.21012999,5.9169993
0.210135,5.9169993
0.21013999,5.9169993
0.210145,5.9169993
0.21014999,5.9169993
0.210155,5.9169993
0.21016,5.9169993
0.210165,5.9169993
0.21017,5.9169993
0.210175,5.9169993
0.21018,5.9169993
0.21018499,5.9169993
0.21019,5.9169993
0.21019499,5.9169993
0.2102,5.9169993
0.21020499,5.9169993
0.21021,5.9169993
0.21021499,5.9169993
0.21022,5.9169993
0.210225,5.9169993
0.21023,5.9169993
0.210235,5.9169993
0.21023999,5.9169993
0.210245,5.9169993
0.21024999,5.9169993
0.210255,5.9169993
0.21025999,5.9169993
0.210265,5.9169993
0.21026999,5.9169993
0.210275,5.9169993
0.21028,5.9169993
0.210285,5.9169993
0.21029,5.9169993
0.21029499,5.9169993
0.2103,5.9169993
0.21030499,5.9169993
0.21031,5.9169993
0.21031499,5.9169993
0.21032,5.9169993
0.21032499,5.9169993
0.21033,5.9169993
0.210335,5.9169993
0.21034,5.9169993
0.210345,5.9169993
0.21034999,5.9169993
0.210355,5.9169993
0.21035999,5.9169993
0.210365,5.9169993
0.21036999,5.9169993
0.210375,5.9169993
0.21037999,5.9169993
0.210385,5.9169993
0.21039,5.9169993
0.210395,5.9169993
0.2104,5.9169993
0.21040499,5.9169993
0.21041,5.9169993
0.21041499,5.9169993
0.21042,5.9169993
0.21042499,5.9169993
0.21043,5.9169993
0.21043499,5.9169993
0.21044,5.9169993
0.210445,5.9169993
0.21045,5.9169993
0.210455,5.9169993
0.21045999,5.9169993
0.210465,5.9169993
0.21046999,5.9169993
0.210475,5.9169993
0.21047999,5.9169993
0.210485,5.9169993
0.21048999,5.9169993
0.210495,5.9169993
0.2105,5.9169993
0.210505,5.9169993
0.21051,5.9169993
0.21051499,5.9169993
0.21052,5.9169993
0.21052499,5.9169993
0.21053,5.9169993
0.21053499,5.9169993
0.21054,5.9169993
0.21054499,5.9169993
0.21055,5.9169993
0.210555,5.9169993
0.21056,5.9169993
0.210565,5.9169993
0.21057,5.9169993
0.210575,5.9169993
0.21057999,5.9169993
0.210585,5.9169993
0.21058999,5.9169993
0.210595,5.9169993
0.21059999,5.9169993
0.210605,5.9169993
0.21060999,5.9169993
0.210615,5.9169993
0.21062,5.9169993
0.210625,5.9169993
0.21063,5.9169993
0.21063499,5.9169993
0.21064,5.9169993
0.21064499,5.9169993
0.21065,5.9169993
0.21065499,5.9169993
0.21066,5.9169993
0.21066499,5.9169993
0.21067,5.9169993
0.210675,5.9169993
0.21068,5.9169993
0.210685,5.9169993
0.21068999,5.9169993
0.210695,5.9169993
0.21069999,5.9169993
0.210705,5.9169993
0.21070999,5.9169993
0.210715,5.9169993
0.21071999,5.9169993
0.210725,5.9169993
0.21073,5.9169993
0.210735,5.9169993
0.21074,5.9169993
0.21074499,5.9169993
0.21075,5.9169993
0.21075499,5.9169993
0.21076,5.9169993
0.21076499,5.9169993
0.21077,5.9169993
0.21077499,5.9169993
0.21078,5.9169993
0.210785,5.9169993
0.21079,5.9169993
0.210795,5.9169993
0.21079999,5.9169993
0.210805,5.9169993
0.21080999,5.9169993
0.210815,5.9169993
0.21081999,5.9169993
0.210825,5.9169993
0.21082999,5.9169993
0.210835,5.9169993
0.21084,5.9169993
0.210845,5.9169993
0.21085,5.9169993
0.21085499,5.9169993
0.21086,5.9169993
0.21086499,5.9169993
0.21087,5.9169993
0.21087499,5.9169993
0.21088,5.9169993
0.21088499,5.9169993
0.21089,5.9169993
0.210895,5.9169993
0.2109,5.9169993
0.210905,5.9169993
0.21090999,5.9169993
0.210915,5.9169993
0.21091999,5.9169993
0.210925,5.9169993
0.21092999,5.9169993
0.210935,5.9169993
0.21093999,5.9169993
0.210945,5.9169993
0.21095,5.9169993
0.210955,5.9169993
0.21096,5.9169993
0.210965,5.9169993
0.21097,5.9169993
0.21097499,5.9169993
0.21098,5.9169993
0.21098499,5.9169993
0.21099,5.9169993
0.21099499,5.9169993
0.211,5.9169993
0.21100499,5.9169993
0.21101,5.9169993
0.211015,5.9169993
0.21102,5.9169993
0.211025,5.9169993
0.21102999,5.9169993
0.211035,5.9169993
0.21103999,5.9169993
0.211045,5.9169993
0.21104999,5.9169993
0.211055,5.9169993
0.21105999,5.9169993
0.211065,5.9169993
0.21107,5.9169993
0.211075,5.9169993
0.21108,5.9169993
0.21108499,5.9169993
0.21109,5.9169993
0.21109499,5.9169993
0.2111,5.9169993
0.21110499,5.9169993
0.21111,5.9169993
0.21111499,5.9169993
0.21112,5.9169993
0.211125,5.9169993
0.21113,5.9169993
0.211135,5.9169993
0.21113999,5.9169993
0.211145,5.9169993
0.21114999,5.9169993
0.211155,5.9169993
0.21115999,5.9169993
0.211165,5.9169993
0.21116999,5.9169993
0.211175,5.9169993
0.21118,5.9169993
0.211185,5.9169993
0.21119,5.9169993
0.21119499,5.9169993
0.2112,5.9169993
0.21120499,5.9169993
0.21121,5.9169993
0.21121499,5.9169993
0.21122,5.9169993
0.21122499,5.9169993
0.21123,5.9169993
0.211235,5.9169993
0.21124,5.9169993
0.211245,5.9169993
0.21124999,5.9169993
0.211255,5.9169993
0.21125999,5.9169993
0.211265,5.9169993
0.21126999,5.9169993
0.211275,5.9169993
0.21127999,5.9169993
0.211285,5.9169993
0.21129,5.9169993
0.211295,5.9169993
0.2113,5.9169993
0.21130499,5.9169993
0.21131,5.9169993
0.21131499,5.9169993
0.21132,5.9169993
0.21132499,5.9169993
0.21133,5.9169993
0.21133499,5.9169993
0.21134,5.9169993
0.211345,5.9169993
0.21135,5.9169993
0.211355,5.9169993
0.21136,5.9169993
0.211365,5.9169993
0.21136999,5.9169993
0.211375,5.9169993
0.21137999,5.9169993
0.211385,5.9169993
0.21138999,5.9169993
0.211395,5.9169993
0.21139999,5.9169993
0.211405,5.9169993
0.21141,5.9169993
0.211415,5.9169993
0.21142,5.9169993
0.21142499,5.9169993
0.21143,5.9169993
0.21143499,5.9169993
0.21144,5.9169993
0.21144499,5.9169993
0.21145,5.9169993
0.21145499,5.9169993
0.21146,5.9169993
0.211465,5.9169993
0.21147,5.9169993
0.211475,5.9169993
0.21147999,5.9169993
0.211485,5.9169993
0.21148999,5.9169993
0.211495,5.9169993
0.21149999,5.9169993
0.211505,5.9169993
0.21150999,5.9169993
0.211515,5.9169993
0.21152,5.9169993
0.211525,5.9169993
0.21153,5.9169993
0.21153499,5.9169993
0.21154,5.9169993
0.21154499,5.9169993
0.21155,5.9169993
0.21155499,5.9169993
0.21156,5.9169993
0.21156499,5.9169993
0.21157,5.9169993
0.211575,5.9169993
0.21158,5.9169993
0.211585,5.9169993
0.21158999,5.9169993
0.211595,5.9169993
0.21159999,5.9169993
0.211605,5.9169993
0.21160999,5.9169993
0.211615,5.9169993
0.21161999,5.9169993
0.211625,5.9169993
0.21163,5.9169993
0.211635,5.9169993
0.21164,5.9169993
0.21164499,5.9169993
0.21165,5.9169993
0.21165499,5.9169993
0.21166,5.9169993
0.21166499,5.9169993
0.21167,5.9169993
0.21167499,5.9169993
0.21168,5.9169993
0.211685,5.9169993
0.21169,5.9169993
0.211695,5.9169993
0.21169999,5.9169993
0.211705,5.9169993
0.21170999,5.9169993
0.211715,5.9169993
0.21171999,5.9169993
0.211725,5.9169993
0.21172999,5.9169993
0.211735,5.9169993
0.21174,5.9169993
0.211745,5.9169993
0.21175,5.9169993
0.211755,5.9169993
0.21176,5.9169993
0.21176499,5.9169993
0.21177,5.9169993
0.21177499,5.9169993
0.21178,5.9169993
0.21178499,5.9169993
0.21179,5.9169993
0.21179499,5.9169993
0.2118,5.9169993
0.211805,5.9169993
0.21181,5.9169993
0.211815,5.9169993
0.21181999,5.9169993
0.211825,5.9169993
0.21182999,5.9169993
0.211835,5.9169993
0.21183999,5.9169993
0.211845,5.9169993
0.21184999,5.9169993
0.211855,5.9169993
0.21186,5.9169993
0.211865,5.9169993
0.21187,5.9169993
0.21187499,5.9169993
0.21188,5.9169993
0.21188499,5.9169993
0.21189,5.9169993
0.21189499,5.9169993
0.2119,5.9169993
0.21190499,5.9169993
0.21191,5.9169993
0.211915,5.9169993
0.21192,5.9169993
0.211925,5.9169993
0.21192999,5.9169993
0.211935,5.9169993
0.21193999,5.9169993
0.211945,5.9169993
0.21194999,5.9169993
0.211955,5.9169993
0.21195999,5.9169993
0.211965,5.9169993
0.21197,5.9169993
0.211975,5.9169993
0.21198,5.9169993
0.21198499,5.9169993
0.21199,5.9169993
0.21199499,5.9169993
0.212,5.9169993
0.21200499,5.9169993
0.21201,5.9169993
0.21201499,5.9169993
0.21202,5.9169993
0.212025,5.9169993
0.21203,5.9169993
0.212035,5.9169993
0.21203999,5.9169993
0.212045,5.9169993
0.21204999,5.9169993
0.212055,5.9169993
0.21205999,5.9169993
0.212065,5.9169993
0.21206999,5.9169993
0.212075,5.9169993
0.21208,5.9169993
0.212085,5.9169993
0.21209,5.9169993
0.21209499,5.9169993
0.2121,5.9169993
0.21210499,5.9169993
0.21211,5.9169993
0.21211499,5.9169993
0.21212,5.9169993
0.21212499,5.9169993
0.21213,5.9169993
0.212135,5.9169993
0.21214,5.9169993
0.212145,5.9169993
0.21215,5.9169993
0.212155,5.9169993
0.21215999,5.9169993
0.212165,5.9169993
0.21216999,5.9169993
0.212175,5.9169993
0.21217999,5.9169993
0.212185,5.9169993
0.21218999,5.9169993
0.212195,5.9169993
0.2122,5.9169993
0.212205,5.9169993
0.21221,5.9169993
0.21221499,5.9169993
0.21222,5.9169993
0.21222499,5.9169993
0.21223,5.9169993
0.21223499,5.9169993
0.21224,5.9169993
0.21224499,5.9169993
0.21225,5.9169993
0.212255,5.9169993
0.21226,5.9169993
0.212265,5.9169993
0.21226999,5.9169993
0.212275,5.9169993
0.21227999,5.9169993
0.212285,5.9169993
0.21228999,5.9169993
0.212295,5.9169993
0.21229999,5.9169993
0.212305,5.9169993
0.21231,5.9169993
0.212315,5.9169993
0.21232,5.9169993
0.21232499,5.9169993
0.21233,5.9169993
0.21233499,5.9169993
0.21234,5.9169993
0.21234499,5.9169993
0.21235,5.9169993
0.21235499,5.9169993
0.21236,5.9169993
0.212365,5.9169993
0.21237,5.9169993
0.212375,5.9169993
0.21237999,5.9169993
0.212385,5.9169993
0.21238999,5.9169993
0.212395,5.9169993
0.21239999,5.9169993
0.212405,5.9169993
0.21240999,5.9169993
0.212415,5.9169993
0.21242,5.9169993
0.212425,5.9169993
0.21243,5.9169993
0.21243499,5.9169993
0.21244,5.9169993
0.21244499,5.9169993
0.21245,5.9169993
0.21245499,5.9169993
0.21246,5.9169993
0.21246499,5.9169993
0.21247,5.9169993
0.212475,5.9169993
0.21248,5.9169993
0.212485,5.9169993
0.21248999,5.9169993
0.212495,5.9169993
0.21249999,5.9169993
0.212505,5.9169993
0.21250999,5.9169993
0.212515,5.9169993
0.21251999,5.9169993
0.212525,5.9169993
0.21253,5.9169993
0.212535,5.9169993
0.21254,5.9169993
0.212545,5.9169993
0.21255,5.9169993
0.21255499,5.9169993
0.21256,5.9169993
0.21256499,5.9169993
0.21257,5.9169993
0.21257499,5.9169993
0.21258,5.9169993
0.21258499,5.9169993
0.21259,5.9169993
0.212595,5.9169993
0.2126,5.9169993
0.212605,5.9169993
0.21260999,5.9169993
0.212615,5.9169993
0.21261999,5.9169993
0.212625,5.9169993
0.21262999,5.9169993
0.212635,5.9169993
0.21263999,5.9169993
0.212645,5.9169993
0.21265,5.9169993
0.212655,5.9169993
0.21266,5.9169993
0.21266499,5.9169993
0.21267,5.9169993
0.21267499,5.9169993
0.21268,5.9169993
0.21268499,5.9169993
0.21269,5.9169993
0.21269499,5.9169993
0.2127,5.9169993
0.212705,5.9169993
0.21271,5.9169993
0.212715,5.9169993
0.21271999,5.9169993
0.212725,5.9169993
0.21272999,5.9169993
0.212735,5.9169993
0.21273999,5.9169993
0.212745,5.9169993
0.21274999,5.9169993
0.212755,5.9169993
0.21276,5.9169993
0.212765,5.9169993
0.21277,5.9169993
0.21277499,5.9169993
0.21278,5.9169993
0.21278499,5.9169993
0.21279,5.9169993
0.21279499,5.9169993
0.2128,5.9169993
0.21280499,5.9169993
0.21281,5.9169993
0.212815,5.9169993
0.21282,5.9169993
0.212825,5.9169993
0.21282999,5.9169993
0.212835,5.9169993
0.21283999,5.9169993
0.212845,5.9169993
0.21284999,5.9169993
0.212855,5.9169993
0.21285999,5.9169993
0.212865,5.9169993
0.21287,5.9169993
0.212875,5.9169993
0.21288,5.9169993
0.21288499,5.9169993
0.21289,5.9169993
0.21289499,5.9169993
0.2129,5.9169993
0.21290499,5.9169993
0.21291,5.9169993
0.21291499,5.9169993
0.21292,5.9169993
0.212925,5.9169993
0.21293,5.9169993
0.212935,5.9169993
0.21293999,5.9169993
0.212945,5.9169993
0.21294999,5.9169993
0.212955,5.9169993
0.21295999,5.9169993
0.212965,5.9169993
0.21296999,5.9169993
0.212975,5.9169993
0.21297999,5.9169993
0.212985,5.9169993
0.21299,5.9169993
0.212995,5.9169993
0.213,5.9169993
0.21300499,5.9169993
0.21301,5.9169993
0.21301499,5.9169993
0.21302,5.9169993
0.21302499,5.9169993
0.21303,5.9169993
0.21303499,5.9169993
0.21304,5.9169993
0.213045,5.9169993
0.21305,5.9169993
0.213055,5.9169993
0.21305999,5.9169993
0.213065,5.9169993
0.21306999,5.9169993
0.213075,5.9169993
0.21307999,5.9169993
0.213085,5.9169993
0.21308999,5.9169993
0.213095,5.9169993
0.2131,5.9169993
0.213105,5.9169993
0.21311,5.9169993
0.21311499,5.9169993
0.21312,5.9169993
0.21312499,5.9169993
0.21313,5.9169993
0.21313499,5.9169993
0.21314,5.9169993
0.21314499,5.9169993
0.21315,5.9169993
0.213155,5.9169993
0.21316,5.9169993
0.213165,5.9169993
0.21316999,5.9169993
0.213175,5.9169993
0.21317999,5.9169993
0.213185,5.9169993
0.21318999,5.9169993
0.213195,5.9169993
0.21319999,5.9169993
0.213205,5.9169993
0.21321,5.9169993
0.213215,5.9169993
0.21322,5.9169993
0.21322499,5.9169993
0.21323,5.9169993
0.21323499,5.9169993
0.21324,5.9169993
0.21324499,5.9169993
0.21325,5.9169993
0.21325499,5.9169993
0.21326,5.9169993
0.213265,5.9169993
0.21327,5.9169993
0.213275,5.9169993
0.21327999,5.9169993
0.213285,5.9169993
0.21328999,5.9169993
0.213295,5.9169993
0.21329999,5.9169993
0.213305,5.9169993
0.21330999,5.9169993
0.213315,5.9169993
0.21332,5.9169993
0.213325,5.9169993
0.21333,5.9169993
0.21333499,5.9169993
0.21334,5.9169993
0.21334499,5.9169993
0.21335,5.9169993
0.21335499,5.9169993
0.21336,5.9169993
0.21336499,5.9169993
0.21337,5.9169993
0.21337499,5.9169993
0.21338,5.9169993
0.213385,5.9169993
0.21339,5.9169993
0.213395,5.9169993
0.21339999,5.9169993
0.213405,5.9169993
0.21340999,5.9169993
0.213415,5.9169993
0.21341999,5.9169993
0.213425,5.9169993
0.21342999,5.9169993
0.213435,5.9169993
0.21344,5.9169993
0.213445,5.9169993
0.21345,5.9169993
0.21345499,5.9169993
0.21346,5.9169993
0.21346499,5.9169993
0.21347,5.9169993
0.21347499,5.9169993
0.21348,5.9169993
0.21348499,5.9169993
0.21349,5.9169993
0.213495,5.9169993
0.2135,5.9169993
0.213505,5.9169993
0.21350999,5.9169993
0.213515,5.9169993
0.21351999,5.9169993
0.213525,5.9169993
0.21352999,5.9169993
0.213535,5.9169993
0.21353999,5.9169993
0.213545,5.9169993
0.21355,5.9169993
0.213555,5.9169993
0.21356,5.9169993
0.21356499,5.9169993
0.21357,5.9169993
0.21357499,5.9169993
0.21358,5.9169993
0.21358499,5.9169993
0.21359,5.9169993
0.21359499,5.9169993
0.2136,5.9169993
0.213605,5.9169993
0.21361,5.9169993
0.213615,5.9169993
0.21361999,5.9169993
0.213625,5.9169993
0.21362999,5.9169993
0.213635,5.9169993
0.21363999,5.9169993
0.213645,5.9169993
0.21364999,5.9169993
0.213655,5.9169993
0.21366,5.9169993
0.213665,5.9169993
0.21367,5.9169993
0.21367499,5.9169993
0.21368,5.9169993
0.21368499,5.9169993
0.21369,5.9169993
0.21369499,5.9169993
0.2137,5.9169993
0.21370499,5.9169993
0.21371,5.9169993
0.213715,5.9169993
0.21372,5.9169993
0.213725,5.9169993
0.21372999,5.9169993
0.213735,5.9169993
0.21373999,5.9169993
0.213745,5.9169993
0.21374999,5.9169993
0.213755,5.9169993
0.21375999,5.9169993
0.213765,5.9169993
0.21376999,5.9169993
0.213775,5.9169993
0.21378,5.9169993
0.213785,5.9169993
0.21379,5.9169993
0.21379499,5.9169993
0.2138,5.9169993
0.21380499,5.9169993
0.21381,5.9169993
0.21381499,5.9169993
0.21382,5.9169993
0.21382499,5.9169993
0.21383,5.9169993
0.213835,5.9169993
0.21384,5.9169993
0.213845,5.9169993
0.21384999,5.9169993
0.213855,5.9169993
0.21385999,5.9169993
0.213865,5.9169993
0.21386999,5.9169993
0.213875,5.9169993
0.21387999,5.9169993
0.213885,5.9169993
0.21389,5.9169993
0.213895,5.9169993
0.2139,5.9169993
0.21390499,5.9169993
0.21391,5.9169993
0.21391499,5.9169993
0.21392,5.9169993
0.21392499,5.9169993
0.21393,5.9169993
0.21393499,5.9169993
0.21394,5.9169993
0.213945,5.9169993
0.21395,5.9169993
0.213955,5.9169993
0.21395999,5.9169993
0.213965,5.9169993
0.21396999,5.9169993
0.213975,5.9169993
0.21397999,5.9169993
0.213985,5.9169993
0.21398999,5.9169993
0.213995,5.9169993
0.214,5.9169993
0.214005,5.9169993
0.21401,5.9169993
0.21401499,5.9169993
0.21402,5.9169993
0.21402499,5.9169993
0.21403,5.9169993
0.21403499,5.9169993
0.21404,5.9169993
0.21404499,5.9169993
0.21405,5.9169993
0.214055,5.9169993
0.21406,5.9169993
0.214065,5.9169993
0.21406999,5.9169993
0.214075,5.9169993
0.21407999,5.9169993
0.214085,5.9169993
0.21408999,5.9169993
0.214095,5.9169993
0.21409999,5.9169993
0.214105,5.9169993
0.21411,5.9169993
0.214115,5.9169993
0.21412,5.9169993
0.21412499,5.9169993
0.21413,5.9169993
0.21413499,5.9169993
0.21414,5.9169993
0.21414499,5.9169993
0.21415,5.9169993
0.21415499,5.9169993
0.21416,5.9169993
0.21416499,5.9169993
0.21417,5.9169993
0.214175,5.9169993
0.21418,5.9169993
0.214185,5.9169993
0.21418999,5.9169993
0.214195,5.9169993
0.21419999,5.9169993
0.214205,5.9169993
0.21420999,5.9169993
0.214215,5.9169993
0.21421999,5.9169993
0.214225,5.9169993
0.21423,5.9169993
0.214235,5.9169993
0.21424,5.9169993
0.21424499,5.9169993
0.21425,5.9169993
0.21425499,5.9169993
0.21426,5.9169993
0.21426499,5.9169993
0.21427,5.9169993
0.21427499,5.9169993
0.21428,5.9169993
0.214285,5.9169993
0.21429,5.9169993
0.214295,5.9169993
0.21429999,5.9169993
0.214305,5.9169993
0.21430999,5.9169993
0.214315,5.9169993
0.21431999,5.9169993
0.214325,5.9169993
0.21432999,5.9169993
0.214335,5.9169993
0.21434,5.9169993
0.214345,5.9169993
0.21435,5.9169993
0.21435499,5.9169993
0.21436,5.9169993
0.21436499,5.9169993
0.21437,5.9169993
0.21437499,5.9169993
0.21438,5.9169993
0.21438499,5.9169993
0.21439,5.9169993
0.214395,5.9169993
0.2144,5.9169993
0.214405,5.9169993
0.21440999,5.9169993
0.214415,5.9169993
0.21441999,5.9169993
0.214425,5.9169993
0.21442999,5.9169993
0.214435,5.9169993
0.21443999,5.9169993
0.214445,5.9169993
0.21445,5.9169993
0.214455,5.9169993
0.21446,5.9169993
0.21446499,5.9169993
0.21447,5.9169993
0.21447499,5.9169993
0.21448,5.9169993
0.21448499,5.9169993
0.21449,5.9169993
0.21449499,5.9169993
0.2145,5.9169993
0.214505,5.9169993
0.21451,5.9169993
0.214515,5.9169993
0.21451999,5.9169993
0.214525,5.9169993
0.21452999,5.9169993
0.214535,5.9169993
0.21453999,5.9169993
0.214545,5.9169993
0.21454999,5.9169993
0.214555,5.9169993
0.21455999,5.9169993
0.214565,5.9169993
0.21457,5.9169993
0.214575,5.9169993
0.21458,5.9169993
0.21458499,5.9169993
0.21459,5.9169993
0.21459499,5.9169993
0.2146,5.9169993
0.21460499,5.9169993
0.21461,5.9169993
0.21461499,5.9169993
0.21462,5.9169993
0.214625,5.9169993
0.21463,5.9169993
0.214635,5.9169993
0.21463999,5.9169993
0.214645,5.9169993
0.21464999,5.9169993
0.214655,5.9169993
0.21465999,5.9169993
0.214665,5.9169993
0.21466999,5.9169993
0.214675,5.9169993
0.21468,5.9169993
0.214685,5.9169993
0.21469,5.9169993
0.21469499,5.9169993
0.2147,5.9169993
0.21470499,5.9169993
0.21471,5.9169993
0.21471499,5.9169993
0.21472,5.9169993
0.21472499,5.9169993
0.21473,5.9169993
0.214735,5.9169993
0.21474,5.9169993
0.214745,5.9169993
0.21474999,5.9169993
0.214755,5.9169993
0.21475999,5.9169993
0.214765,5.9169993
0.21476999,5.9169993
0.214775,5.9169993
0.21477999,5.9169993
0.214785,5.9169993
0.21479,5.9169993
0.214795,5.9169993
0.2148,5.9169993
0.21480499,5.9169993
0.21481,5.9169993
0.21481499,5.9169993
0.21482,5.9169993
0.21482499,5.9169993
0.21483,5.9169993
0.21483499,5.9169993
0.21484,5.9169993
0.214845,5.9169993
0.21485,5.9169993
0.214855,5.9169993
0.21485999,5.9169993
0.214865,5.9169993
0.21486999,5.9169993
0.214875,5.9169993
0.21487999,5.9169993
0.214885,5.9169993
0.21488999,5.9169993
0.214895,5.9169993
0.2149,5.9169993
0.214905,5.9169993
0.21491,5.9169993
0.21491499,5.9169993
0.21492,5.9169993
0.21492499,5.9169993
0.21493,5.9169993
0.21493499,5.9169993
0.21494,5.9169993
0.21494499,5.9169993
0.21495,5.9169993
0.21495499,5.9169993
0.21496,5.9169993
0.214965,5.9169993
0.21497,5.9169993
0.214975,5.9169993
0.21497999,5.9169993
0.214985,5.9169993
0.21498999,5.9169993
0.214995,5.9169993
0.21499999,5.9169993
0.215005,5.9169993
0.21500999,5.9169993
0.215015,5.9169993
0.21502,5.9169993
0.215025,5.9169993
0.21503,5.9169993
0.21503499,5.9169993
0.21504,5.9169993
0.21504499,5.9169993
0.21505,5.9169993
0.21505499,5.9169993
0.21506,5.9169993
0.21506499,5.9169993
0.21507,5.9169993
0.215075,5.9169993
0.21508,5.9169993
0.215085,5.9169993
0.21508999,5.9169993
0.215095,5.9169993
0.21509999,5.9169993
0.215105,5.9169993
0.21510999,5.9169993
0.215115,5.9169993
0.21511999,5.9169993
0.215125,5.9169993
0.21513,5.9169993
0.215135,5.9169993
0.21514,5.9169993
0.21514499,5.9169993
0.21515,5.9169993
0.21515499,5.9169993
0.21516,5.9169993
0.21516499,5.9169993
0.21517,5.9169993
0.21517499,5.9169993
0.21518,5.9169993
0.215185,5.9169993
0.21519,5.9169993
0.215195,5.9169993
0.21519999,5.9169993
0.215205,5.9169993
0.21520999,5.9169993
0.215215,5.9169993
0.21521999,5.9169993
0.215225,5.9169993
0.21522999,5.9169993
0.215235,5.9169993
0.21524,5.9169993
0.215245,5.9169993
0.21525,5.9169993
0.21525499,5.9169993
0.21526,5.9169993
0.21526499,5.9169993
0.21527,5.9169993
0.21527499,5.9169993
0.21528,5.9169993
0.21528499,5.9169993
0.21529,5.9169993
0.215295,5.9169993
0.2153,5.9169993
0.215305,5.9169993
0.21530999,5.9169993
0.215315,5.9169993
0.21531999,5.9169993
0.215325,5.9169993
0.21532999,5.9169993
0.215335,5.9169993
0.21533999,5.9169993
0.215345,5.9169993
0.21534999,5.9169993
0.215355,5.9169993
0.21536,5.9169993
0.215365,5.9169993
0.21537,5.9169993
0.21537499,5.9169993
0.21538,5.9169993
0.21538499,5.9169993
0.21539,5.9169993
0.21539499,5.9169993
0.2154,5.9169993
0.21540499,5.9169993
0.21541,5.9169993
0.215415,5.9169993
0.21542,5.9169993
0.215425,5.9169993
0.21542999,5.9169993
0.215435,5.9169993
0.21543999,5.9169993
0.215445,5.9169993
0.21544999,5.9169993
0.215455,5.9169993
0.21545999,5.9169993
0.215465,5.9169993
0.21547,5.9169993
0.215475,5.9169993
0.21548,5.9169993
0.21548499,5.9169993
0.21549,5.9169993
0.21549499,5.9169993
0.2155,5.9169993
0.21550499,5.9169993
0.21551,5.9169993
0.21551499,5.9169993
0.21552,5.9169993
0.215525,5.9169993
0.21553,5.9169993
0.215535,5.9169993
0.21553999,5.9169993
0.215545,5.9169993
0.21554999,5.9169993
0.215555,5.9169993
0.21555999,5.9169993
0.215565,5.9169993
0.21556999,5.9169993
0.215575,5.9169993
0.21558,5.9169993
0.215585,5.9169993
0.21559,5.9169993
0.21559499,5.9169993
0.2156,5.9169993
0.21560499,5.9169993
0.21561,5.9169993
0.21561499,5.9169993
0.21562,5.9169993
0.21562499,5.9169993
0.21563,5.9169993
0.215635,5.9169993
0.21564,5.9169993
0.215645,5.9169993
0.21564999,5.9169993
0.215655,5.9169993
0.21565999,5.9169993
0.215665,5.9169993
0.21566999,5.9169993
0.215675,5.9169993
0.21567999,5.9169993
0.215685,5.9169993
0.21569,5.9169993
0.215695,5.9169993
0.2157,5.9169993
0.21570499,5.9169993
0.21571,5.9169993
0.21571499,5.9169993
0.21572,5.9169993
0.21572499,5.9169993
0.21573,5.9169993
0.21573499,5.9169993
0.21574,5.9169993
0.21574499,5.9169993
0.21575,5.9169993
0.215755,5.9169993
0.21576,5.9169993
0.215765,5.9169993
0.21576999,5.9169993
0.215775,5.9169993
0.21577999,5.9169993
0.215785,5.9169993
0.21578999,5.9169993
0.215795,5.9169993
0.21579999,5.9169993
0.215805,5.9169993
0.21581,5.9169993
0.215815,5.9169993
0.21582,5.9169993
0.21582499,5.9169993
0.21583,5.9169993
0.21583499,5.9169993
0.21584,5.9169993
0.21584499,5.9169993
0.21585,5.9169993
0.21585499,5.9169993
0.21586,5.9169993
0.215865,5.9169993
0.21587,5.9169993
0.215875,5.9169993
0.21587999,5.9169993
0.215885,5.9169993
0.21588999,5.9169993
0.215895,5.9169993
0.21589999,5.9169993
0.215905,5.9169993
0.21590999,5.9169993
0.215915,5.9169993
0.21592,5.9169993
0.215925,5.9169993
0.21593,5.9169993
0.21593499,5.9169993
0.21594,5.9169993
0.21594499,5.9169993
0.21595,5.9169993
0.21595499,5.9169993
0.21596,5.9169993
0.21596499,5.9169993
0.21597,5.9169993
0.215975,5.9169993
0.21598,5.9169993
0.215985,5.9169993
0.21598999,5.9169993
0.215995,5.9169993
0.21599999,5.9169993
0.216005,5.9169993
0.21600999,5.9169993
0.216015,5.9169993
0.21601999,5.9169993
0.216025,5.9169993
0.21603,5.9169993
0.216035,5.9169993
0.21604,5.9169993
0.21604499,5.9169993
0.21605,5.9169993
0.21605499,5.9169993
0.21606,5.9169993
0.21606499,5.9169993
0.21607,5.9169993
0.21607499,5.9169993
0.21608,5.9169993
0.216085,5.9169993
0.21609,5.9169993
0.216095,5.9169993
0.21609999,5.9169993
0.216105,5.9169993
0.21610999,5.9169993
0.216115,5.9169993
0.21611999,5.9169993
0.216125,5.9169993
0.21612999,5.9169993
0.216135,5.9169993
0.21613999,5.9169993
0.216145,5.9169993
0.21615,5.9169993
0.216155,5.9169993
0.21616,5.9169993
0.21616499,5.9169993
0.21617,5.9169993
0.21617499,5.9169993
0.21618,5.9169993
0.21618499,5.9169993
0.21619,5.9169993
0.21619499,5.9169993
0.2162,5.9169993
0.216205,5.9169993
0.21621,5.9169993
0.216215,5.9169993
0.21621999,5.9169993
0.216225,5.9169993
0.21622999,5.9169993
0.216235,5.9169993
0.21623999,5.9169993
0.216245,5.9169993
0.21624999,5.9169993
0.216255,5.9169993
0.21626,5.9169993
0.216265,5.9169993
0.21627,5.9169993
0.21627499,5.9169993
0.21628,5.9169993
0.21628499,5.9169993
0.21629,5.9169993
0.21629499,5.9169993
0.2163,5.9169993
0.21630499,5.9169993
0.21631,5.9169993
0.216315,5.9169993
0.21632,5.9169993
0.216325,5.9169993
0.21632999,5.9169993
0.216335,5.9169993
0.21633999,5.9169993
0.216345,5.9169993
0.21634999,5.9169993
0.216355,5.9169993
0.21635999,5.9169993
0.216365,5.9169993
0.21637,5.9169993
0.216375,5.9169993
0.21638,5.9169993
0.21638499,5.9169993
0.21639,5.9169993
0.21639499,5.9169993
0.2164,5.9169993
0.21640499,5.9169993
0.21641,5.9169993
0.21641499,5.9169993
0.21642,5.9169993
0.216425,5.9169993
0.21643,5.9169993
0.216435,5.9169993
0.21643999,5.9169993
0.216445,5.9169993
0.21644999,5.9169993
0.216455,5.9169993
0.21645999,5.9169993
0.216465,5.9169993
0.21646999,5.9169993
0.216475,5.9169993
0.21648,5.9169993
0.216485,5.9169993
0.21649,5.9169993
0.21649499,5.9169993
0.2165,5.9169993
0.21650499,5.9169993
0.21651,5.9169993
0.21651499,5.9169993
0.21652,5.9169993
0.21652499,5.9169993
0.21653,5.9169993
0.21653499,5.9169993
0.21654,5.9169993
0.216545,5.9169993
0.21655,5.9169993
0.216555,5.9169993
0.21655999,5.9169993
0.216565,5.9169993
0.21656999,5.9169993
0.216575,5.9169993
0.21657999,5.9169993
0.216585,5.9169993
0.21658999,5.9169993
0.216595,5.9169993
0.2166,5.9169993
0.216605,5.9169993
0.21661,5.9169993
0.21661499,5.9169993
0.21662,5.9169993
0.21662499,5.9169993
0.21663,5.9169993
0.21663499,5.9169993
0.21664,5.9169993
0.21664499,5.9169993
0.21665,5.9169993
0.216655,5.9169993
0.21666,5.9169993
0.216665,5.9169993
0.21666999,5.9169993
0.216675,5.9169993
0.21667999,5.9169993
0.216685,5.9169993
0.21668999,5.9169993
0.216695,5.9169993
0.21669999,5.9169993
0.216705,5.9169993
0.21671,5.9169993
0.216715,5.9169993
0.21672,5.9169993
0.21672499,5.9169993
0.21673,5.9169993
0.21673499,5.9169993
0.21674,5.9169993
0.21674499,5.9169993
0.21675,5.9169993
0.21675499,5.9169993
0.21676,5.9169993
0.216765,5.9169993
0.21677,5.9169993
0.216775,5.9169993
0.21677999,5.9169993
0.216785,5.9169993
0.21678999,5.9169993
0.216795,5.9169993
0.21679999,5.9169993
0.216805,5.9169993
0.21680999,5.9169993
0.216815,5.9169993
0.21682,5.9169993
0.216825,5.9169993
0.21683,5.9169993
0.21683499,5.9169993
0.21684,5.9169993
0.21684499,5.9169993
0.21685,5.9169993
0.21685499,5.9169993
0.21686,5.9169993
0.21686499,5.9169993
0.21687,5.9169993
0.216875,5.9169993
0.21688,5.9169993
0.216885,5.9169993
0.21688999,5.9169993
0.216895,5.9169993
0.21689999,5.9169993
0.216905,5.9169993
0.21690999,5.9169993
0.216915,5.9169993
0.21691999,5.9169993
0.216925,5.9169993
0.21692999,5.9169993
0.216935,5.9169993
0.21694,5.9169993
0.21694499,5.9169993
0.21695,5.9169993
0.21695499,5.9169993
0.21696,5.9169993
0.21696499,5.9169993
0.21697,5.9169993
0.21697499,5.9169993
0.21698,5.9169993
0.21698499,5.9169993
0.21699,5.9169993
0.216995,5.9169993
0.217,5.9169993
0.217005,5.9169993
0.21700999,5.9169993
0.217015,5.9169993
0.21701999,5.9169993
0.217025,5.9169993
0.21702999,5.9169993
0.217035,5.9169993
0.21703999,5.9169993
0.217045,5.9169993
0.21705,5.9169993
0.217055,5.9169993
0.21706,5.9169993
0.21706499,5.9169993
0.21707,5.9169993
0.21707499,5.9169993
0.21708,5.9169993
0.21708499,5.9169993
0.21709,5.9169993
0.21709499,5.9169993
0.2171,5.9169993
0.217105,5.9169993
0.21711,5.9169993
0.217115,5.9169993
0.21711999,5.9169993
0.217125,5.9169993
0.21712999,5.9169993
0.217135,5.9169993
0.21713999,5.9169993
0.217145,5.9169993
0.21714999,5.9169993
0.217155,5.9169993
0.21716,5.9169993
0.217165,5.9169993
0.21717,5.9169993
0.21717499,5.9169993
0.21718,5.9169993
0.21718499,5.9169993
0.21719,5.9169993
0.21719499,5.9169993
0.2172,5.9169993
0.21720499,5.9169993
0.21721,5.9169993
0.217215,5.9169993
0.21722,5.9169993
0.217225,5.9169993
0.21722999,5.9169993
0.217235,5.9169993
0.21723999,5.9169993
0.217245,5.9169993
0.21724999,5.9169993
0.217255,5.9169993
0.21725999,5.9169993
0.217265,5.9169993
0.21727,5.9169993
0.217275,5.9169993
0.21728,5.9169993
0.21728499,5.9169993
0.21729,5.9169993
0.21729499,5.9169993
0.2173,5.9169993
0.21730499,5.9169993
0.21731,5.9169993
0.21731499,5.9169993
0.21732,5.9169993
0.217325,5.9169993
0.21733,5.9169993
0.217335,5.9169993
0.21733999,5.9169993
0.217345,5.9169993
0.21734999,5.9169993
0.217355,5.9169993
0.21735999,5.9169993
0.217365,5.9169993
0.21736999,5.9169993
0.217375,5.9169993
0.21737999,5.9169993
0.217385,5.9169993
0.21739,5.9169993
0.217395,5.9169993
0.2174,5.9169993
0.21740499,5.9169993
0.21741,5.9169993
0.21741499,5.9169993
0.21742,5.9169993
0.21742499,5.9169993
0.21743,5.9169993
0.21743499,5.9169993
0.21744,5.9169993
0.217445,5.9169993
0.21745,5.9169993
0.217455,5.9169993
0.21745999,5.9169993
0.217465,5.9169993
0.21746999,5.9169993
0.217475,5.9169993
0.21747999,5.9169993
0.217485,5.9169993
0.21748999,5.9169993
0.217495,5.9169993
0.2175,5.9169993
0.217505,5.9169993
0.21751,5.9169993
0.21751499,5.9169993
0.21752,5.9169993
0.21752499,5.9169993
0.21753,5.9169993
0.21753499,5.9169993
0.21754,5.9169993
0.21754499,5.9169993
0.21755,5.9169993
0.217555,5.9169993
0.21756,5.9169993
0.217565,5.9169993
0.21756999,5.9169993
0.217575,5.9169993
0.21757999,5.9169993
0.217585,5.9169993
0.21758999,5.9169993
0.217595,5.9169993
0.21759999,5.9169993
0.217605,5.9169993
0.21761,5.9169993
0.217615,5.9169993
0.21762,5.9169993
0.21762499,5.9169993
0.21763,5.9169993
0.21763499,5.9169993
0.21764,5.9169993
0.21764499,5.9169993
0.21765,5.9169993
0.21765499,5.9169993
0.21766,5.9169993
0.217665,5.9169993
0.21767,5.9169993
0.217675,5.9169993
0.21767999,5.9169993
0.217685,5.9169993
0.21768999,5.9169993
0.217695,5.9169993
0.21769999,5.9169993
0.217705,5.9169993
0.21770999,5.9169993
0.217715,5.9169993
0.21772,5.9169993
0.217725,5.9169993
0.21773,5.9169993
0.21773499,5.9169993
0.21774,5.9169993
0.21774499,5.9169993
0.21775,5.9169993
0.21775499,5.9169993
0.21776,5.9169993
0.21776499,5.9169993
0.21777,5.9169993
0.21777499,5.9169993
0.21778,5.9169993
0.217785,5.9169993
0.21779,5.9169993
0.217795,5.9169993
0.21779999,5.9169993
0.217805,5.9169993
0.21780999,5.9169993
0.217815,5.9169993
0.21781999,5.9169993
0.217825,5.9169993
0.21782999,5.9169993
0.217835,5.9169993
0.21784,5.9169993
0.217845,5.9169993
0.21785,5.9169993
0.21785499,5.9169993
0.21786,5.9169993
0.21786499,5.9169993
0.21787,5.9169993
0.21787499,5.9169993
0.21788,5.9169993
0.21788499,5.9169993
0.21789,5.9169993
0.217895,5.9169993
0.2179,5.9169993
0.217905,5.9169993
0.21790999,5.9169993
0.217915,5.9169993
0.21791999,5.9169993
0.217925,5.9169993
0.21792999,5.9169993
0.217935,5.9169993
0.21793999,5.9169993
0.217945,5.9169993
0.21795,5.9169993
0.217955,5.9169993
0.21796,5.9169993
0.21796499,5.9169993
0.21797,5.9169993
0.21797499,5.9169993
0.21798,5.9169993
0.21798499,5.9169993
0.21799,5.9169993
0.21799499,5.9169993
0.218,5.9169993
0.218005,5.9169993
0.21801,5.9169993
0.218015,5.9169993
0.21801999,5.9169993
0.218025,5.9169993
0.21802999,5.9169993
0.218035,5.9169993
0.21803999,5.9169993
0.218045,5.9169993
0.21804999,5.9169993
0.218055,5.9169993
0.21806,5.9169993
0.218065,5.9169993
0.21807,5.9169993
0.21807499,5.9169993
0.21808,5.9169993
0.21808499,5.9169993
0.21809,5.9169993
0.21809499,5.9169993
0.2181,5.9169993
0.21810499,5.9169993
0.21811,5.9169993
0.218115,5.9169993
0.21812,5.9169993
0.218125,5.9169993
0.21812999,5.9169993
0.218135,5.9169993
0.21813999,5.9169993
0.218145,5.9169993
0.21814999,5.9169993
0.218155,5.9169993
0.21815999,5.9169993
0.218165,5.9169993
0.21816999,5.9169993
0.218175,5.9169993
0.21818,5.9169993
0.218185,5.9169993
0.21819,5.9169993
0.21819499,5.9169993
0.2182,5.9169993
0.21820499,5.9169993
0.21821,5.9169993
0.21821499,5.9169993
0.21822,5.9169993
0.21822499,5.9169993
0.21823,5.9169993
0.218235,5.9169993
0.21824,5.9169993
0.218245,5.9169993
0.21824999,5.9169993
0.218255,5.9169993
0.21825999,5.9169993
0.218265,5.9169993
0.21826999,5.9169993
0.218275,5.9169993
0.21827999,5.9169993
0.218285,5.9169993
0.21829,5.9169993
0.218295,5.9169993
0.2183,5.9169993
0.21830499,5.9169993
0.21831,5.9169993
0.21831499,5.9169993
0.21832,5.9169993
0.21832499,5.9169993
0.21833,5.9169993
0.21833499,5.9169993
0.21834,5.9169993
0.218345,5.9169993
0.21835,5.9169993
0.218355,5.9169993
0.21835999,5.9169993
0.218365,5.9169993
0.21836999,5.9169993
0.218375,5.9169993
0.21837999,5.9169993
0.218385,5.9169993
0.21838999,5.9169993
0.218395,5.9169993
0.2184,5.9169993
0.218405,5.9169993
0.21841,5.9169993
0.21841499,5.9169993
0.21842,5.9169993
0.21842499,5.9169993
0.21843,5.9169993
0.21843499,5.9169993
0.21844,5.9169993
0.21844499,5.9169993
0.21845,5.9169993
0.218455,5.9169993
0.21846,5.9169993
0.218465,5.9169993
0.21846999,5.9169993
0.218475,5.9169993
0.21847999,5.9169993
0.218485,5.9169993
0.21848999,5.9169993
0.218495,5.9169993
0.21849999,5.9169993
0.218505,5.9169993
0.21851,5.9169993
0.218515,5.9169993
0.21852,5.9169993
0.21852499,5.9169993
0.21853,5.9169993
0.21853499,5.9169993
0.21854,5.9169993
0.21854499,5.9169993
0.21855,5.9169993
0.21855499,5.9169993
0.21856,5.9169993
0.21856499,5.9169993
0.21857,5.9169993
0.218575,5.9169993
0.21858,5.9169993
0.218585,5.9169993
0.21858999,5.9169993
0.218595,5.9169993
0.21859999,5.9169993
0.218605,5.9169993
0.21860999,5.9169993
0.218615,5.9169993
0.21861999,5.9169993
0.218625,5.9169993
0.21863,5.9169993
0.218635,5.9169993
0.21864,5.9169993
0.21864499,5.9169993
0.21865,5.9169993
0.21865499,5.9169993
0.21866,5.9169993
0.21866499,5.9169993
0.21867,5.9169993
0.21867499,5.9169993
0.21868,5.9169993
0.218685,5.9169993
0.21869,5.9169993
0.218695,5.9169993
0.21869999,5.9169993
0.218705,5.9169993
0.21870999,5.9169993
0.218715,5.9169993
0.21871999,5.9169993
0.218725,5.9169993
0.21872999,5.9169993
0.218735,5.9169993
0.21874,5.9169993
0.218745,5.9169993
0.21875,5.9169993
0.21875499,5.9169993
0.21876,5.9169993
0.21876499,5.9169993
0.21877,5.9169993
0.21877499,5.9169993
0.21878,5.9169993
0.21878499,5.9169993
0.21879,5.9169993
0.218795,5.9169993
0.2188,5.9169993
0.218805,5.9169993
0.21880999,5.9169993
0.218815,5.9169993
0.21881999,5.9169993
0.218825,5.9169993
0.21882999,5.9169993
0.218835,5.9169993
0.21883999,5.9169993
0.218845,5.9169993
0.21885,5.9169993
0.218855,5.9169993
0.21886,5.9169993
0.21886499,5.9169993
0.21887,5.9169993
0.21887499,5.9169993
0.21888,5.9169993
0.21888499,5.9169993
0.21889,5.9169993
0.21889499,5.9169993
0.2189,5.9169993
0.218905,5.9169993
0.21891,5.9169993
0.218915,5.9169993
0.21891999,5.9169993
0.218925,5.9169993
0.21892999,5.9169993
0.218935,5.9169993
0.21893999,5.9169993
0.218945,5.9169993
0.21894999,5.9169993
0.218955,5.9169993
0.21895999,5.9169993
0.218965,5.9169993
0.21897,5.9169993
0.218975,5.9169993
0.21898,5.9169993
0.21898499,5.9169993
0.21899,5.9169993
0.21899499,5.9169993
0.219,5.9169993
0.21900499,5.9169993
0.21901,5.9169993
0.21901499,5.9169993
0.21902,5.9169993
0.219025,5.9169993
0.21903,5.9169993
0.219035,5.9169993
0.21903999,5.9169993
0.219045,5.9169993
0.21904999,5.9169993
0.219055,5.9169993
0.21905999,5.9169993
0.219065,5.9169993
0.21906999,5.9169993
0.219075,5.9169993
0.21908,5.9169993
0.219085,5.9169993
0.21909,5.9169993
0.21909499,5.9169993
0.2191,5.9169993
0.21910499,5.9169993
0.21911,5.9169993
0.21911499,5.9169993
0.21912,5.9169993
0.21912499,5.9169993
0.21913,5.9169993
0.219135,5.9169993
0.21914,5.9169993
0.219145,5.9169993
0.21914999,5.9169993
0.219155,5.9169993
0.21915999,5.9169993
0.219165,5.9169993
0.21916999,5.9169993
0.219175,5.9169993
0.21917999,5.9169993
0.219185,5.9169993
0.21919,5.9169993
0.219195,5.9169993
0.2192,5.9169993
0.21920499,5.9169993
0.21921,5.9169993
0.21921499,5.9169993
0.21922,5.9169993
0.21922499,5.9169993
0.21923,5.9169993
0.21923499,5.9169993
0.21924,5.9169993
0.219245,5.9169993
0.21925,5.9169993
0.219255,5.9169993
0.21925999,5.9169993
0.219265,5.9169993
0.21926999,5.9169993
0.219275,5.9169993
0.21927999,5.9169993
0.219285,5.9169993
0.21928999,5.9169993
0.219295,5.9169993
0.2193,5.9169993
0.219305,5.9169993
0.21931,5.9169993
0.21931499,5.9169993
0.21932,5.9169993
0.21932499,5.9169993
0.21933,5.9169993
0.21933499,5.9169993
0.21934,5.9169993
0.21934499,5.9169993
0.21935,5.9169993
0.21935499,5.9169993
0.21936,5.9169993
0.219365,5.9169993
0.21937,5.9169993
0.219375,5.9169993
0.21937999,5.9169993
0.219385,5.9169993
0.21938999,5.9169993
0.219395,5.9169993
0.21939999,5.9169993
0.219405,5.9169993
0.21940999,5.9169993
0.219415,5.9169993
0.21942,5.9169993
0.219425,5.9169993
0.21943,5.9169993
0.21943499,5.9169993
0.21944,5.9169993
0.21944499,5.9169993
0.21945,5.9169993
0.21945499,5.9169993
0.21946,5.9169993
0.21946499,5.9169993
0.21947,5.9169993
0.219475,5.9169993
0.21948,5.9169993
0.219485,5.9169993
0.21948999,5.9169993
0.219495,5.9169993
0.21949999,5.9169993
0.219505,5.9169993
0.21950999,5.9169993
0.219515,5.9169993
0.21951999,5.9169993
0.219525,5.9169993
0.21953,5.9169993
0.219535,5.9169993
0.21954,5.9169993
0.21954499,5.9169993
0.21955,5.9169993
0.21955499,5.9169993
0.21956,5.9169993
0.21956499,5.9169993
0.21957,5.9169993
0.21957499,5.9169993
0.21958,5.9169993
0.219585,5.9169993
0.21959,5.9169993
0.219595,5.9169993
0.21959999,5.9169993
0.219605,5.9169993
0.21960999,5.9169993
0.219615,5.9169993
0.21961999,5.9169993
0.219625,5.9169993
0.21962999,5.9169993
0.219635,5.9169993
0.21964,5.9169993
0.219645,5.9169993
0.21965,5.9169993
0.21965499,5.9169993
0.21966,5.9169993
0.21966499,5.9169993
0.21967,5.9169993
0.21967499,5.9169993
0.21968,5.9169993
0.21968499,5.9169993
0.21969,5.9169993
0.219695,5.9169993
0.2197,5.9169993
0.219705,5.9169993
0.21970999,5.9169993
0.219715,5.9169993
0.21971999,5.9169993
0.219725,5.9169993
0.21972999,5.9169993
0.219735,5.9169993
0.21973999,5.9169993
0.219745,5.9169993
0.21974999,5.9169993
0.219755,5.9169993
0.21976,5.9169993
0.219765,5.9169993
0.21977,5.9169993
0.21977499,5.9169993
0.21978,5.9169993
0.21978499,5.9169993
0.21979,5.9169993
0.21979499,5.9169993
0.2198,5.9169993
0.21980499,5.9169993
0.21981,5.9169993
0.219815,5.9169993
0.21982,5.9169993
0.219825,5.9169993
0.21982999,5.9169993
0.219835,5.9169993
0.21983999,5.9169993
0.219845,5.9169993
0.21984999,5.9169993
0.219855,5.9169993
0.21985999,5.9169993
0.219865,5.9169993
0.21987,5.9169993
0.219875,5.9169993
0.21988,5.9169993
0.21988499,5.9169993
0.21989,5.9169993
0.21989499,5.9169993
0.2199,5.9169993
0.21990499,5.9169993
0.21991,5.9169993
0.21991499,5.9169993
0.21992,5.9169993
0.219925,5.9169993
0.21993,5.9169993
0.219935,5.9169993
0.21993999,5.9169993
0.219945,5.9169993
0.21994999,5.9169993
0.219955,5.9169993
0.21995999,5.9169993
0.219965,5.9169993
0.21996999,5.9169993
0.219975,5.9169993
0.21998,5.9169993
0.219985,5.9169993
0.21999,5.9169993
0.21999499,5.9169993
0.22,5.9169993
0.22000499,5.9169993
0.22001,5.9169993
0.22001499,5.9169993
0.22002,5.9169993
0.22002499,5.9169993
0.22003,5.9169993
0.220035,5.9169993
0.22004,5.9169993
0.220045,5.9169993
0.22004999,5.9169993
0.220055,5.9169993
0.22005999,5.9169993
0.220065,5.9169993
0.22006999,5.9169993
0.220075,5.9169993
0.22007999,5.9169993
0.220085,5.9169993
0.22009,5.9169993
0.220095,5.9169993
0.2201,5.9169993
0.22010499,5.9169993
0.22011,5.9169993
0.22011499,5.9169993
0.22012,5.9169993
0.22012499,5.9169993
0.22013,5.9169993
0.22013499,5.9169993
0.22014,5.9169993
0.22014499,5.9169993
0.22015,5.9169993
0.220155,5.9169993
0.22016,5.9169993
0.220165,5.9169993
0.22016999,5.9169993
0.220175,5.9169993
0.22017999,5.9169993
0.220185,5.9169993
0.22018999,5.9169993
0.220195,5.9169993
0.22019999,5.9169993
0.220205,5.9169993
0.22021,5.9169993
0.220215,5.9169993
0.22022,5.9169993
0.22022499,5.9169993
0.22023,5.9169993
0.22023499,5.9169993
0.22024,5.9169993
0.22024499,5.9169993
0.22025,5.9169993
0.22025499,5.9169993
0.22026,5.9169993
0.220265,5.9169993
0.22027,5.9169993
0.220275,5.9169993
0.22027999,5.9169993
0.220285,5.9169993
0.22028999,5.9169993
0.220295,5.9169993
0.22029999,5.9169993
0.220305,5.9169993
0.22030999,5.9169993
0.220315,5.9169993
0.22032,5.9169993
0.220325,5.9169993
0.22033,5.9169993
0.22033499,5.9169993
0.22034,5.9169993
0.22034499,5.9169993
0.22035,5.9169993
0.22035499,5.9169993
0.22036,5.9169993
0.22036499,5.9169993
0.22037,5.9169993
0.220375,5.9169993
0.22038,5.9169993
0.220385,5.9169993
0.22038999,5.9169993
0.220395,5.9169993
0.22039999,5.9169993
0.220405,5.9169993
0.22040999,5.9169993
0.220415,5.9169993
0.22041999,5.9169993
0.220425,5.9169993
0.22043,5.9169993
0.220435,5.9169993
0.22044,5.9169993
0.22044499,5.9169993
0.22045,5.9169993
0.22045499,5.9169993
0.22046,5.9169993
0.22046499,5.9169993
0.22047,5.9169993
0.22047499,5.9169993
0.22048,5.9169993
0.220485,5.9169993
0.22049,5.9169993
0.220495,5.9169993
0.22049999,5.9169993
0.220505,5.9169993
0.22050999,5.9169993
0.220515,5.9169993
0.22051999,5.9169993
0.220525,5.9169993
0.22052999,5.9169993
0.220535,5.9169993
0.22053999,5.9169993
0.220545,5.9169993
0.22055,5.9169993
0.220555,5.9169993
0.22056,5.9169993
0.22056499,5.9169993
0.22057,5.9169993
0.22057499,5.9169993
0.22058,5.9169993
0.22058499,5.9169993
0.22059,5.9169993
0.22059499,5.9169993
0.2206,5.9169993
0.220605,5.9169993
0.22061,5.9169993
0.220615,5.9169993
0.22061999,5.9169993
0.220625,5.9169993
0.22062999,5.9169993
0.220635,5.9169993
0.22063999,5.9169993
0.220645,5.9169993
0.22064999,5.9169993
0.220655,5.9169993
0.22066,5.9169993
0.220665,5.9169993
0.22067,5.9169993
0.22067499,5.9169993
0.22068,5.9169993
0.22068499,5.9169993
0.22069,5.9169993
0.22069499,5.9169993
0.2207,5.9169993
0.22070499,5.9169993
0.22071,5.9169993
0.220715,5.9169993
0.22072,5.9169993
0.220725,5.9169993
0.22072999,5.9169993
0.220735,5.9169993
0.22073999,5.9169993
0.220745,5.9169993
0.22074999,5.9169993
0.220755,5.9169993
0.22075999,5.9169993
0.220765,5.9169993
0.22077,5.9169993
0.220775,5.9169993
0.22078,5.9169993
0.22078499,5.9169993
0.22079,5.9169993
0.22079499,5.9169993
0.2208,5.9169993
0.22080499,5.9169993
0.22081,5.9169993
0.22081499,5.9169993
0.22082,5.9169993
0.220825,5.9169993
0.22083,5.9169993
0.220835,5.9169993
0.22083999,5.9169993
0.220845,5.9169993
0.22084999,5.9169993
0.220855,5.9169993
0.22085999,5.9169993
0.220865,5.9169993
0.22086999,5.9169993
0.220875,5.9169993
0.22088,5.9169993
0.220885,5.9169993
0.22089,5.9169993
0.22089499,5.9169993
0.2209,5.9169993
0.22090499,5.9169993
0.22091,5.9169993
0.22091499,5.9169993
0.22092,5.9169993
0.22092499,5.9169993
0.22093,5.9169993
0.22093499,5.9169993
0.22094,5.9169993
0.220945,5.9169993
0.22094999,5.9169993
0.220955,5.9169993
0.22095999,5.9169993
0.220965,5.9169993
0.22096999,5.9169993
0.220975,5.9169993
0.22097999,5.9169993
0.220985,5.9169993
0.22098999,5.9169993
0.220995,5.9169993
0.221,5.9169993
0.221005,5.9169993
0.22101,5.9169993
0.22101499,5.9169993
0.22102,5.9169993
0.22102499,5.9169993
0.22103,5.9169993
0.22103499,5.9169993
0.22104,5.9169993
0.22104499,5.9169993
0.22105,5.9169993
0.221055,5.9169993
0.22106,5.9169993
0.221065,5.9169993
0.22106999,5.9169993
0.221075,5.9169993
0.22107999,5.9169993
0.221085,5.9169993
0.22108999,5.9169993
0.221095,5.9169993
0.22109999,5.9169993
0.221105,5.9169993
0.22111,5.9169993
0.221115,5.9169993
0.22112,5.9169993
0.22112499,5.9169993
0.22113,5.9169993
0.22113499,5.9169993
0.22114,5.9169993
0.22114499,5.9169993
0.22115,5.9169993
0.22115499,5.9169993
0.22116,5.9169993
0.221165,5.9169993
0.22117,5.9169993
0.221175,5.9169993
0.22117999,5.9169993
0.221185,5.9169993
0.22118999,5.9169993
0.221195,5.9169993
0.22119999,5.9169993
0.221205,5.9169993
0.22120999,5.9169993
0.221215,5.9169993
0.22122,5.9169993
0.221225,5.9169993
0.22123,5.9169993
0.22123499,5.9169993
0.22124,5.9169993
0.22124499,5.9169993
0.22125,5.9169993
0.22125499,5.9169993
0.22126,5.9169993
0.22126499,5.9169993
0.22127,5.9169993
0.221275,5.9169993
0.22128,5.9169993
0.221285,5.9169993
0.22128999,5.9169993
0.221295,5.9169993
0.22129999,5.9169993
0.221305,5.9169993
0.22130999,5.9169993
0.221315,5.9169993
0.22131999,5.9169993
0.221325,5.9169993
0.22132999,5.9169993
0.221335,5.9169993
0.22134,5.9169993
0.22134499,5.9169993
0.22135,5.9169993
0.22135499,5.9169993
0.22136,5.9169993
0.22136499,5.9169993
0.22137,5.9169993
0.22137499,5.9169993
0.22138,5.9169993
0.22138499,5.9169993
0.22139,5.9169993
0.221395,5.9169993
0.2214,5.9169993
0.221405,5.9169993
0.22140999,5.9169993
0.221415,5.9169993
0.22141999,5.9169993
0.221425,5.9169993
0.22142999,5.9169993
0.221435,5.9169993
0.22143999,5.9169993
0.221445,5.9169993
0.22145,5.9169993
0.221455,5.9169993
0.22146,5.9169993
0.22146499,5.9169993
0.22147,5.9169993
0.22147499,5.9169993
0.22148,5.9169993
0.22148499,5.9169993
0.22149,5.9169993
0.22149499,5.9169993
0.2215,5.9169993
0.221505,5.9169993
0.22151,5.9169993
0.221515,5.9169993
0.22151999,5.9169993
0.221525,5.9169993
0.22152999,5.9169993
0.221535,5.9169993
0.22153999,5.9169993
0.221545,5.9169993
0.22154999,5.9169993
0.221555,5.9169993
0.22156,5.9169993
0.221565,5.9169993
0.22157,5.9169993
0.22157499,5.9169993
0.22158,5.9169993
0.22158499,5.9169993
0.22159,5.9169993
0.22159499,5.9169993
0.2216,5.9169993
0.22160499,5.9169993
0.22161,5.9169993
0.221615,5.9169993
0.22162,5.9169993
0.221625,5.9169993
0.22162999,5.9169993
0.221635,5.9169993
0.22163999,5.9169993
0.221645,5.9169993
0.22164999,5.9169993
0.221655,5.9169993
0.22165999,5.9169993
0.221665,5.9169993
0.22167,5.9169993
0.221675,5.9169993
0.22168,5.9169993
0.22168499,5.9169993
0.22169,5.9169993
0.22169499,5.9169993
0.2217,5.9169993
0.22170499,5.9169993
0.22171,5.9169993
0.22171499,5.9169993
0.22172,5.9169993
0.22172499,5.9169993
0.22173,5.9169993
0.221735,5.9169993
0.22173999,5.9169993
0.221745,5.9169993
0.22174999,5.9169993
0.221755,5.9169993
0.22175999,5.9169993
0.221765,5.9169993
0.22176999,5.9169993
0.221775,5.9169993
0.22177999,5.9169993
0.221785,5.9169993
0.22179,5.9169993
0.221795,5.9169993
0.2218,5.9169993
0.22180499,5.9169993
0.22181,5.9169993
0.22181499,5.9169993
0.22182,5.9169993
0.22182499,5.9169993
0.22183,5.9169993
0.22183499,5.9169993
0.22184,5.9169993
0.221845,5.9169993
0.22185,5.9169993
0.221855,5.9169993
0.22185999,5.9169993
0.221865,5.9169993
0.22186999,5.9169993
0.221875,5.9169993
0.22187999,5.9169993
0.221885,5.9169993
0.22188999,5.9169993
0.221895,5.9169993
0.2219,5.9169993
0.221905,5.9169993
0.22191,5.9169993
0.22191499,5.9169993
0.22192,5.9169993
0.22192499,5.9169993
0.22193,5.9169993
0.22193499,5.9169993
0.22194,5.9169993
0.22194499,5.9169993
0.22195,5.9169993
0.221955,5.9169993
0.22196,5.9169993
0.221965,5.9169993
0.22196999,5.9169993
0.221975,5.9169993
0.22197999,5.9169993
0.221985,5.9169993
0.22198999,5.9169993
0.221995,5.9169993
0.22199999,5.9169993
0.222005,5.9169993
0.22201,5.9169993
0.222015,5.9169993
0.22202,5.9169993
0.22202499,5.9169993
0.22203,5.9169993
0.22203499,5.9169993
0.22204,5.9169993
0.22204499,5.9169993
0.22205,5.9169993
0.22205499,5.9169993
0.22206,5.9169993
0.222065,5.9169993
0.22207,5.9169993
0.222075,5.9169993
0.22207999,5.9169993
0.222085,5.9169993
0.22208999,5.9169993
0.222095,5.9169993
0.22209999,5.9169993
0.222105,5.9169993
0.22210999,5.9169993
0.222115,5.9169993
0.22211999,5.9169993
0.222125,5.9169993
0.22213,5.9169993
0.22213499,5.9169993
0.22214,5.9169993
0.22214499,5.9169993
0.22215,5.9169993
0.22215499,5.9169993
0.22216,5.9169993
0.22216499,5.9169993
0.22217,5.9169993
0.22217499,5.9169993
0.22218,5.9169993
0.222185,5.9169993
0.22219,5.9169993
0.222195,5.9169993
0.22219999,5.9169993
0.222205,5.9169993
0.22220999,5.9169993
0.222215,5.9169993
0.22221999,5.9169993
0.222225,5.9169993
0.22222999,5.9169993
0.222235,5.9169993
0.22224,5.9169993
0.222245,5.9169993
0.22225,5.9169993
0.22225499,5.9169993
0.22226,5.9169993
0.22226499,5.9169993
0.22227,5.9169993
0.22227499,5.9169993
0.22228,5.9169993
0.22228499,5.9169993
0.22229,5.9169993
0.222295,5.9169993
0.2223,5.9169993
0.222305,5.9169993
0.22230999,5.9169993
0.222315,5.9169993
0.22231999,5.9169993
0.222325,5.9169993
0.22232999,5.9169993
0.222335,5.9169993
0.22233999,5.9169993
0.222345,5.9169993
0.22235,5.9169993
0.222355,5.9169993
0.22236,5.9169993
0.22236499,5.9169993
0.22237,5.9169993
0.22237499,5.9169993
0.22238,5.9169993
0.22238499,5.9169993
0.22239,5.9169993
0.22239499,5.9169993
0.2224,5.9169993
0.222405,5.9169993
0.22241,5.9169993
0.222415,5.9169993
0.22241999,5.9169993
0.222425,5.9169993
0.22242999,5.9169993
0.222435,5.9169993
0.22243999,5.9169993
0.222445,5.9169993
0.22244999,5.9169993
0.222455,5.9169993
0.22246,5.9169993
0.222465,5.9169993
0.22247,5.9169993
0.22247499,5.9169993
0.22248,5.9169993
0.22248499,5.9169993
0.22249,5.9169993
0.22249499,5.9169993
0.2225,5.9169993
0.22250499,5.9169993
0.22251,5.9169993
0.22251499,5.9169993
0.22252,5.9169993
0.222525,5.9169993
0.22252999,5.9169993
0.222535,5.9169993
0.22253999,5.9169993
0.222545,5.9169993
0.22254999,5.9169993
0.222555,5.9169993
0.22255999,5.9169993
0.222565,5.9169993
0.22256999,5.9169993
0.222575,5.9169993
0.22258,5.9169993
0.222585,5.9169993
0.22259,5.9169993
0.22259499,5.9169993
0.2226,5.9169993
0.22260499,5.9169993
0.22261,5.9169993
0.22261499,5.9169993
0.22262,5.9169993
0.22262499,5.9169993
0.22263,5.9169993
0.222635,5.9169993
0.22264,5.9169993
0.222645,5.9169993
0.22264999,5.9169993
0.222655,5.9169993
0.22265999,5.9169993
0.222665,5.9169993
0.22266999,5.9169993
0.222675,5.9169993
0.22267999,5.9169993
0.222685,5.9169993
0.22269,5.9169993
0.222695,5.9169993
0.2227,5.9169993
0.22270499,5.9169993
0.22271,5.9169993
0.22271499,5.9169993
0.22272,5.9169993
0.22272499,5.9169993
0.22273,5.9169993
0.22273499,5.9169993
0.22274,5.9169993
0.222745,5.9169993
0.22275,5.9169993
0.222755,5.9169993
0.22275999,5.9169993
0.222765,5.9169993
0.22276999,5.9169993
0.222775,5.9169993
0.22277999,5.9169993
0.222785,5.9169993
0.22278999,5.9169993
0.222795,5.9169993
0.2228,5.9169993
0.222805,5.9169993
0.22281,5.9169993
0.22281499,5.9169993
0.22282,5.9169993
0.22282499,5.9169993
0.22283,5.9169993
0.22283499,5.9169993
0.22284,5.9169993
0.22284499,5.9169993
0.22285,5.9169993
0.222855,5.9169993
0.22286,5.9169993
0.222865,5.9169993
0.22286999,5.9169993
0.222875,5.9169993
0.22287999,5.9169993
0.222885,5.9169993
0.22288999,5.9169993
0.222895,5.9169993
0.22289999,5.9169993
0.222905,5.9169993
0.22290999,5.9169993
0.222915,5.9169993
0.22292,5.9169993
0.22292499,5.9169993
0.22293,5.9169993
0.22293499,5.9169993
0.22294,5.9169993
0.22294499,5.9169993
0.22295,5.9169993
0.22295499,5.9169993
0.22296,5.9169993
0.22296499,5.9169993
0.22297,5.9169993
0.222975,5.9169993
0.22298,5.9169993
0.222985,5.9169993
0.22298999,5.9169993
0.222995,5.9169993
0.22299999,5.9169993
0.223005,5.9169993
0.22300999,5.9169993
0.223015,5.9169993
0.22301999,5.9169993
0.223025,5.9169993
0.22303,5.9169993
0.223035,5.9169993
0.22304,5.9169993
0.22304499,5.9169993
0.22305,5.9169993
0.22305499,5.9169993
0.22306,5.9169993
0.22306499,5.9169993
0.22307,5.9169993
0.22307499,5.9169993
0.22308,5.9169993
0.223085,5.9169993
0.22309,5.9169993
0.223095,5.9169993
0.22309999,5.9169993
0.223105,5.9169993
0.22310999,5.9169993
0.223115,5.9169993
0.22311999,5.9169993
0.223125,5.9169993
0.22312999,5.9169993
0.223135,5.9169993
0.22314,5.9169993
0.223145,5.9169993
0.22315,5.9169993
0.22315499,5.9169993
0.22316,5.9169993
0.22316499,5.9169993
0.22317,5.9169993
0.22317499,5.9169993
0.22318,5.9169993
0.22318499,5.9169993
0.22319,5.9169993
0.223195,5.9169993
0.2232,5.9169993
0.223205,5.9169993
0.22320999,5.9169993
0.223215,5.9169993
0.22321999,5.9169993
0.223225,5.9169993
0.22322999,5.9169993
0.223235,5.9169993
0.22323999,5.9169993
0.223245,5.9169993
0.22325,5.9169993
0.223255,5.9169993
0.22326,5.9169993
0.22326499,5.9169993
0.22327,5.9169993
0.22327499,5.9169993
0.22328,5.9169993
0.22328499,5.9169993
0.22329,5.9169993
0.22329499,5.9169993
0.2233,5.9169993
0.22330499,5.9169993
0.22331,5.9169993
0.223315,5.9169993
0.22331999,5.9169993
0.223325,5.9169993
0.22332999,5.9169993
0.223335,5.9169993
0.22333999,5.9169993
0.223345,5.9169993
0.22334999,5.9169993
0.223355,5.9169993
0.22335999,5.9169993
0.223365,5.9169993
0.22337,5.9169993
0.223375,5.9169993
0.22338,5.9169993
0.22338499,5.9169993
0.22339,5.9169993
0.22339499,5.9169993
0.2234,5.9169993
0.22340499,5.9169993
0.22341,5.9169993
0.22341499,5.9169993
0.22342,5.9169993
0.223425,5.9169993
0.22343,5.9169993
0.223435,5.9169993
0.22343999,5.9169993
0.223445,5.9169993
0.22344999,5.9169993
0.223455,5.9169993
0.22345999,5.9169993
0.223465,5.9169993
0.22346999,5.9169993
0.223475,5.9169993
0.22348,5.9169993
0.223485,5.9169993
0.22349,5.9169993
0.22349499,5.9169993
0.2235,5.9169993
0.22350499,5.9169993
0.22351,5.9169993
0.22351499,5.9169993
0.22352,5.9169993
0.22352499,5.9169993
0.22353,5.9169993
0.223535,5.9169993
0.22354,5.9169993
0.223545,5.9169993
0.22354999,5.9169993
0.223555,5.9169993
0.22355999,5.9169993
0.223565,5.9169993
0.22356999,5.9169993
0.223575,5.9169993
0.22357999,5.9169993
0.223585,5.9169993
0.22359,5.9169993
0.223595,5.9169993
0.2236,5.9169993
0.22360499,5.9169993
0.22361,5.9169993
0.22361499,5.9169993
0.22362,5.9169993
0.22362499,5.9169993
0.22363,5.9169993
0.22363499,5.9169993
0.22364,5.9169993
0.223645,5.9169993
0.22365,5.9169993
0.223655,5.9169993
0.22365999,5.9169993
0.223665,5.9169993
0.22366999,5.9169993
0.223675,5.9169993
0.22367999,5.9169993
0.223685,5.9169993
0.22368999,5.9169993
0.223695,5.9169993
0.22369999,5.9169993
0.223705,5.9169993
0.22371,5.9169993
0.22371499,5.9169993
0.22372,5.9169993
0.22372499,5.9169993
0.22373,5.9169993
0.22373499,5.9169993
0.22374,5.9169993
0.22374499,5.9169993
0.22375,5.9169993
0.22375499,5.9169993
0.22376,5.9169993
0.223765,5.9169993
0.22377,5.9169993
0.223775,5.9169993
0.22377999,5.9169993
0.223785,5.9169993
0.22378999,5.9169993
0.223795,5.9169993
0.22379999,5.9169993
0.223805,5.9169993
0.22380999,5.9169993
0.223815,5.9169993
0.22382,5.9169993
0.223825,5.9169993
0.22383,5.9169993
0.22383499,5.9169993
0.22384,5.9169993
0.22384499,5.9169993
0.22385,5.9169993
0.22385499,5.9169993
0.22386,5.9169993
0.22386499,5.9169993
0.22387,5.9169993
0.223875,5.9169993
0.22388,5.9169993
0.223885,5.9169993
0.22388999,5.9169993
0.223895,5.9169993
0.22389999,5.9169993
0.223905,5.9169993
0.22390999,5.9169993
0.223915,5.9169993
0.22391999,5.9169993
0.223925,5.9169993
0.22393,5.9169993
0.223935,5.9169993
0.22394,5.9169993
0.22394499,5.9169993
0.22395,5.9169993
0.22395499,5.9169993
0.22396,5.9169993
0.22396499,5.9169993
0.22397,5.9169993
0.22397499,5.9169993
0.22398,5.9169993
0.223985,5.9169993
0.22399,5.9169993
0.223995,5.9169993
0.22399999,5.9169993
0.224005,5.9169993
0.22400999,5.9169993
0.224015,5.9169993
0.22401999,5.9169993
0.224025,5.9169993
0.22402999,5.9169993
0.224035,5.9169993
0.22404,5.9169993
0.224045,5.9169993
0.22405,5.9169993
0.22405499,5.9169993
0.22406,5.9169993
0.22406499,5.9169993
0.22407,5.9169993
0.22407499,5.9169993
0.22408,5.9169993
0.22408499,5.9169993
0.22409,5.9169993
0.22409499,5.9169993
0.2241,5.9169993
0.224105,5.9169993
0.22410999,5.9169993
0.224115,5.9169993
0.22411999,5.9169993
0.224125,5.9169993
0.22412999,5.9169993
0.224135,5.9169993
0.22413999,5.9169993
0.224145,5.9169993
0.22414999,5.9169993
0.224155,5.9169993
0.22416,5.9169993
0.224165,5.9169993
0.22417,5.9169993
0.22417499,5.9169993
0.22418,5.9169993
0.22418499,5.9169993
0.22419,5.9169993
0.22419499,5.9169993
0.2242,5.9169993
0.22420499,5.9169993
0.22421,5.9169993
0.224215,5.9169993
0.22422,5.9169993
0.224225,5.9169993
0.22422999,5.9169993
0.224235,5.9169993
0.22423999,5.9169993
0.224245,5.9169993
0.22424999,5.9169993
0.224255,5.9169993
0.22425999,5.9169993
0.224265,5.9169993
0.22427,5.9169993
0.224275,5.9169993
0.22428,5.9169993
0.22428499,5.9169993
0.22429,5.9169993
0.22429499,5.9169993
0.2243,5.9169993
0.22430499,5.9169993
0.22431,5.9169993
0.22431499,5.9169993
0.22432,5.9169993
0.224325,5.9169993
0.22433,5.9169993
0.224335,5.9169993
0.22433999,5.9169993
0.224345,5.9169993
0.22434999,5.9169993
0.224355,5.9169993
0.22435999,5.9169993
0.224365,5.9169993
0.22436999,5.9169993
0.224375,5.9169993
0.22438,5.9169993
0.224385,5.9169993
0.22439,5.9169993
0.22439499,5.9169993
0.2244,5.9169993
0.22440499,5.9169993
0.22441,5.9169993
0.22441499,5.9169993
0.22442,5.9169993
0.22442499,5.9169993
0.22443,5.9169993
0.224435,5.9169993
0.22444,5.9169993
0.224445,5.9169993
0.22444999,5.9169993
0.224455,5.9169993
0.22445999,5.9169993
0.224465,5.9169993
0.22446999,5.9169993
0.224475,5.9169993
0.22447999,5.9169993
0.224485,5.9169993
0.22448999,5.9169993
0.224495,5.9169993
0.2245,5.9169993
0.22450499,5.9169993
0.22451,5.9169993
0.22451499,5.9169993
0.22452,5.9169993
0.22452499,5.9169993
0.22453,5.9169993
0.22453499,5.9169993
0.22454,5.9169993
0.22454499,5.9169993
0.22455,5.9169993
0.224555,5.9169993
0.22456,5.9169993
0.224565,5.9169993
0.22456999,5.9169993
0.224575,5.9169993
0.22457999,5.9169993
0.224585,5.9169993
0.22458999,5.9169993
0.224595,5.9169993
0.22459999,5.9169993
0.224605,5.9169993
0.22461,5.9169993
0.224615,5.9169993
0.22462,5.9169993
0.22462499,5.9169993
0.22463,5.9169993
0.22463499,5.9169993
0.22464,5.9169993
0.22464499,5.9169993
0.22465,5.9169993
0.22465499,5.9169993
0.22466,5.9169993
0.224665,5.9169993
0.22467,5.9169993
0.224675,5.9169993
0.22467999,5.9169993
0.224685,5.9169993
0.22468999,5.9169993
0.224695,5.9169993
0.22469999,5.9169993
0.224705,5.9169993
0.22470999,5.9169993
0.224715,5.9169993
0.22472,5.9169993
0.224725,5.9169993
0.22473,5.9169993
0.22473499,5.9169993
0.22474,5.9169993
0.22474499,5.9169993
0.22475,5.9169993
0.22475499,5.9169993
0.22476,5.9169993
0.22476499,5.9169993
0.22477,5.9169993
0.224775,5.9169993
0.22478,5.9169993
0.224785,5.9169993
0.22478999,5.9169993
0.224795,5.9169993
0.22479999,5.9169993
0.224805,5.9169993
0.22480999,5.9169993
0.224815,5.9169993
0.22481999,5.9169993
0.224825,5.9169993
0.22483,5.9169993
0.224835,5.9169993
0.22484,5.9169993
0.22484499,5.9169993
0.22485,5.9169993
0.22485499,5.9169993
0.22486,5.9169993
0.22486499,5.9169993
0.22487,5.9169993
0.22487499,5.9169993
0.22488,5.9169993
0.22488499,5.9169993
0.22489,5.9169993
0.224895,5.9169993
0.22489999,5.9169993
0.224905,5.9169993
0.22490999,5.9169993
0.224915,5.9169993
0.22491999,5.9169993
0.224925,5.9169993
0.22492999,5.9169993
0.224935,5.9169993
0.22493999,5.9169993
0.224945,5.9169993
0.22495,5.9169993
0.22495499,5.9169993
0.22496,5.9169993
0.22496499,5.9169993
0.22497,5.9169993
0.22497499,5.9169993
0.22498,5.9169993
0.22498499,5.9169993
0.22499,5.9169993
0.22499499,5.9169993
0.225,5.9169993
0.225005,5.9169993
0.22501,5.9169993
0.225015,5.9169993
0.22501999,5.9169993
0.225025,5.9169993
0.22502999,5.9169993
0.225035,5.9169993
0.22503999,5.9169993
0.225045,5.9169993
0.22504999,5.9169993
0.225055,5.9169993
0.22506,5.9169993
0.225065,5.9169993
0.22507,5.9169993
0.22507499,5.9169993
0.22508,5.9169993
0.22508499,5.9169993
0.22509,5.9169993
0.22509499,5.9169993
0.2251,5.9169993
0.22510499,5.9169993
0.22511,5.9169993
0.225115,5.9169993
0.22512,5.9169993
0.225125,5.9169993
0.22512999,5.9169993
0.225135,5.9169993
0.22513999,5.9169993
0.225145,5.9169993
0.22514999,5.9169993
0.225155,5.9169993
0.22515999,5.9169993
0.225165,5.9169993
0.22517,5.9169993
0.225175,5.9169993
0.22518,5.9169993
0.22518499,5.9169993
0.22519,5.9169993
0.22519499,5.9169993
0.2252,5.9169993
0.22520499,5.9169993
0.22521,5.9169993
0.22521499,5.9169993
0.22522,5.9169993
0.225225,5.9169993
0.22523,5.9169993
0.225235,5.9169993
0.22523999,5.9169993
0.225245,5.9169993
0.22524999,5.9169993
0.225255,5.9169993
0.22525999,5.9169993
0.225265,5.9169993
0.22526999,5.9169993
0.225275,5.9169993
0.22527999,5.9169993
0.225285,5.9169993
0.22529,5.9169993
0.22529499,5.9169993
0.2253,5.9169993
0.22530499,5.9169993
0.22531,5.9169993
0.22531499,5.9169993
0.22532,5.9169993
0.22532499,5.9169993
0.22533,5.9169993
0.22533499,5.9169993
0.22534,5.9169993
0.225345,5.9169993
0.22534999,5.9169993
0.225355,5.9169993
0.22535999,5.9169993
0.225365,5.9169993
0.22536999,5.9169993
0.225375,5.9169993
0.22537999,5.9169993
0.225385,5.9169993
0.22538999,5.9169993
0.225395,5.9169993
0.2254,5.9169993
0.225405,5.9169993
0.22541,5.9169993
0.22541499,5.9169993
0.22542,5.9169993
0.22542499,5.9169993
0.22543,5.9169993
0.22543499,5.9169993
0.22544,5.9169993
0.22544499,5.9169993
0.22545,5.9169993
0.225455,5.9169993
0.22546,5.9169993
0.225465,5.9169993
0.22546999,5.9169993
0.225475,5.9169993
0.22547999,5.9169993
0.225485,5.9169993
0.22548999,5.9169993
0.225495,5.9169993
0.22549999,5.9169993
0.225505,5.9169993
0.22551,5.9169993
0.225515,5.9169993
0.22552,5.9169993
0.22552499,5.9169993
0.22553,5.9169993
0.22553499,5.9169993
0.22554,5.9169993
0.22554499,5.9169993
0.22555,5.9169993
0.22555499,5.9169993
0.22556,5.9169993
0.225565,5.9169993
0.22557,5.9169993
0.225575,5.9169993
0.22557999,5.9169993
0.225585,5.9169993
0.22558999,5.9169993
0.225595,5.9169993
0.22559999,5.9169993
0.225605,5.9169993
0.22560999,5.9169993
0.225615,5.9169993
0.22562,5.9169993
0.225625,5.9169993
0.22563,5.9169993
0.22563499,5.9169993
0.22564,5.9169993
0.22564499,5.9169993
0.22565,5.9169993
0.22565499,5.9169993
0.22566,5.9169993
0.22566499,5.9169993
0.22567,5.9169993
0.225675,5.9169993
0.22568,5.9169993
0.225685,5.9169993
0.22568999,5.9169993
0.225695,5.9169993
0.22569999,5.9169993
0.225705,5.9169993
0.22570999,5.9169993
0.225715,5.9169993
0.22571999,5.9169993
0.225725,5.9169993
0.22572999,5.9169993
0.225735,5.9169993
0.22574,5.9169993
0.22574499,5.9169993
0.22575,5.9169993
0.22575499,5.9169993
0.22576,5.9169993
0.22576499,5.9169993
0.22577,5.9169993
0.22577499,5.9169993
0.22578,5.9169993
0.22578499,5.9169993
0.22579,5.9169993
0.225795,5.9169993
0.2258,5.9169993
0.225805,5.9169993
0.22580999,5.9169993
0.225815,5.9169993
0.22581999,5.9169993
0.225825,5.9169993
0.22582999,5.9169993
0.225835,5.9169993
0.22583999,5.9169993
0.225845,5.9169993
0.22585,5.9169993
0.225855,5.9169993
0.22586,5.9169993
0.22586499,5.9169993
0.22587,5.9169993
0.22587499,5.9169993
0.22588,5.9169993
0.22588499,5.9169993
0.22589,5.9169993
0.22589499,5.9169993
0.2259,5.9169993
0.225905,5.9169993
0.22591,5.9169993
0.225915,5.9169993
0.22591999,5.9169993
0.225925,5.9169993
0.22592999,5.9169993
0.225935,5.9169993
0.22593999,5.9169993
0.225945,5.9169993
0.22594999,5.9169993
0.225955,5.9169993
0.22596,5.9169993
0.225965,5.9169993
0.22597,5.9169993
0.22597499,5.9169993
0.22598,5.9169993
0.22598499,5.9169993
0.22599,5.9169993
0.22599499,5.9169993
0.226,5.9169993
0.22600499,5.9169993
0.22601,5.9169993
0.226015,5.9169993
0.22602,5.9169993
0.226025,5.9169993
0.22602999,5.9169993
0.226035,5.9169993
0.22603999,5.9169993
0.226045,5.9169993
0.22604999,5.9169993
0.226055,5.9169993
0.22605999,5.9169993
0.226065,5.9169993
0.22607,5.9169993
0.226075,5.9169993
0.22608,5.9169993
0.22608499,5.9169993
0.22609,5.9169993
0.22609499,5.9169993
0.2261,5.9169993
0.22610499,5.9169993
0.22611,5.9169993
0.22611499,5.9169993
0.22612,5.9169993
0.22612499,5.9169993
0.22613,5.9169993
0.226135,5.9169993
0.22613999,5.9169993
0.226145,5.9169993
0.22614999,5.9169993
0.226155,5.9169993
0.22615999,5.9169993
0.226165,5.9169993
0.22616999,5.9169993
0.226175,5.9169993
0.22617999,5.9169993
0.226185,5.9169993
0.22619,5.9169993
0.226195,5.9169993
0.2262,5.9169993
0.22620499,5.9169993
0.22621,5.9169993
0.22621499,5.9169993
0.22622,5.9169993
0.22622499,5.9169993
0.22623,5.9169993
0.22623499,5.9169993
0.22624,5.9169993
0.226245,5.9169993
0.22625,5.9169993
0.226255,5.9169993
0.22625999,5.9169993
0.226265,5.9169993
0.22626999,5.9169993
0.226275,5.9169993
0.22627999,5.9169993
0.226285,5.9169993
0.22628999,5.9169993
0.226295,5.9169993
0.2263,5.9169993
0.226305,5.9169993
0.22631,5.9169993
0.22631499,5.9169993
0.22632,5.9169993
0.22632499,5.9169993
0.22633,5.9169993
0.22633499,5.9169993
0.22634,5.9169993
0.22634499,5.9169993
0.22635,5.9169993
0.226355,5.9169993
0.22636,5.9169993
0.226365,5.9169993
0.22636999,5.9169993
0.226375,5.9169993
0.22637999,5.9169993
0.226385,5.9169993
0.22638999,5.9169993
0.226395,5.9169993
0.22639999,5.9169993
0.226405,5.9169993
0.22641,5.9169993
0.226415,5.9169993
0.22642,5.9169993
0.22642499,5.9169993
0.22643,5.9169993
0.22643499,5.9169993
0.22644,5.9169993
0.22644499,5.9169993
0.22645,5.9169993
0.22645499,5.9169993
0.22646,5.9169993
0.226465,5.9169993
0.22647,5.9169993
0.226475,5.9169993
0.22647999,5.9169993
0.226485,5.9169993
0.22648999,5.9169993
0.226495,5.9169993
0.22649999,5.9169993
0.226505,5.9169993
0.22650999,5.9169993
0.226515,5.9169993
0.22651999,5.9169993
0.226525,5.9169993
0.22653,5.9169993
0.22653499,5.9169993
0.22654,5.9169993
0.22654499,5.9169993
0.22655,5.9169993
0.22655499,5.9169993
0.22656,5.9169993
0.22656499,5.9169993
0.22657,5.9169993
0.22657499,5.9169993
0.22658,5.9169993
0.226585,5.9169993
0.22659,5.9169993
0.226595,5.9169993
0.22659999,5.9169993
0.226605,5.9169993
0.22660999,5.9169993
0.226615,5.9169993
0.22661999,5.9169993
0.226625,5.9169993
0.22662999,5.9169993
0.226635,5.9169993
0.22664,5.9169993
0.226645,5.9169993
0.22665,5.9169993
0.22665499,5.9169993
0.22666,5.9169993
0.22666499,5.9169993
0.22667,5.9169993
0.22667499,5.9169993
0.22668,5.9169993
0.22668499,5.9169993
0.22669,5.9169993
0.226695,5.9169993
0.2267,5.9169993
0.226705,5.9169993
0.22670999,5.9169993
0.226715,5.9169993
0.22671999,5.9169993
0.226725,5.9169993
0.22672999,5.9169993
0.226735,5.9169993
0.22673999,5.9169993
0.226745,5.9169993
0.22675,5.9169993
0.226755,5.9169993
0.22676,5.9169993
0.22676499,5.9169993
0.22677,5.9169993
0.22677499,5.9169993
0.22678,5.9169993
0.22678499,5.9169993
0.22679,5.9169993
0.22679499,5.9169993
0.2268,5.9169993
0.226805,5.9169993
0.22681,5.9169993
0.226815,5.9169993
0.22681999,5.9169993
0.226825,5.9169993
0.22682999,5.9169993
0.226835,5.9169993
0.22683999,5.9169993
0.226845,5.9169993
0.22684999,5.9169993
0.226855,5.9169993
0.22686,5.9169993
0.226865,5.9169993
0.22687,5.9169993
0.22687499,5.9169993
0.22688,5.9169993
0.22688499,5.9169993
0.22689,5.9169993
0.22689499,5.9169993
0.2269,5.9169993
0.22690499,5.9169993
0.22691,5.9169993
0.22691499,5.9169993
0.22692,5.9169993
0.226925,5.9169993
0.22692999,5.9169993
0.226935,5.9169993
0.22693999,5.9169993
0.226945,5.9169993
0.22694999,5.9169993
0.226955,5.9169993
0.22695999,5.9169993
0.226965,5.9169993
0.22696999,5.9169993
0.226975,5.9169993
0.22698,5.9169993
0.226985,5.9169993
0.22699,5.9169993
0.22699499,5.9169993
0.227,5.9169993
0.22700499,5.9169993
0.22701,5.9169993
0.22701499,5.9169993
0.22702,5.9169993
0.22702499,5.9169993
0.22703,5.9169993
0.227035,5.9169993
0.22704,5.9169993
0.227045,5.9169993
0.22704999,5.9169993
0.227055,5.9169993
0.22705999,5.9169993
0.227065,5.9169993
0.22706999,5.9169993
0.227075,5.9169993
0.22707999,5.9169993
0.227085,5.9169993
0.22709,5.9169993
0.227095,5.9169993
0.2271,5.9169993
0.22710499,5.9169993
0.22711,5.9169993
0.22711499,5.9169993
0.22712,5.9169993
0.22712499,5.9169993
0.22713,5.9169993
0.22713499,5.9169993
0.22714,5.9169993
0.227145,5.9169993
0.22715,5.9169993
0.227155,5.9169993
0.22715999,5.9169993
0.227165,5.9169993
0.22716999,5.9169993
0.227175,5.9169993
0.22717999,5.9169993
0.227185,5.9169993
0.22718999,5.9169993
0.227195,5.9169993
0.2272,5.9169993
0.227205,5.9169993
0.22721,5.9169993
0.22721499,5.9169993
0.22722,5.9169993
0.22722499,5.9169993
0.22723,5.9169993
0.22723499,5.9169993
0.22724,5.9169993
0.22724499,5.9169993
0.22725,5.9169993
0.227255,5.9169993
0.22726,5.9169993
0.227265,5.9169993
0.22726999,5.9169993
0.227275,5.9169993
0.22727999,5.9169993
0.227285,5.9169993
0.22728999,5.9169993
0.227295,5.9169993
0.22729999,5.9169993
0.227305,5.9169993
0.22730999,5.9169993
0.227315,5.9169993
0.22732,5.9169993
0.22732499,5.9169993
0.22733,5.9169993
0.22733499,5.9169993
0.22734,5.9169993
0.22734499,5.9169993
0.22735,5.9169993
0.22735499,5.9169993
0.22736,5.9169993
0.22736499,5.9169993
0.22737,5.9169993
0.227375,5.9169993
0.22738,5.9169993
0.227385,5.9169993
0.22738999,5.9169993
0.227395,5.9169993
0.22739999,5.9169993
0.227405,5.9169993
0.22740999,5.9169993
0.227415,5.9169993
0.22741999,5.9169993
0.227425,5.9169993
0.22743,5.9169993
0.227435,5.9169993
0.22744,5.9169993
0.22744499,5.9169993
0.22745,5.9169993
0.22745499,5.9169993
0.22746,5.9169993
0.22746499,5.9169993
0.22747,5.9169993
0.22747499,5.9169993
0.22748,5.9169993
0.227485,5.9169993
0.22749,5.9169993
0.227495,5.9169993
0.22749999,5.9169993
0.227505,5.9169993
0.22750999,5.9169993
0.227515,5.9169993
0.22751999,5.9169993
0.227525,5.9169993
0.22752999,5.9169993
0.227535,5.9169993
0.22754,5.9169993
0.227545,5.9169993
0.22755,5.9169993
0.22755499,5.9169993
0.22756,5.9169993
0.22756499,5.9169993
0.22757,5.9169993
0.22757499,5.9169993
0.22758,5.9169993
0.22758499,5.9169993
0.22759,5.9169993
0.227595,5.9169993
0.2276,5.9169993
0.227605,5.9169993
0.22760999,5.9169993
0.227615,5.9169993
0.22761999,5.9169993
0.227625,5.9169993
0.22762999,5.9169993
0.227635,5.9169993
0.22763999,5.9169993
0.227645,5.9169993
0.22765,5.9169993
0.227655,5.9169993
0.22766,5.9169993
0.22766499,5.9169993
0.22767,5.9169993
0.22767499,5.9169993
0.22768,5.9169993
0.22768499,5.9169993
0.22769,5.9169993
0.22769499,5.9169993
0.2277,5.9169993
0.22770499,5.9169993
0.22771,5.9169993
0.227715,5.9169993
0.22771999,5.9169993
0.227725,5.9169993
0.22772999,5.9169993
0.227735,5.9169993
0.22773999,5.9169993
0.227745,5.9169993
0.22774999,5.9169993
0.227755,5.9169993
0.22775999,5.9169993
0.227765,5.9169993
0.22777,5.9169993
0.227775,5.9169993
0.22778,5.9169993
0.22778499,5.9169993
0.22779,5.9169993
0.22779499,5.9169993
0.2278,5.9169993
0.22780499,5.9169993
0.22781,5.9169993
0.22781499,5.9169993
0.22782,5.9169993
0.227825,5.9169993
0.22783,5.9169993
0.227835,5.9169993
0.22783999,5.9169993
0.227845,5.9169993
0.22784999,5.9169993
0.227855,5.9169993
0.22785999,5.9169993
0.227865,5.9169993
0.22786999,5.9169993
0.227875,5.9169993
0.22788,5.9169993
0.227885,5.9169993
0.22789,5.9169993
0.22789499,5.9169993
0.2279,5.9169993
0.22790499,5.9169993
0.22791,5.9169993
0.22791499,5.9169993
0.22792,5.9169993
0.22792499,5.9169993
0.22793,5.9169993
0.227935,5.9169993
0.22794,5.9169993
0.227945,5.9169993
0.22794999,5.9169993
0.227955,5.9169993
0.22795999,5.9169993
0.227965,5.9169993
0.22796999,5.9169993
0.227975,5.9169993
0.22797999,5.9169993
0.227985,5.9169993
0.22799,5.9169993
0.227995,5.9169993
0.228,5.9169993
0.22800499,5.9169993
0.22801,5.9169993
0.22801499,5.9169993
0.22802,5.9169993
0.22802499,5.9169993
0.22803,5.9169993
0.22803499,5.9169993
0.22804,5.9169993
0.228045,5.9169993
0.22805,5.9169993
0.228055,5.9169993
0.22805999,5.9169993
0.228065,5.9169993
0.22806999,5.9169993
0.228075,5.9169993
0.22807999,5.9169993
0.228085,5.9169993
0.22808999,5.9169993
0.228095,5.9169993
0.22809999,5.9169993
0.228105,5.9169993
0.22811,5.9169993
0.22811499,5.9169993
0.22812,5.9169993
0.22812499,5.9169993
0.22813,5.9169993
0.22813499,5.9169993
0.22814,5.9169993
0.22814499,5.9169993
0.22815,5.9169993
0.22815499,5.9169993
0.22816,5.9169993
0.228165,5.9169993
0.22817,5.9169993
0.228175,5.9169993
0.22817999,5.9169993
0.228185,5.9169993
0.22818999,5.9169993
0.228195,5.9169993
0.22819999,5.9169993
0.228205,5.9169993
0.22820999,5.9169993
0.228215,5.9169993
0.22822,5.9169993
0.228225,5.9169993
0.22823,5.9169993
0.22823499,5.9169993
0.22824,5.9169993
0.22824499,5.9169993
0.22825,5.9169993
0.22825499,5.9169993
0.22826,5.9169993
0.22826499,5.9169993
0.22827,5.9169993
0.228275,5.9169993
0.22828,5.9169993
0.228285,5.9169993
0.22828999,5.9169993
0.228295,5.9169993
0.22829999,5.9169993
0.228305,5.9169993
0.22830999,5.9169993
0.228315,5.9169993
0.22831999,5.9169993
0.228325,5.9169993
0.22833,5.9169993
0.228335,5.9169993
0.22834,5.9169993
0.22834499,5.9169993
0.22835,5.9169993
0.22835499,5.9169993
0.22836,5.9169993
0.22836499,5.9169993
0.22837,5.9169993
0.22837499,5.9169993
0.22838,5.9169993
0.228385,5.9169993
0.22839,5.9169993
0.228395,5.9169993
0.22839999,5.9169993
0.228405,5.9169993
0.22840999,5.9169993
0.228415,5.9169993
0.22841999,5.9169993
0.228425,5.9169993
0.22842999,5.9169993
0.228435,5.9169993
0.22844,5.9169993
0.228445,5.9169993
0.22845,5.9169993
0.22845499,5.9169993
0.22846,5.9169993
0.22846499,5.9169993
0.22847,5.9169993
0.22847499,5.9169993
0.22848,5.9169993
0.22848499,5.9169993
0.22849,5.9169993
0.22849499,5.9169993
0.2285,5.9169993
0.228505,5.9169993
0.22850999,5.9169993
0.228515,5.9169993
0.22851999,5.9169993
0.228525,5.9169993
0.22852999,5.9169993
0.228535,5.9169993
0.22853999,5.9169993
0.228545,5.9169993
0.22854999,5.9169993
0.228555,5.9169993
0.22856,5.9169993
0.22856499,5.9169993
0.22857,5.9169993
0.22857499,5.9169993
0.22858,5.9169993
0.22858499,5.9169993
0.22859,5.9169993
0.22859499,5.9169993
0.2286,5.9169993
0.22860499,5.9169993
0.22861,5.9169993
0.228615,5.9169993
0.22862,5.9169993
0.228625,5.9169993
0.22862999,5.9169993
0.228635,5.9169993
0.22863999,5.9169993
0.228645,5.9169993
0.22864999,5.9169993
0.228655,5.9169993
0.22865999,5.9169993
0.228665,5.9169993
0.22867,5.9169993
0.228675,5.9169993
0.22868,5.9169993
0.22868499,5.9169993
0.22869,5.9169993
0.22869499,5.9169993
0.2287,5.9169993
0.22870499,5.9169993
0.22871,5.9169993
0.22871499,5.9169993
0.22872,5.9169993
0.228725,5.9169993
0.22873,5.9169993
0.228735,5.9169993
0.22873999,5.9169993
0.228745,5.9169993
0.22874999,5.9169993
0.228755,5.9169993
0.22875999,5.9169993
0.228765,5.9169993
0.22876999,5.9169993
0.228775,5.9169993
0.22878,5.9169993
0.228785,5.9169993
0.22879,5.9169993
0.22879499,5.9169993
0.2288,5.9169993
0.22880499,5.9169993
0.22881,5.9169993
0.22881499,5.9169993
0.22882,5.9169993
0.22882499,5.9169993
0.22883,5.9169993
0.228835,5.9169993
0.22884,5.9169993
0.228845,5.9169993
0.22884999,5.9169993
0.228855,5.9169993
0.22885999,5.9169993
0.228865,5.9169993
0.22886999,5.9169993
0.228875,5.9169993
0.22887999,5.9169993
0.228885,5.9169993
0.22888999,5.9169993
0.228895,5.9169993
0.2289,5.9169993
0.22890499,5.9169993
0.22891,5.9169993
0.22891499,5.9169993
0.22892,5.9169993
0.22892499,5.9169993
0.22893,5.9169993
0.22893499,5.9169993
0.22894,5.9169993
0.22894499,5.9169993
0.22895,5.9169993
0.228955,5.9169993
0.22895999,5.9169993
0.228965,5.9169993
0.22896999,5.9169993
0.228975,5.9169993
0.22897999,5.9169993
0.228985,5.9169993
0.22898999,5.9169993
0.228995,5.9169993
0.22899999,5.9169993
0.229005,5.9169993
0.22901,5.9169993
0.229015,5.9169993
0.22902,5.9169993
0.22902499,5.9169993
0.22903,5.9169993
0.22903499,5.9169993
0.22904,5.9169993
0.22904499,5.9169993
0.22905,5.9169993
0.22905499,5.9169993
0.22906,5.9169993
0.229065,5.9169993
0.22907,5.9169993
0.229075,5.9169993
0.22907999,5.9169993
0.229085,5.9169993
0.22908999,5.9169993
0.229095,5.9169993
0.22909999,5.9169993
0.229105,5.9169993
0.22910999,5.9169993
0.229115,5.9169993
0.22912,5.9169993
0.229125,5.9169993
0.22913,5.9169993
0.22913499,5.9169993
0.22914,5.9169993
0.22914499,5.9169993
0.22915,5.9169993
0.22915499,5.9169993
0.22916,5.9169993
0.22916499,5.9169993
0.22917,5.9169993
0.229175,5.9169993
0.22918,5.9169993
0.229185,5.9169993
0.22918999,5.9169993
0.229195,5.9169993
0.22919999,5.9169993
0.229205,5.9169993
0.22920999,5.9169993
0.229215,5.9169993
0.22921999,5.9169993
0.229225,5.9169993
0.22923,5.9169993
0.229235,5.9169993
0.22924,5.9169993
0.22924499,5.9169993
0.22925,5.9169993
0.22925499,5.9169993
0.22926,5.9169993
0.22926499,5.9169993
0.22927,5.9169993
0.22927499,5.9169993
0.22928,5.9169993
0.22928499,5.9169993
0.22929,5.9169993
0.229295,5.9169993
0.22929999,5.9169993
0.229305,5.9169993
0.22930999,5.9169993
0.229315,5.9169993
0.22931999,5.9169993
0.229325,5.9169993
0.22932999,5.9169993
0.229335,5.9169993
0.22933999,5.9169993
0.229345,5.9169993
0.22935,5.9169993
0.22935499,5.9169993
0.22936,5.9169993
0.22936499,5.9169993
0.22937,5.9169993
0.22937499,5.9169993
0.22938,5.9169993
0.22938499,5.9169993
0.22939,5.9169993
0.22939499,5.9169993
0.2294,5.9169993
0.229405,5.9169993
0.22941,5.9169993
0.229415,5.9169993
0.22941999,5.9169993
0.229425,5.9169993
0.22942999,5.9169993
0.229435,5.9169993
0.22943999,5.9169993
0.229445,5.9169993
0.22944999,5.9169993
0.229455,5.9169993
0.22946,5.9169993
0.229465,5.9169993
0.22947,5.9169993
0.22947499,5.9169993
0.22948,5.9169993
0.22948499,5.9169993
0.22949,5.9169993
0.22949499,5.9169993
0.2295,5.9169993
0.22950499,5.9169993
0.22951,5.9169993
0.229515,5.9169993
0.22952,5.9169993
0.229525,5.9169993
0.22952999,5.9169993
0.229535,5.9169993
0.22953999,5.9169993
0.229545,5.9169993
0.22954999,5.9169993
0.229555,5.9169993
0.22955999,5.9169993
0.229565,5.9169993
0.22957,5.9169993
0.229575,5.9169993
0.22958,5.9169993
0.22958499,5.9169993
0.22959,5.9169993
0.22959499,5.9169993
0.2296,5.9169993
0.22960499,5.9169993
0.22961,5.9169993
0.22961499,5.9169993
0.22962,5.9169993
0.229625,5.9169993
0.22963,5.9169993
0.229635,5.9169993
0.22963999,5.9169993
0.229645,5.9169993
0.22964999,5.9169993
0.229655,5.9169993
0.22965999,5.9169993
0.229665,5.9169993
0.22966999,5.9169993
0.229675,5.9169993
0.22967999,5.9169993
0.229685,5.9169993
0.22969,5.9169993
0.22969499,5.9169993
0.2297,5.9169993
0.22970499,5.9169993
0.22971,5.9169993
0.22971499,5.9169993
0.22972,5.9169993
0.22972499,5.9169993
0.22973,5.9169993
0.22973499,5.9169993
0.22974,5.9169993
0.229745,5.9169993
0.22974999,5.9169993
0.229755,5.9169993
0.22975999,5.9169993
0.229765,5.9169993
0.22976999,5.9169993
0.229775,5.9169993
0.22977999,5.9169993
0.229785,5.9169993
0.22978999,5.9169993
0.229795,5.9169993
0.2298,5.9169993
0.229805,5.9169993
0.22981,5.9169993
0.22981499,5.9169993
0.22982,5.9169993
0.22982499,5.9169993
0.22983,5.9169993
0.22983499,5.9169993
0.22984,5.9169993
0.22984499,5.9169993
0.22985,5.9169993
0.229855,5.9169993
0.22986,5.9169993
0.229865,5.9169993
0.22986999,5.9169993
0.229875,5.9169993
0.22987999,5.9169993
0.229885,5.9169993
0.22988999,5.9169993
0.229895,5.9169993
0.22989999,5.9169993
0.229905,5.9169993
0.22991,5.9169993
0.229915,5.9169993
0.22992,5.9169993
0.22992499,5.9169993
0.22993,5.9169993
0.22993499,5.9169993
0.22994,5.9169993
0.22994499,5.9169993
0.22995,5.9169993
0.22995499,5.9169993
0.22996,5.9169993
0.229965,5.9169993
0.22997,5.9169993
0.229975,5.9169993
0.22997999,5.9169993
0.229985,5.9169993
0.22998999,5.9169993
0.229995,5.9169993
0.22999999,5.9169993
0.230005,5.9169993
0.23000999,5.9169993
0.230015,5.9169993
0.23002,5.9169993
0.230025,5.9169993
0.23003,5.9169993
0.23003499,5.9169993
0.23004,5.9169993
0.23004499,5.9169993
0.23005,5.9169993
0.23005499,5.9169993
0.23006,5.9169993
0.23006499,5.9169993
0.23007,5.9169993
0.23007499,5.9169993
0.23008,5.9169993
0.230085,5.9169993
0.23008999,5.9169993
0.230095,5.9169993
0.23009999,5.9169993
0.230105,5.870768
0.23010999,5.824537
0.230115,5.824537
0.23011999,5.824537
0.230125,5.870768
0.23012999,5.870768
0.230135,5.9169993
0.23014,5.9169993
0.23014499,5.9169993
0.23015,5.9169993
0.23015499,5.9169993
0.23016,5.9169993
0.23016499,5.9169993
0.23017,5.9169993
0.23017499,5.9169993
0.23018,5.9169993
0.23018499,5.9169993
0.23019,5.9169993
0.230195,5.9169993
0.2302,5.9169993
0.230205,5.9169993
0.23020999,5.9169993
0.230215,5.9169993
0.23021999,5.9169993
0.230225,5.9169993
0.23022999,5.9169993
0.230235,5.9169993
0.23023999,5.9169993
0.230245,5.9169993
0.23025,5.9169993
0.230255,5.9169993
0.23026,5.9169993
0.23026499,5.9169993
0.23027,5.9169993
0.23027499,5.9169993
0.23028,5.9169993
0.23028499,5.9169993
0.23029,5.9169993
0.23029499,5.9169993
0.2303,5.9169993
0.230305,5.9169993
0.23031,5.9169993
0.230315,5.9169993
0.23031999,5.9169993
0.230325,5.9169993
0.23032999,5.9169993
0.230335,5.9169993
0.23033999,5.9169993
0.230345,5.9169993
0.23034999,5.9169993
0.230355,5.9169993
0.23036,5.9169993
0.230365,5.9169993
0.23037,5.9169993
0.23037499,5.9169993
0.23038,5.9169993
0.23038499,5.9169993
0.23039,5.9169993
0.23039499,5.9169993
0.2304,5.9169993
0.23040499,5.9169993
0.23041,5.9169993
0.230415,5.9169993
0.23042,5.9169993
0.230425,5.9169993
0.23042999,5.9169993
0.230435,5.9169993
0.23043999,5.9169993
0.230445,5.9169993
0.23044999,5.9169993
0.230455,5.9169993
0.23045999,5.9169993
0.230465,5.9169993
0.23046999,5.9169993
0.230475,5.9169993
0.23048,5.9169993
0.23048499,5.9169993
0.23049,5.9169993
0.23049499,5.9169993
0.2305,5.9169993
0.23050499,5.9169993
0.23051,5.9169993
0.23051499,5.9169993
0.23052,5.9169993
0.23052499,5.9169993
0.23053,5.9169993
0.230535,5.9169993
0.23053999,5.9169993
0.230545,5.9169993
0.23054999,5.9169993
0.230555,5.9169993
0.23055999,5.9169993
0.230565,5.9169993
0.23056999,5.9169993
0.230575,5.9169993
0.23057999,5.9169993
0.230585,5.9169993
0.23059,5.9169993
0.230595,5.9169993
0.2306,5.9169993
0.23060499,5.9169993
0.23061,5.9169993
0.23061499,5.9169993
0.23062,5.9169993
0.23062499,5.9169993
0.23063,5.9169993
0.23063499,5.9169993
0.23064,5.9169993
0.230645,5.9169993
0.23065,5.9169993
0.230655,5.9169993
0.23065999,5.9169993
0.230665,5.9169993
0.23066999,5.9169993
0.230675,5.9169993
0.23067999,5.9169993
0.230685,5.9169993
0.23068999,5.9169993
0.230695,5.9169993
0.2307,5.9169993
0.230705,5.9169993
0.23071,5.9169993
0.23071499,5.9169993
0.23072,5.9169993
0.23072499,5.9169993
0.23073,5.9169993
0.23073499,5.9169993
0.23074,5.9169993
0.23074499,5.9169993
0.23075,5.9169993
0.230755,5.9169993
0.23076,5.9169993
0.230765,5.9169993
0.23076999,5.9169993
0.230775,5.9169993
0.23077999,5.9169993
0.230785,5.9169993
0.23078999,5.9169993
0.230795,5.9169993
0.23079999,5.9169993
0.230805,5.9169993
0.23081,5.9169993
0.230815,5.9169993
0.23082,5.9169993
0.23082499,5.9169993
0.23083,5.9169993
0.23083499,5.9169993
0.23084,5.9169993
0.23084499,5.9169993
0.23085,5.9169993
0.23085499,5.9169993
0.23086,5.9169993
0.23086499,5.9169993
0.23087,5.9169993
0.230875,5.9169993
0.23087999,5.9169993
0.230885,5.9169993
0.23088999,5.9169993
0.230895,5.9169993
0.23089999,5.9169993
0.230905,5.9169993
0.23090999,5.9169993
0.230915,5.9169993
0.23091999,5.9169993
0.230925,5.9169993
0.23093,5.9169993
0.23093499,5.9169993
0.23094,5.9169993
0.23094499,5.9169993
0.23095,5.9169993
0.23095499,5.9169993
0.23096,5.9169993
0.23096499,5.9169993
0.23097,5.9169993
0.23097499,5.9169993
0.23098,5.9169993
0.230985,5.9169993
0.23099,5.9169993
0.230995,5.9169993
0.23099999,5.9169993
0.231005,5.9169993
0.23100999,5.9169993
0.231015,5.9169993
0.23101999,5.9169993
0.231025,5.9169993
0.23102999,5.9169993
0.231035,5.9169993
0.23104,5.9169993
0.231045,5.9169993
0.23105,5.9169993
0.23105499,5.9169993
0.23106,5.9169993
0.23106499,5.9169993
0.23107,5.9169993
0.23107499,5.9169993
0.23108,5.9169993
0.23108499,5.9169993
0.23109,5.9169993
0.231095,5.9169993
0.2311,5.9169993
0.231105,5.9169993
0.23110999,5.9169993
0.231115,5.9169993
0.23111999,5.9169993
0.231125,5.9169993
0.23112999,5.9169993
0.231135,5.9169993
0.23113999,5.9169993
0.231145,5.9169993
0.23115,5.9169993
0.231155,5.9169993
0.23116,5.9169993
0.23116499,5.9169993
0.23117,5.9169993
0.23117499,5.9169993
0.23118,5.9169993
0.23118499,5.9169993
0.23119,5.9169993
0.23119499,5.9169993
0.2312,5.9169993
0.231205,5.9169993
0.23121,5.9169993
0.231215,5.9169993
0.23121999,5.9169993
0.231225,5.9169993
0.23122999,5.9169993
0.231235,5.9169993
0.23123999,5.9169993
0.231245,5.9169993
0.23124999,5.9169993
0.231255,5.9169993
0.23125999,5.9169993
0.231265,5.9169993
0.23127,5.9169993
0.23127499,5.9169993
0.23128,5.9169993
0.23128499,5.9169993
0.23129,5.9169993
0.23129499,5.9169993
0.2313,5.9169993
0.23130499,5.9169993
0.23131,5.9169993
0.23131499,5.9169993
0.23132,5.9169993
0.231325,5.9169993
0.23132999,5.9169993
0.231335,5.9169993
0.23133999,5.9169993
0.231345,5.9169993
0.23134999,5.9169993
0.231355,5.9169993
0.23135999,5.9169993
0.231365,5.9169993
0.23136999,5.9169993
0.231375,5.9169993
0.23138,5.9169993
0.231385,5.9169993
0.23139,5.9169993
0.23139499,5.9169993
0.2314,5.9169993
0.23140499,5.9169993
0.23141,5.9169993
0.23141499,5.9169993
0.23142,5.9169993
0.23142499,5.9169993
0.23143,5.9169993
0.231435,5.9169993
0.23144,5.9169993
0.231445,5.9169993
0.23144999,5.9169993
0.231455,5.9169993
0.23145999,5.9169993
0.231465,5.9169993
0.23146999,5.9169993
0.231475,5.9169993
0.23147999,5.9169993
0.231485,5.9169993
0.23149,5.9169993
0.231495,5.9169993
0.2315,5.9169993
0.23150499,5.9169993
0.23151,5.9169993
0.23151499,5.9169993
0.23152,5.9169993
0.23152499,5.9169993
0.23153,5.9169993
0.23153499,5.9169993
0.23154,5.9169993
0.231545,5.9169993
0.23155,5.9169993
0.231555,5.9169993
0.23155999,5.9169993
0.231565,5.9169993
0.23156999,5.9169993
0.231575,5.9169993
0.23157999,5.9169993
0.231585,5.9169993
0.23158999,5.9169993
0.231595,5.9169993
0.2316,5.9169993
0.231605,5.9169993
0.23161,5.9169993
0.23161499,5.9169993
0.23162,5.9169993
0.23162499,5.9169993
0.23163,5.9169993
0.23163499,5.9169993
0.23164,5.9169993
0.23164499,5.9169993
0.23165,5.9169993
0.23165499,5.9169993
0.23166,5.9169993
0.231665,5.9169993
0.23166999,5.9169993
0.231675,5.9169993
0.23167999,5.9169993
0.231685,5.9169993
0.23168999,5.9169993
0.231695,5.9169993
0.23169999,5.9169993
0.231705,5.9169993
0.23170999,5.9169993
0.231715,5.9169993
0.23172,5.9169993
0.23172499,5.9169993
0.23173,5.9169993
0.23173499,5.9169993
0.23174,5.9169993
0.23174499,5.9169993
0.23175,5.9169993
0.23175499,5.9169993
0.23176,5.9169993
0.23176499,5.9169993
0.23177,5.9169993
0.231775,5.9169993
0.23178,5.9169993
0.231785,5.9169993
0.23178999,5.9169993
0.231795,5.9169993
0.23179999,5.9169993
0.231805,5.9169993
0.23180999,5.9169993
0.231815,5.9169993
0.23181999,5.9169993
0.231825,5.9169993
0.23183,5.9169993
0.231835,5.9169993
0.23184,5.9169993
0.23184499,5.9169993
0.23185,5.9169993
0.23185499,5.9169993
0.23186,5.9169993
0.23186499,5.9169993
0.23187,5.9169993
0.23187499,5.9169993
0.23188,5.9169993
0.231885,5.9169993
0.23189,5.9169993
0.231895,5.9169993
0.23189999,5.9169993
0.231905,5.9169993
0.23190999,5.9169993
0.231915,5.9169993
0.23191999,5.9169993
0.231925,5.9169993
0.23192999,5.9169993
0.231935,5.9169993
0.23194,5.9169993
0.231945,5.9169993
0.23195,5.9169993
0.23195499,5.9169993
0.23196,5.9169993
0.23196499,5.9169993
0.23197,5.9169993
0.23197499,5.9169993
0.23198,5.9169993
0.23198499,5.9169993
0.23199,5.9169993
0.231995,5.9169993
0.232,5.9169993
0.232005,5.9169993
0.23200999,5.9169993
0.232015,5.9169993
0.23201999,5.9169993
0.232025,5.9169993
0.23202999,5.9169993
0.232035,5.9169993
0.23203999,5.9169993
0.232045,5.9169993
0.23204999,5.9169993
0.232055,5.9169993
0.23206,5.9169993
0.23206499,5.9169993
0.23207,5.9169993
0.23207499,5.9169993
0.23208,5.9169993
0.23208499,5.9169993
0.23209,5.9169993
0.23209499,5.9169993
0.2321,5.9169993
0.23210499,5.9169993
0.23211,5.9169993
0.232115,5.9169993
0.23211999,5.9169993
0.232125,5.9169993
0.23212999,5.9169993
0.232135,5.9169993
0.23213999,5.9169993
0.232145,5.9169993
0.23214999,5.9169993
0.232155,5.9169993
0.23215999,5.9169993
0.232165,5.9169993
0.23217,5.9169993
0.232175,5.9169993
0.23218,5.9169993
0.23218499,5.9169993
0.23219,5.9169993
0.23219499,5.9169993
0.2322,5.9169993
0.23220499,5.9169993
0.23221,5.9169993
0.23221499,5.9169993
0.23222,5.9169993
0.232225,5.9169993
0.23223,5.9169993
0.232235,5.9169993
0.23223999,5.9169993
0.232245,5.9169993
0.23224999,5.9169993
0.232255,5.9169993
0.23225999,5.9169993
0.232265,5.9169993
0.23226999,5.9169993
0.232275,5.9169993
0.23228,5.9169993
0.232285,5.9169993
0.23229,5.9169993
0.23229499,5.9169993
0.2323,5.9169993
0.23230499,5.9169993
0.23231,5.9169993
0.23231499,5.9169993
0.23232,5.9169993
0.23232499,5.9169993
0.23233,5.9169993
0.232335,5.9169993
0.23234,5.9169993
0.232345,5.9169993
0.23234999,5.9169993
0.232355,5.9169993
0.23235999,5.9169993
0.232365,5.9169993
0.23236999,5.9169993
0.232375,5.9169993
0.23237999,5.9169993
0.232385,5.9169993
0.23239,5.9169993
0.232395,5.9169993
0.2324,5.9169993
0.23240499,5.9169993
0.23241,5.9169993
0.23241499,5.9169993
0.23242,5.9169993
0.23242499,5.9169993
0.23243,5.9169993
0.23243499,5.9169993
0.23244,5.9169993
0.23244499,5.9169993
0.23245,5.9169993
0.232455,5.9169993
0.23245999,5.9169993
0.232465,5.9169993
0.23246999,5.9169993
0.232475,5.9169993
0.23247999,5.9169993
0.232485,5.9169993
0.23248999,5.9169993
0.232495,5.9169993
0.23249999,5.9169993
0.232505,5.9169993
0.23251,5.9169993
0.23251499,5.9169993
0.23252,5.9169993
0.23252499,5.9169993
0.23253,5.9169993
0.23253499,5.9169993
0.23254,5.9169993
0.23254499,5.9169993
0.23255,5.9169993
0.23255499,5.9169993
0.23256,5.9169993
0.232565,5.9169993
0.23256999,5.9169993
0.232575,5.9169993
0.23257999,5.9169993
0.232585,5.9169993
0.23258999,5.9169993
0.232595,5.9169993
0.23259999,5.9169993
0.232605,5.9169993
0.23260999,5.9169993
0.232615,5.9169993
0.23262,5.9169993
0.232625,5.9169993
0.23263,5.9169993
0.23263499,5.9169993
0.23264,5.9169993
0.23264499,5.9169993
0.23265,5.9169993
0.23265499,5.9169993
0.23266,5.9169993
0.23266499,5.9169993
0.23267,5.9169993
0.232675,5.9169993
0.23268,5.9169993
0.232685,5.9169993
0.23268999,5.9169993
0.232695,5.9169993
0.23269999,5.9169993
0.232705,5.9169993
0.23270999,5.9169993
0.232715,5.9169993
0.23271999,5.9169993
0.232725,5.9169993
0.23273,5.9169993
0.232735,5.9169993
0.23274,5.9169993
0.23274499,5.9169993
0.23275,5.9169993
0.23275499,5.9169993
0.23276,5.9169993
0.23276499,5.9169993
0.23277,5.9169993
0.23277499,5.9169993
0.23278,5.9169993
0.232785,5.9169993
0.23279,5.9169993
0.232795,5.9169993
0.23279999,5.9169993
0.232805,5.9169993
0.23280999,5.9169993
0.232815,5.9169993
0.23281999,5.9169993
0.232825,5.9169993
0.23282999,5.9169993
0.232835,5.9169993
0.23283999,5.9169993
0.232845,5.9169993
0.23285,5.9169993
0.23285499,5.9169993
0.23286,5.9169993
0.23286499,5.9169993
0.23287,5.9169993
0.23287499,5.9169993
0.23288,5.9169993
0.23288499,5.9169993
0.23289,5.9169993
0.23289499,5.9169993
0.2329,5.9169993
0.232905,5.9169993
0.23290999,5.9169993
0.232915,5.9169993
0.23291999,5.9169993
0.232925,5.9169993
0.23292999,5.9169993
0.232935,5.9169993
0.23293999,5.9169993
0.232945,5.9169993
0.23294999,5.9169993
0.232955,5.9169993
0.23296,5.9169993
0.23296499,5.9169993
0.23297,5.9169993
0.23297499,5.9169993
0.23298,5.9169993
0.23298499,5.9169993
0.23299,5.9169993
0.23299499,5.9169993
0.233,5.9169993
0.23300499,5.9169993
0.23301,5.9169993
0.233015,5.9169993
0.23302,5.9169993
0.233025,5.9169993
0.23302999,5.9169993
0.233035,5.9169993
0.23303999,5.9169993
0.233045,5.9169993
0.23304999,5.9169993
0.233055,5.9169993
0.23305999,5.9169993
0.233065,5.9169993
0.23307,5.9169993
0.233075,5.9169993
0.23308,5.9169993
0.23308499,5.9169993
0.23309,5.9169993
0.23309499,5.9169993
0.2331,5.9169993
0.23310499,5.9169993
0.23311,5.9169993
0.23311499,5.9169993
0.23312,5.9169993
0.233125,5.9169993
0.23313,5.9169993
0.233135,5.9169993
0.23313999,5.9169993
0.233145,5.9169993
0.23314999,5.9169993
0.233155,5.9169993
0.23315999,5.9169993
0.233165,5.9169993
0.23316999,5.9169993
0.233175,5.9169993
0.23318,5.9169993
0.233185,5.9169993
0.23319,5.9169993
0.23319499,5.9169993
0.2332,5.9169993
0.23320499,5.9169993
0.23321,5.9169993
0.23321499,5.9169993
0.23322,5.9169993
0.23322499,5.9169993
0.23323,5.9169993
0.23323499,5.9169993
0.23324,5.9169993
0.233245,5.9169993
0.23324999,5.9169993
0.233255,5.9169993
0.23325999,5.9169993
0.233265,5.9169993
0.23326999,5.9169993
0.233275,5.9169993
0.23327999,5.9169993
0.233285,5.9169993
0.23328999,5.9169993
0.233295,5.9169993
0.2333,5.9169993
0.23330499,5.9169993
0.23331,5.9169993
0.23331499,5.9169993
0.23332,5.9169993
0.23332499,5.9169993
0.23333,5.9169993
0.23333499,5.9169993
0.23334,5.9169993
0.23334499,5.9169993
0.23335,5.9169993
0.233355,5.9169993
0.23335999,5.9169993
0.233365,5.9169993
0.23336999,5.9169993
0.233375,5.9169993
0.23337999,5.9169993
0.233385,5.9169993
0.23338999,5.9169993
0.233395,5.9169993
0.23339999,5.9169993
0.233405,5.9169993
0.23341,5.9169993
0.233415,5.9169993
0.23342,5.9169993
0.23342499,5.9169993
0.23343,5.9169993
0.23343499,5.9169993
0.23344,5.9169993
0.23344499,5.9169993
0.23345,5.9169993
0.23345499,5.9169993
0.23346,5.9169993
0.233465,5.9169993
0.23347,5.9169993
0.233475,5.9169993
0.23347999,5.9169993
0.233485,5.9169993
0.23348999,5.9169993
0.233495,5.9169993
0.23349999,5.9169993
0.233505,5.9169993
0.23350999,5.9169993
0.233515,5.9169993
0.23352,5.9169993
0.233525,5.9169993
0.23353,5.9169993
0.23353499,5.9169993
0.23354,5.9169993
0.23354499,5.9169993
0.23355,5.9169993
0.23355499,5.9169993
0.23356,5.9169993
0.23356499,5.9169993
0.23357,5.9169993
0.233575,5.9169993
0.23358,5.9169993
0.233585,5.9169993
0.23358999,5.9169993
0.233595,5.9169993
0.23359999,5.9169993
0.233605,5.9169993
0.23360999,5.9169993
0.233615,5.9169993
0.23361999,5.9169993
0.233625,5.9169993
0.23363,5.9169993
0.233635,5.9169993
0.23364,5.9169993
0.23364499,5.9169993
0.23365,5.9169993
0.23365499,5.9169993
0.23366,5.9169993
0.23366499,5.9169993
0.23367,5.9169993
0.23367499,5.9169993
0.23368,5.9169993
0.23368499,5.9169993
0.23369,5.9169993
0.233695,5.9169993
0.23369999,5.9169993
0.233705,5.9169993
0.23370999,5.9169993
0.233715,5.9169993
0.23371999,5.9169993
0.233725,5.9169993
0.23372999,5.9169993
0.233735,5.9169993
0.23373999,5.9169993
0.233745,5.9169993
0.23375,5.9169993
0.23375499,5.9169993
0.23376,5.9169993
0.23376499,5.9169993
0.23377,5.9169993
0.23377499,5.9169993
0.23378,5.9169993
0.23378499,5.9169993
0.23379,5.9169993
0.23379499,5.9169993
0.2338,5.9169993
0.233805,5.9169993
0.23381,5.9169993
0.233815,5.9169993
0.23381999,5.9169993
0.233825,5.9169993
0.23382999,5.9169993
0.233835,5.9169993
0.23383999,5.9169993
0.233845,5.9169993
0.23384999,5.9169993
0.233855,5.9169993
0.23386,5.9169993
0.233865,5.9169993
0.23387,5.9169993
0.23387499,5.9169993
0.23388,5.9169993
0.23388499,5.9169993
0.23389,5.9169993
0.23389499,5.9169993
0.2339,5.9169993
0.23390499,5.9169993
0.23391,5.9169993
0.233915,5.9169993
0.23392,5.9169993
0.233925,5.9169993
0.23392999,5.9169993
0.233935,5.9169993
0.23393999,5.9169993
0.233945,5.9169993
0.23394999,5.9169993
0.233955,5.9169993
0.23395999,5.9169993
0.233965,5.9169993
0.23397,5.9169993
0.233975,5.9169993
0.23398,5.9169993
0.23398499,5.9169993
0.23399,5.9169993
0.23399499,5.9169993
0.234,5.9169993
0.23400499,5.9169993
0.23401,5.9169993
0.23401499,5.9169993
0.23402,5.9169993
0.234025,5.9169993
0.23403,5.9169993
0.234035,5.9169993
0.23403999,5.9169993
0.234045,5.9169993
0.23404999,5.9169993
0.234055,5.9169993
0.23405999,5.9169993
0.234065,5.9169993
0.23406999,5.9169993
0.234075,5.9169993
0.23407999,5.9169993
0.234085,5.9169993
0.23409,5.9169993
0.23409499,5.9169993
0.2341,5.9169993
0.23410499,5.9169993
0.23411,5.9169993
0.23411499,5.9169993
0.23412,5.9169993
0.23412499,5.9169993
0.23413,5.9169993
0.23413499,5.9169993
0.23414,5.9169993
0.234145,5.9169993
0.23414999,5.9169993
0.234155,5.9169993
0.23415999,5.9169993
0.234165,5.9169993
0.23416999,5.9169993
0.234175,5.9169993
0.23417999,5.9169993
0.234185,5.9169993
0.23418999,5.9169993
0.234195,5.9169993
0.2342,5.9169993
0.234205,5.9169993
0.23421,5.9169993
0.23421499,5.9169993
0.23422,5.9169993
0.23422499,5.9169993
0.23423,5.9169993
0.23423499,5.9169993
0.23424,5.9169993
0.23424499,5.9169993
0.23425,5.9169993
0.234255,5.9169993
0.23426,5.9169993
0.234265,5.9169993
0.23426999,5.9169993
0.234275,5.9169993
0.23427999,5.9169993
0.234285,5.9169993
0.23428999,5.9169993
0.234295,5.9169993
0.23429999,5.9169993
0.234305,5.9169993
0.23431,5.9169993
0.234315,5.9169993
0.23432,5.9169993
0.23432499,5.9169993
0.23433,5.9169993
0.23433499,5.9169993
0.23434,5.9169993
0.23434499,5.9169993
0.23435,5.9169993
0.23435499,5.9169993
0.23436,5.9169993
0.234365,5.9169993
0.23437,5.9169993
0.234375,5.9169993
0.23437999,5.9169993
0.234385,5.9169993
0.23438999,5.9169993
0.234395,5.9169993
0.23439999,5.9169993
0.234405,5.9169993
0.23440999,5.9169993
0.234415,5.9169993
0.23442,5.9169993
0.234425,5.9169993
0.23443,5.9169993
0.23443499,5.9169993
0.23444,5.9169993
0.23444499,5.9169993
0.23445,5.9169993
0.23445499,5.9169993
0.23446,5.9169993
0.23446499,5.9169993
0.23447,5.9169993
0.23447499,5.9169993
0.23448,5.9169993
0.234485,5.9169993
0.23448999,5.9169993
0.234495,5.9169993
0.23449999,5.9169993
0.234505,5.9169993
0.23450999,5.9169993
0.234515,5.9169993
0.23451999,5.9169993
0.234525,5.9169993
0.23452999,5.9169993
0.234535,5.9169993
0.23454,5.9169993
0.23454499,5.9169993
0.23455,5.9169993
0.23455499,5.9169993
0.23456,5.9169993
0.23456499,5.9169993
0.23457,5.9169993
0.23457499,5.9169993
0.23458,5.9169993
0.23458499,5.9169993
0.23459,5.9169993
0.234595,5.9169993
0.2346,5.9169993
0.234605,5.9169993
0.23460999,5.9169993
0.234615,5.9169993
0.23461999,5.9169993
0.234625,5.9169993
0.23462999,5.9169993
0.234635,5.9169993
0.23463999,5.9169993
0.234645,5.9169993
0.23465,5.9169993
0.234655,5.9169993
0.23466,5.9169993
0.23466499,5.9169993
0.23467,5.9169993
0.23467499,5.9169993
0.23468,5.9169993
0.23468499,5.9169993
0.23469,5.9169993
0.23469499,5.9169993
0.2347,5.9169993
0.234705,5.9169993
0.23471,5.9169993
0.234715,5.9169993
0.23471999,5.9169993
0.234725,5.9169993
0.23472999,5.9169993
0.234735,5.9169993
0.23473999,5.9169993
0.234745,5.9169993
0.23474999,5.9169993
0.234755,5.9169993
0.23476,5.9169993
0.234765,5.9169993
0.23477,5.9169993
0.23477499,5.9169993
0.23478,5.9169993
0.23478499,5.9169993
0.23479,5.9169993
0.23479499,5.9169993
0.2348,5.9169993
0.23480499,5.9169993
0.23481,5.9169993
0.234815,5.9169993
0.23482,5.9169993
0.234825,5.9169993
0.23482999,5.9169993
0.234835,5.9169993
0.23483999,5.9169993
0.234845,5.9169993
0.23484999,5.9169993
0.234855,5.9169993
0.23485999,5.9169993
0.234865,5.9169993
0.23486999,5.9169993
0.234875,5.9169993
0.23488,5.9169993
0.23488499,5.9169993
0.23489,5.9169993
0.23489499,5.9169993
0.2349,5.9169993
0.23490499,5.9169993
0.23491,5.9169993
0.23491499,5.9169993
0.23492,5.9169993
0.23492499,5.9169993
0.23493,5.9169993
0.234935,5.9169993
0.23493999,5.9169993
0.234945,5.9169993
0.23494999,5.9169993
0.234955,5.9169993
0.23495999,5.9169993
0.234965,5.9169993
0.23496999,5.9169993
0.234975,5.9169993
0.23497999,5.9169993
0.234985,5.9169993
0.23499,5.9169993
0.234995,5.9169993
0.235,5.9169993
0.23500499,5.9169993
0.23501,5.9169993
0.23501499,5.9169993
0.23502,5.9169993
0.23502499,5.9169993
0.23503,5.9169993
0.23503499,5.9169993
0.23504,5.9169993
0.235045,5.9169993
0.23505,5.9169993
0.235055,5.9169993
0.23505999,5.9169993
0.235065,5.9169993
0.23506999,5.9169993
0.235075,5.9169993
0.23507999,5.9169993
0.235085,5.9169993
0.23508999,5.9169993
0.235095,5.9169993
0.2351,5.9169993
0.235105,5.9169993
0.23511,5.9169993
0.23511499,5.9169993
0.23512,5.9169993
0.23512499,5.9169993
0.23513,5.9169993
0.23513499,5.9169993
0.23514,5.9169993
0.23514499,5.9169993
0.23515,5.9169993
0.235155,5.9169993
0.23516,5.9169993
0.235165,5.9169993
0.23516999,5.9169993
0.235175,5.9169993
0.23517999,5.9169993
0.235185,5.9169993
0.23518999,5.9169993
0.235195,5.9169993
0.23519999,5.9169993
0.235205,5.9169993
0.23521,5.9169993
0.235215,5.9169993
0.23522,5.9169993
0.23522499,5.9169993
0.23523,5.9169993
0.23523499,5.9169993
0.23524,5.9169993
0.23524499,5.9169993
0.23525,5.9169993
0.23525499,5.9169993
0.23526,5.9169993
0.23526499,5.9169993
0.23527,5.9169993
0.235275,5.9169993
0.23527999,5.9169993
0.235285,5.9169993
0.23528999,5.9169993
0.235295,5.9169993
0.23529999,5.9169993
0.235305,5.9169993
0.23530999,5.9169993
0.235315,5.9169993
0.23531999,5.9169993
0.235325,5.9169993
0.23533,5.9169993
0.23533499,5.9169993
0.23534,5.9169993
0.23534499,5.9169993
0.23535,5.9169993
0.23535499,5.9169993
0.23536,5.9169993
0.23536499,5.9169993
0.23537,5.9169993
0.23537499,5.9169993
0.23538,5.9169993
0.235385,5.9169993
0.23539,5.9169993
0.235395,5.9169993
0.23539999,5.9169993
0.235405,5.9169993
0.23540999,5.9169993
0.235415,5.9169993
0.23541999,5.9169993
0.235425,5.9169993
0.23542999,5.9169993
0.235435,5.9169993
0.23544,5.9169993
0.235445,5.9169993
0.23545,5.9169993
0.23545499,5.9169993
0.23546,5.9169993
0.23546499,5.9169993
0.23547,5.9169993
0.23547499,5.9169993
0.23548,5.9169993
0.23548499,5.9169993
0.23549,5.9169993
0.235495,5.9169993
0.2355,5.9169993
0.235505,5.9169993
0.23550999,5.9169993
0.235515,5.9169993
0.23551999,5.9169993
0.235525,5.9169993
0.23552999,5.9169993
0.235535,5.9169993
0.23553999,5.9169993
0.235545,5.9169993
0.23555,5.9169993
0.235555,5.9169993
0.23556,5.9169993
0.23556499,5.9169993
0.23557,5.9169993
0.23557499,5.9169993
0.23558,5.9169993
0.23558499,5.9169993
0.23559,5.9169993
0.23559499,5.9169993
0.2356,5.9169993
0.235605,5.9169993
0.23561,5.9169993
0.235615,5.9169993
0.23561999,5.9169993
0.235625,5.9169993
0.23562999,5.9169993
0.235635,5.9169993
0.23563999,5.9169993
0.235645,5.9169993
0.23564999,5.9169993
0.235655,5.9169993
0.23565999,5.9169993
0.235665,5.9169993
0.23567,5.9169993
0.23567499,5.9169993
0.23568,5.9169993
0.23568499,5.9169993
0.23569,5.9169993
0.23569499,5.9169993
0.2357,5.9169993
0.23570499,5.9169993
0.23571,5.9169993
0.23571499,5.9169993
0.23572,5.9169993
0.235725,5.9169993
0.23572999,5.9169993
0.235735,5.9169993
0.23573999,5.9169993
0.235745,5.9169993
0.23574999,5.9169993
0.235755,5.9169993
0.23575999,5.9169993
0.235765,5.9169993
0.23576999,5.9169993
0.235775,5.9169993
0.23578,5.9169993
0.235785,5.9169993
0.23579,5.9169993
0.23579499,5.9169993
0.2358,5.9169993
0.23580499,5.9169993
0.23581,5.9169993
0.23581499,5.9169993
0.23582,5.9169993
0.23582499,5.9169993
0.23583,5.9169993
0.235835,5.9169993
0.23584,5.9169993
0.235845,5.9169993
0.23584999,5.9169993
0.235855,5.9169993
0.23585999,5.9169993
0.235865,5.9169993
0.23586999,5.9169993
0.235875,5.9169993
0.23587999,5.9169993
0.235885,5.9169993
0.23589,5.9169993
0.235895,5.9169993
0.2359,5.9169993
0.23590499,5.9169993
0.23591,5.9169993
0.23591499,5.9169993
0.23592,5.9169993
0.23592499,5.9169993
0.23593,5.9169993
0.23593499,5.9169993
0.23594,5.9169993
0.235945,5.9169993
0.23595,5.9169993
0.235955,5.9169993
0.23595999,5.9169993
0.235965,5.9169993
0.23596999,5.9169993
0.235975,5.9169993
0.23597999,5.9169993
0.235985,5.9169993
0.23598999,5.9169993
0.235995,5.9169993
0.236,5.9169993
0.236005,5.9169993
0.23601,5.9169993
0.23601499,5.9169993
0.23602,5.9169993
0.23602499,5.9169993
0.23603,5.9169993
0.23603499,5.9169993
0.23604,5.9169993
0.23604499,5.9169993
0.23605,5.9169993
0.23605499,5.9169993
0.23606,5.9169993
0.236065,5.9169993
0.23606999,5.9169993
0.236075,5.9169993
0.23607999,5.9169993
0.236085,5.9169993
0.23608999,5.9169993
0.236095,5.9169993
0.23609999,5.9169993
0.236105,5.9169993
0.23610999,5.9169993
0.236115,5.9169993
0.23612,5.9169993
0.23612499,5.9169993
0.23613,5.9169993
0.23613499,5.9169993
0.23614,5.9169993
0.23614499,5.9169993
0.23615,5.9169993
0.23615499,5.9169993
0.23616,5.9169993
0.23616499,5.9169993
0.23617,5.9169993
0.236175,5.9169993
0.23618,5.9169993
0.236185,5.9169993
0.23618999,5.9169993
0.236195,5.9169993
0.23619999,5.9169993
0.236205,5.9169993
0.23620999,5.9169993
0.236215,5.9169993
0.23621999,5.9169993
0.236225,5.9169993
0.23623,5.9169993
0.236235,5.9169993
0.23624,5.9169993
0.23624499,5.9169993
0.23625,5.9169993
0.23625499,5.9169993
0.23626,5.9169993
0.23626499,5.9169993
0.23627,5.9169993
0.23627499,5.9169993
0.23628,5.9169993
0.236285,5.9169993
0.23629,5.9169993
0.236295,5.9169993
0.23629999,5.9169993
0.236305,5.9169993
0.23630999,5.9169993
0.236315,5.9169993
0.23631999,5.9169993
0.236325,5.9169993
0.23632999,5.9169993
0.236335,5.9169993
0.23634,5.9169993
0.236345,5.9169993
0.23635,5.9169993
0.23635499,5.9169993
0.23636,5.9169993
0.23636499,5.9169993
0.23637,5.9169993
0.23637499,5.9169993
0.23638,5.9169993
0.23638499,5.9169993
0.23639,5.9169993
0.236395,5.9169993
0.2364,5.9169993
0.236405,5.9169993
0.23640999,5.9169993
0.236415,5.9169993
0.23641999,5.9169993
0.236425,5.9169993
0.23642999,5.9169993
0.236435,5.9169993
0.23643999,5.9169993
0.236445,5.9169993
0.23644999,5.9169993
0.236455,5.9169993
0.23646,5.9169993
0.23646499,5.9169993
0.23647,5.9169993
0.23647499,5.9169993
0.23648,5.9169993
0.23648499,5.9169993
0.23649,5.9169993
0.23649499,5.9169993
0.2365,5.9169993
0.23650499,5.9169993
0.23651,5.9169993
0.236515,5.9169993
0.23651999,5.9169993
0.236525,5.9169993
0.23652999,5.9169993
0.236535,5.9169993
0.23653999,5.9169993
0.236545,5.9169993
0.23654999,5.9169993
0.236555,5.9169993
0.23655999,5.9169993
0.236565,5.9169993
0.23657,5.9169993
0.23657499,5.9169993
0.23658,5.9169993
0.23658499,5.9169993
0.23659,5.9169993
0.23659499,5.9169993
0.2366,5.9169993
0.23660499,5.9169993
0.23661,5.9169993
0.23661499,5.9169993
0.23662,5.9169993
0.236625,5.9169993
0.23663,5.9169993
0.236635,5.9169993
0.23663999,5.9169993
0.236645,5.9169993
0.23664999,5.9169993
0.236655,5.9169993
0.23665999,5.9169993
0.236665,5.9169993
0.23666999,5.9169993
0.236675,5.9169993
0.23668,5.9169993
0.236685,5.9169993
0.23669,5.9169993
0.23669499,5.9169993
0.2367,5.9169993
0.23670499,5.9169993
0.23671,5.9169993
0.23671499,5.9169993
0.23672,5.9169993
0.23672499,5.9169993
0.23673,5.9169993
0.236735,5.9169993
0.23674,5.9169993
0.236745,5.9169993
0.23674999,5.9169993
0.236755,5.9169993
0.23675999,5.9169993
0.236765,5.9169993
0.23676999,5.9169993
0.236775,5.9169993
0.23677999,5.9169993
0.236785,5.9169993
0.23679,5.9169993
0.236795,5.9169993
0.2368,5.9169993
0.23680499,5.9169993
0.23681,5.9169993
0.23681499,5.9169993
0.23682,5.9169993
0.23682499,5.9169993
0.23683,5.9169993
0.23683499,5.9169993
0.23684,5.9169993
0.23684499,5.9169993
0.23685,5.9169993
0.236855,5.9169993
0.23685999,5.9169993
0.236865,5.9169993
0.23686999,5.9169993
0.236875,5.9169993
0.23687999,5.9169993
0.236885,5.9169993
0.23688999,5.9169993
0.236895,5.9169993
0.23689999,5.9169993
0.236905,5.9169993
0.23691,5.9169993
0.23691499,5.9169993
0.23692,5.9169993
0.23692499,5.9169993
0.23693,5.9169993
0.23693499,5.9169993
0.23694,5.9169993
0.23694499,5.9169993
0.23695,5.9169993
0.23695499,5.9169993
0.23696,5.9169993
0.236965,5.9169993
0.23696999,5.9169993
0.236975,5.9169993
0.23697999,5.9169993
0.236985,5.9169993
0.23698999,5.9169993
0.236995,5.9169993
0.23699999,5.9169993
0.237005,5.9169993
0.23700999,5.9169993
0.237015,5.9169993
0.23702,5.9169993
0.237025,5.9169993
0.23703,5.9169993
0.23703499,5.9169993
0.23704,5.9169993
0.23704499,5.9169993
0.23705,5.9169993
0.23705499,5.9169993
0.23706,5.9169993
0.23706499,5.9169993
0.23707,5.9169993
0.237075,5.9169993
0.23708,5.9169993
0.237085,5.9169993
0.23708999,5.9169993
0.237095,5.9169993
0.23709999,5.9169993
0.237105,5.9169993
0.23710999,5.9169993
0.237115,5.9169993
0.23711999,5.9169993
0.237125,5.9169993
0.23713,5.9169993
0.237135,5.9169993
0.23714,5.9169993
0.23714499,5.9169993
0.23715,5.9169993
0.23715499,5.9169993
0.23716,5.9169993
0.23716499,5.9169993
0.23717,5.9169993
0.23717499,5.9169993
0.23718,5.9169993
0.237185,5.9169993
0.23719,5.9169993
0.237195,5.9169993
0.23719999,5.9169993
0.237205,5.9169993
0.23720999,5.9169993
0.237215,5.9169993
0.23721999,5.9169993
0.237225,5.9169993
0.23722999,5.9169993
0.237235,5.9169993
0.23723999,5.9169993
0.237245,5.9169993
0.23725,5.9169993
0.23725499,5.9169993
0.23726,5.9169993
0.23726499,5.9169993
0.23727,5.9169993
0.23727499,5.9169993
0.23728,5.9169993
0.23728499,5.9169993
0.23729,5.9169993
0.23729499,5.9169993
0.2373,5.9169993
0.237305,5.9169993
0.23730999,5.9169993
0.237315,5.9169993
0.23731999,5.9169993
0.237325,5.9169993
0.23732999,5.9169993
0.237335,5.9169993
0.23733999,5.9169993
0.237345,5.9169993
0.23734999,5.9169993
0.237355,5.9169993
0.23736,5.9169993
0.23736499,5.9169993
0.23737,5.9169993
0.23737499,5.9169993
0.23738,5.9169993
0.23738499,5.9169993
0.23739,5.9169993
0.23739499,5.9169993
0.2374,5.9169993
0.23740499,5.9169993
0.23741,5.9169993
0.237415,5.9169993
0.23742,5.9169993
0.237425,5.9169993
0.23742999,5.9169993
0.237435,5.9169993
0.23743999,5.9169993
0.237445,5.9169993
0.23744999,5.9169993
0.237455,5.9169993
0.23745999,5.9169993
0.237465,5.9169993
0.23747,5.9169993
0.237475,5.9169993
0.23748,5.9169993
0.23748499,5.9169993
0.23749,5.9169993
0.23749499,5.9169993
0.2375,5.9169993
0.23750499,5.9169993
0.23751,5.9169993
0.23751499,5.9169993
0.23752,5.9169993
0.237525,5.9169993
0.23753,5.9169993
0.237535,5.9169993
0.23753999,5.9169993
0.237545,5.9169993
0.23754999,5.9169993
0.237555,5.9169993
0.23755999,5.9169993
0.237565,5.9169993
0.23756999,5.9169993
0.237575,5.9169993
0.23758,5.9169993
0.237585,5.9169993
0.23759,5.9169993
0.23759499,5.9169993
0.2376,5.9169993
0.23760499,5.9169993
0.23761,5.9169993
0.23761499,5.9169993
0.23762,5.9169993
0.23762499,5.9169993
0.23763,5.9169993
0.23763499,5.9169993
0.23764,5.9169993
0.237645,5.9169993
0.23764999,5.9169993
0.237655,5.9169993
0.23765999,5.9169993
0.237665,5.9169993
0.23766999,5.9169993
0.237675,5.9169993
0.23767999,5.9169993
0.237685,5.9169993
0.23768999,5.9169993
0.237695,5.9169993
0.2377,5.9169993
0.23770499,5.9169993
0.23771,5.9169993
0.23771499,5.9169993
0.23772,5.9169993
0.23772499,5.9169993
0.23773,5.9169993
0.23773499,5.9169993
0.23774,5.9169993
0.23774499,5.9169993
0.23775,5.9169993
0.237755,5.9169993
0.23775999,5.9169993
0.237765,5.9169993
0.23776999,5.9169993
0.237775,5.9169993
0.23777999,5.9169993
0.237785,5.9169993
0.23778999,5.9169993
0.237795,5.9169993
0.23779999,5.9169993
0.237805,5.9169993
0.23781,5.9169993
0.237815,5.9169993
0.23782,5.9169993
0.23782499,5.9169993
0.23783,5.9169993
0.23783499,5.9169993
0.23784,5.9169993
0.23784499,5.9169993
0.23785,5.9169993
0.23785499,5.9169993
0.23786,5.9169993
0.237865,5.9169993
0.23787,5.9169993
0.237875,5.9169993
0.23787999,5.9169993
0.237885,5.9169993
0.23788999,5.9169993
0.237895,5.9169993
0.23789999,5.9169993
0.237905,5.9169993
0.23790999,5.9169993
0.237915,5.9169993
0.23792,5.9169993
0.237925,5.9169993
0.23793,5.9169993
0.23793499,5.9169993
0.23794,5.9169993
0.23794499,5.9169993
0.23795,5.9169993
0.23795499,5.9169993
0.23796,5.9169993
0.23796499,5.9169993
0.23797,5.9169993
0.237975,5.9169993
0.23798,5.9169993
0.237985,5.9169993
0.23798999,5.9169993
0.237995,5.9169993
0.23799999,5.9169993
0.238005,5.9169993
0.23800999,5.9169993
0.238015,5.9169993
0.23801999,5.9169993
0.238025,5.9169993
0.23802999,5.9169993
0.238035,5.9169993
0.23804,5.9169993
0.23804499,5.9169993
0.23805,5.9169993
0.23805499,5.9169993
0.23806,5.9169993
0.23806499,5.9169993
0.23807,5.9169993
0.23807499,5.9169993
0.23808,5.9169993
0.23808499,5.9169993
0.23809,5.9169993
0.238095,5.9169993
0.23809999,5.9169993
0.238105,5.9169993
0.23810999,5.9169993
0.238115,5.9169993
0.23811999,5.9169993
0.238125,5.9169993
0.23812999,5.9169993
0.238135,5.9169993
0.23813999,5.9169993
0.238145,5.9169993
0.23815,5.9169993
0.23815499,5.9169993
0.23816,5.9169993
0.23816499,5.9169993
0.23817,5.9169993
0.23817499,5.9169993
0.23818,5.9169993
0.23818499,5.9169993
0.23819,5.9169993
0.23819499,5.9169993
0.2382,5.9169993
0.238205,5.9169993
0.23821,5.9169993
0.238215,5.9169993
0.23821999,5.9169993
0.238225,5.9169993
0.23822999,5.9169993
0.238235,5.9169993
0.23823999,5.9169993
0.238245,5.9169993
0.23824999,5.9169993
0.238255,5.9169993
0.23826,5.9169993
0.238265,5.9169993
0.23827,5.9169993
0.23827499,5.9169993
0.23828,5.9169993
0.23828499,5.9169993
0.23829,5.9169993
0.23829499,5.9169993
0.2383,5.9169993
0.23830499,5.9169993
0.23831,5.9169993
0.238315,5.9169993
0.23832,5.9169993
0.238325,5.9169993
0.23832999,5.9169993
0.238335,5.9169993
0.23833999,5.9169993
0.238345,5.9169993
0.23834999,5.9169993
0.238355,5.9169993
0.23835999,5.9169993
0.238365,5.9169993
0.23837,5.9169993
0.238375,5.9169993
0.23838,5.9169993
0.23838499,5.9169993
0.23839,5.9169993
0.23839499,5.9169993
0.2384,5.9169993
0.23840499,5.9169993
0.23841,5.9169993
0.23841499,5.9169993
0.23842,5.9169993
0.23842499,5.9169993
0.23843,5.9169993
0.238435,5.9169993
0.23843999,5.9169993
0.238445,5.9169993
0.23844999,5.9169993
0.238455,5.9169993
0.23845999,5.9169993
0.238465,5.9169993
0.23846999,5.9169993
0.238475,5.9169993
0.23847999,5.9169993
0.238485,5.9169993
0.23849,5.9169993
0.23849499,5.9169993
0.2385,5.9169993
0.23850499,5.9169993
0.23851,5.9169993
0.23851499,5.9169993
0.23852,5.9169993
0.23852499,5.9169993
0.23853,5.9169993
0.23853499,5.9169993
0.23854,5.9169993
0.238545,5.9169993
0.23854999,5.9169993
0.238555,5.9169993
0.23855999,5.9169993
0.238565,5.9169993
0.23856999,5.9169993
0.238575,5.9169993
0.23857999,5.9169993
0.238585,5.9169993
0.23858999,5.9169993
0.238595,5.9169993
0.2386,5.9169993
0.238605,5.9169993
0.23861,5.9169993
0.23861499,5.9169993
0.23862,5.9169993
0.23862499,5.9169993
0.23863,5.9169993
0.23863499,5.9169993
0.23864,5.9169993
0.23864499,5.9169993
0.23865,5.9169993
0.238655,5.9169993
0.23866,5.9169993
0.238665,5.9169993
0.23866999,5.9169993
0.238675,5.9169993
0.23867999,5.9169993
0.238685,5.9169993
0.23868999,5.9169993
0.238695,5.9169993
0.23869999,5.9169993
0.238705,5.9169993
0.23871,5.9169993
0.238715,5.9169993
0.23872,5.9169993
0.23872499,5.9169993
0.23873,5.9169993
0.23873499,5.9169993
0.23874,5.9169993
0.23874499,5.9169993
0.23875,5.9169993
0.23875499,5.9169993
0.23876,5.9169993
0.238765,5.9169993
0.23877,5.9169993
0.238775,5.9169993
0.23877999,5.9169993
0.238785,5.9169993
0.23878999,5.9169993
0.238795,5.9169993
0.23879999,5.9169993
0.238805,5.9169993
0.23880999,5.9169993
0.238815,5.9169993
0.23881999,5.9169993
0.238825,5.9169993
0.23883,5.9169993
0.23883499,5.9169993
0.23884,5.9169993
0.23884499,5.9169993
0.23885,5.9169993
0.23885499,5.9169993
0.23886,5.9169993
0.23886499,5.9169993
0.23887,5.9169993
0.23887499,5.9169993
0.23888,5.9169993
0.238885,5.9169993
0.23888999,5.9169993
0.238895,5.9169993
0.23889999,5.9169993
0.238905,5.9169993
0.23890999,5.9169993
0.238915,5.9169993
0.23891999,5.9169993
0.238925,5.9169993
0.23892999,5.9169993
0.238935,5.9169993
0.23894,5.9169993
0.23894499,5.9169993
0.23895,5.9169993
0.23895499,5.9169993
0.23896,5.9169993
0.23896499,5.9169993
0.23897,5.9169993
0.23897499,5.9169993
0.23898,5.9169993
0.23898499,5.9169993
0.23899,5.9169993
0.238995,5.9169993
0.239,5.9169993
0.239005,5.9169993
0.23900999,5.9169993
0.239015,5.9169993
0.23901999,5.9169993
0.239025,5.9169993
0.23902999,5.9169993
0.239035,5.9169993
0.23903999,5.9169993
0.239045,5.9169993
0.23905,5.9169993
0.239055,5.9169993
0.23906,5.9169993
0.23906499,5.9169993
0.23907,5.9169993
0.23907499,5.9169993
0.23908,5.9169993
0.23908499,5.9169993
0.23909,5.9169993
0.23909499,5.9169993
0.2391,5.9169993
0.239105,5.9169993
0.23911,5.9169993
0.239115,5.9169993
0.23911999,5.9169993
0.239125,5.9169993
0.23912999,5.9169993
0.239135,5.9169993
0.23913999,5.9169993
0.239145,5.9169993
0.23914999,5.9169993
0.239155,5.9169993
0.23916,5.9169993
0.239165,5.9169993
0.23917,5.9169993
0.23917499,5.9169993
0.23918,5.9169993
0.23918499,5.9169993
0.23919,5.9169993
0.23919499,5.9169993
0.2392,5.9169993
0.23920499,5.9169993
0.23921,5.9169993
0.23921499,5.9169993
0.23922,5.9169993
0.239225,5.9169993
0.23922999,5.9169993
0.239235,5.9169993
0.23923999,5.9169993
0.239245,5.9169993
0.23924999,5.9169993
0.239255,5.9169993
0.23925999,5.9169993
0.239265,5.9169993
0.23926999,5.9169993
0.239275,5.9169993
0.23928,5.9169993
0.23928499,5.9169993
0.23929,5.9169993
0.23929499,5.9169993
0.2393,5.9169993
0.23930499,5.9169993
0.23931,5.9169993
0.23931499,5.9169993
0.23932,5.9169993
0.23932499,5.9169993
0.23933,5.9169993
0.239335,5.9169993
0.23933999,5.9169993
0.239345,5.9169993
0.23934999,5.9169993
0.239355,5.9169993
0.23935999,5.9169993
0.239365,5.9169993
0.23936999,5.9169993
0.239375,5.9169993
0.23937999,5.9169993
0.239385,5.9169993
0.23939,5.9169993
0.239395,5.9169993
0.2394,5.9169993
0.23940499,5.9169993
0.23941,5.9169993
0.23941499,5.9169993
0.23942,5.9169993
0.23942499,5.9169993
0.23943,5.9169993
0.23943499,5.9169993
0.23944,5.9169993
0.239445,5.9169993
0.23945,5.9169993
0.239455,5.9169993
0.23945999,5.9169993
0.239465,5.9169993
0.23946999,5.9169993
0.239475,5.9169993
0.23947999,5.9169993
0.239485,5.9169993
0.23948999,5.9169993
0.239495,5.9169993
0.2395,5.9169993
0.239505,5.9169993
0.23951,5.9169993
0.23951499,5.9169993
0.23952,5.9169993
0.23952499,5.9169993
0.23953,5.9169993
0.23953499,5.9169993
0.23954,5.9169993
0.23954499,5.9169993
0.23955,5.9169993
0.239555,5.9169993
0.23956,5.9169993
0.239565,5.9169993
0.23956999,5.9169993
0.239575,5.9169993
0.23957999,5.9169993
0.239585,5.9169993
0.23958999,5.9169993
0.239595,5.9169993
0.23959999,5.9169993
0.239605,5.9169993
0.23960999,5.9169993
0.239615,5.9169993
0.23962,5.9169993
0.23962499,5.9169993
0.23963,5.9169993
0.23963499,5.9169993
0.23964,5.9169993
0.23964499,5.9169993
0.23965,5.9169993
0.23965499,5.9169993
0.23966,5.9169993
0.23966499,5.9169993
0.23967,5.9169993
0.239675,5.9169993
0.23967999,5.9169993
0.239685,5.9169993
0.23968999,5.9169993
0.239695,5.9169993
0.23969999,5.9169993
0.239705,5.9169993
0.23970999,5.9169993
0.239715,5.9169993
0.23971999,5.9169993
0.239725,5.9169993
0.23973,5.9169993
0.23973499,5.9169993
0.23974,5.9169993
0.23974499,5.9169993
0.23975,5.9169993
0.23975499,5.9169993
0.23976,5.9169993
0.23976499,5.9169993
0.23977,5.9169993
0.23977499,5.9169993
0.23978,5.9169993
0.239785,5.9169993
0.23979,5.9169993
0.239795,5.9169993
0.23979999,5.9169993
0.239805,5.9169993
0.23980999,5.9169993
0.239815,5.9169993
0.23981999,5.9169993
0.239825,5.9169993
0.23982999,5.9169993
0.239835,5.9169993
0.23984,5.9169993
0.239845,5.9169993
0.23985,5.9169993
0.23985499,5.9169993
0.23986,5.9169993
0.23986499,5.9169993
0.23987,5.9169993
0.23987499,5.9169993
0.23988,5.9169993
0.23988499,5.9169993
0.23989,5.9169993
0.239895,5.9169993
0.2399,5.9169993
0.239905,5.9169993
0.23990999,5.9169993
0.239915,5.9169993
0.23991999,5.9169993
0.239925,5.9169993
0.23992999,5.9169993
0.239935,5.9169993
0.23993999,5.9169993
0.239945,5.9169993
0.23995,5.9169993
0.239955,5.9169993
0.23996,5.9169993
0.23996499,5.9169993
0.23997,5.9169993
0.23997499,5.9169993
0.23998,5.9169993
0.23998499,5.9169993
0.23999,5.9169993
0.23999499,5.9169993
0.24,5.9169993
0.24000499,5.9169993
0.24001,5.9169993
0.240015,5.9169993
0.24001999,5.9169993
0.240025,5.9169993
0.24002999,5.9169993
0.240035,5.9169993
0.24003999,5.9169993
0.240045,5.9169993
0.24004999,5.9169993
0.240055,5.9169993
0.24005999,5.9169993
0.240065,5.9169993
0.24007,5.9169993
0.24007499,5.9169993
0.24008,5.9169993
0.24008499,5.9169993
0.24009,5.9169993
0.24009499,5.9169993
0.2401,5.9169993
0.24010499,5.9169993
0.24011,5.9169993
0.24011499,5.9169993
0.24012,5.9169993
0.240125,5.9169993
0.24012999,5.9169993
0.240135,5.9169993
0.24013999,5.9169993
0.240145,5.9169993
0.24014999,5.9169993
0.240155,5.9169993
0.24015999,5.9169993
0.240165,5.9169993
0.24016999,5.9169993
0.240175,5.9169993
0.24018,5.9169993
0.240185,5.9169993
0.24019,5.9169993
0.24019499,5.9169993
0.2402,5.9169993
0.24020499,5.9169993
0.24021,5.9169993
0.24021499,5.9169993
0.24022,5.9169993
0.24022499,5.9169993
0.24023,5.9169993
0.240235,5.9169993
0.24024,5.9169993
0.240245,5.9169993
0.24024999,5.9169993
0.240255,5.9169993
0.24025999,5.9169993
0.240265,5.9169993
0.24026999,5.9169993
0.240275,5.9169993
0.24027999,5.9169993
0.240285,5.9169993
0.24029,5.9169993
0.240295,5.9169993
0.2403,5.9169993
0.24030499,5.9169993
0.24031,5.9169993
0.24031499,5.9169993
0.24032,5.9169993
0.24032499,5.9169993
0.24033,5.9169993
0.24033499,5.9169993
0.24034,5.9169993
0.240345,5.9169993
0.24035,5.9169993
0.240355,5.9169993
0.24035999,5.9169993
0.240365,5.9169993
0.24036999,5.9169993
0.240375,5.9169993
0.24037999,5.9169993
0.240385,5.9169993
0.24038999,5.9169993
0.240395,5.9169993
0.24039999,5.9169993
0.240405,5.9169993
0.24041,5.9169993
0.24041499,5.9169993
0.24042,5.9169993
0.24042499,5.9169993
0.24043,5.9169993
0.24043499,5.9169993
0.24044,5.9169993
0.24044499,5.9169993
0.24045,5.9169993
0.24045499,5.9169993
0.24046,5.9169993
0.240465,5.9169993
0.24046999,5.9169993
0.240475,5.9169993
0.24047999,5.9169993
0.240485,5.9169993
0.24048999,5.9169993
0.240495,5.9169993
0.24049999,5.9169993
0.240505,5.9169993
0.24050999,5.9169993
0.240515,5.9169993
0.24052,5.9169993
0.24052499,5.9169993
0.24053,5.9169993
0.24053499,5.9169993
0.24054,5.9169993
0.24054499,5.9169993
0.24055,5.9169993
0.24055499,5.9169993
0.24056,5.9169993
0.24056499,5.9169993
0.24057,5.9169993
0.240575,5.9169993
0.24057999,5.9169993
0.240585,5.9169993
0.24058999,5.9169993
0.240595,5.9169993
0.24059999,5.9169993
0.240605,5.9169993
0.24060999,5.9169993
0.240615,5.9169993
0.24061999,5.9169993
0.240625,5.9169993
0.24063,5.9169993
0.240635,5.9169993
0.24064,5.9169993
0.24064499,5.9169993
0.24065,5.9169993
0.24065499,5.9169993
0.24066,5.9169993
0.24066499,5.9169993
0.24067,5.9169993
0.24067499,5.9169993
0.24068,5.9169993
0.240685,5.9169993
0.24069,5.9169993
0.240695,5.9169993
0.24069999,5.9169993
0.240705,5.9169993
0.24070999,5.9169993
0.240715,5.9169993
0.24071999,5.9169993
0.240725,5.9169993
0.24072999,5.9169993
0.240735,5.9169993
0.24074,5.9169993
0.240745,5.9169993
0.24075,5.9169993
0.24075499,5.9169993
0.24076,5.9169993
0.24076499,5.9169993
0.24077,5.9169993
0.24077499,5.9169993
0.24078,5.9169993
0.24078499,5.9169993
0.24079,5.9169993
0.24079499,5.9169993
0.2408,5.9169993
0.240805,5.9169993
0.24080999,5.9169993
0.240815,5.9169993
0.24081999,5.9169993
0.240825,5.9169993
0.24082999,5.9169993
0.240835,5.9169993
0.24083999,5.9169993
0.240845,5.9169993
0.24084999,5.9169993
0.240855,5.9169993
0.24086,5.9169993
0.24086499,5.9169993
0.24087,5.9169993
0.24087499,5.9169993
0.24088,5.9169993
0.24088499,5.9169993
0.24089,5.9169993
0.24089499,5.9169993
0.2409,5.9169993
0.24090499,5.9169993
0.24091,5.9169993
0.240915,5.9169993
0.24091999,5.9169993
0.240925,5.9169993
0.24092999,5.9169993
0.240935,5.9169993
0.24093999,5.9169993
0.240945,5.9169993
0.24094999,5.9169993
0.240955,5.9169993
0.24095999,5.9169993
0.240965,5.9169993
0.24097,5.9169993
0.24097499,5.9169993
0.24098,5.9169993
0.24098499,5.9169993
0.24099,5.9169993
0.24099499,5.9169993
0.241,5.9169993
0.24100499,5.9169993
0.24101,5.9169993
0.24101499,5.9169993
0.24102,5.9169993
0.241025,5.9169993
0.24103,5.9169993
0.241035,5.9169993
0.24103999,5.9169993
0.241045,5.9169993
0.24104999,5.9169993
0.241055,5.9169993
0.24105999,5.9169993
0.241065,5.9169993
0.24106999,5.9169993
0.241075,5.9169993
0.24108,5.9169993
0.241085,5.9169993
0.24109,5.9169993
0.24109499,5.9169993
0.2411,5.9169993
0.24110499,5.9169993
0.24111,5.9169993
0.24111499,5.9169993
0.24112,5.9169993
0.24112499,5.9169993
0.24113,5.9169993
0.241135,5.9169993
0.24114,5.9169993
0.241145,5.9169993
0.24114999,5.9169993
0.241155,5.9169993
0.24115999,5.9169993
0.241165,5.9169993
0.24116999,5.9169993
0.241175,5.9169993
0.24117999,5.9169993
0.241185,5.9169993
0.24118999,5.9169993
0.241195,5.9169993
0.2412,5.9169993
0.24120499,5.9169993
0.24121,5.9169993
0.24121499,5.9169993
0.24122,5.9169993
0.24122499,5.9169993
0.24123,5.9169993
0.24123499,5.9169993
0.24124,5.9169993
0.24124499,5.9169993
0.24125,5.9169993
0.241255,5.9169993
0.24125999,5.9169993
0.241265,5.9169993
0.24126999,5.9169993
0.241275,5.9169993
0.24127999,5.9169993
0.241285,5.9169993
0.24128999,5.9169993
0.241295,5.9169993
0.24129999,5.9169993
0.241305,5.9169993
0.24131,5.9169993
0.24131499,5.9169993
0.24132,5.9169993
0.24132499,5.9169993
0.24133,5.9169993
0.24133499,5.9169993
0.24134,5.9169993
0.24134499,5.9169993
0.24135,5.9169993
0.24135499,5.9169993
0.24136,5.9169993
0.241365,5.9169993
0.24136999,5.9169993
0.241375,5.9169993
0.24137999,5.9169993
0.241385,5.9169993
0.24138999,5.9169993
0.241395,5.9169993
0.24139999,5.9169993
0.241405,5.9169993
0.24140999,5.9169993
0.241415,5.9169993
0.24142,5.9169993
0.241425,5.9169993
0.24143,5.9169993
0.24143499,5.9169993
0.24144,5.9169993
0.24144499,5.9169993
0.24145,5.9169993
0.24145499,5.9169993
0.24146,5.9169993
0.24146499,5.9169993
0.24147,5.9169993
0.241475,5.9169993
0.24148,5.9169993
0.241485,5.9169993
0.24148999,5.9169993
0.241495,5.9169993
0.24149999,5.9169993
0.241505,5.9169993
0.24150999,5.9169993
0.241515,5.9169993
0.24151999,5.9169993
0.241525,5.9169993
0.24153,5.9169993
0.241535,5.9169993
0.24154,5.9169993
0.24154499,5.9169993
0.24155,5.9169993
0.24155499,5.9169993
0.24156,5.9169993
0.24156499,5.9169993
0.24157,5.9169993
0.24157499,5.9169993
0.24158,5.9169993
0.24158499,5.9169993
0.24159,5.9169993
0.241595,5.9169993
0.24159999,5.9169993
0.241605,5.9169993
0.24160999,5.9169993
0.241615,5.9169993
0.24161999,5.9169993
0.241625,5.9169993
0.24162999,5.9169993
0.241635,5.9169993
0.24163999,5.9169993
0.241645,5.9169993
0.24165,5.9169993
0.24165499,5.9169993
0.24166,5.9169993
0.24166499,5.9169993
0.24167,5.9169993
0.24167499,5.9169993
0.24168,5.9169993
0.24168499,5.9169993
0.24169,5.9169993
0.24169499,5.9169993
0.2417,5.9169993
0.241705,5.9169993
0.24170999,5.9169993
0.241715,5.9169993
0.24171999,5.9169993
0.241725,5.9169993
0.24172999,5.9169993
0.241735,5.9169993
0.24173999,5.9169993
0.241745,5.9169993
0.24174999,5.9169993
0.241755,5.9169993
0.24176,5.9169993
0.24176499,5.9169993
0.24177,5.9169993
0.24177499,5.9169993
0.24178,5.9169993
0.24178499,5.9169993
0.24179,5.9169993
0.24179499,5.9169993
0.2418,5.9169993
0.24180499,5.9169993
0.24181,5.9169993
0.241815,5.9169993
0.24182,5.9169993
0.241825,5.9169993
0.24182999,5.9169993
0.241835,5.9169993
0.24183999,5.9169993
0.241845,5.9169993
0.24184999,5.9169993
0.241855,5.9169993
0.24185999,5.9169993
0.241865,5.9169993
0.24187,5.9169993
0.241875,5.9169993
0.24188,5.9169993
0.24188499,5.9169993
0.24189,5.9169993
0.24189499,5.9169993
0.2419,5.9169993
0.24190499,5.9169993
0.24191,5.9169993
0.24191499,5.9169993
0.24192,5.9169993
0.241925,5.9169993
0.24193,5.9169993
0.241935,5.9169993
0.24193999,5.9169993
0.241945,5.9169993
0.24194999,5.9169993
0.241955,5.9169993
0.24195999,5.9169993
0.241965,5.9169993
0.24196999,5.9169993
0.241975,5.9169993
0.24198,5.9169993
0.241985,5.9169993
0.24199,5.9169993
0.24199499,5.9169993
0.242,5.9169993
0.24200499,5.9169993
0.24201,5.9169993
0.24201499,5.9169993
0.24202,5.9169993
0.24202499,5.9169993
0.24203,5.9169993
0.24203499,5.9169993
0.24204,5.9169993
0.242045,5.9169993
0.24204999,5.9169993
0.242055,5.9169993
0.24205999,5.9169993
0.242065,5.9169993
0.24206999,5.9169993
0.242075,5.9169993
0.24207999,5.9169993
0.242085,5.9169993
0.24208999,5.9169993
0.242095,5.9169993
0.2421,5.9169993
0.24210499,5.9169993
0.24211,5.9169993
0.24211499,5.9169993
0.24212,5.9169993
0.24212499,5.9169993
0.24213,5.9169993
0.24213499,5.9169993
0.24214,5.9169993
0.24214499,5.9169993
0.24215,5.9169993
0.242155,5.9169993
0.24215999,5.9169993
0.242165,5.9169993
0.24216999,5.9169993
0.242175,5.9169993
0.24217999,5.9169993
0.242185,5.9169993
0.24218999,5.9169993
0.242195,5.9169993
0.24219999,5.9169993
0.242205,5.9169993
0.24221,5.9169993
0.242215,5.9169993
0.24222,5.9169993
0.24222499,5.9169993
0.24223,5.9169993
0.24223499,5.9169993
0.24224,5.9169993
0.24224499,5.9169993
0.24225,5.9169993
0.24225499,5.9169993
0.24226,5.9169993
0.242265,5.9169993
0.24227,5.9169993
0.242275,5.9169993
0.24227999,5.9169993
0.242285,5.9169993
0.24228999,5.9169993
0.242295,5.9169993
0.24229999,5.9169993
0.242305,5.9169993
0.24230999,5.9169993
0.242315,5.9169993
0.24232,5.9169993
0.242325,5.9169993
0.24233,5.9169993
0.24233499,5.9169993
0.24234,5.9169993
0.24234499,5.9169993
0.24235,5.9169993
0.24235499,5.9169993
0.24236,5.9169993
0.24236499,5.9169993
0.24237,5.9169993
0.242375,5.9169993
0.24238,5.9169993
0.242385,5.9169993
0.24238999,5.9169993
0.242395,5.9169993
0.24239999,5.9169993
0.242405,5.9169993
0.24240999,5.9169993
0.242415,5.9169993
0.24241999,5.9169993
0.242425,5.9169993
0.24242999,5.9169993
0.242435,5.9169993
0.24244,5.9169993
0.24244499,5.9169993
0.24245,5.9169993
0.24245499,5.9169993
0.24246,5.9169993
0.24246499,5.9169993
0.24247,5.9169993
0.24247499,5.9169993
0.24248,5.9169993
0.24248499,5.9169993
0.24249,5.9169993
0.242495,5.9169993
0.24249999,5.9169993
0.242505,5.9169993
0.24250999,5.9169993
0.242515,5.9169993
0.24251999,5.9169993
0.242525,5.9169993
0.24252999,5.9169993
0.242535,5.9169993
0.24253999,5.9169993
0.242545,5.9169993
0.24255,5.9169993
0.24255499,5.9169993
0.24256,5.9169993
0.24256499,5.9169993
0.24257,5.9169993
0.24257499,5.9169993
0.24258,5.9169993
0.24258499,5.9169993
0.24259,5.9169993
0.24259499,5.9169993
0.2426,5.9169993
0.242605,5.9169993
0.24261,5.9169993
0.242615,5.9169993
0.24261999,5.9169993
0.242625,5.9169993
0.24262999,5.9169993
0.242635,5.9169993
0.24263999,5.9169993
0.242645,5.9169993
0.24264999,5.9169993
0.242655,5.9169993
0.24266,5.9169993
0.242665,5.9169993
0.24267,5.9169993
0.24267499,5.9169993
0.24268,5.9169993
0.24268499,5.9169993
0.24269,5.9169993
0.24269499,5.9169993
0.2427,5.9169993
0.24270499,5.9169993
0.24271,5.9169993
0.242715,5.9169993
0.24272,5.9169993
0.242725,5.9169993
0.24272999,5.9169993
0.242735,5.9169993
0.24273999,5.9169993
0.242745,5.9169993
0.24274999,5.9169993
0.242755,5.9169993
0.24275999,5.9169993
0.242765,5.9169993
0.24277,5.9169993
0.242775,5.9169993
0.24278,5.9169993
0.24278499,5.9169993
0.24279,5.9169993
0.24279499,5.9169993
0.2428,5.9169993
0.24280499,5.9169993
0.24281,5.9169993
0.24281499,5.9169993
0.24282,5.9169993
0.24282499,5.9169993
0.24283,5.9169993
0.242835,5.9169993
0.24283999,5.9169993
0.242845,5.9169993
0.24284999,5.9169993
0.242855,5.9169993
0.24285999,5.9169993
0.242865,5.9169993
0.24286999,5.9169993
0.242875,5.9169993
0.24287999,5.9169993
0.242885,5.9169993
0.24289,5.9169993
0.24289499,5.9169993
0.2429,5.9169993
0.24290499,5.9169993
0.24291,5.9169993
0.24291499,5.9169993
0.24292,5.9169993
0.24292499,5.9169993
0.24293,5.9169993
0.24293499,5.9169993
0.24294,5.9169993
0.242945,5.9169993
0.24294999,5.9169993
0.242955,5.9169993
0.24295999,5.9169993
0.242965,5.9169993
0.24296999,5.9169993
0.242975,5.9169993
0.24297999,5.9169993
0.242985,5.9169993
0.24298999,5.9169993
0.242995,5.9169993
0.243,5.9169993
0.243005,5.9169993
0.24301,5.9169993
0.24301499,5.9169993
0.24302,5.9169993
0.24302499,5.9169993
0.24303,5.9169993
0.24303499,5.9169993
0.24304,5.9169993
0.24304499,5.9169993
0.24305,5.9169993
0.243055,5.9169993
0.24306,5.9169993
0.243065,5.9169993
0.24306999,5.9169993
0.243075,5.9169993
0.24307999,5.9169993
0.243085,5.9169993
0.24308999,5.9169993
0.243095,5.9169993
0.24309999,5.9169993
0.243105,5.9169993
0.24311,5.9169993
0.243115,5.9169993
0.24312,5.9169993
0.24312499,5.9169993
0.24313,5.9169993
0.24313499,5.9169993
0.24314,5.9169993
0.24314499,5.9169993
0.24315,5.9169993
0.24315499,5.9169993
0.24316,5.9169993
0.243165,5.9169993
0.24317,5.9169993
0.243175,5.9169993
0.24317999,5.9169993
0.243185,5.9169993
0.24318999,5.9169993
0.243195,5.9169993
0.24319999,5.9169993
0.243205,5.9169993
0.24320999,5.9169993
0.243215,5.9169993
0.24321999,5.9169993
0.243225,5.9169993
0.24323,5.9169993
0.24323499,5.9169993
0.24324,5.9169993
0.24324499,5.9169993
0.24325,5.9169993
0.24325499,5.9169993
0.24326,5.9169993
0.24326499,5.9169993
0.24327,5.9169993
0.24327499,5.9169993
0.24328,5.9169993
0.243285,5.9169993
0.24328999,5.9169993
0.243295,5.9169993
0.24329999,5.9169993
0.243305,5.9169993
0.24330999,5.9169993
0.243315,5.9169993
0.24331999,5.9169993
0.243325,5.9169993
0.24332999,5.9169993
0.243335,5.9169993
0.24334,5.9169993
0.24334499,5.9169993
0.24335,5.9169993
0.24335499,5.9169993
0.24336,5.9169993
0.24336499,5.9169993
0.24337,5.9169993
0.24337499,5.9169993
0.24338,5.9169993
0.24338499,5.9169993
0.24339,5.9169993
0.243395,5.9169993
0.2434,5.9169993
0.243405,5.9169993
0.24340999,5.9169993
0.243415,5.9169993
0.24341999,5.9169993
0.243425,5.9169993
0.24342999,5.9169993
0.243435,5.9169993
0.24343999,5.9169993
0.243445,5.9169993
0.24345,5.9169993
0.243455,5.9169993
0.24346,5.9169993
0.24346499,5.9169993
0.24347,5.9169993
0.24347499,5.9169993
0.24348,5.9169993
0.24348499,5.9169993
0.24349,5.9169993
0.24349499,5.9169993
0.2435,5.9169993
0.243505,5.9169993
0.24351,5.9169993
0.243515,5.9169993
0.24351999,5.9169993
0.243525,5.9169993
0.24352999,5.9169993
0.243535,5.9169993
0.24353999,5.9169993
0.243545,5.9169993
0.24354999,5.9169993
0.243555,5.9169993
0.24356,5.9169993
0.243565,5.9169993
0.24357,5.9169993
0.24357499,5.9169993
0.24358,5.9169993
0.24358499,5.9169993
0.24359,5.9169993
0.24359499,5.9169993
0.2436,5.9169993
0.24360499,5.9169993
0.24361,5.9169993
0.24361499,5.9169993
0.24362,5.9169993
0.243625,5.9169993
0.24362999,5.9169993
0.243635,5.9169993
0.24363999,5.9169993
0.243645,5.9169993
0.24364999,5.9169993
0.243655,5.9169993
0.24365999,5.9169993
0.243665,5.9169993
0.24366999,5.9169993
0.243675,5.9169993
0.24368,5.9169993
0.24368499,5.9169993
0.24369,5.9169993
0.24369499,5.9169993
0.2437,5.9169993
0.24370499,5.9169993
0.24371,5.9169993
0.24371499,5.9169993
0.24372,5.9169993
0.24372499,5.9169993
0.24373,5.9169993
0.243735,5.9169993
0.24373999,5.9169993
0.243745,5.9169993
0.24374999,5.9169993
0.243755,5.9169993
0.24375999,5.9169993
0.243765,5.9169993
0.24376999,5.9169993
0.243775,5.9169993
0.24377999,5.9169993
0.243785,5.9169993
0.24379,5.9169993
0.243795,5.9169993
0.2438,5.9169993
0.24380499,5.9169993
0.24381,5.9169993
0.24381499,5.9169993
0.24382,5.9169993
0.24382499,5.9169993
0.24383,5.9169993
0.24383499,5.9169993
0.24384,5.9169993
0.243845,5.9169993
0.24385,5.9169993
0.243855,5.9169993
0.24385999,5.9169993
0.243865,5.9169993
0.24386999,5.9169993
0.243875,5.9169993
0.24387999,5.9169993
0.243885,5.9169993
0.24388999,5.9169993
0.243895,5.9169993
0.2439,5.9169993
0.243905,5.9169993
0.24391,5.9169993
0.24391499,5.9169993
0.24392,5.9169993
0.24392499,5.9169993
0.24393,5.9169993
0.24393499,5.9169993
0.24394,5.9169993
0.24394499,5.9169993
0.24395,5.9169993
0.243955,5.9169993
0.24396,5.9169993
0.243965,5.9169993
0.24396999,5.9169993
0.243975,5.9169993
0.24397999,5.9169993
0.243985,5.9169993
0.24398999,5.9169993
0.243995,5.9169993
0.24399999,5.9169993
0.244005,5.9169993
0.24400999,5.9169993
0.244015,5.9169993
0.24402,5.9169993
0.24402499,5.9169993
0.24403,5.9169993
0.24403499,5.9169993
0.24404,5.9169993
0.24404499,5.9169993
0.24405,5.9169993
0.24405499,5.9169993
0.24406,5.9169993
0.24406499,5.9169993
0.24407,5.9169993
0.244075,5.9169993
0.24407999,5.9169993
0.244085,5.9169993
0.24408999,5.9169993
0.244095,5.9169993
0.24409999,5.9169993
0.244105,5.9169993
0.24410999,5.9169993
0.244115,5.9169993
0.24411999,5.9169993
0.244125,5.9169993
0.24413,5.9169993
0.24413499,5.9169993
0.24414,5.9169993
0.24414499,5.9169993
0.24415,5.9169993
0.24415499,5.9169993
0.24416,5.9169993
0.24416499,5.9169993
0.24417,5.9169993
0.24417499,5.9169993
0.24418,5.9169993
0.244185,5.9169993
0.24418999,5.9169993
0.244195,5.9169993
0.24419999,5.9169993
0.244205,5.9169993
0.24420999,5.9169993
0.244215,5.9169993
0.24421999,5.9169993
0.244225,5.9169993
0.24422999,5.9169993
0.244235,5.9169993
0.24424,5.9169993
0.244245,5.9169993
0.24425,5.9169993
0.24425499,5.9169993
0.24426,5.9169993
0.24426499,5.9169993
0.24427,5.9169993
0.24427499,5.9169993
0.24428,5.9169993
0.24428499,5.9169993
0.24429,5.9169993
0.244295,5.9169993
0.2443,5.9169993
0.244305,5.9169993
0.24430999,5.9169993
0.244315,5.9169993
0.24431999,5.9169993
0.244325,5.9169993
0.24432999,5.9169993
0.244335,5.9169993
0.24433999,5.9169993
0.244345,5.9169993
0.24435,5.9169993
0.244355,5.9169993
0.24436,5.9169993
0.24436499,5.9169993
0.24437,5.9169993
0.24437499,5.9169993
0.24438,5.9169993
0.24438499,5.9169993
0.24439,5.9169993
0.24439499,5.9169993
0.2444,5.9169993
0.24440499,5.9169993
0.24441,5.9169993
0.244415,5.9169993
0.24441999,5.9169993
0.244425,5.9169993
0.24442999,5.9169993
0.244435,5.9169993
0.24443999,5.9169993
0.244445,5.9169993
0.24444999,5.9169993
0.244455,5.9169993
0.24445999,5.9169993
0.244465,5.9169993
0.24447,5.9169993
0.24447499,5.9169993
0.24448,5.9169993
0.24448499,5.9169993
0.24449,5.9169993
0.24449499,5.9169993
0.2445,5.9169993
0.24450499,5.9169993
0.24451,5.9169993
0.24451499,5.9169993
0.24452,5.9169993
0.244525,5.9169993
0.24452999,5.9169993
0.244535,5.9169993
0.24453999,5.9169993
0.244545,5.9169993
0.24454999,5.9169993
0.244555,5.9169993
0.24455999,5.9169993
0.244565,5.9169993
0.24456999,5.9169993
0.244575,5.9169993
0.24458,5.9169993
0.24458499,5.9169993
0.24459,5.9169993
0.24459499,5.9169993
0.2446,5.9169993
0.24460499,5.9169993
0.24461,5.9169993
0.24461499,5.9169993
0.24462,5.9169993
0.24462499,5.9169993
0.24463,5.9169993
0.244635,5.9169993
0.24464,5.9169993
0.244645,5.9169993
0.24464999,5.9169993
0.244655,5.9169993
0.24465999,5.9169993
0.244665,5.9169993
0.24466999,5.9169993
0.244675,5.9169993
0.24467999,5.9169993
0.244685,5.9169993
0.24469,5.9169993
0.244695,5.9169993
0.2447,5.9169993
0.24470499,5.9169993
0.24471,5.9169993
0.24471499,5.9169993
0.24472,5.9169993
0.24472499,5.9169993
0.24473,5.9169993
0.24473499,5.9169993
0.24474,5.9169993
0.244745,5.9169993
0.24475,5.9169993
0.244755,5.9169993
0.24475999,5.9169993
0.244765,5.9169993
0.24476999,5.9169993
0.244775,5.9169993
0.24477999,5.9169993
0.244785,5.9169993
0.24478999,5.9169993
0.244795,5.9169993
0.24479999,5.9169993
0.244805,5.9169993
0.24481,5.9169993
0.24481499,5.9169993
0.24482,5.9169993
0.24482499,5.9169993
0.24483,5.9169993
0.24483499,5.9169993
0.24484,5.9169993
0.24484499,5.9169993
0.24485,5.9169993
0.24485499,5.9169993
0.24486,5.9169993
0.244865,5.9169993
0.24486999,5.9169993
0.244875,5.9169993
0.24487999,5.9169993
0.244885,5.9169993
0.24488999,5.9169993
0.244895,5.9169993
0.24489999,5.9169993
0.244905,5.9169993
0.24490999,5.9169993
0.244915,5.9169993
0.24492,5.9169993
0.24492499,5.9169993
0.24493,5.9169993
0.24493499,5.9169993
0.24494,5.9169993
0.24494499,5.9169993
0.24495,5.9169993
0.24495499,5.9169993
0.24496,5.9169993
0.24496499,5.9169993
0.24497,5.9169993
0.244975,5.9169993
0.24497999,5.9169993
0.244985,5.9169993
0.24498999,5.9169993
0.244995,5.9169993
0.24499999,5.9169993
0.245005,5.9169993
0.24500999,5.9169993
0.245015,5.9169993
0.24501999,5.9169993
0.245025,5.9169993
0.24503,5.9169993
0.245035,5.9169993
0.24504,5.9169993
0.24504499,5.9169993
0.24505,5.9169993
0.24505499,5.9169993
0.24506,5.9169993
0.24506499,5.9169993
0.24507,5.9169993
0.24507499,5.9169993
0.24508,5.9169993
0.245085,5.9169993
0.24509,5.9169993
0.245095,5.9169993
0.24509999,5.9169993
0.245105,5.9169993
0.24510999,5.9169993
0.245115,5.9169993
0.24511999,5.9169993
0.245125,5.9169993
0.24512999,5.9169993
0.245135,5.9169993
0.24514,5.9169993
0.245145,5.9169993
0.24515,5.870768
0.24515499,5.824537
0.24516,5.824537
0.24516499,5.824537
0.24517,5.870768
0.24517499,5.870768
0.24518,5.9169993
0.24518499,5.9169993
0.24519,5.9169993
0.24519499,5.9169993
0.2452,5.9169993
0.245205,5.9169993
0.24520999,5.9169993
0.245215,5.9169993
0.24521999,5.9169993
0.245225,5.9169993
0.24522999,5.9169993
0.245235,5.9169993
0.24523999,5.9169993
0.245245,5.9169993
0.24524999,5.9169993
0.245255,5.9169993
0.24526,5.9169993
0.24526499,5.9169993
0.24527,5.9169993
0.24527499,5.9169993
0.24528,5.9169993
0.24528499,5.9169993
0.24529,5.9169993
0.24529499,5.9169993
0.2453,5.9169993
0.24530499,5.9169993
0.24531,5.9169993
0.245315,5.9169993
0.24531999,5.9169993
0.245325,5.9169993
0.24532999,5.9169993
0.245335,5.9169993
0.24533999,5.9169993
0.245345,5.9169993
0.24534999,5.9169993
0.245355,5.9169993
0.24535999,5.9169993
0.245365,5.9169993
0.24537,0.27677202
0.24537499,0.27677202
0.24538,0.27677202
0.24538499,0.23054075
0.24539,0.23054075
0.24539499,0.184309
0.2454,0.184309
0.24540499,0.184309
0.24541,0.184309
0.24541499,0.13807821
0.24542,0.13807821
0.245425,0.13807821
0.24543,0.13807821
0.245435,0.13807821
0.24543999,0.13807821
0.245445,0.13807821
0.24544999,0.13807821
0.245455,0.13807821
0.24545999,0.13807821
0.245465,0.13807821
0.24546999,0.13807821
0.245475,0.13807821
0.24548,0.13807821
0.245485,0.13807821
0.24549,0.13807821
0.24549499,0.13807821
0.2455,0.13807821
0.24550499,0.13807821
0.24551,0.13807821
0.24551499,0.13807821
0.24552,0.13807821
0.24552499,0.13807821
0.24553,0.13807821
0.245535,0.13807821
0.24554,0.13807821
0.245545,0.13807821
0.24554999,0.13807821
0.245555,0.13807821
0.24555999,0.13807821
0.245565,0.13807821
0.24556999,0.13807821
0.245575,0.13807821
0.24557999,0.13807821
0.245585,0.13807821
0.24558999,0.13807821
0.245595,0.13807821
0.2456,0.13807821
0.24560499,0.13807821
0.24561,0.13807821
0.24561499,0.13807821
0.24562,0.13807821
0.24562499,0.13807821
0.24563,0.13807821
0.24563499,0.13807821
0.24564,0.13807821
0.24564499,0.13807821
0.24565,0.13807821
0.245655,0.13807821
0.24565999,0.13807821
0.245665,0.13807821
0.24566999,0.13807821
0.245675,0.13807821
0.24567999,0.13807821
0.245685,0.13807821
0.24568999,0.13807821
0.245695,0.13807821
0.24569999,0.13807821
0.245705,0.13807821
0.24571,0.13807821
0.24571499,0.13807821
0.24572,0.13807821
0.24572499,0.13807821
0.24573,0.13807821
0.24573499,0.13807821
0.24574,0.13807821
0.24574499,0.13807821
0.24575,0.13807821
0.24575499,0.13807821
0.24576,0.13807821
0.245765,0.13807821
0.24576999,0.13807821
0.245775,0.13807821
0.24577999,0.13807821
0.245785,0.13807821
0.24578999,0.13807821
0.245795,0.13807821
0.24579999,0.13807821
0.245805,0.13807821
0.24580999,0.13807821
0.245815,0.13807821
0.24582,0.13807821
0.245825,0.13807821
0.24583,0.13807821
0.24583499,0.13807821
0.24584,0.13807821
0.24584499,0.13807821
0.24585,0.13807821
0.24585499,0.13807821
0.24586,0.13807821
0.24586499,0.13807821
0.24587,0.13807821
0.245875,0.13807821
0.24588,0.13807821
0.245885,0.13807821
0.24588999,0.13807821
0.245895,0.13807821
0.24589999,0.13807821
0.245905,0.13807821
0.24590999,0.13807821
0.245915,0.13807821
0.24591999,0.13807821
0.245925,0.13807821
0.24593,0.13807821
0.245935,0.13807821
0.24594,0.13807821
0.24594499,0.13807821
0.24595,0.13807821
0.24595499,0.13807821
0.24596,0.13807821
0.24596499,0.13807821
0.24597,0.13807821
0.24597499,0.13807821
0.24598,0.13807821
0.24598499,0.13807821
0.24599,0.13807821
0.245995,0.13807821
0.24599999,0.13807821
0.246005,0.13807821
0.24600999,0.13807821
0.246015,0.13807821
0.24601999,0.13807821
0.246025,0.13807821
0.24602999,0.13807821
0.246035,0.13807821
0.24603999,0.13807821
0.246045,0.13807821
0.24605,0.13807821
0.24605499,0.13807821
0.24606,0.13807821
0.24606499,0.13807821
0.24607,0.13807821
0.24607499,0.13807821
0.24608,0.13807821
0.24608499,0.13807821
0.24609,0.13807821
0.24609499,0.13807821
0.2461,0.13807821
0.246105,0.13807821
0.24610999,0.13807821
0.246115,0.13807821
0.24611999,0.13807821
0.246125,0.13807821
0.24612999,0.13807821
0.246135,0.13807821
0.24613999,0.13807821
0.246145,0.13807821
0.24614999,0.13807821
0.246155,0.13807821
0.24616,0.13807821
0.24616499,0.13807821
0.24617,0.13807821
0.24617499,0.13807821
0.24618,0.13807821
0.24618499,0.13807821
0.24619,0.13807821
0.24619499,0.13807821
0.2462,0.13807821
0.24620499,0.13807821
0.24621,0.13807821
0.246215,0.13807821
0.24622,0.13807821
0.246225,0.13807821
0.24622999,0.13807821
0.246235,0.13807821
0.24623999,0.13807821
0.246245,0.13807821
0.24624999,0.13807821
0.246255,0.13807821
0.24625999,0.13807821
0.246265,0.13807821
0.24627,0.13807821
0.246275,0.13807821
0.24628,0.13807821
0.24628499,0.13807821
0.24629,0.13807821
0.24629499,0.13807821
0.2463,0.13807821
0.24630499,0.13807821
0.24631,0.13807821
0.24631499,0.13807821
0.24632,0.13807821
0.246325,0.13807821
0.24633,0.13807821
0.246335,0.13807821
0.24633999,0.13807821
0.246345,0.13807821
0.24634999,0.13807821
0.246355,0.13807821
0.24635999,0.13807821
0.246365,0.13807821
0.24636999,0.13807821
0.246375,0.13807821
0.24637999,0.13807821
0.246385,0.13807821
0.24639,0.13807821
0.24639499,0.13807821
0.2464,0.13807821
0.24640499,0.13807821
0.24641,0.13807821
0.24641499,0.13807821
0.24642,0.13807821
0.24642499,0.13807821
0.24643,0.13807821
0.24643499,0.13807821
0.24644,0.13807821
0.246445,0.13807821
0.24644999,0.13807821
0.246455,0.13807821
0.24645999,0.13807821
0.246465,0.13807821
0.24646999,0.13807821
0.246475,0.13807821
0.24647999,0.13807821
0.246485,0.13807821
0.24648999,0.13807821
0.246495,0.13807821
0.2465,0.13807821
0.24650499,0.13807821
0.24651,0.13807821
0.24651499,0.13807821
0.24652,0.13807821
0.24652499,0.13807821
0.24653,0.13807821
0.24653499,0.13807821
0.24654,0.13807821
0.24654499,0.13807821
0.24655,0.13807821
0.246555,0.13807821
0.24655999,0.13807821
0.246565,0.13807821
0.24656999,0.13807821
0.246575,0.13807821
0.24657999,0.13807821
0.246585,0.13807821
0.24658999,0.13807821
0.246595,0.13807821
0.24659999,0.13807821
0.246605,0.13807821
0.24661,0.13807821
0.246615,0.13807821
0.24662,0.13807821
0.24662499,0.13807821
0.24663,0.13807821
0.24663499,0.13807821
0.24664,0.13807821
0.24664499,0.13807821
0.24665,0.13807821
0.24665499,0.13807821
0.24666,0.13807821
0.246665,0.13807821
0.24667,0.13807821
0.246675,0.13807821
0.24667999,0.13807821
0.246685,0.13807821
0.24668999,0.13807821
0.246695,0.13807821
0.24669999,0.13807821
0.246705,0.13807821
0.24670999,0.13807821
0.246715,0.13807821
0.24672,0.13807821
0.246725,0.13807821
0.24673,0.13807821
0.24673499,0.13807821
0.24674,0.13807821
0.24674499,0.13807821
0.24675,0.13807821
0.24675499,0.13807821
0.24676,0.13807821
0.24676499,0.13807821
0.24677,0.13807821
0.24677499,0.13807821
0.24678,0.13807821
0.246785,0.13807821
0.24678999,0.13807821
0.246795,0.13807821
0.24679999,0.13807821
0.246805,0.13807821
0.24680999,0.13807821
0.246815,0.13807821
0.24681999,0.13807821
0.246825,0.13807821
0.24682999,0.13807821
0.246835,0.13807821
0.24684,0.13807821
0.24684499,0.13807821
0.24685,0.13807821
0.24685499,0.13807821
0.24686,0.13807821
0.24686499,0.13807821
0.24687,0.13807821
0.24687499,0.13807821
0.24688,0.13807821
0.24688499,0.13807821
0.24689,0.13807821
0.246895,0.13807821
0.24689999,0.13807821
0.246905,0.13807821
0.24690999,0.13807821
0.246915,0.13807821
0.24691999,0.13807821
0.246925,0.13807821
0.24692999,0.13807821
0.246935,0.13807821
0.24693999,0.13807821
0.246945,0.13807821
0.24695,0.13807821
0.24695499,0.13807821
0.24696,0.13807821
0.24696499,0.13807821
0.24697,0.13807821
0.24697499,0.13807821
0.24698,0.13807821
0.24698499,0.13807821
0.24699,0.13807821
0.24699499,0.13807821
0.247,0.13807821
0.247005,0.13807821
0.24701,0.13807821
0.247015,0.13807821
0.24701999,0.13807821
0.247025,0.13807821
0.24702999,0.13807821
0.247035,0.13807821
0.24703999,0.13807821
0.247045,0.13807821
0.24704999,0.13807821
0.247055,0.13807821
0.24706,0.13807821
0.247065,0.13807821
0.24707,0.13807821
0.24707499,0.13807821
0.24708,0.13807821
0.24708499,0.13807821
0.24709,0.13807821
0.24709499,0.13807821
0.2471,0.13807821
0.24710499,0.13807821
0.24711,0.13807821
0.247115,0.13807821
0.24712,0.13807821
0.247125,0.13807821
0.24712999,0.13807821
0.247135,0.13807821
0.24713999,0.13807821
0.247145,0.13807821
0.24714999,0.13807821
0.247155,0.13807821
0.24715999,0.13807821
0.247165,0.13807821
0.24716999,0.13807821
0.247175,0.13807821
0.24718,0.13807821
0.24718499,0.13807821
0.24719,0.13807821
0.24719499,0.13807821
0.2472,0.13807821
0.24720499,0.13807821
0.24721,0.13807821
0.24721499,0.13807821
0.24722,0.13807821
0.24722499,0.13807821
0.24723,0.13807821
0.247235,0.13807821
0.24723999,0.13807821
0.247245,0.13807821
0.24724999,0.13807821
0.247255,0.13807821
0.24725999,0.13807821
0.247265,0.13807821
0.24726999,0.13807821
0.247275,0.13807821
0.24727999,0.13807821
0.247285,0.13807821
0.24729,0.13807821
0.24729499,0.13807821
0.2473,0.13807821
0.24730499,0.13807821
0.24731,0.13807821
0.24731499,0.13807821
0.24732,0.13807821
0.24732499,0.13807821
0.24733,0.13807821
0.24733499,0.13807821
0.24734,0.13807821
0.247345,0.13807821
0.24734999,0.13807821
0.247355,0.13807821
0.24735999,0.13807821
0.247365,0.13807821
0.24736999,0.13807821
0.247375,0.13807821
0.24737999,0.13807821
0.247385,0.13807821
0.24738999,0.13807821
0.247395,0.13807821
0.2474,0.13807821
0.247405,0.13807821
0.24741,0.13807821
0.24741499,0.13807821
0.24742,0.13807821
0.24742499,0.13807821
0.24743,0.13807821
0.24743499,0.13807821
0.24744,0.13807821
0.24744499,0.13807821
0.24745,0.13807821
0.247455,0.13807821
0.24746,0.13807821
0.247465,0.13807821
0.24746999,0.13807821
0.247475,0.13807821
0.24747999,0.13807821
0.247485,0.13807821
0.24748999,0.13807821
0.247495,0.13807821
0.24749999,0.13807821
0.247505,0.13807821
0.24751,0.13807821
0.247515,0.13807821
0.24752,0.13807821
0.24752499,0.13807821
0.24753,0.13807821
0.24753499,0.13807821
0.24754,0.13807821
0.24754499,0.13807821
0.24755,0.13807821
0.24755499,0.13807821
0.24756,0.13807821
0.24756499,0.13807821
0.24757,0.13807821
0.247575,0.13807821
0.24757999,0.13807821
0.247585,0.13807821
0.24758999,0.13807821
0.247595,0.13807821
0.24759999,0.13807821
0.247605,0.13807821
0.24760999,0.13807821
0.247615,0.13807821
0.24761999,0.13807821
0.247625,0.13807821
0.24763,0.13807821
0.24763499,0.13807821
0.24764,0.13807821
0.24764499,0.13807821
0.24765,0.13807821
0.24765499,0.13807821
0.24766,0.13807821
0.24766499,0.13807821
0.24767,0.13807821
0.24767499,0.13807821
0.24768,0.13807821
0.247685,0.13807821
0.24768999,0.13807821
0.247695,0.13807821
0.24769999,0.13807821
0.247705,0.13807821
0.24770999,0.13807821
0.247715,0.13807821
0.24771999,0.13807821
0.247725,0.13807821
0.24772999,0.13807821
0.247735,0.13807821
0.24774,0.13807821
0.24774499,0.13807821
0.24775,0.13807821
0.24775499,0.13807821
0.24776,0.13807821
0.24776499,0.13807821
0.24777,0.13807821
0.24777499,0.13807821
0.24778,0.13807821
0.24778499,0.13807821
0.24779,0.13807821
0.247795,0.13807821
0.2478,0.13807821
0.247805,0.13807821
0.24780999,0.13807821
0.247815,0.13807821
0.24781999,0.13807821
0.247825,0.13807821
0.24782999,0.13807821
0.247835,0.13807821
0.24783999,0.13807821
0.247845,0.13807821
0.24785,0.13807821
0.247855,0.13807821
0.24786,0.13807821
0.24786499,0.13807821
0.24787,0.13807821
0.24787499,0.13807821
0.24788,0.13807821
0.24788499,0.13807821
0.24789,0.13807821
0.24789499,0.13807821
0.2479,0.13807821
0.247905,0.13807821
0.24791,0.13807821
0.247915,0.13807821
0.24791999,0.13807821
0.247925,0.13807821
0.24792999,0.13807821
0.247935,0.13807821
0.24793999,0.13807821
0.247945,0.13807821
0.24794999,0.13807821
0.247955,0.13807821
0.24795999,0.13807821
0.247965,0.13807821
0.24797,0.13807821
0.24797499,0.13807821
0.24798,0.13807821
0.24798499,0.13807821
0.24799,0.13807821
0.24799499,0.13807821
0.248,0.13807821
0.24800499,0.13807821
0.24801,0.13807821
0.24801499,0.13807821
0.24802,0.13807821
0.248025,0.13807821
0.24802999,0.13807821
0.248035,0.13807821
0.24803999,0.13807821
0.248045,0.13807821
0.24804999,0.13807821
0.248055,0.13807821
0.24805999,0.13807821
0.248065,0.13807821
0.24806999,0.13807821
0.248075,0.13807821
0.24808,0.13807821
0.24808499,0.13807821
0.24809,0.13807821
0.24809499,0.13807821
0.2481,0.13807821
0.24810499,0.13807821
0.24811,0.13807821
0.24811499,0.13807821
0.24812,0.13807821
0.24812499,0.13807821
0.24813,0.13807821
0.248135,0.13807821
0.24813999,0.13807821
0.248145,0.13807821
0.24814999,0.13807821
0.248155,0.13807821
0.24815999,0.13807821
0.248165,0.13807821
0.24816999,0.13807821
0.248175,0.13807821
0.24817999,0.13807821
0.248185,0.13807821
0.24819,0.13807821
0.24819499,0.13807821
0.2482,0.13807821
0.24820499,0.13807821
0.24821,0.13807821
0.24821499,0.13807821
0.24822,0.13807821
0.24822499,0.13807821
0.24823,0.13807821
0.24823499,0.13807821
0.24824,0.13807821
0.248245,0.13807821
0.24825,0.13807821
0.248255,0.13807821
0.24825999,0.13807821
0.248265,0.13807821
0.24826999,0.13807821
0.248275,0.13807821
0.24827999,0.13807821
0.248285,0.13807821
0.24828999,0.13807821
0.248295,0.13807821
0.2483,0.13807821
0.248305,0.13807821
0.24831,0.13807821
0.24831499,0.13807821
0.24832,0.13807821
0.24832499,0.13807821
0.24833,0.13807821
0.24833499,0.13807821
0.24834,0.13807821
0.24834499,0.13807821
0.24835,0.13807821
0.24835499,0.13807821
0.24836,0.13807821
0.248365,0.13807821
0.24836999,0.13807821
0.248375,0.13807821
0.24837999,0.13807821
0.248385,0.13807821
0.24838999,0.13807821
0.248395,0.13807821
0.24839999,0.13807821
0.248405,0.13807821
0.24840999,0.13807821
0.248415,0.13807821
0.24842,0.13807821
0.24842499,0.13807821
0.24843,0.13807821
0.24843499,0.13807821
0.24844,0.13807821
0.24844499,0.13807821
0.24845,0.13807821
0.24845499,0.13807821
0.24846,0.13807821
0.24846499,0.13807821
0.24847,0.13807821
0.248475,0.13807821
0.24847999,0.13807821
0.248485,0.13807821
0.24848999,0.13807821
0.248495,0.13807821
0.24849999,0.13807821
0.248505,0.13807821
0.24850999,0.13807821
0.248515,0.13807821
0.24851999,0.13807821
0.248525,0.13807821
0.24853,0.13807821
0.24853499,0.13807821
0.24854,0.13807821
0.24854499,0.13807821
0.24855,0.13807821
0.24855499,0.13807821
0.24856,0.13807821
0.24856499,0.13807821
0.24857,0.13807821
0.24857499,0.13807821
0.24858,0.13807821
0.248585,0.13807821
0.24858999,0.13807821
0.248595,0.13807821
0.24859999,0.13807821
0.248605,0.13807821
0.24860999,0.13807821
0.248615,0.13807821
0.24861999,0.13807821
0.248625,0.13807821
0.24862999,0.13807821
0.248635,0.13807821
0.24864,0.13807821
0.248645,0.13807821
0.24865,0.13807821
0.24865499,0.13807821
0.24866,0.13807821
0.24866499,0.13807821
0.24867,0.13807821
0.24867499,0.13807821
0.24868,0.13807821
0.24868499,0.13807821
0.24869,0.13807821
0.248695,0.13807821
0.2487,0.13807821
0.248705,0.13807821
0.24870999,0.13807821
0.248715,0.13807821
0.24871999,0.13807821
0.248725,0.13807821
0.24872999,0.13807821
0.248735,0.13807821
0.24873999,0.13807821
0.248745,0.13807821
0.24874999,0.13807821
0.248755,0.13807821
0.24876,0.13807821
0.24876499,0.13807821
0.24877,0.13807821
0.24877499,0.13807821
0.24878,0.13807821
0.24878499,0.13807821
0.24879,0.13807821
0.24879499,0.13807821
0.2488,0.13807821
0.24880499,0.13807821
0.24881,0.13807821
0.248815,0.13807821
0.24881999,0.13807821
0.248825,0.13807821
0.24882999,0.13807821
0.248835,0.13807821
0.24883999,0.13807821
0.248845,0.13807821
0.24884999,0.13807821
0.248855,0.13807821
0.24885999,0.13807821
0.248865,0.13807821
0.24887,0.13807821
0.24887499,0.13807821
0.24888,0.13807821
0.24888499,0.13807821
0.24889,0.13807821
0.24889499,0.13807821
0.2489,0.13807821
0.24890499,0.13807821
0.24891,0.13807821
0.24891499,0.13807821
0.24892,0.13807821
0.248925,0.13807821
0.24892999,0.13807821
0.248935,0.13807821
0.24893999,0.13807821
0.248945,0.13807821
0.24894999,0.13807821
0.248955,0.13807821
0.24895999,0.13807821
0.248965,0.13807821
0.24896999,0.13807821
0.248975,0.13807821
0.24898,0.13807821
0.24898499,0.13807821
0.24899,0.13807821
0.24899499,0.13807821
0.249,0.13807821
0.24900499,0.13807821
0.24901,0.13807821
0.24901499,0.13807821
0.24902,0.13807821
0.24902499,0.13807821
0.24903,0.13807821
0.249035,0.13807821
0.24904,0.13807821
0.249045,0.13807821
0.24904999,0.13807821
0.249055,0.13807821
0.24905999,0.13807821
0.249065,0.13807821
0.24906999,0.13807821
0.249075,0.13807821
0.24907999,0.13807821
0.249085,0.13807821
0.24909,0.13807821
0.249095,0.13807821
0.2491,0.13807821
0.24910499,0.13807821
0.24911,0.13807821
0.24911499,0.13807821
0.24912,0.13807821
0.24912499,0.13807821
0.24913,0.13807821
0.24913499,0.13807821
0.24914,0.13807821
0.24914499,0.13807821
0.24915,0.13807821
0.249155,0.13807821
0.24915999,0.13807821
0.249165,0.13807821
0.24916999,0.13807821
0.249175,0.13807821
0.24917999,0.13807821
0.249185,0.13807821
0.24918999,0.13807821
0.249195,0.13807821
0.24919999,0.13807821
0.249205,0.13807821
0.24921,0.13807821
0.24921499,0.13807821
0.24922,0.13807821
0.24922499,0.13807821
0.24923,0.13807821
0.24923499,0.13807821
0.24924,0.13807821
0.24924499,0.13807821
0.24925,0.13807821
0.24925499,0.13807821
0.24926,0.13807821
0.249265,0.13807821
0.24926999,0.13807821
0.249275,0.13807821
0.24927999,0.13807821
0.249285,0.13807821
0.24928999,0.13807821
0.249295,0.13807821
0.24929999,0.13807821
0.249305,0.13807821
0.24930999,0.13807821
0.249315,0.13807821
0.24932,0.13807821
0.24932499,0.13807821
0.24933,0.13807821
0.24933499,0.13807821
0.24934,0.13807821
0.24934499,0.13807821
0.24935,0.13807821
0.24935499,0.13807821
0.24936,0.13807821
0.24936499,0.13807821
0.24937,0.13807821
0.249375,0.13807821
0.24937999,0.13807821
0.249385,0.13807821
0.24938999,0.13807821
0.249395,0.13807821
0.24939999,0.13807821
0.249405,0.13807821
0.24940999,0.13807821
0.249415,0.13807821
0.24941999,0.13807821
0.249425,0.13807821
0.24943,0.13807821
0.249435,0.13807821
0.24944,0.13807821
0.24944499,0.13807821
0.24945,0.13807821
0.24945499,0.13807821
0.24946,0.13807821
0.24946499,0.13807821
0.24947,0.13807821
0.24947499,0.13807821
0.24948,0.13807821
0.249485,0.13807821
0.24949,0.13807821
0.249495,0.13807821
0.24949999,0.13807821
0.249505,0.13807821
0.24950999,0.13807821
0.249515,0.13807821
0.24951999,0.13807821
0.249525,0.13807821
0.24952999,0.13807821
0.249535,0.13807821
0.24953999,0.13807821
0.249545,0.13807821
0.24955,0.13807821
0.24955499,0.13807821
0.24956,0.13807821
0.24956499,0.13807821
0.24957,0.13807821
0.24957499,0.13807821
0.24958,0.13807821
0.24958499,0.13807821
0.24959,0.13807821
0.24959499,0.13807821
0.2496,0.13807821
0.249605,0.13807821
0.24960999,0.13807821
0.249615,0.13807821
0.24961999,0.13807821
0.249625,0.13807821
0.24962999,0.13807821
0.249635,0.13807821
0.24963999,0.13807821
0.249645,0.13807821
0.24964999,0.13807821
0.249655,0.13807821
0.24966,0.13807821
0.24966499,0.13807821
0.24967,0.13807821
0.24967499,0.13807821
0.24968,0.13807821
0.24968499,0.13807821
0.24969,0.13807821
0.24969499,0.13807821
0.2497,0.13807821
0.24970499,0.13807821
0.24971,0.13807821
0.249715,0.13807821
0.24971999,0.13807821
0.249725,0.13807821
0.24972999,0.13807821
0.249735,0.13807821
0.24973999,0.13807821
0.249745,0.13807821
0.24974999,0.13807821
0.249755,0.13807821
0.24975999,0.13807821
0.249765,0.13807821
0.24977,0.13807821
0.24977499,0.13807821
0.24978,0.13807821
0.24978499,0.13807821
0.24979,0.13807821
0.24979499,0.13807821
0.2498,0.13807821
0.24980499,0.13807821
0.24981,0.13807821
0.24981499,0.13807821
0.24982,0.13807821
0.249825,0.13807821
0.24983,0.13807821
0.249835,0.13807821
0.24983999,0.13807821
0.249845,0.13807821
0.24984999,0.13807821
0.249855,0.13807821
0.24985999,0.13807821
0.249865,0.13807821
0.24986999,0.13807821
0.249875,0.13807821
0.24988,0.13807821
0.249885,0.13807821
0.24989,0.13807821
0.24989499,0.13807821
0.2499,0.13807821
0.24990499,0.13807821
0.24991,0.13807821
0.24991499,0.13807821
0.24992,0.13807821
0.24992499,0.13807821
0.24993,0.13807821
0.249935,0.13807821
0.24994,0.13807821
0.249945,0.13807821
0.24994999,0.13807821
0.249955,0.13807821
0.24995999,0.13807821
0.249965,0.13807821
0.24996999,0.13807821
0.249975,0.13807821
0.24997999,0.13807821
0.249985,0.13807821
0.24998999,0.13807821
0.249995,0.13807821
0.25,1.6637135
0.250005,5.870768
0.25000998,5.9169993
0.250015,5.9169993
0.25002,5.9169993
0.250025,5.9169993
0.25002998,5.9169993
0.250035,5.9169993
0.25004,5.9169993
0.250045,5.9169993
0.25005,5.9169993
0.250055,5.9169993
0.25006,5.9169993
0.250065,5.9169993
0.25007,5.9169993
0.25007498,5.9169993
0.25008,5.9169993
0.250085,5.9169993
0.25009,5.9169993
0.25009498,5.9169993
0.2501,5.9169993
0.250105,5.9169993
0.25011,5.9169993
0.250115,5.9169993
0.25011998,5.9169993
0.250125,5.9169993
0.25013,5.9169993
0.250135,5.9169993
0.25013998,5.9169993
0.250145,5.9169993
0.25015,5.9169993
0.250155,5.9169993
0.25015998,5.9169993
0.250165,5.9169993
0.25017,5.9169993
0.250175,5.9169993
0.25018,5.9169993
0.25018498,5.9169993
0.25019,5.9169993
0.250195,5.9169993
0.2502,5.9169993
0.25020498,5.9169993
0.25021,5.9169993
0.250215,5.9169993
0.25022,5.9169993
0.250225,5.9169993
0.25022998,5.9169993
0.250235,5.9169993
0.25024,5.9169993
0.250245,5.9169993
0.25024998,5.9169993
0.250255,5.9169993
0.25026,5.9169993
0.250265,5.9169993
0.25026998,5.9169993
0.250275,5.9169993
0.25028,5.9169993
0.250285,5.9169993
0.25029,5.9169993
0.25029498,5.9169993
0.2503,5.9169993
0.250305,5.9169993
0.25031,5.9169993
0.25031498,5.9169993
0.25032,5.9169993
0.250325,5.9169993
0.25033,5.9169993
0.250335,5.9169993
0.25033998,5.9169993
0.250345,5.9169993
0.25035,5.9169993
0.250355,5.9169993
0.25035998,5.9169993
0.250365,5.9169993
0.25037,5.9169993
0.250375,5.9169993
0.25037998,5.9169993
0.250385,5.9169993
0.25039,5.9169993
0.250395,5.9169993
0.2504,5.9169993
0.25040498,5.9169993
0.25041,5.9169993
0.250415,5.9169993
0.25042,5.9169993
0.25042498,5.9169993
0.25043,5.9169993
0.250435,5.9169993
0.25044,5.9169993
0.250445,5.9169993
0.25045,5.9169993
0.250455,5.9169993
0.25046,5.9169993
0.250465,5.9169993
0.25046998,5.9169993
0.250475,5.9169993
0.25048,5.9169993
0.250485,5.9169993
0.25048998,5.9169993
0.250495,5.9169993
0.2505,5.9169993
0.250505,5.9169993
0.25051,5.9169993
0.25051498,5.9169993
0.25052,5.9169993
0.250525,5.9169993
0.25053,5.9169993
0.25053498,5.9169993
0.25054,5.9169993
0.250545,5.9169993
0.25055,5.9169993
0.25055498,5.9169993
0.25056,5.9169993
0.250565,5.9169993
0.25057,5.9169993
0.250575,5.9169993
0.25057998,5.9169993
0.250585,5.9169993
0.25059,5.9169993
0.250595,5.9169993
0.25059998,5.9169993
0.250605,5.9169993
0.25061,5.9169993
0.250615,5.9169993
0.25062,5.9169993
0.25062498,5.9169993
0.25063,5.9169993
0.250635,5.9169993
0.25064,5.9169993
0.25064498,5.9169993
0.25065,5.9169993
0.250655,5.9169993
0.25066,5.9169993
0.25066498,5.9169993
0.25067,5.9169993
0.250675,5.9169993
0.25068,5.9169993
0.250685,5.9169993
0.25068998,5.9169993
0.250695,5.9169993
0.2507,5.9169993
0.250705,5.9169993
0.25070998,5.9169993
0.250715,5.9169993
0.25072,5.9169993
0.250725,5.9169993
0.25073,5.9169993
0.25073498,5.9169993
0.25074,5.9169993
0.250745,5.9169993
0.25075,5.9169993
0.25075498,5.9169993
0.25076,5.9169993
0.250765,5.9169993
0.25077,5.9169993
0.25077498,5.9169993
0.25078,5.9169993
0.250785,5.9169993
0.25079,5.9169993
0.250795,5.9169993
0.25079998,5.9169993
0.250805,5.9169993
0.25081,5.9169993
0.250815,5.9169993
0.25081998,5.9169993
0.250825,5.9169993
0.25083,5.9169993
0.250835,5.9169993
0.25084,5.9169993
0.250845,5.9169993
0.25085,5.9169993
0.250855,5.9169993
0.25086,5.9169993
0.25086498,5.9169993
0.25087,5.9169993
0.250875,5.9169993
0.25088,5.9169993
0.25088498,5.9169993
0.25089,5.9169993
0.250895,5.9169993
0.2509,5.9169993
0.250905,5.9169993
0.25090998,5.9169993
0.250915,5.9169993
0.25092,5.9169993
0.250925,5.9169993
0.25092998,5.9169993
0.250935,5.9169993
0.25094,5.9169993
0.250945,5.9169993
0.25094998,5.9169993
0.250955,5.9169993
0.25096,5.9169993
0.250965,5.9169993
0.25097,5.9169993
0.25097498,5.9169993
0.25098,5.9169993
0.250985,5.9169993
0.25099,5.9169993
0.25099498,5.9169993
0.251,5.9169993
0.251005,5.9169993
0.25101,5.9169993
0.251015,5.9169993
0.25101998,5.9169993
0.251025,5.9169993
0.25103,5.9169993
0.251035,5.9169993
0.25103998,5.9169993
0.251045,5.9169993
0.25105,5.9169993
0.251055,5.9169993
0.25105998,5.9169993
0.251065,5.9169993
0.25107,5.9169993
0.251075,5.9169993
0.25108,5.9169993
0.25108498,5.9169993
0.25109,5.9169993
0.251095,5.9169993
0.2511,5.9169993
0.25110498,5.9169993
0.25111,5.9169993
0.251115,5.9169993
0.25112,5.9169993
0.251125,5.9169993
0.25112998,5.9169993
0.251135,5.9169993
0.25114,5.9169993
0.251145,5.9169993
0.25114998,5.9169993
0.251155,5.9169993
0.25116,5.9169993
0.251165,5.9169993
0.25116998,5.9169993
0.251175,5.9169993
0.25118,5.9169993
0.251185,5.9169993
0.25119,5.9169993
0.25119498,5.9169993
0.2512,5.9169993
0.251205,5.9169993
0.25121,5.9169993
0.25121498,5.9169993
0.25122,5.9169993
0.251225,5.9169993
0.25123,5.9169993
0.251235,5.9169993
0.25124,5.9169993
0.251245,5.9169993
0.25125,5.9169993
0.251255,5.9169993
0.25125998,5.9169993
0.251265,5.9169993
0.25127,5.9169993
0.251275,5.9169993
0.25127998,5.9169993
0.251285,5.9169993
0.25129,5.9169993
0.251295,5.9169993
0.2513,5.9169993
0.25130498,5.9169993
0.25131,5.9169993
0.251315,5.9169993
0.25132,5.9169993
0.25132498,5.9169993
0.25133,5.9169993
0.251335,5.9169993
0.25134,5.9169993
0.25134498,5.9169993
0.25135,5.9169993
0.251355,5.9169993
0.25136,5.9169993
0.251365,5.9169993
0.25136998,5.9169993
0.251375,5.9169993
0.25138,5.9169993
0.251385,5.9169993
0.25138998,5.9169993
0.251395,5.9169993
0.2514,5.9169993
0.251405,5.9169993
0.25141,5.9169993
0.25141498,5.9169993
0.25142,5.9169993
0.251425,5.9169993
0.25143,5.9169993
0.25143498,5.9169993
0.25144,5.9169993
0.251445,5.9169993
0.25145,5.9169993
0.25145498,5.9169993
0.25146,5.9169993
0.251465,5.9169993
0.25147,5.9169993
0.251475,5.9169993
0.25147998,5.9169993
0.251485,5.9169993
0.25149,5.9169993
0.251495,5.9169993
0.25149998,5.9169993
0.251505,5.9169993
0.25151,5.9169993
0.251515,5.9169993
0.25152,5.9169993
0.25152498,5.9169993
0.25153,5.9169993
0.251535,5.9169993
0.25154,5.9169993
0.25154498,5.9169993
0.25155,5.9169993
0.251555,5.9169993
0.25156,5.9169993
0.25156498,5.9169993
0.25157,5.9169993
0.251575,5.9169993
0.25158,5.9169993
0.251585,5.9169993
0.25158998,5.9169993
0.251595,5.9169993
0.2516,5.9169993
0.251605,5.9169993
0.25160998,5.9169993
0.251615,5.9169993
0.25162,5.9169993
0.251625,5.9169993
0.25163,5.9169993
0.251635,5.9169993
0.25164,5.9169993
0.251645,5.9169993
0.25165,5.9169993
0.25165498,5.9169993
0.25166,5.9169993
0.251665,5.9169993
0.25167,5.9169993
0.25167498,5.9169993
0.25168,5.9169993
0.251685,5.9169993
0.25169,5.9169993
0.251695,5.9169993
0.25169998,5.9169993
0.251705,5.9169993
0.25171,5.9169993
0.251715,5.9169993
0.25171998,5.9169993
0.251725,5.9169993
0.25173,5.9169993
0.251735,5.9169993
0.25173998,5.9169993
0.251745,5.9169993
0.25175,5.9169993
0.251755,5.9169993
0.25176,5.9169993
0.25176498,5.9169993
0.25177,5.9169993
0.251775,5.9169993
0.25178,5.9169993
0.25178498,5.9169993
0.25179,5.9169993
0.251795,5.9169993
0.2518,5.9169993
0.251805,5.9169993
0.25180998,5.9169993
0.251815,5.9169993
0.25182,5.9169993
0.251825,5.9169993
0.25182998,5.9169993
0.251835,5.9169993
0.25184,5.9169993
0.251845,5.9169993
0.25184998,5.9169993
0.251855,5.9169993
0.25186,5.9169993
0.251865,5.9169993
0.25187,5.9169993
0.25187498,5.9169993
0.25188,5.9169993
0.251885,5.9169993
0.25189,5.9169993
0.25189498,5.9169993
0.2519,5.9169993
0.251905,5.9169993
0.25191,5.9169993
0.251915,5.9169993
0.25191998,5.9169993
0.251925,5.9169993
0.25193,5.9169993
0.251935,5.9169993
0.25193998,5.9169993
0.251945,5.9169993
0.25195,5.9169993
0.251955,5.9169993
0.25195998,5.9169993
0.251965,5.9169993
0.25197,5.9169993
0.251975,5.9169993
0.25198,5.9169993
0.25198498,5.9169993
0.25199,5.9169993
0.251995,5.9169993
0.252,5.9169993
0.25200498,5.9169993
0.25201,5.9169993
0.252015,5.9169993
0.25202,5.9169993
0.252025,5.9169993
0.25203,5.9169993
0.252035,5.9169993
0.25204,5.9169993
0.252045,5.9169993
0.25204998,5.9169993
0.252055,5.9169993
0.25206,5.9169993
0.252065,5.9169993
0.25206998,5.9169993
0.252075,5.9169993
0.25208,5.9169993
0.252085,5.9169993
0.25209,5.9169993
0.25209498,5.9169993
0.2521,5.9169993
0.252105,5.9169993
0.25211,5.9169993
0.25211498,5.9169993
0.25212,5.9169993
0.252125,5.9169993
0.25213,5.9169993
0.25213498,5.9169993
0.25214,5.9169993
0.252145,5.9169993
0.25215,5.9169993
0.252155,5.9169993
0.25215998,5.9169993
0.252165,5.9169993
0.25217,5.9169993
0.252175,5.9169993
0.25217998,5.9169993
0.252185,5.9169993
0.25219,5.9169993
0.252195,5.9169993
0.2522,5.9169993
0.25220498,5.9169993
0.25221,5.9169993
0.252215,5.9169993
0.25222,5.9169993
0.25222498,5.9169993
0.25223,5.9169993
0.252235,5.9169993
0.25224,5.9169993
0.25224498,5.9169993
0.25225,5.9169993
0.252255,5.9169993
0.25226,5.9169993
0.252265,5.9169993
0.25226998,5.9169993
0.252275,5.9169993
0.25228,5.9169993
0.252285,5.9169993
0.25228998,5.9169993
0.252295,5.9169993
0.2523,5.9169993
0.252305,5.9169993
0.25231,5.9169993
0.25231498,5.9169993
0.25232,5.9169993
0.252325,5.9169993
0.25233,5.9169993
0.25233498,5.9169993
0.25234,5.9169993
0.252345,5.9169993
0.25235,5.9169993
0.25235498,5.9169993
0.25236,5.9169993
0.252365,5.9169993
0.25237,5.9169993
0.252375,5.9169993
0.25237998,5.9169993
0.252385,5.9169993
0.25239,5.9169993
0.252395,5.9169993
0.25239998,5.9169993
0.252405,5.9169993
0.25241,5.9169993
0.252415,5.9169993
0.25242,5.9169993
0.252425,5.9169993
0.25243,5.9169993
0.252435,5.9169993
0.25244,5.9169993
0.25244498,5.9169993
0.25245,5.9169993
0.252455,5.9169993
0.25246,5.9169993
0.25246498,5.9169993
0.25247,5.9169993
0.252475,5.9169993
0.25248,5.9169993
0.252485,5.9169993
0.25248998,5.9169993
0.252495,5.9169993
0.2525,5.9169993
0.252505,5.9169993
0.25250998,5.9169993
0.252515,5.9169993
0.25252,5.9169993
0.252525,5.9169993
0.25252998,5.9169993
0.252535,5.9169993
0.25254,5.9169993
0.252545,5.9169993
0.25255,5.9169993
0.25255498,5.9169993
0.25256,5.9169993
0.252565,5.9169993
0.25257,5.9169993
0.25257498,5.9169993
0.25258,5.9169993
0.252585,5.9169993
0.25259,5.9169993
0.252595,5.9169993
0.25259998,5.9169993
0.252605,5.9169993
0.25261,5.9169993
0.252615,5.9169993
0.25261998,5.9169993
0.252625,5.9169993
0.25263,5.9169993
0.252635,5.9169993
0.25263998,5.9169993
0.252645,5.9169993
0.25265,5.9169993
0.252655,5.9169993
0.25266,5.9169993
0.25266498,5.9169993
0.25267,5.9169993
0.252675,5.9169993
0.25268,5.9169993
0.25268498,5.9169993
0.25269,5.9169993
0.252695,5.9169993
0.2527,5.9169993
0.252705,5.9169993
0.25270998,5.9169993
0.252715,5.9169993
0.25272,5.9169993
0.252725,5.9169993
0.25272998,5.9169993
0.252735,5.9169993
0.25274,5.9169993
0.252745,5.9169993
0.25274998,5.9169993
0.252755,5.9169993
0.25276,5.9169993
0.252765,5.9169993
0.25277,5.9169993
0.25277498,5.9169993
0.25278,5.9169993
0.252785,5.9169993
0.25279,5.9169993
0.25279498,5.9169993
0.2528,5.9169993
0.252805,5.9169993
0.25281,5.9169993
0.252815,5.9169993
0.25282,5.9169993
0.252825,5.9169993
0.25283,5.9169993
0.252835,5.9169993
0.25283998,5.9169993
0.252845,5.9169993
0.25285,5.9169993
0.252855,5.9169993
0.25285998,5.9169993
0.252865,5.9169993
0.25287,5.9169993
0.252875,5.9169993
0.25288,5.9169993
0.25288498,5.9169993
0.25289,5.9169993
0.252895,5.9169993
0.2529,5.9169993
0.25290498,5.9169993
0.25291,5.9169993
0.252915,5.9169993
0.25292,5.9169993
0.25292498,5.9169993
0.25293,5.9169993
0.252935,5.9169993
0.25294,5.9169993
0.252945,5.9169993
0.25294998,5.9169993
0.252955,5.9169993
0.25296,5.9169993
0.252965,5.9169993
0.25296998,5.9169993
0.252975,5.9169993
0.25298,5.9169993
0.252985,5.9169993
0.25299,5.9169993
0.25299498,5.9169993
0.253,5.9169993
0.253005,5.9169993
0.25301,5.9169993
0.25301498,5.9169993
0.25302,5.9169993
0.253025,5.9169993
0.25303,5.9169993
0.25303498,5.9169993
0.25304,5.9169993
0.253045,5.9169993
0.25305,5.9169993
0.253055,5.9169993
0.25305998,5.9169993
0.253065,5.9169993
0.25307,5.9169993
0.253075,5.9169993
0.25307998,5.9169993
0.253085,5.9169993
0.25309,5.9169993
0.253095,5.9169993
0.2531,5.9169993
0.25310498,5.9169993
0.25311,5.9169993
0.253115,5.9169993
0.25312,5.9169993
0.25312498,5.9169993
0.25313,5.9169993
0.253135,5.9169993
0.25314,5.9169993
0.25314498,5.9169993
0.25315,5.9169993
0.253155,5.9169993
0.25316,5.9169993
0.253165,5.9169993
0.25316998,5.9169993
0.253175,5.9169993
0.25318,5.9169993
0.253185,5.9169993
0.25318998,5.9169993
0.253195,5.9169993
0.2532,5.9169993
0.253205,5.9169993
0.25321,5.9169993
0.253215,5.9169993
0.25322,5.9169993
0.253225,5.9169993
0.25323,5.9169993
0.25323498,5.9169993
0.25324,5.9169993
0.253245,5.9169993
0.25325,5.9169993
0.25325498,5.9169993
0.25326,5.9169993
0.253265,5.9169993
0.25327,5.9169993
0.253275,5.9169993
0.25327998,5.9169993
0.253285,5.9169993
0.25329,5.9169993
0.253295,5.9169993
0.25329998,5.9169993
0.253305,5.9169993
0.25331,5.9169993
0.253315,5.9169993
0.25331998,5.9169993
0.253325,5.9169993
0.25333,5.9169993
0.253335,5.9169993
0.25334,5.9169993
0.25334498,5.9169993
0.25335,5.9169993
0.253355,5.9169993
0.25336,5.9169993
0.25336498,5.9169993
0.25337,5.9169993
0.253375,5.9169993
0.25338,5.9169993
0.253385,5.9169993
0.25338998,5.9169993
0.253395,5.9169993
0.2534,5.9169993
0.253405,5.9169993
0.25340998,5.9169993
0.253415,5.9169993
0.25342,5.9169993
0.253425,5.9169993
0.25342998,5.9169993
0.253435,5.9169993
0.25344,5.9169993
0.253445,5.9169993
0.25345,5.9169993
0.25345498,5.9169993
0.25346,5.9169993
0.253465,5.9169993
0.25347,5.9169993
0.25347498,5.9169993
0.25348,5.9169993
0.253485,5.9169993
0.25349,5.9169993
0.253495,5.9169993
0.25349998,5.9169993
0.253505,5.9169993
0.25351,5.9169993
0.253515,5.9169993
0.25351998,5.9169993
0.253525,5.9169993
0.25353,5.9169993
0.253535,5.9169993
0.25353998,5.9169993
0.253545,5.9169993
0.25355,5.9169993
0.253555,5.9169993
0.25356,5.9169993
0.25356498,5.9169993
0.25357,5.9169993
0.253575,5.9169993
0.25358,5.9169993
0.25358498,5.9169993
0.25359,5.9169993
0.253595,5.9169993
0.2536,5.9169993
0.253605,5.9169993
0.25361,5.9169993
0.253615,5.9169993
0.25362,5.9169993
0.253625,5.9169993
0.25362998,5.9169993
0.253635,5.9169993
0.25364,5.9169993
0.253645,5.9169993
0.25364998,5.9169993
0.253655,5.9169993
0.25366,5.9169993
0.253665,5.9169993
0.25367,5.9169993
0.25367498,5.9169993
0.25368,5.9169993
0.253685,5.9169993
0.25369,5.9169993
0.25369498,5.9169993
0.2537,5.9169993
0.253705,5.9169993
0.25371,5.9169993
0.25371498,5.9169993
0.25372,5.9169993
0.253725,5.9169993
0.25373,5.9169993
0.253735,5.9169993
0.25373998,5.9169993
0.253745,5.9169993
0.25375,5.9169993
0.253755,5.9169993
0.25375998,5.9169993
0.253765,5.9169993
0.25377,5.9169993
0.253775,5.9169993
0.25378,5.9169993
0.25378498,5.9169993
0.25379,5.9169993
0.253795,5.9169993
0.2538,5.9169993
0.25380498,5.9169993
0.25381,5.9169993
0.253815,5.9169993
0.25382,5.9169993
0.25382498,5.9169993
0.25383,5.9169993
0.253835,5.9169993
0.25384,5.9169993
0.253845,5.9169993
0.25384998,5.9169993
0.253855,5.9169993
0.25386,5.9169993
0.253865,5.9169993
0.25386998,5.9169993
0.253875,5.9169993
0.25388,5.9169993
0.253885,5.9169993
0.25389,5.9169993
0.25389498,5.9169993
0.2539,5.9169993
0.253905,5.9169993
0.25391,5.9169993
0.25391498,5.9169993
0.25392,5.9169993
0.253925,5.9169993
0.25393,5.9169993
0.25393498,5.9169993
0.25394,5.9169993
0.253945,5.9169993
0.25395,5.9169993
0.253955,5.9169993
0.25395998,5.9169993
0.253965,5.9169993
0.25397,5.9169993
0.253975,5.9169993
0.25397998,5.9169993
0.253985,5.9169993
0.25399,5.9169993
0.253995,5.9169993
0.254,5.9169993
0.25400499,5.9169993
0.25401,5.9169993
0.254015,5.9169993
0.25402,5.9169993
0.25402498,5.9169993
0.25403,5.9169993
0.254035,5.9169993
0.25404,5.9169993
0.25404498,5.9169993
0.25405,5.9169993
0.254055,5.9169993
0.25406,5.9169993
0.254065,5.9169993
0.25406998,5.9169993
0.254075,5.9169993
0.25408,5.9169993
0.254085,5.9169993
0.25408998,5.9169993
0.254095,5.9169993
0.2541,5.9169993
0.254105,5.9169993
0.25411,5.9169993
0.254115,5.9169993
0.25412,5.9169993
0.254125,5.9169993
0.25413,5.9169993
0.25413498,5.9169993
0.25414,5.9169993
0.254145,5.9169993
0.25415,5.9169993
0.25415498,5.9169993
0.25416,5.9169993
0.254165,5.9169993
0.25417,5.9169993
0.254175,5.9169993
0.25417998,5.9169993
0.254185,5.9169993
0.25419,5.9169993
0.254195,5.9169993
0.25419998,5.9169993
0.254205,5.9169993
0.25421,5.9169993
0.254215,5.9169993
0.25421998,5.9169993
0.254225,5.9169993
0.25423,5.9169993
0.254235,5.9169993
0.25424,5.9169993
0.25424498,5.9169993
0.25425,5.9169993
0.254255,5.9169993
0.25426,5.9169993
0.25426498,5.9169993
0.25427,5.9169993
0.254275,5.9169993
0.25428,5.9169993
0.254285,5.9169993
0.25428998,5.9169993
0.254295,5.9169993
0.2543,5.9169993
0.254305,5.9169993
0.25430998,5.9169993
0.254315,5.9169993
0.25432,5.9169993
0.254325,5.9169993
0.25432998,5.9169993
0.254335,5.9169993
0.25434,5.9169993
0.254345,5.9169993
0.25435,5.9169993
0.25435498,5.9169993
0.25436,5.9169993
0.254365,5.9169993
0.25437,5.9169993
0.25437498,5.9169993
0.25438,5.824537
0.254385,0.3230033
0.25439,0.27677202
0.254395,0.27677202
0.25439999,0.23054075
0.254405,0.23054075
0.25441,0.184309
0.254415,0.184309
0.25441998,0.184309
0.254425,0.184309
0.25443,0.13807821
0.254435,0.13807821
0.25443998,0.13807821
0.254445,0.13807821
0.25445,0.13807821
0.254455,0.13807821
0.25446,0.13807821
0.25446498,0.13807821
0.25447,0.13807821
0.254475,0.13807821
0.25448,0.13807821
0.25448498,0.13807821
0.25449,0.13807821
0.254495,0.13807821
0.2545,0.13807821
0.254505,0.13807821
0.25451,0.13807821
0.254515,0.13807821
0.25452,0.13807821
0.254525,0.13807821
0.25452998,0.13807821
0.254535,0.13807821
0.25454,0.13807821
0.254545,0.13807821
0.25454998,0.13807821
0.254555,0.13807821
0.25456,0.13807821
0.254565,0.13807821
0.25457,0.13807821
0.25457498,0.13807821
0.25458,0.13807821
0.254585,0.13807821
0.25459,0.13807821
0.25459498,0.13807821
0.2546,0.13807821
0.254605,0.13807821
0.25461,0.13807821
0.25461498,0.13807821
0.25462,0.13807821
0.254625,0.13807821
0.25463,0.13807821
0.254635,0.13807821
0.25463998,0.13807821
0.254645,0.13807821
0.25465,0.13807821
0.254655,0.13807821
0.25465998,0.13807821
0.254665,0.13807821
0.25467,0.13807821
0.254675,0.13807821
0.25468,0.13807821
0.25468498,0.13807821
0.25469,0.13807821
0.254695,0.13807821
0.2547,0.13807821
0.25470498,0.13807821
0.25471,0.13807821
0.254715,0.13807821
0.25472,0.13807821
0.25472498,0.13807821
0.25473,0.13807821
0.254735,0.13807821
0.25474,0.13807821
0.254745,0.13807821
0.25474998,0.13807821
0.254755,0.13807821
0.25476,0.13807821
0.254765,0.13807821
0.25476998,0.13807821
0.254775,0.13807821
0.25478,0.13807821
0.254785,0.13807821
0.25479,0.13807821
0.25479499,0.13807821
0.2548,0.13807821
0.254805,0.13807821
0.25481,0.13807821
0.25481498,0.13807821
0.25482,0.13807821
0.254825,0.13807821
0.25483,0.13807821
0.25483498,0.13807821
0.25484,0.13807821
0.254845,0.13807821
0.25485,0.13807821
0.254855,0.13807821
0.25485998,0.13807821
0.254865,0.13807821
0.25487,0.13807821
0.254875,0.13807821
0.25487998,0.13807821
0.254885,0.13807821
0.25489,0.13807821
0.254895,0.13807821
0.2549,0.13807821
0.254905,0.13807821
0.25491,0.13807821
0.254915,0.13807821
0.25492,0.13807821
0.25492498,0.13807821
0.25493,0.13807821
0.254935,0.13807821
0.25494,0.13807821
0.25494498,0.13807821
0.25495,0.13807821
0.254955,0.13807821
0.25496,0.13807821
0.254965,0.13807821
0.25496998,0.13807821
0.254975,3.7903562
0.25498,5.9169993
0.254985,5.9169993
0.25498998,5.9169993
0.254995,5.9169993
0.255,5.9169993
0.255005,5.9169993
0.25500998,5.9169993
0.255015,5.9169993
0.25502,5.9169993
0.255025,5.9169993
0.25503,5.9169993
0.25503498,5.9169993
0.25504,5.9169993
0.255045,5.9169993
0.25505,5.9169993
0.25505498,5.9169993
0.25506,5.9169993
0.255065,5.9169993
0.25507,5.9169993
0.255075,5.9169993
0.25507998,5.9169993
0.255085,5.9169993
0.25509,5.9169993
0.255095,5.9169993
0.25509998,5.9169993
0.255105,5.9169993
0.25511,5.9169993
0.255115,5.9169993
0.25511998,5.9169993
0.255125,5.9169993
0.25513,5.9169993
0.255135,5.9169993
0.25514,5.9169993
0.25514498,5.9169993
0.25515,5.9169993
0.255155,5.9169993
0.25516,5.9169993
0.25516498,5.9169993
0.25517,5.9169993
0.255175,5.9169993
0.25518,5.9169993
0.255185,5.9169993
0.25518999,5.9169993
0.255195,5.9169993
0.2552,5.9169993
0.255205,5.9169993
0.25520998,5.9169993
0.255215,5.9169993
0.25522,5.9169993
0.255225,5.9169993
0.25522998,5.9169993
0.255235,5.9169993
0.25524,5.9169993
0.255245,5.9169993
0.25525,5.9169993
0.25525498,5.9169993
0.25526,5.9169993
0.255265,5.9169993
0.25527,5.9169993
0.25527498,5.9169993
0.25528,5.9169993
0.255285,5.9169993
0.25529,5.9169993
0.255295,5.9169993
0.2553,5.9169993
0.255305,5.9169993
0.25531,5.9169993
0.255315,5.9169993
0.25531998,5.9169993
0.255325,5.9169993
0.25533,5.9169993
0.255335,5.9169993
0.25533998,5.9169993
0.255345,5.9169993
0.25535,5.9169993
0.255355,5.9169993
0.25536,5.9169993
0.25536498,5.9169993
0.25537,5.9169993
0.255375,5.9169993
0.25538,5.9169993
0.25538498,5.9169993
0.25539,5.9169993
0.255395,5.9169993
0.2554,5.9169993
0.25540498,5.9169993
0.25541,5.9169993
0.255415,5.9169993
0.25542,5.9169993
0.255425,5.9169993
0.25542998,5.9169993
0.255435,5.9169993
0.25544,5.9169993
0.255445,5.9169993
0.25544998,5.9169993
0.255455,5.9169993
0.25546,5.9169993
0.255465,5.9169993
0.25547,5.9169993
0.25547498,5.9169993
0.25548,5.9169993
0.255485,5.9169993
0.25549,5.9169993
0.25549498,5.9169993
0.2555,5.9169993
0.255505,5.9169993
0.25551,5.9169993
0.25551498,5.9169993
0.25552,5.9169993
0.255525,5.9169993
0.25553,5.9169993
0.255535,5.9169993
0.25553998,5.9169993
0.255545,5.9169993
0.25555,5.9169993
0.255555,5.9169993
0.25555998,5.9169993
0.255565,5.9169993
0.25557,5.9169993
0.255575,5.9169993
0.25558,5.9169993
0.25558499,5.9169993
0.25559,5.9169993
0.255595,5.9169993
0.2556,5.9169993
0.25560498,5.9169993
0.25561,5.9169993
0.255615,5.9169993
0.25562,5.9169993
0.25562498,5.9169993
0.25563,5.9169993
0.255635,5.9169993
0.25564,5.9169993
0.255645,5.9169993
0.25564998,5.9169993
0.255655,5.9169993
0.25566,5.9169993
0.255665,5.9169993
0.25566998,5.9169993
0.255675,5.9169993
0.25568,5.9169993
0.255685,5.9169993
0.25569,5.9169993
0.255695,5.9169993
0.2557,5.9169993
0.255705,5.9169993
0.25571,5.9169993
0.25571498,5.9169993
0.25572,5.9169993
0.255725,5.9169993
0.25573,5.9169993
0.25573498,5.9169993
0.25574,5.9169993
0.255745,5.9169993
0.25575,5.9169993
0.255755,5.9169993
0.25575998,5.9169993
0.255765,5.9169993
0.25577,5.9169993
0.255775,5.9169993
0.25577998,5.9169993
0.255785,5.9169993
0.25579,5.9169993
0.255795,5.9169993
0.25579998,5.9169993
0.255805,5.9169993
0.25581,5.9169993
0.255815,5.9169993
0.25582,5.9169993
0.25582498,5.9169993
0.25583,5.9169993
0.255835,5.9169993
0.25584,5.9169993
0.25584498,5.9169993
0.25585,5.9169993
0.255855,5.9169993
0.25586,5.9169993
0.255865,5.9169993
0.25586998,5.9169993
0.255875,5.9169993
0.25588,5.9169993
0.255885,5.9169993
0.25588998,5.9169993
0.255895,5.9169993
0.2559,5.9169993
0.255905,5.9169993
0.25590998,5.9169993
0.255915,5.9169993
0.25592,5.9169993
0.255925,5.9169993
0.25593,5.9169993
0.25593498,5.9169993
0.25594,5.9169993
0.255945,5.9169993
0.25595,5.9169993
0.25595498,5.9169993
0.25596,5.9169993
0.255965,5.9169993
0.25597,5.9169993
0.255975,5.9169993
0.25597998,5.9169993
0.255985,5.9169993
0.25599,5.9169993
0.255995,5.9169993
0.25599998,5.9169993
0.256005,5.9169993
0.25601,5.9169993
0.256015,5.9169993
0.25601998,5.9169993
0.256025,5.9169993
0.25603,5.9169993
0.256035,5.9169993
0.25604,5.9169993
0.25604498,5.9169993
0.25605,5.9169993
0.256055,5.9169993
0.25606,5.9169993
0.25606498,5.9169993
0.25607,5.9169993
0.256075,5.9169993
0.25608,5.9169993
0.256085,5.9169993
0.25609,5.9169993
0.256095,5.9169993
0.2561,5.9169993
0.256105,5.9169993
0.25610998,5.9169993
0.256115,5.9169993
0.25612,5.9169993
0.256125,5.9169993
0.25612998,5.9169993
0.256135,5.9169993
0.25614,5.9169993
0.256145,5.9169993
0.25615,5.9169993
0.25615498,5.9169993
0.25616,5.9169993
0.256165,5.9169993
0.25617,5.9169993
0.25617498,5.9169993
0.25618,5.9169993
0.256185,5.9169993
0.25619,5.9169993
0.25619498,5.9169993
0.2562,5.9169993
0.256205,5.9169993
0.25621,5.9169993
0.256215,5.9169993
0.25621998,5.9169993
0.256225,5.9169993
0.25623,5.9169993
0.256235,5.9169993
0.25623998,5.9169993
0.256245,5.9169993
0.25625,5.9169993
0.256255,5.9169993
0.25626,5.9169993
0.25626498,5.9169993
0.25627,5.9169993
0.256275,5.9169993
0.25628,5.9169993
0.25628498,5.9169993
0.25629,5.9169993
0.256295,5.9169993
0.2563,5.9169993
0.25630498,5.9169993
0.25631,5.9169993
0.256315,5.9169993
0.25632,5.9169993
0.256325,5.9169993
0.25632998,5.9169993
0.256335,5.9169993
0.25634,5.9169993
0.256345,5.9169993
0.25634998,5.9169993
0.256355,5.9169993
0.25636,5.9169993
0.256365,5.9169993
0.25637,5.9169993
0.25637498,5.9169993
0.25638,5.9169993
0.256385,5.9169993
0.25639,5.9169993
0.25639498,5.9169993
0.2564,5.9169993
0.256405,5.9169993
0.25641,5.9169993
0.25641498,5.9169993
0.25642,5.9169993
0.256425,5.9169993
0.25643,5.9169993
0.256435,5.9169993
0.25643998,5.9169993
0.256445,5.9169993
0.25645,5.9169993
0.256455,5.9169993
0.25645998,5.9169993
0.256465,5.9169993
0.25647,5.9169993
0.256475,5.9169993
0.25648,5.9169993
0.256485,5.9169993
0.25649,5.9169993
0.256495,5.9169993
0.2565,5.9169993
0.25650498,5.9169993
0.25651,5.9169993
0.256515,5.9169993
0.25652,5.9169993
0.25652498,5.9169993
0.25653,5.9169993
0.256535,5.9169993
0.25654,5.9169993
0.256545,5.9169993
0.25654998,5.9169993
0.256555,5.9169993
0.25656,5.9169993
0.256565,5.9169993
0.25656998,5.9169993
0.256575,5.9169993
0.25658,5.9169993
0.256585,5.9169993
0.25658998,5.9169993
0.256595,5.9169993
0.2566,5.9169993
0.256605,5.9169993
0.25661,5.9169993
0.25661498,5.9169993
0.25662,5.9169993
0.256625,5.9169993
0.25663,5.9169993
0.25663498,5.9169993
0.25664,5.9169993
0.256645,5.9169993
0.25665,5.9169993
0.256655,5.9169993
0.25665998,5.9169993
0.256665,0.3230033
0.25667,0.27677202
0.256675,0.27677202
0.25667998,0.23054075
0.256685,0.23054075
0.25669,0.184309
0.256695,0.184309
0.25669998,0.184309
0.256705,0.184309
0.25671,0.13807821
0.256715,0.13807821
0.25672,0.13807821
0.25672498,0.13807821
0.25673,0.13807821
0.256735,0.13807821
0.25674,0.13807821
0.25674498,0.13807821
0.25675,0.13807821
0.256755,0.13807821
0.25676,0.13807821
0.256765,0.13807821
0.25676998,0.13807821
0.256775,0.13807821
0.25678,0.13807821
0.256785,0.13807821
0.25678998,0.13807821
0.256795,0.13807821
0.2568,0.13807821
0.256805,0.13807821
0.25680998,0.13807821
0.256815,0.13807821
0.25682,0.13807821
0.256825,0.13807821
0.25683,0.13807821
0.25683498,0.13807821
0.25684,0.13807821
0.256845,0.13807821
0.25685,0.13807821
0.25685498,0.13807821
0.25686,0.13807821
0.256865,0.13807821
0.25687,0.13807821
0.256875,0.13807821
0.25688,0.13807821
0.256885,0.13807821
0.25689,0.13807821
0.256895,0.13807821
0.25689998,0.13807821
0.256905,0.13807821
0.25691,0.13807821
0.256915,0.13807821
0.25691998,0.13807821
0.256925,0.13807821
0.25693,0.13807821
0.256935,0.13807821
0.25694,0.13807821
0.25694498,0.13807821
0.25695,0.13807821
0.256955,0.13807821
0.25696,0.13807821
0.25696498,0.13807821
0.25697,0.13807821
0.256975,0.13807821
0.25698,0.13807821
0.25698498,0.13807821
0.25699,0.13807821
0.256995,0.13807821
0.257,0.13807821
0.257005,0.13807821
0.25700998,0.13807821
0.257015,0.13807821
0.25702,0.13807821
0.257025,0.13807821
0.25702998,0.13807821
0.257035,0.13807821
0.25704,0.13807821
0.257045,0.13807821
0.25705,0.13807821
0.25705498,0.13807821
0.25706,0.13807821
0.257065,0.13807821
0.25707,0.13807821
0.25707498,0.13807821
0.25708,0.13807821
0.257085,0.13807821
0.25709,0.13807821
0.25709498,0.13807821
0.2571,0.13807821
0.257105,0.13807821
0.25711,0.13807821
0.257115,0.13807821
0.25711998,0.13807821
0.257125,0.13807821
0.25713,0.13807821
0.257135,0.13807821
0.25713998,0.13807821
0.257145,0.13807821
0.25715,0.13807821
0.257155,0.13807821
0.25716,0.13807821
0.25716498,0.13807821
0.25717,0.13807821
0.257175,0.13807821
0.25718,0.13807821
0.25718498,0.13807821
0.25719,0.13807821
0.257195,0.13807821
0.2572,0.13807821
0.25720498,0.13807821
0.25721,0.13807821
0.257215,0.13807821
0.25722,0.13807821
0.257225,0.13807821
0.25722998,0.13807821
0.257235,0.13807821
0.25724,0.13807821
0.257245,0.13807821
0.25724998,0.13807821
0.257255,0.13807821
0.25726,0.13807821
0.257265,0.13807821
0.25727,0.13807821
0.257275,0.13807821
0.25728,0.13807821
0.257285,0.13807821
0.25729,0.13807821
0.25729498,0.13807821
0.2573,0.13807821
0.257305,0.13807821
0.25731,0.13807821
0.25731498,0.13807821
0.25732,0.13807821
0.257325,0.13807821
0.25733,0.13807821
0.257335,0.13807821
0.25733998,0.13807821
0.257345,0.13807821
0.25735,0.13807821
0.257355,0.13807821
0.25735998,0.13807821
0.257365,0.13807821
0.25737,0.13807821
0.257375,0.13807821
0.25737998,0.13807821
0.257385,0.13807821
0.25739,5.685843
0.257395,5.9169993
0.2574,5.9169993
0.25740498,5.9169993
0.25741,5.9169993
0.257415,5.9169993
0.25742,5.9169993
0.25742498,5.9169993
0.25743,5.9169993
0.257435,5.9169993
0.25744,5.9169993
0.257445,5.9169993
0.25744998,5.9169993
0.257455,5.9169993
0.25746,5.9169993
0.257465,5.9169993
0.25746998,5.9169993
0.257475,5.9169993
0.25748,5.9169993
0.257485,5.9169993
0.25748998,5.9169993
0.257495,5.9169993
0.2575,5.9169993
0.257505,5.9169993
0.25751,5.9169993
0.25751498,5.9169993
0.25752,5.9169993
0.257525,5.9169993
0.25753,5.9169993
0.25753498,5.9169993
0.25754,5.9169993
0.257545,5.9169993
0.25755,5.9169993
0.257555,5.9169993
0.25755998,5.9169993
0.257565,5.9169993
0.25757,5.9169993
0.257575,5.9169993
0.25757998,5.9169993
0.257585,5.9169993
0.25759,5.9169993
0.257595,5.9169993
0.25759998,5.9169993
0.257605,5.9169993
0.25761,5.9169993
0.257615,5.9169993
0.25762,5.9169993
0.25762498,5.9169993
0.25763,5.9169993
0.257635,5.9169993
0.25764,5.9169993
0.25764498,5.9169993
0.25765,5.9169993
0.257655,5.9169993
0.25766,5.9169993
0.257665,5.9169993
0.25767,5.9169993
0.257675,5.9169993
0.25768,5.9169993
0.257685,5.9169993
0.25768998,5.9169993
0.257695,5.9169993
0.2577,5.9169993
0.257705,5.9169993
0.25770998,5.9169993
0.257715,5.9169993
0.25772,5.9169993
0.257725,5.9169993
0.25773,5.9169993
0.25773498,5.9169993
0.25774,5.9169993
0.257745,5.9169993
0.25775,5.9169993
0.25775498,5.9169993
0.25776,5.9169993
0.257765,5.9169993
0.25777,5.9169993
0.25777498,5.9169993
0.25778,5.9169993
0.257785,5.9169993
0.25779,5.9169993
0.257795,5.9169993
0.25779998,5.9169993
0.257805,5.9169993
0.25781,5.9169993
0.257815,5.9169993
0.25781998,5.9169993
0.257825,5.9169993
0.25783,5.9169993
0.257835,5.9169993
0.25784,5.9169993
0.25784498,5.9169993
0.25785,5.9169993
0.257855,5.9169993
0.25786,5.9169993
0.25786498,5.9169993
0.25787,5.9169993
0.257875,5.9169993
0.25788,5.9169993
0.25788498,5.9169993
0.25789,5.9169993
0.257895,5.9169993
0.2579,5.9169993
0.257905,5.9169993
0.25790998,5.9169993
0.257915,5.9169993
0.25792,5.9169993
0.257925,5.9169993
0.25792998,5.9169993
0.257935,5.9169993
0.25794,5.9169993
0.257945,5.9169993
0.25795,5.9169993
0.25795498,5.9169993
0.25796,5.9169993
0.257965,5.9169993
0.25797,5.9169993
0.25797498,5.9169993
0.25798,5.9169993
0.257985,5.9169993
0.25799,5.9169993
0.25799498,5.9169993
0.258,5.9169993
0.258005,5.9169993
0.25801,5.9169993
0.258015,5.9169993
0.25801998,5.9169993
0.258025,5.9169993
0.25803,5.9169993
0.258035,5.9169993
0.25803998,5.9169993
0.258045,5.9169993
0.25805,5.9169993
0.258055,5.9169993
0.25806,5.9169993
0.258065,5.9169993
0.25807,5.9169993
0.258075,5.9169993
0.25808,5.9169993
0.25808498,5.9169993
0.25809,5.9169993
0.258095,5.9169993
0.2581,5.9169993
0.25810498,5.9169993
0.25811,5.9169993
0.258115,5.9169993
0.25812,5.9169993
0.258125,5.9169993
0.25812998,5.9169993
0.258135,5.9169993
0.25814,5.9169993
0.258145,5.9169993
0.25814998,5.9169993
0.258155,5.9169993
0.25816,5.9169993
0.258165,5.9169993
0.25816998,5.9169993
0.258175,5.9169993
0.25818,5.9169993
0.258185,5.9169993
0.25819,5.9169993
0.25819498,5.9169993
0.2582,5.9169993
0.258205,5.9169993
0.25821,5.9169993
0.25821498,5.9169993
0.25822,5.9169993
0.258225,5.9169993
0.25823,5.9169993
0.258235,5.9169993
0.25823998,5.9169993
0.258245,5.9169993
0.25825,5.9169993
0.258255,5.9169993
0.25825998,5.9169993
0.258265,5.9169993
0.25827,5.9169993
0.258275,5.9169993
0.25827998,5.9169993
0.258285,5.9169993
0.25829,5.9169993
0.258295,5.9169993
0.2583,5.9169993
0.25830498,5.9169993
0.25831,5.9169993
0.258315,5.9169993
0.25832,5.9169993
0.25832498,5.9169993
0.25833,5.9169993
0.258335,5.9169993
0.25834,5.9169993
0.258345,5.9169993
0.25834998,5.9169993
0.258355,5.9169993
0.25836,5.9169993
0.258365,5.9169993
0.25836998,5.9169993
0.258375,5.9169993
0.25838,5.9169993
0.258385,5.9169993
0.25838998,5.9169993
0.258395,5.9169993
0.2584,5.9169993
0.258405,5.9169993
0.25841,5.9169993
0.25841498,5.9169993
0.25842,5.9169993
0.258425,5.9169993
0.25843,5.9169993
0.25843498,5.9169993
0.25844,5.9169993
0.258445,5.9169993
0.25845,5.9169993
0.258455,5.9169993
0.25846,5.9169993
0.258465,5.9169993
0.25847,5.9169993
0.258475,5.9169993
0.25847998,5.9169993
0.258485,5.9169993
0.25849,5.9169993
0.258495,5.9169993
0.25849998,5.9169993
0.258505,5.9169993
0.25851,5.9169993
0.258515,5.9169993
0.25852,5.9169993
0.25852498,5.9169993
0.25853,5.9169993
0.258535,5.9169993
0.25854,5.9169993
0.25854498,5.9169993
0.25855,5.9169993
0.258555,5.9169993
0.25856,5.9169993
0.25856498,5.9169993
0.25857,5.9169993
0.258575,5.9169993
0.25858,5.9169993
0.258585,5.9169993
0.25858998,5.9169993
0.258595,5.9169993
0.2586,5.9169993
0.258605,5.9169993
0.25860998,5.9169993
0.258615,5.9169993
0.25862,5.9169993
0.258625,5.9169993
0.25863,5.9169993
0.25863498,5.9169993
0.25864,5.9169993
0.258645,5.9169993
0.25865,5.9169993
0.25865498,5.9169993
0.25866,5.9169993
0.258665,5.9169993
0.25867,5.9169993
0.25867498,5.9169993
0.25868,5.9169993
0.258685,5.9169993
0.25869,5.9169993
0.258695,5.9169993
0.25869998,5.9169993
0.258705,5.9169993
0.25871,5.9169993
0.258715,5.9169993
0.25871998,5.9169993
0.258725,5.9169993
0.25873,5.9169993
0.258735,5.9169993
0.25874,5.9169993
0.25874498,5.9169993
0.25875,5.9169993
0.258755,5.9169993
0.25876,5.9169993
0.25876498,5.9169993
0.25877,5.9169993
0.258775,5.9169993
0.25878,5.9169993
0.25878498,5.9169993
0.25879,5.9169993
0.258795,5.9169993
0.2588,5.9169993
0.258805,5.9169993
0.25880998,5.9169993
0.258815,5.9169993
0.25882,5.9169993
0.258825,5.9169993
0.25882998,5.9169993
0.258835,5.9169993
0.25884,5.9169993
0.258845,5.9169993
0.25885,5.9169993
0.258855,5.9169993
0.25886,5.9169993
0.258865,0.87777996
0.25887,0.27677202
0.25887498,0.27677202
0.25888,0.23054075
0.258885,0.23054075
0.25889,0.184309
0.25889498,0.184309
0.2589,0.184309
0.258905,0.184309
0.25891,0.13807821
0.258915,0.13807821
0.25891998,0.13807821
0.258925,0.13807821
0.25893,0.13807821
0.258935,0.13807821
0.25893998,0.13807821
0.258945,0.13807821
0.25895,0.13807821
0.258955,0.13807821
0.25895998,0.13807821
0.258965,0.13807821
0.25897,0.13807821
0.258975,0.13807821
0.25898,0.13807821
0.25898498,0.13807821
0.25899,0.13807821
0.258995,0.13807821
0.259,0.13807821
0.25900498,0.13807821
0.25901,0.13807821
0.259015,0.13807821
0.25902,0.13807821
0.259025,0.13807821
0.25902998,0.13807821
0.259035,0.13807821
0.25904,0.13807821
0.259045,0.13807821
0.25904998,0.13807821
0.259055,0.13807821
0.25906,0.13807821
0.259065,0.13807821
0.25906998,0.13807821
0.259075,0.13807821
0.25908,0.13807821
0.259085,0.13807821
0.25909,0.13807821
0.25909498,0.13807821
0.2591,0.13807821
0.259105,0.13807821
0.25911,0.13807821
0.25911498,0.13807821
0.25912,0.13807821
0.259125,0.13807821
0.25913,0.13807821
0.259135,0.13807821
0.25913998,0.13807821
0.259145,0.13807821
0.25915,0.13807821
0.259155,0.13807821
0.25915998,0.13807821
0.259165,0.13807821
0.25917,0.13807821
0.259175,0.13807821
0.25917998,0.13807821
0.259185,0.13807821
0.25919,0.13807821
0.259195,0.13807821
0.2592,0.13807821
0.25920498,0.13807821
0.25921,0.13807821
0.259215,0.13807821
0.25922,0.13807821
0.25922498,0.13807821
0.25923,0.13807821
0.259235,0.13807821
0.25924,0.13807821
0.259245,0.13807821
0.25925,0.13807821
0.259255,0.13807821
0.25926,0.13807821
0.259265,0.13807821
0.25926998,0.13807821
0.259275,0.13807821
0.25928,0.13807821
0.259285,0.13807821
0.25928998,0.13807821
0.259295,0.13807821
0.2593,0.13807821
0.259305,0.13807821
0.25931,0.13807821
0.25931498,0.13807821
0.25932,0.13807821
0.259325,0.13807821
0.25933,0.13807821
0.25933498,0.13807821
0.25934,0.13807821
0.259345,0.13807821
0.25935,0.13807821
0.25935498,0.13807821
0.25936,0.13807821
0.259365,0.13807821
0.25937,0.13807821
0.259375,0.13807821
0.25937998,0.13807821
0.259385,0.13807821
0.25939,0.13807821
0.259395,0.13807821
0.25939998,0.13807821
0.259405,0.13807821
0.25941,0.13807821
0.259415,0.13807821
0.25942,0.13807821
0.25942498,0.13807821
0.25943,0.13807821
0.259435,0.13807821
0.25944,0.13807821
0.25944498,0.13807821
0.25945,0.13807821
0.259455,0.13807821
0.25946,0.13807821
0.25946498,0.13807821
0.25947,0.13807821
0.259475,0.13807821
0.25948,0.13807821
0.259485,0.13807821
0.25948998,5.685843
0.259495,5.9169993
0.2595,5.9169993
0.259505,5.9169993
0.25950998,5.9169993
0.259515,5.9169993
0.25952,5.9169993
0.259525,5.9169993
0.25953,5.9169993
0.25953498,5.9169993
0.25954,5.9169993
0.259545,5.9169993
0.25955,5.9169993
0.25955498,5.9169993
0.25956,5.9169993
0.259565,5.9169993
0.25957,5.9169993
0.25957498,5.9169993
0.25958,5.9169993
0.259585,5.9169993
0.25959,5.9169993
0.259595,5.9169993
0.25959998,5.9169993
0.259605,5.9169993
0.25961,5.9169993
0.259615,5.9169993
0.25961998,5.9169993
0.259625,5.9169993
0.25963,5.9169993
0.259635,5.9169993
0.25964,5.9169993
0.259645,5.9169993
0.25965,5.9169993
0.259655,5.9169993
0.25966,5.9169993
0.25966498,5.9169993
0.25967,5.9169993
0.259675,5.9169993
0.25968,5.9169993
0.25968498,5.9169993
0.25969,5.9169993
0.259695,5.9169993
0.2597,5.9169993
0.259705,5.9169993
0.25970998,5.9169993
0.259715,5.9169993
0.25972,5.9169993
0.259725,5.9169993
0.25972998,5.9169993
0.259735,5.9169993
0.25974,5.9169993
0.259745,5.9169993
0.25974998,5.9169993
0.259755,5.9169993
0.25976,5.9169993
0.259765,5.9169993
0.25977,5.9169993
0.25977498,5.9169993
0.25978,5.9169993
0.259785,5.9169993
0.25979,5.9169993
0.25979498,5.9169993
0.2598,5.9169993
0.259805,5.9169993
0.25981,5.9169993
0.259815,5.9169993
0.25981998,5.9169993
0.259825,5.9169993
0.25983,5.9169993
0.259835,5.9169993
0.25983998,5.9169993
0.259845,5.9169993
0.25985,5.9169993
0.259855,5.9169993
0.25985998,5.9169993
0.259865,5.9169993
0.25987,5.9169993
0.259875,5.9169993
0.25988,5.9169993
0.25988498,5.9169993
0.25989,5.9169993
0.259895,5.9169993
0.2599,5.9169993
0.25990498,5.9169993
0.25991,5.9169993
0.259915,5.9169993
0.25992,5.9169993
0.259925,5.9169993
0.25992998,5.9169993
0.259935,5.9169993
0.25994,5.9169993
0.259945,5.9169993
0.25994998,5.9169993
0.259955,5.9169993
0.25996,5.9169993
0.259965,5.9169993
0.25996998,5.9169993
0.259975,5.9169993
0.25998,5.9169993
0.259985,5.9169993
0.25999,5.9169993
0.25999498,5.9169993
0.26,5.9169993
0.260005,5.9169993
0.26001,5.9169993
0.26001498,5.9169993
0.26002,5.9169993
0.260025,5.9169993
0.26003,5.9169993
0.260035,5.9169993
0.26004,5.9169993
0.260045,5.9169993
0.26005,5.9169993
0.260055,5.9169993
0.26005998,5.9169993
0.260065,5.9169993
0.26007,5.9169993
0.260075,5.9169993
0.26007998,5.9169993
0.260085,5.9169993
0.26009,5.9169993
0.260095,5.9169993
0.2601,5.9169993
0.26010498,5.9169993
0.26011,5.9169993
0.260115,5.9169993
0.26012,5.9169993
0.26012498,5.9169993
0.26013,5.9169993
0.260135,5.9169993
0.26014,5.9169993
0.26014498,5.9169993
0.26015,5.9169993
0.260155,5.9169993
0.26016,5.9169993
0.260165,5.9169993
0.26016998,5.9169993
0.260175,5.9169993
0.26018,5.9169993
0.260185,5.9169993
0.26018998,5.9169993
0.260195,5.9169993
0.2602,5.9169993
0.260205,5.9169993
0.26021,5.9169993
0.26021498,5.9169993
0.26022,5.9169993
0.260225,5.9169993
0.26023,5.9169993
0.26023498,5.9169993
0.26024,5.9169993
0.260245,5.9169993
0.26025,5.9169993
0.26025498,5.9169993
0.26026,5.9169993
0.260265,5.9169993
0.26027,5.9169993
0.260275,5.9169993
0.26027998,5.9169993
0.260285,5.9169993
0.26029,5.9169993
0.260295,5.9169993
0.26029998,5.9169993
0.260305,5.9169993
0.26031,5.9169993
0.260315,5.9169993
0.26032,5.9169993
0.26032498,5.9169993
0.26033,5.9169993
0.260335,5.9169993
0.26034,5.9169993
0.26034498,5.9169993
0.26035,5.9169993
0.260355,5.9169993
0.26036,5.9169993
0.26036498,5.9169993
0.26037,5.9169993
0.260375,5.9169993
0.26038,5.9169993
0.260385,5.9169993
0.26038998,5.9169993
0.260395,5.9169993
0.2604,5.9169993
0.260405,5.9169993
0.26040998,5.9169993
0.260415,5.9169993
0.26042,5.9169993
0.260425,5.9169993
0.26043,5.9169993
0.260435,5.9169993
0.26044,5.9169993
0.260445,5.9169993
0.26045,5.9169993
0.26045498,5.9169993
0.26046,5.9169993
0.260465,5.9169993
0.26047,5.9169993
0.26047498,5.9169993
0.26048,5.9169993
0.260485,5.9169993
0.26049,5.9169993
0.260495,5.9169993
0.26049998,5.9169993
0.260505,5.9169993
0.26051,5.9169993
0.260515,5.9169993
0.26051998,5.9169993
0.260525,5.9169993
0.26053,5.9169993
0.260535,5.9169993
0.26053998,5.9169993
0.260545,5.9169993
0.26055,5.9169993
0.260555,5.9169993
0.26056,5.9169993
0.26056498,5.9169993
0.26057,5.9169993
0.260575,5.9169993
0.26058,5.9169993
0.26058498,5.9169993
0.26059,5.9169993
0.260595,5.9169993
0.2606,5.9169993
0.260605,5.9169993
0.26060998,5.9169993
0.260615,5.9169993
0.26062,5.9169993
0.260625,5.9169993
0.26062998,5.9169993
0.260635,5.9169993
0.26064,5.9169993
0.260645,5.9169993
0.26064998,5.9169993
0.260655,5.9169993
0.26066,5.9169993
0.260665,5.9169993
0.26067,5.9169993
0.26067498,5.9169993
0.26068,5.9169993
0.260685,5.9169993
0.26069,5.9169993
0.26069498,5.9169993
0.2607,5.9169993
0.260705,5.9169993
0.26071,5.9169993
0.260715,5.9169993
0.26071998,5.9169993
0.260725,5.9169993
0.26073,5.9169993
0.260735,5.9169993
0.26073998,5.9169993
0.260745,5.9169993
0.26075,5.9169993
0.260755,5.9169993
0.26075998,5.9169993
0.260765,5.9169993
0.26077,5.9169993
0.260775,5.9169993
0.26078,5.9169993
0.26078498,5.9169993
0.26079,5.9169993
0.260795,5.9169993
0.2608,5.9169993
0.26080498,5.9169993
0.26081,5.9169993
0.260815,5.9169993
0.26082,5.9169993
0.260825,5.9169993
0.26083,5.9169993
0.260835,5.9169993
0.26084,5.9169993
0.260845,5.9169993
0.26084998,5.9169993
0.260855,5.9169993
0.26086,5.9169993
0.260865,5.9169993
0.26086998,5.9169993
0.260875,5.9169993
0.26088,5.9169993
0.260885,5.9169993
0.26089,5.9169993
0.26089498,5.9169993
0.2609,5.9169993
0.260905,5.9169993
0.26091,5.9169993
0.26091498,5.9169993
0.26092,5.9169993
0.260925,5.9169993
0.26093,5.9169993
0.26093498,5.9169993
0.26094,5.9169993
0.260945,5.9169993
0.26095,5.9169993
0.260955,5.9169993
0.26095998,5.9169993
0.260965,5.9169993
0.26097,5.9169993
0.260975,5.9169993
0.26097998,5.9169993
0.260985,5.9169993
0.26099,5.9169993
0.260995,5.9169993
0.261,5.9169993
0.26100498,5.9169993
0.26101,5.9169993
0.261015,5.9169993
0.26102,5.9169993
0.26102498,5.9169993
0.26103,5.9169993
0.261035,5.9169993
0.26104,5.9169993
0.26104498,5.9169993
0.26105,5.9169993
0.261055,5.9169993
0.26106,5.9169993
0.261065,5.9169993
0.26106998,5.9169993
0.261075,5.9169993
0.26108,5.9169993
0.261085,5.9169993
0.26108998,5.9169993
0.261095,5.9169993
0.2611,5.9169993
0.261105,5.9169993
0.26111,5.9169993
0.26111498,5.9169993
0.26112,2.4034152
0.261125,0.3230033
0.26113,0.27677202
0.26113498,0.23054075
0.26114,0.23054075
0.261145,0.184309
0.26115,0.184309
0.26115498,0.184309
0.26116,0.184309
0.261165,0.13807821
0.26117,0.13807821
0.261175,0.13807821
0.26117998,0.13807821
0.261185,0.13807821
0.26119,0.13807821
0.261195,0.13807821
0.26119998,0.13807821
0.261205,0.13807821
0.26121,0.13807821
0.261215,0.13807821
0.26122,0.13807821
0.261225,0.13807821
0.26123,0.13807821
0.261235,0.13807821
0.26124,0.13807821
0.26124498,0.13807821
0.26125,0.13807821
0.261255,0.13807821
0.26126,0.13807821
0.26126498,0.13807821
0.26127,0.13807821
0.261275,0.13807821
0.26128,0.13807821
0.261285,0.13807821
0.26128998,0.13807821
0.261295,0.13807821
0.2613,0.13807821
0.261305,0.13807821
0.26130998,0.13807821
0.261315,0.13807821
0.26132,0.13807821
0.261325,0.13807821
0.26132998,0.13807821
0.261335,0.13807821
0.26134,0.13807821
0.261345,0.13807821
0.26135,0.13807821
0.26135498,0.13807821
0.26136,0.13807821
0.261365,0.13807821
0.26137,0.13807821
0.26137498,0.13807821
0.26138,0.13807821
0.261385,0.13807821
0.26139,0.13807821
0.261395,0.13807821
0.26139998,0.13807821
0.261405,0.13807821
0.26141,0.13807821
0.261415,0.13807821
0.26141998,0.13807821
0.261425,0.13807821
0.26143,0.13807821
0.261435,0.13807821
0.26143998,0.13807821
0.261445,0.13807821
0.26145,0.13807821
0.261455,0.13807821
0.26146,0.13807821
0.26146498,0.13807821
0.26147,0.13807821
0.261475,0.13807821
0.26148,0.13807821
0.26148498,0.13807821
0.26149,0.13807821
0.261495,0.13807821
0.2615,0.13807821
0.261505,0.13807821
0.26150998,0.13807821
0.261515,0.13807821
0.26152,0.13807821
0.261525,0.13807821
0.26152998,0.13807821
0.261535,0.13807821
0.26154,0.13807821
0.261545,0.13807821
0.26154998,0.13807821
0.261555,0.13807821
0.26156,0.13807821
0.261565,0.13807821
0.26157,0.13807821
0.26157498,0.13807821
0.26158,0.13807821
0.261585,0.13807821
0.26159,0.13807821
0.26159498,0.13807821
0.2616,0.13807821
0.261605,0.13807821
0.26161,0.13807821
0.261615,0.13807821
0.26162,0.13807821
0.261625,0.13807821
0.26163,0.13807821
0.261635,0.13807821
0.26163998,0.13807821
0.261645,0.13807821
0.26165,0.13807821
0.261655,0.13807821
0.26165998,0.13807821
0.261665,0.13807821
0.26167,0.13807821
0.261675,0.13807821
0.26168,0.13807821
0.26168498,0.13807821
0.26169,0.13807821
0.261695,0.13807821
0.2617,0.13807821
0.26170498,0.13807821
0.26171,0.13807821
0.261715,0.13807821
0.26172,0.13807821
0.26172498,0.13807821
0.26173,0.13807821
0.261735,0.13807821
0.26174,0.13807821
0.261745,0.13807821
0.26174998,0.13807821
0.261755,0.13807821
0.26176,0.13807821
0.261765,0.13807821
0.26176998,0.13807821
0.261775,0.13807821
0.26178,0.13807821
0.261785,0.13807821
0.26179,0.13807821
0.26179498,0.13807821
0.2618,0.13807821
0.261805,5.6396117
0.26181,5.9169993
0.26181498,5.9169993
0.26182,5.9169993
0.261825,5.9169993
0.26183,5.9169993
0.26183498,5.9169993
0.26184,5.9169993
0.261845,5.9169993
0.26185,5.9169993
0.261855,5.9169993
0.26185998,5.9169993
0.261865,5.9169993
0.26187,5.9169993
0.261875,5.9169993
0.26187998,5.9169993
0.261885,5.9169993
0.26189,5.9169993
0.261895,5.9169993
0.2619,5.9169993
0.26190498,5.9169993
0.26191,5.9169993
0.261915,5.9169993
0.26192,5.9169993
0.26192498,5.9169993
0.26193,5.9169993
0.261935,5.9169993
0.26194,5.9169993
0.26194498,5.9169993
0.26195,5.9169993
0.261955,5.9169993
0.26196,5.9169993
0.261965,5.9169993
0.26196998,5.9169993
0.261975,5.9169993
0.26198,5.9169993
0.261985,5.9169993
0.26198998,5.9169993
0.261995,5.9169993
0.262,5.9169993
0.262005,5.9169993
0.26201,5.9169993
0.26201499,5.9169993
0.26202,5.9169993
0.262025,5.9169993
0.26203,5.9169993
0.26203498,5.9169993
0.26204,5.9169993
0.262045,5.9169993
0.26205,5.9169993
0.26205498,5.9169993
0.26206,5.9169993
0.262065,5.9169993
0.26207,5.9169993
0.262075,5.9169993
0.26207998,5.9169993
0.262085,5.9169993
0.26209,5.9169993
0.262095,5.9169993
0.26209998,5.9169993
0.262105,5.9169993
0.26211,5.9169993
0.262115,5.9169993
0.26211998,5.9169993
0.262125,5.9169993
0.26213,5.9169993
0.262135,5.9169993
0.26214,5.9169993
0.26214498,5.9169993
0.26215,5.9169993
0.262155,5.9169993
0.26216,5.9169993
0.26216498,5.9169993
0.26217,5.9169993
0.262175,5.9169993
0.26218,5.9169993
0.262185,5.9169993
0.26218998,5.9169993
0.262195,5.9169993
0.2622,5.9169993
0.262205,5.9169993
0.26220998,5.9169993
0.262215,5.9169993
0.26222,5.9169993
0.262225,5.9169993
0.26222998,5.9169993
0.262235,5.9169993
0.26224,5.9169993
0.262245,0.3230033
0.26225,0.27677202
0.26225498,0.27677202
0.26226,0.23054075
0.262265,0.23054075
0.26227,0.184309
0.26227498,0.184309
0.26228,0.184309
0.262285,0.184309
0.26229,0.13807821
0.262295,0.13807821
0.26229998,0.13807821
0.262305,0.13807821
0.26231,0.13807821
0.262315,0.13807821
0.26231998,0.13807821
0.262325,0.13807821
0.26233,0.13807821
0.262335,0.13807821
0.26233998,0.13807821
0.262345,0.13807821
0.26235,0.13807821
0.262355,0.13807821
0.26236,0.13807821
0.26236498,0.13807821
0.26237,0.13807821
0.262375,0.13807821
0.26238,0.13807821
0.26238498,0.13807821
0.26239,0.13807821
0.262395,0.13807821
0.2624,0.13807821
0.262405,0.13807821
0.26240999,0.13807821
0.262415,0.13807821
0.26242,0.13807821
0.262425,0.13807821
0.26242998,0.13807821
0.262435,0.13807821
0.26244,0.13807821
0.262445,0.13807821
0.26244998,0.13807821
0.262455,0.13807821
0.26246,0.13807821
0.262465,0.13807821
0.26247,0.13807821
0.26247498,0.13807821
0.26248,0.13807821
0.262485,0.13807821
0.26249,0.13807821
0.26249498,0.13807821
0.2625,0.13807821
0.262505,0.13807821
0.26251,0.13807821
0.26251498,0.13807821
0.26252,0.13807821
0.262525,0.13807821
0.26253,0.13807821
0.262535,0.13807821
0.26253998,0.13807821
0.262545,0.13807821
0.26255,0.13807821
0.262555,0.13807821
0.26255998,0.13807821
0.262565,0.13807821
0.26257,0.13807821
0.262575,0.13807821
0.26258,0.13807821
0.26258498,0.13807821
0.26259,0.13807821
0.262595,0.13807821
0.2626,0.13807821
0.26260498,0.13807821
0.26261,0.13807821
0.262615,0.13807821
0.26262,0.13807821
0.26262498,0.13807821
0.26263,0.13807821
0.262635,0.13807821
0.26264,0.13807821
0.262645,0.13807821
0.26264998,0.13807821
0.262655,0.13807821
0.26266,0.13807821
0.262665,0.13807821
0.26266998,0.13807821
0.262675,0.13807821
0.26268,0.13807821
0.262685,0.13807821
0.26269,0.13807821
0.26269498,0.13807821
0.2627,0.13807821
0.262705,0.13807821
0.26271,0.13807821
0.26271498,0.13807821
0.26272,0.13807821
0.262725,0.13807821
0.26273,0.13807821
0.26273498,0.13807821
0.26274,0.13807821
0.262745,0.13807821
0.26275,0.13807821
0.262755,0.13807821
0.26275998,0.13807821
0.262765,0.13807821
0.26277,0.13807821
0.262775,0.13807821
0.26277998,0.13807821
0.262785,0.13807821
0.26279,0.13807821
0.262795,0.13807821
0.2628,0.13807821
0.26280499,0.13807821
0.26281,0.13807821
0.262815,0.13807821
0.26282,0.13807821
0.26282498,0.13807821
0.26283,0.13807821
0.262835,0.13807821
0.26284,0.13807821
0.26284498,0.13807821
0.26285,0.13807821
0.262855,0.13807821
0.26286,0.13807821
0.262865,0.13807821
0.26286998,0.13807821
0.262875,0.13807821
0.26288,0.13807821
0.262885,0.13807821
0.26288998,0.13807821
0.262895,0.13807821
0.2629,0.13807821
0.262905,0.13807821
0.26290998,0.13807821
0.262915,0.13807821
0.26292,0.13807821
0.262925,0.13807821
0.26293,0.13807821
0.26293498,0.13807821
0.26294,0.13807821
0.262945,0.13807821
0.26295,0.13807821
0.26295498,0.13807821
0.26296,0.13807821
0.262965,2.357184
0.26297,5.870768
0.262975,5.9169993
0.26297998,5.9169993
0.262985,5.9169993
0.26299,5.9169993
0.262995,5.9169993
0.26299998,5.9169993
0.263005,5.9169993
0.26301,5.9169993
0.263015,5.9169993
0.26301998,5.9169993
0.263025,5.9169993
0.26303,5.9169993
0.263035,5.9169993
0.26304,5.9169993
0.26304498,5.9169993
0.26305,5.9169993
0.263055,5.9169993
0.26306,5.9169993
0.26306498,5.9169993
0.26307,5.9169993
0.263075,5.9169993
0.26308,5.9169993
0.263085,5.9169993
0.26308998,5.9169993
0.263095,5.9169993
0.2631,5.9169993
0.263105,5.9169993
0.26310998,5.9169993
0.263115,5.9169993
0.26312,5.9169993
0.263125,5.9169993
0.26312998,5.9169993
0.263135,5.9169993
0.26314,5.9169993
0.263145,5.9169993
0.26315,5.9169993
0.26315498,5.9169993
0.26316,5.9169993
0.263165,5.9169993
0.26317,5.9169993
0.26317498,5.9169993
0.26318,5.9169993
0.263185,5.9169993
0.26319,5.9169993
0.263195,5.9169993
0.26319999,5.9169993
0.263205,5.9169993
0.26321,5.9169993
0.263215,5.9169993
0.26321998,5.9169993
0.263225,5.9169993
0.26323,5.9169993
0.263235,5.9169993
0.26323998,5.9169993
0.263245,5.9169993
0.26325,5.9169993
0.263255,5.9169993
0.26326,5.9169993
0.26326498,5.9169993
0.26327,5.9169993
0.263275,5.9169993
0.26328,5.9169993
0.26328498,5.9169993
0.26329,5.9169993
0.263295,5.9169993
0.2633,5.9169993
0.26330498,5.9169993
0.26331,5.9169993
0.263315,5.9169993
0.26332,5.9169993
0.263325,5.9169993
0.26332998,5.9169993
0.263335,5.9169993
0.26334,5.9169993
0.263345,5.9169993
0.26334998,5.9169993
0.263355,5.9169993
0.26336,2.542109
0.263365,0.3230033
0.26337,0.27677202
0.26337498,0.23054075
0.26338,0.23054075
0.263385,0.184309
0.26339,0.184309
0.26339498,0.184309
0.2634,0.184309
0.263405,0.184309
0.26341,0.13807821
0.26341498,0.13807821
0.26342,0.13807821
0.263425,0.13807821
0.26343,0.13807821
0.263435,0.13807821
0.26343998,0.13807821
0.263445,0.13807821
0.26345,0.13807821
0.263455,0.13807821
0.26345998,0.13807821
0.263465,0.13807821
0.26347,0.13807821
0.263475,0.13807821
0.26348,0.13807821
0.26348498,0.13807821
0.26349,0.13807821
0.263495,0.13807821
0.2635,0.13807821
0.26350498,0.13807821
0.26351,0.13807821
0.263515,0.13807821
0.26352,0.13807821
0.26352498,0.13807821
0.26353,0.13807821
0.263535,0.13807821
0.26354,0.13807821
0.263545,0.13807821
0.26354998,0.13807821
0.263555,0.13807821
0.26356,0.13807821
0.263565,0.13807821
0.26356998,0.13807821
0.263575,0.13807821
0.26358,0.13807821
0.263585,0.13807821
0.26359,0.13807821
0.26359499,0.13807821
0.2636,0.13807821
0.263605,0.13807821
0.26361,0.13807821
0.26361498,0.13807821
0.26362,0.13807821
0.263625,0.13807821
0.26363,0.13807821
0.26363498,0.13807821
0.26364,0.13807821
0.263645,0.13807821
0.26365,0.13807821
0.263655,0.13807821
0.26365998,0.13807821
0.263665,0.13807821
0.26367,0.13807821
0.263675,0.13807821
0.26367998,0.13807821
0.263685,0.13807821
0.26369,0.13807821
0.263695,0.13807821
0.26369998,0.13807821
0.263705,0.13807821
0.26371,0.13807821
0.263715,0.13807821
0.26372,0.13807821
0.26372498,0.13807821
0.26373,0.13807821
0.263735,0.13807821
0.26374,0.13807821
0.26374498,0.13807821
0.26375,0.13807821
0.263755,0.13807821
0.26376,0.13807821
0.263765,0.13807821
0.26376998,0.13807821
0.263775,0.13807821
0.26378,0.13807821
0.263785,0.13807821
0.26378998,0.13807821
0.263795,0.13807821
0.2638,0.13807821
0.263805,0.13807821
0.26380998,0.13807821
0.263815,0.13807821
0.26382,0.13807821
0.263825,0.13807821
0.26383,0.13807821
0.26383498,0.13807821
0.26384,0.13807821
0.263845,0.13807821
0.26385,0.13807821
0.26385498,0.13807821
0.26386,0.13807821
0.263865,0.13807821
0.26387,0.13807821
0.263875,0.13807821
0.26387998,0.13807821
0.263885,0.13807821
0.26389,0.13807821
0.263895,0.13807821
0.26389998,0.13807821
0.263905,0.13807821
0.26391,0.13807821
0.263915,0.13807821
0.26391998,0.13807821
0.263925,0.13807821
0.26393,0.13807821
0.263935,0.13807821
0.26394,0.13807821
0.26394498,0.13807821
0.26395,0.13807821
0.263955,0.13807821
0.26396,0.13807821
0.26396498,0.13807821
0.26397,0.13807821
0.263975,0.13807821
0.26398,0.13807821
0.263985,0.13807821
0.26398998,0.13807821
0.263995,0.13807821
0.264,0.13807821
0.264005,0.13807821
0.26400998,0.13807821
0.264015,0.13807821
0.26402,5.362222
0.264025,5.9169993
0.26402998,5.9169993
0.264035,5.9169993
0.26404,5.9169993
0.264045,5.9169993
0.26405,5.9169993
0.26405498,5.9169993
0.26406,5.9169993
0.264065,5.9169993
0.26407,5.9169993
0.26407498,5.9169993
0.26408,5.9169993
0.264085,5.9169993
0.26409,5.9169993
0.26409498,5.9169993
0.2641,5.9169993
0.264105,5.9169993
0.26411,5.9169993
0.264115,5.9169993
0.26411998,5.9169993
0.264125,5.9169993
0.26413,5.9169993
0.264135,5.9169993
0.26413998,5.9169993
0.264145,5.9169993
0.26415,5.9169993
0.264155,5.9169993
0.26416,5.9169993
0.26416498,5.9169993
0.26417,5.9169993
0.264175,5.9169993
0.26418,5.9169993
0.26418498,5.9169993
0.26419,5.9169993
0.264195,5.9169993
0.2642,5.9169993
0.26420498,5.9169993
0.26421,5.9169993
0.264215,5.9169993
0.26422,5.9169993
0.264225,5.9169993
0.26422998,5.9169993
0.264235,5.9169993
0.26424,5.9169993
0.264245,5.9169993
0.26424998,5.9169993
0.264255,5.9169993
0.26426,5.9169993
0.264265,5.9169993
0.26427,5.9169993
0.26427498,5.9169993
0.26428,5.9169993
0.264285,5.9169993
0.26429,5.9169993
0.26429498,5.9169993
0.2643,5.9169993
0.264305,5.9169993
0.26431,5.9169993
0.26431498,5.9169993
0.26432,5.9169993
0.264325,5.9169993
0.26433,5.9169993
0.264335,5.9169993
0.26433998,5.9169993
0.264345,5.9169993
0.26435,5.9169993
0.264355,5.9169993
0.26435998,5.9169993
0.264365,5.9169993
0.26437,5.9169993
0.264375,5.9169993
0.26438,5.9169993
0.26438498,5.9169993
0.26439,5.9169993
0.264395,5.9169993
0.2644,5.9169993
0.26440498,5.9169993
0.26441,5.9169993
0.264415,5.9169993
0.26442,5.9169993
0.26442498,5.9169993
0.26443,5.9169993
0.264435,5.9169993
0.26444,5.9169993
0.264445,5.9169993
0.26444998,5.9169993
0.264455,5.9169993
0.26446,5.9169993
0.264465,5.9169993
0.26446998,4.5300584
0.264475,0.3230033
0.26448,0.27677202
0.264485,0.23054075
0.26448998,0.23054075
0.264495,0.184309
0.2645,0.184309
0.264505,0.184309
0.26451,0.184309
0.26451498,0.184309
0.26452,0.13807821
0.264525,0.13807821
0.26453,0.13807821
0.26453498,0.13807821
0.26454,0.13807821
0.264545,0.13807821
0.26455,0.13807821
0.264555,0.13807821
0.26455998,0.13807821
0.264565,0.13807821
0.26457,0.13807821
0.264575,0.13807821
0.26457998,0.13807821
0.264585,0.13807821
0.26459,0.13807821
0.264595,0.13807821
0.26459998,0.13807821
0.264605,0.13807821
0.26461,0.13807821
0.264615,0.13807821
0.26462,0.13807821
0.26462498,0.13807821
0.26463,0.13807821
0.264635,0.13807821
0.26464,0.13807821
0.26464498,0.13807821
0.26465,0.13807821
0.264655,0.13807821
0.26466,0.13807821
0.264665,0.13807821
0.26466998,0.13807821
0.264675,0.13807821
0.26468,0.13807821
0.264685,0.13807821
0.26468998,0.13807821
0.264695,0.13807821
0.2647,0.13807821
0.264705,0.13807821
0.26470998,0.13807821
0.264715,0.13807821
0.26472,0.13807821
0.264725,0.13807821
0.26473,0.13807821
0.26473498,0.13807821
0.26474,0.13807821
0.264745,0.13807821
0.26475,0.13807821
0.26475498,0.13807821
0.26476,0.13807821
0.264765,0.13807821
0.26477,0.13807821
0.264775,0.13807821
0.26477998,0.13807821
0.264785,0.13807821
0.26479,0.13807821
0.264795,0.13807821
0.26479998,0.13807821
0.264805,0.13807821
0.26481,0.13807821
0.264815,0.13807821
0.26481998,0.13807821
0.264825,0.13807821
0.26483,0.13807821
0.264835,0.13807821
0.26484,0.13807821
0.26484498,0.13807821
0.26485,0.13807821
0.264855,0.13807821
0.26486,0.13807821
0.26486498,0.13807821
0.26487,0.13807821
0.264875,0.13807821
0.26488,0.13807821
0.26488498,0.13807821
0.26489,0.13807821
0.264895,0.13807821
0.2649,0.13807821
0.264905,0.13807821
0.26490998,0.13807821
0.264915,0.13807821
0.26492,0.13807821
0.264925,0.13807821
0.26492998,0.13807821
0.264935,0.13807821
0.26494,0.13807821
0.264945,0.13807821
0.26495,0.13807821
0.26495498,0.13807821
0.26496,0.13807821
0.264965,0.13807821
0.26497,0.13807821
0.26497498,0.13807821
0.26498,0.13807821
0.264985,0.13807821
0.26499,0.13807821
0.26499498,0.13807821
0.265,0.13807821
0.265005,0.13807821
0.26501,0.13807821
0.265015,0.13807821
0.26501998,0.13807821
0.265025,0.13807821
0.26503,0.13807821
0.265035,0.13807821
0.26503998,0.13807821
0.265045,0.13807821
0.26505,0.13807821
0.265055,0.13807821
0.26506,0.13807821
0.26506498,0.13807821
0.26507,0.13807821
0.265075,0.13807821
0.26508,0.13807821
0.26508498,0.13807821
0.26509,0.13807821
0.265095,0.13807821
0.2651,0.13807821
0.26510498,0.13807821
0.26511,0.13807821
0.265115,0.13807821
0.26512,0.13807821
0.265125,0.13807821
0.26512998,0.13807821
0.265135,0.13807821
0.26514,0.13807821
0.265145,0.13807821
0.26514998,0.13807821
0.265155,0.13807821
0.26516,0.13807821
0.265165,0.13807821
0.26517,4.8999095
0.26517498,5.9169993
0.26518,5.9169993
0.265185,5.9169993
0.26519,5.9169993
0.26519498,5.9169993
0.2652,5.9169993
0.265205,5.9169993
0.26521,5.9169993
0.26521498,5.9169993
0.26522,5.9169993
0.265225,5.9169993
0.26523,5.9169993
0.265235,5.9169993
0.26523998,5.9169993
0.265245,5.9169993
0.26525,5.9169993
0.265255,5.9169993
0.26525998,5.9169993
0.265265,5.9169993
0.26527,5.9169993
0.265275,5.9169993
0.26527998,5.9169993
0.265285,5.9169993
0.26529,5.9169993
0.265295,5.9169993
0.2653,5.9169993
0.26530498,5.9169993
0.26531,5.9169993
0.265315,5.9169993
0.26532,5.9169993
0.26532498,5.9169993
0.26533,5.9169993
0.265335,5.9169993
0.26534,5.9169993
0.265345,5.9169993
0.26534998,5.9169993
0.265355,5.9169993
0.26536,5.9169993
0.265365,5.9169993
0.26536998,5.9169993
0.265375,5.9169993
0.26538,5.9169993
0.265385,5.9169993
0.26538998,5.9169993
0.265395,5.9169993
0.2654,5.9169993
0.265405,5.9169993
0.26541,5.9169993
0.26541498,5.9169993
0.26542,5.9169993
0.265425,5.9169993
0.26543,5.9169993
0.26543498,5.9169993
0.26544,5.9169993
0.265445,5.9169993
0.26545,5.9169993
0.265455,5.9169993
0.26545998,5.9169993
0.265465,5.9169993
0.26547,5.9169993
0.265475,5.9169993
0.26547998,5.9169993
0.265485,5.9169993
0.26549,5.9169993
0.265495,5.9169993
0.26549998,5.9169993
0.265505,5.9169993
0.26551,5.9169993
0.265515,5.9169993
0.26552,5.9169993
0.26552498,5.9169993
0.26553,5.9169993
0.265535,5.9169993
0.26554,5.9169993
0.26554498,5.9169993
0.26555,5.9169993
0.265555,5.9169993
0.26556,5.9169993
0.265565,5.9169993
0.26556998,5.9169993
0.265575,5.9169993
0.26558,5.9169993
0.265585,5.9169993
0.26558998,5.9169993
0.265595,5.9169993
0.2656,5.9169993
0.265605,5.9169993
0.26560998,0.3230033
0.265615,0.27677202
0.26562,0.27677202
0.265625,0.23054075
0.26563,0.23054075
0.26563498,0.184309
0.26564,0.184309
0.265645,0.184309
0.26565,0.184309
0.26565498,0.13807821
0.26566,0.13807821
0.265665,0.13807821
0.26567,0.13807821
0.26567498,0.13807821
0.26568,0.13807821
0.265685,0.13807821
0.26569,0.13807821
0.265695,0.13807821
0.26569998,0.13807821
0.265705,0.13807821
0.26571,0.13807821
0.265715,0.13807821
0.26571998,0.13807821
0.265725,0.13807821
0.26573,0.13807821
0.265735,0.13807821
0.26574,0.13807821
0.26574498,0.13807821
0.26575,0.13807821
0.265755,0.13807821
0.26576,0.13807821
0.26576498,0.13807821
0.26577,0.13807821
0.265775,0.13807821
0.26578,0.13807821
0.26578498,0.13807821
0.26579,0.13807821
0.265795,0.13807821
0.2658,0.13807821
0.265805,0.13807821
0.26580998,0.13807821
0.265815,0.13807821
0.26582,0.13807821
0.265825,0.13807821
0.26582998,0.13807821
0.265835,0.13807821
0.26584,0.13807821
0.265845,0.13807821
0.26585,0.13807821
0.26585498,0.13807821
0.26586,0.13807821
0.265865,0.13807821
0.26587,0.13807821
0.26587498,0.13807821
0.26588,0.13807821
0.265885,0.13807821
0.26589,0.13807821
0.26589498,0.13807821
0.2659,0.13807821
0.265905,0.13807821
0.26591,0.13807821
0.265915,0.13807821
0.26591998,0.13807821
0.265925,0.13807821
0.26593,0.13807821
0.265935,0.13807821
0.26593998,0.13807821
0.265945,0.13807821
0.26595,0.13807821
0.265955,0.13807821
0.26596,0.13807821
0.26596498,0.13807821
0.26597,0.13807821
0.265975,0.13807821
0.26598,0.13807821
0.26598498,0.13807821
0.26599,0.13807821
0.265995,0.13807821
0.266,0.13807821
0.26600498,0.13807821
0.26601,0.13807821
0.266015,0.13807821
0.26602,0.13807821
0.266025,0.13807821
0.26602998,0.13807821
0.266035,0.13807821
0.26604,0.13807821
0.266045,0.13807821
0.26604998,0.13807821
0.266055,0.13807821
0.26606,0.13807821
0.266065,0.13807821
0.26606998,0.13807821
0.266075,0.13807821
0.26608,0.13807821
0.266085,0.13807821
0.26609,0.13807821
0.26609498,0.13807821
0.2661,0.13807821
0.266105,0.13807821
0.26611,0.13807821
0.26611498,0.13807821
0.26612,0.13807821
0.266125,0.13807821
0.26613,0.13807821
0.266135,0.13807821
0.26613998,0.13807821
0.266145,0.13807821
0.26615,0.13807821
0.266155,0.13807821
0.26615998,0.13807821
0.266165,0.13807821
0.26617,0.13807821
0.266175,0.13807821
0.26617998,0.13807821
0.266185,0.13807821
0.26619,0.13807821
0.266195,0.13807821
0.2662,0.13807821
0.26620498,0.13807821
0.26621,0.13807821
0.266215,0.13807821
0.26622,0.13807821
0.26622498,0.13807821
0.26623,0.13807821
0.266235,0.13807821
0.26624,0.13807821
0.266245,0.13807821
0.26624998,0.13807821
0.266255,0.13807821
0.26626,0.13807821
0.266265,0.13807821
0.26626998,0.13807821
0.266275,0.13807821
0.26628,0.13807821
0.266285,0.13807821
0.26628998,3.5129685
0.266295,5.9169993
0.2663,5.9169993
0.266305,5.9169993
0.26631,5.9169993
0.26631498,5.9169993
0.26632,5.9169993
0.266325,5.9169993
0.26633,5.9169993
0.26633498,5.9169993
0.26634,5.9169993
0.266345,5.9169993
0.26635,5.9169993
0.266355,5.9169993
0.26635998,5.9169993
0.266365,5.9169993
0.26637,5.9169993
0.266375,5.9169993
0.26637998,5.9169993
0.266385,5.9169993
0.26639,5.9169993
0.266395,5.9169993
0.26639998,5.9169993
0.266405,5.9169993
0.26641,5.9169993
0.266415,5.9169993
0.26642,5.9169993
0.26642498,5.9169993
0.26643,5.9169993
0.266435,5.9169993
0.26644,5.9169993
0.26644498,5.9169993
0.26645,5.9169993
0.266455,5.9169993
0.26646,5.9169993
0.26646498,5.9169993
0.26647,5.9169993
0.266475,5.9169993
0.26648,5.9169993
0.266485,5.9169993
0.26648998,5.9169993
0.266495,5.9169993
0.2665,5.9169993
0.266505,5.9169993
0.26650998,5.9169993
0.266515,5.9169993
0.26652,5.9169993
0.266525,5.9169993
0.26653,5.9169993
0.26653498,5.9169993
0.26654,5.9169993
0.266545,5.9169993
0.26655,5.9169993
0.26655498,5.9169993
0.26656,5.9169993
0.266565,5.9169993
0.26657,5.9169993
0.26657498,5.9169993
0.26658,5.9169993
0.266585,5.9169993
0.26659,5.9169993
0.266595,5.9169993
0.26659998,5.9169993
0.266605,5.9169993
0.26661,5.9169993
0.266615,5.9169993
0.26661998,5.9169993
0.266625,5.9169993
0.26663,5.9169993
0.266635,5.9169993
0.26664,5.9169993
0.26664498,5.9169993
0.26665,5.9169993
0.266655,5.9169993
0.26666,5.9169993
0.26666498,5.9169993
0.26667,5.9169993
0.266675,5.9169993
0.26668,5.9169993
0.26668498,5.9169993
0.26669,5.9169993
0.266695,5.9169993
0.2667,5.9169993
0.266705,5.9169993
0.26670998,5.9169993
0.266715,5.9169993
0.26672,5.9169993
0.266725,5.9169993
0.26672998,5.9169993
0.266735,5.9169993
0.26674,0.23054075
0.266745,0.27677202
0.26675,0.27677202
0.26675498,0.23054075
0.26676,0.23054075
0.266765,0.184309
0.26677,0.184309
0.26677498,0.184309
0.26678,0.184309
0.266785,0.13807821
0.26679,0.13807821
0.26679498,0.13807821
0.2668,0.13807821
0.266805,0.13807821
0.26681,0.13807821
0.266815,0.13807821
0.26681998,0.13807821
0.266825,0.13807821
0.26683,0.13807821
0.266835,0.13807821
0.26683998,0.13807821
0.266845,0.13807821
0.26685,0.13807821
0.266855,0.13807821
0.26685998,0.13807821
0.266865,0.13807821
0.26687,0.13807821
0.266875,0.13807821
0.26688,0.13807821
0.26688498,0.13807821
0.26689,0.13807821
0.266895,0.13807821
0.2669,0.13807821
0.26690498,0.13807821
0.26691,0.13807821
0.266915,0.13807821
0.26692,0.13807821
0.266925,0.13807821
0.26692998,0.13807821
0.266935,0.13807821
0.26694,0.13807821
0.266945,0.13807821
0.26694998,0.13807821
0.266955,0.13807821
0.26696,0.13807821
0.266965,0.13807821
0.26696998,0.13807821
0.266975,0.13807821
0.26698,0.13807821
0.266985,0.13807821
0.26699,0.13807821
0.26699498,0.13807821
0.267,0.13807821
0.267005,0.13807821
0.26701,0.13807821
0.26701498,0.13807821
0.26702,0.13807821
0.267025,0.13807821
0.26703,0.13807821
0.267035,0.13807821
0.26703998,0.13807821
0.267045,0.13807821
0.26705,0.13807821
0.267055,0.13807821
0.26705998,0.13807821
0.267065,0.13807821
0.26707,0.13807821
0.267075,0.13807821
0.26707998,0.13807821
0.267085,0.13807821
0.26709,0.13807821
0.267095,0.13807821
0.2671,0.13807821
0.26710498,0.13807821
0.26711,0.13807821
0.267115,0.13807821
0.26712,0.13807821
0.26712498,0.13807821
0.26713,0.13807821
0.267135,0.13807821
0.26714,0.13807821
0.267145,0.13807821
0.26714998,0.13807821
0.267155,0.13807821
0.26716,0.13807821
0.267165,0.13807821
0.26716998,0.13807821
0.267175,0.13807821
0.26718,0.13807821
0.267185,0.13807821
0.26718998,0.13807821
0.267195,0.13807821
0.2672,0.13807821
0.267205,0.13807821
0.26721,0.13807821
0.26721498,0.13807821
0.26722,0.13807821
0.267225,0.13807821
0.26723,0.13807821
0.26723498,0.13807821
0.26724,0.13807821
0.267245,0.13807821
0.26725,0.13807821
0.26725498,0.13807821
0.26726,0.13807821
0.267265,0.13807821
0.26727,0.13807821
0.267275,0.13807821
0.26727998,0.13807821
0.267285,0.13807821
0.26729,0.13807821
0.267295,0.13807821
0.26729998,0.13807821
0.267305,0.13807821
0.26731,0.13807821
0.267315,0.13807821
0.26732,0.13807821
0.26732498,0.13807821
0.26733,0.13807821
0.267335,0.13807821
0.26734,0.13807821
0.26734498,0.13807821
0.26735,0.13807821
0.267355,0.13807821
0.26736,0.13807821
0.26736498,0.13807821
0.26737,0.13807821
0.267375,0.13807821
0.26738,0.13807821
0.267385,0.13807821
0.26738998,0.13807821
0.267395,0.13807821
0.2674,0.13807821
0.267405,0.13807821
0.26740998,0.13807821
0.267415,0.13807821
0.26742,0.184309
0.267425,5.7320733
0.26743,5.9169993
0.26743498,5.9169993
0.26744,5.9169993
0.267445,5.9169993
0.26745,5.9169993
0.26745498,5.9169993
0.26746,5.9169993
0.267465,5.9169993
0.26747,5.9169993
0.26747498,5.9169993
0.26748,5.9169993
0.267485,5.9169993
0.26749,5.9169993
0.267495,5.9169993
0.26749998,5.9169993
0.267505,5.9169993
0.26751,5.9169993
0.267515,5.9169993
0.26751998,5.9169993
0.267525,5.9169993
0.26753,5.9169993
0.267535,5.9169993
0.26754,5.9169993
0.26754498,5.9169993
0.26755,5.9169993
0.267555,5.9169993
0.26756,5.9169993
0.26756498,5.9169993
0.26757,5.9169993
0.267575,5.9169993
0.26758,5.9169993
0.26758498,5.9169993
0.26759,5.9169993
0.267595,5.9169993
0.2676,5.9169993
0.267605,5.9169993
0.26760998,5.9169993
0.267615,5.9169993
0.26762,5.9169993
0.267625,5.9169993
0.26762998,5.9169993
0.267635,5.9169993
0.26764,5.9169993
0.267645,5.9169993
0.26764998,5.9169993
0.267655,5.9169993
0.26766,5.9169993
0.267665,5.9169993
0.26767,5.9169993
0.26767498,5.9169993
0.26768,5.9169993
0.267685,5.9169993
0.26769,5.9169993
0.26769498,5.9169993
0.2677,5.9169993
0.267705,5.9169993
0.26771,5.9169993
0.267715,5.9169993
0.26771998,5.9169993
0.267725,5.9169993
0.26773,5.9169993
0.267735,5.9169993
0.26773998,5.9169993
0.267745,5.9169993
0.26775,5.9169993
0.267755,5.9169993
0.26775998,5.9169993
0.267765,5.9169993
0.26777,5.9169993
0.267775,5.9169993
0.26778,5.9169993
0.26778498,5.9169993
0.26779,5.9169993
0.267795,5.9169993
0.2678,5.9169993
0.26780498,5.9169993
0.26781,5.9169993
0.267815,5.9169993
0.26782,5.9169993
0.267825,5.9169993
0.26782998,5.9169993
0.267835,5.9169993
0.26784,5.9169993
0.267845,5.9169993
0.26784998,5.9169993
0.267855,5.9169993
0.26786,5.9169993
0.267865,5.9169993
0.26786998,5.9169993
0.267875,5.9169993
0.26788,5.9169993
0.267885,5.9169993
0.26789,5.9169993
0.26789498,5.9169993
0.2679,5.9169993
0.267905,5.9169993
0.26791,5.9169993
0.26791498,5.9169993
0.26792,5.9169993
0.267925,5.9169993
0.26793,5.9169993
0.267935,5.9169993
0.26793998,5.9169993
0.267945,5.9169993
0.26795,5.9169993
0.267955,5.9169993
0.26795998,5.9169993
0.267965,5.9169993
0.26797,5.9169993
0.267975,5.9169993
0.26797998,5.9169993
0.267985,5.9169993
0.26799,5.9169993
0.267995,5.9169993
0.268,5.9169993
0.26800498,5.9169993
0.26801,5.9169993
0.268015,5.9169993
0.26802,5.9169993
0.26802498,5.9169993
0.26803,5.9169993
0.268035,5.9169993
0.26804,5.9169993
0.26804498,5.9169993
0.26805,5.9169993
0.268055,5.9169993
0.26806,5.9169993
0.268065,5.9169993
0.26806998,5.9169993
0.268075,5.9169993
0.26808,5.9169993
0.268085,5.9169993
0.26808998,5.9169993
0.268095,5.9169993
0.2681,5.9169993
0.268105,5.9169993
0.26811,5.9169993
0.26811498,5.9169993
0.26812,5.9169993
0.268125,5.9169993
0.26813,5.9169993
0.26813498,5.9169993
0.26814,5.9169993
0.268145,5.9169993
0.26815,5.9169993
0.26815498,5.9169993
0.26816,5.9169993
0.268165,5.9169993
0.26817,5.9169993
0.268175,5.9169993
0.26817998,5.9169993
0.268185,5.9169993
0.26819,5.9169993
0.268195,5.9169993
0.26819998,5.9169993
0.268205,5.9169993
0.26821,5.9169993
0.268215,5.9169993
0.26822,5.9169993
0.26822498,5.9169993
0.26823,5.9169993
0.268235,5.9169993
0.26824,5.9169993
0.26824498,5.9169993
0.26825,5.9169993
0.268255,5.9169993
0.26826,5.9169993
0.26826498,5.9169993
0.26827,5.9169993
0.268275,5.9169993
0.26828,5.9169993
0.268285,5.9169993
0.26828998,5.9169993
0.268295,5.9169993
0.2683,5.9169993
0.268305,5.9169993
0.26830998,5.9169993
0.268315,5.9169993
0.26832,5.9169993
0.268325,5.9169993
0.26833,5.9169993
0.26833498,5.9169993
0.26834,5.9169993
0.268345,5.9169993
0.26835,5.9169993
0.26835498,5.9169993
0.26836,5.9169993
0.268365,5.9169993
0.26837,5.9169993
0.26837498,5.9169993
0.26838,5.9169993
0.268385,5.9169993
0.26839,5.9169993
0.268395,5.9169993
0.26839998,5.9169993
0.268405,5.9169993
0.26841,5.9169993
0.268415,5.9169993
0.26841998,5.9169993
0.268425,5.9169993
0.26843,5.9169993
0.268435,5.9169993
0.26843998,5.9169993
0.268445,5.9169993
0.26845,5.9169993
0.268455,5.9169993
0.26846,5.9169993
0.26846498,5.9169993
0.26847,5.9169993
0.268475,5.9169993
0.26848,5.9169993
0.26848498,5.9169993
0.26849,5.9169993
0.268495,5.9169993
0.2685,5.9169993
0.268505,5.9169993
0.26850998,5.9169993
0.268515,5.9169993
0.26852,5.9169993
0.268525,5.9169993
0.26852998,5.9169993
0.268535,5.9169993
0.26854,5.9169993
0.268545,5.9169993
0.26854998,5.9169993
0.268555,5.9169993
0.26856,5.9169993
0.268565,5.9169993
0.26857,5.9169993
0.26857498,5.9169993
0.26858,5.9169993
0.268585,5.9169993
0.26859,5.9169993
0.26859498,5.9169993
0.2686,5.9169993
0.268605,5.9169993
0.26861,5.9169993
0.268615,5.9169993
0.26861998,5.9169993
0.268625,5.9169993
0.26863,5.9169993
0.268635,5.9169993
0.26863998,5.9169993
0.268645,5.9169993
0.26865,5.9169993
0.268655,5.9169993
0.26865998,5.9169993
0.268665,5.9169993
0.26867,5.9169993
0.268675,5.9169993
0.26868,5.9169993
0.26868498,5.9169993
0.26869,5.9169993
0.268695,5.9169993
0.2687,5.9169993
0.26870498,5.9169993
0.26871,5.9169993
0.268715,5.9169993
0.26872,5.9169993
0.268725,5.9169993
0.26872998,5.9169993
0.268735,5.9169993
0.26874,5.9169993
0.268745,5.9169993
0.26874998,5.9169993
0.268755,5.9169993
0.26876,5.9169993
0.268765,5.9169993
0.26876998,5.9169993
0.268775,5.9169993
0.26878,5.9169993
0.268785,5.9169993
0.26879,5.9169993
0.26879498,5.9169993
0.2688,5.9169993
0.268805,5.9169993
0.26881,5.9169993
0.26881498,5.9169993
0.26882,5.9169993
0.268825,5.9169993
0.26883,5.9169993
0.26883498,5.9169993
0.26884,5.9169993
0.268845,5.9169993
0.26885,5.9169993
0.268855,5.9169993
0.26885998,5.9169993
0.268865,5.9169993
0.26887,5.9169993
0.268875,5.9169993
0.26887998,5.9169993
0.268885,5.9169993
0.26889,5.9169993
0.268895,5.9169993
0.2689,5.9169993
0.26890498,5.9169993
0.26891,5.9169993
0.268915,5.9169993
0.26892,5.9169993
0.26892498,4.437596
0.26893,0.3230033
0.268935,0.27677202
0.26894,0.23054075
0.26894498,0.23054075
0.26895,0.184309
0.268955,0.184309
0.26896,0.184309
0.268965,0.184309
0.26896998,0.184309
0.268975,0.13807821
0.26898,0.13807821
0.268985,0.13807821
0.26898998,0.13807821
0.268995,0.13807821
0.269,0.13807821
0.269005,0.13807821
0.26901,0.13807821
0.26901498,0.13807821
0.26902,0.13807821
0.269025,0.13807821
0.26903,0.13807821
0.26903498,0.13807821
0.26904,0.13807821
0.269045,0.13807821
0.26905,0.13807821
0.26905498,0.13807821
0.26906,0.13807821
0.269065,0.13807821
0.26907,0.13807821
0.269075,0.13807821
0.26907998,0.13807821
0.269085,0.13807821
0.26909,0.13807821
0.269095,0.13807821
0.26909998,0.13807821
0.269105,0.13807821
0.26911,0.13807821
0.269115,0.13807821
0.26912,0.13807821
0.26912498,0.13807821
0.26913,0.13807821
0.269135,0.13807821
0.26914,0.13807821
0.26914498,0.13807821
0.26915,0.13807821
0.269155,0.13807821
0.26916,0.13807821
0.26916498,0.13807821
0.26917,0.13807821
0.269175,0.13807821
0.26918,0.13807821
0.269185,0.13807821
0.26918998,0.13807821
0.269195,0.13807821
0.2692,0.13807821
0.269205,0.13807821
0.26920998,0.13807821
0.269215,0.13807821
0.26922,0.13807821
0.269225,0.13807821
0.26922998,0.13807821
0.269235,0.13807821
0.26924,0.13807821
0.269245,0.13807821
0.26925,0.13807821
0.26925498,0.13807821
0.26926,0.13807821
0.269265,0.13807821
0.26927,0.13807821
0.26927498,0.13807821
0.26928,0.13807821
0.269285,0.13807821
0.26929,0.13807821
0.269295,0.13807821
0.26929998,0.13807821
0.269305,0.13807821
0.26931,0.13807821
0.269315,0.13807821
0.26931998,0.13807821
0.269325,0.13807821
0.26933,0.13807821
0.269335,0.13807821
0.26933998,0.13807821
0.269345,0.13807821
0.26935,0.13807821
0.269355,0.13807821
0.26936,0.13807821
0.26936498,0.13807821
0.26937,0.13807821
0.269375,0.13807821
0.26938,0.13807821
0.26938498,0.13807821
0.26939,0.13807821
0.269395,0.13807821
0.2694,0.13807821
0.269405,0.13807821
0.26940998,0.13807821
0.269415,0.13807821
0.26942,0.13807821
0.269425,0.13807821
0.26942998,0.13807821
0.269435,0.13807821
0.26944,0.13807821
0.269445,0.13807821
0.26944998,0.13807821
0.269455,0.13807821
0.26946,0.13807821
0.269465,0.13807821
0.26947,0.13807821
0.26947498,0.13807821
0.26948,0.13807821
0.269485,0.13807821
0.26949,0.13807821
0.26949498,0.13807821
0.2695,0.13807821
0.269505,0.13807821
0.26951,0.13807821
0.269515,0.13807821
0.26951998,0.13807821
0.269525,0.13807821
0.26953,0.13807821
0.269535,0.13807821
0.26953998,0.13807821
0.269545,0.13807821
0.26955,0.13807821
0.269555,0.13807821
0.26955998,0.13807821
0.269565,0.13807821
0.26957,0.13807821
0.269575,0.13807821
0.26958,0.13807821
0.26958498,0.13807821
0.26959,0.13807821
0.269595,0.13807821
0.2696,0.13807821
0.26960498,0.13807821
0.26961,0.13807821
0.269615,0.13807821
0.26962,0.13807821
0.26962498,0.13807821
0.26962999,0.13807821
0.269635,0.13807821
0.26964,0.13807821
0.269645,0.13807821
0.26964998,0.3230033
0.269655,5.824537
0.26966,5.9169993
0.269665,5.9169993
0.26966998,5.9169993
0.269675,5.9169993
0.26968,5.9169993
0.269685,5.9169993
0.26969,5.9169993
0.26969498,5.9169993
0.2697,5.9169993
0.269705,5.9169993
0.26971,5.9169993
0.26971498,5.9169993
0.26972,5.9169993
0.269725,5.9169993
0.26973,5.9169993
0.26973498,5.9169993
0.26974,5.9169993
0.269745,5.9169993
0.26975,5.9169993
0.269755,5.9169993
0.26975998,5.9169993
0.269765,5.9169993
0.26977,5.9169993
0.269775,5.9169993
0.26977998,5.9169993
0.269785,5.9169993
0.26979,5.9169993
0.269795,5.9169993
0.2698,5.9169993
0.26980498,5.9169993
0.26981,5.9169993
0.269815,5.9169993
0.26982,5.9169993
0.26982498,5.9169993
0.26983,5.9169993
0.269835,5.9169993
0.26984,5.9169993
0.26984498,5.9169993
0.26985,5.9169993
0.269855,5.9169993
0.26986,5.9169993
0.269865,5.9169993
0.26986998,5.9169993
0.269875,5.9169993
0.26988,5.9169993
0.269885,5.9169993
0.26988998,5.9169993
0.269895,5.9169993
0.2699,5.9169993
0.269905,5.9169993
0.26991,5.9169993
0.26991498,5.9169993
0.26992,5.9169993
0.269925,5.9169993
0.26993,5.9169993
0.26993498,5.9169993
0.26994,5.9169993
0.269945,5.9169993
0.26995,5.9169993
0.26995498,5.9169993
0.26996,5.9169993
0.269965,5.9169993
0.26997,5.9169993
0.269975,5.9169993
0.26997998,5.9169993
0.269985,5.9169993
0.26999,5.9169993
0.269995,5.9169993
0.26999998,5.9169993
0.270005,5.9169993
0.27001,5.9169993
0.270015,5.9169993
0.27001998,5.9169993
0.27002499,5.9169993
0.27003,5.9169993
0.270035,5.9169993
0.27004,5.9169993
0.27004498,5.9169993
0.27005,5.9169993
0.270055,5.9169993
0.27006,5.9169993
0.27006498,5.9169993
0.27007,5.9169993
0.270075,5.9169993
0.27008,5.9169993
0.270085,5.9169993
0.27008998,5.9169993
0.270095,5.9169993
0.2701,5.9169993
0.270105,5.9169993
0.27010998,5.9169993
0.270115,5.9169993
0.27012,5.9169993
0.270125,5.9169993
0.27012998,5.9169993
0.270135,5.9169993
0.27014,5.9169993
0.270145,5.9169993
0.27015,5.9169993
0.27015498,5.9169993
0.27016,5.9169993
0.270165,5.9169993
0.27017,5.9169993
0.27017498,5.9169993
0.27018,5.9169993
0.270185,5.9169993
0.27019,5.9169993
0.270195,5.9169993
0.27019998,5.9169993
0.270205,5.9169993
0.27021,5.9169993
0.270215,5.9169993
0.27021998,5.9169993
0.270225,5.9169993
0.27023,5.9169993
0.270235,5.9169993
0.27023998,5.9169993
0.270245,5.9169993
0.27025,5.9169993
0.270255,5.9169993
0.27026,5.9169993
0.27026498,5.9169993
0.27027,5.9169993
0.270275,5.9169993
0.27028,5.9169993
0.27028498,5.9169993
0.27029,5.9169993
0.270295,5.9169993
0.2703,5.9169993
0.270305,5.9169993
0.27030998,5.9169993
0.270315,5.9169993
0.27032,5.9169993
0.270325,5.9169993
0.27032998,5.9169993
0.270335,5.9169993
0.27034,5.9169993
0.270345,5.9169993
0.27034998,5.9169993
0.270355,5.9169993
0.27036,5.9169993
0.270365,5.9169993
0.27037,5.9169993
0.27037498,5.9169993
0.27038,5.9169993
0.270385,5.9169993
0.27039,5.9169993
0.27039498,5.9169993
0.2704,5.9169993
0.270405,5.9169993
0.27041,5.9169993
0.270415,5.9169993
0.27041999,5.9169993
0.270425,5.9169993
0.27043,5.9169993
0.270435,5.9169993
0.27043998,5.9169993
0.270445,5.9169993
0.27045,5.9169993
0.270455,5.9169993
0.27045998,5.9169993
0.270465,5.9169993
0.27047,5.9169993
0.270475,5.9169993
0.27048,5.9169993
0.27048498,5.9169993
0.27049,5.9169993
0.270495,5.9169993
0.2705,5.9169993
0.27050498,5.9169993
0.27051,5.9169993
0.270515,5.9169993
0.27052,5.9169993
0.27052498,5.9169993
0.27053,5.9169993
0.270535,5.9169993
0.27054,5.9169993
0.270545,5.9169993
0.27054998,5.9169993
0.270555,5.9169993
0.27056,5.9169993
0.270565,5.9169993
0.27056998,5.9169993
0.270575,5.9169993
0.27058,5.9169993
0.270585,5.9169993
0.27059,5.9169993
0.27059498,5.9169993
0.2706,5.9169993
0.270605,5.9169993
0.27061,5.9169993
0.27061498,5.9169993
0.27062,5.9169993
0.270625,5.9169993
0.27063,5.9169993
0.27063498,5.9169993
0.27064,5.9169993
0.270645,5.9169993
0.27065,5.9169993
0.270655,5.9169993
0.27065998,5.9169993
0.270665,5.9169993
0.27067,5.9169993
0.270675,5.9169993
0.27067998,5.9169993
0.270685,5.9169993
0.27069,5.9169993
0.270695,5.9169993
0.2707,5.9169993
0.27070498,5.9169993
0.27071,5.9169993
0.270715,5.9169993
0.27072,5.9169993
0.27072498,5.9169993
0.27073,5.9169993
0.270735,5.9169993
0.27074,5.9169993
0.27074498,5.9169993
0.27075,5.9169993
0.270755,5.9169993
0.27076,5.9169993
0.270765,5.9169993
0.27076998,5.9169993
0.270775,5.9169993
0.27078,5.9169993
0.270785,5.9169993
0.27078998,5.9169993
0.270795,5.9169993
0.2708,5.9169993
0.270805,5.9169993
0.27081,5.9169993
0.27081499,5.9169993
0.27082,5.9169993
0.270825,5.9169993
0.27083,5.9169993
0.27083498,5.9169993
0.27084,5.9169993
0.270845,5.9169993
0.27085,5.9169993
0.27085498,5.9169993
0.27086,5.9169993
0.270865,5.9169993
0.27087,5.9169993
0.270875,5.9169993
0.27087998,5.9169993
0.270885,5.9169993
0.27089,5.9169993
0.270895,5.9169993
0.27089998,5.9169993
0.270905,5.9169993
0.27091,5.9169993
0.270915,5.9169993
0.27091998,5.9169993
0.270925,5.9169993
0.27093,5.9169993
0.270935,5.9169993
0.27094,5.9169993
0.27094498,5.9169993
0.27095,5.9169993
0.270955,5.9169993
0.27096,5.9169993
0.27096498,5.9169993
0.27097,5.9169993
0.270975,5.9169993
0.27098,5.9169993
0.270985,5.9169993
0.27098998,5.9169993
0.270995,5.9169993
0.271,5.9169993
0.271005,5.9169993
0.27100998,5.9169993
0.271015,5.9169993
0.27102,5.9169993
0.271025,5.9169993
0.27102998,5.9169993
0.271035,5.9169993
0.27104,5.9169993
0.271045,5.9169993
0.27105,5.9169993
0.27105498,5.9169993
0.27106,5.9169993
0.271065,5.9169993
0.27107,5.9169993
0.27107498,5.9169993
0.27108,5.9169993
0.271085,5.9169993
0.27109,5.9169993
0.271095,5.9169993
0.27109998,5.9169993
0.271105,5.9169993
0.27111,5.9169993
0.271115,5.9169993
0.27111998,5.9169993
0.271125,5.9169993
0.27113,5.9169993
0.271135,5.9169993
0.27113998,5.9169993
0.271145,5.9169993
0.27115,5.9169993
0.271155,5.9169993
0.27116,5.9169993
0.27116498,5.9169993
0.27117,5.9169993
0.271175,5.9169993
0.27118,5.9169993
0.27118498,5.9169993
0.27119,5.9169993
0.271195,5.9169993
0.2712,5.9169993
0.271205,5.9169993
0.27120999,0.46169758
0.271215,0.27677202
0.27122,0.27677202
0.271225,0.23054075
0.27122998,0.23054075
0.271235,0.184309
0.27124,0.184309
0.271245,0.184309
0.27124998,0.184309
0.271255,0.184309
0.27126,0.13807821
0.271265,0.13807821
0.27127,0.13807821
0.27127498,0.13807821
0.27128,0.13807821
0.271285,0.13807821
0.27129,0.13807821
0.27129498,0.13807821
0.2713,0.13807821
0.271305,0.13807821
0.27131,0.13807821
0.27131498,0.13807821
0.27132,0.13807821
0.271325,0.13807821
0.27133,0.13807821
0.271335,0.13807821
0.27133998,0.13807821
0.271345,0.13807821
0.27135,0.13807821
0.271355,0.13807821
0.27135998,0.13807821
0.271365,0.13807821
0.27137,0.13807821
0.271375,0.13807821
0.27138,0.13807821
0.27138498,0.13807821
0.27139,0.13807821
0.271395,0.13807821
0.2714,0.13807821
0.27140498,0.13807821
0.27141,0.13807821
0.271415,0.13807821
0.27142,0.13807821
0.27142498,0.13807821
0.27143,0.13807821
0.271435,0.13807821
0.27144,0.13807821
0.271445,0.13807821
0.27144998,0.13807821
0.271455,0.13807821
0.27146,0.13807821
0.271465,0.13807821
0.27146998,0.13807821
0.271475,0.13807821
0.27148,0.13807821
0.271485,0.13807821
0.27149,0.13807821
0.27149498,0.13807821
0.2715,0.13807821
0.271505,0.13807821
0.27151,0.13807821
0.27151498,0.13807821
0.27152,0.13807821
0.271525,0.13807821
0.27153,0.13807821
0.27153498,0.13807821
0.27154,0.13807821
0.271545,0.13807821
0.27155,0.13807821
0.271555,0.13807821
0.27155998,0.13807821
0.271565,0.13807821
0.27157,0.13807821
0.271575,0.13807821
0.27157998,0.13807821
0.271585,0.13807821
0.27159,0.13807821
0.271595,0.13807821
0.2716,0.13807821
0.27160498,0.13807821
0.27161,0.13807821
0.271615,0.13807821
0.27162,0.13807821
0.27162498,0.13807821
0.27163,0.13807821
0.271635,0.13807821
0.27164,0.13807821
0.27164498,0.13807821
0.27165,0.13807821
0.271655,0.13807821
0.27166,0.13807821
0.271665,0.13807821
0.27166998,0.13807821
0.271675,0.13807821
0.27168,0.13807821
0.271685,0.13807821
0.27168998,0.13807821
0.271695,0.13807821
0.2717,0.13807821
0.271705,0.13807821
0.27170998,0.13807821
0.271715,0.13807821
0.27172,0.13807821
0.271725,0.13807821
0.27173,0.13807821
0.27173498,0.13807821
0.27174,0.13807821
0.271745,0.13807821
0.27175,0.13807821
0.27175498,0.13807821
0.27176,0.13807821
0.271765,0.13807821
0.27177,0.13807821
0.271775,0.13807821
0.27177998,0.13807821
0.271785,0.13807821
0.27179,0.13807821
0.271795,0.13807821
0.27179998,0.13807821
0.271805,0.13807821
0.27181,0.13807821
0.271815,0.13807821
0.27181998,0.13807821
0.271825,0.13807821
0.27183,0.13807821
0.271835,0.13807821
0.27184,0.13807821
0.27184498,0.13807821
0.27185,5.177297
0.271855,5.9169993
0.27186,5.9169993
0.27186498,5.9169993
0.27187,5.9169993
0.271875,5.9169993
0.27188,5.9169993
0.271885,5.9169993
0.27188998,5.9169993
0.271895,5.9169993
0.2719,5.9169993
0.271905,5.9169993
0.27190998,5.9169993
0.271915,5.9169993
0.27192,5.9169993
0.271925,5.9169993
0.27192998,5.9169993
0.271935,5.9169993
0.27194,5.9169993
0.271945,5.9169993
0.27195,5.9169993
0.27195498,5.9169993
0.27196,5.9169993
0.271965,5.9169993
0.27197,5.9169993
0.27197498,5.9169993
0.27198,5.9169993
0.271985,5.9169993
0.27199,5.9169993
0.271995,5.9169993
0.27199998,5.9169993
0.272005,5.9169993
0.27201,5.9169993
0.272015,5.9169993
0.27201998,5.9169993
0.272025,5.9169993
0.27203,5.9169993
0.272035,5.9169993
0.27203998,5.9169993
0.272045,5.9169993
0.27205,5.9169993
0.272055,5.9169993
0.27206,5.9169993
0.27206498,5.9169993
0.27207,5.9169993
0.272075,5.9169993
0.27208,5.9169993
0.27208498,5.9169993
0.27209,5.9169993
0.272095,5.9169993
0.2721,5.9169993
0.27210498,5.9169993
0.27211,5.9169993
0.272115,5.9169993
0.27212,5.9169993
0.272125,5.9169993
0.27212998,5.9169993
0.272135,5.9169993
0.27214,5.9169993
0.272145,5.9169993
0.27214998,5.9169993
0.272155,5.9169993
0.27216,5.9169993
0.272165,5.9169993
0.27217,5.9169993
0.27217498,5.9169993
0.27218,5.9169993
0.272185,5.9169993
0.27219,5.9169993
0.27219498,5.9169993
0.2722,5.9169993
0.272205,5.9169993
0.27221,5.9169993
0.27221498,5.9169993
0.27222,5.9169993
0.272225,5.9169993
0.27223,5.9169993
0.272235,5.9169993
0.27223998,5.9169993
0.272245,5.9169993
0.27225,5.9169993
0.272255,5.9169993
0.27225998,5.9169993
0.272265,5.9169993
0.27227,5.9169993
0.272275,5.9169993
0.27228,5.9169993
0.27228498,5.9169993
0.27229,5.9169993
0.272295,5.9169993
0.2723,5.9169993
0.27230498,5.9169993
0.27231,5.9169993
0.272315,5.9169993
0.27232,5.9169993
0.27232498,5.9169993
0.27233,5.9169993
0.272335,5.9169993
0.27234,5.9169993
0.272345,5.9169993
0.27234998,5.9169993
0.272355,5.9169993
0.27236,5.9169993
0.272365,5.9169993
0.27236998,5.9169993
0.272375,5.9169993
0.27238,5.9169993
0.272385,5.9169993
0.27239,5.9169993
0.27239498,5.9169993
0.2724,5.9169993
0.272405,5.9169993
0.27241,5.9169993
0.27241498,5.9169993
0.27242,5.9169993
0.272425,5.9169993
0.27243,5.9169993
0.27243498,5.9169993
0.27244,5.9169993
0.272445,5.9169993
0.27245,5.9169993
0.272455,5.9169993
0.27245998,5.9169993
0.272465,5.9169993
0.27247,5.9169993
0.272475,5.9169993
0.27247998,5.9169993
0.272485,5.9169993
0.27249,5.9169993
0.272495,5.9169993
0.27249998,5.9169993
0.272505,5.9169993
0.27251,5.9169993
0.272515,5.9169993
0.27252,5.9169993
0.27252498,5.9169993
0.27253,5.9169993
0.272535,5.9169993
0.27254,5.9169993
0.27254498,5.9169993
0.27255,5.9169993
0.272555,5.9169993
0.27256,5.9169993
0.272565,5.9169993
0.27256998,5.9169993
0.272575,5.9169993
0.27258,5.9169993
0.272585,5.9169993
0.27258998,5.9169993
0.272595,5.9169993
0.2726,5.9169993
0.272605,5.9169993
0.27260998,5.9169993
0.272615,5.9169993
0.27262,5.9169993
0.272625,5.9169993
0.27263,5.9169993
0.27263498,5.9169993
0.27264,5.9169993
0.272645,5.9169993
0.27265,5.9169993
0.27265498,5.9169993
0.27266,5.9169993
0.272665,5.9169993
0.27267,5.9169993
0.272675,5.9169993
0.27267998,5.9169993
0.272685,5.9169993
0.27269,5.9169993
0.272695,5.9169993
0.27269998,5.9169993
0.272705,5.9169993
0.27271,5.9169993
0.272715,5.9169993
0.27271998,5.9169993
0.272725,5.9169993
0.27273,5.9169993
0.272735,5.9169993
0.27274,5.9169993
0.27274498,5.9169993
0.27275,5.9169993
0.272755,5.9169993
0.27276,5.9169993
0.27276498,5.9169993
0.27277,5.9169993
0.272775,5.9169993
0.27278,5.9169993
0.272785,5.9169993
0.27278998,5.9169993
0.272795,5.9169993
0.2728,5.9169993
0.272805,5.9169993
0.27280998,5.9169993
0.272815,5.9169993
0.27282,5.9169993
0.272825,5.9169993
0.27282998,5.9169993
0.272835,5.9169993
0.27284,5.9169993
0.272845,5.9169993
0.27285,5.9169993
0.27285498,5.9169993
0.27286,5.9169993
0.272865,5.9169993
0.27287,5.9169993
0.27287498,5.9169993
0.27288,5.9169993
0.272885,5.9169993
0.27289,5.9169993
0.27289498,5.9169993
0.2729,5.9169993
0.272905,5.9169993
0.27291,5.9169993
0.272915,5.9169993
0.27291998,5.9169993
0.272925,5.9169993
0.27293,5.9169993
0.272935,5.9169993
0.27293998,5.9169993
0.272945,5.9169993
0.27295,5.9169993
0.272955,5.9169993
0.27296,5.9169993
0.27296498,5.9169993
0.27297,5.9169993
0.272975,5.9169993
0.27298,5.9169993
0.27298498,5.9169993
0.27299,5.9169993
0.272995,5.9169993
0.273,5.9169993
0.27300498,5.9169993
0.27301,5.9169993
0.273015,5.9169993
0.27302,5.9169993
0.273025,5.9169993
0.27302998,5.9169993
0.273035,5.9169993
0.27304,5.9169993
0.273045,5.9169993
0.27304998,5.9169993
0.273055,5.9169993
0.27306,5.9169993
0.273065,5.9169993
0.27307,5.9169993
0.27307498,5.9169993
0.27308,5.9169993
0.273085,5.9169993
0.27309,5.9169993
0.27309498,5.9169993
0.2731,5.9169993
0.273105,5.9169993
0.27311,5.9169993
0.27311498,5.9169993
0.27312,5.9169993
0.273125,5.9169993
0.27313,5.9169993
0.273135,5.9169993
0.27313998,5.9169993
0.273145,5.9169993
0.27315,5.9169993
0.273155,5.9169993
0.27315998,5.9169993
0.273165,5.9169993
0.27317,5.9169993
0.273175,5.9169993
0.27318,5.9169993
0.27318498,5.9169993
0.27319,5.9169993
0.273195,5.9169993
0.2732,5.9169993
0.27320498,5.9169993
0.27321,5.9169993
0.273215,5.9169993
0.27322,5.9169993
0.27322498,5.9169993
0.27323,5.9169993
0.273235,5.9169993
0.27324,5.9169993
0.273245,5.9169993
0.27324998,5.9169993
0.273255,5.9169993
0.27326,5.9169993
0.273265,5.9169993
0.27326998,5.9169993
0.273275,5.9169993
0.27328,5.9169993
0.273285,5.9169993
0.27328998,5.9169993
0.273295,5.9169993
0.2733,5.9169993
0.273305,5.9169993
0.27331,5.9169993
0.27331498,5.9169993
0.27332,5.9169993
0.273325,5.9169993
0.27333,5.9169993
0.27333498,5.9169993
0.27334,5.9169993
0.273345,5.9169993
0.27335,5.9169993
0.273355,5.9169993
0.27335998,5.9169993
0.273365,5.9169993
0.27337,5.9169993
0.273375,5.9169993
0.27337998,5.9169993
0.273385,5.9169993
0.27339,5.9169993
0.273395,5.9169993
0.27339998,5.9169993
0.273405,5.9169993
0.27341,5.9169993
0.273415,5.9169993
0.27342,5.9169993
0.27342498,5.9169993
0.27343,5.9169993
0.273435,5.9169993
0.27344,5.9169993
0.27344498,5.9169993
0.27345,5.9169993
0.273455,5.9169993
0.27346,5.9169993
0.273465,0.46169758
0.27346998,0.27677202
0.273475,0.27677202
0.27348,0.23054075
0.273485,0.23054075
0.27348998,0.184309
0.273495,0.184309
0.2735,0.184309
0.273505,0.184309
0.27350998,0.13807821
0.273515,0.13807821
0.27352,0.13807821
0.273525,0.13807821
0.27353,0.13807821
0.27353498,0.13807821
0.27354,0.13807821
0.273545,0.13807821
0.27355,0.13807821
0.27355498,0.13807821
0.27356,0.13807821
0.273565,0.13807821
0.27357,0.13807821
0.273575,0.13807821
0.27357998,0.13807821
0.273585,0.13807821
0.27359,0.13807821
0.273595,0.13807821
0.27359998,0.13807821
0.273605,0.13807821
0.27361,0.13807821
0.273615,0.13807821
0.27361998,0.13807821
0.273625,0.13807821
0.27363,0.13807821
0.273635,0.13807821
0.27364,0.13807821
0.27364498,0.13807821
0.27365,0.13807821
0.273655,0.13807821
0.27366,0.13807821
0.27366498,0.13807821
0.27367,0.13807821
0.273675,0.13807821
0.27368,0.13807821
0.27368498,0.13807821
0.27369,0.13807821
0.273695,0.13807821
0.2737,0.13807821
0.273705,0.13807821
0.27370998,0.13807821
0.273715,0.13807821
0.27372,0.13807821
0.273725,0.13807821
0.27372998,0.13807821
0.273735,0.13807821
0.27374,0.13807821
0.273745,0.13807821
0.27375,0.13807821
0.27375498,0.13807821
0.27376,0.13807821
0.273765,0.13807821
0.27377,0.13807821
0.27377498,0.13807821
0.27378,0.13807821
0.273785,0.13807821
0.27379,0.13807821
0.27379498,0.13807821
0.2738,0.13807821
0.273805,0.13807821
0.27381,0.13807821
0.273815,0.13807821
0.27381998,0.13807821
0.273825,0.13807821
0.27383,0.13807821
0.273835,0.13807821
0.27383998,0.13807821
0.273845,0.13807821
0.27385,0.13807821
0.273855,0.13807821
0.27386,0.13807821
0.27386498,0.13807821
0.27387,0.13807821
0.273875,0.13807821
0.27388,0.13807821
0.27388498,0.13807821
0.27389,0.13807821
0.273895,0.13807821
0.2739,0.13807821
0.27390498,0.13807821
0.27391,0.13807821
0.273915,0.13807821
0.27392,0.13807821
0.273925,0.13807821
0.27392998,0.13807821
0.273935,0.13807821
0.27394,0.13807821
0.273945,0.13807821
0.27394998,0.13807821
0.273955,0.13807821
0.27396,0.13807821
0.273965,0.13807821
0.27397,0.13807821
0.27397498,0.13807821
0.27398,0.13807821
0.273985,0.13807821
0.27399,0.13807821
0.27399498,0.13807821
0.274,0.13807821
0.274005,0.13807821
0.27401,0.13807821
0.27401498,0.13807821
0.27402,0.13807821
0.274025,0.13807821
0.27403,0.13807821
0.274035,0.13807821
0.27403998,0.13807821
0.274045,0.13807821
0.27405,0.13807821
0.274055,0.13807821
0.27405998,0.13807821
0.274065,0.13807821
0.27407,0.13807821
0.274075,0.13807821
0.27407998,0.13807821
0.274085,0.13807821
0.27409,1.6637135
0.274095,5.870768
0.2741,5.9169993
0.27410498,5.9169993
0.27411,5.9169993
0.274115,5.9169993
0.27412,5.9169993
0.27412498,5.9169993
0.27413,5.9169993
0.274135,5.9169993
0.27414,5.9169993
0.274145,5.9169993
0.27414998,5.9169993
0.274155,5.9169993
0.27416,5.9169993
0.274165,5.9169993
0.27416998,5.9169993
0.274175,5.9169993
0.27418,5.9169993
0.274185,5.9169993
0.27418998,5.9169993
0.274195,5.9169993
0.2742,5.9169993
0.274205,5.9169993
0.27421,5.9169993
0.27421498,5.9169993
0.27422,5.9169993
0.274225,5.9169993
0.27423,5.9169993
0.27423498,5.9169993
0.27424,5.9169993
0.274245,5.9169993
0.27425,5.9169993
0.274255,5.9169993
0.27425998,5.9169993
0.274265,5.9169993
0.27427,5.9169993
0.274275,5.9169993
0.27427998,5.9169993
0.274285,5.9169993
0.27429,5.9169993
0.274295,5.9169993
0.27429998,5.9169993
0.274305,5.9169993
0.27431,5.9169993
0.274315,5.9169993
0.27432,5.9169993
0.27432498,5.9169993
0.27433,5.9169993
0.274335,5.9169993
0.27434,5.9169993
0.27434498,5.9169993
0.27435,5.9169993
0.274355,5.9169993
0.27436,5.9169993
0.274365,5.9169993
0.27436998,5.9169993
0.274375,5.9169993
0.27438,5.9169993
0.274385,5.9169993
0.27438998,5.9169993
0.274395,5.9169993
0.2744,5.9169993
0.274405,5.9169993
0.27440998,5.9169993
0.274415,5.9169993
0.27442,5.9169993
0.274425,5.9169993
0.27443,5.9169993
0.27443498,5.9169993
0.27444,5.9169993
0.274445,5.9169993
0.27445,5.9169993
0.27445498,5.9169993
0.27446,5.9169993
0.274465,5.9169993
0.27447,5.9169993
0.27447498,5.9169993
0.27448,5.9169993
0.274485,5.9169993
0.27449,5.9169993
0.274495,5.9169993
0.27449998,5.9169993
0.274505,5.9169993
0.27451,5.9169993
0.274515,5.9169993
0.27451998,5.9169993
0.274525,5.9169993
0.27453,5.9169993
0.274535,5.9169993
0.27454,5.9169993
0.27454498,5.9169993
0.27455,5.9169993
0.274555,5.9169993
0.27456,5.9169993
0.27456498,5.9169993
0.27457,5.9169993
0.274575,0.3230033
0.27458,0.27677202
0.27458498,0.23054075
0.27459,0.23054075
0.274595,0.23054075
0.2746,0.184309
0.274605,0.184309
0.27460998,0.184309
0.274615,0.184309
0.27462,0.13807821
0.274625,0.13807821
0.27462998,0.13807821
0.274635,0.13807821
0.27464,0.13807821
0.274645,0.13807821
0.27465,0.13807821
0.27465498,0.13807821
0.27466,0.13807821
0.274665,0.13807821
0.27467,0.13807821
0.27467498,0.13807821
0.27468,0.13807821
0.274685,0.13807821
0.27469,0.13807821
0.27469498,0.13807821
0.2747,0.13807821
0.274705,0.13807821
0.27471,0.13807821
0.274715,0.13807821
0.27471998,0.13807821
0.274725,0.13807821
0.27473,0.13807821
0.274735,0.13807821
0.27473998,0.13807821
0.274745,0.13807821
0.27475,0.13807821
0.274755,0.13807821
0.27476,0.13807821
0.27476498,0.13807821
0.27477,0.13807821
0.274775,0.13807821
0.27478,0.13807821
0.27478498,0.13807821
0.27479,0.13807821
0.274795,0.13807821
0.2748,0.13807821
0.27480498,0.13807821
0.27481,0.13807821
0.274815,0.13807821
0.27482,0.13807821
0.274825,0.13807821
0.27482998,0.13807821
0.274835,0.13807821
0.27484,0.13807821
0.274845,0.13807821
0.27484998,0.13807821
0.274855,0.13807821
0.27486,0.13807821
0.274865,0.13807821
0.27486998,0.13807821
0.274875,0.13807821
0.27488,0.13807821
0.274885,0.13807821
0.27489,0.13807821
0.27489498,0.13807821
0.2749,0.13807821
0.274905,0.13807821
0.27491,0.13807821
0.27491498,0.13807821
0.27492,0.13807821
0.274925,0.13807821
0.27493,0.13807821
0.274935,0.13807821
0.27493998,0.13807821
0.274945,0.13807821
0.27495,0.13807821
0.274955,0.13807821
0.27495998,0.13807821
0.274965,0.13807821
0.27497,0.13807821
0.274975,0.13807821
0.27497998,0.13807821
0.274985,0.13807821
0.27499,0.13807821
0.274995,0.13807821
0.275,0.13807821
0.27500498,0.13807821
0.27501,0.13807821
0.275015,0.13807821
0.27502,0.13807821
0.27502498,0.13807821
0.27503,0.13807821
0.275035,0.13807821
0.27504,0.13807821
0.275045,0.13807821
0.27504998,0.13807821
0.275055,0.13807821
0.27506,0.13807821
0.275065,0.13807821
0.27506998,0.13807821
0.275075,0.13807821
0.27508,0.13807821
0.275085,0.13807821
0.27508998,0.13807821
0.275095,0.13807821
0.2751,0.13807821
0.275105,0.13807821
0.27511,0.13807821
0.27511498,0.13807821
0.27512,0.13807821
0.275125,0.13807821
0.27513,0.13807821
0.27513498,0.13807821
0.27514,0.13807821
0.275145,0.13807821
0.27515,0.13807821
0.275155,0.13807821
0.27515998,0.13807821
0.275165,0.13807821
0.27517,4.8536773
0.275175,5.9169993
0.27517998,5.9169993
0.275185,5.9169993
0.27519,5.9169993
0.275195,5.9169993
0.27519998,5.9169993
0.275205,5.9169993
0.27521,5.9169993
0.275215,5.9169993
0.27522,5.9169993
0.27522498,5.9169993
0.27523,5.9169993
0.275235,5.9169993
0.27524,5.9169993
0.27524498,5.9169993
0.27525,5.9169993
0.275255,5.9169993
0.27526,5.9169993
0.27526498,5.9169993
0.27527,5.9169993
0.275275,5.9169993
0.27528,5.9169993
0.275285,5.9169993
0.27528998,5.9169993
0.275295,5.9169993
0.2753,5.9169993
0.275305,5.9169993
0.27530998,5.9169993
0.275315,5.9169993
0.27532,5.9169993
0.275325,5.9169993
0.27533,5.9169993
0.27533498,5.9169993
0.27534,5.9169993
0.275345,5.9169993
0.27535,5.9169993
0.27535498,5.9169993
0.27536,5.9169993
0.275365,5.9169993
0.27537,5.9169993
0.27537498,5.9169993
0.27538,5.9169993
0.275385,5.9169993
0.27539,5.9169993
0.275395,5.9169993
0.27539998,5.9169993
0.275405,5.9169993
0.27541,5.9169993
0.275415,5.9169993
0.27541998,5.9169993
0.275425,5.9169993
0.27543,5.9169993
0.275435,5.9169993
0.27544,5.9169993
0.27544498,5.9169993
0.27545,5.9169993
0.275455,5.9169993
0.27546,5.9169993
0.27546498,5.9169993
0.27547,5.9169993
0.275475,5.9169993
0.27548,5.9169993
0.27548498,5.9169993
0.27549,5.9169993
0.275495,5.9169993
0.2755,5.9169993
0.275505,5.9169993
0.27550998,5.9169993
0.275515,5.9169993
0.27552,5.9169993
0.275525,5.9169993
0.27552998,5.9169993
0.275535,5.9169993
0.27554,5.9169993
0.275545,5.9169993
0.27555,5.9169993
0.27555498,5.9169993
0.27556,5.9169993
0.275565,5.9169993
0.27557,5.9169993
0.27557498,5.9169993
0.27558,5.9169993
0.275585,5.9169993
0.27559,5.9169993
0.27559498,5.9169993
0.2756,5.9169993
0.275605,5.9169993
0.27561,5.9169993
0.275615,5.9169993
0.27561998,5.9169993
0.275625,5.9169993
0.27563,5.9169993
0.275635,5.9169993
0.27563998,5.9169993
0.275645,5.9169993
0.27565,5.9169993
0.275655,5.9169993
0.27565998,5.9169993
0.275665,5.9169993
0.27567,5.9169993
0.275675,5.9169993
0.27568,5.9169993
0.27568498,5.9169993
0.27569,5.9169993
0.275695,0.50792885
0.2757,0.27677202
0.27570498,0.27677202
0.27571,0.23054075
0.275715,0.23054075
0.27572,0.184309
0.275725,0.184309
0.27572998,0.184309
0.275735,0.184309
0.27574,0.13807821
0.275745,0.13807821
0.27574998,0.13807821
0.275755,0.13807821
0.27576,0.13807821
0.275765,0.13807821
0.27576998,0.13807821
0.275775,0.13807821
0.27578,0.13807821
0.275785,0.13807821
0.27579,0.13807821
0.27579498,0.13807821
0.2758,0.13807821
0.275805,0.13807821
0.27581,0.13807821
0.27581498,0.13807821
0.27582,0.13807821
0.275825,0.13807821
0.27583,0.13807821
0.275835,0.13807821
0.27583998,0.13807821
0.275845,0.13807821
0.27585,0.13807821
0.275855,0.13807821
0.27585998,0.13807821
0.275865,0.13807821
0.27587,0.13807821
0.275875,0.13807821
0.27587998,0.13807821
0.275885,0.13807821
0.27589,0.13807821
0.275895,0.13807821
0.2759,0.13807821
0.27590498,0.13807821
0.27591,0.13807821
0.275915,0.13807821
0.27592,0.13807821
0.27592498,0.13807821
0.27593,0.13807821
0.275935,0.13807821
0.27594,0.13807821
0.275945,0.13807821
0.27594998,0.13807821
0.275955,0.13807821
0.27596,0.13807821
0.275965,0.13807821
0.27596998,0.13807821
0.275975,0.13807821
0.27598,0.13807821
0.275985,0.13807821
0.27598998,0.13807821
0.275995,0.13807821
0.276,0.13807821
0.276005,0.13807821
0.27601,0.13807821
0.27601498,0.13807821
0.27602,0.13807821
0.276025,0.13807821
0.27603,0.13807821
0.27603498,0.13807821
0.27604,0.13807821
0.276045,0.13807821
0.27605,0.13807821
0.27605498,0.13807821
0.27606,0.13807821
0.276065,0.13807821
0.27607,0.13807821
0.276075,0.13807821
0.27607998,0.13807821
0.276085,0.13807821
0.27609,0.13807821
0.276095,0.13807821
0.27609998,0.13807821
0.276105,0.13807821
0.27611,0.13807821
0.276115,0.13807821
0.27612,0.13807821
0.27612498,0.13807821
0.27613,0.13807821
0.276135,0.13807821
0.27614,0.13807821
0.27614498,0.13807821
0.27615,0.13807821
0.276155,0.13807821
0.27616,0.13807821
0.27616498,0.13807821
0.27617,0.13807821
0.276175,0.13807821
0.27618,0.13807821
0.276185,0.13807821
0.27618998,0.13807821
0.276195,0.13807821
0.2762,0.13807821
0.276205,0.13807821
0.27620998,0.13807821
0.276215,0.13807821
0.27622,0.13807821
0.276225,0.13807821
0.27623,0.13807821
0.27623498,0.13807821
0.27624,0.13807821
0.276245,0.13807821
0.27625,0.13807821
0.27625498,0.13807821
0.27626,0.13807821
0.276265,0.13807821
0.27627,0.13807821
0.27627498,0.13807821
0.27628,0.13807821
0.276285,0.13807821
0.27629,0.13807821
0.276295,0.13807821
0.27629998,0.13807821
0.276305,0.13807821
0.27631,0.13807821
0.276315,0.13807821
0.27631998,4.622521
0.276325,5.9169993
0.27633,5.9169993
0.276335,5.9169993
0.27634,5.9169993
0.27634498,5.9169993
0.27635,5.9169993
0.276355,5.9169993
0.27636,5.9169993
0.27636498,5.9169993
0.27637,5.9169993
0.276375,5.9169993
0.27638,5.9169993
0.27638498,5.9169993
0.27639,5.9169993
0.276395,5.9169993
0.2764,5.9169993
0.276405,5.9169993
0.27640998,5.9169993
0.276415,5.9169993
0.27642,5.9169993
0.276425,5.9169993
0.27642998,5.9169993
0.276435,5.9169993
0.27644,5.9169993
0.276445,5.9169993
0.27644998,5.9169993
0.276455,5.9169993
0.27646,5.9169993
0.276465,5.9169993
0.27647,5.9169993
0.27647498,5.9169993
0.27648,5.9169993
0.276485,5.9169993
0.27649,5.9169993
0.27649498,5.9169993
0.2765,5.9169993
0.276505,5.9169993
0.27651,5.9169993
0.276515,5.9169993
0.27651998,5.9169993
0.276525,5.9169993
0.27653,5.9169993
0.276535,5.9169993
0.27653998,5.9169993
0.276545,5.9169993
0.27655,5.9169993
0.276555,5.9169993
0.27655998,5.9169993
0.276565,5.9169993
0.27657,5.9169993
0.276575,5.9169993
0.27658,5.9169993
0.27658498,5.9169993
0.27659,5.9169993
0.276595,5.9169993
0.2766,5.9169993
0.27660498,5.9169993
0.27661,5.9169993
0.276615,5.9169993
0.27662,5.9169993
0.276625,5.9169993
0.27662998,5.9169993
0.276635,5.9169993
0.27664,5.9169993
0.276645,5.9169993
0.27664998,5.9169993
0.276655,5.9169993
0.27666,5.9169993
0.276665,5.9169993
0.27666998,5.9169993
0.276675,5.9169993
0.27668,5.9169993
0.276685,5.9169993
0.27669,5.9169993
0.27669498,5.9169993
0.2767,5.9169993
0.276705,5.9169993
0.27671,5.9169993
0.27671498,5.9169993
0.27672,5.9169993
0.276725,5.9169993
0.27673,5.9169993
0.276735,5.9169993
0.27673998,5.9169993
0.276745,5.9169993
0.27675,5.9169993
0.276755,5.9169993
0.27675998,5.9169993
0.276765,5.9169993
0.27677,5.9169993
0.276775,5.9169993
0.27677998,5.9169993
0.276785,5.9169993
0.27679,4.437596
0.276795,0.3230033
0.2768,0.27677202
0.27680498,0.23054075
0.27681,0.23054075
0.276815,0.184309
0.27682,0.184309
0.27682498,0.184309
0.27683,0.184309
0.276835,0.184309
0.27684,0.13807821
0.27684498,0.13807821
0.27685,0.13807821
0.276855,0.13807821
0.27686,0.13807821
0.276865,0.13807821
0.27686998,0.13807821
0.276875,0.13807821
0.27688,0.13807821
0.276885,0.13807821
0.27688998,0.13807821
0.276895,0.13807821
0.2769,0.13807821
0.276905,0.13807821
0.27691,0.13807821
0.27691498,0.13807821
0.27692,0.13807821
0.276925,0.13807821
0.27693,0.13807821
0.27693498,0.13807821
0.27694,0.13807821
0.276945,0.13807821
0.27695,0.13807821
0.27695498,0.13807821
0.27696,0.13807821
0.276965,0.13807821
0.27697,0.13807821
0.276975,0.13807821
0.27697998,0.13807821
0.276985,0.13807821
0.27699,0.13807821
0.276995,0.13807821
0.27699998,0.13807821
0.277005,0.13807821
0.27701,0.13807821
0.277015,0.13807821
0.27702,0.13807821
0.27702498,0.13807821
0.27703,0.13807821
0.277035,0.13807821
0.27704,0.13807821
0.27704498,0.13807821
0.27705,0.13807821
0.277055,0.13807821
0.27706,0.13807821
0.27706498,0.13807821
0.27707,0.13807821
0.277075,0.13807821
0.27708,0.13807821
0.277085,0.13807821
0.27708998,0.13807821
0.277095,0.13807821
0.2771,0.13807821
0.277105,0.13807821
0.27710998,0.13807821
0.277115,0.13807821
0.27712,0.13807821
0.277125,0.13807821
0.27713,0.13807821
0.27713498,0.13807821
0.27714,0.13807821
0.277145,0.13807821
0.27715,0.13807821
0.27715498,0.13807821
0.27716,0.13807821
0.277165,0.13807821
0.27717,0.13807821
0.27717498,0.13807821
0.27718,0.13807821
0.277185,0.13807821
0.27719,0.13807821
0.277195,0.13807821
0.27719998,0.13807821
0.277205,0.13807821
0.27721,0.13807821
0.277215,0.13807821
0.27721998,0.13807821
0.277225,0.13807821
0.27723,0.13807821
0.277235,0.13807821
0.27723998,0.13807821
0.277245,0.13807821
0.27725,0.13807821
0.277255,0.13807821
0.27726,0.13807821
0.27726498,0.13807821
0.27727,0.13807821
0.277275,0.13807821
0.27728,0.13807821
0.27728498,0.13807821
0.27729,0.13807821
0.277295,0.13807821
0.2773,0.13807821
0.277305,0.13807821
0.27730998,0.13807821
0.277315,0.13807821
0.27732,0.13807821
0.277325,0.13807821
0.27732998,0.13807821
0.277335,0.13807821
0.27734,0.13807821
0.277345,0.13807821
0.27734998,0.13807821
0.277355,0.13807821
0.27736,0.13807821
0.277365,0.13807821
0.27737,0.13807821
0.27737498,0.13807821
0.27738,0.13807821
0.277385,0.13807821
0.27739,0.13807821
0.27739498,0.13807821
0.2774,0.13807821
0.277405,0.13807821
0.27741,0.13807821
0.277415,0.13807821
0.27741998,0.13807821
0.277425,0.13807821
0.27743,0.13807821
0.277435,0.13807821
0.27743998,0.13807821
0.277445,0.13807821
0.27745,0.13807821
0.277455,0.13807821
0.27745998,0.13807821
0.277465,0.13807821
0.27747,0.13807821
0.277475,0.13807821
0.27748,0.13807821
0.27748498,0.13807821
0.27749,0.13807821
0.277495,0.13807821
0.2775,1.1089368
0.27750498,5.870768
0.27751,5.9169993
0.277515,5.9169993
0.27752,5.9169993
0.277525,5.9169993
0.27752998,5.9169993
0.277535,5.9169993
0.27754,5.9169993
0.277545,5.9169993
0.27754998,5.9169993
0.277555,5.9169993
0.27756,5.9169993
0.277565,5.9169993
0.27756998,5.9169993
0.277575,5.9169993
0.27758,5.9169993
0.277585,5.9169993
0.27759,5.9169993
0.27759498,5.9169993
0.2776,5.9169993
0.277605,5.9169993
0.27761,5.9169993
0.27761498,5.9169993
0.27762,5.9169993
0.277625,5.9169993
0.27763,5.9169993
0.27763498,5.9169993
0.27763999,5.9169993
0.277645,5.9169993
0.27765,5.9169993
0.277655,5.9169993
0.27765998,5.9169993
0.277665,5.9169993
0.27767,5.9169993
0.277675,5.9169993
0.27767998,5.9169993
0.277685,5.9169993
0.27769,5.9169993
0.277695,5.9169993
0.2777,5.9169993
0.27770498,5.9169993
0.27771,5.9169993
0.277715,5.9169993
0.27772,5.9169993
0.27772498,5.9169993
0.27773,5.9169993
0.277735,5.9169993
0.27774,5.9169993
0.27774498,5.9169993
0.27775,5.9169993
0.277755,5.9169993
0.27776,5.9169993
0.277765,5.9169993
0.27776998,5.9169993
0.277775,5.9169993
0.27778,5.9169993
0.277785,5.9169993
0.27778998,5.9169993
0.277795,5.9169993
0.2778,5.9169993
0.277805,5.9169993
0.27781,5.9169993
0.27781498,5.9169993
0.27782,5.9169993
0.277825,5.9169993
0.27783,5.9169993
0.27783498,5.9169993
0.27784,5.9169993
0.277845,5.9169993
0.27785,5.9169993
0.27785498,5.9169993
0.27786,5.9169993
0.277865,5.9169993
0.27787,5.9169993
0.277875,5.9169993
0.27787998,5.9169993
0.277885,5.9169993
0.27789,5.9169993
0.277895,5.9169993
0.27789998,5.9169993
0.277905,5.9169993
0.27791,5.9169993
0.277915,5.9169993
0.27792,5.9169993
0.27792498,0.50792885
0.27793,0.27677202
0.277935,0.27677202
0.27794,0.23054075
0.27794498,0.23054075
0.27795,0.184309
0.277955,0.184309
0.27796,0.184309
0.27796498,0.184309
0.27797,0.13807821
0.277975,0.13807821
0.27798,0.13807821
0.277985,0.13807821
0.27798998,0.13807821
0.277995,0.13807821
0.278,0.13807821
0.278005,0.13807821
0.27800998,0.13807821
0.278015,0.13807821
0.27802,0.13807821
0.278025,0.13807821
0.27802998,0.13807821
0.27803499,0.13807821
0.27804,0.13807821
0.278045,0.13807821
0.27805,0.13807821
0.27805498,0.13807821
0.27806,0.13807821
0.278065,0.13807821
0.27807,0.13807821
0.27807498,0.13807821
0.27808,0.13807821
0.278085,0.13807821
0.27809,0.13807821
0.278095,0.13807821
0.27809998,0.13807821
0.278105,0.13807821
0.27811,0.13807821
0.278115,0.13807821
0.27811998,0.13807821
0.278125,0.13807821
0.27813,0.13807821
0.278135,0.13807821
0.27813998,0.13807821
0.278145,0.13807821
0.27815,0.13807821
0.278155,0.13807821
0.27816,0.13807821
0.27816498,0.13807821
0.27817,0.13807821
0.278175,0.13807821
0.27818,0.13807821
0.27818498,0.13807821
0.27819,0.13807821
0.278195,0.13807821
0.2782,0.13807821
0.278205,0.13807821
0.27820998,0.13807821
0.278215,0.13807821
0.27822,0.13807821
0.278225,0.13807821
0.27822998,0.13807821
0.278235,0.13807821
0.27824,0.13807821
0.278245,0.13807821
0.27824998,0.13807821
0.278255,0.13807821
0.27826,0.13807821
0.278265,0.13807821
0.27827,0.13807821
0.27827498,0.13807821
0.27828,0.13807821
0.278285,0.13807821
0.27829,0.13807821
0.27829498,0.13807821
0.2783,0.13807821
0.278305,0.13807821
0.27831,0.13807821
0.278315,0.13807821
0.27831998,0.13807821
0.278325,0.13807821
0.27833,0.13807821
0.278335,0.13807821
0.27833998,0.13807821
0.278345,0.13807821
0.27835,0.13807821
0.278355,0.13807821
0.27835998,0.13807821
0.278365,0.13807821
0.27837,0.13807821
0.278375,0.13807821
0.27838,0.13807821
0.27838498,0.13807821
0.27839,0.13807821
0.278395,0.13807821
0.2784,0.13807821
0.27840498,0.13807821
0.27841,0.13807821
0.278415,0.13807821
0.27842,0.13807821
0.27842498,0.13807821
0.27842999,0.13807821
0.278435,0.13807821
0.27844,0.13807821
0.278445,0.13807821
0.27844998,0.13807821
0.278455,0.13807821
0.27846,0.13807821
0.278465,0.13807821
0.27846998,0.13807821
0.278475,0.13807821
0.27848,0.13807821
0.278485,0.13807821
0.27849,0.13807821
0.27849498,0.13807821
0.2785,0.13807821
0.278505,0.13807821
0.27851,0.13807821
0.27851498,0.13807821
0.27852,0.13807821
0.278525,0.13807821
0.27853,0.13807821
0.27853498,0.27677202
0.27854,5.7783055
0.278545,5.9169993
0.27855,5.9169993
0.278555,5.9169993
0.27855998,5.9169993
0.278565,5.9169993
0.27857,5.9169993
0.278575,5.9169993
0.27857998,5.9169993
0.278585,5.9169993
0.27859,5.9169993
0.278595,5.9169993
0.2786,5.9169993
0.27860498,5.9169993
0.27861,5.9169993
0.278615,5.9169993
0.27862,5.9169993
0.27862498,5.9169993
0.27863,5.9169993
0.278635,5.9169993
0.27864,5.9169993
0.27864498,5.9169993
0.27865,5.9169993
0.278655,5.9169993
0.27866,5.9169993
0.278665,5.9169993
0.27866998,5.9169993
0.278675,5.9169993
0.27868,5.9169993
0.278685,5.9169993
0.27868998,5.9169993
0.278695,5.9169993
0.2787,5.9169993
0.278705,5.9169993
0.27871,5.9169993
0.27871498,5.9169993
0.27872,5.9169993
0.278725,5.9169993
0.27873,5.9169993
0.27873498,5.9169993
0.27874,5.9169993
0.278745,5.9169993
0.27875,5.9169993
0.27875498,5.9169993
0.27876,5.9169993
0.278765,5.9169993
0.27877,5.9169993
0.278775,5.9169993
0.27877998,5.9169993
0.278785,5.9169993
0.27879,5.9169993
0.278795,5.9169993
0.27879998,5.9169993
0.278805,5.9169993
0.27881,5.9169993
0.278815,5.9169993
0.27881998,5.9169993
0.27882499,5.9169993
0.27883,5.9169993
0.278835,5.9169993
0.27884,5.9169993
0.27884498,5.9169993
0.27885,5.9169993
0.278855,5.9169993
0.27886,5.9169993
0.27886498,5.9169993
0.27887,5.9169993
0.278875,5.9169993
0.27888,5.9169993
0.278885,5.9169993
0.27888998,5.9169993
0.278895,5.9169993
0.2789,5.9169993
0.278905,5.9169993
0.27890998,5.9169993
0.278915,5.9169993
0.27892,5.9169993
0.278925,5.9169993
0.27892998,5.9169993
0.278935,5.9169993
0.27894,5.9169993
0.278945,5.9169993
0.27895,5.9169993
0.27895498,5.9169993
0.27896,5.9169993
0.278965,5.9169993
0.27897,5.9169993
0.27897498,5.9169993
0.27898,5.9169993
0.278985,5.9169993
0.27899,5.9169993
0.278995,5.9169993
0.27899998,5.9169993
0.279005,5.9169993
0.27901,5.9169993
0.279015,5.9169993
0.27901998,5.9169993
0.279025,5.9169993
0.27903,5.9169993
0.279035,5.9169993
0.27903998,5.9169993
0.279045,5.9169993
0.27905,5.9169993
0.279055,0.5541601
0.27906,0.27677202
0.27906498,0.27677202
0.27907,0.23054075
0.279075,0.23054075
0.27908,0.184309
0.27908498,0.184309
0.27909,0.184309
0.279095,0.184309
0.2791,0.184309
0.279105,0.13807821
0.27910998,0.13807821
0.279115,0.13807821
0.27912,0.13807821
0.279125,0.13807821
0.27912998,0.13807821
0.279135,0.13807821
0.27914,0.13807821
0.279145,0.13807821
0.27914998,0.13807821
0.279155,0.13807821
0.27916,0.13807821
0.279165,0.13807821
0.27917,0.13807821
0.27917498,0.13807821
0.27918,0.13807821
0.279185,0.13807821
0.27919,0.13807821
0.27919498,0.13807821
0.2792,0.13807821
0.279205,0.13807821
0.27921,0.13807821
0.27921498,0.13807821
0.27921999,0.13807821
0.279225,0.13807821
0.27923,0.13807821
0.279235,0.13807821
0.27923998,0.13807821
0.279245,0.13807821
0.27925,0.13807821
0.279255,0.13807821
0.27925998,0.13807821
0.279265,0.13807821
0.27927,0.13807821
0.279275,0.13807821
0.27928,0.13807821
0.27928498,0.13807821
0.27929,0.13807821
0.279295,0.13807821
0.2793,0.13807821
0.27930498,0.13807821
0.27931,0.13807821
0.279315,0.13807821
0.27932,0.13807821
0.27932498,0.13807821
0.27933,0.13807821
0.279335,0.13807821
0.27934,0.13807821
0.279345,0.13807821
0.27934998,0.13807821
0.279355,0.13807821
0.27936,0.13807821
0.279365,0.13807821
0.27936998,0.13807821
0.279375,0.13807821
0.27938,0.13807821
0.279385,0.13807821
0.27939,0.13807821
0.27939498,0.13807821
0.2794,0.13807821
0.279405,0.13807821
0.27941,0.13807821
0.27941498,0.13807821
0.27942,0.13807821
0.279425,0.13807821
0.27943,0.13807821
0.27943498,0.13807821
0.27944,0.13807821
0.279445,0.13807821
0.27945,0.13807821
0.279455,0.13807821
0.27945998,0.13807821
0.279465,0.13807821
0.27947,0.13807821
0.279475,0.13807821
0.27947998,0.13807821
0.279485,0.13807821
0.27949,0.13807821
0.279495,0.13807821
0.2795,0.13807821
0.27950498,0.13807821
0.27951,0.13807821
0.279515,0.13807821
0.27952,0.13807821
0.27952498,0.13807821
0.27953,0.13807821
0.279535,0.13807821
0.27954,0.13807821
0.27954498,0.13807821
0.27955,0.13807821
0.279555,0.13807821
0.27956,0.13807821
0.279565,0.13807821
0.27956998,0.13807821
0.279575,0.13807821
0.27958,0.13807821
0.279585,0.13807821
0.27958998,0.13807821
0.279595,0.13807821
0.2796,0.13807821
0.279605,0.13807821
0.27960998,0.13807821
0.27961498,0.13807821
0.27962,0.13807821
0.279625,0.13807821
0.27963,0.13807821
0.27963498,0.13807821
0.27964,0.13807821
0.279645,0.13807821
0.27965,0.13807821
0.27965498,0.13807821
0.27966,0.13807821
0.279665,0.13807821
0.27967,0.13807821
0.279675,0.13807821
0.27967998,0.13807821
0.279685,3.420505
0.27969,5.9169993
0.279695,5.9169993
0.27969998,5.9169993
0.279705,5.9169993
0.27971,5.9169993
0.279715,5.9169993
0.27971998,5.9169993
0.279725,5.9169993
0.27973,5.9169993
0.279735,5.9169993
0.27974,5.9169993
0.27974498,5.9169993
0.27975,5.9169993
0.279755,5.9169993
0.27976,5.9169993
0.27976498,5.9169993
0.27977,5.9169993
0.279775,5.9169993
0.27978,5.9169993
0.279785,5.9169993
0.27978998,5.9169993
0.279795,5.9169993
0.2798,5.9169993
0.279805,5.9169993
0.27980998,5.9169993
0.279815,5.9169993
0.27982,5.9169993
0.279825,5.9169993
0.27982998,5.9169993
0.279835,5.9169993
0.27984,5.9169993
0.279845,5.9169993
0.27985,5.9169993
0.27985498,5.9169993
0.27986,5.9169993
0.279865,5.9169993
0.27987,5.9169993
0.27987498,5.9169993
0.27988,5.9169993
0.279885,5.9169993
0.27989,5.9169993
0.279895,5.9169993
0.27989998,5.9169993
0.279905,5.9169993
0.27991,5.9169993
0.279915,5.9169993
0.27991998,5.9169993
0.279925,5.9169993
0.27993,5.9169993
0.279935,5.9169993
0.27993998,5.9169993
0.279945,5.9169993
0.27995,5.9169993
0.279955,5.9169993
0.27996,5.9169993
0.27996498,5.9169993
0.27997,5.9169993
0.279975,5.9169993
0.27998,5.9169993
0.27998498,5.9169993
0.27999,5.9169993
0.279995,5.9169993
0.28,5.9169993
0.28000498,5.9169993
0.28000998,5.9169993
0.280015,5.9169993
0.28002,5.9169993
0.280025,5.9169993
0.28002998,5.9169993
0.280035,5.9169993
0.28004,5.9169993
0.280045,5.9169993
0.28004998,5.9169993
0.280055,5.9169993
0.28006,5.9169993
0.280065,5.9169993
0.28007,5.9169993
0.28007498,5.9169993
0.28008,5.9169993
0.280085,5.9169993
0.28009,5.9169993
0.28009498,5.9169993
0.2801,5.9169993
0.280105,5.9169993
0.28011,5.9169993
0.28011498,5.9169993
0.28012,5.9169993
0.280125,5.9169993
0.28013,5.9169993
0.280135,5.9169993
0.28013998,5.9169993
0.280145,5.9169993
0.28015,5.9169993
0.280155,5.9169993
0.28015998,5.9169993
0.280165,5.9169993
0.28017,5.9169993
0.280175,5.9169993
0.28018,5.9169993
0.28018498,5.9169993
0.28019,5.9169993
0.280195,5.9169993
0.2802,5.9169993
0.28020498,5.9169993
0.28021,5.9169993
0.280215,5.9169993
0.28022,5.9169993
0.28022498,5.9169993
0.28023,5.9169993
0.280235,5.9169993
0.28024,5.9169993
0.280245,5.9169993
0.28024998,5.9169993
0.280255,5.9169993
0.28026,5.9169993
0.280265,5.9169993
0.28026998,5.9169993
0.280275,5.9169993
0.28028,5.9169993
0.280285,5.9169993
0.28029,5.9169993
0.28029498,5.9169993
0.2803,5.9169993
0.280305,5.9169993
0.28031,5.9169993
0.28031498,5.9169993
0.28032,5.9169993
0.280325,5.9169993
0.28033,5.9169993
0.28033498,5.9169993
0.28034,5.9169993
0.280345,5.9169993
0.28035,5.9169993
0.280355,5.9169993
0.28035998,5.9169993
0.280365,5.9169993
0.28037,5.9169993
0.280375,5.9169993
0.28037998,5.9169993
0.280385,5.9169993
0.28039,5.9169993
0.280395,5.9169993
0.28039998,5.9169993
0.28040498,5.9169993
0.28041,5.9169993
0.280415,5.9169993
0.28042,5.9169993
0.28042498,5.9169993
0.28043,5.9169993
0.280435,5.9169993
0.28044,5.9169993
0.28044498,5.9169993
0.28045,5.9169993
0.280455,5.9169993
0.28046,5.9169993
0.280465,5.9169993
0.28046998,5.9169993
0.280475,5.9169993
0.28048,5.9169993
0.280485,5.9169993
0.28048998,5.9169993
0.280495,5.9169993
0.2805,5.9169993
0.280505,5.9169993
0.28050998,5.9169993
0.280515,5.9169993
0.28052,5.9169993
0.280525,5.9169993
0.28053,5.9169993
0.28053498,5.9169993
0.28054,5.9169993
0.280545,5.9169993
0.28055,5.9169993
0.28055498,5.9169993
0.28056,5.9169993
0.280565,5.9169993
0.28057,5.9169993
0.280575,5.9169993
0.28057998,5.9169993
0.280585,5.9169993
0.28059,5.9169993
0.280595,5.9169993
0.28059998,5.9169993
0.280605,5.9169993
0.28061,5.9169993
0.280615,5.9169993
0.28061998,5.9169993
0.280625,5.9169993
0.28063,5.9169993
0.280635,5.9169993
0.28064,5.9169993
0.28064498,5.9169993
0.28065,5.9169993
0.280655,5.9169993
0.28066,5.9169993
0.28066498,5.9169993
0.28067,5.9169993
0.280675,5.9169993
0.28068,5.9169993
0.280685,5.9169993
0.28068998,5.9169993
0.280695,5.9169993
0.2807,5.9169993
0.280705,5.9169993
0.28070998,5.9169993
0.280715,5.9169993
0.28072,5.9169993
0.280725,5.9169993
0.28072998,5.9169993
0.280735,5.9169993
0.28074,5.9169993
0.280745,5.9169993
0.28075,5.9169993
0.28075498,5.9169993
0.28076,5.9169993
0.280765,5.9169993
0.28077,5.9169993
0.28077498,5.9169993
0.28078,5.9169993
0.280785,5.9169993
0.28079,5.9169993
0.28079498,5.9169993
0.28079998,5.9169993
0.280805,5.9169993
0.28081,5.9169993
0.280815,5.9169993
0.28081998,5.9169993
0.280825,5.9169993
0.28083,5.9169993
0.280835,5.9169993
0.28083998,5.9169993
0.280845,5.9169993
0.28085,5.9169993
0.280855,5.9169993
0.28086,5.9169993
0.28086498,5.9169993
0.28087,5.9169993
0.280875,5.9169993
0.28088,5.9169993
0.28088498,5.9169993
0.28089,5.9169993
0.280895,5.9169993
0.2809,5.9169993
0.28090498,5.9169993
0.28091,5.9169993
0.280915,5.9169993
0.28092,5.9169993
0.280925,5.9169993
0.28092998,5.9169993
0.280935,5.9169993
0.28094,5.9169993
0.280945,5.9169993
0.28094998,5.9169993
0.280955,5.9169993
0.28096,5.9169993
0.280965,5.9169993
0.28097,5.9169993
0.28097498,5.9169993
0.28098,5.9169993
0.280985,5.9169993
0.28099,5.9169993
0.28099498,5.9169993
0.281,5.9169993
0.281005,5.9169993
0.28101,5.9169993
0.28101498,5.9169993
0.28102,5.9169993
0.281025,5.9169993
0.28103,5.9169993
0.281035,5.9169993
0.28103998,5.9169993
0.281045,5.9169993
0.28105,5.9169993
0.281055,5.9169993
0.28105998,5.9169993
0.281065,5.9169993
0.28107,5.9169993
0.281075,5.9169993
0.28108,5.9169993
0.28108498,5.9169993
0.28109,5.9169993
0.281095,5.9169993
0.2811,5.9169993
0.28110498,5.9169993
0.28111,5.9169993
0.281115,5.9169993
0.28112,5.9169993
0.28112498,5.9169993
0.28113,5.9169993
0.281135,5.9169993
0.28114,5.9169993
0.281145,5.9169993
0.28114998,5.9169993
0.281155,5.9169993
0.28116,5.9169993
0.281165,5.9169993
0.28116998,5.9169993
0.281175,5.9169993
0.28118,5.9169993
0.281185,5.9169993
0.28118998,5.9169993
0.28119498,5.9169993
0.2812,5.9169993
0.281205,5.9169993
0.28121,5.9169993
0.28121498,5.9169993
0.28122,5.9169993
0.281225,5.9169993
0.28123,5.9169993
0.28123498,5.9169993
0.28124,5.9169993
0.281245,5.9169993
0.28125,5.9169993
0.281255,5.9169993
0.28125998,5.9169993
0.281265,5.9169993
0.28127,5.9169993
0.281275,5.9169993
0.28127998,5.9169993
0.281285,5.9169993
0.28129,1.9873328
0.281295,0.3230033
0.28129998,0.27677202
0.281305,0.23054075
0.28131,0.23054075
0.281315,0.184309
0.28132,0.184309
0.28132498,0.184309
0.28133,0.184309
0.281335,0.184309
0.28134,0.13807821
0.28134498,0.13807821
0.28135,0.13807821
0.281355,0.13807821
0.28136,0.13807821
0.281365,0.13807821
0.28136998,0.13807821
0.281375,0.13807821
0.28138,0.13807821
0.281385,0.13807821
0.28138998,0.13807821
0.281395,0.13807821
0.2814,0.13807821
0.281405,0.13807821
0.28140998,0.13807821
0.281415,0.13807821
0.28142,0.13807821
0.281425,0.13807821
0.28143,0.13807821
0.28143498,0.13807821
0.28144,0.13807821
0.281445,0.13807821
0.28145,0.13807821
0.28145498,0.13807821
0.28146,0.13807821
0.281465,0.13807821
0.28147,0.13807821
0.281475,0.13807821
0.28147998,0.13807821
0.281485,0.13807821
0.28149,0.13807821
0.281495,0.13807821
0.28149998,0.13807821
0.281505,0.13807821
0.28151,0.13807821
0.281515,0.13807821
0.28151998,0.13807821
0.281525,0.13807821
0.28153,0.13807821
0.281535,0.13807821
0.28154,0.13807821
0.28154498,0.13807821
0.28155,0.13807821
0.281555,0.13807821
0.28156,0.13807821
0.28156498,0.13807821
0.28157,0.13807821
0.281575,0.13807821
0.28158,0.13807821
0.28158498,0.13807821
0.28158998,0.13807821
0.281595,0.13807821
0.2816,0.13807821
0.281605,0.13807821
0.28160998,0.13807821
0.281615,0.13807821
0.28162,0.13807821
0.281625,0.13807821
0.28162998,0.13807821
0.281635,0.13807821
0.28164,0.13807821
0.281645,0.13807821
0.28165,0.13807821
0.28165498,0.13807821
0.28166,0.13807821
0.281665,0.13807821
0.28167,0.13807821
0.28167498,0.13807821
0.28168,0.13807821
0.281685,0.13807821
0.28169,0.13807821
0.28169498,0.13807821
0.2817,0.13807821
0.281705,0.13807821
0.28171,0.13807821
0.281715,0.13807821
0.28171998,0.13807821
0.281725,0.13807821
0.28173,0.13807821
0.281735,0.13807821
0.28173998,0.13807821
0.281745,0.13807821
0.28175,0.13807821
0.281755,0.13807821
0.28176,0.13807821
0.28176498,0.13807821
0.28177,0.13807821
0.281775,0.13807821
0.28178,0.13807821
0.28178498,0.13807821
0.28179,0.13807821
0.281795,0.13807821
0.2818,0.13807821
0.28180498,0.13807821
0.28181,0.13807821
0.281815,0.13807821
0.28182,0.13807821
0.281825,0.13807821
0.28182998,0.13807821
0.281835,0.13807821
0.28184,0.13807821
0.281845,0.13807821
0.28184998,0.13807821
0.281855,0.13807821
0.28186,0.13807821
0.281865,0.13807821
0.28187,0.13807821
0.28187498,0.13807821
0.28188,0.13807821
0.281885,0.13807821
0.28189,0.13807821
0.28189498,0.13807821
0.2819,0.13807821
0.281905,0.13807821
0.28191,0.13807821
0.28191498,0.13807821
0.28192,0.13807821
0.281925,5.2697606
0.28193,5.9169993
0.281935,5.9169993
0.28193998,5.9169993
0.281945,5.9169993
0.28195,5.9169993
0.281955,5.9169993
0.28195998,5.9169993
0.281965,5.9169993
0.28197,5.9169993
0.281975,5.9169993
0.28197998,5.9169993
0.28198498,5.9169993
0.28199,5.9169993
0.281995,5.9169993
0.282,5.9169993
0.28200498,5.9169993
0.28201,5.9169993
0.282015,5.9169993
0.28202,5.9169993
0.28202498,5.9169993
0.28203,5.9169993
0.282035,5.9169993
0.28204,5.9169993
0.282045,5.9169993
0.28204998,5.9169993
0.282055,5.9169993
0.28206,5.9169993
0.282065,5.9169993
0.28206998,5.9169993
0.282075,5.9169993
0.28208,5.9169993
0.282085,5.9169993
0.28208998,5.9169993
0.282095,5.9169993
0.2821,5.9169993
0.282105,5.9169993
0.28211,5.9169993
0.28211498,5.9169993
0.28212,5.9169993
0.282125,5.9169993
0.28213,5.9169993
0.28213498,5.9169993
0.28214,5.9169993
0.282145,5.9169993
0.28215,5.9169993
0.282155,5.9169993
0.28215998,5.9169993
0.282165,5.9169993
0.28217,5.9169993
0.282175,5.9169993
0.28217998,5.9169993
0.282185,5.9169993
0.28219,5.9169993
0.282195,5.9169993
0.28219998,5.9169993
0.282205,5.9169993
0.28221,5.9169993
0.282215,5.9169993
0.28222,5.9169993
0.28222498,5.9169993
0.28223,5.9169993
0.282235,5.9169993
0.28224,5.9169993
0.28224498,5.9169993
0.28225,5.9169993
0.282255,5.9169993
0.28226,5.9169993
0.282265,5.9169993
0.28226998,5.9169993
0.282275,5.9169993
0.28228,5.9169993
0.282285,5.9169993
0.28228998,5.9169993
0.282295,5.9169993
0.2823,5.9169993
0.282305,5.9169993
0.28230998,5.9169993
0.282315,5.9169993
0.28232,5.9169993
0.282325,5.9169993
0.28233,5.9169993
0.28233498,5.9169993
0.28234,5.9169993
0.282345,5.9169993
0.28235,5.9169993
0.28235498,5.9169993
0.28236,5.9169993
0.282365,5.9169993
0.28237,5.9169993
0.28237498,5.9169993
0.28237998,5.9169993
0.282385,5.9169993
0.28239,5.9169993
0.282395,5.9169993
0.28239998,5.9169993
0.282405,5.9169993
0.28241,5.9169993
0.282415,5.9169993
0.28241998,2.6808028
0.282425,0.3230033
0.28243,0.27677202
0.282435,0.23054075
0.28244,0.23054075
0.28244498,0.184309
0.28245,0.184309
0.282455,0.184309
0.28246,0.184309
0.28246498,0.184309
0.28247,0.13807821
0.282475,0.13807821
0.28248,0.13807821
0.28248498,0.13807821
0.28249,0.13807821
0.282495,0.13807821
0.2825,0.13807821
0.282505,0.13807821
0.28250998,0.13807821
0.282515,0.13807821
0.28252,0.13807821
0.282525,0.13807821
0.28252998,0.13807821
0.282535,0.13807821
0.28254,0.13807821
0.282545,0.13807821
0.28255,0.13807821
0.28255498,0.13807821
0.28256,0.13807821
0.282565,0.13807821
0.28257,0.13807821
0.28257498,0.13807821
0.28258,0.13807821
0.282585,0.13807821
0.28259,0.13807821
0.28259498,0.13807821
0.2826,0.13807821
0.282605,0.13807821
0.28261,0.13807821
0.282615,0.13807821
0.28261998,0.13807821
0.282625,0.13807821
0.28263,0.13807821
0.282635,0.13807821
0.28263998,0.13807821
0.282645,0.13807821
0.28265,0.13807821
0.282655,0.13807821
0.28266,0.13807821
0.28266498,0.13807821
0.28267,0.13807821
0.282675,0.13807821
0.28268,0.13807821
0.28268498,0.13807821
0.28269,0.13807821
0.282695,0.13807821
0.2827,0.13807821
0.28270498,0.13807821
0.28271,0.13807821
0.282715,0.13807821
0.28272,0.13807821
0.282725,0.13807821
0.28272998,0.13807821
0.282735,0.13807821
0.28274,0.13807821
0.282745,0.13807821
0.28274998,0.13807821
0.282755,0.13807821
0.28276,0.13807821
0.282765,0.13807821
0.28276998,0.13807821
0.28277498,0.13807821
0.28278,0.13807821
0.282785,0.13807821
0.28279,0.13807821
0.28279498,0.13807821
0.2828,0.13807821
0.282805,0.13807821
0.28281,0.13807821
0.28281498,0.13807821
0.28282,0.13807821
0.282825,0.13807821
0.28283,0.13807821
0.282835,0.13807821
0.28283998,0.13807821
0.282845,0.13807821
0.28285,0.13807821
0.282855,0.13807821
0.28285998,0.13807821
0.282865,0.13807821
0.28287,0.13807821
0.282875,0.13807821
0.28287998,0.13807821
0.282885,0.13807821
0.28289,0.13807821
0.282895,0.13807821
0.2829,0.13807821
0.28290498,0.13807821
0.28291,0.13807821
0.282915,0.13807821
0.28292,0.13807821
0.28292498,0.13807821
0.28293,0.13807821
0.282935,0.13807821
0.28294,0.13807821
0.282945,0.13807821
0.28294998,0.13807821
0.282955,0.13807821
0.28296,0.13807821
0.282965,0.13807821
0.28296998,0.13807821
0.282975,0.13807821
0.28298,0.13807821
0.282985,0.13807821
0.28298998,0.13807821
0.282995,0.13807821
0.283,0.13807821
0.283005,0.13807821
0.28301,0.13807821
0.28301498,0.13807821
0.28302,0.50792885
0.283025,5.824537
0.28303,5.9169993
0.28303498,5.9169993
0.28304,5.9169993
0.283045,5.9169993
0.28305,5.9169993
0.283055,5.9169993
0.28305998,5.9169993
0.283065,5.9169993
0.28307,5.9169993
0.283075,5.9169993
0.28307998,5.9169993
0.283085,5.9169993
0.28309,5.9169993
0.283095,5.9169993
0.28309998,5.9169993
0.283105,5.9169993
0.28311,5.9169993
0.283115,5.9169993
0.28312,5.9169993
0.28312498,5.9169993
0.28313,5.9169993
0.283135,5.9169993
0.28314,5.9169993
0.28314498,5.9169993
0.28315,5.9169993
0.283155,5.9169993
0.28316,5.9169993
0.28316498,5.9169993
0.28316998,5.9169993
0.283175,5.9169993
0.28318,5.9169993
0.283185,5.9169993
0.28318998,5.9169993
0.283195,5.9169993
0.2832,5.9169993
0.283205,5.9169993
0.28320998,5.9169993
0.283215,5.9169993
0.28322,5.9169993
0.283225,5.9169993
0.28323,5.9169993
0.28323498,5.9169993
0.28324,5.9169993
0.283245,5.9169993
0.28325,5.9169993
0.28325498,5.9169993
0.28326,5.9169993
0.283265,5.9169993
0.28327,5.9169993
0.28327498,5.9169993
0.28328,5.9169993
0.283285,5.9169993
0.28329,5.9169993
0.283295,5.9169993
0.28329998,5.9169993
0.283305,5.9169993
0.28331,5.9169993
0.283315,5.9169993
0.28331998,5.9169993
0.283325,5.9169993
0.28333,5.9169993
0.283335,5.9169993
0.28334,5.9169993
0.28334498,5.9169993
0.28335,5.9169993
0.283355,5.9169993
0.28336,5.9169993
0.28336498,5.9169993
0.28337,5.9169993
0.283375,5.9169993
0.28338,5.9169993
0.28338498,5.9169993
0.28339,5.9169993
0.283395,5.9169993
0.2834,5.9169993
0.283405,5.9169993
0.28340998,5.9169993
0.283415,5.9169993
0.28342,5.9169993
0.283425,5.9169993
0.28342998,5.9169993
0.283435,5.9169993
0.28344,5.9169993
0.283445,5.9169993
0.28345,5.9169993
0.28345498,5.9169993
0.28346,5.9169993
0.283465,5.9169993
0.28347,5.9169993
0.28347498,5.9169993
0.28348,5.9169993
0.283485,5.9169993
0.28349,5.9169993
0.28349498,5.9169993
0.2835,5.9169993
0.283505,5.9169993
0.28351,5.9169993
0.283515,5.9169993
0.28351998,5.9169993
0.283525,5.9169993
0.28353,5.9169993
0.283535,5.9169993
0.28353998,5.9169993
0.283545,5.9169993
0.28355,5.9169993
0.283555,5.9169993
0.28355998,5.9169993
0.28356498,5.9169993
0.28357,5.9169993
0.283575,5.9169993
0.28358,5.9169993
0.28358498,5.9169993
0.28359,5.9169993
0.283595,5.9169993
0.2836,5.9169993
0.28360498,5.9169993
0.28361,5.9169993
0.283615,5.9169993
0.28362,5.9169993
0.283625,5.9169993
0.28362998,5.9169993
0.283635,5.9169993
0.28364,5.9169993
0.283645,5.9169993
0.28364998,5.9169993
0.283655,5.9169993
0.28366,5.9169993
0.283665,5.9169993
0.28366998,5.9169993
0.283675,5.9169993
0.28368,5.9169993
0.283685,5.9169993
0.28369,5.9169993
0.28369498,5.9169993
0.2837,5.9169993
0.283705,5.9169993
0.28371,5.9169993
0.28371498,5.9169993
0.28372,5.9169993
0.283725,5.9169993
0.28373,5.9169993
0.283735,5.9169993
0.28373998,5.9169993
0.283745,5.9169993
0.28375,5.9169993
0.283755,5.9169993
0.28375998,5.9169993
0.283765,5.9169993
0.28377,5.9169993
0.283775,5.9169993
0.28377998,5.9169993
0.283785,5.9169993
0.28379,5.9169993
0.283795,5.9169993
0.2838,5.9169993
0.28380498,5.9169993
0.28381,5.9169993
0.283815,5.9169993
0.28382,5.9169993
0.28382498,5.9169993
0.28383,5.9169993
0.283835,5.9169993
0.28384,5.9169993
0.283845,5.9169993
0.28384998,5.9169993
0.283855,5.9169993
0.28386,5.9169993
0.283865,5.9169993
0.28386998,5.9169993
0.283875,5.9169993
0.28388,5.9169993
0.283885,5.9169993
0.28388998,5.9169993
0.283895,5.9169993
0.2839,5.9169993
0.283905,5.9169993
0.28391,5.9169993
0.28391498,5.9169993
0.28392,5.9169993
0.283925,5.9169993
0.28393,5.9169993
0.28393498,5.9169993
0.28394,5.9169993
0.283945,5.9169993
0.28395,5.9169993
0.28395498,5.9169993
0.28395998,5.9169993
0.283965,5.9169993
0.28397,5.9169993
0.283975,5.9169993
0.28397998,5.9169993
0.283985,5.9169993
0.28399,5.9169993
0.283995,5.9169993
0.28399998,5.9169993
0.284005,5.9169993
0.28401,5.9169993
0.284015,5.9169993
0.28402,5.9169993
0.28402498,5.9169993
0.28403,5.9169993
0.284035,5.9169993
0.28404,5.9169993
0.28404498,5.9169993
0.28405,5.9169993
0.284055,5.9169993
0.28406,5.9169993
0.28406498,5.9169993
0.28407,5.9169993
0.284075,5.9169993
0.28408,5.9169993
0.284085,5.9169993
0.28408998,5.9169993
0.284095,5.9169993
0.2841,5.9169993
0.284105,5.9169993
0.28410998,5.9169993
0.284115,5.9169993
0.28412,5.9169993
0.284125,5.9169993
0.28413,5.9169993
0.28413498,5.9169993
0.28414,5.9169993
0.284145,5.9169993
0.28415,5.9169993
0.28415498,5.9169993
0.28416,5.9169993
0.284165,5.9169993
0.28417,5.9169993
0.28417498,5.9169993
0.28418,5.9169993
0.284185,5.9169993
0.28419,5.9169993
0.284195,5.9169993
0.28419998,5.9169993
0.284205,5.9169993
0.28421,5.9169993
0.284215,5.9169993
0.28421998,5.9169993
0.284225,5.9169993
0.28423,5.9169993
0.284235,5.9169993
0.28424,5.9169993
0.28424498,5.9169993
0.28425,5.9169993
0.284255,5.9169993
0.28426,5.9169993
0.28426498,5.9169993
0.28427,5.9169993
0.284275,5.9169993
0.28428,5.9169993
0.28428498,5.9169993
0.28429,5.9169993
0.284295,5.9169993
0.2843,5.9169993
0.284305,5.9169993
0.28430998,5.9169993
0.284315,5.9169993
0.28432,5.9169993
0.284325,5.9169993
0.28432998,5.9169993
0.284335,5.9169993
0.28434,5.9169993
0.284345,5.9169993
0.28434998,5.9169993
0.28435498,5.9169993
0.28436,5.9169993
0.284365,5.9169993
0.28437,5.9169993
0.28437498,5.9169993
0.28438,5.9169993
0.284385,5.9169993
0.28439,5.9169993
0.28439498,5.9169993
0.2844,5.9169993
0.284405,5.9169993
0.28441,5.9169993
0.284415,5.9169993
0.28441998,5.9169993
0.284425,5.9169993
0.28443,5.9169993
0.284435,5.9169993
0.28443998,5.9169993
0.284445,5.9169993
0.28445,5.9169993
0.284455,5.9169993
0.28445998,5.9169993
0.284465,5.9169993
0.28447,5.9169993
0.284475,5.9169993
0.28448,5.9169993
0.28448498,5.9169993
0.28449,5.9169993
0.284495,5.9169993
0.2845,5.9169993
0.28450498,5.9169993
0.28451,5.9169993
0.284515,5.9169993
0.28452,5.9169993
0.284525,5.9169993
0.28452998,5.9169993
0.284535,5.9169993
0.28454,5.9169993
0.284545,5.9169993
0.28454998,5.9169993
0.284555,5.9169993
0.28456,5.9169993
0.284565,5.9169993
0.28456998,5.9169993
0.284575,5.9169993
0.28458,5.9169993
0.284585,5.9169993
0.28459,5.9169993
0.28459498,5.9169993
0.2846,5.9169993
0.284605,5.9169993
0.28461,5.9169993
0.28461498,5.9169993
0.28462,5.9169993
0.284625,5.9169993
0.28463,5.9169993
0.284635,5.9169993
0.28463998,5.9169993
0.284645,5.9169993
0.28465,5.9169993
0.284655,5.9169993
0.28465998,5.9169993
0.284665,5.9169993
0.28467,5.9169993
0.284675,0.5541601
0.28467998,0.27677202
0.284685,0.27677202
0.28469,0.23054075
0.284695,0.23054075
0.2847,0.184309
0.28470498,0.184309
0.28471,0.184309
0.284715,0.184309
0.28472,0.13807821
0.28472498,0.13807821
0.28473,0.13807821
0.284735,0.13807821
0.28474,0.13807821
0.28474498,0.13807821
0.28474998,0.13807821
0.284755,0.13807821
0.28476,0.13807821
0.284765,0.13807821
0.28476998,0.13807821
0.284775,0.13807821
0.28478,0.13807821
0.284785,0.13807821
0.28478998,0.13807821
0.284795,0.13807821
0.2848,0.13807821
0.284805,0.13807821
0.28481,0.13807821
0.28481498,0.13807821
0.28482,0.13807821
0.284825,0.13807821
0.28483,0.13807821
0.28483498,0.13807821
0.28484,0.13807821
0.284845,0.13807821
0.28485,0.13807821
0.28485498,0.13807821
0.28486,0.13807821
0.284865,0.13807821
0.28487,0.13807821
0.284875,0.13807821
0.28487998,0.13807821
0.284885,0.13807821
0.28489,0.13807821
0.284895,0.13807821
0.28489998,0.13807821
0.284905,0.13807821
0.28491,0.13807821
0.284915,0.13807821
0.28492,0.13807821
0.28492498,0.13807821
0.28493,0.13807821
0.284935,0.13807821
0.28494,0.13807821
0.28494498,0.13807821
0.28495,0.13807821
0.284955,0.13807821
0.28496,0.13807821
0.28496498,0.13807821
0.28497,0.13807821
0.284975,0.13807821
0.28498,0.13807821
0.284985,0.13807821
0.28498998,0.13807821
0.284995,0.13807821
0.285,0.13807821
0.285005,0.13807821
0.28500998,0.13807821
0.285015,0.13807821
0.28502,0.13807821
0.285025,0.13807821
0.28503,0.13807821
0.28503498,0.13807821
0.28504,0.13807821
0.285045,0.13807821
0.28505,0.13807821
0.28505498,0.13807821
0.28506,0.13807821
0.285065,0.13807821
0.28507,0.13807821
0.28507498,0.13807821
0.28508,0.13807821
0.285085,0.13807821
0.28509,0.13807821
0.285095,0.13807821
0.28509998,0.13807821
0.285105,0.13807821
0.28511,0.13807821
0.285115,0.13807821
0.28511998,0.13807821
0.285125,0.13807821
0.28513,0.13807821
0.285135,0.13807821
0.28513998,0.13807821
0.28514498,0.13807821
0.28515,0.13807821
0.285155,0.13807821
0.28516,0.13807821
0.28516498,0.13807821
0.28517,0.13807821
0.285175,0.13807821
0.28518,0.13807821
0.28518498,0.13807821
0.28519,0.13807821
0.285195,0.13807821
0.2852,0.13807821
0.285205,0.13807821
0.28520998,0.13807821
0.285215,0.13807821
0.28522,0.13807821
0.285225,0.13807821
0.28522998,0.13807821
0.285235,0.13807821
0.28524,0.13807821
0.285245,0.13807821
0.28524998,0.13807821
0.28525499,0.13807821
0.28526,0.13807821
0.285265,0.13807821
0.28527,0.13807821
0.28527498,0.13807821
0.28528,0.13807821
0.285285,0.13807821
0.28529,0.13807821
0.28529498,0.13807821
0.2853,0.13807821
0.285305,0.13807821
0.28531,0.13807821
0.285315,0.13807821
0.28531998,0.13807821
0.285325,0.13807821
0.28533,0.13807821
0.285335,0.13807821
0.28533998,0.13807821
0.285345,0.13807821
0.28535,0.13807821
0.285355,0.13807821
0.28535998,2.8194976
0.285365,5.9169993
0.28537,5.9169993
0.285375,5.9169993
0.28538,5.9169993
0.28538498,5.9169993
0.28539,5.9169993
0.285395,5.9169993
0.2854,5.9169993
0.28540498,5.9169993
0.28541,5.9169993
0.285415,5.9169993
0.28542,5.9169993
0.285425,5.9169993
0.28542998,5.9169993
0.285435,5.9169993
0.28544,5.9169993
0.285445,5.9169993
0.28544998,5.9169993
0.285455,5.9169993
0.28546,5.9169993
0.285465,5.9169993
0.28546998,5.9169993
0.285475,5.9169993
0.28548,5.9169993
0.285485,5.9169993
0.28549,5.9169993
0.28549498,5.9169993
0.2855,5.9169993
0.285505,5.9169993
0.28551,5.9169993
0.28551498,5.9169993
0.28552,5.9169993
0.285525,5.9169993
0.28553,5.9169993
0.28553498,5.9169993
0.28553998,5.9169993
0.285545,5.9169993
0.28555,5.9169993
0.285555,5.9169993
0.28555998,5.9169993
0.285565,5.9169993
0.28557,5.9169993
0.285575,5.9169993
0.28557998,5.9169993
0.285585,5.9169993
0.28559,5.9169993
0.285595,5.9169993
0.2856,5.9169993
0.28560498,5.9169993
0.28561,5.9169993
0.285615,5.9169993
0.28562,5.9169993
0.28562498,5.9169993
0.28563,5.9169993
0.285635,5.9169993
0.28564,5.9169993
0.28564498,5.9169993
0.28564999,5.9169993
0.285655,5.9169993
0.28566,5.9169993
0.285665,5.9169993
0.28566998,5.9169993
0.285675,5.9169993
0.28568,5.9169993
0.285685,5.9169993
0.28568998,5.9169993
0.285695,5.9169993
0.2857,5.9169993
0.285705,5.9169993
0.28571,5.9169993
0.28571498,5.9169993
0.28572,5.9169993
0.285725,5.9169993
0.28573,5.9169993
0.28573498,5.9169993
0.28574,5.9169993
0.285745,5.9169993
0.28575,5.9169993
0.28575498,5.9169993
0.28576,5.9169993
0.285765,5.9169993
0.28577,0.46169758
0.285775,0.27677202
0.28577998,0.27677202
0.285785,0.23054075
0.28579,0.23054075
0.285795,0.184309
0.28579998,0.184309
0.285805,0.184309
0.28581,0.184309
0.285815,0.13807821
0.28582,0.13807821
0.28582498,0.13807821
0.28583,0.13807821
0.285835,0.13807821
0.28584,0.13807821
0.28584498,0.13807821
0.28585,0.13807821
0.285855,0.13807821
0.28586,0.13807821
0.28586498,0.13807821
0.28587,0.13807821
0.285875,0.13807821
0.28588,0.13807821
0.285885,0.13807821
0.28588998,0.13807821
0.285895,0.13807821
0.2859,0.13807821
0.285905,0.13807821
0.28590998,0.13807821
0.285915,0.13807821
0.28592,0.13807821
0.285925,0.13807821
0.28592998,0.13807821
0.28593498,0.13807821
0.28594,0.13807821
0.285945,0.13807821
0.28595,0.13807821
0.28595498,0.13807821
0.28596,0.13807821
0.285965,0.13807821
0.28597,0.13807821
0.28597498,0.13807821
0.28598,0.13807821
0.285985,0.13807821
0.28599,0.13807821
0.285995,0.13807821
0.28599998,0.13807821
0.286005,0.13807821
0.28601,0.13807821
0.286015,0.13807821
0.28601998,0.13807821
0.286025,0.13807821
0.28603,0.13807821
0.286035,0.13807821
0.28603998,0.13807821
0.28604499,0.13807821
0.28605,0.13807821
0.286055,0.13807821
0.28606,0.13807821
0.28606498,0.13807821
0.28607,0.13807821
0.286075,0.13807821
0.28608,0.13807821
0.28608498,0.13807821
0.28609,0.13807821
0.286095,0.13807821
0.2861,0.13807821
0.286105,0.13807821
0.28610998,0.13807821
0.286115,0.13807821
0.28612,0.13807821
0.286125,0.13807821
0.28612998,0.13807821
0.286135,0.13807821
0.28614,0.13807821
0.286145,0.13807821
0.28614998,0.13807821
0.286155,0.13807821
0.28616,0.13807821
0.286165,0.13807821
0.28617,0.13807821
0.28617498,0.13807821
0.28618,0.13807821
0.286185,0.13807821
0.28619,0.13807821
0.28619498,0.13807821
0.2862,0.13807821
0.286205,0.13807821
0.28621,0.13807821
0.286215,0.13807821
0.28621998,0.13807821
0.286225,0.13807821
0.28623,0.13807821
0.286235,0.13807821
0.28623998,0.13807821
0.286245,0.13807821
0.28625,0.13807821
0.286255,0.13807821
0.28625998,0.13807821
0.286265,0.13807821
0.28627,0.13807821
0.286275,0.13807821
0.28628,0.13807821
0.28628498,0.13807821
0.28629,0.13807821
0.286295,0.13807821
0.2863,0.13807821
0.28630498,0.13807821
0.28631,0.13807821
0.286315,0.13807821
0.28632,0.13807821
0.28632498,0.13807821
0.28632998,0.13807821
0.286335,0.13807821
0.28634,0.13807821
0.286345,0.13807821
0.28634998,0.13807821
0.286355,0.13807821
0.28636,0.13807821
0.286365,0.13807821
0.28636998,0.13807821
0.286375,0.13807821
0.28638,0.13807821
0.286385,0.13807821
0.28639,0.13807821
0.28639498,0.13807821
0.2864,0.13807821
0.286405,0.13807821
0.28641,0.13807821
0.28641498,0.13807821
0.28642,0.13807821
0.286425,0.13807821
0.28643,0.13807821
0.28643498,0.13807821
0.28643999,0.13807821
0.286445,0.13807821
0.28645,0.13807821
0.286455,5.5933795
0.28645998,5.9169993
0.286465,5.9169993
0.28647,5.9169993
0.286475,5.9169993
0.28647998,5.9169993
0.286485,5.9169993
0.28649,5.9169993
0.286495,5.9169993
0.2865,5.9169993
0.28650498,5.9169993
0.28651,5.9169993
0.286515,5.9169993
0.28652,5.9169993
0.28652498,5.9169993
0.28653,5.9169993
0.286535,5.9169993
0.28654,5.9169993
0.28654498,5.9169993
0.28655,5.9169993
0.286555,5.9169993
0.28656,5.9169993
0.286565,5.9169993
0.28656998,5.9169993
0.286575,5.9169993
0.28658,5.9169993
0.286585,5.9169993
0.28658998,5.9169993
0.286595,5.9169993
0.2866,5.9169993
0.286605,5.9169993
0.28661,5.9169993
0.28661498,5.9169993
0.28662,5.9169993
0.286625,5.9169993
0.28663,5.9169993
0.28663498,5.9169993
0.28664,5.9169993
0.286645,5.9169993
0.28665,5.9169993
0.28665498,5.9169993
0.28666,5.9169993
0.286665,5.9169993
0.28667,5.9169993
0.286675,5.9169993
0.28667998,5.9169993
0.286685,5.9169993
0.28669,5.9169993
0.286695,5.9169993
0.28669998,5.9169993
0.286705,5.9169993
0.28671,5.9169993
0.286715,5.9169993
0.28671998,5.9169993
0.28672498,5.9169993
0.28673,5.9169993
0.286735,5.9169993
0.28674,5.9169993
0.28674498,5.9169993
0.28675,5.9169993
0.286755,5.9169993
0.28676,5.9169993
0.28676498,5.9169993
0.28677,5.9169993
0.286775,5.9169993
0.28678,5.9169993
0.286785,5.9169993
0.28678998,5.9169993
0.286795,5.9169993
0.2868,5.9169993
0.286805,5.9169993
0.28680998,5.9169993
0.286815,5.9169993
0.28682,5.9169993
0.286825,5.9169993
0.28682998,5.9169993
0.28683499,5.9169993
0.28684,5.9169993
0.286845,5.9169993
0.28685,5.9169993
0.28685498,5.9169993
0.28686,5.9169993
0.286865,5.9169993
0.28687,5.9169993
0.28687498,5.9169993
0.28688,0.27677202
0.286885,0.27677202
0.28689,0.27677202
0.286895,0.23054075
0.28689998,0.23054075
0.286905,0.184309
0.28691,0.184309
0.286915,0.184309
0.28691998,0.184309
0.286925,0.13807821
0.28693,0.13807821
0.286935,0.13807821
0.28693998,0.13807821
0.286945,0.13807821
0.28695,0.13807821
0.286955,0.13807821
0.28696,0.13807821
0.28696498,0.13807821
0.28697,0.13807821
0.286975,0.13807821
0.28698,0.13807821
0.28698498,0.13807821
0.28699,0.13807821
0.286995,0.13807821
0.287,0.13807821
0.287005,0.13807821
0.28700998,0.13807821
0.287015,0.13807821
0.28702,0.13807821
0.287025,0.13807821
0.28702998,0.13807821
0.287035,0.13807821
0.28704,0.13807821
0.287045,0.13807821
0.28704998,0.13807821
0.287055,0.13807821
0.28706,0.13807821
0.287065,0.13807821
0.28707,0.13807821
0.28707498,0.13807821
0.28708,0.13807821
0.287085,0.13807821
0.28709,0.13807821
0.28709498,0.13807821
0.2871,0.13807821
0.287105,0.13807821
0.28711,0.13807821
0.287115,0.13807821
0.28711998,0.13807821
0.287125,0.13807821
0.28713,0.13807821
0.287135,0.13807821
0.28713998,0.13807821
0.287145,0.13807821
0.28715,0.13807821
0.287155,0.13807821
0.28715998,0.13807821
0.287165,0.13807821
0.28717,0.13807821
0.287175,0.13807821
0.28718,0.13807821
0.28718498,0.13807821
0.28719,0.13807821
0.287195,0.13807821
0.2872,0.13807821
0.28720498,0.13807821
0.28721,0.13807821
0.287215,0.13807821
0.28722,0.13807821
0.28722498,0.13807821
0.28722998,0.13807821
0.287235,0.13807821
0.28724,0.13807821
0.287245,0.13807821
0.28724998,0.13807821
0.287255,0.13807821
0.28726,0.13807821
0.287265,0.13807821
0.28726998,0.13807821
0.287275,0.13807821
0.28728,0.13807821
0.287285,0.13807821
0.28729,0.13807821
0.28729498,0.13807821
0.2873,0.13807821
0.287305,0.13807821
0.28731,0.13807821
0.28731498,0.13807821
0.28732,0.13807821
0.287325,0.13807821
0.28733,0.13807821
0.28733498,0.13807821
0.28734,0.13807821
0.287345,0.13807821
0.28735,0.13807821
0.287355,0.13807821
0.28735998,0.13807821
0.287365,0.13807821
0.28737,0.13807821
0.287375,0.13807821
0.28737998,0.13807821
0.287385,0.13807821
0.28739,0.13807821
0.287395,0.13807821
0.2874,0.13807821
0.28740498,0.13807821
0.28741,0.13807821
0.287415,0.13807821
0.28742,0.13807821
0.28742498,0.13807821
0.28743,0.13807821
0.287435,0.13807821
0.28744,0.13807821
0.28744498,0.13807821
0.28745,0.13807821
0.287455,0.13807821
0.28746,0.13807821
0.287465,0.13807821
0.28746998,0.13807821
0.287475,0.13807821
0.28748,0.13807821
0.287485,0.13807821
0.28748998,0.13807821
0.287495,0.13807821
0.2875,0.13807821
0.287505,0.13807821
0.28751,0.13807821
0.28751498,0.13807821
0.28752,0.13807821
0.287525,0.13807821
0.28753,5.362222
0.28753498,5.9169993
0.28754,5.9169993
0.287545,5.9169993
0.28755,5.9169993
0.28755498,5.9169993
0.28756,5.9169993
0.287565,5.9169993
0.28757,5.9169993
0.287575,5.9169993
0.28757998,5.9169993
0.287585,5.9169993
0.28759,5.9169993
0.287595,5.9169993
0.28759998,5.9169993
0.287605,5.9169993
0.28761,5.9169993
0.287615,5.9169993
0.28761998,5.9169993
0.28762498,5.9169993
0.28763,5.9169993
0.287635,5.9169993
0.28764,5.9169993
0.28764498,5.9169993
0.28765,5.9169993
0.287655,5.9169993
0.28766,5.9169993
0.28766498,5.9169993
0.28767,5.9169993
0.287675,5.9169993
0.28768,5.9169993
0.287685,5.9169993
0.28768998,5.9169993
0.287695,5.9169993
0.2877,5.9169993
0.287705,5.9169993
0.28770998,5.9169993
0.287715,5.9169993
0.28772,5.9169993
0.287725,5.9169993
0.28772998,5.9169993
0.287735,5.9169993
0.28774,5.9169993
0.287745,5.9169993
0.28775,5.9169993
0.28775498,5.9169993
0.28776,5.9169993
0.287765,5.9169993
0.28777,5.9169993
0.28777498,5.9169993
0.28778,5.9169993
0.287785,5.9169993
0.28779,5.9169993
0.287795,5.9169993
0.28779998,5.9169993
0.287805,5.9169993
0.28781,5.9169993
0.287815,5.9169993
0.28781998,5.9169993
0.287825,5.9169993
0.28783,5.9169993
0.287835,5.9169993
0.28783998,5.9169993
0.287845,5.9169993
0.28785,5.9169993
0.287855,5.9169993
0.28786,5.9169993
0.28786498,5.9169993
0.28787,5.9169993
0.287875,5.9169993
0.28788,5.9169993
0.28788498,5.9169993
0.28789,5.9169993
0.287895,5.9169993
0.2879,5.9169993
0.287905,5.9169993
0.28790998,5.9169993
0.287915,5.9169993
0.28792,5.9169993
0.287925,5.9169993
0.28792998,5.9169993
0.287935,5.9169993
0.28794,5.9169993
0.287945,5.9169993
0.28794998,5.9169993
0.287955,5.9169993
0.28796,5.9169993
0.287965,5.9169993
0.28797,5.9169993
0.28797498,5.9169993
0.28798,5.9169993
0.287985,5.9169993
0.28799,5.9169993
0.28799498,5.9169993
0.288,5.9169993
0.288005,5.9169993
0.28801,5.9169993
0.28801498,5.9169993
0.28801998,5.9169993
0.288025,2.2184901
0.28803,0.3230033
0.288035,0.27677202
0.28803998,0.23054075
0.288045,0.23054075
0.28805,0.184309
0.288055,0.184309
0.28805998,0.184309
0.288065,0.184309
0.28807,0.13807821
0.288075,0.13807821
0.28808,0.13807821
0.28808498,0.13807821
0.28809,0.13807821
0.288095,0.13807821
0.2881,0.13807821
0.28810498,0.13807821
0.28811,0.13807821
0.288115,0.13807821
0.28812,0.13807821
0.28812498,0.13807821
0.28813,0.13807821
0.288135,0.13807821
0.28814,0.13807821
0.288145,0.13807821
0.28814998,0.13807821
0.288155,0.13807821
0.28816,0.13807821
0.288165,0.13807821
0.28816998,0.13807821
0.288175,0.13807821
0.28818,0.13807821
0.288185,0.13807821
0.28819,0.13807821
0.28819498,0.13807821
0.2882,0.13807821
0.288205,0.13807821
0.28821,0.13807821
0.28821498,0.13807821
0.28822,0.13807821
0.288225,0.13807821
0.28823,0.13807821
0.28823498,0.13807821
0.28824,0.13807821
0.288245,0.13807821
0.28825,0.13807821
0.288255,0.13807821
0.28825998,0.13807821
0.288265,0.13807821
0.28827,0.13807821
0.288275,0.13807821
0.28827998,0.13807821
0.288285,0.13807821
0.28829,0.13807821
0.288295,0.13807821
0.2883,0.13807821
0.28830498,0.13807821
0.28831,0.13807821
0.288315,0.13807821
0.28832,0.13807821
0.28832498,0.13807821
0.28833,0.13807821
0.288335,0.13807821
0.28834,0.13807821
0.28834498,0.13807821
0.28835,0.13807821
0.288355,0.13807821
0.28836,0.13807821
0.288365,0.13807821
0.28836998,0.13807821
0.288375,0.13807821
0.28838,0.13807821
0.288385,0.13807821
0.28838998,0.13807821
0.288395,0.13807821
0.2884,0.13807821
0.288405,0.13807821
0.28840998,0.13807821
0.28841498,0.13807821
0.28842,0.13807821
0.288425,0.13807821
0.28843,0.13807821
0.28843498,0.13807821
0.28844,0.13807821
0.288445,0.13807821
0.28845,0.13807821
0.28845498,0.13807821
0.28846,0.13807821
0.288465,0.13807821
0.28847,0.13807821
0.288475,0.13807821
0.28847998,0.13807821
0.288485,0.13807821
0.28849,0.13807821
0.288495,0.13807821
0.28849998,0.13807821
0.288505,0.13807821
0.28851,0.13807821
0.288515,0.13807821
0.28851998,0.13807821
0.288525,0.13807821
0.28853,0.13807821
0.288535,0.13807821
0.28854,0.13807821
0.28854498,0.13807821
0.28855,0.13807821
0.288555,0.13807821
0.28856,0.13807821
0.28856498,0.13807821
0.28857,0.13807821
0.288575,0.13807821
0.28858,0.13807821
0.288585,0.13807821
0.28858998,0.13807821
0.288595,0.13807821
0.2886,0.13807821
0.288605,0.13807821
0.28860998,0.13807821
0.288615,0.13807821
0.28862,0.13807821
0.288625,0.13807821
0.28862998,0.13807821
0.288635,0.13807821
0.28864,0.13807821
0.288645,0.13807821
0.28865,0.13807821
0.28865498,0.13807821
0.28866,0.13807821
0.288665,0.13807821
0.28867,0.13807821
0.28867498,0.13807821
0.28868,0.13807821
0.288685,0.13807821
0.28869,0.13807821
0.288695,0.13807821
0.28869998,0.13807821
0.288705,0.13807821
0.28871,0.13807821
0.288715,0.13807821
0.28871998,0.13807821
0.288725,0.13807821
0.28873,0.13807821
0.288735,0.13807821
0.28873998,0.13807821
0.288745,0.13807821
0.28875,0.13807821
0.288755,5.362222
0.28876,5.9169993
0.28876498,5.9169993
0.28877,5.9169993
0.288775,5.9169993
0.28878,5.9169993
0.28878498,5.9169993
0.28879,5.9169993
0.288795,5.9169993
0.2888,5.9169993
0.28880498,5.9169993
0.28880998,5.9169993
0.288815,5.9169993
0.28882,5.9169993
0.288825,5.9169993
0.28882998,5.9169993
0.288835,5.9169993
0.28884,5.9169993
0.288845,5.9169993
0.28884998,5.9169993
0.288855,5.9169993
0.28886,5.9169993
0.288865,5.9169993
0.28887,5.9169993
0.28887498,5.9169993
0.28888,5.9169993
0.288885,5.9169993
0.28889,5.9169993
0.28889498,5.9169993
0.2889,5.9169993
0.288905,5.9169993
0.28891,5.9169993
0.28891498,5.9169993
0.28892,5.9169993
0.288925,5.9169993
0.28893,5.9169993
0.288935,5.9169993
0.28893998,5.9169993
0.288945,5.9169993
0.28895,5.9169993
0.288955,5.9169993
0.28895998,5.9169993
0.288965,5.9169993
0.28897,5.9169993
0.288975,5.9169993
0.28898,5.9169993
0.28898498,5.9169993
0.28899,5.9169993
0.288995,5.9169993
0.289,5.9169993
0.28900498,5.9169993
0.28901,5.9169993
0.289015,5.9169993
0.28902,5.9169993
0.28902498,5.9169993
0.28903,5.9169993
0.289035,5.9169993
0.28904,5.9169993
0.289045,5.9169993
0.28904998,5.9169993
0.289055,5.9169993
0.28906,5.9169993
0.289065,5.9169993
0.28906998,5.9169993
0.289075,5.9169993
0.28908,5.9169993
0.289085,5.9169993
0.28909,5.9169993
0.28909498,5.9169993
0.2891,5.9169993
0.289105,5.9169993
0.28911,5.9169993
0.28911498,5.9169993
0.28912,5.9169993
0.289125,5.9169993
0.28913,5.9169993
0.28913498,0.23054075
0.28914,0.27677202
0.289145,0.27677202
0.28915,0.23054075
0.289155,0.23054075
0.28915998,0.184309
0.289165,0.184309
0.28917,0.184309
0.289175,0.184309
0.28917998,0.13807821
0.289185,0.13807821
0.28919,0.13807821
0.289195,0.13807821
0.28919998,0.13807821
0.28920498,0.13807821
0.28921,0.13807821
0.289215,0.13807821
0.28922,0.13807821
0.28922498,0.13807821
0.28923,0.13807821
0.289235,0.13807821
0.28924,0.13807821
0.28924498,0.13807821
0.28925,0.13807821
0.289255,0.13807821
0.28926,0.13807821
0.289265,0.13807821
0.28926998,0.13807821
0.289275,0.13807821
0.28928,0.13807821
0.289285,0.13807821
0.28928998,0.13807821
0.289295,0.13807821
0.2893,0.13807821
0.289305,0.13807821
0.28930998,0.13807821
0.289315,0.13807821
0.28932,0.13807821
0.289325,0.13807821
0.28933,0.13807821
0.28933498,0.13807821
0.28934,0.13807821
0.289345,0.13807821
0.28935,0.13807821
0.28935498,0.13807821
0.28936,0.13807821
0.289365,0.13807821
0.28937,0.13807821
0.289375,0.13807821
0.28937998,0.13807821
0.289385,0.13807821
0.28939,0.13807821
0.289395,0.13807821
0.28939998,0.13807821
0.289405,0.13807821
0.28941,0.13807821
0.289415,0.13807821
0.28941998,0.13807821
0.289425,0.13807821
0.28943,0.13807821
0.289435,0.13807821
0.28944,0.13807821
0.28944498,0.13807821
0.28945,0.13807821
0.289455,0.13807821
0.28946,0.13807821
0.28946498,0.13807821
0.28947,0.13807821
0.289475,0.13807821
0.28948,0.13807821
0.289485,0.13807821
0.28948998,0.13807821
0.289495,0.13807821
0.2895,0.13807821
0.289505,0.13807821
0.28950998,0.13807821
0.289515,0.13807821
0.28952,0.13807821
0.289525,0.13807821
0.28952998,0.13807821
0.289535,0.13807821
0.28954,0.13807821
0.289545,0.13807821
0.28955,0.13807821
0.28955498,0.13807821
0.28956,0.13807821
0.289565,0.13807821
0.28957,0.13807821
0.28957498,0.13807821
0.28958,0.13807821
0.289585,0.13807821
0.28959,0.13807821
0.28959498,0.13807821
0.28959998,0.13807821
0.289605,0.13807821
0.28961,0.13807821
0.289615,0.13807821
0.28961998,0.13807821
0.289625,0.13807821
0.28963,0.13807821
0.289635,0.13807821
0.28963998,0.13807821
0.289645,0.13807821
0.28965,0.13807821
0.289655,0.13807821
0.28966,0.13807821
0.28966498,0.13807821
0.28967,0.13807821
0.289675,0.13807821
0.28968,0.13807821
0.28968498,0.13807821
0.28969,0.13807821
0.289695,0.13807821
0.2897,0.13807821
0.28970498,0.13807821
0.28971,0.13807821
0.289715,0.13807821
0.28972,0.13807821
0.289725,0.13807821
0.28972998,0.13807821
0.289735,0.13807821
0.28974,0.13807821
0.289745,0.13807821
0.28974998,0.13807821
0.289755,0.13807821
0.28976,5.500917
0.289765,5.9169993
0.28977,5.9169993
0.28977498,5.9169993
0.28978,5.9169993
0.289785,5.9169993
0.28979,5.9169993
0.28979498,5.9169993
0.2898,5.9169993
0.289805,5.9169993
0.28981,5.9169993
0.28981498,5.9169993
0.28982,5.9169993
0.289825,5.9169993
0.28983,5.9169993
0.289835,5.9169993
0.28983998,5.9169993
0.289845,5.9169993
0.28985,5.9169993
0.289855,5.9169993
0.28985998,5.9169993
0.289865,5.9169993
0.28987,5.9169993
0.289875,5.9169993
0.28988,5.9169993
0.28988498,5.9169993
0.28989,5.9169993
0.289895,5.9169993
0.2899,5.9169993
0.28990498,5.9169993
0.28991,5.9169993
0.289915,5.9169993
0.28992,5.9169993
0.28992498,5.9169993
0.28993,5.9169993
0.289935,5.9169993
0.28994,5.9169993
0.289945,5.9169993
0.28994998,5.9169993
0.289955,5.9169993
0.28996,5.9169993
0.289965,5.9169993
0.28996998,5.9169993
0.289975,5.9169993
0.28998,5.9169993
0.289985,5.9169993
0.28998998,5.9169993
0.28999498,5.9169993
0.29,5.9169993
0.290005,5.9169993
0.29001,5.9169993
0.29001498,5.9169993
0.29002,5.9169993
0.290025,5.9169993
0.29003,5.9169993
0.29003498,5.9169993
0.29004,5.9169993
0.290045,5.9169993
0.29005,5.9169993
0.290055,5.9169993
0.29005998,5.9169993
0.290065,5.9169993
0.29007,5.9169993
0.290075,5.9169993
0.29007998,5.9169993
0.290085,5.9169993
0.29009,5.9169993
0.290095,5.9169993
0.29009998,5.9169993
0.290105,5.9169993
0.29011,5.9169993
0.290115,5.9169993
0.29012,5.9169993
0.29012498,5.9169993
0.29013,5.9169993
0.290135,5.9169993
0.29014,5.9169993
0.29014498,5.9169993
0.29015,5.9169993
0.290155,5.9169993
0.29016,5.9169993
0.290165,5.9169993
0.29016998,5.9169993
0.290175,5.9169993
0.29018,5.9169993
0.290185,5.9169993
0.29018998,5.9169993
0.290195,5.9169993
0.2902,5.9169993
0.290205,5.9169993
0.29020998,5.9169993
0.290215,5.9169993
0.29022,5.9169993
0.290225,5.9169993
0.29023,5.9169993
0.29023498,5.9169993
0.29024,5.9169993
0.290245,5.9169993
0.29025,5.9169993
0.29025498,5.9169993
0.29026,5.9169993
0.290265,4.7149835
0.29027,0.3230033
0.290275,0.27677202
0.29027998,0.23054075
0.290285,0.23054075
0.29029,0.184309
0.290295,0.184309
0.29029998,0.184309
0.290305,0.184309
0.29031,0.184309
0.290315,0.13807821
0.29031998,0.13807821
0.290325,0.13807821
0.29033,0.13807821
0.290335,0.13807821
0.29034,0.13807821
0.29034498,0.13807821
0.29035,0.13807821
0.290355,0.13807821
0.29036,0.13807821
0.29036498,0.13807821
0.29037,0.13807821
0.290375,0.13807821
0.29038,0.13807821
0.29038498,0.13807821
0.29038998,0.13807821
0.290395,0.13807821
0.2904,0.13807821
0.290405,0.13807821
0.29040998,0.13807821
0.290415,0.13807821
0.29042,0.13807821
0.290425,0.13807821
0.29042998,0.13807821
0.290435,0.13807821
0.29044,0.13807821
0.290445,0.13807821
0.29045,0.13807821
0.29045498,0.13807821
0.29046,0.13807821
0.290465,0.13807821
0.29047,0.13807821
0.29047498,0.13807821
0.29048,0.13807821
0.290485,0.13807821
0.29049,0.13807821
0.29049498,0.13807821
0.2905,0.13807821
0.290505,0.13807821
0.29051,0.13807821
0.290515,0.13807821
0.29051998,0.13807821
0.290525,0.13807821
0.29053,0.13807821
0.290535,0.13807821
0.29053998,0.13807821
0.290545,0.13807821
0.29055,0.13807821
0.290555,0.13807821
0.29056,0.13807821
0.29056498,0.13807821
0.29057,0.13807821
0.290575,0.13807821
0.29058,0.13807821
0.29058498,0.13807821
0.29059,0.13807821
0.290595,0.13807821
0.2906,0.13807821
0.29060498,0.13807821
0.29061,0.13807821
0.290615,0.13807821
0.29062,0.13807821
0.290625,0.13807821
0.29062998,0.13807821
0.290635,0.13807821
0.29064,0.13807821
0.290645,0.13807821
0.29064998,0.13807821
0.290655,0.13807821
0.29066,0.13807821
0.290665,0.13807821
0.29067,0.13807821
0.29067498,0.13807821
0.29068,0.13807821
0.290685,0.13807821
0.29069,0.13807821
0.29069498,0.13807821
0.2907,0.13807821
0.290705,0.13807821
0.29071,0.13807821
0.29071498,0.13807821
0.29072,0.13807821
0.290725,0.13807821
0.29073,0.13807821
0.290735,0.13807821
0.29073998,0.13807821
0.290745,0.13807821
0.29075,0.13807821
0.290755,0.13807821
0.29075998,0.13807821
0.290765,0.13807821
0.29077,0.13807821
0.290775,0.13807821
0.29077998,0.13807821
0.29078498,0.13807821
0.29079,0.13807821
0.290795,0.13807821
0.2908,0.13807821
0.29080498,0.13807821
0.29081,0.13807821
0.290815,0.13807821
0.29082,0.13807821
0.29082498,0.13807821
0.29083,0.13807821
0.290835,0.13807821
0.29084,0.13807821
0.290845,0.13807821
0.29084998,0.13807821
0.290855,0.13807821
0.29086,0.13807821
0.290865,0.13807821
0.29086998,0.13807821
0.290875,0.13807821
0.29088,0.13807821
0.290885,0.13807821
0.29088998,0.13807821
0.290895,0.13807821
0.2909,0.13807821
0.290905,0.13807821
0.29091,0.13807821
0.29091498,0.13807821
0.29092,0.13807821
0.290925,0.13807821
0.29093,0.13807821
0.29093498,0.13807821
0.29094,0.13807821
0.290945,0.13807821
0.29095,3.1893477
0.290955,5.9169993
0.29095998,5.9169993
0.290965,5.9169993
0.29097,5.9169993
0.290975,5.9169993
0.29097998,5.9169993
0.290985,5.9169993
0.29099,5.9169993
0.290995,5.9169993
0.29099998,5.9169993
0.291005,5.9169993
0.29101,5.9169993
0.291015,5.9169993
0.29102,5.9169993
0.29102498,5.9169993
0.29103,5.9169993
0.291035,5.9169993
0.29104,5.9169993
0.29104498,5.9169993
0.29105,5.9169993
0.291055,5.9169993
0.29106,5.9169993
0.291065,5.9169993
0.29106998,5.9169993
0.291075,5.9169993
0.29108,5.9169993
0.291085,5.9169993
0.29108998,5.9169993
0.291095,5.9169993
0.2911,5.9169993
0.291105,5.9169993
0.29110998,5.9169993
0.291115,5.9169993
0.29112,5.9169993
0.291125,5.9169993
0.29113,5.9169993
0.29113498,5.9169993
0.29114,5.9169993
0.291145,5.9169993
0.29115,5.9169993
0.29115498,5.9169993
0.29116,5.9169993
0.291165,5.9169993
0.29117,5.9169993
0.29117498,5.9169993
0.29117998,5.9169993
0.291185,5.9169993
0.29119,5.9169993
0.291195,5.9169993
0.29119998,5.9169993
0.291205,5.9169993
0.29121,5.9169993
0.291215,5.9169993
0.29121998,5.9169993
0.291225,5.9169993
0.29123,5.9169993
0.291235,5.9169993
0.29124,5.9169993
0.29124498,5.9169993
0.29125,5.9169993
0.291255,5.9169993
0.29126,5.9169993
0.29126498,5.9169993
0.29127,5.9169993
0.291275,5.9169993
0.29128,5.9169993
0.29128498,5.9169993
0.29129,5.9169993
0.291295,5.9169993
0.2913,5.9169993
0.291305,5.9169993
0.29130998,5.9169993
0.291315,5.9169993
0.29132,5.9169993
0.291325,5.9169993
0.29132998,5.9169993
0.291335,5.9169993
0.29134,5.9169993
0.291345,5.9169993
0.29135,5.9169993
0.29135498,5.9169993
0.29136,5.9169993
0.291365,5.9169993
0.29137,5.9169993
0.29137498,5.9169993
0.29138,5.9169993
0.291385,5.9169993
0.29139,0.92401123
0.29139498,0.27677202
0.2914,0.27677202
0.291405,0.23054075
0.29141,0.23054075
0.291415,0.184309
0.29141998,0.184309
0.291425,0.184309
0.29143,0.184309
0.291435,0.184309
0.29143998,0.13807821
0.291445,0.13807821
0.29145,0.13807821
0.291455,0.13807821
0.29146,0.13807821
0.29146498,0.13807821
0.29147,0.13807821
0.291475,0.13807821
0.29148,0.13807821
0.29148498,0.13807821
0.29149,0.13807821
0.291495,0.13807821
0.2915,0.13807821
0.29150498,0.13807821
0.29151,0.13807821
0.291515,0.13807821
0.29152,0.13807821
0.291525,0.13807821
0.29152998,0.13807821
0.291535,0.13807821
0.29154,0.13807821
0.291545,0.13807821
0.29154998,0.13807821
0.291555,0.13807821
0.29156,0.13807821
0.291565,0.13807821
0.29156998,0.13807821
0.29157498,0.13807821
0.29158,0.13807821
0.291585,0.13807821
0.29159,0.13807821
0.29159498,0.13807821
0.2916,0.13807821
0.291605,0.13807821
0.29161,0.13807821
0.29161498,0.13807821
0.29162,0.13807821
0.291625,0.13807821
0.29163,0.13807821
0.291635,0.13807821
0.29163998,0.13807821
0.291645,0.13807821
0.29165,0.13807821
0.291655,0.13807821
0.29165998,0.13807821
0.291665,0.13807821
0.29167,0.13807821
0.291675,0.13807821
0.29167998,0.13807821
0.291685,0.13807821
0.29169,0.13807821
0.291695,0.13807821
0.2917,0.13807821
0.29170498,0.13807821
0.29171,0.13807821
0.291715,0.13807821
0.29172,0.13807821
0.29172498,0.13807821
0.29173,0.13807821
0.291735,0.13807821
0.29174,0.13807821
0.291745,0.13807821
0.29174998,0.13807821
0.291755,0.13807821
0.29176,0.13807821
0.291765,0.13807821
0.29176998,0.13807821
0.291775,0.13807821
0.29178,0.13807821
0.291785,0.13807821
0.29178998,0.13807821
0.291795,0.13807821
0.2918,0.13807821
0.291805,0.13807821
0.29181,0.13807821
0.29181498,0.13807821
0.29182,0.13807821
0.291825,0.13807821
0.29183,0.13807821
0.29183498,0.13807821
0.29184,0.13807821
0.291845,0.13807821
0.29185,0.13807821
0.291855,0.13807821
0.29185998,0.13807821
0.291865,0.13807821
0.29187,0.13807821
0.291875,0.13807821
0.29187998,0.13807821
0.291885,0.13807821
0.29189,0.13807821
0.291895,0.13807821
0.29189998,0.13807821
0.291905,0.13807821
0.29191,0.13807821
0.291915,0.13807821
0.29192,0.13807821
0.29192498,0.13807821
0.29193,0.13807821
0.291935,0.13807821
0.29194,0.13807821
0.29194498,0.13807821
0.29195,0.13807821
0.291955,0.13807821
0.29196,0.13807821
0.29196498,0.13807821
0.29196998,0.13807821
0.291975,0.13807821
0.29198,0.13807821
0.291985,0.13807821
0.29198998,5.6396117
0.291995,5.9169993
0.292,5.9169993
0.292005,5.9169993
0.29200998,5.9169993
0.292015,5.9169993
0.29202,5.9169993
0.292025,5.9169993
0.29203,5.9169993
0.29203498,5.9169993
0.29204,5.9169993
0.292045,5.9169993
0.29205,5.9169993
0.29205498,5.9169993
0.29206,5.9169993
0.292065,5.9169993
0.29207,5.9169993
0.29207498,5.9169993
0.29208,5.9169993
0.292085,5.9169993
0.29209,5.9169993
0.292095,5.9169993
0.29209998,5.9169993
0.292105,5.9169993
0.29211,5.9169993
0.292115,5.9169993
0.29211998,5.9169993
0.292125,5.9169993
0.29213,5.9169993
0.292135,5.9169993
0.29214,5.9169993
0.29214498,5.9169993
0.29215,5.9169993
0.292155,5.9169993
0.29216,5.9169993
0.29216498,5.9169993
0.29217,5.9169993
0.292175,5.9169993
0.29218,5.9169993
0.29218498,5.9169993
0.29219,5.9169993
0.292195,5.9169993
0.2922,5.9169993
0.292205,5.9169993
0.29220998,5.9169993
0.292215,5.9169993
0.29222,5.9169993
0.292225,5.9169993
0.29222998,5.9169993
0.292235,5.9169993
0.29224,5.9169993
0.292245,5.9169993
0.29225,5.9169993
0.29225498,5.9169993
0.29226,5.9169993
0.292265,5.9169993
0.29227,5.9169993
0.29227498,5.9169993
0.29228,5.9169993
0.292285,5.9169993
0.29229,5.9169993
0.29229498,5.9169993
0.2923,5.9169993
0.292305,5.9169993
0.29231,5.9169993
0.292315,5.9169993
0.29231998,5.9169993
0.292325,5.9169993
0.29233,5.9169993
0.292335,5.9169993
0.29233998,5.9169993
0.292345,5.9169993
0.29235,5.9169993
0.292355,5.9169993
0.29235998,5.9169993
0.29236498,5.9169993
0.29237,5.9169993
0.292375,5.9169993
0.29238,5.9169993
0.29238498,5.9169993
0.29239,5.9169993
0.292395,5.9169993
0.2924,5.9169993
0.29240498,5.9169993
0.29241,5.9169993
0.292415,5.9169993
0.29242,5.9169993
0.292425,5.9169993
0.29242998,5.9169993
0.292435,5.9169993
0.29244,5.9169993
0.292445,5.9169993
0.29244998,5.9169993
0.292455,5.9169993
0.29246,5.9169993
0.292465,5.9169993
0.29246998,5.9169993
0.292475,5.9169993
0.29248,5.9169993
0.292485,5.9169993
0.29249,5.9169993
0.29249498,5.9169993
0.2925,5.9169993
0.292505,5.9169993
0.29251,5.9169993
0.29251498,5.9169993
0.29252,5.9169993
0.292525,5.9169993
0.29253,5.9169993
0.292535,5.9169993
0.29253998,5.9169993
0.292545,5.9169993
0.29255,5.9169993
0.292555,5.9169993
0.29255998,5.9169993
0.292565,5.9169993
0.29257,5.9169993
0.292575,5.9169993
0.29257998,5.9169993
0.292585,5.9169993
0.29259,5.9169993
0.292595,5.9169993
0.2926,5.9169993
0.29260498,5.9169993
0.29261,5.9169993
0.292615,5.9169993
0.29262,5.9169993
0.29262498,5.9169993
0.29263,5.9169993
0.292635,5.9169993
0.29264,5.9169993
0.292645,5.9169993
0.29264998,5.9169993
0.292655,5.9169993
0.29266,5.9169993
0.292665,5.9169993
0.29266998,5.9169993
0.292675,5.9169993
0.29268,5.9169993
0.292685,5.9169993
0.29268998,5.9169993
0.292695,5.9169993
0.2927,5.9169993
0.292705,5.9169993
0.29271,5.9169993
0.29271498,5.9169993
0.29272,5.9169993
0.292725,5.9169993
0.29273,5.9169993
0.29273498,5.9169993
0.29274,5.9169993
0.292745,5.9169993
0.29275,5.9169993
0.29275498,5.9169993
0.29275998,5.9169993
0.292765,5.9169993
0.29277,5.9169993
0.292775,5.9169993
0.29277998,5.9169993
0.292785,5.9169993
0.29279,5.9169993
0.292795,5.9169993
0.29279998,5.9169993
0.292805,5.9169993
0.29281,5.9169993
0.292815,5.9169993
0.29282,5.9169993
0.29282498,5.9169993
0.29283,5.9169993
0.292835,5.9169993
0.29284,5.9169993
0.29284498,5.9169993
0.29285,5.9169993
0.292855,5.9169993
0.29286,5.9169993
0.29286498,5.9169993
0.29287,5.9169993
0.292875,5.9169993
0.29288,5.9169993
0.292885,5.9169993
0.29288998,5.9169993
0.292895,5.9169993
0.2929,5.9169993
0.292905,5.9169993
0.29290998,5.9169993
0.292915,5.9169993
0.29292,5.9169993
0.292925,5.9169993
0.29293,5.9169993
0.29293498,5.9169993
0.29294,5.9169993
0.292945,5.9169993
0.29295,5.9169993
0.29295498,5.9169993
0.29296,5.9169993
0.292965,5.9169993
0.29297,5.9169993
0.29297498,5.9169993
0.29298,5.9169993
0.292985,5.9169993
0.29299,5.9169993
0.292995,5.9169993
0.29299998,5.9169993
0.293005,5.9169993
0.29301,5.9169993
0.293015,5.9169993
0.29301998,5.9169993
0.293025,5.9169993
0.29303,5.9169993
0.293035,5.9169993
0.29304,5.9169993
0.29304498,5.9169993
0.29305,5.9169993
0.293055,5.9169993
0.29306,5.9169993
0.29306498,5.9169993
0.29307,5.9169993
0.293075,5.9169993
0.29308,5.9169993
0.29308498,5.9169993
0.29309,5.9169993
0.293095,5.9169993
0.2931,5.9169993
0.293105,5.9169993
0.29310998,5.9169993
0.293115,5.9169993
0.29312,5.9169993
0.293125,5.9169993
0.29312998,5.9169993
0.293135,5.9169993
0.29314,5.9169993
0.293145,5.9169993
0.29314998,5.9169993
0.29315498,5.9169993
0.29316,5.9169993
0.293165,5.9169993
0.29317,5.9169993
0.29317498,5.9169993
0.29318,5.9169993
0.293185,5.9169993
0.29319,5.9169993
0.29319498,5.9169993
0.2932,5.9169993
0.293205,5.9169993
0.29321,5.9169993
0.293215,5.9169993
0.29321998,5.9169993
0.293225,5.9169993
0.29323,5.9169993
0.293235,5.9169993
0.29323998,5.9169993
0.293245,5.9169993
0.29325,5.9169993
0.293255,5.9169993
0.29325998,5.9169993
0.29326499,5.9169993
0.29327,5.9169993
0.293275,5.9169993
0.29328,5.9169993
0.29328498,5.9169993
0.29329,5.9169993
0.293295,5.9169993
0.2933,5.9169993
0.29330498,5.9169993
0.29331,5.9169993
0.293315,5.9169993
0.29332,5.9169993
0.293325,5.9169993
0.29332998,5.9169993
0.293335,5.9169993
0.29334,5.9169993
0.293345,5.9169993
0.29334998,5.9169993
0.293355,5.9169993
0.29336,5.9169993
0.293365,5.9169993
0.29336998,5.9169993
0.293375,5.9169993
0.29338,5.9169993
0.293385,5.9169993
0.29339,5.9169993
0.29339498,5.9169993
0.2934,5.9169993
0.293405,5.9169993
0.29341,5.9169993
0.29341498,5.9169993
0.29342,5.9169993
0.293425,5.9169993
0.29343,5.9169993
0.293435,5.9169993
0.29343998,5.9169993
0.293445,5.9169993
0.29345,5.9169993
0.293455,5.9169993
0.29345998,5.9169993
0.293465,5.9169993
0.29347,5.9169993
0.293475,5.9169993
0.29347998,5.9169993
0.293485,5.9169993
0.29349,5.9169993
0.293495,5.9169993
0.2935,5.9169993
0.29350498,5.9169993
0.29351,5.9169993
0.293515,5.9169993
0.29352,5.9169993
0.29352498,5.9169993
0.29353,5.9169993
0.293535,5.9169993
0.29354,5.9169993
0.29354498,5.9169993
0.29354998,5.9169993
0.293555,5.9169993
0.29356,5.9169993
0.293565,5.9169993
0.29356998,5.9169993
0.293575,5.9169993
0.29358,5.9169993
0.293585,5.9169993
0.29358998,5.9169993
0.293595,5.9169993
0.2936,5.9169993
0.293605,5.9169993
0.29361,5.9169993
0.29361498,5.547148
0.29362,0.3230033
0.293625,0.27677202
0.29363,0.23054075
0.29363498,0.23054075
0.29364,0.23054075
0.293645,0.184309
0.29365,0.184309
0.29365498,0.184309
0.29365999,0.184309
0.293665,0.13807821
0.29367,0.13807821
0.293675,0.13807821
0.29367998,0.13807821
0.293685,0.13807821
0.29369,0.13807821
0.293695,0.13807821
0.29369998,0.13807821
0.293705,0.13807821
0.29371,0.13807821
0.293715,0.13807821
0.29372,0.13807821
0.29372498,0.13807821
0.29373,0.13807821
0.293735,0.13807821
0.29374,0.13807821
0.29374498,0.13807821
0.29375,0.13807821
0.293755,0.13807821
0.29376,0.13807821
0.29376498,0.13807821
0.29377,0.13807821
0.293775,0.13807821
0.29378,0.13807821
0.293785,0.13807821
0.29378998,0.13807821
0.293795,0.13807821
0.2938,0.13807821
0.293805,0.13807821
0.29380998,0.13807821
0.293815,0.13807821
0.29382,0.13807821
0.293825,0.13807821
0.29383,0.13807821
0.29383498,0.13807821
0.29384,0.13807821
0.293845,0.13807821
0.29385,0.13807821
0.29385498,0.13807821
0.29386,0.13807821
0.293865,0.13807821
0.29387,0.13807821
0.29387498,0.13807821
0.29388,0.13807821
0.293885,0.13807821
0.29389,0.13807821
0.293895,0.13807821
0.29389998,0.13807821
0.293905,0.13807821
0.29391,0.13807821
0.293915,0.13807821
0.29391998,0.13807821
0.293925,0.13807821
0.29393,0.13807821
0.293935,0.13807821
0.29393998,0.13807821
0.29394498,0.13807821
0.29395,0.13807821
0.293955,0.13807821
0.29396,0.13807821
0.29396498,0.13807821
0.29397,0.13807821
0.293975,0.13807821
0.29398,0.13807821
0.29398498,0.13807821
0.29399,0.13807821
0.293995,0.13807821
0.294,0.13807821
0.294005,0.13807821
0.29400998,0.13807821
0.294015,0.13807821
0.29402,0.13807821
0.294025,0.13807821
0.29402998,0.13807821
0.294035,0.13807821
0.29404,0.13807821
0.294045,0.13807821
0.29404998,0.13807821
0.29405499,0.13807821
0.29406,0.13807821
0.294065,0.13807821
0.29407,0.13807821
0.29407498,0.13807821
0.29408,0.13807821
0.294085,0.13807821
0.29409,0.13807821
0.29409498,0.13807821
0.2941,0.13807821
0.294105,0.13807821
0.29411,0.13807821
0.294115,0.13807821
0.29411998,0.13807821
0.294125,0.13807821
0.29413,0.13807821
0.294135,0.13807821
0.29413998,0.13807821
0.294145,0.13807821
0.29415,0.13807821
0.294155,0.13807821
0.29415998,0.13807821
0.294165,0.13807821
0.29417,0.13807821
0.294175,0.13807821
0.29418,0.13807821
0.29418498,0.13807821
0.29419,0.13807821
0.294195,0.13807821
0.2942,0.13807821
0.29420498,0.13807821
0.29421,0.13807821
0.294215,0.13807821
0.29422,0.13807821
0.294225,0.13807821
0.29422998,0.36923456
0.294235,5.824537
0.29424,5.9169993
0.294245,5.9169993
0.29424998,5.9169993
0.294255,5.9169993
0.29426,5.9169993
0.294265,5.9169993
0.29426998,5.9169993
0.294275,5.9169993
0.29428,5.9169993
0.294285,5.9169993
0.29429,5.9169993
0.29429498,5.9169993
0.2943,5.9169993
0.294305,5.9169993
0.29431,5.9169993
0.29431498,5.9169993
0.29432,5.9169993
0.294325,5.9169993
0.29433,5.9169993
0.29433498,5.9169993
0.29433998,5.9169993
0.294345,5.9169993
0.29435,5.9169993
0.294355,5.9169993
0.29435998,5.9169993
0.294365,5.9169993
0.29437,5.9169993
0.294375,5.9169993
0.29437998,5.9169993
0.294385,5.9169993
0.29439,5.9169993
0.294395,5.9169993
0.2944,5.9169993
0.29440498,5.9169993
0.29441,5.9169993
0.294415,5.9169993
0.29442,5.9169993
0.29442498,5.9169993
0.29443,5.9169993
0.294435,5.9169993
0.29444,5.9169993
0.29444498,5.9169993
0.29444999,5.9169993
0.294455,5.9169993
0.29446,5.9169993
0.294465,5.9169993
0.29446998,5.9169993
0.294475,5.9169993
0.29448,5.9169993
0.294485,5.9169993
0.29448998,5.9169993
0.294495,5.9169993
0.2945,5.9169993
0.294505,5.9169993
0.29451,5.9169993
0.29451498,5.9169993
0.29452,5.9169993
0.294525,5.9169993
0.29453,5.9169993
0.29453498,5.9169993
0.29454,5.9169993
0.294545,5.9169993
0.29455,5.9169993
0.29455498,5.9169993
0.29456,5.9169993
0.294565,5.9169993
0.29457,5.9169993
0.294575,5.9169993
0.29457998,5.9169993
0.294585,5.9169993
0.29459,5.9169993
0.294595,5.9169993
0.29459998,5.9169993
0.294605,5.9169993
0.29461,5.9169993
0.294615,5.9169993
0.29462,5.9169993
0.29462498,5.9169993
0.29463,5.9169993
0.294635,5.9169993
0.29464,5.9169993
0.29464498,5.9169993
0.29465,5.9169993
0.294655,5.9169993
0.29466,5.9169993
0.29466498,5.9169993
0.29467,5.9169993
0.294675,5.9169993
0.29468,5.9169993
0.294685,5.9169993
0.29468998,5.9169993
0.294695,5.9169993
0.2947,5.9169993
0.294705,5.9169993
0.29470998,5.9169993
0.294715,5.9169993
0.29472,5.9169993
0.294725,5.9169993
0.29472998,5.9169993
0.29473498,5.9169993
0.29474,1.4325566
0.294745,0.27677202
0.29475,0.27677202
0.29475498,0.23054075
0.29476,0.23054075
0.294765,0.184309
0.29477,0.184309
0.29477498,0.184309
0.29478,0.184309
0.294785,0.184309
0.29479,0.13807821
0.294795,0.13807821
0.29479998,0.13807821
0.294805,0.13807821
0.29481,0.13807821
0.294815,0.13807821
0.29481998,0.13807821
0.294825,0.13807821
0.29483,0.13807821
0.294835,0.13807821
0.29483998,0.13807821
0.29484499,0.13807821
0.29485,0.13807821
0.294855,0.13807821
0.29486,0.13807821
0.29486498,0.13807821
0.29487,0.13807821
0.294875,0.13807821
0.29488,0.13807821
0.29488498,0.13807821
0.29489,0.13807821
0.294895,0.13807821
0.2949,0.13807821
0.294905,0.13807821
0.29490998,0.13807821
0.294915,0.13807821
0.29492,0.13807821
0.294925,0.13807821
0.29492998,0.13807821
0.294935,0.13807821
0.29494,0.13807821
0.294945,0.13807821
0.29494998,0.13807821
0.294955,0.13807821
0.29496,0.13807821
0.294965,0.13807821
0.29497,0.13807821
0.29497498,0.13807821
0.29498,0.13807821
0.294985,0.13807821
0.29499,0.13807821
0.29499498,0.13807821
0.295,0.13807821
0.295005,0.13807821
0.29501,0.13807821
0.295015,0.13807821
0.29501998,0.13807821
0.295025,0.13807821
0.29503,0.13807821
0.295035,0.13807821
0.29503998,0.13807821
0.295045,0.13807821
0.29505,0.13807821
0.295055,0.13807821
0.29505998,0.13807821
0.295065,0.13807821
0.29507,0.13807821
0.295075,0.13807821
0.29508,0.13807821
0.29508498,0.13807821
0.29509,0.13807821
0.295095,0.13807821
0.2951,0.13807821
0.29510498,0.13807821
0.29511,0.13807821
0.295115,0.13807821
0.29512,0.13807821
0.29512498,0.13807821
0.29512998,0.13807821
0.295135,0.13807821
0.29514,0.13807821
0.295145,0.13807821
0.29514998,0.13807821
0.295155,0.13807821
0.29516,0.13807821
0.295165,0.13807821
0.29516998,0.13807821
0.295175,0.13807821
0.29518,0.13807821
0.295185,0.13807821
0.29519,0.13807821
0.29519498,0.13807821
0.2952,0.13807821
0.295205,0.13807821
0.29521,0.13807821
0.29521498,0.13807821
0.29522,0.13807821
0.295225,0.13807821
0.29523,0.13807821
0.29523498,0.13807821
0.29523998,0.13807821
0.295245,0.13807821
0.29525,0.13807821
0.295255,0.13807821
0.29525998,0.13807821
0.295265,0.13807821
0.29527,0.13807821
0.295275,0.13807821
0.29527998,0.13807821
0.295285,0.13807821
0.29529,0.13807821
0.295295,0.13807821
0.2953,0.13807821
0.29530498,0.13807821
0.29531,0.13807821
0.295315,0.13807821
0.29532,0.13807821
0.29532498,0.13807821
0.29533,0.13807821
0.295335,0.13807821
0.29534,0.13807821
0.29534498,0.13807821
0.29535,0.13807821
0.295355,0.13807821
0.29536,0.13807821
0.295365,0.13807821
0.29536998,0.13807821
0.295375,0.13807821
0.29538,0.13807821
0.295385,0.13807821
0.29538998,0.13807821
0.295395,0.13807821
0.2954,0.13807821
0.295405,0.13807821
0.29541,0.13807821
0.29541498,0.13807821
0.29542,0.13807821
0.295425,0.13807821
0.29543,0.13807821
0.29543498,0.13807821
0.29544,0.13807821
0.295445,0.13807821
0.29545,0.13807821
0.29545498,0.13807821
0.29546,0.13807821
0.295465,2.4958777
0.29547,5.870768
0.295475,5.9169993
0.29547998,5.9169993
0.295485,5.9169993
0.29549,5.9169993
0.295495,5.9169993
0.29549998,5.9169993
0.295505,5.9169993
0.29551,5.9169993
0.295515,5.9169993
0.29551998,5.9169993
0.29552498,5.9169993
0.29553,5.9169993
0.295535,5.9169993
0.29554,5.9169993
0.29554498,5.9169993
0.29555,5.9169993
0.295555,5.9169993
0.29556,5.9169993
0.29556498,5.9169993
0.29557,5.9169993
0.295575,5.9169993
0.29558,5.9169993
0.295585,5.9169993
0.29558998,5.9169993
0.295595,5.9169993
0.2956,5.9169993
0.295605,5.9169993
0.29560998,5.9169993
0.295615,5.9169993
0.29562,5.9169993
0.295625,5.9169993
0.29562998,5.9169993
0.29563498,5.9169993
0.29564,5.9169993
0.295645,5.9169993
0.29565,5.9169993
0.29565498,5.9169993
0.29566,5.9169993
0.295665,5.9169993
0.29567,5.9169993
0.29567498,5.9169993
0.29568,5.9169993
0.295685,5.9169993
0.29569,5.9169993
0.295695,5.9169993
0.29569998,5.9169993
0.295705,5.9169993
0.29571,5.9169993
0.295715,5.9169993
0.29571998,5.9169993
0.295725,5.9169993
0.29573,5.9169993
0.295735,5.9169993
0.29573998,5.9169993
0.295745,5.9169993
0.29575,5.9169993
0.295755,5.9169993
0.29576,5.9169993
0.29576498,5.9169993
0.29577,5.9169993
0.295775,5.9169993
0.29578,5.9169993
0.29578498,5.9169993
0.29579,5.9169993
0.295795,5.9169993
0.2958,5.9169993
0.295805,5.9169993
0.29580998,5.9169993
0.295815,5.9169993
0.29582,5.9169993
0.295825,5.9169993
0.29582998,5.9169993
0.295835,5.9169993
0.29584,5.9169993
0.295845,5.9169993
0.29584998,5.9169993
0.295855,5.9169993
0.29586,5.9169993
0.295865,5.9169993
0.29587,5.9169993
0.29587498,5.9169993
0.29588,5.9169993
0.295885,5.9169993
0.29589,5.9169993
0.29589498,5.9169993
0.2959,5.9169993
0.295905,5.9169993
0.29591,5.9169993
0.29591498,5.9169993
0.29591998,5.9169993
0.295925,5.9169993
0.29593,5.9169993
0.295935,5.9169993
0.29593998,5.9169993
0.295945,5.9169993
0.29595,5.9169993
0.295955,5.9169993
0.29595998,5.9169993
0.295965,5.9169993
0.29597,5.9169993
0.295975,5.9169993
0.29598,5.9169993
0.29598498,5.9169993
0.29599,5.9169993
0.295995,5.9169993
0.296,5.9169993
0.29600498,5.9169993
0.29601,5.9169993
0.296015,5.9169993
0.29602,5.9169993
0.29602498,5.9169993
0.29602998,5.9169993
0.296035,5.9169993
0.29604,5.9169993
0.296045,5.9169993
0.29604998,5.9169993
0.296055,5.9169993
0.29606,5.9169993
0.296065,5.9169993
0.29606998,5.9169993
0.296075,5.9169993
0.29608,5.9169993
0.296085,5.9169993
0.29609,5.9169993
0.29609498,5.9169993
0.2961,5.9169993
0.296105,5.9169993
0.29611,5.9169993
0.29611498,5.9169993
0.29612,5.9169993
0.296125,5.9169993
0.29613,5.9169993
0.29613498,5.9169993
0.29614,5.9169993
0.296145,5.9169993
0.29615,5.9169993
0.296155,5.9169993
0.29615998,5.9169993
0.296165,5.9169993
0.29617,5.9169993
0.296175,5.9169993
0.29617998,5.9169993
0.296185,5.9169993
0.29619,5.9169993
0.296195,5.9169993
0.2962,5.9169993
0.29620498,5.9169993
0.29621,5.9169993
0.296215,5.9169993
0.29622,5.9169993
0.29622498,5.9169993
0.29623,5.9169993
0.296235,5.9169993
0.29624,5.9169993
0.29624498,5.9169993
0.29625,5.9169993
0.296255,5.9169993
0.29626,5.9169993
0.296265,5.9169993
0.29626998,5.9169993
0.296275,5.9169993
0.29628,5.9169993
0.296285,5.9169993
0.29628998,5.9169993
0.296295,5.9169993
0.2963,5.9169993
0.296305,5.9169993
0.29630998,5.9169993
0.29631498,5.9169993
0.29632,5.9169993
0.296325,5.9169993
0.29633,5.9169993
0.29633498,5.9169993
0.29634,5.9169993
0.296345,5.9169993
0.29635,5.9169993
0.29635498,5.9169993
0.29636,5.9169993
0.296365,5.9169993
0.29637,5.9169993
0.296375,5.9169993
0.29637998,5.9169993
0.296385,5.9169993
0.29639,5.9169993
0.296395,5.9169993
0.29639998,5.9169993
0.296405,5.9169993
0.29641,5.9169993
0.296415,5.9169993
0.29641998,5.9169993
0.29642498,5.9169993
0.29643,5.9169993
0.296435,5.9169993
0.29644,5.9169993
0.29644498,5.9169993
0.29645,5.9169993
0.296455,5.9169993
0.29646,5.9169993
0.29646498,5.9169993
0.29647,5.9169993
0.296475,5.9169993
0.29648,5.9169993
0.296485,5.9169993
0.29648998,5.9169993
0.296495,5.9169993
0.2965,5.9169993
0.296505,5.9169993
0.29650998,5.9169993
0.296515,5.9169993
0.29652,5.9169993
0.296525,5.9169993
0.29652998,5.9169993
0.296535,5.9169993
0.29654,5.9169993
0.296545,5.9169993
0.29655,5.9169993
0.29655498,5.9169993
0.29656,5.9169993
0.296565,5.9169993
0.29657,5.9169993
0.29657498,5.9169993
0.29658,5.9169993
0.296585,5.9169993
0.29659,5.9169993
0.296595,5.9169993
0.29659998,5.9169993
0.296605,5.9169993
0.29661,5.9169993
0.296615,5.9169993
0.29661998,5.9169993
0.296625,5.9169993
0.29663,5.9169993
0.296635,5.9169993
0.29663998,5.9169993
0.296645,5.9169993
0.29665,5.9169993
0.296655,5.9169993
0.29666,5.9169993
0.29666498,5.9169993
0.29667,5.9169993
0.296675,5.9169993
0.29668,5.9169993
0.29668498,5.9169993
0.29669,5.9169993
0.296695,5.9169993
0.2967,5.9169993
0.29670498,5.9169993
0.29670998,5.9169993
0.296715,5.9169993
0.29672,5.9169993
0.296725,5.9169993
0.29672998,5.9169993
0.296735,5.9169993
0.29674,5.9169993
0.296745,5.9169993
0.29674998,5.9169993
0.296755,5.9169993
0.29676,5.9169993
0.296765,5.9169993
0.29677,5.9169993
0.29677498,5.9169993
0.29678,5.9169993
0.296785,5.9169993
0.29679,5.9169993
0.29679498,5.9169993
0.2968,5.9169993
0.296805,5.9169993
0.29681,5.9169993
0.29681498,5.9169993
0.29681998,5.9169993
0.296825,5.9169993
0.29683,5.9169993
0.296835,5.9169993
0.29683998,5.9169993
0.296845,5.9169993
0.29685,5.9169993
0.296855,5.9169993
0.29685998,5.9169993
0.296865,5.9169993
0.29687,5.9169993
0.296875,5.9169993
0.29688,5.9169993
0.29688498,5.9169993
0.29689,5.9169993
0.296895,5.9169993
0.2969,5.9169993
0.29690498,5.9169993
0.29691,5.9169993
0.296915,5.9169993
0.29692,5.9169993
0.29692498,5.9169993
0.29693,5.9169993
0.296935,5.9169993
0.29694,5.9169993
0.296945,5.9169993
0.29694998,5.9169993
0.296955,5.9169993
0.29696,5.9169993
0.296965,5.9169993
0.29696998,5.9169993
0.296975,5.9169993
0.29698,0.3230033
0.296985,0.27677202
0.29699,0.27677202
0.29699498,0.23054075
0.297,0.23054075
0.297005,0.184309
0.29701,0.184309
0.29701498,0.184309
0.29702,0.184309
0.297025,0.13807821
0.29703,0.13807821
0.29703498,0.13807821
0.29704,0.13807821
0.297045,0.13807821
0.29705,0.13807821
0.297055,0.13807821
0.29705998,0.13807821
0.297065,0.13807821
0.29707,0.13807821
0.297075,0.13807821
0.29707998,0.13807821
0.297085,0.13807821
0.29709,0.13807821
0.297095,0.13807821
0.29709998,0.13807821
0.29710498,0.13807821
0.29711,0.13807821
0.297115,0.13807821
0.29712,0.13807821
0.29712498,0.13807821
0.29713,0.13807821
0.297135,0.13807821
0.29714,0.13807821
0.29714498,0.13807821
0.29715,0.13807821
0.297155,0.13807821
0.29716,0.13807821
0.297165,0.13807821
0.29716998,0.13807821
0.297175,0.13807821
0.29718,0.13807821
0.297185,0.13807821
0.29718998,0.13807821
0.297195,0.13807821
0.2972,0.13807821
0.297205,0.13807821
0.29720998,0.13807821
0.29721498,0.13807821
0.29722,0.13807821
0.297225,0.13807821
0.29723,0.13807821
0.29723498,0.13807821
0.29724,0.13807821
0.297245,0.13807821
0.29725,0.13807821
0.29725498,0.13807821
0.29726,0.13807821
0.297265,0.13807821
0.29727,0.13807821
0.297275,0.13807821
0.29727998,0.13807821
0.297285,0.13807821
0.29729,0.13807821
0.297295,0.13807821
0.29729998,0.13807821
0.297305,0.13807821
0.29731,0.13807821
0.297315,0.13807821
0.29731998,0.13807821
0.297325,0.13807821
0.29733,0.13807821
0.297335,0.13807821
0.29734,0.13807821
0.29734498,0.13807821
0.29735,0.13807821
0.297355,0.13807821
0.29736,0.13807821
0.29736498,0.13807821
0.29737,0.13807821
0.297375,0.13807821
0.29738,0.13807821
0.297385,0.13807821
0.29738998,0.13807821
0.297395,0.13807821
0.2974,0.13807821
0.297405,0.13807821
0.29740998,0.13807821
0.297415,0.13807821
0.29742,0.13807821
0.297425,0.13807821
0.29742998,0.13807821
0.297435,0.13807821
0.29744,0.13807821
0.297445,0.13807821
0.29745,0.13807821
0.29745498,0.13807821
0.29746,0.13807821
0.297465,0.13807821
0.29747,0.13807821
0.29747498,0.13807821
0.29748,0.13807821
0.297485,0.13807821
0.29749,0.13807821
0.29749498,0.13807821
0.29749998,0.13807821
0.297505,0.13807821
0.29751,0.13807821
0.297515,0.13807821
0.29751998,0.13807821
0.297525,0.13807821
0.29753,0.13807821
0.297535,0.13807821
0.29753998,0.13807821
0.297545,0.13807821
0.29755,0.13807821
0.297555,0.13807821
0.29756,0.13807821
0.29756498,0.13807821
0.29757,0.13807821
0.297575,0.13807821
0.29758,0.13807821
0.29758498,0.13807821
0.29759,0.13807821
0.297595,0.13807821
0.2976,0.13807821
0.29760498,0.13807821
0.29760998,0.13807821
0.297615,0.13807821
0.29762,0.13807821
0.297625,0.13807821
0.29762998,0.13807821
0.297635,0.13807821
0.29764,0.13807821
0.297645,0.13807821
0.29764998,0.13807821
0.297655,0.13807821
0.29766,0.5541601
0.297665,5.824537
0.29767,5.9169993
0.29767498,5.9169993
0.29768,5.9169993
0.297685,5.9169993
0.29769,5.9169993
0.29769498,5.9169993
0.2977,5.9169993
0.297705,5.9169993
0.29771,5.9169993
0.29771498,5.9169993
0.29772,5.9169993
0.297725,5.9169993
0.29773,5.9169993
0.297735,5.9169993
0.29773998,5.9169993
0.297745,5.9169993
0.29775,5.9169993
0.297755,5.9169993
0.29775998,5.9169993
0.297765,5.9169993
0.29777,5.9169993
0.297775,5.9169993
0.29778,5.9169993
0.29778498,5.9169993
0.29779,5.9169993
0.297795,5.9169993
0.2978,5.9169993
0.29780498,5.9169993
0.29781,5.9169993
0.297815,5.9169993
0.29782,5.9169993
0.29782498,5.9169993
0.29783,5.9169993
0.297835,5.9169993
0.29784,5.9169993
0.297845,5.9169993
0.29784998,5.9169993
0.297855,5.9169993
0.29786,5.9169993
0.297865,5.9169993
0.29786998,5.9169993
0.297875,5.9169993
0.29788,5.9169993
0.297885,5.9169993
0.29788998,5.9169993
0.29789498,5.9169993
0.2979,5.9169993
0.297905,5.9169993
0.29791,5.9169993
0.29791498,5.9169993
0.29792,5.9169993
0.297925,5.9169993
0.29793,5.9169993
0.29793498,5.9169993
0.29794,5.9169993
0.297945,5.9169993
0.29795,5.9169993
0.297955,5.9169993
0.29795998,5.9169993
0.297965,5.9169993
0.29797,5.9169993
0.297975,5.9169993
0.29797998,5.9169993
0.297985,5.9169993
0.29799,5.9169993
0.297995,5.9169993
0.29799998,5.9169993
0.29800498,5.9169993
0.29801,5.9169993
0.298015,5.9169993
0.29802,5.9169993
0.29802498,5.9169993
0.29803,5.9169993
0.298035,5.9169993
0.29804,5.9169993
0.29804498,5.9169993
0.29805,5.9169993
0.298055,5.9169993
0.29806,5.9169993
0.298065,5.9169993
0.29806998,5.9169993
0.298075,5.9169993
0.29808,5.9169993
0.298085,5.9169993
0.29808998,5.9169993
0.298095,5.9169993
0.2981,5.9169993
0.298105,5.9169993
0.29810998,5.9169993
0.298115,5.9169993
0.29812,5.9169993
0.298125,5.9169993
0.29813,5.9169993
0.29813498,5.9169993
0.29814,5.9169993
0.298145,5.9169993
0.29815,5.9169993
0.29815498,5.9169993
0.29816,5.9169993
0.298165,5.9169993
0.29817,5.9169993
0.298175,5.9169993
0.29817998,5.9169993
0.298185,5.9169993
0.29819,5.9169993
0.298195,5.9169993
0.29819998,5.9169993
0.298205,5.9169993
0.29821,5.9169993
0.298215,5.9169993
0.29821998,5.9169993
0.298225,5.9169993
0.29823,5.9169993
0.298235,5.9169993
0.29824,5.9169993
0.29824498,5.9169993
0.29825,5.9169993
0.298255,5.9169993
0.29826,5.9169993
0.29826498,5.9169993
0.29827,5.9169993
0.298275,5.9169993
0.29828,5.9169993
0.29828498,5.9169993
0.29828998,5.9169993
0.298295,5.9169993
0.2983,5.9169993
0.298305,5.9169993
0.29830998,5.9169993
0.298315,5.9169993
0.29832,5.9169993
0.298325,5.9169993
0.29832998,5.9169993
0.298335,5.9169993
0.29834,5.9169993
0.298345,5.9169993
0.29835,5.9169993
0.29835498,5.9169993
0.29836,5.9169993
0.298365,5.9169993
0.29837,5.9169993
0.29837498,5.9169993
0.29838,5.9169993
0.298385,5.9169993
0.29839,5.9169993
0.29839498,5.9169993
0.29839998,5.9169993
0.298405,5.9169993
0.29841,5.9169993
0.298415,5.9169993
0.29841998,5.9169993
0.298425,5.9169993
0.29843,5.9169993
0.298435,5.9169993
0.29843998,5.9169993
0.298445,5.9169993
0.29845,5.9169993
0.298455,5.9169993
0.29846,5.9169993
0.29846498,5.9169993
0.29847,5.9169993
0.298475,5.9169993
0.29848,5.9169993
0.29848498,5.9169993
0.29849,5.9169993
0.298495,5.9169993
0.2985,5.9169993
0.29850498,5.9169993
0.29851,5.9169993
0.298515,5.9169993
0.29852,5.9169993
0.298525,5.9169993
0.29852998,5.9169993
0.298535,5.9169993
0.29854,5.9169993
0.298545,5.9169993
0.29854998,5.9169993
0.298555,5.9169993
0.29856,5.9169993
0.298565,5.9169993
0.29857,5.9169993
0.29857498,5.9169993
0.29858,5.9169993
0.298585,5.9169993
0.29859,5.9169993
0.29859498,5.9169993
0.2986,5.9169993
0.298605,5.9169993
0.29861,5.9169993
0.29861498,5.9169993
0.29862,5.9169993
0.298625,5.9169993
0.29863,5.9169993
0.298635,5.9169993
0.29863998,5.9169993
0.298645,5.9169993
0.29865,5.9169993
0.298655,5.9169993
0.29865998,5.9169993
0.298665,5.9169993
0.29867,5.9169993
0.298675,5.9169993
0.29867998,5.9169993
0.29868498,5.9169993
0.29869,5.9169993
0.298695,5.9169993
0.2987,5.9169993
0.29870498,5.9169993
0.29871,5.9169993
0.298715,5.9169993
0.29872,5.9169993
0.29872498,5.9169993
0.29873,5.9169993
0.298735,5.9169993
0.29874,5.9169993
0.298745,5.9169993
0.29874998,5.9169993
0.298755,5.9169993
0.29876,5.9169993
0.298765,5.9169993
0.29876998,5.9169993
0.298775,5.9169993
0.29878,5.9169993
0.298785,5.9169993
0.29878998,5.9169993
0.29879498,5.9169993
0.2988,5.9169993
0.298805,5.9169993
0.29881,5.9169993
0.29881498,5.9169993
0.29882,5.9169993
0.298825,5.9169993
0.29883,5.9169993
0.29883498,5.9169993
0.29884,5.9169993
0.298845,5.9169993
0.29885,5.9169993
0.298855,5.9169993
0.29885998,5.9169993
0.298865,5.9169993
0.29887,5.9169993
0.298875,5.9169993
0.29887998,5.9169993
0.298885,5.9169993
0.29889,5.9169993
0.298895,5.9169993
0.29889998,5.9169993
0.298905,5.9169993
0.29891,5.9169993
0.298915,5.9169993
0.29892,5.9169993
0.29892498,5.9169993
0.29893,5.9169993
0.298935,5.9169993
0.29894,5.9169993
0.29894498,5.9169993
0.29895,5.9169993
0.298955,5.9169993
0.29896,5.9169993
0.298965,5.9169993
0.29896998,5.9169993
0.298975,5.9169993
0.29898,5.9169993
0.298985,5.9169993
0.29898998,5.9169993
0.298995,5.9169993
0.299,5.9169993
0.299005,5.9169993
0.29900998,5.9169993
0.299015,5.9169993
0.29902,5.9169993
0.299025,5.9169993
0.29903,5.9169993
0.29903498,5.9169993
0.29904,5.9169993
0.299045,5.9169993
0.29905,5.9169993
0.29905498,5.9169993
0.29906,5.9169993
0.299065,5.9169993
0.29907,5.9169993
0.29907498,5.9169993
0.29907998,5.9169993
0.299085,5.9169993
0.29909,5.9169993
0.299095,5.9169993
0.29909998,5.9169993
0.299105,5.9169993
0.29911,5.9169993
0.299115,5.9169993
0.29911998,5.9169993
0.299125,5.9169993
0.29913,5.9169993
0.299135,5.9169993
0.29914,5.9169993
0.29914498,5.9169993
0.29915,5.9169993
0.299155,5.9169993
0.29916,5.9169993
0.29916498,5.9169993
0.29917,5.9169993
0.299175,5.9169993
0.29918,5.9169993
0.29918498,5.9169993
0.29918998,5.9169993
0.299195,5.9169993
0.2992,5.9169993
0.299205,5.9169993
0.29920998,5.9169993
0.299215,5.9169993
0.29922,5.9169993
0.299225,0.60039186
0.29922998,0.27677202
0.299235,0.27677202
0.29924,0.23054075
0.299245,0.23054075
0.29925,0.184309
0.29925498,0.184309
0.29926,0.184309
0.299265,0.184309
0.29927,0.13807821
0.29927498,0.13807821
0.29928,0.13807821
0.299285,0.13807821
0.29929,0.13807821
0.29929498,0.13807821
0.2993,0.13807821
0.299305,0.13807821
0.29931,0.13807821
0.299315,0.13807821
0.29931998,0.13807821
0.299325,0.13807821
0.29933,0.13807821
0.299335,0.13807821
0.29933998,0.13807821
0.299345,0.13807821
0.29935,0.13807821
0.299355,0.13807821
0.29936,0.13807821
0.29936498,0.13807821
0.29937,0.13807821
0.299375,0.13807821
0.29938,0.13807821
0.29938498,0.13807821
0.29939,0.13807821
0.299395,0.13807821
0.2994,0.13807821
0.29940498,0.13807821
0.29941,0.13807821
0.299415,0.13807821
0.29942,0.13807821
0.299425,0.13807821
0.29942998,0.13807821
0.299435,0.13807821
0.29944,0.13807821
0.299445,0.13807821
0.29944998,0.13807821
0.299455,0.13807821
0.29946,0.13807821
0.299465,0.13807821
0.29946998,0.13807821
0.29947498,0.13807821
0.29948,0.13807821
0.299485,0.13807821
0.29949,0.13807821
0.29949498,0.13807821
0.2995,0.13807821
0.299505,0.13807821
0.29951,0.13807821
0.29951498,0.13807821
0.29952,0.13807821
0.299525,0.13807821
0.29953,0.13807821
0.299535,0.13807821
0.29953998,0.13807821
0.299545,0.13807821
0.29955,0.13807821
0.299555,0.13807821
0.29955998,0.13807821
0.299565,0.13807821
0.29957,0.13807821
0.299575,0.13807821
0.29957998,0.13807821
0.29958498,0.13807821
0.29959,0.13807821
0.299595,0.13807821
0.2996,0.13807821
0.29960498,0.13807821
0.29961,0.13807821
0.299615,0.13807821
0.29962,0.13807821
0.29962498,0.13807821
0.29963,0.13807821
0.299635,0.13807821
0.29964,0.13807821
0.299645,0.13807821
0.29964998,0.13807821
0.299655,0.13807821
0.29966,0.13807821
0.299665,0.13807821
0.29966998,0.13807821
0.299675,0.13807821
0.29968,0.13807821
0.299685,0.13807821
0.29968998,0.13807821
0.299695,0.13807821
0.2997,0.13807821
0.299705,0.13807821
0.29971,0.13807821
0.29971498,0.13807821
0.29972,0.13807821
0.299725,0.13807821
0.29973,0.13807821
0.29973498,0.13807821
0.29974,0.13807821
0.299745,0.13807821
0.29975,0.13807821
0.299755,0.13807821
0.29975998,0.13807821
0.299765,0.13807821
0.29977,0.13807821
0.299775,0.13807821
0.29977998,0.13807821
0.299785,0.13807821
0.29979,0.13807821
0.299795,0.13807821
0.29979998,0.13807821
0.299805,0.13807821
0.29981,0.13807821
0.299815,0.13807821
0.29982,0.13807821
0.29982498,0.13807821
0.29983,0.13807821
0.299835,0.13807821
0.29984,0.13807821
0.29984498,0.13807821
0.29985,0.13807821
0.299855,0.13807821
0.29986,0.13807821
0.29986498,0.13807821
0.29986998,0.13807821
0.299875,0.13807821
0.29988,0.13807821
0.299885,0.13807821
0.29988998,0.13807821
0.299895,0.13807821
0.2999,0.13807821
0.299905,0.13807821
0.29990998,0.13807821
0.299915,0.13807821
0.29992,0.13807821
0.299925,0.13807821
0.29993,0.13807821
0.29993498,0.13807821
0.29994,0.13807821
0.299945,0.13807821
0.29995,3.2818112
0.29995498,5.9169993
0.29996,5.9169993
0.299965,5.9169993
0.29997,5.9169993
0.29997498,5.9169993
0.29997998,5.9169993
0.299985,5.9169993
0.29999,5.9169993
0.299995,5.9169993
0.29999998,5.9169993
0.300005,5.9169993
0.30001,5.9169993
0.300015,5.9169993
0.30001998,5.9169993
0.300025,5.9169993
0.30003,5.9169993
0.300035,5.9169993
0.30004,5.9169993
0.30004498,5.9169993
0.30005,5.9169993
0.300055,5.9169993
0.30006,5.9169993
0.30006498,5.9169993
0.30007,5.9169993
0.300075,5.9169993
0.30008,5.9169993
0.30008498,5.9169993
0.30009,5.9169993
0.300095,5.9169993
0.3001,5.9169993
0.300105,5.9169993
0.30010998,5.9169993
0.300115,5.9169993
0.30012,5.9169993
0.300125,5.9169993
0.30012998,5.9169993
0.300135,5.9169993
0.30014,5.9169993
0.300145,5.9169993
0.30015,5.9169993
0.30015498,5.9169993
0.30016,5.9169993
0.300165,5.9169993
0.30017,5.9169993
0.30017498,5.9169993
0.30018,5.9169993
0.300185,5.9169993
0.30019,5.9169993
0.30019498,5.9169993
0.3002,5.9169993
0.300205,5.9169993
0.30021,5.9169993
0.300215,5.9169993
0.30021998,5.9169993
0.300225,5.9169993
0.30023,5.9169993
0.300235,5.9169993
0.30023998,5.9169993
0.300245,5.9169993
0.30025,5.9169993
0.300255,5.9169993
0.30025998,5.9169993
0.30026498,5.9169993
0.30027,5.9169993
0.300275,5.9169993
0.30028,5.9169993
0.30028498,5.9169993
0.30029,5.9169993
0.300295,5.9169993
0.3003,5.9169993
0.30030498,5.9169993
0.30031,5.9169993
0.300315,5.9169993
0.30032,5.9169993
0.300325,5.9169993
0.30032998,5.9169993
0.300335,5.9169993
0.30034,5.9169993
0.300345,5.9169993
0.30034998,5.9169993
0.300355,5.9169993
0.30036,5.9169993
0.300365,5.9169993
0.30036998,5.9169993
0.30037498,5.9169993
0.30038,5.9169993
0.300385,5.9169993
0.30039,5.9169993
0.30039498,5.9169993
0.3004,5.9169993
0.300405,5.9169993
0.30041,5.9169993
0.30041498,5.9169993
0.30042,5.9169993
0.300425,5.9169993
0.30043,5.9169993
0.300435,5.9169993
0.30043998,5.9169993
0.300445,5.9169993
0.30045,5.9169993
0.300455,5.9169993
0.30045998,5.9169993
0.300465,5.9169993
0.30047,5.9169993
0.300475,5.9169993
0.30047998,5.9169993
0.300485,5.9169993
0.30049,5.9169993
0.300495,5.9169993
0.3005,5.9169993
0.30050498,5.9169993
0.30051,5.9169993
0.300515,5.9169993
0.30052,5.9169993
0.30052498,5.9169993
0.30053,5.9169993
0.300535,5.9169993
0.30054,5.9169993
0.300545,5.9169993
0.30054998,5.9169993
0.300555,5.9169993
0.30056,5.9169993
0.300565,5.9169993
0.30056998,5.9169993
0.300575,5.9169993
0.30058,5.9169993
0.300585,5.9169993
0.30058998,5.9169993
0.300595,5.9169993
0.3006,5.9169993
0.300605,5.9169993
0.30061,5.9169993
0.30061498,5.9169993
0.30062,5.9169993
0.300625,5.9169993
0.30063,5.9169993
0.30063498,5.9169993
0.30064,5.9169993
0.300645,5.9169993
0.30065,5.9169993
0.30065498,5.9169993
0.30065998,5.9169993
0.300665,5.9169993
0.30067,5.9169993
0.300675,5.9169993
0.30067998,5.9169993
0.300685,5.9169993
0.30069,5.9169993
0.300695,5.9169993
0.30069998,5.9169993
0.300705,5.9169993
0.30071,5.9169993
0.300715,5.9169993
0.30072,5.9169993
0.30072498,5.9169993
0.30073,5.9169993
0.300735,5.9169993
0.30074,5.9169993
0.30074498,5.9169993
0.30075,5.9169993
0.300755,5.9169993
0.30076,5.9169993
0.30076498,5.9169993
0.30076998,5.9169993
0.300775,5.9169993
0.30078,5.9169993
0.300785,5.9169993
0.30078998,5.9169993
0.300795,5.9169993
0.3008,5.9169993
0.300805,5.9169993
0.30080998,5.9169993
0.300815,5.9169993
0.30082,5.9169993
0.300825,5.9169993
0.30083,5.9169993
0.30083498,5.9169993
0.30084,5.9169993
0.300845,5.9169993
0.30085,5.9169993
0.30085498,5.9169993
0.30086,5.9169993
0.300865,5.9169993
0.30087,5.9169993
0.30087498,5.9169993
0.30087999,5.9169993
0.300885,5.9169993
0.30089,5.9169993
0.300895,5.9169993
0.30089998,5.9169993
0.300905,5.9169993
0.30091,5.9169993
0.300915,5.9169993
0.30091998,5.9169993
0.300925,5.9169993
0.30093,5.9169993
0.300935,5.9169993
0.30094,5.9169993
0.30094498,5.9169993
0.30095,5.9169993
0.300955,5.9169993
0.30096,5.9169993
0.30096498,5.9169993
0.30097,5.9169993
0.300975,5.9169993
0.30098,5.9169993
0.30098498,5.9169993
0.30099,5.9169993
0.300995,5.9169993
0.301,5.9169993
0.301005,5.9169993
0.30100998,5.9169993
0.301015,5.9169993
0.30102,5.9169993
0.301025,5.9169993
0.30102998,5.9169993
0.301035,5.9169993
0.30104,5.9169993
0.301045,5.9169993
0.30104998,5.9169993
0.30105498,5.9169993
0.30106,5.9169993
0.301065,5.9169993
0.30107,5.9169993
0.30107498,5.9169993
0.30108,5.9169993
0.301085,5.9169993
0.30109,5.9169993
0.30109498,5.9169993
0.3011,5.9169993
0.301105,5.9169993
0.30111,5.9169993
0.301115,5.9169993
0.30111998,5.9169993
0.301125,5.9169993
0.30113,5.9169993
0.301135,5.9169993
0.30113998,5.9169993
0.301145,5.9169993
0.30115,5.9169993
0.301155,5.9169993
0.30115998,5.9169993
0.30116498,5.9169993
0.30117,5.9169993
0.301175,5.9169993
0.30118,5.9169993
0.30118498,5.9169993
0.30119,5.9169993
0.301195,5.9169993
0.3012,5.9169993
0.30120498,5.9169993
0.30121,5.9169993
0.301215,5.9169993
0.30122,5.9169993
0.301225,5.9169993
0.30122998,5.9169993
0.301235,5.9169993
0.30124,5.9169993
0.301245,5.9169993
0.30124998,5.9169993
0.301255,5.9169993
0.30126,5.9169993
0.301265,5.9169993
0.30126998,5.9169993
0.30127499,5.9169993
0.30128,5.9169993
0.301285,5.9169993
0.30129,5.9169993
0.30129498,5.9169993
0.3013,5.9169993
0.301305,5.9169993
0.30131,5.9169993
0.30131498,5.9169993
0.30132,5.9169993
0.301325,5.9169993
0.30133,5.9169993
0.301335,5.9169993
0.30133998,5.9169993
0.301345,5.9169993
0.30135,5.9169993
0.301355,5.9169993
0.30135998,5.9169993
0.301365,5.9169993
0.30137,5.9169993
0.301375,5.9169993
0.30137998,5.9169993
0.301385,5.9169993
0.30139,5.9169993
0.301395,5.9169993
0.3014,5.9169993
0.30140498,5.9169993
0.30141,5.9169993
0.301415,5.9169993
0.30142,5.9169993
0.30142498,5.9169993
0.30143,5.9169993
0.301435,5.9169993
0.30144,5.9169993
0.30144498,5.9169993
0.30144998,5.9169993
0.301455,5.9169993
0.30146,5.9169993
0.301465,5.0848346
0.30146998,0.3230033
0.301475,0.27677202
0.30148,0.23054075
0.301485,0.23054075
0.30148998,0.23054075
0.301495,0.184309
0.3015,0.184309
0.301505,0.184309
0.30151,0.184309
0.30151498,0.13807821
0.30152,0.13807821
0.301525,0.13807821
0.30153,0.13807821
0.30153498,0.13807821
0.30154,0.13807821
0.301545,0.13807821
0.30155,0.13807821
0.30155498,0.13807821
0.30155998,0.13807821
0.301565,0.13807821
0.30157,0.13807821
0.301575,0.13807821
0.30157998,0.13807821
0.301585,0.13807821
0.30159,0.13807821
0.301595,0.13807821
0.30159998,0.13807821
0.301605,0.13807821
0.30161,0.13807821
0.301615,0.13807821
0.30162,0.13807821
0.30162498,0.13807821
0.30163,0.13807821
0.301635,0.13807821
0.30164,0.13807821
0.30164498,0.13807821
0.30165,0.13807821
0.301655,0.13807821
0.30166,0.13807821
0.30166498,0.13807821
0.30166999,0.13807821
0.301675,0.13807821
0.30168,0.13807821
0.301685,0.13807821
0.30168998,0.13807821
0.301695,0.13807821
0.3017,0.13807821
0.301705,0.13807821
0.30170998,0.13807821
0.301715,0.13807821
0.30172,0.13807821
0.301725,0.13807821
0.30173,0.13807821
0.30173498,0.13807821
0.30174,0.13807821
0.301745,0.13807821
0.30175,0.13807821
0.30175498,0.13807821
0.30176,0.13807821
0.301765,0.13807821
0.30177,0.13807821
0.30177498,0.13807821
0.30178,0.13807821
0.301785,0.13807821
0.30179,0.13807821
0.301795,0.13807821
0.30179998,0.13807821
0.301805,0.13807821
0.30181,0.13807821
0.301815,0.13807821
0.30181998,0.13807821
0.301825,0.13807821
0.30183,0.13807821
0.301835,0.13807821
0.30183998,0.13807821
0.30184498,0.13807821
0.30185,0.13807821
0.301855,0.13807821
0.30186,0.13807821
0.30186498,0.13807821
0.30187,0.13807821
0.301875,0.13807821
0.30188,0.13807821
0.30188498,0.13807821
0.30189,0.13807821
0.301895,0.13807821
0.3019,0.13807821
0.301905,0.13807821
0.30190998,0.13807821
0.301915,0.13807821
0.30192,0.13807821
0.301925,0.13807821
0.30192998,0.13807821
0.301935,0.13807821
0.30194,0.13807821
0.301945,0.13807821
0.30194998,0.13807821
0.30195498,0.13807821
0.30196,0.13807821
0.301965,0.13807821
0.30197,0.13807821
0.30197498,0.13807821
0.30198,0.13807821
0.301985,0.13807821
0.30199,0.13807821
0.30199498,0.13807821
0.302,0.13807821
0.302005,0.13807821
0.30201,0.13807821
0.302015,0.13807821
0.30201998,0.13807821
0.302025,0.13807821
0.30203,0.13807821
0.302035,0.13807821
0.30203998,0.13807821
0.302045,0.13807821
0.30205,0.13807821
0.302055,0.13807821
0.30205998,0.13807821
0.30206499,0.13807821
0.30207,0.13807821
0.302075,0.13807821
0.30208,0.13807821
0.30208498,0.13807821
0.30209,0.13807821
0.302095,0.13807821
0.3021,0.13807821
0.30210498,0.87777996
0.30211,5.824537
0.302115,5.9169993
0.30212,5.9169993
0.302125,5.9169993
0.30212998,5.9169993
0.302135,5.9169993
0.30214,5.9169993
0.302145,5.9169993
0.30214998,5.9169993
0.302155,5.9169993
0.30216,5.9169993
0.302165,5.9169993
0.30216998,5.9169993
0.302175,5.9169993
0.30218,5.9169993
0.302185,5.9169993
0.30219,5.9169993
0.30219498,5.9169993
0.3022,5.9169993
0.302205,5.9169993
0.30221,5.9169993
0.30221498,5.9169993
0.30222,5.9169993
0.302225,5.9169993
0.30223,5.9169993
0.30223498,5.9169993
0.30223998,5.9169993
0.302245,5.9169993
0.30225,5.9169993
0.302255,5.9169993
0.30225998,5.9169993
0.302265,5.9169993
0.30227,5.9169993
0.302275,5.9169993
0.30227998,5.9169993
0.302285,5.9169993
0.30229,5.9169993
0.302295,5.9169993
0.3023,5.9169993
0.30230498,5.9169993
0.30231,5.9169993
0.302315,5.9169993
0.30232,5.9169993
0.30232498,5.9169993
0.30233,5.9169993
0.302335,5.9169993
0.30234,5.9169993
0.30234498,5.9169993
0.30234998,5.9169993
0.302355,5.9169993
0.30236,5.9169993
0.302365,5.9169993
0.30236998,5.9169993
0.302375,5.9169993
0.30238,5.9169993
0.302385,5.9169993
0.30238998,5.9169993
0.302395,5.9169993
0.3024,5.9169993
0.302405,5.9169993
0.30241,5.9169993
0.30241498,5.9169993
0.30242,5.9169993
0.302425,5.9169993
0.30243,5.9169993
0.30243498,5.9169993
0.30244,5.9169993
0.302445,5.9169993
0.30245,5.9169993
0.30245498,5.9169993
0.30245999,5.9169993
0.302465,5.9169993
0.30247,5.9169993
0.302475,5.9169993
0.30247998,5.9169993
0.302485,5.9169993
0.30249,5.9169993
0.302495,5.9169993
0.30249998,5.9169993
0.302505,5.9169993
0.30251,5.9169993
0.302515,5.9169993
0.30252,5.9169993
0.30252498,5.9169993
0.30253,5.9169993
0.302535,5.9169993
0.30254,5.9169993
0.30254498,5.9169993
0.30255,5.9169993
0.302555,5.9169993
0.30256,5.9169993
0.30256498,5.9169993
0.30257,5.9169993
0.302575,5.9169993
0.30258,5.9169993
0.302585,5.9169993
0.30258998,5.9169993
0.302595,5.9169993
0.3026,5.9169993
0.302605,5.9169993
0.30260998,5.9169993
0.302615,5.9169993
0.30262,5.9169993
0.302625,5.9169993
0.30262998,5.9169993
0.30263498,5.9169993
0.30264,5.9169993
0.302645,5.9169993
0.30265,5.9169993
0.30265498,5.9169993
0.30266,5.9169993
0.302665,5.9169993
0.30267,5.9169993
0.30267498,5.9169993
0.30268,5.9169993
0.302685,5.9169993
0.30269,5.9169993
0.302695,5.9169993
0.30269998,5.9169993
0.302705,5.9169993
0.30271,5.9169993
0.302715,5.9169993
0.30271998,5.9169993
0.302725,5.9169993
0.30273,5.9169993
0.302735,5.9169993
0.30273998,5.9169993
0.30274498,5.9169993
0.30275,5.9169993
0.302755,5.9169993
0.30276,5.9169993
0.30276498,5.9169993
0.30277,5.9169993
0.302775,5.9169993
0.30278,5.9169993
0.30278498,5.9169993
0.30279,5.9169993
0.302795,5.9169993
0.3028,5.9169993
0.302805,5.9169993
0.30280998,5.9169993
0.302815,5.9169993
0.30282,5.9169993
0.302825,5.9169993
0.30282998,5.9169993
0.302835,5.9169993
0.30284,5.9169993
0.302845,5.9169993
0.30284998,5.9169993
0.30285498,5.9169993
0.30286,5.9169993
0.302865,5.9169993
0.30287,5.9169993
0.30287498,5.9169993
0.30288,5.9169993
0.302885,5.9169993
0.30289,5.9169993
0.30289498,5.9169993
0.3029,5.9169993
0.302905,5.9169993
0.30291,5.9169993
0.302915,5.9169993
0.30291998,5.9169993
0.302925,5.9169993
0.30293,5.9169993
0.302935,5.9169993
0.30293998,5.9169993
0.302945,5.9169993
0.30295,5.9169993
0.302955,5.9169993
0.30295998,5.9169993
0.302965,5.9169993
0.30297,5.9169993
0.302975,5.9169993
0.30298,5.9169993
0.30298498,5.9169993
0.30299,5.9169993
0.302995,5.9169993
0.303,5.9169993
0.30300498,5.9169993
0.30301,5.9169993
0.303015,5.9169993
0.30302,5.9169993
0.30302498,5.9169993
0.30302998,5.9169993
0.303035,5.9169993
0.30304,5.9169993
0.303045,5.9169993
0.30304998,5.9169993
0.303055,5.9169993
0.30306,5.9169993
0.303065,5.9169993
0.30306998,5.9169993
0.303075,5.9169993
0.30308,5.9169993
0.303085,5.9169993
0.30309,5.9169993
0.30309498,5.9169993
0.3031,5.9169993
0.303105,5.9169993
0.30311,5.9169993
0.30311498,5.9169993
0.30312,5.9169993
0.303125,5.9169993
0.30313,5.9169993
0.30313498,5.9169993
0.30313998,5.9169993
0.303145,5.9169993
0.30315,5.9169993
0.303155,5.9169993
0.30315998,5.9169993
0.303165,5.9169993
0.30317,5.9169993
0.303175,5.9169993
0.30317998,5.9169993
0.303185,5.9169993
0.30319,5.9169993
0.303195,5.9169993
0.3032,5.9169993
0.30320498,5.9169993
0.30321,5.9169993
0.303215,5.9169993
0.30322,5.9169993
0.30322498,5.9169993
0.30323,5.9169993
0.303235,5.9169993
0.30324,5.9169993
0.30324498,5.9169993
0.30324998,5.9169993
0.303255,5.9169993
0.30326,5.9169993
0.303265,5.9169993
0.30326998,5.9169993
0.303275,5.9169993
0.30328,5.9169993
0.303285,5.9169993
0.30328998,5.9169993
0.303295,5.9169993
0.3033,5.9169993
0.303305,5.9169993
0.30331,5.9169993
0.30331498,5.9169993
0.30332,5.9169993
0.303325,5.9169993
0.30333,5.9169993
0.30333498,5.9169993
0.30334,5.9169993
0.303345,5.9169993
0.30335,5.9169993
0.30335498,5.9169993
0.30336,5.9169993
0.303365,5.9169993
0.30337,5.9169993
0.303375,5.9169993
0.30337998,5.9169993
0.303385,5.9169993
0.30339,5.9169993
0.303395,5.9169993
0.30339998,5.9169993
0.303405,5.9169993
0.30341,5.9169993
0.303415,5.9169993
0.30342,5.9169993
0.30342498,5.9169993
0.30343,5.9169993
0.303435,5.9169993
0.30344,5.9169993
0.30344498,5.9169993
0.30345,5.9169993
0.303455,5.9169993
0.30346,5.9169993
0.30346498,5.9169993
0.30347,5.9169993
0.303475,5.9169993
0.30348,5.9169993
0.303485,5.9169993
0.30348998,5.9169993
0.303495,5.9169993
0.3035,5.9169993
0.303505,5.9169993
0.30350998,5.9169993
0.303515,5.9169993
0.30352,5.9169993
0.303525,5.9169993
0.30352998,5.9169993
0.30353498,5.9169993
0.30354,5.9169993
0.303545,5.9169993
0.30355,5.9169993
0.30355498,5.9169993
0.30356,5.9169993
0.303565,5.9169993
0.30357,5.9169993
0.30357498,5.9169993
0.30358,5.9169993
0.303585,5.9169993
0.30359,5.9169993
0.303595,5.9169993
0.30359998,5.9169993
0.303605,5.9169993
0.30361,5.9169993
0.303615,5.9169993
0.30361998,5.9169993
0.303625,5.9169993
0.30363,5.9169993
0.303635,5.9169993
0.30363998,5.9169993
0.30364498,5.9169993
0.30365,5.9169993
0.303655,5.9169993
0.30366,5.9169993
0.30366498,5.9169993
0.30367,5.9169993
0.303675,5.9169993
0.30368,5.9169993
0.30368498,5.9169993
0.30369,5.9169993
0.303695,5.9169993
0.3037,5.9169993
0.303705,5.9169993
0.30370998,5.9169993
0.303715,5.9169993
0.30372,0.60039186
0.303725,0.27677202
0.30372998,0.27677202
0.303735,0.23054075
0.30374,0.23054075
0.303745,0.184309
0.30374998,0.184309
0.303755,0.184309
0.30376,0.184309
0.303765,0.13807821
0.30377,0.13807821
0.30377498,0.13807821
0.30378,0.13807821
0.303785,0.13807821
0.30379,0.13807821
0.30379498,0.13807821
0.3038,0.13807821
0.303805,0.13807821
0.30381,0.13807821
0.303815,0.13807821
0.30381998,0.13807821
0.303825,0.13807821
0.30383,0.13807821
0.303835,0.13807821
0.30383998,0.13807821
0.303845,0.13807821
0.30385,0.13807821
0.303855,0.13807821
0.30385998,0.13807821
0.303865,0.13807821
0.30387,0.13807821
0.303875,0.13807821
0.30388,0.13807821
0.30388498,0.13807821
0.30389,0.13807821
0.303895,0.13807821
0.3039,0.13807821
0.30390498,0.13807821
0.30391,0.13807821
0.303915,0.13807821
0.30392,0.13807821
0.30392498,0.13807821
0.30392998,0.13807821
0.303935,0.13807821
0.30394,0.13807821
0.303945,0.13807821
0.30394998,0.13807821
0.303955,0.13807821
0.30396,0.13807821
0.303965,0.13807821
0.30396998,0.13807821
0.303975,0.13807821
0.30398,0.13807821
0.303985,0.13807821
0.30399,0.13807821
0.30399498,0.13807821
0.304,0.13807821
0.304005,0.13807821
0.30401,0.13807821
0.30401498,0.13807821
0.30402,0.13807821
0.304025,0.13807821
0.30403,0.13807821
0.30403498,0.13807821
0.30403998,0.13807821
0.304045,0.13807821
0.30405,0.13807821
0.304055,0.13807821
0.30405998,0.13807821
0.304065,0.13807821
0.30407,0.13807821
0.304075,0.13807821
0.30407998,0.13807821
0.304085,0.13807821
0.30409,0.13807821
0.304095,0.13807821
0.3041,0.13807821
0.30410498,0.13807821
0.30411,0.13807821
0.304115,0.13807821
0.30412,0.13807821
0.30412498,0.13807821
0.30413,0.13807821
0.304135,0.13807821
0.30414,0.13807821
0.30414498,0.13807821
0.30415,0.13807821
0.304155,0.13807821
0.30416,0.13807821
0.304165,0.13807821
0.30416998,0.13807821
0.304175,0.13807821
0.30418,0.13807821
0.304185,0.13807821
0.30418998,0.13807821
0.304195,0.13807821
0.3042,0.13807821
0.304205,0.13807821
0.30421,0.13807821
0.30421498,0.13807821
0.30422,0.13807821
0.304225,0.13807821
0.30423,0.13807821
0.30423498,0.13807821
0.30424,0.13807821
0.304245,0.13807821
0.30425,0.13807821
0.30425498,0.13807821
0.30426,0.13807821
0.304265,0.13807821
0.30427,0.13807821
0.304275,0.13807821
0.30427998,0.13807821
0.304285,0.13807821
0.30429,0.13807821
0.304295,0.13807821
0.30429998,0.13807821
0.304305,0.13807821
0.30431,0.13807821
0.304315,0.13807821
0.30431998,0.13807821
0.30432498,0.13807821
0.30433,0.13807821
0.304335,5.685843
0.30434,5.9169993
0.30434498,5.9169993
0.30435,5.9169993
0.304355,5.9169993
0.30436,5.9169993
0.30436498,5.9169993
0.30437,5.9169993
0.304375,5.9169993
0.30438,5.9169993
0.304385,5.9169993
0.30438998,5.9169993
0.304395,5.9169993
0.3044,5.9169993
0.304405,5.9169993
0.30440998,5.9169993
0.304415,5.9169993
0.30442,5.9169993
0.304425,5.9169993
0.30442998,5.9169993
0.30443498,5.9169993
0.30444,5.9169993
0.304445,5.9169993
0.30445,5.9169993
0.30445498,5.9169993
0.30446,5.9169993
0.304465,5.9169993
0.30447,5.9169993
0.30447498,5.9169993
0.30448,5.9169993
0.304485,5.9169993
0.30449,5.9169993
0.304495,5.9169993
0.30449998,5.9169993
0.304505,5.9169993
0.30451,5.9169993
0.304515,5.9169993
0.30451998,5.9169993
0.304525,5.9169993
0.30453,5.9169993
0.304535,5.9169993
0.30453998,5.9169993
0.304545,5.9169993
0.30455,5.9169993
0.304555,5.9169993
0.30456,5.9169993
0.30456498,5.9169993
0.30457,5.9169993
0.304575,5.9169993
0.30458,5.9169993
0.30458498,5.9169993
0.30459,5.9169993
0.304595,5.9169993
0.3046,5.9169993
0.304605,5.9169993
0.30460998,5.9169993
0.304615,5.9169993
0.30462,5.9169993
0.304625,5.9169993
0.30462998,5.9169993
0.304635,5.9169993
0.30464,5.9169993
0.304645,5.9169993
0.30464998,5.9169993
0.304655,5.9169993
0.30466,5.9169993
0.304665,5.9169993
0.30467,5.9169993
0.30467498,5.9169993
0.30468,5.9169993
0.304685,5.9169993
0.30469,5.9169993
0.30469498,5.9169993
0.3047,5.9169993
0.304705,5.9169993
0.30471,5.9169993
0.30471498,5.9169993
0.30471998,5.9169993
0.304725,5.9169993
0.30473,5.9169993
0.304735,5.9169993
0.30473998,5.9169993
0.304745,5.9169993
0.30475,5.9169993
0.304755,5.9169993
0.30475998,5.9169993
0.304765,5.9169993
0.30477,5.9169993
0.304775,5.9169993
0.30478,5.9169993
0.30478498,5.9169993
0.30479,5.9169993
0.304795,5.9169993
0.3048,5.9169993
0.30480498,5.9169993
0.30481,5.9169993
0.304815,5.9169993
0.30482,5.9169993
0.30482498,5.9169993
0.30482998,5.9169993
0.304835,5.9169993
0.30484,5.9169993
0.304845,5.9169993
0.30484998,5.9169993
0.304855,5.9169993
0.30486,5.9169993
0.304865,5.9169993
0.30486998,5.9169993
0.304875,5.9169993
0.30488,5.9169993
0.304885,5.9169993
0.30489,5.9169993
0.30489498,5.9169993
0.3049,5.9169993
0.304905,5.9169993
0.30491,5.9169993
0.30491498,5.9169993
0.30492,5.9169993
0.304925,5.9169993
0.30493,5.9169993
0.30493498,5.9169993
0.30494,5.9169993
0.304945,5.9169993
0.30495,5.9169993
0.304955,5.9169993
0.30495998,5.9169993
0.304965,5.9169993
0.30497,5.9169993
0.304975,5.9169993
0.30497998,5.9169993
0.304985,5.9169993
0.30499,5.9169993
0.304995,5.9169993
0.305,5.9169993
0.30500498,5.9169993
0.30501,5.9169993
0.305015,5.9169993
0.30502,5.9169993
0.30502498,5.9169993
0.30503,5.9169993
0.305035,5.9169993
0.30504,5.9169993
0.30504498,5.9169993
0.30505,5.9169993
0.305055,5.9169993
0.30506,5.9169993
0.305065,5.9169993
0.30506998,5.9169993
0.305075,5.9169993
0.30508,5.9169993
0.305085,5.9169993
0.30508998,5.9169993
0.305095,5.9169993
0.3051,5.9169993
0.305105,5.9169993
0.30510998,5.9169993
0.30511498,5.9169993
0.30512,5.9169993
0.305125,5.9169993
0.30513,5.9169993
0.30513498,5.9169993
0.30514,5.9169993
0.305145,5.9169993
0.30515,5.9169993
0.30515498,5.9169993
0.30516,5.9169993
0.305165,5.9169993
0.30517,5.9169993
0.305175,5.9169993
0.30517998,5.9169993
0.305185,5.9169993
0.30519,5.9169993
0.305195,5.9169993
0.30519998,5.9169993
0.305205,5.9169993
0.30521,5.9169993
0.305215,5.9169993
0.30521998,5.9169993
0.30522498,5.9169993
0.30523,5.9169993
0.305235,5.9169993
0.30524,5.9169993
0.30524498,5.9169993
0.30525,5.9169993
0.305255,5.9169993
0.30526,5.9169993
0.30526498,5.9169993
0.30527,5.9169993
0.305275,5.9169993
0.30528,5.9169993
0.305285,5.9169993
0.30528998,5.9169993
0.305295,5.9169993
0.3053,5.9169993
0.305305,5.9169993
0.30530998,5.9169993
0.305315,5.9169993
0.30532,5.9169993
0.305325,5.9169993
0.30532998,5.9169993
0.305335,5.9169993
0.30534,5.9169993
0.305345,5.9169993
0.30535,5.9169993
0.30535498,5.9169993
0.30536,5.9169993
0.305365,5.9169993
0.30537,5.9169993
0.30537498,5.9169993
0.30538,5.9169993
0.305385,5.9169993
0.30539,5.9169993
0.305395,5.9169993
0.30539998,5.9169993
0.305405,5.9169993
0.30541,5.9169993
0.305415,5.9169993
0.30541998,5.9169993
0.305425,5.9169993
0.30543,5.9169993
0.305435,5.9169993
0.30543998,5.9169993
0.305445,5.9169993
0.30545,5.9169993
0.305455,5.9169993
0.30546,5.9169993
0.30546498,5.9169993
0.30547,5.9169993
0.305475,5.9169993
0.30548,5.9169993
0.30548498,5.9169993
0.30549,5.9169993
0.305495,5.9169993
0.3055,5.9169993
0.30550498,5.9169993
0.30550998,5.9169993
0.305515,5.9169993
0.30552,5.9169993
0.305525,5.9169993
0.30552998,5.9169993
0.305535,5.9169993
0.30554,5.9169993
0.305545,5.9169993
0.30554998,5.9169993
0.305555,5.9169993
0.30556,5.9169993
0.305565,5.9169993
0.30557,5.9169993
0.30557498,5.9169993
0.30558,5.9169993
0.305585,5.9169993
0.30559,5.9169993
0.30559498,5.9169993
0.3056,5.9169993
0.305605,5.9169993
0.30561,5.9169993
0.30561498,5.9169993
0.30561998,5.9169993
0.305625,5.9169993
0.30563,5.9169993
0.305635,5.9169993
0.30563998,5.9169993
0.305645,5.9169993
0.30565,5.9169993
0.305655,5.9169993
0.30565998,5.9169993
0.305665,5.9169993
0.30567,5.9169993
0.305675,5.9169993
0.30568,5.9169993
0.30568498,5.9169993
0.30569,5.9169993
0.305695,5.9169993
0.3057,5.9169993
0.30570498,5.9169993
0.30571,5.9169993
0.305715,5.9169993
0.30572,5.9169993
0.30572498,5.9169993
0.30573,5.9169993
0.305735,5.9169993
0.30574,5.9169993
0.305745,5.9169993
0.30574998,5.9169993
0.305755,5.9169993
0.30576,5.9169993
0.305765,5.9169993
0.30576998,5.9169993
0.305775,5.9169993
0.30578,5.9169993
0.305785,5.9169993
0.30579,5.9169993
0.30579498,5.9169993
0.3058,5.9169993
0.305805,5.9169993
0.30581,5.9169993
0.30581498,5.9169993
0.30582,5.9169993
0.305825,5.9169993
0.30583,5.9169993
0.30583498,5.9169993
0.30584,5.9169993
0.305845,5.9169993
0.30585,5.9169993
0.305855,5.9169993
0.30585998,5.9169993
0.305865,5.9169993
0.30587,5.9169993
0.305875,5.9169993
0.30587998,5.9169993
0.305885,5.9169993
0.30589,5.9169993
0.305895,5.9169993
0.30589998,5.9169993
0.30590498,5.9169993
0.30591,5.9169993
0.305915,5.9169993
0.30592,5.9169993
0.30592498,5.9169993
0.30593,5.9169993
0.305935,5.9169993
0.30594,5.9169993
0.30594498,5.9169993
0.30595,5.9169993
0.305955,5.9169993
0.30596,5.9169993
0.305965,0.3230033
0.30596998,0.27677202
0.305975,0.27677202
0.30598,0.23054075
0.305985,0.23054075
0.30598998,0.184309
0.305995,0.184309
0.306,0.184309
0.306005,0.184309
0.30600998,0.13807821
0.30601498,0.13807821
0.30602,0.13807821
0.306025,0.13807821
0.30603,0.13807821
0.30603498,0.13807821
0.30604,0.13807821
0.306045,0.13807821
0.30605,0.13807821
0.30605498,0.13807821
0.30606,0.13807821
0.306065,0.13807821
0.30607,0.13807821
0.306075,0.13807821
0.30607998,0.13807821
0.306085,0.13807821
0.30609,0.13807821
0.306095,0.13807821
0.30609998,0.13807821
0.306105,0.13807821
0.30611,0.13807821
0.306115,0.13807821
0.30611998,0.13807821
0.306125,0.13807821
0.30613,0.13807821
0.306135,0.13807821
0.30614,0.13807821
0.30614498,0.13807821
0.30615,0.13807821
0.306155,0.13807821
0.30616,0.13807821
0.30616498,0.13807821
0.30617,0.13807821
0.306175,0.13807821
0.30618,0.13807821
0.306185,0.13807821
0.30618998,0.13807821
0.306195,0.13807821
0.3062,0.13807821
0.306205,0.13807821
0.30620998,0.13807821
0.306215,0.13807821
0.30622,0.13807821
0.306225,0.13807821
0.30622998,0.13807821
0.306235,0.13807821
0.30624,0.13807821
0.306245,0.13807821
0.30625,0.13807821
0.30625498,0.13807821
0.30626,0.13807821
0.306265,0.13807821
0.30627,0.13807821
0.30627498,0.13807821
0.30628,0.13807821
0.306285,0.13807821
0.30629,0.13807821
0.30629498,0.13807821
0.30629998,0.13807821
0.306305,0.13807821
0.30631,0.13807821
0.306315,0.13807821
0.30631998,0.13807821
0.306325,0.13807821
0.30633,0.13807821
0.306335,0.13807821
0.30633998,0.13807821
0.306345,0.13807821
0.30635,0.13807821
0.306355,0.13807821
0.30636,0.13807821
0.30636498,0.13807821
0.30637,0.13807821
0.306375,0.13807821
0.30638,0.13807821
0.30638498,0.13807821
0.30639,0.13807821
0.306395,0.13807821
0.3064,0.13807821
0.30640498,0.13807821
0.30640998,0.13807821
0.306415,0.13807821
0.30642,0.13807821
0.306425,0.13807821
0.30642998,0.13807821
0.306435,0.13807821
0.30644,0.13807821
0.306445,0.13807821
0.30644998,0.13807821
0.306455,0.13807821
0.30646,0.13807821
0.306465,0.13807821
0.30647,0.13807821
0.30647498,0.13807821
0.30648,0.13807821
0.306485,0.13807821
0.30649,0.13807821
0.30649498,0.13807821
0.3065,0.13807821
0.306505,0.13807821
0.30651,0.13807821
0.30651498,0.13807821
0.30652,0.13807821
0.306525,0.13807821
0.30653,0.13807821
0.306535,0.13807821
0.30653998,0.13807821
0.306545,0.13807821
0.30655,0.13807821
0.306555,0.13807821
0.30655998,0.13807821
0.306565,0.13807821
0.30657,0.13807821
0.306575,0.13807821
0.30658,0.13807821
0.30658498,0.46169758
0.30659,5.824537
0.306595,5.9169993
0.3066,5.9169993
0.30660498,5.9169993
0.30661,5.9169993
0.306615,5.9169993
0.30662,5.9169993
0.30662498,5.9169993
0.30663,5.9169993
0.306635,5.9169993
0.30664,5.9169993
0.306645,5.9169993
0.30664998,5.9169993
0.306655,5.9169993
0.30666,5.9169993
0.306665,5.9169993
0.30666998,5.9169993
0.306675,5.9169993
0.30668,5.9169993
0.306685,5.9169993
0.30668998,5.9169993
0.30669498,5.9169993
0.3067,5.9169993
0.306705,5.9169993
0.30671,5.9169993
0.30671498,5.9169993
0.30672,5.9169993
0.306725,5.9169993
0.30673,5.9169993
0.30673498,5.9169993
0.30674,5.9169993
0.306745,5.9169993
0.30675,5.9169993
0.306755,5.9169993
0.30675998,5.9169993
0.306765,5.9169993
0.30677,5.9169993
0.306775,5.9169993
0.30677998,5.9169993
0.306785,5.9169993
0.30679,5.9169993
0.306795,5.9169993
0.30679998,5.9169993
0.30680498,5.9169993
0.30681,5.9169993
0.306815,5.9169993
0.30682,5.9169993
0.30682498,5.9169993
0.30683,5.9169993
0.306835,5.9169993
0.30684,5.9169993
0.30684498,5.9169993
0.30685,5.9169993
0.306855,5.9169993
0.30686,5.9169993
0.306865,5.9169993
0.30686998,5.9169993
0.306875,5.9169993
0.30688,5.9169993
0.306885,5.9169993
0.30688998,5.9169993
0.306895,5.9169993
0.3069,5.9169993
0.306905,5.9169993
0.30690998,5.9169993
0.306915,5.9169993
0.30692,5.9169993
0.306925,5.9169993
0.30693,5.9169993
0.30693498,5.9169993
0.30694,5.9169993
0.306945,5.9169993
0.30695,5.9169993
0.30695498,5.9169993
0.30696,5.9169993
0.306965,5.9169993
0.30697,5.9169993
0.306975,5.9169993
0.30697998,5.9169993
0.306985,5.9169993
0.30699,5.9169993
0.306995,5.9169993
0.30699998,5.9169993
0.307005,5.9169993
0.30701,5.9169993
0.307015,5.9169993
0.30701998,5.9169993
0.307025,5.9169993
0.30703,5.9169993
0.307035,5.9169993
0.30704,5.9169993
0.30704498,5.9169993
0.30705,5.9169993
0.307055,5.9169993
0.30706,5.9169993
0.30706498,5.9169993
0.30707,5.9169993
0.307075,5.9169993
0.30708,5.9169993
0.30708498,5.9169993
0.30708998,5.9169993
0.307095,5.9169993
0.3071,5.9169993
0.307105,5.9169993
0.30710998,5.9169993
0.307115,5.9169993
0.30712,5.9169993
0.307125,5.9169993
0.30712998,5.9169993
0.307135,5.9169993
0.30714,5.9169993
0.307145,5.9169993
0.30715,5.9169993
0.30715498,5.9169993
0.30716,5.9169993
0.307165,5.9169993
0.30717,5.9169993
0.30717498,5.9169993
0.30718,5.9169993
0.307185,5.9169993
0.30719,5.9169993
0.30719498,5.9169993
0.30719998,5.9169993
0.307205,5.9169993
0.30721,5.9169993
0.307215,5.9169993
0.30721998,5.9169993
0.307225,5.9169993
0.30723,5.9169993
0.307235,5.9169993
0.30723998,5.9169993
0.307245,5.9169993
0.30725,5.9169993
0.307255,5.9169993
0.30726,5.9169993
0.30726498,5.9169993
0.30727,5.9169993
0.307275,5.9169993
0.30728,5.9169993
0.30728498,5.9169993
0.30729,5.9169993
0.307295,5.9169993
0.3073,5.9169993
0.30730498,5.9169993
0.30731,5.9169993
0.307315,5.9169993
0.30732,5.9169993
0.307325,5.9169993
0.30732998,5.9169993
0.307335,5.9169993
0.30734,5.9169993
0.307345,5.9169993
0.30734998,5.9169993
0.307355,5.9169993
0.30736,5.9169993
0.307365,5.9169993
0.30737,5.9169993
0.30737498,5.9169993
0.30738,5.9169993
0.307385,5.9169993
0.30739,5.9169993
0.30739498,5.9169993
0.3074,5.9169993
0.307405,5.9169993
0.30741,5.9169993
0.30741498,5.9169993
0.30742,5.9169993
0.307425,5.9169993
0.30743,5.9169993
0.307435,5.9169993
0.30743998,5.9169993
0.307445,5.9169993
0.30745,5.9169993
0.307455,5.9169993
0.30745998,5.9169993
0.307465,5.9169993
0.30747,5.9169993
0.307475,5.9169993
0.30747998,5.9169993
0.30748498,5.9169993
0.30749,5.9169993
0.307495,5.9169993
0.3075,5.9169993
0.30750498,5.9169993
0.30751,5.9169993
0.307515,5.9169993
0.30752,5.9169993
0.30752498,5.9169993
0.30753,5.9169993
0.307535,5.9169993
0.30754,5.9169993
0.307545,5.9169993
0.30754998,5.9169993
0.307555,5.9169993
0.30756,5.9169993
0.307565,5.9169993
0.30756998,5.9169993
0.307575,5.9169993
0.30758,5.9169993
0.307585,5.9169993
0.30758998,5.9169993
0.30759498,5.9169993
0.3076,5.9169993
0.307605,5.9169993
0.30761,5.9169993
0.30761498,5.9169993
0.30762,5.9169993
0.307625,5.9169993
0.30763,5.9169993
0.30763498,5.9169993
0.30764,5.9169993
0.307645,5.9169993
0.30765,5.9169993
0.307655,5.9169993
0.30765998,5.9169993
0.307665,5.9169993
0.30767,5.9169993
0.307675,5.9169993
0.30767998,5.9169993
0.307685,5.9169993
0.30769,5.9169993
0.307695,5.9169993
0.30769998,5.9169993
0.307705,5.9169993
0.30771,5.9169993
0.307715,5.9169993
0.30772,5.9169993
0.30772498,5.9169993
0.30773,5.9169993
0.307735,5.9169993
0.30774,5.9169993
0.30774498,5.9169993
0.30775,5.9169993
0.307755,5.9169993
0.30776,5.9169993
0.307765,5.9169993
0.30776998,5.9169993
0.307775,5.9169993
0.30778,5.9169993
0.307785,5.9169993
0.30778998,5.9169993
0.307795,5.9169993
0.3078,5.9169993
0.307805,5.9169993
0.30780998,5.9169993
0.307815,5.9169993
0.30782,5.9169993
0.307825,5.9169993
0.30783,5.9169993
0.30783498,5.9169993
0.30784,5.9169993
0.307845,5.9169993
0.30785,5.9169993
0.30785498,5.9169993
0.30786,5.9169993
0.307865,5.9169993
0.30787,5.9169993
0.30787498,5.9169993
0.30787998,5.9169993
0.307885,5.9169993
0.30789,5.9169993
0.307895,5.9169993
0.30789998,5.9169993
0.307905,5.9169993
0.30791,5.9169993
0.307915,5.9169993
0.30791998,5.9169993
0.307925,5.9169993
0.30793,5.9169993
0.307935,5.9169993
0.30794,5.9169993
0.30794498,5.9169993
0.30795,5.9169993
0.307955,5.9169993
0.30796,5.9169993
0.30796498,5.9169993
0.30797,5.9169993
0.307975,5.9169993
0.30798,5.9169993
0.30798498,5.9169993
0.30798998,5.9169993
0.307995,5.9169993
0.308,5.9169993
0.308005,5.9169993
0.30800998,5.9169993
0.308015,5.9169993
0.30802,5.9169993
0.308025,5.9169993
0.30802998,5.9169993
0.308035,5.9169993
0.30804,5.9169993
0.308045,5.9169993
0.30805,5.9169993
0.30805498,5.9169993
0.30806,5.9169993
0.308065,5.9169993
0.30807,5.9169993
0.30807498,5.9169993
0.30808,5.9169993
0.308085,5.9169993
0.30809,5.9169993
0.30809498,5.9169993
0.3081,5.9169993
0.308105,5.9169993
0.30811,5.9169993
0.308115,5.9169993
0.30811998,5.9169993
0.308125,5.9169993
0.30813,5.9169993
0.308135,5.9169993
0.30813998,5.9169993
0.308145,5.9169993
0.30815,5.9169993
0.308155,5.9169993
0.30816,5.9169993
0.30816498,5.9169993
0.30817,5.9169993
0.308175,5.9169993
0.30818,5.9169993
0.30818498,5.9169993
0.30819,5.9169993
0.308195,5.9169993
0.3082,5.9169993
0.30820498,5.9169993
0.30821,5.9169993
0.308215,5.9169993
0.30822,5.9169993
0.308225,5.9169993
0.30822998,5.9169993
0.308235,5.9169993
0.30824,5.9169993
0.308245,5.9169993
0.30824998,5.9169993
0.308255,5.9169993
0.30826,5.9169993
0.308265,5.9169993
0.30826998,5.9169993
0.30827498,5.9169993
0.30828,5.9169993
0.308285,5.9169993
0.30829,5.9169993
0.30829498,5.9169993
0.3083,5.9169993
0.308305,5.9169993
0.30831,5.9169993
0.30831498,5.9169993
0.30832,5.9169993
0.308325,5.9169993
0.30833,5.9169993
0.308335,5.9169993
0.30833998,5.9169993
0.308345,5.9169993
0.30835,5.9169993
0.308355,5.9169993
0.30835998,5.9169993
0.308365,5.9169993
0.30837,5.9169993
0.308375,5.9169993
0.30837998,5.9169993
0.30838498,5.9169993
0.30839,5.9169993
0.308395,5.9169993
0.3084,5.9169993
0.30840498,5.9169993
0.30841,5.9169993
0.308415,5.9169993
0.30842,5.9169993
0.30842498,5.9169993
0.30843,5.9169993
0.308435,5.9169993
0.30844,5.9169993
0.308445,5.9169993
0.30844998,5.9169993
0.308455,5.9169993
0.30846,5.9169993
0.308465,5.9169993
0.30846998,5.9169993
0.308475,5.9169993
0.30848,5.9169993
0.308485,5.9169993
0.30848998,5.9169993
0.308495,5.9169993
0.3085,5.9169993
0.308505,5.9169993
0.30851,5.9169993
0.30851498,5.9169993
0.30852,5.9169993
0.308525,5.9169993
0.30853,5.9169993
0.30853498,5.9169993
0.30854,5.9169993
0.308545,5.9169993
0.30855,5.9169993
0.308555,5.9169993
0.30855998,5.9169993
0.308565,5.9169993
0.30857,5.9169993
0.308575,5.9169993
0.30857998,5.9169993
0.308585,5.9169993
0.30859,5.9169993
0.308595,5.9169993
0.30859998,5.9169993
0.308605,5.9169993
0.30861,5.9169993
0.308615,5.9169993
0.30862,5.9169993
0.30862498,5.9169993
0.30863,5.9169993
0.308635,5.9169993
0.30864,5.9169993
0.30864498,5.9169993
0.30865,5.9169993
0.308655,5.870768
0.30866,5.824537
0.30866498,5.824537
0.30866998,5.824537
0.308675,5.870768
0.30868,5.9169993
0.308685,5.9169993
0.30868998,5.9169993
0.308695,5.9169993
0.3087,5.9169993
0.308705,5.9169993
0.30870998,5.9169993
0.308715,5.9169993
0.30872,5.9169993
0.308725,5.9169993
0.30873,5.9169993
0.30873498,5.9169993
0.30874,5.9169993
0.308745,5.9169993
0.30875,5.9169993
0.30875498,5.9169993
0.30876,5.9169993
0.308765,5.9169993
0.30877,5.9169993
0.30877498,5.9169993
0.30877998,5.9169993
0.308785,5.9169993
0.30879,5.9169993
0.308795,5.9169993
0.30879998,5.9169993
0.308805,5.9169993
0.30881,5.9169993
0.308815,5.9169993
0.30881998,5.9169993
0.308825,5.9169993
0.30883,5.9169993
0.308835,5.9169993
0.30884,5.9169993
0.30884498,5.9169993
0.30885,5.9169993
0.308855,5.9169993
0.30886,5.9169993
0.30886498,5.9169993
0.30887,5.9169993
0.308875,5.9169993
0.30888,5.9169993
0.30888498,5.9169993
0.30888999,5.9169993
0.308895,5.9169993
0.3089,5.9169993
0.308905,5.9169993
0.30890998,5.9169993
0.308915,5.9169993
0.30892,5.9169993
0.308925,5.9169993
0.30892998,5.9169993
0.308935,5.9169993
0.30894,5.9169993
0.308945,5.9169993
0.30895,5.9169993
0.30895498,5.9169993
0.30896,5.9169993
0.308965,5.9169993
0.30897,5.9169993
0.30897498,5.9169993
0.30898,5.9169993
0.308985,5.9169993
0.30899,5.9169993
0.30899498,5.9169993
0.309,5.9169993
0.309005,5.9169993
0.30901,5.9169993
0.309015,5.9169993
0.30901998,5.9169993
0.309025,5.9169993
0.30903,5.9169993
0.309035,5.9169993
0.30903998,5.9169993
0.309045,5.9169993
0.30905,5.9169993
0.309055,5.9169993
0.30905998,5.9169993
0.30906498,5.9169993
0.30907,5.9169993
0.309075,5.9169993
0.30908,5.9169993
0.30908498,5.9169993
0.30909,5.9169993
0.309095,5.9169993
0.3091,5.9169993
0.30910498,5.9169993
0.30911,5.9169993
0.309115,5.9169993
0.30912,5.9169993
0.309125,5.9169993
0.30912998,5.9169993
0.309135,5.9169993
0.30914,5.9169993
0.309145,5.9169993
0.30914998,5.9169993
0.309155,5.9169993
0.30916,5.9169993
0.309165,5.9169993
0.30916998,5.9169993
0.30917498,5.9169993
0.30918,5.9169993
0.309185,5.9169993
0.30919,5.9169993
0.30919498,5.9169993
0.3092,5.9169993
0.309205,5.9169993
0.30921,5.9169993
0.30921498,5.9169993
0.30922,5.9169993
0.309225,5.9169993
0.30923,5.9169993
0.309235,5.9169993
0.30923998,5.9169993
0.309245,5.9169993
0.30925,5.9169993
0.309255,5.9169993
0.30925998,5.9169993
0.309265,5.9169993
0.30927,5.9169993
0.309275,5.9169993
0.30927998,5.9169993
0.30928499,5.9169993
0.30929,5.9169993
0.309295,5.9169993
0.3093,5.9169993
0.30930498,5.9169993
0.30931,5.9169993
0.309315,5.9169993
0.30932,5.9169993
0.30932498,5.9169993
0.30933,5.9169993
0.309335,5.9169993
0.30934,5.9169993
0.309345,5.9169993
0.30934998,5.9169993
0.309355,5.9169993
0.30936,5.9169993
0.309365,5.9169993
0.30936998,5.9169993
0.309375,5.9169993
0.30938,5.9169993
0.309385,5.9169993
0.30938998,5.9169993
0.309395,5.9169993
0.3094,5.9169993
0.309405,5.9169993
0.30941,5.9169993
0.30941498,5.9169993
0.30942,5.9169993
0.309425,5.9169993
0.30943,5.9169993
0.30943498,5.9169993
0.30944,5.9169993
0.309445,5.9169993
0.30945,5.9169993
0.30945498,5.9169993
0.30945998,5.9169993
0.309465,5.9169993
0.30947,5.9169993
0.309475,5.9169993
0.30947998,5.9169993
0.309485,5.9169993
0.30949,5.9169993
0.309495,5.9169993
0.30949998,5.9169993
0.309505,5.9169993
0.30951,5.9169993
0.309515,5.9169993
0.30952,5.9169993
0.30952498,5.9169993
0.30953,5.9169993
0.309535,5.9169993
0.30954,5.9169993
0.30954498,5.9169993
0.30955,5.9169993
0.309555,5.9169993
0.30956,5.9169993
0.30956498,5.9169993
0.30956998,5.9169993
0.309575,5.9169993
0.30958,5.9169993
0.309585,5.9169993
0.30958998,5.9169993
0.309595,5.9169993
0.3096,5.9169993
0.309605,5.9169993
0.30960998,5.9169993
0.309615,5.9169993
0.30962,5.9169993
0.309625,5.9169993
0.30963,5.9169993
0.30963498,5.9169993
0.30964,5.9169993
0.309645,5.9169993
0.30965,5.9169993
0.30965498,5.9169993
0.30966,5.9169993
0.309665,5.9169993
0.30967,5.9169993
0.30967498,5.9169993
0.30967999,5.9169993
0.309685,5.9169993
0.30969,5.9169993
0.309695,5.9169993
0.30969998,5.9169993
0.309705,5.9169993
0.30971,5.9169993
0.309715,5.9169993
0.30971998,5.9169993
0.309725,5.9169993
0.30973,5.9169993
0.309735,5.9169993
0.30974,5.9169993
0.30974498,5.9169993
0.30975,5.9169993
0.309755,5.9169993
0.30976,5.9169993
0.30976498,5.9169993
0.30977,5.9169993
0.309775,5.9169993
0.30978,5.9169993
0.30978498,5.9169993
0.30979,5.9169993
0.309795,5.9169993
0.3098,5.9169993
0.309805,5.9169993
0.30980998,5.9169993
0.309815,5.9169993
0.30982,5.9169993
0.309825,5.9169993
0.30982998,5.9169993
0.309835,5.9169993
0.30984,5.9169993
0.309845,5.9169993
0.30984998,5.9169993
0.30985498,5.9169993
0.30986,5.9169993
0.309865,5.9169993
0.30987,5.9169993
0.30987498,5.9169993
0.30988,5.9169993
0.309885,5.9169993
0.30989,5.9169993
0.30989498,5.9169993
0.3099,5.9169993
0.309905,5.9169993
0.30991,5.9169993
0.309915,5.9169993
0.30991998,5.9169993
0.309925,5.9169993
0.30993,5.9169993
0.309935,5.9169993
0.30993998,5.9169993
0.309945,5.9169993
0.30995,5.9169993
0.309955,5.9169993
0.30995998,5.9169993
0.30996498,5.9169993
0.30997,5.9169993
0.309975,5.9169993
0.30998,5.9169993
0.30998498,5.9169993
0.30999,5.9169993
0.309995,5.9169993
0.31,5.9169993
0.31000498,5.9169993
0.31001,5.9169993
0.310015,5.9169993
0.31002,5.9169993
0.310025,5.9169993
0.31002998,5.9169993
0.310035,5.9169993
0.31004,5.9169993
0.310045,5.9169993
0.31004998,5.9169993
0.310055,5.9169993
0.31006,5.9169993
0.310065,5.9169993
0.31006998,5.9169993
0.31007499,5.9169993
0.31008,5.9169993
0.310085,5.9169993
0.31009,5.9169993
0.31009498,5.9169993
0.3101,5.9169993
0.310105,5.9169993
0.31011,5.9169993
0.31011498,5.9169993
0.31012,5.9169993
0.310125,5.9169993
0.31013,5.9169993
0.310135,5.9169993
0.31013998,5.9169993
0.310145,5.9169993
0.31015,5.9169993
0.310155,5.9169993
0.31015998,5.9169993
0.310165,5.9169993
0.31017,5.9169993
0.310175,5.9169993
0.31017998,5.9169993
0.310185,5.9169993
0.31019,5.9169993
0.310195,5.9169993
0.3102,5.9169993
0.31020498,5.9169993
0.31021,5.9169993
0.310215,5.9169993
0.31022,5.9169993
0.31022498,5.9169993
0.31023,5.9169993
0.310235,5.9169993
0.31024,5.9169993
0.31024498,5.9169993
0.31024998,5.9169993
0.310255,5.9169993
0.31026,5.9169993
0.310265,5.9169993
0.31026998,5.9169993
0.310275,5.9169993
0.31028,5.9169993
0.310285,5.9169993
0.31028998,5.9169993
0.310295,5.9169993
0.3103,5.9169993
0.310305,5.9169993
0.31031,5.9169993
0.31031498,5.9169993
0.31032,5.9169993
0.310325,5.9169993
0.31033,5.9169993
0.31033498,5.9169993
0.31034,5.9169993
0.310345,5.9169993
0.31035,5.9169993
0.31035498,5.9169993
0.31035998,5.9169993
0.310365,5.9169993
0.31037,5.9169993
0.310375,5.9169993
0.31037998,5.9169993
0.310385,5.9169993
0.31039,5.9169993
0.310395,5.9169993
0.31039998,5.9169993
0.310405,5.9169993
0.31041,5.9169993
0.310415,5.9169993
0.31042,5.9169993
0.31042498,5.9169993
0.31043,5.9169993
0.310435,5.9169993
0.31044,5.9169993
0.31044498,5.9169993
0.31045,5.9169993
0.310455,5.9169993
0.31046,5.9169993
0.31046498,5.9169993
0.31046999,5.9169993
0.310475,5.9169993
0.31048,5.9169993
0.310485,5.9169993
0.31048998,5.9169993
0.310495,5.9169993
0.3105,5.9169993
0.310505,5.9169993
0.31050998,5.9169993
0.310515,5.9169993
0.31052,5.9169993
0.310525,5.9169993
0.31053,5.9169993
0.31053498,5.9169993
0.31054,5.9169993
0.310545,5.9169993
0.31055,5.9169993
0.31055498,5.9169993
0.31056,5.824537
0.310565,5.824537
0.31057,5.824537
0.31057498,5.824537
0.31058,5.870768
0.310585,5.9169993
0.31059,5.9169993
0.310595,5.9169993
0.31059998,5.9169993
0.310605,5.9169993
0.31061,5.9169993
0.310615,5.9169993
0.31061998,5.9169993
0.310625,5.9169993
0.31063,5.9169993
0.310635,5.9169993
0.31063998,5.9169993
0.31064498,5.9169993
0.31065,5.9169993
0.310655,5.9169993
0.31066,5.9169993
0.31066498,5.9169993
0.31067,5.9169993
0.310675,5.9169993
0.31068,5.9169993
0.31068498,5.9169993
0.31069,5.9169993
0.310695,5.9169993
0.3107,5.9169993
0.310705,5.9169993
0.31070998,5.9169993
0.310715,5.9169993
0.31072,5.9169993
0.310725,5.9169993
0.31072998,5.9169993
0.310735,5.9169993
0.31074,5.9169993
0.310745,5.9169993
0.31074998,5.9169993
0.31075498,5.9169993
0.31076,5.9169993
0.310765,5.9169993
0.31077,5.9169993
0.31077498,5.9169993
0.31078,5.9169993
0.310785,5.9169993
0.31079,5.9169993
0.31079498,5.9169993
0.3108,5.9169993
0.310805,5.9169993
0.31081,5.9169993
0.310815,5.9169993
0.31081998,5.9169993
0.310825,5.9169993
0.31083,5.9169993
0.310835,5.9169993
0.31083998,5.9169993
0.310845,5.9169993
0.31085,5.9169993
0.310855,5.9169993
0.31085998,5.9169993
0.31086498,5.9169993
0.31087,5.9169993
0.310875,5.9169993
0.31088,5.9169993
0.31088498,5.9169993
0.31089,5.9169993
0.310895,5.9169993
0.3109,5.9169993
0.31090498,5.9169993
0.31091,5.9169993
0.310915,5.9169993
0.31092,5.9169993
0.310925,5.9169993
0.31092998,5.9169993
0.310935,5.9169993
0.31094,5.9169993
0.310945,5.9169993
0.31094998,5.9169993
0.310955,5.9169993
0.31096,5.9169993
0.310965,5.9169993
0.31096998,5.9169993
0.310975,5.9169993
0.31098,5.9169993
0.310985,5.9169993
0.31099,5.9169993
0.31099498,5.9169993
0.311,5.9169993
0.311005,5.9169993
0.31101,5.9169993
0.31101498,5.9169993
0.31102,5.9169993
0.311025,5.9169993
0.31103,5.9169993
0.31103498,5.9169993
0.31103998,5.9169993
0.311045,5.9169993
0.31105,5.9169993
0.311055,5.9169993
0.31105998,5.9169993
0.311065,5.9169993
0.31107,5.9169993
0.311075,5.9169993
0.31107998,5.9169993
0.311085,5.9169993
0.31109,5.9169993
0.311095,5.9169993
0.3111,5.9169993
0.31110498,5.9169993
0.31111,5.9169993
0.311115,5.9169993
0.31112,5.9169993
0.31112498,5.9169993
0.31113,5.9169993
0.311135,5.9169993
0.31114,5.9169993
0.31114498,5.9169993
0.31114998,5.9169993
0.311155,5.9169993
0.31116,5.9169993
0.311165,5.9169993
0.31116998,5.9169993
0.311175,5.9169993
0.31118,5.9169993
0.311185,5.9169993
0.31118998,5.9169993
0.311195,5.9169993
0.3112,5.9169993
0.311205,5.9169993
0.31121,5.9169993
0.31121498,5.9169993
0.31122,5.9169993
0.311225,5.9169993
0.31123,5.9169993
0.31123498,5.9169993
0.31124,5.9169993
0.311245,5.9169993
0.31125,5.9169993
0.31125498,5.9169993
0.31125998,5.9169993
0.311265,5.9169993
0.31127,5.9169993
0.311275,5.9169993
0.31127998,5.9169993
0.311285,5.9169993
0.31129,5.9169993
0.311295,5.9169993
0.31129998,5.9169993
0.311305,5.9169993
0.31131,5.9169993
0.311315,5.9169993
0.31132,5.9169993
0.31132498,5.9169993
0.31133,5.9169993
0.311335,5.9169993
0.31134,5.9169993
0.31134498,5.9169993
0.31135,5.9169993
0.311355,5.9169993
0.31136,5.9169993
0.31136498,5.9169993
0.31137,5.9169993
0.311375,5.9169993
0.31138,5.9169993
0.311385,5.9169993
0.31138998,5.9169993
0.311395,5.9169993
0.3114,5.9169993
0.311405,5.9169993
0.31140998,5.9169993
0.311415,5.9169993
0.31142,5.9169993
0.311425,5.9169993
0.31142998,5.9169993
0.31143498,5.9169993
0.31144,5.9169993
0.311445,5.9169993
0.31145,5.9169993
0.31145498,5.9169993
0.31146,5.9169993
0.311465,5.9169993
0.31147,5.9169993
0.31147498,5.9169993
0.31148,5.9169993
0.311485,5.9169993
0.31149,5.9169993
0.311495,5.9169993
0.31149998,5.9169993
0.311505,5.9169993
0.31151,5.9169993
0.311515,5.9169993
0.31151998,5.9169993
0.311525,5.9169993
0.31153,5.9169993
0.311535,5.9169993
0.31153998,5.9169993
0.31154498,5.9169993
0.31155,5.9169993
0.311555,5.9169993
0.31156,5.9169993
0.31156498,5.9169993
0.31157,5.9169993
0.311575,5.9169993
0.31158,5.9169993
0.31158498,5.9169993
0.31159,5.9169993
0.311595,5.9169993
0.3116,5.9169993
0.311605,5.9169993
0.31160998,5.9169993
0.311615,5.9169993
0.31162,5.9169993
0.311625,5.9169993
0.31162998,5.9169993
0.311635,5.9169993
0.31164,5.9169993
0.311645,5.9169993
0.31164998,5.9169993
0.31165498,5.9169993
0.31166,5.9169993
0.311665,5.9169993
0.31167,5.9169993
0.31167498,5.9169993
0.31168,5.9169993
0.311685,5.9169993
0.31169,5.9169993
0.31169498,5.9169993
0.3117,5.9169993
0.311705,5.9169993
0.31171,5.9169993
0.311715,5.9169993
0.31171998,5.9169993
0.311725,5.9169993
0.31173,5.9169993
0.311735,5.9169993
0.31173998,5.9169993
0.311745,5.9169993
0.31175,5.9169993
0.311755,5.9169993
0.31175998,5.9169993
0.311765,5.9169993
0.31177,5.9169993
0.311775,5.9169993
0.31178,5.9169993
0.31178498,5.9169993
0.31179,5.9169993
0.311795,5.9169993
0.3118,5.9169993
0.31180498,5.9169993
0.31181,5.9169993
0.311815,5.9169993
0.31182,5.9169993
0.31182498,5.9169993
0.31182998,5.9169993
0.311835,5.9169993
0.31184,5.9169993
0.311845,5.9169993
0.31184998,5.9169993
0.311855,5.9169993
0.31186,5.9169993
0.311865,5.9169993
0.31186998,5.9169993
0.311875,5.9169993
0.31188,5.9169993
0.311885,5.9169993
0.31189,5.9169993
0.31189498,5.9169993
0.3119,5.9169993
0.311905,5.9169993
0.31191,5.9169993
0.31191498,5.9169993
0.31192,5.9169993
0.311925,5.9169993
0.31193,5.9169993
0.31193498,5.9169993
0.31193998,5.9169993
0.311945,5.9169993
0.31195,5.9169993
0.311955,5.9169993
0.31195998,5.9169993
0.311965,5.9169993
0.31197,5.9169993
0.311975,5.9169993
0.31197998,5.9169993
0.311985,5.9169993
0.31199,5.9169993
0.311995,5.9169993
0.312,5.9169993
0.31200498,5.9169993
0.31201,5.9169993
0.312015,5.9169993
0.31202,5.9169993
0.31202498,5.9169993
0.31203,5.9169993
0.312035,5.9169993
0.31204,5.9169993
0.31204498,5.9169993
0.31204998,5.9169993
0.312055,5.9169993
0.31206,5.9169993
0.312065,5.9169993
0.31206998,5.9169993
0.312075,5.9169993
0.31208,5.9169993
0.312085,5.9169993
0.31208998,5.9169993
0.312095,5.9169993
0.3121,5.9169993
0.312105,5.9169993
0.31211,5.9169993
0.31211498,5.9169993
0.31212,5.9169993
0.312125,5.9169993
0.31213,5.9169993
0.31213498,5.9169993
0.31214,5.9169993
0.312145,5.9169993
0.31215,5.9169993
0.31215498,5.9169993
0.31216,5.9169993
0.312165,5.9169993
0.31217,5.9169993
0.312175,5.9169993
0.31217998,5.9169993
0.312185,5.9169993
0.31219,5.9169993
0.312195,5.9169993
0.31219998,5.9169993
0.312205,5.9169993
0.31221,5.9169993
0.312215,5.9169993
0.31221998,5.9169993
0.31222498,5.9169993
0.31223,5.9169993
0.312235,5.9169993
0.31224,5.9169993
0.31224498,5.9169993
0.31225,5.9169993
0.312255,5.9169993
0.31226,5.9169993
0.31226498,5.9169993
0.31227,5.9169993
0.312275,5.9169993
0.31228,5.9169993
0.312285,5.9169993
0.31228998,5.9169993
0.312295,5.9169993
0.3123,5.9169993
0.312305,5.9169993
0.31230998,5.9169993
0.312315,5.9169993
0.31232,5.9169993
0.312325,5.9169993
0.31232998,5.9169993
0.31233498,5.9169993
0.31234,5.9169993
0.312345,5.9169993
0.31235,5.9169993
0.31235498,5.9169993
0.31236,5.9169993
0.312365,5.9169993
0.31237,5.9169993
0.31237498,5.9169993
0.31238,5.9169993
0.312385,5.9169993
0.31239,5.9169993
0.312395,5.9169993
0.31239998,5.9169993
0.312405,5.9169993
0.31241,5.9169993
0.312415,5.9169993
0.31241998,5.9169993
0.312425,5.9169993
0.31243,5.9169993
0.312435,5.9169993
0.31243998,5.9169993
0.31244498,5.9169993
0.31245,5.9169993
0.312455,5.9169993
0.31246,5.9169993
0.31246498,5.9169993
0.31247,5.9169993
0.312475,5.9169993
0.31248,5.9169993
0.31248498,5.9169993
0.31249,5.9169993
0.312495,5.9169993
0.3125,5.9169993
0.312505,5.9169993
0.31250998,5.9169993
0.312515,5.9169993
0.31252,5.9169993
0.312525,5.9169993
0.31252998,5.9169993
0.312535,5.9169993
0.31254,5.9169993
0.312545,5.9169993
0.31254998,5.9169993
0.312555,5.9169993
0.31256,5.9169993
0.312565,5.9169993
0.31257,5.9169993
0.31257498,5.9169993
0.31258,5.9169993
0.312585,5.9169993
0.31259,5.9169993
0.31259498,5.9169993
0.3126,5.9169993
0.312605,5.9169993
0.31261,5.9169993
0.31261498,5.9169993
0.31261998,5.9169993
0.312625,5.9169993
0.31263,5.9169993
0.312635,5.9169993
0.31263998,5.9169993
0.312645,5.9169993
0.31265,5.9169993
0.312655,5.9169993
0.31265998,5.9169993
0.312665,5.9169993
0.31267,5.9169993
0.312675,5.9169993
0.31268,5.9169993
0.31268498,5.9169993
0.31269,5.9169993
0.312695,5.9169993
0.3127,5.9169993
0.31270498,5.9169993
0.31271,5.9169993
0.312715,5.9169993
0.31272,5.9169993
0.31272498,5.9169993
0.31272998,5.9169993
0.312735,5.9169993
0.31274,5.9169993
0.312745,5.9169993
0.31274998,5.9169993
0.312755,5.9169993
0.31276,5.9169993
0.312765,5.9169993
0.31276998,5.9169993
0.312775,5.9169993
0.31278,5.9169993
0.312785,5.9169993
0.31279,5.9169993
0.31279498,5.9169993
0.3128,5.9169993
0.312805,5.9169993
0.31281,5.9169993
0.31281498,5.9169993
0.31282,5.9169993
0.312825,5.9169993
0.31283,5.9169993
0.31283498,5.9169993
0.31283998,5.9169993
0.312845,5.9169993
0.31285,5.9169993
0.312855,5.9169993
0.31285998,5.9169993
0.312865,5.9169993
0.31287,5.9169993
0.312875,5.9169993
0.31287998,5.9169993
0.312885,5.9169993
0.31289,5.9169993
0.312895,5.9169993
0.3129,5.9169993
0.31290498,5.9169993
0.31291,5.9169993
0.312915,5.9169993
0.31292,5.9169993
0.31292498,5.9169993
0.31293,5.9169993
0.312935,5.9169993
0.31294,5.9169993
0.31294498,5.9169993
0.31295,5.9169993
0.312955,5.9169993
0.31296,5.9169993
0.312965,5.9169993
0.31296998,5.9169993
0.312975,5.9169993
0.31298,5.9169993
0.312985,5.9169993
0.31298998,5.9169993
0.312995,5.9169993
0.313,5.9169993
0.313005,5.9169993
0.31300998,5.9169993
0.31301498,5.9169993
0.31302,5.9169993
0.313025,5.9169993
0.31303,5.9169993
0.31303498,5.9169993
0.31304,5.9169993
0.313045,5.9169993
0.31305,5.9169993
0.31305498,5.9169993
0.31306,5.9169993
0.313065,5.9169993
0.31307,5.9169993
0.313075,5.9169993
0.31307998,5.9169993
0.313085,5.9169993
0.31309,5.9169993
0.313095,5.9169993
0.31309998,5.9169993
0.313105,5.9169993
0.31311,5.9169993
0.313115,5.9169993
0.31311998,5.9169993
0.31312498,5.9169993
0.31313,5.9169993
0.313135,5.9169993
0.31314,5.9169993
0.31314498,5.9169993
0.31315,5.9169993
0.313155,5.9169993
0.31316,5.9169993
0.31316498,5.9169993
0.31317,5.9169993
0.313175,5.9169993
0.31318,5.9169993
0.313185,5.9169993
0.31318998,5.9169993
0.313195,5.9169993
0.3132,5.9169993
0.313205,5.9169993
0.31320998,5.9169993
0.313215,5.9169993
0.31322,5.9169993
0.313225,5.9169993
0.31322998,5.9169993
0.31323498,5.9169993
0.31324,5.9169993
0.313245,5.9169993
0.31325,5.9169993
0.31325498,5.9169993
0.31326,5.9169993
0.313265,5.9169993
0.31327,5.9169993
0.31327498,5.9169993
0.31328,5.9169993
0.313285,5.9169993
0.31329,5.9169993
0.313295,5.9169993
0.31329998,5.9169993
0.313305,5.9169993
0.31331,5.9169993
0.313315,5.9169993
0.31331998,5.9169993
0.313325,5.9169993
0.31333,5.9169993
0.313335,5.9169993
0.31333998,5.9169993
0.313345,5.9169993
0.31335,5.9169993
0.313355,5.9169993
0.31336,5.9169993
0.31336498,5.9169993
0.31337,5.9169993
0.313375,5.9169993
0.31338,5.9169993
0.31338498,5.9169993
0.31339,5.9169993
0.313395,5.9169993
0.3134,5.9169993
0.31340498,5.9169993
0.31340998,5.9169993
0.313415,5.9169993
0.31342,5.9169993
0.313425,5.9169993
0.31342998,5.9169993
0.313435,5.9169993
0.31344,5.9169993
0.313445,5.9169993
0.31344998,5.9169993
0.313455,5.9169993
0.31346,5.9169993
0.313465,5.9169993
0.31347,5.9169993
0.31347498,5.9169993
0.31348,5.9169993
0.313485,5.9169993
0.31349,5.9169993
0.31349498,5.9169993
0.3135,5.9169993
0.313505,5.9169993
0.31351,5.9169993
0.31351498,5.9169993
0.31351998,5.9169993
0.313525,5.9169993
0.31353,5.9169993
0.313535,5.9169993
0.31353998,5.9169993
0.313545,5.9169993
0.31355,5.9169993
0.313555,5.9169993
0.31355998,5.9169993
0.313565,5.9169993
0.31357,5.9169993
0.313575,5.9169993
0.31358,5.9169993
0.31358498,5.9169993
0.31359,5.9169993
0.313595,5.9169993
0.3136,5.9169993
0.31360498,5.9169993
0.31361,5.9169993
0.313615,5.9169993
0.31362,5.9169993
0.31362498,5.9169993
0.31362998,5.9169993
0.313635,5.9169993
0.31364,5.9169993
0.313645,5.9169993
0.31364998,5.9169993
0.313655,5.9169993
0.31366,5.9169993
0.313665,5.9169993
0.31366998,5.9169993
0.313675,5.9169993
0.31368,5.9169993
0.313685,5.9169993
0.31369,5.9169993
0.31369498,5.9169993
0.3137,5.9169993
0.313705,5.9169993
0.31371,5.9169993
0.31371498,5.9169993
0.31372,5.9169993
0.313725,5.9169993
0.31373,5.9169993
0.31373498,5.9169993
0.31374,5.9169993
0.313745,5.9169993
0.31375,5.9169993
0.313755,5.9169993
0.31375998,5.9169993
0.313765,5.9169993
0.31377,5.9169993
0.313775,5.9169993
0.31377998,5.9169993
0.313785,5.9169993
0.31379,5.9169993
0.313795,5.9169993
0.31379998,5.9169993
0.31380498,5.9169993
0.31381,5.9169993
0.313815,5.9169993
0.31382,5.9169993
0.31382498,5.9169993
0.31383,5.9169993
0.313835,5.9169993
0.31384,5.9169993
0.31384498,5.9169993
0.31385,5.9169993
0.313855,5.9169993
0.31386,5.9169993
0.313865,5.9169993
0.31386998,5.9169993
0.313875,5.9169993
0.31388,5.9169993
0.313885,5.9169993
0.31388998,5.9169993
0.313895,5.9169993
0.3139,5.9169993
0.313905,5.9169993
0.31390998,5.9169993
0.31391498,5.9169993
0.31392,5.9169993
0.313925,5.9169993
0.31393,5.9169993
0.31393498,5.9169993
0.31394,5.9169993
0.313945,5.9169993
0.31395,5.9169993
0.31395498,5.9169993
0.31396,5.9169993
0.313965,5.9169993
0.31397,5.9169993
0.313975,5.9169993
0.31397998,5.9169993
0.313985,5.9169993
0.31399,5.9169993
0.313995,5.9169993
0.31399998,5.9169993
0.314005,5.9169993
0.31401,5.9169993
0.314015,5.9169993
0.31401998,5.9169993
0.31402498,5.9169993
0.31403,5.9169993
0.314035,5.9169993
0.31404,5.9169993
0.31404498,5.9169993
0.31405,5.9169993
0.314055,5.9169993
0.31406,5.9169993
0.31406498,5.9169993
0.31407,5.9169993
0.314075,5.9169993
0.31408,5.9169993
0.314085,5.9169993
0.31408998,5.9169993
0.314095,5.9169993
0.3141,5.9169993
0.314105,5.9169993
0.31410998,5.9169993
0.314115,5.9169993
0.31412,5.9169993
0.314125,5.9169993
0.31412998,5.9169993
0.314135,5.9169993
0.31414,5.9169993
0.314145,5.9169993
0.31415,5.9169993
0.31415498,5.9169993
0.31416,5.9169993
0.314165,5.9169993
0.31417,5.9169993
0.31417498,5.9169993
0.31418,5.9169993
0.314185,5.9169993
0.31419,5.9169993
0.31419498,5.9169993
0.31419998,5.9169993
0.314205,5.9169993
0.31421,5.9169993
0.314215,5.9169993
0.31421998,5.9169993
0.314225,5.9169993
0.31423,5.9169993
0.314235,5.9169993
0.31423998,5.9169993
0.314245,5.9169993
0.31425,5.9169993
0.314255,5.9169993
0.31426,5.9169993
0.31426498,5.9169993
0.31427,5.9169993
0.314275,5.9169993
0.31428,5.9169993
0.31428498,5.9169993
0.31429,5.9169993
0.314295,5.9169993
0.3143,5.9169993
0.31430498,5.9169993
0.31430998,5.9169993
0.314315,5.9169993
0.31432,5.9169993
0.314325,5.9169993
0.31432998,5.9169993
0.314335,5.9169993
0.31434,5.9169993
0.314345,5.9169993
0.31434998,5.9169993
0.314355,5.9169993
0.31436,5.9169993
0.314365,5.9169993
0.31437,5.9169993
0.31437498,5.9169993
0.31438,5.9169993
0.314385,5.9169993
0.31439,5.9169993
0.31439498,5.9169993
0.3144,5.9169993
0.314405,5.9169993
0.31441,5.9169993
0.31441498,5.9169993
0.31441998,5.9169993
0.314425,5.9169993
0.31443,5.9169993
0.314435,5.9169993
0.31443998,5.9169993
0.314445,5.9169993
0.31445,5.9169993
0.314455,5.9169993
0.31445998,5.9169993
0.314465,5.9169993
0.31447,5.9169993
0.314475,5.9169993
0.31448,5.9169993
0.31448498,5.9169993
0.31449,5.9169993
0.314495,5.9169993
0.3145,5.9169993
0.31450498,5.9169993
0.31451,5.9169993
0.314515,5.9169993
0.31452,5.9169993
0.31452498,5.9169993
0.31453,5.9169993
0.314535,5.9169993
0.31454,5.9169993
0.314545,5.9169993
0.31454998,5.9169993
0.314555,5.9169993
0.31456,5.9169993
0.314565,5.9169993
0.31456998,5.9169993
0.314575,5.9169993
0.31458,5.9169993
0.314585,5.9169993
0.31458998,5.9169993
0.31459498,5.9169993
0.3146,5.9169993
0.314605,5.9169993
0.31461,5.9169993
0.31461498,5.9169993
0.31462,5.9169993
0.314625,5.9169993
0.31463,5.9169993
0.31463498,5.9169993
0.31464,5.9169993
0.314645,5.9169993
0.31465,5.9169993
0.314655,5.9169993
0.31465998,5.9169993
0.314665,5.9169993
0.31467,5.9169993
0.314675,5.9169993
0.31467998,5.9169993
0.314685,5.9169993
0.31469,5.9169993
0.314695,5.9169993
0.31469998,5.9169993
0.31470498,5.9169993
0.31471,5.9169993
0.314715,5.9169993
0.31472,5.9169993
0.31472498,5.9169993
0.31473,5.9169993
0.314735,5.9169993
0.31474,5.9169993
0.31474498,5.9169993
0.31475,5.9169993
0.314755,5.9169993
0.31476,5.9169993
0.314765,5.9169993
0.31476998,5.9169993
0.314775,5.9169993
0.31478,5.9169993
0.314785,5.9169993
0.31478998,5.9169993
0.314795,5.9169993
0.3148,5.9169993
0.314805,5.9169993
0.31480998,5.9169993
0.31481498,5.9169993
0.31482,5.9169993
0.314825,5.9169993
0.31483,5.9169993
0.31483498,5.9169993
0.31484,5.9169993
0.314845,5.9169993
0.31485,5.9169993
0.31485498,5.9169993
0.31486,5.9169993
0.314865,5.9169993
0.31487,5.9169993
0.314875,5.9169993
0.31487998,5.9169993
0.314885,5.9169993
0.31489,5.9169993
0.314895,5.9169993
0.31489998,5.9169993
0.314905,5.9169993
0.31491,5.9169993
0.314915,5.9169993
0.31491998,5.9169993
0.314925,5.9169993
0.31493,5.9169993
0.314935,5.9169993
0.31494,5.9169993
0.31494498,5.9169993
0.31495,5.9169993
0.314955,5.9169993
0.31496,5.9169993
0.31496498,5.9169993
0.31497,5.9169993
0.314975,5.9169993
0.31498,5.9169993
0.31498498,5.9169993
0.31498998,5.9169993
0.314995,5.9169993
0.315,5.9169993
0.315005,5.9169993
0.31500998,5.9169993
0.315015,5.9169993
0.31502,5.9169993
0.315025,5.9169993
0.31502998,5.9169993
0.315035,5.9169993
0.31504,5.9169993
0.315045,5.9169993
0.31505,5.9169993
0.31505498,5.9169993
0.31506,5.9169993
0.315065,5.9169993
0.31507,5.9169993
0.31507498,5.9169993
0.31508,5.9169993
0.315085,5.9169993
0.31509,5.9169993
0.31509498,5.9169993
0.31509998,5.9169993
0.315105,5.9169993
0.31511,5.9169993
0.315115,5.9169993
0.31511998,5.9169993
0.315125,5.9169993
0.31513,5.9169993
0.315135,5.9169993
0.31513998,5.9169993
0.315145,5.9169993
0.31515,5.9169993
0.315155,5.9169993
0.31516,5.9169993
0.31516498,5.9169993
0.31517,5.9169993
0.315175,5.9169993
0.31518,5.9169993
0.31518498,5.9169993
0.31519,5.9169993
0.315195,5.9169993
0.3152,5.9169993
0.31520498,5.9169993
0.31520998,5.9169993
0.315215,5.9169993
0.31522,5.9169993
0.315225,5.9169993
0.31522998,5.9169993
0.315235,5.9169993
0.31524,5.9169993
0.315245,5.9169993
0.31524998,5.9169993
0.315255,5.9169993
0.31526,5.9169993
0.315265,5.9169993
0.31527,5.9169993
0.31527498,5.9169993
0.31528,5.9169993
0.315285,5.9169993
0.31529,5.9169993
0.31529498,5.9169993
0.3153,5.9169993
0.315305,5.9169993
0.31531,5.9169993
0.31531498,5.9169993
0.31532,5.9169993
0.315325,5.9169993
0.31533,5.9169993
0.315335,5.9169993
0.31533998,5.9169993
0.315345,5.9169993
0.31535,5.9169993
0.315355,5.9169993
0.31535998,5.9169993
0.315365,5.9169993
0.31537,5.9169993
0.315375,5.9169993
0.31537998,5.9169993
0.31538498,5.9169993
0.31539,5.9169993
0.315395,5.9169993
0.3154,5.9169993
0.31540498,5.9169993
0.31541,5.9169993
0.315415,5.9169993
0.31542,5.9169993
0.31542498,5.9169993
0.31543,5.9169993
0.315435,5.9169993
0.31544,5.9169993
0.315445,5.9169993
0.31544998,5.9169993
0.315455,5.9169993
0.31546,5.9169993
0.315465,5.9169993
0.31546998,5.9169993
0.315475,5.9169993
0.31548,5.9169993
0.315485,5.9169993
0.31548998,5.9169993
0.31549498,5.9169993
0.3155,5.9169993
0.315505,5.9169993
0.31551,5.9169993
0.31551498,5.9169993
0.31552,5.9169993
0.315525,5.9169993
0.31553,5.9169993
0.31553498,5.9169993
0.31554,5.9169993
0.315545,5.9169993
0.31555,5.9169993
0.315555,5.9169993
0.31555998,5.9169993
0.315565,5.9169993
0.31557,5.9169993
0.315575,5.9169993
0.31557998,5.9169993
0.315585,5.9169993
0.31559,5.9169993
0.315595,5.9169993
0.31559998,5.9169993
0.31560498,5.9169993
0.31561,5.9169993
0.315615,5.9169993
0.31562,5.9169993
0.31562498,5.9169993
0.31563,5.9169993
0.315635,5.9169993
0.31564,5.9169993
0.31564498,5.9169993
0.31565,5.9169993
0.315655,5.9169993
0.31566,5.9169993
0.315665,5.9169993
0.31566998,5.9169993
0.315675,5.9169993
0.31568,5.9169993
0.315685,5.9169993
0.31568998,5.9169993
0.315695,5.9169993
0.3157,5.9169993
0.315705,5.9169993
0.31570998,5.9169993
0.315715,5.9169993
0.31572,5.9169993
0.315725,5.9169993
0.31573,5.9169993
0.31573498,5.9169993
0.31574,5.9169993
0.315745,5.9169993
0.31575,5.9169993
0.31575498,5.9169993
0.31576,5.9169993
0.315765,5.9169993
0.31577,5.9169993
0.31577498,5.9169993
0.31577998,5.9169993
0.315785,5.9169993
0.31579,5.9169993
0.315795,5.9169993
0.31579998,5.9169993
0.315805,5.9169993
0.31581,5.9169993
0.315815,5.9169993
0.31581998,5.9169993
0.315825,5.9169993
0.31583,5.9169993
0.315835,5.9169993
0.31584,5.9169993
0.31584498,5.9169993
0.31585,5.9169993
0.315855,5.9169993
0.31586,5.9169993
0.31586498,5.9169993
0.31587,5.9169993
0.315875,5.9169993
0.31588,5.9169993
0.31588498,5.9169993
0.31588998,5.9169993
0.315895,5.9169993
0.3159,5.9169993
0.315905,5.9169993
0.31590998,5.9169993
0.315915,5.9169993
0.31592,5.9169993
0.315925,5.9169993
0.31592998,5.9169993
0.315935,5.9169993
0.31594,5.9169993
0.315945,5.9169993
0.31595,5.9169993
0.31595498,5.9169993
0.31596,5.9169993
0.315965,5.9169993
0.31597,5.9169993
0.31597498,5.9169993
0.31598,5.9169993
0.315985,5.9169993
0.31599,5.9169993
0.31599498,5.9169993
0.31599998,5.9169993
0.316005,5.9169993
0.31601,5.9169993
0.316015,5.9169993
0.31601998,5.9169993
0.316025,5.9169993
0.31603,5.9169993
0.316035,5.9169993
0.31603998,5.9169993
0.316045,5.9169993
0.31605,5.9169993
0.316055,5.9169993
0.31606,5.9169993
0.31606498,5.9169993
0.31607,5.9169993
0.316075,5.9169993
0.31608,5.9169993
0.31608498,5.9169993
0.31609,5.9169993
0.316095,5.9169993
0.3161,5.9169993
0.31610498,5.9169993
0.31611,5.9169993
0.316115,5.9169993
0.31612,5.9169993
0.316125,5.9169993
0.31612998,5.9169993
0.316135,5.9169993
0.31614,5.9169993
0.316145,5.9169993
0.31614998,5.9169993
0.316155,5.9169993
0.31616,5.9169993
0.316165,5.9169993
0.31616998,5.9169993
0.31617498,5.9169993
0.31618,5.9169993
0.316185,5.9169993
0.31619,5.9169993
0.31619498,5.9169993
0.3162,5.9169993
0.316205,5.9169993
0.31621,5.9169993
0.31621498,5.9169993
0.31622,5.9169993
0.316225,5.9169993
0.31623,5.9169993
0.316235,5.9169993
0.31623998,5.9169993
0.316245,5.9169993
0.31625,5.9169993
0.316255,5.9169993
0.31625998,5.9169993
0.316265,5.9169993
0.31627,5.9169993
0.316275,5.9169993
0.31627998,5.9169993
0.31628498,5.9169993
0.31629,5.9169993
0.316295,5.9169993
0.3163,5.9169993
0.31630498,5.9169993
0.31631,5.9169993
0.316315,5.9169993
0.31632,5.9169993
0.31632498,5.9169993
0.31633,5.9169993
0.316335,5.9169993
0.31634,5.9169993
0.316345,5.9169993
0.31634998,5.9169993
0.316355,5.9169993
0.31636,5.9169993
0.316365,5.9169993
0.31636998,5.9169993
0.316375,5.9169993
0.31638,5.9169993
0.316385,5.9169993
0.31638998,5.9169993
0.31639498,5.9169993
0.3164,5.9169993
0.316405,5.9169993
0.31641,5.9169993
0.31641498,5.9169993
0.31642,5.9169993
0.316425,5.9169993
0.31643,5.9169993
0.31643498,5.9169993
0.31644,5.9169993
0.316445,5.9169993
0.31645,5.9169993
0.316455,5.9169993
0.31645998,5.9169993
0.316465,5.9169993
0.31647,5.9169993
0.316475,5.9169993
0.31647998,5.9169993
0.316485,5.9169993
0.31649,5.9169993
0.316495,5.9169993
0.31649998,5.9169993
0.31650499,5.9169993
0.31651,5.9169993
0.316515,5.9169993
0.31652,5.9169993
0.31652498,5.9169993
0.31653,5.9169993
0.316535,5.9169993
0.31654,5.9169993
0.31654498,5.9169993
0.31655,5.9169993
0.316555,5.9169993
0.31656,5.9169993
0.31656498,5.9169993
0.31656998,5.9169993
0.316575,5.9169993
0.31658,5.9169993
0.316585,5.9169993
0.31658998,5.9169993
0.316595,5.9169993
0.3166,5.9169993
0.316605,5.9169993
0.31660998,5.9169993
0.316615,5.9169993
0.31662,5.9169993
0.316625,5.9169993
0.31663,5.9169993
0.31663498,5.9169993
0.31664,5.9169993
0.316645,5.9169993
0.31665,5.9169993
0.31665498,5.9169993
0.31666,5.9169993
0.316665,5.9169993
0.31667,5.9169993
0.31667498,5.9169993
0.31667998,5.9169993
0.316685,5.9169993
0.31669,5.9169993
0.316695,5.9169993
0.31669998,5.9169993
0.316705,5.9169993
0.31671,5.9169993
0.316715,5.9169993
0.31671998,5.9169993
0.316725,5.9169993
0.31673,5.9169993
0.316735,5.9169993
0.31674,5.9169993
0.31674498,5.9169993
0.31675,5.9169993
0.316755,5.9169993
0.31676,5.9169993
0.31676498,5.9169993
0.31677,5.9169993
0.316775,5.9169993
0.31678,5.9169993
0.31678498,5.9169993
0.31678998,5.9169993
0.316795,5.9169993
0.3168,5.9169993
0.316805,5.9169993
0.31680998,5.9169993
0.316815,5.9169993
0.31682,5.9169993
0.316825,5.9169993
0.31682998,5.9169993
0.316835,5.9169993
0.31684,5.9169993
0.316845,5.9169993
0.31685,5.9169993
0.31685498,5.9169993
0.31686,5.9169993
0.316865,5.9169993
0.31687,5.9169993
0.31687498,5.9169993
0.31688,5.9169993
0.316885,5.9169993
0.31689,5.9169993
0.31689498,5.9169993
0.31689999,5.9169993
0.316905,5.9169993
0.31691,5.9169993
0.316915,5.9169993
0.31691998,5.9169993
0.316925,5.9169993
0.31693,5.9169993
0.316935,5.9169993
0.31693998,5.9169993
0.316945,5.9169993
0.31695,5.9169993
0.316955,5.9169993
0.31695998,5.9169993
0.31696498,5.9169993
0.31697,5.9169993
0.316975,5.9169993
0.31698,5.9169993
0.31698498,5.9169993
0.31699,5.9169993
0.316995,5.9169993
0.317,5.9169993
0.31700498,5.9169993
0.31701,5.9169993
0.317015,5.9169993
0.31702,5.9169993
0.317025,5.9169993
0.31702998,5.9169993
0.317035,5.9169993
0.31704,5.9169993
0.317045,5.9169993
0.31704998,5.9169993
0.317055,5.9169993
0.31706,5.9169993
0.317065,5.9169993
0.31706998,5.9169993
0.31707498,5.9169993
0.31708,5.9169993
0.317085,5.9169993
0.31709,5.9169993
0.31709498,5.9169993
0.3171,5.9169993
0.317105,5.9169993
0.31711,5.9169993
0.31711498,5.9169993
0.31712,5.9169993
0.317125,5.9169993
0.31713,5.9169993
0.317135,5.9169993
0.31713998,5.9169993
0.317145,5.9169993
0.31715,5.9169993
0.317155,5.9169993
0.31715998,5.9169993
0.317165,5.9169993
0.31717,5.9169993
0.317175,5.9169993
0.31717998,5.9169993
0.31718498,5.9169993
0.31719,5.9169993
0.317195,5.9169993
0.3172,5.9169993
0.31720498,5.9169993
0.31721,5.9169993
0.317215,5.9169993
0.31722,5.9169993
0.31722498,5.9169993
0.31723,5.9169993
0.317235,5.9169993
0.31724,5.9169993
0.317245,5.9169993
0.31724998,5.9169993
0.317255,5.9169993
0.31726,5.9169993
0.317265,5.9169993
0.31726998,5.9169993
0.317275,5.9169993
0.31728,5.9169993
0.317285,5.9169993
0.31728998,5.9169993
0.31729499,5.9169993
0.3173,5.9169993
0.317305,5.9169993
0.31731,5.9169993
0.31731498,5.9169993
0.31732,5.9169993
0.317325,5.9169993
0.31733,5.9169993
0.31733498,5.9169993
0.31734,5.9169993
0.317345,5.9169993
0.31735,5.9169993
0.31735498,5.9169993
0.31735998,5.9169993
0.317365,5.9169993
0.31737,5.9169993
0.317375,5.9169993
0.31737998,5.9169993
0.317385,5.9169993
0.31739,5.9169993
0.317395,5.9169993
0.31739998,5.9169993
0.317405,5.9169993
0.31741,5.9169993
0.317415,5.9169993
0.31742,5.9169993
0.31742498,5.9169993
0.31743,5.9169993
0.317435,5.9169993
0.31744,5.9169993
0.31744498,5.9169993
0.31745,5.9169993
0.317455,5.9169993
0.31746,5.9169993
0.31746498,5.9169993
0.31746998,5.9169993
0.317475,5.9169993
0.31748,5.9169993
0.317485,5.9169993
0.31748998,5.9169993
0.317495,5.9169993
0.3175,5.9169993
0.317505,5.9169993
0.31750998,5.9169993
0.317515,5.9169993
0.31752,5.9169993
0.317525,5.9169993
0.31753,5.9169993
0.31753498,5.9169993
0.31754,5.9169993
0.317545,5.9169993
0.31755,5.9169993
0.31755498,5.9169993
0.31756,5.9169993
0.317565,5.9169993
0.31757,5.9169993
0.31757498,5.9169993
0.31757998,5.9169993
0.317585,5.9169993
0.31759,5.9169993
0.317595,5.9169993
0.31759998,5.9169993
0.317605,5.9169993
0.31761,5.9169993
0.317615,5.9169993
0.31761998,5.9169993
0.317625,5.9169993
0.31763,5.9169993
0.317635,5.9169993
0.31764,5.9169993
0.31764498,5.9169993
0.31765,5.9169993
0.317655,5.9169993
0.31766,5.9169993
0.31766498,5.9169993
0.31767,5.9169993
0.317675,5.9169993
0.31768,5.9169993
0.31768498,5.9169993
0.31768999,5.9169993
0.317695,5.9169993
0.3177,5.9169993
0.317705,5.9169993
0.31770998,5.9169993
0.317715,5.9169993
0.31772,5.9169993
0.317725,5.9169993
0.31772998,5.9169993
0.317735,5.9169993
0.31774,5.9169993
0.317745,5.9169993
0.31774998,5.9169993
0.31775498,5.9169993
0.31776,5.9169993
0.317765,5.9169993
0.31777,5.9169993
0.31777498,5.9169993
0.31778,5.9169993
0.317785,5.9169993
0.31779,5.9169993
0.31779498,5.9169993
0.3178,5.9169993
0.317805,5.9169993
0.31781,5.9169993
0.317815,5.9169993
0.31781998,5.9169993
0.317825,5.9169993
0.31783,5.9169993
0.317835,5.9169993
0.31783998,5.9169993
0.317845,5.9169993
0.31785,5.9169993
0.317855,5.9169993
0.31785998,5.9169993
0.31786498,5.9169993
0.31787,5.9169993
0.317875,5.9169993
0.31788,5.9169993
0.31788498,5.9169993
0.31789,5.9169993
0.317895,5.9169993
0.3179,5.9169993
0.31790498,5.9169993
0.31791,5.9169993
0.317915,5.9169993
0.31792,5.9169993
0.317925,5.9169993
0.31792998,5.9169993
0.317935,5.9169993
0.31794,5.9169993
0.317945,5.9169993
0.31794998,5.9169993
0.317955,5.9169993
0.31796,5.9169993
0.317965,5.9169993
0.31796998,5.9169993
0.31797498,5.9169993
0.31798,5.9169993
0.317985,5.9169993
0.31799,5.9169993
0.31799498,5.9169993
0.318,5.9169993
0.318005,5.9169993
0.31801,5.9169993
0.31801498,5.9169993
0.31802,5.9169993
0.318025,5.9169993
0.31803,5.9169993
0.318035,5.9169993
0.31803998,5.9169993
0.318045,5.9169993
0.31805,5.9169993
0.318055,5.9169993
0.31805998,5.9169993
0.318065,5.9169993
0.31807,5.9169993
0.318075,5.9169993
0.31807998,5.9169993
0.31808499,5.9169993
0.31809,5.9169993
0.318095,5.9169993
0.3181,5.9169993
0.31810498,5.9169993
0.31811,5.9169993
0.318115,5.9169993
0.31812,5.9169993
0.31812498,5.9169993
0.31813,5.9169993
0.318135,5.9169993
0.31814,5.9169993
0.31814498,5.9169993
0.31814998,5.9169993
0.318155,5.9169993
0.31816,5.9169993
0.318165,5.9169993
0.31816998,5.9169993
0.318175,5.9169993
0.31818,5.9169993
0.318185,5.9169993
0.31818998,5.9169993
0.318195,5.9169993
0.3182,5.9169993
0.318205,5.9169993
0.31821,5.9169993
0.31821498,5.9169993
0.31822,5.9169993
0.318225,5.9169993
0.31823,5.9169993
0.31823498,5.9169993
0.31824,5.9169993
0.318245,5.9169993
0.31825,5.9169993
0.31825498,5.9169993
0.31825998,5.9169993
0.318265,5.9169993
0.31827,5.9169993
0.318275,5.9169993
0.31827998,5.9169993
0.318285,5.9169993
0.31829,5.9169993
0.318295,5.9169993
0.31829998,5.9169993
0.318305,5.9169993
0.31831,5.9169993
0.318315,5.9169993
0.31832,5.9169993
0.31832498,5.9169993
0.31833,5.9169993
0.318335,5.9169993
0.31834,5.9169993
0.31834498,5.9169993
0.31835,5.9169993
0.318355,5.9169993
0.31836,5.9169993
0.31836498,5.9169993
0.31836998,5.9169993
0.318375,5.9169993
0.31838,5.9169993
0.318385,5.9169993
0.31838998,5.9169993
0.318395,5.9169993
0.3184,5.9169993
0.318405,5.9169993
0.31840998,5.9169993
0.318415,5.9169993
0.31842,5.9169993
0.318425,5.9169993
0.31843,5.9169993
0.31843498,5.9169993
0.31844,5.9169993
0.318445,5.9169993
0.31845,5.9169993
0.31845498,5.9169993
0.31846,5.9169993
0.318465,5.9169993
0.31847,5.9169993
0.31847498,5.9169993
0.31847998,5.9169993
0.318485,5.9169993
0.31849,5.9169993
0.318495,5.9169993
0.31849998,5.9169993
0.318505,5.9169993
0.31851,5.9169993
0.318515,5.9169993
0.31851998,5.9169993
0.318525,5.9169993
0.31853,5.9169993
0.318535,5.9169993
0.31853998,5.9169993
0.31854498,5.9169993
0.31855,5.9169993
0.318555,5.9169993
0.31856,5.9169993
0.31856498,5.9169993
0.31857,5.9169993
0.318575,5.9169993
0.31858,5.9169993
0.31858498,5.9169993
0.31859,5.9169993
0.318595,5.9169993
0.3186,5.9169993
0.318605,5.9169993
0.31860998,5.9169993
0.318615,5.9169993
0.31862,5.9169993
0.318625,5.9169993
0.31862998,5.9169993
0.318635,5.9169993
0.31864,5.9169993
0.318645,5.9169993
0.31864998,5.9169993
0.31865498,5.9169993
0.31866,5.9169993
0.318665,5.9169993
0.31867,5.9169993
0.31867498,5.9169993
0.31868,5.9169993
0.318685,5.9169993
0.31869,5.9169993
0.31869498,5.9169993
0.3187,5.9169993
0.318705,5.9169993
0.31871,5.9169993
0.318715,5.9169993
0.31871998,5.9169993
0.318725,5.9169993
0.31873,5.9169993
0.318735,5.9169993
0.31873998,5.9169993
0.318745,5.9169993
0.31875,5.9169993
0.318755,5.9169993
0.31875998,5.9169993
0.31876498,5.9169993
0.31877,5.9169993
0.318775,5.9169993
0.31878,5.9169993
0.31878498,5.9169993
0.31879,5.9169993
0.318795,5.9169993
0.3188,5.9169993
0.31880498,5.9169993
0.31881,5.9169993
0.318815,5.9169993
0.31882,5.9169993
0.318825,5.9169993
0.31882998,5.9169993
0.318835,5.9169993
0.31884,5.9169993
0.318845,5.9169993
0.31884998,5.9169993
0.318855,5.9169993
0.31886,5.9169993
0.318865,5.9169993
0.31886998,5.9169993
0.31887498,5.9169993
0.31888,5.9169993
0.318885,5.9169993
0.31889,5.9169993
0.31889498,5.9169993
0.3189,5.9169993
0.318905,5.9169993
0.31891,5.9169993
0.31891498,5.9169993
0.31892,5.9169993
0.318925,5.9169993
0.31893,5.9169993
0.31893498,5.9169993
0.31893998,5.9169993
0.318945,5.9169993
0.31895,5.9169993
0.318955,5.9169993
0.31895998,5.9169993
0.318965,5.9169993
0.31897,5.9169993
0.318975,5.9169993
0.31897998,5.9169993
0.318985,5.9169993
0.31899,5.9169993
0.318995,5.9169993
0.319,5.9169993
0.31900498,5.9169993
0.31901,5.9169993
0.319015,5.9169993
0.31902,5.9169993
0.31902498,5.9169993
0.31903,5.9169993
0.319035,5.9169993
0.31904,5.9169993
0.31904498,5.9169993
0.31904998,5.9169993
0.319055,5.9169993
0.31906,5.9169993
0.319065,5.9169993
0.31906998,5.9169993
0.319075,5.9169993
0.31908,5.9169993
0.319085,5.9169993
0.31908998,5.9169993
0.319095,5.9169993
0.3191,5.9169993
0.319105,5.9169993
0.31911,5.9169993
0.31911498,5.9169993
0.31912,5.9169993
0.319125,5.9169993
0.31913,5.9169993
0.31913498,5.9169993
0.31914,5.9169993
0.319145,5.9169993
0.31915,5.9169993
0.31915498,5.9169993
0.31915998,5.9169993
0.319165,5.9169993
0.31917,5.9169993
0.319175,5.9169993
0.31917998,5.9169993
0.319185,5.9169993
0.31919,5.9169993
0.319195,5.9169993
0.31919998,5.9169993
0.319205,5.9169993
0.31921,5.9169993
0.319215,5.9169993
0.31922,5.9169993
0.31922498,5.9169993
0.31923,5.9169993
0.319235,5.9169993
0.31924,5.9169993
0.31924498,5.9169993
0.31925,5.9169993
0.319255,5.9169993
0.31926,5.9169993
0.31926498,5.9169993
0.31926998,5.9169993
0.319275,5.9169993
0.31928,5.9169993
0.319285,5.9169993
0.31928998,5.9169993
0.319295,5.9169993
0.3193,5.9169993
0.319305,5.9169993
0.31930998,5.9169993
0.319315,5.9169993
0.31932,5.9169993
0.319325,5.9169993
0.31932998,5.9169993
0.31933498,5.9169993
0.31934,5.9169993
0.319345,5.9169993
0.31935,5.9169993
0.31935498,5.9169993
0.31936,5.9169993
0.319365,5.9169993
0.31937,5.9169993
0.31937498,5.9169993
0.31938,5.9169993
0.319385,5.9169993
0.31939,5.9169993
0.319395,5.9169993
0.31939998,5.9169993
0.319405,5.9169993
0.31941,5.9169993
0.319415,5.9169993
0.31941998,5.9169993
0.319425,5.9169993
0.31943,5.9169993
0.319435,5.9169993
0.31943998,5.9169993
0.31944498,5.9169993
0.31945,5.9169993
0.319455,5.9169993
0.31946,5.9169993
0.31946498,5.9169993
0.31947,5.9169993
0.319475,5.9169993
0.31948,5.9169993
0.31948498,5.9169993
0.31949,5.9169993
0.319495,5.9169993
0.3195,5.9169993
0.319505,5.9169993
0.31950998,5.9169993
0.319515,5.9169993
0.31952,5.9169993
0.319525,5.9169993
0.31952998,5.9169993
0.319535,5.9169993
0.31954,5.9169993
0.319545,5.9169993
0.31954998,5.9169993
0.31955498,5.9169993
0.31956,5.9169993
0.319565,5.9169993
0.31957,5.9169993
0.31957498,5.9169993
0.31958,5.9169993
0.319585,5.9169993
0.31959,5.9169993
0.31959498,5.9169993
0.3196,5.9169993
0.319605,5.9169993
0.31961,5.9169993
0.319615,5.9169993
0.31961998,5.9169993
0.319625,5.9169993
0.31963,5.9169993
0.319635,5.9169993
0.31963998,5.9169993
0.319645,5.9169993
0.31965,5.9169993
0.319655,5.9169993
0.31965998,5.9169993
0.31966498,5.9169993
0.31967,5.9169993
0.319675,5.9169993
0.31968,5.9169993
0.31968498,5.9169993
0.31969,5.9169993
0.319695,5.9169993
0.3197,5.9169993
0.31970498,5.9169993
0.31971,5.9169993
0.319715,5.9169993
0.31972,5.9169993
0.319725,5.9169993
0.31972998,5.9169993
0.319735,5.9169993
0.31974,5.9169993
0.319745,5.9169993
0.31974998,5.9169993
0.319755,5.9169993
0.31976,5.9169993
0.319765,5.9169993
0.31976998,5.9169993
0.319775,5.9169993
0.31978,5.9169993
0.319785,5.9169993
0.31979,5.9169993
0.31979498,5.9169993
0.3198,5.9169993
0.319805,5.9169993
0.31981,5.9169993
0.31981498,5.9169993
0.31982,5.9169993
0.319825,5.9169993
0.31983,5.9169993
0.31983498,5.9169993
0.31983998,5.9169993
0.319845,5.9169993
0.31985,5.9169993
0.319855,5.9169993
0.31985998,5.9169993
0.319865,5.9169993
0.31987,5.9169993
0.319875,5.9169993
0.31987998,5.9169993
0.319885,5.9169993
0.31989,5.9169993
0.319895,5.9169993
0.3199,5.9169993
0.31990498,5.9169993
0.31991,5.9169993
0.319915,5.9169993
0.31992,5.9169993
0.31992498,5.9169993
0.31993,5.9169993
0.319935,5.9169993
0.31994,5.9169993
0.31994498,5.9169993
0.31994998,5.9169993
0.319955,5.9169993
0.31996,5.9169993
0.319965,5.9169993
0.31996998,5.9169993
0.319975,5.9169993
0.31998,5.9169993
0.319985,5.9169993
0.31998998,5.9169993
0.319995,5.9169993
0.32,5.9169993
0.320005,5.9169993
0.32001,5.9169993
0.32001498,5.9169993
0.32002,5.9169993
0.320025,5.9169993
0.32003,5.9169993
0.32003498,5.9169993
0.32004,5.9169993
0.320045,5.9169993
0.32005,5.9169993
0.32005498,5.9169993
0.32005998,5.9169993
0.320065,5.9169993
0.32007,5.9169993
0.320075,5.9169993
0.32007998,5.9169993
0.320085,5.9169993
0.32009,5.9169993
0.320095,5.9169993
0.32009998,5.9169993
0.320105,5.9169993
0.32011,5.9169993
0.320115,5.9169993
0.32012,5.9169993
0.32012498,5.9169993
0.32013,5.9169993
0.320135,5.9169993
0.32014,5.9169993
0.32014498,5.9169993
0.32015,5.9169993
0.320155,5.9169993
0.32016,5.9169993
0.32016498,5.9169993
0.32017,5.9169993
0.320175,5.9169993
0.32018,5.9169993
0.320185,5.9169993
0.32018998,5.9169993
0.320195,5.9169993
0.3202,5.9169993
0.320205,5.9169993
0.32020998,5.9169993
0.320215,5.9169993
0.32022,5.9169993
0.320225,5.9169993
0.32022998,5.9169993
0.32023498,5.9169993
0.32024,5.9169993
0.320245,5.9169993
0.32025,5.9169993
0.32025498,5.9169993
0.32026,5.9169993
0.320265,5.9169993
0.32027,5.9169993
0.32027498,5.9169993
0.32028,5.9169993
0.320285,5.9169993
0.32029,5.9169993
0.320295,5.9169993
0.32029998,5.9169993
0.320305,5.9169993
0.32031,5.9169993
0.320315,5.9169993
0.32031998,5.9169993
0.320325,5.9169993
0.32033,5.9169993
0.320335,5.9169993
0.32033998,5.9169993
0.32034498,5.9169993
0.32035,5.9169993
0.320355,5.9169993
0.32036,5.9169993
0.32036498,5.9169993
0.32037,5.9169993
0.320375,5.9169993
0.32038,5.9169993
0.32038498,5.9169993
0.32039,5.9169993
0.320395,5.9169993
0.3204,5.9169993
0.320405,5.9169993
0.32040998,5.9169993
0.320415,5.9169993
0.32042,5.9169993
0.320425,5.9169993
0.32042998,5.9169993
0.320435,5.9169993
0.32044,5.9169993
0.320445,5.9169993
0.32044998,5.9169993
0.32045498,5.9169993
0.32046,5.9169993
0.320465,5.9169993
0.32047,5.9169993
0.32047498,5.9169993
0.32048,5.9169993
0.320485,5.9169993
0.32049,5.9169993
0.32049498,5.9169993
0.3205,5.9169993
0.320505,5.9169993
0.32051,5.9169993
0.320515,5.9169993
0.32051998,5.9169993
0.320525,5.9169993
0.32053,5.9169993
0.320535,5.9169993
0.32053998,5.9169993
0.320545,5.9169993
0.32055,5.9169993
0.320555,5.9169993
0.32055998,5.9169993
0.320565,5.9169993
0.32057,5.9169993
0.320575,5.9169993
0.32058,5.9169993
0.32058498,5.9169993
0.32059,5.9169993
0.320595,5.9169993
0.3206,5.9169993
0.32060498,5.9169993
0.32061,5.9169993
0.320615,5.9169993
0.32062,5.9169993
0.32062498,5.9169993
0.32062998,5.9169993
0.320635,5.9169993
0.32064,5.9169993
0.320645,5.9169993
0.32064998,5.9169993
0.320655,5.9169993
0.32066,5.9169993
0.320665,5.9169993
0.32066998,5.9169993
0.320675,5.9169993
0.32068,5.9169993
0.320685,5.9169993
0.32069,5.9169993
0.32069498,5.9169993
0.3207,5.9169993
0.320705,5.9169993
0.32071,5.9169993
0.32071498,5.9169993
0.32072,5.9169993
0.320725,5.9169993
0.32073,5.9169993
0.32073498,5.9169993
0.32073998,5.9169993
0.320745,5.9169993
0.32075,5.9169993
0.320755,5.9169993
0.32075998,5.9169993
0.320765,5.9169993
0.32077,5.9169993
0.320775,5.9169993
0.32077998,5.9169993
0.320785,5.9169993
0.32079,5.9169993
0.320795,5.9169993
0.3208,5.9169993
0.32080498,5.9169993
0.32081,5.9169993
0.320815,5.9169993
0.32082,5.9169993
0.32082498,5.9169993
0.32083,5.9169993
0.320835,5.9169993
0.32084,5.9169993
0.32084498,5.9169993
0.32084998,5.9169993
0.320855,5.9169993
0.32086,5.9169993
0.320865,5.9169993
0.32086998,5.9169993
0.320875,5.9169993
0.32088,5.9169993
0.320885,5.9169993
0.32088998,5.9169993
0.320895,5.9169993
0.3209,5.9169993
0.320905,5.9169993
0.32091,5.9169993
0.32091498,5.9169993
0.32092,5.9169993
0.320925,5.9169993
0.32093,5.9169993
0.32093498,5.9169993
0.32094,5.9169993
0.320945,5.9169993
0.32095,5.9169993
0.32095498,5.9169993
0.32096,5.9169993
0.320965,5.9169993
0.32097,5.9169993
0.320975,5.9169993
0.32097998,5.9169993
0.320985,5.9169993
0.32099,5.9169993
0.320995,5.9169993
0.32099998,5.9169993
0.321005,5.9169993
0.32101,5.9169993
0.321015,5.9169993
0.32101998,5.9169993
0.32102498,5.9169993
0.32103,5.9169993
0.321035,5.9169993
0.32104,5.9169993
0.32104498,5.9169993
0.32105,5.9169993
0.321055,5.9169993
0.32106,5.9169993
0.32106498,5.9169993
0.32107,5.9169993
0.321075,5.9169993
0.32108,5.9169993
0.321085,5.9169993
0.32108998,5.9169993
0.321095,5.9169993
0.3211,5.9169993
0.321105,5.9169993
0.32110998,5.9169993
0.321115,5.9169993
0.32112,5.9169993
0.321125,5.9169993
0.32112998,5.9169993
0.32113498,5.9169993
0.32114,5.9169993
0.321145,5.9169993
0.32115,5.9169993
0.32115498,5.9169993
0.32116,5.9169993
0.321165,5.9169993
0.32117,5.9169993
0.32117498,5.9169993
0.32118,5.9169993
0.321185,5.9169993
0.32119,5.9169993
0.321195,5.9169993
0.32119998,5.9169993
0.321205,5.9169993
0.32121,5.9169993
0.321215,5.9169993
0.32121998,5.9169993
0.321225,5.9169993
0.32123,5.9169993
0.321235,5.9169993
0.32123998,5.9169993
0.32124498,5.9169993
0.32125,5.9169993
0.321255,5.9169993
0.32126,5.9169993
0.32126498,5.9169993
0.32127,5.9169993
0.321275,5.9169993
0.32128,5.9169993
0.32128498,5.9169993
0.32129,5.9169993
0.321295,5.9169993
0.3213,5.9169993
0.321305,5.9169993
0.32130998,5.9169993
0.321315,5.9169993
0.32132,5.9169993
0.321325,5.9169993
0.32132998,5.9169993
0.321335,5.9169993
0.32134,5.9169993
0.321345,5.9169993
0.32134998,5.9169993
0.321355,5.9169993
0.32136,5.9169993
0.321365,5.9169993
0.32137,5.9169993
0.32137498,5.9169993
0.32138,5.9169993
0.321385,5.9169993
0.32139,5.9169993
0.32139498,5.9169993
0.3214,5.9169993
0.321405,5.9169993
0.32141,5.9169993
0.32141498,5.9169993
0.32141998,5.9169993
0.321425,5.9169993
0.32143,5.9169993
0.321435,5.9169993
0.32143998,5.9169993
0.321445,5.9169993
0.32145,5.9169993
0.321455,5.9169993
0.32145998,5.9169993
0.321465,5.9169993
0.32147,5.9169993
0.321475,5.9169993
0.32148,5.9169993
0.32148498,5.9169993
0.32149,5.9169993
0.321495,5.9169993
0.3215,5.9169993
0.32150498,5.9169993
0.32151,5.9169993
0.321515,5.9169993
0.32152,5.9169993
0.32152498,5.9169993
0.32152998,5.9169993
0.321535,5.9169993
0.32154,5.9169993
0.321545,5.9169993
0.32154998,5.9169993
0.321555,5.9169993
0.32156,5.9169993
0.321565,5.9169993
0.32156998,5.9169993
0.321575,5.9169993
0.32158,5.9169993
0.321585,5.9169993
0.32159,5.9169993
0.32159498,5.9169993
0.3216,5.9169993
0.321605,5.9169993
0.32161,5.9169993
0.32161498,5.9169993
0.32162,5.9169993
0.321625,5.9169993
0.32163,5.9169993
0.32163498,5.9169993
0.32163998,5.9169993
0.321645,5.9169993
0.32165,5.9169993
0.321655,5.9169993
0.32165998,5.9169993
0.321665,5.9169993
0.32167,5.9169993
0.321675,5.9169993
0.32167998,5.9169993
0.321685,5.9169993
0.32169,5.9169993
0.321695,5.9169993
0.3217,5.9169993
0.32170498,5.9169993
0.32171,5.9169993
0.321715,5.9169993
0.32172,5.9169993
0.32172498,5.9169993
0.32173,5.9169993
0.321735,5.9169993
0.32174,5.9169993
0.32174498,5.9169993
0.32175,5.9169993
0.321755,5.9169993
0.32176,5.9169993
0.321765,5.9169993
0.32176998,5.9169993
0.321775,5.9169993
0.32178,5.9169993
0.321785,5.9169993
0.32178998,5.9169993
0.321795,5.9169993
0.3218,5.9169993
0.321805,5.9169993
0.32180998,5.9169993
0.32181498,5.9169993
0.32182,5.9169993
0.321825,5.9169993
0.32183,5.9169993
0.32183498,5.9169993
0.32184,5.9169993
0.321845,5.9169993
0.32185,5.9169993
0.32185498,5.9169993
0.32186,5.9169993
0.321865,5.9169993
0.32187,5.9169993
0.321875,5.9169993
0.32187998,5.9169993
0.321885,5.9169993
0.32189,5.9169993
0.321895,5.9169993
0.32189998,5.9169993
0.321905,5.9169993
0.32191,5.9169993
0.321915,5.9169993
0.32191998,5.9169993
0.32192498,5.9169993
0.32193,5.9169993
0.321935,5.9169993
0.32194,5.9169993
0.32194498,5.9169993
0.32195,5.9169993
0.321955,5.9169993
0.32196,5.9169993
0.32196498,5.9169993
0.32197,5.9169993
0.321975,5.9169993
0.32198,5.9169993
0.321985,5.9169993
0.32198998,5.9169993
0.321995,5.9169993
0.322,5.9169993
0.322005,5.9169993
0.32200998,5.9169993
0.322015,5.9169993
0.32202,5.9169993
0.322025,5.9169993
0.32202998,5.9169993
0.32203498,5.9169993
0.32204,5.9169993
0.322045,5.9169993
0.32205,5.9169993
0.32205498,5.9169993
0.32206,5.9169993
0.322065,5.9169993
0.32207,5.9169993
0.32207498,5.9169993
0.32208,5.9169993
0.322085,5.9169993
0.32209,5.9169993
0.322095,5.9169993
0.32209998,5.9169993
0.322105,5.9169993
0.32211,5.9169993
0.322115,5.9169993
0.32211998,5.9169993
0.322125,5.9169993
0.32213,5.9169993
0.322135,5.9169993
0.32213998,5.9169993
0.322145,5.9169993
0.32215,5.9169993
0.322155,5.9169993
0.32216,5.9169993
0.32216498,5.9169993
0.32217,5.9169993
0.322175,5.9169993
0.32218,5.9169993
0.32218498,5.9169993
0.32219,5.9169993
0.322195,5.9169993
0.3222,5.9169993
0.32220498,5.9169993
0.32220998,5.9169993
0.322215,5.9169993
0.32222,5.9169993
0.322225,5.9169993
0.32222998,5.9169993
0.322235,5.9169993
0.32224,5.9169993
0.322245,5.9169993
0.32224998,5.9169993
0.322255,5.9169993
0.32226,5.9169993
0.322265,5.9169993
0.32227,5.9169993
0.32227498,5.9169993
0.32228,5.9169993
0.322285,5.9169993
0.32229,5.9169993
0.32229498,5.9169993
0.3223,5.9169993
0.322305,5.9169993
0.32231,5.9169993
0.32231498,5.9169993
0.32231998,5.9169993
0.322325,5.9169993
0.32233,5.9169993
0.322335,5.9169993
0.32233998,5.9169993
0.322345,5.9169993
0.32235,5.9169993
0.322355,5.9169993
0.32235998,5.9169993
0.322365,5.9169993
0.32237,5.9169993
0.322375,5.9169993
0.32238,5.9169993
0.32238498,5.9169993
0.32239,5.9169993
0.322395,5.9169993
0.3224,5.9169993
0.32240498,5.9169993
0.32241,5.9169993
0.322415,5.9169993
0.32242,5.9169993
0.32242498,5.9169993
0.32242998,5.9169993
0.322435,5.9169993
0.32244,5.9169993
0.322445,5.9169993
0.32244998,5.9169993
0.322455,5.9169993
0.32246,5.9169993
0.322465,5.9169993
0.32246998,5.9169993
0.322475,5.9169993
0.32248,5.9169993
0.322485,5.9169993
0.32249,5.9169993
0.32249498,5.9169993
0.3225,5.9169993
0.322505,5.9169993
0.32251,5.9169993
0.32251498,5.9169993
0.32252,5.9169993
0.322525,5.9169993
0.32253,5.9169993
0.32253498,5.9169993
0.32254,5.9169993
0.322545,5.9169993
0.32255,5.9169993
0.322555,5.9169993
0.32255998,5.9169993
0.322565,5.9169993
0.32257,5.9169993
0.322575,5.9169993
0.32257998,5.9169993
0.322585,5.9169993
0.32259,5.9169993
0.322595,5.9169993
0.32259998,5.9169993
0.32260498,5.9169993
0.32261,5.9169993
0.322615,5.9169993
0.32262,5.9169993
0.32262498,5.9169993
0.32263,5.9169993
0.322635,5.9169993
0.32264,5.9169993
0.32264498,5.9169993
0.32265,5.9169993
0.322655,5.9169993
0.32266,5.9169993
0.322665,5.9169993
0.32266998,5.9169993
0.322675,5.9169993
0.32268,5.9169993
0.322685,5.9169993
0.32268998,5.9169993
0.322695,5.9169993
0.3227,5.9169993
0.322705,5.9169993
0.32270998,5.9169993
0.32271498,5.9169993
0.32272,5.9169993
0.322725,5.9169993
0.32273,5.9169993
0.32273498,5.9169993
0.32274,5.9169993
0.322745,5.9169993
0.32275,5.9169993
0.32275498,5.9169993
0.32276,5.9169993
0.322765,5.9169993
0.32277,5.9169993
0.322775,5.9169993
0.32277998,5.9169993
0.322785,5.9169993
0.32279,5.9169993
0.322795,5.9169993
0.32279998,5.9169993
0.322805,5.9169993
0.32281,5.9169993
0.322815,5.9169993
0.32281998,5.9169993
0.32282498,5.9169993
0.32283,5.9169993
0.322835,5.9169993
0.32284,5.9169993
0.32284498,5.9169993
0.32285,5.9169993
0.322855,5.9169993
0.32286,5.9169993
0.32286498,5.9169993
0.32287,5.9169993
0.322875,5.9169993
0.32288,5.9169993
0.322885,5.9169993
0.32288998,5.9169993
0.322895,5.9169993
0.3229,5.9169993
0.322905,5.9169993
0.32290998,5.9169993
0.322915,5.9169993
0.32292,5.9169993
0.322925,5.9169993
0.32292998,5.9169993
0.322935,5.9169993
0.32294,5.9169993
0.322945,5.9169993
0.32295,5.9169993
0.32295498,5.9169993
0.32296,5.9169993
0.322965,5.9169993
0.32297,5.9169993
0.32297498,5.9169993
0.32298,5.9169993
0.322985,5.9169993
0.32299,5.9169993
0.32299498,5.9169993
0.32299998,5.9169993
0.323005,5.9169993
0.32301,5.9169993
0.323015,5.9169993
0.32301998,5.9169993
0.323025,5.9169993
0.32303,5.9169993
0.323035,5.9169993
0.32303998,5.9169993
0.323045,5.9169993
0.32305,5.9169993
0.323055,5.9169993
0.32306,5.9169993
0.32306498,5.9169993
0.32307,5.9169993
0.323075,5.9169993
0.32308,5.9169993
0.32308498,5.9169993
0.32309,5.9169993
0.323095,5.9169993
0.3231,5.9169993
0.32310498,5.9169993
0.32310998,5.9169993
0.323115,5.9169993
0.32312,5.9169993
0.323125,5.9169993
0.32312998,5.9169993
0.323135,5.9169993
0.32314,5.9169993
0.323145,5.9169993
0.32314998,5.9169993
0.323155,5.9169993
0.32316,5.9169993
0.323165,5.9169993
0.32317,5.9169993
0.32317498,5.9169993
0.32318,5.9169993
0.323185,5.9169993
0.32319,5.9169993
0.32319498,5.9169993
0.3232,5.9169993
0.323205,5.9169993
0.32321,5.9169993
0.32321498,5.9169993
0.32321998,5.9169993
0.323225,5.9169993
0.32323,5.9169993
0.323235,5.9169993
0.32323998,5.9169993
0.323245,5.9169993
0.32325,5.9169993
0.323255,5.9169993
0.32325998,5.9169993
0.323265,5.9169993
0.32327,5.9169993
0.323275,5.9169993
0.32328,5.9169993
0.32328498,5.9169993
0.32329,5.9169993
0.323295,5.9169993
0.3233,5.9169993
0.32330498,5.9169993
0.32331,5.9169993
0.323315,5.9169993
0.32332,5.9169993
0.32332498,5.9169993
0.32333,5.9169993
0.323335,5.9169993
0.32334,5.9169993
0.323345,5.9169993
0.32334998,5.9169993
0.323355,5.9169993
0.32336,5.9169993
0.323365,5.9169993
0.32336998,5.9169993
0.323375,5.9169993
0.32338,5.9169993
0.323385,5.9169993
0.32338998,5.9169993
0.32339498,5.9169993
0.3234,5.9169993
0.323405,5.9169993
0.32341,5.9169993
0.32341498,5.9169993
0.32342,5.9169993
0.323425,5.9169993
0.32343,5.9169993
0.32343498,5.9169993
0.32344,5.9169993
0.323445,5.9169993
0.32345,5.9169993
0.323455,5.9169993
0.32345998,5.9169993
0.323465,5.9169993
0.32347,5.9169993
0.323475,5.9169993
0.32347998,5.9169993
0.323485,5.9169993
0.32349,5.9169993
0.323495,5.9169993
0.32349998,5.9169993
0.32350498,5.9169993
0.32351,5.9169993
0.323515,5.9169993
0.32352,5.9169993
0.32352498,5.9169993
0.32353,5.9169993
0.323535,5.9169993
0.32354,5.9169993
0.32354498,5.9169993
0.32355,5.9169993
0.323555,5.9169993
0.32356,5.9169993
0.323565,5.9169993
0.32356998,5.9169993
0.323575,5.9169993
0.32358,5.9169993
0.323585,5.9169993
0.32358998,5.9169993
0.323595,5.9169993
0.3236,5.9169993
0.323605,5.9169993
0.32360998,5.9169993
0.32361498,5.9169993
0.32362,5.9169993
0.323625,5.9169993
0.32363,5.9169993
0.32363498,5.9169993
0.32364,5.9169993
0.323645,5.9169993
0.32365,5.9169993
0.32365498,5.9169993
0.32366,5.9169993
0.323665,5.9169993
0.32367,5.9169993
0.323675,5.9169993
0.32367998,5.9169993
0.323685,5.9169993
0.32369,5.9169993
0.323695,5.9169993
0.32369998,5.9169993
0.323705,5.9169993
0.32371,5.9169993
0.323715,5.9169993
0.32371998,5.9169993
0.323725,5.9169993
0.32373,5.9169993
0.323735,5.9169993
0.32374,5.9169993
0.32374498,5.9169993
0.32375,5.9169993
0.323755,5.9169993
0.32376,5.9169993
0.32376498,5.9169993
0.32377,5.9169993
0.323775,5.9169993
0.32378,5.9169993
0.32378498,5.9169993
0.32378998,5.9169993
0.323795,5.9169993
0.3238,5.9169993
0.323805,5.9169993
0.32380998,5.9169993
0.323815,5.9169993
0.32382,5.9169993
0.323825,5.9169993
0.32382998,5.9169993
0.323835,5.9169993
0.32384,5.9169993
0.323845,5.9169993
0.32385,5.9169993
0.32385498,5.9169993
0.32386,5.9169993
0.323865,5.9169993
0.32387,5.9169993
0.32387498,5.9169993
0.32388,5.9169993
0.323885,5.9169993
0.32389,5.9169993
0.32389498,5.9169993
0.32389998,5.9169993
0.323905,5.9169993
0.32391,5.9169993
0.323915,5.9169993
0.32391998,5.9169993
0.323925,5.9169993
0.32393,5.9169993
0.323935,5.9169993
0.32393998,5.9169993
0.323945,5.9169993
0.32395,5.9169993
0.323955,5.9169993
0.32396,5.9169993
0.32396498,5.9169993
0.32397,5.9169993
0.323975,5.9169993
0.32398,5.9169993
0.32398498,5.9169993
0.32399,5.9169993
0.323995,5.9169993
0.324,5.9169993
0.32400498,5.9169993
0.32400998,5.9169993
0.324015,5.9169993
0.32402,5.9169993
0.324025,5.9169993
0.32402998,5.9169993
0.324035,5.9169993
0.32404,5.9169993
0.324045,5.9169993
0.32404998,5.9169993
0.324055,5.9169993
0.32406,5.9169993
0.324065,5.9169993
0.32407,5.9169993
0.32407498,5.9169993
0.32408,5.9169993
0.324085,5.9169993
0.32409,5.9169993
0.32409498,5.9169993
0.3241,5.9169993
0.324105,5.9169993
0.32411,5.9169993
0.32411498,5.9169993
0.32412,5.9169993
0.324125,5.9169993
0.32413,5.9169993
0.324135,5.9169993
0.32413998,5.9169993
0.324145,5.9169993
0.32415,5.9169993
0.324155,5.9169993
0.32415998,5.9169993
0.324165,5.9169993
0.32417,5.9169993
0.324175,5.9169993
0.32417998,5.9169993
0.32418498,5.9169993
0.32419,5.9169993
0.324195,5.9169993
0.3242,5.9169993
0.32420498,5.9169993
0.32421,5.9169993
0.324215,5.9169993
0.32422,5.9169993
0.32422498,5.9169993
0.32423,5.9169993
0.324235,5.9169993
0.32424,5.9169993
0.324245,5.9169993
0.32424998,5.9169993
0.324255,5.9169993
0.32426,5.9169993
0.324265,5.9169993
0.32426998,5.9169993
0.324275,5.9169993
0.32428,5.9169993
0.324285,5.9169993
0.32428998,5.9169993
0.32429498,5.9169993
0.3243,5.9169993
0.324305,5.9169993
0.32431,5.9169993
0.32431498,5.9169993
0.32432,5.9169993
0.324325,5.9169993
0.32433,5.9169993
0.32433498,5.9169993
0.32434,5.9169993
0.324345,5.9169993
0.32435,5.9169993
0.324355,5.9169993
0.32435998,5.9169993
0.324365,5.9169993
0.32437,5.9169993
0.324375,5.9169993
0.32437998,5.9169993
0.324385,5.9169993
0.32439,5.9169993
0.324395,5.9169993
0.32439998,5.9169993
0.32440498,5.9169993
0.32441,5.9169993
0.324415,5.9169993
0.32442,5.9169993
0.32442498,5.9169993
0.32443,5.9169993
0.324435,5.9169993
0.32444,5.9169993
0.32444498,5.9169993
0.32445,5.9169993
0.324455,5.9169993
0.32446,5.9169993
0.324465,5.9169993
0.32446998,5.9169993
0.324475,5.9169993
0.32448,5.9169993
0.324485,5.9169993
0.32448998,5.9169993
0.324495,5.9169993
0.3245,5.9169993
0.324505,5.9169993
0.32450998,5.9169993
0.32451499,5.9169993
0.32452,5.9169993
0.324525,5.9169993
0.32453,5.9169993
0.32453498,5.9169993
0.32454,5.9169993
0.324545,5.9169993
0.32455,5.9169993
0.32455498,5.9169993
0.32456,5.9169993
0.324565,5.9169993
0.32457,5.9169993
0.32457498,5.9169993
0.32457998,5.9169993
0.324585,5.9169993
0.32459,5.9169993
0.324595,5.9169993
0.32459998,5.9169993
0.324605,5.9169993
0.32461,5.9169993
0.324615,5.9169993
0.32461998,5.9169993
0.324625,5.9169993
0.32463,5.9169993
0.324635,5.9169993
0.32464,5.9169993
0.32464498,5.9169993
0.32465,5.9169993
0.324655,5.9169993
0.32466,5.9169993
0.32466498,5.9169993
0.32467,5.9169993
0.324675,5.9169993
0.32468,5.9169993
0.32468498,5.9169993
0.32468998,5.9169993
0.324695,5.9169993
0.3247,5.9169993
0.324705,5.9169993
0.32470998,5.9169993
0.324715,5.9169993
0.32472,5.9169993
0.324725,5.9169993
0.32472998,5.9169993
0.324735,5.9169993
0.32474,5.9169993
0.324745,5.9169993
0.32475,5.9169993
0.32475498,5.9169993
0.32476,5.9169993
0.324765,5.9169993
0.32477,5.9169993
0.32477498,5.9169993
0.32478,5.9169993
0.324785,5.9169993
0.32479,5.9169993
0.32479498,5.9169993
0.32479998,5.9169993
0.324805,5.9169993
0.32481,5.9169993
0.324815,5.9169993
0.32481998,5.9169993
0.324825,5.9169993
0.32483,5.9169993
0.324835,5.9169993
0.32483998,5.9169993
0.324845,5.9169993
0.32485,5.9169993
0.324855,5.9169993
0.32486,5.9169993
0.32486498,5.9169993
0.32487,5.9169993
0.324875,5.9169993
0.32488,5.9169993
0.32488498,5.9169993
0.32489,5.9169993
0.324895,5.9169993
0.3249,5.9169993
0.32490498,5.9169993
0.32490999,5.9169993
0.324915,5.9169993
0.32492,5.9169993
0.324925,5.9169993
0.32492998,5.9169993
0.324935,5.9169993
0.32494,5.9169993
0.324945,5.9169993
0.32494998,5.9169993
0.324955,5.9169993
0.32496,5.9169993
0.324965,5.9169993
0.32496998,5.9169993
0.32497498,5.9169993
0.32498,5.9169993
0.324985,5.9169993
0.32499,5.9169993
0.32499498,5.9169993
0.325,5.9169993
0.325005,5.9169993
0.32501,5.9169993
0.32501498,5.9169993
0.32502,5.9169993
0.325025,5.9169993
0.32503,5.9169993
0.325035,5.9169993
0.32503998,5.9169993
0.325045,5.9169993
0.32505,5.9169993
0.325055,5.9169993
0.32505998,5.9169993
0.325065,5.9169993
0.32507,5.9169993
0.325075,5.9169993
0.32507998,5.9169993
0.32508498,5.9169993
0.32509,5.9169993
0.325095,5.9169993
0.3251,5.9169993
0.32510498,5.9169993
0.32511,5.9169993
0.325115,5.9169993
0.32512,5.9169993
0.32512498,5.9169993
0.32513,5.9169993
0.325135,5.9169993
0.32514,5.9169993
0.325145,5.9169993
0.32514998,5.9169993
0.325155,5.9169993
0.32516,5.9169993
0.325165,5.9169993
0.32516998,5.9169993
0.325175,5.9169993
0.32518,5.9169993
0.325185,5.9169993
0.32518998,5.9169993
0.32519498,5.9169993
0.3252,5.9169993
0.325205,5.9169993
0.32521,5.9169993
0.32521498,5.9169993
0.32522,5.9169993
0.325225,5.9169993
0.32523,5.9169993
0.32523498,5.9169993
0.32524,5.9169993
0.325245,5.9169993
0.32525,5.9169993
0.325255,5.9169993
0.32525998,5.9169993
0.325265,5.9169993
0.32527,5.9169993
0.325275,5.9169993
0.32527998,5.9169993
0.325285,5.9169993
0.32529,5.9169993
0.325295,5.9169993
0.32529998,5.9169993
0.32530499,5.9169993
0.32531,5.9169993
0.325315,5.9169993
0.32532,5.9169993
0.32532498,5.9169993
0.32533,5.9169993
0.325335,5.9169993
0.32534,5.9169993
0.32534498,5.9169993
0.32535,5.9169993
0.325355,5.9169993
0.32536,5.9169993
0.32536498,5.9169993
0.32536998,5.9169993
0.325375,5.9169993
0.32538,5.9169993
0.325385,5.9169993
0.32538998,5.9169993
0.325395,5.9169993
0.3254,5.9169993
0.325405,5.9169993
0.32540998,5.9169993
0.325415,5.9169993
0.32542,5.9169993
0.325425,5.9169993
0.32543,5.9169993
0.32543498,5.9169993
0.32544,5.9169993
0.325445,5.9169993
0.32545,5.9169993
0.32545498,5.9169993
0.32546,5.9169993
0.325465,5.9169993
0.32547,5.9169993
0.32547498,5.9169993
0.32547998,5.9169993
0.325485,5.9169993
0.32549,5.9169993
0.325495,5.9169993
0.32549998,5.9169993
0.325505,5.9169993
0.32551,5.9169993
0.325515,5.9169993
0.32551998,5.9169993
0.325525,5.9169993
0.32553,5.9169993
0.325535,5.9169993
0.32554,5.9169993
0.32554498,5.9169993
0.32555,5.9169993
0.325555,5.9169993
0.32556,5.9169993
0.32556498,5.9169993
0.32557,5.9169993
0.325575,5.9169993
0.32558,5.9169993
0.32558498,5.9169993
0.32558998,5.9169993
0.325595,5.9169993
0.3256,5.9169993
0.325605,5.9169993
0.32560998,5.9169993
0.325615,5.9169993
0.32562,5.9169993
0.325625,5.9169993
0.32562998,5.9169993
0.325635,5.9169993
0.32564,5.9169993
0.325645,5.9169993
0.32565,5.9169993
0.32565498,5.9169993
0.32566,5.9169993
0.325665,5.9169993
0.32567,5.9169993
0.32567498,5.9169993
0.32568,5.9169993
0.325685,5.9169993
0.32569,5.9169993
0.32569498,5.9169993
0.32569999,5.9169993
0.325705,5.9169993
0.32571,5.9169993
0.325715,5.9169993
0.32571998,5.9169993
0.325725,5.9169993
0.32573,5.9169993
0.325735,5.9169993
0.32573998,5.9169993
0.325745,5.9169993
0.32575,5.9169993
0.325755,5.9169993
0.32575998,5.9169993
0.32576498,5.9169993
0.32577,5.9169993
0.325775,5.9169993
0.32578,5.9169993
0.32578498,5.9169993
0.32579,5.9169993
0.325795,5.9169993
0.3258,5.9169993
0.32580498,5.9169993
0.32581,5.9169993
0.325815,5.9169993
0.32582,5.9169993
0.325825,5.9169993
0.32582998,5.9169993
0.325835,5.9169993
0.32584,5.9169993
0.325845,5.9169993
0.32584998,5.9169993
0.325855,5.9169993
0.32586,5.9169993
0.325865,5.9169993
0.32586998,5.9169993
0.32587498,5.9169993
0.32588,5.9169993
0.325885,5.9169993
0.32589,5.9169993
0.32589498,5.9169993
0.3259,5.9169993
0.325905,5.9169993
0.32591,5.9169993
0.32591498,5.9169993
0.32592,5.9169993
0.325925,5.9169993
0.32593,5.9169993
0.325935,5.9169993
0.32593998,5.9169993
0.325945,5.9169993
0.32595,5.9169993
0.325955,5.9169993
0.32595998,5.9169993
0.325965,5.9169993
0.32597,5.9169993
0.325975,5.9169993
0.32597998,5.9169993
0.32598498,5.9169993
0.32599,5.9169993
0.325995,5.9169993
0.326,5.9169993
0.32600498,5.9169993
0.32601,5.9169993
0.326015,5.9169993
0.32602,5.9169993
0.32602498,5.9169993
0.32603,5.9169993
0.326035,5.9169993
0.32604,5.9169993
0.326045,5.9169993
0.32604998,5.9169993
0.326055,5.9169993
0.32606,5.9169993
0.326065,5.9169993
0.32606998,5.9169993
0.326075,5.9169993
0.32608,5.9169993
0.326085,5.9169993
0.32608998,5.9169993
0.32609499,5.9169993
0.3261,5.9169993
0.326105,5.9169993
0.32611,5.9169993
0.32611498,5.9169993
0.32612,5.9169993
0.326125,5.9169993
0.32613,5.9169993
0.32613498,5.9169993
0.32614,5.9169993
0.326145,5.9169993
0.32615,5.9169993
0.32615498,5.9169993
0.32615998,5.9169993
0.326165,5.9169993
0.32617,5.9169993
0.326175,5.9169993
0.32617998,5.9169993
0.326185,5.9169993
0.32619,5.9169993
0.326195,5.9169993
0.32619998,5.9169993
0.326205,5.9169993
0.32621,5.9169993
0.326215,5.9169993
0.32622,5.9169993
0.32622498,5.9169993
0.32623,5.9169993
0.326235,5.9169993
0.32624,5.9169993
0.32624498,5.9169993
0.32625,5.9169993
0.326255,5.9169993
0.32626,5.9169993
0.32626498,5.9169993
0.32626998,5.9169993
0.326275,5.9169993
0.32628,5.9169993
0.326285,5.9169993
0.32628998,5.9169993
0.326295,5.9169993
0.3263,5.9169993
0.326305,5.9169993
0.32630998,5.9169993
0.326315,5.9169993
0.32632,5.9169993
0.326325,5.9169993
0.32633,5.9169993
0.32633498,5.9169993
0.32634,5.9169993
0.326345,5.9169993
0.32635,5.9169993
0.32635498,5.9169993
0.32636,5.9169993
0.326365,5.9169993
0.32637,5.9169993
0.32637498,5.9169993
0.32637998,5.9169993
0.326385,5.9169993
0.32639,5.9169993
0.326395,5.9169993
0.32639998,5.9169993
0.326405,5.9169993
0.32641,5.9169993
0.326415,5.9169993
0.32641998,5.9169993
0.326425,5.9169993
0.32643,5.9169993
0.326435,5.9169993
0.32644,5.9169993
0.32644498,5.9169993
0.32645,5.9169993
0.326455,5.9169993
0.32646,5.9169993
0.32646498,5.9169993
0.32647,5.9169993
0.326475,5.9169993
0.32648,5.9169993
0.32648498,5.9169993
0.32648998,5.9169993
0.326495,5.9169993
0.3265,5.9169993
0.326505,5.9169993
0.32650998,5.9169993
0.326515,5.9169993
0.32652,5.9169993
0.326525,5.9169993
0.32652998,5.9169993
0.326535,5.9169993
0.32654,5.9169993
0.326545,5.9169993
0.32654998,5.9169993
0.32655498,5.9169993
0.32656,5.9169993
0.326565,5.9169993
0.32657,5.9169993
0.32657498,5.9169993
0.32658,5.9169993
0.326585,5.9169993
0.32659,5.9169993
0.32659498,5.9169993
0.3266,5.9169993
0.326605,5.9169993
0.32661,5.9169993
0.326615,5.9169993
0.32661998,5.9169993
0.326625,5.9169993
0.32663,5.9169993
0.326635,5.9169993
0.32663998,5.9169993
0.326645,5.9169993
0.32665,5.9169993
0.326655,5.9169993
0.32665998,5.9169993
0.32666498,5.9169993
0.32667,5.9169993
0.326675,5.9169993
0.32668,5.9169993
0.32668498,5.9169993
0.32669,5.9169993
0.326695,5.9169993
0.3267,5.9169993
0.32670498,5.9169993
0.32671,5.9169993
0.326715,5.9169993
0.32672,5.9169993
0.326725,5.9169993
0.32672998,5.9169993
0.326735,5.9169993
0.32674,5.9169993
0.326745,5.9169993
0.32674998,5.9169993
0.326755,5.9169993
0.32676,5.9169993
0.326765,5.9169993
0.32676998,5.9169993
0.32677498,5.9169993
0.32678,5.9169993
0.326785,5.9169993
0.32679,5.9169993
0.32679498,5.9169993
0.3268,5.9169993
0.326805,5.9169993
0.32681,5.9169993
0.32681498,5.9169993
0.32682,5.9169993
0.326825,5.9169993
0.32683,5.9169993
0.326835,5.9169993
0.32683998,5.9169993
0.326845,5.9169993
0.32685,5.9169993
0.326855,5.9169993
0.32685998,5.9169993
0.326865,5.9169993
0.32687,5.9169993
0.326875,5.9169993
0.32687998,5.9169993
0.32688498,5.9169993
0.32689,5.9169993
0.326895,5.9169993
0.3269,5.9169993
0.32690498,5.9169993
0.32691,5.9169993
0.326915,5.9169993
0.32692,5.9169993
0.32692498,5.9169993
0.32693,5.9169993
0.326935,5.9169993
0.32694,5.9169993
0.32694498,5.9169993
0.32694998,5.9169993
0.326955,5.9169993
0.32696,5.9169993
0.326965,5.9169993
0.32696998,5.9169993
0.326975,5.9169993
0.32698,5.9169993
0.326985,5.9169993
0.32698998,5.9169993
0.326995,5.9169993
0.327,5.9169993
0.327005,5.9169993
0.32701,5.9169993
0.32701498,5.9169993
0.32702,5.9169993
0.327025,5.9169993
0.32703,5.9169993
0.32703498,5.9169993
0.32704,5.9169993
0.327045,5.9169993
0.32705,5.9169993
0.32705498,5.9169993
0.32705998,5.9169993
0.327065,5.9169993
0.32707,5.9169993
0.327075,5.9169993
0.32707998,5.9169993
0.327085,5.9169993
0.32709,5.9169993
0.327095,5.9169993
0.32709998,5.9169993
0.327105,5.9169993
0.32711,5.9169993
0.327115,5.9169993
0.32712,5.9169993
0.32712498,5.9169993
0.32713,5.9169993
0.327135,5.9169993
0.32714,5.9169993
0.32714498,5.9169993
0.32715,5.9169993
0.327155,5.9169993
0.32716,5.9169993
0.32716498,5.9169993
0.32716998,5.9169993
0.327175,5.9169993
0.32718,5.9169993
0.327185,5.9169993
0.32718998,5.9169993
0.327195,5.9169993
0.3272,5.9169993
0.327205,5.9169993
0.32720998,5.9169993
0.327215,5.9169993
0.32722,5.9169993
0.327225,5.9169993
0.32723,5.9169993
0.32723498,5.9169993
0.32724,5.9169993
0.327245,5.9169993
0.32725,5.9169993
0.32725498,5.9169993
0.32726,5.9169993
0.327265,5.9169993
0.32727,5.9169993
0.32727498,5.9169993
0.32727998,5.9169993
0.327285,5.9169993
0.32729,5.9169993
0.327295,5.9169993
0.32729998,5.9169993
0.327305,5.9169993
0.32731,5.9169993
0.327315,5.9169993
0.32731998,5.9169993
0.327325,5.9169993
0.32733,5.9169993
0.327335,5.9169993
0.32733998,5.9169993
0.32734498,5.9169993
0.32735,5.9169993
0.327355,5.9169993
0.32736,5.9169993
0.32736498,5.9169993
0.32737,5.9169993
0.327375,5.9169993
0.32738,5.9169993
0.32738498,5.9169993
0.32739,5.9169993
0.327395,5.9169993
0.3274,5.9169993
0.327405,5.9169993
0.32740998,5.9169993
0.327415,5.9169993
0.32742,5.9169993
0.327425,5.9169993
0.32742998,5.9169993
0.327435,5.9169993
0.32744,5.9169993
0.327445,5.9169993
0.32744998,5.9169993
0.32745498,5.9169993
0.32746,5.9169993
0.327465,5.9169993
0.32747,5.9169993
0.32747498,5.9169993
0.32748,5.9169993
0.327485,5.9169993
0.32749,5.9169993
0.32749498,5.9169993
0.3275,5.9169993
0.327505,5.9169993
0.32751,5.9169993
0.327515,5.9169993
0.32751998,5.9169993
0.327525,5.9169993
0.32753,5.9169993
0.327535,5.9169993
0.32753998,5.9169993
0.327545,5.9169993
0.32755,5.9169993
0.327555,5.9169993
0.32755998,5.9169993
0.32756498,5.9169993
0.32757,5.9169993
0.327575,5.9169993
0.32758,5.9169993
0.32758498,5.9169993
0.32759,5.9169993
0.327595,5.9169993
0.3276,5.9169993
0.32760498,5.9169993
0.32761,5.9169993
0.327615,5.9169993
0.32762,5.9169993
0.327625,5.9169993
0.32762998,5.9169993
0.327635,5.9169993
0.32764,5.9169993
0.327645,5.9169993
0.32764998,5.9169993
0.327655,5.9169993
0.32766,5.9169993
0.327665,5.9169993
0.32766998,5.9169993
0.32767498,5.9169993
0.32768,5.9169993
0.327685,5.9169993
0.32769,5.9169993
0.32769498,5.9169993
0.3277,5.9169993
0.327705,5.9169993
0.32771,5.9169993
0.32771498,5.9169993
0.32772,5.9169993
0.327725,5.9169993
0.32773,5.9169993
0.32773498,5.9169993
0.32773998,5.9169993
0.327745,5.9169993
0.32775,5.9169993
0.327755,5.9169993
0.32775998,5.9169993
0.327765,5.9169993
0.32777,5.9169993
0.327775,5.9169993
0.32777998,5.9169993
0.327785,5.9169993
0.32779,5.9169993
0.327795,5.9169993
0.3278,5.9169993
0.32780498,5.9169993
0.32781,5.9169993
0.327815,5.9169993
0.32782,5.9169993
0.32782498,5.9169993
0.32783,5.9169993
0.327835,5.9169993
0.32784,5.9169993
0.32784498,5.9169993
0.32784998,5.9169993
0.327855,5.9169993
0.32786,5.9169993
0.327865,5.9169993
0.32786998,5.9169993
0.327875,5.9169993
0.32788,5.9169993
0.327885,5.9169993
0.32788998,5.9169993
0.327895,5.9169993
0.3279,5.9169993
0.327905,5.9169993
0.32791,5.9169993
0.32791498,5.9169993
0.32792,5.9169993
0.327925,5.9169993
0.32793,5.9169993
0.32793498,5.9169993
0.32794,5.9169993
0.327945,5.9169993
0.32795,5.9169993
0.32795498,5.9169993
0.32795998,5.9169993
0.327965,5.9169993
0.32797,5.9169993
0.327975,5.9169993
0.32797998,5.9169993
0.327985,5.9169993
0.32799,5.9169993
0.327995,5.9169993
0.32799998,5.9169993
0.328005,5.9169993
0.32801,5.9169993
0.328015,5.9169993
0.32802,5.9169993
0.32802498,5.9169993
0.32803,5.9169993
0.328035,5.9169993
0.32804,5.9169993
0.32804498,5.9169993
0.32805,5.9169993
0.328055,5.9169993
0.32806,5.9169993
0.32806498,5.9169993
0.32806998,5.9169993
0.328075,5.9169993
0.32808,5.9169993
0.328085,5.9169993
0.32808998,5.9169993
0.328095,5.9169993
0.3281,5.9169993
0.328105,5.9169993
0.32810998,5.9169993
0.328115,5.9169993
0.32812,5.9169993
0.328125,5.9169993
0.32812998,5.9169993
0.32813498,5.9169993
0.32814,5.9169993
0.328145,5.9169993
0.32815,5.9169993
0.32815498,5.9169993
0.32816,5.9169993
0.328165,5.9169993
0.32817,5.9169993
0.32817498,5.9169993
0.32818,5.9169993
0.328185,5.9169993
0.32819,5.9169993
0.328195,5.9169993
0.32819998,5.9169993
0.328205,5.9169993
0.32821,5.9169993
0.328215,5.9169993
0.32821998,5.9169993
0.328225,5.9169993
0.32823,5.9169993
0.328235,5.9169993
0.32823998,5.9169993
0.32824498,5.9169993
0.32825,5.9169993
0.328255,5.9169993
0.32826,5.9169993
0.32826498,5.9169993
0.32827,5.9169993
0.328275,5.9169993
0.32828,5.9169993
0.32828498,5.9169993
0.32829,5.9169993
0.328295,5.9169993
0.3283,5.9169993
0.328305,5.9169993
0.32830998,5.9169993
0.328315,5.9169993
0.32832,5.9169993
0.328325,5.9169993
0.32832998,5.9169993
0.328335,5.9169993
0.32834,5.9169993
0.328345,5.9169993
0.32834998,5.9169993
0.32835498,5.9169993
0.32836,5.9169993
0.328365,5.9169993
0.32837,5.9169993
0.32837498,5.9169993
0.32838,5.9169993
0.328385,5.9169993
0.32839,5.9169993
0.32839498,5.9169993
0.3284,5.9169993
0.328405,5.9169993
0.32841,5.9169993
0.328415,5.9169993
0.32841998,5.9169993
0.328425,5.9169993
0.32843,5.9169993
0.328435,5.9169993
0.32843998,5.9169993
0.328445,5.9169993
0.32845,5.9169993
0.328455,5.9169993
0.32845998,5.9169993
0.32846498,5.9169993
0.32847,5.9169993
0.328475,5.9169993
0.32848,5.9169993
0.32848498,5.9169993
0.32849,5.9169993
0.328495,5.9169993
0.3285,5.9169993
0.32850498,5.9169993
0.32851,5.9169993
0.328515,5.9169993
0.32852,5.9169993
0.32852498,5.9169993
0.32852998,5.9169993
0.328535,5.9169993
0.32854,5.9169993
0.328545,5.9169993
0.32854998,5.9169993
0.328555,5.9169993
0.32856,5.9169993
0.328565,5.9169993
0.32856998,5.9169993
0.328575,5.9169993
0.32858,5.9169993
0.328585,5.9169993
0.32859,5.9169993
0.32859498,5.9169993
0.3286,5.9169993
0.328605,5.9169993
0.32861,5.9169993
0.32861498,5.9169993
0.32862,5.9169993
0.328625,5.9169993
0.32863,5.9169993
0.32863498,5.9169993
0.32863998,5.9169993
0.328645,5.9169993
0.32865,5.9169993
0.328655,5.9169993
0.32865998,5.9169993
0.328665,5.9169993
0.32867,5.9169993
0.328675,5.9169993
0.32867998,5.9169993
0.328685,5.9169993
0.32869,5.9169993
0.328695,5.9169993
0.3287,5.9169993
0.32870498,5.9169993
0.32871,5.9169993
0.328715,5.9169993
0.32872,5.9169993
0.32872498,5.9169993
0.32873,5.9169993
0.328735,5.9169993
0.32874,5.9169993
0.32874498,5.9169993
0.32874998,5.9169993
0.328755,5.9169993
0.32876,5.9169993
0.328765,5.9169993
0.32876998,5.9169993
0.328775,5.9169993
0.32878,5.9169993
0.328785,5.9169993
0.32878998,5.9169993
0.328795,5.9169993
0.3288,5.9169993
0.328805,5.9169993
0.32881,5.9169993
0.32881498,5.9169993
0.32882,5.9169993
0.328825,5.9169993
0.32883,5.9169993
0.32883498,5.9169993
0.32884,5.9169993
0.328845,5.9169993
0.32885,5.9169993
0.32885498,5.9169993
0.32885998,5.9169993
0.328865,5.9169993
0.32887,5.9169993
0.328875,5.9169993
0.32887998,5.9169993
0.328885,5.9169993
0.32889,5.9169993
0.328895,5.9169993
0.32889998,5.9169993
0.328905,5.9169993
0.32891,5.9169993
0.328915,5.9169993
0.32891998,5.9169993
0.32892498,5.9169993
0.32893,5.9169993
0.328935,5.9169993
0.32894,5.9169993
0.32894498,5.9169993
0.32895,5.9169993
0.328955,5.9169993
0.32896,5.9169993
0.32896498,5.9169993
0.32897,5.9169993
0.328975,5.9169993
0.32898,5.9169993
0.328985,5.9169993
0.32898998,5.9169993
0.328995,5.9169993
0.329,5.9169993
0.329005,5.9169993
0.32900998,5.9169993
0.329015,5.9169993
0.32902,5.9169993
0.329025,5.9169993
0.32902998,5.9169993
0.32903498,5.9169993
0.32904,5.9169993
0.329045,5.9169993
0.32905,5.9169993
0.32905498,5.9169993
0.32906,5.9169993
0.329065,5.9169993
0.32907,5.9169993
0.32907498,5.9169993
0.32908,5.9169993
0.329085,5.9169993
0.32909,5.9169993
0.329095,5.9169993
0.32909998,5.9169993
0.329105,5.9169993
0.32911,5.9169993
0.329115,5.9169993
0.32911998,5.9169993
0.329125,5.9169993
0.32913,5.9169993
0.329135,5.9169993
0.32913998,5.9169993
0.32914498,5.9169993
0.32915,5.9169993
0.329155,5.9169993
0.32916,5.9169993
0.32916498,5.9169993
0.32917,5.9169993
0.329175,5.9169993
0.32918,5.9169993
0.32918498,5.9169993
0.32919,5.9169993
0.329195,5.9169993
0.3292,5.9169993
0.329205,5.9169993
0.32920998,5.9169993
0.329215,5.9169993
0.32922,5.9169993
0.329225,5.9169993
0.32922998,5.9169993
0.329235,5.9169993
0.32924,5.9169993
0.329245,5.9169993
0.32924998,5.9169993
0.32925498,5.9169993
0.32926,5.9169993
0.329265,5.9169993
0.32927,5.9169993
0.32927498,5.9169993
0.32928,5.9169993
0.329285,5.9169993
0.32929,5.9169993
0.32929498,5.9169993
0.3293,5.9169993
0.329305,5.9169993
0.32931,5.9169993
0.32931498,5.9169993
0.32931998,5.9169993
0.329325,5.9169993
0.32933,5.9169993
0.329335,5.9169993
0.32933998,5.9169993
0.329345,5.9169993
0.32935,5.9169993
0.329355,5.9169993
0.32935998,5.9169993
0.329365,5.9169993
0.32937,5.9169993
0.329375,5.9169993
0.32938,5.9169993
0.32938498,5.9169993
0.32939,5.9169993
0.329395,5.9169993
0.3294,5.9169993
0.32940498,5.9169993
0.32941,5.9169993
0.329415,5.9169993
0.32942,5.9169993
0.32942498,5.9169993
0.32942998,5.9169993
0.329435,5.9169993
0.32944,5.9169993
0.329445,5.9169993
0.32944998,5.9169993
0.329455,5.9169993
0.32946,5.9169993
0.329465,5.9169993
0.32946998,5.9169993
0.329475,5.9169993
0.32948,5.9169993
0.329485,5.9169993
0.32949,5.9169993
0.32949498,5.9169993
0.3295,5.9169993
0.329505,5.9169993
0.32951,5.9169993
0.32951498,5.9169993
0.32952,5.9169993
0.329525,5.9169993
0.32953,5.9169993
0.32953498,5.9169993
0.32953998,5.9169993
0.329545,5.9169993
0.32955,5.9169993
0.329555,5.9169993
0.32955998,5.9169993
0.329565,5.9169993
0.32957,5.9169993
0.329575,5.9169993
0.32957998,5.9169993
0.329585,5.9169993
0.32959,5.9169993
0.329595,5.9169993
0.3296,5.9169993
0.32960498,5.9169993
0.32961,5.9169993
0.329615,5.9169993
0.32962,5.9169993
0.32962498,5.9169993
0.32963,5.9169993
0.329635,5.9169993
0.32964,5.9169993
0.32964498,5.9169993
0.32964998,5.9169993
0.329655,5.9169993
0.32966,5.9169993
0.329665,5.9169993
0.32966998,5.9169993
0.329675,5.9169993
0.32968,5.9169993
0.329685,5.9169993
0.32968998,5.9169993
0.329695,5.9169993
0.3297,5.9169993
0.329705,5.9169993
0.32970998,5.9169993
0.32971498,5.9169993
0.32972,5.9169993
0.329725,5.9169993
0.32973,5.9169993
0.32973498,5.9169993
0.32974,5.9169993
0.329745,5.9169993
0.32975,5.9169993
0.32975498,5.9169993
0.32976,5.9169993
0.329765,5.9169993
0.32977,5.9169993
0.329775,5.9169993
0.32977998,5.9169993
0.329785,5.9169993
0.32979,5.9169993
0.329795,5.9169993
0.32979998,5.9169993
0.329805,5.9169993
0.32981,5.9169993
0.329815,5.9169993
0.32981998,5.9169993
0.32982498,5.9169993
0.32983,5.9169993
0.329835,5.9169993
0.32984,5.9169993
0.32984498,5.9169993
0.32985,5.9169993
0.329855,5.9169993
0.32986,5.9169993
0.32986498,5.9169993
0.32987,5.9169993
0.329875,5.9169993
0.32988,5.9169993
0.329885,5.9169993
0.32988998,5.9169993
0.329895,5.9169993
0.3299,5.9169993
0.329905,5.9169993
0.32990998,5.9169993
0.329915,5.9169993
0.32992,5.9169993
0.329925,5.9169993
0.32992998,5.9169993
0.32993498,5.9169993
0.32994,5.9169993
0.329945,5.9169993
0.32995,5.9169993
0.32995498,5.9169993
0.32996,5.9169993
0.329965,5.9169993
0.32997,5.9169993
0.32997498,5.9169993
0.32998,5.9169993
0.329985,5.9169993
0.32999,5.9169993
0.329995,5.9169993
0.32999998,5.9169993
0.330005,5.9169993
0.33001,5.9169993
0.330015,5.9169993
0.33001998,5.9169993
0.330025,5.9169993
0.33003,5.9169993
0.330035,5.9169993
0.33003998,5.9169993
0.33004498,5.9169993
0.33005,5.9169993
0.330055,5.9169993
0.33006,5.9169993
0.33006498,5.9169993
0.33007,5.9169993
0.330075,5.9169993
0.33008,5.9169993
0.33008498,5.9169993
0.33009,5.9169993
0.330095,5.9169993
0.3301,5.9169993
0.33010498,5.9169993
0.33010998,5.9169993
0.330115,5.9169993
0.33012,5.9169993
0.330125,5.9169993
0.33012998,5.9169993
0.330135,5.9169993
0.33014,5.9169993
0.330145,5.9169993
0.33014998,5.9169993
0.330155,5.9169993
0.33016,5.9169993
0.330165,5.9169993
0.33017,5.9169993
0.33017498,5.9169993
0.33018,5.9169993
0.330185,5.9169993
0.33019,5.9169993
0.33019498,5.9169993
0.3302,5.9169993
0.330205,5.9169993
0.33021,5.9169993
0.33021498,5.9169993
0.33021998,5.9169993
0.330225,5.9169993
0.33023,5.9169993
0.330235,5.9169993
0.33023998,5.9169993
0.330245,5.9169993
0.33025,5.9169993
0.330255,5.9169993
0.33025998,5.9169993
0.330265,5.9169993
0.33027,5.9169993
0.330275,5.9169993
0.33028,5.9169993
0.33028498,5.9169993
0.33029,5.9169993
0.330295,5.9169993
0.3303,5.9169993
0.33030498,5.9169993
0.33031,5.9169993
0.330315,5.9169993
0.33032,5.9169993
0.33032498,5.9169993
0.33032998,5.9169993
0.330335,5.9169993
0.33034,5.9169993
0.330345,5.9169993
0.33034998,5.9169993
0.330355,5.9169993
0.33036,5.9169993
0.330365,5.9169993
0.33036998,5.9169993
0.330375,5.9169993
0.33038,5.9169993
0.330385,5.9169993
0.33039,5.9169993
0.33039498,5.9169993
0.3304,5.9169993
0.330405,5.9169993
0.33041,5.9169993
0.33041498,5.9169993
0.33042,5.9169993
0.330425,5.9169993
0.33043,5.9169993
0.33043498,5.9169993
0.33043998,5.9169993
0.330445,5.9169993
0.33045,5.9169993
0.330455,5.9169993
0.33045998,5.9169993
0.330465,5.9169993
0.33047,5.9169993
0.330475,5.9169993
0.33047998,5.9169993
0.330485,5.9169993
0.33049,5.9169993
0.330495,5.9169993
0.33049998,5.9169993
0.33050498,5.9169993
0.33051,5.9169993
0.330515,5.9169993
0.33052,5.9169993
0.33052498,5.9169993
0.33053,5.9169993
0.330535,5.9169993
0.33054,5.9169993
0.33054498,5.9169993
0.33055,5.9169993
0.330555,5.9169993
0.33056,5.9169993
0.330565,5.9169993
0.33056998,5.9169993
0.330575,5.9169993
0.33058,5.9169993
0.330585,5.9169993
0.33058998,5.9169993
0.330595,5.9169993
0.3306,5.9169993
0.330605,5.9169993
0.33060998,5.9169993
0.33061498,5.9169993
0.33062,5.9169993
0.330625,5.9169993
0.33063,5.9169993
0.33063498,5.9169993
0.33064,5.9169993
0.330645,5.9169993
0.33065,5.9169993
0.33065498,5.9169993
0.33066,5.9169993
0.330665,5.9169993
0.33067,5.9169993
0.330675,5.9169993
0.33067998,5.9169993
0.330685,5.9169993
0.33069,5.9169993
0.330695,5.9169993
0.33069998,5.9169993
0.330705,5.9169993
0.33071,5.9169993
0.330715,5.9169993
0.33071998,5.9169993
0.33072498,5.9169993
0.33073,5.9169993
0.330735,5.9169993
0.33074,5.9169993
0.33074498,5.9169993
0.33075,5.9169993
0.330755,5.9169993
0.33076,5.9169993
0.33076498,5.9169993
0.33077,5.9169993
0.330775,5.9169993
0.33078,5.9169993
0.330785,5.9169993
0.33078998,5.9169993
0.330795,5.9169993
0.3308,5.9169993
0.330805,5.9169993
0.33080998,5.9169993
0.330815,5.9169993
0.33082,5.9169993
0.330825,5.9169993
0.33082998,5.9169993
0.33083498,5.9169993
0.33084,5.9169993
0.330845,5.9169993
0.33085,5.9169993
0.33085498,5.9169993
0.33086,5.9169993
0.330865,5.9169993
0.33087,5.9169993
0.33087498,5.9169993
0.33088,5.9169993
0.330885,5.9169993
0.33089,5.9169993
0.33089498,5.9169993
0.33089998,5.9169993
0.330905,5.9169993
0.33091,5.9169993
0.330915,5.9169993
0.33091998,5.9169993
0.330925,5.9169993
0.33093,5.9169993
0.330935,5.9169993
0.33093998,5.9169993
0.330945,5.9169993
0.33095,5.9169993
0.330955,5.9169993
0.33096,5.9169993
0.33096498,5.9169993
0.33097,5.9169993
0.330975,5.9169993
0.33098,5.9169993
0.33098498,5.9169993
0.33099,5.9169993
0.330995,5.9169993
0.331,5.9169993
0.33100498,5.9169993
0.33100998,5.9169993
0.331015,5.9169993
0.33102,5.9169993
0.331025,5.9169993
0.33102998,5.9169993
0.331035,5.9169993
0.33104,5.9169993
0.331045,5.9169993
0.33104998,5.9169993
0.331055,5.9169993
0.33106,5.9169993
0.331065,5.9169993
0.33107,5.9169993
0.33107498,5.9169993
0.33108,5.9169993
0.331085,5.9169993
0.33109,5.9169993
0.33109498,5.9169993
0.3311,5.9169993
0.331105,5.9169993
0.33111,5.9169993
0.33111498,5.9169993
0.33111998,5.9169993
0.331125,5.9169993
0.33113,5.9169993
0.331135,5.9169993
0.33113998,5.9169993
0.331145,5.9169993
0.33115,5.9169993
0.331155,5.9169993
0.33115998,5.9169993
0.331165,5.9169993
0.33117,5.9169993
0.331175,5.9169993
0.33118,5.9169993
0.33118498,5.9169993
0.33119,5.9169993
0.331195,5.9169993
0.3312,5.9169993
0.33120498,5.9169993
0.33121,5.9169993
0.331215,5.9169993
0.33122,5.9169993
0.33122498,5.9169993
0.33122998,5.9169993
0.331235,5.9169993
0.33124,5.9169993
0.331245,5.9169993
0.33124998,5.9169993
0.331255,5.9169993
0.33126,5.9169993
0.331265,5.9169993
0.33126998,5.9169993
0.331275,5.9169993
0.33128,5.9169993
0.331285,5.9169993
0.33128998,5.9169993
0.33129498,5.9169993
0.3313,5.9169993
0.331305,5.9169993
0.33131,5.9169993
0.33131498,5.9169993
0.33132,5.9169993
0.331325,5.9169993
0.33133,5.9169993
0.33133498,5.9169993
0.33134,5.9169993
0.331345,5.9169993
0.33135,5.9169993
0.331355,5.9169993
0.33135998,5.9169993
0.331365,5.9169993
0.33137,5.9169993
0.331375,5.9169993
0.33137998,5.9169993
0.331385,5.9169993
0.33139,5.9169993
0.331395,5.9169993
0.33139998,5.9169993
0.33140498,5.9169993
0.33141,5.9169993
0.331415,5.9169993
0.33142,5.9169993
0.33142498,5.9169993
0.33143,5.9169993
0.331435,5.9169993
0.33144,5.9169993
0.33144498,5.9169993
0.33145,5.9169993
0.331455,5.9169993
0.33146,5.9169993
0.331465,5.9169993
0.33146998,5.9169993
0.331475,5.9169993
0.33148,5.9169993
0.331485,5.9169993
0.33148998,5.9169993
0.331495,5.9169993
0.3315,5.9169993
0.331505,5.9169993
0.33150998,5.9169993
0.33151498,5.9169993
0.33152,5.9169993
0.331525,5.9169993
0.33153,5.9169993
0.33153498,5.9169993
0.33154,5.9169993
0.331545,5.9169993
0.33155,5.9169993
0.33155498,5.9169993
0.33156,5.9169993
0.331565,5.9169993
0.33157,5.9169993
0.331575,5.9169993
0.33157998,5.9169993
0.331585,5.9169993
0.33159,5.9169993
0.331595,5.9169993
0.33159998,5.9169993
0.331605,5.9169993
0.33161,5.9169993
0.331615,5.9169993
0.33161998,5.9169993
0.33162498,5.9169993
0.33163,5.9169993
0.331635,5.9169993
0.33164,5.9169993
0.33164498,5.9169993
0.33165,5.9169993
0.331655,5.9169993
0.33166,5.9169993
0.33166498,5.9169993
0.33167,5.9169993
0.331675,5.9169993
0.33168,5.9169993
0.33168498,5.9169993
0.33168998,5.9169993
0.331695,5.9169993
0.3317,5.9169993
0.331705,5.9169993
0.33170998,5.9169993
0.331715,5.9169993
0.33172,5.9169993
0.331725,5.9169993
0.33172998,5.9169993
0.331735,5.9169993
0.33174,5.9169993
0.331745,5.9169993
0.33175,5.9169993
0.33175498,5.9169993
0.33176,5.9169993
0.331765,5.9169993
0.33177,5.9169993
0.33177498,5.9169993
0.33178,5.9169993
0.331785,5.9169993
0.33179,5.9169993
0.33179498,5.9169993
0.33179998,5.9169993
0.331805,5.9169993
0.33181,5.9169993
0.331815,5.9169993
0.33181998,5.9169993
0.331825,5.9169993
0.33183,5.9169993
0.331835,5.9169993
0.33183998,5.9169993
0.331845,5.9169993
0.33185,5.9169993
0.331855,5.9169993
0.33186,5.9169993
0.33186498,5.9169993
0.33187,5.9169993
0.331875,5.9169993
0.33188,5.9169993
0.33188498,5.9169993
0.33189,5.9169993
0.331895,5.9169993
0.3319,5.9169993
0.33190498,5.9169993
0.33190998,5.9169993
0.331915,5.9169993
0.33192,5.9169993
0.331925,5.9169993
0.33192998,5.9169993
0.331935,5.9169993
0.33194,5.9169993
0.331945,5.9169993
0.33194998,5.9169993
0.331955,5.9169993
0.33196,5.9169993
0.331965,5.9169993
0.33197,5.9169993
0.33197498,5.9169993
0.33198,5.9169993
0.331985,5.9169993
0.33199,5.9169993
0.33199498,5.9169993
0.332,5.9169993
0.332005,5.9169993
0.33201,5.9169993
0.33201498,5.9169993
0.33201998,5.9169993
0.332025,5.9169993
0.33203,5.9169993
0.332035,5.9169993
0.33203998,5.9169993
0.332045,5.9169993
0.33205,5.9169993
0.332055,5.9169993
0.33205998,5.9169993
0.332065,5.9169993
0.33207,5.9169993
0.332075,5.9169993
0.33207998,5.9169993
0.33208498,5.9169993
0.33209,5.9169993
0.332095,5.9169993
0.3321,5.9169993
0.33210498,5.9169993
0.33211,5.9169993
0.332115,5.9169993
0.33212,5.9169993
0.33212498,5.9169993
0.33212999,5.9169993
0.332135,5.9169993
0.33214,5.9169993
0.332145,5.9169993
0.33214998,5.9169993
0.332155,5.9169993
0.33216,5.9169993
0.332165,5.9169993
0.33216998,5.9169993
0.332175,5.9169993
0.33218,5.9169993
0.332185,5.9169993
0.33218998,5.9169993
0.33219498,5.9169993
0.3322,5.9169993
0.332205,5.9169993
0.33221,5.9169993
0.33221498,5.9169993
0.33222,5.9169993
0.332225,5.9169993
0.33223,5.9169993
0.33223498,5.9169993
0.33224,5.9169993
0.332245,5.9169993
0.33225,5.9169993
0.332255,5.9169993
0.33225998,5.9169993
0.332265,5.9169993
0.33227,5.9169993
0.332275,5.9169993
0.33227998,5.9169993
0.332285,5.9169993
0.33229,5.9169993
0.332295,5.9169993
0.33229998,5.9169993
0.33230498,5.9169993
0.33231,5.9169993
0.332315,5.9169993
0.33232,5.9169993
0.33232498,5.9169993
0.33233,5.9169993
0.332335,5.9169993
0.33234,5.9169993
0.33234498,5.9169993
0.33235,5.9169993
0.332355,5.9169993
0.33236,5.9169993
0.332365,5.9169993
0.33236998,5.9169993
0.332375,5.9169993
0.33238,5.9169993
0.332385,5.9169993
0.33238998,5.9169993
0.332395,5.9169993
0.3324,5.9169993
0.332405,5.9169993
0.33240998,5.9169993
0.33241498,5.9169993
0.33242,5.9169993
0.332425,5.9169993
0.33243,5.9169993
0.33243498,5.9169993
0.33244,5.9169993
0.332445,5.9169993
0.33245,5.9169993
0.33245498,5.9169993
0.33246,5.9169993
0.332465,5.9169993
0.33247,5.9169993
0.33247498,5.9169993
0.33247998,5.9169993
0.332485,5.9169993
0.33249,5.9169993
0.332495,5.9169993
0.33249998,5.9169993
0.332505,5.9169993
0.33251,5.9169993
0.332515,5.9169993
0.33251998,5.9169993
0.33252499,5.9169993
0.33253,5.9169993
0.332535,5.9169993
0.33254,5.9169993
0.33254498,5.9169993
0.33255,5.9169993
0.332555,5.9169993
0.33256,5.9169993
0.33256498,5.9169993
0.33257,5.9169993
0.332575,5.9169993
0.33258,5.9169993
0.33258498,5.9169993
0.33258998,5.9169993
0.332595,5.9169993
0.3326,5.9169993
0.332605,5.9169993
0.33260998,5.9169993
0.332615,5.9169993
0.33262,5.9169993
0.332625,5.9169993
0.33262998,5.9169993
0.332635,5.9169993
0.33264,5.9169993
0.332645,5.9169993
0.33265,5.9169993
0.33265498,5.9169993
0.33266,5.9169993
0.332665,5.9169993
0.33267,5.9169993
0.33267498,5.9169993
0.33268,5.9169993
0.332685,5.9169993
0.33269,5.9169993
0.33269498,5.9169993
0.33269998,5.9169993
0.332705,5.9169993
0.33271,5.9169993
0.332715,5.9169993
0.33271998,5.9169993
0.332725,5.9169993
0.33273,5.9169993
0.332735,5.9169993
0.33273998,5.9169993
0.332745,5.9169993
0.33275,5.9169993
0.332755,5.9169993
0.33276,5.9169993
0.33276498,5.9169993
0.33277,5.9169993
0.332775,5.9169993
0.33278,5.9169993
0.33278498,5.9169993
0.33279,5.9169993
0.332795,5.9169993
0.3328,5.9169993
0.33280498,5.9169993
0.33280998,5.9169993
0.332815,5.9169993
0.33282,5.9169993
0.332825,5.9169993
0.33282998,5.9169993
0.332835,5.9169993
0.33284,5.9169993
0.332845,5.9169993
0.33284998,5.9169993
0.332855,5.9169993
0.33286,5.9169993
0.332865,5.9169993
0.33286998,5.9169993
0.33287498,5.9169993
0.33288,5.9169993
0.332885,5.9169993
0.33289,5.9169993
0.33289498,5.9169993
0.3329,5.9169993
0.332905,5.9169993
0.33291,5.9169993
0.33291498,5.9169993
0.33291999,5.9169993
0.332925,5.9169993
0.33293,5.9169993
0.332935,5.9169993
0.33293998,5.9169993
0.332945,5.9169993
0.33295,5.9169993
0.332955,5.9169993
0.33295998,5.9169993
0.332965,5.9169993
0.33297,5.9169993
0.332975,5.9169993
0.33297998,5.9169993
0.33298498,5.9169993
0.33299,5.9169993
0.332995,5.9169993
0.333,5.9169993
0.33300498,5.9169993
0.33301,5.9169993
0.333015,5.9169993
0.33302,5.9169993
0.33302498,5.9169993
0.33303,5.9169993
0.333035,5.9169993
0.33304,5.9169993
0.333045,5.9169993
0.33304998,5.9169993
0.333055,5.9169993
0.33306,5.9169993
0.333065,5.9169993
0.33306998,5.9169993
0.333075,5.9169993
0.33308,5.9169993
0.333085,5.9169993
0.33308998,5.9169993
0.33309498,5.9169993
0.3331,5.9169993
0.333105,5.9169993
0.33311,5.9169993
0.33311498,5.9169993
0.33312,5.9169993
0.333125,5.9169993
0.33313,5.9169993
0.33313498,5.9169993
0.33314,5.9169993
0.333145,5.9169993
0.33315,5.9169993
0.333155,5.9169993
0.33315998,5.9169993
0.333165,5.9169993
0.33317,5.9169993
0.333175,5.9169993
0.33317998,5.9169993
0.333185,5.9169993
0.33319,5.9169993
0.333195,5.9169993
0.33319998,5.9169993
0.33320498,5.9169993
0.33321,5.9169993
0.333215,5.9169993
0.33322,5.9169993
0.33322498,5.9169993
0.33323,5.9169993
0.333235,5.9169993
0.33324,5.9169993
0.33324498,5.9169993
0.33325,5.9169993
0.333255,5.9169993
0.33326,5.9169993
0.33326498,5.9169993
0.33326998,5.9169993
0.333275,5.9169993
0.33328,5.9169993
0.333285,5.9169993
0.33328998,5.9169993
0.333295,5.9169993
0.3333,5.9169993
0.333305,5.9169993
0.33330998,5.9169993
0.33331499,5.9169993
0.33332,5.9169993
0.333325,5.9169993
0.33333,5.9169993
0.33333498,5.9169993
0.33334,5.9169993
0.333345,5.9169993
0.33335,5.9169993
0.33335498,5.9169993
0.33336,5.9169993
0.333365,5.9169993
0.33337,5.9169993
0.33337498,5.9169993
0.33337998,5.9169993
0.333385,5.9169993
0.33339,5.9169993
0.333395,5.9169993
0.33339998,5.9169993
0.333405,5.9169993
0.33341,5.9169993
0.333415,5.9169993
0.33341998,5.9169993
0.333425,5.9169993
0.33343,5.9169993
0.333435,5.9169993
0.33344,5.9169993
0.33344498,5.9169993
0.33345,5.9169993
0.333455,5.9169993
0.33346,5.9169993
0.33346498,5.9169993
0.33347,5.9169993
0.333475,5.9169993
0.33348,5.9169993
0.33348498,5.9169993
0.33348998,5.9169993
0.333495,5.9169993
0.3335,5.9169993
0.333505,5.9169993
0.33350998,5.9169993
0.333515,5.9169993
0.33352,5.9169993
0.333525,5.9169993
0.33352998,5.9169993
0.333535,5.9169993
0.33354,5.9169993
0.333545,5.9169993
0.33355,5.9169993
0.33355498,5.9169993
0.33356,5.9169993
0.333565,5.9169993
0.33357,5.9169993
0.33357498,5.9169993
0.33358,5.9169993
0.333585,5.9169993
0.33359,5.9169993
0.33359498,5.9169993
0.33359998,5.9169993
0.333605,5.9169993
0.33361,5.9169993
0.333615,5.9169993
0.33361998,5.9169993
0.333625,5.9169993
0.33363,5.9169993
0.333635,5.9169993
0.33363998,5.9169993
0.333645,5.9169993
0.33365,5.9169993
0.333655,5.9169993
0.33365998,5.9169993
0.33366498,5.9169993
0.33367,5.9169993
0.333675,5.9169993
0.33368,5.9169993
0.33368498,5.9169993
0.33369,5.9169993
0.333695,5.9169993
0.3337,5.9169993
0.33370498,5.9169993
0.33370999,5.9169993
0.333715,5.9169993
0.33372,5.9169993
0.333725,5.9169993
0.33372998,5.9169993
0.333735,5.9169993
0.33374,5.9169993
0.333745,5.9169993
0.33374998,5.9169993
0.333755,5.9169993
0.33376,5.9169993
0.333765,5.9169993
0.33376998,5.9169993
0.33377498,5.9169993
0.33378,5.9169993
0.333785,5.9169993
0.33379,5.9169993
0.33379498,5.9169993
0.3338,5.9169993
0.333805,5.9169993
0.33381,5.9169993
0.33381498,5.9169993
0.33382,5.9169993
0.333825,5.9169993
0.33383,5.9169993
0.333835,5.9169993
0.33383998,5.9169993
0.333845,5.9169993
0.33385,5.9169993
0.333855,5.9169993
0.33385998,5.9169993
0.333865,5.9169993
0.33387,5.9169993
0.333875,5.9169993
0.33387998,5.9169993
0.33388498,5.9169993
0.33389,5.9169993
0.333895,5.9169993
0.3339,5.9169993
0.33390498,5.9169993
0.33391,5.9169993
0.333915,5.9169993
0.33392,5.9169993
0.33392498,5.9169993
0.33393,5.9169993
0.333935,5.9169993
0.33394,5.9169993
0.333945,5.9169993
0.33394998,5.9169993
0.333955,5.9169993
0.33396,5.9169993
0.333965,5.9169993
0.33396998,5.9169993
0.333975,5.9169993
0.33398,5.9169993
0.333985,5.9169993
0.33398998,5.9169993
0.33399498,5.9169993
0.334,5.9169993
0.334005,5.9169993
0.33401,5.9169993
0.33401498,5.9169993
0.33402,5.9169993
0.334025,5.9169993
0.33403,5.9169993
0.33403498,5.9169993
0.33404,5.9169993
0.334045,5.9169993
0.33405,5.9169993
0.33405498,5.9169993
0.33405998,5.9169993
0.334065,5.9169993
0.33407,5.9169993
0.334075,5.9169993
0.33407998,5.9169993
0.334085,5.9169993
0.33409,5.9169993
0.334095,5.9169993
0.33409998,5.9169993
0.33410498,5.9169993
0.33411,5.9169993
0.334115,5.9169993
0.33412,5.9169993
0.33412498,5.9169993
0.33413,5.9169993
0.334135,5.9169993
0.33414,5.9169993
0.33414498,5.9169993
0.33415,5.9169993
0.334155,5.9169993
0.33416,5.9169993
0.33416498,5.9169993
0.33416998,5.9169993
0.334175,5.9169993
0.33418,5.9169993
0.334185,5.9169993
0.33418998,5.9169993
0.334195,5.9169993
0.3342,5.9169993
0.334205,5.9169993
0.33420998,5.9169993
0.334215,5.9169993
0.33422,5.9169993
0.334225,5.9169993
0.33423,5.9169993
0.33423498,5.9169993
0.33424,5.9169993
0.334245,5.9169993
0.33425,5.9169993
0.33425498,5.9169993
0.33426,5.9169993
0.334265,5.9169993
0.33427,5.9169993
0.33427498,5.9169993
0.33427998,5.9169993
0.334285,5.9169993
0.33429,5.9169993
0.334295,5.9169993
0.33429998,5.9169993
0.334305,5.9169993
0.33431,5.9169993
0.334315,5.9169993
0.33431998,5.9169993
0.334325,5.9169993
0.33433,5.9169993
0.334335,5.9169993
0.33434,5.9169993
0.33434498,5.9169993
0.33435,5.9169993
0.334355,5.9169993
0.33436,5.9169993
0.33436498,5.9169993
0.33437,5.9169993
0.334375,5.9169993
0.33438,5.9169993
0.33438498,5.9169993
0.33438998,5.9169993
0.334395,5.9169993
0.3344,5.9169993
0.334405,5.9169993
0.33440998,5.9169993
0.334415,5.9169993
0.33442,5.9169993
0.334425,5.9169993
0.33442998,5.9169993
0.334435,5.9169993
0.33444,5.9169993
0.334445,5.9169993
0.33444998,5.9169993
0.33445498,5.9169993
0.33446,5.9169993
0.334465,5.9169993
0.33447,5.9169993
0.33447498,5.9169993
0.33448,5.9169993
0.334485,5.9169993
0.33449,5.9169993
0.33449498,5.9169993
0.33449998,5.9169993
0.334505,5.9169993
0.33451,5.9169993
0.334515,5.9169993
0.33451998,5.9169993
0.334525,5.9169993
0.33453,5.9169993
0.334535,5.9169993
0.33453998,5.9169993
0.334545,5.9169993
0.33455,5.9169993
0.334555,5.9169993
0.33455998,5.9169993
0.33456498,5.9169993
0.33457,5.9169993
0.334575,5.9169993
0.33458,5.9169993
0.33458498,5.9169993
0.33459,5.9169993
0.334595,5.9169993
0.3346,5.9169993
0.33460498,5.9169993
0.33461,5.9169993
0.334615,5.9169993
0.33462,5.9169993
0.334625,5.9169993
0.33462998,5.9169993
0.334635,5.9169993
0.33464,5.9169993
0.334645,5.9169993
0.33464998,5.9169993
0.334655,5.9169993
0.33466,5.9169993
0.334665,5.9169993
0.33466998,5.9169993
0.33467498,5.9169993
0.33468,5.9169993
0.334685,5.9169993
0.33469,5.9169993
0.33469498,5.9169993
0.3347,5.9169993
0.334705,5.9169993
0.33471,5.9169993
0.33471498,5.9169993
0.33472,5.9169993
0.334725,5.9169993
0.33473,5.9169993
0.334735,5.9169993
0.33473998,5.9169993
0.334745,5.9169993
0.33475,5.9169993
0.334755,5.9169993
0.33475998,5.9169993
0.334765,5.9169993
0.33477,5.9169993
0.334775,5.9169993
0.33477998,5.9169993
0.33478498,5.9169993
0.33479,5.9169993
0.334795,5.9169993
0.3348,5.9169993
0.33480498,5.9169993
0.33481,5.9169993
0.334815,5.9169993
0.33482,5.9169993
0.33482498,5.9169993
0.33483,5.9169993
0.334835,5.9169993
0.33484,5.9169993
0.33484498,5.9169993
0.33484998,5.9169993
0.334855,5.9169993
0.33486,5.9169993
0.334865,5.9169993
0.33486998,5.9169993
0.334875,5.9169993
0.33488,5.9169993
0.334885,5.9169993
0.33488998,5.9169993
0.33489498,5.9169993
0.3349,5.9169993
0.334905,5.9169993
0.33491,5.9169993
0.33491498,5.9169993
0.33492,5.9169993
0.334925,5.9169993
0.33493,5.9169993
0.33493498,5.9169993
0.33494,5.9169993
0.334945,5.9169993
0.33495,5.9169993
0.33495498,5.9169993
0.33495998,5.9169993
0.334965,5.9169993
0.33497,5.9169993
0.334975,5.9169993
0.33497998,5.9169993
0.334985,5.9169993
0.33499,5.9169993
0.334995,5.9169993
0.33499998,5.9169993
0.335005,5.9169993
0.33501,5.9169993
0.335015,5.9169993
0.33502,5.9169993
0.33502498,5.9169993
0.33503,5.9169993
0.335035,5.9169993
0.33504,5.9169993
0.33504498,5.9169993
0.33505,5.9169993
0.335055,5.9169993
0.33506,5.9169993
0.33506498,5.9169993
0.33506998,5.9169993
0.335075,5.9169993
0.33508,5.9169993
0.335085,5.9169993
0.33508998,5.9169993
0.335095,5.9169993
0.3351,5.9169993
0.335105,5.9169993
0.33510998,5.9169993
0.335115,5.9169993
0.33512,5.9169993
0.335125,5.9169993
0.33513,5.9169993
0.33513498,5.9169993
0.33514,5.9169993
0.335145,5.9169993
0.33515,5.9169993
0.33515498,5.9169993
0.33516,5.9169993
0.335165,5.9169993
0.33517,5.9169993
0.33517498,5.9169993
0.33517998,5.9169993
0.335185,5.9169993
0.33519,5.9169993
0.335195,5.9169993
0.33519998,5.9169993
0.335205,5.9169993
0.33521,5.9169993
0.335215,5.9169993
0.33521998,5.9169993
0.335225,5.9169993
0.33523,5.9169993
0.335235,5.9169993
0.33523998,5.9169993
0.33524498,5.9169993
0.33525,5.9169993
0.335255,5.9169993
0.33526,5.9169993
0.33526498,5.9169993
0.33527,5.9169993
0.335275,5.9169993
0.33528,5.9169993
0.33528498,5.9169993
0.33528998,5.9169993
0.335295,5.9169993
0.3353,5.9169993
0.335305,5.9169993
0.33530998,5.9169993
0.335315,5.9169993
0.33532,5.9169993
0.335325,5.9169993
0.33532998,5.9169993
0.335335,5.9169993
0.33534,5.9169993
0.335345,5.9169993
0.33534998,5.9169993
0.33535498,5.9169993
0.33536,5.9169993
0.335365,5.9169993
0.33537,5.9169993
0.33537498,5.9169993
0.33538,5.9169993
0.335385,5.9169993
0.33539,5.9169993
0.33539498,5.9169993
0.3354,5.9169993
0.335405,5.9169993
0.33541,5.9169993
0.335415,5.9169993
0.33541998,5.9169993
0.335425,5.9169993
0.33543,5.9169993
0.335435,5.9169993
0.33543998,5.9169993
0.335445,5.9169993
0.33545,5.9169993
0.335455,5.9169993
0.33545998,5.9169993
0.33546498,5.9169993
0.33547,5.9169993
0.335475,5.9169993
0.33548,5.9169993
0.33548498,5.9169993
0.33549,5.9169993
0.335495,5.9169993
0.3355,5.9169993
0.33550498,5.9169993
0.33551,5.9169993
0.335515,5.9169993
0.33552,5.9169993
0.335525,5.9169993
0.33552998,5.9169993
0.335535,5.9169993
0.33554,5.9169993
0.335545,5.9169993
0.33554998,5.9169993
0.335555,5.9169993
0.33556,5.9169993
0.335565,5.9169993
0.33556998,5.9169993
0.33557498,5.9169993
0.33558,5.9169993
0.335585,5.9169993
0.33559,5.9169993
0.33559498,5.9169993
0.3356,5.9169993
0.335605,5.9169993
0.33561,5.9169993
0.33561498,5.9169993
0.33562,5.9169993
0.335625,5.9169993
0.33563,5.9169993
0.33563498,5.9169993
0.33563998,5.9169993
0.335645,5.9169993
0.33565,5.9169993
0.335655,5.9169993
0.33565998,5.9169993
0.335665,5.9169993
0.33567,5.9169993
0.335675,5.9169993
0.33567998,5.9169993
0.33568498,5.9169993
0.33569,5.9169993
0.335695,5.9169993
0.3357,5.9169993
0.33570498,5.9169993
0.33571,5.9169993
0.335715,5.9169993
0.33572,5.9169993
0.33572498,5.9169993
0.33573,5.9169993
0.335735,5.9169993
0.33574,5.9169993
0.33574498,5.9169993
0.33574998,5.9169993
0.335755,5.9169993
0.33576,5.9169993
0.335765,5.9169993
0.33576998,5.9169993
0.335775,5.9169993
0.33578,5.9169993
0.335785,5.9169993
0.33578998,5.9169993
0.335795,5.9169993
0.3358,5.9169993
0.335805,5.9169993
0.33581,5.9169993
0.33581498,5.9169993
0.33582,5.9169993
0.335825,5.9169993
0.33583,5.9169993
0.33583498,5.9169993
0.33584,5.9169993
0.335845,5.9169993
0.33585,5.9169993
0.33585498,5.9169993
0.33585998,5.9169993
0.335865,5.9169993
0.33587,5.9169993
0.335875,5.9169993
0.33587998,5.9169993
0.335885,5.9169993
0.33589,5.9169993
0.335895,5.9169993
0.33589998,5.9169993
0.335905,5.9169993
0.33591,5.9169993
0.335915,5.9169993
0.33592,5.9169993
0.33592498,5.9169993
0.33593,5.9169993
0.335935,5.9169993
0.33594,5.9169993
0.33594498,5.9169993
0.33595,5.9169993
0.335955,5.9169993
0.33596,5.9169993
0.33596498,5.9169993
0.33596998,5.9169993
0.335975,5.9169993
0.33598,5.9169993
0.335985,5.9169993
0.33598998,5.9169993
0.335995,5.9169993
0.336,5.9169993
0.336005,5.9169993
0.33600998,5.9169993
0.336015,5.9169993
0.33602,5.9169993
0.336025,5.9169993
0.33603,5.9169993
0.33603498,5.9169993
0.33604,5.9169993
0.336045,5.9169993
0.33605,5.9169993
0.33605498,5.9169993
0.33606,5.9169993
0.336065,5.9169993
0.33607,5.9169993
0.33607498,5.9169993
0.33607998,5.9169993
0.336085,5.9169993
0.33609,5.9169993
0.336095,5.9169993
0.33609998,5.9169993
0.336105,5.9169993
0.33611,5.9169993
0.336115,5.9169993
0.33611998,5.9169993
0.336125,5.9169993
0.33613,5.9169993
0.336135,5.9169993
0.33613998,5.9169993
0.33614498,5.9169993
0.33615,5.9169993
0.336155,5.9169993
0.33616,5.9169993
0.33616498,5.9169993
0.33617,5.9169993
0.336175,5.9169993
0.33618,5.9169993
0.33618498,5.9169993
0.33619,5.9169993
0.336195,5.9169993
0.3362,5.9169993
0.336205,5.9169993
0.33620998,5.9169993
0.336215,5.9169993
0.33622,5.9169993
0.336225,5.9169993
0.33622998,5.9169993
0.336235,5.9169993
0.33624,5.9169993
0.336245,5.9169993
0.33624998,5.9169993
0.33625498,5.9169993
0.33626,5.9169993
0.336265,5.9169993
0.33627,5.9169993
0.33627498,5.9169993
0.33628,5.9169993
0.336285,5.9169993
0.33629,5.9169993
0.33629498,5.9169993
0.3363,5.9169993
0.336305,5.9169993
0.33631,5.9169993
0.336315,5.9169993
0.33631998,5.9169993
0.336325,5.9169993
0.33633,5.9169993
0.336335,5.9169993
0.33633998,5.9169993
0.336345,5.9169993
0.33635,5.9169993
0.336355,5.9169993
0.33635998,5.9169993
0.33636498,5.9169993
0.33637,5.9169993
0.336375,5.9169993
0.33638,5.9169993
0.33638498,5.9169993
0.33639,5.9169993
0.336395,5.9169993
0.3364,5.9169993
0.33640498,5.9169993
0.33641,5.9169993
0.336415,5.9169993
0.33642,5.9169993
0.336425,5.9169993
0.33642998,5.9169993
0.336435,5.9169993
0.33644,5.9169993
0.336445,5.9169993
0.33644998,5.9169993
0.336455,5.9169993
0.33646,5.9169993
0.336465,5.9169993
0.33646998,5.9169993
0.33647498,5.9169993
0.33648,5.9169993
0.336485,5.9169993
0.33649,5.9169993
0.33649498,5.9169993
0.3365,5.9169993
0.336505,5.9169993
0.33651,5.9169993
0.33651498,5.9169993
0.33652,5.9169993
0.336525,5.9169993
0.33653,5.9169993
0.33653498,5.9169993
0.33653998,5.9169993
0.336545,5.9169993
0.33655,5.9169993
0.336555,5.9169993
0.33655998,5.9169993
0.336565,5.9169993
0.33657,5.9169993
0.336575,5.9169993
0.33657998,5.9169993
0.336585,5.9169993
0.33659,5.9169993
0.336595,5.9169993
0.3366,5.9169993
0.33660498,5.9169993
0.33661,5.9169993
0.336615,5.9169993
0.33662,5.9169993
0.33662498,5.9169993
0.33663,5.9169993
0.336635,5.9169993
0.33664,5.9169993
0.33664498,5.9169993
0.33664998,5.9169993
0.336655,5.9169993
0.33666,5.9169993
0.336665,5.9169993
0.33666998,5.9169993
0.336675,5.9169993
0.33668,5.9169993
0.336685,5.9169993
0.33668998,5.9169993
0.336695,5.9169993
0.3367,5.9169993
0.336705,5.9169993
0.33671,5.9169993
0.33671498,5.9169993
0.33672,5.9169993
0.336725,5.9169993
0.33673,5.9169993
0.33673498,5.9169993
0.33674,5.9169993
0.336745,5.9169993
0.33675,5.9169993
0.33675498,5.9169993
0.33675998,5.9169993
0.336765,5.9169993
0.33677,5.9169993
0.336775,5.9169993
0.33677998,5.9169993
0.336785,5.9169993
0.33679,5.9169993
0.336795,5.9169993
0.33679998,5.9169993
0.336805,5.9169993
0.33681,5.9169993
0.336815,5.9169993
0.33682,5.9169993
0.33682498,5.9169993
0.33683,5.9169993
0.336835,5.9169993
0.33684,5.9169993
0.33684498,5.9169993
0.33685,5.9169993
0.336855,5.9169993
0.33686,5.9169993
0.33686498,5.9169993
0.33686998,5.9169993
0.336875,5.9169993
0.33688,5.9169993
0.336885,5.9169993
0.33688998,5.9169993
0.336895,5.9169993
0.3369,5.9169993
0.336905,5.9169993
0.33690998,5.9169993
0.336915,5.9169993
0.33692,5.9169993
0.336925,5.9169993
0.33692998,5.9169993
0.33693498,5.9169993
0.33694,5.9169993
0.336945,5.9169993
0.33695,5.9169993
0.33695498,5.9169993
0.33696,5.9169993
0.336965,5.9169993
0.33697,5.9169993
0.33697498,5.9169993
0.33698,5.9169993
0.336985,5.9169993
0.33699,5.9169993
0.336995,5.9169993
0.33699998,5.9169993
0.337005,5.9169993
0.33701,5.9169993
0.337015,5.9169993
0.33701998,5.9169993
0.337025,5.9169993
0.33703,5.9169993
0.337035,5.9169993
0.33703998,5.9169993
0.33704498,5.9169993
0.33705,5.9169993
0.337055,5.9169993
0.33706,5.9169993
0.33706498,5.9169993
0.33707,5.9169993
0.337075,5.9169993
0.33708,5.9169993
0.33708498,5.9169993
0.33709,5.9169993
0.337095,5.9169993
0.3371,5.9169993
0.337105,5.9169993
0.33710998,5.9169993
0.337115,5.9169993
0.33712,5.9169993
0.337125,5.9169993
0.33712998,5.9169993
0.337135,5.9169993
0.33714,5.9169993
0.337145,5.9169993
0.33714998,5.9169993
0.33715498,5.9169993
0.33716,5.9169993
0.337165,5.9169993
0.33717,5.9169993
0.33717498,5.9169993
0.33718,5.9169993
0.337185,5.9169993
0.33719,5.9169993
0.33719498,5.9169993
0.3372,5.9169993
0.337205,5.9169993
0.33721,5.9169993
0.337215,5.9169993
0.33721998,5.9169993
0.337225,5.9169993
0.33723,5.9169993
0.337235,5.9169993
0.33723998,5.9169993
0.337245,5.9169993
0.33725,5.9169993
0.337255,5.9169993
0.33725998,5.9169993
0.33726498,5.9169993
0.33727,5.9169993
0.337275,5.9169993
0.33728,5.9169993
0.33728498,5.9169993
0.33729,5.9169993
0.337295,5.9169993
0.3373,5.9169993
0.33730498,5.9169993
0.33731,5.9169993
0.337315,5.9169993
0.33732,5.9169993
0.33732498,5.9169993
0.33732998,5.9169993
0.337335,5.9169993
0.33734,5.9169993
0.337345,5.9169993
0.33734998,5.9169993
0.337355,5.9169993
0.33736,5.9169993
0.337365,5.9169993
0.33736998,5.9169993
0.337375,5.9169993
0.33738,5.9169993
0.337385,5.9169993
0.33739,5.9169993
0.33739498,5.9169993
0.3374,5.9169993
0.337405,5.9169993
0.33741,5.9169993
0.33741498,5.9169993
0.33742,5.9169993
0.337425,5.9169993
0.33743,5.9169993
0.33743498,5.9169993
0.33743998,5.9169993
0.337445,5.9169993
0.33745,5.9169993
0.337455,5.9169993
0.33745998,5.9169993
0.337465,5.9169993
0.33747,5.9169993
0.337475,5.9169993
0.33747998,5.9169993
0.337485,5.9169993
0.33749,5.9169993
0.337495,5.9169993
0.3375,5.9169993
0.33750498,5.9169993
0.33751,5.9169993
0.337515,5.9169993
0.33752,5.9169993
0.33752498,5.9169993
0.33753,5.9169993
0.337535,5.9169993
0.33754,5.9169993
0.33754498,5.9169993
0.33754998,5.9169993
0.337555,5.9169993
0.33756,5.9169993
0.337565,5.9169993
0.33756998,5.9169993
0.337575,5.9169993
0.33758,5.9169993
0.337585,5.9169993
0.33758998,5.9169993
0.337595,5.9169993
0.3376,5.9169993
0.337605,5.9169993
0.33761,5.9169993
0.33761498,5.9169993
0.33762,5.9169993
0.337625,5.9169993
0.33763,5.9169993
0.33763498,5.9169993
0.33764,5.9169993
0.337645,5.9169993
0.33765,5.9169993
0.33765498,5.9169993
0.33765998,5.9169993
0.337665,5.9169993
0.33767,5.9169993
0.337675,5.9169993
0.33767998,5.9169993
0.337685,5.9169993
0.33769,5.9169993
0.337695,5.9169993
0.33769998,5.9169993
0.337705,5.9169993
0.33771,5.9169993
0.337715,5.9169993
0.33771998,5.9169993
0.33772498,5.9169993
0.33773,5.9169993
0.337735,5.9169993
0.33774,5.9169993
0.33774498,5.9169993
0.33775,5.9169993
0.337755,5.9169993
0.33776,5.9169993
0.33776498,5.9169993
0.33777,5.9169993
0.337775,5.9169993
0.33778,5.9169993
0.337785,5.9169993
0.33778998,5.9169993
0.337795,5.9169993
0.3378,5.9169993
0.337805,5.9169993
0.33780998,5.9169993
0.337815,5.9169993
0.33782,5.9169993
0.337825,5.9169993
0.33782998,5.9169993
0.33783498,5.9169993
0.33784,5.9169993
0.337845,5.9169993
0.33785,5.9169993
0.33785498,5.9169993
0.33786,5.9169993
0.337865,5.9169993
0.33787,5.9169993
0.33787498,5.9169993
0.33788,5.9169993
0.337885,5.9169993
0.33789,5.9169993
0.337895,5.9169993
0.33789998,5.9169993
0.337905,5.9169993
0.33791,5.9169993
0.337915,5.9169993
0.33791998,5.9169993
0.337925,5.9169993
0.33793,5.9169993
0.337935,5.9169993
0.33793998,5.9169993
0.33794498,5.9169993
0.33795,5.9169993
0.337955,5.9169993
0.33796,5.9169993
0.33796498,5.9169993
0.33797,5.9169993
0.337975,5.9169993
0.33798,5.9169993
0.33798498,5.9169993
0.33799,5.9169993
0.337995,5.9169993
0.338,5.9169993
0.338005,5.9169993
0.33800998,5.9169993
0.338015,5.9169993
0.33802,5.9169993
0.338025,5.9169993
0.33802998,5.9169993
0.338035,5.9169993
0.33804,5.9169993
0.338045,5.9169993
0.33804998,5.9169993
0.33805498,5.9169993
0.33806,5.9169993
0.338065,5.9169993
0.33807,5.9169993
0.33807498,5.9169993
0.33808,5.9169993
0.338085,5.9169993
0.33809,5.9169993
0.33809498,5.9169993
0.3381,5.9169993
0.338105,5.9169993
0.33811,5.9169993
0.33811498,5.9169993
0.33811998,5.9169993
0.338125,5.9169993
0.33813,5.9169993
0.338135,5.9169993
0.33813998,5.9169993
0.338145,5.9169993
0.33815,5.9169993
0.338155,5.9169993
0.33815998,5.9169993
0.338165,5.9169993
0.33817,5.9169993
0.338175,5.9169993
0.33818,5.9169993
0.33818498,5.9169993
0.33819,5.9169993
0.338195,5.9169993
0.3382,5.9169993
0.33820498,5.9169993
0.33821,5.9169993
0.338215,5.9169993
0.33822,5.9169993
0.33822498,5.9169993
0.33822998,5.9169993
0.338235,5.9169993
0.33824,5.9169993
0.338245,5.9169993
0.33824998,5.9169993
0.338255,5.9169993
0.33826,5.9169993
0.338265,5.9169993
0.33826998,5.9169993
0.338275,5.9169993
0.33828,5.9169993
0.338285,5.9169993
0.33829,5.9169993
0.33829498,5.9169993
0.3383,5.9169993
0.338305,5.9169993
0.33831,5.9169993
0.33831498,5.9169993
0.33832,5.9169993
0.338325,5.9169993
0.33833,5.9169993
0.33833498,5.9169993
0.33833998,5.9169993
0.338345,5.9169993
0.33835,5.9169993
0.338355,5.9169993
0.33835998,5.9169993
0.338365,5.9169993
0.33837,5.9169993
0.338375,5.9169993
0.33837998,5.9169993
0.338385,5.9169993
0.33839,5.9169993
0.338395,5.9169993
0.3384,5.9169993
0.33840498,5.9169993
0.33841,5.9169993
0.338415,5.9169993
0.33842,5.9169993
0.33842498,5.9169993
0.33843,5.9169993
0.338435,5.9169993
0.33844,5.9169993
0.33844498,5.9169993
0.33844998,5.9169993
0.338455,5.9169993
0.33846,5.9169993
0.338465,5.9169993
0.33846998,5.9169993
0.338475,5.9169993
0.33848,5.9169993
0.338485,5.9169993
0.33848998,5.9169993
0.338495,5.9169993
0.3385,5.9169993
0.338505,5.9169993
0.33850998,5.9169993
0.33851498,5.9169993
0.33852,5.9169993
0.338525,5.9169993
0.33853,5.9169993
0.33853498,5.9169993
0.33854,5.9169993
0.338545,5.9169993
0.33855,5.9169993
0.33855498,5.9169993
0.33856,5.9169993
0.338565,5.9169993
0.33857,5.9169993
0.338575,5.9169993
0.33857998,5.9169993
0.338585,5.9169993
0.33859,5.9169993
0.338595,5.9169993
0.33859998,5.9169993
0.338605,5.9169993
0.33861,5.9169993
0.338615,5.9169993
0.33861998,5.9169993
0.33862498,5.9169993
0.33863,5.9169993
0.338635,5.9169993
0.33864,5.9169993
0.33864498,5.9169993
0.33865,5.9169993
0.338655,5.9169993
0.33866,5.9169993
0.33866498,5.9169993
0.33867,5.9169993
0.338675,5.9169993
0.33868,5.9169993
0.338685,5.9169993
0.33868998,5.9169993
0.338695,5.9169993
0.3387,5.9169993
0.338705,5.9169993
0.33870998,5.9169993
0.338715,5.9169993
0.33872,5.9169993
0.338725,5.9169993
0.33872998,5.9169993
0.33873498,5.9169993
0.33874,5.9169993
0.338745,5.9169993
0.33875,5.9169993
0.33875498,5.9169993
0.33876,5.9169993
0.338765,5.9169993
0.33877,5.9169993
0.33877498,5.9169993
0.33878,5.9169993
0.338785,5.9169993
0.33879,5.9169993
0.338795,5.9169993
0.33879998,5.9169993
0.338805,5.9169993
0.33881,5.9169993
0.338815,5.9169993
0.33881998,5.9169993
0.338825,5.9169993
0.33883,5.9169993
0.338835,5.9169993
0.33883998,5.9169993
0.33884498,5.9169993
0.33885,5.9169993
0.338855,5.9169993
0.33886,5.9169993
0.33886498,5.9169993
0.33887,5.9169993
0.338875,5.9169993
0.33888,5.9169993
0.33888498,5.9169993
0.33889,5.9169993
0.338895,5.9169993
0.3389,5.9169993
0.33890498,5.9169993
0.33890998,5.9169993
0.338915,5.9169993
0.33892,5.9169993
0.338925,5.9169993
0.33892998,5.9169993
0.338935,5.9169993
0.33894,5.9169993
0.338945,5.9169993
0.33894998,5.9169993
0.338955,5.9169993
0.33896,5.9169993
0.338965,5.9169993
0.33897,5.9169993
0.33897498,5.9169993
0.33898,5.9169993
0.338985,5.9169993
0.33899,5.9169993
0.33899498,5.9169993
0.339,5.9169993
0.339005,5.9169993
0.33901,5.9169993
0.33901498,5.9169993
0.33901998,5.9169993
0.339025,5.9169993
0.33903,5.9169993
0.339035,5.9169993
0.33903998,5.9169993
0.339045,5.9169993
0.33905,5.9169993
0.339055,5.9169993
0.33905998,5.9169993
0.339065,5.9169993
0.33907,5.9169993
0.339075,5.9169993
0.33908,5.9169993
0.33908498,5.9169993
0.33909,5.9169993
0.339095,5.9169993
0.3391,5.9169993
0.33910498,5.9169993
0.33911,5.9169993
0.339115,5.9169993
0.33912,5.9169993
0.33912498,5.9169993
0.33912998,5.9169993
0.339135,5.9169993
0.33914,5.9169993
0.339145,5.9169993
0.33914998,5.9169993
0.339155,5.9169993
0.33916,5.9169993
0.339165,5.9169993
0.33916998,5.9169993
0.339175,5.9169993
0.33918,5.9169993
0.339185,5.9169993
0.33919,5.9169993
0.33919498,5.9169993
0.3392,5.9169993
0.339205,5.9169993
0.33921,5.9169993
0.33921498,5.9169993
0.33922,5.9169993
0.339225,5.9169993
0.33923,5.9169993
0.33923498,5.9169993
0.33923998,5.9169993
0.339245,5.9169993
0.33925,5.9169993
0.339255,5.9169993
0.33925998,5.9169993
0.339265,5.9169993
0.33927,5.9169993
0.339275,5.9169993
0.33927998,5.9169993
0.339285,5.9169993
0.33929,5.9169993
0.339295,5.9169993
0.33929998,5.9169993
0.33930498,5.9169993
0.33931,5.9169993
0.339315,5.9169993
0.33932,5.9169993
0.33932498,5.9169993
0.33933,5.9169993
0.339335,5.9169993
0.33934,5.9169993
0.33934498,5.9169993
0.33935,5.9169993
0.339355,5.9169993
0.33936,5.9169993
0.339365,5.9169993
0.33936998,5.9169993
0.339375,5.9169993
0.33938,5.9169993
0.339385,5.9169993
0.33938998,5.9169993
0.339395,5.9169993
0.3394,5.9169993
0.339405,5.9169993
0.33940998,5.9169993
0.33941498,5.9169993
0.33942,5.9169993
0.339425,5.9169993
0.33943,5.9169993
0.33943498,5.9169993
0.33944,5.9169993
0.339445,5.9169993
0.33945,5.9169993
0.33945498,5.9169993
0.33946,5.9169993
0.339465,5.9169993
0.33947,5.9169993
0.339475,5.9169993
0.33947998,5.9169993
0.339485,5.9169993
0.33949,5.9169993
0.339495,5.9169993
0.33949998,5.9169993
0.339505,5.9169993
0.33951,5.9169993
0.339515,5.9169993
0.33951998,5.9169993
0.33952498,5.9169993
0.33953,5.9169993
0.339535,5.9169993
0.33954,5.9169993
0.33954498,5.9169993
0.33955,5.9169993
0.339555,5.9169993
0.33956,5.9169993
0.33956498,5.9169993
0.33957,5.9169993
0.339575,5.9169993
0.33958,5.9169993
0.339585,5.9169993
0.33958998,5.9169993
0.339595,5.9169993
0.3396,5.9169993
0.339605,5.9169993
0.33960998,5.9169993
0.339615,5.9169993
0.33962,5.9169993
0.339625,5.9169993
0.33962998,5.9169993
0.33963498,5.9169993
0.33964,5.9169993
0.339645,5.9169993
0.33965,5.9169993
0.33965498,5.9169993
0.33966,5.9169993
0.339665,5.9169993
0.33967,5.9169993
0.33967498,5.9169993
0.33968,5.9169993
0.339685,5.9169993
0.33969,5.9169993
0.33969498,5.9169993
0.33969998,5.9169993
0.339705,5.9169993
0.33971,5.9169993
0.339715,5.9169993
0.33971998,5.9169993
0.339725,5.9169993
0.33973,5.9169993
0.339735,5.9169993
0.33973998,5.9169993
0.339745,5.9169993
0.33975,5.9169993
0.339755,5.9169993
0.33976,5.9169993
0.33976498,5.9169993
0.33977,5.9169993
0.339775,5.9169993
0.33978,5.9169993
0.33978498,5.9169993
0.33979,5.9169993
0.339795,5.9169993
0.3398,5.9169993
0.33980498,5.9169993
0.33980998,5.9169993
0.339815,5.9169993
0.33982,5.9169993
0.339825,5.9169993
0.33982998,5.9169993
0.339835,5.9169993
0.33984,5.9169993
0.339845,5.9169993
0.33984998,5.9169993
0.339855,5.9169993
0.33986,5.9169993
0.339865,5.9169993
0.33987,5.9169993
0.33987498,5.9169993
0.33988,5.9169993
0.339885,5.9169993
0.33989,5.9169993
0.33989498,5.9169993
0.3399,5.9169993
0.339905,5.9169993
0.33991,5.9169993
0.33991498,5.9169993
0.33991998,5.9169993
0.339925,5.9169993
0.33993,5.9169993
0.339935,5.9169993
0.33993998,5.9169993
0.339945,5.9169993
0.33995,5.9169993
0.339955,5.9169993
0.33995998,5.9169993
0.339965,5.9169993
0.33997,5.9169993
0.339975,5.9169993
0.33998,5.9169993
0.33998498,5.9169993
0.33999,5.9169993
0.339995,5.9169993
0.34,5.9169993
0.34000498,5.9169993
0.34001,5.9169993
0.340015,5.9169993
0.34002,5.9169993
0.34002498,5.9169993
0.34002998,5.9169993
0.340035,5.9169993
0.34004,5.9169993
0.340045,5.9169993
0.34004998,5.9169993
0.340055,5.9169993
0.34006,5.9169993
0.340065,5.9169993
0.34006998,5.9169993
0.340075,5.9169993
0.34008,5.9169993
0.340085,5.9169993
0.34008998,5.9169993
0.34009498,5.9169993
0.3401,5.9169993
0.340105,5.9169993
0.34011,5.9169993
0.34011498,5.9169993
0.34012,5.9169993
0.340125,5.9169993
0.34013,5.9169993
0.34013498,5.9169993
0.34013999,5.9169993
0.340145,5.9169993
0.34015,5.9169993
0.340155,5.9169993
0.34015998,5.9169993
0.340165,5.9169993
0.34017,5.9169993
0.340175,5.9169993
0.34017998,5.9169993
0.340185,5.9169993
0.34019,5.9169993
0.340195,5.9169993
0.34019998,5.9169993
0.34020498,5.9169993
0.34021,5.9169993
0.340215,5.9169993
0.34022,5.9169993
0.34022498,5.9169993
0.34023,5.9169993
0.340235,5.9169993
0.34024,5.9169993
0.34024498,5.9169993
0.34025,5.9169993
0.340255,5.9169993
0.34026,5.9169993
0.340265,5.9169993
0.34026998,5.9169993
0.340275,5.9169993
0.34028,5.9169993
0.340285,5.9169993
0.34028998,5.9169993
0.340295,5.9169993
0.3403,5.9169993
0.340305,5.9169993
0.34030998,5.9169993
0.34031498,5.9169993
0.34032,5.9169993
0.340325,5.9169993
0.34033,5.9169993
0.34033498,5.9169993
0.34034,5.9169993
0.340345,5.9169993
0.34035,5.9169993
0.34035498,5.9169993
0.34036,5.9169993
0.340365,5.9169993
0.34037,5.9169993
0.340375,5.9169993
0.34037998,5.9169993
0.340385,5.9169993
0.34039,5.9169993
0.340395,5.9169993
0.34039998,5.9169993
0.340405,5.9169993
0.34041,5.9169993
0.340415,5.9169993
0.34041998,5.9169993
0.34042498,5.9169993
0.34043,5.9169993
0.340435,5.9169993
0.34044,5.9169993
0.34044498,5.9169993
0.34045,5.9169993
0.340455,5.9169993
0.34046,5.9169993
0.34046498,5.9169993
0.34047,5.9169993
0.340475,5.9169993
0.34048,5.9169993
0.34048498,5.9169993
0.34048998,5.9169993
0.340495,5.9169993
0.3405,5.9169993
0.340505,5.9169993
0.34050998,5.9169993
0.340515,5.9169993
0.34052,5.9169993
0.340525,5.9169993
0.34052998,5.9169993
0.34053499,5.9169993
0.34054,5.9169993
0.340545,5.9169993
0.34055,5.9169993
0.34055498,5.9169993
0.34056,5.9169993
0.340565,5.9169993
0.34057,5.9169993
0.34057498,5.9169993
0.34058,5.9169993
0.340585,5.9169993
0.34059,5.9169993
0.34059498,5.9169993
0.34059998,5.9169993
0.340605,5.9169993
0.34061,5.9169993
0.340615,5.9169993
0.34061998,5.9169993
0.340625,5.9169993
0.34063,5.9169993
0.340635,5.9169993
0.34063998,5.9169993
0.340645,5.9169993
0.34065,5.9169993
0.340655,5.9169993
0.34066,5.9169993
0.34066498,5.9169993
0.34067,5.9169993
0.340675,5.9169993
0.34068,5.9169993
0.34068498,5.9169993
0.34069,5.9169993
0.340695,5.9169993
0.3407,5.9169993
0.34070498,5.9169993
0.34070998,5.9169993
0.340715,5.9169993
0.34072,5.9169993
0.340725,5.9169993
0.34072998,5.9169993
0.340735,5.9169993
0.34074,5.9169993
0.340745,5.9169993
0.34074998,5.9169993
0.340755,5.9169993
0.34076,5.9169993
0.340765,5.9169993
0.34077,5.9169993
0.34077498,5.9169993
0.34078,5.9169993
0.340785,5.9169993
0.34079,5.9169993
0.34079498,5.9169993
0.3408,5.9169993
0.340805,5.9169993
0.34081,5.9169993
0.34081498,5.9169993
0.34081998,5.9169993
0.340825,5.9169993
0.34083,5.9169993
0.340835,5.9169993
0.34083998,5.9169993
0.340845,5.9169993
0.34085,5.9169993
0.340855,5.9169993
0.34085998,5.9169993
0.340865,5.9169993
0.34087,5.9169993
0.340875,5.9169993
0.34087998,5.9169993
0.34088498,5.9169993
0.34089,5.9169993
0.340895,5.9169993
0.3409,5.9169993
0.34090498,5.9169993
0.34091,5.9169993
0.340915,5.9169993
0.34092,5.9169993
0.34092498,5.9169993
0.34092999,5.9169993
0.340935,5.9169993
0.34094,5.9169993
0.340945,5.9169993
0.34094998,5.9169993
0.340955,5.9169993
0.34096,5.9169993
0.340965,5.9169993
0.34096998,5.9169993
0.340975,5.9169993
0.34098,5.9169993
0.340985,5.9169993
0.34098998,5.9169993
0.34099498,5.9169993
0.341,5.9169993
0.341005,5.9169993
0.34101,5.9169993
0.34101498,5.9169993
0.34102,5.9169993
0.341025,5.9169993
0.34103,5.9169993
0.34103498,5.9169993
0.34104,5.9169993
0.341045,5.9169993
0.34105,5.9169993
0.341055,5.9169993
0.34105998,5.9169993
0.341065,5.9169993
0.34107,5.9169993
0.341075,5.9169993
0.34107998,5.9169993
0.341085,5.9169993
0.34109,5.9169993
0.341095,5.9169993
0.34109998,5.9169993
0.34110498,5.9169993
0.34111,5.9169993
0.341115,5.9169993
0.34112,5.9169993
0.34112498,5.9169993
0.34113,5.9169993
0.341135,5.9169993
0.34114,5.9169993
0.34114498,5.9169993
0.34115,5.9169993
0.341155,5.9169993
0.34116,5.9169993
0.341165,5.9169993
0.34116998,5.9169993
0.341175,5.9169993
0.34118,5.9169993
0.341185,5.9169993
0.34118998,5.9169993
0.341195,5.9169993
0.3412,5.9169993
0.341205,5.9169993
0.34120998,5.9169993
0.34121498,5.9169993
0.34122,5.9169993
0.341225,5.9169993
0.34123,5.9169993
0.34123498,5.9169993
0.34124,5.9169993
0.341245,5.9169993
0.34125,5.9169993
0.34125498,5.9169993
0.34126,5.9169993
0.341265,5.9169993
0.34127,5.9169993
0.34127498,5.9169993
0.34127998,5.9169993
0.341285,5.9169993
0.34129,5.9169993
0.341295,5.9169993
0.34129998,5.9169993
0.341305,5.9169993
0.34131,5.9169993
0.341315,5.9169993
0.34131998,5.9169993
0.34132499,5.9169993
0.34133,5.9169993
0.341335,5.9169993
0.34134,5.9169993
0.34134498,5.9169993
0.34135,5.9169993
0.341355,5.9169993
0.34136,5.9169993
0.34136498,5.9169993
0.34137,5.9169993
0.341375,5.9169993
0.34138,5.9169993
0.34138498,5.9169993
0.34138998,5.9169993
0.341395,5.9169993
0.3414,5.9169993
0.341405,5.9169993
0.34140998,5.9169993
0.341415,5.9169993
0.34142,5.9169993
0.341425,5.9169993
0.34142998,5.9169993
0.341435,5.9169993
0.34144,5.9169993
0.341445,5.9169993
0.34145,5.9169993
0.34145498,5.9169993
0.34146,5.9169993
0.341465,5.9169993
0.34147,5.9169993
0.34147498,5.9169993
0.34148,5.9169993
0.341485,5.9169993
0.34149,5.9169993
0.34149498,5.9169993
0.34149998,5.9169993
0.341505,5.9169993
0.34151,5.9169993
0.341515,5.9169993
0.34151998,5.9169993
0.341525,5.9169993
0.34153,5.9169993
0.341535,5.9169993
0.34153998,5.9169993
0.341545,5.9169993
0.34155,5.9169993
0.341555,5.9169993
0.34156,5.9169993
0.34156498,5.9169993
0.34157,5.9169993
0.341575,5.9169993
0.34158,5.9169993
0.34158498,5.9169993
0.34159,5.9169993
0.341595,5.9169993
0.3416,5.9169993
0.34160498,5.9169993
0.34160998,5.9169993
0.341615,5.9169993
0.34162,5.9169993
0.341625,5.9169993
0.34162998,5.9169993
0.341635,5.9169993
0.34164,5.9169993
0.341645,5.9169993
0.34164998,5.9169993
0.341655,5.9169993
0.34166,5.9169993
0.341665,5.9169993
0.34166998,5.9169993
0.34167498,5.9169993
0.34168,5.9169993
0.341685,5.9169993
0.34169,5.9169993
0.34169498,5.9169993
0.3417,5.9169993
0.341705,5.9169993
0.34171,5.9169993
0.34171498,5.9169993
0.34171999,5.9169993
0.341725,5.9169993
0.34173,5.9169993
0.341735,5.9169993
0.34173998,5.9169993
0.341745,5.9169993
0.34175,5.9169993
0.341755,5.9169993
0.34175998,5.9169993
0.341765,5.9169993
0.34177,5.9169993
0.341775,5.9169993
0.34177998,5.9169993
0.34178498,5.9169993
0.34179,5.9169993
0.341795,5.9169993
0.3418,5.9169993
0.34180498,5.9169993
0.34181,5.9169993
0.341815,5.9169993
0.34182,5.9169993
0.34182498,5.9169993
0.34183,5.9169993
0.341835,5.9169993
0.34184,5.9169993
0.341845,5.9169993
0.34184998,5.9169993
0.341855,5.9169993
0.34186,5.9169993
0.341865,5.9169993
0.34186998,5.9169993
0.341875,5.9169993
0.34188,5.9169993
0.341885,5.9169993
0.34188998,5.9169993
0.34189498,5.9169993
0.3419,5.9169993
0.341905,5.9169993
0.34191,5.9169993
0.34191498,5.9169993
0.34192,5.9169993
0.341925,5.9169993
0.34193,5.9169993
0.34193498,5.9169993
0.34194,5.9169993
0.341945,5.9169993
0.34195,5.9169993
0.341955,5.9169993
0.34195998,5.9169993
0.341965,5.9169993
0.34197,5.9169993
0.341975,5.9169993
0.34197998,5.9169993
0.341985,5.9169993
0.34199,5.9169993
0.341995,5.9169993
0.34199998,5.9169993
0.34200498,5.9169993
0.34201,5.9169993
0.342015,5.9169993
0.34202,5.9169993
0.34202498,5.9169993
0.34203,5.9169993
0.342035,5.9169993
0.34204,5.9169993
0.34204498,5.9169993
0.34205,5.9169993
0.342055,5.9169993
0.34206,5.9169993
0.34206498,5.9169993
0.34206998,5.9169993
0.342075,5.9169993
0.34208,5.9169993
0.342085,5.9169993
0.34208998,5.9169993
0.342095,5.9169993
0.3421,5.9169993
0.342105,5.9169993
0.34210998,5.9169993
0.34211498,5.9169993
0.34212,5.9169993
0.342125,5.9169993
0.34213,5.9169993
0.34213498,5.9169993
0.34214,5.9169993
0.342145,5.9169993
0.34215,5.9169993
0.34215498,5.9169993
0.34216,5.9169993
0.342165,5.9169993
0.34217,5.9169993
0.34217498,5.9169993
0.34217998,5.9169993
0.342185,5.9169993
0.34219,5.9169993
0.342195,5.9169993
0.34219998,5.9169993
0.342205,5.9169993
0.34221,5.9169993
0.342215,5.9169993
0.34221998,5.9169993
0.342225,5.9169993
0.34223,5.9169993
0.342235,5.9169993
0.34224,5.9169993
0.34224498,5.9169993
0.34225,5.9169993
0.342255,5.9169993
0.34226,5.9169993
0.34226498,5.9169993
0.34227,5.9169993
0.342275,5.9169993
0.34228,5.9169993
0.34228498,5.9169993
0.34228998,5.9169993
0.342295,5.9169993
0.3423,5.9169993
0.342305,5.9169993
0.34230998,5.9169993
0.342315,5.9169993
0.34232,5.9169993
0.342325,5.9169993
0.34232998,5.9169993
0.342335,5.9169993
0.34234,5.9169993
0.342345,5.9169993
0.34235,5.9169993
0.34235498,5.9169993
0.34236,5.9169993
0.342365,5.9169993
0.34237,5.9169993
0.34237498,5.9169993
0.34238,5.9169993
0.342385,5.9169993
0.34239,5.9169993
0.34239498,5.9169993
0.34239998,5.9169993
0.342405,5.9169993
0.34241,5.9169993
0.342415,5.9169993
0.34241998,5.9169993
0.342425,5.9169993
0.34243,5.9169993
0.342435,5.9169993
0.34243998,5.9169993
0.342445,5.9169993
0.34245,5.9169993
0.342455,5.9169993
0.34245998,5.9169993
0.34246498,5.9169993
0.34247,5.9169993
0.342475,5.9169993
0.34248,5.9169993
0.34248498,5.9169993
0.34249,5.9169993
0.342495,5.9169993
0.3425,5.9169993
0.34250498,5.9169993
0.34250998,5.9169993
0.342515,5.9169993
0.34252,5.9169993
0.342525,5.9169993
0.34252998,5.9169993
0.342535,5.9169993
0.34254,5.9169993
0.342545,5.9169993
0.34254998,5.9169993
0.342555,5.9169993
0.34256,5.9169993
0.342565,5.9169993
0.34256998,5.9169993
0.34257498,5.9169993
0.34258,5.9169993
0.342585,5.9169993
0.34259,5.9169993
0.34259498,5.9169993
0.3426,5.9169993
0.342605,5.9169993
0.34261,5.9169993
0.34261498,5.9169993
0.34262,5.9169993
0.342625,5.9169993
0.34263,5.9169993
0.342635,5.9169993
0.34263998,5.9169993
0.342645,5.9169993
0.34265,5.9169993
0.342655,5.9169993
0.34265998,5.9169993
0.342665,5.9169993
0.34267,5.9169993
0.342675,5.9169993
0.34267998,5.9169993
0.34268498,5.9169993
0.34269,5.9169993
0.342695,5.9169993
0.3427,5.9169993
0.34270498,5.9169993
0.34271,5.9169993
0.342715,5.9169993
0.34272,5.9169993
0.34272498,5.9169993
0.34273,5.9169993
0.342735,5.9169993
0.34274,5.9169993
0.342745,5.9169993
0.34274998,5.9169993
0.342755,5.9169993
0.34276,5.9169993
0.342765,5.9169993
0.34276998,5.9169993
0.342775,5.9169993
0.34278,5.9169993
0.342785,5.9169993
0.34278998,5.9169993
0.34279498,5.9169993
0.3428,5.9169993
0.342805,5.9169993
0.34281,5.9169993
0.34281498,5.9169993
0.34282,5.9169993
0.342825,5.9169993
0.34283,5.9169993
0.34283498,5.9169993
0.34284,5.9169993
0.342845,5.9169993
0.34285,5.9169993
0.34285498,5.9169993
0.34285998,5.9169993
0.342865,5.9169993
0.34287,5.9169993
0.342875,5.9169993
0.34287998,5.9169993
0.342885,5.9169993
0.34289,5.9169993
0.342895,5.9169993
0.34289998,5.9169993
0.34290498,5.9169993
0.34291,5.9169993
0.342915,5.9169993
0.34292,5.9169993
0.34292498,5.9169993
0.34293,5.9169993
0.342935,5.9169993
0.34294,5.9169993
0.34294498,5.9169993
0.34295,5.9169993
0.342955,5.9169993
0.34296,5.9169993
0.34296498,5.9169993
0.34296998,5.9169993
0.342975,5.9169993
0.34298,5.9169993
0.342985,5.9169993
0.34298998,5.9169993
0.342995,5.9169993
0.343,5.9169993
0.343005,5.9169993
0.34300998,5.9169993
0.343015,5.9169993
0.34302,5.9169993
0.343025,5.9169993
0.34303,5.9169993
0.34303498,5.9169993
0.34304,5.9169993
0.343045,5.9169993
0.34305,5.9169993
0.34305498,5.9169993
0.34306,5.9169993
0.343065,5.9169993
0.34307,5.9169993
0.34307498,5.9169993
0.34307998,5.9169993
0.343085,5.9169993
0.34309,5.9169993
0.343095,5.9169993
0.34309998,5.9169993
0.343105,5.9169993
0.34311,5.9169993
0.343115,5.9169993
0.34311998,5.9169993
0.343125,5.9169993
0.34313,5.9169993
0.343135,5.9169993
0.34314,5.9169993
0.34314498,5.9169993
0.34315,5.9169993
0.343155,5.9169993
0.34316,5.9169993
0.34316498,5.9169993
0.34317,5.9169993
0.343175,5.9169993
0.34318,5.9169993
0.34318498,5.9169993
0.34318998,5.9169993
0.343195,5.9169993
0.3432,5.9169993
0.343205,5.9169993
0.34320998,5.9169993
0.343215,5.9169993
0.34322,5.9169993
0.343225,5.9169993
0.34322998,5.9169993
0.343235,5.9169993
0.34324,5.9169993
0.343245,5.9169993
0.34324998,5.9169993
0.34325498,5.9169993
0.34326,5.9169993
0.343265,5.9169993
0.34327,5.9169993
0.34327498,5.9169993
0.34328,5.9169993
0.343285,5.9169993
0.34329,5.9169993
0.34329498,5.9169993
0.34329998,5.9169993
0.343305,5.9169993
0.34331,5.9169993
0.343315,5.9169993
0.34331998,5.9169993
0.343325,5.9169993
0.34333,5.9169993
0.343335,5.9169993
0.34333998,5.9169993
0.343345,5.9169993
0.34335,5.9169993
0.343355,5.9169993
0.34335998,5.9169993
0.34336498,5.9169993
0.34337,5.9169993
0.343375,5.9169993
0.34338,5.9169993
0.34338498,5.9169993
0.34339,5.9169993
0.343395,5.9169993
0.3434,5.9169993
0.34340498,5.9169993
0.34341,5.9169993
0.343415,5.9169993
0.34342,5.9169993
0.343425,5.9169993
0.34342998,5.9169993
0.343435,5.9169993
0.34344,5.9169993
0.343445,5.9169993
0.34344998,5.9169993
0.343455,5.9169993
0.34346,5.9169993
0.343465,5.9169993
0.34346998,5.9169993
0.34347498,5.9169993
0.34348,5.9169993
0.343485,5.9169993
0.34349,5.9169993
0.34349498,5.9169993
0.3435,5.9169993
0.343505,5.9169993
0.34351,5.9169993
0.34351498,5.9169993
0.34352,5.9169993
0.343525,5.9169993
0.34353,5.9169993
0.343535,5.9169993
0.34353998,5.9169993
0.343545,5.9169993
0.34355,5.9169993
0.343555,5.9169993
0.34355998,5.9169993
0.343565,5.9169993
0.34357,5.9169993
0.343575,5.9169993
0.34357998,5.9169993
0.34358498,5.9169993
0.34359,5.9169993
0.343595,5.9169993
0.3436,5.9169993
0.34360498,5.9169993
0.34361,5.9169993
0.343615,5.9169993
0.34362,5.9169993
0.34362498,5.9169993
0.34363,5.9169993
0.343635,5.9169993
0.34364,5.9169993
0.34364498,5.9169993
0.34364998,5.9169993
0.343655,5.9169993
0.34366,5.9169993
0.343665,5.9169993
0.34366998,5.9169993
0.343675,5.9169993
0.34368,5.9169993
0.343685,5.9169993
0.34368998,5.9169993
0.34369498,5.9169993
0.3437,5.9169993
0.343705,5.9169993
0.34371,5.9169993
0.34371498,5.9169993
0.34372,5.9169993
0.343725,5.9169993
0.34373,5.9169993
0.34373498,5.9169993
0.34374,5.9169993
0.343745,5.9169993
0.34375,5.9169993
0.34375498,5.9169993
0.34375998,5.9169993
0.343765,5.9169993
0.34377,5.9169993
0.343775,5.9169993
0.34377998,5.9169993
0.343785,5.9169993
0.34379,5.9169993
0.343795,5.9169993
0.34379998,5.9169993
0.343805,5.9169993
0.34381,5.9169993
0.343815,5.9169993
0.34382,5.9169993
0.34382498,5.9169993
0.34383,5.9169993
0.343835,5.9169993
0.34384,5.9169993
0.34384498,5.9169993
0.34385,5.9169993
0.343855,5.9169993
0.34386,5.9169993
0.34386498,5.9169993
0.34386998,5.9169993
0.343875,5.9169993
0.34388,5.9169993
0.343885,5.9169993
0.34388998,5.9169993
0.343895,5.9169993
0.3439,5.9169993
0.343905,5.9169993
0.34390998,5.9169993
0.343915,5.9169993
0.34392,5.9169993
0.343925,5.9169993
0.34393,5.9169993
0.34393498,5.9169993
0.34394,5.9169993
0.343945,5.9169993
0.34395,5.9169993
0.34395498,5.9169993
0.34396,5.9169993
0.343965,5.9169993
0.34397,5.9169993
0.34397498,5.9169993
0.34397998,5.9169993
0.343985,5.9169993
0.34399,5.9169993
0.343995,5.9169993
0.34399998,5.9169993
0.344005,5.9169993
0.34401,5.9169993
0.344015,5.9169993
0.34401998,5.9169993
0.344025,5.9169993
0.34403,5.9169993
0.344035,5.9169993
0.34403998,5.9169993
0.34404498,5.9169993
0.34405,5.9169993
0.344055,5.9169993
0.34406,5.9169993
0.34406498,5.9169993
0.34407,5.9169993
0.344075,5.9169993
0.34408,5.9169993
0.34408498,5.9169993
0.34408998,5.9169993
0.344095,5.9169993
0.3441,5.9169993
0.344105,5.9169993
0.34410998,5.9169993
0.344115,5.9169993
0.34412,5.9169993
0.344125,5.9169993
0.34412998,5.9169993
0.344135,5.9169993
0.34414,5.9169993
0.344145,5.9169993
0.34414998,5.9169993
0.34415498,5.9169993
0.34416,5.9169993
0.344165,5.9169993
0.34417,5.9169993
0.34417498,5.9169993
0.34418,5.9169993
0.344185,5.9169993
0.34419,5.9169993
0.34419498,5.9169993
0.3442,5.9169993
0.344205,5.9169993
0.34421,5.9169993
0.344215,5.9169993
0.34421998,5.9169993
0.344225,5.9169993
0.34423,5.9169993
0.344235,5.9169993
0.34423998,5.9169993
0.344245,5.9169993
0.34425,5.9169993
0.344255,5.9169993
0.34425998,5.9169993
0.34426498,5.9169993
0.34427,5.9169993
0.344275,5.9169993
0.34428,5.9169993
0.34428498,5.9169993
0.34429,5.9169993
0.344295,5.9169993
0.3443,5.9169993
0.34430498,5.9169993
0.34431,5.9169993
0.344315,5.9169993
0.34432,5.9169993
0.344325,5.9169993
0.34432998,5.9169993
0.344335,5.9169993
0.34434,5.9169993
0.344345,5.9169993
0.34434998,5.9169993
0.344355,5.9169993
0.34436,5.9169993
0.344365,5.9169993
0.34436998,5.9169993
0.34437498,5.9169993
0.34438,5.9169993
0.344385,5.9169993
0.34439,5.9169993
0.34439498,5.9169993
0.3444,5.9169993
0.344405,5.9169993
0.34441,5.9169993
0.34441498,5.9169993
0.34442,5.9169993
0.344425,5.9169993
0.34443,5.9169993
0.34443498,5.9169993
0.34443998,5.9169993
0.344445,5.9169993
0.34445,5.9169993
0.344455,5.9169993
0.34445998,5.9169993
0.344465,5.9169993
0.34447,5.9169993
0.344475,5.9169993
0.34447998,5.9169993
0.34448498,5.9169993
0.34449,5.9169993
0.344495,5.9169993
0.3445,5.9169993
0.34450498,5.9169993
0.34451,5.9169993
0.344515,5.9169993
0.34452,5.9169993
0.34452498,5.9169993
0.34453,5.9169993
0.344535,5.9169993
0.34454,5.9169993
0.34454498,5.9169993
0.34454998,5.9169993
0.344555,5.9169993
0.34456,5.9169993
0.344565,5.9169993
0.34456998,5.9169993
0.344575,5.9169993
0.34458,5.9169993
0.344585,5.9169993
0.34458998,5.9169993
0.344595,5.9169993
0.3446,5.9169993
0.344605,5.9169993
0.34461,5.9169993
0.34461498,5.9169993
0.34462,5.9169993
0.344625,5.9169993
0.34463,5.9169993
0.34463498,5.9169993
0.34464,5.9169993
0.344645,5.9169993
0.34465,5.9169993
0.34465498,5.9169993
0.34465998,5.9169993
0.344665,5.9169993
0.34467,5.9169993
0.344675,5.9169993
0.34467998,5.9169993
0.344685,5.9169993
0.34469,5.9169993
0.344695,5.9169993
0.34469998,5.9169993
0.344705,5.9169993
0.34471,5.9169993
0.344715,5.9169993
0.34472,5.9169993
0.34472498,5.9169993
0.34473,5.9169993
0.344735,5.9169993
0.34474,5.9169993
0.34474498,5.9169993
0.34475,5.9169993
0.344755,5.9169993
0.34476,5.9169993
0.34476498,5.9169993
0.34476998,5.9169993
0.344775,5.9169993
0.34478,5.9169993
0.344785,5.9169993
0.34478998,5.9169993
0.344795,5.9169993
0.3448,5.9169993
0.344805,5.9169993
0.34480998,5.9169993
0.344815,5.9169993
0.34482,5.9169993
0.344825,5.9169993
0.34482998,5.9169993
0.34483498,5.9169993
0.34484,5.9169993
0.344845,5.9169993
0.34485,5.9169993
0.34485498,5.9169993
0.34486,5.9169993
0.344865,5.9169993
0.34487,5.9169993
0.34487498,5.9169993
0.34487998,5.9169993
0.344885,5.9169993
0.34489,5.9169993
0.344895,5.9169993
0.34489998,5.9169993
0.344905,5.9169993
0.34491,5.9169993
0.344915,5.9169993
0.34491998,5.9169993
0.344925,5.9169993
0.34493,5.9169993
0.344935,5.9169993
0.34493998,5.9169993
0.34494498,5.9169993
0.34495,5.9169993
0.344955,5.9169993
0.34496,5.9169993
0.34496498,5.9169993
0.34497,5.9169993
0.344975,5.9169993
0.34498,5.9169993
0.34498498,5.9169993
0.34499,5.9169993
0.344995,5.9169993
0.345,5.9169993
0.345005,5.9169993
0.34500998,5.9169993
0.345015,5.9169993
0.34502,5.9169993
0.345025,5.9169993
0.34502998,5.9169993
0.345035,5.9169993
0.34504,5.9169993
0.345045,5.9169993
0.34504998,5.9169993
0.34505498,5.9169993
0.34506,5.9169993
0.345065,5.9169993
0.34507,5.9169993
0.34507498,5.9169993
0.34508,5.9169993
0.345085,5.9169993
0.34509,5.9169993
0.34509498,5.9169993
0.3451,5.9169993
0.345105,5.9169993
0.34511,5.9169993
0.345115,5.9169993
0.34511998,5.9169993
0.345125,5.9169993
0.34513,5.9169993
0.345135,5.9169993
0.34513998,5.9169993
0.345145,5.9169993
0.34515,5.9169993
0.345155,5.9169993
0.34515998,5.9169993
0.34516498,5.9169993
0.34517,5.9169993
0.345175,5.9169993
0.34518,5.9169993
0.34518498,5.9169993
0.34519,5.9169993
0.345195,5.9169993
0.3452,5.9169993
0.34520498,5.9169993
0.34521,5.9169993
0.345215,5.9169993
0.34522,5.9169993
0.34522498,5.9169993
0.34522998,5.9169993
0.345235,5.9169993
0.34524,5.9169993
0.345245,5.9169993
0.34524998,5.9169993
0.345255,5.9169993
0.34526,5.9169993
0.345265,5.9169993
0.34526998,5.9169993
0.34527498,5.9169993
0.34528,5.9169993
0.345285,5.9169993
0.34529,5.9169993
0.34529498,5.9169993
0.3453,5.9169993
0.345305,5.9169993
0.34531,5.9169993
0.34531498,5.9169993
0.34532,5.9169993
0.345325,5.9169993
0.34533,5.9169993
0.34533498,5.9169993
0.34533998,5.9169993
0.345345,5.9169993
0.34535,5.9169993
0.345355,5.9169993
0.34535998,5.9169993
0.345365,5.9169993
0.34537,5.9169993
0.345375,5.9169993
0.34537998,5.9169993
0.345385,5.9169993
0.34539,5.9169993
0.345395,5.9169993
0.3454,5.9169993
0.34540498,5.9169993
0.34541,5.9169993
0.345415,5.9169993
0.34542,5.9169993
0.34542498,5.9169993
0.34543,5.9169993
0.345435,5.9169993
0.34544,5.9169993
0.34544498,5.9169993
0.34544998,5.9169993
0.345455,5.9169993
0.34546,5.9169993
0.345465,5.9169993
0.34546998,5.9169993
0.345475,5.9169993
0.34548,5.9169993
0.345485,5.9169993
0.34548998,5.9169993
0.345495,5.9169993
0.3455,5.9169993
0.345505,5.9169993
0.34551,5.9169993
0.34551498,5.9169993
0.34552,5.9169993
0.345525,5.9169993
0.34553,5.9169993
0.34553498,5.9169993
0.34554,5.9169993
0.345545,5.9169993
0.34555,5.9169993
0.34555498,5.9169993
0.34555998,5.9169993
0.345565,5.9169993
0.34557,5.9169993
0.345575,5.9169993
0.34557998,5.9169993
0.345585,5.9169993
0.34559,5.9169993
0.345595,5.9169993
0.34559998,5.9169993
0.345605,5.9169993
0.34561,5.9169993
0.345615,5.9169993
0.34561998,5.9169993
0.34562498,5.9169993
0.34563,5.9169993
0.345635,5.9169993
0.34564,5.9169993
0.34564498,5.9169993
0.34565,5.9169993
0.345655,5.9169993
0.34566,5.9169993
0.34566498,5.9169993
0.34566998,5.9169993
0.345675,5.9169993
0.34568,5.9169993
0.345685,5.9169993
0.34568998,5.9169993
0.345695,5.9169993
0.3457,5.9169993
0.345705,5.9169993
0.34570998,5.9169993
0.345715,5.9169993
0.34572,5.9169993
0.345725,5.9169993
0.34572998,5.9169993
0.34573498,5.9169993
0.34574,5.9169993
0.345745,5.9169993
0.34575,5.9169993
0.34575498,5.9169993
0.34576,5.9169993
0.345765,5.9169993
0.34577,5.9169993
0.34577498,5.9169993
0.34578,5.9169993
0.345785,5.9169993
0.34579,5.9169993
0.345795,5.9169993
0.34579998,5.9169993
0.345805,5.9169993
0.34581,5.9169993
0.345815,5.9169993
0.34581998,5.9169993
0.345825,5.9169993
0.34583,5.9169993
0.345835,5.9169993
0.34583998,5.9169993
0.34584498,5.9169993
0.34585,5.9169993
0.345855,5.9169993
0.34586,5.9169993
0.34586498,5.9169993
0.34587,5.9169993
0.345875,5.9169993
0.34588,5.9169993
0.34588498,5.9169993
0.34589,5.9169993
0.345895,5.9169993
0.3459,5.9169993
0.345905,5.9169993
0.34590998,5.9169993
0.345915,5.9169993
0.34592,5.9169993
0.345925,5.9169993
0.34592998,5.9169993
0.345935,5.9169993
0.34594,5.9169993
0.345945,5.9169993
0.34594998,5.9169993
0.34595498,5.9169993
0.34596,5.9169993
0.345965,5.9169993
0.34597,5.9169993
0.34597498,5.9169993
0.34598,5.9169993
0.345985,5.9169993
0.34599,5.9169993
0.34599498,5.9169993
0.346,5.9169993
0.346005,5.9169993
0.34601,5.9169993
0.34601498,5.9169993
0.34601998,5.9169993
0.346025,5.9169993
0.34603,5.9169993
0.346035,5.9169993
0.34603998,5.9169993
0.346045,5.9169993
0.34605,5.9169993
0.346055,5.9169993
0.34605998,5.9169993
0.34606498,5.9169993
0.34607,5.9169993
0.346075,5.9169993
0.34608,5.9169993
0.34608498,5.9169993
0.34609,5.9169993
0.346095,5.9169993
0.3461,5.9169993
0.34610498,5.9169993
0.34611,5.9169993
0.346115,5.9169993
0.34612,5.9169993
0.34612498,5.9169993
0.34612998,5.9169993
0.346135,5.9169993
0.34614,5.9169993
0.346145,5.9169993
0.34614998,5.9169993
0.346155,5.9169993
0.34616,5.9169993
0.346165,5.9169993
0.34616998,5.9169993
0.346175,5.9169993
0.34618,5.9169993
0.346185,5.9169993
0.34619,5.9169993
0.34619498,5.9169993
0.3462,5.9169993
0.346205,5.9169993
0.34621,5.9169993
0.34621498,5.9169993
0.34622,5.9169993
0.346225,5.9169993
0.34623,5.9169993
0.34623498,5.9169993
0.34623998,5.9169993
0.346245,5.9169993
0.34625,5.9169993
0.346255,5.9169993
0.34625998,5.9169993
0.346265,5.9169993
0.34627,5.9169993
0.346275,5.9169993
0.34627998,5.9169993
0.346285,5.9169993
0.34629,5.9169993
0.346295,5.9169993
0.3463,5.9169993
0.34630498,5.9169993
0.34631,5.9169993
0.346315,5.9169993
0.34632,5.9169993
0.34632498,5.9169993
0.34633,5.9169993
0.346335,5.9169993
0.34634,5.9169993
0.34634498,5.9169993
0.34634998,5.9169993
0.346355,5.9169993
0.34636,5.9169993
0.346365,5.9169993
0.34636998,5.9169993
0.346375,5.9169993
0.34638,5.9169993
0.346385,5.9169993
0.34638998,5.9169993
0.346395,5.9169993
0.3464,5.9169993
0.346405,5.9169993
0.34640998,5.9169993
0.34641498,5.9169993
0.34642,5.9169993
0.346425,5.9169993
0.34643,5.9169993
0.34643498,5.9169993
0.34644,5.9169993
0.346445,5.9169993
0.34645,5.9169993
0.34645498,5.9169993
0.34645998,5.9169993
0.346465,5.9169993
0.34647,5.9169993
0.346475,5.9169993
0.34647998,5.9169993
0.346485,5.9169993
0.34649,5.9169993
0.346495,5.9169993
0.34649998,5.9169993
0.346505,5.9169993
0.34651,5.9169993
0.346515,5.9169993
0.34651998,5.9169993
0.34652498,5.9169993
0.34653,5.9169993
0.346535,5.9169993
0.34654,5.9169993
0.34654498,5.9169993
0.34655,5.9169993
0.346555,5.9169993
0.34656,5.9169993
0.34656498,5.9169993
0.34657,5.9169993
0.346575,5.9169993
0.34658,5.9169993
0.346585,5.9169993
0.34658998,5.9169993
0.346595,5.9169993
0.3466,5.9169993
0.346605,5.9169993
0.34660998,5.9169993
0.346615,5.9169993
0.34662,5.9169993
0.346625,5.9169993
0.34662998,5.9169993
0.34663498,5.9169993
0.34664,5.9169993
0.346645,5.9169993
0.34665,5.9169993
0.34665498,5.9169993
0.34666,5.9169993
0.346665,5.9169993
0.34667,5.9169993
0.34667498,5.9169993
0.34668,5.9169993
0.346685,5.9169993
0.34669,5.9169993
0.346695,5.9169993
0.34669998,5.9169993
0.346705,5.9169993
0.34671,5.9169993
0.346715,5.9169993
0.34671998,5.9169993
0.346725,5.9169993
0.34673,5.9169993
0.346735,5.9169993
0.34673998,5.9169993
0.34674498,5.9169993
0.34675,5.9169993
0.346755,5.9169993
0.34676,5.9169993
0.34676498,5.9169993
0.34677,5.9169993
0.346775,5.9169993
0.34678,5.9169993
0.34678498,5.9169993
0.34679,5.9169993
0.346795,5.9169993
0.3468,5.9169993
0.34680498,5.9169993
0.34680998,5.9169993
0.346815,5.9169993
0.34682,5.9169993
0.346825,5.9169993
0.34682998,5.9169993
0.346835,5.9169993
0.34684,5.9169993
0.346845,5.9169993
0.34684998,5.9169993
0.34685498,5.9169993
0.34686,5.9169993
0.346865,5.9169993
0.34687,5.9169993
0.34687498,5.9169993
0.34688,5.9169993
0.346885,5.9169993
0.34689,5.9169993
0.34689498,5.9169993
0.3469,5.9169993
0.346905,5.9169993
0.34691,5.9169993
0.34691498,5.9169993
0.34691998,5.9169993
0.346925,5.9169993
0.34693,5.9169993
0.346935,5.9169993
0.34693998,5.9169993
0.346945,5.9169993
0.34695,5.9169993
0.346955,5.9169993
0.34695998,5.9169993
0.346965,5.9169993
0.34697,5.9169993
0.346975,5.9169993
0.34698,5.9169993
0.34698498,5.9169993
0.34699,5.9169993
0.346995,5.9169993
0.347,5.9169993
0.34700498,5.9169993
0.34701,5.9169993
0.347015,5.9169993
0.34702,5.9169993
0.34702498,5.9169993
0.34702998,5.9169993
0.347035,5.9169993
0.34704,5.9169993
0.347045,5.9169993
0.34704998,5.9169993
0.347055,5.9169993
0.34706,5.9169993
0.347065,5.9169993
0.34706998,5.9169993
0.347075,5.9169993
0.34708,5.9169993
0.347085,5.9169993
0.34709,5.9169993
0.34709498,5.9169993
0.3471,5.9169993
0.347105,5.9169993
0.34711,5.9169993
0.34711498,5.9169993
0.34712,5.9169993
0.347125,5.9169993
0.34713,5.9169993
0.34713498,5.9169993
0.34713998,5.9169993
0.347145,5.9169993
0.34715,5.9169993
0.347155,5.9169993
0.34715998,5.9169993
0.347165,5.9169993
0.34717,5.9169993
0.347175,5.9169993
0.34717998,5.9169993
0.347185,5.9169993
0.34719,5.9169993
0.347195,5.9169993
0.34719998,5.9169993
0.34720498,5.9169993
0.34721,5.9169993
0.347215,5.9169993
0.34722,5.9169993
0.34722498,5.9169993
0.34723,5.9169993
0.347235,5.9169993
0.34724,5.9169993
0.34724498,5.9169993
0.34724998,5.9169993
0.347255,5.9169993
0.34726,5.9169993
0.347265,5.9169993
0.34726998,5.9169993
0.347275,5.9169993
0.34728,5.9169993
0.347285,5.9169993
0.34728998,5.9169993
0.347295,5.9169993
0.3473,5.9169993
0.347305,5.9169993
0.34730998,5.9169993
0.34731498,5.9169993
0.34732,5.9169993
0.347325,5.9169993
0.34733,5.9169993
0.34733498,5.9169993
0.34734,5.9169993
0.347345,5.9169993
0.34735,5.9169993
0.34735498,5.9169993
0.34736,5.9169993
0.347365,5.9169993
0.34737,5.9169993
0.347375,5.9169993
0.34737998,5.9169993
0.347385,5.9169993
0.34739,5.9169993
0.347395,5.9169993
0.34739998,5.9169993
0.347405,5.9169993
0.34741,5.9169993
0.347415,5.9169993
0.34741998,5.9169993
0.34742498,5.9169993
0.34743,5.9169993
0.347435,5.9169993
0.34744,5.9169993
0.34744498,5.9169993
0.34745,5.9169993
0.347455,5.9169993
0.34746,5.9169993
0.34746498,5.9169993
0.34747,5.9169993
0.347475,5.9169993
0.34748,5.9169993
0.347485,5.9169993
0.34748998,5.9169993
0.347495,5.9169993
0.3475,5.9169993
0.347505,5.9169993
0.34750998,5.9169993
0.347515,5.9169993
0.34752,5.9169993
0.347525,5.9169993
0.34752998,5.9169993
0.34753498,5.9169993
0.34754,5.9169993
0.347545,5.9169993
0.34755,5.9169993
0.34755498,5.9169993
0.34756,5.9169993
0.347565,5.9169993
0.34757,5.9169993
0.34757498,5.9169993
0.34758,5.9169993
0.347585,5.9169993
0.34759,5.9169993
0.34759498,5.9169993
0.34759998,5.9169993
0.347605,5.9169993
0.34761,5.9169993
0.347615,5.9169993
0.34761998,5.9169993
0.347625,5.9169993
0.34763,5.9169993
0.347635,5.9169993
0.34763998,5.9169993
0.34764498,5.9169993
0.34765,5.9169993
0.347655,5.9169993
0.34766,5.9169993
0.34766498,5.9169993
0.34767,5.9169993
0.347675,5.9169993
0.34768,5.9169993
0.34768498,5.9169993
0.34769,5.9169993
0.347695,5.9169993
0.3477,5.9169993
0.34770498,5.9169993
0.34770998,5.9169993
0.347715,5.9169993
0.34772,5.9169993
0.347725,5.9169993
0.34772998,5.9169993
0.347735,5.9169993
0.34774,5.9169993
0.347745,5.9169993
0.34774998,5.9169993
0.34775499,5.9169993
0.34776,5.9169993
0.347765,5.9169993
0.34777,5.9169993
0.34777498,5.9169993
0.34778,5.9169993
0.347785,5.9169993
0.34779,5.9169993
0.34779498,5.9169993
0.3478,5.9169993
0.347805,5.9169993
0.34781,5.9169993
0.34781498,5.9169993
0.34781998,5.9169993
0.347825,5.9169993
0.34783,5.9169993
0.347835,5.9169993
0.34783998,5.9169993
0.347845,5.9169993
0.34785,5.9169993
0.347855,5.9169993
0.34785998,5.9169993
0.347865,5.9169993
0.34787,5.9169993
0.347875,5.9169993
0.34788,5.9169993
0.34788498,5.9169993
0.34789,5.9169993
0.347895,5.9169993
0.3479,5.9169993
0.34790498,5.9169993
0.34791,5.9169993
0.347915,5.9169993
0.34792,5.9169993
0.34792498,5.9169993
0.34792998,5.9169993
0.347935,5.9169993
0.34794,5.9169993
0.347945,5.9169993
0.34794998,5.9169993
0.347955,5.9169993
0.34796,5.9169993
0.347965,5.9169993
0.34796998,5.9169993
0.347975,5.9169993
0.34798,5.9169993
0.347985,5.9169993
0.34798998,5.9169993
0.34799498,5.9169993
0.348,5.9169993
0.348005,5.9169993
0.34801,5.9169993
0.34801498,5.9169993
0.34802,5.9169993
0.348025,5.9169993
0.34803,5.9169993
0.34803498,5.9169993
0.34803998,5.9169993
0.348045,5.9169993
0.34805,5.9169993
0.348055,5.9169993
0.34805998,5.9169993
0.348065,5.9169993
0.34807,5.9169993
0.348075,5.9169993
0.34807998,5.9169993
0.348085,5.9169993
0.34809,5.9169993
0.348095,5.9169993
0.34809998,5.9169993
0.34810498,5.9169993
0.34811,5.9169993
0.348115,5.9169993
0.34812,5.9169993
0.34812498,5.9169993
0.34813,5.9169993
0.348135,5.9169993
0.34814,5.9169993
0.34814498,5.9169993
0.34814999,5.9169993
0.348155,5.9169993
0.34816,5.9169993
0.348165,5.9169993
0.34816998,5.9169993
0.348175,5.9169993
0.34818,5.9169993
0.348185,5.9169993
0.34818998,5.9169993
0.348195,5.9169993
0.3482,5.9169993
0.348205,5.9169993
0.34820998,5.9169993
0.34821498,5.9169993
0.34822,5.9169993
0.348225,5.9169993
0.34823,5.9169993
0.34823498,5.9169993
0.34824,5.9169993
0.348245,5.9169993
0.34825,5.9169993
0.34825498,5.9169993
0.34826,5.9169993
0.348265,5.9169993
0.34827,5.9169993
0.348275,5.9169993
0.34827998,5.9169993
0.348285,5.9169993
0.34829,5.9169993
0.348295,5.9169993
0.34829998,5.9169993
0.348305,5.9169993
0.34831,5.9169993
0.348315,5.9169993
0.34831998,5.9169993
0.34832498,5.9169993
0.34833,5.9169993
0.348335,5.9169993
0.34834,5.9169993
0.34834498,5.9169993
0.34835,5.9169993
0.348355,5.9169993
0.34836,5.9169993
0.34836498,5.9169993
0.34837,5.9169993
0.348375,5.9169993
0.34838,5.9169993
0.34838498,5.9169993
0.34838998,5.9169993
0.348395,5.9169993
0.3484,5.9169993
0.348405,5.9169993
0.34840998,5.9169993
0.348415,5.9169993
0.34842,5.9169993
0.348425,5.9169993
0.34842998,5.9169993
0.34843498,5.9169993
0.34844,5.9169993
0.348445,5.9169993
0.34845,5.9169993
0.34845498,5.9169993
0.34846,5.9169993
0.348465,5.9169993
0.34847,5.9169993
0.34847498,5.9169993
0.34848,5.9169993
0.348485,5.9169993
0.34849,5.9169993
0.34849498,5.9169993
0.34849998,5.9169993
0.348505,5.9169993
0.34851,5.9169993
0.348515,5.9169993
0.34851998,5.9169993
0.348525,5.9169993
0.34853,5.9169993
0.348535,5.9169993
0.34853998,5.9169993
0.34854499,5.9169993
0.34855,5.9169993
0.348555,5.9169993
0.34856,5.9169993
0.34856498,5.9169993
0.34857,5.9169993
0.348575,5.9169993
0.34858,5.9169993
0.34858498,5.9169993
0.34859,5.9169993
0.348595,5.9169993
0.3486,5.9169993
0.34860498,5.9169993
0.34860998,5.9169993
0.348615,5.9169993
0.34862,5.9169993
0.348625,5.9169993
0.34862998,5.9169993
0.348635,5.9169993
0.34864,5.9169993
0.348645,5.9169993
0.34864998,5.9169993
0.348655,5.9169993
0.34866,5.9169993
0.348665,5.9169993
0.34867,5.9169993
0.34867498,5.9169993
0.34868,5.9169993
0.348685,5.9169993
0.34869,5.9169993
0.34869498,5.9169993
0.3487,5.9169993
0.348705,5.9169993
0.34871,5.9169993
0.34871498,5.9169993
0.34871998,5.9169993
0.348725,5.9169993
0.34873,5.9169993
0.348735,5.9169993
0.34873998,5.9169993
0.348745,5.9169993
0.34875,5.9169993
0.348755,5.9169993
0.34875998,5.9169993
0.348765,5.9169993
0.34877,5.9169993
0.348775,5.9169993
0.34877998,5.9169993
0.34878498,5.9169993
0.34879,5.9169993
0.348795,5.9169993
0.3488,5.9169993
0.34880498,5.9169993
0.34881,5.9169993
0.348815,5.9169993
0.34882,5.9169993
0.34882498,5.9169993
0.34882998,5.9169993
0.348835,5.9169993
0.34884,5.9169993
0.348845,5.9169993
0.34884998,5.9169993
0.348855,5.9169993
0.34886,5.9169993
0.348865,5.9169993
0.34886998,5.9169993
0.348875,5.9169993
0.34888,5.9169993
0.348885,5.9169993
0.34888998,5.9169993
0.34889498,5.9169993
0.3489,5.9169993
0.348905,5.9169993
0.34891,5.9169993
0.34891498,5.9169993
0.34892,5.9169993
0.348925,5.9169993
0.34893,5.9169993
0.34893498,5.9169993
0.34893999,5.9169993
0.348945,5.9169993
0.34895,5.9169993
0.348955,5.9169993
0.34895998,5.9169993
0.348965,5.9169993
0.34897,5.9169993
0.348975,5.9169993
0.34897998,5.9169993
0.348985,5.9169993
0.34899,5.9169993
0.348995,5.9169993
0.34899998,5.9169993
0.34900498,5.9169993
0.34901,5.9169993
0.349015,5.9169993
0.34902,5.9169993
0.34902498,5.9169993
0.34903,5.9169993
0.349035,5.9169993
0.34904,5.9169993
0.34904498,5.9169993
0.34905,5.9169993
0.349055,5.9169993
0.34906,5.9169993
0.349065,5.9169993
0.34906998,5.9169993
0.349075,5.9169993
0.34908,5.9169993
0.349085,5.9169993
0.34908998,5.9169993
0.349095,5.9169993
0.3491,5.9169993
0.349105,5.9169993
0.34910998,5.9169993
0.34911498,5.9169993
0.34912,5.9169993
0.349125,5.9169993
0.34913,5.9169993
0.34913498,5.9169993
0.34914,5.9169993
0.349145,5.9169993
0.34915,5.9169993
0.34915498,5.9169993
0.34916,5.9169993
0.349165,5.9169993
0.34917,5.9169993
0.34917498,5.9169993
0.34917998,5.9169993
0.349185,5.9169993
0.34919,5.9169993
0.349195,5.9169993
0.34919998,5.9169993
0.349205,5.9169993
0.34921,5.9169993
0.349215,5.9169993
0.34921998,5.9169993
0.34922498,5.9169993
0.34923,5.9169993
0.349235,5.9169993
0.34924,5.9169993
0.34924498,5.9169993
0.34925,5.9169993
0.349255,5.9169993
0.34926,5.9169993
0.34926498,5.9169993
0.34927,5.9169993
0.349275,5.9169993
0.34928,5.9169993
0.34928498,5.9169993
0.34928998,5.9169993
0.349295,5.9169993
0.3493,5.9169993
0.349305,5.9169993
0.34930998,5.9169993
0.349315,5.9169993
0.34932,5.9169993
0.349325,5.9169993
0.34932998,5.9169993
0.34933499,5.9169993
0.34934,5.9169993
0.349345,5.9169993
0.34935,5.9169993
0.34935498,5.9169993
0.34936,5.9169993
0.349365,5.9169993
0.34937,5.9169993
0.34937498,5.9169993
0.34938,5.9169993
0.349385,5.9169993
0.34939,5.9169993
0.34939498,5.9169993
0.34939998,5.9169993
0.349405,5.9169993
0.34941,5.9169993
0.349415,5.9169993
0.34941998,5.9169993
0.349425,5.9169993
0.34943,5.9169993
0.349435,5.9169993
0.34943998,5.9169993
0.349445,5.9169993
0.34945,5.9169993
0.349455,5.9169993
0.34946,5.9169993
0.34946498,5.9169993
0.34947,5.9169993
0.349475,5.9169993
0.34948,5.9169993
0.34948498,5.9169993
0.34949,5.9169993
0.349495,5.9169993
0.3495,5.9169993
0.34950498,5.9169993
0.34950998,5.9169993
0.349515,5.9169993
0.34952,5.9169993
0.349525,5.9169993
0.34952998,5.9169993
0.349535,5.9169993
0.34954,5.9169993
0.349545,5.9169993
0.34954998,5.9169993
0.349555,5.9169993
0.34956,5.9169993
0.349565,5.9169993
0.34956998,5.9169993
0.34957498,5.9169993
0.34958,5.9169993
0.349585,5.9169993
0.34959,5.9169993
0.34959498,5.9169993
0.3496,5.9169993
0.349605,5.9169993
0.34961,5.9169993
0.34961498,5.9169993
0.34961998,5.9169993
0.349625,5.9169993
0.34963,5.9169993
0.349635,5.9169993
0.34963998,5.9169993
0.349645,5.9169993
0.34965,5.9169993
0.349655,5.9169993
0.34965998,5.9169993
0.349665,5.9169993
0.34967,5.9169993
0.349675,5.9169993
0.34967998,5.9169993
0.34968498,5.9169993
0.34969,5.9169993
0.349695,5.9169993
0.3497,5.9169993
0.34970498,5.9169993
0.34971,5.9169993
0.349715,5.9169993
0.34972,5.9169993
0.34972498,5.9169993
0.34972998,5.9169993
0.349735,5.9169993
0.34974,5.9169993
0.349745,5.9169993
0.34974998,5.9169993
0.349755,5.9169993
0.34976,5.9169993
0.349765,5.9169993
0.34976998,5.9169993
0.349775,5.9169993
0.34978,5.9169993
0.349785,5.9169993
0.34978998,5.9169993
0.34979498,5.9169993
0.3498,5.9169993
0.349805,5.9169993
0.34981,5.9169993
0.34981498,5.9169993
0.34982,5.9169993
0.349825,5.9169993
0.34983,5.9169993
0.34983498,5.9169993
0.34984,5.9169993
0.349845,5.9169993
0.34985,5.9169993
0.349855,5.9169993
0.34985998,5.9169993
0.349865,5.9169993
0.34987,5.9169993
0.349875,5.9169993
0.34987998,5.9169993
0.349885,5.9169993
0.34989,5.9169993
0.349895,5.9169993
0.34989998,5.9169993
0.34990498,5.9169993
0.34991,5.9169993
0.349915,5.9169993
0.34992,5.9169993
0.34992498,5.9169993
0.34993,5.9169993
0.349935,5.9169993
0.34994,5.9169993
0.34994498,5.9169993
0.34995,5.9169993
0.349955,5.9169993
0.34996,5.9169993
0.34996498,5.9169993
0.34996998,5.9169993
0.349975,5.9169993
0.34998,5.9169993
0.349985,5.9169993
0.34998998,5.9169993
0.349995,5.9169993
0.35,5.9169993
0.350005,5.9169993
0.35000998,5.9169993
0.35001498,5.9169993
0.35002,5.9169993
0.350025,5.9169993
0.35003,5.9169993
0.35003498,5.9169993
0.35004,5.9169993
0.350045,5.9169993
0.35005,5.9169993
0.35005498,5.9169993
0.35006,5.9169993
0.350065,5.9169993
0.35007,5.9169993
0.35007498,5.9169993
0.35007998,5.9169993
0.350085,5.9169993
0.35009,5.9169993
0.350095,5.9169993
0.35009998,5.9169993
0.350105,5.9169993
0.35011,5.9169993
0.350115,5.9169993
0.35011998,5.9169993
0.35012498,5.9169993
0.35013,5.9169993
0.350135,5.9169993
0.35014,5.9169993
0.35014498,5.9169993
0.35015,5.9169993
0.350155,5.9169993
0.35016,5.9169993
0.35016498,5.9169993
0.35017,5.9169993
0.350175,5.9169993
0.35018,5.9169993
0.35018498,5.9169993
0.35018998,5.9169993
0.350195,5.9169993
0.3502,5.9169993
0.350205,5.9169993
0.35020998,5.9169993
0.350215,5.9169993
0.35022,5.9169993
0.350225,5.9169993
0.35022998,5.9169993
0.350235,5.9169993
0.35024,5.9169993
0.350245,5.9169993
0.35025,5.9169993
0.35025498,5.9169993
0.35026,5.9169993
0.350265,5.9169993
0.35027,5.9169993
0.35027498,5.9169993
0.35028,5.9169993
0.350285,5.9169993
0.35029,5.9169993
0.35029498,5.9169993
0.35029998,5.9169993
0.350305,5.9169993
0.35031,5.9169993
0.350315,5.9169993
0.35031998,5.9169993
0.350325,5.9169993
0.35033,5.9169993
0.350335,5.9169993
0.35033998,5.9169993
0.350345,5.9169993
0.35035,5.9169993
0.350355,5.9169993
0.35035998,5.9169993
0.35036498,5.9169993
0.35037,5.9169993
0.350375,5.9169993
0.35038,5.9169993
0.35038498,5.9169993
0.35039,5.9169993
0.350395,5.9169993
0.3504,5.9169993
0.35040498,5.9169993
0.35040998,5.9169993
0.350415,5.9169993
0.35042,5.9169993
0.350425,5.9169993
0.35042998,5.9169993
0.350435,5.9169993
0.35044,5.9169993
0.350445,5.9169993
0.35044998,5.9169993
0.350455,5.9169993
0.35046,5.9169993
0.350465,5.9169993
0.35046998,5.9169993
0.35047498,5.9169993
0.35048,5.9169993
0.350485,5.9169993
0.35049,5.9169993
0.35049498,5.9169993
0.3505,5.9169993
0.350505,5.9169993
0.35051,5.9169993
0.35051498,5.9169993
0.35051998,5.9169993
0.350525,5.9169993
0.35053,5.9169993
0.350535,5.9169993
0.35053998,5.9169993
0.350545,5.9169993
0.35055,5.9169993
0.350555,5.9169993
0.35055998,5.9169993
0.350565,5.9169993
0.35057,5.9169993
0.350575,5.9169993
0.35057998,5.9169993
0.35058498,5.9169993
0.35059,5.9169993
0.350595,5.9169993
0.3506,5.9169993
0.35060498,5.9169993
0.35061,5.9169993
0.350615,5.9169993
0.35062,5.9169993
0.35062498,5.9169993
0.35063,5.9169993
0.350635,5.9169993
0.35064,5.9169993
0.350645,5.9169993
0.35064998,5.9169993
0.350655,5.9169993
0.35066,5.9169993
0.350665,5.9169993
0.35066998,5.9169993
0.350675,5.9169993
0.35068,5.9169993
0.350685,5.9169993
0.35068998,5.9169993
0.35069498,5.9169993
0.3507,5.9169993
0.350705,5.9169993
0.35071,5.9169993
0.35071498,5.9169993
0.35072,5.9169993
0.350725,5.9169993
0.35073,5.9169993
0.35073498,5.9169993
0.35074,5.9169993
0.350745,5.9169993
0.35075,5.9169993
0.35075498,5.9169993
0.35075998,5.9169993
0.350765,5.9169993
0.35077,5.9169993
0.350775,5.9169993
0.35077998,5.9169993
0.350785,5.9169993
0.35079,5.9169993
0.350795,5.9169993
0.35079998,5.9169993
0.35080498,5.9169993
0.35081,5.9169993
0.350815,5.9169993
0.35082,5.9169993
0.35082498,5.9169993
0.35083,5.9169993
0.350835,5.9169993
0.35084,5.9169993
0.35084498,5.9169993
0.35085,5.9169993
0.350855,5.9169993
0.35086,5.9169993
0.35086498,5.9169993
0.35086998,5.9169993
0.350875,5.9169993
0.35088,5.9169993
0.350885,5.9169993
0.35088998,5.9169993
0.350895,5.9169993
0.3509,5.9169993
0.350905,5.9169993
0.35090998,5.9169993
0.35091498,5.9169993
0.35092,5.9169993
0.350925,5.9169993
0.35093,5.9169993
0.35093498,5.9169993
0.35094,5.9169993
0.350945,5.9169993
0.35095,5.9169993
0.35095498,5.9169993
0.35096,5.9169993
0.350965,5.9169993
0.35097,5.9169993
0.35097498,5.9169993
0.35097998,5.9169993
0.350985,5.9169993
0.35099,5.9169993
0.350995,5.9169993
0.35099998,5.9169993
0.351005,5.9169993
0.35101,5.9169993
0.351015,5.9169993
0.35101998,5.9169993
0.351025,5.9169993
0.35103,5.9169993
0.351035,5.9169993
0.35104,5.9169993
0.35104498,5.9169993
0.35105,5.9169993
0.351055,5.9169993
0.35106,5.9169993
0.35106498,5.9169993
0.35107,5.9169993
0.351075,5.9169993
0.35108,5.9169993
0.35108498,5.9169993
0.35108998,5.9169993
0.351095,5.9169993
0.3511,5.9169993
0.351105,5.9169993
0.35110998,5.9169993
0.351115,5.9169993
0.35112,5.9169993
0.351125,5.9169993
0.35112998,5.9169993
0.351135,5.9169993
0.35114,5.9169993
0.351145,5.9169993
0.35114998,5.9169993
0.35115498,5.9169993
0.35116,5.9169993
0.351165,5.9169993
0.35117,5.9169993
0.35117498,5.9169993
0.35118,5.9169993
0.351185,5.9169993
0.35119,5.9169993
0.35119498,5.9169993
0.35119998,5.9169993
0.351205,5.9169993
0.35121,5.9169993
0.351215,5.9169993
0.35121998,5.9169993
0.351225,5.9169993
0.35123,5.9169993
0.351235,5.9169993
0.35123998,5.9169993
0.351245,5.9169993
0.35125,5.9169993
0.351255,5.9169993
0.35125998,5.9169993
0.35126498,5.9169993
0.35127,5.9169993
0.351275,5.9169993
0.35128,5.9169993
0.35128498,5.9169993
0.35129,5.9169993
0.351295,5.9169993
0.3513,5.9169993
0.35130498,5.9169993
0.35130998,5.9169993
0.351315,5.9169993
0.35132,5.9169993
0.351325,5.9169993
0.35132998,5.9169993
0.351335,5.9169993
0.35134,5.9169993
0.351345,5.9169993
0.35134998,5.9169993
0.351355,5.9169993
0.35136,5.9169993
0.351365,5.9169993
0.35136998,5.9169993
0.35137498,5.9169993
0.35138,5.9169993
0.351385,5.9169993
0.35139,5.9169993
0.35139498,5.9169993
0.3514,5.9169993
0.351405,5.9169993
0.35141,5.9169993
0.35141498,5.9169993
0.35142,5.9169993
0.351425,5.9169993
0.35143,5.9169993
0.351435,5.9169993
0.35143998,5.9169993
0.351445,5.9169993
0.35145,5.9169993
0.351455,5.9169993
0.35145998,5.9169993
0.351465,5.9169993
0.35147,5.9169993
0.351475,5.9169993
0.35147998,5.9169993
0.35148498,5.9169993
0.35149,5.9169993
0.351495,5.9169993
0.3515,5.9169993
0.35150498,5.9169993
0.35151,5.9169993
0.351515,5.9169993
0.35152,5.9169993
0.35152498,5.9169993
0.35153,5.9169993
0.351535,5.9169993
0.35154,5.9169993
0.35154498,5.9169993
0.35154998,5.9169993
0.351555,5.9169993
0.35156,5.9169993
0.351565,5.9169993
0.35156998,5.9169993
0.351575,5.9169993
0.35158,5.9169993
0.351585,5.9169993
0.35158998,5.9169993
0.35159498,5.9169993
0.3516,5.9169993
0.351605,5.9169993
0.35161,5.9169993
0.35161498,5.9169993
0.35162,5.9169993
0.351625,5.9169993
0.35163,5.9169993
0.35163498,5.9169993
0.35164,5.9169993
0.351645,5.9169993
0.35165,5.9169993
0.35165498,5.9169993
0.35165998,5.9169993
0.351665,5.9169993
0.35167,5.9169993
0.351675,5.9169993
0.35167998,5.9169993
0.351685,5.9169993
0.35169,5.9169993
0.351695,5.9169993
0.35169998,5.9169993
0.35170498,5.9169993
0.35171,5.9169993
0.351715,5.9169993
0.35172,5.9169993
0.35172498,5.9169993
0.35173,5.9169993
0.351735,5.9169993
0.35174,5.9169993
0.35174498,5.9169993
0.35175,5.9169993
0.351755,5.9169993
0.35176,5.9169993
0.35176498,5.9169993
0.35176998,5.9169993
0.351775,5.9169993
0.35178,5.9169993
0.351785,5.9169993
0.35178998,5.9169993
0.351795,5.9169993
0.3518,5.9169993
0.351805,5.9169993
0.35180998,5.9169993
0.351815,5.9169993
0.35182,5.9169993
0.351825,5.9169993
0.35183,5.9169993
0.35183498,5.9169993
0.35184,5.9169993
0.351845,5.9169993
0.35185,5.9169993
0.35185498,5.9169993
0.35186,5.9169993
0.351865,5.9169993
0.35187,5.9169993
0.35187498,5.9169993
0.35187998,5.9169993
0.351885,5.9169993
0.35189,5.9169993
0.351895,5.9169993
0.35189998,5.9169993
0.351905,5.9169993
0.35191,5.9169993
0.351915,5.9169993
0.35191998,5.9169993
0.351925,5.9169993
0.35193,5.9169993
0.351935,5.9169993
0.35193998,5.9169993
0.35194498,5.9169993
0.35195,5.9169993
0.351955,5.9169993
0.35196,5.9169993
0.35196498,5.9169993
0.35197,5.9169993
0.351975,5.9169993
0.35198,5.9169993
0.35198498,5.9169993
0.35198998,5.9169993
0.351995,5.9169993
0.352,5.9169993
0.352005,5.9169993
0.35200998,5.9169993
0.352015,5.9169993
0.35202,5.9169993
0.352025,5.9169993
0.35202998,5.9169993
0.352035,5.9169993
0.35204,5.9169993
0.352045,5.9169993
0.35204998,5.9169993
0.35205498,5.9169993
0.35206,5.9169993
0.352065,5.9169993
0.35207,5.9169993
0.35207498,5.9169993
0.35208,5.9169993
0.352085,5.9169993
0.35209,5.9169993
0.35209498,5.9169993
0.35209998,5.9169993
0.352105,5.9169993
0.35211,5.9169993
0.352115,5.9169993
0.35211998,5.9169993
0.352125,5.9169993
0.35213,5.9169993
0.352135,5.9169993
0.35213998,5.9169993
0.352145,5.9169993
0.35215,5.9169993
0.352155,5.9169993
0.35215998,5.9169993
0.35216498,5.9169993
0.35217,5.9169993
0.352175,5.9169993
0.35218,5.9169993
0.35218498,5.9169993
0.35219,5.9169993
0.352195,5.9169993
0.3522,5.9169993
0.35220498,5.9169993
0.35221,5.9169993
0.352215,5.9169993
0.35222,5.9169993
0.352225,5.9169993
0.35222998,5.9169993
0.352235,5.9169993
0.35224,5.9169993
0.352245,5.9169993
0.35224998,5.9169993
0.352255,5.9169993
0.35226,5.9169993
0.352265,5.9169993
0.35226998,5.9169993
0.35227498,5.9169993
0.35228,5.9169993
0.352285,5.9169993
0.35229,5.9169993
0.35229498,5.9169993
0.3523,5.9169993
0.352305,5.9169993
0.35231,5.9169993
0.35231498,5.9169993
0.35232,5.9169993
0.352325,5.9169993
0.35233,5.9169993
0.352335,5.9169993
0.35233998,5.9169993
0.352345,5.9169993
0.35235,5.9169993
0.352355,5.9169993
0.35235998,5.9169993
0.352365,5.9169993
0.35237,5.9169993
0.352375,5.9169993
0.35237998,5.9169993
0.35238498,5.9169993
0.35239,5.9169993
0.352395,5.9169993
0.3524,5.9169993
0.35240498,5.9169993
0.35241,5.9169993
0.352415,5.9169993
0.35242,5.9169993
0.35242498,5.9169993
0.35243,5.9169993
0.352435,5.9169993
0.35244,5.9169993
0.35244498,5.9169993
0.35244998,5.9169993
0.352455,5.9169993
0.35246,5.9169993
0.352465,5.9169993
0.35246998,5.9169993
0.352475,5.9169993
0.35248,5.9169993
0.352485,5.9169993
0.35248998,5.9169993
0.35249498,5.9169993
0.3525,5.9169993
0.352505,5.9169993
0.35251,5.9169993
0.35251498,5.9169993
0.35252,5.9169993
0.352525,5.9169993
0.35253,5.9169993
0.35253498,5.9169993
0.35254,5.9169993
0.352545,5.9169993
0.35255,5.9169993
0.35255498,5.9169993
0.35255998,5.9169993
0.352565,5.9169993
0.35257,5.9169993
0.352575,5.9169993
0.35257998,5.9169993
0.352585,5.9169993
0.35259,5.9169993
0.352595,5.9169993
0.35259998,5.9169993
0.352605,5.9169993
0.35261,5.9169993
0.352615,5.9169993
0.35262,5.9169993
0.35262498,5.9169993
0.35263,5.9169993
0.352635,5.9169993
0.35264,5.9169993
0.35264498,5.9169993
0.35265,5.9169993
0.352655,5.9169993
0.35266,5.9169993
0.35266498,5.9169993
0.35266998,5.9169993
0.352675,5.9169993
0.35268,5.9169993
0.352685,5.9169993
0.35268998,5.9169993
0.352695,5.9169993
0.3527,5.9169993
0.352705,5.9169993
0.35270998,5.9169993
0.352715,5.9169993
0.35272,5.9169993
0.352725,5.9169993
0.35273,5.9169993
0.35273498,5.9169993
0.35274,5.9169993
0.352745,5.9169993
0.35275,5.9169993
0.35275498,5.9169993
0.35276,5.9169993
0.352765,5.9169993
0.35277,5.9169993
0.35277498,5.9169993
0.35277998,5.9169993
0.352785,5.9169993
0.35279,5.9169993
0.352795,5.9169993
0.35279998,5.9169993
0.352805,5.9169993
0.35281,5.9169993
0.352815,5.9169993
0.35281998,5.9169993
0.352825,5.9169993
0.35283,5.9169993
0.352835,5.9169993
0.35283998,5.9169993
0.35284498,5.9169993
0.35285,5.9169993
0.352855,5.9169993
0.35286,5.9169993
0.35286498,5.9169993
0.35287,5.9169993
0.352875,5.9169993
0.35288,5.9169993
0.35288498,5.9169993
0.35288998,5.9169993
0.352895,5.9169993
0.3529,5.9169993
0.352905,5.9169993
0.35290998,5.9169993
0.352915,5.9169993
0.35292,5.9169993
0.352925,5.9169993
0.35292998,5.9169993
0.352935,5.9169993
0.35294,5.9169993
0.352945,5.9169993
0.35294998,5.9169993
0.35295498,5.9169993
0.35296,5.9169993
0.352965,5.9169993
0.35297,5.9169993
0.35297498,5.9169993
0.35298,5.9169993
0.352985,5.9169993
0.35299,5.9169993
0.35299498,5.9169993
0.353,5.9169993
0.353005,5.9169993
0.35301,5.9169993
0.353015,5.9169993
0.35301998,5.9169993
0.353025,5.9169993
0.35303,5.9169993
0.353035,5.9169993
0.35303998,5.9169993
0.353045,5.9169993
0.35305,5.9169993
0.353055,5.9169993
0.35305998,5.9169993
0.35306498,5.9169993
0.35307,5.9169993
0.353075,5.9169993
0.35308,5.9169993
0.35308498,5.9169993
0.35309,5.9169993
0.353095,5.9169993
0.3531,5.9169993
0.35310498,5.9169993
0.35311,5.9169993
0.353115,5.9169993
0.35312,5.9169993
0.353125,5.9169993
0.35312998,5.9169993
0.353135,5.9169993
0.35314,5.9169993
0.353145,5.9169993
0.35314998,5.9169993
0.353155,5.9169993
0.35316,5.9169993
0.353165,5.9169993
0.35316998,5.9169993
0.35317498,5.9169993
0.35318,5.9169993
0.353185,5.9169993
0.35319,5.9169993
0.35319498,5.9169993
0.3532,5.9169993
0.353205,5.9169993
0.35321,5.9169993
0.35321498,5.9169993
0.35322,5.9169993
0.353225,5.9169993
0.35323,5.9169993
0.35323498,5.9169993
0.35323998,5.9169993
0.353245,5.9169993
0.35325,5.9169993
0.353255,5.9169993
0.35325998,5.9169993
0.353265,5.9169993
0.35327,5.9169993
0.353275,5.9169993
0.35327998,5.9169993
0.35328498,5.9169993
0.35329,5.9169993
0.353295,5.9169993
0.3533,5.9169993
0.35330498,5.9169993
0.35331,5.9169993
0.353315,5.9169993
0.35332,5.9169993
0.35332498,5.9169993
0.35333,5.9169993
0.353335,5.9169993
0.35334,2.6808028
0.35334498,0.3230033
0.35334998,0.27677202
0.353355,0.23054075
0.35336,0.23054075
0.353365,0.184309
0.35336998,0.184309
0.353375,0.184309
0.35338,0.184309
0.353385,0.184309
0.35338998,0.13807821
0.353395,0.13807821
0.3534,0.13807821
0.353405,0.13807821
0.35341,0.13807821
0.35341498,0.13807821
0.35342,0.13807821
0.353425,0.13807821
0.35343,0.13807821
0.35343498,0.13807821
0.35344,0.13807821
0.353445,0.13807821
0.35345,0.13807821
0.35345498,0.13807821
0.35345998,0.13807821
0.353465,0.13807821
0.35347,0.13807821
0.353475,0.13807821
0.35347998,0.13807821
0.353485,0.13807821
0.35349,0.13807821
0.353495,0.13807821
0.35349998,0.13807821
0.353505,0.13807821
0.35351,0.13807821
0.353515,0.13807821
0.35352,0.13807821
0.35352498,0.13807821
0.35353,0.13807821
0.353535,0.13807821
0.35354,0.13807821
0.35354498,0.13807821
0.35355,0.13807821
0.353555,0.13807821
0.35356,0.13807821
0.35356498,0.13807821
0.35356998,0.13807821
0.353575,0.13807821
0.35358,0.13807821
0.353585,0.13807821
0.35358998,0.13807821
0.353595,0.13807821
0.3536,0.13807821
0.353605,0.13807821
0.35360998,0.13807821
0.353615,0.13807821
0.35362,0.13807821
0.353625,0.13807821
0.35362998,0.13807821
0.35363498,0.13807821
0.35364,0.13807821
0.353645,0.13807821
0.35365,0.13807821
0.35365498,0.13807821
0.35366,0.13807821
0.353665,0.13807821
0.35367,0.13807821
0.35367498,0.13807821
0.35367998,0.13807821
0.353685,0.13807821
0.35369,0.13807821
0.353695,0.13807821
0.35369998,0.13807821
0.353705,0.13807821
0.35371,0.13807821
0.353715,0.13807821
0.35371998,0.13807821
0.353725,0.13807821
0.35373,0.13807821
0.353735,0.13807821
0.35373998,0.13807821
0.35374498,0.13807821
0.35375,0.13807821
0.353755,0.13807821
0.35376,0.13807821
0.35376498,0.13807821
0.35377,0.13807821
0.353775,0.13807821
0.35378,0.13807821
0.35378498,0.13807821
0.35379,0.13807821
0.353795,0.13807821
0.3538,0.13807821
0.353805,0.13807821
0.35380998,0.13807821
0.353815,0.13807821
0.35382,0.13807821
0.353825,0.13807821
0.35382998,0.13807821
0.353835,0.13807821
0.35384,0.13807821
0.353845,0.13807821
0.35384998,0.13807821
0.35385498,0.13807821
0.35386,0.13807821
0.353865,0.13807821
0.35387,0.13807821
0.35387498,0.13807821
0.35388,0.13807821
0.353885,0.13807821
0.35389,0.13807821
0.35389498,0.13807821
0.3539,0.13807821
0.353905,0.13807821
0.35391,0.13807821
0.353915,0.13807821
0.35391998,0.13807821
0.353925,0.13807821
0.35393,0.13807821
0.353935,0.13807821
0.35393998,0.13807821
0.353945,0.13807821
0.35395,0.13807821
0.353955,0.13807821
0.35395998,0.13807821
0.35396498,0.13807821
0.35397,0.13807821
0.353975,0.13807821
0.35398,0.13807821
0.35398498,0.13807821
0.35399,0.13807821
0.353995,0.13807821
0.354,0.13807821
0.35400498,0.13807821
0.35401,0.13807821
0.354015,0.13807821
0.35402,0.13807821
0.35402498,0.13807821
0.35402998,0.13807821
0.354035,0.13807821
0.35404,0.13807821
0.354045,0.13807821
0.35404998,0.13807821
0.354055,0.13807821
0.35406,0.13807821
0.354065,0.13807821
0.35406998,0.13807821
0.35407498,0.13807821
0.35408,0.13807821
0.354085,0.13807821
0.35409,0.13807821
0.35409498,0.13807821
0.3541,0.13807821
0.354105,0.13807821
0.35411,0.13807821
0.35411498,0.13807821
0.35412,0.13807821
0.354125,0.13807821
0.35413,0.13807821
0.35413498,0.13807821
0.35413998,0.13807821
0.354145,0.13807821
0.35415,0.13807821
0.354155,0.13807821
0.35415998,0.13807821
0.354165,0.13807821
0.35417,0.13807821
0.354175,0.13807821
0.35417998,0.13807821
0.354185,0.13807821
0.35419,0.13807821
0.354195,0.13807821
0.3542,0.13807821
0.35420498,0.13807821
0.35421,0.13807821
0.354215,0.13807821
0.35422,0.13807821
0.35422498,0.13807821
0.35423,0.13807821
0.354235,0.13807821
0.35424,0.13807821
0.35424498,0.13807821
0.35424998,0.13807821
0.354255,0.13807821
0.35426,0.13807821
0.354265,0.13807821
0.35426998,0.13807821
0.354275,0.13807821
0.35428,0.13807821
0.354285,0.13807821
0.35428998,0.13807821
0.354295,0.13807821
0.3543,0.13807821
0.354305,0.13807821
0.35431,0.13807821
0.35431498,0.13807821
0.35432,0.13807821
0.354325,0.13807821
0.35433,0.13807821
0.35433498,0.13807821
0.35434,0.13807821
0.354345,0.13807821
0.35435,0.13807821
0.35435498,0.13807821
0.35435998,0.13807821
0.354365,0.13807821
0.35437,0.13807821
0.354375,0.13807821
0.35437998,0.13807821
0.354385,0.13807821
0.35439,0.13807821
0.354395,0.13807821
0.35439998,0.13807821
0.354405,0.13807821
0.35441,0.13807821
0.354415,0.13807821
0.35441998,0.13807821
0.35442498,0.13807821
0.35443,0.13807821
0.354435,0.13807821
0.35444,0.13807821
0.35444498,0.13807821
0.35445,0.13807821
0.354455,0.13807821
0.35446,0.13807821
0.35446498,0.13807821
0.35446998,0.13807821
0.354475,0.13807821
0.35448,0.13807821
0.354485,0.13807821
0.35448998,0.13807821
0.354495,0.13807821
0.3545,0.13807821
0.354505,0.13807821
0.35450998,0.13807821
0.354515,0.13807821
0.35452,0.13807821
0.354525,0.13807821
0.35452998,0.13807821
0.35453498,0.13807821
0.35454,0.13807821
0.354545,0.13807821
0.35455,0.13807821
0.35455498,0.13807821
0.35456,0.13807821
0.354565,0.13807821
0.35457,0.13807821
0.35457498,0.13807821
0.35458,0.13807821
0.354585,0.13807821
0.35459,0.13807821
0.354595,0.13807821
0.35459998,0.13807821
0.354605,0.13807821
0.35461,0.13807821
0.354615,0.13807821
0.35461998,0.13807821
0.354625,0.13807821
0.35463,0.13807821
0.354635,0.13807821
0.35463998,0.13807821
0.35464498,0.13807821
0.35465,0.13807821
0.354655,0.13807821
0.35466,0.13807821
0.35466498,0.13807821
0.35467,0.13807821
0.354675,0.13807821
0.35468,0.13807821
0.35468498,0.13807821
0.35469,0.13807821
0.354695,0.13807821
0.3547,0.13807821
0.354705,0.13807821
0.35470998,0.13807821
0.354715,0.13807821
0.35472,0.13807821
0.354725,0.13807821
0.35472998,0.13807821
0.354735,0.13807821
0.35474,0.13807821
0.354745,0.13807821
0.35474998,0.13807821
0.35475498,0.13807821
0.35476,0.13807821
0.354765,0.13807821
0.35477,0.13807821
0.35477498,0.13807821
0.35478,0.13807821
0.354785,0.13807821
0.35479,0.13807821
0.35479498,0.13807821
0.3548,0.13807821
0.354805,0.13807821
0.35481,0.13807821
0.35481498,0.13807821
0.35481998,0.13807821
0.354825,0.13807821
0.35483,0.13807821
0.354835,0.13807821
0.35483998,0.13807821
0.354845,0.13807821
0.35485,0.13807821
0.354855,0.13807821
0.35485998,0.13807821
0.35486498,0.13807821
0.35487,0.13807821
0.354875,0.13807821
0.35488,0.13807821
0.35488498,0.13807821
0.35489,0.13807821
0.354895,0.13807821
0.3549,0.13807821
0.35490498,0.13807821
0.35491,0.13807821
0.354915,0.13807821
0.35492,0.13807821
0.35492498,0.13807821
0.35492998,0.13807821
0.354935,0.13807821
0.35494,0.13807821
0.354945,0.13807821
0.35494998,0.13807821
0.354955,0.13807821
0.35496,0.13807821
0.354965,0.13807821
0.35496998,0.13807821
0.354975,0.13807821
0.35498,0.13807821
0.354985,0.13807821
0.35499,0.13807821
0.35499498,0.13807821
0.355,0.13807821
0.355005,0.13807821
0.35501,0.13807821
0.35501498,0.13807821
0.35502,0.13807821
0.355025,0.13807821
0.35503,0.13807821
0.35503498,0.13807821
0.35503998,0.13807821
0.355045,0.13807821
0.35505,0.13807821
0.355055,0.13807821
0.35505998,0.13807821
0.355065,0.13807821
0.35507,0.13807821
0.355075,0.13807821
0.35507998,0.13807821
0.355085,0.13807821
0.35509,0.13807821
0.355095,0.13807821
0.3551,0.13807821
0.35510498,0.13807821
0.35511,0.13807821
0.355115,0.13807821
0.35512,0.13807821
0.35512498,0.13807821
0.35513,0.13807821
0.355135,0.13807821
0.35514,0.13807821
0.35514498,0.13807821
0.35514998,0.13807821
0.355155,0.13807821
0.35516,0.13807821
0.355165,0.13807821
0.35516998,0.13807821
0.355175,0.13807821
0.35518,0.13807821
0.355185,0.13807821
0.35518998,0.13807821
0.355195,0.13807821
0.3552,0.13807821
0.355205,0.13807821
0.35520998,0.13807821
0.35521498,0.13807821
0.35522,0.13807821
0.355225,0.13807821
0.35523,0.13807821
0.35523498,0.13807821
0.35524,0.13807821
0.355245,0.13807821
0.35525,0.13807821
0.35525498,0.13807821
0.35525998,0.13807821
0.355265,0.13807821
0.35527,0.13807821
0.355275,0.13807821
0.35527998,0.13807821
0.355285,0.13807821
0.35529,0.13807821
0.355295,0.13807821
0.35529998,0.13807821
0.355305,0.13807821
0.35531,0.13807821
0.355315,0.13807821
0.35531998,0.13807821
0.35532498,0.13807821
0.35533,0.13807821
0.355335,0.13807821
0.35534,0.13807821
0.35534498,0.13807821
0.35535,0.13807821
0.355355,0.13807821
0.35536,0.13807821
0.35536498,0.13807821
0.35537,0.13807821
0.355375,0.13807821
0.35538,0.13807821
0.355385,0.13807821
0.35538998,0.13807821
0.355395,0.13807821
0.3554,0.13807821
0.355405,0.13807821
0.35540998,0.13807821
0.355415,0.13807821
0.35542,0.13807821
0.355425,0.13807821
0.35542998,0.13807821
0.35543498,0.13807821
0.35544,0.13807821
0.355445,0.13807821
0.35545,0.13807821
0.35545498,0.13807821
0.35546,0.13807821
0.355465,0.13807821
0.35547,0.13807821
0.35547498,0.13807821
0.35548,0.13807821
0.355485,0.13807821
0.35549,0.13807821
0.355495,0.13807821
0.35549998,0.13807821
0.355505,0.13807821
0.35551,0.13807821
0.355515,0.13807821
0.35551998,0.13807821
0.355525,0.13807821
0.35553,0.13807821
0.355535,0.13807821
0.35553998,0.13807821
0.35554498,0.13807821
0.35555,0.13807821
0.355555,0.13807821
0.35556,0.13807821
0.35556498,0.13807821
0.35557,0.13807821
0.355575,0.13807821
0.35558,0.13807821
0.35558498,0.13807821
0.35559,0.13807821
0.355595,0.13807821
0.3556,0.13807821
0.35560498,0.13807821
0.35560998,0.13807821
0.355615,0.13807821
0.35562,0.13807821
0.355625,0.13807821
0.35562998,0.13807821
0.355635,0.13807821
0.35564,0.13807821
0.355645,0.13807821
0.35564998,0.13807821
0.35565498,0.13807821
0.35566,0.13807821
0.355665,0.13807821
0.35567,0.13807821
0.35567498,0.13807821
0.35568,0.13807821
0.355685,0.13807821
0.35569,0.13807821
0.35569498,0.13807821
0.3557,0.13807821
0.355705,0.13807821
0.35571,0.13807821
0.35571498,0.13807821
0.35571998,0.13807821
0.355725,0.13807821
0.35573,0.13807821
0.355735,0.13807821
0.35573998,0.13807821
0.355745,0.13807821
0.35575,0.13807821
0.355755,0.13807821
0.35575998,0.13807821
0.35576499,0.13807821
0.35577,0.13807821
0.355775,0.13807821
0.35578,0.13807821
0.35578498,0.13807821
0.35579,0.13807821
0.355795,0.13807821
0.3558,0.13807821
0.35580498,0.13807821
0.35581,0.13807821
0.355815,0.13807821
0.35582,0.13807821
0.35582498,0.13807821
0.35582998,0.13807821
0.355835,0.13807821
0.35584,0.13807821
0.355845,0.13807821
0.35584998,0.13807821
0.355855,0.13807821
0.35586,0.13807821
0.355865,0.13807821
0.35586998,0.13807821
0.355875,0.13807821
0.35588,0.13807821
0.355885,0.13807821
0.35589,0.13807821
0.35589498,0.13807821
0.3559,0.13807821
0.355905,0.13807821
0.35591,0.13807821
0.35591498,0.13807821
0.35592,0.13807821
0.355925,0.13807821
0.35593,0.13807821
0.35593498,0.13807821
0.35593998,0.13807821
0.355945,0.13807821
0.35595,0.13807821
0.355955,0.13807821
0.35595998,0.13807821
0.355965,0.13807821
0.35597,0.13807821
0.355975,0.13807821
0.35597998,0.13807821
0.355985,0.13807821
0.35599,0.13807821
0.355995,0.13807821
0.35599998,0.13807821
0.35600498,0.13807821
0.35601,0.13807821
0.356015,0.13807821
0.35602,0.13807821
0.35602498,0.13807821
0.35603,0.13807821
0.356035,0.13807821
0.35604,0.13807821
0.35604498,0.13807821
0.35604998,0.13807821
0.356055,0.13807821
0.35606,0.13807821
0.356065,0.13807821
0.35606998,0.13807821
0.356075,0.13807821
0.35608,0.13807821
0.356085,0.13807821
0.35608998,0.13807821
0.356095,0.13807821
0.3561,0.13807821
0.356105,0.13807821
0.35610998,0.13807821
0.35611498,0.13807821
0.35612,0.13807821
0.356125,0.13807821
0.35613,0.13807821
0.35613498,0.13807821
0.35614,0.13807821
0.356145,0.13807821
0.35615,0.13807821
0.35615498,0.13807821
0.35615999,0.13807821
0.356165,0.13807821
0.35617,0.13807821
0.356175,0.13807821
0.35617998,0.13807821
0.356185,0.13807821
0.35619,0.13807821
0.356195,0.13807821
0.35619998,0.13807821
0.356205,0.13807821
0.35621,0.13807821
0.356215,0.13807821
0.35621998,0.13807821
0.35622498,0.13807821
0.35623,0.13807821
0.356235,0.13807821
0.35624,0.13807821
0.35624498,0.13807821
0.35625,0.13807821
0.356255,0.13807821
0.35626,0.13807821
0.35626498,0.13807821
0.35627,0.13807821
0.356275,0.13807821
0.35628,0.13807821
0.356285,0.13807821
0.35628998,0.13807821
0.356295,0.13807821
0.3563,0.13807821
0.356305,0.13807821
0.35630998,0.13807821
0.356315,0.13807821
0.35632,0.13807821
0.356325,0.13807821
0.35632998,0.13807821
0.35633498,0.13807821
0.35634,0.13807821
0.356345,0.13807821
0.35635,0.13807821
0.35635498,0.13807821
0.35636,0.13807821
0.356365,0.13807821
0.35637,0.13807821
0.35637498,0.13807821
0.35638,0.13807821
0.356385,0.13807821
0.35639,0.13807821
0.35639498,0.13807821
0.35639998,0.13807821
0.356405,0.13807821
0.35641,0.13807821
0.356415,0.13807821
0.35641998,0.13807821
0.356425,0.13807821
0.35643,0.13807821
0.356435,0.13807821
0.35643998,0.13807821
0.35644498,0.13807821
0.35645,0.13807821
0.356455,0.13807821
0.35646,0.13807821
0.35646498,0.13807821
0.35647,0.13807821
0.356475,0.13807821
0.35648,0.13807821
0.35648498,0.13807821
0.35649,0.13807821
0.356495,0.13807821
0.3565,0.13807821
0.35650498,0.13807821
0.35650998,0.13807821
0.356515,0.13807821
0.35652,0.13807821
0.356525,0.13807821
0.35652998,0.13807821
0.356535,0.13807821
0.35654,0.13807821
0.356545,0.13807821
0.35654998,0.13807821
0.35655499,0.13807821
0.35656,0.13807821
0.356565,0.13807821
0.35657,0.13807821
0.35657498,0.13807821
0.35658,0.13807821
0.356585,0.13807821
0.35659,0.13807821
0.35659498,0.13807821
0.3566,0.13807821
0.356605,0.13807821
0.35661,0.13807821
0.35661498,0.13807821
0.35661998,0.13807821
0.356625,0.13807821
0.35663,0.13807821
0.356635,0.13807821
0.35663998,0.13807821
0.356645,0.13807821
0.35665,0.13807821
0.356655,0.13807821
0.35665998,0.13807821
0.356665,0.13807821
0.35667,0.13807821
0.356675,0.13807821
0.35668,0.13807821
0.35668498,0.13807821
0.35669,0.13807821
0.356695,0.13807821
0.3567,0.13807821
0.35670498,0.13807821
0.35671,0.13807821
0.356715,0.13807821
0.35672,0.13807821
0.35672498,0.13807821
0.35672998,0.13807821
0.356735,0.13807821
0.35674,0.13807821
0.356745,0.13807821
0.35674998,0.13807821
0.356755,0.13807821
0.35676,0.13807821
0.356765,0.13807821
0.35676998,0.13807821
0.356775,0.13807821
0.35678,0.13807821
0.356785,0.13807821
0.35678998,0.13807821
0.35679498,0.13807821
0.3568,0.13807821
0.356805,0.13807821
0.35681,0.13807821
0.35681498,0.13807821
0.35682,0.13807821
0.356825,0.13807821
0.35683,0.13807821
0.35683498,0.13807821
0.35683998,0.13807821
0.356845,0.13807821
0.35685,0.13807821
0.356855,0.13807821
0.35685998,0.13807821
0.356865,0.13807821
0.35687,0.13807821
0.356875,0.13807821
0.35687998,0.13807821
0.356885,0.13807821
0.35689,0.13807821
0.356895,0.13807821
0.35689998,0.13807821
0.35690498,0.13807821
0.35691,0.13807821
0.356915,0.13807821
0.35692,0.13807821
0.35692498,0.13807821
0.35693,0.13807821
0.356935,0.13807821
0.35694,0.13807821
0.35694498,0.13807821
0.35694999,0.13807821
0.356955,0.13807821
0.35696,0.13807821
0.356965,0.13807821
0.35696998,0.13807821
0.356975,0.13807821
0.35698,0.13807821
0.356985,0.13807821
0.35698998,0.13807821
0.356995,0.13807821
0.357,0.13807821
0.357005,0.13807821
0.35700998,0.13807821
0.35701498,0.13807821
0.35702,0.13807821
0.357025,0.13807821
0.35703,0.13807821
0.35703498,0.13807821
0.35704,0.13807821
0.357045,0.13807821
0.35705,0.13807821
0.35705498,0.13807821
0.35706,0.13807821
0.357065,0.13807821
0.35707,0.13807821
0.357075,0.13807821
0.35707998,0.13807821
0.357085,0.13807821
0.35709,0.13807821
0.357095,0.13807821
0.35709998,0.13807821
0.357105,0.13807821
0.35711,0.13807821
0.357115,0.13807821
0.35711998,0.13807821
0.35712498,0.13807821
0.35713,0.13807821
0.357135,0.13807821
0.35714,0.13807821
0.35714498,0.13807821
0.35715,0.13807821
0.357155,0.13807821
0.35716,0.13807821
0.35716498,0.13807821
0.35717,0.13807821
0.357175,0.13807821
0.35718,0.13807821
0.35718498,0.13807821
0.35718998,0.13807821
0.357195,0.13807821
0.3572,0.13807821
0.357205,0.13807821
0.35720998,0.13807821
0.357215,0.13807821
0.35722,0.13807821
0.357225,0.13807821
0.35722998,0.13807821
0.35723498,0.13807821
0.35724,0.13807821
0.357245,0.13807821
0.35725,0.13807821
0.35725498,0.13807821
0.35726,0.13807821
0.357265,0.13807821
0.35727,0.13807821
0.35727498,0.13807821
0.35728,0.13807821
0.357285,0.13807821
0.35729,0.13807821
0.35729498,0.13807821
0.35729998,0.13807821
0.357305,0.13807821
0.35731,0.13807821
0.357315,0.13807821
0.35731998,0.13807821
0.357325,0.13807821
0.35733,0.13807821
0.357335,0.13807821
0.35733998,0.13807821
0.35734499,0.13807821
0.35735,0.13807821
0.357355,0.13807821
0.35736,0.13807821
0.35736498,0.13807821
0.35737,0.13807821
0.357375,0.13807821
0.35738,0.13807821
0.35738498,0.13807821
0.35739,0.13807821
0.357395,0.13807821
0.3574,0.13807821
0.35740498,0.13807821
0.35740998,0.13807821
0.357415,0.13807821
0.35742,0.13807821
0.357425,0.13807821
0.35742998,0.13807821
0.357435,0.13807821
0.35744,0.13807821
0.357445,0.13807821
0.35744998,0.13807821
0.357455,0.13807821
0.35746,0.13807821
0.357465,0.13807821
0.35747,0.13807821
0.35747498,0.13807821
0.35748,0.13807821
0.357485,0.13807821
0.35749,0.13807821
0.35749498,0.13807821
0.3575,0.13807821
0.357505,0.13807821
0.35751,0.13807821
0.35751498,0.13807821
0.35751998,0.13807821
0.357525,0.13807821
0.35753,0.13807821
0.357535,0.13807821
0.35753998,0.13807821
0.357545,0.13807821
0.35755,0.13807821
0.357555,0.13807821
0.35755998,0.13807821
0.357565,0.13807821
0.35757,0.13807821
0.357575,0.13807821
0.35757998,0.13807821
0.35758498,0.13807821
0.35759,0.13807821
0.357595,0.13807821
0.3576,0.13807821
0.35760498,0.13807821
0.35761,0.13807821
0.357615,0.13807821
0.35762,0.13807821
0.35762498,0.13807821
0.35762998,0.13807821
0.357635,0.13807821
0.35764,0.13807821
0.357645,0.13807821
0.35764998,0.13807821
0.357655,0.13807821
0.35766,0.13807821
0.357665,0.13807821
0.35766998,0.13807821
0.357675,0.13807821
0.35768,0.13807821
0.357685,0.13807821
0.35768998,0.13807821
0.35769498,0.13807821
0.3577,0.13807821
0.357705,0.13807821
0.35771,0.13807821
0.35771498,0.13807821
0.35772,0.13807821
0.357725,0.13807821
0.35773,0.13807821
0.35773498,0.13807821
0.35773998,0.13807821
0.357745,0.13807821
0.35775,0.13807821
0.357755,0.13807821
0.35775998,0.13807821
0.357765,0.13807821
0.35777,0.13807821
0.357775,0.13807821
0.35777998,0.13807821
0.357785,0.13807821
0.35779,0.13807821
0.357795,0.13807821
0.35779998,0.13807821
0.35780498,0.13807821
0.35781,0.13807821
0.357815,0.13807821
0.35782,0.13807821
0.35782498,0.13807821
0.35783,0.13807821
0.357835,0.13807821
0.35784,0.13807821
0.35784498,0.13807821
0.35785,0.13807821
0.357855,0.13807821
0.35786,0.13807821
0.357865,0.13807821
0.35786998,0.13807821
0.357875,0.13807821
0.35788,0.13807821
0.357885,0.13807821
0.35788998,0.13807821
0.357895,0.13807821
0.3579,0.13807821
0.357905,0.13807821
0.35790998,0.13807821
0.35791498,0.13807821
0.35792,0.13807821
0.357925,0.13807821
0.35793,0.13807821
0.35793498,0.13807821
0.35794,0.13807821
0.357945,5.685843
0.35795,5.9169993
0.35795498,5.9169993
0.35796,5.9169993
0.357965,5.9169993
0.35797,5.9169993
0.35797498,5.9169993
0.35797998,5.9169993
0.357985,5.9169993
0.35799,5.9169993
0.357995,5.9169993
0.35799998,5.9169993
0.358005,5.9169993
0.35801,5.9169993
0.358015,5.9169993
0.35801998,5.9169993
0.35802498,5.9169993
0.35803,5.9169993
0.358035,5.9169993
0.35804,5.9169993
0.35804498,5.9169993
0.35805,5.9169993
0.358055,5.9169993
0.35806,5.9169993
0.35806498,5.9169993
0.35807,5.9169993
0.358075,5.9169993
0.35808,5.9169993
0.35808498,5.9169993
0.35808998,5.9169993
0.358095,5.9169993
0.3581,5.9169993
0.358105,5.9169993
0.35810998,5.9169993
0.358115,5.9169993
0.35812,5.9169993
0.358125,5.9169993
0.35812998,5.9169993
0.35813498,5.9169993
0.35814,5.9169993
0.358145,5.9169993
0.35815,5.9169993
0.35815498,5.9169993
0.35816,5.9169993
0.358165,5.9169993
0.35817,5.9169993
0.35817498,5.9169993
0.35818,5.9169993
0.358185,5.9169993
0.35819,5.9169993
0.35819498,5.9169993
0.35819998,5.9169993
0.358205,5.9169993
0.35821,5.9169993
0.358215,5.9169993
0.35821998,5.9169993
0.358225,5.9169993
0.35823,5.9169993
0.358235,5.9169993
0.35823998,5.9169993
0.358245,5.9169993
0.35825,5.9169993
0.358255,5.9169993
0.35826,5.9169993
0.35826498,5.9169993
0.35827,5.9169993
0.358275,5.9169993
0.35828,5.9169993
0.35828498,5.9169993
0.35829,5.9169993
0.358295,5.9169993
0.3583,5.9169993
0.35830498,5.9169993
0.35830998,5.9169993
0.358315,5.9169993
0.35832,5.9169993
0.358325,5.9169993
0.35832998,5.9169993
0.358335,5.9169993
0.35834,5.9169993
0.358345,5.9169993
0.35834998,5.9169993
0.358355,5.9169993
0.35836,5.9169993
0.358365,5.9169993
0.35836998,5.9169993
0.35837498,5.9169993
0.35838,5.9169993
0.358385,5.9169993
0.35839,5.9169993
0.35839498,5.9169993
0.3584,5.9169993
0.358405,5.9169993
0.35841,5.9169993
0.35841498,5.9169993
0.35841998,5.9169993
0.358425,5.9169993
0.35843,5.9169993
0.358435,5.9169993
0.35843998,5.9169993
0.358445,5.9169993
0.35845,5.9169993
0.358455,5.9169993
0.35845998,5.9169993
0.358465,5.9169993
0.35847,5.9169993
0.358475,5.9169993
0.35847998,5.9169993
0.35848498,5.9169993
0.35849,5.9169993
0.358495,5.9169993
0.3585,5.9169993
0.35850498,5.9169993
0.35851,5.9169993
0.358515,5.9169993
0.35852,5.9169993
0.35852498,5.9169993
0.35852998,5.9169993
0.358535,5.9169993
0.35854,5.9169993
0.358545,5.9169993
0.35854998,5.9169993
0.358555,5.9169993
0.35856,5.9169993
0.358565,5.9169993
0.35856998,5.9169993
0.358575,5.9169993
0.35858,5.9169993
0.358585,5.9169993
0.35858998,5.9169993
0.35859498,5.9169993
0.3586,5.9169993
0.358605,5.9169993
0.35861,5.9169993
0.35861498,5.9169993
0.35862,5.9169993
0.358625,5.9169993
0.35863,5.9169993
0.35863498,5.9169993
0.35864,5.9169993
0.358645,5.9169993
0.35865,5.9169993
0.358655,5.9169993
0.35865998,5.9169993
0.358665,5.9169993
0.35867,5.9169993
0.358675,5.9169993
0.35867998,5.9169993
0.358685,5.9169993
0.35869,5.9169993
0.358695,5.9169993
0.35869998,5.9169993
0.35870498,5.9169993
0.35871,5.9169993
0.358715,5.9169993
0.35872,5.9169993
0.35872498,5.9169993
0.35873,5.9169993
0.358735,5.9169993
0.35874,5.9169993
0.35874498,5.9169993
0.35875,5.9169993
0.358755,5.9169993
0.35876,5.9169993
0.35876498,5.9169993
0.35876998,5.9169993
0.358775,5.9169993
0.35878,5.9169993
0.358785,5.9169993
0.35878998,5.9169993
0.358795,5.9169993
0.3588,5.9169993
0.358805,5.9169993
0.35880998,5.9169993
0.35881498,5.9169993
0.35882,5.9169993
0.358825,5.9169993
0.35883,5.9169993
0.35883498,5.9169993
0.35884,5.9169993
0.358845,5.9169993
0.35885,5.9169993
0.35885498,5.9169993
0.35886,5.9169993
0.358865,5.9169993
0.35887,5.9169993
0.35887498,5.9169993
0.35887998,5.9169993
0.358885,5.9169993
0.35889,5.9169993
0.358895,5.9169993
0.35889998,5.9169993
0.358905,5.9169993
0.35891,5.9169993
0.358915,5.9169993
0.35891998,5.9169993
0.35892498,5.9169993
0.35893,5.9169993
0.358935,5.9169993
0.35894,5.9169993
0.35894498,5.9169993
0.35895,5.9169993
0.358955,5.9169993
0.35896,5.9169993
0.35896498,5.9169993
0.35897,5.9169993
0.358975,5.9169993
0.35898,5.9169993
0.35898498,5.9169993
0.35898998,5.9169993
0.358995,5.9169993
0.359,5.9169993
0.359005,5.9169993
0.35900998,5.9169993
0.359015,5.9169993
0.35902,5.9169993
0.359025,5.9169993
0.35902998,5.9169993
0.359035,5.9169993
0.35904,5.9169993
0.359045,5.9169993
0.35905,5.9169993
0.35905498,5.9169993
0.35906,5.9169993
0.359065,5.9169993
0.35907,5.9169993
0.35907498,5.9169993
0.35908,5.9169993
0.359085,5.9169993
0.35909,5.9169993
0.35909498,5.9169993
0.35909998,5.9169993
0.359105,5.9169993
0.35911,5.9169993
0.359115,5.9169993
0.35911998,5.9169993
0.359125,5.9169993
0.35913,5.9169993
0.359135,5.9169993
0.35913998,5.9169993
0.359145,5.9169993
0.35915,5.9169993
0.359155,5.9169993
0.35915998,5.9169993
0.35916498,5.9169993
0.35917,5.9169993
0.359175,5.9169993
0.35918,5.9169993
0.35918498,5.9169993
0.35919,5.9169993
0.359195,5.9169993
0.3592,5.9169993
0.35920498,5.9169993
0.35920998,5.9169993
0.359215,5.9169993
0.35922,5.9169993
0.359225,5.9169993
0.35922998,5.9169993
0.359235,5.9169993
0.35924,5.9169993
0.359245,5.9169993
0.35924998,5.9169993
0.359255,5.9169993
0.35926,5.9169993
0.359265,5.9169993
0.35926998,5.9169993
0.35927498,5.9169993
0.35928,5.9169993
0.359285,5.9169993
0.35929,5.9169993
0.35929498,5.9169993
0.3593,5.9169993
0.359305,5.9169993
0.35931,5.9169993
0.35931498,5.9169993
0.35931998,5.9169993
0.359325,5.9169993
0.35933,5.9169993
0.359335,5.9169993
0.35933998,5.9169993
0.359345,5.9169993
0.35935,5.9169993
0.359355,5.9169993
0.35935998,5.9169993
0.359365,5.9169993
0.35937,5.9169993
0.359375,5.9169993
0.35937998,5.9169993
0.35938498,5.9169993
0.35939,5.9169993
0.359395,5.9169993
0.3594,5.9169993
0.35940498,5.9169993
0.35941,5.9169993
0.359415,5.9169993
0.35942,5.9169993
0.35942498,5.9169993
0.35943,5.9169993
0.359435,5.9169993
0.35944,5.9169993
0.359445,5.9169993
0.35944998,5.9169993
0.359455,5.9169993
0.35946,5.9169993
0.359465,5.9169993
0.35946998,5.9169993
0.359475,5.9169993
0.35948,5.9169993
0.359485,5.9169993
0.35948998,5.9169993
0.35949498,5.9169993
0.3595,5.9169993
0.359505,5.9169993
0.35951,5.9169993
0.35951498,5.9169993
0.35952,5.9169993
0.359525,5.9169993
0.35953,5.9169993
0.35953498,5.9169993
0.35954,5.9169993
0.359545,5.9169993
0.35955,5.9169993
0.35955498,5.9169993
0.35955998,5.9169993
0.359565,5.9169993
0.35957,5.9169993
0.359575,5.9169993
0.35957998,5.9169993
0.359585,5.9169993
0.35959,5.9169993
0.359595,5.9169993
0.35959998,5.9169993
0.35960498,5.9169993
0.35961,5.9169993
0.359615,5.9169993
0.35962,5.9169993
0.35962498,5.9169993
0.35963,5.9169993
0.359635,5.9169993
0.35964,5.9169993
0.35964498,5.9169993
0.35965,5.9169993
0.359655,5.9169993
0.35966,5.9169993
0.35966498,5.9169993
0.35966998,5.9169993
0.359675,5.9169993
0.35968,5.9169993
0.359685,5.9169993
0.35968998,5.9169993
0.359695,5.9169993
0.3597,5.9169993
0.359705,5.9169993
0.35970998,5.9169993
0.35971498,5.9169993
0.35972,5.9169993
0.359725,5.9169993
0.35973,5.9169993
0.35973498,5.9169993
0.35974,5.9169993
0.359745,5.9169993
0.35975,5.9169993
0.35975498,5.9169993
0.35976,5.9169993
0.359765,5.9169993
0.35977,5.9169993
0.35977498,5.9169993
0.35977998,5.9169993
0.359785,5.9169993
0.35979,5.9169993
0.359795,5.9169993
0.35979998,5.9169993
0.359805,5.9169993
0.35981,5.9169993
0.359815,5.9169993
0.35981998,5.9169993
0.359825,5.9169993
0.35983,5.9169993
0.359835,5.9169993
0.35984,5.9169993
0.35984498,5.9169993
0.35985,5.9169993
0.359855,5.9169993
0.35986,5.9169993
0.35986498,5.9169993
0.35987,5.9169993
0.359875,5.9169993
0.35988,5.9169993
0.35988498,5.9169993
0.35988998,5.9169993
0.359895,5.9169993
0.3599,5.9169993
0.359905,5.9169993
0.35990998,5.9169993
0.359915,5.9169993
0.35992,5.9169993
0.359925,5.9169993
0.35992998,5.9169993
0.359935,5.9169993
0.35994,5.9169993
0.359945,5.9169993
0.35994998,5.9169993
0.35995498,5.9169993
0.35996,5.9169993
0.359965,5.9169993
0.35997,5.9169993
0.35997498,5.9169993
0.35998,5.9169993
0.359985,5.9169993
0.35999,5.9169993
0.35999498,5.9169993
0.35999998,5.9169993
0.360005,5.9169993
0.36001,5.9169993
0.360015,5.9169993
0.36001998,5.9169993
0.360025,5.9169993
0.36003,5.9169993
0.360035,5.9169993
0.36003998,5.9169993
0.360045,5.9169993
0.36005,5.9169993
0.360055,5.9169993
0.36005998,5.9169993
0.36006498,5.9169993
0.36007,5.9169993
0.360075,5.9169993
0.36008,5.9169993
0.36008498,5.9169993
0.36009,5.9169993
0.360095,5.9169993
0.3601,5.9169993
0.36010498,5.9169993
0.36010998,5.9169993
0.360115,5.9169993
0.36012,5.9169993
0.360125,5.9169993
0.36012998,5.9169993
0.360135,5.9169993
0.36014,5.9169993
0.360145,5.9169993
0.36014998,5.9169993
0.360155,5.9169993
0.36016,5.9169993
0.360165,5.9169993
0.36016998,5.9169993
0.36017498,5.9169993
0.36018,5.9169993
0.360185,5.9169993
0.36019,5.9169993
0.36019498,5.9169993
0.3602,5.9169993
0.360205,5.9169993
0.36021,5.9169993
0.36021498,5.9169993
0.36022,5.9169993
0.360225,5.9169993
0.36023,5.9169993
0.360235,5.9169993
0.36023998,5.9169993
0.360245,5.9169993
0.36025,5.9169993
0.360255,5.9169993
0.36025998,5.9169993
0.360265,5.9169993
0.36027,5.9169993
0.360275,5.9169993
0.36027998,5.9169993
0.36028498,5.9169993
0.36029,5.9169993
0.360295,5.9169993
0.3603,5.9169993
0.36030498,5.9169993
0.36031,5.9169993
0.360315,5.9169993
0.36032,5.9169993
0.36032498,5.9169993
0.36033,5.9169993
0.360335,5.9169993
0.36034,5.9169993
0.36034498,5.9169993
0.36034998,5.9169993
0.360355,5.9169993
0.36036,5.9169993
0.360365,5.9169993
0.36036998,5.9169993
0.360375,5.9169993
0.36038,5.9169993
0.360385,5.9169993
0.36038998,5.9169993
0.36039498,5.9169993
0.3604,5.9169993
0.360405,5.9169993
0.36041,5.9169993
0.36041498,5.9169993
0.36042,5.9169993
0.360425,5.9169993
0.36043,5.9169993
0.36043498,5.9169993
0.36044,5.9169993
0.360445,5.9169993
0.36045,5.9169993
0.36045498,5.9169993
0.36045998,5.9169993
0.360465,5.9169993
0.36047,5.9169993
0.360475,5.9169993
0.36047998,5.9169993
0.360485,5.9169993
0.36049,5.9169993
0.360495,5.9169993
0.36049998,5.9169993
0.36050498,5.9169993
0.36051,5.9169993
0.360515,5.9169993
0.36052,5.9169993
0.36052498,5.9169993
0.36053,5.9169993
0.360535,5.9169993
0.36054,5.9169993
0.36054498,5.9169993
0.36055,5.9169993
0.360555,5.9169993
0.36056,5.9169993
0.36056498,5.9169993
0.36056998,5.9169993
0.360575,5.9169993
0.36058,5.9169993
0.360585,5.9169993
0.36058998,5.9169993
0.360595,5.9169993
0.3606,5.9169993
0.360605,5.9169993
0.36060998,5.9169993
0.360615,5.9169993
0.36062,5.9169993
0.360625,5.9169993
0.36063,5.9169993
0.36063498,5.9169993
0.36064,5.9169993
0.360645,5.9169993
0.36065,5.9169993
0.36065498,5.9169993
0.36066,5.9169993
0.360665,5.9169993
0.36067,5.9169993
0.36067498,5.9169993
0.36067998,5.9169993
0.360685,5.9169993
0.36069,5.9169993
0.360695,5.9169993
0.36069998,5.9169993
0.360705,5.9169993
0.36071,5.9169993
0.360715,5.9169993
0.36071998,5.9169993
0.360725,5.9169993
0.36073,5.9169993
0.360735,5.9169993
0.36073998,5.9169993
0.36074498,5.9169993
0.36075,5.9169993
0.360755,5.9169993
0.36076,5.9169993
0.36076498,5.9169993
0.36077,5.9169993
0.360775,5.9169993
0.36078,5.9169993
0.36078498,5.9169993
0.36078998,5.9169993
0.360795,5.9169993
0.3608,5.9169993
0.360805,5.9169993
0.36080998,5.9169993
0.360815,5.9169993
0.36082,5.9169993
0.360825,5.9169993
0.36082998,5.9169993
0.360835,5.9169993
0.36084,5.9169993
0.360845,5.9169993
0.36084998,5.9169993
0.36085498,5.9169993
0.36086,5.9169993
0.360865,5.9169993
0.36087,5.9169993
0.36087498,5.9169993
0.36088,5.9169993
0.360885,5.9169993
0.36089,5.9169993
0.36089498,5.9169993
0.36089998,5.9169993
0.360905,5.9169993
0.36091,5.9169993
0.360915,5.9169993
0.36091998,5.9169993
0.360925,5.9169993
0.36093,5.9169993
0.360935,5.9169993
0.36093998,5.9169993
0.360945,5.9169993
0.36095,5.9169993
0.360955,5.9169993
0.36095998,5.9169993
0.36096498,5.9169993
0.36097,5.9169993
0.360975,5.9169993
0.36098,5.9169993
0.36098498,5.9169993
0.36099,5.9169993
0.360995,5.9169993
0.361,5.9169993
0.36100498,5.9169993
0.36101,5.9169993
0.361015,5.9169993
0.36102,5.9169993
0.361025,5.9169993
0.36102998,5.9169993
0.361035,5.9169993
0.36104,5.9169993
0.361045,5.9169993
0.36104998,5.9169993
0.361055,5.9169993
0.36106,5.9169993
0.361065,5.9169993
0.36106998,5.9169993
0.36107498,5.9169993
0.36108,5.9169993
0.361085,5.9169993
0.36109,5.9169993
0.36109498,5.9169993
0.3611,5.9169993
0.361105,5.9169993
0.36111,5.9169993
0.36111498,5.9169993
0.36112,5.9169993
0.361125,5.9169993
0.36113,5.9169993
0.36113498,5.9169993
0.36113998,5.9169993
0.361145,5.9169993
0.36115,5.9169993
0.361155,5.9169993
0.36115998,5.9169993
0.361165,5.9169993
0.36117,5.9169993
0.361175,5.9169993
0.36117998,5.9169993
0.36118498,5.9169993
0.36119,5.9169993
0.361195,5.9169993
0.3612,5.9169993
0.36120498,5.9169993
0.36121,5.9169993
0.361215,5.9169993
0.36122,5.9169993
0.36122498,5.9169993
0.36123,5.9169993
0.361235,5.9169993
0.36124,5.9169993
0.36124498,5.9169993
0.36124998,5.9169993
0.361255,5.9169993
0.36126,5.9169993
0.361265,5.9169993
0.36126998,5.9169993
0.361275,5.9169993
0.36128,5.9169993
0.361285,5.9169993
0.36128998,5.9169993
0.36129498,5.9169993
0.3613,5.9169993
0.361305,5.9169993
0.36131,5.9169993
0.36131498,5.9169993
0.36132,5.9169993
0.361325,5.9169993
0.36133,5.9169993
0.36133498,5.9169993
0.36134,5.9169993
0.361345,5.9169993
0.36135,5.9169993
0.36135498,5.9169993
0.36135998,5.9169993
0.361365,5.9169993
0.36137,5.9169993
0.361375,5.9169993
0.36137998,5.9169993
0.361385,5.9169993
0.36139,5.9169993
0.361395,5.9169993
0.36139998,5.9169993
0.361405,5.9169993
0.36141,5.9169993
0.361415,5.9169993
0.36142,5.9169993
0.36142498,5.9169993
0.36143,5.9169993
0.361435,5.9169993
0.36144,5.9169993
0.36144498,5.9169993
0.36145,5.9169993
0.361455,5.9169993
0.36146,5.9169993
0.36146498,5.9169993
0.36146998,5.9169993
0.361475,5.9169993
0.36148,5.9169993
0.361485,5.9169993
0.36148998,5.9169993
0.361495,5.9169993
0.3615,5.9169993
0.361505,5.9169993
0.36150998,5.9169993
0.361515,5.9169993
0.36152,5.9169993
0.361525,5.9169993
0.36152998,5.9169993
0.36153498,5.9169993
0.36154,5.9169993
0.361545,5.9169993
0.36155,5.9169993
0.36155498,5.9169993
0.36156,5.9169993
0.361565,5.9169993
0.36157,5.9169993
0.36157498,5.9169993
0.36157998,5.9169993
0.361585,5.9169993
0.36159,5.9169993
0.361595,5.9169993
0.36159998,5.9169993
0.361605,5.9169993
0.36161,5.9169993
0.361615,5.9169993
0.36161998,5.9169993
0.361625,5.9169993
0.36163,5.9169993
0.361635,5.9169993
0.36163998,5.9169993
0.36164498,5.9169993
0.36165,5.9169993
0.361655,5.9169993
0.36166,5.9169993
0.36166498,5.9169993
0.36167,5.9169993
0.361675,5.9169993
0.36168,5.9169993
0.36168498,5.9169993
0.36168998,5.9169993
0.361695,5.9169993
0.3617,5.9169993
0.361705,5.9169993
0.36170998,5.9169993
0.361715,5.9169993
0.36172,5.9169993
0.361725,5.9169993
0.36172998,5.9169993
0.361735,5.9169993
0.36174,5.9169993
0.361745,5.9169993
0.36174998,5.9169993
0.36175498,5.9169993
0.36176,5.9169993
0.361765,5.9169993
0.36177,5.9169993
0.36177498,5.9169993
0.36178,5.9169993
0.361785,5.9169993
0.36179,5.9169993
0.36179498,5.9169993
0.3618,5.9169993
0.361805,5.9169993
0.36181,5.9169993
0.361815,5.9169993
0.36181998,5.9169993
0.361825,5.9169993
0.36183,5.9169993
0.361835,5.9169993
0.36183998,5.9169993
0.361845,5.9169993
0.36185,5.9169993
0.361855,5.870768
0.36185998,5.824537
0.36186498,5.824537
0.36187,5.824537
0.361875,5.870768
0.36188,5.9169993
0.36188498,5.9169993
0.36189,5.9169993
0.361895,5.9169993
0.3619,5.9169993
0.36190498,5.9169993
0.36191,5.9169993
0.361915,5.9169993
0.36192,5.9169993
0.36192498,5.9169993
0.36192998,5.9169993
0.361935,5.9169993
0.36194,5.9169993
0.361945,5.9169993
0.36194998,5.9169993
0.361955,5.9169993
0.36196,5.9169993
0.361965,5.9169993
0.36196998,5.9169993
0.36197498,5.9169993
0.36198,5.9169993
0.361985,5.9169993
0.36199,5.9169993
0.36199498,5.9169993
0.362,5.9169993
0.362005,5.9169993
0.36201,5.9169993
0.36201498,5.9169993
0.36202,5.9169993
0.362025,5.9169993
0.36203,5.9169993
0.36203498,5.9169993
0.36203998,5.9169993
0.362045,5.9169993
0.36205,5.9169993
0.362055,5.9169993
0.36205998,5.9169993
0.362065,5.9169993
0.36207,5.9169993
0.362075,5.9169993
0.36207998,5.9169993
0.36208498,5.9169993
0.36209,5.9169993
0.362095,5.9169993
0.3621,5.9169993
0.36210498,5.9169993
0.36211,5.9169993
0.362115,5.9169993
0.36212,5.9169993
0.36212498,5.9169993
0.36213,5.9169993
0.362135,5.9169993
0.36214,5.9169993
0.36214498,5.9169993
0.36214998,5.9169993
0.362155,5.9169993
0.36216,5.9169993
0.362165,5.9169993
0.36216998,5.9169993
0.362175,5.9169993
0.36218,5.9169993
0.362185,5.9169993
0.36218998,5.9169993
0.362195,5.9169993
0.3622,5.9169993
0.362205,5.9169993
0.36221,5.9169993
0.36221498,5.9169993
0.36222,5.9169993
0.362225,5.9169993
0.36223,5.9169993
0.36223498,5.9169993
0.36224,5.9169993
0.362245,5.9169993
0.36225,5.9169993
0.36225498,5.9169993
0.36225998,5.9169993
0.362265,5.9169993
0.36227,5.9169993
0.362275,5.9169993
0.36227998,5.9169993
0.362285,5.9169993
0.36229,5.9169993
0.362295,5.9169993
0.36229998,5.9169993
0.362305,5.9169993
0.36231,5.9169993
0.362315,5.9169993
0.36231998,5.9169993
0.36232498,5.9169993
0.36233,5.9169993
0.362335,5.9169993
0.36234,5.9169993
0.36234498,5.9169993
0.36235,5.9169993
0.362355,5.9169993
0.36236,5.9169993
0.36236498,1.6637135
0.36236998,0.3230033
0.362375,0.27677202
0.36238,0.23054075
0.362385,0.23054075
0.36238998,0.184309
0.362395,0.184309
0.3624,0.184309
0.362405,0.184309
0.36240998,0.184309
0.362415,0.13807821
0.36242,0.13807821
0.362425,0.13807821
0.36242998,0.13807821
0.36243498,0.13807821
0.36244,0.13807821
0.362445,0.13807821
0.36245,0.13807821
0.36245498,0.13807821
0.36246,0.13807821
0.362465,0.13807821
0.36247,0.13807821
0.36247498,0.13807821
0.36247998,0.13807821
0.362485,0.13807821
0.36249,0.13807821
0.362495,0.13807821
0.36249998,0.13807821
0.362505,0.13807821
0.36251,0.13807821
0.362515,0.13807821
0.36251998,0.13807821
0.362525,0.13807821
0.36253,0.13807821
0.362535,0.13807821
0.36253998,0.13807821
0.36254498,0.13807821
0.36255,0.13807821
0.362555,0.13807821
0.36256,0.13807821
0.36256498,0.13807821
0.36257,0.13807821
0.362575,0.13807821
0.36258,0.13807821
0.36258498,0.13807821
0.36259,0.13807821
0.362595,0.13807821
0.3626,0.13807821
0.362605,0.13807821
0.36260998,0.13807821
0.362615,0.13807821
0.36262,0.13807821
0.362625,0.13807821
0.36262998,0.13807821
0.362635,0.13807821
0.36264,0.13807821
0.362645,0.13807821
0.36264998,0.13807821
0.36265498,0.13807821
0.36266,0.13807821
0.362665,0.13807821
0.36267,0.13807821
0.36267498,0.13807821
0.36268,0.13807821
0.362685,0.13807821
0.36269,0.13807821
0.36269498,0.13807821
0.3627,0.13807821
0.362705,0.13807821
0.36271,0.13807821
0.36271498,0.13807821
0.36271998,0.13807821
0.362725,0.13807821
0.36273,0.13807821
0.362735,0.13807821
0.36273998,0.13807821
0.362745,0.13807821
0.36275,0.13807821
0.362755,0.13807821
0.36275998,0.13807821
0.36276498,0.13807821
0.36277,0.13807821
0.362775,0.13807821
0.36278,0.13807821
0.36278498,0.13807821
0.36279,0.13807821
0.362795,0.13807821
0.3628,0.13807821
0.36280498,0.13807821
0.36281,0.13807821
0.362815,0.13807821
0.36282,0.13807821
0.36282498,0.13807821
0.36282998,0.13807821
0.362835,0.13807821
0.36284,0.13807821
0.362845,0.13807821
0.36284998,0.13807821
0.362855,0.13807821
0.36286,0.13807821
0.362865,0.13807821
0.36286998,0.13807821
0.36287498,0.13807821
0.36288,0.13807821
0.362885,0.13807821
0.36289,0.13807821
0.36289498,0.13807821
0.3629,0.13807821
0.362905,0.13807821
0.36291,0.13807821
0.36291498,0.13807821
0.36292,0.13807821
0.362925,0.13807821
0.36293,0.13807821
0.36293498,0.13807821
0.36293998,0.13807821
0.362945,0.13807821
0.36295,0.13807821
0.362955,0.13807821
0.36295998,0.13807821
0.362965,0.13807821
0.36297,0.13807821
0.362975,0.13807821
0.36297998,0.13807821
0.362985,0.13807821
0.36299,0.13807821
0.362995,0.13807821
0.363,0.13807821
0.36300498,0.13807821
0.36301,0.13807821
0.363015,0.13807821
0.36302,0.184309
0.36302498,5.7783055
0.36303,5.9169993
0.363035,5.9169993
0.36304,5.9169993
0.36304498,5.9169993
0.36304998,5.9169993
0.363055,5.9169993
0.36306,5.9169993
0.363065,5.9169993
0.36306998,5.9169993
0.363075,5.9169993
0.36308,5.9169993
0.363085,5.9169993
0.36308998,5.9169993
0.363095,5.9169993
0.3631,5.9169993
0.363105,5.9169993
0.36310998,5.9169993
0.36311498,5.9169993
0.36312,5.9169993
0.363125,5.9169993
0.36313,5.9169993
0.36313498,5.9169993
0.36314,5.9169993
0.363145,5.9169993
0.36315,5.9169993
0.36315498,5.9169993
0.36315998,5.9169993
0.363165,5.9169993
0.36317,5.9169993
0.363175,5.9169993
0.36317998,5.9169993
0.363185,5.9169993
0.36319,5.9169993
0.363195,5.9169993
0.36319998,5.9169993
0.363205,5.9169993
0.36321,5.9169993
0.363215,5.9169993
0.36321998,5.9169993
0.36322498,5.9169993
0.36323,5.9169993
0.363235,5.9169993
0.36324,5.9169993
0.36324498,5.9169993
0.36325,5.9169993
0.363255,5.9169993
0.36326,5.9169993
0.36326498,5.9169993
0.36326998,5.9169993
0.363275,5.9169993
0.36328,5.9169993
0.363285,5.9169993
0.36328998,5.9169993
0.363295,5.9169993
0.3633,5.9169993
0.363305,5.9169993
0.36330998,5.9169993
0.363315,5.9169993
0.36332,5.9169993
0.363325,5.9169993
0.36332998,5.9169993
0.36333498,5.9169993
0.36334,5.9169993
0.363345,5.9169993
0.36335,5.9169993
0.36335498,5.9169993
0.36336,5.9169993
0.363365,5.9169993
0.36337,5.9169993
0.36337498,5.9169993
0.36337999,5.9169993
0.363385,5.9169993
0.36339,5.9169993
0.363395,5.9169993
0.36339998,5.9169993
0.363405,5.9169993
0.36341,5.9169993
0.363415,5.9169993
0.36341998,5.9169993
0.363425,5.9169993
0.36343,5.9169993
0.363435,5.9169993
0.36343998,5.9169993
0.36344498,5.9169993
0.36345,5.9169993
0.363455,5.9169993
0.36346,5.9169993
0.36346498,5.9169993
0.36347,5.9169993
0.363475,5.9169993
0.36348,5.9169993
0.36348498,5.9169993
0.36349,5.9169993
0.363495,5.9169993
0.3635,5.9169993
0.36350498,5.9169993
0.36350998,5.9169993
0.363515,5.9169993
0.36352,5.9169993
0.363525,5.9169993
0.36352998,5.9169993
0.363535,5.9169993
0.36354,5.9169993
0.363545,5.9169993
0.36354998,5.9169993
0.36355498,5.9169993
0.36356,5.9169993
0.363565,5.9169993
0.36357,5.9169993
0.36357498,5.9169993
0.36358,5.9169993
0.363585,5.9169993
0.36359,5.9169993
0.36359498,5.9169993
0.3636,5.9169993
0.363605,5.9169993
0.36361,5.9169993
0.36361498,5.9169993
0.36361998,5.9169993
0.363625,5.9169993
0.36363,5.9169993
0.363635,5.9169993
0.36363998,5.9169993
0.363645,5.9169993
0.36365,5.9169993
0.363655,5.9169993
0.36365998,5.9169993
0.36366498,5.9169993
0.36367,5.9169993
0.363675,5.9169993
0.36368,5.9169993
0.36368498,5.9169993
0.36369,5.9169993
0.363695,5.9169993
0.3637,5.9169993
0.36370498,5.9169993
0.36371,5.9169993
0.363715,5.9169993
0.36372,5.9169993
0.36372498,5.9169993
0.36372998,5.9169993
0.363735,5.9169993
0.36374,5.9169993
0.363745,5.9169993
0.36374998,5.9169993
0.363755,5.9169993
0.36376,5.9169993
0.363765,5.9169993
0.36376998,5.9169993
0.36377499,5.9169993
0.36378,5.9169993
0.363785,5.9169993
0.36379,5.9169993
0.36379498,5.9169993
0.3638,5.9169993
0.363805,5.9169993
0.36381,5.9169993
0.36381498,5.9169993
0.36382,5.9169993
0.363825,5.9169993
0.36383,5.9169993
0.36383498,5.9169993
0.36383998,5.9169993
0.363845,5.9169993
0.36385,5.9169993
0.363855,5.9169993
0.36385998,5.9169993
0.363865,5.9169993
0.36387,5.9169993
0.363875,5.9169993
0.36387998,5.9169993
0.363885,5.9169993
0.36389,5.9169993
0.363895,5.9169993
0.36389998,5.9169993
0.36390498,5.9169993
0.36391,5.9169993
0.363915,5.9169993
0.36392,5.9169993
0.36392498,5.9169993
0.36393,5.9169993
0.363935,5.9169993
0.36394,5.9169993
0.36394498,5.9169993
0.36394998,5.9169993
0.363955,5.9169993
0.36396,5.9169993
0.363965,5.9169993
0.36396998,5.9169993
0.363975,5.9169993
0.36398,5.9169993
0.363985,5.9169993
0.36398998,5.9169993
0.363995,5.9169993
0.364,5.9169993
0.364005,5.9169993
0.36400998,5.9169993
0.36401498,5.9169993
0.36402,5.9169993
0.364025,5.9169993
0.36403,5.9169993
0.36403498,5.9169993
0.36404,5.9169993
0.364045,5.9169993
0.36405,5.9169993
0.36405498,5.9169993
0.36405998,5.9169993
0.364065,5.9169993
0.36407,5.9169993
0.364075,5.9169993
0.36407998,5.9169993
0.364085,5.9169993
0.36409,5.9169993
0.364095,5.9169993
0.36409998,5.9169993
0.364105,5.9169993
0.36411,5.9169993
0.364115,5.9169993
0.36411998,5.9169993
0.36412498,5.9169993
0.36413,5.9169993
0.364135,5.9169993
0.36414,5.9169993
0.36414498,5.9169993
0.36415,5.9169993
0.364155,5.9169993
0.36416,5.9169993
0.36416498,5.9169993
0.36416999,5.9169993
0.364175,5.9169993
0.36418,5.9169993
0.364185,5.9169993
0.36418998,5.9169993
0.364195,5.9169993
0.3642,5.9169993
0.364205,5.9169993
0.36420998,5.9169993
0.364215,5.9169993
0.36422,5.9169993
0.364225,5.9169993
0.36422998,5.9169993
0.36423498,5.9169993
0.36424,5.9169993
0.364245,5.9169993
0.36425,5.9169993
0.36425498,5.9169993
0.36426,5.9169993
0.364265,5.9169993
0.36427,5.9169993
0.36427498,5.9169993
0.36428,5.9169993
0.364285,5.9169993
0.36429,5.9169993
0.36429498,5.9169993
0.36429998,5.9169993
0.364305,5.9169993
0.36431,5.9169993
0.364315,5.9169993
0.36431998,5.9169993
0.364325,5.9169993
0.36433,5.9169993
0.364335,5.9169993
0.36433998,5.9169993
0.36434498,5.9169993
0.36435,5.9169993
0.364355,5.9169993
0.36436,5.9169993
0.36436498,5.9169993
0.36437,5.9169993
0.364375,5.9169993
0.36438,5.9169993
0.36438498,5.9169993
0.36439,5.9169993
0.364395,5.9169993
0.3644,5.9169993
0.36440498,5.9169993
0.36440998,5.9169993
0.364415,5.9169993
0.36442,5.9169993
0.364425,5.9169993
0.36442998,5.9169993
0.364435,5.9169993
0.36444,5.9169993
0.364445,5.9169993
0.36444998,5.9169993
0.36445498,5.9169993
0.36446,5.9169993
0.364465,5.9169993
0.36447,5.9169993
0.36447498,5.9169993
0.36448,5.9169993
0.364485,5.9169993
0.36449,5.9169993
0.36449498,5.9169993
0.3645,5.9169993
0.364505,5.9169993
0.36451,5.9169993
0.36451498,5.9169993
0.36451998,5.9169993
0.364525,5.9169993
0.36453,5.9169993
0.364535,5.9169993
0.36453998,5.9169993
0.364545,5.9169993
0.36455,5.9169993
0.364555,5.9169993
0.36455998,5.9169993
0.36456499,5.9169993
0.36457,5.9169993
0.364575,5.9169993
0.36458,5.9169993
0.36458498,5.9169993
0.36459,5.9169993
0.364595,5.9169993
0.3646,5.9169993
0.36460498,5.9169993
0.36461,1.3400936
0.364615,0.3230033
0.36462,0.27677202
0.36462498,0.23054075
0.36462998,0.23054075
0.364635,0.184309
0.36464,0.184309
0.364645,0.184309
0.36464998,0.184309
0.364655,0.184309
0.36466,0.13807821
0.364665,0.13807821
0.36466998,0.13807821
0.364675,0.13807821
0.36468,0.13807821
0.364685,0.13807821
0.36468998,0.13807821
0.36469498,0.13807821
0.3647,0.13807821
0.364705,0.13807821
0.36471,0.13807821
0.36471498,0.13807821
0.36472,0.13807821
0.364725,0.13807821
0.36473,0.13807821
0.36473498,0.13807821
0.36473998,0.13807821
0.364745,0.13807821
0.36475,0.13807821
0.364755,0.13807821
0.36475998,0.13807821
0.364765,0.13807821
0.36477,0.13807821
0.364775,0.13807821
0.36477998,0.13807821
0.364785,0.13807821
0.36479,0.13807821
0.364795,0.13807821
0.36479998,0.13807821
0.36480498,0.13807821
0.36481,0.13807821
0.364815,0.13807821
0.36482,0.13807821
0.36482498,0.13807821
0.36483,0.13807821
0.364835,0.13807821
0.36484,0.13807821
0.36484498,0.13807821
0.36484998,0.13807821
0.364855,0.13807821
0.36486,0.13807821
0.364865,0.13807821
0.36486998,0.13807821
0.364875,0.13807821
0.36488,0.13807821
0.364885,0.13807821
0.36488998,0.13807821
0.364895,0.13807821
0.3649,0.13807821
0.364905,0.13807821
0.36490998,0.13807821
0.36491498,0.13807821
0.36492,0.13807821
0.364925,0.13807821
0.36493,0.13807821
0.36493498,0.13807821
0.36494,0.13807821
0.364945,0.13807821
0.36495,0.13807821
0.36495498,0.13807821
0.36495999,0.13807821
0.364965,0.13807821
0.36497,0.13807821
0.364975,0.13807821
0.36497998,0.13807821
0.364985,0.13807821
0.36499,0.13807821
0.364995,0.13807821
0.36499998,0.13807821
0.365005,0.13807821
0.36501,0.13807821
0.365015,0.13807821
0.36501998,0.13807821
0.36502498,0.13807821
0.36503,0.13807821
0.365035,0.13807821
0.36504,0.13807821
0.36504498,0.13807821
0.36505,0.13807821
0.365055,0.13807821
0.36506,0.13807821
0.36506498,0.13807821
0.36507,0.13807821
0.365075,0.13807821
0.36508,0.13807821
0.36508498,0.13807821
0.36508998,0.13807821
0.365095,0.13807821
0.3651,0.13807821
0.365105,0.13807821
0.36510998,0.13807821
0.365115,0.13807821
0.36512,0.13807821
0.365125,0.13807821
0.36512998,0.13807821
0.36513498,0.13807821
0.36514,0.13807821
0.365145,0.13807821
0.36515,0.13807821
0.36515498,0.13807821
0.36516,0.13807821
0.365165,0.13807821
0.36517,0.13807821
0.36517498,0.13807821
0.36518,0.13807821
0.365185,0.13807821
0.36519,0.13807821
0.36519498,0.13807821
0.36519998,0.13807821
0.365205,0.13807821
0.36521,0.13807821
0.365215,0.13807821
0.36521998,0.13807821
0.365225,0.13807821
0.36523,0.13807821
0.365235,0.13807821
0.36523998,0.13807821
0.36524498,4.437596
0.36525,5.9169993
0.365255,5.9169993
0.36526,5.9169993
0.36526498,5.9169993
0.36527,5.9169993
0.365275,5.9169993
0.36528,5.9169993
0.36528498,5.9169993
0.36529,5.9169993
0.365295,5.9169993
0.3653,5.9169993
0.36530498,5.9169993
0.36530998,5.9169993
0.365315,5.9169993
0.36532,5.9169993
0.365325,5.9169993
0.36532998,5.9169993
0.365335,5.9169993
0.36534,5.9169993
0.365345,5.9169993
0.36534998,5.9169993
0.36535498,5.9169993
0.36536,5.9169993
0.365365,5.9169993
0.36537,5.9169993
0.36537498,5.9169993
0.36538,5.9169993
0.365385,5.9169993
0.36539,5.9169993
0.36539498,5.9169993
0.3654,5.9169993
0.365405,5.9169993
0.36541,5.9169993
0.36541498,5.9169993
0.36541998,5.9169993
0.365425,5.9169993
0.36543,5.9169993
0.365435,5.9169993
0.36543998,5.9169993
0.365445,5.9169993
0.36545,5.9169993
0.365455,5.9169993
0.36545998,5.9169993
0.365465,5.9169993
0.36547,5.9169993
0.365475,5.9169993
0.36547998,5.9169993
0.36548498,5.9169993
0.36549,5.9169993
0.365495,5.9169993
0.3655,5.9169993
0.36550498,5.9169993
0.36551,5.9169993
0.365515,5.9169993
0.36552,5.9169993
0.36552498,5.9169993
0.36552998,5.9169993
0.365535,5.9169993
0.36554,5.9169993
0.365545,5.9169993
0.36554998,5.9169993
0.365555,5.9169993
0.36556,5.9169993
0.365565,5.9169993
0.36556998,5.9169993
0.365575,5.9169993
0.36558,5.9169993
0.365585,5.9169993
0.36558998,5.9169993
0.36559498,5.9169993
0.3656,5.9169993
0.365605,5.9169993
0.36561,5.9169993
0.36561498,5.9169993
0.36562,5.9169993
0.365625,5.9169993
0.36563,5.9169993
0.36563498,5.9169993
0.36563998,5.9169993
0.365645,5.9169993
0.36565,5.9169993
0.365655,5.9169993
0.36565998,5.9169993
0.365665,5.9169993
0.36567,5.9169993
0.365675,5.9169993
0.36567998,5.9169993
0.365685,5.9169993
0.36569,5.9169993
0.365695,5.9169993
0.36569998,5.9169993
0.36570498,5.9169993
0.36571,5.9169993
0.365715,5.9169993
0.36572,5.9169993
0.36572498,5.9169993
0.36573,5.9169993
0.365735,5.9169993
0.36574,5.9169993
0.36574498,5.9169993
0.36574998,5.9169993
0.365755,5.9169993
0.36576,5.9169993
0.365765,5.9169993
0.36576998,5.9169993
0.365775,5.9169993
0.36578,5.9169993
0.365785,5.9169993
0.36578998,5.9169993
0.365795,5.9169993
0.3658,5.9169993
0.365805,5.9169993
0.36580998,5.9169993
0.36581498,5.9169993
0.36582,5.9169993
0.365825,5.9169993
0.36583,5.9169993
0.36583498,5.9169993
0.36584,5.9169993
0.365845,5.9169993
0.36585,5.9169993
0.36585498,5.9169993
0.36586,5.9169993
0.365865,5.9169993
0.36587,5.9169993
0.36587498,5.9169993
0.36587998,5.9169993
0.365885,5.9169993
0.36589,5.9169993
0.365895,5.9169993
0.36589998,5.9169993
0.365905,5.9169993
0.36591,5.9169993
0.365915,5.9169993
0.36591998,5.9169993
0.36592498,5.9169993
0.36593,5.9169993
0.365935,5.9169993
0.36594,5.9169993
0.36594498,5.9169993
0.36595,5.9169993
0.365955,5.9169993
0.36596,5.9169993
0.36596498,5.9169993
0.36597,5.9169993
0.365975,5.9169993
0.36598,5.9169993
0.36598498,5.9169993
0.36598998,5.9169993
0.365995,5.9169993
0.366,5.9169993
0.366005,5.9169993
0.36600998,5.9169993
0.366015,5.9169993
0.36602,5.9169993
0.366025,5.9169993
0.36602998,5.9169993
0.36603498,5.9169993
0.36604,5.9169993
0.366045,5.9169993
0.36605,5.9169993
0.36605498,5.9169993
0.36606,5.9169993
0.366065,5.9169993
0.36607,5.9169993
0.36607498,5.9169993
0.36608,5.9169993
0.366085,5.9169993
0.36609,5.9169993
0.36609498,5.9169993
0.36609998,5.9169993
0.366105,5.9169993
0.36611,5.9169993
0.366115,5.9169993
0.36611998,5.9169993
0.366125,5.9169993
0.36613,5.9169993
0.366135,5.9169993
0.36613998,5.9169993
0.36614498,5.9169993
0.36615,5.9169993
0.366155,5.9169993
0.36616,5.9169993
0.36616498,5.9169993
0.36617,5.9169993
0.366175,5.9169993
0.36618,5.9169993
0.36618498,5.9169993
0.36619,5.9169993
0.366195,5.9169993
0.3662,5.9169993
0.36620498,5.9169993
0.36620998,5.9169993
0.366215,5.9169993
0.36622,5.9169993
0.366225,5.9169993
0.36622998,5.9169993
0.366235,5.9169993
0.36624,5.9169993
0.366245,5.9169993
0.36624998,5.9169993
0.366255,5.9169993
0.36626,5.9169993
0.366265,5.9169993
0.36626998,5.9169993
0.36627498,5.9169993
0.36628,5.9169993
0.366285,5.9169993
0.36629,5.9169993
0.36629498,5.9169993
0.3663,5.9169993
0.366305,5.9169993
0.36631,5.9169993
0.36631498,5.9169993
0.36631998,5.9169993
0.366325,5.9169993
0.36633,5.9169993
0.366335,5.9169993
0.36633998,5.9169993
0.366345,5.9169993
0.36635,5.9169993
0.366355,5.9169993
0.36635998,5.9169993
0.366365,5.9169993
0.36637,5.9169993
0.366375,5.9169993
0.36637998,5.9169993
0.36638498,5.9169993
0.36639,5.9169993
0.366395,5.9169993
0.3664,5.9169993
0.36640498,5.9169993
0.36641,5.9169993
0.366415,5.9169993
0.36642,5.9169993
0.36642498,5.9169993
0.36642998,5.9169993
0.366435,5.9169993
0.36644,5.9169993
0.366445,5.9169993
0.36644998,5.9169993
0.366455,5.9169993
0.36646,5.9169993
0.366465,5.9169993
0.36646998,5.9169993
0.366475,5.9169993
0.36648,5.9169993
0.366485,5.9169993
0.36648998,5.9169993
0.36649498,5.9169993
0.3665,5.9169993
0.366505,5.9169993
0.36651,5.9169993
0.36651498,5.9169993
0.36652,5.9169993
0.366525,5.9169993
0.36653,5.9169993
0.36653498,5.9169993
0.36653998,5.9169993
0.366545,5.9169993
0.36655,5.9169993
0.366555,5.9169993
0.36655998,5.9169993
0.366565,5.9169993
0.36657,5.9169993
0.366575,5.9169993
0.36657998,5.9169993
0.366585,5.9169993
0.36659,5.9169993
0.366595,5.9169993
0.36659998,5.9169993
0.36660498,5.9169993
0.36661,5.9169993
0.366615,5.9169993
0.36662,5.9169993
0.36662498,5.9169993
0.36663,5.9169993
0.366635,5.9169993
0.36664,5.9169993
0.36664498,5.9169993
0.36665,5.9169993
0.366655,5.9169993
0.36666,5.9169993
0.36666498,5.9169993
0.36666998,5.9169993
0.366675,5.9169993
0.36668,5.9169993
0.366685,5.9169993
0.36668998,5.9169993
0.366695,5.9169993
0.3667,5.9169993
0.366705,5.9169993
0.36670998,5.9169993
0.36671498,5.9169993
0.36672,5.9169993
0.366725,5.9169993
0.36673,5.9169993
0.36673498,5.9169993
0.36674,5.9169993
0.366745,5.9169993
0.36675,5.9169993
0.36675498,5.9169993
0.36676,5.9169993
0.366765,5.9169993
0.36677,5.9169993
0.36677498,5.9169993
0.36677998,5.9169993
0.366785,5.9169993
0.36679,5.9169993
0.366795,5.9169993
0.36679998,5.9169993
0.366805,5.9169993
0.36681,5.9169993
0.366815,5.9169993
0.36681998,5.9169993
0.36682498,5.9169993
0.36683,5.9169993
0.366835,5.9169993
0.36684,5.9169993
0.36684498,5.9169993
0.36685,5.9169993
0.366855,5.9169993
0.36686,4.946141
0.36686498,0.3230033
0.36687,0.27677202
0.366875,0.23054075
0.36688,0.23054075
0.36688498,0.23054075
0.36688998,0.184309
0.366895,0.184309
0.3669,0.184309
0.366905,0.184309
0.36690998,0.13807821
0.366915,0.13807821
0.36692,0.13807821
0.366925,0.13807821
0.36692998,0.13807821
0.36693498,0.13807821
0.36694,0.13807821
0.366945,0.13807821
0.36695,0.13807821
0.36695498,0.13807821
0.36696,0.13807821
0.366965,0.13807821
0.36697,0.13807821
0.36697498,0.13807821
0.36698,0.13807821
0.366985,0.13807821
0.36699,0.13807821
0.36699498,0.13807821
0.36699998,0.13807821
0.367005,0.13807821
0.36701,0.13807821
0.367015,0.13807821
0.36701998,0.13807821
0.367025,0.13807821
0.36703,0.13807821
0.367035,0.13807821
0.36703998,0.13807821
0.367045,0.13807821
0.36705,0.13807821
0.367055,0.13807821
0.36705998,0.13807821
0.36706498,0.13807821
0.36707,0.13807821
0.367075,0.13807821
0.36708,0.13807821
0.36708498,0.13807821
0.36709,0.13807821
0.367095,0.13807821
0.3671,0.13807821
0.36710498,0.13807821
0.36710998,0.13807821
0.367115,0.13807821
0.36712,0.13807821
0.367125,0.13807821
0.36712998,0.13807821
0.367135,0.13807821
0.36714,0.13807821
0.367145,0.13807821
0.36714998,0.13807821
0.367155,0.13807821
0.36716,0.13807821
0.367165,0.13807821
0.36716998,0.13807821
0.36717498,0.13807821
0.36718,0.13807821
0.367185,0.13807821
0.36719,0.13807821
0.36719498,0.13807821
0.3672,0.13807821
0.367205,0.13807821
0.36721,0.13807821
0.36721498,0.13807821
0.36721998,0.13807821
0.367225,0.13807821
0.36723,0.13807821
0.367235,0.13807821
0.36723998,0.13807821
0.367245,0.13807821
0.36725,0.13807821
0.367255,0.13807821
0.36725998,0.13807821
0.367265,0.13807821
0.36727,0.13807821
0.367275,0.13807821
0.36727998,0.13807821
0.36728498,0.13807821
0.36729,0.13807821
0.367295,0.13807821
0.3673,0.13807821
0.36730498,0.13807821
0.36731,0.13807821
0.367315,0.13807821
0.36732,0.13807821
0.36732498,0.13807821
0.36732998,0.13807821
0.367335,0.13807821
0.36734,0.13807821
0.367345,0.13807821
0.36734998,0.13807821
0.367355,0.13807821
0.36736,0.13807821
0.367365,0.13807821
0.36736998,0.13807821
0.367375,0.13807821
0.36738,0.13807821
0.367385,0.13807821
0.36738998,0.13807821
0.36739498,0.13807821
0.3674,0.13807821
0.367405,0.13807821
0.36741,0.13807821
0.36741498,0.13807821
0.36742,0.13807821
0.367425,0.13807821
0.36743,0.13807821
0.36743498,0.13807821
0.36744,0.13807821
0.367445,0.46169758
0.36745,5.824537
0.36745498,5.9169993
0.36745998,5.9169993
0.367465,5.9169993
0.36747,5.9169993
0.367475,5.9169993
0.36747998,5.9169993
0.367485,5.9169993
0.36749,5.9169993
0.367495,5.9169993
0.36749998,5.9169993
0.36750498,5.9169993
0.36751,5.9169993
0.367515,5.9169993
0.36752,5.9169993
0.36752498,5.9169993
0.36753,5.9169993
0.367535,5.9169993
0.36754,5.9169993
0.36754498,5.9169993
0.36755,5.9169993
0.367555,5.9169993
0.36756,5.9169993
0.36756498,5.9169993
0.36756998,5.9169993
0.367575,5.9169993
0.36758,5.9169993
0.367585,5.9169993
0.36758998,5.9169993
0.367595,5.9169993
0.3676,5.9169993
0.367605,5.9169993
0.36760998,5.9169993
0.36761498,5.9169993
0.36762,5.9169993
0.367625,5.9169993
0.36763,5.9169993
0.36763498,5.9169993
0.36764,5.9169993
0.367645,5.9169993
0.36765,5.9169993
0.36765498,5.9169993
0.36766,5.9169993
0.367665,5.9169993
0.36767,5.9169993
0.36767498,5.9169993
0.36767998,5.9169993
0.367685,5.9169993
0.36769,5.9169993
0.367695,5.9169993
0.36769998,5.9169993
0.367705,5.9169993
0.36771,5.9169993
0.367715,5.9169993
0.36771998,5.9169993
0.36772498,5.9169993
0.36773,5.9169993
0.367735,5.9169993
0.36774,5.9169993
0.36774498,5.9169993
0.36775,5.9169993
0.367755,5.9169993
0.36776,5.9169993
0.36776498,5.9169993
0.36777,5.9169993
0.367775,5.9169993
0.36778,5.9169993
0.36778498,5.9169993
0.36778998,5.9169993
0.367795,5.9169993
0.3678,5.9169993
0.367805,5.9169993
0.36780998,5.9169993
0.367815,5.9169993
0.36782,5.9169993
0.367825,5.9169993
0.36782998,5.9169993
0.367835,5.9169993
0.36784,5.9169993
0.367845,5.9169993
0.36784998,5.9169993
0.36785498,5.9169993
0.36786,5.9169993
0.367865,5.9169993
0.36787,5.9169993
0.36787498,5.9169993
0.36788,5.9169993
0.367885,5.9169993
0.36789,5.9169993
0.36789498,5.9169993
0.36789998,5.9169993
0.367905,5.9169993
0.36791,5.9169993
0.367915,5.9169993
0.36791998,5.9169993
0.367925,5.9169993
0.36793,5.9169993
0.367935,5.9169993
0.36793998,5.9169993
0.367945,5.9169993
0.36795,5.9169993
0.367955,5.9169993
0.36795998,5.9169993
0.36796498,5.9169993
0.36797,5.9169993
0.367975,5.9169993
0.36798,5.9169993
0.36798498,5.9169993
0.36799,5.9169993
0.367995,5.9169993
0.368,5.9169993
0.36800498,5.9169993
0.36800998,5.9169993
0.368015,5.9169993
0.36802,5.9169993
0.368025,5.9169993
0.36802998,5.9169993
0.368035,5.9169993
0.36804,5.9169993
0.368045,5.9169993
0.36804998,5.9169993
0.368055,5.9169993
0.36806,5.9169993
0.368065,5.9169993
0.36806998,5.9169993
0.36807498,5.9169993
0.36808,5.9169993
0.368085,5.9169993
0.36809,5.9169993
0.36809498,5.9169993
0.3681,5.9169993
0.368105,5.9169993
0.36811,5.9169993
0.36811498,5.9169993
0.36811998,5.9169993
0.368125,5.9169993
0.36813,5.9169993
0.368135,5.9169993
0.36813998,5.9169993
0.368145,5.9169993
0.36815,5.9169993
0.368155,5.9169993
0.36815998,5.9169993
0.368165,5.9169993
0.36817,5.9169993
0.368175,5.9169993
0.36817998,5.9169993
0.36818498,5.9169993
0.36819,5.9169993
0.368195,5.9169993
0.3682,5.9169993
0.36820498,5.9169993
0.36821,5.9169993
0.368215,5.9169993
0.36822,5.9169993
0.36822498,5.9169993
0.36823,5.9169993
0.368235,5.9169993
0.36824,5.9169993
0.36824498,5.9169993
0.36824998,5.9169993
0.368255,5.9169993
0.36826,5.9169993
0.368265,5.9169993
0.36826998,5.9169993
0.368275,5.9169993
0.36828,5.9169993
0.368285,5.9169993
0.36828998,5.9169993
0.36829498,5.9169993
0.3683,5.9169993
0.368305,5.9169993
0.36831,5.9169993
0.36831498,5.9169993
0.36832,5.9169993
0.368325,5.9169993
0.36833,5.9169993
0.36833498,5.9169993
0.36834,5.9169993
0.368345,5.9169993
0.36835,5.9169993
0.36835498,5.9169993
0.36835998,5.9169993
0.368365,5.9169993
0.36837,5.9169993
0.368375,5.9169993
0.36837998,5.9169993
0.368385,5.9169993
0.36839,5.9169993
0.368395,5.9169993
0.36839998,5.9169993
0.36840498,5.9169993
0.36841,5.9169993
0.368415,5.9169993
0.36842,5.9169993
0.36842498,5.9169993
0.36843,5.9169993
0.368435,5.9169993
0.36844,5.9169993
0.36844498,5.9169993
0.36845,5.9169993
0.368455,5.9169993
0.36846,5.9169993
0.36846498,5.9169993
0.36846998,5.9169993
0.368475,5.9169993
0.36848,5.9169993
0.368485,5.9169993
0.36848998,5.9169993
0.368495,5.9169993
0.3685,5.9169993
0.368505,5.9169993
0.36850998,5.9169993
0.36851498,5.9169993
0.36852,5.9169993
0.368525,5.9169993
0.36853,5.9169993
0.36853498,5.9169993
0.36854,5.9169993
0.368545,5.9169993
0.36855,5.9169993
0.36855498,5.9169993
0.36856,5.9169993
0.368565,5.9169993
0.36857,5.9169993
0.36857498,5.9169993
0.36857998,5.9169993
0.368585,5.9169993
0.36859,5.9169993
0.368595,5.9169993
0.36859998,5.9169993
0.368605,5.9169993
0.36861,5.9169993
0.368615,5.9169993
0.36861998,5.9169993
0.368625,5.9169993
0.36863,5.9169993
0.368635,5.9169993
0.36864,5.9169993
0.36864498,5.9169993
0.36865,5.9169993
0.368655,5.9169993
0.36866,5.9169993
0.36866498,5.9169993
0.36867,5.9169993
0.368675,5.9169993
0.36868,5.9169993
0.36868498,5.9169993
0.36868998,5.9169993
0.368695,5.9169993
0.3687,5.9169993
0.368705,5.9169993
0.36870998,5.9169993
0.368715,5.9169993
0.36872,5.9169993
0.368725,5.9169993
0.36872998,5.9169993
0.368735,5.9169993
0.36874,5.9169993
0.368745,5.9169993
0.36874998,5.9169993
0.36875498,5.9169993
0.36876,5.9169993
0.368765,5.9169993
0.36877,5.9169993
0.36877498,5.9169993
0.36878,5.9169993
0.368785,5.9169993
0.36879,5.9169993
0.36879498,5.9169993
0.36879998,5.9169993
0.368805,5.9169993
0.36881,5.9169993
0.368815,5.9169993
0.36881998,5.9169993
0.368825,5.9169993
0.36883,5.9169993
0.368835,5.9169993
0.36883998,5.9169993
0.368845,5.9169993
0.36885,5.9169993
0.368855,5.9169993
0.36885998,5.9169993
0.36886498,5.9169993
0.36887,5.9169993
0.368875,5.9169993
0.36888,5.9169993
0.36888498,5.9169993
0.36889,5.9169993
0.368895,5.9169993
0.3689,5.9169993
0.36890498,5.9169993
0.36890998,5.9169993
0.368915,5.9169993
0.36892,5.9169993
0.368925,5.9169993
0.36892998,5.9169993
0.368935,5.9169993
0.36894,5.9169993
0.368945,5.9169993
0.36894998,5.9169993
0.368955,5.9169993
0.36896,5.9169993
0.368965,5.9169993
0.36896998,5.9169993
0.36897498,5.9169993
0.36898,5.9169993
0.368985,5.9169993
0.36899,5.9169993
0.36899498,5.9169993
0.369,5.9169993
0.369005,5.9169993
0.36901,5.9169993
0.36901498,5.9169993
0.36902,5.9169993
0.369025,5.9169993
0.36903,5.9169993
0.369035,5.9169993
0.36903998,5.9169993
0.369045,5.9169993
0.36905,5.9169993
0.369055,5.9169993
0.36905998,5.9169993
0.369065,5.9169993
0.36907,5.9169993
0.369075,5.9169993
0.36907998,5.9169993
0.36908498,5.9169993
0.36909,0.64662313
0.369095,0.27677202
0.3691,0.27677202
0.36910498,0.23054075
0.36911,0.23054075
0.369115,0.184309
0.36912,0.184309
0.36912498,0.184309
0.36913,0.184309
0.369135,0.13807821
0.36914,0.13807821
0.36914498,0.13807821
0.36914998,0.13807821
0.369155,0.13807821
0.36916,0.13807821
0.369165,0.13807821
0.36916998,0.13807821
0.369175,0.13807821
0.36918,0.13807821
0.369185,0.13807821
0.36918998,0.13807821
0.36919498,0.13807821
0.3692,0.13807821
0.369205,0.13807821
0.36921,0.13807821
0.36921498,0.13807821
0.36922,0.13807821
0.369225,0.13807821
0.36923,0.13807821
0.36923498,0.13807821
0.36924,0.13807821
0.369245,0.13807821
0.36925,0.13807821
0.36925498,0.13807821
0.36925998,0.13807821
0.369265,0.13807821
0.36927,0.13807821
0.369275,0.13807821
0.36927998,0.13807821
0.369285,0.13807821
0.36929,0.13807821
0.369295,0.13807821
0.36929998,0.13807821
0.36930498,0.13807821
0.36931,0.13807821
0.369315,0.13807821
0.36932,0.13807821
0.36932498,0.13807821
0.36933,0.13807821
0.369335,0.13807821
0.36934,0.13807821
0.36934498,0.13807821
0.36935,0.13807821
0.369355,0.13807821
0.36936,0.13807821
0.36936498,0.13807821
0.36936998,0.13807821
0.369375,0.13807821
0.36938,0.13807821
0.369385,0.13807821
0.36938998,0.13807821
0.369395,0.13807821
0.3694,0.13807821
0.369405,0.13807821
0.36940998,0.13807821
0.369415,0.13807821
0.36942,0.13807821
0.369425,0.13807821
0.36943,0.13807821
0.36943498,0.13807821
0.36944,0.13807821
0.369445,0.13807821
0.36945,0.13807821
0.36945498,0.13807821
0.36946,0.13807821
0.369465,0.13807821
0.36947,0.13807821
0.36947498,0.13807821
0.36947998,0.13807821
0.369485,0.13807821
0.36949,0.13807821
0.369495,0.13807821
0.36949998,0.13807821
0.369505,0.13807821
0.36951,0.13807821
0.369515,0.13807821
0.36951998,0.13807821
0.369525,0.13807821
0.36953,0.13807821
0.369535,0.13807821
0.36953998,0.13807821
0.36954498,0.13807821
0.36955,0.13807821
0.369555,0.13807821
0.36956,0.13807821
0.36956498,0.13807821
0.36957,0.13807821
0.369575,0.13807821
0.36958,0.13807821
0.36958498,0.13807821
0.36958998,0.13807821
0.369595,0.13807821
0.3696,0.13807821
0.369605,0.13807821
0.36960998,0.13807821
0.369615,0.13807821
0.36962,0.13807821
0.369625,0.13807821
0.36962998,0.13807821
0.369635,0.13807821
0.36964,0.13807821
0.369645,0.13807821
0.36964998,0.13807821
0.36965498,0.13807821
0.36966,0.13807821
0.369665,0.13807821
0.36967,0.13807821
0.36967498,0.13807821
0.36968,0.13807821
0.369685,0.13807821
0.36969,0.13807821
0.36969498,0.13807821
0.36969998,0.13807821
0.369705,0.13807821
0.36971,0.13807821
0.369715,0.13807821
0.36971998,0.13807821
0.369725,0.13807821
0.36973,0.13807821
0.369735,0.13807821
0.36973998,0.13807821
0.369745,0.13807821
0.36975,0.13807821
0.369755,3.3742738
0.36975998,5.9169993
0.36976498,5.9169993
0.36977,5.9169993
0.369775,5.9169993
0.36978,5.9169993
0.36978498,5.9169993
0.36979,5.9169993
0.369795,5.9169993
0.3698,5.9169993
0.36980498,5.9169993
0.36981,5.9169993
0.369815,5.9169993
0.36982,5.9169993
0.369825,5.9169993
0.36982998,5.9169993
0.369835,5.9169993
0.36984,5.9169993
0.369845,5.9169993
0.36984998,5.9169993
0.369855,5.9169993
0.36986,5.9169993
0.369865,5.9169993
0.36986998,5.9169993
0.36987498,5.9169993
0.36988,5.9169993
0.369885,5.9169993
0.36989,5.9169993
0.36989498,5.9169993
0.3699,5.9169993
0.369905,5.9169993
0.36991,5.9169993
0.36991498,5.9169993
0.36992,5.9169993
0.369925,5.9169993
0.36993,5.9169993
0.36993498,5.9169993
0.36993998,5.9169993
0.369945,5.9169993
0.36995,5.9169993
0.369955,5.9169993
0.36995998,5.9169993
0.369965,5.9169993
0.36997,5.9169993
0.369975,5.9169993
0.36997998,5.9169993
0.36998498,5.9169993
0.36999,5.9169993
0.369995,5.9169993
0.37,5.9169993
0.37000498,5.9169993
0.37001,5.9169993
0.370015,5.9169993
0.37002,5.9169993
0.37002498,5.9169993
0.37003,5.9169993
0.370035,5.9169993
0.37004,5.9169993
0.37004498,5.9169993
0.37004998,5.9169993
0.370055,5.9169993
0.37006,5.9169993
0.370065,5.9169993
0.37006998,5.9169993
0.370075,5.9169993
0.37008,5.9169993
0.370085,5.9169993
0.37008998,5.9169993
0.37009498,5.9169993
0.3701,5.9169993
0.370105,5.9169993
0.37011,5.9169993
0.37011498,5.9169993
0.37012,5.9169993
0.370125,5.9169993
0.37013,5.9169993
0.37013498,5.9169993
0.37014,5.9169993
0.370145,5.9169993
0.37015,5.9169993
0.37015498,5.9169993
0.37015998,5.9169993
0.370165,5.9169993
0.37017,5.9169993
0.370175,5.9169993
0.37017998,5.9169993
0.370185,5.9169993
0.37019,5.9169993
0.370195,5.9169993
0.37019998,5.9169993
0.370205,5.9169993
0.37021,5.9169993
0.370215,5.9169993
0.37022,5.9169993
0.37022498,0.3230033
0.37023,0.27677202
0.370235,0.27677202
0.37024,0.23054075
0.37024498,0.23054075
0.37025,0.184309
0.370255,0.184309
0.37026,0.184309
0.37026498,0.184309
0.37026998,0.13807821
0.370275,0.13807821
0.37028,0.13807821
0.370285,0.13807821
0.37028998,0.13807821
0.370295,0.13807821
0.3703,0.13807821
0.370305,0.13807821
0.37030998,0.13807821
0.370315,0.13807821
0.37032,0.13807821
0.370325,0.13807821
0.37032998,0.13807821
0.37033498,0.13807821
0.37034,0.13807821
0.370345,0.13807821
0.37035,0.13807821
0.37035498,0.13807821
0.37036,0.13807821
0.370365,0.13807821
0.37037,0.13807821
0.37037498,0.13807821
0.37037998,0.13807821
0.370385,0.13807821
0.37039,0.13807821
0.370395,0.13807821
0.37039998,0.13807821
0.370405,0.13807821
0.37041,0.13807821
0.370415,0.13807821
0.37041998,0.13807821
0.370425,0.13807821
0.37043,0.13807821
0.370435,0.13807821
0.37043998,0.13807821
0.37044498,0.13807821
0.37045,0.13807821
0.370455,0.13807821
0.37046,0.13807821
0.37046498,0.13807821
0.37047,0.13807821
0.370475,0.13807821
0.37048,0.13807821
0.37048498,0.13807821
0.37048998,0.13807821
0.370495,0.13807821
0.3705,0.13807821
0.370505,0.13807821
0.37050998,0.13807821
0.370515,0.13807821
0.37052,0.13807821
0.370525,0.13807821
0.37052998,0.13807821
0.370535,0.13807821
0.37054,0.13807821
0.370545,0.13807821
0.37054998,0.13807821
0.37055498,0.13807821
0.37056,0.13807821
0.370565,0.13807821
0.37057,0.13807821
0.37057498,0.13807821
0.37058,0.13807821
0.370585,0.13807821
0.37059,0.13807821
0.37059498,0.13807821
0.3706,0.13807821
0.370605,0.13807821
0.37061,0.13807821
0.370615,0.13807821
0.37061998,0.13807821
0.370625,0.13807821
0.37063,0.13807821
0.370635,0.13807821
0.37063998,0.13807821
0.370645,0.13807821
0.37065,0.13807821
0.370655,0.13807821
0.37065998,0.13807821
0.37066498,0.13807821
0.37067,0.13807821
0.370675,0.13807821
0.37068,0.13807821
0.37068498,0.13807821
0.37069,0.13807821
0.370695,0.13807821
0.3707,0.13807821
0.37070498,0.13807821
0.37071,0.13807821
0.370715,0.13807821
0.37072,0.13807821
0.37072498,0.13807821
0.37072998,0.13807821
0.370735,0.13807821
0.37074,0.13807821
0.370745,0.13807821
0.37074998,0.13807821
0.370755,0.13807821
0.37076,0.13807821
0.370765,0.13807821
0.37076998,0.13807821
0.37077498,0.13807821
0.37078,0.13807821
0.370785,0.13807821
0.37079,0.13807821
0.37079498,0.13807821
0.3708,0.13807821
0.370805,0.13807821
0.37081,0.13807821
0.37081498,0.13807821
0.37082,0.13807821
0.370825,0.13807821
0.37083,0.13807821
0.37083498,0.13807821
0.37083998,0.13807821
0.370845,0.13807821
0.37085,0.13807821
0.370855,0.13807821
0.37085998,0.13807821
0.370865,0.13807821
0.37087,0.13807821
0.370875,0.13807821
0.37087998,0.13807821
0.37088498,0.13807821
0.37089,0.13807821
0.370895,0.13807821
0.3709,0.13807821
0.37090498,0.13807821
0.37091,0.13807821
0.370915,0.13807821
0.37092,0.13807821
0.37092498,1.2013993
0.37093,5.870768
0.370935,5.9169993
0.37094,5.9169993
0.37094498,5.9169993
0.37094998,5.9169993
0.370955,5.9169993
0.37096,5.9169993
0.370965,5.9169993
0.37096998,5.9169993
0.370975,5.9169993
0.37098,5.9169993
0.370985,5.9169993
0.37098998,5.9169993
0.370995,5.9169993
0.371,5.9169993
0.371005,5.9169993
0.37101,5.9169993
0.37101498,5.9169993
0.37102,5.9169993
0.371025,5.9169993
0.37103,5.9169993
0.37103498,5.9169993
0.37104,5.9169993
0.371045,5.9169993
0.37105,5.9169993
0.37105498,5.9169993
0.37105998,5.9169993
0.371065,5.9169993
0.37107,5.9169993
0.371075,5.9169993
0.37107998,5.9169993
0.371085,5.9169993
0.37109,5.9169993
0.371095,5.9169993
0.37109998,5.9169993
0.371105,5.9169993
0.37111,5.9169993
0.371115,5.9169993
0.37111998,5.9169993
0.37112498,5.9169993
0.37113,5.9169993
0.371135,5.9169993
0.37114,5.9169993
0.37114498,5.9169993
0.37115,5.9169993
0.371155,5.9169993
0.37116,5.9169993
0.37116498,5.9169993
0.37116998,5.9169993
0.371175,5.9169993
0.37118,5.9169993
0.371185,5.9169993
0.37118998,5.9169993
0.371195,5.9169993
0.3712,5.9169993
0.371205,5.9169993
0.37120998,5.9169993
0.371215,5.9169993
0.37122,5.9169993
0.371225,5.9169993
0.37122998,5.9169993
0.37123498,5.9169993
0.37124,5.9169993
0.371245,5.9169993
0.37125,5.9169993
0.37125498,5.9169993
0.37126,5.9169993
0.371265,5.9169993
0.37127,5.9169993
0.37127498,5.9169993
0.37127998,5.9169993
0.371285,5.9169993
0.37129,5.9169993
0.371295,5.9169993
0.37129998,5.9169993
0.371305,5.9169993
0.37131,5.9169993
0.371315,5.9169993
0.37131998,0.23054075
0.371325,0.27677202
0.37133,0.27677202
0.371335,0.23054075
0.37133998,0.23054075
0.37134498,0.184309
0.37135,0.184309
0.371355,0.184309
0.37136,0.184309
0.37136498,0.184309
0.37137,0.13807821
0.371375,0.13807821
0.37138,0.13807821
0.37138498,0.13807821
0.37138999,0.13807821
0.371395,0.13807821
0.3714,0.13807821
0.371405,0.13807821
0.37140998,0.13807821
0.371415,0.13807821
0.37142,0.13807821
0.371425,0.13807821
0.37142998,0.13807821
0.371435,0.13807821
0.37144,0.13807821
0.371445,0.13807821
0.37144998,0.13807821
0.37145498,0.13807821
0.37146,0.13807821
0.371465,0.13807821
0.37147,0.13807821
0.37147498,0.13807821
0.37148,0.13807821
0.371485,0.13807821
0.37149,0.13807821
0.37149498,0.13807821
0.3715,0.13807821
0.371505,0.13807821
0.37151,0.13807821
0.37151498,0.13807821
0.37151998,0.13807821
0.371525,0.13807821
0.37153,0.13807821
0.371535,0.13807821
0.37153998,0.13807821
0.371545,0.13807821
0.37155,0.13807821
0.371555,0.13807821
0.37155998,0.13807821
0.37156498,0.13807821
0.37157,0.13807821
0.371575,0.13807821
0.37158,0.13807821
0.37158498,0.13807821
0.37159,0.13807821
0.371595,0.13807821
0.3716,0.13807821
0.37160498,0.13807821
0.37161,0.13807821
0.371615,0.13807821
0.37162,0.13807821
0.37162498,0.13807821
0.37162998,0.13807821
0.371635,0.13807821
0.37164,0.13807821
0.371645,0.13807821
0.37164998,0.13807821
0.371655,0.13807821
0.37166,0.13807821
0.371665,0.13807821
0.37166998,0.13807821
0.37167498,0.13807821
0.37168,0.13807821
0.371685,0.13807821
0.37169,0.13807821
0.37169498,0.13807821
0.3717,0.13807821
0.371705,0.13807821
0.37171,0.13807821
0.37171498,0.13807821
0.37172,0.13807821
0.371725,0.13807821
0.37173,0.13807821
0.37173498,0.13807821
0.37173998,0.13807821
0.371745,0.13807821
0.37175,0.13807821
0.371755,0.13807821
0.37175998,0.13807821
0.371765,0.13807821
0.37177,0.13807821
0.371775,0.13807821
0.37177998,0.13807821
0.37178499,0.13807821
0.37179,0.13807821
0.371795,0.13807821
0.3718,0.13807821
0.37180498,0.13807821
0.37181,0.13807821
0.371815,0.13807821
0.37182,0.13807821
0.37182498,0.13807821
0.37183,0.13807821
0.371835,0.13807821
0.37184,0.13807821
0.37184498,0.13807821
0.37184998,0.13807821
0.371855,0.13807821
0.37186,0.13807821
0.371865,0.13807821
0.37186998,0.13807821
0.371875,0.13807821
0.37188,0.13807821
0.371885,0.13807821
0.37188998,0.13807821
0.371895,0.13807821
0.3719,0.13807821
0.371905,0.13807821
0.37190998,0.13807821
0.37191498,0.13807821
0.37192,0.13807821
0.371925,0.13807821
0.37193,0.13807821
0.37193498,0.13807821
0.37194,0.13807821
0.371945,0.13807821
0.37195,0.13807821
0.37195498,0.13807821
0.37195998,0.13807821
0.371965,0.13807821
0.37197,0.13807821
0.371975,0.13807821
0.37197998,0.13807821
0.371985,2.4958777
0.37199,5.870768
0.371995,5.9169993
0.37199998,5.9169993
0.372005,5.9169993
0.37201,5.9169993
0.372015,5.9169993
0.37201998,5.9169993
0.37202498,5.9169993
0.37203,5.9169993
0.372035,5.9169993
0.37204,5.9169993
0.37204498,5.9169993
0.37205,5.9169993
0.372055,5.9169993
0.37206,5.9169993
0.37206498,5.9169993
0.37206998,5.9169993
0.372075,5.9169993
0.37208,5.9169993
0.372085,5.9169993
0.37208998,5.9169993
0.372095,5.9169993
0.3721,5.9169993
0.372105,5.9169993
0.37210998,5.9169993
0.372115,5.9169993
0.37212,5.9169993
0.372125,5.9169993
0.37212998,5.9169993
0.37213498,5.9169993
0.37214,5.9169993
0.372145,5.9169993
0.37215,5.9169993
0.37215498,5.9169993
0.37216,5.9169993
0.372165,5.9169993
0.37217,5.9169993
0.37217498,5.9169993
0.37217999,5.9169993
0.372185,5.9169993
0.37219,5.9169993
0.372195,5.9169993
0.37219998,5.9169993
0.372205,5.9169993
0.37221,5.9169993
0.372215,5.9169993
0.37221998,5.9169993
0.372225,5.9169993
0.37223,5.9169993
0.372235,5.9169993
0.37223998,5.9169993
0.37224498,5.9169993
0.37225,5.9169993
0.372255,5.9169993
0.37226,5.9169993
0.37226498,5.9169993
0.37227,5.9169993
0.372275,5.9169993
0.37228,5.9169993
0.37228498,5.9169993
0.37229,5.9169993
0.372295,5.9169993
0.3723,5.9169993
0.37230498,5.9169993
0.37230998,5.9169993
0.372315,5.9169993
0.37232,5.9169993
0.372325,5.9169993
0.37232998,5.9169993
0.372335,5.9169993
0.37234,5.9169993
0.372345,5.9169993
0.37234998,5.9169993
0.37235498,5.9169993
0.37236,5.9169993
0.372365,5.9169993
0.37237,5.9169993
0.37237498,5.9169993
0.37238,5.9169993
0.372385,5.9169993
0.37239,5.9169993
0.37239498,5.9169993
0.3724,5.9169993
0.372405,5.9169993
0.37241,5.9169993
0.37241498,5.9169993
0.37241998,5.9169993
0.372425,5.9169993
0.37243,5.9169993
0.372435,5.9169993
0.37243998,5.9169993
0.372445,5.9169993
0.37245,5.9169993
0.372455,5.9169993
0.37245998,5.9169993
0.37246498,2.7732663
0.37247,0.3230033
0.372475,0.27677202
0.37248,0.23054075
0.37248498,0.23054075
0.37249,0.184309
0.372495,0.184309
0.3725,0.184309
0.37250498,0.184309
0.37251,0.184309
0.372515,0.13807821
0.37252,0.13807821
0.37252498,0.13807821
0.37252998,0.13807821
0.372535,0.13807821
0.37254,0.13807821
0.372545,0.13807821
0.37254998,0.13807821
0.372555,0.13807821
0.37256,0.13807821
0.372565,0.13807821
0.37256998,0.13807821
0.37257499,0.13807821
0.37258,0.13807821
0.372585,0.13807821
0.37259,0.13807821
0.37259498,0.13807821
0.3726,0.13807821
0.372605,0.13807821
0.37261,0.13807821
0.37261498,0.13807821
0.37262,0.13807821
0.372625,0.13807821
0.37263,0.13807821
0.37263498,0.13807821
0.37263998,0.13807821
0.372645,0.13807821
0.37265,0.13807821
0.372655,0.13807821
0.37265998,0.13807821
0.372665,0.13807821
0.37267,0.13807821
0.372675,0.13807821
0.37267998,0.13807821
0.372685,0.13807821
0.37269,0.13807821
0.372695,0.13807821
0.37269998,0.13807821
0.37270498,0.13807821
0.37271,0.13807821
0.372715,0.13807821
0.37272,0.13807821
0.37272498,0.13807821
0.37273,0.13807821
0.372735,0.13807821
0.37274,0.13807821
0.37274498,0.13807821
0.37274998,0.13807821
0.372755,0.13807821
0.37276,0.13807821
0.372765,0.13807821
0.37276998,0.13807821
0.372775,0.13807821
0.37278,0.13807821
0.372785,0.13807821
0.37278998,0.13807821
0.372795,0.13807821
0.3728,0.13807821
0.372805,0.13807821
0.37280998,0.13807821
0.37281498,0.13807821
0.37282,0.13807821
0.372825,0.13807821
0.37283,0.13807821
0.37283498,0.13807821
0.37284,0.13807821
0.372845,0.13807821
0.37285,0.13807821
0.37285498,0.13807821
0.37285998,0.13807821
0.372865,0.13807821
0.37287,0.13807821
0.372875,0.13807821
0.37287998,0.13807821
0.372885,0.13807821
0.37289,0.13807821
0.372895,0.13807821
0.37289998,0.13807821
0.372905,0.13807821
0.37291,0.13807821
0.372915,0.13807821
0.37291998,0.13807821
0.37292498,0.13807821
0.37293,0.13807821
0.372935,0.13807821
0.37294,0.13807821
0.37294498,0.13807821
0.37295,0.13807821
0.372955,0.13807821
0.37296,0.13807821
0.37296498,0.13807821
0.37296999,0.13807821
0.372975,0.13807821
0.37298,0.13807821
0.372985,0.13807821
0.37298998,0.13807821
0.372995,0.13807821
0.373,0.13807821
0.373005,0.13807821
0.37300998,0.13807821
0.373015,0.13807821
0.37302,0.13807821
0.373025,0.13807821
0.37302998,0.13807821
0.37303498,0.13807821
0.37304,0.13807821
0.373045,0.13807821
0.37305,0.13807821
0.37305498,0.13807821
0.37306,0.13807821
0.373065,0.13807821
0.37307,0.13807821
0.37307498,0.13807821
0.37308,0.13807821
0.373085,0.13807821
0.37309,0.13807821
0.37309498,0.13807821
0.37309998,0.13807821
0.373105,0.13807821
0.37311,0.13807821
0.373115,0.13807821
0.37311998,0.13807821
0.373125,0.13807821
0.37313,0.13807821
0.373135,0.13807821
0.37313998,0.13807821
0.37314498,0.13807821
0.37315,0.13807821
0.373155,0.13807821
0.37316,0.13807821
0.37316498,0.13807821
0.37317,0.13807821
0.373175,0.13807821
0.37318,0.13807821
0.37318498,0.13807821
0.37319,0.64662313
0.373195,5.824537
0.3732,5.9169993
0.37320498,5.9169993
0.37320998,5.9169993
0.373215,5.9169993
0.37322,5.9169993
0.373225,5.9169993
0.37322998,5.9169993
0.373235,5.9169993
0.37324,5.9169993
0.373245,5.9169993
0.37324998,5.9169993
0.37325498,5.9169993
0.37326,5.9169993
0.373265,5.9169993
0.37327,5.9169993
0.37327498,5.9169993
0.37328,5.9169993
0.373285,5.9169993
0.37329,5.9169993
0.37329498,5.9169993
0.3733,5.9169993
0.373305,5.9169993
0.37331,5.9169993
0.37331498,5.9169993
0.37331998,5.9169993
0.373325,5.9169993
0.37333,5.9169993
0.373335,5.9169993
0.37333998,5.9169993
0.373345,5.9169993
0.37335,5.9169993
0.373355,5.9169993
0.37335998,5.9169993
0.37336498,5.9169993
0.37337,5.9169993
0.373375,5.9169993
0.37338,5.9169993
0.37338498,5.9169993
0.37339,5.9169993
0.373395,5.9169993
0.3734,5.9169993
0.37340498,5.9169993
0.37341,5.9169993
0.373415,5.9169993
0.37342,5.9169993
0.37342498,5.9169993
0.37342998,5.9169993
0.373435,5.9169993
0.37344,5.9169993
0.373445,5.9169993
0.37344998,5.9169993
0.373455,5.9169993
0.37346,5.9169993
0.373465,5.9169993
0.37346998,5.9169993
0.373475,5.9169993
0.37348,5.9169993
0.373485,5.9169993
0.37348998,5.9169993
0.37349498,5.9169993
0.3735,5.9169993
0.373505,5.9169993
0.37351,5.9169993
0.37351498,5.9169993
0.37352,5.9169993
0.373525,5.9169993
0.37353,5.9169993
0.37353498,5.9169993
0.37353998,5.9169993
0.373545,5.9169993
0.37355,5.9169993
0.373555,5.9169993
0.37355998,5.9169993
0.373565,5.9169993
0.37357,0.5541601
0.373575,0.27677202
0.37357998,0.27677202
0.373585,0.23054075
0.37359,0.23054075
0.373595,0.184309
0.37359998,0.184309
0.37360498,0.184309
0.37361,0.184309
0.373615,0.13807821
0.37362,0.13807821
0.37362498,0.13807821
0.37363,0.13807821
0.373635,0.13807821
0.37364,0.13807821
0.37364498,0.13807821
0.37364998,0.13807821
0.373655,0.13807821
0.37366,0.13807821
0.373665,0.13807821
0.37366998,0.13807821
0.373675,0.13807821
0.37368,0.13807821
0.373685,0.13807821
0.37368998,0.13807821
0.373695,0.13807821
0.3737,0.13807821
0.373705,0.13807821
0.37370998,0.13807821
0.37371498,0.13807821
0.37372,0.13807821
0.373725,0.13807821
0.37373,0.13807821
0.37373498,0.13807821
0.37374,0.13807821
0.373745,0.13807821
0.37375,0.13807821
0.37375498,0.13807821
0.37375998,0.13807821
0.373765,0.13807821
0.37377,0.13807821
0.373775,0.13807821
0.37377998,0.13807821
0.373785,0.13807821
0.37379,0.13807821
0.373795,0.13807821
0.37379998,0.13807821
0.373805,0.13807821
0.37381,0.13807821
0.373815,0.13807821
0.37381998,0.13807821
0.37382498,0.13807821
0.37383,0.13807821
0.373835,0.13807821
0.37384,0.13807821
0.37384498,0.13807821
0.37385,0.13807821
0.373855,0.13807821
0.37386,0.13807821
0.37386498,0.13807821
0.37387,0.13807821
0.373875,0.13807821
0.37388,0.13807821
0.37388498,0.13807821
0.37388998,0.13807821
0.373895,0.13807821
0.3739,0.13807821
0.373905,0.13807821
0.37390998,0.13807821
0.373915,0.13807821
0.37392,0.13807821
0.373925,0.13807821
0.37392998,0.13807821
0.37393498,0.13807821
0.37394,0.13807821
0.373945,0.13807821
0.37395,0.13807821
0.37395498,0.13807821
0.37396,0.13807821
0.373965,0.13807821
0.37397,0.13807821
0.37397498,0.13807821
0.37398,0.13807821
0.373985,0.13807821
0.37399,0.13807821
0.37399498,0.13807821
0.37399998,0.13807821
0.374005,0.13807821
0.37401,0.13807821
0.374015,0.13807821
0.37401998,0.13807821
0.374025,0.13807821
0.37403,0.13807821
0.374035,0.13807821
0.37403998,0.13807821
0.37404498,0.13807821
0.37405,0.13807821
0.374055,0.13807821
0.37406,0.13807821
0.37406498,0.13807821
0.37407,0.13807821
0.374075,0.13807821
0.37408,0.13807821
0.37408498,0.13807821
0.37409,0.13807821
0.374095,0.13807821
0.3741,0.13807821
0.37410498,0.13807821
0.37410998,0.13807821
0.374115,0.13807821
0.37412,0.13807821
0.374125,0.13807821
0.37412998,0.13807821
0.374135,0.13807821
0.37414,0.13807821
0.374145,0.13807821
0.37414998,0.13807821
0.37415498,0.13807821
0.37416,0.13807821
0.374165,0.13807821
0.37417,0.13807821
0.37417498,0.13807821
0.37418,0.13807821
0.374185,0.13807821
0.37419,0.13807821
0.37419498,0.13807821
0.3742,0.13807821
0.374205,0.13807821
0.37421,0.13807821
0.37421498,0.13807821
0.37421998,0.13807821
0.374225,0.13807821
0.37423,4.992371
0.374235,5.9169993
0.37423998,5.9169993
0.374245,5.9169993
0.37425,5.9169993
0.374255,5.9169993
0.37425998,5.9169993
0.374265,5.9169993
0.37427,5.9169993
0.374275,5.9169993
0.37427998,5.9169993
0.37428498,5.9169993
0.37429,5.9169993
0.374295,5.9169993
0.3743,5.9169993
0.37430498,5.9169993
0.37431,5.9169993
0.374315,5.9169993
0.37432,5.9169993
0.37432498,5.9169993
0.37432998,5.9169993
0.374335,5.9169993
0.37434,5.9169993
0.374345,5.9169993
0.37434998,5.9169993
0.374355,5.9169993
0.37436,5.9169993
0.374365,5.9169993
0.37436998,5.9169993
0.374375,5.9169993
0.37438,5.9169993
0.374385,5.9169993
0.37438998,5.9169993
0.37439498,5.9169993
0.3744,5.9169993
0.374405,5.9169993
0.37441,5.9169993
0.37441498,5.9169993
0.37442,5.9169993
0.374425,5.9169993
0.37443,5.9169993
0.37443498,5.9169993
0.37443998,5.9169993
0.374445,5.9169993
0.37445,5.9169993
0.374455,5.9169993
0.37445998,5.9169993
0.374465,5.9169993
0.37447,5.9169993
0.374475,5.9169993
0.37447998,5.9169993
0.374485,5.9169993
0.37449,5.9169993
0.374495,5.9169993
0.37449998,5.9169993
0.37450498,5.9169993
0.37451,5.9169993
0.374515,5.9169993
0.37452,5.9169993
0.37452498,5.9169993
0.37453,5.9169993
0.374535,5.9169993
0.37454,5.9169993
0.37454498,5.9169993
0.37454998,5.9169993
0.374555,5.9169993
0.37456,5.9169993
0.374565,5.9169993
0.37456998,5.9169993
0.374575,5.9169993
0.37458,5.9169993
0.374585,5.9169993
0.37458998,5.9169993
0.374595,5.9169993
0.3746,5.9169993
0.374605,5.9169993
0.37460998,5.9169993
0.37461498,5.9169993
0.37462,5.9169993
0.374625,5.9169993
0.37463,5.9169993
0.37463498,5.9169993
0.37464,5.9169993
0.374645,5.9169993
0.37465,5.9169993
0.37465498,5.9169993
0.37466,5.9169993
0.374665,5.9169993
0.37467,5.9169993
0.37467498,5.9169993
0.37467998,5.9169993
0.374685,5.9169993
0.37469,5.9169993
0.374695,3.5129685
0.37469998,0.3230033
0.374705,0.27677202
0.37471,0.23054075
0.374715,0.23054075
0.37471998,0.184309
0.37472498,0.184309
0.37473,0.184309
0.374735,0.184309
0.37474,0.184309
0.37474498,0.13807821
0.37475,0.13807821
0.374755,0.13807821
0.37476,0.13807821
0.37476498,0.13807821
0.37477,0.13807821
0.374775,0.13807821
0.37478,0.13807821
0.37478498,0.13807821
0.37478998,0.13807821
0.374795,0.13807821
0.3748,0.13807821
0.374805,0.13807821
0.37480998,0.13807821
0.374815,0.13807821
0.37482,0.13807821
0.374825,0.13807821
0.37482998,0.13807821
0.37483498,0.13807821
0.37484,0.13807821
0.374845,0.13807821
0.37485,0.13807821
0.37485498,0.13807821
0.37486,0.13807821
0.374865,0.13807821
0.37487,0.13807821
0.37487498,0.13807821
0.37488,0.13807821
0.374885,0.13807821
0.37489,0.13807821
0.37489498,0.13807821
0.37489998,0.13807821
0.374905,0.13807821
0.37491,0.13807821
0.374915,0.13807821
0.37491998,0.13807821
0.374925,0.13807821
0.37493,0.13807821
0.374935,0.13807821
0.37493998,0.13807821
0.37494498,0.13807821
0.37495,0.13807821
0.374955,0.13807821
0.37496,0.13807821
0.37496498,0.13807821
0.37497,0.13807821
0.374975,0.13807821
0.37498,0.13807821
0.37498498,0.13807821
0.37499,0.13807821
0.374995,0.13807821
0.375,0.13807821
0.37500498,0.13807821
0.37500998,0.13807821
0.375015,0.13807821
0.37502,0.13807821
0.375025,0.13807821
0.37502998,0.13807821
0.375035,0.13807821
0.37504,0.13807821
0.375045,0.13807821
0.37504998,0.13807821
0.375055,0.13807821
0.37506,0.13807821
0.375065,0.13807821
0.37506998,0.13807821
0.37507498,0.13807821
0.37508,0.13807821
0.375085,0.13807821
0.37509,0.13807821
0.37509498,0.13807821
0.3751,0.13807821
0.375105,0.13807821
0.37511,0.13807821
0.37511498,0.13807821
0.37511998,0.13807821
0.375125,0.13807821
0.37513,0.13807821
0.375135,0.13807821
0.37513998,0.13807821
0.375145,0.13807821
0.37515,0.13807821
0.375155,0.13807821
0.37515998,0.13807821
0.375165,0.13807821
0.37517,0.13807821
0.375175,0.13807821
0.37517998,0.13807821
0.37518498,0.13807821
0.37519,0.13807821
0.375195,0.13807821
0.3752,0.13807821
0.37520498,0.13807821
0.37521,0.13807821
0.375215,0.13807821
0.37522,0.13807821
0.37522498,0.13807821
0.37522998,0.13807821
0.375235,0.13807821
0.37524,0.13807821
0.375245,0.13807821
0.37524998,0.13807821
0.375255,0.13807821
0.37526,0.13807821
0.375265,0.13807821
0.37526998,0.13807821
0.375275,0.13807821
0.37528,0.13807821
0.375285,0.13807821
0.37528998,0.13807821
0.37529498,0.13807821
0.3753,0.13807821
0.375305,0.13807821
0.37531,0.13807821
0.37531498,0.13807821
0.37532,0.13807821
0.375325,0.13807821
0.37533,0.13807821
0.37533498,0.13807821
0.37533998,0.13807821
0.375345,0.13807821
0.37535,0.13807821
0.375355,0.13807821
0.37535998,0.13807821
0.375365,0.13807821
0.37537,0.13807821
0.375375,0.13807821
0.37537998,0.13807821
0.375385,0.13807821
0.37539,0.13807821
0.375395,0.13807821
0.37539998,0.13807821
0.37540498,0.13807821
0.37541,0.13807821
0.375415,0.13807821
0.37542,0.13807821
0.37542498,0.13807821
0.37543,0.13807821
0.375435,5.6396117
0.37544,5.9169993
0.37544498,5.9169993
0.37545,5.9169993
0.375455,5.9169993
0.37546,5.9169993
0.37546498,5.9169993
0.37546998,5.9169993
0.375475,5.9169993
0.37548,5.9169993
0.375485,5.9169993
0.37548998,5.9169993
0.375495,5.9169993
0.3755,5.9169993
0.375505,5.9169993
0.37550998,5.9169993
0.37551498,5.9169993
0.37552,5.9169993
0.375525,5.9169993
0.37553,5.9169993
0.37553498,5.9169993
0.37554,5.9169993
0.375545,5.9169993
0.37555,5.9169993
0.37555498,5.9169993
0.37556,5.9169993
0.375565,5.9169993
0.37557,5.9169993
0.37557498,5.9169993
0.37557998,5.9169993
0.375585,5.9169993
0.37559,5.9169993
0.375595,5.9169993
0.37559998,5.9169993
0.375605,5.9169993
0.37561,5.9169993
0.375615,5.9169993
0.37561998,5.9169993
0.37562498,5.9169993
0.37563,5.9169993
0.375635,5.9169993
0.37564,5.9169993
0.37564498,5.9169993
0.37565,5.9169993
0.375655,5.9169993
0.37566,5.9169993
0.37566498,5.9169993
0.37567,5.9169993
0.375675,5.9169993
0.37568,5.9169993
0.37568498,5.9169993
0.37568998,5.9169993
0.375695,5.9169993
0.3757,5.9169993
0.375705,5.9169993
0.37570998,5.9169993
0.375715,5.9169993
0.37572,5.9169993
0.375725,5.9169993
0.37572998,5.9169993
0.37573498,5.9169993
0.37574,5.9169993
0.375745,5.9169993
0.37575,5.9169993
0.37575498,5.9169993
0.37576,5.9169993
0.375765,5.9169993
0.37577,5.9169993
0.37577498,5.9169993
0.37578,5.9169993
0.375785,5.9169993
0.37579,5.9169993
0.37579498,5.9169993
0.37579998,5.9169993
0.375805,5.9169993
0.37581,5.9169993
0.375815,5.9169993
0.37581998,5.9169993
0.375825,5.9169993
0.37583,5.9169993
0.375835,5.9169993
0.37583998,5.9169993
0.375845,5.9169993
0.37585,5.9169993
0.375855,5.9169993
0.37585998,5.9169993
0.37586498,5.9169993
0.37587,5.9169993
0.375875,5.9169993
0.37588,5.9169993
0.37588498,5.9169993
0.37589,5.9169993
0.375895,5.9169993
0.3759,5.9169993
0.37590498,5.9169993
0.37590998,5.9169993
0.375915,5.9169993
0.37592,5.9169993
0.375925,5.9169993
0.37592998,5.9169993
0.375935,5.9169993
0.37594,5.9169993
0.375945,5.9169993
0.37594998,5.9169993
0.375955,5.9169993
0.37596,5.9169993
0.375965,5.9169993
0.37596998,5.9169993
0.37597498,5.9169993
0.37598,5.9169993
0.375985,5.9169993
0.37599,5.9169993
0.37599498,5.9169993
0.376,5.9169993
0.376005,5.9169993
0.37601,5.9169993
0.37601498,5.9169993
0.37601998,5.9169993
0.376025,5.9169993
0.37603,5.9169993
0.376035,5.9169993
0.37603998,5.9169993
0.376045,5.9169993
0.37605,5.9169993
0.376055,5.9169993
0.37605998,5.9169993
0.376065,5.9169993
0.37607,5.9169993
0.376075,5.9169993
0.37607998,5.9169993
0.37608498,5.9169993
0.37609,5.9169993
0.376095,5.9169993
0.3761,5.9169993
0.37610498,5.9169993
0.37611,5.9169993
0.376115,5.9169993
0.37612,5.9169993
0.37612498,5.9169993
0.37612998,5.9169993
0.376135,5.9169993
0.37614,5.9169993
0.376145,5.9169993
0.37614998,5.9169993
0.376155,5.9169993
0.37616,5.9169993
0.376165,5.9169993
0.37616998,5.9169993
0.376175,5.9169993
0.37618,5.9169993
0.376185,5.9169993
0.37618998,5.9169993
0.37619498,5.9169993
0.3762,5.9169993
0.376205,5.9169993
0.37621,5.9169993
0.37621498,5.9169993
0.37622,5.9169993
0.376225,5.9169993
0.37623,5.9169993
0.37623498,5.9169993
0.37624,5.9169993
0.376245,5.9169993
0.37625,5.9169993
0.37625498,5.9169993
0.37625998,5.9169993
0.376265,5.9169993
0.37627,5.9169993
0.376275,5.9169993
0.37627998,5.9169993
0.376285,5.9169993
0.37629,5.9169993
0.376295,5.9169993
0.37629998,5.9169993
0.37630498,5.9169993
0.37631,5.9169993
0.376315,5.9169993
0.37632,5.9169993
0.37632498,5.9169993
0.37633,5.9169993
0.376335,5.9169993
0.37634,5.9169993
0.37634498,5.9169993
0.37635,5.9169993
0.376355,5.9169993
0.37636,5.9169993
0.37636498,5.9169993
0.37636998,5.9169993
0.376375,5.9169993
0.37638,5.9169993
0.376385,5.9169993
0.37638998,5.9169993
0.376395,5.9169993
0.3764,5.9169993
0.376405,5.9169993
0.37640998,5.9169993
0.37641498,5.9169993
0.37642,5.9169993
0.376425,5.9169993
0.37643,5.9169993
0.37643498,5.9169993
0.37644,5.9169993
0.376445,5.9169993
0.37645,5.9169993
0.37645498,5.9169993
0.37646,5.9169993
0.376465,5.9169993
0.37647,5.9169993
0.37647498,5.9169993
0.37647998,5.9169993
0.376485,5.9169993
0.37649,5.9169993
0.376495,5.9169993
0.37649998,5.9169993
0.376505,5.9169993
0.37651,5.9169993
0.376515,5.9169993
0.37651998,5.9169993
0.37652498,5.9169993
0.37653,5.9169993
0.376535,5.9169993
0.37654,5.9169993
0.37654498,5.9169993
0.37655,5.9169993
0.376555,5.9169993
0.37656,5.9169993
0.37656498,5.9169993
0.37657,5.9169993
0.376575,5.9169993
0.37658,5.9169993
0.37658498,5.9169993
0.37658998,5.9169993
0.376595,5.9169993
0.3766,5.9169993
0.376605,5.9169993
0.37660998,5.9169993
0.376615,5.9169993
0.37662,5.9169993
0.376625,5.9169993
0.37662998,5.9169993
0.376635,5.9169993
0.37664,5.9169993
0.376645,5.9169993
0.37664998,5.9169993
0.37665498,5.9169993
0.37666,5.9169993
0.376665,5.9169993
0.37667,5.9169993
0.37667498,5.9169993
0.37668,5.9169993
0.376685,5.9169993
0.37669,5.9169993
0.37669498,5.9169993
0.37669998,5.9169993
0.376705,5.9169993
0.37671,5.9169993
0.376715,5.9169993
0.37671998,5.9169993
0.376725,5.9169993
0.37673,5.9169993
0.376735,5.9169993
0.37673998,5.9169993
0.376745,5.9169993
0.37675,5.9169993
0.376755,5.9169993
0.37675998,5.9169993
0.37676498,5.9169993
0.37677,5.9169993
0.376775,5.9169993
0.37678,5.9169993
0.37678498,5.9169993
0.37679,5.9169993
0.376795,5.9169993
0.3768,5.9169993
0.37680498,5.9169993
0.37680998,5.9169993
0.376815,5.9169993
0.37682,5.9169993
0.376825,5.9169993
0.37682998,5.9169993
0.376835,5.9169993
0.37684,5.9169993
0.376845,5.9169993
0.37684998,5.9169993
0.376855,5.9169993
0.37686,5.9169993
0.376865,5.9169993
0.37686998,5.9169993
0.37687498,5.9169993
0.37688,5.9169993
0.376885,5.9169993
0.37689,5.9169993
0.37689498,5.9169993
0.3769,5.9169993
0.376905,5.9169993
0.37691,5.9169993
0.37691498,5.9169993
0.37691998,5.9169993
0.376925,0.50792885
0.37693,0.27677202
0.376935,0.27677202
0.37693998,0.23054075
0.376945,0.23054075
0.37695,0.184309
0.376955,0.184309
0.37695998,0.184309
0.376965,0.184309
0.37697,0.13807821
0.376975,0.13807821
0.37697998,0.13807821
0.37698498,0.13807821
0.37699,0.13807821
0.376995,0.13807821
0.377,0.13807821
0.37700498,0.13807821
0.37701,0.13807821
0.377015,0.13807821
0.37702,0.13807821
0.37702498,0.13807821
0.37703,0.13807821
0.377035,0.13807821
0.37704,0.13807821
0.37704498,0.13807821
0.37704998,0.13807821
0.377055,0.13807821
0.37706,0.13807821
0.377065,0.13807821
0.37706998,0.13807821
0.377075,0.13807821
0.37708,0.13807821
0.377085,0.13807821
0.37708998,0.13807821
0.37709498,0.13807821
0.3771,0.13807821
0.377105,0.13807821
0.37711,0.13807821
0.37711498,0.13807821
0.37712,0.13807821
0.377125,0.13807821
0.37713,0.13807821
0.37713498,0.13807821
0.37714,0.13807821
0.377145,0.13807821
0.37715,0.13807821
0.37715498,0.13807821
0.37715998,0.13807821
0.377165,0.13807821
0.37717,0.13807821
0.377175,0.13807821
0.37717998,0.13807821
0.377185,0.13807821
0.37719,0.13807821
0.377195,0.13807821
0.37719998,0.13807821
0.37720498,0.13807821
0.37721,0.13807821
0.377215,0.13807821
0.37722,0.13807821
0.37722498,0.13807821
0.37723,0.13807821
0.377235,0.13807821
0.37724,0.13807821
0.37724498,0.13807821
0.37725,0.13807821
0.377255,0.13807821
0.37726,0.13807821
0.37726498,0.13807821
0.37726998,0.13807821
0.377275,0.13807821
0.37728,0.13807821
0.377285,0.13807821
0.37728998,0.13807821
0.377295,0.13807821
0.3773,0.13807821
0.377305,0.13807821
0.37730998,0.13807821
0.37731498,0.13807821
0.37732,0.13807821
0.377325,0.13807821
0.37733,0.13807821
0.37733498,0.13807821
0.37734,0.13807821
0.377345,0.13807821
0.37735,0.13807821
0.37735498,0.13807821
0.37736,0.13807821
0.377365,0.13807821
0.37737,0.13807821
0.37737498,0.13807821
0.37737998,0.13807821
0.377385,0.13807821
0.37739,0.13807821
0.377395,0.13807821
0.37739998,0.13807821
0.377405,0.13807821
0.37741,0.13807821
0.377415,0.13807821
0.37741998,0.13807821
0.377425,0.13807821
0.37743,0.13807821
0.377435,0.13807821
0.37743998,0.13807821
0.37744498,0.13807821
0.37745,0.13807821
0.377455,0.13807821
0.37746,0.13807821
0.37746498,0.13807821
0.37747,0.13807821
0.377475,0.13807821
0.37748,0.13807821
0.37748498,0.13807821
0.37748998,0.13807821
0.377495,0.13807821
0.3775,0.13807821
0.377505,0.13807821
0.37750998,0.13807821
0.377515,0.13807821
0.37752,0.13807821
0.377525,0.13807821
0.37752998,0.13807821
0.377535,0.13807821
0.37754,0.13807821
0.377545,0.13807821
0.37754998,0.13807821
0.37755498,0.13807821
0.37756,0.13807821
0.377565,0.13807821
0.37757,0.13807821
0.37757498,0.13807821
0.37758,0.13807821
0.377585,0.13807821
0.37759,0.13807821
0.37759498,0.13807821
0.37759998,0.13807821
0.377605,5.6396117
0.37761,5.9169993
0.377615,5.9169993
0.37761998,5.9169993
0.377625,5.9169993
0.37763,5.9169993
0.377635,5.9169993
0.37763998,5.9169993
0.377645,5.9169993
0.37765,5.9169993
0.377655,5.9169993
0.37765998,5.9169993
0.37766498,5.9169993
0.37767,5.9169993
0.377675,5.9169993
0.37768,5.9169993
0.37768498,5.9169993
0.37769,5.9169993
0.377695,5.9169993
0.3777,5.9169993
0.37770498,5.9169993
0.37770998,5.9169993
0.377715,5.9169993
0.37772,5.9169993
0.377725,5.9169993
0.37772998,5.9169993
0.377735,5.9169993
0.37774,5.9169993
0.377745,5.9169993
0.37774998,5.9169993
0.377755,5.9169993
0.37776,5.9169993
0.377765,5.9169993
0.37776998,5.9169993
0.37777498,5.9169993
0.37778,5.9169993
0.377785,5.9169993
0.37779,5.9169993
0.37779498,5.9169993
0.3778,5.9169993
0.377805,5.9169993
0.37781,5.9169993
0.37781498,5.9169993
0.37782,5.9169993
0.377825,5.9169993
0.37783,5.9169993
0.37783498,5.9169993
0.37783998,5.9169993
0.377845,5.9169993
0.37785,5.9169993
0.377855,5.9169993
0.37785998,5.9169993
0.377865,5.9169993
0.37787,5.9169993
0.377875,5.9169993
0.37787998,5.9169993
0.37788498,5.9169993
0.37789,5.9169993
0.377895,5.9169993
0.3779,5.9169993
0.37790498,5.9169993
0.37791,5.9169993
0.377915,5.9169993
0.37792,5.9169993
0.37792498,5.9169993
0.37793,5.9169993
0.377935,5.9169993
0.37794,5.9169993
0.37794498,5.9169993
0.37794998,5.9169993
0.377955,5.9169993
0.37796,5.9169993
0.377965,5.9169993
0.37796998,5.9169993
0.377975,5.9169993
0.37798,5.9169993
0.377985,5.9169993
0.37798998,5.9169993
0.37799498,5.9169993
0.378,5.9169993
0.378005,5.9169993
0.37801,5.9169993
0.37801498,5.9169993
0.37802,5.9169993
0.378025,5.9169993
0.37803,5.9169993
0.37803498,5.9169993
0.37804,5.9169993
0.378045,5.9169993
0.37805,5.9169993
0.37805498,5.9169993
0.37805998,5.9169993
0.378065,5.9169993
0.37807,5.9169993
0.378075,5.9169993
0.37807998,5.9169993
0.378085,5.9169993
0.37809,5.9169993
0.378095,5.9169993
0.37809998,5.9169993
0.37810498,5.9169993
0.37811,5.9169993
0.378115,5.9169993
0.37812,5.9169993
0.37812498,5.9169993
0.37813,5.9169993
0.378135,5.9169993
0.37814,5.9169993
0.37814498,5.9169993
0.37815,5.9169993
0.378155,5.9169993
0.37816,5.9169993
0.37816498,5.9169993
0.37816998,5.9169993
0.378175,5.9169993
0.37818,5.9169993
0.378185,5.9169993
0.37818998,5.9169993
0.378195,5.9169993
0.3782,5.9169993
0.378205,5.9169993
0.37820998,5.9169993
0.378215,5.9169993
0.37822,5.9169993
0.378225,5.9169993
0.37822998,5.9169993
0.37823498,5.9169993
0.37824,5.9169993
0.378245,5.9169993
0.37825,5.9169993
0.37825498,5.9169993
0.37826,5.9169993
0.378265,5.9169993
0.37827,5.9169993
0.37827498,5.9169993
0.37827998,5.9169993
0.378285,5.9169993
0.37829,5.9169993
0.378295,5.9169993
0.37829998,5.9169993
0.378305,5.9169993
0.37831,5.9169993
0.378315,5.9169993
0.37831998,5.9169993
0.378325,5.9169993
0.37833,5.9169993
0.378335,5.9169993
0.37833998,5.9169993
0.37834498,5.9169993
0.37835,5.9169993
0.378355,5.9169993
0.37836,5.9169993
0.37836498,5.9169993
0.37837,5.9169993
0.378375,5.9169993
0.37838,5.9169993
0.37838498,5.9169993
0.37838998,5.9169993
0.378395,5.9169993
0.3784,5.9169993
0.378405,5.9169993
0.37840998,5.9169993
0.378415,5.9169993
0.37842,5.9169993
0.378425,5.9169993
0.37842998,5.9169993
0.378435,5.9169993
0.37844,5.9169993
0.378445,5.9169993
0.37844998,5.9169993
0.37845498,5.9169993
0.37846,5.9169993
0.378465,5.9169993
0.37847,5.9169993
0.37847498,5.9169993
0.37848,5.9169993
0.378485,5.9169993
0.37849,5.9169993
0.37849498,5.9169993
0.37849998,5.9169993
0.378505,5.9169993
0.37851,5.9169993
0.378515,5.9169993
0.37851998,5.9169993
0.378525,5.9169993
0.37853,5.9169993
0.378535,5.9169993
0.37853998,5.9169993
0.378545,5.9169993
0.37855,5.9169993
0.378555,5.9169993
0.37855998,5.9169993
0.37856498,5.9169993
0.37857,5.9169993
0.378575,5.9169993
0.37858,5.9169993
0.37858498,5.9169993
0.37859,5.9169993
0.378595,5.9169993
0.3786,5.9169993
0.37860498,5.9169993
0.37861,5.9169993
0.378615,5.9169993
0.37862,5.9169993
0.37862498,5.9169993
0.37862998,5.9169993
0.378635,5.9169993
0.37864,5.9169993
0.378645,5.9169993
0.37864998,5.9169993
0.378655,5.9169993
0.37866,5.9169993
0.378665,5.9169993
0.37866998,5.9169993
0.37867498,5.9169993
0.37868,5.9169993
0.378685,5.9169993
0.37869,5.9169993
0.37869498,5.9169993
0.3787,5.9169993
0.378705,5.9169993
0.37871,5.9169993
0.37871498,5.9169993
0.37872,5.9169993
0.378725,5.9169993
0.37873,5.9169993
0.37873498,5.9169993
0.37873998,5.9169993
0.378745,5.9169993
0.37875,5.9169993
0.378755,5.9169993
0.37875998,5.9169993
0.378765,5.9169993
0.37877,5.9169993
0.378775,5.9169993
0.37877998,5.9169993
0.37878498,5.9169993
0.37879,5.9169993
0.378795,5.9169993
0.3788,5.9169993
0.37880498,5.9169993
0.37881,5.9169993
0.378815,5.9169993
0.37882,5.9169993
0.37882498,5.9169993
0.37883,5.9169993
0.378835,5.9169993
0.37884,5.9169993
0.37884498,5.9169993
0.37884998,5.9169993
0.378855,5.9169993
0.37886,5.9169993
0.378865,5.9169993
0.37886998,5.9169993
0.378875,5.9169993
0.37888,5.9169993
0.378885,5.9169993
0.37888998,5.9169993
0.37889498,5.9169993
0.3789,5.9169993
0.378905,5.9169993
0.37891,5.9169993
0.37891498,5.9169993
0.37892,5.9169993
0.378925,5.9169993
0.37893,5.9169993
0.37893498,5.9169993
0.37894,5.9169993
0.378945,5.9169993
0.37895,5.9169993
0.37895498,5.9169993
0.37895998,5.9169993
0.378965,5.9169993
0.37897,5.9169993
0.378975,5.9169993
0.37897998,5.9169993
0.378985,5.9169993
0.37899,5.9169993
0.378995,5.9169993
0.37899998,5.9169993
0.37900499,5.9169993
0.37901,5.9169993
0.379015,5.9169993
0.37901998,5.9169993
0.37902498,5.9169993
0.37903,5.9169993
0.379035,5.9169993
0.37904,5.9169993
0.37904498,5.9169993
0.37905,5.9169993
0.379055,5.9169993
0.37906,5.9169993
0.37906498,5.9169993
0.37906998,5.9169993
0.379075,5.9169993
0.37908,5.9169993
0.379085,5.9169993
0.37908998,5.9169993
0.379095,5.9169993
0.3791,5.9169993
0.379105,5.9169993
0.37910998,5.9169993
0.379115,5.9169993
0.37912,5.9169993
0.379125,5.9169993
0.37912998,5.9169993
0.37913498,5.9169993
0.37914,5.9169993
0.379145,5.9169993
0.37915,5.9169993
0.37915498,1.1551685
0.37916,0.27677202
0.379165,0.27677202
0.37917,0.23054075
0.37917498,0.23054075
0.37917998,0.184309
0.379185,0.184309
0.37919,0.184309
0.379195,0.184309
0.37919998,0.13807821
0.379205,0.13807821
0.37921,0.13807821
0.379215,0.13807821
0.37921998,0.13807821
0.379225,0.13807821
0.37923,0.13807821
0.379235,0.13807821
0.37923998,0.13807821
0.37924498,0.13807821
0.37925,0.13807821
0.379255,0.13807821
0.37926,0.13807821
0.37926498,0.13807821
0.37927,0.13807821
0.379275,0.13807821
0.37928,0.13807821
0.37928498,0.13807821
0.37928998,0.13807821
0.379295,0.13807821
0.3793,0.13807821
0.379305,0.13807821
0.37930998,0.13807821
0.379315,0.13807821
0.37932,0.13807821
0.379325,0.13807821
0.37932998,0.13807821
0.379335,0.13807821
0.37934,0.13807821
0.379345,0.13807821
0.37934998,0.13807821
0.37935498,0.13807821
0.37936,0.13807821
0.379365,0.13807821
0.37937,0.13807821
0.37937498,0.13807821
0.37938,0.13807821
0.379385,0.13807821
0.37939,0.13807821
0.37939498,0.13807821
0.37939999,0.13807821
0.379405,0.13807821
0.37941,0.13807821
0.37941498,0.13807821
0.37941998,0.13807821
0.379425,0.13807821
0.37943,0.13807821
0.379435,0.13807821
0.37943998,0.13807821
0.379445,0.13807821
0.37945,0.13807821
0.379455,0.13807821
0.37945998,0.13807821
0.37946498,0.13807821
0.37947,0.13807821
0.379475,0.13807821
0.37948,0.13807821
0.37948498,0.13807821
0.37949,0.13807821
0.379495,0.13807821
0.3795,0.13807821
0.37950498,0.13807821
0.37951,0.13807821
0.379515,0.13807821
0.37952,0.13807821
0.37952498,0.13807821
0.37952998,0.13807821
0.379535,0.13807821
0.37954,0.13807821
0.379545,0.13807821
0.37954998,0.13807821
0.379555,0.13807821
0.37956,0.13807821
0.379565,0.13807821
0.37956998,0.13807821
0.37957498,0.13807821
0.37958,0.13807821
0.379585,0.13807821
0.37959,0.13807821
0.37959498,0.13807821
0.3796,0.13807821
0.379605,0.13807821
0.37961,0.13807821
0.37961498,0.13807821
0.37962,0.13807821
0.379625,0.13807821
0.37963,0.13807821
0.37963498,0.13807821
0.37963998,0.13807821
0.379645,0.13807821
0.37965,0.13807821
0.379655,0.13807821
0.37965998,0.13807821
0.379665,0.13807821
0.37967,0.13807821
0.379675,0.13807821
0.37967998,0.13807821
0.37968498,0.13807821
0.37969,0.13807821
0.379695,0.13807821
0.3797,0.13807821
0.37970498,0.13807821
0.37971,0.13807821
0.379715,0.13807821
0.37972,0.13807821
0.37972498,0.13807821
0.37973,0.13807821
0.379735,0.13807821
0.37974,0.13807821
0.37974498,0.13807821
0.37974998,0.13807821
0.379755,0.13807821
0.37976,0.13807821
0.379765,0.13807821
0.37976998,0.13807821
0.379775,0.13807821
0.37978,0.13807821
0.379785,0.13807821
0.37978998,0.13807821
0.37979499,0.13807821
0.3798,0.13807821
0.379805,0.13807821
0.37980998,0.13807821
0.37981498,0.13807821
0.37982,4.807446
0.379825,5.9169993
0.37983,5.9169993
0.37983498,5.9169993
0.37984,5.9169993
0.379845,5.9169993
0.37985,5.9169993
0.37985498,5.9169993
0.37985998,5.9169993
0.379865,5.9169993
0.37987,5.9169993
0.379875,5.9169993
0.37987998,5.9169993
0.379885,5.9169993
0.37989,5.9169993
0.379895,5.9169993
0.37989998,5.9169993
0.379905,5.9169993
0.37991,5.9169993
0.379915,5.9169993
0.37991998,5.9169993
0.37992498,5.9169993
0.37993,5.9169993
0.379935,5.9169993
0.37994,5.9169993
0.37994498,5.9169993
0.37995,5.9169993
0.379955,5.9169993
0.37996,5.9169993
0.37996498,5.9169993
0.37996998,5.9169993
0.379975,5.9169993
0.37998,5.9169993
0.379985,5.9169993
0.37998998,5.9169993
0.379995,5.9169993
0.38,5.9169993
0.380005,5.9169993
0.38000998,5.9169993
0.380015,5.9169993
0.38002,5.9169993
0.380025,5.9169993
0.38002998,5.9169993
0.38003498,5.9169993
0.38004,5.9169993
0.380045,5.9169993
0.38005,5.9169993
0.38005498,5.9169993
0.38006,5.9169993
0.380065,5.9169993
0.38007,5.9169993
0.38007498,5.9169993
0.38007998,5.9169993
0.380085,5.9169993
0.38009,5.9169993
0.380095,5.9169993
0.38009998,5.9169993
0.380105,5.9169993
0.38011,5.9169993
0.380115,5.9169993
0.38011998,5.9169993
0.380125,5.9169993
0.38013,5.9169993
0.380135,5.9169993
0.38013998,5.9169993
0.38014498,5.9169993
0.38015,5.9169993
0.380155,5.9169993
0.38016,5.9169993
0.38016498,5.9169993
0.38017,5.9169993
0.380175,5.9169993
0.38018,5.9169993
0.38018498,5.9169993
0.38018999,5.9169993
0.380195,5.9169993
0.3802,5.9169993
0.38020498,5.9169993
0.38020998,5.9169993
0.380215,5.9169993
0.38022,5.9169993
0.380225,5.9169993
0.38022998,5.9169993
0.380235,5.9169993
0.38024,5.9169993
0.380245,5.9169993
0.38024998,5.9169993
0.38025498,5.9169993
0.38026,5.9169993
0.380265,5.9169993
0.38027,5.9169993
0.38027498,5.9169993
0.38028,5.9169993
0.380285,5.9169993
0.38029,5.9169993
0.38029498,5.9169993
0.3803,5.9169993
0.380305,5.9169993
0.38031,5.9169993
0.38031498,5.9169993
0.38031998,5.9169993
0.380325,5.9169993
0.38033,5.9169993
0.380335,5.9169993
0.38033998,5.9169993
0.380345,5.9169993
0.38035,5.9169993
0.380355,5.9169993
0.38035998,5.9169993
0.38036498,5.9169993
0.38037,5.9169993
0.380375,5.9169993
0.38038,5.9169993
0.38038498,5.9169993
0.38039,5.9169993
0.380395,5.9169993
0.3804,5.9169993
0.38040498,5.9169993
0.38041,5.9169993
0.380415,5.9169993
0.38042,5.9169993
0.38042498,5.9169993
0.38042998,5.9169993
0.380435,5.9169993
0.38044,5.9169993
0.380445,5.9169993
0.38044998,5.9169993
0.380455,5.9169993
0.38046,5.9169993
0.380465,5.9169993
0.38046998,5.9169993
0.38047498,5.9169993
0.38048,5.9169993
0.380485,5.9169993
0.38049,5.9169993
0.38049498,5.9169993
0.3805,5.9169993
0.380505,5.9169993
0.38051,5.9169993
0.38051498,5.9169993
0.38052,5.9169993
0.380525,5.9169993
0.38053,5.9169993
0.38053498,5.9169993
0.38053998,5.9169993
0.380545,5.9169993
0.38055,5.9169993
0.380555,5.9169993
0.38055998,5.9169993
0.380565,5.9169993
0.38057,5.9169993
0.380575,5.9169993
0.38057998,5.9169993
0.38058499,5.9169993
0.38059,5.9169993
0.380595,5.9169993
0.38059998,5.9169993
0.38060498,5.9169993
0.38061,5.9169993
0.380615,5.9169993
0.38062,5.9169993
0.38062498,5.9169993
0.38063,5.9169993
0.380635,5.9169993
0.38064,5.9169993
0.38064498,5.9169993
0.38064998,5.9169993
0.380655,5.9169993
0.38066,5.9169993
0.380665,5.9169993
0.38066998,5.9169993
0.380675,5.9169993
0.38068,5.9169993
0.380685,5.9169993
0.38068998,5.9169993
0.380695,5.9169993
0.3807,5.9169993
0.380705,5.9169993
0.38070998,5.9169993
0.38071498,5.9169993
0.38072,5.9169993
0.380725,5.9169993
0.38073,5.9169993
0.38073498,5.9169993
0.38074,5.9169993
0.380745,5.9169993
0.38075,5.9169993
0.38075498,5.9169993
0.38075998,5.9169993
0.380765,5.9169993
0.38077,5.9169993
0.380775,5.9169993
0.38077998,5.9169993
0.380785,5.9169993
0.38079,5.9169993
0.380795,5.9169993
0.38079998,5.9169993
0.380805,5.9169993
0.38081,5.9169993
0.380815,5.9169993
0.38081998,5.9169993
0.38082498,5.9169993
0.38083,5.9169993
0.380835,5.9169993
0.38084,5.9169993
0.38084498,5.9169993
0.38085,5.9169993
0.380855,5.9169993
0.38086,5.9169993
0.38086498,5.9169993
0.38086998,5.9169993
0.380875,5.9169993
0.38088,5.9169993
0.380885,5.9169993
0.38088998,5.9169993
0.380895,5.9169993
0.3809,5.9169993
0.380905,5.9169993
0.38090998,5.9169993
0.380915,5.9169993
0.38092,5.9169993
0.380925,5.9169993
0.38092998,5.9169993
0.38093498,5.9169993
0.38094,5.9169993
0.380945,5.9169993
0.38095,5.9169993
0.38095498,5.9169993
0.38096,5.9169993
0.380965,5.9169993
0.38097,5.9169993
0.38097498,5.9169993
0.38097998,5.9169993
0.380985,5.9169993
0.38099,5.9169993
0.38099498,5.9169993
0.38099998,5.9169993
0.381005,5.9169993
0.38101,5.9169993
0.381015,5.9169993
0.38101998,5.9169993
0.381025,5.9169993
0.38103,5.9169993
0.381035,5.9169993
0.38103998,5.9169993
0.38104498,5.9169993
0.38105,5.9169993
0.381055,5.9169993
0.38106,5.9169993
0.38106498,5.9169993
0.38107,5.9169993
0.381075,5.9169993
0.38108,5.9169993
0.38108498,5.9169993
0.38109,5.9169993
0.381095,5.9169993
0.3811,5.9169993
0.38110498,5.9169993
0.38110998,5.9169993
0.381115,5.9169993
0.38112,5.9169993
0.381125,5.9169993
0.38112998,5.9169993
0.381135,5.9169993
0.38114,5.9169993
0.381145,5.9169993
0.38114998,5.9169993
0.38115498,5.9169993
0.38116,5.9169993
0.381165,5.9169993
0.38117,5.9169993
0.38117498,5.9169993
0.38118,5.9169993
0.381185,5.9169993
0.38119,5.9169993
0.38119498,5.9169993
0.3812,5.9169993
0.381205,5.9169993
0.38121,5.9169993
0.38121498,5.9169993
0.38121998,5.9169993
0.381225,5.9169993
0.38123,5.9169993
0.381235,5.9169993
0.38123998,5.9169993
0.381245,5.9169993
0.38125,5.9169993
0.381255,5.9169993
0.38125998,5.9169993
0.38126498,5.9169993
0.38127,5.9169993
0.381275,5.9169993
0.38128,5.9169993
0.38128498,5.9169993
0.38129,5.9169993
0.381295,5.9169993
0.3813,5.9169993
0.38130498,5.9169993
0.38131,5.9169993
0.381315,5.9169993
0.38132,5.9169993
0.38132498,5.9169993
0.38132998,5.9169993
0.381335,5.9169993
0.38134,5.9169993
0.381345,5.9169993
0.38134998,5.9169993
0.381355,5.9169993
0.38136,5.9169993
0.381365,5.9169993
0.38136998,5.9169993
0.38137498,5.9169993
0.38138,5.9169993
0.381385,5.9169993
0.38138998,5.9169993
0.38139498,5.9169993
0.3814,5.9169993
0.381405,5.9169993
0.38141,5.9169993
0.38141498,5.9169993
0.38142,5.9169993
0.381425,0.3230033
0.38143,0.27677202
0.38143498,0.27677202
0.38143998,0.23054075
0.381445,0.23054075
0.38145,0.184309
0.381455,0.184309
0.38145998,0.184309
0.381465,0.184309
0.38147,0.13807821
0.381475,0.13807821
0.38147998,0.13807821
0.381485,0.13807821
0.38149,0.13807821
0.381495,0.13807821
0.38149998,0.13807821
0.38150498,0.13807821
0.38151,0.13807821
0.381515,0.13807821
0.38152,0.13807821
0.38152498,0.13807821
0.38153,0.13807821
0.381535,0.13807821
0.38154,0.13807821
0.38154498,0.13807821
0.38154998,0.13807821
0.381555,0.13807821
0.38156,0.13807821
0.381565,0.13807821
0.38156998,0.13807821
0.381575,0.13807821
0.38158,0.13807821
0.381585,0.13807821
0.38158998,0.13807821
0.381595,0.13807821
0.3816,0.13807821
0.381605,0.13807821
0.38160998,0.13807821
0.38161498,0.13807821
0.38162,0.13807821
0.381625,0.13807821
0.38163,0.13807821
0.38163498,0.13807821
0.38164,0.13807821
0.381645,0.13807821
0.38165,0.13807821
0.38165498,0.13807821
0.38165998,0.13807821
0.381665,0.13807821
0.38167,0.13807821
0.381675,0.13807821
0.38167998,0.13807821
0.381685,0.13807821
0.38169,0.13807821
0.381695,0.13807821
0.38169998,0.13807821
0.381705,0.13807821
0.38171,0.13807821
0.381715,0.13807821
0.38171998,0.13807821
0.38172498,0.13807821
0.38173,0.13807821
0.381735,0.13807821
0.38174,0.13807821
0.38174498,0.13807821
0.38175,0.13807821
0.381755,0.13807821
0.38176,0.13807821
0.38176498,0.13807821
0.38176998,0.13807821
0.381775,0.13807821
0.38178,0.13807821
0.38178498,0.13807821
0.38178998,0.13807821
0.381795,0.13807821
0.3818,0.13807821
0.381805,0.13807821
0.38180998,0.13807821
0.381815,0.13807821
0.38182,0.13807821
0.381825,0.13807821
0.38182998,0.13807821
0.38183498,0.13807821
0.38184,0.13807821
0.381845,0.13807821
0.38185,0.13807821
0.38185498,0.13807821
0.38186,0.13807821
0.381865,0.13807821
0.38187,0.13807821
0.38187498,0.13807821
0.38188,0.13807821
0.381885,0.13807821
0.38189,0.13807821
0.38189498,0.13807821
0.38189998,0.13807821
0.381905,0.13807821
0.38191,0.13807821
0.381915,0.13807821
0.38191998,0.13807821
0.381925,0.13807821
0.38193,0.13807821
0.381935,0.13807821
0.38193998,0.13807821
0.38194498,0.13807821
0.38195,0.13807821
0.381955,0.13807821
0.38196,0.13807821
0.38196498,0.13807821
0.38197,0.13807821
0.381975,0.13807821
0.38198,0.13807821
0.38198498,0.13807821
0.38199,0.13807821
0.381995,0.13807821
0.382,0.13807821
0.38200498,0.13807821
0.38200998,0.13807821
0.382015,0.13807821
0.38202,0.13807821
0.382025,0.13807821
0.38202998,0.13807821
0.382035,0.13807821
0.38204,0.13807821
0.382045,0.13807821
0.38204998,0.13807821
0.38205498,0.13807821
0.38206,0.13807821
0.382065,0.13807821
0.38207,0.13807821
0.38207498,0.13807821
0.38208,0.13807821
0.382085,0.13807821
0.38209,0.13807821
0.38209498,0.13807821
0.3821,0.13807821
0.382105,0.13807821
0.38211,0.13807821
0.38211498,0.13807821
0.38211998,0.13807821
0.382125,0.13807821
0.38213,0.13807821
0.382135,0.13807821
0.38213998,0.13807821
0.382145,0.13807821
0.38215,0.13807821
0.382155,0.13807821
0.38215998,1.3863249
0.38216498,5.870768
0.38217,5.9169993
0.382175,5.9169993
0.38217998,5.9169993
0.38218498,5.9169993
0.38219,5.9169993
0.382195,5.9169993
0.3822,5.9169993
0.38220498,5.9169993
0.38221,5.9169993
0.382215,5.9169993
0.38222,5.9169993
0.38222498,5.9169993
0.38222998,5.9169993
0.382235,5.9169993
0.38224,5.9169993
0.382245,5.9169993
0.38224998,5.9169993
0.382255,5.9169993
0.38226,5.9169993
0.382265,5.9169993
0.38226998,5.9169993
0.382275,5.9169993
0.38228,5.9169993
0.382285,5.9169993
0.38228998,5.9169993
0.38229498,5.9169993
0.3823,5.9169993
0.382305,5.9169993
0.38231,5.9169993
0.38231498,5.9169993
0.38232,5.9169993
0.382325,5.9169993
0.38233,5.9169993
0.38233498,5.9169993
0.38233998,5.9169993
0.382345,5.9169993
0.38235,5.9169993
0.382355,5.9169993
0.38235998,5.9169993
0.382365,5.9169993
0.38237,5.9169993
0.382375,5.9169993
0.38237998,5.9169993
0.382385,5.9169993
0.38239,5.9169993
0.382395,5.9169993
0.38239998,5.9169993
0.38240498,5.9169993
0.38241,5.9169993
0.382415,5.9169993
0.38242,5.9169993
0.38242498,5.9169993
0.38243,5.9169993
0.382435,5.9169993
0.38244,5.9169993
0.38244498,5.9169993
0.38244998,5.9169993
0.382455,5.9169993
0.38246,5.9169993
0.382465,5.9169993
0.38246998,5.9169993
0.382475,5.9169993
0.38248,5.9169993
0.382485,5.9169993
0.38248998,5.9169993
0.382495,5.9169993
0.3825,5.9169993
0.382505,5.9169993
0.38250998,5.9169993
0.38251498,5.9169993
0.38252,5.9169993
0.382525,5.9169993
0.38253,0.970243
0.38253498,0.27677202
0.38254,0.27677202
0.382545,0.23054075
0.38255,0.23054075
0.38255498,0.184309
0.38255998,0.184309
0.382565,0.184309
0.38257,0.184309
0.38257498,0.184309
0.38257998,0.13807821
0.382585,0.13807821
0.38259,0.13807821
0.382595,0.13807821
0.38259998,0.13807821
0.382605,0.13807821
0.38261,0.13807821
0.382615,0.13807821
0.38261998,0.13807821
0.38262498,0.13807821
0.38263,0.13807821
0.382635,0.13807821
0.38264,0.13807821
0.38264498,0.13807821
0.38265,0.13807821
0.382655,0.13807821
0.38266,0.13807821
0.38266498,0.13807821
0.38267,0.13807821
0.382675,0.13807821
0.38268,0.13807821
0.38268498,0.13807821
0.38268998,0.13807821
0.382695,0.13807821
0.3827,0.13807821
0.382705,0.13807821
0.38270998,0.13807821
0.382715,0.13807821
0.38272,0.13807821
0.382725,0.13807821
0.38272998,0.13807821
0.38273498,0.13807821
0.38274,0.13807821
0.382745,0.13807821
0.38275,0.13807821
0.38275498,0.13807821
0.38276,0.13807821
0.382765,0.13807821
0.38277,0.13807821
0.38277498,0.13807821
0.38278,0.13807821
0.382785,0.13807821
0.38279,0.13807821
0.38279498,0.13807821
0.38279998,0.13807821
0.382805,0.13807821
0.38281,0.13807821
0.382815,0.13807821
0.38281998,0.13807821
0.382825,0.13807821
0.38283,0.13807821
0.382835,0.13807821
0.38283998,0.13807821
0.38284498,0.13807821
0.38285,0.13807821
0.382855,0.13807821
0.38286,0.13807821
0.38286498,0.13807821
0.38287,0.13807821
0.382875,0.13807821
0.38288,0.13807821
0.38288498,0.13807821
0.38289,0.13807821
0.382895,0.13807821
0.3829,0.13807821
0.38290498,0.13807821
0.38290998,0.13807821
0.382915,0.13807821
0.38292,0.13807821
0.382925,0.13807821
0.38292998,0.13807821
0.382935,0.13807821
0.38294,0.13807821
0.382945,0.13807821
0.38294998,0.13807821
0.38295498,0.13807821
0.38296,0.13807821
0.382965,0.13807821
0.38296998,0.13807821
0.38297498,0.13807821
0.38298,0.13807821
0.382985,0.13807821
0.38299,0.13807821
0.38299498,0.13807821
0.383,0.13807821
0.383005,0.13807821
0.38301,0.13807821
0.38301498,0.13807821
0.38301998,0.13807821
0.383025,0.13807821
0.38303,0.13807821
0.383035,0.13807821
0.38303998,0.13807821
0.383045,0.13807821
0.38305,0.13807821
0.383055,0.13807821
0.38305998,0.13807821
0.383065,0.13807821
0.38307,0.13807821
0.383075,0.13807821
0.38307998,0.13807821
0.38308498,0.13807821
0.38309,0.13807821
0.383095,0.13807821
0.3831,0.13807821
0.38310498,0.13807821
0.38311,0.13807821
0.383115,0.13807821
0.38312,0.13807821
0.38312498,0.13807821
0.38312998,0.13807821
0.383135,0.13807821
0.38314,0.13807821
0.383145,0.13807821
0.38314998,0.13807821
0.383155,0.13807821
0.38316,0.13807821
0.383165,0.13807821
0.38316998,0.13807821
0.383175,0.13807821
0.38318,0.13807821
0.383185,0.13807821
0.38318998,0.13807821
0.38319498,0.13807821
0.3832,0.13807821
0.383205,0.13807821
0.38321,0.13807821
0.38321498,0.13807821
0.38322,0.13807821
0.383225,0.13807821
0.38323,0.13807821
0.38323498,0.13807821
0.38323998,4.807446
0.383245,5.9169993
0.38325,5.9169993
0.383255,5.9169993
0.38325998,5.9169993
0.383265,5.9169993
0.38327,5.9169993
0.383275,5.9169993
0.38327998,5.9169993
0.383285,5.9169993
0.38329,5.9169993
0.383295,5.9169993
0.38329998,5.9169993
0.38330498,5.9169993
0.38331,5.9169993
0.383315,5.9169993
0.38332,5.9169993
0.38332498,5.9169993
0.38333,5.9169993
0.383335,5.9169993
0.38334,5.9169993
0.38334498,5.9169993
0.38334998,5.9169993
0.383355,5.9169993
0.38336,5.9169993
0.38336498,5.9169993
0.38336998,5.9169993
0.383375,5.9169993
0.38338,5.9169993
0.383385,5.9169993
0.38338998,5.9169993
0.383395,5.9169993
0.3834,5.9169993
0.383405,5.9169993
0.38340998,5.9169993
0.38341498,5.9169993
0.38342,5.9169993
0.383425,5.9169993
0.38343,5.9169993
0.38343498,5.9169993
0.38344,5.9169993
0.383445,5.9169993
0.38345,5.9169993
0.38345498,5.9169993
0.38346,5.9169993
0.383465,5.9169993
0.38347,5.9169993
0.38347498,5.9169993
0.38347998,5.9169993
0.383485,5.9169993
0.38349,5.9169993
0.383495,5.9169993
0.38349998,5.9169993
0.383505,5.9169993
0.38351,5.9169993
0.383515,5.9169993
0.38351998,5.9169993
0.38352498,5.9169993
0.38353,5.9169993
0.383535,5.9169993
0.38354,5.9169993
0.38354498,5.9169993
0.38355,5.9169993
0.383555,5.9169993
0.38356,5.9169993
0.38356498,5.9169993
0.38357,5.9169993
0.383575,5.9169993
0.38358,5.9169993
0.38358498,5.9169993
0.38358998,5.9169993
0.383595,5.9169993
0.3836,5.9169993
0.383605,5.9169993
0.38360998,5.9169993
0.383615,5.9169993
0.38362,5.9169993
0.383625,5.9169993
0.38362998,5.9169993
0.38363498,5.9169993
0.38364,5.9169993
0.383645,5.9169993
0.38365,5.9169993
0.38365498,5.9169993
0.38366,5.9169993
0.383665,5.9169993
0.38367,5.9169993
0.38367498,5.9169993
0.38368,5.9169993
0.383685,5.870768
0.38369,0.3230033
0.38369498,0.27677202
0.38369998,0.27677202
0.383705,0.23054075
0.38371,0.23054075
0.383715,0.184309
0.38371998,0.184309
0.383725,0.184309
0.38373,0.184309
0.383735,0.13807821
0.38373998,0.13807821
0.38374498,0.13807821
0.38375,0.13807821
0.383755,0.13807821
0.38375998,0.13807821
0.38376498,0.13807821
0.38377,0.13807821
0.383775,0.13807821
0.38378,0.13807821
0.38378498,0.13807821
0.38379,0.13807821
0.383795,0.13807821
0.3838,0.13807821
0.38380498,0.13807821
0.38380998,0.13807821
0.383815,0.13807821
0.38382,0.13807821
0.383825,0.13807821
0.38382998,0.13807821
0.383835,0.13807821
0.38384,0.13807821
0.383845,0.13807821
0.38384998,0.13807821
0.383855,0.13807821
0.38386,0.13807821
0.383865,0.13807821
0.38386998,0.13807821
0.38387498,0.13807821
0.38388,0.13807821
0.383885,0.13807821
0.38389,0.13807821
0.38389498,0.13807821
0.3839,0.13807821
0.383905,0.13807821
0.38391,0.13807821
0.38391498,0.13807821
0.38391998,0.13807821
0.383925,0.13807821
0.38393,0.13807821
0.383935,0.13807821
0.38393998,0.13807821
0.383945,0.13807821
0.38395,0.13807821
0.383955,0.13807821
0.38395998,0.13807821
0.383965,0.13807821
0.38397,0.13807821
0.383975,0.13807821
0.38397998,0.13807821
0.38398498,0.13807821
0.38399,0.13807821
0.383995,0.13807821
0.384,0.13807821
0.38400498,0.13807821
0.38401,0.13807821
0.384015,0.13807821
0.38402,0.13807821
0.38402498,0.13807821
0.38402998,0.13807821
0.384035,0.13807821
0.38404,0.13807821
0.384045,0.13807821
0.38404998,0.13807821
0.384055,0.13807821
0.38406,0.13807821
0.384065,0.13807821
0.38406998,0.13807821
0.384075,0.13807821
0.38408,0.13807821
0.384085,0.13807821
0.38408998,0.13807821
0.38409498,0.13807821
0.3841,0.13807821
0.384105,0.13807821
0.38411,0.13807821
0.38411498,0.13807821
0.38412,0.13807821
0.384125,0.13807821
0.38413,0.13807821
0.38413498,0.13807821
0.38413998,0.13807821
0.384145,0.13807821
0.38415,0.13807821
0.38415498,0.13807821
0.38415998,0.13807821
0.384165,0.13807821
0.38417,0.13807821
0.384175,0.13807821
0.38417998,0.13807821
0.384185,0.13807821
0.38419,0.13807821
0.384195,0.13807821
0.38419998,0.13807821
0.38420498,0.13807821
0.38421,0.13807821
0.384215,0.13807821
0.38422,0.13807821
0.38422498,0.13807821
0.38423,0.13807821
0.384235,0.13807821
0.38424,0.13807821
0.38424498,0.13807821
0.38425,0.13807821
0.384255,0.13807821
0.38426,0.13807821
0.38426498,0.13807821
0.38426998,0.13807821
0.384275,0.13807821
0.38428,0.13807821
0.384285,0.13807821
0.38428998,0.13807821
0.384295,0.13807821
0.3843,0.13807821
0.384305,0.13807821
0.38430998,0.13807821
0.38431498,0.13807821
0.38432,0.13807821
0.384325,0.13807821
0.38433,0.184309
0.38433498,5.7783055
0.38434,5.9169993
0.384345,5.9169993
0.38435,5.9169993
0.38435498,5.9169993
0.38436,5.9169993
0.384365,5.9169993
0.38437,5.9169993
0.38437498,5.9169993
0.38437998,5.9169993
0.384385,5.9169993
0.38439,5.9169993
0.384395,5.9169993
0.38439998,5.9169993
0.384405,5.9169993
0.38441,5.9169993
0.384415,5.9169993
0.38441998,5.9169993
0.38442498,5.9169993
0.38443,5.9169993
0.384435,5.9169993
0.38444,5.9169993
0.38444498,5.9169993
0.38445,5.9169993
0.384455,5.9169993
0.38446,5.9169993
0.38446498,5.9169993
0.38447,5.9169993
0.384475,5.9169993
0.38448,5.9169993
0.38448498,5.9169993
0.38448998,5.9169993
0.384495,5.9169993
0.3845,5.9169993
0.384505,5.9169993
0.38450998,5.9169993
0.384515,5.9169993
0.38452,5.9169993
0.384525,5.9169993
0.38452998,5.9169993
0.38453498,5.9169993
0.38454,5.9169993
0.384545,5.9169993
0.38454998,5.9169993
0.38455498,5.9169993
0.38456,5.9169993
0.384565,5.9169993
0.38457,5.9169993
0.38457498,5.9169993
0.38458,5.9169993
0.384585,5.9169993
0.38459,5.9169993
0.38459498,5.9169993
0.38459998,5.9169993
0.384605,5.9169993
0.38461,5.9169993
0.384615,5.9169993
0.38461998,5.9169993
0.384625,5.9169993
0.38463,5.9169993
0.384635,5.9169993
0.38463998,5.9169993
0.384645,5.9169993
0.38465,5.9169993
0.384655,5.9169993
0.38465998,5.9169993
0.38466498,5.9169993
0.38467,5.9169993
0.384675,5.9169993
0.38468,5.9169993
0.38468498,5.9169993
0.38469,5.9169993
0.384695,5.9169993
0.3847,5.9169993
0.38470498,5.9169993
0.38470998,5.9169993
0.384715,5.9169993
0.38472,5.9169993
0.384725,5.9169993
0.38472998,5.9169993
0.384735,5.9169993
0.38474,5.9169993
0.384745,5.9169993
0.38474998,5.9169993
0.384755,5.9169993
0.38476,5.9169993
0.384765,5.9169993
0.38476998,5.9169993
0.38477498,5.9169993
0.38478,5.870768
0.384785,0.3230033
0.38479,0.27677202
0.38479498,0.27677202
0.3848,0.23054075
0.384805,0.23054075
0.38481,0.184309
0.38481498,0.184309
0.38481998,0.184309
0.384825,0.184309
0.38483,0.13807821
0.384835,0.13807821
0.38483998,0.13807821
0.384845,0.13807821
0.38485,0.13807821
0.384855,0.13807821
0.38485998,0.13807821
0.384865,0.13807821
0.38487,0.13807821
0.384875,0.13807821
0.38487998,0.13807821
0.38488498,0.13807821
0.38489,0.13807821
0.384895,0.13807821
0.3849,0.13807821
0.38490498,0.13807821
0.38491,0.13807821
0.384915,0.13807821
0.38492,0.13807821
0.38492498,0.13807821
0.38492998,0.13807821
0.384935,0.13807821
0.38494,0.13807821
0.38494498,0.13807821
0.38494998,0.13807821
0.384955,0.13807821
0.38496,0.13807821
0.384965,0.13807821
0.38496998,0.13807821
0.384975,0.13807821
0.38498,0.13807821
0.384985,0.13807821
0.38498998,0.13807821
0.38499498,0.13807821
0.385,0.13807821
0.385005,0.13807821
0.38501,0.13807821
0.38501498,0.13807821
0.38502,0.13807821
0.385025,0.13807821
0.38503,0.13807821
0.38503498,0.13807821
0.38504,0.13807821
0.385045,0.13807821
0.38505,0.13807821
0.38505498,0.13807821
0.38505998,0.13807821
0.385065,0.13807821
0.38507,0.13807821
0.385075,0.13807821
0.38507998,0.13807821
0.385085,0.13807821
0.38509,0.13807821
0.385095,0.13807821
0.38509998,0.13807821
0.38510498,0.13807821
0.38511,0.13807821
0.385115,0.13807821
0.38512,0.13807821
0.38512498,0.13807821
0.38513,0.13807821
0.385135,0.13807821
0.38514,0.13807821
0.38514498,0.13807821
0.38515,0.13807821
0.385155,0.13807821
0.38516,0.13807821
0.38516498,0.13807821
0.38516998,0.13807821
0.385175,0.13807821
0.38518,0.13807821
0.385185,0.13807821
0.38518998,0.13807821
0.385195,0.13807821
0.3852,0.13807821
0.385205,0.13807821
0.38520998,0.13807821
0.38521498,0.13807821
0.38522,0.13807821
0.385225,0.13807821
0.38523,0.13807821
0.38523498,0.13807821
0.38524,0.13807821
0.385245,0.13807821
0.38525,0.13807821
0.38525498,0.13807821
0.38526,0.13807821
0.385265,0.13807821
0.38527,0.13807821
0.38527498,0.13807821
0.38527998,0.13807821
0.385285,0.13807821
0.38529,0.13807821
0.385295,0.13807821
0.38529998,0.13807821
0.385305,0.13807821
0.38531,0.13807821
0.385315,0.13807821
0.38531998,0.13807821
0.38532498,0.13807821
0.38533,0.13807821
0.385335,0.13807821
0.38534,0.13807821
0.38534498,0.13807821
0.38535,0.13807821
0.385355,0.13807821
0.38536,0.13807821
0.38536498,0.13807821
0.38537,0.13807821
0.385375,0.13807821
0.38538,0.13807821
0.38538498,0.13807821
0.38538998,0.13807821
0.385395,0.13807821
0.3854,0.13807821
0.385405,0.13807821
0.38540998,0.13807821
0.385415,0.13807821
0.38542,0.13807821
0.385425,0.13807821
0.38542998,0.13807821
0.385435,0.64662313
0.38544,5.824537
0.385445,5.9169993
0.38544998,5.9169993
0.38545498,5.9169993
0.38546,5.9169993
0.385465,5.9169993
0.38547,5.9169993
0.38547498,5.9169993
0.38548,5.9169993
0.385485,5.9169993
0.38549,5.9169993
0.38549498,5.9169993
0.38549998,5.9169993
0.385505,5.9169993
0.38551,5.9169993
0.385515,5.9169993
0.38551998,5.9169993
0.385525,5.9169993
0.38553,5.9169993
0.385535,5.9169993
0.38553998,5.9169993
0.385545,5.9169993
0.38555,5.9169993
0.385555,5.9169993
0.38555998,5.9169993
0.38556498,5.9169993
0.38557,5.9169993
0.385575,5.9169993
0.38558,5.9169993
0.38558498,5.9169993
0.38559,5.9169993
0.385595,5.9169993
0.3856,5.9169993
0.38560498,5.9169993
0.38560998,5.9169993
0.385615,5.9169993
0.38562,5.9169993
0.385625,5.9169993
0.38562998,5.9169993
0.385635,5.9169993
0.38564,5.9169993
0.385645,5.9169993
0.38564998,5.9169993
0.385655,5.9169993
0.38566,5.9169993
0.385665,5.9169993
0.38566998,5.9169993
0.38567498,5.9169993
0.38568,5.9169993
0.385685,5.9169993
0.38569,5.9169993
0.38569498,5.9169993
0.3857,5.9169993
0.385705,5.9169993
0.38571,5.9169993
0.38571498,5.9169993
0.38571998,5.9169993
0.385725,5.9169993
0.38573,5.9169993
0.385735,5.9169993
0.38573998,5.9169993
0.385745,5.9169993
0.38575,5.9169993
0.385755,5.9169993
0.38575998,5.9169993
0.385765,5.9169993
0.38577,5.9169993
0.385775,5.9169993
0.38577998,5.9169993
0.38578498,5.9169993
0.38579,5.9169993
0.385795,5.9169993
0.3858,5.9169993
0.38580498,5.9169993
0.38581,5.9169993
0.385815,5.9169993
0.38582,5.9169993
0.38582498,5.9169993
0.38583,5.9169993
0.385835,5.9169993
0.38584,5.9169993
0.38584498,5.9169993
0.38584998,5.9169993
0.385855,5.9169993
0.38586,5.9169993
0.385865,5.9169993
0.38586998,5.9169993
0.385875,5.9169993
0.38588,5.9169993
0.385885,5.9169993
0.38588998,5.9169993
0.38589498,5.9169993
0.3859,5.9169993
0.385905,0.3230033
0.38591,0.27677202
0.38591498,0.27677202
0.38592,0.23054075
0.385925,0.23054075
0.38593,0.184309
0.38593498,0.184309
0.38594,0.184309
0.385945,0.184309
0.38595,0.13807821
0.38595498,0.13807821
0.38595998,0.13807821
0.385965,0.13807821
0.38597,0.13807821
0.385975,0.13807821
0.38597998,0.13807821
0.385985,0.13807821
0.38599,0.13807821
0.385995,0.13807821
0.38599998,0.13807821
0.38600498,0.13807821
0.38601,0.13807821
0.386015,0.13807821
0.38602,0.13807821
0.38602498,0.13807821
0.38603,0.13807821
0.386035,0.13807821
0.38604,0.13807821
0.38604498,0.13807821
0.38605,0.13807821
0.386055,0.13807821
0.38606,0.13807821
0.38606498,0.13807821
0.38606998,0.13807821
0.386075,0.13807821
0.38608,0.13807821
0.386085,0.13807821
0.38608998,0.13807821
0.386095,0.13807821
0.3861,0.13807821
0.386105,0.13807821
0.38610998,0.13807821
0.38611498,0.13807821
0.38612,0.13807821
0.386125,0.13807821
0.38613,0.13807821
0.38613498,0.13807821
0.38614,0.13807821
0.386145,0.13807821
0.38615,0.13807821
0.38615498,0.13807821
0.38616,0.13807821
0.386165,0.13807821
0.38617,0.13807821
0.38617498,0.13807821
0.38617998,0.13807821
0.386185,0.13807821
0.38619,0.13807821
0.386195,0.13807821
0.38619998,0.13807821
0.386205,0.13807821
0.38621,0.13807821
0.386215,0.13807821
0.38621998,0.13807821
0.386225,0.13807821
0.38623,0.13807821
0.386235,0.13807821
0.38623998,0.13807821
0.38624498,0.13807821
0.38625,0.13807821
0.386255,0.13807821
0.38626,0.13807821
0.38626498,0.13807821
0.38627,0.13807821
0.386275,0.13807821
0.38628,0.13807821
0.38628498,0.13807821
0.38628998,0.13807821
0.386295,0.13807821
0.3863,0.13807821
0.386305,0.13807821
0.38630998,0.13807821
0.386315,0.13807821
0.38632,0.13807821
0.386325,0.13807821
0.38632998,0.13807821
0.386335,0.13807821
0.38634,0.13807821
0.386345,0.13807821
0.38634998,0.13807821
0.38635498,0.13807821
0.38636,0.13807821
0.386365,0.13807821
0.38637,0.13807821
0.38637498,0.13807821
0.38638,0.13807821
0.386385,0.13807821
0.38639,0.13807821
0.38639498,0.13807821
0.38639998,0.13807821
0.386405,0.13807821
0.38641,0.13807821
0.386415,0.13807821
0.38641998,0.13807821
0.386425,0.13807821
0.38643,0.13807821
0.386435,0.13807821
0.38643998,0.13807821
0.386445,0.13807821
0.38645,0.13807821
0.386455,0.13807821
0.38645998,0.13807821
0.38646498,0.13807821
0.38647,0.13807821
0.386475,0.13807821
0.38648,0.13807821
0.38648498,0.13807821
0.38649,0.13807821
0.386495,0.13807821
0.3865,0.13807821
0.38650498,0.13807821
0.38650998,0.13807821
0.386515,0.13807821
0.38652,0.13807821
0.386525,0.13807821
0.38652998,0.13807821
0.386535,0.13807821
0.38654,0.13807821
0.386545,0.13807821
0.38654998,5.5933795
0.386555,5.9169993
0.38656,5.9169993
0.386565,5.9169993
0.38656998,5.9169993
0.38657498,5.9169993
0.38658,5.9169993
0.386585,5.9169993
0.38659,5.9169993
0.38659498,5.9169993
0.3866,5.9169993
0.386605,5.9169993
0.38661,5.9169993
0.38661498,5.9169993
0.38662,5.9169993
0.386625,5.9169993
0.38663,5.9169993
0.38663498,5.9169993
0.38663998,5.9169993
0.386645,5.9169993
0.38665,5.9169993
0.386655,5.9169993
0.38665998,5.9169993
0.386665,5.9169993
0.38667,5.9169993
0.386675,5.9169993
0.38667998,5.9169993
0.38668498,5.9169993
0.38669,5.9169993
0.386695,5.9169993
0.3867,5.9169993
0.38670498,5.9169993
0.38671,5.9169993
0.386715,5.9169993
0.38672,5.9169993
0.38672498,5.9169993
0.38673,5.9169993
0.386735,5.9169993
0.38674,5.9169993
0.38674498,5.9169993
0.38674998,5.9169993
0.386755,5.9169993
0.38676,5.9169993
0.386765,5.9169993
0.38676998,5.9169993
0.386775,5.9169993
0.38678,5.9169993
0.386785,5.9169993
0.38678998,5.9169993
0.38679498,5.9169993
0.3868,5.9169993
0.386805,5.9169993
0.38681,5.9169993
0.38681498,5.9169993
0.38682,5.9169993
0.386825,5.9169993
0.38683,5.9169993
0.38683498,5.9169993
0.38684,5.9169993
0.386845,5.9169993
0.38685,5.9169993
0.38685498,5.9169993
0.38685998,5.9169993
0.386865,5.9169993
0.38687,5.9169993
0.386875,5.9169993
0.38687998,5.9169993
0.386885,5.9169993
0.38689,5.9169993
0.386895,5.9169993
0.38689998,5.9169993
0.38690498,5.9169993
0.38691,5.9169993
0.386915,5.9169993
0.38692,5.9169993
0.38692498,5.9169993
0.38693,5.9169993
0.386935,5.9169993
0.38694,5.9169993
0.38694498,5.9169993
0.38695,5.9169993
0.386955,5.9169993
0.38696,5.9169993
0.38696498,5.9169993
0.38696998,5.9169993
0.386975,5.9169993
0.38698,5.9169993
0.386985,5.9169993
0.38698998,5.9169993
0.386995,5.9169993
0.387,5.9169993
0.387005,5.9169993
0.38700998,5.9169993
0.38701499,5.9169993
0.38702,5.9169993
0.387025,5.9169993
0.38702998,5.9169993
0.38703498,5.2697606
0.38704,0.3230033
0.387045,0.27677202
0.38705,0.23054075
0.38705498,0.23054075
0.38706,0.23054075
0.387065,0.184309
0.38707,0.184309
0.38707498,0.184309
0.38707998,0.184309
0.387085,0.13807821
0.38709,0.13807821
0.387095,0.13807821
0.38709998,0.13807821
0.387105,0.13807821
0.38711,0.13807821
0.387115,0.13807821
0.38711998,0.13807821
0.387125,0.13807821
0.38713,0.13807821
0.387135,0.13807821
0.38713998,0.13807821
0.38714498,0.13807821
0.38715,0.13807821
0.387155,0.13807821
0.38716,0.13807821
0.38716498,0.13807821
0.38717,0.13807821
0.387175,0.13807821
0.38718,0.13807821
0.38718498,0.13807821
0.38718998,0.13807821
0.387195,0.13807821
0.3872,0.13807821
0.387205,0.13807821
0.38720998,0.13807821
0.387215,0.13807821
0.38722,0.13807821
0.387225,0.13807821
0.38722998,0.13807821
0.387235,0.13807821
0.38724,0.13807821
0.387245,0.13807821
0.38724998,0.13807821
0.38725498,0.13807821
0.38726,0.13807821
0.387265,0.13807821
0.38727,0.13807821
0.38727498,0.13807821
0.38728,0.13807821
0.387285,0.13807821
0.38729,0.13807821
0.38729498,0.13807821
0.38729998,0.13807821
0.387305,0.13807821
0.38731,0.13807821
0.387315,0.13807821
0.38731998,0.13807821
0.387325,0.13807821
0.38733,0.13807821
0.387335,0.13807821
0.38733998,0.13807821
0.387345,0.13807821
0.38735,0.13807821
0.387355,0.13807821
0.38735998,0.13807821
0.38736498,0.13807821
0.38737,0.13807821
0.387375,0.13807821
0.38738,0.13807821
0.38738498,0.13807821
0.38739,0.13807821
0.387395,0.13807821
0.3874,0.13807821
0.38740498,0.13807821
0.38740999,0.13807821
0.387415,0.13807821
0.38742,0.13807821
0.38742498,0.13807821
0.38742998,0.13807821
0.387435,0.13807821
0.38744,0.13807821
0.387445,0.13807821
0.38744998,0.13807821
0.387455,0.13807821
0.38746,0.13807821
0.387465,0.13807821
0.38746998,0.13807821
0.38747498,0.13807821
0.38748,0.13807821
0.387485,0.13807821
0.38749,0.13807821
0.38749498,0.13807821
0.3875,0.13807821
0.387505,0.13807821
0.38751,0.13807821
0.38751498,0.13807821
0.38752,0.13807821
0.387525,0.13807821
0.38753,0.13807821
0.38753498,0.13807821
0.38753998,0.13807821
0.387545,0.13807821
0.38755,0.13807821
0.387555,0.13807821
0.38755998,0.13807821
0.387565,0.13807821
0.38757,0.13807821
0.387575,0.13807821
0.38757998,0.13807821
0.38758498,0.13807821
0.38759,0.13807821
0.387595,0.13807821
0.3876,0.13807821
0.38760498,0.13807821
0.38761,0.13807821
0.387615,0.13807821
0.38762,0.13807821
0.38762498,0.13807821
0.38763,0.13807821
0.387635,0.13807821
0.38764,0.13807821
0.38764498,0.13807821
0.38764998,0.13807821
0.387655,0.13807821
0.38766,0.13807821
0.387665,0.13807821
0.38766998,0.13807821
0.387675,0.13807821
0.38768,5.4084544
0.387685,5.9169993
0.38768998,5.9169993
0.38769498,5.9169993
0.3877,5.9169993
0.387705,5.9169993
0.38771,5.9169993
0.38771498,5.9169993
0.38772,5.9169993
0.387725,5.9169993
0.38773,5.9169993
0.38773498,5.9169993
0.38774,5.9169993
0.387745,5.9169993
0.38775,5.9169993
0.38775498,5.9169993
0.38775998,5.9169993
0.387765,5.9169993
0.38777,5.9169993
0.387775,5.9169993
0.38777998,5.9169993
0.387785,5.9169993
0.38779,5.9169993
0.387795,5.9169993
0.38779998,5.9169993
0.38780499,5.9169993
0.38781,5.9169993
0.387815,5.9169993
0.38781998,5.9169993
0.38782498,5.9169993
0.38783,5.9169993
0.387835,5.9169993
0.38784,5.9169993
0.38784498,5.9169993
0.38785,5.9169993
0.387855,5.9169993
0.38786,5.9169993
0.38786498,5.9169993
0.38786998,5.9169993
0.387875,5.9169993
0.38788,5.9169993
0.387885,5.9169993
0.38788998,5.9169993
0.387895,5.9169993
0.3879,5.9169993
0.387905,5.9169993
0.38790998,5.9169993
0.387915,5.9169993
0.38792,5.9169993
0.387925,5.9169993
0.38792998,5.9169993
0.38793498,5.9169993
0.38794,5.9169993
0.387945,5.9169993
0.38795,5.9169993
0.38795498,5.9169993
0.38796,5.9169993
0.387965,5.9169993
0.38797,5.9169993
0.38797498,5.9169993
0.38797998,5.9169993
0.387985,5.9169993
0.38799,5.9169993
0.387995,5.9169993
0.38799998,5.9169993
0.388005,5.9169993
0.38801,5.9169993
0.388015,5.9169993
0.38801998,5.9169993
0.388025,5.9169993
0.38803,5.9169993
0.388035,5.9169993
0.38803998,5.9169993
0.38804498,5.9169993
0.38805,5.9169993
0.388055,5.9169993
0.38806,5.9169993
0.38806498,5.9169993
0.38807,5.9169993
0.388075,5.9169993
0.38808,5.9169993
0.38808498,5.9169993
0.38808998,5.9169993
0.388095,5.9169993
0.3881,5.9169993
0.388105,5.9169993
0.38810998,5.9169993
0.388115,5.9169993
0.38812,5.9169993
0.388125,5.9169993
0.38812998,5.9169993
0.388135,5.9169993
0.38814,5.9169993
0.388145,5.9169993
0.38814998,5.9169993
0.38815498,5.9169993
0.38816,5.9169993
0.388165,5.9169993
0.38817,5.9169993
0.38817498,5.9169993
0.38818,5.9169993
0.388185,5.9169993
0.38819,5.9169993
0.38819498,5.9169993
0.38819999,5.9169993
0.388205,5.9169993
0.38821,5.9169993
0.38821498,5.9169993
0.38821998,5.9169993
0.388225,5.9169993
0.38823,5.9169993
0.388235,5.9169993
0.38823998,5.9169993
0.388245,5.9169993
0.38825,5.9169993
0.388255,5.9169993
0.38825998,5.9169993
0.38826498,5.9169993
0.38827,5.9169993
0.388275,5.9169993
0.38828,5.9169993
0.38828498,5.9169993
0.38829,5.9169993
0.388295,5.9169993
0.3883,5.9169993
0.38830498,5.9169993
0.38831,5.9169993
0.388315,5.9169993
0.38832,5.9169993
0.38832498,5.9169993
0.38832998,5.9169993
0.388335,5.9169993
0.38834,5.9169993
0.388345,5.9169993
0.38834998,5.9169993
0.388355,5.9169993
0.38836,5.9169993
0.388365,5.9169993
0.38836998,5.9169993
0.38837498,5.9169993
0.38838,5.9169993
0.388385,5.9169993
0.38839,5.9169993
0.38839498,5.9169993
0.3884,5.9169993
0.388405,5.9169993
0.38841,5.9169993
0.38841498,5.9169993
0.38842,5.9169993
0.388425,5.9169993
0.38843,5.9169993
0.38843498,5.9169993
0.38843998,5.9169993
0.388445,5.9169993
0.38845,5.9169993
0.388455,5.9169993
0.38845998,5.9169993
0.388465,5.9169993
0.38847,5.9169993
0.388475,5.9169993
0.38847998,5.9169993
0.38848498,5.9169993
0.38849,5.9169993
0.388495,5.9169993
0.3885,5.9169993
0.38850498,5.9169993
0.38851,5.9169993
0.388515,5.9169993
0.38852,5.9169993
0.38852498,5.9169993
0.38853,5.9169993
0.388535,5.9169993
0.38854,5.9169993
0.38854498,5.9169993
0.38854998,5.9169993
0.388555,5.9169993
0.38856,5.9169993
0.388565,5.9169993
0.38856998,5.9169993
0.388575,5.9169993
0.38858,5.9169993
0.388585,5.9169993
0.38858998,5.9169993
0.38859499,5.9169993
0.3886,5.9169993
0.388605,5.9169993
0.38860998,5.9169993
0.38861498,5.9169993
0.38862,5.9169993
0.388625,5.9169993
0.38863,5.9169993
0.38863498,5.9169993
0.38864,5.9169993
0.388645,5.9169993
0.38865,5.9169993
0.38865498,5.9169993
0.38865998,5.9169993
0.388665,5.9169993
0.38867,5.9169993
0.388675,5.9169993
0.38867998,5.9169993
0.388685,5.9169993
0.38869,5.9169993
0.388695,5.9169993
0.38869998,5.9169993
0.388705,5.9169993
0.38871,5.9169993
0.388715,5.9169993
0.38871998,5.9169993
0.38872498,5.9169993
0.38873,5.9169993
0.388735,5.9169993
0.38874,5.9169993
0.38874498,5.9169993
0.38875,5.9169993
0.388755,5.9169993
0.38876,5.9169993
0.38876498,5.9169993
0.38876998,5.9169993
0.388775,5.9169993
0.38878,5.9169993
0.388785,5.9169993
0.38878998,5.9169993
0.388795,5.9169993
0.3888,5.9169993
0.388805,5.9169993
0.38880998,5.9169993
0.388815,5.9169993
0.38882,5.9169993
0.388825,5.9169993
0.38882998,5.9169993
0.38883498,5.9169993
0.38884,5.9169993
0.388845,5.9169993
0.38885,5.9169993
0.38885498,5.9169993
0.38886,5.9169993
0.388865,5.9169993
0.38887,5.9169993
0.38887498,5.9169993
0.38887998,5.9169993
0.388885,5.9169993
0.38889,5.9169993
0.388895,5.9169993
0.38889998,5.9169993
0.388905,5.9169993
0.38891,5.9169993
0.388915,5.9169993
0.38891998,5.9169993
0.388925,5.9169993
0.38893,5.9169993
0.388935,5.9169993
0.38893998,5.9169993
0.38894498,5.9169993
0.38895,5.9169993
0.388955,5.9169993
0.38896,5.9169993
0.38896498,5.9169993
0.38897,5.9169993
0.388975,5.9169993
0.38898,5.9169993
0.38898498,5.9169993
0.38898998,5.9169993
0.388995,5.9169993
0.389,5.9169993
0.38900498,5.9169993
0.38900998,5.9169993
0.389015,5.9169993
0.38902,5.9169993
0.389025,5.9169993
0.38902998,5.9169993
0.389035,5.9169993
0.38904,5.9169993
0.389045,5.9169993
0.38904998,5.9169993
0.38905498,5.9169993
0.38906,5.9169993
0.389065,5.9169993
0.38907,5.9169993
0.38907498,5.9169993
0.38908,5.9169993
0.389085,5.9169993
0.38909,5.9169993
0.38909498,5.9169993
0.3891,5.9169993
0.389105,5.9169993
0.38911,5.9169993
0.38911498,5.9169993
0.38911998,5.9169993
0.389125,5.9169993
0.38913,5.9169993
0.389135,5.9169993
0.38913998,5.9169993
0.389145,5.9169993
0.38915,5.9169993
0.389155,5.9169993
0.38915998,5.9169993
0.38916498,5.9169993
0.38917,5.9169993
0.389175,5.9169993
0.38918,5.9169993
0.38918498,5.9169993
0.38919,5.9169993
0.389195,5.9169993
0.3892,5.9169993
0.38920498,5.9169993
0.38921,5.9169993
0.389215,5.9169993
0.38922,5.9169993
0.38922498,5.9169993
0.38922998,5.9169993
0.389235,5.9169993
0.38924,5.9169993
0.389245,5.9169993
0.38924998,5.9169993
0.389255,5.9169993
0.38926,5.9169993
0.389265,5.9169993
0.38926998,2.126027
0.38927498,0.3230033
0.38928,0.27677202
0.389285,0.23054075
0.38929,0.23054075
0.38929498,0.184309
0.3893,0.184309
0.389305,0.184309
0.38931,0.184309
0.38931498,0.184309
0.38932,0.13807821
0.389325,0.13807821
0.38933,0.13807821
0.38933498,0.13807821
0.38933998,0.13807821
0.389345,0.13807821
0.38935,0.13807821
0.389355,0.13807821
0.38935998,0.13807821
0.389365,0.13807821
0.38937,0.13807821
0.389375,0.13807821
0.38937998,0.13807821
0.38938498,0.13807821
0.38939,0.13807821
0.389395,0.13807821
0.38939998,0.13807821
0.38940498,0.13807821
0.38941,0.13807821
0.389415,0.13807821
0.38942,0.13807821
0.38942498,0.13807821
0.38943,0.13807821
0.389435,0.13807821
0.38944,0.13807821
0.38944498,0.13807821
0.38944998,0.13807821
0.389455,0.13807821
0.38946,0.13807821
0.389465,0.13807821
0.38946998,0.13807821
0.389475,0.13807821
0.38948,0.13807821
0.389485,0.13807821
0.38948998,0.13807821
0.389495,0.13807821
0.3895,0.13807821
0.389505,0.13807821
0.38950998,0.13807821
0.38951498,0.13807821
0.38952,0.13807821
0.389525,0.13807821
0.38953,0.13807821
0.38953498,0.13807821
0.38954,0.13807821
0.389545,0.13807821
0.38955,0.13807821
0.38955498,0.13807821
0.38955998,0.13807821
0.389565,0.13807821
0.38957,0.13807821
0.389575,0.13807821
0.38957998,0.13807821
0.389585,0.13807821
0.38959,0.13807821
0.389595,0.13807821
0.38959998,0.13807821
0.389605,0.13807821
0.38961,0.13807821
0.389615,0.13807821
0.38961998,0.13807821
0.38962498,0.13807821
0.38963,0.13807821
0.389635,0.13807821
0.38964,0.13807821
0.38964498,0.13807821
0.38965,0.13807821
0.389655,0.13807821
0.38966,0.13807821
0.38966498,0.13807821
0.38966998,0.13807821
0.389675,0.13807821
0.38968,0.13807821
0.389685,0.13807821
0.38968998,0.13807821
0.389695,0.13807821
0.3897,0.13807821
0.389705,0.13807821
0.38970998,0.13807821
0.389715,0.13807821
0.38972,0.13807821
0.389725,0.13807821
0.38972998,0.13807821
0.38973498,0.13807821
0.38974,0.13807821
0.389745,0.13807821
0.38975,0.13807821
0.38975498,0.13807821
0.38976,0.13807821
0.389765,0.13807821
0.38977,0.13807821
0.38977498,0.13807821
0.38977998,0.13807821
0.389785,0.13807821
0.38979,0.13807821
0.38979498,0.13807821
0.38979998,0.13807821
0.389805,0.13807821
0.38981,0.13807821
0.389815,0.13807821
0.38981998,0.13807821
0.389825,0.13807821
0.38983,0.13807821
0.389835,0.13807821
0.38983998,0.13807821
0.38984498,0.13807821
0.38985,0.13807821
0.389855,0.13807821
0.38986,0.13807821
0.38986498,0.13807821
0.38987,0.13807821
0.389875,0.13807821
0.38988,0.13807821
0.38988498,0.13807821
0.38989,0.13807821
0.389895,4.3913646
0.3899,5.9169993
0.38990498,5.9169993
0.38990998,5.9169993
0.389915,5.9169993
0.38992,5.9169993
0.389925,5.9169993
0.38992998,5.9169993
0.389935,5.9169993
0.38994,5.9169993
0.389945,5.9169993
0.38994998,5.9169993
0.38995498,5.9169993
0.38996,5.9169993
0.389965,5.9169993
0.38997,5.9169993
0.38997498,5.9169993
0.38998,5.9169993
0.389985,5.9169993
0.38999,5.9169993
0.38999498,5.9169993
0.39,5.9169993
0.390005,5.9169993
0.39001,5.9169993
0.39001498,5.9169993
0.39001998,5.9169993
0.390025,5.9169993
0.39003,5.9169993
0.390035,5.9169993
0.39003998,5.9169993
0.390045,5.9169993
0.39005,5.9169993
0.390055,5.9169993
0.39005998,5.9169993
0.39006498,5.9169993
0.39007,5.9169993
0.390075,5.9169993
0.39008,5.9169993
0.39008498,5.9169993
0.39009,5.9169993
0.390095,5.9169993
0.3901,5.9169993
0.39010498,5.9169993
0.39011,5.9169993
0.390115,5.9169993
0.39012,5.9169993
0.39012498,5.9169993
0.39012998,5.9169993
0.390135,5.9169993
0.39014,5.9169993
0.390145,5.9169993
0.39014998,5.9169993
0.390155,5.9169993
0.39016,5.9169993
0.390165,5.9169993
0.39016998,5.9169993
0.39017498,5.9169993
0.39018,5.9169993
0.390185,5.9169993
0.39018998,5.9169993
0.39019498,5.9169993
0.3902,5.9169993
0.390205,5.9169993
0.39021,5.9169993
0.39021498,5.9169993
0.39022,5.9169993
0.390225,5.9169993
0.39023,5.9169993
0.39023498,5.9169993
0.39023998,5.9169993
0.390245,5.9169993
0.39025,5.9169993
0.390255,5.9169993
0.39025998,5.9169993
0.390265,5.9169993
0.39027,5.9169993
0.390275,5.9169993
0.39027998,5.9169993
0.390285,5.9169993
0.39029,5.9169993
0.390295,5.9169993
0.39029998,5.9169993
0.39030498,5.9169993
0.39031,5.9169993
0.390315,5.9169993
0.39032,5.9169993
0.39032498,5.9169993
0.39033,5.9169993
0.390335,5.9169993
0.39034,5.9169993
0.39034498,5.9169993
0.39034998,5.9169993
0.390355,5.9169993
0.39036,5.9169993
0.390365,5.9169993
0.39036998,5.9169993
0.390375,5.9169993
0.39038,5.9169993
0.390385,5.9169993
0.39038998,0.8315482
0.390395,0.27677202
0.3904,0.27677202
0.390405,0.23054075
0.39040998,0.23054075
0.39041498,0.184309
0.39042,0.184309
0.390425,0.184309
0.39043,0.184309
0.39043498,0.184309
0.39044,0.13807821
0.390445,0.13807821
0.39045,0.13807821
0.39045498,0.13807821
0.39045998,0.13807821
0.390465,0.13807821
0.39047,0.13807821
0.390475,0.13807821
0.39047998,0.13807821
0.390485,0.13807821
0.39049,0.13807821
0.390495,0.13807821
0.39049998,0.13807821
0.390505,0.13807821
0.39051,0.13807821
0.390515,0.13807821
0.39051998,0.13807821
0.39052498,0.13807821
0.39053,0.13807821
0.390535,0.13807821
0.39054,0.13807821
0.39054498,0.13807821
0.39055,0.13807821
0.390555,0.13807821
0.39056,0.13807821
0.39056498,0.13807821
0.39056998,0.13807821
0.390575,0.13807821
0.39058,0.13807821
0.39058498,0.13807821
0.39058998,0.13807821
0.390595,0.13807821
0.3906,0.13807821
0.390605,0.13807821
0.39060998,0.13807821
0.390615,0.13807821
0.39062,0.13807821
0.390625,0.13807821
0.39062998,0.13807821
0.39063498,0.13807821
0.39064,0.13807821
0.390645,0.13807821
0.39065,0.13807821
0.39065498,0.13807821
0.39066,0.13807821
0.390665,0.13807821
0.39067,0.13807821
0.39067498,0.13807821
0.39068,0.13807821
0.390685,0.13807821
0.39069,0.13807821
0.39069498,0.13807821
0.39069998,0.13807821
0.390705,0.13807821
0.39071,0.13807821
0.390715,0.13807821
0.39071998,0.13807821
0.390725,0.13807821
0.39073,0.13807821
0.390735,0.13807821
0.39073998,0.13807821
0.39074498,0.13807821
0.39075,0.13807821
0.390755,0.13807821
0.39076,0.13807821
0.39076498,0.13807821
0.39077,0.13807821
0.390775,0.13807821
0.39078,0.13807821
0.39078498,0.13807821
0.39079,0.13807821
0.390795,0.13807821
0.3908,0.13807821
0.39080498,0.13807821
0.39080998,0.13807821
0.390815,0.13807821
0.39082,0.13807821
0.390825,0.13807821
0.39082998,0.13807821
0.390835,0.13807821
0.39084,0.13807821
0.390845,0.13807821
0.39084998,0.13807821
0.39085498,0.13807821
0.39086,0.13807821
0.390865,0.13807821
0.39087,0.13807821
0.39087498,0.13807821
0.39088,0.13807821
0.390885,0.13807821
0.39089,0.13807821
0.39089498,0.13807821
0.3909,0.13807821
0.390905,0.13807821
0.39091,0.13807821
0.39091498,0.13807821
0.39091998,0.13807821
0.390925,0.13807821
0.39093,0.13807821
0.390935,0.13807821
0.39093998,0.13807821
0.390945,0.13807821
0.39095,0.13807821
0.390955,0.13807821
0.39095998,0.13807821
0.39096498,0.13807821
0.39097,0.13807821
0.390975,0.13807821
0.39097998,0.13807821
0.39098498,0.13807821
0.39099,0.13807821
0.390995,0.13807821
0.391,0.13807821
0.39100498,5.4546857
0.39101,5.9169993
0.391015,5.9169993
0.39102,5.9169993
0.39102498,5.9169993
0.39102998,5.9169993
0.391035,5.9169993
0.39104,5.9169993
0.391045,5.9169993
0.39104998,5.9169993
0.391055,5.9169993
0.39106,5.9169993
0.391065,5.9169993
0.39106998,5.9169993
0.391075,5.9169993
0.39108,5.9169993
0.391085,5.9169993
0.39108998,5.9169993
0.39109498,5.9169993
0.3911,5.9169993
0.391105,5.9169993
0.39111,5.9169993
0.39111498,5.9169993
0.39112,5.9169993
0.391125,5.9169993
0.39113,5.9169993
0.39113498,5.9169993
0.39113998,5.9169993
0.391145,5.9169993
0.39115,5.9169993
0.391155,5.9169993
0.39115998,5.9169993
0.391165,5.9169993
0.39117,5.9169993
0.391175,5.9169993
0.39117998,5.9169993
0.391185,5.9169993
0.39119,5.9169993
0.391195,5.9169993
0.39119998,5.9169993
0.39120498,5.9169993
0.39121,5.9169993
0.391215,5.9169993
0.39122,5.9169993
0.39122498,5.9169993
0.39123,5.9169993
0.391235,5.9169993
0.39124,5.9169993
0.39124498,5.9169993
0.39124998,5.9169993
0.391255,5.9169993
0.39126,5.9169993
0.391265,5.9169993
0.39126998,5.9169993
0.391275,5.9169993
0.39128,5.9169993
0.391285,5.9169993
0.39128998,5.9169993
0.391295,5.9169993
0.3913,5.9169993
0.391305,5.9169993
0.39130998,5.9169993
0.39131498,5.9169993
0.39132,5.9169993
0.391325,5.9169993
0.39133,5.9169993
0.39133498,5.9169993
0.39134,5.9169993
0.391345,5.9169993
0.39135,5.9169993
0.39135498,5.9169993
0.39135998,5.9169993
0.391365,5.9169993
0.39137,5.9169993
0.39137498,5.9169993
0.39137998,5.9169993
0.391385,5.9169993
0.39139,5.9169993
0.391395,5.9169993
0.39139998,5.9169993
0.391405,5.9169993
0.39141,5.9169993
0.391415,5.9169993
0.39141998,5.9169993
0.39142498,5.9169993
0.39143,5.9169993
0.391435,5.9169993
0.39144,5.9169993
0.39144498,5.9169993
0.39145,5.9169993
0.391455,5.9169993
0.39146,5.9169993
0.39146498,5.9169993
0.39147,5.9169993
0.391475,5.9169993
0.39148,5.9169993
0.39148498,5.9169993
0.39148998,5.9169993
0.391495,5.9169993
0.3915,5.9169993
0.391505,5.9169993
0.39150998,5.9169993
0.391515,5.9169993
0.39152,5.9169993
0.391525,5.9169993
0.39152998,5.9169993
0.39153498,5.9169993
0.39154,5.9169993
0.391545,5.9169993
0.39155,5.9169993
0.39155498,5.9169993
0.39156,5.9169993
0.391565,5.9169993
0.39157,5.9169993
0.39157498,5.9169993
0.39158,5.9169993
0.391585,5.9169993
0.39159,5.9169993
0.39159498,5.9169993
0.39159998,5.9169993
0.391605,5.9169993
0.39161,5.9169993
0.391615,5.9169993
0.39161998,5.9169993
0.391625,5.9169993
0.39163,5.9169993
0.391635,5.9169993
0.39163998,5.9169993
0.39164498,5.9169993
0.39165,5.9169993
0.391655,5.9169993
0.39166,5.9169993
0.39166498,5.9169993
0.39167,5.9169993
0.391675,5.9169993
0.39168,5.9169993
0.39168498,5.9169993
0.39169,5.9169993
0.391695,5.9169993
0.3917,5.9169993
0.39170498,5.9169993
0.39170998,5.9169993
0.391715,5.9169993
0.39172,5.9169993
0.391725,5.9169993
0.39172998,5.9169993
0.391735,5.9169993
0.39174,5.9169993
0.391745,5.9169993
0.39174998,5.9169993
0.39175498,5.9169993
0.39176,5.9169993
0.391765,5.9169993
0.39176998,5.9169993
0.39177498,5.9169993
0.39178,5.9169993
0.391785,5.9169993
0.39179,5.9169993
0.39179498,5.9169993
0.3918,5.9169993
0.391805,5.9169993
0.39181,5.9169993
0.39181498,5.9169993
0.39181998,5.9169993
0.391825,5.9169993
0.39183,5.9169993
0.391835,5.9169993
0.39183998,5.9169993
0.391845,5.9169993
0.39185,5.9169993
0.391855,5.9169993
0.39185998,5.9169993
0.391865,5.9169993
0.39187,5.9169993
0.391875,5.9169993
0.39187998,5.9169993
0.39188498,5.9169993
0.39189,5.9169993
0.391895,5.9169993
0.3919,5.9169993
0.39190498,5.9169993
0.39191,5.9169993
0.391915,5.9169993
0.39192,5.9169993
0.39192498,5.9169993
0.39192998,5.9169993
0.391935,5.9169993
0.39194,5.9169993
0.391945,5.9169993
0.39194998,5.9169993
0.391955,5.9169993
0.39196,5.9169993
0.391965,5.9169993
0.39196998,5.9169993
0.391975,5.9169993
0.39198,5.9169993
0.391985,5.9169993
0.39198998,5.9169993
0.39199498,5.9169993
0.392,5.9169993
0.392005,5.9169993
0.39201,5.9169993
0.39201498,5.9169993
0.39202,5.9169993
0.392025,5.9169993
0.39203,5.9169993
0.39203498,5.9169993
0.39203998,5.9169993
0.392045,5.9169993
0.39205,5.9169993
0.392055,5.9169993
0.39205998,5.9169993
0.392065,5.9169993
0.39207,5.9169993
0.392075,5.9169993
0.39207998,5.9169993
0.392085,5.9169993
0.39209,5.9169993
0.392095,5.9169993
0.39209998,5.9169993
0.39210498,5.9169993
0.39211,5.9169993
0.392115,5.9169993
0.39212,5.9169993
0.39212498,5.9169993
0.39213,5.9169993
0.392135,5.9169993
0.39214,5.9169993
0.39214498,5.9169993
0.39214998,5.9169993
0.392155,5.9169993
0.39216,5.9169993
0.39216498,5.9169993
0.39216998,5.9169993
0.392175,5.9169993
0.39218,5.9169993
0.392185,5.9169993
0.39218998,5.9169993
0.392195,5.9169993
0.3922,5.9169993
0.392205,5.9169993
0.39220998,5.9169993
0.39221498,5.9169993
0.39222,5.9169993
0.392225,5.9169993
0.39223,5.9169993
0.39223498,5.9169993
0.39224,5.9169993
0.392245,5.9169993
0.39225,5.9169993
0.39225498,5.9169993
0.39226,5.9169993
0.392265,5.9169993
0.39227,5.9169993
0.39227498,5.9169993
0.39227998,5.9169993
0.392285,5.9169993
0.39229,5.9169993
0.392295,5.9169993
0.39229998,5.9169993
0.392305,5.9169993
0.39231,5.9169993
0.392315,5.9169993
0.39231998,5.9169993
0.39232498,5.9169993
0.39233,5.9169993
0.392335,5.9169993
0.39234,5.9169993
0.39234498,5.9169993
0.39235,5.9169993
0.392355,5.9169993
0.39236,5.9169993
0.39236498,5.9169993
0.39237,5.9169993
0.392375,5.9169993
0.39238,5.9169993
0.39238498,5.9169993
0.39238998,5.9169993
0.392395,5.9169993
0.3924,5.9169993
0.392405,5.9169993
0.39240998,5.9169993
0.392415,5.9169993
0.39242,5.9169993
0.392425,5.9169993
0.39242998,5.9169993
0.39243498,5.9169993
0.39244,5.9169993
0.392445,5.9169993
0.39245,5.9169993
0.39245498,5.9169993
0.39246,5.9169993
0.392465,5.9169993
0.39247,5.9169993
0.39247498,5.9169993
0.39248,5.9169993
0.392485,5.9169993
0.39249,5.9169993
0.39249498,5.9169993
0.39249998,5.9169993
0.392505,5.9169993
0.39251,5.9169993
0.392515,5.9169993
0.39251998,5.9169993
0.392525,5.9169993
0.39253,5.9169993
0.392535,5.9169993
0.39253998,5.9169993
0.39254498,5.9169993
0.39255,5.9169993
0.392555,5.9169993
0.39255998,5.9169993
0.39256498,5.9169993
0.39257,5.9169993
0.392575,5.9169993
0.39258,5.9169993
0.39258498,5.9169993
0.39259,5.9169993
0.392595,5.9169993
0.3926,5.9169993
0.39260498,5.9169993
0.39260998,5.9169993
0.392615,5.9169993
0.39262,5.9169993
0.392625,5.9169993
0.39262998,5.9169993
0.392635,2.6808028
0.39264,0.3230033
0.392645,0.27677202
0.39264998,0.23054075
0.392655,0.23054075
0.39266,0.184309
0.392665,0.184309
0.39266998,0.184309
0.39267498,0.184309
0.39268,0.184309
0.392685,0.13807821
0.39269,0.13807821
0.39269498,0.13807821
0.3927,0.13807821
0.392705,0.13807821
0.39271,0.13807821
0.39271498,0.13807821
0.39271998,0.13807821
0.392725,0.13807821
0.39273,0.13807821
0.392735,0.13807821
0.39273998,0.13807821
0.392745,0.13807821
0.39275,0.13807821
0.392755,0.13807821
0.39275998,0.13807821
0.392765,0.13807821
0.39277,0.13807821
0.392775,0.13807821
0.39277998,0.13807821
0.39278498,0.13807821
0.39279,0.13807821
0.392795,0.13807821
0.3928,0.13807821
0.39280498,0.13807821
0.39281,0.13807821
0.392815,0.13807821
0.39282,0.13807821
0.39282498,0.13807821
0.39282998,0.13807821
0.392835,0.13807821
0.39284,0.13807821
0.392845,0.13807821
0.39284998,0.13807821
0.392855,0.13807821
0.39286,0.13807821
0.392865,0.13807821
0.39286998,0.13807821
0.392875,0.13807821
0.39288,0.13807821
0.392885,0.13807821
0.39288998,0.13807821
0.39289498,0.13807821
0.3929,0.13807821
0.392905,0.13807821
0.39291,0.13807821
0.39291498,0.13807821
0.39292,0.13807821
0.392925,0.13807821
0.39293,0.13807821
0.39293498,0.13807821
0.39293998,0.13807821
0.392945,0.13807821
0.39295,0.13807821
0.39295498,0.13807821
0.39295998,0.13807821
0.392965,0.13807821
0.39297,0.13807821
0.392975,0.13807821
0.39297998,0.13807821
0.392985,0.13807821
0.39299,0.13807821
0.392995,0.13807821
0.39299998,0.13807821
0.39300498,0.13807821
0.39301,0.13807821
0.393015,0.13807821
0.39302,0.13807821
0.39302498,0.13807821
0.39303,0.13807821
0.393035,0.13807821
0.39304,0.13807821
0.39304498,0.13807821
0.39305,0.13807821
0.393055,0.13807821
0.39306,0.13807821
0.39306498,0.13807821
0.39306998,0.13807821
0.393075,0.13807821
0.39308,0.13807821
0.393085,0.13807821
0.39308998,0.13807821
0.393095,0.13807821
0.3931,0.13807821
0.393105,0.13807821
0.39310998,0.13807821
0.39311498,0.13807821
0.39312,0.13807821
0.393125,0.13807821
0.39313,0.13807821
0.39313498,0.13807821
0.39314,0.13807821
0.393145,0.13807821
0.39315,0.13807821
0.39315498,0.13807821
0.39316,0.13807821
0.393165,0.13807821
0.39317,0.13807821
0.39317498,0.13807821
0.39317998,0.13807821
0.393185,0.13807821
0.39319,0.13807821
0.393195,0.13807821
0.39319998,0.13807821
0.393205,0.13807821
0.39321,0.13807821
0.393215,0.13807821
0.39321998,0.13807821
0.39322498,0.13807821
0.39323,0.13807821
0.393235,0.13807821
0.39324,0.13807821
0.39324498,0.13807821
0.39325,0.13807821
0.393255,0.13807821
0.39326,5.5933795
0.39326498,5.9169993
0.39327,5.9169993
0.393275,5.9169993
0.39328,5.9169993
0.39328498,5.9169993
0.39328998,5.9169993
0.393295,5.9169993
0.3933,5.9169993
0.393305,5.9169993
0.39330998,5.9169993
0.393315,5.9169993
0.39332,5.9169993
0.393325,5.9169993
0.39332998,5.9169993
0.39333498,5.9169993
0.39334,5.9169993
0.393345,5.9169993
0.39334998,5.9169993
0.39335498,5.9169993
0.39336,5.9169993
0.393365,5.9169993
0.39337,5.9169993
0.39337498,5.9169993
0.39338,5.9169993
0.393385,5.9169993
0.39339,5.9169993
0.39339498,5.9169993
0.39339998,5.9169993
0.393405,5.9169993
0.39341,5.9169993
0.393415,5.9169993
0.39341998,5.9169993
0.393425,5.9169993
0.39343,5.9169993
0.393435,5.9169993
0.39343998,5.9169993
0.393445,5.9169993
0.39345,5.9169993
0.393455,5.9169993
0.39345998,5.9169993
0.39346498,5.9169993
0.39347,5.9169993
0.393475,5.9169993
0.39348,5.9169993
0.39348498,5.9169993
0.39349,5.9169993
0.393495,5.9169993
0.3935,5.9169993
0.39350498,5.9169993
0.39350998,5.9169993
0.393515,5.9169993
0.39352,5.9169993
0.393525,5.9169993
0.39352998,5.9169993
0.393535,5.9169993
0.39354,5.9169993
0.393545,5.9169993
0.39354998,5.9169993
0.393555,5.9169993
0.39356,5.9169993
0.393565,5.9169993
0.39356998,5.9169993
0.39357498,5.9169993
0.39358,5.9169993
0.393585,5.9169993
0.39359,5.9169993
0.39359498,5.9169993
0.3936,5.9169993
0.393605,5.9169993
0.39361,5.9169993
0.39361498,5.9169993
0.39361998,5.9169993
0.393625,5.9169993
0.39363,5.9169993
0.393635,5.9169993
0.39363998,5.9169993
0.393645,5.9169993
0.39365,5.9169993
0.393655,5.9169993
0.39365998,5.9169993
0.393665,5.9169993
0.39367,5.9169993
0.393675,5.9169993
0.39367998,5.9169993
0.39368498,5.9169993
0.39369,5.9169993
0.393695,5.9169993
0.3937,5.9169993
0.39370498,5.9169993
0.39371,5.9169993
0.393715,5.9169993
0.39372,5.9169993
0.39372498,5.9169993
0.39372998,5.9169993
0.393735,5.9169993
0.39374,5.9169993
0.39374498,5.9169993
0.39374998,5.9169993
0.393755,0.3230033
0.39376,0.27677202
0.393765,0.27677202
0.39376998,0.23054075
0.393775,0.23054075
0.39378,0.184309
0.393785,0.184309
0.39378998,0.184309
0.39379498,0.184309
0.3938,0.13807821
0.393805,0.13807821
0.39381,0.13807821
0.39381498,0.13807821
0.39382,0.13807821
0.393825,0.13807821
0.39383,0.13807821
0.39383498,0.13807821
0.39384,0.13807821
0.393845,0.13807821
0.39385,0.13807821
0.39385498,0.13807821
0.39385998,0.13807821
0.393865,0.13807821
0.39387,0.13807821
0.393875,0.13807821
0.39387998,0.13807821
0.393885,0.13807821
0.39389,0.13807821
0.393895,0.13807821
0.39389998,0.13807821
0.39390498,0.13807821
0.39391,0.13807821
0.393915,0.13807821
0.39392,0.13807821
0.39392498,0.13807821
0.39393,0.13807821
0.393935,0.13807821
0.39394,0.13807821
0.39394498,0.13807821
0.39395,0.13807821
0.393955,0.13807821
0.39396,0.13807821
0.39396498,0.13807821
0.39396998,0.13807821
0.393975,0.13807821
0.39398,0.13807821
0.393985,0.13807821
0.39398998,0.13807821
0.393995,0.13807821
0.394,0.13807821
0.394005,0.13807821
0.39400998,0.13807821
0.39401498,0.13807821
0.39402,0.13807821
0.394025,0.13807821
0.39403,0.13807821
0.39403498,0.13807821
0.39404,0.13807821
0.394045,0.13807821
0.39405,0.13807821
0.39405498,0.13807821
0.39406,0.13807821
0.394065,0.13807821
0.39407,0.13807821
0.39407498,0.13807821
0.39407998,0.13807821
0.394085,0.13807821
0.39409,0.13807821
0.394095,0.13807821
0.39409998,0.13807821
0.394105,0.13807821
0.39411,0.13807821
0.394115,0.13807821
0.39411998,0.13807821
0.39412498,0.13807821
0.39413,0.13807821
0.394135,0.13807821
0.39413998,0.13807821
0.39414498,0.13807821
0.39415,0.13807821
0.394155,0.13807821
0.39416,0.13807821
0.39416498,0.13807821
0.39417,0.13807821
0.394175,0.13807821
0.39418,0.13807821
0.39418498,0.13807821
0.39418998,0.13807821
0.394195,0.13807821
0.3942,0.13807821
0.394205,0.13807821
0.39420998,0.13807821
0.394215,0.13807821
0.39422,0.13807821
0.394225,0.13807821
0.39422998,0.13807821
0.394235,0.13807821
0.39424,0.13807821
0.394245,0.13807821
0.39424998,0.13807821
0.39425498,0.13807821
0.39426,0.13807821
0.394265,0.13807821
0.39427,0.13807821
0.39427498,0.13807821
0.39428,0.13807821
0.394285,0.13807821
0.39429,0.13807821
0.39429498,0.13807821
0.39429998,0.13807821
0.394305,0.13807821
0.39431,0.13807821
0.394315,0.13807821
0.39431998,0.13807821
0.394325,0.13807821
0.39433,0.13807821
0.394335,0.13807821
0.39433998,0.13807821
0.394345,0.13807821
0.39435,0.13807821
0.394355,0.13807821
0.39435998,0.13807821
0.39436498,0.13807821
0.39437,4.8999095
0.394375,5.9169993
0.39438,5.9169993
0.39438498,5.9169993
0.39439,5.9169993
0.394395,5.9169993
0.3944,5.9169993
0.39440498,5.9169993
0.39440998,5.9169993
0.394415,5.9169993
0.39442,5.9169993
0.394425,5.9169993
0.39442998,5.9169993
0.394435,5.9169993
0.39444,5.9169993
0.394445,5.9169993
0.39444998,5.9169993
0.394455,5.9169993
0.39446,5.9169993
0.394465,5.9169993
0.39446998,5.9169993
0.39447498,5.9169993
0.39448,5.9169993
0.394485,5.9169993
0.39449,5.9169993
0.39449498,5.9169993
0.3945,5.9169993
0.394505,5.9169993
0.39451,5.9169993
0.39451498,5.9169993
0.39451998,5.9169993
0.394525,5.9169993
0.39453,5.9169993
0.39453498,5.9169993
0.39453998,5.9169993
0.394545,5.9169993
0.39455,5.9169993
0.394555,5.9169993
0.39455998,5.9169993
0.394565,5.9169993
0.39457,5.9169993
0.394575,5.9169993
0.39457998,5.9169993
0.39458498,5.9169993
0.39459,5.9169993
0.394595,5.9169993
0.3946,5.9169993
0.39460498,5.9169993
0.39461,5.9169993
0.394615,5.9169993
0.39462,5.9169993
0.39462498,5.9169993
0.39462999,5.9169993
0.394635,5.9169993
0.39464,5.9169993
0.39464498,5.9169993
0.39464998,5.9169993
0.394655,5.9169993
0.39466,5.9169993
0.394665,5.9169993
0.39466998,5.9169993
0.394675,5.9169993
0.39468,5.9169993
0.394685,5.9169993
0.39468998,5.9169993
0.39469498,5.9169993
0.3947,5.9169993
0.394705,5.9169993
0.39471,5.9169993
0.39471498,5.9169993
0.39472,5.9169993
0.394725,5.9169993
0.39473,5.9169993
0.39473498,5.9169993
0.39474,5.9169993
0.394745,5.9169993
0.39475,5.9169993
0.39475498,5.9169993
0.39475998,5.9169993
0.394765,5.9169993
0.39477,5.9169993
0.394775,5.9169993
0.39477998,5.9169993
0.394785,5.9169993
0.39479,5.9169993
0.394795,5.9169993
0.39479998,5.9169993
0.39480498,5.9169993
0.39481,5.9169993
0.394815,5.9169993
0.39482,5.9169993
0.39482498,5.9169993
0.39483,5.9169993
0.394835,5.9169993
0.39484,5.9169993
0.39484498,5.9169993
0.39485,5.9169993
0.394855,5.9169993
0.39486,5.9169993
0.39486498,5.9169993
0.39486998,5.9169993
0.394875,5.9169993
0.39488,5.9169993
0.394885,5.9169993
0.39488998,5.9169993
0.394895,5.9169993
0.3949,3.5129685
0.394905,0.3230033
0.39490998,0.27677202
0.39491498,0.23054075
0.39492,0.23054075
0.394925,0.184309
0.39492998,0.184309
0.39493498,0.184309
0.39494,0.184309
0.394945,0.184309
0.39495,0.13807821
0.39495498,0.13807821
0.39496,0.13807821
0.394965,0.13807821
0.39497,0.13807821
0.39497498,0.13807821
0.39497998,0.13807821
0.394985,0.13807821
0.39499,0.13807821
0.394995,0.13807821
0.39499998,0.13807821
0.395005,0.13807821
0.39501,0.13807821
0.395015,0.13807821
0.39501998,0.13807821
0.39502499,0.13807821
0.39503,0.13807821
0.395035,0.13807821
0.39503998,0.13807821
0.39504498,0.13807821
0.39505,0.13807821
0.395055,0.13807821
0.39506,0.13807821
0.39506498,0.13807821
0.39507,0.13807821
0.395075,0.13807821
0.39508,0.13807821
0.39508498,0.13807821
0.39508998,0.13807821
0.395095,0.13807821
0.3951,0.13807821
0.395105,0.13807821
0.39510998,0.13807821
0.395115,0.13807821
0.39512,0.13807821
0.395125,0.13807821
0.39512998,0.13807821
0.395135,0.13807821
0.39514,0.13807821
0.395145,0.13807821
0.39514998,0.13807821
0.39515498,0.13807821
0.39516,0.13807821
0.395165,0.13807821
0.39517,0.13807821
0.39517498,0.13807821
0.39518,0.13807821
0.395185,0.13807821
0.39519,0.13807821
0.39519498,0.13807821
0.39519998,0.13807821
0.395205,0.13807821
0.39521,0.13807821
0.395215,0.13807821
0.39521998,0.13807821
0.395225,0.13807821
0.39523,0.13807821
0.395235,0.13807821
0.39523998,0.13807821
0.395245,0.13807821
0.39525,0.13807821
0.395255,0.13807821
0.39525998,0.13807821
0.39526498,0.13807821
0.39527,0.13807821
0.395275,0.13807821
0.39528,0.13807821
0.39528498,0.13807821
0.39529,0.13807821
0.395295,0.13807821
0.3953,0.13807821
0.39530498,0.13807821
0.39530998,0.13807821
0.395315,0.13807821
0.39532,0.13807821
0.39532498,0.13807821
0.39532998,0.13807821
0.395335,0.13807821
0.39534,0.13807821
0.395345,0.13807821
0.39534998,0.13807821
0.395355,0.13807821
0.39536,0.13807821
0.395365,0.13807821
0.39536998,0.13807821
0.39537498,0.13807821
0.39538,0.13807821
0.395385,0.13807821
0.39539,0.13807821
0.39539498,0.13807821
0.3954,0.13807821
0.395405,0.13807821
0.39541,0.13807821
0.39541498,0.13807821
0.39541999,0.13807821
0.395425,0.13807821
0.39543,0.13807821
0.39543498,0.13807821
0.39543998,0.13807821
0.395445,0.13807821
0.39545,0.13807821
0.395455,0.13807821
0.39545998,0.13807821
0.395465,0.13807821
0.39547,0.13807821
0.395475,0.13807821
0.39547998,0.13807821
0.39548498,0.13807821
0.39549,0.13807821
0.395495,0.13807821
0.3955,0.13807821
0.39550498,0.13807821
0.39551,0.13807821
0.395515,0.13807821
0.39552,0.13807821
0.39552498,0.13807821
0.39553,0.13807821
0.395535,0.13807821
0.39554,0.13807821
0.39554498,0.13807821
0.39554998,0.13807821
0.395555,4.437596
0.39556,5.9169993
0.395565,5.9169993
0.39556998,5.9169993
0.395575,5.9169993
0.39558,5.9169993
0.395585,5.9169993
0.39558998,5.9169993
0.39559498,5.9169993
0.3956,5.9169993
0.395605,5.9169993
0.39561,5.9169993
0.39561498,5.9169993
0.39562,5.9169993
0.395625,5.9169993
0.39563,5.9169993
0.39563498,5.9169993
0.39564,5.9169993
0.395645,5.9169993
0.39565,5.9169993
0.39565498,5.9169993
0.39565998,5.9169993
0.395665,5.9169993
0.39567,5.9169993
0.395675,5.9169993
0.39567998,5.9169993
0.395685,5.9169993
0.39569,5.9169993
0.395695,5.9169993
0.39569998,5.9169993
0.39570498,5.9169993
0.39571,5.9169993
0.395715,5.9169993
0.39571998,5.9169993
0.39572498,5.9169993
0.39573,5.9169993
0.395735,5.9169993
0.39574,5.9169993
0.39574498,5.9169993
0.39575,5.9169993
0.395755,5.9169993
0.39576,5.9169993
0.39576498,5.9169993
0.39576998,5.9169993
0.395775,5.9169993
0.39578,5.9169993
0.395785,5.9169993
0.39578998,5.9169993
0.395795,5.9169993
0.3958,5.9169993
0.395805,5.9169993
0.39580998,5.9169993
0.39581499,5.9169993
0.39582,5.9169993
0.395825,5.9169993
0.39582998,5.9169993
0.39583498,5.9169993
0.39584,5.9169993
0.395845,5.9169993
0.39585,5.9169993
0.39585498,5.9169993
0.39586,5.9169993
0.395865,5.9169993
0.39587,5.9169993
0.39587498,5.9169993
0.39587998,5.9169993
0.395885,5.9169993
0.39589,5.9169993
0.395895,5.9169993
0.39589998,5.9169993
0.395905,5.9169993
0.39591,5.9169993
0.395915,5.9169993
0.39591998,5.9169993
0.395925,5.9169993
0.39593,5.9169993
0.395935,5.9169993
0.39593998,5.9169993
0.39594498,5.9169993
0.39595,5.9169993
0.395955,5.9169993
0.39596,5.9169993
0.39596498,5.9169993
0.39597,5.9169993
0.395975,5.9169993
0.39598,3.0044227
0.39598498,0.3230033
0.39598998,0.27677202
0.395995,0.23054075
0.396,0.23054075
0.396005,0.184309
0.39600998,0.184309
0.396015,0.184309
0.39602,0.184309
0.396025,0.184309
0.39602998,0.13807821
0.396035,0.13807821
0.39604,0.13807821
0.396045,0.13807821
0.39604998,0.13807821
0.39605498,0.13807821
0.39606,0.13807821
0.396065,0.13807821
0.39607,0.13807821
0.39607498,0.13807821
0.39608,0.13807821
0.396085,0.13807821
0.39609,0.13807821
0.39609498,0.13807821
0.39609998,0.13807821
0.396105,0.13807821
0.39611,0.13807821
0.39611498,0.13807821
0.39611998,0.13807821
0.396125,0.13807821
0.39613,0.13807821
0.396135,0.13807821
0.39613998,0.13807821
0.396145,0.13807821
0.39615,0.13807821
0.396155,0.13807821
0.39615998,0.13807821
0.39616498,0.13807821
0.39617,0.13807821
0.396175,0.13807821
0.39618,0.13807821
0.39618498,0.13807821
0.39619,0.13807821
0.396195,0.13807821
0.3962,0.13807821
0.39620498,0.13807821
0.39620999,0.13807821
0.396215,0.13807821
0.39622,0.13807821
0.39622498,0.13807821
0.39622998,0.13807821
0.396235,0.13807821
0.39624,0.13807821
0.396245,0.13807821
0.39624998,0.13807821
0.396255,0.13807821
0.39626,0.13807821
0.396265,0.13807821
0.39626998,0.13807821
0.39627498,0.13807821
0.39628,0.13807821
0.396285,0.13807821
0.39629,0.13807821
0.39629498,0.13807821
0.3963,0.13807821
0.396305,0.13807821
0.39631,0.13807821
0.39631498,0.13807821
0.39632,0.13807821
0.396325,0.13807821
0.39633,0.13807821
0.39633498,0.13807821
0.39633998,0.13807821
0.396345,0.13807821
0.39635,0.13807821
0.396355,0.13807821
0.39635998,0.13807821
0.396365,0.13807821
0.39637,0.13807821
0.396375,0.13807821
0.39637998,0.13807821
0.39638498,0.13807821
0.39639,0.13807821
0.396395,0.13807821
0.3964,0.13807821
0.39640498,0.13807821
0.39641,0.13807821
0.396415,0.13807821
0.39642,0.13807821
0.39642498,0.13807821
0.39643,0.13807821
0.396435,0.13807821
0.39644,0.13807821
0.39644498,0.13807821
0.39644998,0.13807821
0.396455,0.13807821
0.39646,0.13807821
0.396465,0.13807821
0.39646998,0.13807821
0.396475,0.13807821
0.39648,0.13807821
0.396485,0.13807821
0.39648998,0.13807821
0.39649498,0.13807821
0.3965,0.13807821
0.396505,0.13807821
0.39650998,0.13807821
0.39651498,0.13807821
0.39652,0.13807821
0.396525,0.13807821
0.39653,0.13807821
0.39653498,0.13807821
0.39654,0.13807821
0.396545,0.13807821
0.39655,0.13807821
0.39655498,0.13807821
0.39655998,0.13807821
0.396565,0.13807821
0.39657,0.13807821
0.396575,0.13807821
0.39657998,0.13807821
0.396585,0.13807821
0.39659,0.13807821
0.396595,0.13807821
0.39659998,0.13807821
0.39660498,0.13807821
0.39661,0.13807821
0.396615,0.13807821
0.39661998,0.13807821
0.39662498,0.13807821
0.39663,0.13807821
0.396635,5.7320733
0.39664,5.9169993
0.39664498,5.9169993
0.39665,5.9169993
0.396655,5.9169993
0.39666,5.9169993
0.39666498,5.9169993
0.39666998,5.9169993
0.396675,5.9169993
0.39668,5.9169993
0.396685,5.9169993
0.39668998,5.9169993
0.396695,5.9169993
0.3967,5.9169993
0.396705,5.9169993
0.39670998,5.9169993
0.396715,5.9169993
0.39672,5.9169993
0.396725,5.9169993
0.39672998,5.9169993
0.39673498,5.9169993
0.39674,5.9169993
0.396745,5.9169993
0.39675,5.9169993
0.39675498,5.9169993
0.39676,5.9169993
0.396765,5.9169993
0.39677,5.9169993
0.39677498,5.9169993
0.39677998,5.9169993
0.396785,5.9169993
0.39679,5.9169993
0.396795,5.9169993
0.39679998,5.9169993
0.396805,5.9169993
0.39681,5.9169993
0.396815,5.9169993
0.39681998,5.9169993
0.396825,5.9169993
0.39683,5.9169993
0.396835,5.9169993
0.39683998,5.9169993
0.39684498,5.9169993
0.39685,5.9169993
0.396855,5.9169993
0.39686,5.9169993
0.39686498,5.9169993
0.39687,5.9169993
0.396875,5.9169993
0.39688,5.9169993
0.39688498,5.9169993
0.39688998,5.9169993
0.396895,5.9169993
0.3969,5.9169993
0.39690498,5.9169993
0.39690998,5.9169993
0.396915,5.9169993
0.39692,5.9169993
0.396925,5.9169993
0.39692998,5.9169993
0.396935,5.9169993
0.39694,5.9169993
0.396945,5.9169993
0.39694998,5.9169993
0.39695498,5.9169993
0.39696,5.9169993
0.396965,5.9169993
0.39697,5.9169993
0.39697498,5.9169993
0.39698,5.9169993
0.396985,5.9169993
0.39699,5.9169993
0.39699498,5.9169993
0.39699998,5.9169993
0.397005,5.9169993
0.39701,5.9169993
0.39701498,5.9169993
0.39701998,5.9169993
0.397025,5.9169993
0.39703,5.9169993
0.397035,5.9169993
0.39703998,5.9169993
0.397045,5.9169993
0.39705,5.9169993
0.397055,5.9169993
0.39705998,5.9169993
0.39706498,5.9169993
0.39707,5.9169993
0.397075,5.9169993
0.39708,5.9169993
0.39708498,5.9169993
0.39709,5.9169993
0.397095,5.9169993
0.3971,5.9169993
0.39710498,5.9169993
0.39711,5.9169993
0.397115,5.9169993
0.39712,5.9169993
0.39712498,5.9169993
0.39712998,5.9169993
0.397135,5.9169993
0.39714,4.7612157
0.397145,0.3230033
0.39714998,0.27677202
0.397155,0.23054075
0.39716,0.23054075
0.397165,0.184309
0.39716998,0.184309
0.39717498,0.184309
0.39718,0.184309
0.397185,0.184309
0.39719,0.13807821
0.39719498,0.13807821
0.3972,0.13807821
0.397205,0.13807821
0.39721,0.13807821
0.39721498,0.13807821
0.39722,0.13807821
0.397225,0.13807821
0.39723,0.13807821
0.39723498,0.13807821
0.39723998,0.13807821
0.397245,0.13807821
0.39725,0.13807821
0.397255,0.13807821
0.39725998,0.13807821
0.397265,0.13807821
0.39727,0.13807821
0.397275,0.13807821
0.39727998,0.13807821
0.39728498,0.13807821
0.39729,0.13807821
0.397295,0.13807821
0.39729998,0.13807821
0.39730498,0.13807821
0.39731,0.13807821
0.397315,0.13807821
0.39732,0.13807821
0.39732498,0.13807821
0.39733,0.13807821
0.397335,0.13807821
0.39734,0.13807821
0.39734498,0.13807821
0.39734998,0.13807821
0.397355,0.13807821
0.39736,0.13807821
0.397365,0.13807821
0.39736998,0.13807821
0.397375,0.13807821
0.39738,0.13807821
0.397385,0.13807821
0.39738998,0.13807821
0.39739498,0.13807821
0.3974,0.13807821
0.397405,0.13807821
0.39740998,0.13807821
0.39741498,0.13807821
0.39742,0.13807821
0.397425,0.13807821
0.39743,0.13807821
0.39743498,0.13807821
0.39744,0.13807821
0.397445,0.13807821
0.39745,0.13807821
0.39745498,0.13807821
0.39745998,0.13807821
0.397465,0.13807821
0.39747,0.13807821
0.397475,0.13807821
0.39747998,0.13807821
0.397485,0.13807821
0.39749,0.13807821
0.397495,0.13807821
0.39749998,0.13807821
0.397505,0.13807821
0.39751,0.13807821
0.397515,0.13807821
0.39751998,0.13807821
0.39752498,0.13807821
0.39753,0.13807821
0.397535,0.13807821
0.39754,0.13807821
0.39754498,0.13807821
0.39755,0.13807821
0.397555,0.13807821
0.39756,0.13807821
0.39756498,0.13807821
0.39756998,0.13807821
0.397575,0.13807821
0.39758,0.13807821
0.397585,0.13807821
0.39758998,0.13807821
0.397595,0.13807821
0.3976,0.13807821
0.397605,0.13807821
0.39760998,0.13807821
0.397615,0.13807821
0.39762,0.13807821
0.397625,0.13807821
0.39762998,0.13807821
0.39763498,0.13807821
0.39764,0.13807821
0.397645,0.13807821
0.39765,0.13807821
0.39765498,0.13807821
0.39766,0.13807821
0.397665,0.13807821
0.39767,0.13807821
0.39767498,0.13807821
0.39767998,0.13807821
0.397685,0.13807821
0.39769,0.13807821
0.39769498,0.13807821
0.39769998,0.13807821
0.397705,0.13807821
0.39771,0.13807821
0.397715,0.13807821
0.39771998,0.13807821
0.397725,0.13807821
0.39773,0.13807821
0.397735,0.13807821
0.39773998,0.13807821
0.39774498,0.13807821
0.39775,0.13807821
0.397755,1.4787879
0.39776,5.870768
0.39776498,5.9169993
0.39777,5.9169993
0.397775,5.9169993
0.39778,5.9169993
0.39778498,5.9169993
0.39778998,5.9169993
0.397795,5.9169993
0.3978,5.9169993
0.39780498,5.9169993
0.39780998,5.9169993
0.397815,5.9169993
0.39782,5.9169993
0.397825,5.9169993
0.39782998,5.9169993
0.397835,5.9169993
0.39784,5.9169993
0.397845,5.9169993
0.39784998,5.9169993
0.39785498,5.9169993
0.39786,5.9169993
0.397865,5.9169993
0.39787,5.9169993
0.39787498,5.9169993
0.39788,5.9169993
0.397885,5.9169993
0.39789,5.9169993
0.39789498,5.9169993
0.3979,5.9169993
0.397905,5.9169993
0.39791,5.9169993
0.39791498,5.9169993
0.39791998,5.9169993
0.397925,5.9169993
0.39793,5.9169993
0.397935,5.9169993
0.39793998,5.9169993
0.397945,5.9169993
0.39795,5.9169993
0.397955,5.9169993
0.39795998,5.9169993
0.39796498,5.9169993
0.39797,5.9169993
0.397975,5.9169993
0.39798,5.9169993
0.39798498,5.9169993
0.39799,5.9169993
0.397995,5.9169993
0.398,5.9169993
0.39800498,5.9169993
0.39801,5.9169993
0.398015,5.9169993
0.39802,5.9169993
0.39802498,5.9169993
0.39802998,5.9169993
0.398035,5.9169993
0.39804,5.9169993
0.398045,5.9169993
0.39804998,5.9169993
0.398055,5.9169993
0.39806,5.9169993
0.398065,5.9169993
0.39806998,5.9169993
0.39807498,5.9169993
0.39808,5.9169993
0.398085,5.9169993
0.39808998,5.9169993
0.39809498,5.9169993
0.3981,5.9169993
0.398105,5.9169993
0.39811,5.9169993
0.39811498,5.9169993
0.39812,5.9169993
0.398125,5.9169993
0.39813,5.9169993
0.39813498,5.9169993
0.39813998,5.9169993
0.398145,5.9169993
0.39815,5.9169993
0.398155,5.9169993
0.39815998,5.9169993
0.398165,5.9169993
0.39817,5.9169993
0.398175,5.9169993
0.39817998,5.9169993
0.39818498,5.9169993
0.39819,5.9169993
0.398195,5.9169993
0.39819998,5.9169993
0.39820498,5.9169993
0.39821,5.9169993
0.398215,5.9169993
0.39822,5.9169993
0.39822498,5.9169993
0.39823,5.9169993
0.398235,5.9169993
0.39824,5.9169993
0.39824498,5.9169993
0.39824998,5.9169993
0.398255,5.9169993
0.39826,5.9169993
0.398265,0.92401123
0.39826998,0.27677202
0.398275,0.27677202
0.39828,0.23054075
0.398285,0.23054075
0.39828998,0.184309
0.398295,0.184309
0.3983,0.184309
0.398305,0.184309
0.39830998,0.184309
0.39831498,0.13807821
0.39832,0.13807821
0.398325,0.13807821
0.39833,0.13807821
0.39833498,0.13807821
0.39834,0.13807821
0.398345,0.13807821
0.39835,0.13807821
0.39835498,0.13807821
0.39835998,0.13807821
0.398365,0.13807821
0.39837,0.13807821
0.398375,0.13807821
0.39837998,0.13807821
0.398385,0.13807821
0.39839,0.13807821
0.398395,0.13807821
0.39839998,0.13807821
0.398405,0.13807821
0.39841,0.13807821
0.398415,0.13807821
0.39841998,0.13807821
0.39842498,0.13807821
0.39843,0.13807821
0.398435,0.13807821
0.39844,0.13807821
0.39844498,0.13807821
0.39845,0.13807821
0.398455,0.13807821
0.39846,0.13807821
0.39846498,0.13807821
0.39846998,0.13807821
0.398475,0.13807821
0.39848,0.13807821
0.39848498,0.13807821
0.39848998,0.13807821
0.398495,0.13807821
0.3985,0.13807821
0.398505,0.13807821
0.39850998,0.13807821
0.398515,0.13807821
0.39852,0.13807821
0.398525,0.13807821
0.39852998,0.13807821
0.39853498,0.13807821
0.39854,0.13807821
0.398545,0.13807821
0.39855,0.13807821
0.39855498,0.13807821
0.39856,0.13807821
0.398565,0.13807821
0.39857,0.13807821
0.39857498,0.13807821
0.39857998,0.13807821
0.398585,0.13807821
0.39859,0.13807821
0.39859498,0.13807821
0.39859998,0.13807821
0.398605,0.13807821
0.39861,0.13807821
0.398615,0.13807821
0.39861998,0.13807821
0.398625,0.13807821
0.39863,0.13807821
0.398635,0.13807821
0.39863998,0.13807821
0.39864498,0.13807821
0.39865,0.13807821
0.398655,0.13807821
0.39866,0.13807821
0.39866498,0.13807821
0.39867,0.13807821
0.398675,0.13807821
0.39868,0.13807821
0.39868498,0.13807821
0.39869,0.13807821
0.398695,0.13807821
0.3987,0.13807821
0.39870498,0.13807821
0.39870998,0.13807821
0.398715,0.13807821
0.39872,0.13807821
0.398725,0.13807821
0.39872998,0.13807821
0.398735,0.13807821
0.39874,0.13807821
0.398745,0.13807821
0.39874998,0.13807821
0.39875498,0.13807821
0.39876,0.13807821
0.398765,0.13807821
0.39877,0.13807821
0.39877498,0.13807821
0.39878,0.13807821
0.398785,0.13807821
0.39879,0.13807821
0.39879498,0.13807821
0.3988,0.13807821
0.398805,0.13807821
0.39881,0.13807821
0.39881498,0.13807821
0.39881998,0.13807821
0.398825,0.13807821
0.39883,0.13807821
0.398835,0.13807821
0.39883998,0.13807821
0.398845,0.13807821
0.39885,0.13807821
0.398855,0.13807821
0.39885998,0.13807821
0.39886498,0.13807821
0.39887,0.13807821
0.398875,0.13807821
0.39887998,0.13807821
0.39888498,0.13807821
0.39889,0.13807821
0.398895,5.7320733
0.3989,5.9169993
0.39890498,5.9169993
0.39891,5.9169993
0.398915,5.9169993
0.39892,5.9169993
0.39892498,5.9169993
0.39892998,5.9169993
0.398935,5.9169993
0.39894,5.9169993
0.398945,5.9169993
0.39894998,5.9169993
0.398955,5.9169993
0.39896,5.9169993
0.398965,5.9169993
0.39896998,5.9169993
0.39897498,5.9169993
0.39898,5.9169993
0.398985,5.9169993
0.39898998,5.9169993
0.39899498,5.9169993
0.399,5.9169993
0.399005,5.9169993
0.39901,5.9169993
0.39901498,5.9169993
0.39902,5.9169993
0.399025,5.9169993
0.39903,5.9169993
0.39903498,5.9169993
0.39903998,5.9169993
0.399045,5.9169993
0.39905,5.9169993
0.399055,5.9169993
0.39905998,5.9169993
0.399065,5.9169993
0.39907,5.9169993
0.399075,5.9169993
0.39907998,5.9169993
0.399085,5.9169993
0.39909,5.9169993
0.399095,5.9169993
0.39909998,5.9169993
0.39910498,5.9169993
0.39911,5.9169993
0.399115,5.9169993
0.39912,5.9169993
0.39912498,5.9169993
0.39913,5.9169993
0.399135,5.9169993
0.39914,5.9169993
0.39914498,5.9169993
0.39914998,5.9169993
0.399155,5.9169993
0.39916,5.9169993
0.399165,5.9169993
0.39916998,5.9169993
0.399175,5.9169993
0.39918,5.9169993
0.399185,5.9169993
0.39918998,5.9169993
0.399195,5.9169993
0.3992,5.9169993
0.399205,5.9169993
0.39920998,5.9169993
0.39921498,5.9169993
0.39922,5.9169993
0.399225,5.9169993
0.39923,5.9169993
0.39923498,5.9169993
0.39924,5.9169993
0.399245,5.9169993
0.39925,5.9169993
0.39925498,5.9169993
0.39925998,5.9169993
0.399265,5.9169993
0.39927,5.9169993
0.39927498,5.9169993
0.39927998,5.9169993
0.399285,5.9169993
0.39929,5.9169993
0.399295,5.9169993
0.39929998,5.9169993
0.399305,5.9169993
0.39931,5.9169993
0.399315,5.9169993
0.39931998,5.9169993
0.39932498,5.9169993
0.39933,5.9169993
0.399335,5.9169993
0.39934,5.9169993
0.39934498,5.9169993
0.39935,5.9169993
0.399355,3.420505
0.39936,0.3230033
0.39936498,0.27677202
0.39936998,0.23054075
0.399375,0.23054075
0.39938,0.184309
0.39938498,0.184309
0.39938998,0.184309
0.399395,0.184309
0.3994,0.184309
0.399405,0.13807821
0.39940998,0.13807821
0.399415,0.13807821
0.39942,0.13807821
0.399425,0.13807821
0.39942998,0.13807821
0.39943498,0.13807821
0.39944,0.13807821
0.399445,0.13807821
0.39945,0.13807821
0.39945498,0.13807821
0.39946,0.13807821
0.399465,0.13807821
0.39947,0.13807821
0.39947498,0.13807821
0.39948,0.13807821
0.399485,0.13807821
0.39949,0.13807821
0.39949498,0.13807821
0.39949998,0.13807821
0.399505,0.13807821
0.39951,0.13807821
0.399515,0.13807821
0.39951998,0.13807821
0.399525,0.13807821
0.39953,0.13807821
0.399535,0.13807821
0.39953998,0.13807821
0.39954498,0.13807821
0.39955,0.13807821
0.399555,0.13807821
0.39956,0.13807821
0.39956498,0.13807821
0.39957,0.13807821
0.399575,0.13807821
0.39958,0.13807821
0.39958498,0.13807821
0.39959,0.13807821
0.399595,0.13807821
0.3996,0.13807821
0.39960498,0.13807821
0.39960998,0.13807821
0.399615,0.13807821
0.39962,0.13807821
0.399625,0.13807821
0.39962998,0.13807821
0.399635,0.13807821
0.39964,0.13807821
0.399645,0.13807821
0.39964998,0.13807821
0.39965498,0.13807821
0.39966,0.13807821
0.399665,0.13807821
0.39966998,0.13807821
0.39967498,0.13807821
0.39968,0.13807821
0.399685,0.13807821
0.39969,0.13807821
0.39969498,0.13807821
0.3997,0.13807821
0.399705,0.13807821
0.39971,0.13807821
0.39971498,0.13807821
0.39971998,0.13807821
0.399725,0.13807821
0.39973,0.13807821
0.399735,0.13807821
0.39973998,0.13807821
0.399745,0.13807821
0.39975,0.13807821
0.399755,0.13807821
0.39975998,0.13807821
0.39976498,0.13807821
0.39977,0.13807821
0.399775,0.13807821
0.39977998,0.13807821
0.39978498,0.13807821
0.39979,0.13807821
0.399795,0.13807821
0.3998,0.13807821
0.39980498,0.13807821
0.39981,0.13807821
0.399815,0.13807821
0.39982,0.13807821
0.39982498,0.13807821
0.39982998,0.13807821
0.399835,0.13807821
0.39984,0.13807821
0.399845,0.13807821
0.39984998,0.13807821
0.399855,0.13807821
0.39986,0.13807821
0.399865,0.13807821
0.39986998,0.13807821
0.399875,0.13807821
0.39988,0.13807821
0.399885,0.13807821
0.39988998,0.13807821
0.39989498,0.13807821
0.3999,0.13807821
0.399905,0.13807821
0.39991,0.13807821
0.39991498,0.13807821
0.39992,0.13807821
0.399925,0.13807821
0.39993,0.13807821
0.39993498,0.13807821
0.39993998,0.13807821
0.399945,0.13807821
0.39995,0.13807821
0.399955,0.13807821
0.39995998,0.13807821
0.399965,0.13807821
0.39997,0.13807821
0.399975,0.13807821
0.39997998,0.13807821
0.399985,0.13807821
0.39999,0.13807821
0.399995,0.13807821
0.39999998,0.13807821
0.40000498,0.13807821
0.40001,0.13807821
0.400015,0.13807821
0.40002,0.13807821
0.40002498,0.13807821
0.40003,0.13807821
0.400035,0.13807821
0.40004,0.13807821
0.40004498,0.13807821
0.40004998,0.13807821
0.400055,0.13807821
0.40006,0.13807821
0.40006498,0.13807821
0.40006998,0.13807821
0.400075,0.13807821
0.40008,0.13807821
0.400085,0.13807821
0.40008998,0.13807821
0.400095,0.13807821
0.4001,0.13807821
0.400105,0.13807821
0.40010998,0.13807821
0.40011498,4.992371
0.40012,5.9169993
0.400125,5.9169993
0.40013,5.9169993
0.40013498,5.9169993
0.40014,5.9169993
0.400145,5.9169993
0.40015,5.9169993
0.40015498,5.9169993
0.40015998,5.9169993
0.400165,5.9169993
0.40017,5.9169993
0.40017498,5.9169993
0.40017998,5.9169993
0.400185,5.9169993
0.40019,5.9169993
0.400195,5.9169993
0.40019998,5.9169993
0.400205,5.9169993
0.40021,5.9169993
0.400215,5.9169993
0.40021998,5.9169993
0.40022498,5.9169993
0.40023,5.9169993
0.400235,5.9169993
0.40024,5.9169993
0.40024498,5.9169993
0.40025,5.9169993
0.400255,5.9169993
0.40026,5.9169993
0.40026498,5.9169993
0.40027,5.9169993
0.400275,5.9169993
0.40028,5.9169993
0.40028498,5.9169993
0.40028998,5.9169993
0.400295,5.9169993
0.4003,5.9169993
0.400305,5.9169993
0.40030998,5.9169993
0.400315,5.9169993
0.40032,5.9169993
0.400325,5.9169993
0.40032998,5.9169993
0.40033498,5.9169993
0.40034,5.9169993
0.400345,5.9169993
0.40035,5.9169993
0.40035498,5.9169993
0.40036,5.9169993
0.400365,5.9169993
0.40037,5.9169993
0.40037498,5.9169993
0.40038,5.9169993
0.400385,5.9169993
0.40039,5.9169993
0.40039498,5.9169993
0.40039998,5.9169993
0.400405,5.9169993
0.40041,5.9169993
0.400415,5.9169993
0.40041998,5.9169993
0.400425,5.9169993
0.40043,5.9169993
0.400435,5.9169993
0.40043998,5.9169993
0.40044498,5.9169993
0.40045,5.9169993
0.400455,5.9169993
0.40045998,5.9169993
0.40046498,5.9169993
0.40047,5.9169993
0.400475,5.9169993
0.40048,5.9169993
0.40048498,5.9169993
0.40049,5.9169993
0.400495,5.9169993
0.4005,5.9169993
0.40050498,5.9169993
0.40050998,5.9169993
0.400515,5.9169993
0.40052,5.9169993
0.400525,5.9169993
0.40052998,5.9169993
0.400535,5.9169993
0.40054,5.9169993
0.400545,5.9169993
0.40054998,5.9169993
0.40055498,5.9169993
0.40056,5.9169993
0.400565,5.9169993
0.40056998,5.9169993
0.40057498,5.9169993
0.40058,5.9169993
0.400585,5.9169993
0.40059,5.9169993
0.40059498,5.9169993
0.4006,5.9169993
0.400605,5.9169993
0.40061,5.9169993
0.40061498,5.9169993
0.40061998,5.9169993
0.400625,5.9169993
0.40063,5.9169993
0.400635,5.9169993
0.40063998,5.9169993
0.400645,5.9169993
0.40065,5.9169993
0.400655,5.9169993
0.40065998,5.9169993
0.400665,5.9169993
0.40067,5.9169993
0.400675,5.9169993
0.40067998,5.9169993
0.40068498,5.9169993
0.40069,5.9169993
0.400695,5.9169993
0.4007,5.9169993
0.40070498,5.9169993
0.40071,5.9169993
0.400715,5.9169993
0.40072,5.9169993
0.40072498,5.9169993
0.40072998,5.9169993
0.400735,5.9169993
0.40074,5.9169993
0.400745,5.9169993
0.40074998,5.9169993
0.400755,5.9169993
0.40076,5.9169993
0.400765,5.9169993
0.40076998,5.9169993
0.400775,5.9169993
0.40078,5.9169993
0.400785,5.9169993
0.40078998,5.9169993
0.40079498,5.9169993
0.4008,5.9169993
0.400805,5.9169993
0.40081,5.9169993
0.40081498,5.9169993
0.40082,5.9169993
0.400825,5.9169993
0.40083,5.9169993
0.40083498,5.9169993
0.40083998,5.9169993
0.400845,5.9169993
0.40085,5.9169993
0.40085497,5.9169993
0.40085998,5.9169993
0.400865,5.9169993
0.40087,5.9169993
0.400875,5.9169993
0.40087998,5.9169993
0.400885,5.9169993
0.40089,5.9169993
0.400895,5.9169993
0.40089998,5.9169993
0.40090498,5.9169993
0.40091,5.9169993
0.400915,5.9169993
0.40092,5.9169993
0.40092498,5.9169993
0.40093,5.9169993
0.400935,5.9169993
0.40094,5.9169993
0.40094498,5.9169993
0.40094998,5.9169993
0.400955,5.9169993
0.40096,5.9169993
0.40096498,5.9169993
0.40096998,5.9169993
0.400975,5.9169993
0.40098,5.9169993
0.400985,5.9169993
0.40098998,5.9169993
0.400995,5.9169993
0.401,5.9169993
0.401005,5.9169993
0.40100998,5.9169993
0.40101498,5.9169993
0.40102,5.9169993
0.401025,5.9169993
0.40103,5.9169993
0.40103498,5.9169993
0.40104,5.9169993
0.401045,5.9169993
0.40105,5.9169993
0.40105498,5.9169993
0.40106,5.9169993
0.401065,5.9169993
0.40107,5.9169993
0.40107498,5.9169993
0.40107998,5.9169993
0.401085,5.9169993
0.40109,5.9169993
0.401095,5.9169993
0.40109998,5.9169993
0.401105,5.9169993
0.40111,5.9169993
0.401115,5.9169993
0.40111998,5.9169993
0.40112498,5.9169993
0.40113,5.9169993
0.401135,5.9169993
0.40114,5.9169993
0.40114498,5.9169993
0.40115,5.9169993
0.401155,5.9169993
0.40116,5.9169993
0.40116498,5.9169993
0.40117,5.9169993
0.401175,5.9169993
0.40118,5.9169993
0.40118498,5.9169993
0.40118998,5.9169993
0.401195,5.9169993
0.4012,5.9169993
0.401205,5.9169993
0.40120998,5.9169993
0.401215,5.9169993
0.40122,5.9169993
0.401225,5.9169993
0.40122998,5.9169993
0.40123498,5.9169993
0.40124,5.9169993
0.401245,5.9169993
0.40124997,5.9169993
0.40125498,5.9169993
0.40126,5.9169993
0.401265,5.9169993
0.40127,5.9169993
0.40127498,5.9169993
0.40128,5.9169993
0.401285,5.9169993
0.40129,5.9169993
0.40129498,5.9169993
0.40129998,5.9169993
0.401305,5.9169993
0.40131,5.9169993
0.401315,5.9169993
0.40131998,5.9169993
0.401325,5.9169993
0.40133,5.9169993
0.401335,5.9169993
0.40133998,5.9169993
0.40134498,5.9169993
0.40135,5.9169993
0.401355,5.9169993
0.40135998,5.9169993
0.40136498,5.9169993
0.40137,5.9169993
0.401375,5.9169993
0.40138,5.9169993
0.40138498,5.9169993
0.40139,5.9169993
0.401395,5.9169993
0.4014,5.9169993
0.40140498,5.9169993
0.40140998,5.9169993
0.401415,5.9169993
0.40142,5.9169993
0.401425,5.9169993
0.40142998,5.9169993
0.401435,5.9169993
0.40144,5.9169993
0.401445,5.9169993
0.40144998,5.9169993
0.401455,5.9169993
0.40146,5.9169993
0.401465,5.9169993
0.40146998,5.9169993
0.40147498,5.9169993
0.40148,5.9169993
0.401485,5.9169993
0.40149,5.9169993
0.40149498,5.9169993
0.4015,5.9169993
0.401505,5.9169993
0.40151,5.9169993
0.40151498,5.9169993
0.40151998,5.9169993
0.401525,5.9169993
0.40153,5.9169993
0.401535,5.9169993
0.40153998,5.9169993
0.401545,5.9169993
0.40155,5.9169993
0.401555,5.9169993
0.40155998,5.9169993
0.401565,5.9169993
0.40157,5.9169993
0.401575,5.9169993
0.40157998,5.9169993
0.40158498,5.9169993
0.40159,5.9169993
0.401595,5.9169993
0.4016,5.9169993
0.40160498,5.9169993
0.40161,5.131067
0.401615,0.3230033
0.40162,0.27677202
0.40162498,0.23054075
0.40162998,0.23054075
0.401635,0.23054075
0.40164,0.184309
0.401645,0.184309
0.40164998,0.184309
0.401655,0.184309
0.40166,0.13807821
0.401665,0.13807821
0.40166998,0.13807821
0.401675,0.13807821
0.40168,0.13807821
0.401685,0.13807821
0.40168998,0.13807821
0.40169498,0.13807821
0.4017,0.13807821
0.401705,0.13807821
0.40171,0.13807821
0.40171498,0.13807821
0.40172,0.13807821
0.401725,0.13807821
0.40173,0.13807821
0.40173498,0.13807821
0.40173998,0.13807821
0.401745,0.13807821
0.40175,0.13807821
0.40175498,0.13807821
0.40175998,0.13807821
0.401765,0.13807821
0.40177,0.13807821
0.401775,0.13807821
0.40177998,0.13807821
0.401785,0.13807821
0.40179,0.13807821
0.401795,0.13807821
0.40179998,0.13807821
0.40180498,0.13807821
0.40181,0.13807821
0.401815,0.13807821
0.40182,0.13807821
0.40182498,0.13807821
0.40183,0.13807821
0.401835,0.13807821
0.40184,0.13807821
0.40184498,0.13807821
0.40185,0.13807821
0.401855,0.13807821
0.40186,0.13807821
0.40186498,0.13807821
0.40186998,0.13807821
0.401875,0.13807821
0.40188,0.13807821
0.401885,0.13807821
0.40188998,0.13807821
0.401895,0.13807821
0.4019,0.13807821
0.401905,0.13807821
0.40190998,0.13807821
0.40191498,0.13807821
0.40192,0.13807821
0.401925,0.13807821
0.40193,0.13807821
0.40193498,0.13807821
0.40194,0.13807821
0.401945,0.13807821
0.40195,0.13807821
0.40195498,0.13807821
0.40196,0.13807821
0.401965,0.13807821
0.40197,0.13807821
0.40197498,0.13807821
0.40197998,0.13807821
0.401985,0.13807821
0.40199,0.13807821
0.401995,0.13807821
0.40199998,0.13807821
0.402005,0.13807821
0.40201,0.13807821
0.402015,0.13807821
0.40201998,0.13807821
0.40202498,0.13807821
0.40203,0.13807821
0.402035,0.13807821
0.40204,0.13807821
0.40204498,0.13807821
0.40205,0.13807821
0.402055,0.13807821
0.40206,0.13807821
0.40206498,0.13807821
0.40207,0.13807821
0.402075,0.13807821
0.40208,0.13807821
0.40208498,0.13807821
0.40208998,0.13807821
0.402095,0.13807821
0.4021,0.13807821
0.402105,0.13807821
0.40210998,0.13807821
0.402115,0.13807821
0.40212,0.13807821
0.402125,0.13807821
0.40212998,0.13807821
0.40213498,0.13807821
0.40214,0.13807821
0.402145,0.13807821
0.40214998,0.13807821
0.40215498,0.13807821
0.40216,0.13807821
0.402165,0.13807821
0.40217,0.13807821
0.40217498,0.13807821
0.40218,0.13807821
0.402185,0.13807821
0.40219,0.13807821
0.40219498,0.13807821
0.40219998,0.13807821
0.402205,0.13807821
0.40221,0.13807821
0.402215,0.13807821
0.40221998,0.13807821
0.402225,0.13807821
0.40223,0.13807821
0.402235,0.13807821
0.40223998,0.13807821
0.402245,0.13807821
0.40225,0.13807821
0.402255,0.13807821
0.40225998,0.13807821
0.40226498,0.13807821
0.40227,0.13807821
0.402275,0.13807821
0.40228,0.184309
0.40228498,5.7320733
0.40229,5.9169993
0.402295,5.9169993
0.4023,5.9169993
0.40230498,5.9169993
0.40230998,5.9169993
0.402315,5.9169993
0.40232,5.9169993
0.402325,5.9169993
0.40232998,5.9169993
0.402335,5.9169993
0.40234,5.9169993
0.402345,5.9169993
0.40234998,5.9169993
0.402355,5.9169993
0.40236,5.9169993
0.402365,5.9169993
0.40236998,5.9169993
0.40237498,5.9169993
0.40238,5.9169993
0.402385,5.9169993
0.40239,5.9169993
0.40239498,5.9169993
0.4024,5.9169993
0.402405,5.9169993
0.40241,5.9169993
0.40241498,5.9169993
0.40241998,5.9169993
0.402425,5.9169993
0.40243,5.9169993
0.402435,5.9169993
0.40243998,5.9169993
0.402445,5.9169993
0.40245,5.9169993
0.402455,5.9169993
0.40245998,5.9169993
0.402465,5.9169993
0.40247,5.9169993
0.402475,5.9169993
0.40247998,5.9169993
0.40248498,5.9169993
0.40249,5.9169993
0.402495,5.9169993
0.4025,5.9169993
0.40250498,5.9169993
0.40251,5.9169993
0.402515,5.9169993
0.40252,5.9169993
0.40252498,5.9169993
0.40252998,5.9169993
0.402535,5.9169993
0.40254,5.9169993
0.40254498,5.9169993
0.40254998,5.9169993
0.402555,5.9169993
0.40256,5.9169993
0.402565,5.9169993
0.40256998,5.9169993
0.402575,5.9169993
0.40258,5.9169993
0.402585,5.9169993
0.40258998,5.9169993
0.40259498,5.9169993
0.4026,5.9169993
0.402605,5.9169993
0.40261,5.9169993
0.40261498,5.9169993
0.40262,5.9169993
0.402625,5.9169993
0.40263,5.9169993
0.40263498,5.9169993
0.40263999,5.9169993
0.402645,5.9169993
0.40265,5.9169993
0.40265498,5.9169993
0.40265998,5.9169993
0.402665,5.9169993
0.40267,5.9169993
0.402675,5.9169993
0.40267998,5.9169993
0.402685,5.9169993
0.40269,5.9169993
0.402695,5.9169993
0.40269998,5.9169993
0.40270498,5.9169993
0.40271,5.9169993
0.402715,5.9169993
0.40272,5.9169993
0.40272498,5.9169993
0.40273,5.9169993
0.402735,4.8536773
0.40274,0.3230033
0.40274498,0.27677202
0.40275,0.23054075
0.402755,0.23054075
0.40276,0.23054075
0.40276498,0.184309
0.40276998,0.184309
0.402775,0.184309
0.40278,0.184309
0.402785,0.13807821
0.40278998,0.13807821
0.402795,0.13807821
0.4028,0.13807821
0.402805,0.13807821
0.40280998,0.13807821
0.40281498,0.13807821
0.40282,0.13807821
0.402825,0.13807821
0.40283,0.13807821
0.40283498,0.13807821
0.40284,0.13807821
0.402845,0.13807821
0.40285,0.13807821
0.40285498,0.13807821
0.40286,0.13807821
0.402865,0.13807821
0.40287,0.13807821
0.40287498,0.13807821
0.40287998,0.13807821
0.402885,0.13807821
0.40289,0.13807821
0.402895,0.13807821
0.40289998,0.13807821
0.402905,0.13807821
0.40291,0.13807821
0.402915,0.13807821
0.40291998,0.13807821
0.40292498,0.13807821
0.40293,0.13807821
0.402935,0.13807821
0.40293998,0.13807821
0.40294498,0.13807821
0.40295,0.13807821
0.402955,0.13807821
0.40296,0.13807821
0.40296498,0.13807821
0.40297,0.13807821
0.402975,0.13807821
0.40298,0.13807821
0.40298498,0.13807821
0.40298998,0.13807821
0.402995,0.13807821
0.403,0.13807821
0.403005,0.13807821
0.40300998,0.13807821
0.403015,0.13807821
0.40302,0.13807821
0.403025,0.13807821
0.40302998,0.13807821
0.40303499,0.13807821
0.40304,0.13807821
0.403045,0.13807821
0.40304998,0.13807821
0.40305498,0.13807821
0.40306,0.13807821
0.403065,0.13807821
0.40307,0.13807821
0.40307498,0.13807821
0.40308,0.13807821
0.403085,0.13807821
0.40309,0.13807821
0.40309498,0.13807821
0.40309998,0.13807821
0.403105,0.13807821
0.40311,0.13807821
0.403115,0.13807821
0.40311998,0.13807821
0.403125,0.13807821
0.40313,0.13807821
0.403135,0.13807821
0.40313998,0.13807821
0.403145,0.13807821
0.40315,0.13807821
0.403155,0.13807821
0.40315998,0.13807821
0.40316498,0.13807821
0.40317,0.13807821
0.403175,0.13807821
0.40318,0.13807821
0.40318498,0.13807821
0.40319,0.13807821
0.403195,0.13807821
0.4032,0.13807821
0.40320498,0.13807821
0.40320998,0.13807821
0.403215,0.13807821
0.40322,0.13807821
0.403225,0.13807821
0.40322998,0.13807821
0.403235,0.13807821
0.40324,0.13807821
0.403245,0.13807821
0.40324998,0.13807821
0.403255,0.13807821
0.40326,0.13807821
0.403265,0.13807821
0.40326998,0.13807821
0.40327498,0.13807821
0.40328,0.13807821
0.403285,0.13807821
0.40329,0.13807821
0.40329498,0.13807821
0.4033,0.13807821
0.403305,0.13807821
0.40331,0.13807821
0.40331498,0.13807821
0.40331998,0.13807821
0.403325,0.13807821
0.40333,0.13807821
0.40333498,0.13807821
0.40333998,0.13807821
0.403345,0.13807821
0.40335,0.13807821
0.403355,0.13807821
0.40335998,0.184309
0.403365,5.7320733
0.40337,5.9169993
0.403375,5.9169993
0.40337998,5.9169993
0.40338498,5.9169993
0.40339,5.9169993
0.403395,5.9169993
0.4034,5.9169993
0.40340498,5.9169993
0.40341,5.9169993
0.403415,5.9169993
0.40342,5.9169993
0.40342498,5.9169993
0.40342999,5.9169993
0.403435,5.9169993
0.40344,5.9169993
0.40344498,5.9169993
0.40344998,5.9169993
0.403455,5.9169993
0.40346,5.9169993
0.403465,5.9169993
0.40346998,5.9169993
0.403475,5.9169993
0.40348,5.9169993
0.403485,5.9169993
0.40348998,5.9169993
0.40349498,5.9169993
0.4035,5.9169993
0.403505,5.9169993
0.40351,5.9169993
0.40351498,5.9169993
0.40352,5.9169993
0.403525,5.9169993
0.40353,5.9169993
0.40353498,5.9169993
0.40354,5.9169993
0.403545,5.9169993
0.40355,5.9169993
0.40355498,5.9169993
0.40355998,5.9169993
0.403565,5.9169993
0.40357,5.9169993
0.403575,5.9169993
0.40357998,5.9169993
0.403585,5.9169993
0.40359,5.9169993
0.403595,5.9169993
0.40359998,5.9169993
0.40360498,5.9169993
0.40361,5.9169993
0.403615,5.9169993
0.40362,5.9169993
0.40362498,5.9169993
0.40363,5.9169993
0.403635,5.9169993
0.40364,5.9169993
0.40364498,5.9169993
0.40365,5.9169993
0.403655,5.9169993
0.40366,5.9169993
0.40366498,5.9169993
0.40366998,5.9169993
0.403675,5.9169993
0.40368,5.9169993
0.403685,5.9169993
0.40368998,5.9169993
0.403695,5.9169993
0.4037,5.9169993
0.403705,5.9169993
0.40370998,5.9169993
0.40371498,5.9169993
0.40372,5.9169993
0.403725,5.9169993
0.40372998,5.9169993
0.40373498,5.9169993
0.40374,5.9169993
0.403745,5.9169993
0.40375,5.9169993
0.40375498,5.9169993
0.40376,5.9169993
0.403765,5.9169993
0.40377,5.9169993
0.40377498,5.9169993
0.40377998,5.9169993
0.403785,5.9169993
0.40379,5.9169993
0.403795,5.9169993
0.40379998,5.9169993
0.403805,5.9169993
0.40381,5.9169993
0.403815,5.9169993
0.40381998,5.9169993
0.40382499,5.9169993
0.40383,5.9169993
0.403835,5.9169993
0.40383998,5.9169993
0.40384498,5.9169993
0.40385,5.9169993
0.403855,5.9169993
0.40386,5.9169993
0.40386498,5.9169993
0.40387,5.9169993
0.403875,5.9169993
0.40388,5.9169993
0.40388498,5.9169993
0.40388998,5.9169993
0.403895,5.9169993
0.4039,5.9169993
0.403905,5.9169993
0.40390998,5.9169993
0.403915,5.9169993
0.40392,5.9169993
0.403925,5.9169993
0.40392998,5.9169993
0.403935,5.9169993
0.40394,5.9169993
0.403945,5.9169993
0.40394998,5.9169993
0.40395498,5.9169993
0.40396,5.9169993
0.403965,5.9169993
0.40397,5.9169993
0.40397498,5.9169993
0.40398,5.9169993
0.403985,5.9169993
0.40399,5.9169993
0.40399498,5.9169993
0.40399998,5.9169993
0.404005,5.9169993
0.40401,5.9169993
0.404015,5.9169993
0.40401998,5.9169993
0.404025,5.9169993
0.40403,5.9169993
0.404035,5.9169993
0.40403998,5.9169993
0.404045,5.9169993
0.40405,5.9169993
0.404055,5.9169993
0.40405998,5.9169993
0.40406498,5.9169993
0.40407,5.9169993
0.404075,5.9169993
0.40408,5.9169993
0.40408498,5.9169993
0.40409,5.9169993
0.404095,5.9169993
0.4041,5.9169993
0.40410498,5.9169993
0.40410998,5.9169993
0.404115,5.9169993
0.40412,5.9169993
0.40412498,5.9169993
0.40412998,5.9169993
0.404135,5.9169993
0.40414,5.9169993
0.404145,5.9169993
0.40414998,5.9169993
0.404155,5.9169993
0.40416,5.9169993
0.404165,5.9169993
0.40416998,5.9169993
0.40417498,5.9169993
0.40418,5.9169993
0.404185,5.9169993
0.40419,5.9169993
0.40419498,5.9169993
0.4042,5.9169993
0.404205,5.9169993
0.40421,5.9169993
0.40421498,5.9169993
0.40421999,5.9169993
0.404225,5.9169993
0.40423,5.9169993
0.40423498,5.9169993
0.40423998,5.9169993
0.404245,5.9169993
0.40425,5.9169993
0.404255,5.9169993
0.40425998,5.9169993
0.404265,5.9169993
0.40427,5.9169993
0.404275,5.9169993
0.40427998,5.9169993
0.40428498,5.9169993
0.40429,5.9169993
0.404295,5.9169993
0.4043,5.9169993
0.40430498,5.9169993
0.40431,5.9169993
0.404315,5.9169993
0.40432,5.9169993
0.40432498,5.9169993
0.40433,5.9169993
0.404335,5.9169993
0.40434,5.9169993
0.40434498,5.9169993
0.40434998,5.9169993
0.404355,5.9169993
0.40436,5.9169993
0.404365,5.9169993
0.40436998,5.9169993
0.404375,5.9169993
0.40438,5.9169993
0.404385,5.9169993
0.40438998,5.9169993
0.40439498,5.9169993
0.4044,5.9169993
0.404405,5.9169993
0.40441,5.9169993
0.40441498,5.9169993
0.40442,5.9169993
0.404425,5.9169993
0.40443,5.9169993
0.40443498,5.9169993
0.40444,5.9169993
0.404445,5.9169993
0.40445,5.9169993
0.40445498,5.9169993
0.40445998,5.9169993
0.404465,5.9169993
0.40447,5.9169993
0.404475,5.9169993
0.40447998,5.9169993
0.404485,5.9169993
0.40449,5.9169993
0.404495,5.9169993
0.40449998,5.9169993
0.40450498,5.9169993
0.40451,5.9169993
0.404515,5.9169993
0.40451998,5.9169993
0.40452498,5.9169993
0.40453,5.9169993
0.404535,5.9169993
0.40454,5.9169993
0.40454498,5.9169993
0.40455,5.9169993
0.404555,5.9169993
0.40456,5.9169993
0.40456498,5.9169993
0.40456998,5.9169993
0.404575,5.9169993
0.40458,5.9169993
0.404585,5.9169993
0.40458998,5.9169993
0.404595,5.9169993
0.4046,5.9169993
0.404605,5.9169993
0.40460998,5.9169993
0.40461498,5.9169993
0.40462,5.9169993
0.404625,5.9169993
0.40462998,5.9169993
0.40463498,5.9169993
0.40464,5.9169993
0.404645,5.9169993
0.40465,5.9169993
0.40465498,5.9169993
0.40466,5.9169993
0.404665,5.9169993
0.40467,5.9169993
0.40467498,5.9169993
0.40467998,5.9169993
0.404685,5.9169993
0.40469,5.9169993
0.404695,5.9169993
0.40469998,5.9169993
0.404705,5.9169993
0.40471,5.9169993
0.404715,5.9169993
0.40471998,5.9169993
0.404725,5.9169993
0.40473,5.9169993
0.404735,5.9169993
0.40473998,5.9169993
0.40474498,5.9169993
0.40475,5.9169993
0.404755,5.9169993
0.40476,5.9169993
0.40476498,5.9169993
0.40477,5.9169993
0.404775,5.9169993
0.40478,5.9169993
0.40478498,5.9169993
0.40478998,5.9169993
0.404795,5.9169993
0.4048,5.9169993
0.404805,5.9169993
0.40480998,5.9169993
0.404815,5.9169993
0.40482,5.9169993
0.404825,5.9169993
0.40482998,5.9169993
0.404835,5.9169993
0.40484,5.9169993
0.404845,5.9169993
0.40484998,5.9169993
0.40485498,5.9169993
0.40486,5.9169993
0.404865,5.9169993
0.40487,5.9169993
0.40487498,5.9169993
0.40488,5.9169993
0.404885,5.9169993
0.40489,5.9169993
0.40489498,5.9169993
0.40489998,5.9169993
0.404905,5.9169993
0.40491,5.9169993
0.40491498,5.9169993
0.40491998,5.9169993
0.404925,5.9169993
0.40493,5.9169993
0.404935,5.9169993
0.40493998,5.9169993
0.404945,5.9169993
0.40495,5.9169993
0.404955,5.9169993
0.40495998,5.9169993
0.40496498,5.9169993
0.40497,5.9169993
0.404975,5.9169993
0.40498,5.9169993
0.40498498,5.9169993
0.40499,1.6637135
0.404995,0.27677202
0.405,0.27677202
0.40500498,0.23054075
0.40500998,0.23054075
0.405015,0.184309
0.40502,0.184309
0.40502498,0.184309
0.40502998,0.184309
0.405035,0.13807821
0.40504,0.13807821
0.405045,0.13807821
0.40504998,0.13807821
0.405055,0.13807821
0.40506,0.13807821
0.405065,0.13807821
0.40506998,0.13807821
0.40507498,0.13807821
0.40508,0.13807821
0.405085,0.13807821
0.40509,0.13807821
0.40509498,0.13807821
0.4051,0.13807821
0.405105,0.13807821
0.40511,0.13807821
0.40511498,0.13807821
0.40512,0.13807821
0.405125,0.13807821
0.40513,0.13807821
0.40513498,0.13807821
0.40513998,0.13807821
0.405145,0.13807821
0.40515,0.13807821
0.405155,0.13807821
0.40515998,0.13807821
0.405165,0.13807821
0.40517,0.13807821
0.405175,0.13807821
0.40517998,0.13807821
0.40518498,0.13807821
0.40519,0.13807821
0.405195,0.13807821
0.4052,0.13807821
0.40520498,0.13807821
0.40521,0.13807821
0.405215,0.13807821
0.40522,0.13807821
0.40522498,0.13807821
0.40523,0.13807821
0.405235,0.13807821
0.40524,0.13807821
0.40524498,0.13807821
0.40524998,0.13807821
0.405255,0.13807821
0.40526,0.13807821
0.405265,0.13807821
0.40526998,0.13807821
0.405275,0.13807821
0.40528,0.13807821
0.405285,0.13807821
0.40528998,0.13807821
0.40529498,0.13807821
0.4053,0.13807821
0.405305,0.13807821
0.40530998,0.13807821
0.40531498,0.13807821
0.40532,0.13807821
0.405325,0.13807821
0.40533,0.13807821
0.40533498,0.13807821
0.40534,0.13807821
0.405345,0.13807821
0.40535,0.13807821
0.40535498,0.13807821
0.40535998,0.13807821
0.405365,0.13807821
0.40537,0.13807821
0.405375,0.13807821
0.40537998,0.13807821
0.405385,0.13807821
0.40539,0.13807821
0.405395,0.13807821
0.40539998,0.13807821
0.40540498,0.13807821
0.40541,0.13807821
0.405415,0.13807821
0.40541998,0.13807821
0.40542498,0.13807821
0.40543,0.13807821
0.405435,0.13807821
0.40544,0.13807821
0.40544498,0.13807821
0.40545,0.13807821
0.405455,0.13807821
0.40546,0.13807821
0.40546498,0.13807821
0.40546998,0.13807821
0.405475,0.13807821
0.40548,0.13807821
0.405485,0.13807821
0.40548998,0.13807821
0.405495,0.13807821
0.4055,0.13807821
0.405505,0.13807821
0.40550998,0.13807821
0.405515,0.13807821
0.40552,0.13807821
0.405525,0.13807821
0.40552998,0.13807821
0.40553498,0.13807821
0.40554,0.13807821
0.405545,0.13807821
0.40555,0.13807821
0.40555498,0.13807821
0.40556,0.13807821
0.405565,0.13807821
0.40557,0.13807821
0.40557498,0.7390857
0.40557998,5.824537
0.405585,5.9169993
0.40559,5.9169993
0.405595,5.9169993
0.40559998,5.9169993
0.405605,5.9169993
0.40561,5.9169993
0.405615,5.9169993
0.40561998,5.9169993
0.405625,5.9169993
0.40563,5.9169993
0.405635,5.9169993
0.40563998,5.9169993
0.40564498,5.9169993
0.40565,5.9169993
0.405655,5.9169993
0.40566,5.9169993
0.40566498,5.9169993
0.40567,5.9169993
0.405675,5.9169993
0.40568,5.9169993
0.40568498,5.9169993
0.40568998,5.9169993
0.405695,5.9169993
0.4057,5.9169993
0.40570498,5.9169993
0.40570998,5.9169993
0.405715,5.9169993
0.40572,5.9169993
0.405725,5.9169993
0.40572998,5.9169993
0.405735,5.9169993
0.40574,5.9169993
0.405745,5.9169993
0.40574998,5.9169993
0.40575498,5.9169993
0.40576,5.9169993
0.405765,5.9169993
0.40577,5.9169993
0.40577498,5.9169993
0.40578,5.9169993
0.405785,5.9169993
0.40579,5.9169993
0.40579498,5.9169993
0.40579998,5.9169993
0.405805,5.9169993
0.40581,5.9169993
0.40581498,5.9169993
0.40581998,5.9169993
0.405825,5.9169993
0.40583,5.9169993
0.405835,5.9169993
0.40583998,5.9169993
0.405845,5.9169993
0.40585,5.9169993
0.405855,5.9169993
0.40585998,5.9169993
0.40586498,5.9169993
0.40587,5.9169993
0.405875,5.9169993
0.40588,5.9169993
0.40588498,5.9169993
0.40589,5.9169993
0.405895,5.9169993
0.4059,5.9169993
0.40590498,5.9169993
0.40591,5.9169993
0.405915,5.9169993
0.40592,5.9169993
0.40592498,5.9169993
0.40592998,5.9169993
0.405935,5.9169993
0.40594,5.9169993
0.405945,5.9169993
0.40594998,5.9169993
0.405955,5.9169993
0.40596,5.9169993
0.405965,5.9169993
0.40596998,5.9169993
0.40597498,5.9169993
0.40598,5.9169993
0.405985,5.9169993
0.40599,5.9169993
0.40599498,5.9169993
0.406,5.9169993
0.406005,5.9169993
0.40601,5.9169993
0.40601498,5.9169993
0.40602,5.9169993
0.406025,5.9169993
0.40603,5.9169993
0.40603498,5.9169993
0.40603998,5.9169993
0.406045,5.9169993
0.40605,5.9169993
0.406055,5.9169993
0.40605998,5.9169993
0.406065,5.9169993
0.40607,5.9169993
0.406075,5.9169993
0.40607998,5.9169993
0.40608498,5.9169993
0.40609,5.9169993
0.406095,5.9169993
0.40609998,5.9169993
0.40610498,5.9169993
0.40611,5.9169993
0.406115,5.9169993
0.40612,5.9169993
0.40612498,5.9169993
0.40613,5.9169993
0.406135,5.9169993
0.40614,5.9169993
0.40614498,5.9169993
0.40614998,5.9169993
0.406155,5.9169993
0.40616,5.9169993
0.406165,5.9169993
0.40616998,5.9169993
0.406175,5.9169993
0.40618,5.9169993
0.406185,5.9169993
0.40618998,5.9169993
0.40619498,5.9169993
0.4062,5.9169993
0.406205,5.9169993
0.40620998,5.9169993
0.40621498,5.9169993
0.40622,5.9169993
0.406225,5.9169993
0.40623,5.9169993
0.40623498,5.9169993
0.40624,5.9169993
0.406245,5.9169993
0.40625,5.9169993
0.40625498,5.9169993
0.40625998,5.9169993
0.406265,5.9169993
0.40627,5.9169993
0.406275,5.9169993
0.40627998,5.9169993
0.406285,5.9169993
0.40629,5.9169993
0.406295,5.9169993
0.40629998,5.9169993
0.406305,5.9169993
0.40631,5.9169993
0.406315,5.9169993
0.40631998,5.9169993
0.40632498,5.9169993
0.40633,5.9169993
0.406335,5.9169993
0.40634,5.9169993
0.40634498,5.9169993
0.40635,5.9169993
0.406355,5.9169993
0.40636,5.9169993
0.40636498,5.9169993
0.40636998,5.9169993
0.406375,5.9169993
0.40638,5.9169993
0.406385,5.9169993
0.40638998,5.9169993
0.406395,5.9169993
0.4064,5.9169993
0.406405,5.9169993
0.40640998,5.9169993
0.406415,5.9169993
0.40642,5.9169993
0.406425,5.9169993
0.40642998,5.9169993
0.40643498,5.9169993
0.40644,5.9169993
0.406445,5.9169993
0.40645,5.9169993
0.40645498,5.9169993
0.40646,5.9169993
0.406465,5.9169993
0.40647,5.9169993
0.40647498,5.9169993
0.40647998,5.9169993
0.406485,5.9169993
0.40649,5.9169993
0.40649498,5.9169993
0.40649998,5.9169993
0.406505,5.9169993
0.40651,5.9169993
0.406515,5.9169993
0.40651998,5.9169993
0.406525,5.9169993
0.40653,5.9169993
0.406535,5.9169993
0.40653998,5.9169993
0.40654498,5.9169993
0.40655,5.9169993
0.406555,5.9169993
0.40656,5.9169993
0.40656498,5.9169993
0.40657,5.9169993
0.406575,5.9169993
0.40658,5.9169993
0.40658498,5.9169993
0.40658998,5.9169993
0.406595,5.9169993
0.4066,5.9169993
0.40660498,5.9169993
0.40660998,5.9169993
0.406615,5.9169993
0.40662,5.9169993
0.406625,5.9169993
0.40662998,5.9169993
0.406635,5.9169993
0.40664,5.9169993
0.406645,5.9169993
0.40664998,5.9169993
0.40665498,5.9169993
0.40666,5.9169993
0.406665,5.9169993
0.40667,5.9169993
0.40667498,5.9169993
0.40668,5.9169993
0.406685,5.9169993
0.40669,5.9169993
0.40669498,5.9169993
0.4067,5.9169993
0.406705,5.9169993
0.40671,5.9169993
0.40671498,5.9169993
0.40671998,5.9169993
0.406725,5.9169993
0.40673,5.9169993
0.406735,5.9169993
0.40673998,5.9169993
0.406745,5.9169993
0.40675,5.9169993
0.406755,5.9169993
0.40675998,5.9169993
0.40676498,5.9169993
0.40677,5.9169993
0.406775,5.9169993
0.40678,5.9169993
0.40678498,5.9169993
0.40679,5.9169993
0.406795,5.9169993
0.4068,5.9169993
0.40680498,5.9169993
0.40681,5.9169993
0.406815,5.9169993
0.40682,5.9169993
0.40682498,5.9169993
0.40682998,5.9169993
0.406835,5.9169993
0.40684,5.9169993
0.406845,5.9169993
0.40684998,5.9169993
0.406855,5.9169993
0.40686,5.9169993
0.406865,5.9169993
0.40686998,5.9169993
0.40687498,5.9169993
0.40688,5.9169993
0.406885,5.9169993
0.40688998,5.9169993
0.40689498,5.9169993
0.4069,5.9169993
0.406905,5.9169993
0.40691,5.9169993
0.40691498,5.9169993
0.40692,5.9169993
0.406925,5.9169993
0.40693,5.9169993
0.40693498,5.9169993
0.40693998,5.9169993
0.406945,5.9169993
0.40695,5.9169993
0.406955,5.9169993
0.40695998,5.9169993
0.406965,5.9169993
0.40697,5.9169993
0.406975,5.9169993
0.40697998,5.9169993
0.40698498,5.9169993
0.40699,5.9169993
0.406995,5.9169993
0.40699998,5.9169993
0.40700498,5.9169993
0.40701,5.9169993
0.407015,5.9169993
0.40702,5.9169993
0.40702498,5.9169993
0.40703,5.9169993
0.407035,5.9169993
0.40704,5.9169993
0.40704498,5.9169993
0.40704998,5.9169993
0.407055,5.9169993
0.40706,5.9169993
0.407065,5.9169993
0.40706998,5.9169993
0.407075,5.9169993
0.40708,5.9169993
0.407085,5.9169993
0.40708998,5.9169993
0.407095,5.9169993
0.4071,5.9169993
0.407105,5.9169993
0.40710998,5.9169993
0.40711498,5.9169993
0.40712,5.9169993
0.407125,5.9169993
0.40713,5.9169993
0.40713498,5.9169993
0.40714,5.9169993
0.407145,5.9169993
0.40715,5.9169993
0.40715498,5.9169993
0.40715998,5.9169993
0.407165,5.9169993
0.40717,5.9169993
0.407175,5.9169993
0.40717998,5.9169993
0.407185,5.9169993
0.40719,5.9169993
0.407195,5.9169993
0.40719998,5.9169993
0.407205,5.9169993
0.40721,2.9119601
0.407215,0.3230033
0.40721998,0.27677202
0.40722498,0.23054075
0.40723,0.23054075
0.407235,0.184309
0.40724,0.184309
0.40724498,0.184309
0.40725,0.184309
0.407255,0.184309
0.40726,0.13807821
0.40726498,0.13807821
0.40726998,0.13807821
0.407275,0.13807821
0.40728,0.13807821
0.40728498,0.13807821
0.40728998,0.13807821
0.407295,0.13807821
0.4073,0.13807821
0.407305,0.13807821
0.40730998,0.13807821
0.407315,0.13807821
0.40732,0.13807821
0.407325,0.13807821
0.40732998,0.13807821
0.40733498,0.13807821
0.40734,0.13807821
0.407345,0.13807821
0.40735,0.13807821
0.40735498,0.13807821
0.40736,0.13807821
0.407365,0.13807821
0.40737,0.13807821
0.40737498,0.13807821
0.40737998,0.13807821
0.407385,0.13807821
0.40739,0.13807821
0.40739498,0.13807821
0.40739998,0.13807821
0.407405,0.13807821
0.40741,0.13807821
0.407415,0.13807821
0.40741998,0.13807821
0.407425,0.13807821
0.40743,0.13807821
0.407435,0.13807821
0.40743998,0.13807821
0.40744498,0.13807821
0.40745,0.13807821
0.407455,0.13807821
0.40746,0.13807821
0.40746498,0.13807821
0.40747,0.13807821
0.407475,0.13807821
0.40748,0.13807821
0.40748498,0.13807821
0.40749,0.13807821
0.407495,0.13807821
0.4075,0.13807821
0.40750498,0.13807821
0.40750998,0.13807821
0.407515,0.13807821
0.40752,0.13807821
0.407525,0.13807821
0.40752998,0.13807821
0.407535,0.13807821
0.40754,0.13807821
0.407545,0.13807821
0.40754998,0.13807821
0.40755498,0.13807821
0.40756,0.13807821
0.407565,0.13807821
0.40757,0.13807821
0.40757498,0.13807821
0.40758,0.13807821
0.407585,0.13807821
0.40759,0.13807821
0.40759498,0.13807821
0.4076,0.13807821
0.407605,0.13807821
0.40761,0.13807821
0.40761498,0.13807821
0.40761998,0.13807821
0.407625,0.13807821
0.40763,0.13807821
0.407635,0.13807821
0.40763998,0.13807821
0.407645,0.13807821
0.40765,0.13807821
0.407655,0.13807821
0.40765998,0.13807821
0.40766498,0.13807821
0.40767,0.13807821
0.407675,0.13807821
0.40767998,0.13807821
0.40768498,0.13807821
0.40769,0.13807821
0.407695,0.13807821
0.4077,0.13807821
0.40770498,0.13807821
0.40771,0.13807821
0.407715,0.13807821
0.40772,0.13807821
0.40772498,0.13807821
0.40772998,0.13807821
0.407735,0.13807821
0.40774,0.13807821
0.407745,0.13807821
0.40774998,0.13807821
0.407755,0.13807821
0.40776,0.13807821
0.407765,0.13807821
0.40776998,0.13807821
0.40777498,0.13807821
0.40778,0.13807821
0.407785,0.13807821
0.40778998,0.13807821
0.40779498,0.13807821
0.4078,0.13807821
0.407805,0.13807821
0.40781,0.13807821
0.40781498,0.13807821
0.40782,0.13807821
0.407825,0.13807821
0.40783,0.13807821
0.40783498,0.13807821
0.40783998,0.13807821
0.407845,0.13807821
0.40785,0.13807821
0.407855,0.13807821
0.40785998,0.13807821
0.407865,0.13807821
0.40787,0.13807821
0.407875,0.13807821
0.40787998,0.13807821
0.407885,0.13807821
0.40789,0.13807821
0.407895,0.13807821
0.40789998,0.13807821
0.40790498,0.13807821
0.40791,0.13807821
0.407915,0.13807821
0.40792,0.13807821
0.40792498,0.13807821
0.40793,0.13807821
0.407935,5.7320733
0.40794,5.9169993
0.40794498,5.9169993
0.40794998,5.9169993
0.407955,5.9169993
0.40796,5.9169993
0.407965,5.9169993
0.40796998,5.9169993
0.407975,5.9169993
0.40798,5.9169993
0.407985,5.9169993
0.40798998,5.9169993
0.407995,5.9169993
0.408,5.9169993
0.408005,5.9169993
0.40800998,5.9169993
0.40801498,5.9169993
0.40802,5.9169993
0.408025,5.9169993
0.40803,5.9169993
0.40803498,5.9169993
0.40804,5.9169993
0.408045,5.9169993
0.40805,5.9169993
0.40805498,5.9169993
0.40805998,5.9169993
0.408065,5.9169993
0.40807,5.9169993
0.40807498,5.9169993
0.40807998,5.9169993
0.408085,5.9169993
0.40809,5.9169993
0.408095,5.9169993
0.40809998,5.9169993
0.408105,5.9169993
0.40811,5.9169993
0.408115,5.9169993
0.40811998,5.9169993
0.40812498,5.9169993
0.40813,5.9169993
0.408135,5.9169993
0.40814,5.9169993
0.40814498,5.9169993
0.40815,5.9169993
0.408155,5.9169993
0.40816,5.9169993
0.40816498,5.9169993
0.40816998,5.9169993
0.408175,5.9169993
0.40818,5.9169993
0.40818498,5.9169993
0.40818998,5.9169993
0.408195,5.9169993
0.4082,5.9169993
0.408205,5.9169993
0.40820998,5.9169993
0.408215,5.9169993
0.40822,5.9169993
0.408225,5.9169993
0.40822998,5.9169993
0.40823498,5.9169993
0.40824,5.9169993
0.408245,5.9169993
0.40825,5.9169993
0.40825498,5.9169993
0.40826,5.9169993
0.408265,5.9169993
0.40827,5.9169993
0.40827498,5.9169993
0.40828,5.9169993
0.408285,5.9169993
0.40829,5.9169993
0.40829498,5.9169993
0.40829998,5.9169993
0.408305,5.9169993
0.40831,5.9169993
0.408315,5.9169993
0.40831998,5.9169993
0.408325,5.9169993
0.40833,5.9169993
0.408335,5.9169993
0.40833998,5.9169993
0.40834498,5.9169993
0.40835,5.9169993
0.408355,5.9169993
0.40836,5.9169993
0.40836498,5.9169993
0.40837,5.9169993
0.408375,5.9169993
0.40838,5.9169993
0.40838498,5.9169993
0.40839,5.9169993
0.408395,5.9169993
0.4084,5.9169993
0.40840498,5.9169993
0.40840998,5.9169993
0.408415,5.9169993
0.40842,5.9169993
0.408425,5.9169993
0.40842998,5.9169993
0.408435,5.9169993
0.40844,5.9169993
0.408445,5.9169993
0.40844998,5.9169993
0.40845498,5.9169993
0.40846,5.9169993
0.408465,5.9169993
0.40846997,5.9169993
0.40847498,5.9169993
0.40848,5.9169993
0.408485,5.9169993
0.40849,5.9169993
0.40849498,5.9169993
0.4085,5.9169993
0.408505,5.9169993
0.40851,5.9169993
0.40851498,5.9169993
0.40851998,5.9169993
0.408525,5.9169993
0.40853,5.9169993
0.408535,5.9169993
0.40853998,5.9169993
0.408545,5.9169993
0.40855,5.9169993
0.408555,5.9169993
0.40855998,5.9169993
0.40856498,5.9169993
0.40857,5.9169993
0.408575,5.9169993
0.40857998,5.9169993
0.40858498,5.9169993
0.40859,5.9169993
0.408595,5.9169993
0.4086,5.9169993
0.40860498,5.9169993
0.40861,5.9169993
0.408615,5.9169993
0.40862,5.9169993
0.40862498,5.9169993
0.40862998,5.9169993
0.408635,5.9169993
0.40864,5.9169993
0.408645,5.9169993
0.40864998,5.9169993
0.408655,5.9169993
0.40866,5.9169993
0.408665,5.9169993
0.40866998,5.9169993
0.408675,5.9169993
0.40868,5.9169993
0.408685,5.9169993
0.40868998,5.9169993
0.40869498,5.9169993
0.4087,5.9169993
0.408705,5.9169993
0.40871,5.9169993
0.40871498,5.9169993
0.40872,5.9169993
0.408725,5.9169993
0.40873,5.9169993
0.40873498,5.9169993
0.40873998,5.9169993
0.408745,5.9169993
0.40875,5.9169993
0.408755,5.9169993
0.40875998,5.9169993
0.408765,5.9169993
0.40877,5.9169993
0.408775,5.9169993
0.40877998,5.9169993
0.408785,5.9169993
0.40879,5.9169993
0.408795,5.9169993
0.40879998,5.9169993
0.40880498,5.9169993
0.40881,5.9169993
0.408815,5.9169993
0.40882,5.9169993
0.40882498,5.9169993
0.40883,5.9169993
0.408835,5.9169993
0.40884,5.9169993
0.40884498,5.9169993
0.40884998,5.9169993
0.408855,5.9169993
0.40886,5.9169993
0.40886497,5.9169993
0.40886998,5.9169993
0.408875,5.9169993
0.40888,5.9169993
0.408885,5.9169993
0.40888998,5.9169993
0.408895,5.9169993
0.4089,5.9169993
0.408905,5.9169993
0.40890998,5.9169993
0.40891498,5.9169993
0.40892,5.9169993
0.408925,5.9169993
0.40893,5.9169993
0.40893498,5.9169993
0.40894,5.9169993
0.408945,5.9169993
0.40895,5.9169993
0.40895498,5.9169993
0.40895998,5.9169993
0.408965,5.9169993
0.40897,5.9169993
0.40897498,5.9169993
0.40897998,5.9169993
0.408985,5.9169993
0.40899,5.9169993
0.408995,5.9169993
0.40899998,5.9169993
0.409005,5.9169993
0.40901,5.9169993
0.409015,5.9169993
0.40901998,5.9169993
0.40902498,5.9169993
0.40903,5.9169993
0.409035,5.9169993
0.40904,5.9169993
0.40904498,5.9169993
0.40905,5.9169993
0.409055,5.9169993
0.40906,5.9169993
0.40906498,5.9169993
0.40907,5.9169993
0.409075,5.9169993
0.40908,5.9169993
0.40908498,5.9169993
0.40908998,5.9169993
0.409095,5.9169993
0.4091,5.9169993
0.409105,5.9169993
0.40910998,5.9169993
0.409115,5.9169993
0.40912,5.9169993
0.409125,5.9169993
0.40912998,5.9169993
0.40913498,5.9169993
0.40914,5.9169993
0.409145,5.9169993
0.40915,5.9169993
0.40915498,5.9169993
0.40916,5.9169993
0.409165,5.9169993
0.40917,5.9169993
0.40917498,5.9169993
0.40918,5.9169993
0.409185,5.9169993
0.40919,5.9169993
0.40919498,5.9169993
0.40919998,5.9169993
0.409205,5.9169993
0.40921,5.9169993
0.409215,5.9169993
0.40921998,5.9169993
0.409225,5.9169993
0.40923,5.9169993
0.409235,5.9169993
0.40923998,5.9169993
0.40924498,5.9169993
0.40925,5.9169993
0.409255,5.9169993
0.40925997,5.9169993
0.40926498,5.9169993
0.40927,5.9169993
0.409275,5.9169993
0.40928,5.9169993
0.40928498,5.9169993
0.40929,5.9169993
0.409295,5.9169993
0.4093,5.9169993
0.40930498,5.9169993
0.40930998,5.9169993
0.409315,5.9169993
0.40932,5.9169993
0.409325,5.9169993
0.40932998,5.9169993
0.409335,5.9169993
0.40934,5.9169993
0.409345,5.9169993
0.40934998,5.9169993
0.40935498,5.9169993
0.40936,5.9169993
0.409365,5.9169993
0.40936998,5.9169993
0.40937498,5.9169993
0.40938,5.9169993
0.409385,5.9169993
0.40939,5.9169993
0.40939498,5.9169993
0.4094,5.9169993
0.409405,5.9169993
0.40941,5.9169993
0.40941498,5.9169993
0.40941998,5.9169993
0.409425,5.9169993
0.40943,5.9169993
0.409435,5.9169993
0.40943998,5.9169993
0.409445,5.9169993
0.40945,5.9169993
0.409455,5.9169993
0.40945998,5.9169993
0.409465,5.9169993
0.40947,5.9169993
0.409475,0.23054075
0.40947998,0.27677202
0.40948498,0.27677202
0.40949,0.23054075
0.409495,0.23054075
0.4095,0.184309
0.40950498,0.184309
0.40951,0.184309
0.409515,0.184309
0.40952,0.13807821
0.40952498,0.13807821
0.40952998,0.13807821
0.409535,0.13807821
0.40954,0.13807821
0.409545,0.13807821
0.40954998,0.13807821
0.409555,0.13807821
0.40956,0.13807821
0.409565,0.13807821
0.40956998,0.13807821
0.409575,0.13807821
0.40958,0.13807821
0.409585,0.13807821
0.40958998,0.13807821
0.40959498,0.13807821
0.4096,0.13807821
0.409605,0.13807821
0.40961,0.13807821
0.40961498,0.13807821
0.40962,0.13807821
0.409625,0.13807821
0.40963,0.13807821
0.40963498,0.13807821
0.40963998,0.13807821
0.409645,0.13807821
0.40965,0.13807821
0.40965497,0.13807821
0.40965998,0.13807821
0.409665,0.13807821
0.40967,0.13807821
0.409675,0.13807821
0.40967998,0.13807821
0.409685,0.13807821
0.40969,0.13807821
0.409695,0.13807821
0.40969998,0.13807821
0.40970498,0.13807821
0.40971,0.13807821
0.409715,0.13807821
0.40972,0.13807821
0.40972498,0.13807821
0.40973,0.13807821
0.409735,0.13807821
0.40974,0.13807821
0.40974498,0.13807821
0.40974998,0.13807821
0.409755,0.13807821
0.40976,0.13807821
0.40976498,0.13807821
0.40976998,0.13807821
0.409775,0.13807821
0.40978,0.13807821
0.409785,0.13807821
0.40978998,0.13807821
0.409795,0.13807821
0.4098,0.13807821
0.409805,0.13807821
0.40980998,0.13807821
0.40981498,0.13807821
0.40982,0.13807821
0.409825,0.13807821
0.40983,0.13807821
0.40983498,0.13807821
0.40984,0.13807821
0.409845,0.13807821
0.40985,0.13807821
0.40985498,0.13807821
0.40986,0.13807821
0.409865,0.13807821
0.40987,0.13807821
0.40987498,0.13807821
0.40987998,0.13807821
0.409885,0.13807821
0.40989,0.13807821
0.409895,0.13807821
0.40989998,0.13807821
0.409905,0.13807821
0.40991,0.13807821
0.409915,0.13807821
0.40991998,0.13807821
0.40992498,0.13807821
0.40993,0.13807821
0.409935,0.13807821
0.40994,0.13807821
0.40994498,0.13807821
0.40995,0.13807821
0.409955,0.13807821
0.40996,0.13807821
0.40996498,0.13807821
0.40997,0.13807821
0.409975,0.13807821
0.40998,0.13807821
0.40998498,0.13807821
0.40998998,0.13807821
0.409995,0.13807821
0.41,0.13807821
0.410005,0.13807821
0.41000998,0.13807821
0.410015,0.13807821
0.41002,0.13807821
0.410025,0.13807821
0.41002998,0.13807821
0.41003498,0.13807821
0.41004,0.13807821
0.410045,0.13807821
0.41004997,0.13807821
0.41005498,0.13807821
0.41006,0.13807821
0.410065,0.13807821
0.41007,0.13807821
0.41007498,0.13807821
0.41008,0.13807821
0.410085,0.13807821
0.41009,0.13807821
0.41009498,0.13807821
0.41009998,0.13807821
0.410105,5.4546857
0.41011,5.9169993
0.410115,5.9169993
0.41011998,5.9169993
0.410125,5.9169993
0.41013,5.9169993
0.410135,5.9169993
0.41013998,5.9169993
0.41014498,5.9169993
0.41015,5.9169993
0.410155,5.9169993
0.41015998,5.9169993
0.41016498,5.9169993
0.41017,5.9169993
0.410175,5.9169993
0.41018,5.9169993
0.41018498,5.9169993
0.41019,5.9169993
0.410195,5.9169993
0.4102,5.9169993
0.41020498,5.9169993
0.41020998,5.9169993
0.410215,5.9169993
0.41022,5.9169993
0.410225,5.9169993
0.41022998,5.9169993
0.410235,5.9169993
0.41024,5.9169993
0.410245,5.9169993
0.41024998,5.9169993
0.41025499,5.9169993
0.41026,5.9169993
0.410265,5.9169993
0.41026998,5.9169993
0.41027498,5.9169993
0.41028,5.9169993
0.410285,5.9169993
0.41029,5.9169993
0.41029498,5.9169993
0.4103,5.9169993
0.410305,5.9169993
0.41031,5.9169993
0.41031498,5.9169993
0.41031998,5.9169993
0.410325,5.9169993
0.41033,5.9169993
0.410335,5.9169993
0.41033998,5.9169993
0.410345,5.9169993
0.41035,5.9169993
0.410355,5.9169993
0.41035998,5.9169993
0.410365,5.9169993
0.41037,5.9169993
0.410375,5.9169993
0.41037998,5.9169993
0.41038498,5.9169993
0.41039,5.9169993
0.410395,5.9169993
0.4104,5.9169993
0.41040498,5.9169993
0.41041,5.9169993
0.410415,5.9169993
0.41042,5.9169993
0.41042498,5.9169993
0.41042998,5.9169993
0.410435,5.9169993
0.41044,5.9169993
0.41044497,5.9169993
0.41044998,5.9169993
0.410455,5.9169993
0.41046,5.9169993
0.410465,5.9169993
0.41046998,5.9169993
0.410475,5.9169993
0.41048,5.9169993
0.410485,5.9169993
0.41048998,5.9169993
0.41049498,5.9169993
0.4105,5.9169993
0.410505,5.9169993
0.41051,5.9169993
0.41051498,5.9169993
0.41052,5.9169993
0.410525,5.9169993
0.41053,5.9169993
0.41053498,5.9169993
0.41053998,5.9169993
0.410545,5.9169993
0.41055,5.9169993
0.41055498,5.9169993
0.41055998,5.9169993
0.410565,5.9169993
0.41057,5.9169993
0.410575,5.9169993
0.41057998,5.9169993
0.410585,5.9169993
0.41059,5.9169993
0.410595,5.9169993
0.41059998,5.9169993
0.41060498,5.9169993
0.41061,5.9169993
0.410615,5.9169993
0.41062,5.9169993
0.41062498,5.9169993
0.41063,5.9169993
0.410635,5.9169993
0.41064,5.9169993
0.41064498,5.9169993
0.41064999,5.9169993
0.410655,5.9169993
0.41066,5.9169993
0.41066498,5.9169993
0.41066998,5.9169993
0.410675,5.9169993
0.41068,5.9169993
0.410685,5.9169993
0.41068998,5.9169993
0.410695,5.9169993
0.4107,5.870768
0.410705,5.824537
0.41070998,5.824537
0.41071498,5.824537
0.41072,5.870768
0.410725,5.9169993
0.41073,5.9169993
0.41073498,5.9169993
0.41074,5.9169993
0.410745,5.9169993
0.41075,5.9169993
0.41075498,5.9169993
0.41076,5.9169993
0.410765,5.9169993
0.41077,5.9169993
0.41077498,5.9169993
0.41077998,5.9169993
0.410785,5.9169993
0.41079,5.9169993
0.410795,5.9169993
0.41079998,5.9169993
0.410805,5.9169993
0.41081,5.9169993
0.410815,5.9169993
0.41081998,5.9169993
0.41082498,5.9169993
0.41083,5.9169993
0.410835,5.9169993
0.41083997,5.9169993
0.41084498,5.9169993
0.41085,5.9169993
0.410855,5.9169993
0.41086,5.9169993
0.41086498,5.9169993
0.41087,5.9169993
0.410875,5.9169993
0.41088,5.9169993
0.41088498,5.9169993
0.41088998,5.9169993
0.410895,5.9169993
0.4109,5.9169993
0.410905,5.9169993
0.41090998,5.9169993
0.410915,5.9169993
0.41092,5.9169993
0.410925,5.9169993
0.41092998,5.9169993
0.41093498,5.9169993
0.41094,5.9169993
0.410945,5.9169993
0.41094998,5.9169993
0.41095498,5.9169993
0.41096,5.9169993
0.410965,5.9169993
0.41097,5.9169993
0.41097498,5.9169993
0.41098,5.9169993
0.410985,5.9169993
0.41099,5.9169993
0.41099498,5.9169993
0.41099998,5.9169993
0.411005,5.9169993
0.41101,5.9169993
0.411015,5.9169993
0.41101998,5.9169993
0.411025,5.9169993
0.41103,5.9169993
0.411035,5.9169993
0.41103998,5.9169993
0.41104499,5.9169993
0.41105,5.9169993
0.411055,5.9169993
0.41105998,5.9169993
0.41106498,5.9169993
0.41107,5.9169993
0.411075,5.9169993
0.41108,5.9169993
0.41108498,5.9169993
0.41109,5.9169993
0.411095,5.9169993
0.4111,5.9169993
0.41110498,5.9169993
0.41110998,5.9169993
0.411115,5.9169993
0.41112,5.9169993
0.411125,5.9169993
0.41112998,5.9169993
0.411135,5.9169993
0.41114,5.9169993
0.411145,5.9169993
0.41114998,5.9169993
0.411155,5.9169993
0.41116,5.9169993
0.411165,5.9169993
0.41116998,5.9169993
0.41117498,5.9169993
0.41118,5.9169993
0.411185,5.9169993
0.41119,5.9169993
0.41119498,5.9169993
0.4112,5.9169993
0.411205,5.9169993
0.41121,5.9169993
0.41121498,5.9169993
0.41121998,5.9169993
0.411225,5.9169993
0.41123,5.9169993
0.41123497,5.9169993
0.41123998,5.9169993
0.411245,5.9169993
0.41125,5.9169993
0.411255,5.9169993
0.41125998,5.9169993
0.411265,5.9169993
0.41127,5.9169993
0.411275,5.9169993
0.41127998,5.9169993
0.41128498,5.9169993
0.41129,5.9169993
0.411295,5.9169993
0.4113,5.9169993
0.41130498,5.9169993
0.41131,5.9169993
0.411315,5.9169993
0.41132,5.9169993
0.41132498,5.9169993
0.41132998,5.9169993
0.411335,5.9169993
0.41134,5.9169993
0.41134498,5.9169993
0.41134998,5.9169993
0.411355,5.9169993
0.41136,5.9169993
0.411365,5.9169993
0.41136998,5.9169993
0.411375,5.9169993
0.41138,5.9169993
0.411385,5.9169993
0.41138998,5.9169993
0.41139498,5.9169993
0.4114,5.9169993
0.411405,5.9169993
0.41141,5.9169993
0.41141498,5.9169993
0.41142,5.9169993
0.411425,5.9169993
0.41143,5.9169993
0.41143498,5.9169993
0.41143999,5.9169993
0.411445,5.9169993
0.41145,5.9169993
0.41145498,5.9169993
0.41145998,5.9169993
0.411465,5.9169993
0.41147,5.9169993
0.411475,5.9169993
0.41147998,5.9169993
0.411485,5.9169993
0.41149,5.9169993
0.411495,5.9169993
0.41149998,5.9169993
0.41150498,5.9169993
0.41151,5.9169993
0.411515,5.9169993
0.41152,5.9169993
0.41152498,5.9169993
0.41153,5.9169993
0.411535,5.9169993
0.41154,5.9169993
0.41154498,5.9169993
0.41155,5.9169993
0.411555,5.9169993
0.41156,5.9169993
0.41156498,5.9169993
0.41156998,5.9169993
0.411575,5.9169993
0.41158,5.9169993
0.411585,5.9169993
0.41158998,5.9169993
0.411595,5.9169993
0.4116,5.9169993
0.411605,5.9169993
0.41160998,5.9169993
0.41161498,5.9169993
0.41162,5.9169993
0.411625,5.9169993
0.41162997,5.9169993
0.41163498,5.9169993
0.41164,5.9169993
0.411645,5.9169993
0.41165,5.9169993
0.41165498,5.9169993
0.41166,5.9169993
0.411665,5.9169993
0.41167,5.9169993
0.41167498,5.9169993
0.41167998,5.9169993
0.411685,5.9169993
0.41169,5.9169993
0.411695,4.8536773
0.41169998,0.3230033
0.411705,0.27677202
0.41171,0.23054075
0.411715,0.23054075
0.41171998,0.23054075
0.41172498,0.184309
0.41173,0.184309
0.411735,0.184309
0.41173998,0.184309
0.41174498,0.13807821
0.41175,0.13807821
0.411755,0.13807821
0.41176,0.13807821
0.41176498,0.13807821
0.41177,0.13807821
0.411775,0.13807821
0.41178,0.13807821
0.41178498,0.13807821
0.41178998,0.13807821
0.411795,0.13807821
0.4118,0.13807821
0.411805,0.13807821
0.41180998,0.13807821
0.411815,0.13807821
0.41182,0.13807821
0.411825,0.13807821
0.41182998,0.13807821
0.41183499,0.13807821
0.41184,0.13807821
0.411845,0.13807821
0.41184998,0.13807821
0.41185498,0.13807821
0.41186,0.13807821
0.411865,0.13807821
0.41187,0.13807821
0.41187498,0.13807821
0.41188,0.13807821
0.411885,0.13807821
0.41189,0.13807821
0.41189498,0.13807821
0.41189998,0.13807821
0.411905,0.13807821
0.41191,0.13807821
0.411915,0.13807821
0.41191998,0.13807821
0.411925,0.13807821
0.41193,0.13807821
0.411935,0.13807821
0.41193998,0.13807821
0.411945,0.13807821
0.41195,0.13807821
0.411955,0.13807821
0.41195998,0.13807821
0.41196498,0.13807821
0.41197,0.13807821
0.411975,0.13807821
0.41198,0.13807821
0.41198498,0.13807821
0.41199,0.13807821
0.411995,0.13807821
0.412,0.13807821
0.41200498,0.13807821
0.41200998,0.13807821
0.412015,0.13807821
0.41202,0.13807821
0.41202497,0.13807821
0.41202998,0.13807821
0.412035,0.13807821
0.41204,0.13807821
0.412045,0.13807821
0.41204998,0.13807821
0.412055,0.13807821
0.41206,0.13807821
0.412065,0.13807821
0.41206998,0.13807821
0.41207498,0.13807821
0.41208,0.13807821
0.412085,0.13807821
0.41209,0.13807821
0.41209498,0.13807821
0.4121,0.13807821
0.412105,0.13807821
0.41211,0.13807821
0.41211498,0.13807821
0.41211998,0.13807821
0.412125,0.13807821
0.41213,0.13807821
0.41213498,0.13807821
0.41213998,0.13807821
0.412145,0.13807821
0.41215,0.13807821
0.412155,0.13807821
0.41215998,0.13807821
0.412165,0.13807821
0.41217,0.13807821
0.412175,0.13807821
0.41217998,0.13807821
0.41218498,0.13807821
0.41219,0.13807821
0.412195,0.13807821
0.4122,0.13807821
0.41220498,0.13807821
0.41221,0.13807821
0.412215,0.13807821
0.41222,0.13807821
0.41222498,0.13807821
0.41222998,0.13807821
0.412235,0.13807821
0.41224,0.13807821
0.41224498,0.13807821
0.41224998,0.13807821
0.412255,0.13807821
0.41226,0.13807821
0.412265,0.13807821
0.41226998,0.13807821
0.412275,0.13807821
0.41228,0.13807821
0.412285,0.13807821
0.41228998,0.13807821
0.41229498,0.13807821
0.4123,0.13807821
0.412305,0.13807821
0.41231,0.13807821
0.41231498,0.13807821
0.41232,0.13807821
0.412325,0.13807821
0.41233,0.13807821
0.41233498,0.13807821
0.41234,0.13807821
0.412345,0.13807821
0.41235,0.13807821
0.41235498,0.13807821
0.41235998,0.13807821
0.412365,0.13807821
0.41237,0.13807821
0.412375,0.13807821
0.41237998,0.13807821
0.412385,0.13807821
0.41239,5.2235284
0.412395,5.9169993
0.41239998,5.9169993
0.41240498,5.9169993
0.41241,5.9169993
0.412415,5.9169993
0.41241997,5.9169993
0.41242498,5.9169993
0.41243,5.9169993
0.412435,5.9169993
0.41244,5.9169993
0.41244498,5.9169993
0.41245,5.9169993
0.412455,5.9169993
0.41246,5.9169993
0.41246498,5.9169993
0.41246998,5.9169993
0.412475,5.9169993
0.41248,5.9169993
0.412485,5.9169993
0.41248998,5.9169993
0.412495,5.9169993
0.4125,5.9169993
0.412505,5.9169993
0.41250998,5.9169993
0.41251498,5.9169993
0.41252,5.9169993
0.412525,5.9169993
0.41252998,5.9169993
0.41253498,5.9169993
0.41254,5.9169993
0.412545,5.9169993
0.41255,5.9169993
0.41255498,5.9169993
0.41256,5.9169993
0.412565,5.9169993
0.41257,5.9169993
0.41257498,5.9169993
0.41257998,5.9169993
0.412585,5.9169993
0.41259,5.9169993
0.412595,5.9169993
0.41259998,5.9169993
0.412605,5.9169993
0.41261,5.9169993
0.412615,5.9169993
0.41261998,5.9169993
0.41262498,5.9169993
0.41263,5.9169993
0.412635,5.9169993
0.41263998,5.9169993
0.41264498,5.9169993
0.41265,5.9169993
0.412655,5.9169993
0.41266,5.9169993
0.41266498,5.9169993
0.41267,5.9169993
0.412675,5.9169993
0.41268,5.9169993
0.41268498,5.9169993
0.41268998,5.9169993
0.412695,5.9169993
0.4127,5.9169993
0.412705,5.9169993
0.41270998,5.9169993
0.412715,5.9169993
0.41272,5.9169993
0.412725,5.9169993
0.41272998,5.9169993
0.412735,5.9169993
0.41274,5.9169993
0.412745,5.9169993
0.41274998,5.9169993
0.41275498,5.9169993
0.41276,5.9169993
0.412765,5.9169993
0.41277,5.9169993
0.41277498,5.9169993
0.41278,5.9169993
0.412785,5.9169993
0.41279,5.9169993
0.41279498,5.9169993
0.41279998,5.9169993
0.412805,5.9169993
0.41281,5.9169993
0.41281497,5.9169993
0.41281998,5.9169993
0.412825,5.9169993
0.41283,5.9169993
0.412835,5.9169993
0.41283998,5.9169993
0.412845,5.9169993
0.41285,5.9169993
0.412855,5.9169993
0.41285998,5.9169993
0.41286498,5.9169993
0.41287,5.9169993
0.412875,5.9169993
0.41288,5.9169993
0.41288498,5.9169993
0.41289,5.9169993
0.412895,5.9169993
0.4129,5.9169993
0.41290498,5.9169993
0.41290998,5.9169993
0.412915,5.9169993
0.41292,5.9169993
0.41292498,5.9169993
0.41292998,5.9169993
0.412935,5.9169993
0.41294,5.9169993
0.412945,5.9169993
0.41294998,5.9169993
0.412955,5.9169993
0.41296,5.9169993
0.412965,5.9169993
0.41296998,5.9169993
0.41297498,5.9169993
0.41298,5.9169993
0.412985,5.9169993
0.41299,5.9169993
0.41299498,5.9169993
0.413,5.9169993
0.413005,5.9169993
0.41301,5.9169993
0.41301498,5.9169993
0.41301998,5.9169993
0.413025,5.9169993
0.41303,5.9169993
0.41303498,5.9169993
0.41303998,5.9169993
0.413045,5.9169993
0.41305,5.9169993
0.413055,5.9169993
0.41305998,5.9169993
0.413065,5.9169993
0.41307,5.9169993
0.413075,5.9169993
0.41307998,5.9169993
0.41308498,5.9169993
0.41309,5.9169993
0.413095,5.9169993
0.4131,5.9169993
0.41310498,5.9169993
0.41311,5.9169993
0.413115,5.9169993
0.41312,5.9169993
0.41312498,5.9169993
0.41313,5.9169993
0.413135,5.9169993
0.41314,5.9169993
0.41314498,5.9169993
0.41314998,5.9169993
0.413155,5.9169993
0.41316,5.9169993
0.413165,5.9169993
0.41316998,5.9169993
0.413175,5.9169993
0.41318,5.9169993
0.413185,5.9169993
0.41318998,5.9169993
0.41319498,5.9169993
0.4132,5.9169993
0.413205,5.9169993
0.41320997,5.9169993
0.41321498,5.9169993
0.41322,5.9169993
0.413225,5.9169993
0.41323,5.9169993
0.41323498,5.9169993
0.41324,5.9169993
0.413245,5.9169993
0.41325,5.9169993
0.41325498,5.9169993
0.41325998,5.9169993
0.413265,5.9169993
0.41327,5.9169993
0.413275,5.9169993
0.41327998,5.9169993
0.413285,5.9169993
0.41329,5.9169993
0.413295,5.9169993
0.41329998,5.9169993
0.41330498,5.9169993
0.41331,5.9169993
0.413315,5.9169993
0.41331998,5.9169993
0.41332498,5.9169993
0.41333,5.9169993
0.413335,5.9169993
0.41334,5.9169993
0.41334498,5.9169993
0.41335,5.9169993
0.413355,5.9169993
0.41336,5.9169993
0.41336498,5.9169993
0.41336998,5.9169993
0.413375,5.9169993
0.41338,5.9169993
0.413385,5.9169993
0.41338998,5.9169993
0.413395,5.9169993
0.4134,5.9169993
0.413405,5.9169993
0.41340998,5.9169993
0.41341498,5.9169993
0.41342,5.9169993
0.413425,5.9169993
0.41342998,5.9169993
0.41343498,5.9169993
0.41344,5.9169993
0.413445,5.9169993
0.41345,5.9169993
0.41345498,5.9169993
0.41346,5.9169993
0.413465,5.9169993
0.41347,5.9169993
0.41347498,5.9169993
0.41347998,5.9169993
0.413485,5.9169993
0.41349,5.9169993
0.413495,5.9169993
0.41349998,5.9169993
0.413505,5.9169993
0.41351,5.9169993
0.413515,5.9169993
0.41351998,5.9169993
0.413525,5.9169993
0.41353,5.9169993
0.413535,5.9169993
0.41353998,5.9169993
0.41354498,5.9169993
0.41355,5.9169993
0.413555,5.9169993
0.41356,5.9169993
0.41356498,5.9169993
0.41357,5.9169993
0.413575,5.9169993
0.41358,5.9169993
0.41358498,5.9169993
0.41358998,5.9169993
0.413595,5.9169993
0.4136,5.9169993
0.41360497,5.9169993
0.41360998,5.9169993
0.413615,5.9169993
0.41362,5.9169993
0.413625,5.9169993
0.41362998,5.9169993
0.413635,5.9169993
0.41364,5.9169993
0.413645,5.9169993
0.41364998,5.9169993
0.41365498,5.9169993
0.41366,5.9169993
0.413665,5.9169993
0.41367,5.9169993
0.41367498,5.9169993
0.41368,5.9169993
0.413685,5.9169993
0.41369,5.9169993
0.41369498,5.9169993
0.41369998,5.9169993
0.413705,5.9169993
0.41371,5.9169993
0.41371498,5.9169993
0.41371998,5.9169993
0.413725,5.9169993
0.41373,5.9169993
0.413735,5.9169993
0.41373998,5.9169993
0.413745,5.9169993
0.41375,5.9169993
0.413755,5.9169993
0.41375998,5.9169993
0.41376498,5.9169993
0.41377,5.9169993
0.413775,5.9169993
0.41378,5.9169993
0.41378498,5.9169993
0.41379,5.9169993
0.413795,5.9169993
0.4138,5.9169993
0.41380498,5.9169993
0.41380998,5.9169993
0.413815,5.9169993
0.41382,5.9169993
0.41382498,5.9169993
0.41382998,5.9169993
0.413835,5.9169993
0.41384,5.9169993
0.413845,5.9169993
0.41384998,5.9169993
0.413855,5.9169993
0.41386,5.9169993
0.413865,5.9169993
0.41386998,5.9169993
0.41387498,5.9169993
0.41388,5.9169993
0.413885,5.9169993
0.41389,5.9169993
0.41389498,5.9169993
0.4139,5.9169993
0.413905,5.9169993
0.41391,5.9169993
0.41391498,5.9169993
0.41392,5.9169993
0.413925,5.9169993
0.41393,5.9169993
0.41393498,5.9169993
0.41393998,5.9169993
0.413945,5.9169993
0.41395,5.9169993
0.413955,5.9169993
0.41395998,0.3230033
0.413965,0.27677202
0.41397,0.27677202
0.413975,0.23054075
0.41397998,0.23054075
0.41398498,0.184309
0.41399,0.184309
0.413995,0.184309
0.41399997,0.184309
0.41400498,0.13807821
0.41401,0.13807821
0.414015,0.13807821
0.41402,0.13807821
0.41402498,0.13807821
0.41403,0.13807821
0.414035,0.13807821
0.41404,0.13807821
0.41404498,0.13807821
0.41404998,0.13807821
0.414055,0.13807821
0.41406,0.13807821
0.414065,0.13807821
0.41406998,0.13807821
0.414075,0.13807821
0.41408,0.13807821
0.414085,0.13807821
0.41408998,0.13807821
0.41409498,0.13807821
0.4141,0.13807821
0.414105,0.13807821
0.41410998,0.13807821
0.41411498,0.13807821
0.41412,0.13807821
0.414125,0.13807821
0.41413,0.13807821
0.41413498,0.13807821
0.41414,0.13807821
0.414145,0.13807821
0.41415,0.13807821
0.41415498,0.13807821
0.41415998,0.13807821
0.414165,0.13807821
0.41417,0.13807821
0.414175,0.13807821
0.41417998,0.13807821
0.414185,0.13807821
0.41419,0.13807821
0.414195,0.13807821
0.41419998,0.13807821
0.41420498,0.13807821
0.41421,0.13807821
0.414215,0.13807821
0.41421998,0.13807821
0.41422498,0.13807821
0.41423,0.13807821
0.414235,0.13807821
0.41424,0.13807821
0.41424498,0.13807821
0.41425,0.13807821
0.414255,0.13807821
0.41426,0.13807821
0.41426498,0.13807821
0.41426998,0.13807821
0.414275,0.13807821
0.41428,0.13807821
0.414285,0.13807821
0.41428998,0.13807821
0.414295,0.13807821
0.4143,0.13807821
0.414305,0.13807821
0.41430998,0.13807821
0.414315,0.13807821
0.41432,0.13807821
0.414325,0.13807821
0.41432998,0.13807821
0.41433498,0.13807821
0.41434,0.13807821
0.414345,0.13807821
0.41435,0.13807821
0.41435498,0.13807821
0.41436,0.13807821
0.414365,0.13807821
0.41437,0.13807821
0.41437498,0.13807821
0.41437998,0.13807821
0.414385,0.13807821
0.41439,0.13807821
0.41439497,0.13807821
0.41439998,0.13807821
0.414405,0.13807821
0.41441,0.13807821
0.414415,0.13807821
0.41441998,0.13807821
0.414425,0.13807821
0.41443,0.13807821
0.414435,0.13807821
0.41443998,0.13807821
0.41444498,0.13807821
0.41445,0.13807821
0.414455,0.13807821
0.41446,0.13807821
0.41446498,0.13807821
0.41447,0.13807821
0.414475,0.13807821
0.41448,0.13807821
0.41448498,0.13807821
0.41448998,0.13807821
0.414495,0.13807821
0.4145,0.13807821
0.41450498,0.13807821
0.41450998,0.13807821
0.414515,0.13807821
0.41452,0.13807821
0.414525,0.13807821
0.41452998,0.13807821
0.414535,0.13807821
0.41454,0.13807821
0.414545,0.13807821
0.41454998,0.13807821
0.41455498,0.13807821
0.41456,0.13807821
0.414565,0.13807821
0.41457,0.13807821
0.41457498,0.13807821
0.41458,0.13807821
0.414585,0.13807821
0.41459,0.13807821
0.41459498,0.13807821
0.41459998,5.0848346
0.414605,5.9169993
0.41461,5.9169993
0.41461498,5.9169993
0.41461998,5.9169993
0.414625,5.9169993
0.41463,5.9169993
0.414635,5.9169993
0.41463998,5.9169993
0.414645,5.9169993
0.41465,5.9169993
0.414655,5.9169993
0.41465998,5.9169993
0.41466498,5.9169993
0.41467,5.9169993
0.414675,5.9169993
0.41468,5.9169993
0.41468498,5.9169993
0.41469,5.9169993
0.414695,5.9169993
0.4147,5.9169993
0.41470498,5.9169993
0.41471,5.9169993
0.414715,5.9169993
0.41472,5.9169993
0.41472498,5.9169993
0.41472998,5.9169993
0.414735,5.9169993
0.41474,5.9169993
0.414745,5.9169993
0.41474998,5.9169993
0.414755,5.9169993
0.41476,5.9169993
0.414765,5.9169993
0.41476998,5.9169993
0.41477498,5.9169993
0.41478,5.9169993
0.414785,5.9169993
0.41478997,5.9169993
0.41479498,5.9169993
0.4148,5.9169993
0.414805,5.9169993
0.41481,5.9169993
0.41481498,5.9169993
0.41482,5.9169993
0.414825,5.9169993
0.41483,5.9169993
0.41483498,5.9169993
0.41483998,5.9169993
0.414845,5.9169993
0.41485,5.9169993
0.414855,5.9169993
0.41485998,5.9169993
0.414865,5.9169993
0.41487,5.9169993
0.414875,5.9169993
0.41487998,5.9169993
0.41488498,5.9169993
0.41489,5.9169993
0.414895,5.9169993
0.41489998,5.9169993
0.41490498,5.9169993
0.41491,5.9169993
0.414915,5.9169993
0.41492,5.9169993
0.41492498,5.9169993
0.41493,5.9169993
0.414935,5.9169993
0.41494,5.9169993
0.41494498,5.9169993
0.41494998,5.9169993
0.414955,5.9169993
0.41496,5.9169993
0.414965,5.9169993
0.41496998,5.9169993
0.414975,5.9169993
0.41498,5.9169993
0.414985,5.9169993
0.41498998,5.9169993
0.41499498,5.9169993
0.415,5.9169993
0.415005,5.9169993
0.41500998,5.9169993
0.41501498,5.9169993
0.41502,5.9169993
0.415025,5.9169993
0.41503,5.9169993
0.41503498,5.9169993
0.41504,5.9169993
0.415045,5.9169993
0.41505,5.9169993
0.41505498,5.9169993
0.41505998,5.9169993
0.415065,5.9169993
0.41507,5.9169993
0.415075,5.9169993
0.41507998,5.9169993
0.415085,5.9169993
0.41509,5.9169993
0.415095,5.9169993
0.41509998,5.9169993
0.415105,5.9169993
0.41511,5.9169993
0.415115,5.9169993
0.41511998,5.9169993
0.41512498,5.9169993
0.41513,5.9169993
0.415135,5.9169993
0.41514,5.9169993
0.41514498,5.9169993
0.41515,5.9169993
0.415155,5.9169993
0.41516,5.9169993
0.41516498,5.9169993
0.41516998,5.9169993
0.415175,5.9169993
0.41518,5.9169993
0.41518497,5.9169993
0.41518998,5.9169993
0.415195,5.9169993
0.4152,5.9169993
0.415205,5.9169993
0.41520998,5.9169993
0.415215,5.9169993
0.41522,5.9169993
0.415225,5.9169993
0.41522998,5.9169993
0.41523498,5.9169993
0.41524,5.9169993
0.415245,5.9169993
0.41525,5.9169993
0.41525498,5.9169993
0.41526,5.9169993
0.415265,5.9169993
0.41527,5.9169993
0.41527498,5.9169993
0.41527998,5.9169993
0.415285,5.9169993
0.41529,5.9169993
0.41529498,5.9169993
0.41529998,5.9169993
0.415305,5.9169993
0.41531,5.9169993
0.415315,5.9169993
0.41531998,5.9169993
0.415325,5.9169993
0.41533,5.9169993
0.415335,5.9169993
0.41533998,5.9169993
0.41534498,5.9169993
0.41535,5.9169993
0.415355,5.9169993
0.41536,5.9169993
0.41536498,5.9169993
0.41537,5.9169993
0.415375,5.9169993
0.41538,5.9169993
0.41538498,5.9169993
0.41538998,5.9169993
0.415395,5.9169993
0.4154,5.9169993
0.41540498,5.9169993
0.41540998,5.9169993
0.415415,5.9169993
0.41542,5.9169993
0.415425,5.9169993
0.41542998,5.9169993
0.415435,5.9169993
0.41544,5.9169993
0.415445,5.9169993
0.41544998,5.9169993
0.41545498,5.9169993
0.41546,5.9169993
0.415465,5.9169993
0.41547,5.9169993
0.41547498,5.9169993
0.41548,5.9169993
0.415485,5.9169993
0.41549,5.9169993
0.41549498,5.9169993
0.4155,5.9169993
0.415505,5.9169993
0.41551,5.9169993
0.41551498,5.9169993
0.41551998,5.9169993
0.415525,5.9169993
0.41553,5.9169993
0.415535,5.9169993
0.41553998,5.9169993
0.415545,5.9169993
0.41555,5.9169993
0.415555,5.9169993
0.41555998,5.9169993
0.41556498,5.9169993
0.41557,5.9169993
0.415575,5.9169993
0.41557997,5.9169993
0.41558498,5.9169993
0.41559,5.9169993
0.415595,5.9169993
0.4156,5.9169993
0.41560498,5.9169993
0.41561,5.9169993
0.415615,5.9169993
0.41562,5.9169993
0.41562498,5.9169993
0.41562998,5.9169993
0.415635,5.9169993
0.41564,5.9169993
0.415645,5.9169993
0.41564998,5.9169993
0.415655,5.9169993
0.41566,5.9169993
0.415665,5.9169993
0.41566998,5.9169993
0.41567498,5.9169993
0.41568,5.9169993
0.415685,5.9169993
0.41568998,5.9169993
0.41569498,5.9169993
0.4157,5.9169993
0.415705,5.9169993
0.41571,5.9169993
0.41571498,5.9169993
0.41572,5.9169993
0.415725,5.9169993
0.41573,5.9169993
0.41573498,5.9169993
0.41573998,5.9169993
0.415745,5.9169993
0.41575,5.9169993
0.415755,5.9169993
0.41575998,5.9169993
0.415765,5.9169993
0.41577,5.9169993
0.415775,5.9169993
0.41577998,5.9169993
0.41578498,5.9169993
0.41579,5.9169993
0.415795,5.9169993
0.41579998,5.9169993
0.41580498,5.9169993
0.41581,5.9169993
0.415815,5.9169993
0.41582,5.9169993
0.41582498,5.9169993
0.41583,5.9169993
0.415835,5.9169993
0.41584,5.9169993
0.41584498,5.9169993
0.41584998,5.9169993
0.415855,5.9169993
0.41586,5.9169993
0.415865,5.9169993
0.41586998,5.9169993
0.415875,5.9169993
0.41588,5.9169993
0.415885,5.9169993
0.41588998,5.9169993
0.415895,5.9169993
0.4159,5.9169993
0.415905,5.9169993
0.41590998,5.9169993
0.41591498,5.9169993
0.41592,5.9169993
0.415925,5.9169993
0.41593,5.9169993
0.41593498,5.9169993
0.41594,5.9169993
0.415945,5.9169993
0.41595,5.9169993
0.41595498,5.9169993
0.41595998,5.9169993
0.415965,5.9169993
0.41597,5.9169993
0.41597497,5.9169993
0.41597998,5.9169993
0.415985,5.9169993
0.41599,5.9169993
0.415995,5.9169993
0.41599998,5.9169993
0.416005,5.9169993
0.41601,5.9169993
0.416015,5.9169993
0.41601998,5.9169993
0.41602498,5.9169993
0.41603,5.9169993
0.416035,5.9169993
0.41604,5.9169993
0.41604498,5.9169993
0.41605,5.9169993
0.416055,5.9169993
0.41606,5.9169993
0.41606498,5.9169993
0.41606998,5.9169993
0.416075,5.9169993
0.41608,5.9169993
0.41608498,5.9169993
0.41608998,5.9169993
0.416095,5.9169993
0.4161,5.9169993
0.416105,5.9169993
0.41610998,5.9169993
0.416115,5.9169993
0.41612,5.9169993
0.416125,5.9169993
0.41612998,5.9169993
0.41613498,5.9169993
0.41614,5.9169993
0.416145,5.9169993
0.41615,5.9169993
0.41615498,5.9169993
0.41616,5.9169993
0.416165,5.9169993
0.41617,5.9169993
0.41617498,5.9169993
0.41617998,5.9169993
0.416185,5.9169993
0.41619,5.9169993
0.41619498,5.9169993
0.41619998,5.9169993
0.416205,5.9169993
0.41621,5.9169993
0.416215,5.9169993
0.41621998,5.9169993
0.416225,5.9169993
0.41623,5.9169993
0.416235,5.9169993
0.41623998,5.9169993
0.41624498,5.9169993
0.41625,5.9169993
0.416255,5.9169993
0.41626,5.9169993
0.41626498,5.9169993
0.41627,5.9169993
0.416275,5.9169993
0.41628,5.9169993
0.41628498,5.9169993
0.41629,5.9169993
0.416295,5.9169993
0.4163,5.9169993
0.41630498,5.9169993
0.41630998,5.9169993
0.416315,5.9169993
0.41632,5.9169993
0.416325,5.9169993
0.41632998,5.9169993
0.416335,5.9169993
0.41634,5.9169993
0.416345,5.9169993
0.41634998,5.9169993
0.41635498,5.9169993
0.41636,5.9169993
0.416365,5.9169993
0.41636997,5.9169993
0.41637498,5.9169993
0.41638,5.9169993
0.416385,5.9169993
0.41639,5.9169993
0.41639498,5.9169993
0.4164,5.9169993
0.416405,5.9169993
0.41641,5.9169993
0.41641498,5.9169993
0.41641998,5.9169993
0.416425,5.9169993
0.41643,5.9169993
0.416435,5.9169993
0.41643998,5.9169993
0.416445,5.9169993
0.41645,5.9169993
0.416455,5.9169993
0.41645998,5.9169993
0.41646498,5.9169993
0.41647,5.9169993
0.416475,5.9169993
0.41647997,5.9169993
0.41648498,5.9169993
0.41649,5.9169993
0.416495,5.9169993
0.4165,5.9169993
0.41650498,5.9169993
0.41651,5.9169993
0.416515,5.9169993
0.41652,5.9169993
0.41652498,5.9169993
0.41652998,5.9169993
0.416535,5.9169993
0.41654,5.9169993
0.416545,5.9169993
0.41654998,5.9169993
0.416555,5.9169993
0.41656,5.9169993
0.416565,5.9169993
0.41656998,5.9169993
0.41657498,5.9169993
0.41658,5.9169993
0.416585,5.9169993
0.41658998,5.9169993
0.41659498,5.9169993
0.4166,5.9169993
0.416605,5.9169993
0.41661,5.9169993
0.41661498,5.9169993
0.41662,5.9169993
0.416625,5.9169993
0.41663,5.9169993
0.41663498,5.9169993
0.41663998,5.9169993
0.416645,5.9169993
0.41665,5.9169993
0.416655,5.9169993
0.41665998,5.9169993
0.416665,5.9169993
0.41667,5.9169993
0.416675,5.9169993
0.41667998,5.9169993
0.416685,5.9169993
0.41669,5.9169993
0.416695,5.9169993
0.41669998,5.9169993
0.41670498,5.9169993
0.41671,5.9169993
0.416715,5.9169993
0.41672,5.9169993
0.41672498,5.9169993
0.41673,5.9169993
0.416735,5.9169993
0.41674,5.9169993
0.41674498,5.9169993
0.41674998,5.9169993
0.416755,5.9169993
0.41676,5.9169993
0.41676497,5.9169993
0.41676998,5.9169993
0.416775,5.9169993
0.41678,5.9169993
0.416785,5.9169993
0.41678998,5.9169993
0.416795,5.9169993
0.4168,5.9169993
0.416805,5.9169993
0.41680998,5.9169993
0.41681498,5.9169993
0.41682,5.9169993
0.416825,5.9169993
0.41683,5.9169993
0.41683498,5.9169993
0.41684,5.9169993
0.416845,5.9169993
0.41685,5.9169993
0.41685498,5.9169993
0.41685998,5.9169993
0.416865,5.9169993
0.41687,5.9169993
0.41687497,5.9169993
0.41687998,5.9169993
0.416885,5.9169993
0.41689,5.9169993
0.416895,5.9169993
0.41689998,5.9169993
0.416905,5.9169993
0.41691,5.9169993
0.416915,5.9169993
0.41691998,5.9169993
0.41692498,5.9169993
0.41693,5.9169993
0.416935,5.9169993
0.41694,5.9169993
0.41694498,5.9169993
0.41695,5.9169993
0.416955,5.9169993
0.41696,5.9169993
0.41696498,5.9169993
0.41696998,5.9169993
0.416975,5.9169993
0.41698,5.9169993
0.41698498,5.9169993
0.41698998,5.9169993
0.416995,5.9169993
0.417,5.9169993
0.417005,5.9169993
0.41700998,5.9169993
0.417015,5.9169993
0.41702,5.9169993
0.417025,5.9169993
0.41702998,5.9169993
0.41703498,5.9169993
0.41704,5.9169993
0.417045,5.9169993
0.41705,5.9169993
0.41705498,5.9169993
0.41706,5.9169993
0.417065,5.9169993
0.41707,5.9169993
0.41707498,5.9169993
0.41708,5.9169993
0.417085,5.9169993
0.41709,5.9169993
0.41709498,5.9169993
0.41709998,5.9169993
0.417105,5.9169993
0.41711,5.9169993
0.417115,5.9169993
0.41711998,5.9169993
0.417125,5.9169993
0.41713,5.9169993
0.417135,5.9169993
0.41713998,5.9169993
0.41714498,5.9169993
0.41715,5.9169993
0.417155,5.9169993
0.41715997,5.9169993
0.41716498,5.9169993
0.41717,5.9169993
0.417175,5.9169993
0.41718,5.9169993
0.41718498,5.9169993
0.41719,5.9169993
0.417195,5.9169993
0.4172,5.9169993
0.41720498,5.9169993
0.41720998,5.9169993
0.417215,5.9169993
0.41722,5.9169993
0.417225,5.9169993
0.41722998,5.9169993
0.417235,5.9169993
0.41724,5.9169993
0.417245,5.9169993
0.41724998,5.9169993
0.41725498,5.9169993
0.41726,5.9169993
0.417265,5.9169993
0.41726997,5.9169993
0.41727498,5.9169993
0.41728,5.9169993
0.417285,5.9169993
0.41729,5.9169993
0.41729498,5.9169993
0.4173,5.9169993
0.417305,5.9169993
0.41731,5.9169993
0.41731498,5.9169993
0.41731998,5.9169993
0.417325,5.9169993
0.41733,5.9169993
0.417335,5.9169993
0.41733998,5.9169993
0.417345,5.9169993
0.41735,5.9169993
0.417355,5.9169993
0.41735998,5.9169993
0.41736498,5.9169993
0.41737,5.9169993
0.417375,5.9169993
0.41737998,5.9169993
0.41738498,5.9169993
0.41739,5.9169993
0.417395,5.9169993
0.4174,5.9169993
0.41740498,5.9169993
0.41741,5.9169993
0.417415,5.9169993
0.41742,5.9169993
0.41742498,5.9169993
0.41742998,5.9169993
0.417435,5.9169993
0.41744,5.9169993
0.417445,5.9169993
0.41744998,5.9169993
0.417455,5.9169993
0.41746,5.9169993
0.417465,5.9169993
0.41746998,5.9169993
0.417475,5.9169993
0.41748,5.9169993
0.417485,5.9169993
0.41748998,5.9169993
0.41749498,5.9169993
0.4175,5.9169993
0.417505,5.9169993
0.41751,5.9169993
0.41751498,5.9169993
0.41752,5.9169993
0.417525,5.9169993
0.41753,5.9169993
0.41753498,5.9169993
0.41753998,5.9169993
0.417545,5.9169993
0.41755,5.9169993
0.41755497,5.9169993
0.41755998,5.9169993
0.417565,5.9169993
0.41757,5.9169993
0.417575,5.9169993
0.41757998,5.9169993
0.417585,5.9169993
0.41759,5.9169993
0.417595,5.9169993
0.41759998,5.9169993
0.41760498,5.9169993
0.41761,5.9169993
0.417615,5.9169993
0.41762,5.9169993
0.41762498,5.9169993
0.41763,5.9169993
0.417635,5.9169993
0.41764,5.9169993
0.41764498,5.9169993
0.41764998,5.9169993
0.417655,5.9169993
0.41766,5.9169993
0.41766497,5.9169993
0.41766998,5.9169993
0.417675,5.9169993
0.41768,5.9169993
0.417685,5.9169993
0.41768998,5.9169993
0.417695,5.9169993
0.4177,5.9169993
0.417705,5.9169993
0.41770998,5.9169993
0.41771498,5.9169993
0.41772,5.9169993
0.417725,5.9169993
0.41773,5.9169993
0.41773498,5.9169993
0.41774,5.9169993
0.417745,5.9169993
0.41775,5.9169993
0.41775498,5.9169993
0.41775998,5.9169993
0.417765,5.9169993
0.41777,5.9169993
0.41777498,5.9169993
0.41777998,5.9169993
0.417785,5.9169993
0.41779,5.9169993
0.417795,5.9169993
0.41779998,5.9169993
0.417805,5.9169993
0.41781,5.9169993
0.417815,5.9169993
0.41781998,5.9169993
0.41782498,5.9169993
0.41783,5.9169993
0.417835,5.9169993
0.41784,5.9169993
0.41784498,5.9169993
0.41785,5.9169993
0.417855,5.9169993
0.41786,5.9169993
0.41786498,5.9169993
0.41787,5.9169993
0.417875,5.9169993
0.41788,5.9169993
0.41788498,5.9169993
0.41788998,5.9169993
0.417895,5.9169993
0.4179,5.9169993
0.417905,5.9169993
0.41790998,5.9169993
0.417915,5.9169993
0.41792,5.9169993
0.417925,5.9169993
0.41792998,5.9169993
0.41793498,5.9169993
0.41794,5.9169993
0.417945,5.9169993
0.41795,5.9169993
0.41795498,5.9169993
0.41796,5.9169993
0.417965,5.9169993
0.41797,5.9169993
0.41797498,5.9169993
0.41798,5.9169993
0.417985,5.9169993
0.41799,5.9169993
0.41799498,5.9169993
0.41799998,5.9169993
0.418005,5.9169993
0.41801,5.9169993
0.418015,5.9169993
0.41801998,5.9169993
0.418025,5.9169993
0.41803,5.9169993
0.418035,5.9169993
0.41803998,5.9169993
0.41804498,5.9169993
0.41805,5.9169993
0.418055,5.9169993
0.41805997,5.9169993
0.41806498,5.9169993
0.41807,5.9169993
0.418075,5.9169993
0.41808,5.9169993
0.41808498,5.9169993
0.41809,5.9169993
0.418095,5.9169993
0.4181,5.9169993
0.41810498,5.9169993
0.41810998,5.9169993
0.418115,5.9169993
0.41812,5.9169993
0.418125,5.9169993
0.41812998,5.9169993
0.418135,5.9169993
0.41814,5.9169993
0.418145,5.9169993
0.41814998,5.9169993
0.41815498,5.9169993
0.41816,5.9169993
0.418165,5.9169993
0.41816998,5.9169993
0.41817498,5.9169993
0.41818,5.9169993
0.418185,5.9169993
0.41819,5.9169993
0.41819498,5.9169993
0.4182,5.9169993
0.418205,5.9169993
0.41821,5.9169993
0.41821498,5.9169993
0.41821998,5.9169993
0.418225,5.9169993
0.41823,5.9169993
0.418235,5.9169993
0.41823998,5.9169993
0.418245,5.9169993
0.41825,5.9169993
0.418255,5.9169993
0.41825998,5.9169993
0.41826499,5.9169993
0.41827,5.9169993
0.418275,5.9169993
0.41827998,5.9169993
0.41828498,5.9169993
0.41829,5.9169993
0.418295,5.9169993
0.4183,5.9169993
0.41830498,5.9169993
0.41831,5.9169993
0.418315,5.9169993
0.41832,5.9169993
0.41832498,5.9169993
0.41832998,5.9169993
0.418335,5.9169993
0.41834,5.9169993
0.418345,5.9169993
0.41834998,5.9169993
0.418355,5.9169993
0.41836,5.9169993
0.418365,5.9169993
0.41836998,5.9169993
0.418375,5.9169993
0.41838,5.9169993
0.418385,5.9169993
0.41838998,5.9169993
0.41839498,5.9169993
0.4184,5.9169993
0.418405,5.9169993
0.41841,5.9169993
0.41841498,5.9169993
0.41842,5.9169993
0.418425,5.9169993
0.41843,5.9169993
0.41843498,5.9169993
0.41843998,5.9169993
0.418445,5.9169993
0.41845,5.9169993
0.41845497,5.9169993
0.41845998,5.9169993
0.418465,5.9169993
0.41847,5.9169993
0.418475,5.9169993
0.41847998,5.9169993
0.418485,5.9169993
0.41849,5.9169993
0.418495,5.9169993
0.41849998,5.9169993
0.41850498,5.9169993
0.41851,5.9169993
0.418515,5.9169993
0.41852,5.9169993
0.41852498,5.9169993
0.41853,5.9169993
0.418535,5.9169993
0.41854,5.9169993
0.41854498,5.9169993
0.41854998,5.9169993
0.418555,5.9169993
0.41856,5.9169993
0.41856498,5.9169993
0.41856998,5.9169993
0.418575,5.9169993
0.41858,5.9169993
0.418585,5.9169993
0.41858998,5.9169993
0.418595,5.9169993
0.4186,5.9169993
0.418605,5.9169993
0.41860998,5.9169993
0.41861498,5.9169993
0.41862,5.9169993
0.418625,5.9169993
0.41863,5.9169993
0.41863498,5.9169993
0.41864,5.9169993
0.418645,5.9169993
0.41865,5.9169993
0.41865498,5.9169993
0.41865999,5.9169993
0.418665,5.9169993
0.41867,5.9169993
0.41867498,5.9169993
0.41867998,5.9169993
0.418685,5.9169993
0.41869,5.9169993
0.418695,5.9169993
0.41869998,5.9169993
0.418705,5.9169993
0.41871,5.9169993
0.418715,5.9169993
0.41871998,5.9169993
0.41872498,5.9169993
0.41873,5.9169993
0.418735,5.9169993
0.41874,5.9169993
0.41874498,5.9169993
0.41875,5.9169993
0.418755,5.9169993
0.41876,5.9169993
0.41876498,5.9169993
0.41877,5.9169993
0.418775,5.9169993
0.41878,5.9169993
0.41878498,5.9169993
0.41878998,5.9169993
0.418795,5.9169993
0.4188,5.9169993
0.418805,5.9169993
0.41880998,5.9169993
0.418815,5.9169993
0.41882,5.9169993
0.418825,5.9169993
0.41882998,5.9169993
0.41883498,5.9169993
0.41884,5.9169993
0.418845,5.9169993
0.41884997,5.9169993
0.41885498,5.9169993
0.41886,5.9169993
0.418865,5.9169993
0.41887,5.9169993
0.41887498,5.9169993
0.41888,5.9169993
0.418885,5.9169993
0.41889,5.9169993
0.41889498,5.9169993
0.41889998,5.9169993
0.418905,5.9169993
0.41891,5.9169993
0.418915,5.9169993
0.41891998,5.9169993
0.418925,5.9169993
0.41893,5.9169993
0.418935,5.9169993
0.41893998,5.9169993
0.41894498,5.9169993
0.41895,5.9169993
0.418955,5.9169993
0.41895998,5.9169993
0.41896498,5.9169993
0.41897,5.9169993
0.418975,5.9169993
0.41898,5.9169993
0.41898498,5.9169993
0.41899,5.9169993
0.418995,5.9169993
0.419,5.9169993
0.41900498,5.9169993
0.41900998,5.9169993
0.419015,5.9169993
0.41902,5.9169993
0.419025,5.9169993
0.41902998,5.9169993
0.419035,5.9169993
0.41904,5.9169993
0.419045,5.9169993
0.41904998,5.9169993
0.41905499,5.9169993
0.41906,5.9169993
0.419065,5.9169993
0.41906998,5.9169993
0.41907498,5.9169993
0.41908,5.9169993
0.419085,5.9169993
0.41909,5.9169993
0.41909498,5.9169993
0.4191,5.9169993
0.419105,5.9169993
0.41911,5.9169993
0.41911498,5.9169993
0.41911998,5.9169993
0.419125,5.9169993
0.41913,5.9169993
0.419135,5.9169993
0.41913998,5.9169993
0.419145,5.9169993
0.41915,5.9169993
0.419155,5.9169993
0.41915998,5.9169993
0.419165,5.9169993
0.41917,5.9169993
0.419175,5.9169993
0.41917998,5.9169993
0.41918498,5.9169993
0.41919,5.9169993
0.419195,5.9169993
0.4192,5.9169993
0.41920498,5.9169993
0.41921,5.9169993
0.419215,5.9169993
0.41922,5.9169993
0.41922498,5.9169993
0.41922998,5.9169993
0.419235,5.9169993
0.41924,5.9169993
0.41924497,5.9169993
0.41924998,5.9169993
0.419255,5.9169993
0.41926,5.9169993
0.419265,5.9169993
0.41926998,5.9169993
0.419275,5.9169993
0.41928,5.9169993
0.419285,5.9169993
0.41928998,5.9169993
0.41929498,5.9169993
0.4193,5.9169993
0.419305,5.9169993
0.41931,5.9169993
0.41931498,5.9169993
0.41932,5.9169993
0.419325,5.9169993
0.41933,5.9169993
0.41933498,5.9169993
0.41933998,5.9169993
0.419345,5.9169993
0.41935,5.9169993
0.41935498,5.9169993
0.41935998,5.9169993
0.419365,5.9169993
0.41937,5.9169993
0.419375,5.9169993
0.41937998,5.9169993
0.419385,5.9169993
0.41939,5.9169993
0.419395,5.9169993
0.41939998,5.9169993
0.41940498,5.9169993
0.41941,5.9169993
0.419415,5.9169993
0.41942,5.9169993
0.41942498,5.9169993
0.41943,5.9169993
0.419435,5.9169993
0.41944,5.9169993
0.41944498,5.9169993
0.41944999,5.9169993
0.419455,5.9169993
0.41946,5.9169993
0.41946498,5.9169993
0.41946998,5.9169993
0.419475,5.9169993
0.41948,5.9169993
0.419485,5.9169993
0.41948998,5.9169993
0.419495,5.9169993
0.4195,5.9169993
0.419505,5.9169993
0.41950998,5.9169993
0.41951498,5.9169993
0.41952,5.9169993
0.419525,5.9169993
0.41953,5.9169993
0.41953498,5.9169993
0.41954,5.9169993
0.419545,5.9169993
0.41955,5.9169993
0.41955498,5.9169993
0.41956,5.9169993
0.419565,5.9169993
0.41957,5.9169993
0.41957498,5.9169993
0.41957998,5.9169993
0.419585,5.9169993
0.41959,5.9169993
0.419595,5.9169993
0.41959998,5.9169993
0.419605,5.9169993
0.41961,5.9169993
0.419615,5.9169993
0.41961998,5.9169993
0.41962498,5.9169993
0.41963,5.9169993
0.419635,5.9169993
0.41963997,5.9169993
0.41964498,5.9169993
0.41965,5.9169993
0.419655,5.9169993
0.41966,5.9169993
0.41966498,5.9169993
0.41967,5.9169993
0.419675,5.9169993
0.41968,5.9169993
0.41968498,5.9169993
0.41968998,5.9169993
0.419695,5.9169993
0.4197,5.9169993
0.419705,5.9169993
0.41970998,5.9169993
0.419715,5.9169993
0.41972,5.9169993
0.419725,5.9169993
0.41972998,5.9169993
0.41973498,5.9169993
0.41974,5.9169993
0.419745,5.9169993
0.41974998,5.9169993
0.41975498,5.9169993
0.41976,5.9169993
0.419765,5.9169993
0.41977,5.9169993
0.41977498,5.9169993
0.41978,5.9169993
0.419785,5.9169993
0.41979,5.9169993
0.41979498,5.9169993
0.41979998,5.9169993
0.419805,5.9169993
0.41981,5.9169993
0.419815,5.9169993
0.41981998,5.9169993
0.419825,5.9169993
0.41983,5.9169993
0.419835,5.9169993
0.41983998,5.9169993
0.41984499,5.9169993
0.41985,5.9169993
0.419855,5.9169993
0.41985998,5.9169993
0.41986498,5.9169993
0.41987,5.9169993
0.419875,5.9169993
0.41988,5.9169993
0.41988498,5.9169993
0.41989,5.9169993
0.419895,5.9169993
0.4199,5.9169993
0.41990498,5.9169993
0.41990998,5.9169993
0.419915,5.9169993
0.41992,5.9169993
0.419925,5.9169993
0.41992998,5.9169993
0.419935,5.9169993
0.41994,5.9169993
0.419945,5.9169993
0.41994998,5.9169993
0.419955,5.9169993
0.41996,5.9169993
0.419965,5.9169993
0.41996998,5.9169993
0.41997498,5.9169993
0.41998,5.9169993
0.419985,5.9169993
0.41999,5.9169993
0.41999498,5.9169993
0.42,5.9169993
0.420005,5.9169993
0.42001,5.9169993
0.42001498,5.9169993
0.42001998,5.9169993
0.420025,5.9169993
0.42003,5.9169993
0.42003497,5.9169993
0.42003998,5.9169993
0.420045,5.9169993
0.42005,5.9169993
0.420055,5.9169993
0.42005998,5.9169993
0.420065,5.9169993
0.42007,5.9169993
0.420075,5.9169993
0.42007998,5.9169993
0.42008498,5.9169993
0.42009,5.9169993
0.420095,5.9169993
0.4201,5.9169993
0.42010498,5.9169993
0.42011,5.9169993
0.420115,5.9169993
0.42012,5.9169993
0.42012498,5.9169993
0.42012998,5.9169993
0.420135,5.9169993
0.42014,5.9169993
0.42014498,5.9169993
0.42014998,5.9169993
0.420155,5.9169993
0.42016,5.9169993
0.420165,5.9169993
0.42016998,5.9169993
0.420175,5.9169993
0.42018,5.9169993
0.420185,5.9169993
0.42018998,5.9169993
0.42019498,5.9169993
0.4202,5.9169993
0.420205,5.9169993
0.42021,5.9169993
0.42021498,5.9169993
0.42022,5.9169993
0.420225,5.9169993
0.42023,5.9169993
0.42023498,5.9169993
0.42023998,5.9169993
0.420245,5.9169993
0.42025,5.9169993
0.42025498,5.9169993
0.42025998,5.9169993
0.420265,5.9169993
0.42027,5.9169993
0.420275,5.9169993
0.42027998,5.9169993
0.420285,5.9169993
0.42029,5.9169993
0.420295,5.9169993
0.42029998,5.9169993
0.42030498,5.9169993
0.42031,5.9169993
0.420315,5.9169993
0.42032,5.9169993
0.42032498,5.9169993
0.42033,5.9169993
0.420335,5.9169993
0.42034,5.9169993
0.42034498,5.9169993
0.42035,5.9169993
0.420355,5.9169993
0.42036,5.9169993
0.42036498,5.9169993
0.42036998,5.9169993
0.420375,5.9169993
0.42038,5.9169993
0.420385,5.9169993
0.42038998,5.9169993
0.420395,5.9169993
0.4204,5.9169993
0.420405,5.9169993
0.42040998,5.9169993
0.42041498,5.9169993
0.42042,5.9169993
0.420425,5.9169993
0.42042997,5.9169993
0.42043498,5.9169993
0.42044,5.9169993
0.420445,5.9169993
0.42045,5.9169993
0.42045498,5.9169993
0.42046,5.9169993
0.420465,5.9169993
0.42047,5.9169993
0.42047498,5.9169993
0.42047998,5.9169993
0.420485,5.9169993
0.42049,5.9169993
0.420495,5.9169993
0.42049998,5.9169993
0.420505,5.9169993
0.42051,5.9169993
0.420515,5.9169993
0.42051998,5.9169993
0.42052498,5.9169993
0.42053,5.9169993
0.420535,5.9169993
0.42053998,5.9169993
0.42054498,5.9169993
0.42055,5.9169993
0.420555,5.9169993
0.42056,5.9169993
0.42056498,5.9169993
0.42057,5.9169993
0.420575,5.9169993
0.42058,5.9169993
0.42058498,5.9169993
0.42058998,5.9169993
0.420595,5.9169993
0.4206,5.9169993
0.420605,5.9169993
0.42060998,5.9169993
0.420615,5.9169993
0.42062,5.9169993
0.420625,5.9169993
0.42062998,5.9169993
0.42063498,5.9169993
0.42064,5.9169993
0.420645,5.9169993
0.42064998,5.9169993
0.42065498,5.9169993
0.42066,5.9169993
0.420665,5.9169993
0.42067,5.9169993
0.42067498,5.9169993
0.42068,5.9169993
0.420685,5.9169993
0.42069,5.9169993
0.42069498,5.9169993
0.42069998,5.9169993
0.420705,5.9169993
0.42071,5.9169993
0.420715,5.9169993
0.42071998,5.9169993
0.420725,5.9169993
0.42073,5.9169993
0.420735,5.9169993
0.42073998,5.9169993
0.420745,5.9169993
0.42075,5.9169993
0.420755,5.9169993
0.42075998,5.9169993
0.42076498,5.9169993
0.42077,5.9169993
0.420775,5.9169993
0.42078,5.9169993
0.42078498,5.9169993
0.42079,5.9169993
0.420795,5.9169993
0.4208,5.9169993
0.42080498,5.9169993
0.42080998,5.9169993
0.420815,5.9169993
0.42082,5.9169993
0.42082497,5.9169993
0.42082998,5.9169993
0.420835,5.9169993
0.42084,5.9169993
0.420845,5.9169993
0.42084998,5.9169993
0.420855,5.9169993
0.42086,5.9169993
0.420865,5.9169993
0.42086998,5.9169993
0.42087498,5.9169993
0.42088,5.9169993
0.420885,5.9169993
0.42089,5.9169993
0.42089498,5.9169993
0.4209,5.9169993
0.420905,5.9169993
0.42091,5.9169993
0.42091498,5.9169993
0.42091998,5.9169993
0.420925,5.9169993
0.42093,5.9169993
0.42093498,5.9169993
0.42093998,5.9169993
0.420945,5.9169993
0.42095,5.9169993
0.420955,5.9169993
0.42095998,5.9169993
0.420965,5.9169993
0.42097,5.9169993
0.420975,5.9169993
0.42097998,5.9169993
0.42098498,5.9169993
0.42099,5.9169993
0.420995,5.9169993
0.421,5.9169993
0.42100498,5.9169993
0.42101,5.9169993
0.421015,5.9169993
0.42102,5.9169993
0.42102498,5.9169993
0.42102998,5.9169993
0.421035,5.9169993
0.42104,5.9169993
0.42104498,5.9169993
0.42104998,5.9169993
0.421055,5.9169993
0.42106,5.9169993
0.421065,5.9169993
0.42106998,5.9169993
0.421075,5.9169993
0.42108,5.9169993
0.421085,5.9169993
0.42108998,5.9169993
0.42109498,5.9169993
0.4211,5.9169993
0.421105,5.9169993
0.42111,5.9169993
0.42111498,5.9169993
0.42112,5.9169993
0.421125,5.9169993
0.42113,5.9169993
0.42113498,5.9169993
0.42114,5.9169993
0.421145,5.9169993
0.42115,5.9169993
0.42115498,5.9169993
0.42115998,5.9169993
0.421165,5.9169993
0.42117,5.9169993
0.421175,5.9169993
0.42117998,5.9169993
0.421185,5.9169993
0.42119,5.9169993
0.421195,5.9169993
0.42119998,5.9169993
0.42120498,5.9169993
0.42121,5.9169993
0.421215,5.9169993
0.42121997,5.9169993
0.42122498,5.9169993
0.42123,5.9169993
0.421235,5.9169993
0.42124,5.9169993
0.42124498,5.9169993
0.42125,5.9169993
0.421255,5.9169993
0.42126,5.9169993
0.42126498,5.9169993
0.42126998,5.9169993
0.421275,5.9169993
0.42128,5.9169993
0.421285,5.9169993
0.42128998,5.9169993
0.421295,5.9169993
0.4213,5.9169993
0.421305,5.9169993
0.42130998,5.9169993
0.42131498,5.9169993
0.42132,5.9169993
0.421325,5.9169993
0.42132998,5.9169993
0.42133498,5.9169993
0.42134,5.9169993
0.421345,5.9169993
0.42135,5.9169993
0.42135498,5.9169993
0.42136,5.9169993
0.421365,5.9169993
0.42137,5.9169993
0.42137498,5.9169993
0.42137998,5.9169993
0.421385,5.9169993
0.42139,5.9169993
0.421395,5.9169993
0.42139998,5.9169993
0.421405,5.9169993
0.42141,5.9169993
0.421415,5.9169993
0.42141998,5.9169993
0.42142498,5.9169993
0.42143,5.9169993
0.421435,5.9169993
0.42143998,5.9169993
0.42144498,5.9169993
0.42145,5.9169993
0.421455,5.9169993
0.42146,5.9169993
0.42146498,5.9169993
0.42147,5.9169993
0.421475,5.9169993
0.42148,5.9169993
0.42148498,5.9169993
0.42148998,5.9169993
0.421495,5.9169993
0.4215,5.9169993
0.421505,5.9169993
0.42150998,5.9169993
0.421515,5.9169993
0.42152,5.9169993
0.421525,5.9169993
0.42152998,5.9169993
0.421535,5.9169993
0.42154,5.9169993
0.421545,5.9169993
0.42154998,5.9169993
0.42155498,5.9169993
0.42156,5.9169993
0.421565,5.9169993
0.42157,5.9169993
0.42157498,5.9169993
0.42158,5.9169993
0.421585,5.9169993
0.42159,5.9169993
0.42159498,5.9169993
0.42159998,5.9169993
0.421605,5.9169993
0.42161,5.9169993
0.42161497,5.9169993
0.42161998,5.9169993
0.421625,5.9169993
0.42163,5.9169993
0.421635,5.9169993
0.42163998,5.9169993
0.421645,5.9169993
0.42165,5.9169993
0.421655,5.9169993
0.42165998,5.9169993
0.42166498,5.9169993
0.42167,5.9169993
0.421675,5.9169993
0.42168,5.9169993
0.42168498,5.9169993
0.42169,5.9169993
0.421695,5.9169993
0.4217,5.9169993
0.42170498,5.9169993
0.42170998,5.9169993
0.421715,5.9169993
0.42172,5.9169993
0.42172498,5.9169993
0.42172998,5.9169993
0.421735,5.9169993
0.42174,5.9169993
0.421745,5.9169993
0.42174998,5.9169993
0.421755,5.9169993
0.42176,5.9169993
0.421765,5.9169993
0.42176998,5.9169993
0.42177498,5.9169993
0.42178,5.9169993
0.421785,5.9169993
0.42179,5.9169993
0.42179498,5.9169993
0.4218,5.9169993
0.421805,5.9169993
0.42181,5.9169993
0.42181498,5.9169993
0.42181998,5.9169993
0.421825,5.9169993
0.42183,5.9169993
0.42183498,5.9169993
0.42183998,5.9169993
0.421845,5.9169993
0.42185,5.9169993
0.421855,5.9169993
0.42185998,5.9169993
0.421865,5.9169993
0.42187,5.9169993
0.421875,5.9169993
0.42187998,5.9169993
0.42188498,5.9169993
0.42189,5.9169993
0.421895,5.9169993
0.4219,5.9169993
0.42190498,5.9169993
0.42191,5.9169993
0.421915,5.9169993
0.42192,5.9169993
0.42192498,5.9169993
0.42193,5.9169993
0.421935,5.9169993
0.42194,5.9169993
0.42194498,5.9169993
0.42194998,5.9169993
0.421955,5.9169993
0.42196,5.9169993
0.421965,5.9169993
0.42196998,5.9169993
0.421975,5.9169993
0.42198,5.9169993
0.421985,5.9169993
0.42198998,5.9169993
0.42199498,5.9169993
0.422,5.9169993
0.422005,5.9169993
0.42200997,5.9169993
0.42201498,5.9169993
0.42202,5.9169993
0.422025,5.9169993
0.42203,5.9169993
0.42203498,5.9169993
0.42204,5.9169993
0.422045,5.9169993
0.42205,5.9169993
0.42205498,5.9169993
0.42205998,5.9169993
0.422065,5.9169993
0.42207,5.9169993
0.422075,5.9169993
0.42207998,5.9169993
0.422085,5.9169993
0.42209,5.9169993
0.422095,5.9169993
0.42209998,5.9169993
0.42210498,5.9169993
0.42211,5.9169993
0.422115,5.9169993
0.42211998,5.9169993
0.42212498,5.9169993
0.42213,5.9169993
0.422135,5.9169993
0.42214,5.9169993
0.42214498,5.9169993
0.42215,5.9169993
0.422155,5.9169993
0.42216,5.9169993
0.42216498,5.9169993
0.42216998,5.9169993
0.422175,5.9169993
0.42218,5.9169993
0.422185,5.9169993
0.42218998,5.9169993
0.422195,5.9169993
0.4222,5.9169993
0.422205,5.9169993
0.42220998,5.9169993
0.42221498,5.9169993
0.42222,5.9169993
0.422225,5.9169993
0.42222998,5.9169993
0.42223498,5.9169993
0.42224,5.9169993
0.422245,5.9169993
0.42225,5.9169993
0.42225498,5.9169993
0.42226,5.9169993
0.422265,5.9169993
0.42227,5.9169993
0.42227498,5.9169993
0.42227998,5.9169993
0.422285,5.9169993
0.42229,5.9169993
0.422295,5.9169993
0.42229998,5.9169993
0.422305,5.9169993
0.42231,5.9169993
0.422315,5.9169993
0.42231998,5.9169993
0.422325,5.9169993
0.42233,5.9169993
0.422335,5.9169993
0.42233998,5.9169993
0.42234498,5.9169993
0.42235,5.9169993
0.422355,5.9169993
0.42236,5.9169993
0.42236498,5.9169993
0.42237,5.9169993
0.422375,5.9169993
0.42238,5.9169993
0.42238498,5.9169993
0.42238998,5.9169993
0.422395,5.9169993
0.4224,5.9169993
0.42240497,5.9169993
0.42240998,5.9169993
0.422415,5.9169993
0.42242,5.9169993
0.422425,5.9169993
0.42242998,5.9169993
0.422435,5.9169993
0.42244,5.9169993
0.422445,5.9169993
0.42244998,5.9169993
0.42245498,5.9169993
0.42246,5.9169993
0.422465,5.9169993
0.42247,5.9169993
0.42247498,5.9169993
0.42248,5.9169993
0.422485,5.9169993
0.42249,5.9169993
0.42249498,5.9169993
0.42249998,5.9169993
0.422505,5.9169993
0.42251,5.9169993
0.42251498,5.9169993
0.42251998,5.9169993
0.422525,5.9169993
0.42253,5.9169993
0.422535,5.9169993
0.42253998,5.9169993
0.422545,5.9169993
0.42255,5.9169993
0.422555,5.9169993
0.42255998,5.9169993
0.42256498,5.9169993
0.42257,5.9169993
0.422575,5.9169993
0.42258,5.9169993
0.42258498,5.9169993
0.42259,5.9169993
0.422595,5.9169993
0.4226,5.9169993
0.42260498,5.9169993
0.42260998,5.9169993
0.422615,5.9169993
0.42262,5.9169993
0.42262498,5.9169993
0.42262998,5.9169993
0.422635,5.9169993
0.42264,5.9169993
0.422645,5.9169993
0.42264998,5.9169993
0.422655,5.9169993
0.42266,5.9169993
0.422665,5.9169993
0.42266998,5.9169993
0.42267498,5.9169993
0.42268,5.9169993
0.422685,5.9169993
0.42269,5.9169993
0.42269498,5.9169993
0.4227,5.9169993
0.422705,5.9169993
0.42271,5.9169993
0.42271498,5.9169993
0.42272,5.9169993
0.422725,5.9169993
0.42273,5.9169993
0.42273498,5.9169993
0.42273998,5.9169993
0.422745,5.9169993
0.42275,5.9169993
0.422755,5.9169993
0.42275998,5.9169993
0.422765,5.9169993
0.42277,5.9169993
0.422775,5.9169993
0.42277998,5.9169993
0.42278498,5.9169993
0.42279,5.9169993
0.422795,5.9169993
0.42279997,5.9169993
0.42280498,5.9169993
0.42281,5.9169993
0.422815,5.9169993
0.42282,5.9169993
0.42282498,5.9169993
0.42283,5.9169993
0.422835,5.9169993
0.42284,5.9169993
0.42284498,5.9169993
0.42284998,5.9169993
0.422855,5.9169993
0.42286,5.9169993
0.422865,5.9169993
0.42286998,5.9169993
0.422875,5.9169993
0.42288,5.9169993
0.422885,5.9169993
0.42288998,5.9169993
0.42289498,5.9169993
0.4229,5.9169993
0.422905,5.9169993
0.42290998,5.9169993
0.42291498,5.9169993
0.42292,5.9169993
0.422925,5.9169993
0.42293,5.9169993
0.42293498,5.9169993
0.42294,5.9169993
0.422945,5.9169993
0.42295,5.9169993
0.42295498,5.9169993
0.42295998,5.9169993
0.422965,5.9169993
0.42297,5.9169993
0.422975,5.9169993
0.42297998,5.9169993
0.422985,5.9169993
0.42299,5.9169993
0.422995,5.9169993
0.42299998,5.9169993
0.42300498,5.9169993
0.42301,5.9169993
0.423015,5.9169993
0.42301998,5.9169993
0.42302498,5.9169993
0.42303,5.9169993
0.423035,5.9169993
0.42304,5.9169993
0.42304498,5.9169993
0.42305,5.9169993
0.423055,5.9169993
0.42306,5.9169993
0.42306498,5.9169993
0.42306998,5.9169993
0.423075,5.9169993
0.42308,5.9169993
0.423085,5.9169993
0.42308998,5.9169993
0.423095,5.9169993
0.4231,5.9169993
0.423105,5.9169993
0.42310998,5.9169993
0.423115,5.9169993
0.42312,5.9169993
0.423125,5.9169993
0.42312998,5.9169993
0.42313498,5.9169993
0.42314,5.9169993
0.423145,5.9169993
0.42315,5.9169993
0.42315498,5.9169993
0.42316,5.9169993
0.423165,5.9169993
0.42317,5.9169993
0.42317498,5.9169993
0.42317998,5.9169993
0.423185,5.9169993
0.42319,5.9169993
0.42319497,5.9169993
0.42319998,5.9169993
0.423205,5.9169993
0.42321,5.9169993
0.423215,5.9169993
0.42321998,5.9169993
0.423225,5.9169993
0.42323,5.9169993
0.423235,5.9169993
0.42323998,5.9169993
0.42324498,5.9169993
0.42325,5.9169993
0.423255,5.9169993
0.42326,5.9169993
0.42326498,5.9169993
0.42327,5.9169993
0.423275,5.9169993
0.42328,5.9169993
0.42328498,5.9169993
0.42328998,5.9169993
0.423295,5.9169993
0.4233,5.9169993
0.42330498,5.9169993
0.42330998,5.9169993
0.423315,5.9169993
0.42332,5.9169993
0.423325,5.9169993
0.42332998,5.9169993
0.423335,5.9169993
0.42334,5.9169993
0.423345,5.9169993
0.42334998,5.9169993
0.42335498,5.9169993
0.42336,5.9169993
0.423365,5.9169993
0.42337,5.9169993
0.42337498,5.9169993
0.42338,5.9169993
0.423385,5.9169993
0.42339,5.9169993
0.42339498,5.9169993
0.42339998,5.9169993
0.423405,5.9169993
0.42341,5.9169993
0.42341498,5.9169993
0.42341998,5.9169993
0.423425,5.9169993
0.42343,5.9169993
0.423435,5.9169993
0.42343998,5.9169993
0.423445,5.9169993
0.42345,5.9169993
0.423455,5.9169993
0.42345998,5.9169993
0.42346498,5.9169993
0.42347,5.9169993
0.423475,5.9169993
0.42348,5.9169993
0.42348498,5.9169993
0.42349,5.9169993
0.423495,5.9169993
0.4235,5.9169993
0.42350498,5.9169993
0.42351,5.9169993
0.423515,5.9169993
0.42352,5.9169993
0.42352498,5.9169993
0.42352998,5.9169993
0.423535,5.9169993
0.42354,5.9169993
0.423545,5.9169993
0.42354998,5.9169993
0.423555,5.9169993
0.42356,5.9169993
0.423565,5.9169993
0.42356998,5.9169993
0.42357498,5.9169993
0.42358,5.9169993
0.423585,5.9169993
0.42358997,5.9169993
0.42359498,5.9169993
0.4236,5.9169993
0.423605,5.9169993
0.42361,5.9169993
0.42361498,5.9169993
0.42362,5.9169993
0.423625,5.9169993
0.42363,5.9169993
0.42363498,5.9169993
0.42363998,5.9169993
0.423645,5.9169993
0.42365,5.9169993
0.423655,5.9169993
0.42365998,5.9169993
0.423665,5.9169993
0.42367,5.9169993
0.423675,5.9169993
0.42367998,5.9169993
0.42368498,5.9169993
0.42369,5.9169993
0.423695,5.9169993
0.42369998,5.9169993
0.42370498,5.9169993
0.42371,5.9169993
0.423715,5.9169993
0.42372,5.9169993
0.42372498,5.9169993
0.42373,5.9169993
0.423735,5.9169993
0.42374,5.9169993
0.42374498,5.9169993
0.42374998,5.9169993
0.423755,5.9169993
0.42376,5.9169993
0.423765,5.9169993
0.42376998,5.9169993
0.423775,5.9169993
0.42378,5.9169993
0.423785,5.9169993
0.42378998,5.9169993
0.42379498,5.9169993
0.4238,5.9169993
0.423805,5.9169993
0.42380998,5.9169993
0.42381498,5.9169993
0.42382,5.9169993
0.423825,5.9169993
0.42383,5.9169993
0.42383498,5.9169993
0.42384,5.9169993
0.423845,5.9169993
0.42385,5.9169993
0.42385498,5.9169993
0.42385998,5.9169993
0.423865,5.9169993
0.42387,5.9169993
0.423875,5.9169993
0.42387998,5.9169993
0.423885,5.9169993
0.42389,5.9169993
0.423895,5.9169993
0.42389998,5.9169993
0.423905,5.9169993
0.42391,5.9169993
0.423915,5.9169993
0.42391998,5.9169993
0.42392498,5.9169993
0.42393,5.9169993
0.423935,5.9169993
0.42394,5.9169993
0.42394498,5.9169993
0.42395,5.9169993
0.423955,5.9169993
0.42396,5.9169993
0.42396498,5.9169993
0.42396998,5.9169993
0.423975,5.9169993
0.42398,5.9169993
0.42398497,5.9169993
0.42398998,5.9169993
0.423995,5.9169993
0.424,5.9169993
0.424005,5.9169993
0.42400998,5.9169993
0.424015,5.9169993
0.42402,5.9169993
0.424025,5.9169993
0.42402998,5.9169993
0.42403498,5.9169993
0.42404,5.9169993
0.424045,5.9169993
0.42405,5.9169993
0.42405498,5.9169993
0.42406,5.9169993
0.424065,5.9169993
0.42407,5.9169993
0.42407498,5.9169993
0.42407998,5.9169993
0.424085,5.9169993
0.42409,5.9169993
0.42409497,5.9169993
0.42409998,5.9169993
0.424105,5.9169993
0.42411,5.9169993
0.424115,5.9169993
0.42411998,5.9169993
0.424125,5.9169993
0.42413,5.9169993
0.424135,5.9169993
0.42413998,5.9169993
0.42414498,5.9169993
0.42415,5.9169993
0.424155,5.9169993
0.42416,5.9169993
0.42416498,5.9169993
0.42417,5.9169993
0.424175,5.9169993
0.42418,5.9169993
0.42418498,5.9169993
0.42418998,5.9169993
0.424195,5.9169993
0.4242,5.9169993
0.42420498,5.9169993
0.42420998,5.9169993
0.424215,5.9169993
0.42422,5.9169993
0.424225,5.9169993
0.42422998,5.9169993
0.424235,5.9169993
0.42424,5.9169993
0.424245,5.9169993
0.42424998,5.9169993
0.42425498,5.9169993
0.42426,5.9169993
0.424265,5.9169993
0.42427,5.9169993
0.42427498,5.9169993
0.42428,5.9169993
0.424285,5.9169993
0.42429,5.9169993
0.42429498,5.9169993
0.4243,5.9169993
0.424305,5.9169993
0.42431,5.9169993
0.42431498,5.9169993
0.42431998,5.9169993
0.424325,5.9169993
0.42433,5.9169993
0.424335,5.9169993
0.42433998,5.9169993
0.424345,5.9169993
0.42435,5.9169993
0.424355,5.9169993
0.42435998,5.9169993
0.42436498,5.9169993
0.42437,5.9169993
0.424375,5.9169993
0.42437997,5.9169993
0.42438498,5.9169993
0.42439,5.9169993
0.424395,5.9169993
0.4244,5.9169993
0.42440498,5.9169993
0.42441,5.9169993
0.424415,5.9169993
0.42442,5.9169993
0.42442498,5.9169993
0.42442998,5.9169993
0.424435,5.9169993
0.42444,5.9169993
0.424445,5.9169993
0.42444998,5.9169993
0.424455,5.9169993
0.42446,5.9169993
0.424465,5.9169993
0.42446998,5.9169993
0.42447498,5.9169993
0.42448,5.9169993
0.424485,5.9169993
0.42448997,5.9169993
0.42449498,5.9169993
0.4245,5.9169993
0.424505,5.9169993
0.42451,5.9169993
0.42451498,5.9169993
0.42452,5.9169993
0.424525,5.9169993
0.42453,5.9169993
0.42453498,5.9169993
0.42453998,5.9169993
0.424545,5.9169993
0.42455,5.9169993
0.424555,5.9169993
0.42455998,5.9169993
0.424565,5.9169993
0.42457,5.9169993
0.424575,5.9169993
0.42457998,5.9169993
0.42458498,5.9169993
0.42459,5.9169993
0.424595,5.9169993
0.42459998,5.9169993
0.42460498,5.9169993
0.42461,5.9169993
0.424615,5.9169993
0.42462,5.9169993
0.42462498,5.9169993
0.42463,5.9169993
0.424635,5.9169993
0.42464,5.9169993
0.42464498,5.9169993
0.42464998,5.9169993
0.424655,5.9169993
0.42466,5.9169993
0.424665,5.9169993
0.42466998,5.9169993
0.424675,5.9169993
0.42468,5.9169993
0.424685,5.9169993
0.42468998,5.9169993
0.424695,5.9169993
0.4247,5.9169993
0.424705,5.9169993
0.42470998,5.9169993
0.42471498,5.9169993
0.42472,5.9169993
0.424725,5.9169993
0.42473,5.9169993
0.42473498,5.9169993
0.42474,5.9169993
0.424745,5.9169993
0.42475,5.9169993
0.42475498,5.9169993
0.42475998,5.9169993
0.424765,5.9169993
0.42477,5.9169993
0.42477497,5.9169993
0.42477998,5.9169993
0.424785,5.9169993
0.42479,5.9169993
0.424795,5.9169993
0.42479998,5.9169993
0.424805,5.9169993
0.42481,5.9169993
0.424815,5.9169993
0.42481998,5.9169993
0.42482498,5.9169993
0.42483,5.9169993
0.424835,5.9169993
0.42484,5.9169993
0.42484498,5.9169993
0.42485,5.9169993
0.424855,5.9169993
0.42486,5.9169993
0.42486498,5.9169993
0.42486998,5.9169993
0.424875,5.9169993
0.42488,5.9169993
0.42488497,5.9169993
0.42488998,5.9169993
0.424895,5.9169993
0.4249,5.9169993
0.424905,5.9169993
0.42490998,5.9169993
0.424915,5.9169993
0.42492,5.9169993
0.424925,5.9169993
0.42492998,5.9169993
0.42493498,5.9169993
0.42494,5.9169993
0.424945,5.9169993
0.42495,5.9169993
0.42495498,5.9169993
0.42496,5.9169993
0.424965,5.9169993
0.42497,5.9169993
0.42497498,5.9169993
0.42497998,5.9169993
0.424985,5.9169993
0.42499,5.9169993
0.42499498,5.9169993
0.42499998,5.9169993
0.425005,5.9169993
0.42501,5.9169993
0.425015,5.9169993
0.42501998,5.9169993
0.425025,5.9169993
0.42503,5.9169993
0.425035,5.9169993
0.42503998,5.9169993
0.42504498,5.9169993
0.42505,5.9169993
0.425055,5.9169993
0.42506,5.9169993
0.42506498,5.9169993
0.42507,5.9169993
0.425075,5.9169993
0.42508,5.9169993
0.42508498,5.9169993
0.42509,5.9169993
0.425095,5.9169993
0.4251,5.9169993
0.42510498,5.9169993
0.42510998,5.9169993
0.425115,5.9169993
0.42512,5.9169993
0.425125,5.9169993
0.42512998,5.9169993
0.425135,5.9169993
0.42514,5.9169993
0.425145,5.9169993
0.42514998,5.9169993
0.42515498,5.9169993
0.42516,5.9169993
0.425165,5.9169993
0.42516997,5.9169993
0.42517498,5.9169993
0.42518,5.9169993
0.425185,5.9169993
0.42519,5.9169993
0.42519498,5.9169993
0.4252,5.9169993
0.425205,5.9169993
0.42521,5.9169993
0.42521498,5.9169993
0.42521998,5.9169993
0.425225,5.9169993
0.42523,5.9169993
0.425235,5.9169993
0.42523998,5.9169993
0.425245,5.9169993
0.42525,5.9169993
0.425255,5.9169993
0.42525998,5.9169993
0.42526498,5.9169993
0.42527,5.9169993
0.425275,5.9169993
0.42527997,5.9169993
0.42528498,5.9169993
0.42529,5.9169993
0.425295,5.9169993
0.4253,5.9169993
0.42530498,5.9169993
0.42531,5.9169993
0.425315,5.9169993
0.42532,5.9169993
0.42532498,5.9169993
0.42532998,5.9169993
0.425335,5.9169993
0.42534,5.9169993
0.425345,5.9169993
0.42534998,5.9169993
0.425355,5.9169993
0.42536,5.9169993
0.425365,5.9169993
0.42536998,5.9169993
0.42537498,5.9169993
0.42538,5.9169993
0.425385,5.9169993
0.42538998,5.9169993
0.42539498,5.9169993
0.4254,5.9169993
0.425405,5.9169993
0.42541,5.9169993
0.42541498,5.9169993
0.42542,5.9169993
0.425425,5.9169993
0.42543,5.9169993
0.42543498,5.9169993
0.42543998,5.9169993
0.425445,5.9169993
0.42545,5.9169993
0.425455,5.9169993
0.42545998,5.9169993
0.425465,5.9169993
0.42547,5.9169993
0.425475,5.9169993
0.42547998,5.9169993
0.425485,5.9169993
0.42549,5.9169993
0.425495,5.9169993
0.42549998,5.9169993
0.42550498,5.9169993
0.42551,5.9169993
0.425515,5.9169993
0.42552,5.9169993
0.42552498,5.9169993
0.42553,5.9169993
0.425535,5.9169993
0.42554,5.9169993
0.42554498,5.9169993
0.42554998,5.9169993
0.425555,5.9169993
0.42556,5.9169993
0.42556497,5.9169993
0.42556998,5.9169993
0.425575,5.9169993
0.42558,5.9169993
0.425585,5.9169993
0.42558998,5.9169993
0.425595,5.9169993
0.4256,5.9169993
0.425605,5.9169993
0.42560998,5.9169993
0.42561498,5.9169993
0.42562,5.9169993
0.425625,5.9169993
0.42563,5.9169993
0.42563498,5.9169993
0.42564,5.9169993
0.425645,5.9169993
0.42565,5.9169993
0.42565498,5.9169993
0.42565998,5.9169993
0.425665,5.9169993
0.42567,5.9169993
0.42567497,5.9169993
0.42567998,5.9169993
0.425685,5.9169993
0.42569,5.9169993
0.425695,5.9169993
0.42569998,5.9169993
0.425705,5.9169993
0.42571,5.9169993
0.425715,5.9169993
0.42571998,5.9169993
0.42572498,5.9169993
0.42573,5.9169993
0.425735,5.9169993
0.42574,5.9169993
0.42574498,5.9169993
0.42575,5.9169993
0.425755,5.9169993
0.42576,5.9169993
0.42576498,5.9169993
0.42576998,5.9169993
0.425775,5.9169993
0.42578,5.9169993
0.42578498,5.9169993
0.42578998,5.9169993
0.425795,5.9169993
0.4258,5.9169993
0.425805,5.9169993
0.42580998,5.9169993
0.425815,5.9169993
0.42582,5.9169993
0.425825,5.9169993
0.42582998,5.9169993
0.42583498,5.9169993
0.42584,5.9169993
0.425845,5.9169993
0.42585,5.9169993
0.42585498,5.9169993
0.42586,5.9169993
0.425865,5.9169993
0.42587,5.9169993
0.42587498,5.9169993
0.42587999,5.9169993
0.425885,5.9169993
0.42589,5.9169993
0.42589498,5.9169993
0.42589998,5.9169993
0.425905,5.9169993
0.42591,5.9169993
0.425915,5.9169993
0.42591998,5.9169993
0.425925,5.9169993
0.42593,5.9169993
0.425935,5.9169993
0.42593998,5.9169993
0.42594498,5.9169993
0.42595,5.9169993
0.425955,5.9169993
0.42595997,5.9169993
0.42596498,5.9169993
0.42597,5.9169993
0.425975,5.9169993
0.42598,5.9169993
0.42598498,5.9169993
0.42599,5.9169993
0.425995,5.9169993
0.426,5.9169993
0.42600498,5.9169993
0.42600998,5.9169993
0.426015,5.9169993
0.42602,5.9169993
0.426025,5.9169993
0.42602998,5.9169993
0.426035,5.9169993
0.42604,5.9169993
0.426045,5.9169993
0.42604998,5.9169993
0.42605498,5.9169993
0.42606,5.9169993
0.426065,5.9169993
0.42606997,5.9169993
0.42607498,5.9169993
0.42608,5.9169993
0.426085,5.9169993
0.42609,5.9169993
0.42609498,5.9169993
0.4261,5.9169993
0.426105,5.9169993
0.42611,5.9169993
0.42611498,5.9169993
0.42611998,5.9169993
0.426125,5.9169993
0.42613,5.9169993
0.426135,5.9169993
0.42613998,5.9169993
0.426145,5.9169993
0.42615,5.9169993
0.426155,5.9169993
0.42615998,5.9169993
0.42616498,5.9169993
0.42617,5.9169993
0.426175,5.9169993
0.42617998,5.9169993
0.42618498,5.9169993
0.42619,5.9169993
0.426195,5.9169993
0.4262,5.9169993
0.42620498,5.9169993
0.42621,5.9169993
0.426215,5.9169993
0.42622,5.9169993
0.42622498,5.9169993
0.42622998,5.9169993
0.426235,5.9169993
0.42624,5.9169993
0.426245,5.9169993
0.42624998,5.9169993
0.426255,5.9169993
0.42626,5.9169993
0.426265,5.9169993
0.42626998,5.9169993
0.42627499,5.9169993
0.42628,5.9169993
0.426285,5.9169993
0.42628998,5.9169993
0.42629498,5.9169993
0.4263,5.9169993
0.426305,5.9169993
0.42631,5.9169993
0.42631498,5.9169993
0.42632,5.9169993
0.426325,5.9169993
0.42633,5.9169993
0.42633498,5.9169993
0.42633998,5.9169993
0.426345,5.9169993
0.42635,5.9169993
0.42635497,5.9169993
0.42635998,5.9169993
0.426365,5.9169993
0.42637,5.9169993
0.426375,5.9169993
0.42637998,5.9169993
0.426385,5.9169993
0.42639,5.9169993
0.426395,5.9169993
0.42639998,5.9169993
0.42640498,5.9169993
0.42641,5.9169993
0.426415,5.9169993
0.42642,5.9169993
0.42642498,5.9169993
0.42643,5.9169993
0.426435,5.9169993
0.42644,5.9169993
0.42644498,5.9169993
0.42644998,5.9169993
0.426455,5.9169993
0.42646,5.9169993
0.42646497,5.9169993
0.42646998,5.9169993
0.426475,5.9169993
0.42648,5.9169993
0.426485,5.9169993
0.42648998,5.9169993
0.426495,5.9169993
0.4265,5.9169993
0.426505,5.9169993
0.42650998,5.9169993
0.42651498,5.9169993
0.42652,5.9169993
0.426525,5.9169993
0.42653,5.9169993
0.42653498,5.9169993
0.42654,5.9169993
0.426545,5.9169993
0.42655,5.9169993
0.42655498,5.9169993
0.42655998,5.9169993
0.426565,5.9169993
0.42657,5.9169993
0.42657498,5.9169993
0.42657998,5.9169993
0.426585,5.9169993
0.42659,5.9169993
0.426595,5.9169993
0.42659998,5.9169993
0.426605,5.9169993
0.42661,5.9169993
0.426615,5.9169993
0.42661998,5.9169993
0.42662498,5.9169993
0.42663,5.9169993
0.426635,5.9169993
0.42664,5.9169993
0.42664498,5.9169993
0.42665,5.9169993
0.426655,5.9169993
0.42666,5.9169993
0.42666498,5.9169993
0.42666999,5.9169993
0.426675,5.9169993
0.42668,5.9169993
0.42668498,5.9169993
0.42668998,5.9169993
0.426695,5.9169993
0.4267,5.9169993
0.426705,5.9169993
0.42670998,5.9169993
0.426715,5.9169993
0.42672,5.9169993
0.426725,5.9169993
0.42672998,5.9169993
0.42673498,5.9169993
0.42674,5.9169993
0.426745,5.9169993
0.42674997,5.9169993
0.42675498,5.9169993
0.42676,5.9169993
0.426765,5.9169993
0.42677,5.9169993
0.42677498,5.9169993
0.42678,5.9169993
0.426785,5.9169993
0.42679,5.9169993
0.42679498,5.9169993
0.42679998,5.9169993
0.426805,5.9169993
0.42681,5.9169993
0.426815,5.9169993
0.42681998,5.9169993
0.426825,5.9169993
0.42683,5.9169993
0.426835,5.9169993
0.42683998,5.9169993
0.42684498,5.9169993
0.42685,5.9169993
0.426855,5.9169993
0.42685997,5.9169993
0.42686498,5.9169993
0.42687,5.9169993
0.426875,5.9169993
0.42688,5.9169993
0.42688498,5.9169993
0.42689,5.9169993
0.426895,5.9169993
0.4269,5.9169993
0.42690498,5.9169993
0.42690998,5.9169993
0.426915,5.9169993
0.42692,5.9169993
0.426925,5.9169993
0.42692998,5.9169993
0.426935,5.9169993
0.42694,5.9169993
0.426945,5.9169993
0.42694998,5.9169993
0.42695498,5.9169993
0.42696,5.9169993
0.426965,5.9169993
0.42696998,5.9169993
0.42697498,5.9169993
0.42698,5.9169993
0.426985,5.9169993
0.42699,5.9169993
0.42699498,5.9169993
0.427,5.9169993
0.427005,5.9169993
0.42701,5.9169993
0.42701498,5.9169993
0.42701998,5.9169993
0.427025,5.9169993
0.42703,5.9169993
0.427035,5.9169993
0.42703998,5.9169993
0.427045,5.9169993
0.42705,5.9169993
0.427055,5.9169993
0.42705998,5.9169993
0.42706499,5.9169993
0.42707,5.9169993
0.427075,5.9169993
0.42707998,5.9169993
0.42708498,5.9169993
0.42709,5.9169993
0.427095,5.9169993
0.4271,5.9169993
0.42710498,5.9169993
0.42711,5.9169993
0.427115,5.9169993
0.42712,5.9169993
0.42712498,5.9169993
0.42712998,5.9169993
0.427135,5.9169993
0.42714,5.9169993
0.42714497,5.9169993
0.42714998,5.9169993
0.427155,5.9169993
0.42716,5.9169993
0.427165,5.9169993
0.42716998,5.9169993
0.427175,5.9169993
0.42718,5.9169993
0.427185,5.9169993
0.42718998,5.9169993
0.42719498,5.9169993
0.4272,5.9169993
0.427205,5.9169993
0.42721,5.9169993
0.42721498,5.9169993
0.42722,5.9169993
0.427225,5.9169993
0.42723,5.9169993
0.42723498,5.9169993
0.42723998,5.9169993
0.427245,5.9169993
0.42725,5.9169993
0.42725497,5.9169993
0.42725998,5.9169993
0.427265,5.9169993
0.42727,5.9169993
0.427275,5.9169993
0.42727998,5.9169993
0.427285,5.9169993
0.42729,5.9169993
0.427295,5.9169993
0.42729998,5.9169993
0.42730498,5.9169993
0.42731,5.9169993
0.427315,5.9169993
0.42732,5.9169993
0.42732498,5.9169993
0.42733,5.9169993
0.427335,5.9169993
0.42734,5.9169993
0.42734498,5.9169993
0.42734998,5.9169993
0.427355,5.9169993
0.42736,5.9169993
0.42736498,5.9169993
0.42736998,5.9169993
0.427375,5.9169993
0.42738,5.9169993
0.427385,5.9169993
0.42738998,5.9169993
0.427395,5.9169993
0.4274,5.9169993
0.427405,5.9169993
0.42740998,5.9169993
0.42741498,5.9169993
0.42742,5.9169993
0.427425,5.9169993
0.42743,5.9169993
0.42743498,5.9169993
0.42744,5.9169993
0.427445,5.9169993
0.42745,5.9169993
0.42745498,5.9169993
0.42745999,5.9169993
0.427465,5.9169993
0.42747,5.9169993
0.42747498,5.9169993
0.42747998,5.9169993
0.427485,5.9169993
0.42749,5.9169993
0.427495,5.9169993
0.42749998,5.9169993
0.427505,5.9169993
0.42751,5.9169993
0.427515,5.9169993
0.42751998,5.9169993
0.42752498,5.9169993
0.42753,5.9169993
0.427535,5.9169993
0.42753997,5.9169993
0.42754498,5.9169993
0.42755,5.9169993
0.427555,5.9169993
0.42756,5.9169993
0.42756498,5.9169993
0.42757,5.9169993
0.427575,5.9169993
0.42758,5.9169993
0.42758498,5.9169993
0.42758998,5.9169993
0.427595,5.9169993
0.4276,5.9169993
0.427605,5.9169993
0.42760998,5.9169993
0.427615,5.9169993
0.42762,5.9169993
0.427625,5.9169993
0.42762998,5.9169993
0.42763498,5.9169993
0.42764,5.9169993
0.427645,5.9169993
0.42764997,5.9169993
0.42765498,5.9169993
0.42766,5.9169993
0.427665,5.9169993
0.42767,5.9169993
0.42767498,5.9169993
0.42768,5.9169993
0.427685,5.9169993
0.42769,5.9169993
0.42769498,5.9169993
0.42769998,5.9169993
0.427705,5.9169993
0.42771,5.9169993
0.427715,5.9169993
0.42771998,5.9169993
0.427725,5.9169993
0.42773,5.9169993
0.427735,5.9169993
0.42773998,5.9169993
0.42774498,5.9169993
0.42775,5.9169993
0.427755,5.9169993
0.42775998,5.9169993
0.42776498,5.9169993
0.42777,5.9169993
0.427775,5.9169993
0.42778,5.9169993
0.42778498,5.9169993
0.42779,5.9169993
0.427795,5.9169993
0.4278,5.9169993
0.42780498,5.9169993
0.42780998,5.9169993
0.427815,5.9169993
0.42782,5.9169993
0.427825,5.9169993
0.42782998,5.9169993
0.427835,5.9169993
0.42784,5.9169993
0.427845,5.9169993
0.42784998,5.9169993
0.42785498,5.9169993
0.42786,5.9169993
0.427865,5.9169993
0.42786998,5.9169993
0.42787498,5.9169993
0.42788,5.9169993
0.427885,5.9169993
0.42789,5.9169993
0.42789498,5.9169993
0.4279,5.9169993
0.427905,5.9169993
0.42791,5.9169993
0.42791498,5.9169993
0.42791998,5.9169993
0.427925,5.9169993
0.42793,5.9169993
0.42793497,5.9169993
0.42793998,5.9169993
0.427945,5.9169993
0.42795,5.9169993
0.427955,5.9169993
0.42795998,5.9169993
0.427965,5.9169993
0.42797,5.9169993
0.427975,5.9169993
0.42797998,5.9169993
0.42798498,5.9169993
0.42799,5.9169993
0.427995,5.9169993
0.428,5.9169993
0.42800498,5.9169993
0.42801,5.9169993
0.428015,5.9169993
0.42802,5.9169993
0.42802498,5.9169993
0.42802998,5.9169993
0.428035,5.9169993
0.42804,5.9169993
0.42804497,5.9169993
0.42804998,5.9169993
0.428055,5.9169993
0.42806,5.9169993
0.428065,5.9169993
0.42806998,5.9169993
0.428075,5.9169993
0.42808,5.9169993
0.428085,5.9169993
0.42808998,5.9169993
0.42809498,5.9169993
0.4281,5.9169993
0.428105,5.9169993
0.42811,5.9169993
0.42811498,5.9169993
0.42812,5.9169993
0.428125,5.9169993
0.42813,5.9169993
0.42813498,5.9169993
0.42813998,5.9169993
0.428145,5.9169993
0.42815,5.9169993
0.42815498,5.9169993
0.42815998,5.9169993
0.428165,5.9169993
0.42817,5.9169993
0.428175,5.9169993
0.42817998,5.9169993
0.428185,5.9169993
0.42819,5.9169993
0.428195,5.9169993
0.42819998,5.9169993
0.42820498,5.9169993
0.42821,5.9169993
0.428215,5.9169993
0.42822,5.9169993
0.42822498,5.9169993
0.42823,5.9169993
0.428235,5.9169993
0.42824,5.9169993
0.42824498,5.9169993
0.42824998,5.9169993
0.428255,5.9169993
0.42826,5.9169993
0.42826498,5.9169993
0.42826998,5.9169993
0.428275,5.9169993
0.42828,5.9169993
0.428285,5.9169993
0.42828998,5.9169993
0.428295,5.9169993
0.4283,5.9169993
0.428305,5.9169993
0.42830998,5.9169993
0.42831498,5.9169993
0.42832,5.9169993
0.428325,5.9169993
0.42832997,5.9169993
0.42833498,5.9169993
0.42834,5.9169993
0.428345,5.9169993
0.42835,5.9169993
0.42835498,5.9169993
0.42836,5.9169993
0.428365,5.9169993
0.42837,5.9169993
0.42837498,5.9169993
0.42837998,5.9169993
0.428385,5.9169993
0.42839,5.9169993
0.428395,5.9169993
0.42839998,5.9169993
0.428405,5.9169993
0.42841,5.9169993
0.428415,5.9169993
0.42841998,5.9169993
0.42842498,5.9169993
0.42843,5.9169993
0.428435,5.9169993
0.42843997,5.9169993
0.42844498,5.9169993
0.42845,5.9169993
0.428455,5.9169993
0.42846,5.9169993
0.42846498,5.9169993
0.42847,5.9169993
0.428475,5.9169993
0.42848,5.9169993
0.42848498,5.9169993
0.42848998,5.9169993
0.428495,5.9169993
0.4285,5.9169993
0.428505,5.9169993
0.42850998,5.9169993
0.428515,5.9169993
0.42852,5.9169993
0.428525,5.9169993
0.42852998,5.9169993
0.42853498,5.9169993
0.42854,5.9169993
0.428545,5.9169993
0.42854998,5.9169993
0.42855498,5.9169993
0.42856,5.9169993
0.428565,5.9169993
0.42857,5.9169993
0.42857498,5.9169993
0.42858,5.9169993
0.428585,5.9169993
0.42859,5.9169993
0.42859498,5.9169993
0.42859998,5.9169993
0.428605,5.9169993
0.42861,5.9169993
0.428615,5.9169993
0.42861998,5.9169993
0.428625,5.9169993
0.42863,5.9169993
0.428635,5.9169993
0.42863998,5.9169993
0.42864498,5.9169993
0.42865,5.9169993
0.428655,5.9169993
0.42865998,5.9169993
0.42866498,5.9169993
0.42867,5.9169993
0.428675,5.9169993
0.42868,5.9169993
0.42868498,5.9169993
0.42869,5.9169993
0.428695,5.9169993
0.4287,5.9169993
0.42870498,5.9169993
0.42870998,5.9169993
0.428715,5.9169993
0.42872,5.9169993
0.42872497,5.9169993
0.42872998,5.9169993
0.428735,5.9169993
0.42874,5.9169993
0.428745,5.9169993
0.42874998,5.9169993
0.428755,5.9169993
0.42876,5.9169993
0.428765,5.9169993
0.42876998,5.9169993
0.42877498,5.9169993
0.42878,5.9169993
0.428785,5.9169993
0.42879,5.9169993
0.42879498,5.9169993
0.4288,5.9169993
0.428805,5.9169993
0.42881,5.9169993
0.42881498,5.9169993
0.42881998,5.9169993
0.428825,5.9169993
0.42883,5.9169993
0.42883497,5.9169993
0.42883998,5.9169993
0.428845,5.9169993
0.42885,5.9169993
0.428855,5.9169993
0.42885998,5.9169993
0.428865,5.9169993
0.42887,5.9169993
0.428875,5.9169993
0.42887998,5.9169993
0.42888498,5.9169993
0.42889,5.9169993
0.428895,5.9169993
0.4289,5.9169993
0.42890498,5.9169993
0.42891,5.9169993
0.428915,5.9169993
0.42892,5.9169993
0.42892498,5.9169993
0.42892998,5.9169993
0.428935,5.9169993
0.42894,5.9169993
0.42894498,5.9169993
0.42894998,5.9169993
0.428955,5.9169993
0.42896,5.9169993
0.428965,5.9169993
0.42896998,5.9169993
0.428975,5.9169993
0.42898,5.9169993
0.428985,5.9169993
0.42898998,5.9169993
0.42899498,5.9169993
0.429,5.9169993
0.429005,5.9169993
0.42901,5.9169993
0.42901498,5.9169993
0.42902,5.9169993
0.429025,5.9169993
0.42903,5.9169993
0.42903498,5.9169993
0.42903998,5.9169993
0.429045,5.9169993
0.42905,5.9169993
0.42905498,5.9169993
0.42905998,5.9169993
0.429065,5.9169993
0.42907,5.9169993
0.429075,5.9169993
0.42907998,5.9169993
0.429085,5.9169993
0.42909,5.9169993
0.429095,5.9169993
0.42909998,5.9169993
0.42910498,5.9169993
0.42911,5.9169993
0.429115,5.9169993
0.42911997,5.9169993
0.42912498,5.9169993
0.42913,5.9169993
0.429135,5.9169993
0.42914,5.9169993
0.42914498,5.9169993
0.42915,5.9169993
0.429155,5.9169993
0.42916,5.9169993
0.42916498,5.9169993
0.42916998,5.9169993
0.429175,5.9169993
0.42918,5.9169993
0.429185,5.9169993
0.42918998,5.9169993
0.429195,5.9169993
0.4292,5.9169993
0.429205,5.9169993
0.42920998,5.9169993
0.42921498,5.9169993
0.42922,5.9169993
0.429225,5.9169993
0.42922997,5.9169993
0.42923498,5.9169993
0.42924,5.9169993
0.429245,5.9169993
0.42925,5.9169993
0.42925498,5.9169993
0.42926,5.9169993
0.429265,5.9169993
0.42927,5.9169993
0.42927498,5.9169993
0.42927998,5.9169993
0.429285,5.9169993
0.42929,5.9169993
0.429295,5.9169993
0.42929998,5.9169993
0.429305,5.9169993
0.42931,5.9169993
0.429315,5.9169993
0.42931998,5.9169993
0.42932498,5.9169993
0.42933,5.9169993
0.429335,5.9169993
0.42933998,5.9169993
0.42934498,5.9169993
0.42935,5.9169993
0.429355,5.9169993
0.42936,5.9169993
0.42936498,5.9169993
0.42937,5.9169993
0.429375,5.9169993
0.42938,5.9169993
0.42938498,5.9169993
0.42938998,5.9169993
0.429395,5.9169993
0.4294,5.9169993
0.429405,5.9169993
0.42940998,5.9169993
0.429415,5.9169993
0.42942,5.9169993
0.429425,5.9169993
0.42942998,5.9169993
0.42943498,5.9169993
0.42944,5.9169993
0.429445,5.9169993
0.42944998,5.9169993
0.42945498,5.9169993
0.42946,5.9169993
0.429465,5.9169993
0.42947,5.9169993
0.42947498,5.9169993
0.42948,5.9169993
0.429485,5.9169993
0.42949,5.9169993
0.42949498,5.9169993
0.42949998,5.9169993
0.429505,5.9169993
0.42951,5.9169993
0.42951497,5.9169993
0.42951998,5.9169993
0.429525,5.9169993
0.42953,5.9169993
0.429535,5.9169993
0.42953998,5.9169993
0.429545,5.9169993
0.42955,5.9169993
0.429555,5.9169993
0.42955998,5.9169993
0.42956498,5.9169993
0.42957,5.9169993
0.429575,5.9169993
0.42958,5.9169993
0.42958498,5.9169993
0.42959,5.9169993
0.429595,5.9169993
0.4296,5.9169993
0.42960498,5.9169993
0.42960998,5.9169993
0.429615,5.9169993
0.42962,5.9169993
0.42962497,5.9169993
0.42962998,5.9169993
0.429635,5.9169993
0.42964,5.9169993
0.429645,5.9169993
0.42964998,5.9169993
0.429655,5.9169993
0.42966,5.9169993
0.429665,5.9169993
0.42966998,5.9169993
0.42967498,5.9169993
0.42968,5.9169993
0.429685,5.9169993
0.42969,5.9169993
0.42969498,5.9169993
0.4297,5.9169993
0.429705,5.9169993
0.42971,5.9169993
0.42971498,5.9169993
0.42971998,5.9169993
0.429725,5.9169993
0.42973,5.9169993
0.42973498,5.9169993
0.42973998,5.9169993
0.429745,5.9169993
0.42975,5.9169993
0.429755,5.9169993
0.42975998,5.9169993
0.429765,5.9169993
0.42977,5.9169993
0.429775,5.9169993
0.42977998,5.9169993
0.42978498,5.9169993
0.42979,5.9169993
0.429795,5.9169993
0.4298,5.9169993
0.42980498,5.9169993
0.42981,5.9169993
0.429815,5.9169993
0.42982,5.9169993
0.42982498,5.9169993
0.42982998,5.9169993
0.429835,5.9169993
0.42984,5.9169993
0.42984498,5.9169993
0.42984998,5.9169993
0.429855,5.9169993
0.42986,5.9169993
0.429865,5.9169993
0.42986998,5.9169993
0.429875,5.9169993
0.42988,5.9169993
0.429885,5.9169993
0.42988998,5.9169993
0.42989498,5.9169993
0.4299,5.9169993
0.429905,5.9169993
0.42990997,5.9169993
0.42991498,5.9169993
0.42992,5.9169993
0.429925,5.9169993
0.42993,5.9169993
0.42993498,5.9169993
0.42994,5.9169993
0.429945,5.9169993
0.42995,5.9169993
0.42995498,5.9169993
0.42995998,5.9169993
0.429965,5.9169993
0.42997,5.9169993
0.429975,5.9169993
0.42997998,5.9169993
0.429985,5.9169993
0.42999,5.9169993
0.429995,5.9169993
0.42999998,5.9169993
0.43000498,5.9169993
0.43001,5.9169993
0.430015,5.9169993
0.43001997,5.9169993
0.43002498,5.9169993
0.43003,5.9169993
0.430035,5.9169993
0.43004,5.9169993
0.43004498,5.9169993
0.43005,5.9169993
0.430055,5.9169993
0.43006,5.9169993
0.43006498,5.9169993
0.43006998,5.9169993
0.430075,5.9169993
0.43008,5.9169993
0.430085,5.9169993
0.43008998,5.9169993
0.430095,5.9169993
0.4301,5.9169993
0.430105,5.9169993
0.43010998,5.9169993
0.43011498,5.9169993
0.43012,5.9169993
0.430125,5.9169993
0.43012998,5.9169993
0.43013498,5.9169993
0.43014,5.9169993
0.430145,5.9169993
0.43015,5.9169993
0.43015498,5.9169993
0.43016,5.9169993
0.430165,5.9169993
0.43017,5.9169993
0.43017498,5.9169993
0.43017998,5.9169993
0.430185,5.9169993
0.43019,5.9169993
0.430195,5.9169993
0.43019998,5.9169993
0.430205,5.9169993
0.43021,5.9169993
0.430215,5.9169993
0.43021998,5.9169993
0.43022498,5.9169993
0.43023,5.9169993
0.430235,5.9169993
0.43023998,5.9169993
0.43024498,5.9169993
0.43025,5.9169993
0.430255,5.9169993
0.43026,5.9169993
0.43026498,5.9169993
0.43027,5.9169993
0.430275,5.9169993
0.43028,5.9169993
0.43028498,5.9169993
0.43028998,5.9169993
0.430295,5.9169993
0.4303,5.9169993
0.43030497,5.9169993
0.43030998,5.9169993
0.430315,5.9169993
0.43032,5.9169993
0.430325,5.9169993
0.43032998,5.9169993
0.430335,5.9169993
0.43034,5.9169993
0.430345,5.9169993
0.43034998,5.9169993
0.43035498,5.9169993
0.43036,5.9169993
0.430365,5.9169993
0.43037,5.9169993
0.43037498,5.9169993
0.43038,5.9169993
0.430385,5.9169993
0.43039,5.9169993
0.43039498,5.9169993
0.43039998,5.9169993
0.430405,5.9169993
0.43041,5.9169993
0.43041497,5.9169993
0.43041998,5.9169993
0.430425,5.9169993
0.43043,5.9169993
0.430435,5.9169993
0.43043998,5.9169993
0.430445,5.9169993
0.43045,5.9169993
0.430455,5.9169993
0.43045998,5.9169993
0.43046498,5.9169993
0.43047,5.9169993
0.430475,5.9169993
0.43048,5.9169993
0.43048498,5.9169993
0.43049,5.9169993
0.430495,5.9169993
0.4305,5.9169993
0.43050498,5.9169993
0.43050998,5.9169993
0.430515,5.9169993
0.43052,5.9169993
0.43052498,5.9169993
0.43052998,5.9169993
0.430535,5.9169993
0.43054,5.9169993
0.430545,5.9169993
0.43054998,5.9169993
0.430555,5.9169993
0.43056,5.9169993
0.430565,5.9169993
0.43056998,5.9169993
0.43057498,5.9169993
0.43058,5.9169993
0.430585,5.9169993
0.43059,5.9169993
0.43059498,5.9169993
0.4306,5.9169993
0.430605,5.9169993
0.43061,5.9169993
0.43061498,5.9169993
0.43061998,5.9169993
0.430625,5.9169993
0.43063,5.9169993
0.43063498,5.9169993
0.43063998,5.9169993
0.430645,5.9169993
0.43065,5.9169993
0.430655,5.9169993
0.43065998,5.9169993
0.430665,5.9169993
0.43067,5.9169993
0.430675,5.9169993
0.43067998,5.9169993
0.43068498,5.9169993
0.43069,5.9169993
0.430695,5.9169993
0.43069997,5.9169993
0.43070498,5.9169993
0.43071,5.9169993
0.430715,5.9169993
0.43072,5.9169993
0.43072498,5.9169993
0.43073,5.9169993
0.430735,5.9169993
0.43074,5.9169993
0.43074498,5.9169993
0.43074998,5.9169993
0.430755,5.9169993
0.43076,5.9169993
0.430765,5.9169993
0.43076998,5.9169993
0.430775,5.9169993
0.43078,5.9169993
0.430785,5.9169993
0.43078998,5.9169993
0.43079498,5.9169993
0.4308,5.9169993
0.430805,5.9169993
0.43080997,5.9169993
0.43081498,5.9169993
0.43082,5.9169993
0.430825,5.9169993
0.43083,5.9169993
0.43083498,5.9169993
0.43084,5.9169993
0.430845,5.9169993
0.43085,5.9169993
0.43085498,5.9169993
0.43085998,5.9169993
0.430865,5.9169993
0.43087,5.9169993
0.430875,5.9169993
0.43087998,5.9169993
0.430885,5.9169993
0.43089,5.9169993
0.430895,5.9169993
0.43089998,5.9169993
0.43090498,5.9169993
0.43091,5.9169993
0.430915,5.9169993
0.43091998,5.9169993
0.43092498,5.9169993
0.43093,5.9169993
0.430935,5.9169993
0.43094,5.9169993
0.43094498,5.9169993
0.43095,5.9169993
0.430955,5.9169993
0.43096,5.9169993
0.43096498,5.9169993
0.43096998,5.9169993
0.430975,5.9169993
0.43098,5.9169993
0.430985,5.9169993
0.43098998,5.9169993
0.430995,5.9169993
0.431,5.9169993
0.431005,5.9169993
0.43100998,5.9169993
0.43101498,5.9169993
0.43102,5.9169993
0.431025,5.9169993
0.43102998,5.9169993
0.43103498,5.9169993
0.43104,5.9169993
0.431045,5.9169993
0.43105,5.9169993
0.43105498,5.9169993
0.43106,5.9169993
0.431065,5.9169993
0.43107,5.9169993
0.43107498,5.9169993
0.43107998,5.9169993
0.431085,5.9169993
0.43109,5.9169993
0.43109497,5.9169993
0.43109998,5.9169993
0.431105,5.9169993
0.43111,5.9169993
0.431115,5.9169993
0.43111998,5.9169993
0.431125,5.9169993
0.43113,5.9169993
0.431135,5.9169993
0.43113998,5.9169993
0.43114498,5.9169993
0.43115,5.9169993
0.431155,5.9169993
0.43116,5.9169993
0.43116498,5.9169993
0.43117,5.9169993
0.431175,5.9169993
0.43118,5.9169993
0.43118498,5.9169993
0.43118998,5.9169993
0.431195,5.9169993
0.4312,5.9169993
0.43120497,5.9169993
0.43120998,5.9169993
0.431215,5.9169993
0.43122,5.9169993
0.431225,5.9169993
0.43122998,5.9169993
0.431235,5.9169993
0.43124,5.9169993
0.431245,5.9169993
0.43124998,5.9169993
0.43125498,5.9169993
0.43126,5.9169993
0.431265,5.9169993
0.43127,5.9169993
0.43127498,5.9169993
0.43128,5.9169993
0.431285,5.9169993
0.43129,5.9169993
0.43129498,5.9169993
0.43129998,5.9169993
0.431305,5.9169993
0.43131,5.9169993
0.43131498,5.9169993
0.43131998,5.9169993
0.431325,5.9169993
0.43133,5.9169993
0.431335,5.9169993
0.43133998,5.9169993
0.431345,5.9169993
0.43135,5.9169993
0.431355,5.9169993
0.43135998,5.9169993
0.43136498,5.9169993
0.43137,5.9169993
0.431375,5.9169993
0.43138,5.9169993
0.43138498,5.9169993
0.43139,5.9169993
0.431395,5.9169993
0.4314,5.9169993
0.43140498,5.9169993
0.43140998,5.9169993
0.431415,5.9169993
0.43142,5.9169993
0.43142498,5.9169993
0.43142998,5.9169993
0.431435,5.9169993
0.43144,5.9169993
0.431445,5.9169993
0.43144998,5.9169993
0.431455,5.9169993
0.43146,5.9169993
0.431465,5.9169993
0.43146998,5.9169993
0.43147498,5.9169993
0.43148,5.9169993
0.431485,5.9169993
0.43148997,5.9169993
0.43149498,5.9169993
0.4315,5.9169993
0.431505,5.9169993
0.43151,5.9169993
0.43151498,5.9169993
0.43152,5.9169993
0.431525,5.9169993
0.43153,5.9169993
0.43153498,5.9169993
0.43153998,5.9169993
0.431545,5.9169993
0.43155,5.9169993
0.431555,5.9169993
0.43155998,5.9169993
0.431565,5.9169993
0.43157,5.9169993
0.431575,5.9169993
0.43157998,5.9169993
0.43158498,5.9169993
0.43159,5.9169993
0.431595,5.9169993
0.43159997,5.9169993
0.43160498,5.9169993
0.43161,5.9169993
0.431615,5.9169993
0.43162,5.9169993
0.43162498,5.9169993
0.43163,5.9169993
0.431635,5.9169993
0.43164,5.9169993
0.43164498,5.9169993
0.43164998,5.9169993
0.431655,5.9169993
0.43166,5.9169993
0.431665,5.9169993
0.43166998,5.9169993
0.431675,5.9169993
0.43168,5.9169993
0.431685,5.9169993
0.43168998,5.9169993
0.43169498,5.9169993
0.4317,5.9169993
0.431705,5.9169993
0.43170998,5.9169993
0.43171498,5.9169993
0.43172,5.9169993
0.431725,5.9169993
0.43173,5.9169993
0.43173498,5.9169993
0.43174,5.9169993
0.431745,5.9169993
0.43175,5.9169993
0.43175498,5.9169993
0.43175998,5.9169993
0.431765,5.9169993
0.43177,5.9169993
0.431775,5.9169993
0.43177998,5.9169993
0.431785,5.9169993
0.43179,5.9169993
0.431795,5.9169993
0.43179998,5.9169993
0.43180498,5.9169993
0.43181,5.9169993
0.431815,5.9169993
0.43181998,5.9169993
0.43182498,5.9169993
0.43183,5.9169993
0.431835,5.9169993
0.43184,5.9169993
0.43184498,5.9169993
0.43185,5.9169993
0.431855,5.9169993
0.43186,5.9169993
0.43186498,5.9169993
0.43186998,5.9169993
0.431875,5.9169993
0.43188,5.9169993
0.43188497,5.9169993
0.43188998,5.9169993
0.431895,5.9169993
0.4319,5.9169993
0.431905,5.9169993
0.43190998,5.9169993
0.431915,5.9169993
0.43192,5.9169993
0.431925,5.9169993
0.43192998,5.9169993
0.43193498,5.9169993
0.43194,5.9169993
0.431945,5.9169993
0.43195,5.9169993
0.43195498,5.9169993
0.43196,5.9169993
0.431965,5.9169993
0.43197,5.9169993
0.43197498,5.9169993
0.43197998,5.9169993
0.431985,5.9169993
0.43199,5.9169993
0.43199497,5.9169993
0.43199998,5.9169993
0.432005,5.9169993
0.43201,5.9169993
0.432015,5.9169993
0.43201998,5.9169993
0.432025,5.9169993
0.43203,5.9169993
0.432035,5.9169993
0.43203998,5.9169993
0.43204498,5.9169993
0.43205,5.9169993
0.432055,5.9169993
0.43206,5.9169993
0.43206498,5.9169993
0.43207,5.9169993
0.432075,5.9169993
0.43208,5.9169993
0.43208498,5.9169993
0.43208998,5.9169993
0.432095,5.9169993
0.4321,5.9169993
0.43210497,5.9169993
0.43210998,5.9169993
0.432115,5.9169993
0.43212,5.9169993
0.432125,5.9169993
0.43212998,5.9169993
0.432135,5.9169993
0.43214,5.9169993
0.432145,5.9169993
0.43214998,5.9169993
0.43215498,5.9169993
0.43216,5.9169993
0.432165,5.9169993
0.43217,5.9169993
0.43217498,5.9169993
0.43218,5.9169993
0.432185,5.9169993
0.43219,5.9169993
0.43219498,5.9169993
0.43219998,5.9169993
0.432205,5.9169993
0.43221,5.9169993
0.43221498,5.9169993
0.43221998,5.9169993
0.432225,5.9169993
0.43223,5.9169993
0.432235,5.9169993
0.43223998,5.9169993
0.432245,5.9169993
0.43225,5.9169993
0.432255,5.9169993
0.43225998,5.9169993
0.43226498,5.9169993
0.43227,5.9169993
0.432275,5.9169993
0.43227997,5.9169993
0.43228498,5.9169993
0.43229,5.9169993
0.432295,5.9169993
0.4323,5.9169993
0.43230498,5.9169993
0.43231,5.9169993
0.432315,5.9169993
0.43232,5.9169993
0.43232498,5.9169993
0.43232998,5.9169993
0.432335,5.9169993
0.43234,5.9169993
0.432345,5.9169993
0.43234998,5.9169993
0.432355,5.9169993
0.43236,5.9169993
0.432365,5.9169993
0.43236998,5.9169993
0.43237498,5.9169993
0.43238,5.9169993
0.432385,5.9169993
0.43238997,5.9169993
0.43239498,5.9169993
0.4324,5.9169993
0.432405,5.9169993
0.43241,5.9169993
0.43241498,5.9169993
0.43242,5.9169993
0.432425,5.9169993
0.43243,5.9169993
0.43243498,5.9169993
0.43243998,5.9169993
0.432445,5.9169993
0.43245,5.9169993
0.432455,5.9169993
0.43245998,5.9169993
0.432465,5.9169993
0.43247,5.9169993
0.432475,5.9169993
0.43247998,5.9169993
0.43248498,5.9169993
0.43249,5.9169993
0.432495,5.9169993
0.43249997,5.9169993
0.43250498,5.9169993
0.43251,5.9169993
0.432515,5.9169993
0.43252,5.9169993
0.43252498,5.9169993
0.43253,5.9169993
0.432535,5.9169993
0.43254,5.9169993
0.43254498,5.9169993
0.43254998,5.9169993
0.432555,5.9169993
0.43256,5.9169993
0.432565,5.9169993
0.43256998,5.9169993
0.432575,5.9169993
0.43258,5.9169993
0.432585,5.9169993
0.43258998,5.9169993
0.43259498,5.9169993
0.4326,5.9169993
0.432605,5.9169993
0.43260998,5.9169993
0.43261498,5.9169993
0.43262,5.9169993
0.432625,5.9169993
0.43263,5.9169993
0.43263498,5.9169993
0.43264,5.9169993
0.432645,5.9169993
0.43265,5.9169993
0.43265498,5.9169993
0.43265998,5.9169993
0.432665,5.9169993
0.43267,5.9169993
0.43267497,5.9169993
0.43267998,5.9169993
0.432685,5.9169993
0.43269,5.9169993
0.432695,5.9169993
0.43269998,5.9169993
0.432705,5.9169993
0.43271,5.9169993
0.432715,5.9169993
0.43271998,5.9169993
0.43272498,5.9169993
0.43273,5.9169993
0.432735,5.9169993
0.43274,5.9169993
0.43274498,5.9169993
0.43275,5.9169993
0.432755,5.9169993
0.43276,5.9169993
0.43276498,5.9169993
0.43276998,5.9169993
0.432775,5.9169993
0.43278,5.9169993
0.43278497,5.9169993
0.43278998,5.9169993
0.432795,5.9169993
0.4328,5.9169993
0.432805,5.9169993
0.43280998,5.9169993
0.432815,5.9169993
0.43282,5.9169993
0.432825,5.9169993
0.43282998,5.9169993
0.43283498,5.9169993
0.43284,5.9169993
0.432845,5.9169993
0.43285,5.9169993
0.43285498,5.9169993
0.43286,5.9169993
0.432865,5.9169993
0.43287,5.9169993
0.43287498,5.9169993
0.43287998,5.9169993
0.432885,5.9169993
0.43289,5.9169993
0.43289497,5.9169993
0.43289998,5.9169993
0.432905,5.9169993
0.43291,5.9169993
0.432915,5.9169993
0.43291998,5.9169993
0.432925,5.9169993
0.43293,5.9169993
0.432935,5.9169993
0.43293998,5.9169993
0.43294498,5.9169993
0.43295,5.9169993
0.432955,5.9169993
0.43296,5.9169993
0.43296498,5.9169993
0.43297,5.9169993
0.432975,5.9169993
0.43298,5.9169993
0.43298498,5.9169993
0.43298998,5.9169993
0.432995,5.9169993
0.433,5.9169993
0.43300498,5.9169993
0.43300998,5.9169993
0.433015,5.9169993
0.43302,5.9169993
0.433025,5.9169993
0.43302998,5.9169993
0.433035,5.9169993
0.43304,5.9169993
0.433045,5.9169993
0.43304998,5.9169993
0.43305498,5.9169993
0.43306,5.9169993
0.433065,5.9169993
0.43306997,5.9169993
0.43307498,5.9169993
0.43308,5.9169993
0.433085,5.9169993
0.43309,5.9169993
0.43309498,5.9169993
0.4331,5.9169993
0.433105,5.9169993
0.43311,5.9169993
0.43311498,5.9169993
0.43311998,5.9169993
0.433125,5.9169993
0.43313,5.9169993
0.433135,5.9169993
0.43313998,5.9169993
0.433145,5.9169993
0.43315,5.9169993
0.433155,5.9169993
0.43315998,5.9169993
0.43316498,5.9169993
0.43317,5.9169993
0.433175,5.9169993
0.43317997,5.9169993
0.43318498,5.9169993
0.43319,5.9169993
0.433195,5.9169993
0.4332,5.9169993
0.43320498,5.9169993
0.43321,5.9169993
0.433215,5.9169993
0.43322,5.9169993
0.43322498,5.9169993
0.43322998,5.9169993
0.433235,5.9169993
0.43324,5.9169993
0.433245,5.9169993
0.43324998,5.9169993
0.433255,5.9169993
0.43326,5.9169993
0.433265,5.9169993
0.43326998,5.9169993
0.43327498,5.9169993
0.43328,5.9169993
0.433285,5.9169993
0.43328997,5.9169993
0.43329498,5.9169993
0.4333,5.9169993
0.433305,5.9169993
0.43331,5.9169993
0.43331498,5.9169993
0.43332,5.9169993
0.433325,5.9169993
0.43333,5.9169993
0.43333498,5.9169993
0.43333998,5.9169993
0.433345,5.9169993
0.43335,5.9169993
0.433355,5.9169993
0.43335998,5.9169993
0.433365,5.9169993
0.43337,5.9169993
0.433375,5.9169993
0.43337998,5.9169993
0.43338498,5.9169993
0.43339,5.9169993
0.433395,5.9169993
0.43339998,5.9169993
0.43340498,5.9169993
0.43341,5.9169993
0.433415,5.9169993
0.43342,5.9169993
0.43342498,5.9169993
0.43343,5.9169993
0.433435,5.9169993
0.43344,5.9169993
0.43344498,5.9169993
0.43344998,5.9169993
0.433455,5.9169993
0.43346,5.9169993
0.43346497,5.9169993
0.43346998,5.9169993
0.433475,5.9169993
0.43348,5.9169993
0.433485,5.9169993
0.43348998,5.9169993
0.433495,5.9169993
0.4335,5.9169993
0.433505,5.9169993
0.43350998,5.9169993
0.43351498,5.9169993
0.43352,5.9169993
0.433525,5.9169993
0.43353,5.9169993
0.43353498,5.9169993
0.43354,5.9169993
0.433545,5.9169993
0.43355,5.9169993
0.43355498,5.9169993
0.43355998,5.9169993
0.433565,5.9169993
0.43357,5.9169993
0.43357497,5.9169993
0.43357998,5.9169993
0.433585,5.9169993
0.43359,5.9169993
0.433595,5.9169993
0.43359998,5.9169993
0.433605,5.9169993
0.43361,5.9169993
0.433615,5.9169993
0.43361998,5.9169993
0.43362498,5.9169993
0.43363,5.9169993
0.433635,5.9169993
0.43364,5.9169993
0.43364498,5.9169993
0.43365,5.9169993
0.433655,5.9169993
0.43366,5.9169993
0.43366498,5.9169993
0.43366998,5.9169993
0.433675,5.9169993
0.43368,5.9169993
0.43368497,5.9169993
0.43368998,5.9169993
0.433695,5.9169993
0.4337,5.9169993
0.433705,5.9169993
0.43370998,5.9169993
0.433715,5.9169993
0.43372,5.9169993
0.433725,5.9169993
0.43372998,5.9169993
0.43373498,5.9169993
0.43374,5.9169993
0.433745,5.9169993
0.43375,5.9169993
0.43375498,5.9169993
0.43376,5.9169993
0.433765,5.9169993
0.43377,5.9169993
0.43377498,5.9169993
0.43377998,5.9169993
0.433785,5.9169993
0.43379,5.9169993
0.43379498,5.9169993
0.43379998,5.9169993
0.433805,5.9169993
0.43381,5.9169993
0.433815,5.9169993
0.43381998,5.9169993
0.433825,5.9169993
0.43383,5.9169993
0.433835,5.9169993
0.43383998,5.9169993
0.43384498,5.9169993
0.43385,5.9169993
0.433855,5.9169993
0.43385997,5.9169993
0.43386498,5.9169993
0.43387,5.9169993
0.433875,5.9169993
0.43388,5.9169993
0.43388498,5.9169993
0.43388999,5.9169993
0.433895,5.9169993
0.4339,5.9169993
0.43390498,5.9169993
0.43390998,5.9169993
0.433915,5.9169993
0.43392,5.9169993
0.433925,5.9169993
0.43392998,5.9169993
0.433935,5.9169993
0.43394,5.9169993
0.433945,5.9169993
0.43394998,5.9169993
0.43395498,5.9169993
0.43396,5.9169993
0.433965,5.9169993
0.43396997,5.9169993
0.43397498,5.9169993
0.43398,5.9169993
0.433985,5.9169993
0.43399,5.9169993
0.43399498,5.9169993
0.434,5.9169993
0.434005,5.9169993
0.43401,5.9169993
0.43401498,5.9169993
0.43401998,5.9169993
0.434025,5.9169993
0.43403,5.9169993
0.434035,5.9169993
0.43403998,5.9169993
0.434045,5.9169993
0.43405,5.9169993
0.434055,5.9169993
0.43405998,5.9169993
0.43406498,5.9169993
0.43407,5.9169993
0.434075,5.9169993
0.43407997,5.9169993
0.43408498,5.9169993
0.43409,5.9169993
0.434095,5.9169993
0.4341,5.9169993
0.43410498,5.9169993
0.43411,5.9169993
0.434115,5.9169993
0.43412,5.9169993
0.43412498,5.9169993
0.43412998,5.9169993
0.434135,5.9169993
0.43414,5.9169993
0.434145,5.9169993
0.43414998,5.9169993
0.434155,5.9169993
0.43416,5.9169993
0.434165,5.9169993
0.43416998,5.9169993
0.43417498,5.9169993
0.43418,5.9169993
0.434185,5.9169993
0.43418998,5.9169993
0.43419498,5.9169993
0.4342,5.9169993
0.434205,5.9169993
0.43421,5.9169993
0.43421498,5.9169993
0.43422,5.9169993
0.434225,5.9169993
0.43423,5.9169993
0.43423498,5.9169993
0.43423998,5.9169993
0.434245,5.9169993
0.43425,5.9169993
0.434255,5.9169993
0.43425998,5.9169993
0.434265,5.9169993
0.43427,5.9169993
0.434275,5.9169993
0.43427998,5.9169993
0.43428499,5.9169993
0.43429,5.9169993
0.434295,5.9169993
0.43429998,5.9169993
0.43430498,5.9169993
0.43431,5.9169993
0.434315,5.9169993
0.43432,5.9169993
0.43432498,5.9169993
0.43433,5.9169993
0.434335,5.9169993
0.43434,5.9169993
0.43434498,5.9169993
0.43434998,5.9169993
0.434355,5.9169993
0.43436,5.9169993
0.43436497,5.9169993
0.43436998,5.9169993
0.434375,5.9169993
0.43438,5.9169993
0.434385,5.9169993
0.43438998,5.9169993
0.434395,5.9169993
0.4344,5.9169993
0.434405,5.9169993
0.43440998,5.9169993
0.43441498,5.9169993
0.43442,5.9169993
0.434425,5.9169993
0.43443,5.9169993
0.43443498,5.9169993
0.43444,5.9169993
0.434445,5.9169993
0.43445,5.9169993
0.43445498,5.9169993
0.43445998,5.9169993
0.434465,5.9169993
0.43447,5.9169993
0.43447497,5.9169993
0.43447998,5.9169993
0.434485,5.9169993
0.43449,5.9169993
0.434495,5.9169993
0.43449998,5.9169993
0.434505,5.9169993
0.43451,5.9169993
0.434515,5.9169993
0.43451998,5.9169993
0.43452498,5.9169993
0.43453,5.9169993
0.434535,5.9169993
0.43454,5.9169993
0.43454498,5.9169993
0.43455,5.9169993
0.434555,5.9169993
0.43456,5.9169993
0.43456498,5.9169993
0.43456998,5.9169993
0.434575,5.9169993
0.43458,5.9169993
0.43458498,5.9169993
0.43458998,5.9169993
0.434595,5.9169993
0.4346,5.9169993
0.434605,5.9169993
0.43460998,5.9169993
0.434615,5.9169993
0.43462,5.9169993
0.434625,5.9169993
0.43462998,5.9169993
0.43463498,5.9169993
0.43464,5.9169993
0.434645,5.9169993
0.43465,5.9169993
0.43465498,5.9169993
0.43466,5.9169993
0.434665,5.9169993
0.43467,5.9169993
0.43467498,5.9169993
0.43467999,5.9169993
0.434685,5.9169993
0.43469,5.9169993
0.43469498,5.9169993
0.43469998,5.9169993
0.434705,5.9169993
0.43471,5.9169993
0.434715,5.9169993
0.43471998,5.9169993
0.434725,5.9169993
0.43473,5.9169993
0.434735,5.9169993
0.43473998,5.9169993
0.43474498,5.9169993
0.43475,5.9169993
0.434755,5.9169993
0.43475997,5.9169993
0.43476498,5.9169993
0.43477,5.9169993
0.434775,5.9169993
0.43478,5.9169993
0.43478498,5.9169993
0.43479,5.9169993
0.434795,5.9169993
0.4348,5.9169993
0.43480498,5.9169993
0.43480998,5.9169993
0.434815,5.9169993
0.43482,5.9169993
0.434825,5.9169993
0.43482998,5.9169993
0.434835,5.9169993
0.43484,5.9169993
0.434845,5.9169993
0.43484998,5.9169993
0.43485498,5.9169993
0.43486,5.9169993
0.434865,5.9169993
0.43486997,5.9169993
0.43487498,5.9169993
0.43488,5.9169993
0.434885,5.9169993
0.43489,5.9169993
0.43489498,5.9169993
0.4349,5.9169993
0.434905,5.9169993
0.43491,5.9169993
0.43491498,5.9169993
0.43491998,5.9169993
0.434925,5.9169993
0.43493,5.9169993
0.434935,5.9169993
0.43493998,5.9169993
0.434945,5.9169993
0.43495,5.9169993
0.434955,5.9169993
0.43495998,5.9169993
0.43496498,5.9169993
0.43497,5.9169993
0.434975,5.9169993
0.43497998,5.9169993
0.43498498,5.9169993
0.43499,5.9169993
0.434995,5.9169993
0.435,5.9169993
0.43500498,5.9169993
0.43501,5.9169993
0.435015,5.9169993
0.43502,5.9169993
0.43502498,5.9169993
0.43502998,5.9169993
0.435035,5.9169993
0.43504,5.9169993
0.435045,5.9169993
0.43504998,5.9169993
0.435055,5.9169993
0.43506,5.9169993
0.435065,5.9169993
0.43506998,5.9169993
0.43507499,5.9169993
0.43508,5.9169993
0.435085,5.9169993
0.43508998,5.9169993
0.43509498,5.9169993
0.4351,5.9169993
0.435105,5.9169993
0.43511,5.9169993
0.43511498,5.9169993
0.43512,5.9169993
0.435125,5.9169993
0.43513,5.9169993
0.43513498,5.9169993
0.43513998,5.9169993
0.435145,5.9169993
0.43515,5.9169993
0.43515497,5.9169993
0.43515998,5.9169993
0.435165,5.9169993
0.43517,5.9169993
0.435175,5.9169993
0.43517998,5.9169993
0.435185,5.9169993
0.43519,5.9169993
0.435195,5.9169993
0.43519998,5.9169993
0.43520498,5.9169993
0.43521,5.9169993
0.435215,5.9169993
0.43522,5.9169993
0.43522498,5.9169993
0.43523,5.9169993
0.435235,5.9169993
0.43524,5.9169993
0.43524498,5.9169993
0.43524998,5.9169993
0.435255,5.9169993
0.43526,5.9169993
0.43526497,5.9169993
0.43526998,5.9169993
0.435275,5.9169993
0.43528,5.9169993
0.435285,5.9169993
0.43528998,5.9169993
0.435295,5.9169993
0.4353,5.9169993
0.435305,5.9169993
0.43530998,5.9169993
0.43531498,5.9169993
0.43532,5.9169993
0.435325,5.9169993
0.43533,5.9169993
0.43533498,5.9169993
0.43534,5.9169993
0.435345,5.9169993
0.43535,5.9169993
0.43535498,5.9169993
0.43535998,5.9169993
0.435365,5.9169993
0.43537,5.9169993
0.43537498,5.9169993
0.43537998,5.9169993
0.435385,5.9169993
0.43539,5.9169993
0.435395,5.9169993
0.43539998,5.9169993
0.435405,5.9169993
0.43541,5.9169993
0.435415,5.9169993
0.43541998,5.9169993
0.43542498,5.9169993
0.43543,5.9169993
0.435435,5.9169993
0.43544,5.9169993
0.43544498,5.9169993
0.43545,5.9169993
0.435455,5.9169993
0.43546,5.9169993
0.43546498,5.9169993
0.43546999,5.9169993
0.435475,5.9169993
0.43548,5.9169993
0.43548498,5.9169993
0.43548998,5.9169993
0.435495,5.9169993
0.4355,5.9169993
0.435505,5.9169993
0.43550998,5.9169993
0.435515,5.9169993
0.43552,5.9169993
0.435525,5.9169993
0.43552998,5.9169993
0.43553498,5.9169993
0.43554,5.9169993
0.435545,5.9169993
0.43554997,5.9169993
0.43555498,5.9169993
0.43556,5.9169993
0.435565,5.9169993
0.43557,5.9169993
0.43557498,5.9169993
0.43558,5.9169993
0.435585,5.9169993
0.43559,5.9169993
0.43559498,5.9169993
0.43559998,5.9169993
0.435605,5.9169993
0.43561,5.9169993
0.435615,5.9169993
0.43561998,5.9169993
0.435625,5.9169993
0.43563,5.9169993
0.435635,5.9169993
0.43563998,5.9169993
0.43564498,5.9169993
0.43565,5.9169993
0.435655,5.9169993
0.43565997,5.9169993
0.43566498,5.9169993
0.43567,5.9169993
0.435675,5.9169993
0.43568,5.9169993
0.43568498,5.9169993
0.43569,5.9169993
0.435695,5.9169993
0.4357,5.9169993
0.43570498,5.9169993
0.43570998,5.9169993
0.435715,5.9169993
0.43572,5.9169993
0.435725,5.9169993
0.43572998,5.9169993
0.435735,5.9169993
0.43574,5.9169993
0.435745,5.9169993
0.43574998,5.9169993
0.43575498,5.9169993
0.43576,5.9169993
0.435765,5.9169993
0.43576998,5.9169993
0.43577498,5.9169993
0.43578,5.9169993
0.435785,5.9169993
0.43579,5.9169993
0.43579498,5.9169993
0.4358,5.9169993
0.435805,5.9169993
0.43581,5.9169993
0.43581498,5.9169993
0.43581998,5.9169993
0.435825,5.9169993
0.43583,5.9169993
0.435835,5.9169993
0.43583998,5.9169993
0.435845,5.9169993
0.43585,5.9169993
0.435855,5.9169993
0.43585998,5.9169993
0.43586498,5.9169993
0.43587,5.9169993
0.435875,5.9169993
0.43587998,5.9169993
0.43588498,5.9169993
0.43589,5.9169993
0.435895,5.9169993
0.4359,5.9169993
0.43590498,5.9169993
0.43591,5.9169993
0.435915,5.9169993
0.43592,5.9169993
0.43592498,5.9169993
0.43592998,5.9169993
0.435935,5.9169993
0.43594,5.9169993
0.43594497,5.9169993
0.43594998,5.9169993
0.435955,5.9169993
0.43596,5.9169993
0.435965,5.9169993
0.43596998,5.9169993
0.435975,5.9169993
0.43598,5.9169993
0.435985,5.9169993
0.43598998,5.9169993
0.43599498,5.9169993
0.436,5.9169993
0.436005,5.9169993
0.43601,5.9169993
0.43601498,5.9169993
0.43602,5.9169993
0.436025,5.9169993
0.43603,5.9169993
0.43603498,5.9169993
0.43603998,5.9169993
0.436045,5.9169993
0.43605,5.9169993
0.43605497,5.9169993
0.43605998,5.9169993
0.436065,5.9169993
0.43607,5.9169993
0.436075,5.9169993
0.43607998,5.9169993
0.436085,5.9169993
0.43609,5.9169993
0.436095,5.9169993
0.43609998,5.9169993
0.43610498,5.9169993
0.43611,5.9169993
0.436115,5.9169993
0.43612,5.9169993
0.43612498,5.9169993
0.43613,5.9169993
0.436135,5.9169993
0.43614,5.9169993
0.43614498,5.9169993
0.43614998,5.9169993
0.436155,5.9169993
0.43616,5.9169993
0.43616498,5.9169993
0.43616998,5.9169993
0.436175,5.9169993
0.43618,5.9169993
0.436185,5.9169993
0.43618998,5.9169993
0.436195,5.9169993
0.4362,5.9169993
0.436205,5.9169993
0.43620998,5.9169993
0.43621498,5.9169993
0.43622,5.9169993
0.436225,5.9169993
0.43623,5.9169993
0.43623498,5.9169993
0.43624,5.9169993
0.436245,5.9169993
0.43625,5.9169993
0.43625498,5.9169993
0.43625998,5.9169993
0.436265,5.9169993
0.43627,5.9169993
0.43627498,5.9169993
0.43627998,5.9169993
0.436285,5.9169993
0.43629,5.9169993
0.436295,5.9169993
0.43629998,5.9169993
0.436305,5.9169993
0.43631,5.9169993
0.436315,5.9169993
0.43631998,5.9169993
0.43632498,5.9169993
0.43633,5.9169993
0.436335,5.9169993
0.43633997,5.9169993
0.43634498,5.9169993
0.43635,5.9169993
0.436355,5.9169993
0.43636,5.9169993
0.43636498,5.9169993
0.43637,5.9169993
0.436375,5.9169993
0.43638,5.9169993
0.43638498,5.9169993
0.43638998,5.9169993
0.436395,5.9169993
0.4364,5.9169993
0.436405,5.9169993
0.43640998,5.9169993
0.436415,5.9169993
0.43642,5.9169993
0.436425,5.9169993
0.43642998,5.9169993
0.43643498,5.9169993
0.43644,5.9169993
0.436445,5.9169993
0.43644997,5.9169993
0.43645498,5.9169993
0.43646,5.9169993
0.436465,5.9169993
0.43647,5.9169993
0.43647498,5.9169993
0.43648,5.9169993
0.436485,5.9169993
0.43649,5.9169993
0.43649498,5.9169993
0.43649998,5.9169993
0.436505,5.9169993
0.43651,5.9169993
0.436515,5.9169993
0.43651998,5.9169993
0.436525,5.9169993
0.43653,5.9169993
0.436535,5.9169993
0.43653998,5.9169993
0.43654498,5.9169993
0.43655,5.9169993
0.436555,5.9169993
0.43655998,5.9169993
0.43656498,5.9169993
0.43657,5.9169993
0.436575,5.9169993
0.43658,5.9169993
0.43658498,5.9169993
0.43659,5.9169993
0.436595,5.9169993
0.4366,5.9169993
0.43660498,5.9169993
0.43660998,5.9169993
0.436615,5.9169993
0.43662,5.9169993
0.436625,5.9169993
0.43662998,5.9169993
0.436635,5.9169993
0.43664,5.9169993
0.436645,5.9169993
0.43664998,5.9169993
0.43665498,5.9169993
0.43666,5.9169993
0.436665,5.9169993
0.43666998,5.9169993
0.43667498,5.9169993
0.43668,5.9169993
0.436685,5.9169993
0.43669,5.9169993
0.43669498,5.9169993
0.4367,5.9169993
0.436705,5.9169993
0.43671,5.9169993
0.43671498,5.9169993
0.43671998,5.9169993
0.436725,5.9169993
0.43673,5.9169993
0.43673497,5.9169993
0.43673998,5.9169993
0.436745,5.9169993
0.43675,5.9169993
0.436755,5.9169993
0.43675998,5.9169993
0.436765,5.9169993
0.43677,5.9169993
0.436775,5.9169993
0.43677998,5.9169993
0.43678498,5.9169993
0.43679,5.9169993
0.436795,5.9169993
0.4368,5.9169993
0.43680498,5.9169993
0.43681,5.9169993
0.436815,5.9169993
0.43682,5.9169993
0.43682498,5.9169993
0.43682998,5.9169993
0.436835,5.9169993
0.43684,5.9169993
0.43684497,5.9169993
0.43684998,5.9169993
0.436855,5.9169993
0.43686,5.9169993
0.436865,5.9169993
0.43686998,5.9169993
0.436875,5.9169993
0.43688,5.9169993
0.436885,5.9169993
0.43688998,5.9169993
0.43689498,5.9169993
0.4369,5.9169993
0.436905,5.9169993
0.43691,5.9169993
0.43691498,5.9169993
0.43692,5.9169993
0.436925,5.9169993
0.43693,5.9169993
0.43693498,5.9169993
0.43693998,5.9169993
0.436945,5.9169993
0.43695,5.9169993
0.43695498,5.9169993
0.43695998,5.9169993
0.436965,5.9169993
0.43697,5.9169993
0.436975,5.9169993
0.43697998,5.9169993
0.436985,5.9169993
0.43699,5.9169993
0.436995,5.9169993
0.43699998,5.9169993
0.43700498,5.9169993
0.43701,5.9169993
0.437015,5.9169993
0.43702,5.9169993
0.43702498,5.9169993
0.43703,5.9169993
0.437035,5.9169993
0.43704,5.9169993
0.43704498,5.9169993
0.43704998,5.9169993
0.437055,5.9169993
0.43706,5.9169993
0.43706498,5.9169993
0.43706998,5.9169993
0.437075,5.9169993
0.43708,5.9169993
0.437085,5.9169993
0.43708998,5.9169993
0.437095,5.9169993
0.4371,5.9169993
0.437105,5.9169993
0.43710998,5.9169993
0.43711498,5.9169993
0.43712,5.9169993
0.437125,5.9169993
0.43712997,5.9169993
0.43713498,5.9169993
0.43714,5.9169993
0.437145,5.9169993
0.43715,5.9169993
0.43715498,5.9169993
0.43716,5.9169993
0.437165,5.9169993
0.43717,5.9169993
0.43717498,5.9169993
0.43717998,5.9169993
0.437185,5.9169993
0.43719,5.9169993
0.437195,5.9169993
0.43719998,5.9169993
0.437205,5.9169993
0.43721,5.9169993
0.437215,5.9169993
0.43721998,5.9169993
0.43722498,5.9169993
0.43723,5.9169993
0.437235,5.9169993
0.43723997,5.9169993
0.43724498,5.9169993
0.43725,5.9169993
0.437255,5.9169993
0.43726,5.9169993
0.43726498,5.9169993
0.43727,5.9169993
0.437275,5.9169993
0.43728,5.9169993
0.43728498,5.9169993
0.43728998,5.9169993
0.437295,5.9169993
0.4373,5.9169993
0.437305,5.9169993
0.43730998,5.9169993
0.437315,5.9169993
0.43732,5.9169993
0.437325,5.9169993
0.43732998,5.9169993
0.43733498,5.9169993
0.43734,5.9169993
0.437345,5.9169993
0.43734998,5.9169993
0.43735498,5.9169993
0.43736,5.9169993
0.437365,5.9169993
0.43737,5.9169993
0.43737498,5.9169993
0.43738,5.9169993
0.437385,5.9169993
0.43739,5.9169993
0.43739498,5.9169993
0.43739998,5.9169993
0.437405,5.9169993
0.43741,5.9169993
0.437415,5.9169993
0.43741998,5.9169993
0.437425,5.9169993
0.43743,5.9169993
0.437435,5.9169993
0.43743998,5.9169993
0.43744498,5.9169993
0.43745,5.9169993
0.437455,5.9169993
0.43745998,5.9169993
0.43746498,5.9169993
0.43747,5.9169993
0.437475,5.9169993
0.43748,5.9169993
0.43748498,5.9169993
0.43749,5.9169993
0.437495,5.9169993
0.4375,5.9169993
0.43750498,5.9169993
0.43750998,5.9169993
0.437515,5.9169993
0.43752,5.9169993
0.43752497,5.9169993
0.43752998,5.9169993
0.437535,5.9169993
0.43754,5.9169993
0.437545,5.9169993
0.43754998,5.9169993
0.437555,5.9169993
0.43756,5.9169993
0.437565,5.9169993
0.43756998,5.9169993
0.43757498,5.9169993
0.43758,5.9169993
0.437585,5.9169993
0.43759,5.9169993
0.43759498,5.9169993
0.4376,5.9169993
0.437605,5.9169993
0.43761,5.9169993
0.43761498,5.9169993
0.43761998,5.9169993
0.437625,5.9169993
0.43763,5.9169993
0.43763497,5.9169993
0.43763998,5.9169993
0.437645,5.9169993
0.43765,5.9169993
0.437655,5.9169993
0.43765998,5.9169993
0.437665,5.9169993
0.43767,5.9169993
0.437675,5.9169993
0.43767998,5.9169993
0.43768498,5.9169993
0.43769,5.9169993
0.437695,5.9169993
0.4377,5.9169993
0.43770498,5.9169993
0.43771,5.9169993
0.437715,5.9169993
0.43772,5.9169993
0.43772498,5.9169993
0.43772998,5.9169993
0.437735,5.9169993
0.43774,5.9169993
0.43774498,5.9169993
0.43774998,5.9169993
0.437755,5.9169993
0.43776,5.9169993
0.437765,5.9169993
0.43776998,5.9169993
0.437775,5.9169993
0.43778,5.9169993
0.437785,5.9169993
0.43778998,5.9169993
0.43779498,5.9169993
0.4378,5.9169993
0.437805,5.9169993
0.43781,5.9169993
0.43781498,5.9169993
0.43782,5.9169993
0.437825,5.9169993
0.43783,5.9169993
0.43783498,5.9169993
0.43783998,5.9169993
0.437845,5.9169993
0.43785,5.9169993
0.43785498,5.9169993
0.43785998,5.9169993
0.437865,5.9169993
0.43787,5.9169993
0.437875,5.9169993
0.43787998,5.9169993
0.437885,5.9169993
0.43789,5.9169993
0.437895,5.9169993
0.43789998,5.9169993
0.43790498,5.9169993
0.43791,5.9169993
0.437915,5.9169993
0.43791997,5.9169993
0.43792498,5.9169993
0.43793,5.9169993
0.437935,5.9169993
0.43794,5.9169993
0.43794498,5.9169993
0.43795,5.9169993
0.437955,5.9169993
0.43796,5.9169993
0.43796498,5.9169993
0.43796998,5.9169993
0.437975,5.9169993
0.43798,5.9169993
0.437985,5.9169993
0.43798998,5.9169993
0.437995,5.9169993
0.438,5.9169993
0.438005,5.9169993
0.43800998,5.9169993
0.43801498,5.9169993
0.43802,5.9169993
0.438025,5.9169993
0.43802997,5.9169993
0.43803498,5.9169993
0.43804,5.9169993
0.438045,5.9169993
0.43805,5.9169993
0.43805498,5.9169993
0.43806,5.9169993
0.438065,5.9169993
0.43807,5.9169993
0.43807498,5.9169993
0.43807998,5.9169993
0.438085,5.9169993
0.43809,5.9169993
0.438095,5.9169993
0.43809998,5.9169993
0.438105,5.9169993
0.43811,5.9169993
0.438115,5.9169993
0.43811998,5.9169993
0.43812498,5.9169993
0.43813,5.9169993
0.438135,5.9169993
0.43813998,5.9169993
0.43814498,5.9169993
0.43815,5.9169993
0.438155,5.9169993
0.43816,5.9169993
0.43816498,5.9169993
0.43817,5.9169993
0.438175,5.9169993
0.43818,5.9169993
0.43818498,5.9169993
0.43818998,5.9169993
0.438195,5.9169993
0.4382,5.9169993
0.438205,5.9169993
0.43820998,5.9169993
0.438215,5.9169993
0.43822,5.9169993
0.438225,5.9169993
0.43822998,5.9169993
0.43823498,5.9169993
0.43824,5.9169993
0.438245,5.9169993
0.43824998,5.9169993
0.43825498,5.9169993
0.43826,5.9169993
0.438265,5.9169993
0.43827,5.9169993
0.43827498,5.9169993
0.43828,5.9169993
0.438285,5.9169993
0.43829,5.9169993
0.43829498,5.9169993
0.43829998,5.9169993
0.438305,5.9169993
0.43831,5.9169993
0.43831497,5.9169993
0.43831998,5.9169993
0.438325,5.9169993
0.43833,5.9169993
0.438335,5.9169993
0.43833998,5.9169993
0.438345,5.9169993
0.43835,5.9169993
0.438355,5.9169993
0.43835998,5.9169993
0.43836498,5.9169993
0.43837,5.9169993
0.438375,5.9169993
0.43838,5.9169993
0.43838498,5.9169993
0.43839,5.9169993
0.438395,5.9169993
0.4384,5.9169993
0.43840498,5.9169993
0.43840998,5.9169993
0.438415,5.9169993
0.43842,5.9169993
0.43842497,5.9169993
0.43842998,5.9169993
0.438435,5.9169993
0.43844,5.9169993
0.438445,5.9169993
0.43844998,5.9169993
0.438455,5.9169993
0.43846,5.9169993
0.438465,5.9169993
0.43846998,5.9169993
0.43847498,5.9169993
0.43848,5.9169993
0.438485,5.9169993
0.43849,5.9169993
0.43849498,5.9169993
0.4385,5.9169993
0.438505,5.9169993
0.43851,5.9169993
0.43851498,5.9169993
0.43851998,5.9169993
0.438525,5.9169993
0.43853,5.9169993
0.43853498,5.9169993
0.43853998,5.9169993
0.438545,5.9169993
0.43855,5.9169993
0.438555,5.9169993
0.43855998,5.9169993
0.438565,5.9169993
0.43857,5.9169993
0.438575,5.9169993
0.43857998,5.9169993
0.43858498,5.9169993
0.43859,5.9169993
0.438595,5.9169993
0.4386,5.9169993
0.43860498,5.9169993
0.43861,5.9169993
0.438615,5.9169993
0.43862,5.9169993
0.43862498,5.9169993
0.43862998,5.9169993
0.438635,5.9169993
0.43864,5.9169993
0.43864498,5.9169993
0.43864998,5.9169993
0.438655,5.9169993
0.43866,5.9169993
0.438665,5.9169993
0.43866998,5.9169993
0.438675,5.9169993
0.43868,5.9169993
0.438685,5.9169993
0.43868998,5.9169993
0.43869498,5.9169993
0.4387,5.9169993
0.438705,5.9169993
0.43870997,5.9169993
0.43871498,5.9169993
0.43872,5.9169993
0.438725,5.9169993
0.43873,5.9169993
0.43873498,5.9169993
0.43874,5.9169993
0.438745,5.9169993
0.43875,5.9169993
0.43875498,5.9169993
0.43875998,5.9169993
0.438765,5.9169993
0.43877,5.9169993
0.438775,5.9169993
0.43877998,5.9169993
0.438785,5.9169993
0.43879,5.9169993
0.438795,5.9169993
0.43879998,5.9169993
0.43880498,5.9169993
0.43881,5.9169993
0.438815,5.9169993
0.43881997,5.9169993
0.43882498,5.9169993
0.43883,5.9169993
0.438835,5.9169993
0.43884,5.9169993
0.43884498,5.9169993
0.43885,5.9169993
0.438855,5.9169993
0.43886,5.9169993
0.43886498,5.9169993
0.43886998,5.9169993
0.438875,5.9169993
0.43888,5.9169993
0.438885,5.9169993
0.43888998,5.9169993
0.438895,5.9169993
0.4389,5.9169993
0.438905,5.9169993
0.43890998,5.9169993
0.43891498,5.9169993
0.43892,5.9169993
0.438925,5.9169993
0.43892998,5.9169993
0.43893498,5.9169993
0.43894,5.9169993
0.438945,5.9169993
0.43895,5.9169993
0.43895498,5.9169993
0.43896,5.9169993
0.438965,5.9169993
0.43897,5.9169993
0.43897498,5.9169993
0.43897998,5.9169993
0.438985,5.9169993
0.43899,5.9169993
0.438995,5.9169993
0.43899998,5.9169993
0.439005,5.9169993
0.43901,5.9169993
0.439015,5.9169993
0.43901998,5.9169993
0.43902498,5.9169993
0.43903,5.9169993
0.439035,5.9169993
0.43903998,5.9169993
0.43904498,5.9169993
0.43905,5.9169993
0.439055,5.9169993
0.43906,5.9169993
0.43906498,5.9169993
0.43907,5.9169993
0.439075,5.9169993
0.43908,5.9169993
0.43908498,5.9169993
0.43908998,5.9169993
0.439095,5.9169993
0.4391,5.9169993
0.43910497,5.9169993
0.43910998,5.9169993
0.439115,5.9169993
0.43912,5.9169993
0.439125,5.9169993
0.43912998,5.9169993
0.439135,5.9169993
0.43914,5.9169993
0.439145,5.9169993
0.43914998,5.9169993
0.43915498,5.9169993
0.43916,5.9169993
0.439165,5.9169993
0.43917,5.9169993
0.43917498,5.9169993
0.43918,5.9169993
0.439185,5.9169993
0.43919,5.9169993
0.43919498,5.9169993
0.43919998,5.9169993
0.439205,5.9169993
0.43921,5.9169993
0.43921497,5.9169993
0.43921998,5.9169993
0.439225,5.9169993
0.43923,5.9169993
0.439235,5.9169993
0.43923998,5.9169993
0.439245,5.9169993
0.43925,5.9169993
0.439255,5.9169993
0.43925998,5.9169993
0.43926498,5.9169993
0.43927,5.9169993
0.439275,5.9169993
0.43928,5.9169993
0.43928498,5.9169993
0.43929,5.9169993
0.439295,5.9169993
0.4393,5.9169993
0.43930498,5.9169993
0.43930998,5.9169993
0.439315,5.9169993
0.43932,5.9169993
0.43932498,5.9169993
0.43932998,5.9169993
0.439335,5.9169993
0.43934,5.9169993
0.439345,5.9169993
0.43934998,5.9169993
0.439355,5.9169993
0.43936,5.9169993
0.439365,5.9169993
0.43936998,5.9169993
0.43937498,5.9169993
0.43938,5.9169993
0.439385,5.9169993
0.43939,5.9169993
0.43939498,5.9169993
0.4394,5.9169993
0.439405,5.9169993
0.43941,5.9169993
0.43941498,5.9169993
0.43941998,5.9169993
0.439425,5.9169993
0.43943,5.9169993
0.43943498,5.9169993
0.43943998,5.9169993
0.439445,5.9169993
0.43945,5.9169993
0.439455,5.9169993
0.43945998,5.9169993
0.439465,5.9169993
0.43947,5.9169993
0.439475,5.9169993
0.43947998,5.9169993
0.43948498,5.9169993
0.43949,5.9169993
0.439495,5.9169993
0.43949997,5.9169993
0.43950498,5.9169993
0.43951,5.9169993
0.439515,5.9169993
0.43952,5.9169993
0.43952498,5.9169993
0.43953,5.9169993
0.439535,5.9169993
0.43954,5.9169993
0.43954498,5.9169993
0.43954998,5.9169993
0.439555,5.9169993
0.43956,5.9169993
0.439565,5.9169993
0.43956998,5.9169993
0.439575,5.9169993
0.43958,5.9169993
0.439585,5.9169993
0.43958998,5.9169993
0.43959498,5.9169993
0.4396,5.9169993
0.439605,5.9169993
0.43960997,5.9169993
0.43961498,5.9169993
0.43962,5.9169993
0.439625,5.9169993
0.43963,5.9169993
0.43963498,5.9169993
0.43964,5.9169993
0.439645,5.9169993
0.43965,5.9169993
0.43965498,5.9169993
0.43965998,5.9169993
0.439665,5.9169993
0.43967,5.9169993
0.439675,5.9169993
0.43967998,5.9169993
0.439685,5.9169993
0.43969,5.9169993
0.439695,5.9169993
0.43969998,5.9169993
0.43970498,5.9169993
0.43971,5.9169993
0.439715,5.9169993
0.43971997,5.9169993
0.43972498,5.9169993
0.43973,5.9169993
0.439735,5.9169993
0.43974,5.9169993
0.43974498,5.9169993
0.43975,5.9169993
0.439755,5.9169993
0.43976,5.9169993
0.43976498,5.9169993
0.43976998,5.9169993
0.439775,5.9169993
0.43978,5.9169993
0.439785,5.9169993
0.43978998,5.9169993
0.439795,5.9169993
0.4398,5.9169993
0.439805,5.9169993
0.43980998,5.9169993
0.43981498,5.9169993
0.43982,5.9169993
0.439825,5.9169993
0.43982998,5.9169993
0.43983498,5.9169993
0.43984,5.9169993
0.439845,5.9169993
0.43985,5.9169993
0.43985498,5.9169993
0.43986,5.9169993
0.439865,5.9169993
0.43987,5.9169993
0.43987498,5.9169993
0.43987998,5.9169993
0.439885,5.9169993
0.43989,5.9169993
0.43989497,5.9169993
0.43989998,5.9169993
0.439905,5.9169993
0.43991,5.9169993
0.439915,5.9169993
0.43991998,5.9169993
0.439925,5.9169993
0.43993,5.9169993
0.439935,5.9169993
0.43993998,5.9169993
0.43994498,5.9169993
0.43995,5.9169993
0.439955,5.9169993
0.43996,5.9169993
0.43996498,5.9169993
0.43997,5.9169993
0.439975,5.9169993
0.43998,5.9169993
0.43998498,5.9169993
0.43998998,5.9169993
0.439995,5.9169993
0.44,5.9169993
0.44000497,5.9169993
0.44000998,5.9169993
0.440015,5.9169993
0.44002,5.9169993
0.440025,5.9169993
0.44002998,5.9169993
0.440035,5.9169993
0.44004,5.9169993
0.440045,5.9169993
0.44004998,5.9169993
0.44005498,5.9169993
0.44006,5.9169993
0.440065,5.9169993
0.44007,5.9169993
0.44007498,5.9169993
0.44008,5.9169993
0.440085,5.9169993
0.44009,5.9169993
0.44009498,5.9169993
0.44009998,5.9169993
0.440105,5.9169993
0.44011,5.9169993
0.44011497,5.9169993
0.44011998,5.9169993
0.440125,5.9169993
0.44013,5.9169993
0.440135,5.9169993
0.44013998,5.9169993
0.440145,5.9169993
0.44015,5.9169993
0.440155,5.9169993
0.44015998,5.9169993
0.44016498,5.9169993
0.44017,5.9169993
0.440175,5.9169993
0.44018,5.9169993
0.44018498,5.9169993
0.44019,5.9169993
0.440195,5.9169993
0.4402,5.9169993
0.44020498,5.9169993
0.44020998,5.9169993
0.440215,5.9169993
0.44022,5.9169993
0.44022498,5.9169993
0.44022998,5.9169993
0.440235,5.9169993
0.44024,5.9169993
0.440245,5.9169993
0.44024998,5.9169993
0.440255,5.9169993
0.44026,5.9169993
0.440265,5.9169993
0.44026998,5.9169993
0.44027498,5.9169993
0.44028,5.9169993
0.440285,5.9169993
0.44028997,5.9169993
0.44029498,5.9169993
0.4403,5.9169993
0.440305,5.9169993
0.44031,5.9169993
0.44031498,5.9169993
0.44032,5.9169993
0.440325,5.9169993
0.44033,5.9169993
0.44033498,5.9169993
0.44033998,5.9169993
0.440345,5.9169993
0.44035,5.9169993
0.440355,5.9169993
0.44035998,5.9169993
0.440365,5.9169993
0.44037,5.9169993
0.440375,5.9169993
0.44037998,5.9169993
0.44038498,5.9169993
0.44039,5.9169993
0.440395,5.9169993
0.44039997,5.9169993
0.44040498,5.9169993
0.44041,5.9169993
0.440415,5.9169993
0.44042,5.9169993
0.44042498,5.9169993
0.44043,5.9169993
0.440435,5.9169993
0.44044,5.9169993
0.44044498,5.9169993
0.44044998,5.9169993
0.440455,5.9169993
0.44046,5.9169993
0.440465,5.9169993
0.44046998,5.9169993
0.440475,5.9169993
0.44048,5.9169993
0.440485,5.9169993
0.44048998,5.9169993
0.44049498,5.9169993
0.4405,5.9169993
0.440505,5.9169993
0.44050997,5.9169993
0.44051498,5.9169993
0.44052,5.9169993
0.440525,5.9169993
0.44053,5.9169993
0.44053498,5.9169993
0.44054,5.9169993
0.440545,5.9169993
0.44055,5.9169993
0.44055498,5.9169993
0.44055998,5.9169993
0.440565,5.9169993
0.44057,5.9169993
0.440575,5.9169993
0.44057998,5.9169993
0.440585,5.9169993
0.44059,5.9169993
0.440595,5.9169993
0.44059998,5.9169993
0.44060498,5.9169993
0.44061,5.9169993
0.440615,5.9169993
0.44061998,5.9169993
0.44062498,5.9169993
0.44063,5.9169993
0.440635,5.9169993
0.44064,5.9169993
0.44064498,5.9169993
0.44065,5.9169993
0.440655,5.9169993
0.44066,5.9169993
0.44066498,5.9169993
0.44066998,5.9169993
0.440675,5.9169993
0.44068,5.9169993
0.44068497,5.9169993
0.44068998,5.9169993
0.440695,5.9169993
0.4407,5.9169993
0.440705,5.9169993
0.44070998,5.9169993
0.440715,5.9169993
0.44072,5.9169993
0.440725,5.9169993
0.44072998,5.9169993
0.44073498,5.9169993
0.44074,5.9169993
0.440745,5.9169993
0.44075,5.9169993
0.44075498,5.9169993
0.44076,5.9169993
0.440765,5.9169993
0.44077,5.9169993
0.44077498,5.9169993
0.44077998,5.9169993
0.440785,5.9169993
0.44079,5.9169993
0.44079497,5.9169993
0.44079998,5.9169993
0.440805,5.9169993
0.44081,5.9169993
0.440815,5.9169993
0.44081998,5.9169993
0.440825,5.9169993
0.44083,5.9169993
0.440835,5.9169993
0.44083998,5.9169993
0.44084498,5.9169993
0.44085,5.9169993
0.440855,5.9169993
0.44086,5.9169993
0.44086498,5.9169993
0.44087,5.9169993
0.440875,5.9169993
0.44088,5.9169993
0.44088498,5.9169993
0.44088998,5.9169993
0.440895,5.9169993
0.4409,5.9169993
0.44090497,5.9169993
0.44090998,5.9169993
0.440915,5.9169993
0.44092,5.9169993
0.440925,5.9169993
0.44092998,5.9169993
0.440935,5.9169993
0.44094,5.9169993
0.440945,5.9169993
0.44094998,5.9169993
0.44095498,5.9169993
0.44096,5.9169993
0.440965,5.9169993
0.44097,5.9169993
0.44097498,5.9169993
0.44098,5.9169993
0.440985,5.9169993
0.44099,5.9169993
0.44099498,5.9169993
0.44099998,5.9169993
0.441005,5.9169993
0.44101,5.9169993
0.44101498,5.9169993
0.44101998,5.9169993
0.441025,5.9169993
0.44103,5.9169993
0.441035,5.9169993
0.44103998,5.9169993
0.441045,5.9169993
0.44105,5.9169993
0.441055,5.9169993
0.44105998,5.9169993
0.44106498,5.9169993
0.44107,5.9169993
0.441075,5.9169993
0.44107997,5.9169993
0.44108498,5.9169993
0.44109,5.9169993
0.441095,5.9169993
0.4411,5.9169993
0.44110498,5.9169993
0.44111,5.9169993
0.441115,5.9169993
0.44112,5.9169993
0.44112498,5.9169993
0.44112998,5.9169993
0.441135,5.9169993
0.44114,5.9169993
0.441145,5.9169993
0.44114998,5.9169993
0.441155,5.9169993
0.44116,5.9169993
0.441165,5.9169993
0.44116998,5.9169993
0.44117498,5.9169993
0.44118,5.9169993
0.441185,5.9169993
0.44118997,5.9169993
0.44119498,5.9169993
0.4412,5.9169993
0.441205,5.9169993
0.44121,5.9169993
0.44121498,5.9169993
0.44122,5.9169993
0.441225,5.9169993
0.44123,5.9169993
0.44123498,5.9169993
0.44123998,5.9169993
0.441245,5.9169993
0.44125,5.9169993
0.441255,5.9169993
0.44125998,5.9169993
0.441265,5.9169993
0.44127,5.9169993
0.441275,5.9169993
0.44127998,5.9169993
0.44128498,5.9169993
0.44129,5.9169993
0.441295,5.9169993
0.44129997,5.9169993
0.44130498,5.9169993
0.44131,5.9169993
0.441315,5.9169993
0.44132,5.9169993
0.44132498,5.9169993
0.44133,5.9169993
0.441335,5.9169993
0.44134,5.9169993
0.44134498,5.9169993
0.44134998,5.9169993
0.441355,5.9169993
0.44136,5.9169993
0.441365,5.9169993
0.44136998,5.9169993
0.441375,5.9169993
0.44138,5.9169993
0.441385,5.9169993
0.44138998,5.9169993
0.44139498,5.9169993
0.4414,5.9169993
0.441405,5.9169993
0.44140998,5.9169993
0.44141498,5.9169993
0.44142,5.9169993
0.441425,5.9169993
0.44143,5.9169993
0.44143498,5.9169993
0.44144,5.9169993
0.441445,5.9169993
0.44145,5.9169993
0.44145498,5.9169993
0.44145998,5.9169993
0.441465,5.9169993
0.44147,5.9169993
0.44147497,5.9169993
0.44147998,5.9169993
0.441485,5.9169993
0.44149,5.9169993
0.441495,5.9169993
0.44149998,5.9169993
0.44150499,5.9169993
0.44151,5.9169993
0.441515,5.9169993
0.44151998,5.9169993
0.44152498,5.9169993
0.44153,5.9169993
0.441535,5.9169993
0.44154,5.9169993
0.44154498,5.9169993
0.44155,5.9169993
0.441555,5.9169993
0.44156,5.9169993
0.44156498,5.9169993
0.44156998,5.9169993
0.441575,5.9169993
0.44158,5.9169993
0.44158497,5.9169993
0.44158998,5.9169993
0.441595,5.9169993
0.4416,5.9169993
0.441605,5.9169993
0.44160998,5.9169993
0.441615,5.9169993
0.44162,5.9169993
0.441625,5.9169993
0.44162998,5.9169993
0.44163498,5.9169993
0.44164,5.9169993
0.441645,5.9169993
0.44165,5.9169993
0.44165498,5.9169993
0.44166,5.9169993
0.441665,5.9169993
0.44167,5.9169993
0.44167498,5.9169993
0.44167998,5.9169993
0.441685,5.9169993
0.44169,5.9169993
0.44169497,5.9169993
0.44169998,5.9169993
0.441705,5.9169993
0.44171,5.9169993
0.441715,5.9169993
0.44171998,5.9169993
0.441725,5.9169993
0.44173,5.9169993
0.441735,5.9169993
0.44173998,5.9169993
0.44174498,5.9169993
0.44175,5.9169993
0.441755,5.9169993
0.44176,5.9169993
0.44176498,5.9169993
0.44177,5.9169993
0.441775,5.9169993
0.44178,5.9169993
0.44178498,5.9169993
0.44178998,5.9169993
0.441795,5.9169993
0.4418,5.9169993
0.44180498,5.9169993
0.44180998,5.9169993
0.441815,5.9169993
0.44182,5.9169993
0.441825,5.9169993
0.44182998,5.9169993
0.441835,5.9169993
0.44184,5.9169993
0.441845,5.9169993
0.44184998,5.9169993
0.44185498,5.9169993
0.44186,5.9169993
0.441865,5.9169993
0.44186997,5.9169993
0.44187498,5.9169993
0.44188,5.9169993
0.441885,5.9169993
0.44189,5.9169993
0.44189498,5.9169993
0.44189999,5.9169993
0.441905,5.9169993
0.44191,5.9169993
0.44191498,5.9169993
0.44191998,5.9169993
0.441925,5.9169993
0.44193,5.9169993
0.441935,5.9169993
0.44193998,5.9169993
0.441945,5.9169993
0.44195,5.9169993
0.441955,5.9169993
0.44195998,5.9169993
0.44196498,5.9169993
0.44197,5.9169993
0.441975,5.9169993
0.44197997,5.9169993
0.44198498,5.9169993
0.44199,5.9169993
0.441995,5.9169993
0.442,5.9169993
0.44200498,5.9169993
0.44201,5.9169993
0.442015,5.9169993
0.44202,5.9169993
0.44202498,5.9169993
0.44202998,5.9169993
0.442035,5.9169993
0.44204,5.9169993
0.442045,5.9169993
0.44204998,5.9169993
0.442055,5.9169993
0.44206,5.9169993
0.442065,5.9169993
0.44206998,5.9169993
0.44207498,5.9169993
0.44208,5.9169993
0.442085,5.9169993
0.44208997,5.9169993
0.44209498,5.9169993
0.4421,5.9169993
0.442105,5.9169993
0.44211,5.9169993
0.44211498,5.9169993
0.44212,5.9169993
0.442125,5.9169993
0.44213,5.9169993
0.44213498,5.9169993
0.44213998,5.9169993
0.442145,5.9169993
0.44215,5.9169993
0.442155,5.9169993
0.44215998,5.9169993
0.442165,5.9169993
0.44217,5.9169993
0.442175,5.9169993
0.44217998,5.9169993
0.44218498,5.9169993
0.44219,5.9169993
0.442195,5.9169993
0.44219998,5.9169993
0.44220498,5.9169993
0.44221,5.9169993
0.442215,5.9169993
0.44222,5.9169993
0.44222498,5.9169993
0.44223,5.9169993
0.442235,5.9169993
0.44224,5.9169993
0.44224498,5.9169993
0.44224998,5.9169993
0.442255,5.9169993
0.44226,5.9169993
0.44226497,5.9169993
0.44226998,5.9169993
0.442275,5.9169993
0.44228,5.9169993
0.442285,5.9169993
0.44228998,5.9169993
0.44229499,5.9169993
0.4423,5.9169993
0.442305,5.9169993
0.44230998,5.9169993
0.44231498,5.9169993
0.44232,5.9169993
0.442325,5.9169993
0.44233,5.9169993
0.44233498,5.9169993
0.44234,5.9169993
0.442345,5.9169993
0.44235,5.9169993
0.44235498,5.9169993
0.44235998,5.9169993
0.442365,5.9169993
0.44237,5.9169993
0.44237497,5.9169993
0.44237998,5.9169993
0.442385,5.9169993
0.44239,5.9169993
0.442395,5.9169993
0.44239998,5.9169993
0.442405,5.9169993
0.44241,5.9169993
0.442415,5.9169993
0.44241998,5.9169993
0.44242498,5.9169993
0.44243,5.9169993
0.442435,5.9169993
0.44244,5.9169993
0.44244498,5.9169993
0.44245,5.9169993
0.442455,5.9169993
0.44246,5.9169993
0.44246498,5.9169993
0.44246998,5.9169993
0.442475,5.9169993
0.44248,5.9169993
0.44248497,5.9169993
0.44248998,5.9169993
0.442495,5.9169993
0.4425,5.9169993
0.442505,5.9169993
0.44250998,5.9169993
0.442515,5.9169993
0.44252,5.9169993
0.442525,5.9169993
0.44252998,5.9169993
0.44253498,5.9169993
0.44254,5.9169993
0.442545,5.9169993
0.44255,5.9169993
0.44255498,5.9169993
0.44256,5.9169993
0.442565,5.9169993
0.44257,5.9169993
0.44257498,5.9169993
0.44257998,5.9169993
0.442585,5.9169993
0.44259,5.9169993
0.44259498,5.9169993
0.44259998,5.9169993
0.442605,5.9169993
0.44261,5.9169993
0.442615,5.9169993
0.44261998,5.9169993
0.442625,5.9169993
0.44263,5.9169993
0.442635,5.9169993
0.44263998,5.9169993
0.44264498,5.9169993
0.44265,5.9169993
0.442655,5.9169993
0.44265997,5.9169993
0.44266498,5.9169993
0.44267,5.9169993
0.442675,5.9169993
0.44268,5.9169993
0.44268498,5.9169993
0.44268999,5.9169993
0.442695,5.9169993
0.4427,5.9169993
0.44270498,5.9169993
0.44270998,5.9169993
0.442715,5.9169993
0.44272,5.9169993
0.442725,5.9169993
0.44272998,5.9169993
0.442735,5.9169993
0.44274,5.9169993
0.442745,5.9169993
0.44274998,5.9169993
0.44275498,5.9169993
0.44276,5.9169993
0.442765,5.9169993
0.44276997,5.9169993
0.44277498,5.9169993
0.44278,5.9169993
0.442785,5.9169993
0.44279,5.9169993
0.44279498,5.9169993
0.4428,5.9169993
0.442805,5.9169993
0.44281,5.9169993
0.44281498,5.9169993
0.44281998,5.9169993
0.442825,5.9169993
0.44283,5.9169993
0.442835,5.9169993
0.44283998,5.9169993
0.442845,5.9169993
0.44285,5.9169993
0.442855,5.9169993
0.44285998,5.9169993
0.44286498,5.9169993
0.44287,5.9169993
0.442875,5.9169993
0.44287997,5.9169993
0.44288498,5.9169993
0.44289,5.9169993
0.442895,5.9169993
0.4429,5.9169993
0.44290498,5.9169993
0.44291,5.9169993
0.442915,5.9169993
0.44292,5.9169993
0.44292498,5.9169993
0.44292998,5.9169993
0.442935,5.9169993
0.44294,5.9169993
0.442945,5.9169993
0.44294998,5.9169993
0.442955,5.9169993
0.44296,5.9169993
0.442965,5.9169993
0.44296998,5.9169993
0.44297498,5.9169993
0.44298,5.9169993
0.442985,5.9169993
0.44298998,5.9169993
0.44299498,5.9169993
0.443,5.9169993
0.443005,5.9169993
0.44301,5.9169993
0.44301498,5.9169993
0.44302,5.9169993
0.443025,5.9169993
0.44303,5.9169993
0.44303498,5.9169993
0.44303998,5.9169993
0.443045,5.9169993
0.44305,5.9169993
0.44305497,5.9169993
0.44305998,5.9169993
0.443065,5.9169993
0.44307,5.9169993
0.443075,5.9169993
0.44307998,5.9169993
0.44308499,5.9169993
0.44309,5.9169993
0.443095,5.9169993
0.44309998,5.9169993
0.44310498,5.9169993
0.44311,5.9169993
0.443115,5.9169993
0.44312,5.9169993
0.44312498,5.9169993
0.44313,5.9169993
0.443135,5.9169993
0.44314,5.9169993
0.44314498,5.9169993
0.44314998,5.9169993
0.443155,5.9169993
0.44316,5.9169993
0.44316497,5.9169993
0.44316998,5.9169993
0.443175,5.9169993
0.44318,5.9169993
0.443185,5.9169993
0.44318998,5.9169993
0.443195,5.9169993
0.4432,5.9169993
0.443205,5.9169993
0.44320998,5.9169993
0.44321498,5.9169993
0.44322,5.9169993
0.443225,5.9169993
0.44323,5.9169993
0.44323498,5.9169993
0.44324,5.9169993
0.443245,5.9169993
0.44325,5.9169993
0.44325498,5.9169993
0.44325998,5.9169993
0.443265,5.9169993
0.44327,5.9169993
0.44327497,5.9169993
0.44327998,5.9169993
0.443285,5.9169993
0.44329,5.9169993
0.443295,5.9169993
0.44329998,5.9169993
0.443305,5.9169993
0.44331,5.9169993
0.443315,5.9169993
0.44331998,5.9169993
0.44332498,5.9169993
0.44333,5.9169993
0.443335,5.9169993
0.44334,5.9169993
0.44334498,5.9169993
0.44335,5.9169993
0.443355,5.9169993
0.44336,5.9169993
0.44336498,5.9169993
0.44336998,5.9169993
0.443375,5.9169993
0.44338,5.9169993
0.44338498,5.9169993
0.44338998,5.9169993
0.443395,5.9169993
0.4434,5.9169993
0.443405,5.9169993
0.44340998,5.9169993
0.443415,5.9169993
0.44342,5.9169993
0.443425,5.9169993
0.44342998,5.9169993
0.44343498,5.9169993
0.44344,5.9169993
0.443445,5.9169993
0.44344997,5.9169993
0.44345498,5.9169993
0.44346,5.9169993
0.443465,5.9169993
0.44347,5.9169993
0.44347498,5.9169993
0.44347998,5.9169993
0.443485,5.9169993
0.44349,5.9169993
0.44349498,5.9169993
0.44349998,5.9169993
0.443505,5.9169993
0.44351,5.9169993
0.443515,5.9169993
0.44351998,5.9169993
0.443525,5.9169993
0.44353,5.9169993
0.443535,5.9169993
0.44353998,5.9169993
0.44354498,5.9169993
0.44355,5.9169993
0.443555,5.9169993
0.44355997,5.9169993
0.44356498,5.9169993
0.44357,5.9169993
0.443575,5.9169993
0.44358,5.9169993
0.44358498,5.9169993
0.44359,5.9169993
0.443595,5.9169993
0.4436,5.9169993
0.44360498,5.9169993
0.44360998,5.9169993
0.443615,5.9169993
0.44362,5.9169993
0.443625,5.9169993
0.44362998,5.9169993
0.443635,5.9169993
0.44364,5.9169993
0.443645,5.9169993
0.44364998,5.9169993
0.44365498,5.9169993
0.44366,5.9169993
0.443665,5.9169993
0.44366997,5.9169993
0.44367498,5.9169993
0.44368,5.9169993
0.443685,5.9169993
0.44369,5.9169993
0.44369498,5.9169993
0.4437,5.9169993
0.443705,5.9169993
0.44371,5.9169993
0.44371498,5.9169993
0.44371998,5.9169993
0.443725,5.9169993
0.44373,5.9169993
0.443735,5.9169993
0.44373998,5.9169993
0.443745,5.9169993
0.44375,5.9169993
0.443755,5.9169993
0.44375998,5.9169993
0.44376498,5.9169993
0.44377,5.9169993
0.443775,5.9169993
0.44377998,5.9169993
0.44378498,5.9169993
0.44379,5.9169993
0.443795,5.9169993
0.4438,5.9169993
0.44380498,5.9169993
0.44381,5.9169993
0.443815,5.9169993
0.44382,5.9169993
0.44382498,5.9169993
0.44382998,5.9169993
0.443835,5.9169993
0.44384,5.9169993
0.44384497,5.9169993
0.44384998,5.9169993
0.443855,5.9169993
0.44386,5.9169993
0.443865,5.9169993
0.44386998,5.9169993
0.44387498,5.9169993
0.44388,5.9169993
0.443885,5.9169993
0.44388998,5.9169993
0.44389498,5.9169993
0.4439,5.9169993
0.443905,5.9169993
0.44391,5.9169993
0.44391498,5.9169993
0.44392,5.9169993
0.443925,5.9169993
0.44393,5.9169993
0.44393498,5.9169993
0.44393998,5.9169993
0.443945,5.9169993
0.44395,5.9169993
0.44395497,5.9169993
0.44395998,5.9169993
0.443965,5.9169993
0.44397,5.9169993
0.443975,5.9169993
0.44397998,5.9169993
0.443985,5.9169993
0.44399,5.9169993
0.443995,5.9169993
0.44399998,5.9169993
0.44400498,5.9169993
0.44401,5.9169993
0.444015,5.9169993
0.44402,5.9169993
0.44402498,5.9169993
0.44403,5.9169993
0.444035,5.9169993
0.44404,5.9169993
0.44404498,5.9169993
0.44404998,5.9169993
0.444055,5.9169993
0.44406,5.9169993
0.44406497,5.9169993
0.44406998,5.9169993
0.444075,5.9169993
0.44408,5.9169993
0.444085,5.9169993
0.44408998,5.9169993
0.444095,5.9169993
0.4441,5.9169993
0.444105,5.9169993
0.44410998,5.9169993
0.44411498,5.9169993
0.44412,5.9169993
0.444125,5.9169993
0.44413,5.9169993
0.44413498,5.9169993
0.44414,5.9169993
0.444145,5.9169993
0.44415,5.9169993
0.44415498,5.9169993
0.44415998,5.9169993
0.444165,5.9169993
0.44417,5.9169993
0.44417498,5.9169993
0.44417998,5.9169993
0.444185,5.9169993
0.44419,5.9169993
0.444195,5.9169993
0.44419998,5.9169993
0.444205,5.9169993
0.44421,5.9169993
0.444215,5.9169993
0.44421998,5.9169993
0.44422498,5.9169993
0.44423,5.9169993
0.444235,5.9169993
0.44423997,5.9169993
0.44424498,5.9169993
0.44425,5.9169993
0.444255,5.9169993
0.44426,5.9169993
0.44426498,5.9169993
0.44426998,5.9169993
0.444275,5.9169993
0.44428,5.9169993
0.44428498,5.9169993
0.44428998,5.9169993
0.444295,5.9169993
0.4443,5.9169993
0.444305,5.9169993
0.44430998,5.9169993
0.444315,5.9169993
0.44432,5.9169993
0.444325,5.9169993
0.44432998,5.9169993
0.44433498,5.9169993
0.44434,5.9169993
0.444345,5.9169993
0.44434997,5.9169993
0.44435498,5.9169993
0.44436,5.9169993
0.444365,5.9169993
0.44437,5.9169993
0.44437498,5.9169993
0.44438,5.9169993
0.444385,5.9169993
0.44439,5.9169993
0.44439498,5.9169993
0.44439998,5.9169993
0.444405,5.9169993
0.44441,5.9169993
0.444415,5.9169993
0.44441998,5.9169993
0.444425,5.9169993
0.44443,5.9169993
0.444435,5.9169993
0.44443998,5.9169993
0.44444498,5.9169993
0.44445,5.9169993
0.444455,5.9169993
0.44445997,5.9169993
0.44446498,5.9169993
0.44447,5.9169993
0.444475,5.9169993
0.44448,5.9169993
0.44448498,5.9169993
0.44449,5.9169993
0.444495,5.9169993
0.4445,5.9169993
0.44450498,5.9169993
0.44450998,5.9169993
0.444515,5.9169993
0.44452,5.9169993
0.444525,5.9169993
0.44452998,5.9169993
0.444535,5.9169993
0.44454,5.9169993
0.444545,5.9169993
0.44454998,5.9169993
0.44455498,5.9169993
0.44456,5.9169993
0.444565,5.9169993
0.44456998,5.9169993
0.44457498,5.9169993
0.44458,5.9169993
0.444585,5.9169993
0.44459,5.9169993
0.44459498,5.9169993
0.4446,5.9169993
0.444605,5.9169993
0.44461,5.9169993
0.44461498,5.9169993
0.44461998,5.9169993
0.444625,5.9169993
0.44463,5.9169993
0.44463497,5.9169993
0.44463998,5.9169993
0.444645,5.9169993
0.44465,5.9169993
0.444655,5.9169993
0.44465998,5.9169993
0.44466498,5.9169993
0.44467,5.9169993
0.444675,5.9169993
0.44467998,5.9169993
0.44468498,5.9169993
0.44469,5.9169993
0.444695,5.9169993
0.4447,5.9169993
0.44470498,5.9169993
0.44471,5.9169993
0.444715,5.9169993
0.44472,5.9169993
0.44472498,5.9169993
0.44472998,5.9169993
0.444735,5.9169993
0.44474,5.9169993
0.44474497,5.9169993
0.44474998,5.9169993
0.444755,5.9169993
0.44476,5.9169993
0.444765,5.9169993
0.44476998,5.9169993
0.444775,5.9169993
0.44478,5.9169993
0.444785,5.9169993
0.44478998,5.9169993
0.44479498,5.9169993
0.4448,5.9169993
0.444805,5.9169993
0.44481,5.9169993
0.44481498,5.9169993
0.44482,5.9169993
0.444825,5.9169993
0.44483,5.9169993
0.44483498,5.9169993
0.44483998,5.9169993
0.444845,5.9169993
0.44485,5.9169993
0.44485497,5.9169993
0.44485998,5.9169993
0.444865,5.9169993
0.44487,5.9169993
0.444875,5.9169993
0.44487998,5.9169993
0.444885,5.9169993
0.44489,5.9169993
0.444895,5.9169993
0.44489998,5.9169993
0.44490498,5.9169993
0.44491,5.9169993
0.444915,5.9169993
0.44492,5.9169993
0.44492498,5.9169993
0.44493,5.9169993
0.444935,5.9169993
0.44494,5.9169993
0.44494498,5.9169993
0.44494998,5.9169993
0.444955,5.9169993
0.44496,5.9169993
0.44496498,5.9169993
0.44496998,5.9169993
0.444975,5.9169993
0.44498,5.9169993
0.444985,5.9169993
0.44498998,5.9169993
0.444995,5.9169993
0.445,5.9169993
0.445005,5.9169993
0.44500998,5.9169993
0.44501498,5.9169993
0.44502,5.9169993
0.445025,5.9169993
0.44502997,5.9169993
0.44503498,5.9169993
0.44504,5.9169993
0.445045,5.9169993
0.44505,5.9169993
0.44505498,5.9169993
0.44505998,5.9169993
0.445065,5.9169993
0.44507,5.9169993
0.44507498,5.9169993
0.44507998,5.9169993
0.445085,5.9169993
0.44509,5.9169993
0.445095,5.9169993
0.44509998,5.9169993
0.445105,5.9169993
0.44511,5.9169993
0.445115,5.9169993
0.44511998,5.9169993
0.44512498,5.9169993
0.44513,5.9169993
0.445135,5.9169993
0.44513997,5.9169993
0.44514498,5.9169993
0.44515,5.9169993
0.445155,5.9169993
0.44516,5.9169993
0.44516498,5.9169993
0.44517,5.9169993
0.445175,5.9169993
0.44518,5.9169993
0.44518498,5.9169993
0.44518998,5.9169993
0.445195,5.9169993
0.4452,5.9169993
0.445205,5.9169993
0.44520998,5.9169993
0.445215,5.9169993
0.44522,5.9169993
0.445225,5.9169993
0.44522998,5.9169993
0.44523498,5.9169993
0.44524,5.9169993
0.445245,5.9169993
0.44524997,5.9169993
0.44525498,5.9169993
0.44526,5.9169993
0.445265,5.9169993
0.44527,5.9169993
0.44527498,5.9169993
0.44528,5.9169993
0.445285,5.9169993
0.44529,5.9169993
0.44529498,5.9169993
0.44529998,5.9169993
0.445305,5.9169993
0.44531,5.9169993
0.445315,5.9169993
0.44531998,5.9169993
0.445325,5.9169993
0.44533,5.9169993
0.445335,5.9169993
0.44533998,5.9169993
0.44534498,5.9169993
0.44535,5.9169993
0.445355,5.9169993
0.44535998,5.9169993
0.44536498,5.9169993
0.44537,5.9169993
0.445375,5.9169993
0.44538,5.9169993
0.44538498,5.9169993
0.44539,5.9169993
0.445395,5.9169993
0.4454,5.9169993
0.44540498,5.9169993
0.44540998,5.9169993
0.445415,5.9169993
0.44542,5.9169993
0.44542497,5.9169993
0.44542998,5.9169993
0.445435,5.9169993
0.44544,5.9169993
0.445445,5.9169993
0.44544998,5.9169993
0.44545498,5.9169993
0.44546,5.9169993
0.445465,5.9169993
0.44546998,5.9169993
0.44547498,5.9169993
0.44548,5.9169993
0.445485,5.9169993
0.44549,5.9169993
0.44549498,5.9169993
0.4455,5.9169993
0.445505,5.9169993
0.44551,5.9169993
0.44551498,5.9169993
0.44551998,5.9169993
0.445525,5.9169993
0.44553,5.9169993
0.44553497,5.9169993
0.44553998,5.9169993
0.445545,5.9169993
0.44555,5.9169993
0.445555,5.9169993
0.44555998,5.9169993
0.445565,5.9169993
0.44557,5.9169993
0.445575,5.9169993
0.44557998,5.9169993
0.44558498,5.9169993
0.44559,5.9169993
0.445595,5.9169993
0.4456,5.9169993
0.44560498,5.9169993
0.44561,5.9169993
0.445615,5.9169993
0.44562,5.9169993
0.44562498,5.9169993
0.44562998,5.9169993
0.445635,5.9169993
0.44564,5.9169993
0.44564497,5.9169993
0.44564998,5.9169993
0.445655,5.9169993
0.44566,5.9169993
0.445665,5.9169993
0.44566998,5.9169993
0.445675,5.9169993
0.44568,5.9169993
0.445685,5.9169993
0.44568998,5.9169993
0.44569498,5.9169993
0.4457,5.9169993
0.445705,5.9169993
0.44571,5.9169993
0.44571498,5.9169993
0.44572,5.9169993
0.445725,5.9169993
0.44573,5.9169993
0.44573498,5.9169993
0.44573998,5.9169993
0.445745,5.9169993
0.44575,5.9169993
0.44575498,5.9169993
0.44575998,5.9169993
0.445765,5.9169993
0.44577,5.9169993
0.445775,5.9169993
0.44577998,5.9169993
0.445785,5.9169993
0.44579,5.9169993
0.445795,5.9169993
0.44579998,5.9169993
0.44580498,5.9169993
0.44581,5.9169993
0.445815,5.9169993
0.44581997,5.9169993
0.44582498,5.9169993
0.44583,5.9169993
0.445835,5.9169993
0.44584,5.9169993
0.44584498,5.9169993
0.44584998,5.9169993
0.445855,5.9169993
0.44586,5.9169993
0.44586498,5.9169993
0.44586998,5.9169993
0.445875,5.9169993
0.44588,5.9169993
0.445885,5.9169993
0.44588998,5.9169993
0.445895,5.9169993
0.4459,5.9169993
0.445905,5.9169993
0.44590998,5.9169993
0.44591498,5.9169993
0.44592,5.9169993
0.445925,5.9169993
0.44592997,5.9169993
0.44593498,5.9169993
0.44594,5.9169993
0.445945,5.9169993
0.44595,5.9169993
0.44595498,5.9169993
0.44596,5.9169993
0.445965,5.9169993
0.44597,5.9169993
0.44597498,5.9169993
0.44597998,5.9169993
0.445985,5.9169993
0.44599,5.9169993
0.445995,5.9169993
0.44599998,5.9169993
0.446005,5.9169993
0.44601,5.9169993
0.446015,5.9169993
0.44601998,5.9169993
0.44602498,5.9169993
0.44603,5.9169993
0.446035,5.9169993
0.44603997,5.9169993
0.44604498,5.9169993
0.44605,5.9169993
0.446055,5.9169993
0.44606,5.9169993
0.44606498,5.9169993
0.44607,5.9169993
0.446075,5.9169993
0.44608,5.9169993
0.44608498,5.9169993
0.44608998,5.9169993
0.446095,5.9169993
0.4461,5.9169993
0.446105,5.9169993
0.44610998,5.9169993
0.446115,5.9169993
0.44612,5.9169993
0.446125,5.9169993
0.44612998,5.9169993
0.44613498,5.9169993
0.44614,5.9169993
0.446145,5.9169993
0.44614998,5.9169993
0.44615498,5.9169993
0.44616,5.9169993
0.446165,5.9169993
0.44617,5.9169993
0.44617498,5.9169993
0.44618,5.9169993
0.446185,5.9169993
0.44619,5.9169993
0.44619498,5.9169993
0.44619998,5.9169993
0.446205,5.9169993
0.44621,5.9169993
0.44621497,5.9169993
0.44621998,5.9169993
0.446225,5.9169993
0.44623,5.9169993
0.446235,5.9169993
0.44623998,5.9169993
0.44624498,5.9169993
0.44625,5.9169993
0.446255,5.9169993
0.44625998,5.9169993
0.44626498,5.9169993
0.44627,5.9169993
0.446275,5.9169993
0.44628,5.9169993
0.44628498,5.9169993
0.44629,5.9169993
0.446295,5.9169993
0.4463,5.9169993
0.44630498,5.9169993
0.44630998,5.9169993
0.446315,5.9169993
0.44632,5.9169993
0.44632497,5.9169993
0.44632998,5.9169993
0.446335,5.9169993
0.44634,5.9169993
0.446345,5.9169993
0.44634998,5.9169993
0.446355,5.9169993
0.44636,5.9169993
0.446365,5.9169993
0.44636998,5.9169993
0.44637498,5.9169993
0.44638,5.9169993
0.446385,5.9169993
0.44639,5.9169993
0.44639498,5.9169993
0.4464,5.9169993
0.446405,5.9169993
0.44641,5.9169993
0.44641498,5.9169993
0.44641998,5.9169993
0.446425,5.9169993
0.44643,5.9169993
0.44643497,5.9169993
0.44643998,5.9169993
0.446445,5.9169993
0.44645,5.9169993
0.446455,5.9169993
0.44645998,5.9169993
0.446465,5.9169993
0.44647,5.9169993
0.446475,5.9169993
0.44647998,5.9169993
0.44648498,5.9169993
0.44649,5.9169993
0.446495,5.9169993
0.4465,5.9169993
0.44650498,5.9169993
0.44651,5.9169993
0.446515,5.9169993
0.44652,5.9169993
0.44652498,5.9169993
0.44652998,5.9169993
0.446535,5.9169993
0.44654,5.9169993
0.44654498,5.9169993
0.44654998,5.9169993
0.446555,5.9169993
0.44656,5.9169993
0.446565,5.9169993
0.44656998,5.9169993
0.446575,5.9169993
0.44658,5.9169993
0.446585,5.9169993
0.44658998,5.9169993
0.44659498,5.9169993
0.4466,5.9169993
0.446605,5.9169993
0.44660997,5.9169993
0.44661498,5.9169993
0.44662,5.9169993
0.446625,5.9169993
0.44663,5.9169993
0.44663498,5.9169993
0.44663998,5.9169993
0.446645,5.9169993
0.44665,5.9169993
0.44665498,5.9169993
0.44665998,5.9169993
0.446665,5.9169993
0.44667,5.9169993
0.446675,5.9169993
0.44667998,5.9169993
0.446685,5.9169993
0.44669,5.9169993
0.446695,5.9169993
0.44669998,5.9169993
0.44670498,5.9169993
0.44671,5.9169993
0.446715,5.9169993
0.44671997,5.9169993
0.44672498,5.9169993
0.44673,5.9169993
0.446735,5.9169993
0.44674,5.9169993
0.44674498,5.9169993
0.44675,5.9169993
0.446755,5.9169993
0.44676,5.9169993
0.44676498,5.9169993
0.44676998,5.9169993
0.446775,5.9169993
0.44678,5.9169993
0.446785,5.9169993
0.44678998,5.9169993
0.446795,5.9169993
0.4468,5.9169993
0.446805,5.9169993
0.44680998,5.9169993
0.44681498,5.9169993
0.44682,5.9169993
0.446825,5.9169993
0.44682997,5.9169993
0.44683498,5.9169993
0.44684,5.9169993
0.446845,5.9169993
0.44685,5.9169993
0.44685498,5.9169993
0.44686,5.9169993
0.446865,5.9169993
0.44687,5.9169993
0.44687498,5.9169993
0.44687998,5.9169993
0.446885,5.9169993
0.44689,5.9169993
0.446895,5.9169993
0.44689998,5.9169993
0.446905,5.9169993
0.44691,5.9169993
0.446915,5.9169993
0.44691998,5.9169993
0.44692498,5.9169993
0.44693,5.9169993
0.446935,5.9169993
0.44693998,5.9169993
0.44694498,5.9169993
0.44695,5.9169993
0.446955,5.9169993
0.44696,5.9169993
0.44696498,5.9169993
0.44697,5.9169993
0.446975,5.9169993
0.44698,5.9169993
0.44698498,5.9169993
0.44698998,5.9169993
0.446995,5.9169993
0.447,5.9169993
0.44700497,5.9169993
0.44700998,5.9169993
0.447015,5.9169993
0.44702,5.9169993
0.447025,5.9169993
0.44702998,5.9169993
0.44703498,5.9169993
0.44704,5.9169993
0.447045,5.9169993
0.44704998,5.9169993
0.44705498,5.9169993
0.44706,5.9169993
0.447065,5.9169993
0.44707,5.9169993
0.44707498,5.9169993
0.44708,5.9169993
0.447085,5.9169993
0.44709,5.9169993
0.44709498,5.9169993
0.44709998,5.9169993
0.447105,5.9169993
0.44711,5.9169993
0.44711497,5.9169993
0.44711998,5.9169993
0.447125,5.9169993
0.44713,5.9169993
0.447135,5.9169993
0.44713998,5.9169993
0.447145,5.9169993
0.44715,5.9169993
0.447155,5.9169993
0.44715998,5.9169993
0.44716498,5.9169993
0.44717,5.9169993
0.447175,5.9169993
0.44718,5.9169993
0.44718498,5.9169993
0.44719,5.9169993
0.447195,5.9169993
0.4472,5.9169993
0.44720498,5.9169993
0.44720998,5.9169993
0.447215,5.9169993
0.44722,5.9169993
0.44722497,5.9169993
0.44722998,5.9169993
0.447235,5.9169993
0.44724,5.9169993
0.447245,5.9169993
0.44724998,5.9169993
0.447255,5.9169993
0.44726,5.9169993
0.447265,5.9169993
0.44726998,5.9169993
0.44727498,5.9169993
0.44728,5.9169993
0.447285,5.9169993
0.44729,5.9169993
0.44729498,5.9169993
0.4473,5.9169993
0.447305,5.9169993
0.44731,5.9169993
0.44731498,5.9169993
0.44731998,5.9169993
0.447325,5.9169993
0.44733,5.9169993
0.44733498,5.9169993
0.44733998,5.9169993
0.447345,5.9169993
0.44735,5.9169993
0.447355,5.9169993
0.44735998,5.9169993
0.447365,5.9169993
0.44737,5.9169993
0.447375,5.9169993
0.44737998,5.9169993
0.44738498,5.9169993
0.44739,5.9169993
0.447395,5.9169993
0.44739997,5.9169993
0.44740498,5.9169993
0.44741,5.9169993
0.447415,5.9169993
0.44742,5.9169993
0.44742498,5.9169993
0.44742998,5.9169993
0.447435,5.9169993
0.44744,5.9169993
0.44744498,5.9169993
0.44744998,5.9169993
0.447455,5.9169993
0.44746,5.9169993
0.447465,5.9169993
0.44746998,5.9169993
0.447475,5.9169993
0.44748,5.9169993
0.447485,5.9169993
0.44748998,5.9169993
0.44749498,5.9169993
0.4475,5.9169993
0.447505,5.9169993
0.44750997,5.9169993
0.44751498,5.9169993
0.44752,5.9169993
0.447525,5.9169993
0.44753,5.9169993
0.44753498,5.9169993
0.44754,5.9169993
0.447545,5.9169993
0.44755,5.9169993
0.44755498,5.9169993
0.44755998,5.9169993
0.447565,5.9169993
0.44757,5.9169993
0.447575,5.9169993
0.44757998,5.9169993
0.447585,5.9169993
0.44759,5.9169993
0.447595,5.9169993
0.44759998,5.9169993
0.44760498,5.9169993
0.44761,5.9169993
0.447615,5.9169993
0.44761997,5.9169993
0.44762498,5.9169993
0.44763,5.9169993
0.447635,5.9169993
0.44764,5.9169993
0.44764498,5.9169993
0.44765,5.9169993
0.447655,5.9169993
0.44766,5.9169993
0.44766498,5.9169993
0.44766998,5.9169993
0.447675,5.9169993
0.44768,5.9169993
0.447685,5.9169993
0.44768998,5.9169993
0.447695,5.9169993
0.4477,5.9169993
0.447705,5.9169993
0.44770998,5.9169993
0.44771498,5.9169993
0.44772,5.9169993
0.447725,5.9169993
0.44772997,5.9169993
0.44773498,5.9169993
0.44774,5.9169993
0.447745,5.9169993
0.44775,5.9169993
0.44775498,5.9169993
0.44776,5.9169993
0.447765,5.9169993
0.44777,5.9169993
0.44777498,5.9169993
0.44777998,5.9169993
0.447785,5.9169993
0.44779,5.9169993
0.44779497,5.9169993
0.44779998,5.9169993
0.447805,5.9169993
0.44781,5.9169993
0.447815,5.9169993
0.44781998,5.9169993
0.44782498,5.9169993
0.44783,5.9169993
0.447835,5.9169993
0.44783998,5.9169993
0.44784498,5.9169993
0.44785,5.9169993
0.447855,5.9169993
0.44786,5.9169993
0.44786498,5.9169993
0.44787,5.9169993
0.447875,5.9169993
0.44788,5.9169993
0.44788498,5.9169993
0.44788998,5.9169993
0.447895,5.9169993
0.4479,5.9169993
0.44790497,5.9169993
0.44790998,5.9169993
0.447915,5.9169993
0.44792,5.9169993
0.447925,5.9169993
0.44792998,5.9169993
0.447935,5.9169993
0.44794,5.9169993
0.447945,5.9169993
0.44794998,5.9169993
0.44795498,5.9169993
0.44796,5.9169993
0.447965,5.9169993
0.44797,5.9169993
0.44797498,5.9169993
0.44798,5.9169993
0.447985,5.9169993
0.44799,5.9169993
0.44799498,5.9169993
0.44799998,5.9169993
0.448005,5.9169993
0.44801,5.9169993
0.44801497,5.9169993
0.44801998,5.9169993
0.448025,5.9169993
0.44803,5.9169993
0.448035,5.9169993
0.44803998,5.9169993
0.448045,5.9169993
0.44805,5.9169993
0.448055,5.9169993
0.44805998,5.9169993
0.44806498,5.9169993
0.44807,5.9169993
0.448075,5.9169993
0.44808,5.9169993
0.44808498,5.9169993
0.44809,5.9169993
0.448095,5.9169993
0.4481,5.9169993
0.44810498,5.9169993
0.44810998,5.9169993
0.448115,5.9169993
0.44812,5.9169993
0.44812497,5.9169993
0.44812998,5.9169993
0.448135,5.9169993
0.44814,5.9169993
0.448145,5.9169993
0.44814998,5.9169993
0.448155,5.9169993
0.44816,5.9169993
0.448165,5.9169993
0.44816998,5.9169993
0.44817498,5.9169993
0.44818,5.9169993
0.448185,5.9169993
0.44818997,5.9169993
0.44819498,5.9169993
0.4482,5.9169993
0.448205,5.9169993
0.44821,5.9169993
0.44821498,5.9169993
0.44821998,5.9169993
0.448225,5.9169993
0.44823,5.9169993
0.44823498,5.9169993
0.44823998,5.9169993
0.448245,5.9169993
0.44825,5.9169993
0.448255,5.9169993
0.44825998,5.9169993
0.448265,5.9169993
0.44827,5.9169993
0.448275,5.9169993
0.44827998,5.9169993
0.44828498,5.9169993
0.44829,5.9169993
0.448295,5.9169993
0.44829997,5.9169993
0.44830498,5.9169993
0.44831,5.9169993
0.448315,5.9169993
0.44832,5.9169993
0.44832498,5.9169993
0.44833,5.9169993
0.448335,5.9169993
0.44834,5.9169993
0.44834498,5.9169993
0.44834998,5.9169993
0.448355,5.9169993
0.44836,5.9169993
0.448365,5.9169993
0.44836998,5.9169993
0.448375,5.9169993
0.44838,5.9169993
0.448385,5.9169993
0.44838998,5.9169993
0.44839498,5.9169993
0.4484,5.9169993
0.448405,5.9169993
0.44840997,5.9169993
0.44841498,5.9169993
0.44842,5.9169993
0.448425,5.9169993
0.44843,5.9169993
0.44843498,5.9169993
0.44844,5.9169993
0.448445,5.9169993
0.44845,5.9169993
0.44845498,5.9169993
0.44845998,5.9169993
0.448465,5.9169993
0.44847,5.9169993
0.448475,5.9169993
0.44847998,5.9169993
0.448485,5.9169993
0.44849,5.9169993
0.448495,5.9169993
0.44849998,5.9169993
0.44850498,5.9169993
0.44851,5.9169993
0.448515,5.9169993
0.44851997,5.9169993
0.44852498,5.9169993
0.44853,5.9169993
0.448535,5.9169993
0.44854,5.9169993
0.44854498,5.9169993
0.44855,5.9169993
0.448555,5.9169993
0.44856,5.9169993
0.44856498,5.9169993
0.44856998,5.9169993
0.448575,5.9169993
0.44858,5.9169993
0.44858497,5.9169993
0.44858998,5.9169993
0.448595,5.9169993
0.4486,5.9169993
0.448605,5.9169993
0.44860998,5.9169993
0.44861498,5.9169993
0.44862,5.9169993
0.448625,5.9169993
0.44862998,5.9169993
0.44863498,5.9169993
0.44864,5.9169993
0.448645,5.9169993
0.44865,5.9169993
0.44865498,5.9169993
0.44866,5.9169993
0.448665,5.9169993
0.44867,5.9169993
0.44867498,5.9169993
0.44867998,5.9169993
0.448685,5.9169993
0.44869,5.9169993
0.44869497,5.9169993
0.44869998,5.9169993
0.448705,5.9169993
0.44871,5.9169993
0.448715,5.9169993
0.44871998,5.9169993
0.448725,5.9169993
0.44873,5.9169993
0.448735,5.9169993
0.44873998,5.9169993
0.44874498,5.9169993
0.44875,5.9169993
0.448755,5.9169993
0.44876,5.9169993
0.44876498,5.9169993
0.44877,5.9169993
0.448775,5.9169993
0.44878,5.9169993
0.44878498,5.9169993
0.44878998,5.9169993
0.448795,5.9169993
0.4488,5.9169993
0.44880497,5.9169993
0.44880998,5.9169993
0.448815,5.9169993
0.44882,5.9169993
0.448825,5.9169993
0.44882998,5.9169993
0.448835,5.9169993
0.44884,5.9169993
0.448845,5.9169993
0.44884998,5.9169993
0.44885498,5.9169993
0.44886,5.9169993
0.448865,5.9169993
0.44887,5.9169993
0.44887498,5.9169993
0.44888,5.9169993
0.448885,5.9169993
0.44889,5.9169993
0.44889498,5.9169993
0.44889998,5.9169993
0.448905,5.9169993
0.44891,5.9169993
0.44891497,5.9169993
0.44891998,5.9169993
0.448925,5.9169993
0.44893,5.9169993
0.448935,5.9169993
0.44893998,5.9169993
0.448945,5.9169993
0.44895,5.9169993
0.448955,5.9169993
0.44895998,5.9169993
0.44896498,5.9169993
0.44897,5.9169993
0.448975,5.9169993
0.44897997,5.9169993
0.44898498,5.9169993
0.44899,5.9169993
0.448995,5.9169993
0.449,5.9169993
0.44900498,5.9169993
0.44900998,5.9169993
0.449015,5.9169993
0.44902,5.9169993
0.44902498,5.9169993
0.44902998,5.9169993
0.449035,5.9169993
0.44904,5.9169993
0.449045,5.9169993
0.44904998,5.9169993
0.449055,5.9169993
0.44906,5.9169993
0.449065,5.9169993
0.44906998,5.9169993
0.44907498,5.9169993
0.44908,5.9169993
0.449085,5.9169993
0.44908997,5.9169993
0.44909498,5.9169993
0.4491,5.9169993
0.449105,5.9169993
0.44911,5.9169993
0.44911498,5.9169993
0.44912,5.9169993
0.449125,5.9169993
0.44913,5.9169993
0.44913498,5.9169993
0.44913998,5.9169993
0.449145,5.9169993
0.44915,5.9169993
0.449155,5.9169993
0.44915998,5.9169993
0.449165,5.9169993
0.44917,5.9169993
0.449175,5.9169993
0.44917998,5.9169993
0.44918498,5.9169993
0.44919,5.9169993
0.449195,5.9169993
0.44919997,5.9169993
0.44920498,5.9169993
0.44921,5.9169993
0.449215,5.9169993
0.44922,5.9169993
0.44922498,5.9169993
0.44923,5.9169993
0.449235,5.9169993
0.44924,5.9169993
0.44924498,5.9169993
0.44924998,5.9169993
0.449255,5.9169993
0.44926,5.9169993
0.449265,5.9169993
0.44926998,5.9169993
0.449275,5.9169993
0.44928,5.9169993
0.449285,5.9169993
0.44928998,5.9169993
0.44929498,5.9169993
0.4493,5.9169993
0.449305,5.9169993
0.44930997,5.9169993
0.44931498,5.9169993
0.44932,5.9169993
0.449325,5.9169993
0.44933,5.9169993
0.44933498,5.9169993
0.44934,5.9169993
0.449345,5.9169993
0.44935,5.9169993
0.44935498,5.9169993
0.44935998,5.9169993
0.449365,5.9169993
0.44937,5.9169993
0.44937497,5.9169993
0.44937998,5.9169993
0.449385,5.9169993
0.44939,5.9169993
0.449395,5.9169993
0.44939998,5.9169993
0.44940498,5.9169993
0.44941,5.9169993
0.449415,5.9169993
0.44941998,5.9169993
0.44942498,5.9169993
0.44943,5.9169993
0.449435,5.9169993
0.44944,5.9169993
0.44944498,5.9169993
0.44945,5.9169993
0.449455,5.9169993
0.44946,5.9169993
0.44946498,5.9169993
0.44946998,5.9169993
0.449475,5.9169993
0.44948,5.9169993
0.44948497,5.9169993
0.44948998,5.9169993
0.449495,5.9169993
0.4495,5.9169993
0.449505,5.9169993
0.44950998,5.9169993
0.44951499,5.9169993
0.44952,5.9169993
0.449525,5.9169993
0.44952998,5.9169993
0.44953498,5.9169993
0.44954,5.9169993
0.449545,5.9169993
0.44955,5.9169993
0.44955498,5.9169993
0.44956,5.9169993
0.449565,5.9169993
0.44957,5.9169993
0.44957498,5.9169993
0.44957998,5.9169993
0.449585,5.9169993
0.44959,5.9169993
0.44959497,5.9169993
0.44959998,5.9169993
0.449605,5.9169993
0.44961,5.9169993
0.449615,5.9169993
0.44961998,5.9169993
0.449625,5.9169993
0.44963,5.9169993
0.449635,5.9169993
0.44963998,5.9169993
0.44964498,5.9169993
0.44965,5.9169993
0.449655,5.9169993
0.44966,5.9169993
0.44966498,5.9169993
0.44967,5.9169993
0.449675,5.9169993
0.44968,5.9169993
0.44968498,5.9169993
0.44968998,5.9169993
0.449695,5.9169993
0.4497,5.9169993
0.44970497,5.9169993
0.44970998,5.9169993
0.449715,5.9169993
0.44972,5.9169993
0.449725,5.9169993
0.44972998,5.9169993
0.449735,5.9169993
0.44974,5.9169993
0.449745,5.9169993
0.44974998,5.9169993
0.44975498,5.9169993
0.44976,5.9169993
0.449765,5.9169993
0.44976997,5.9169993
0.44977498,5.9169993
0.44978,5.9169993
0.449785,5.9169993
0.44979,5.9169993
0.44979498,5.9169993
0.44979998,5.9169993
0.449805,5.9169993
0.44981,5.9169993
0.44981498,5.9169993
0.44981998,5.9169993
0.449825,5.9169993
0.44983,5.9169993
0.449835,5.9169993
0.44983998,5.9169993
0.449845,5.9169993
0.44985,5.9169993
0.449855,5.9169993
0.44985998,5.9169993
0.44986498,5.9169993
0.44987,5.9169993
0.449875,5.9169993
0.44987997,5.9169993
0.44988498,5.9169993
0.44989,5.9169993
0.449895,5.9169993
0.4499,5.9169993
0.44990498,5.9169993
0.44990999,5.9169993
0.449915,5.9169993
0.44992,5.9169993
0.44992498,5.9169993
0.44992998,5.9169993
0.449935,5.9169993
0.44994,5.9169993
0.449945,5.9169993
0.44994998,5.9169993
0.449955,5.9169993
0.44996,5.9169993
0.449965,5.9169993
0.44996998,5.9169993
0.44997498,5.9169993
0.44998,5.9169993
0.449985,5.9169993
0.44998997,5.9169993
0.44999498,5.9169993
0.45,5.9169993
0.450005,5.9169993
0.45001,5.9169993
0.45001498,5.9169993
0.45002,5.9169993
0.450025,5.9169993
0.45003,5.9169993
0.45003498,5.9169993
0.45003998,5.9169993
0.450045,5.9169993
0.45005,5.9169993
0.450055,5.9169993
0.45005998,5.9169993
0.450065,5.9169993
0.45007,5.9169993
0.450075,5.9169993
0.45007998,5.9169993
0.45008498,5.9169993
0.45009,5.9169993
0.450095,5.9169993
0.45009997,5.9169993
0.45010498,5.9169993
0.45011,5.9169993
0.450115,5.9169993
0.45012,5.9169993
0.45012498,5.9169993
0.45013,5.9169993
0.450135,5.9169993
0.45014,5.9169993
0.45014498,5.9169993
0.45014998,5.9169993
0.450155,5.9169993
0.45016,5.9169993
0.45016497,5.9169993
0.45016998,5.9169993
0.450175,5.9169993
0.45018,5.9169993
0.450185,5.9169993
0.45018998,5.9169993
0.45019498,5.9169993
0.4502,5.9169993
0.450205,5.9169993
0.45020998,5.9169993
0.45021498,5.9169993
0.45022,5.9169993
0.450225,5.9169993
0.45023,5.9169993
0.45023498,5.9169993
0.45024,5.9169993
0.450245,5.9169993
0.45025,5.9169993
0.45025498,5.9169993
0.45025998,5.9169993
0.450265,5.9169993
0.45027,5.9169993
0.45027497,5.9169993
0.45027998,5.9169993
0.450285,5.9169993
0.45029,5.9169993
0.450295,5.9169993
0.45029998,5.9169993
0.45030499,5.9169993
0.45031,5.9169993
0.450315,5.9169993
0.45031998,5.9169993
0.45032498,5.9169993
0.45033,5.9169993
0.450335,5.9169993
0.45034,5.9169993
0.45034498,5.9169993
0.45035,5.9169993
0.450355,5.9169993
0.45036,5.9169993
0.45036498,5.9169993
0.45036998,5.9169993
0.450375,5.9169993
0.45038,5.9169993
0.45038497,5.9169993
0.45038998,5.9169993
0.450395,5.9169993
0.4504,5.9169993
0.450405,5.9169993
0.45040998,5.9169993
0.450415,5.9169993
0.45042,5.9169993
0.450425,5.9169993
0.45042998,5.9169993
0.45043498,5.9169993
0.45044,5.9169993
0.450445,5.9169993
0.45045,5.9169993
0.45045498,5.9169993
0.45046,5.9169993
0.450465,5.9169993
0.45047,5.9169993
0.45047498,5.9169993
0.45047998,5.9169993
0.450485,5.9169993
0.45049,5.9169993
0.45049497,5.9169993
0.45049998,5.9169993
0.450505,5.9169993
0.45051,5.9169993
0.450515,5.9169993
0.45051998,5.9169993
0.450525,5.9169993
0.45053,5.9169993
0.450535,5.9169993
0.45053998,5.9169993
0.45054498,5.9169993
0.45055,5.9169993
0.450555,5.9169993
0.45055997,5.9169993
0.45056498,5.9169993
0.45057,5.9169993
0.450575,5.9169993
0.45058,5.9169993
0.45058498,5.9169993
0.45058998,5.9169993
0.450595,5.9169993
0.4506,5.9169993
0.45060498,5.9169993
0.45060998,5.9169993
0.450615,5.9169993
0.45062,5.9169993
0.450625,5.9169993
0.45062998,5.9169993
0.450635,5.9169993
0.45064,5.9169993
0.450645,5.9169993
0.45064998,5.9169993
0.45065498,5.9169993
0.45066,5.9169993
0.450665,5.9169993
0.45066997,5.9169993
0.45067498,5.9169993
0.45068,5.9169993
0.450685,5.9169993
0.45069,5.9169993
0.45069498,5.9169993
0.45069999,5.9169993
0.450705,5.9169993
0.45071,5.9169993
0.45071498,5.9169993
0.45071998,5.9169993
0.450725,5.9169993
0.45073,5.9169993
0.450735,5.9169993
0.45073998,5.9169993
0.450745,5.9169993
0.45075,5.9169993
0.450755,5.9169993
0.45075998,5.9169993
0.45076498,5.9169993
0.45077,5.9169993
0.450775,5.9169993
0.45077997,5.9169993
0.45078498,5.9169993
0.45079,5.9169993
0.450795,5.9169993
0.4508,5.9169993
0.45080498,5.9169993
0.45081,5.9169993
0.450815,5.9169993
0.45082,5.9169993
0.45082498,5.9169993
0.45082998,5.9169993
0.450835,5.9169993
0.45084,5.9169993
0.450845,5.9169993
0.45084998,5.9169993
0.450855,5.9169993
0.45086,5.9169993
0.450865,5.9169993
0.45086998,5.9169993
0.45087498,5.9169993
0.45088,5.9169993
0.450885,5.9169993
0.45088997,5.9169993
0.45089498,5.9169993
0.4509,5.9169993
0.450905,5.9169993
0.45091,5.9169993
0.45091498,5.9169993
0.45092,5.9169993
0.450925,5.9169993
0.45093,5.9169993
0.45093498,5.9169993
0.45093998,5.9169993
0.450945,5.9169993
0.45095,5.9169993
0.450955,5.9169993
0.45095998,5.9169993
0.450965,5.9169993
0.45097,5.9169993
0.450975,5.9169993
0.45097998,5.9169993
0.45098498,5.9169993
0.45099,5.9169993
0.450995,5.9169993
0.45099998,5.9169993
0.45100498,5.9169993
0.45101,5.9169993
0.451015,5.9169993
0.45102,5.9169993
0.45102498,5.9169993
0.45103,5.9169993
0.451035,5.9169993
0.45104,5.9169993
0.45104498,5.9169993
0.45104998,5.9169993
0.451055,5.9169993
0.45106,5.9169993
0.45106497,5.9169993
0.45106998,5.9169993
0.451075,5.9169993
0.45108,5.9169993
0.451085,5.9169993
0.45108998,5.9169993
0.45109499,5.9169993
0.4511,5.9169993
0.451105,5.9169993
0.45110998,5.9169993
0.45111498,5.9169993
0.45112,5.9169993
0.451125,5.9169993
0.45113,5.9169993
0.45113498,5.9169993
0.45114,5.9169993
0.451145,5.9169993
0.45115,5.9169993
0.45115498,5.9169993
0.45115998,5.9169993
0.451165,5.9169993
0.45117,5.9169993
0.45117497,5.9169993
0.45117998,5.9169993
0.451185,5.9169993
0.45119,5.9169993
0.451195,5.9169993
0.45119998,5.9169993
0.451205,5.9169993
0.45121,5.9169993
0.451215,5.9169993
0.45121998,5.9169993
0.45122498,5.9169993
0.45123,5.9169993
0.451235,5.9169993
0.45124,5.9169993
0.45124498,5.9169993
0.45125,5.9169993
0.451255,5.9169993
0.45126,5.9169993
0.45126498,5.9169993
0.45126998,5.9169993
0.451275,5.9169993
0.45128,5.9169993
0.45128497,5.9169993
0.45128998,5.9169993
0.451295,5.9169993
0.4513,5.9169993
0.451305,5.9169993
0.45130998,5.9169993
0.451315,5.9169993
0.45132,5.9169993
0.451325,5.9169993
0.45132998,5.9169993
0.45133498,5.9169993
0.45134,5.9169993
0.451345,5.9169993
0.45135,5.9169993
0.45135498,5.9169993
0.45136,5.9169993
0.451365,5.9169993
0.45137,5.9169993
0.45137498,5.9169993
0.45137998,5.9169993
0.451385,5.9169993
0.45139,5.9169993
0.45139498,5.9169993
0.45139998,5.9169993
0.451405,5.9169993
0.45141,5.9169993
0.451415,5.9169993
0.45141998,5.9169993
0.451425,5.9169993
0.45143,5.9169993
0.451435,5.9169993
0.45143998,5.9169993
0.45144498,5.9169993
0.45145,5.9169993
0.451455,5.9169993
0.45145997,5.9169993
0.45146498,5.9169993
0.45147,5.9169993
0.451475,5.9169993
0.45148,5.9169993
0.45148498,5.9169993
0.45148998,5.9169993
0.451495,5.9169993
0.4515,5.9169993
0.45150498,5.9169993
0.45150998,5.9169993
0.451515,5.9169993
0.45152,5.9169993
0.451525,5.9169993
0.45152998,5.9169993
0.451535,5.9169993
0.45154,5.9169993
0.451545,5.9169993
0.45154998,5.9169993
0.45155498,5.9169993
0.45156,5.9169993
0.451565,5.9169993
0.45156997,5.9169993
0.45157498,5.9169993
0.45158,5.9169993
0.451585,5.9169993
0.45159,5.9169993
0.45159498,5.9169993
0.4516,5.9169993
0.451605,5.9169993
0.45161,5.9169993
0.45161498,5.9169993
0.45161998,5.9169993
0.451625,5.9169993
0.45163,5.9169993
0.451635,5.9169993
0.45163998,5.9169993
0.451645,5.9169993
0.45165,5.9169993
0.451655,5.9169993
0.45165998,5.9169993
0.45166498,5.9169993
0.45167,5.9169993
0.451675,5.9169993
0.45167997,5.9169993
0.45168498,5.9169993
0.45169,5.9169993
0.451695,5.9169993
0.4517,5.9169993
0.45170498,5.9169993
0.45171,5.9169993
0.451715,5.9169993
0.45172,5.9169993
0.45172498,5.9169993
0.45172998,5.9169993
0.451735,5.9169993
0.45174,5.9169993
0.451745,5.9169993
0.45174998,5.9169993
0.451755,5.9169993
0.45176,5.9169993
0.451765,5.9169993
0.45176998,5.9169993
0.45177498,5.9169993
0.45178,5.9169993
0.451785,5.9169993
0.45178998,5.9169993
0.45179498,5.9169993
0.4518,5.9169993
0.451805,5.9169993
0.45181,5.9169993
0.45181498,5.9169993
0.45182,5.9169993
0.451825,5.9169993
0.45183,5.9169993
0.45183498,5.9169993
0.45183998,5.9169993
0.451845,5.9169993
0.45185,5.9169993
0.45185497,5.9169993
0.45185998,5.9169993
0.451865,5.9169993
0.45187,5.9169993
0.451875,5.9169993
0.45187998,5.9169993
0.45188498,5.9169993
0.45189,5.9169993
0.451895,5.9169993
0.45189998,5.9169993
0.45190498,5.9169993
0.45191,5.9169993
0.451915,5.9169993
0.45192,5.9169993
0.45192498,5.9169993
0.45193,5.9169993
0.451935,5.9169993
0.45194,5.9169993
0.45194498,5.9169993
0.45194998,5.9169993
0.451955,5.9169993
0.45196,5.9169993
0.45196497,5.9169993
0.45196998,5.9169993
0.451975,5.9169993
0.45198,5.9169993
0.451985,5.9169993
0.45198998,5.9169993
0.451995,5.9169993
0.452,5.9169993
0.452005,5.9169993
0.45200998,5.9169993
0.45201498,5.9169993
0.45202,5.9169993
0.452025,5.9169993
0.45203,5.9169993
0.45203498,5.9169993
0.45204,5.9169993
0.452045,5.9169993
0.45205,5.9169993
0.45205498,5.9169993
0.45205998,5.9169993
0.452065,5.9169993
0.45207,5.9169993
0.45207497,5.9169993
0.45207998,5.9169993
0.452085,5.9169993
0.45209,5.9169993
0.452095,5.9169993
0.45209998,5.9169993
0.452105,5.9169993
0.45211,5.9169993
0.452115,5.9169993
0.45211998,5.9169993
0.45212498,5.9169993
0.45213,5.9169993
0.452135,5.9169993
0.45214,5.9169993
0.45214498,5.9169993
0.45215,5.9169993
0.452155,5.9169993
0.45216,5.9169993
0.45216498,5.9169993
0.45216998,5.9169993
0.452175,5.9169993
0.45218,5.9169993
0.45218498,5.9169993
0.45218998,5.9169993
0.452195,5.9169993
0.4522,5.9169993
0.452205,5.9169993
0.45220998,5.9169993
0.452215,5.9169993
0.45222,5.9169993
0.452225,5.9169993
0.45222998,5.9169993
0.45223498,5.9169993
0.45224,5.9169993
0.452245,5.9169993
0.45224997,5.9169993
0.45225498,5.9169993
0.45226,5.9169993
0.452265,5.9169993
0.45227,5.9169993
0.45227498,5.9169993
0.45227998,5.9169993
0.452285,5.9169993
0.45229,5.9169993
0.45229498,5.9169993
0.45229998,5.9169993
0.452305,5.9169993
0.45231,5.9169993
0.452315,5.9169993
0.45231998,5.9169993
0.452325,5.9169993
0.45233,5.9169993
0.452335,5.9169993
0.45233998,5.9169993
0.45234498,5.9169993
0.45235,5.9169993
0.452355,5.9169993
0.45235997,5.9169993
0.45236498,5.9169993
0.45237,5.9169993
0.452375,5.9169993
0.45238,5.9169993
0.45238498,5.9169993
0.45239,5.9169993
0.452395,5.9169993
0.4524,5.9169993
0.45240498,5.9169993
0.45240998,5.9169993
0.452415,5.9169993
0.45242,5.9169993
0.452425,5.9169993
0.45242998,5.9169993
0.452435,5.9169993
0.45244,5.9169993
0.452445,5.9169993
0.45244998,5.9169993
0.45245498,5.9169993
0.45246,5.9169993
0.452465,5.9169993
0.45246997,5.9169993
0.45247498,5.9169993
0.45248,5.9169993
0.452485,5.9169993
0.45249,5.9169993
0.45249498,5.9169993
0.4525,5.9169993
0.452505,5.9169993
0.45251,5.9169993
0.45251498,5.9169993
0.45251998,5.9169993
0.452525,5.9169993
0.45253,5.9169993
0.452535,5.9169993
0.45253998,5.9169993
0.452545,5.9169993
0.45255,5.9169993
0.452555,5.9169993
0.45255998,5.9169993
0.45256498,5.9169993
0.45257,5.9169993
0.452575,5.9169993
0.45257998,5.9169993
0.45258498,5.9169993
0.45259,5.9169993
0.452595,5.9169993
0.4526,5.9169993
0.45260498,5.9169993
0.45261,5.9169993
0.452615,5.9169993
0.45262,5.9169993
0.45262498,5.9169993
0.45262998,5.9169993
0.452635,5.9169993
0.45264,5.9169993
0.45264497,5.9169993
0.45264998,5.9169993
0.452655,5.9169993
0.45266,5.9169993
0.452665,5.9169993
0.45266998,5.9169993
0.45267498,5.9169993
0.45268,5.9169993
0.452685,5.9169993
0.45268998,5.9169993
0.45269498,5.9169993
0.4527,5.9169993
0.452705,5.9169993
0.45271,5.9169993
0.45271498,5.9169993
0.45272,5.9169993
0.452725,5.9169993
0.45273,5.9169993
0.45273498,5.9169993
0.45273998,5.9169993
0.452745,5.9169993
0.45275,5.9169993
0.45275497,5.9169993
0.45275998,5.9169993
0.452765,5.9169993
0.45277,5.9169993
0.452775,5.9169993
0.45277998,5.9169993
0.452785,5.9169993
0.45279,5.9169993
0.452795,5.9169993
0.45279998,5.9169993
0.45280498,5.9169993
0.45281,5.9169993
0.452815,5.9169993
0.45282,5.9169993
0.45282498,5.9169993
0.45283,5.9169993
0.452835,5.9169993
0.45284,5.9169993
0.45284498,5.9169993
0.45284998,5.9169993
0.452855,5.9169993
0.45286,5.9169993
0.45286497,5.9169993
0.45286998,5.9169993
0.452875,5.9169993
0.45288,5.9169993
0.452885,5.9169993
0.45288998,5.9169993
0.452895,5.9169993
0.4529,5.9169993
0.452905,5.9169993
0.45290998,5.9169993
0.45291498,5.9169993
0.45292,5.9169993
0.452925,5.9169993
0.45293,5.9169993
0.45293498,5.9169993
0.45294,5.9169993
0.452945,5.9169993
0.45295,5.9169993
0.45295498,5.9169993
0.45295998,5.9169993
0.452965,5.9169993
0.45297,5.9169993
0.45297498,5.9169993
0.45297998,5.9169993
0.452985,5.9169993
0.45299,5.9169993
0.452995,5.9169993
0.45299998,5.9169993
0.453005,5.9169993
0.45301,5.9169993
0.453015,5.9169993
0.45301998,5.9169993
0.45302498,5.9169993
0.45303,5.9169993
0.453035,5.9169993
0.45303997,5.9169993
0.45304498,5.9169993
0.45305,5.9169993
0.453055,5.9169993
0.45306,5.9169993
0.45306498,5.9169993
0.45306998,5.9169993
0.453075,5.9169993
0.45308,5.9169993
0.45308498,5.9169993
0.45308998,5.9169993
0.453095,5.9169993
0.4531,5.9169993
0.453105,5.9169993
0.45310998,5.9169993
0.453115,5.9169993
0.45312,5.9169993
0.453125,5.9169993
0.45312998,5.9169993
0.45313498,5.9169993
0.45314,5.9169993
0.453145,5.9169993
0.45314997,5.9169993
0.45315498,5.9169993
0.45316,5.9169993
0.453165,5.9169993
0.45317,5.9169993
0.45317498,5.9169993
0.45318,5.9169993
0.453185,5.9169993
0.45319,5.9169993
0.45319498,5.9169993
0.45319998,5.9169993
0.453205,5.9169993
0.45321,5.9169993
0.453215,5.9169993
0.45321998,5.9169993
0.453225,5.9169993
0.45323,5.9169993
0.453235,5.9169993
0.45323998,5.9169993
0.45324498,5.9169993
0.45325,5.9169993
0.453255,5.9169993
0.45325997,5.9169993
0.45326498,5.9169993
0.45327,5.9169993
0.453275,5.9169993
0.45328,5.9169993
0.45328498,5.9169993
0.45329,5.9169993
0.453295,5.9169993
0.4533,5.9169993
0.45330498,5.9169993
0.45330998,5.9169993
0.453315,5.9169993
0.45332,5.9169993
0.453325,5.9169993
0.45332998,5.9169993
0.453335,5.9169993
0.45334,5.9169993
0.453345,5.9169993
0.45334998,5.9169993
0.45335498,5.9169993
0.45336,5.9169993
0.453365,5.9169993
0.45336998,5.9169993
0.45337498,5.9169993
0.45338,5.9169993
0.453385,5.9169993
0.45339,5.9169993
0.45339498,5.9169993
0.4534,5.9169993
0.453405,5.9169993
0.45341,5.9169993
0.45341498,5.9169993
0.45341998,5.9169993
0.453425,5.9169993
0.45343,5.9169993
0.45343497,5.9169993
0.45343998,5.9169993
0.453445,5.9169993
0.45345,5.9169993
0.453455,5.9169993
0.45345998,5.9169993
0.45346498,5.9169993
0.45347,5.9169993
0.453475,5.9169993
0.45347998,5.9169993
0.45348498,5.9169993
0.45349,5.9169993
0.453495,5.9169993
0.4535,5.9169993
0.45350498,5.9169993
0.45351,5.9169993
0.453515,5.9169993
0.45352,5.9169993
0.45352498,5.9169993
0.45352998,5.9169993
0.453535,5.9169993
0.45354,5.9169993
0.45354497,5.9169993
0.45354998,5.9169993
0.453555,5.9169993
0.45356,5.9169993
0.453565,5.9169993
0.45356998,5.9169993
0.453575,5.9169993
0.45358,5.9169993
0.453585,5.9169993
0.45358998,5.9169993
0.45359498,5.9169993
0.4536,5.9169993
0.453605,5.9169993
0.45361,5.9169993
0.45361498,5.9169993
0.45362,5.9169993
0.453625,5.9169993
0.45363,5.9169993
0.45363498,5.9169993
0.45363998,5.9169993
0.453645,5.9169993
0.45365,5.9169993
0.45365497,5.9169993
0.45365998,5.9169993
0.453665,5.9169993
0.45367,5.9169993
0.453675,5.9169993
0.45367998,5.9169993
0.453685,5.9169993
0.45369,5.9169993
0.453695,5.9169993
0.45369998,5.9169993
0.45370498,5.9169993
0.45371,5.9169993
0.453715,5.9169993
0.45372,5.9169993
0.45372498,5.9169993
0.45373,5.9169993
0.453735,5.9169993
0.45374,5.9169993
0.45374498,5.9169993
0.45374998,5.9169993
0.453755,5.9169993
0.45376,5.9169993
0.45376498,5.9169993
0.45376998,5.9169993
0.453775,5.9169993
0.45378,5.9169993
0.453785,5.9169993
0.45378998,5.9169993
0.453795,5.9169993
0.4538,5.9169993
0.453805,5.9169993
0.45380998,5.9169993
0.45381498,5.9169993
0.45382,5.9169993
0.453825,5.9169993
0.45382997,5.9169993
0.45383498,5.9169993
0.45384,5.9169993
0.453845,5.9169993
0.45385,5.9169993
0.45385498,5.9169993
0.45385998,5.9169993
0.453865,5.9169993
0.45387,5.9169993
0.45387498,5.9169993
0.45387998,5.9169993
0.453885,5.9169993
0.45389,5.9169993
0.453895,5.9169993
0.45389998,5.9169993
0.453905,5.9169993
0.45391,5.9169993
0.453915,5.9169993
0.45391998,5.9169993
0.45392498,5.9169993
0.45393,5.9169993
0.453935,5.9169993
0.45393997,5.9169993
0.45394498,5.9169993
0.45395,5.9169993
0.453955,5.9169993
0.45396,5.9169993
0.45396498,5.9169993
0.45397,5.9169993
0.453975,5.9169993
0.45398,5.9169993
0.45398498,5.9169993
0.45398998,5.9169993
0.453995,5.9169993
0.454,5.9169993
0.454005,5.9169993
0.45400998,5.9169993
0.454015,5.9169993
0.45402,5.9169993
0.454025,5.9169993
0.45402998,5.9169993
0.45403498,5.9169993
0.45404,5.9169993
0.454045,5.9169993
0.45404997,5.9169993
0.45405498,5.9169993
0.45406,5.9169993
0.454065,5.9169993
0.45407,5.9169993
0.45407498,5.9169993
0.45408,5.9169993
0.454085,5.9169993
0.45409,5.9169993
0.45409498,5.9169993
0.45409998,5.9169993
0.454105,5.9169993
0.45411,5.9169993
0.454115,5.9169993
0.45411998,5.9169993
0.454125,5.9169993
0.45413,5.9169993
0.454135,5.9169993
0.45413998,5.9169993
0.45414498,5.9169993
0.45415,5.9169993
0.454155,5.9169993
0.45415998,5.9169993
0.45416498,5.9169993
0.45417,5.9169993
0.454175,5.9169993
0.45418,5.9169993
0.45418498,5.9169993
0.45419,5.9169993
0.454195,5.9169993
0.4542,5.9169993
0.45420498,5.9169993
0.45420998,5.9169993
0.454215,5.9169993
0.45422,5.9169993
0.45422497,5.9169993
0.45422998,5.9169993
0.454235,5.9169993
0.45424,5.9169993
0.454245,5.9169993
0.45424998,5.9169993
0.45425498,5.9169993
0.45426,5.9169993
0.454265,5.9169993
0.45426998,5.9169993
0.45427498,5.9169993
0.45428,5.9169993
0.454285,5.9169993
0.45429,5.9169993
0.45429498,5.9169993
0.4543,5.9169993
0.454305,5.9169993
0.45431,5.9169993
0.45431498,5.9169993
0.45431998,5.9169993
0.454325,5.9169993
0.45433,5.9169993
0.45433497,5.9169993
0.45433998,5.9169993
0.454345,5.9169993
0.45435,5.9169993
0.454355,5.9169993
0.45435998,5.9169993
0.454365,5.9169993
0.45437,5.9169993
0.454375,5.9169993
0.45437998,5.9169993
0.45438498,5.9169993
0.45439,5.9169993
0.454395,5.9169993
0.4544,5.9169993
0.45440498,5.9169993
0.45441,5.9169993
0.454415,5.9169993
0.45442,5.9169993
0.45442498,5.9169993
0.45442998,5.9169993
0.454435,5.9169993
0.45444,5.9169993
0.45444497,5.9169993
0.45444998,5.9169993
0.454455,5.9169993
0.45446,5.9169993
0.454465,5.9169993
0.45446998,5.9169993
0.454475,5.9169993
0.45448,5.9169993
0.454485,5.9169993
0.45448998,5.9169993
0.45449498,5.9169993
0.4545,5.9169993
0.454505,5.9169993
0.45451,5.9169993
0.45451498,5.9169993
0.45452,5.9169993
0.454525,5.9169993
0.45453,5.9169993
0.45453498,5.9169993
0.45453998,5.9169993
0.454545,5.9169993
0.45455,5.9169993
0.45455498,5.9169993
0.45455998,5.9169993
0.454565,5.9169993
0.45457,5.9169993
0.454575,5.9169993
0.45457998,5.9169993
0.454585,5.9169993
0.45459,5.9169993
0.454595,5.9169993
0.45459998,5.9169993
0.45460498,5.9169993
0.45461,5.9169993
0.454615,5.9169993
0.45461997,5.9169993
0.45462498,5.9169993
0.45463,5.9169993
0.454635,5.9169993
0.45464,5.9169993
0.45464498,5.9169993
0.45464998,5.9169993
0.454655,5.9169993
0.45466,5.9169993
0.45466498,5.9169993
0.45466998,5.9169993
0.454675,5.9169993
0.45468,5.9169993
0.454685,5.9169993
0.45468998,5.9169993
0.454695,5.9169993
0.4547,5.9169993
0.454705,5.9169993
0.45470998,5.9169993
0.45471498,5.9169993
0.45472,5.9169993
0.454725,5.9169993
0.45472997,5.9169993
0.45473498,5.9169993
0.45474,5.9169993
0.454745,5.9169993
0.45475,5.9169993
0.45475498,5.9169993
0.45476,5.9169993
0.454765,5.9169993
0.45477,5.9169993
0.45477498,5.9169993
0.45477998,5.9169993
0.454785,5.9169993
0.45479,5.9169993
0.454795,5.9169993
0.45479998,5.9169993
0.454805,5.9169993
0.45481,5.9169993
0.454815,5.9169993
0.45481998,5.9169993
0.45482498,5.9169993
0.45483,5.9169993
0.454835,5.9169993
0.45483997,5.9169993
0.45484498,5.9169993
0.45485,5.9169993
0.454855,5.9169993
0.45486,5.9169993
0.45486498,5.9169993
0.45487,5.9169993
0.454875,5.9169993
0.45488,5.9169993
0.45488498,5.9169993
0.45488998,5.9169993
0.454895,5.9169993
0.4549,5.9169993
0.454905,5.9169993
0.45490998,5.9169993
0.454915,5.9169993
0.45492,5.9169993
0.454925,5.9169993
0.45492998,5.9169993
0.45493498,5.9169993
0.45494,5.9169993
0.454945,5.9169993
0.45494998,5.9169993
0.45495498,5.9169993
0.45496,5.9169993
0.454965,5.9169993
0.45497,5.9169993
0.45497498,5.9169993
0.45498,5.9169993
0.454985,5.9169993
0.45499,5.9169993
0.45499498,5.9169993
0.45499998,5.9169993
0.455005,5.9169993
0.45501,5.9169993
0.45501497,5.9169993
0.45501998,5.9169993
0.455025,5.9169993
0.45503,5.9169993
0.455035,5.9169993
0.45503998,5.9169993
0.45504498,5.9169993
0.45505,5.9169993
0.455055,5.9169993
0.45505998,5.9169993
0.45506498,5.9169993
0.45507,5.9169993
0.455075,5.9169993
0.45508,5.9169993
0.45508498,5.9169993
0.45509,5.9169993
0.455095,5.9169993
0.4551,5.9169993
0.45510498,5.9169993
0.45510998,5.9169993
0.455115,5.9169993
0.45512,5.9169993
0.45512497,5.9169993
0.45512998,5.9169993
0.455135,5.9169993
0.45514,5.9169993
0.455145,5.9169993
0.45514998,5.9169993
0.455155,5.9169993
0.45516,5.9169993
0.455165,5.9169993
0.45516998,5.9169993
0.45517498,5.9169993
0.45518,5.9169993
0.455185,5.9169993
0.45519,5.9169993
0.45519498,5.9169993
0.4552,5.9169993
0.455205,5.9169993
0.45521,5.9169993
0.45521498,5.9169993
0.45521998,5.9169993
0.455225,5.9169993
0.45523,5.9169993
0.45523497,5.9169993
0.45523998,5.9169993
0.455245,5.9169993
0.45525,5.9169993
0.455255,5.9169993
0.45525998,5.9169993
0.455265,5.9169993
0.45527,5.9169993
0.455275,5.9169993
0.45527998,5.9169993
0.45528498,5.9169993
0.45529,5.9169993
0.455295,5.9169993
0.4553,5.9169993
0.45530498,5.9169993
0.45531,5.9169993
0.455315,5.9169993
0.45532,5.9169993
0.45532498,5.9169993
0.45532998,5.9169993
0.455335,5.9169993
0.45534,5.9169993
0.45534497,5.9169993
0.45534998,5.9169993
0.455355,5.9169993
0.45536,5.9169993
0.455365,5.9169993
0.45536998,5.9169993
0.455375,5.9169993
0.45538,5.9169993
0.455385,5.9169993
0.45538998,5.9169993
0.45539498,5.9169993
0.4554,5.9169993
0.455405,5.9169993
0.45540997,5.9169993
0.45541498,5.9169993
0.45542,5.9169993
0.455425,5.9169993
0.45543,5.9169993
0.45543498,5.9169993
0.45543998,5.9169993
0.455445,5.9169993
0.45545,5.9169993
0.45545498,5.9169993
0.45545998,5.9169993
0.455465,5.9169993
0.45547,5.9169993
0.455475,5.9169993
0.45547998,5.9169993
0.455485,5.9169993
0.45549,5.9169993
0.455495,5.9169993
0.45549998,5.9169993
0.45550498,5.9169993
0.45551,5.9169993
0.455515,5.9169993
0.45551997,5.9169993
0.45552498,5.9169993
0.45553,5.9169993
0.455535,5.9169993
0.45554,5.9169993
0.45554498,5.9169993
0.45555,5.9169993
0.455555,5.9169993
0.45556,5.9169993
0.45556498,5.9169993
0.45556998,5.9169993
0.455575,5.9169993
0.45558,5.9169993
0.455585,5.9169993
0.45558998,5.9169993
0.455595,5.9169993
0.4556,5.9169993
0.455605,5.9169993
0.45560998,5.9169993
0.45561498,5.9169993
0.45562,5.9169993
0.455625,5.9169993
0.45562997,5.9169993
0.45563498,5.9169993
0.45564,5.9169993
0.455645,5.9169993
0.45565,5.9169993
0.45565498,5.9169993
0.45566,5.9169993
0.455665,5.9169993
0.45567,5.9169993
0.45567498,5.9169993
0.45567998,5.9169993
0.455685,5.9169993
0.45569,5.9169993
0.455695,5.9169993
0.45569998,5.9169993
0.455705,5.9169993
0.45571,5.9169993
0.455715,5.9169993
0.45571998,5.9169993
0.45572498,5.9169993
0.45573,5.9169993
0.455735,5.9169993
0.45573997,5.9169993
0.45574498,5.9169993
0.45575,5.9169993
0.455755,5.9169993
0.45576,5.9169993
0.45576498,5.9169993
0.45577,5.9169993
0.455775,5.9169993
0.45578,5.9169993
0.45578498,5.9169993
0.45578998,5.9169993
0.455795,5.9169993
0.4558,5.9169993
0.45580497,5.9169993
0.45580998,5.9169993
0.455815,5.9169993
0.45582,5.9169993
0.455825,5.9169993
0.45582998,5.9169993
0.45583498,5.9169993
0.45584,5.9169993
0.455845,5.9169993
0.45584998,5.9169993
0.45585498,5.9169993
0.45586,5.9169993
0.455865,5.9169993
0.45587,5.9169993
0.45587498,5.9169993
0.45588,5.9169993
0.455885,5.9169993
0.45589,5.9169993
0.45589498,5.9169993
0.45589998,5.9169993
0.455905,5.9169993
0.45591,5.9169993
0.45591497,5.9169993
0.45591998,5.9169993
0.455925,5.9169993
0.45593,5.9169993
0.455935,5.9169993
0.45593998,5.9169993
0.455945,5.9169993
0.45595,5.9169993
0.455955,5.9169993
0.45595998,5.9169993
0.45596498,5.9169993
0.45597,5.9169993
0.455975,5.9169993
0.45598,5.9169993
0.45598498,5.9169993
0.45599,5.9169993
0.455995,5.9169993
0.456,5.9169993
0.45600498,5.9169993
0.45600998,5.9169993
0.456015,5.9169993
0.45602,5.9169993
0.45602497,5.9169993
0.45602998,5.9169993
0.456035,5.9169993
0.45604,5.9169993
0.456045,5.9169993
0.45604998,5.9169993
0.456055,5.9169993
0.45606,5.9169993
0.456065,5.9169993
0.45606998,5.9169993
0.45607498,5.9169993
0.45608,5.9169993
0.456085,5.9169993
0.45609,5.9169993
0.45609498,5.9169993
0.4561,5.9169993
0.456105,5.9169993
0.45611,5.9169993
0.45611498,5.9169993
0.45611998,5.9169993
0.456125,5.9169993
0.45613,5.9169993
0.45613497,5.9169993
0.45613998,5.9169993
0.456145,5.9169993
0.45615,5.9169993
0.456155,5.9169993
0.45615998,5.9169993
0.456165,5.9169993
0.45617,5.9169993
0.456175,5.9169993
0.45617998,5.9169993
0.45618498,5.9169993
0.45619,5.9169993
0.456195,5.9169993
0.45619997,5.9169993
0.45620498,5.9169993
0.45621,5.9169993
0.456215,5.9169993
0.45622,5.9169993
0.45622498,5.9169993
0.45622998,5.9169993
0.456235,5.9169993
0.45624,5.9169993
0.45624498,5.9169993
0.45624998,5.9169993
0.456255,5.9169993
0.45626,5.9169993
0.456265,5.9169993
0.45626998,5.9169993
0.456275,5.9169993
0.45628,5.9169993
0.456285,5.9169993
0.45628998,5.9169993
0.45629498,5.9169993
0.4563,5.9169993
0.456305,5.9169993
0.45630997,5.9169993
0.45631498,5.9169993
0.45632,5.9169993
0.456325,5.9169993
0.45633,5.9169993
0.45633498,5.9169993
0.45634,5.9169993
0.456345,5.9169993
0.45635,5.9169993
0.45635498,5.9169993
0.45635998,5.9169993
0.456365,5.9169993
0.45637,5.9169993
0.456375,5.9169993
0.45637998,5.9169993
0.456385,5.9169993
0.45639,5.9169993
0.456395,5.9169993
0.45639998,5.9169993
0.45640498,5.9169993
0.45641,5.9169993
0.456415,5.9169993
0.45641997,5.9169993
0.45642498,5.9169993
0.45643,5.9169993
0.456435,5.9169993
0.45644,5.9169993
0.45644498,5.9169993
0.45645,5.9169993
0.456455,5.9169993
0.45646,5.9169993
0.45646498,5.9169993
0.45646998,5.9169993
0.456475,5.9169993
0.45648,5.9169993
0.456485,5.9169993
0.45648998,5.9169993
0.456495,5.9169993
0.4565,5.9169993
0.456505,5.9169993
0.45650998,5.9169993
0.45651498,5.9169993
0.45652,5.9169993
0.456525,5.9169993
0.45652997,5.9169993
0.45653498,5.9169993
0.45654,5.9169993
0.456545,5.9169993
0.45655,5.9169993
0.45655498,5.9169993
0.45656,5.9169993
0.456565,5.9169993
0.45657,5.9169993
0.45657498,5.9169993
0.45657998,5.9169993
0.456585,5.9169993
0.45659,5.9169993
0.45659497,5.9169993
0.45659998,5.9169993
0.456605,5.9169993
0.45661,5.9169993
0.456615,5.9169993
0.45661998,5.9169993
0.45662498,5.9169993
0.45663,5.9169993
0.456635,5.9169993
0.45663998,5.9169993
0.45664498,5.9169993
0.45665,5.9169993
0.456655,5.9169993
0.45666,5.9169993
0.45666498,5.9169993
0.45667,5.9169993
0.456675,5.9169993
0.45668,5.9169993
0.45668498,5.9169993
0.45668998,5.9169993
0.456695,5.9169993
0.4567,5.9169993
0.45670497,5.9169993
0.45670998,5.9169993
0.456715,5.9169993
0.45672,5.9169993
0.456725,5.9169993
0.45672998,5.9169993
0.456735,5.9169993
0.45674,5.9169993
0.456745,5.9169993
0.45674998,5.9169993
0.45675498,5.9169993
0.45676,5.9169993
0.456765,5.9169993
0.45677,5.9169993
0.45677498,5.9169993
0.45678,5.9169993
0.456785,5.9169993
0.45679,5.9169993
0.45679498,5.9169993
0.45679998,5.9169993
0.456805,5.9169993
0.45681,5.9169993
0.45681497,5.9169993
0.45681998,5.9169993
0.456825,5.9169993
0.45683,5.9169993
0.456835,5.9169993
0.45683998,5.9169993
0.456845,5.9169993
0.45685,5.9169993
0.456855,5.9169993
0.45685998,5.9169993
0.45686498,5.9169993
0.45687,5.9169993
0.456875,5.9169993
0.45688,5.9169993
0.45688498,5.9169993
0.45689,5.9169993
0.456895,5.9169993
0.4569,5.9169993
0.45690498,5.9169993
0.45690998,5.9169993
0.456915,5.9169993
0.45692,5.9169993
0.45692497,5.9169993
0.45692998,5.9169993
0.456935,5.9169993
0.45694,5.9169993
0.456945,5.9169993
0.45694998,5.9169993
0.456955,5.9169993
0.45696,5.9169993
0.456965,5.9169993
0.45696998,5.9169993
0.45697498,5.9169993
0.45698,5.9169993
0.456985,5.9169993
0.45698997,5.9169993
0.45699498,5.9169993
0.457,5.9169993
0.457005,5.9169993
0.45701,5.9169993
0.45701498,5.9169993
0.45701998,5.9169993
0.457025,5.9169993
0.45703,5.9169993
0.45703498,5.9169993
0.45703998,5.9169993
0.457045,5.9169993
0.45705,5.9169993
0.457055,5.9169993
0.45705998,5.9169993
0.457065,5.9169993
0.45707,5.9169993
0.457075,5.9169993
0.45707998,5.9169993
0.45708498,5.9169993
0.45709,5.9169993
0.457095,5.9169993
0.45709997,5.9169993
0.45710498,5.9169993
0.45711,5.9169993
0.457115,5.9169993
0.45712,5.9169993
0.45712498,5.9169993
0.45712999,5.9169993
0.457135,5.9169993
0.45714,5.9169993
0.45714498,5.9169993
0.45714998,5.9169993
0.457155,5.9169993
0.45716,5.9169993
0.457165,5.9169993
0.45716998,5.9169993
0.457175,5.9169993
0.45718,5.9169993
0.457185,5.9169993
0.45718998,5.9169993
0.45719498,5.9169993
0.4572,5.9169993
0.457205,5.9169993
0.45720997,5.9169993
0.45721498,5.9169993
0.45722,5.9169993
0.457225,5.9169993
0.45723,5.9169993
0.45723498,5.9169993
0.45724,5.9169993
0.457245,5.9169993
0.45725,5.9169993
0.45725498,5.9169993
0.45725998,5.9169993
0.457265,5.9169993
0.45727,5.9169993
0.457275,5.9169993
0.45727998,5.9169993
0.457285,5.9169993
0.45729,5.9169993
0.457295,5.9169993
0.45729998,5.9169993
0.45730498,5.9169993
0.45731,5.9169993
0.457315,5.9169993
0.45731997,5.9169993
0.45732498,5.9169993
0.45733,5.9169993
0.457335,5.9169993
0.45734,5.9169993
0.45734498,5.9169993
0.45735,5.9169993
0.457355,5.9169993
0.45736,5.9169993
0.45736498,5.9169993
0.45736998,5.9169993
0.457375,5.9169993
0.45738,5.9169993
0.45738497,5.9169993
0.45738998,5.9169993
0.457395,5.9169993
0.4574,5.9169993
0.457405,5.9169993
0.45740998,5.9169993
0.45741498,5.9169993
0.45742,5.9169993
0.457425,5.9169993
0.45742998,5.9169993
0.45743498,5.9169993
0.45744,5.9169993
0.457445,5.9169993
0.45745,5.9169993
0.45745498,5.9169993
0.45746,5.9169993
0.457465,5.9169993
0.45747,5.9169993
0.45747498,5.9169993
0.45747998,5.9169993
0.457485,5.9169993
0.45749,5.9169993
0.45749497,5.9169993
0.45749998,5.9169993
0.457505,5.9169993
0.45751,5.9169993
0.457515,5.9169993
0.45751998,5.9169993
0.45752499,5.9169993
0.45753,5.9169993
0.457535,5.9169993
0.45753998,5.9169993
0.45754498,5.9169993
0.45755,5.9169993
0.457555,5.9169993
0.45756,5.9169993
0.45756498,5.9169993
0.45757,5.9169993
0.457575,5.9169993
0.45758,5.9169993
0.45758498,5.9169993
0.45758998,5.9169993
0.457595,5.9169993
0.4576,5.9169993
0.45760497,5.9169993
0.45760998,5.9169993
0.457615,5.9169993
0.45762,5.9169993
0.457625,5.9169993
0.45762998,5.9169993
0.457635,5.9169993
0.45764,5.9169993
0.457645,5.9169993
0.45764998,5.9169993
0.45765498,5.9169993
0.45766,5.9169993
0.457665,5.9169993
0.45767,5.9169993
0.45767498,5.9169993
0.45768,5.9169993
0.457685,5.9169993
0.45769,5.9169993
0.45769498,5.9169993
0.45769998,5.9169993
0.457705,5.9169993
0.45771,5.9169993
0.45771497,5.9169993
0.45771998,5.9169993
0.457725,5.9169993
0.45773,5.9169993
0.457735,5.9169993
0.45773998,5.9169993
0.457745,5.9169993
0.45775,5.9169993
0.457755,5.9169993
0.45775998,5.9169993
0.45776498,5.9169993
0.45777,5.9169993
0.457775,5.9169993
0.45777997,5.9169993
0.45778498,5.9169993
0.45779,5.9169993
0.457795,5.9169993
0.4578,5.9169993
0.45780498,5.9169993
0.45780998,5.9169993
0.457815,5.9169993
0.45782,5.9169993
0.45782498,5.9169993
0.45782998,5.9169993
0.457835,5.9169993
0.45784,5.9169993
0.457845,5.9169993
0.45784998,5.9169993
0.457855,5.9169993
0.45786,5.9169993
0.457865,5.9169993
0.45786998,5.9169993
0.45787498,5.9169993
0.45788,5.9169993
0.457885,5.9169993
0.45788997,5.9169993
0.45789498,5.9169993
0.4579,5.9169993
0.457905,5.9169993
0.45791,5.9169993
0.45791498,5.9169993
0.45791999,5.9169993
0.457925,5.9169993
0.45793,5.9169993
0.45793498,5.9169993
0.45793998,5.9169993
0.457945,5.9169993
0.45795,5.9169993
0.457955,5.9169993
0.45795998,5.9169993
0.457965,5.9169993
0.45797,5.9169993
0.457975,5.9169993
0.45797998,5.9169993
0.45798498,5.9169993
0.45799,5.9169993
0.457995,5.9169993
0.45799997,5.9169993
0.45800498,5.9169993
0.45801,5.9169993
0.458015,5.9169993
0.45802,5.9169993
0.45802498,5.9169993
0.45803,5.9169993
0.458035,5.9169993
0.45804,5.9169993
0.45804498,5.9169993
0.45804998,5.9169993
0.458055,5.9169993
0.45806,5.9169993
0.458065,5.9169993
0.45806998,5.9169993
0.458075,5.9169993
0.45808,5.9169993
0.458085,5.9169993
0.45808998,5.9169993
0.45809498,5.9169993
0.4581,5.9169993
0.458105,5.9169993
0.45810997,5.9169993
0.45811498,5.9169993
0.45812,5.9169993
0.458125,5.9169993
0.45813,5.9169993
0.45813498,5.9169993
0.45814,5.9169993
0.458145,5.9169993
0.45815,5.9169993
0.45815498,5.9169993
0.45815998,5.9169993
0.458165,5.9169993
0.45817,5.9169993
0.45817497,5.9169993
0.45817998,5.9169993
0.458185,5.9169993
0.45819,5.9169993
0.458195,5.9169993
0.45819998,5.9169993
0.45820498,5.9169993
0.45821,5.9169993
0.458215,5.9169993
0.45821998,5.9169993
0.45822498,5.9169993
0.45823,5.9169993
0.458235,5.9169993
0.45824,5.9169993
0.45824498,5.9169993
0.45825,5.9169993
0.458255,5.9169993
0.45826,5.9169993
0.45826498,5.9169993
0.45826998,5.9169993
0.458275,5.9169993
0.45828,5.9169993
0.45828497,5.9169993
0.45828998,5.9169993
0.458295,5.9169993
0.4583,5.9169993
0.458305,5.9169993
0.45830998,5.9169993
0.45831499,5.9169993
0.45832,5.9169993
0.458325,5.9169993
0.45832998,5.9169993
0.45833498,5.9169993
0.45834,5.9169993
0.458345,5.9169993
0.45835,5.9169993
0.45835498,5.9169993
0.45836,5.9169993
0.458365,5.9169993
0.45837,5.9169993
0.45837498,5.9169993
0.45837998,5.9169993
0.458385,5.9169993
0.45839,5.9169993
0.45839497,5.9169993
0.45839998,5.9169993
0.458405,5.9169993
0.45841,5.9169993
0.458415,5.9169993
0.45841998,5.9169993
0.458425,5.9169993
0.45843,5.9169993
0.458435,5.9169993
0.45843998,5.9169993
0.45844498,5.9169993
0.45845,5.9169993
0.458455,5.9169993
0.45846,5.9169993
0.45846498,5.9169993
0.45847,5.9169993
0.458475,5.9169993
0.45848,5.9169993
0.45848498,5.9169993
0.45848998,5.9169993
0.458495,5.9169993
0.4585,5.9169993
0.45850497,5.9169993
0.45850998,5.9169993
0.458515,5.9169993
0.45852,5.9169993
0.458525,5.9169993
0.45852998,5.9169993
0.458535,5.9169993
0.45854,5.9169993
0.458545,5.9169993
0.45854998,5.9169993
0.45855498,5.9169993
0.45856,5.9169993
0.458565,5.9169993
0.45856997,5.9169993
0.45857498,5.9169993
0.45858,5.9169993
0.458585,5.9169993
0.45859,5.9169993
0.45859498,5.9169993
0.45859998,5.9169993
0.458605,5.9169993
0.45861,5.9169993
0.45861498,5.9169993
0.45861998,5.9169993
0.458625,5.9169993
0.45863,5.9169993
0.458635,5.9169993
0.45863998,5.9169993
0.458645,5.9169993
0.45865,5.9169993
0.458655,5.9169993
0.45865998,5.9169993
0.45866498,5.9169993
0.45867,5.9169993
0.458675,5.9169993
0.45867997,5.9169993
0.45868498,5.9169993
0.45869,5.9169993
0.458695,5.9169993
0.4587,5.9169993
0.45870498,5.9169993
0.45870999,5.9169993
0.458715,5.9169993
0.45872,5.9169993
0.45872498,5.9169993
0.45872998,5.9169993
0.458735,5.9169993
0.45874,5.9169993
0.458745,5.9169993
0.45874998,5.9169993
0.458755,5.9169993
0.45876,5.9169993
0.458765,5.9169993
0.45876998,5.9169993
0.45877498,5.9169993
0.45878,5.9169993
0.458785,5.9169993
0.45878997,5.9169993
0.45879498,5.9169993
0.4588,5.9169993
0.458805,5.9169993
0.45881,5.9169993
0.45881498,5.9169993
0.45882,5.9169993
0.458825,5.9169993
0.45883,5.9169993
0.45883498,5.9169993
0.45883998,5.9169993
0.458845,5.9169993
0.45885,5.9169993
0.458855,5.9169993
0.45885998,5.9169993
0.458865,5.9169993
0.45887,5.9169993
0.458875,5.9169993
0.45887998,5.9169993
0.45888498,5.9169993
0.45889,5.9169993
0.458895,5.9169993
0.45889997,5.9169993
0.45890498,5.9169993
0.45891,5.9169993
0.458915,5.9169993
0.45892,5.9169993
0.45892498,5.9169993
0.45893,5.9169993
0.458935,5.9169993
0.45894,5.9169993
0.45894498,5.9169993
0.45894998,5.9169993
0.458955,5.9169993
0.45896,5.9169993
0.45896497,5.9169993
0.45896998,5.9169993
0.458975,5.9169993
0.45898,5.9169993
0.458985,5.9169993
0.45898998,5.9169993
0.45899498,5.9169993
0.459,5.9169993
0.459005,5.9169993
0.45900998,5.9169993
0.45901498,5.9169993
0.45902,5.9169993
0.459025,5.9169993
0.45903,5.9169993
0.45903498,5.9169993
0.45904,5.9169993
0.459045,5.9169993
0.45905,5.9169993
0.45905498,5.9169993
0.45905998,5.9169993
0.459065,5.9169993
0.45907,5.9169993
0.45907497,5.9169993
0.45907998,5.9169993
0.459085,5.9169993
0.45909,5.9169993
0.459095,5.9169993
0.45909998,5.9169993
0.45910498,5.9169993
0.45911,5.9169993
0.459115,5.9169993
0.45911998,5.9169993
0.45912498,5.9169993
0.45913,5.9169993
0.459135,5.9169993
0.45914,5.9169993
0.45914498,5.9169993
0.45915,5.9169993
0.459155,5.9169993
0.45916,5.9169993
0.45916498,5.9169993
0.45916998,5.9169993
0.459175,5.9169993
0.45918,5.9169993
0.45918497,5.9169993
0.45918998,5.9169993
0.459195,5.9169993
0.4592,5.9169993
0.459205,5.9169993
0.45920998,5.9169993
0.459215,5.9169993
0.45922,5.9169993
0.459225,5.9169993
0.45922998,5.9169993
0.45923498,5.9169993
0.45924,5.9169993
0.459245,5.9169993
0.45925,5.9169993
0.45925498,5.9169993
0.45926,5.9169993
0.459265,5.9169993
0.45927,5.9169993
0.45927498,5.9169993
0.45927998,5.9169993
0.459285,5.9169993
0.45929,5.9169993
0.45929497,5.9169993
0.45929998,5.9169993
0.459305,5.9169993
0.45931,5.9169993
0.459315,5.9169993
0.45931998,5.9169993
0.459325,5.9169993
0.45933,5.9169993
0.459335,5.9169993
0.45933998,5.9169993
0.45934498,5.9169993
0.45935,5.9169993
0.459355,5.9169993
0.45935997,5.9169993
0.45936498,5.9169993
0.45937,5.9169993
0.459375,5.9169993
0.45938,5.9169993
0.45938498,5.9169993
0.45938998,5.9169993
0.459395,5.9169993
0.4594,5.9169993
0.45940498,5.9169993
0.45940998,5.9169993
0.459415,5.9169993
0.45942,5.9169993
0.459425,5.9169993
0.45942998,5.9169993
0.459435,5.9169993
0.45944,5.9169993
0.459445,5.9169993
0.45944998,5.9169993
0.45945498,5.9169993
0.45946,5.9169993
0.459465,5.9169993
0.45946997,5.9169993
0.45947498,5.9169993
0.45948,5.9169993
0.459485,5.9169993
0.45949,5.9169993
0.45949498,5.9169993
0.45949998,5.9169993
0.459505,5.9169993
0.45951,5.9169993
0.45951498,5.9169993
0.45951998,5.9169993
0.459525,5.9169993
0.45953,5.9169993
0.459535,5.9169993
0.45953998,5.9169993
0.459545,5.9169993
0.45955,5.9169993
0.459555,5.9169993
0.45955998,5.9169993
0.45956498,5.9169993
0.45957,5.9169993
0.459575,5.9169993
0.45957997,5.9169993
0.45958498,5.9169993
0.45959,5.9169993
0.459595,5.9169993
0.4596,5.9169993
0.45960498,5.9169993
0.45961,5.9169993
0.459615,5.9169993
0.45962,5.9169993
0.45962498,5.9169993
0.45962998,5.9169993
0.459635,5.9169993
0.45964,5.9169993
0.459645,5.9169993
0.45964998,5.9169993
0.459655,5.9169993
0.45966,5.9169993
0.459665,5.9169993
0.45966998,5.9169993
0.45967498,5.9169993
0.45968,5.9169993
0.459685,5.9169993
0.45968997,5.9169993
0.45969498,5.9169993
0.4597,5.9169993
0.459705,5.9169993
0.45971,5.9169993
0.45971498,5.9169993
0.45972,5.9169993
0.459725,5.9169993
0.45973,5.9169993
0.45973498,5.9169993
0.45973998,5.9169993
0.459745,5.9169993
0.45975,5.9169993
0.45975497,5.9169993
0.45975998,5.9169993
0.459765,5.9169993
0.45977,5.9169993
0.459775,5.9169993
0.45977998,5.9169993
0.45978498,5.9169993
0.45979,5.9169993
0.459795,5.9169993
0.45979998,5.9169993
0.45980498,5.9169993
0.45981,5.9169993
0.459815,5.9169993
0.45982,5.9169993
0.45982498,5.9169993
0.45983,5.9169993
0.459835,5.9169993
0.45984,5.9169993
0.45984498,5.9169993
0.45984998,5.9169993
0.459855,5.9169993
0.45986,5.9169993
0.45986497,5.9169993
0.45986998,5.9169993
0.459875,5.9169993
0.45988,5.9169993
0.459885,5.9169993
0.45988998,5.9169993
0.45989498,5.9169993
0.4599,5.9169993
0.459905,5.9169993
0.45990998,5.9169993
0.45991498,5.9169993
0.45992,5.9169993
0.459925,5.9169993
0.45993,5.9169993
0.45993498,5.9169993
0.45994,5.9169993
0.459945,5.9169993
0.45995,5.9169993
0.45995498,5.9169993
0.45995998,5.9169993
0.459965,5.9169993
0.45997,5.9169993
0.45997497,5.9169993
0.45997998,5.9169993
0.459985,5.9169993
0.45999,5.9169993
0.459995,5.9169993
0.45999998,5.9169993
0.460005,5.9169993
0.46001,5.9169993
0.460015,5.9169993
0.46001998,5.9169993
0.46002498,5.9169993
0.46003,5.9169993
0.460035,5.9169993
0.46004,5.9169993
0.46004498,5.9169993
0.46005,5.9169993
0.460055,5.9169993
0.46006,5.9169993
0.46006498,5.9169993
0.46006998,5.9169993
0.460075,5.9169993
0.46008,5.9169993
0.46008497,5.9169993
0.46008998,5.9169993
0.460095,5.9169993
0.4601,5.9169993
0.460105,5.9169993
0.46010998,5.9169993
0.460115,5.9169993
0.46012,5.9169993
0.460125,5.9169993
0.46012998,5.9169993
0.46013498,5.9169993
0.46014,5.9169993
0.460145,5.9169993
0.46014997,5.9169993
0.46015498,5.9169993
0.46016,5.9169993
0.460165,5.9169993
0.46017,5.9169993
0.46017498,5.9169993
0.46017998,5.9169993
0.460185,5.9169993
0.46019,5.9169993
0.46019498,5.9169993
0.46019998,5.9169993
0.460205,5.9169993
0.46021,5.9169993
0.460215,5.9169993
0.46021998,5.9169993
0.460225,5.9169993
0.46023,5.9169993
0.460235,5.9169993
0.46023998,5.9169993
0.46024498,5.9169993
0.46025,5.9169993
0.460255,5.9169993
0.46025997,5.9169993
0.46026498,5.9169993
0.46027,5.9169993
0.460275,5.9169993
0.46028,5.9169993
0.46028498,5.9169993
0.46028998,5.9169993
0.460295,5.9169993
0.4603,5.9169993
0.46030498,5.9169993
0.46030998,5.9169993
0.460315,5.9169993
0.46032,5.9169993
0.460325,5.9169993
0.46032998,5.9169993
0.460335,5.9169993
0.46034,5.9169993
0.460345,5.9169993
0.46034998,5.9169993
0.46035498,5.9169993
0.46036,5.9169993
0.460365,5.9169993
0.46036997,5.9169993
0.46037498,5.9169993
0.46038,5.9169993
0.460385,5.9169993
0.46039,5.9169993
0.46039498,5.9169993
0.4604,5.9169993
0.460405,5.9169993
0.46041,5.9169993
0.46041498,5.9169993
0.46041998,5.9169993
0.460425,5.9169993
0.46043,5.9169993
0.460435,5.9169993
0.46043998,5.9169993
0.460445,5.9169993
0.46045,5.9169993
0.460455,5.9169993
0.46045998,5.9169993
0.46046498,5.9169993
0.46047,5.9169993
0.460475,5.9169993
0.46047997,5.9169993
0.46048498,5.9169993
0.46049,5.9169993
0.460495,5.9169993
0.4605,5.9169993
0.46050498,5.9169993
0.46051,5.9169993
0.460515,5.9169993
0.46052,5.9169993
0.46052498,5.9169993
0.46052998,5.9169993
0.460535,5.9169993
0.46054,5.9169993
0.46054497,5.9169993
0.46054998,5.9169993
0.460555,5.9169993
0.46056,5.9169993
0.460565,5.9169993
0.46056998,5.9169993
0.46057498,5.9169993
0.46058,5.9169993
0.460585,5.9169993
0.46058998,5.9169993
0.46059498,5.9169993
0.4606,5.9169993
0.460605,5.9169993
0.46061,5.9169993
0.46061498,5.9169993
0.46062,5.9169993
0.460625,5.9169993
0.46063,5.9169993
0.46063498,5.9169993
0.46063998,5.9169993
0.460645,5.9169993
0.46065,5.9169993
0.46065497,5.9169993
0.46065998,5.9169993
0.460665,5.9169993
0.46067,5.9169993
0.460675,5.9169993
0.46067998,5.9169993
0.46068498,5.9169993
0.46069,5.9169993
0.460695,5.9169993
0.46069998,5.9169993
0.46070498,5.9169993
0.46071,5.9169993
0.460715,5.9169993
0.46072,5.9169993
0.46072498,5.9169993
0.46073,5.9169993
0.460735,5.9169993
0.46074,5.9169993
0.46074498,5.9169993
0.46074998,5.9169993
0.460755,5.9169993
0.46076,5.9169993
0.46076497,5.9169993
0.46076998,5.9169993
0.460775,5.9169993
0.46078,5.9169993
0.460785,5.9169993
0.46078998,5.9169993
0.460795,5.9169993
0.4608,5.9169993
0.460805,5.9169993
0.46080998,5.9169993
0.46081498,5.9169993
0.46082,5.9169993
0.460825,5.9169993
0.46083,5.9169993
0.46083498,5.9169993
0.46084,5.9169993
0.460845,5.9169993
0.46085,5.9169993
0.46085498,5.9169993
0.46085998,5.9169993
0.460865,5.9169993
0.46087,5.9169993
0.46087497,5.9169993
0.46087998,5.9169993
0.460885,5.9169993
0.46089,5.9169993
0.460895,5.9169993
0.46089998,5.9169993
0.460905,5.9169993
0.46091,5.9169993
0.460915,5.9169993
0.46091998,5.9169993
0.46092498,5.9169993
0.46093,5.9169993
0.460935,5.9169993
0.46093997,5.9169993
0.46094498,5.9169993
0.46095,5.9169993
0.460955,5.9169993
0.46096,5.9169993
0.46096498,5.9169993
0.46096998,5.9169993
0.460975,5.9169993
0.46098,5.9169993
0.46098498,5.9169993
0.46098998,5.9169993
0.460995,5.9169993
0.461,5.9169993
0.461005,5.9169993
0.46100998,5.9169993
0.461015,5.9169993
0.46102,5.9169993
0.461025,5.9169993
0.46102998,5.9169993
0.46103498,5.9169993
0.46104,5.9169993
0.461045,5.9169993
0.46104997,5.9169993
0.46105498,5.9169993
0.46106,5.9169993
0.461065,5.9169993
0.46107,5.9169993
0.46107498,5.9169993
0.46107998,5.9169993
0.461085,5.9169993
0.46109,5.9169993
0.46109498,5.9169993
0.46109998,5.9169993
0.461105,5.9169993
0.46111,5.9169993
0.461115,5.9169993
0.46111998,5.9169993
0.461125,5.9169993
0.46113,5.9169993
0.461135,5.9169993
0.46113998,5.9169993
0.46114498,5.9169993
0.46115,5.9169993
0.461155,5.9169993
0.46115997,5.9169993
0.46116498,5.9169993
0.46117,5.9169993
0.461175,5.9169993
0.46118,5.9169993
0.46118498,5.9169993
0.46119,5.9169993
0.461195,5.9169993
0.4612,5.9169993
0.46120498,5.9169993
0.46120998,5.9169993
0.461215,5.9169993
0.46122,5.9169993
0.461225,5.9169993
0.46122998,5.9169993
0.461235,5.9169993
0.46124,5.9169993
0.461245,5.9169993
0.46124998,5.9169993
0.46125498,5.9169993
0.46126,5.9169993
0.461265,5.9169993
0.46126997,5.9169993
0.46127498,5.9169993
0.46128,5.9169993
0.461285,5.9169993
0.46129,5.9169993
0.46129498,5.9169993
0.4613,5.9169993
0.461305,5.9169993
0.46131,5.9169993
0.46131498,5.9169993
0.46131998,5.9169993
0.461325,5.9169993
0.46133,5.9169993
0.46133497,5.9169993
0.46133998,5.9169993
0.461345,5.9169993
0.46135,5.9169993
0.461355,5.9169993
0.46135998,5.9169993
0.46136498,5.9169993
0.46137,5.9169993
0.461375,5.9169993
0.46137998,5.9169993
0.46138498,5.9169993
0.46139,5.9169993
0.461395,5.9169993
0.4614,5.9169993
0.46140498,5.9169993
0.46141,5.9169993
0.461415,5.9169993
0.46142,5.9169993
0.46142498,5.9169993
0.46142998,5.9169993
0.461435,5.9169993
0.46144,5.9169993
0.46144497,5.9169993
0.46144998,5.9169993
0.461455,5.9169993
0.46146,5.9169993
0.461465,5.9169993
0.46146998,5.9169993
0.46147498,5.9169993
0.46148,5.9169993
0.461485,5.9169993
0.46148998,5.9169993
0.46149498,5.9169993
0.4615,5.9169993
0.461505,5.9169993
0.46151,5.9169993
0.46151498,5.9169993
0.46152,5.9169993
0.461525,5.9169993
0.46153,5.9169993
0.46153498,5.9169993
0.46153998,5.9169993
0.461545,5.9169993
0.46155,5.9169993
0.46155497,5.9169993
0.46155998,5.9169993
0.461565,5.9169993
0.46157,5.9169993
0.461575,5.9169993
0.46157998,5.9169993
0.461585,5.9169993
0.46159,5.9169993
0.461595,5.9169993
0.46159998,5.9169993
0.46160498,5.9169993
0.46161,5.9169993
0.461615,5.9169993
0.46162,5.9169993
0.46162498,5.9169993
0.46163,5.9169993
0.461635,5.9169993
0.46164,5.9169993
0.46164498,5.9169993
0.46164998,5.9169993
0.461655,5.9169993
0.46166,5.9169993
0.46166497,5.9169993
0.46166998,5.9169993
0.461675,5.9169993
0.46168,5.9169993
0.461685,5.9169993
0.46168998,5.9169993
0.461695,5.9169993
0.4617,5.9169993
0.461705,5.9169993
0.46170998,5.9169993
0.46171498,5.9169993
0.46172,5.9169993
0.461725,5.9169993
0.46172997,5.9169993
0.46173498,5.9169993
0.46174,5.9169993
0.461745,5.9169993
0.46175,5.9169993
0.46175498,5.9169993
0.46175998,5.9169993
0.461765,5.9169993
0.46177,5.9169993
0.46177498,5.9169993
0.46177998,5.9169993
0.461785,5.9169993
0.46179,5.9169993
0.461795,5.9169993
0.46179998,5.9169993
0.461805,5.9169993
0.46181,5.9169993
0.461815,5.9169993
0.46181998,5.9169993
0.46182498,5.9169993
0.46183,5.9169993
0.461835,5.9169993
0.46183997,5.9169993
0.46184498,5.9169993
0.46185,5.9169993
0.461855,5.9169993
0.46186,5.9169993
0.46186498,5.9169993
0.46186998,5.9169993
0.461875,5.9169993
0.46188,5.9169993
0.46188498,5.9169993
0.46188998,5.9169993
0.461895,5.9169993
0.4619,5.9169993
0.461905,5.9169993
0.46190998,5.9169993
0.461915,5.9169993
0.46192,5.9169993
0.461925,5.9169993
0.46192998,5.9169993
0.46193498,5.9169993
0.46194,5.9169993
0.461945,5.9169993
0.46194997,5.9169993
0.46195498,5.9169993
0.46196,5.9169993
0.461965,5.9169993
0.46197,5.9169993
0.46197498,5.9169993
0.46198,5.9169993
0.461985,5.9169993
0.46199,5.9169993
0.46199498,5.9169993
0.46199998,5.9169993
0.462005,5.9169993
0.46201,5.9169993
0.462015,5.9169993
0.46201998,5.9169993
0.462025,5.9169993
0.46203,5.9169993
0.462035,5.9169993
0.46203998,5.9169993
0.46204498,5.9169993
0.46205,5.9169993
0.462055,5.9169993
0.46205997,5.9169993
0.46206498,5.9169993
0.46207,5.9169993
0.462075,5.9169993
0.46208,5.9169993
0.46208498,5.9169993
0.46209,5.9169993
0.462095,5.9169993
0.4621,5.9169993
0.46210498,5.9169993
0.46210998,5.9169993
0.462115,5.9169993
0.46212,5.9169993
0.46212497,5.9169993
0.46212998,5.9169993
0.462135,5.9169993
0.46214,5.9169993
0.462145,5.9169993
0.46214998,5.9169993
0.46215498,5.9169993
0.46216,5.9169993
0.462165,5.9169993
0.46216998,5.9169993
0.46217498,5.9169993
0.46218,5.9169993
0.462185,5.9169993
0.46219,5.9169993
0.46219498,5.9169993
0.4622,5.9169993
0.462205,5.9169993
0.46221,5.9169993
0.46221498,5.9169993
0.46221998,5.9169993
0.462225,5.9169993
0.46223,5.9169993
0.46223497,5.9169993
0.46223998,5.9169993
0.462245,5.9169993
0.46225,5.9169993
0.462255,5.9169993
0.46225998,5.9169993
0.46226498,5.9169993
0.46227,5.9169993
0.462275,5.9169993
0.46227998,5.9169993
0.46228498,5.9169993
0.46229,5.9169993
0.462295,5.9169993
0.4623,5.9169993
0.46230498,5.9169993
0.46231,5.9169993
0.462315,5.9169993
0.46232,5.9169993
0.46232498,5.9169993
0.46232998,5.9169993
0.462335,5.9169993
0.46234,5.9169993
0.46234497,5.9169993
0.46234998,5.9169993
0.462355,5.9169993
0.46236,5.9169993
0.462365,5.9169993
0.46236998,5.9169993
0.462375,5.9169993
0.46238,5.9169993
0.462385,5.9169993
0.46238998,5.9169993
0.46239498,5.9169993
0.4624,5.9169993
0.462405,5.9169993
0.46241,5.9169993
0.46241498,5.9169993
0.46242,5.9169993
0.462425,5.9169993
0.46243,5.9169993
0.46243498,5.9169993
0.46243998,5.9169993
0.462445,5.9169993
0.46245,5.9169993
0.46245497,5.9169993
0.46245998,5.9169993
0.462465,5.9169993
0.46247,5.9169993
0.462475,5.9169993
0.46247998,5.9169993
0.462485,5.9169993
0.46249,5.9169993
0.462495,5.9169993
0.46249998,5.9169993
0.46250498,5.9169993
0.46251,5.9169993
0.462515,5.9169993
0.46251997,5.9169993
0.46252498,5.9169993
0.46253,5.9169993
0.462535,5.9169993
0.46254,5.9169993
0.46254498,5.9169993
0.46254998,5.9169993
0.462555,5.9169993
0.46256,5.9169993
0.46256498,5.9169993
0.46256998,5.9169993
0.462575,5.9169993
0.46258,5.9169993
0.462585,5.9169993
0.46258998,5.9169993
0.462595,5.9169993
0.4626,5.9169993
0.462605,5.9169993
0.46260998,5.9169993
0.46261498,5.9169993
0.46262,5.9169993
0.462625,5.9169993
0.46262997,5.9169993
0.46263498,5.9169993
0.46264,5.9169993
0.462645,5.9169993
0.46265,5.9169993
0.46265498,5.9169993
0.46265998,5.9169993
0.462665,5.9169993
0.46267,5.9169993
0.46267498,5.9169993
0.46267998,5.9169993
0.462685,5.9169993
0.46269,5.9169993
0.462695,5.9169993
0.46269998,5.9169993
0.462705,5.9169993
0.46271,5.9169993
0.462715,5.9169993
0.46271998,5.9169993
0.46272498,5.9169993
0.46273,5.9169993
0.462735,5.9169993
0.46273997,5.9169993
0.46274498,5.9169993
0.46275,5.9169993
0.462755,5.9169993
0.46276,5.9169993
0.46276498,5.9169993
0.46277,5.9169993
0.462775,5.9169993
0.46278,5.9169993
0.46278498,5.9169993
0.46278998,5.9169993
0.462795,5.9169993
0.4628,5.9169993
0.462805,5.9169993
0.46280998,5.9169993
0.462815,5.9169993
0.46282,5.9169993
0.462825,5.9169993
0.46282998,5.9169993
0.46283498,5.9169993
0.46284,5.9169993
0.462845,5.9169993
0.46284997,5.9169993
0.46285498,5.9169993
0.46286,5.9169993
0.462865,5.9169993
0.46287,5.9169993
0.46287498,5.9169993
0.46288,5.9169993
0.462885,5.9169993
0.46289,5.9169993
0.46289498,5.9169993
0.46289998,5.9169993
0.462905,5.9169993
0.46291,5.9169993
0.46291497,5.9169993
0.46291998,5.9169993
0.462925,5.9169993
0.46293,5.9169993
0.462935,5.9169993
0.46293998,5.9169993
0.46294498,5.9169993
0.46295,5.9169993
0.462955,5.9169993
0.46295998,5.9169993
0.46296498,5.9169993
0.46297,5.9169993
0.462975,5.9169993
0.46298,5.9169993
0.46298498,5.9169993
0.46299,5.9169993
0.462995,5.9169993
0.463,5.9169993
0.46300498,5.9169993
0.46300998,5.9169993
0.463015,5.9169993
0.46302,5.9169993
0.46302497,5.9169993
0.46302998,5.9169993
0.463035,5.9169993
0.46304,5.9169993
0.463045,5.9169993
0.46304998,5.9169993
0.46305498,5.9169993
0.46306,5.9169993
0.463065,5.9169993
0.46306998,5.9169993
0.46307498,5.9169993
0.46308,5.9169993
0.463085,5.9169993
0.46309,5.9169993
0.46309498,5.9169993
0.4631,5.9169993
0.463105,5.9169993
0.46311,5.9169993
0.46311498,5.9169993
0.46311998,5.9169993
0.463125,5.9169993
0.46313,5.9169993
0.46313497,5.9169993
0.46313998,5.9169993
0.463145,5.9169993
0.46315,5.9169993
0.463155,5.9169993
0.46315998,5.9169993
0.463165,5.9169993
0.46317,5.9169993
0.463175,5.9169993
0.46317998,5.9169993
0.46318498,5.9169993
0.46319,5.9169993
0.463195,5.9169993
0.4632,5.9169993
0.46320498,5.9169993
0.46321,5.9169993
0.463215,5.9169993
0.46322,5.9169993
0.46322498,5.9169993
0.46322998,5.9169993
0.463235,5.9169993
0.46324,5.9169993
0.46324497,5.9169993
0.46324998,5.9169993
0.463255,5.9169993
0.46326,5.9169993
0.463265,5.9169993
0.46326998,5.9169993
0.463275,5.9169993
0.46328,5.9169993
0.463285,5.9169993
0.46328998,5.9169993
0.46329498,5.9169993
0.4633,5.9169993
0.463305,5.9169993
0.46330997,5.9169993
0.46331498,5.9169993
0.46332,5.9169993
0.463325,5.9169993
0.46333,5.9169993
0.46333498,5.9169993
0.46333998,5.9169993
0.463345,5.9169993
0.46335,5.9169993
0.46335497,5.9169993
0.46335998,5.9169993
0.463365,5.9169993
0.46337,5.9169993
0.463375,5.9169993
0.46337998,5.9169993
0.463385,5.9169993
0.46339,5.9169993
0.463395,5.9169993
0.46339998,5.9169993
0.46340498,5.9169993
0.46341,5.9169993
0.463415,5.9169993
0.46341997,5.9169993
0.46342498,5.9169993
0.46343,5.9169993
0.463435,5.9169993
0.46344,5.9169993
0.46344498,5.9169993
0.46344998,5.9169993
0.463455,5.9169993
0.46346,5.9169993
0.46346498,5.9169993
0.46346998,5.9169993
0.463475,5.9169993
0.46348,5.9169993
0.463485,5.9169993
0.46348998,5.9169993
0.463495,5.9169993
0.4635,5.9169993
0.463505,5.9169993
0.46350998,5.9169993
0.46351498,5.9169993
0.46352,5.9169993
0.463525,5.9169993
0.46352997,5.9169993
0.46353498,5.9169993
0.46354,5.9169993
0.463545,5.9169993
0.46355,5.9169993
0.46355498,5.9169993
0.46356,5.9169993
0.463565,5.9169993
0.46357,5.9169993
0.46357498,5.9169993
0.46357998,5.9169993
0.463585,5.9169993
0.46359,5.9169993
0.463595,5.9169993
0.46359998,5.9169993
0.463605,5.9169993
0.46361,5.9169993
0.463615,5.9169993
0.46361998,5.9169993
0.46362498,5.9169993
0.46363,5.9169993
0.463635,5.9169993
0.46363997,5.9169993
0.46364498,5.9169993
0.46365,5.9169993
0.463655,5.9169993
0.46366,5.9169993
0.46366498,5.9169993
0.46367,5.9169993
0.463675,5.9169993
0.46368,5.9169993
0.46368498,5.9169993
0.46368998,5.9169993
0.463695,5.9169993
0.4637,5.9169993
0.46370497,5.9169993
0.46370998,5.9169993
0.463715,5.9169993
0.46372,5.9169993
0.463725,5.9169993
0.46372998,5.9169993
0.46373498,5.9169993
0.46374,5.9169993
0.463745,5.9169993
0.46374997,5.9169993
0.46375498,5.9169993
0.46376,5.9169993
0.463765,5.9169993
0.46377,5.9169993
0.46377498,5.9169993
0.46378,5.9169993
0.463785,5.9169993
0.46379,5.9169993
0.46379498,5.9169993
0.46379998,5.9169993
0.463805,5.9169993
0.46381,5.9169993
0.46381497,5.9169993
0.46381998,5.9169993
0.463825,5.9169993
0.46383,5.9169993
0.463835,5.9169993
0.46383998,5.9169993
0.46384498,5.9169993
0.46385,5.9169993
0.463855,5.9169993
0.46385998,5.9169993
0.46386498,5.9169993
0.46387,5.9169993
0.463875,5.9169993
0.46388,5.9169993
0.46388498,5.9169993
0.46389,5.9169993
0.463895,5.9169993
0.4639,5.9169993
0.46390498,5.9169993
0.46390998,5.9169993
0.463915,5.9169993
0.46392,5.9169993
0.46392497,5.9169993
0.46392998,5.9169993
0.463935,5.9169993
0.46394,5.9169993
0.463945,5.9169993
0.46394998,5.9169993
0.463955,5.9169993
0.46396,5.9169993
0.463965,5.9169993
0.46396998,5.9169993
0.46397498,5.9169993
0.46398,5.9169993
0.463985,5.9169993
0.46399,5.9169993
0.46399498,5.9169993
0.464,5.9169993
0.464005,5.9169993
0.46401,5.9169993
0.46401498,5.9169993
0.46401998,5.9169993
0.464025,5.9169993
0.46403,5.9169993
0.46403497,5.9169993
0.46403998,5.9169993
0.464045,5.9169993
0.46405,5.9169993
0.464055,5.9169993
0.46405998,5.9169993
0.464065,5.9169993
0.46407,5.9169993
0.464075,5.9169993
0.46407998,5.9169993
0.46408498,5.9169993
0.46409,5.9169993
0.464095,5.9169993
0.46409997,5.9169993
0.46410498,5.9169993
0.46411,5.9169993
0.464115,5.9169993
0.46412,5.9169993
0.46412498,5.9169993
0.46412998,5.9169993
0.464135,5.9169993
0.46414,5.9169993
0.46414497,5.9169993
0.46414998,5.9169993
0.464155,5.9169993
0.46416,5.9169993
0.464165,5.9169993
0.46416998,5.9169993
0.464175,5.9169993
0.46418,5.9169993
0.464185,5.9169993
0.46418998,5.9169993
0.46419498,5.9169993
0.4642,5.9169993
0.464205,5.9169993
0.46420997,5.9169993
0.46421498,5.9169993
0.46422,5.9169993
0.464225,5.9169993
0.46423,5.9169993
0.46423498,5.9169993
0.46423998,5.9169993
0.464245,5.9169993
0.46425,5.9169993
0.46425498,5.9169993
0.46425998,5.9169993
0.464265,5.9169993
0.46427,5.9169993
0.464275,5.9169993
0.46427998,5.9169993
0.464285,5.9169993
0.46429,5.9169993
0.464295,5.9169993
0.46429998,5.9169993
0.46430498,5.9169993
0.46431,5.9169993
0.464315,5.9169993
0.46431997,5.9169993
0.46432498,5.9169993
0.46433,5.9169993
0.464335,5.9169993
0.46434,5.9169993
0.46434498,5.9169993
0.46435,5.9169993
0.464355,5.9169993
0.46436,5.9169993
0.46436498,5.9169993
0.46436998,5.9169993
0.464375,5.9169993
0.46438,5.9169993
0.464385,5.9169993
0.46438998,5.9169993
0.464395,5.9169993
0.4644,5.9169993
0.464405,5.9169993
0.46440998,5.9169993
0.46441498,5.9169993
0.46442,5.9169993
0.464425,5.9169993
0.46442997,5.9169993
0.46443498,5.9169993
0.46444,5.9169993
0.464445,5.9169993
0.46445,5.9169993
0.46445498,5.9169993
0.46446,5.9169993
0.464465,5.9169993
0.46447,5.9169993
0.46447498,5.9169993
0.46447998,5.9169993
0.464485,5.9169993
0.46449,5.9169993
0.46449497,5.9169993
0.46449998,5.9169993
0.464505,5.9169993
0.46451,5.9169993
0.464515,5.9169993
0.46451998,5.9169993
0.46452498,5.9169993
0.46453,5.9169993
0.464535,5.9169993
0.46453997,5.9169993
0.46454498,5.9169993
0.46455,5.9169993
0.464555,5.9169993
0.46456,5.9169993
0.46456498,5.9169993
0.46457,5.9169993
0.464575,5.9169993
0.46458,5.9169993
0.46458498,5.9169993
0.46458998,5.9169993
0.464595,5.9169993
0.4646,5.9169993
0.46460497,5.9169993
0.46460998,5.9169993
0.464615,5.9169993
0.46462,5.9169993
0.464625,5.9169993
0.46462998,5.9169993
0.46463498,5.9169993
0.46464,5.9169993
0.464645,5.9169993
0.46464998,5.9169993
0.46465498,5.9169993
0.46466,5.9169993
0.464665,5.9169993
0.46467,5.9169993
0.46467498,5.9169993
0.46468,5.9169993
0.464685,5.9169993
0.46469,5.9169993
0.46469498,5.9169993
0.46469998,5.9169993
0.464705,5.9169993
0.46471,5.9169993
0.46471497,5.9169993
0.46471998,5.9169993
0.464725,5.9169993
0.46473,5.9169993
0.464735,5.9169993
0.46473998,5.9169993
0.464745,5.9169993
0.46475,5.9169993
0.464755,5.9169993
0.46475998,5.9169993
0.46476498,5.9169993
0.46477,5.9169993
0.464775,5.9169993
0.46478,5.9169993
0.46478498,5.9169993
0.46479,5.9169993
0.464795,5.9169993
0.4648,5.9169993
0.46480498,5.9169993
0.46480998,5.9169993
0.464815,5.9169993
0.46482,5.9169993
0.46482497,5.9169993
0.46482998,5.9169993
0.464835,5.9169993
0.46484,5.9169993
0.464845,5.9169993
0.46484998,5.9169993
0.464855,5.9169993
0.46486,5.9169993
0.464865,5.9169993
0.46486998,5.9169993
0.46487498,5.9169993
0.46488,5.9169993
0.464885,5.9169993
0.46488997,5.9169993
0.46489498,5.9169993
0.4649,5.9169993
0.464905,5.9169993
0.46491,5.9169993
0.46491498,5.9169993
0.46491998,5.9169993
0.464925,5.9169993
0.46493,5.9169993
0.46493497,5.9169993
0.46493998,5.9169993
0.464945,5.9169993
0.46495,5.9169993
0.464955,5.9169993
0.46495998,5.9169993
0.464965,5.9169993
0.46497,5.9169993
0.464975,5.9169993
0.46497998,5.9169993
0.46498498,5.9169993
0.46499,5.9169993
0.464995,5.9169993
0.46499997,5.9169993
0.46500498,5.9169993
0.46501,5.9169993
0.465015,5.9169993
0.46502,5.9169993
0.46502498,5.9169993
0.46502998,5.9169993
0.465035,5.9169993
0.46504,5.9169993
0.46504498,5.9169993
0.46504998,5.9169993
0.465055,5.9169993
0.46506,5.9169993
0.465065,5.9169993
0.46506998,5.9169993
0.465075,5.9169993
0.46508,5.9169993
0.465085,5.9169993
0.46508998,5.9169993
0.46509498,5.9169993
0.4651,5.9169993
0.465105,5.9169993
0.46510997,5.9169993
0.46511498,5.9169993
0.46512,5.9169993
0.465125,5.9169993
0.46513,5.9169993
0.46513498,5.9169993
0.46513999,5.9169993
0.465145,5.9169993
0.46515,5.9169993
0.46515498,5.9169993
0.46515998,5.9169993
0.465165,5.9169993
0.46517,5.9169993
0.465175,5.9169993
0.46517998,5.9169993
0.465185,5.9169993
0.46519,5.9169993
0.465195,5.9169993
0.46519998,5.9169993
0.46520498,5.9169993
0.46521,5.9169993
0.465215,5.9169993
0.46521997,5.9169993
0.46522498,5.9169993
0.46523,5.9169993
0.465235,5.9169993
0.46524,5.9169993
0.46524498,5.9169993
0.46525,5.9169993
0.465255,5.9169993
0.46526,5.9169993
0.46526498,5.9169993
0.46526998,5.9169993
0.465275,5.9169993
0.46528,5.9169993
0.46528497,5.9169993
0.46528998,5.9169993
0.465295,5.9169993
0.4653,5.9169993
0.465305,5.9169993
0.46530998,5.9169993
0.46531498,5.9169993
0.46532,5.9169993
0.465325,5.9169993
0.46532997,5.9169993
0.46533498,5.9169993
0.46534,5.9169993
0.465345,5.9169993
0.46535,5.9169993
0.46535498,5.9169993
0.46536,5.9169993
0.465365,5.9169993
0.46537,5.9169993
0.46537498,5.9169993
0.46537998,5.9169993
0.465385,5.9169993
0.46539,5.9169993
0.46539497,5.9169993
0.46539998,5.9169993
0.465405,5.9169993
0.46541,5.9169993
0.465415,5.9169993
0.46541998,5.9169993
0.46542498,5.9169993
0.46543,5.9169993
0.465435,5.9169993
0.46543998,5.9169993
0.46544498,5.9169993
0.46545,5.9169993
0.465455,5.9169993
0.46546,5.9169993
0.46546498,5.9169993
0.46547,5.9169993
0.465475,5.9169993
0.46548,5.9169993
0.46548498,5.9169993
0.46548998,5.9169993
0.465495,5.9169993
0.4655,5.9169993
0.46550497,5.9169993
0.46550998,5.9169993
0.465515,5.9169993
0.46552,5.9169993
0.465525,5.9169993
0.46552998,5.9169993
0.46553499,5.9169993
0.46554,5.9169993
0.465545,5.9169993
0.46554998,5.9169993
0.46555498,5.9169993
0.46556,5.9169993
0.465565,5.9169993
0.46557,5.9169993
0.46557498,5.9169993
0.46558,5.9169993
0.465585,5.9169993
0.46559,5.9169993
0.46559498,5.9169993
0.46559998,5.9169993
0.465605,5.9169993
0.46561,5.9169993
0.46561497,5.9169993
0.46561998,5.9169993
0.465625,5.9169993
0.46563,5.9169993
0.465635,5.9169993
0.46563998,5.9169993
0.465645,5.9169993
0.46565,5.9169993
0.465655,5.9169993
0.46565998,5.9169993
0.46566498,5.9169993
0.46567,5.9169993
0.465675,5.9169993
0.46567997,5.9169993
0.46568498,5.9169993
0.46569,5.9169993
0.465695,5.9169993
0.4657,5.9169993
0.46570498,5.9169993
0.46570998,5.9169993
0.465715,5.9169993
0.46572,5.9169993
0.46572497,5.9169993
0.46572998,5.9169993
0.465735,5.9169993
0.46574,5.9169993
0.465745,5.9169993
0.46574998,5.9169993
0.465755,5.9169993
0.46576,5.9169993
0.465765,5.9169993
0.46576998,5.9169993
0.46577498,5.9169993
0.46578,5.9169993
0.465785,5.9169993
0.46578997,5.9169993
0.46579498,5.9169993
0.4658,5.9169993
0.465805,5.9169993
0.46581,5.9169993
0.46581498,5.9169993
0.46581998,5.9169993
0.465825,5.9169993
0.46583,5.9169993
0.46583498,5.9169993
0.46583998,5.9169993
0.465845,5.9169993
0.46585,5.9169993
0.465855,5.9169993
0.46585998,5.9169993
0.465865,5.9169993
0.46587,5.9169993
0.465875,5.9169993
0.46587998,5.9169993
0.46588498,5.9169993
0.46589,5.9169993
0.465895,5.9169993
0.46589997,5.9169993
0.46590498,5.9169993
0.46591,5.9169993
0.465915,5.9169993
0.46592,5.9169993
0.46592498,5.9169993
0.46592999,5.9169993
0.465935,5.9169993
0.46594,5.9169993
0.46594498,5.9169993
0.46594998,5.9169993
0.465955,5.9169993
0.46596,5.9169993
0.465965,5.9169993
0.46596998,5.9169993
0.465975,5.9169993
0.46598,5.9169993
0.465985,5.9169993
0.46598998,5.9169993
0.46599498,5.9169993
0.466,5.9169993
0.466005,5.9169993
0.46600997,5.9169993
0.46601498,5.9169993
0.46602,5.9169993
0.466025,5.9169993
0.46603,5.9169993
0.46603498,5.9169993
0.46604,5.9169993
0.466045,5.9169993
0.46605,5.9169993
0.46605498,5.9169993
0.46605998,5.9169993
0.466065,5.9169993
0.46607,5.9169993
0.46607497,5.9169993
0.46607998,5.9169993
0.466085,5.9169993
0.46609,5.9169993
0.466095,5.9169993
0.46609998,5.9169993
0.46610498,5.9169993
0.46611,5.9169993
0.466115,5.9169993
0.46611997,5.9169993
0.46612498,5.9169993
0.46613,5.9169993
0.466135,5.9169993
0.46614,5.9169993
0.46614498,5.9169993
0.46615,5.9169993
0.466155,5.9169993
0.46616,5.9169993
0.46616498,5.9169993
0.46616998,5.9169993
0.466175,5.9169993
0.46618,5.9169993
0.46618497,5.9169993
0.46618998,5.9169993
0.466195,5.9169993
0.4662,5.9169993
0.466205,5.9169993
0.46620998,5.9169993
0.46621498,5.9169993
0.46622,5.9169993
0.466225,5.9169993
0.46622998,5.9169993
0.46623498,5.9169993
0.46624,5.9169993
0.466245,5.9169993
0.46625,5.9169993
0.46625498,5.9169993
0.46626,5.9169993
0.466265,5.9169993
0.46627,5.9169993
0.46627498,5.9169993
0.46627998,5.9169993
0.466285,5.9169993
0.46629,5.9169993
0.46629497,5.9169993
0.46629998,5.9169993
0.466305,5.9169993
0.46631,5.9169993
0.466315,5.9169993
0.46631998,5.9169993
0.46632499,5.9169993
0.46633,5.9169993
0.466335,5.9169993
0.46633998,5.9169993
0.46634498,5.9169993
0.46635,5.9169993
0.466355,5.9169993
0.46636,5.9169993
0.46636498,5.9169993
0.46637,5.9169993
0.466375,5.9169993
0.46638,5.9169993
0.46638498,5.9169993
0.46638998,5.9169993
0.466395,5.9169993
0.4664,5.9169993
0.46640497,5.9169993
0.46640998,5.9169993
0.466415,5.9169993
0.46642,5.9169993
0.466425,5.9169993
0.46642998,5.9169993
0.466435,5.9169993
0.46644,5.9169993
0.466445,5.9169993
0.46644998,5.9169993
0.46645498,5.9169993
0.46646,5.9169993
0.466465,5.9169993
0.46646997,5.9169993
0.46647498,5.9169993
0.46648,5.9169993
0.466485,5.9169993
0.46649,5.9169993
0.46649498,5.9169993
0.46649998,5.9169993
0.466505,5.9169993
0.46651,5.9169993
0.46651497,5.9169993
0.46651998,5.9169993
0.466525,5.9169993
0.46653,5.9169993
0.466535,5.9169993
0.46653998,5.9169993
0.466545,5.9169993
0.46655,5.9169993
0.466555,5.9169993
0.46655998,5.9169993
0.46656498,5.9169993
0.46657,5.9169993
0.466575,5.9169993
0.46657997,5.9169993
0.46658498,5.9169993
0.46659,5.9169993
0.466595,5.9169993
0.4666,5.9169993
0.46660498,5.9169993
0.46660998,5.9169993
0.466615,5.9169993
0.46662,5.9169993
0.46662498,5.9169993
0.46662998,5.9169993
0.466635,5.9169993
0.46664,5.9169993
0.466645,5.9169993
0.46664998,5.9169993
0.466655,5.9169993
0.46666,5.9169993
0.466665,5.9169993
0.46666998,5.9169993
0.46667498,5.9169993
0.46668,5.9169993
0.466685,5.9169993
0.46668997,5.9169993
0.46669498,5.9169993
0.4667,5.9169993
0.466705,5.9169993
0.46671,5.9169993
0.46671498,5.9169993
0.46671999,5.9169993
0.466725,5.9169993
0.46673,5.9169993
0.46673498,5.9169993
0.46673998,5.9169993
0.466745,5.9169993
0.46675,5.9169993
0.466755,5.9169993
0.46675998,5.9169993
0.466765,5.9169993
0.46677,5.9169993
0.466775,5.9169993
0.46677998,5.9169993
0.46678498,5.9169993
0.46679,5.9169993
0.466795,5.9169993
0.46679997,5.9169993
0.46680498,5.9169993
0.46681,5.9169993
0.466815,5.9169993
0.46682,5.9169993
0.46682498,5.9169993
0.46683,5.9169993
0.466835,5.9169993
0.46684,5.9169993
0.46684498,5.9169993
0.46684998,5.9169993
0.466855,5.9169993
0.46686,5.9169993
0.46686497,5.9169993
0.46686998,5.9169993
0.466875,5.9169993
0.46688,5.9169993
0.466885,5.9169993
0.46688998,5.9169993
0.46689498,5.9169993
0.4669,5.9169993
0.466905,5.9169993
0.46690997,5.9169993
0.46691498,5.9169993
0.46692,5.9169993
0.466925,5.9169993
0.46693,5.9169993
0.46693498,5.9169993
0.46694,5.9169993
0.466945,5.9169993
0.46695,5.9169993
0.46695498,5.9169993
0.46695998,5.9169993
0.466965,5.9169993
0.46697,5.9169993
0.46697497,5.9169993
0.46697998,5.9169993
0.466985,5.9169993
0.46699,5.9169993
0.466995,5.9169993
0.46699998,5.9169993
0.46700498,5.9169993
0.46701,5.9169993
0.467015,5.9169993
0.46701998,5.9169993
0.46702498,5.9169993
0.46703,5.9169993
0.467035,5.9169993
0.46704,5.9169993
0.46704498,5.9169993
0.46705,5.9169993
0.467055,5.9169993
0.46706,5.9169993
0.46706498,5.9169993
0.46706998,5.9169993
0.467075,5.9169993
0.46708,5.9169993
0.46708497,5.9169993
0.46708998,5.9169993
0.467095,5.9169993
0.4671,5.9169993
0.467105,5.9169993
0.46710998,5.9169993
0.46711498,5.9169993
0.46712,5.9169993
0.467125,5.9169993
0.46712998,5.9169993
0.46713498,5.9169993
0.46714,5.9169993
0.467145,5.9169993
0.46715,5.9169993
0.46715498,5.9169993
0.46716,5.9169993
0.467165,5.9169993
0.46717,5.9169993
0.46717498,5.9169993
0.46717998,5.9169993
0.467185,5.9169993
0.46719,5.9169993
0.46719497,5.9169993
0.46719998,5.9169993
0.467205,5.9169993
0.46721,5.9169993
0.467215,5.9169993
0.46721998,5.9169993
0.467225,5.9169993
0.46723,5.9169993
0.467235,5.9169993
0.46723998,5.9169993
0.46724498,5.9169993
0.46725,5.9169993
0.467255,5.9169993
0.46726,5.9169993
0.46726498,5.9169993
0.46727,5.9169993
0.467275,5.9169993
0.46728,5.9169993
0.46728498,5.9169993
0.46728998,5.9169993
0.467295,5.9169993
0.4673,5.9169993
0.46730497,5.9169993
0.46730998,5.9169993
0.467315,5.9169993
0.46732,5.9169993
0.467325,5.9169993
0.46732998,5.9169993
0.467335,5.9169993
0.46734,5.9169993
0.467345,5.9169993
0.46734998,5.9169993
0.46735498,5.9169993
0.46736,5.9169993
0.467365,5.9169993
0.46736997,5.9169993
0.46737498,5.9169993
0.46738,5.9169993
0.467385,5.9169993
0.46739,5.9169993
0.46739498,5.9169993
0.46739998,5.9169993
0.467405,5.9169993
0.46741,5.9169993
0.46741498,5.9169993
0.46741998,5.9169993
0.467425,5.9169993
0.46743,5.9169993
0.467435,5.9169993
0.46743998,5.9169993
0.467445,5.9169993
0.46745,5.9169993
0.467455,5.9169993
0.46745998,5.9169993
0.46746498,5.9169993
0.46747,5.9169993
0.467475,5.9169993
0.46747997,5.9169993
0.46748498,5.9169993
0.46749,5.9169993
0.467495,5.9169993
0.4675,5.9169993
0.46750498,5.9169993
0.46750998,5.9169993
0.467515,5.9169993
0.46752,5.9169993
0.46752498,5.9169993
0.46752998,5.9169993
0.467535,5.9169993
0.46754,5.9169993
0.467545,5.9169993
0.46754998,5.9169993
0.467555,5.9169993
0.46756,5.9169993
0.467565,5.9169993
0.46756998,5.9169993
0.46757498,5.9169993
0.46758,5.9169993
0.467585,5.9169993
0.46758997,5.9169993
0.46759498,5.9169993
0.4676,5.9169993
0.467605,5.9169993
0.46761,5.9169993
0.46761498,5.9169993
0.46762,5.9169993
0.467625,5.9169993
0.46763,5.9169993
0.46763498,5.9169993
0.46763998,5.9169993
0.467645,5.9169993
0.46765,5.9169993
0.467655,5.9169993
0.46765998,5.9169993
0.467665,5.9169993
0.46767,5.9169993
0.467675,5.9169993
0.46767998,5.9169993
0.46768498,5.9169993
0.46769,5.9169993
0.467695,5.9169993
0.46769997,5.9169993
0.46770498,5.9169993
0.46771,5.9169993
0.467715,5.9169993
0.46772,5.9169993
0.46772498,5.9169993
0.46773,5.9169993
0.467735,5.9169993
0.46774,5.9169993
0.46774498,5.9169993
0.46774998,5.9169993
0.467755,5.9169993
0.46776,5.9169993
0.46776497,5.9169993
0.46776998,5.9169993
0.467775,5.9169993
0.46778,5.9169993
0.467785,5.9169993
0.46778998,5.9169993
0.46779498,5.9169993
0.4678,5.9169993
0.467805,5.9169993
0.46780998,5.9169993
0.46781498,5.9169993
0.46782,5.9169993
0.467825,5.9169993
0.46783,5.9169993
0.46783498,5.9169993
0.46784,5.9169993
0.467845,5.9169993
0.46785,5.9169993
0.46785498,5.9169993
0.46785998,5.9169993
0.467865,5.9169993
0.46787,5.9169993
0.46787497,5.9169993
0.46787998,5.9169993
0.467885,5.9169993
0.46789,5.9169993
0.467895,5.9169993
0.46789998,5.9169993
0.46790498,5.9169993
0.46791,5.9169993
0.467915,5.9169993
0.46791998,5.9169993
0.46792498,5.9169993
0.46793,5.9169993
0.467935,5.9169993
0.46794,5.9169993
0.46794498,5.9169993
0.46795,5.9169993
0.467955,5.9169993
0.46796,5.9169993
0.46796498,5.9169993
0.46796998,5.9169993
0.467975,5.9169993
0.46798,5.9169993
0.46798497,5.9169993
0.46798998,5.9169993
0.467995,5.9169993
0.468,5.9169993
0.468005,5.9169993
0.46800998,5.9169993
0.468015,5.9169993
0.46802,5.9169993
0.468025,5.9169993
0.46802998,5.9169993
0.46803498,5.9169993
0.46804,5.9169993
0.468045,5.9169993
0.46805,5.9169993
0.46805498,5.9169993
0.46806,5.9169993
0.468065,5.9169993
0.46807,5.9169993
0.46807498,5.9169993
0.46807998,5.9169993
0.468085,5.9169993
0.46809,5.9169993
0.46809497,5.9169993
0.46809998,5.9169993
0.468105,5.9169993
0.46811,5.9169993
0.468115,5.9169993
0.46811998,5.9169993
0.468125,5.9169993
0.46813,5.9169993
0.468135,5.9169993
0.46813998,5.9169993
0.46814498,5.9169993
0.46815,5.9169993
0.468155,5.9169993
0.46815997,5.9169993
0.46816498,5.9169993
0.46817,5.9169993
0.468175,5.9169993
0.46818,5.9169993
0.46818498,5.9169993
0.46818998,5.9169993
0.468195,5.9169993
0.4682,5.9169993
0.46820498,5.9169993
0.46820998,5.9169993
0.468215,5.9169993
0.46822,5.9169993
0.468225,5.9169993
0.46822998,5.9169993
0.468235,5.9169993
0.46824,5.9169993
0.468245,5.9169993
0.46824998,5.9169993
0.46825498,5.9169993
0.46826,5.9169993
0.468265,5.9169993
0.46826997,5.9169993
0.46827498,5.9169993
0.46828,5.9169993
0.468285,5.9169993
0.46829,5.9169993
0.46829498,5.9169993
0.46829998,5.9169993
0.468305,5.9169993
0.46831,5.9169993
0.46831498,5.9169993
0.46831998,5.9169993
0.468325,5.9169993
0.46833,5.9169993
0.468335,5.9169993
0.46833998,5.9169993
0.468345,5.9169993
0.46835,5.9169993
0.468355,5.9169993
0.46835998,5.9169993
0.46836498,5.9169993
0.46837,5.9169993
0.468375,5.9169993
0.46837997,5.9169993
0.46838498,5.9169993
0.46839,5.9169993
0.468395,5.9169993
0.4684,5.9169993
0.46840498,5.9169993
0.46841,5.9169993
0.468415,5.9169993
0.46842,5.9169993
0.46842498,5.9169993
0.46842998,5.9169993
0.468435,5.9169993
0.46844,5.9169993
0.468445,5.9169993
0.46844998,5.9169993
0.468455,5.9169993
0.46846,5.9169993
0.468465,5.9169993
0.46846998,5.9169993
0.46847498,5.9169993
0.46848,5.9169993
0.468485,5.9169993
0.46848997,5.9169993
0.46849498,5.9169993
0.4685,5.9169993
0.468505,5.9169993
0.46851,5.9169993
0.46851498,5.9169993
0.46852,5.9169993
0.468525,5.9169993
0.46853,5.9169993
0.46853498,5.9169993
0.46853998,5.9169993
0.468545,5.9169993
0.46855,5.9169993
0.46855497,5.9169993
0.46855998,5.9169993
0.468565,5.9169993
0.46857,5.9169993
0.468575,5.9169993
0.46857998,5.9169993
0.46858498,5.9169993
0.46859,5.9169993
0.468595,5.9169993
0.46859998,5.9169993
0.46860498,5.9169993
0.46861,5.9169993
0.468615,5.9169993
0.46862,5.9169993
0.46862498,5.9169993
0.46863,5.9169993
0.468635,5.9169993
0.46864,5.9169993
0.46864498,5.9169993
0.46864998,5.9169993
0.468655,5.9169993
0.46866,5.9169993
0.46866497,5.9169993
0.46866998,5.9169993
0.468675,5.9169993
0.46868,5.9169993
0.468685,5.9169993
0.46868998,5.9169993
0.46869498,5.9169993
0.4687,5.9169993
0.468705,5.9169993
0.46870998,5.9169993
0.46871498,5.9169993
0.46872,5.9169993
0.468725,5.9169993
0.46873,5.9169993
0.46873498,5.9169993
0.46874,5.9169993
0.468745,5.9169993
0.46875,5.9169993
0.46875498,5.9169993
0.46875998,5.9169993
0.468765,5.9169993
0.46877,5.9169993
0.46877497,5.9169993
0.46877998,5.9169993
0.468785,5.9169993
0.46879,5.9169993
0.468795,5.9169993
0.46879998,5.9169993
0.468805,5.9169993
0.46881,5.9169993
0.468815,5.9169993
0.46881998,5.9169993
0.46882498,5.9169993
0.46883,5.9169993
0.468835,5.9169993
0.46884,5.9169993
0.46884498,5.9169993
0.46885,5.9169993
0.468855,5.9169993
0.46886,5.9169993
0.46886498,5.9169993
0.46886998,5.9169993
0.468875,5.9169993
0.46888,5.9169993
0.46888497,5.9169993
0.46888998,5.9169993
0.468895,5.9169993
0.4689,5.9169993
0.468905,5.9169993
0.46890998,5.9169993
0.468915,5.9169993
0.46892,5.9169993
0.468925,5.9169993
0.46892998,5.9169993
0.46893498,5.9169993
0.46894,5.9169993
0.468945,5.9169993
0.46894997,5.9169993
0.46895498,5.9169993
0.46896,5.9169993
0.468965,5.9169993
0.46897,5.9169993
0.46897498,5.9169993
0.46897998,5.9169993
0.468985,5.9169993
0.46899,5.9169993
0.46899498,5.9169993
0.46899998,5.9169993
0.469005,5.9169993
0.46901,5.9169993
0.469015,5.9169993
0.46901998,5.9169993
0.469025,5.9169993
0.46903,5.9169993
0.469035,5.9169993
0.46903998,5.9169993
0.46904498,5.9169993
0.46905,5.9169993
0.469055,5.9169993
0.46905997,5.9169993
0.46906498,5.9169993
0.46907,5.9169993
0.469075,5.9169993
0.46908,5.9169993
0.46908498,5.9169993
0.46908998,5.9169993
0.469095,5.9169993
0.4691,5.9169993
0.46910498,5.9169993
0.46910998,5.9169993
0.469115,5.9169993
0.46912,5.9169993
0.469125,5.9169993
0.46912998,5.9169993
0.469135,5.9169993
0.46914,5.9169993
0.469145,5.9169993
0.46914998,5.9169993
0.46915498,5.9169993
0.46916,5.9169993
0.469165,5.9169993
0.46916997,5.9169993
0.46917498,5.9169993
0.46918,5.9169993
0.469185,5.9169993
0.46919,5.9169993
0.46919498,5.9169993
0.4692,5.9169993
0.469205,5.9169993
0.46921,5.9169993
0.46921498,5.9169993
0.46921998,5.9169993
0.469225,5.9169993
0.46923,5.9169993
0.469235,5.9169993
0.46923998,5.9169993
0.469245,5.9169993
0.46925,5.9169993
0.469255,5.9169993
0.46925998,5.9169993
0.46926498,5.9169993
0.46927,5.9169993
0.469275,5.9169993
0.46927997,5.9169993
0.46928498,5.9169993
0.46929,5.9169993
0.469295,5.9169993
0.4693,5.9169993
0.46930498,5.9169993
0.46931,5.9169993
0.469315,5.9169993
0.46932,5.9169993
0.46932498,5.9169993
0.46932998,5.9169993
0.469335,5.9169993
0.46934,5.9169993
0.46934497,5.9169993
0.46934998,5.9169993
0.469355,5.9169993
0.46936,5.9169993
0.469365,5.9169993
0.46936998,5.9169993
0.46937498,5.9169993
0.46938,5.9169993
0.469385,5.9169993
0.46938998,5.9169993
0.46939498,5.9169993
0.4694,5.9169993
0.469405,5.9169993
0.46941,5.9169993
0.46941498,5.9169993
0.46942,5.9169993
0.469425,5.9169993
0.46943,5.9169993
0.46943498,5.9169993
0.46943998,5.9169993
0.469445,5.9169993
0.46945,5.9169993
0.46945497,5.9169993
0.46945998,5.9169993
0.469465,5.9169993
0.46947,5.9169993
0.469475,5.9169993
0.46947998,5.9169993
0.46948498,5.9169993
0.46949,5.9169993
0.469495,5.9169993
0.46949998,5.9169993
0.46950498,5.9169993
0.46951,5.9169993
0.469515,5.9169993
0.46952,5.9169993
0.46952498,5.9169993
0.46953,5.9169993
0.469535,5.9169993
0.46954,5.9169993
0.46954498,5.9169993
0.46954998,5.9169993
0.469555,5.9169993
0.46956,5.9169993
0.46956497,5.9169993
0.46956998,5.9169993
0.469575,5.9169993
0.46958,5.9169993
0.469585,5.9169993
0.46958998,5.9169993
0.469595,5.9169993
0.4696,5.9169993
0.469605,5.9169993
0.46960998,5.9169993
0.46961498,5.9169993
0.46962,5.9169993
0.469625,5.9169993
0.46963,5.9169993
0.46963498,5.9169993
0.46964,5.9169993
0.469645,5.9169993
0.46965,5.9169993
0.46965498,5.9169993
0.46965998,5.9169993
0.469665,5.9169993
0.46967,5.9169993
0.46967497,5.9169993
0.46967998,5.9169993
0.469685,5.9169993
0.46969,5.9169993
0.469695,5.9169993
0.46969998,5.9169993
0.469705,5.9169993
0.46971,5.9169993
0.469715,5.9169993
0.46971998,5.9169993
0.46972498,5.9169993
0.46973,5.9169993
0.469735,5.9169993
0.46973997,5.9169993
0.46974498,5.9169993
0.46975,5.9169993
0.469755,5.9169993
0.46976,5.9169993
0.46976498,5.9169993
0.46976998,5.9169993
0.469775,5.9169993
0.46978,5.9169993
0.46978498,5.9169993
0.46978998,5.9169993
0.469795,5.9169993
0.4698,5.9169993
0.469805,5.9169993
0.46980998,5.9169993
0.469815,5.9169993
0.46982,5.9169993
0.469825,5.9169993
0.46982998,5.9169993
0.46983498,5.9169993
0.46984,5.9169993
0.469845,5.9169993
0.46984997,5.9169993
0.46985498,5.9169993
0.46986,5.9169993
0.469865,5.9169993
0.46987,5.9169993
0.46987498,5.9169993
0.46987998,5.9169993
0.469885,5.9169993
0.46989,5.9169993
0.46989498,5.9169993
0.46989998,5.9169993
0.469905,5.9169993
0.46991,5.9169993
0.469915,5.9169993
0.46991998,5.9169993
0.469925,5.9169993
0.46993,5.9169993
0.469935,5.9169993
0.46993998,5.9169993
0.46994498,5.9169993
0.46995,5.9169993
0.469955,5.9169993
0.46995997,5.9169993
0.46996498,5.9169993
0.46997,5.9169993
0.469975,5.9169993
0.46998,5.9169993
0.46998498,5.9169993
0.46999,5.9169993
0.469995,5.9169993
0.47,5.9169993
0.47000498,5.9169993
0.47000998,5.9169993
0.470015,5.9169993
0.47002,5.9169993
0.470025,5.9169993
0.47002998,5.9169993
0.470035,5.9169993
0.47004,5.9169993
0.470045,5.9169993
0.47004998,5.9169993
0.47005498,5.9169993
0.47006,5.9169993
0.470065,5.9169993
0.47006997,5.9169993
0.47007498,5.9169993
0.47008,5.9169993
0.470085,5.9169993
0.47009,5.9169993
0.47009498,5.9169993
0.4701,5.9169993
0.470105,5.9169993
0.47011,5.9169993
0.47011498,5.9169993
0.47011998,5.9169993
0.470125,5.9169993
0.47013,5.9169993
0.47013497,5.9169993
0.47013998,5.9169993
0.470145,5.9169993
0.47015,5.9169993
0.470155,5.9169993
0.47015998,5.9169993
0.47016498,5.9169993
0.47017,5.9169993
0.470175,5.9169993
0.47017998,5.9169993
0.47018498,5.9169993
0.47019,5.9169993
0.470195,5.9169993
0.4702,5.9169993
0.47020498,5.9169993
0.47021,5.9169993
0.470215,5.9169993
0.47022,5.9169993
0.47022498,5.9169993
0.47022998,5.9169993
0.470235,5.9169993
0.47024,5.9169993
0.47024497,5.9169993
0.47024998,5.9169993
0.470255,5.9169993
0.47026,5.9169993
0.470265,5.9169993
0.47026998,5.9169993
0.47027498,5.9169993
0.47028,5.9169993
0.470285,5.9169993
0.47028998,5.9169993
0.47029498,5.9169993
0.4703,5.9169993
0.470305,5.9169993
0.47031,5.9169993
0.47031498,5.9169993
0.47032,5.9169993
0.470325,5.9169993
0.47033,5.9169993
0.47033498,5.9169993
0.47033998,5.9169993
0.470345,5.9169993
0.47035,5.9169993
0.47035497,5.9169993
0.47035998,5.9169993
0.470365,5.9169993
0.47037,5.9169993
0.470375,5.9169993
0.47037998,5.9169993
0.470385,5.9169993
0.47039,5.9169993
0.470395,5.9169993
0.47039998,5.9169993
0.47040498,5.9169993
0.47041,5.9169993
0.470415,5.9169993
0.47042,5.9169993
0.47042498,5.9169993
0.47043,5.9169993
0.470435,5.9169993
0.47044,5.9169993
0.47044498,5.9169993
0.47044998,5.9169993
0.470455,5.9169993
0.47046,5.9169993
0.47046497,5.9169993
0.47046998,5.9169993
0.470475,5.9169993
0.47048,5.9169993
0.470485,5.9169993
0.47048998,5.9169993
0.470495,5.9169993
0.4705,5.9169993
0.470505,5.9169993
0.47050998,5.9169993
0.47051498,5.9169993
0.47052,5.9169993
0.470525,5.9169993
0.47052997,5.9169993
0.47053498,5.9169993
0.47054,5.9169993
0.470545,5.9169993
0.47055,5.9169993
0.47055498,5.9169993
0.47055998,5.9169993
0.470565,5.9169993
0.47057,5.9169993
0.47057498,5.9169993
0.47057998,5.9169993
0.470585,5.9169993
0.47059,5.9169993
0.470595,5.9169993
0.47059998,5.9169993
0.470605,5.9169993
0.47061,5.9169993
0.470615,5.9169993
0.47061998,5.9169993
0.47062498,5.9169993
0.47063,5.9169993
0.470635,5.9169993
0.47063997,5.9169993
0.47064498,5.9169993
0.47065,5.9169993
0.470655,5.9169993
0.47066,5.9169993
0.47066498,5.9169993
0.47066998,5.9169993
0.470675,5.9169993
0.47068,5.9169993
0.47068498,5.9169993
0.47068998,5.9169993
0.470695,5.9169993
0.4707,5.9169993
0.470705,5.9169993
0.47070998,5.9169993
0.470715,5.9169993
0.47072,5.9169993
0.470725,5.9169993
0.47072998,5.9169993
0.47073498,5.9169993
0.47074,5.9169993
0.470745,5.9169993
0.47074997,5.9169993
0.47075498,5.9169993
0.47076,5.9169993
0.470765,5.9169993
0.47077,5.9169993
0.47077498,5.9169993
0.47078,5.9169993
0.470785,5.9169993
0.47079,5.9169993
0.47079498,5.9169993
0.47079998,5.9169993
0.470805,5.9169993
0.47081,5.9169993
0.470815,5.9169993
0.47081998,5.9169993
0.470825,5.9169993
0.47083,5.9169993
0.470835,5.9169993
0.47083998,5.9169993
0.47084498,5.9169993
0.47085,5.9169993
0.470855,5.9169993
0.47085997,5.9169993
0.47086498,5.9169993
0.47087,5.9169993
0.470875,5.9169993
0.47088,5.9169993
0.47088498,5.9169993
0.47089,5.9169993
0.470895,5.9169993
0.4709,5.9169993
0.47090498,5.9169993
0.47090998,5.9169993
0.470915,5.9169993
0.47092,5.9169993
0.47092497,5.9169993
0.47092998,5.9169993
0.470935,5.9169993
0.47094,5.9169993
0.470945,5.9169993
0.47094998,5.9169993
0.47095498,5.9169993
0.47096,5.9169993
0.470965,5.9169993
0.47096997,5.9169993
0.47097498,5.9169993
0.47098,5.9169993
0.470985,5.9169993
0.47099,5.9169993
0.47099498,5.9169993
0.471,5.9169993
0.471005,5.9169993
0.47101,5.9169993
0.47101498,5.9169993
0.47101998,5.9169993
0.471025,5.9169993
0.47103,5.9169993
0.47103497,5.9169993
0.47103998,5.9169993
0.471045,5.9169993
0.47105,5.9169993
0.471055,5.9169993
0.47105998,5.9169993
0.47106498,5.9169993
0.47107,5.9169993
0.471075,5.9169993
0.47107998,5.9169993
0.47108498,5.9169993
0.47109,5.9169993
0.471095,5.9169993
0.4711,5.9169993
0.47110498,5.9169993
0.47111,5.9169993
0.471115,5.9169993
0.47112,5.9169993
0.47112498,5.9169993
0.47112998,5.9169993
0.471135,5.9169993
0.47114,5.9169993
0.47114497,5.9169993
0.47114998,5.9169993
0.471155,5.9169993
0.47116,5.9169993
0.471165,5.9169993
0.47116998,5.9169993
0.471175,5.9169993
0.47118,5.9169993
0.471185,5.9169993
0.47118998,5.9169993
0.47119498,5.9169993
0.4712,5.9169993
0.471205,5.9169993
0.47121,5.9169993
0.47121498,5.9169993
0.47122,5.9169993
0.471225,5.9169993
0.47123,5.9169993
0.47123498,5.9169993
0.47123998,5.9169993
0.471245,5.9169993
0.47125,5.9169993
0.47125497,5.9169993
0.47125998,5.9169993
0.471265,5.9169993
0.47127,5.9169993
0.471275,5.9169993
0.47127998,5.9169993
0.471285,5.9169993
0.47129,5.9169993
0.471295,5.9169993
0.47129998,5.9169993
0.47130498,5.9169993
0.47131,5.9169993
0.471315,5.9169993
0.47131997,5.9169993
0.47132498,5.9169993
0.47133,5.9169993
0.471335,5.9169993
0.47134,5.9169993
0.47134498,5.9169993
0.47134998,5.9169993
0.471355,5.9169993
0.47136,5.9169993
0.47136497,5.9169993
0.47136998,5.9169993
0.471375,5.9169993
0.47138,5.9169993
0.471385,5.9169993
0.47138998,5.9169993
0.471395,5.9169993
0.4714,5.9169993
0.471405,5.9169993
0.47140998,5.9169993
0.47141498,5.9169993
0.47142,5.9169993
0.471425,5.9169993
0.47142997,5.9169993
0.47143498,5.9169993
0.47144,5.9169993
0.471445,5.9169993
0.47145,5.9169993
0.47145498,5.9169993
0.47145998,5.9169993
0.471465,5.9169993
0.47147,5.9169993
0.47147498,5.9169993
0.47147998,5.9169993
0.471485,5.9169993
0.47149,5.9169993
0.471495,5.9169993
0.47149998,5.9169993
0.471505,5.9169993
0.47151,5.9169993
0.471515,5.9169993
0.47151998,5.9169993
0.47152498,5.9169993
0.47153,5.9169993
0.471535,5.9169993
0.47153997,5.9169993
0.47154498,5.9169993
0.47155,5.9169993
0.471555,5.9169993
0.47156,5.9169993
0.47156498,5.9169993
0.47157,5.9169993
0.471575,5.9169993
0.47158,5.9169993
0.47158498,5.9169993
0.47158998,5.9169993
0.471595,5.9169993
0.4716,5.9169993
0.471605,5.9169993
0.47160998,5.9169993
0.471615,5.9169993
0.47162,5.9169993
0.471625,5.9169993
0.47162998,5.9169993
0.47163498,5.9169993
0.47164,5.9169993
0.471645,5.9169993
0.47164997,5.9169993
0.47165498,5.9169993
0.47166,5.9169993
0.471665,5.9169993
0.47167,5.9169993
0.47167498,5.9169993
0.47168,5.9169993
0.471685,5.9169993
0.47169,5.9169993
0.47169498,5.9169993
0.47169998,5.9169993
0.471705,5.9169993
0.47171,5.9169993
0.47171497,5.9169993
0.47171998,5.9169993
0.471725,5.9169993
0.47173,5.9169993
0.471735,5.9169993
0.47173998,5.9169993
0.47174498,5.9169993
0.47175,5.9169993
0.471755,5.9169993
0.47175997,5.9169993
0.47176498,5.9169993
0.47177,5.9169993
0.471775,5.9169993
0.47178,5.9169993
0.47178498,5.9169993
0.47179,5.9169993
0.471795,5.9169993
0.4718,5.9169993
0.47180498,5.9169993
0.47180998,5.9169993
0.471815,5.9169993
0.47182,5.9169993
0.47182497,5.9169993
0.47182998,5.9169993
0.471835,5.9169993
0.47184,5.9169993
0.471845,5.9169993
0.47184998,5.9169993
0.47185498,5.9169993
0.47186,5.9169993
0.471865,5.9169993
0.47186998,5.9169993
0.47187498,5.9169993
0.47188,5.9169993
0.471885,5.9169993
0.47189,5.9169993
0.47189498,5.9169993
0.4719,5.9169993
0.471905,5.9169993
0.47191,5.9169993
0.47191498,5.9169993
0.47191998,5.9169993
0.471925,5.9169993
0.47193,5.9169993
0.47193497,5.9169993
0.47193998,5.9169993
0.471945,5.9169993
0.47195,5.9169993
0.471955,5.9169993
0.47195998,5.9169993
0.471965,5.9169993
0.47197,5.9169993
0.471975,5.9169993
0.47197998,5.9169993
0.47198498,5.9169993
0.47199,5.9169993
0.471995,5.9169993
0.472,5.9169993
0.47200498,5.9169993
0.47201,5.9169993
0.472015,5.9169993
0.47202,5.9169993
0.47202498,5.9169993
0.47202998,5.9169993
0.472035,5.9169993
0.47204,5.9169993
0.47204497,5.9169993
0.47204998,5.9169993
0.472055,5.9169993
0.47206,5.9169993
0.472065,5.9169993
0.47206998,5.9169993
0.472075,5.9169993
0.47208,5.9169993
0.472085,5.9169993
0.47208998,5.9169993
0.47209498,5.9169993
0.4721,5.9169993
0.472105,5.9169993
0.47210997,5.9169993
0.47211498,5.9169993
0.47212,5.9169993
0.472125,5.9169993
0.47213,5.9169993
0.47213498,5.9169993
0.47213998,5.9169993
0.472145,5.9169993
0.47215,5.9169993
0.47215497,5.9169993
0.47215998,5.9169993
0.472165,5.9169993
0.47217,5.9169993
0.472175,5.9169993
0.47217998,5.9169993
0.472185,5.9169993
0.47219,5.9169993
0.472195,5.9169993
0.47219998,5.9169993
0.47220498,5.9169993
0.47221,5.9169993
0.472215,5.9169993
0.47221997,5.9169993
0.47222498,5.9169993
0.47223,5.9169993
0.472235,5.9169993
0.47224,5.9169993
0.47224498,5.9169993
0.47224998,5.9169993
0.472255,5.9169993
0.47226,5.9169993
0.47226498,5.9169993
0.47226998,5.9169993
0.472275,5.9169993
0.47228,5.9169993
0.472285,5.9169993
0.47228998,5.9169993
0.472295,5.9169993
0.4723,5.9169993
0.472305,5.9169993
0.47230998,5.9169993
0.47231498,5.9169993
0.47232,5.9169993
0.472325,5.9169993
0.47232997,5.9169993
0.47233498,5.9169993
0.47234,5.9169993
0.472345,5.9169993
0.47235,5.9169993
0.47235498,5.9169993
0.47236,5.9169993
0.472365,5.9169993
0.47237,5.9169993
0.47237498,5.9169993
0.47237998,5.9169993
0.472385,5.9169993
0.47239,5.9169993
0.472395,5.9169993
0.47239998,5.9169993
0.472405,5.9169993
0.47241,5.9169993
0.472415,5.9169993
0.47241998,5.9169993
0.47242498,5.9169993
0.47243,5.9169993
0.472435,5.9169993
0.47243997,5.9169993
0.47244498,5.9169993
0.47245,5.9169993
0.472455,5.9169993
0.47246,5.9169993
0.47246498,5.9169993
0.47247,5.9169993
0.472475,5.9169993
0.47248,5.9169993
0.47248498,5.9169993
0.47248998,5.9169993
0.472495,5.9169993
0.4725,5.9169993
0.47250497,5.9169993
0.47250998,5.9169993
0.472515,5.9169993
0.47252,5.9169993
0.472525,5.9169993
0.47252998,5.9169993
0.47253498,5.9169993
0.47254,5.9169993
0.472545,5.9169993
0.47254997,5.9169993
0.47255498,5.9169993
0.47256,5.9169993
0.472565,5.9169993
0.47257,5.9169993
0.47257498,5.9169993
0.47258,5.9169993
0.472585,5.9169993
0.47259,5.9169993
0.47259498,5.9169993
0.47259998,5.9169993
0.472605,5.9169993
0.47261,5.9169993
0.47261497,5.9169993
0.47261998,5.9169993
0.472625,5.9169993
0.47263,5.9169993
0.472635,5.9169993
0.47263998,5.9169993
0.47264498,5.9169993
0.47265,5.9169993
0.472655,5.9169993
0.47265998,5.9169993
0.47266498,5.9169993
0.47267,5.9169993
0.472675,5.9169993
0.47268,5.9169993
0.47268498,5.9169993
0.47269,5.9169993
0.472695,5.9169993
0.4727,5.9169993
0.47270498,5.9169993
0.47270998,5.9169993
0.472715,5.9169993
0.47272,5.9169993
0.47272497,5.9169993
0.47272998,5.9169993
0.472735,5.9169993
0.47274,5.9169993
0.472745,5.9169993
0.47274998,5.9169993
0.47275499,5.9169993
0.47276,5.9169993
0.472765,5.9169993
0.47276998,5.9169993
0.47277498,5.9169993
0.47278,5.9169993
0.472785,5.9169993
0.47279,5.9169993
0.47279498,5.9169993
0.4728,5.9169993
0.472805,5.9169993
0.47281,5.9169993
0.47281498,5.9169993
0.47281998,5.9169993
0.472825,5.9169993
0.47283,5.9169993
0.47283497,5.9169993
0.47283998,5.9169993
0.472845,5.9169993
0.47285,5.9169993
0.472855,5.9169993
0.47285998,5.9169993
0.472865,5.9169993
0.47287,5.9169993
0.472875,5.9169993
0.47287998,5.9169993
0.47288498,5.9169993
0.47289,5.9169993
0.472895,5.9169993
0.47289997,5.9169993
0.47290498,5.9169993
0.47291,5.9169993
0.472915,5.9169993
0.47292,5.9169993
0.47292498,5.9169993
0.47292998,5.9169993
0.472935,5.9169993
0.47294,5.9169993
0.47294497,5.9169993
0.47294998,5.9169993
0.472955,5.9169993
0.47296,5.9169993
0.472965,5.9169993
0.47296998,5.9169993
0.472975,5.9169993
0.47298,5.9169993
0.472985,5.9169993
0.47298998,5.9169993
0.47299498,5.9169993
0.473,5.9169993
0.473005,5.9169993
0.47300997,5.9169993
0.47301498,5.9169993
0.47302,5.9169993
0.473025,5.9169993
0.47303,5.9169993
0.47303498,5.9169993
0.47303998,5.9169993
0.473045,5.9169993
0.47305,5.9169993
0.47305498,5.9169993
0.47305998,5.9169993
0.473065,5.9169993
0.47307,5.9169993
0.473075,5.9169993
0.47307998,5.9169993
0.473085,5.9169993
0.47309,5.9169993
0.473095,5.9169993
0.47309998,5.9169993
0.47310498,5.9169993
0.47311,5.9169993
0.473115,5.9169993
0.47311997,5.9169993
0.47312498,5.9169993
0.47313,5.9169993
0.473135,5.9169993
0.47314,5.9169993
0.47314498,5.9169993
0.47314999,5.9169993
0.473155,5.9169993
0.47316,5.9169993
0.47316498,5.9169993
0.47316998,5.9169993
0.473175,5.9169993
0.47318,5.9169993
0.473185,5.9169993
0.47318998,5.9169993
0.473195,5.9169993
0.4732,5.9169993
0.473205,5.9169993
0.47320998,5.9169993
0.47321498,5.9169993
0.47322,5.9169993
0.473225,5.9169993
0.47322997,5.9169993
0.47323498,5.9169993
0.47324,5.9169993
0.473245,5.9169993
0.47325,5.9169993
0.47325498,5.9169993
0.47326,5.9169993
0.473265,5.9169993
0.47327,5.9169993
0.47327498,5.9169993
0.47327998,5.9169993
0.473285,5.9169993
0.47329,5.9169993
0.47329497,5.9169993
0.47329998,5.9169993
0.473305,5.9169993
0.47331,5.9169993
0.473315,5.9169993
0.47331998,5.9169993
0.47332498,5.9169993
0.47333,5.9169993
0.473335,5.9169993
0.47333997,5.9169993
0.47334498,5.9169993
0.47335,5.9169993
0.473355,5.9169993
0.47336,5.9169993
0.47336498,5.9169993
0.47337,5.9169993
0.473375,5.9169993
0.47338,5.9169993
0.47338498,5.9169993
0.47338998,5.9169993
0.473395,5.9169993
0.4734,5.9169993
0.47340497,5.9169993
0.47340998,5.9169993
0.473415,5.9169993
0.47342,5.9169993
0.473425,5.9169993
0.47342998,5.9169993
0.47343498,5.9169993
0.47344,5.9169993
0.473445,5.9169993
0.47344998,5.9169993
0.47345498,5.9169993
0.47346,5.9169993
0.473465,5.9169993
0.47347,5.9169993
0.47347498,5.9169993
0.47348,5.9169993
0.473485,5.9169993
0.47349,5.9169993
0.47349498,5.9169993
0.47349998,5.9169993
0.473505,5.9169993
0.47351,5.9169993
0.47351497,5.9169993
0.47351998,5.9169993
0.473525,5.9169993
0.47353,5.9169993
0.473535,5.9169993
0.47353998,5.9169993
0.47354499,5.9169993
0.47355,5.9169993
0.473555,5.9169993
0.47355998,5.9169993
0.47356498,5.9169993
0.47357,5.9169993
0.473575,5.9169993
0.47358,5.9169993
0.47358498,5.9169993
0.47359,5.9169993
0.473595,5.9169993
0.4736,5.9169993
0.47360498,5.9169993
0.47360998,5.9169993
0.473615,5.9169993
0.47362,5.9169993
0.47362497,5.9169993
0.47362998,5.9169993
0.473635,5.9169993
0.47364,5.9169993
0.473645,5.9169993
0.47364998,5.9169993
0.473655,5.9169993
0.47366,5.9169993
0.473665,5.9169993
0.47366998,5.9169993
0.47367498,5.9169993
0.47368,5.9169993
0.473685,5.9169993
0.47368997,5.9169993
0.47369498,5.9169993
0.4737,5.9169993
0.473705,5.9169993
0.47371,5.9169993
0.47371498,5.9169993
0.47371998,5.9169993
0.473725,5.9169993
0.47373,5.9169993
0.47373497,5.9169993
0.47373998,5.9169993
0.473745,5.9169993
0.47375,5.9169993
0.473755,5.9169993
0.47375998,5.9169993
0.473765,5.9169993
0.47377,5.9169993
0.473775,5.9169993
0.47377998,5.9169993
0.47378498,5.9169993
0.47379,5.9169993
0.473795,5.9169993
0.47379997,5.9169993
0.47380498,5.9169993
0.47381,5.9169993
0.473815,5.9169993
0.47382,5.9169993
0.47382498,5.9169993
0.47382998,5.9169993
0.473835,5.9169993
0.47384,5.9169993
0.47384498,5.9169993
0.47384998,5.9169993
0.473855,5.9169993
0.47386,5.9169993
0.473865,5.9169993
0.47386998,5.9169993
0.473875,5.9169993
0.47388,5.9169993
0.473885,5.9169993
0.47388998,5.9169993
0.47389498,5.9169993
0.4739,5.9169993
0.473905,5.9169993
0.47390997,5.9169993
0.47391498,5.9169993
0.47392,5.9169993
0.473925,5.9169993
0.47393,5.9169993
0.47393498,5.9169993
0.47393999,5.9169993
0.473945,5.9169993
0.47395,5.9169993
0.47395498,5.9169993
0.47395998,5.9169993
0.473965,5.9169993
0.47397,5.9169993
0.473975,5.9169993
0.47397998,5.9169993
0.473985,5.9169993
0.47399,5.9169993
0.473995,5.9169993
0.47399998,5.9169993
0.47400498,5.9169993
0.47401,5.9169993
0.474015,5.9169993
0.47401997,5.9169993
0.47402498,5.9169993
0.47403,5.9169993
0.474035,5.9169993
0.47404,5.9169993
0.47404498,5.9169993
0.47405,5.9169993
0.474055,5.9169993
0.47406,5.9169993
0.47406498,5.9169993
0.47406998,5.9169993
0.474075,5.9169993
0.47408,5.9169993
0.47408497,5.9169993
0.47408998,5.9169993
0.474095,5.9169993
0.4741,5.9169993
0.474105,5.9169993
0.47410998,5.9169993
0.47411498,5.9169993
0.47412,5.9169993
0.474125,5.9169993
0.47412997,5.9169993
0.47413498,5.9169993
0.47414,5.9169993
0.474145,5.9169993
0.47415,5.9169993
0.47415498,5.9169993
0.47416,5.9169993
0.474165,5.9169993
0.47417,5.9169993
0.47417498,5.9169993
0.47417998,5.9169993
0.474185,5.9169993
0.47419,5.9169993
0.47419497,5.9169993
0.47419998,5.9169993
0.474205,5.9169993
0.47421,5.9169993
0.474215,5.9169993
0.47421998,5.9169993
0.47422498,5.9169993
0.47423,5.9169993
0.474235,5.9169993
0.47423998,5.9169993
0.47424498,5.9169993
0.47425,5.9169993
0.474255,5.9169993
0.47426,5.9169993
0.47426498,5.9169993
0.47427,5.9169993
0.474275,5.9169993
0.47428,5.9169993
0.47428498,5.9169993
0.47428998,5.9169993
0.474295,5.9169993
0.4743,5.9169993
0.47430497,5.9169993
0.47430998,5.9169993
0.474315,5.9169993
0.47432,5.9169993
0.474325,5.9169993
0.47432998,5.9169993
0.47433499,5.9169993
0.47434,5.9169993
0.474345,5.9169993
0.47434998,5.9169993
0.47435498,5.9169993
0.47436,5.9169993
0.474365,5.9169993
0.47437,5.9169993
0.47437498,5.9169993
0.47438,5.9169993
0.474385,5.9169993
0.47439,5.9169993
0.47439498,5.9169993
0.47439998,5.9169993
0.474405,5.9169993
0.47441,5.9169993
0.47441497,5.9169993
0.47441998,5.9169993
0.474425,5.9169993
0.47443,5.9169993
0.474435,5.9169993
0.47443998,5.9169993
0.474445,5.9169993
0.47445,5.9169993
0.474455,5.9169993
0.47445998,5.9169993
0.47446498,5.9169993
0.47447,5.9169993
0.474475,5.9169993
0.47447997,5.9169993
0.47448498,5.9169993
0.47449,5.9169993
0.474495,5.9169993
0.4745,5.9169993
0.47450498,5.9169993
0.47450998,5.9169993
0.474515,5.9169993
0.47452,5.9169993
0.47452497,5.9169993
0.47452998,5.9169993
0.474535,5.9169993
0.47454,5.9169993
0.474545,5.9169993
0.47454998,5.9169993
0.474555,5.9169993
0.47456,5.9169993
0.474565,5.9169993
0.47456998,5.9169993
0.47457498,5.9169993
0.47458,5.9169993
0.474585,5.9169993
0.47458997,5.9169993
0.47459498,5.9169993
0.4746,5.9169993
0.474605,5.9169993
0.47461,5.9169993
0.47461498,5.9169993
0.47461998,5.9169993
0.474625,5.9169993
0.47463,5.9169993
0.47463498,5.9169993
0.47463998,5.9169993
0.474645,5.9169993
0.47465,5.9169993
0.474655,5.9169993
0.47465998,5.9169993
0.474665,5.9169993
0.47467,5.9169993
0.474675,5.9169993
0.47467998,5.9169993
0.47468498,5.9169993
0.47469,5.9169993
0.474695,5.9169993
0.47469997,5.9169993
0.47470498,5.9169993
0.47471,5.9169993
0.474715,5.9169993
0.47472,5.9169993
0.47472498,5.9169993
0.47472998,5.9169993
0.474735,5.9169993
0.47474,5.9169993
0.47474498,5.9169993
0.47474998,5.9169993
0.474755,5.9169993
0.47476,5.9169993
0.474765,5.9169993
0.47476998,5.9169993
0.474775,5.9169993
0.47478,5.9169993
0.474785,5.9169993
0.47478998,5.9169993
0.47479498,5.9169993
0.4748,5.9169993
0.474805,5.9169993
0.47480997,5.9169993
0.47481498,5.9169993
0.47482,5.9169993
0.474825,5.9169993
0.47483,5.9169993
0.47483498,5.9169993
0.47484,5.9169993
0.474845,5.9169993
0.47485,5.9169993
0.47485498,5.9169993
0.47485998,5.9169993
0.474865,5.9169993
0.47487,5.9169993
0.47487497,5.9169993
0.47487998,5.9169993
0.474885,5.9169993
0.47489,5.9169993
0.474895,5.9169993
0.47489998,5.9169993
0.47490498,5.9169993
0.47491,5.9169993
0.474915,5.9169993
0.47491997,5.9169993
0.47492498,5.9169993
0.47493,5.9169993
0.474935,5.9169993
0.47494,5.9169993
0.47494498,5.9169993
0.47495,5.9169993
0.474955,5.9169993
0.47496,5.9169993
0.47496498,5.9169993
0.47496998,5.9169993
0.474975,5.9169993
0.47498,5.9169993
0.47498497,5.9169993
0.47498998,5.9169993
0.474995,5.9169993
0.475,5.9169993
0.475005,5.9169993
0.47500998,5.9169993
0.47501498,5.9169993
0.47502,5.9169993
0.475025,5.9169993
0.47502998,5.9169993
0.47503498,5.9169993
0.47504,5.9169993
0.475045,5.9169993
0.47505,5.9169993
0.47505498,5.9169993
0.47506,5.9169993
0.475065,5.9169993
0.47507,5.9169993
0.47507498,5.9169993
0.47507998,5.9169993
0.475085,5.9169993
0.47509,5.9169993
0.47509497,5.9169993
0.47509998,5.9169993
0.475105,5.9169993
0.47511,5.9169993
0.475115,5.9169993
0.47511998,5.9169993
0.47512498,5.9169993
0.47513,5.9169993
0.475135,5.9169993
0.47513998,5.9169993
0.47514498,5.9169993
0.47515,5.9169993
0.475155,5.9169993
0.47516,5.9169993
0.47516498,5.9169993
0.47517,5.9169993
0.475175,5.9169993
0.47518,5.9169993
0.47518498,5.9169993
0.47518998,5.9169993
0.475195,5.9169993
0.4752,5.9169993
0.47520497,5.9169993
0.47520998,5.9169993
0.475215,5.9169993
0.47522,5.9169993
0.475225,5.9169993
0.47522998,5.9169993
0.475235,5.9169993
0.47524,5.9169993
0.475245,5.9169993
0.47524998,5.9169993
0.47525498,5.9169993
0.47526,5.9169993
0.475265,5.9169993
0.47526997,5.9169993
0.47527498,5.9169993
0.47528,5.9169993
0.475285,5.9169993
0.47529,5.9169993
0.47529498,5.9169993
0.47529998,5.9169993
0.475305,5.9169993
0.47531,5.9169993
0.47531497,5.9169993
0.47531998,5.9169993
0.475325,5.9169993
0.47533,5.9169993
0.475335,5.9169993
0.47533998,5.9169993
0.475345,5.9169993
0.47535,5.9169993
0.475355,5.9169993
0.47535998,5.9169993
0.47536498,5.9169993
0.47537,5.9169993
0.475375,5.9169993
0.47537997,5.9169993
0.47538498,5.9169993
0.47539,5.9169993
0.475395,5.9169993
0.4754,5.9169993
0.47540498,5.9169993
0.47540998,5.9169993
0.475415,5.9169993
0.47542,5.9169993
0.47542498,5.9169993
0.47542998,5.9169993
0.475435,5.9169993
0.47544,5.9169993
0.475445,5.9169993
0.47544998,5.9169993
0.475455,5.9169993
0.47546,5.9169993
0.475465,5.9169993
0.47546998,5.9169993
0.47547498,5.9169993
0.47548,5.9169993
0.475485,5.9169993
0.47548997,5.9169993
0.47549498,5.9169993
0.4755,5.9169993
0.475505,5.9169993
0.47551,5.9169993
0.47551498,5.9169993
0.47551998,5.9169993
0.475525,5.9169993
0.47553,5.9169993
0.47553498,5.9169993
0.47553998,5.9169993
0.475545,5.9169993
0.47555,5.9169993
0.475555,5.9169993
0.47555998,5.9169993
0.475565,5.9169993
0.47557,5.9169993
0.475575,5.9169993
0.47557998,5.9169993
0.47558498,5.9169993
0.47559,5.9169993
0.475595,5.9169993
0.47559997,5.9169993
0.47560498,5.9169993
0.47561,5.9169993
0.475615,5.9169993
0.47562,5.9169993
0.47562498,5.9169993
0.47563,5.9169993
0.475635,5.9169993
0.47564,5.9169993
0.47564498,5.9169993
0.47564998,5.9169993
0.475655,5.9169993
0.47566,5.9169993
0.47566497,5.9169993
0.47566998,5.9169993
0.475675,5.9169993
0.47568,5.9169993
0.475685,5.9169993
0.47568998,5.9169993
0.47569498,5.9169993
0.4757,5.9169993
0.475705,5.9169993
0.47570997,5.9169993
0.47571498,5.9169993
0.47572,5.9169993
0.475725,5.9169993
0.47573,5.9169993
0.47573498,5.9169993
0.47574,5.9169993
0.475745,5.9169993
0.47575,5.9169993
0.47575498,5.9169993
0.47575998,5.9169993
0.475765,5.9169993
0.47577,5.9169993
0.47577497,5.9169993
0.47577998,5.9169993
0.475785,5.9169993
0.47579,5.9169993
0.475795,5.9169993
0.47579998,5.9169993
0.47580498,5.9169993
0.47581,5.9169993
0.475815,5.9169993
0.47581998,5.9169993
0.47582498,5.9169993
0.47583,5.9169993
0.475835,5.9169993
0.47584,5.9169993
0.47584498,5.9169993
0.47585,5.9169993
0.475855,5.9169993
0.47586,5.9169993
0.47586498,5.9169993
0.47586998,5.9169993
0.475875,5.9169993
0.47588,5.9169993
0.47588497,5.9169993
0.47588998,5.9169993
0.475895,5.9169993
0.4759,5.9169993
0.475905,5.9169993
0.47590998,5.9169993
0.47591498,5.9169993
0.47592,5.9169993
0.475925,5.9169993
0.47592998,5.9169993
0.47593498,5.9169993
0.47594,5.9169993
0.475945,5.9169993
0.47595,5.9169993
0.47595498,5.9169993
0.47596,5.9169993
0.475965,5.9169993
0.47597,5.9169993
0.47597498,5.9169993
0.47597998,5.9169993
0.475985,5.9169993
0.47599,5.9169993
0.47599497,5.9169993
0.47599998,5.9169993
0.476005,5.9169993
0.47601,5.9169993
0.476015,5.9169993
0.47601998,5.9169993
0.476025,5.9169993
0.47603,5.9169993
0.476035,5.9169993
0.47603998,5.9169993
0.47604498,5.9169993
0.47605,5.9169993
0.476055,5.9169993
0.47605997,5.9169993
0.47606498,5.9169993
0.47607,5.9169993
0.476075,5.9169993
0.47608,5.9169993
0.47608498,5.9169993
0.47608998,5.9169993
0.476095,5.9169993
0.4761,5.9169993
0.47610497,5.9169993
0.47610998,5.9169993
0.476115,5.9169993
0.47612,5.9169993
0.476125,5.9169993
0.47612998,5.9169993
0.476135,5.9169993
0.47614,5.9169993
0.476145,5.9169993
0.47614998,5.9169993
0.47615498,5.9169993
0.47616,5.9169993
0.476165,5.9169993
0.47616997,5.9169993
0.47617498,5.9169993
0.47618,5.9169993
0.476185,5.9169993
0.47619,5.9169993
0.47619498,5.9169993
0.47619998,5.9169993
0.476205,5.9169993
0.47621,5.9169993
0.47621498,5.9169993
0.47621998,5.9169993
0.476225,5.9169993
0.47623,5.9169993
0.476235,5.9169993
0.47623998,5.9169993
0.476245,5.9169993
0.47625,5.9169993
0.476255,5.9169993
0.47625998,5.9169993
0.47626498,5.9169993
0.47627,5.9169993
0.476275,5.9169993
0.47627997,5.9169993
0.47628498,5.9169993
0.47629,5.9169993
0.476295,5.9169993
0.4763,5.9169993
0.47630498,5.9169993
0.47630998,5.9169993
0.476315,5.9169993
0.47632,5.9169993
0.47632498,5.9169993
0.47632998,5.9169993
0.476335,5.9169993
0.47634,5.9169993
0.476345,5.9169993
0.47634998,5.9169993
0.476355,5.9169993
0.47636,5.9169993
0.476365,5.9169993
0.47636998,5.9169993
0.47637498,5.9169993
0.47638,5.9169993
0.476385,5.9169993
0.47638997,5.9169993
0.47639498,5.9169993
0.4764,5.9169993
0.476405,5.9169993
0.47641,5.9169993
0.47641498,5.9169993
0.47642,5.9169993
0.476425,5.9169993
0.47643,5.9169993
0.47643498,5.9169993
0.47643998,5.9169993
0.476445,5.9169993
0.47645,5.9169993
0.47645497,5.9169993
0.47645998,5.9169993
0.476465,5.9169993
0.47647,5.9169993
0.476475,5.9169993
0.47647998,5.9169993
0.47648498,5.9169993
0.47649,5.9169993
0.476495,5.9169993
0.47649997,5.9169993
0.47650498,5.9169993
0.47651,5.9169993
0.476515,5.9169993
0.47652,5.9169993
0.47652498,5.9169993
0.47653,5.9169993
0.476535,5.9169993
0.47654,5.9169993
0.47654498,5.9169993
0.47654998,5.9169993
0.476555,5.9169993
0.47656,5.9169993
0.47656497,5.9169993
0.47656998,5.9169993
0.476575,5.9169993
0.47658,5.9169993
0.476585,5.9169993
0.47658998,5.9169993
0.47659498,5.9169993
0.4766,5.9169993
0.476605,5.9169993
0.47660998,5.9169993
0.47661498,5.9169993
0.47662,5.9169993
0.476625,5.9169993
0.47663,5.9169993
0.47663498,5.9169993
0.47664,5.9169993
0.476645,5.9169993
0.47665,5.9169993
0.47665498,5.9169993
0.47665998,5.9169993
0.476665,5.9169993
0.47667,5.9169993
0.47667497,5.9169993
0.47667998,5.9169993
0.476685,5.9169993
0.47669,5.9169993
0.476695,5.9169993
0.47669998,5.9169993
0.47670498,5.9169993
0.47671,5.9169993
0.476715,5.9169993
0.47671998,5.9169993
0.47672498,5.9169993
0.47673,5.9169993
0.476735,5.9169993
0.47674,5.9169993
0.47674498,5.9169993
0.47675,5.9169993
0.476755,5.9169993
0.47676,5.9169993
0.47676498,5.9169993
0.47676998,5.9169993
0.476775,5.9169993
0.47678,5.9169993
0.47678497,5.9169993
0.47678998,5.9169993
0.476795,5.9169993
0.4768,5.9169993
0.476805,5.9169993
0.47680998,5.9169993
0.476815,5.9169993
0.47682,5.9169993
0.476825,5.9169993
0.47682998,5.9169993
0.47683498,5.9169993
0.47684,5.9169993
0.476845,5.9169993
0.47684997,5.9169993
0.47685498,5.9169993
0.47686,5.9169993
0.476865,5.9169993
0.47687,5.9169993
0.47687498,5.9169993
0.47687998,5.9169993
0.476885,5.9169993
0.47689,5.9169993
0.47689497,5.9169993
0.47689998,5.9169993
0.476905,5.9169993
0.47691,5.9169993
0.476915,5.9169993
0.47691998,5.9169993
0.476925,5.9169993
0.47693,5.9169993
0.476935,5.9169993
0.47693998,5.9169993
0.47694498,5.9169993
0.47695,5.9169993
0.476955,5.9169993
0.47695997,5.9169993
0.47696498,5.9169993
0.47697,5.9169993
0.476975,5.9169993
0.47698,5.9169993
0.47698498,5.9169993
0.47698998,5.9169993
0.476995,5.9169993
0.477,5.9169993
0.47700498,5.9169993
0.47700998,5.9169993
0.477015,5.9169993
0.47702,5.9169993
0.477025,5.9169993
0.47702998,5.9169993
0.477035,5.9169993
0.47704,5.9169993
0.477045,5.9169993
0.47704998,5.9169993
0.47705498,5.9169993
0.47706,5.9169993
0.477065,5.9169993
0.47706997,5.9169993
0.47707498,5.9169993
0.47708,5.9169993
0.477085,5.9169993
0.47709,5.9169993
0.47709498,5.9169993
0.47709998,5.9169993
0.477105,5.9169993
0.47711,5.9169993
0.47711498,5.9169993
0.47711998,5.9169993
0.477125,5.9169993
0.47713,5.9169993
0.477135,5.9169993
0.47713998,5.9169993
0.477145,5.9169993
0.47715,5.9169993
0.477155,5.9169993
0.47715998,5.9169993
0.47716498,5.9169993
0.47717,5.9169993
0.477175,5.9169993
0.47717997,5.9169993
0.47718498,5.9169993
0.47719,5.9169993
0.477195,5.9169993
0.4772,5.9169993
0.47720498,5.9169993
0.47721,5.9169993
0.477215,5.9169993
0.47722,5.9169993
0.47722498,5.9169993
0.47722998,5.9169993
0.477235,5.9169993
0.47724,5.9169993
0.47724497,5.9169993
0.47724998,5.9169993
0.477255,5.9169993
0.47726,5.9169993
0.477265,5.9169993
0.47726998,5.9169993
0.47727498,5.9169993
0.47728,5.9169993
0.477285,5.9169993
0.47728997,5.9169993
0.47729498,5.9169993
0.4773,5.9169993
0.477305,5.9169993
0.47731,5.9169993
0.47731498,5.9169993
0.47732,5.9169993
0.477325,5.9169993
0.47733,5.9169993
0.47733498,5.9169993
0.47733998,5.9169993
0.477345,5.9169993
0.47735,5.9169993
0.47735497,5.9169993
0.47735998,5.9169993
0.477365,5.9169993
0.47737,5.9169993
0.477375,5.9169993
0.47737998,5.9169993
0.47738498,5.9169993
0.47739,5.9169993
0.477395,5.9169993
0.47739998,5.9169993
0.47740498,5.9169993
0.47741,5.9169993
0.477415,5.9169993
0.47742,5.9169993
0.47742498,5.9169993
0.47743,5.9169993
0.477435,5.9169993
0.47744,5.9169993
0.47744498,5.9169993
0.47744998,5.9169993
0.477455,5.9169993
0.47746,5.9169993
0.47746497,5.9169993
0.47746998,5.9169993
0.477475,5.9169993
0.47748,5.9169993
0.477485,5.9169993
0.47748998,5.9169993
0.47749498,5.9169993
0.4775,5.9169993
0.477505,5.9169993
0.47750998,5.9169993
0.47751498,5.9169993
0.47752,5.9169993
0.477525,5.9169993
0.47753,5.9169993
0.47753498,5.9169993
0.47754,5.9169993
0.477545,5.9169993
0.47755,5.9169993
0.47755498,5.9169993
0.47755998,5.9169993
0.477565,5.9169993
0.47757,5.9169993
0.47757497,5.9169993
0.47757998,5.9169993
0.477585,5.9169993
0.47759,5.9169993
0.477595,5.9169993
0.47759998,5.9169993
0.477605,5.9169993
0.47761,5.9169993
0.477615,5.9169993
0.47761998,5.9169993
0.47762498,5.9169993
0.47763,5.9169993
0.477635,5.9169993
0.47763997,5.9169993
0.47764498,5.9169993
0.47765,5.9169993
0.477655,5.9169993
0.47766,5.9169993
0.47766498,5.9169993
0.47766998,5.9169993
0.477675,5.9169993
0.47768,5.9169993
0.47768497,5.9169993
0.47768998,5.9169993
0.477695,5.9169993
0.4777,5.9169993
0.477705,5.9169993
0.47770998,5.9169993
0.477715,5.9169993
0.47772,5.9169993
0.477725,5.9169993
0.47772998,5.9169993
0.47773498,5.9169993
0.47774,5.9169993
0.477745,5.9169993
0.47774997,5.9169993
0.47775498,5.9169993
0.47776,5.9169993
0.477765,5.9169993
0.47777,5.9169993
0.47777498,5.9169993
0.47777998,5.9169993
0.477785,5.9169993
0.47779,5.9169993
0.47779498,5.9169993
0.47779998,5.9169993
0.477805,5.9169993
0.47781,5.9169993
0.477815,5.9169993
0.47781998,5.9169993
0.477825,5.9169993
0.47783,5.9169993
0.477835,5.9169993
0.47783998,5.9169993
0.47784498,5.9169993
0.47785,5.9169993
0.477855,5.9169993
0.47785997,5.9169993
0.47786498,5.9169993
0.47787,5.9169993
0.477875,5.9169993
0.47788,5.9169993
0.47788498,5.9169993
0.47788998,5.9169993
0.477895,5.9169993
0.4779,5.9169993
0.47790498,5.9169993
0.47790998,5.9169993
0.477915,5.9169993
0.47792,5.9169993
0.477925,5.9169993
0.47792998,5.9169993
0.477935,5.9169993
0.47794,5.9169993
0.477945,5.9169993
0.47794998,5.9169993
0.47795498,5.9169993
0.47796,5.9169993
0.477965,5.9169993
0.47796997,5.9169993
0.47797498,5.9169993
0.47798,5.9169993
0.477985,5.9169993
0.47799,5.9169993
0.47799498,5.9169993
0.478,5.9169993
0.478005,5.9169993
0.47801,5.9169993
0.47801498,5.9169993
0.47801998,5.9169993
0.478025,5.9169993
0.47803,5.9169993
0.47803497,5.9169993
0.47803998,5.9169993
0.478045,5.9169993
0.47805,5.9169993
0.478055,5.9169993
0.47805998,5.9169993
0.47806498,5.9169993
0.47807,5.9169993
0.478075,5.9169993
0.47807997,5.9169993
0.47808498,5.9169993
0.47809,5.9169993
0.478095,5.9169993
0.4781,5.9169993
0.47810498,5.9169993
0.47811,5.9169993
0.478115,5.9169993
0.47812,5.9169993
0.47812498,5.9169993
0.47812998,5.9169993
0.478135,5.9169993
0.47814,5.9169993
0.47814497,5.9169993
0.47814998,5.9169993
0.478155,5.9169993
0.47816,5.9169993
0.478165,5.9169993
0.47816998,5.9169993
0.47817498,5.9169993
0.47818,5.9169993
0.478185,5.9169993
0.47818998,5.9169993
0.47819498,5.9169993
0.4782,5.9169993
0.478205,5.9169993
0.47821,5.9169993
0.47821498,5.9169993
0.47822,5.9169993
0.478225,5.9169993
0.47823,5.9169993
0.47823498,5.9169993
0.47823998,5.9169993
0.478245,5.9169993
0.47825,5.9169993
0.47825497,5.9169993
0.47825998,5.9169993
0.478265,5.9169993
0.47827,5.9169993
0.478275,5.9169993
0.47827998,5.9169993
0.47828498,5.9169993
0.47829,5.9169993
0.478295,5.9169993
0.47829998,5.9169993
0.47830498,5.9169993
0.47831,5.9169993
0.478315,5.9169993
0.47832,5.9169993
0.47832498,5.9169993
0.47833,5.9169993
0.478335,5.9169993
0.47834,5.9169993
0.47834498,5.9169993
0.47834998,5.9169993
0.478355,5.9169993
0.47836,5.9169993
0.47836497,5.9169993
0.47836998,5.9169993
0.478375,5.9169993
0.47838,5.9169993
0.478385,5.9169993
0.47838998,5.9169993
0.478395,5.9169993
0.4784,5.9169993
0.478405,5.9169993
0.47840998,5.9169993
0.47841498,5.9169993
0.47842,5.9169993
0.478425,5.9169993
0.47842997,5.9169993
0.47843498,5.9169993
0.47844,5.9169993
0.478445,5.9169993
0.47845,5.9169993
0.47845498,5.9169993
0.47845998,5.9169993
0.478465,5.9169993
0.47847,5.9169993
0.47847497,5.9169993
0.47847998,5.9169993
0.478485,5.9169993
0.47849,5.9169993
0.478495,5.9169993
0.47849998,5.9169993
0.478505,5.9169993
0.47851,5.9169993
0.478515,5.9169993
0.47851998,5.9169993
0.47852498,5.9169993
0.47853,5.9169993
0.478535,5.9169993
0.47853997,5.9169993
0.47854498,5.9169993
0.47855,5.9169993
0.478555,5.9169993
0.47856,5.9169993
0.47856498,5.9169993
0.47856998,5.9169993
0.478575,5.9169993
0.47858,5.9169993
0.47858498,5.9169993
0.47858998,5.9169993
0.478595,5.9169993
0.4786,5.9169993
0.478605,5.9169993
0.47860998,5.9169993
0.478615,5.9169993
0.47862,5.9169993
0.478625,5.9169993
0.47862998,5.9169993
0.47863498,5.9169993
0.47864,5.9169993
0.478645,5.9169993
0.47864997,5.9169993
0.47865498,5.9169993
0.47866,5.9169993
0.478665,5.9169993
0.47867,5.9169993
0.47867498,5.9169993
0.47867998,5.9169993
0.478685,5.9169993
0.47869,5.9169993
0.47869498,5.9169993
0.47869998,5.9169993
0.478705,5.9169993
0.47871,5.9169993
0.478715,5.9169993
0.47871998,5.9169993
0.478725,5.9169993
0.47873,5.9169993
0.478735,5.9169993
0.47873998,5.9169993
0.47874498,5.9169993
0.47875,5.9169993
0.478755,5.9169993
0.47875997,5.9169993
0.47876498,5.9169993
0.47877,5.9169993
0.478775,5.9169993
0.47878,5.9169993
0.47878498,5.9169993
0.47879,5.9169993
0.478795,5.9169993
0.4788,5.9169993
0.47880498,5.9169993
0.47880998,5.9169993
0.478815,5.9169993
0.47882,5.9169993
0.47882497,5.9169993
0.47882998,5.9169993
0.478835,5.9169993
0.47884,5.9169993
0.478845,5.9169993
0.47884998,5.9169993
0.47885498,5.9169993
0.47886,5.9169993
0.478865,5.9169993
0.47886997,5.9169993
0.47887498,5.9169993
0.47888,5.9169993
0.478885,5.9169993
0.47889,5.9169993
0.47889498,5.9169993
0.4789,5.9169993
0.478905,5.9169993
0.47891,5.9169993
0.47891498,5.9169993
0.47891998,5.9169993
0.478925,5.9169993
0.47893,5.9169993
0.47893497,5.9169993
0.47893998,5.9169993
0.478945,5.9169993
0.47895,5.9169993
0.478955,5.9169993
0.47895998,5.9169993
0.47896498,5.9169993
0.47897,5.9169993
0.478975,5.9169993
0.47897997,5.9169993
0.47898498,5.9169993
0.47899,5.9169993
0.478995,5.9169993
0.479,5.9169993
0.47900498,5.9169993
0.47901,5.9169993
0.479015,5.9169993
0.47902,5.9169993
0.47902498,5.9169993
0.47902998,5.9169993
0.479035,5.9169993
0.47904,5.9169993
0.47904497,5.9169993
0.47904998,5.9169993
0.479055,5.9169993
0.47906,5.9169993
0.479065,5.9169993
0.47906998,5.9169993
0.47907498,5.9169993
0.47908,5.9169993
0.479085,5.9169993
0.47908998,5.9169993
0.47909498,5.9169993
0.4791,5.9169993
0.479105,5.9169993
0.47911,5.9169993
0.47911498,5.9169993
0.47912,5.9169993
0.479125,5.9169993
0.47913,5.9169993
0.47913498,5.9169993
0.47913998,5.9169993
0.479145,5.9169993
0.47915,5.9169993
0.47915497,5.9169993
0.47915998,5.9169993
0.479165,5.9169993
0.47917,5.9169993
0.479175,5.9169993
0.47917998,5.9169993
0.479185,5.9169993
0.47919,5.9169993
0.479195,5.9169993
0.47919998,5.9169993
0.47920498,5.9169993
0.47921,5.9169993
0.479215,5.9169993
0.47921997,5.9169993
0.47922498,5.9169993
0.47923,5.9169993
0.479235,5.9169993
0.47924,5.9169993
0.47924498,5.9169993
0.47924998,5.9169993
0.479255,5.9169993
0.47926,5.9169993
0.47926497,5.9169993
0.47926998,5.9169993
0.479275,5.9169993
0.47928,5.9169993
0.479285,5.9169993
0.47928998,5.9169993
0.479295,5.9169993
0.4793,5.9169993
0.479305,5.9169993
0.47930998,5.9169993
0.47931498,5.9169993
0.47932,5.9169993
0.479325,5.9169993
0.47932997,5.9169993
0.47933498,5.9169993
0.47934,5.9169993
0.479345,5.9169993
0.47935,5.9169993
0.47935498,5.9169993
0.47935998,5.9169993
0.479365,5.9169993
0.47937,5.9169993
0.47937497,5.9169993
0.47937998,5.9169993
0.479385,5.9169993
0.47939,5.9169993
0.479395,5.9169993
0.47939998,5.9169993
0.479405,5.9169993
0.47941,5.9169993
0.479415,5.9169993
0.47941998,5.9169993
0.47942498,5.9169993
0.47943,5.9169993
0.479435,5.9169993
0.47943997,5.9169993
0.47944498,5.9169993
0.47945,5.9169993
0.479455,5.9169993
0.47946,5.9169993
0.47946498,5.9169993
0.47946998,5.9169993
0.479475,5.9169993
0.47948,5.9169993
0.47948498,5.9169993
0.47948998,5.9169993
0.479495,5.9169993
0.4795,5.9169993
0.479505,5.9169993
0.47950998,5.9169993
0.479515,5.9169993
0.47952,5.9169993
0.479525,5.9169993
0.47952998,5.9169993
0.47953498,5.9169993
0.47954,5.9169993
0.479545,5.9169993
0.47954997,5.9169993
0.47955498,5.9169993
0.47956,5.9169993
0.479565,5.9169993
0.47957,5.9169993
0.47957498,5.9169993
0.47958,5.9169993
0.479585,5.9169993
0.47959,5.9169993
0.47959498,5.9169993
0.47959998,5.9169993
0.479605,5.9169993
0.47961,5.9169993
0.47961497,5.9169993
0.47961998,5.9169993
0.479625,5.9169993
0.47963,5.9169993
0.479635,5.9169993
0.47963998,5.9169993
0.47964498,5.9169993
0.47965,5.9169993
0.479655,5.9169993
0.47965997,5.9169993
0.47966498,5.9169993
0.47967,5.9169993
0.479675,5.9169993
0.47968,5.9169993
0.47968498,5.9169993
0.47969,5.9169993
0.479695,5.9169993
0.4797,5.9169993
0.47970498,5.9169993
0.47970998,5.9169993
0.479715,5.9169993
0.47972,5.9169993
0.47972497,5.9169993
0.47972998,5.9169993
0.479735,5.9169993
0.47974,5.9169993
0.479745,5.9169993
0.47974998,5.9169993
0.47975498,5.9169993
0.47976,5.9169993
0.479765,5.9169993
0.47976997,5.9169993
0.47977498,5.9169993
0.47978,5.9169993
0.479785,5.9169993
0.47979,5.9169993
0.47979498,5.9169993
0.4798,5.9169993
0.479805,5.9169993
0.47981,5.9169993
0.47981498,5.9169993
0.47981998,5.9169993
0.479825,5.9169993
0.47983,5.9169993
0.47983497,5.9169993
0.47983998,5.9169993
0.479845,5.9169993
0.47985,5.9169993
0.479855,5.9169993
0.47985998,5.9169993
0.47986498,5.9169993
0.47987,5.9169993
0.479875,5.9169993
0.47987998,5.9169993
0.47988498,5.9169993
0.47989,5.9169993
0.479895,5.9169993
0.4799,5.9169993
0.47990498,5.9169993
0.47991,5.9169993
0.479915,5.9169993
0.47992,5.9169993
0.47992498,5.9169993
0.47992998,5.9169993
0.479935,5.9169993
0.47994,5.9169993
0.47994497,5.9169993
0.47994998,5.9169993
0.479955,5.9169993
0.47996,5.9169993
0.479965,5.9169993
0.47996998,5.9169993
0.479975,5.9169993
0.47998,5.9169993
0.479985,5.9169993
0.47998998,5.9169993
0.47999498,5.9169993
0.48,5.9169993
0.480005,5.9169993
0.48000997,5.9169993
0.48001498,5.9169993
0.48002,5.9169993
0.480025,5.9169993
0.48003,5.9169993
0.48003498,5.9169993
0.48003998,5.9169993
0.480045,5.9169993
0.48005,5.9169993
0.48005497,5.9169993
0.48005998,5.9169993
0.480065,5.9169993
0.48007,5.9169993
0.480075,5.9169993
0.48007998,5.9169993
0.480085,5.9169993
0.48009,5.9169993
0.480095,5.9169993
0.48009998,5.9169993
0.48010498,5.9169993
0.48011,5.9169993
0.480115,5.9169993
0.48011997,5.9169993
0.48012498,5.9169993
0.48013,5.9169993
0.480135,5.9169993
0.48014,5.9169993
0.48014498,5.9169993
0.48014998,5.9169993
0.480155,5.9169993
0.48016,5.9169993
0.48016497,5.9169993
0.48016998,5.9169993
0.480175,5.9169993
0.48018,5.9169993
0.480185,5.9169993
0.48018998,5.9169993
0.480195,5.9169993
0.4802,5.9169993
0.480205,5.9169993
0.48020998,5.9169993
0.48021498,5.9169993
0.48022,5.9169993
0.480225,5.9169993
0.48022997,5.9169993
0.48023498,5.9169993
0.48024,5.9169993
0.480245,5.9169993
0.48025,5.9169993
0.48025498,5.9169993
0.48025998,5.9169993
0.480265,5.9169993
0.48027,5.9169993
0.48027498,5.9169993
0.48027998,5.9169993
0.480285,5.9169993
0.48029,5.9169993
0.480295,5.9169993
0.48029998,5.9169993
0.480305,5.9169993
0.48031,5.9169993
0.480315,5.9169993
0.48031998,5.9169993
0.48032498,5.9169993
0.48033,5.9169993
0.480335,5.9169993
0.48033997,5.9169993
0.48034498,5.9169993
0.48035,5.9169993
0.480355,5.9169993
0.48036,5.9169993
0.48036498,5.9169993
0.48037,5.9169993
0.480375,5.9169993
0.48038,5.9169993
0.48038498,5.9169993
0.48038998,5.9169993
0.480395,5.9169993
0.4804,5.9169993
0.48040497,5.9169993
0.48040998,5.9169993
0.480415,5.9169993
0.48042,5.9169993
0.480425,5.9169993
0.48042998,5.9169993
0.48043498,5.9169993
0.48044,5.9169993
0.480445,5.9169993
0.48044997,5.9169993
0.48045498,5.9169993
0.48046,5.9169993
0.480465,5.9169993
0.48047,5.9169993
0.48047498,5.9169993
0.48048,5.9169993
0.480485,5.9169993
0.48049,5.9169993
0.48049498,5.9169993
0.48049998,5.9169993
0.480505,5.9169993
0.48051,5.9169993
0.48051497,5.9169993
0.48051998,5.9169993
0.480525,5.9169993
0.48053,5.9169993
0.480535,5.9169993
0.48053998,5.9169993
0.48054498,5.9169993
0.48055,5.9169993
0.480555,5.9169993
0.48055997,5.9169993
0.48056498,5.9169993
0.48057,5.9169993
0.480575,5.9169993
0.48058,5.9169993
0.48058498,5.9169993
0.48059,5.9169993
0.480595,5.9169993
0.4806,5.9169993
0.48060498,5.9169993
0.48060998,5.9169993
0.480615,5.9169993
0.48062,5.9169993
0.48062497,5.9169993
0.48062998,5.9169993
0.480635,5.9169993
0.48064,5.9169993
0.480645,5.9169993
0.48064998,5.9169993
0.48065498,5.9169993
0.48066,5.9169993
0.480665,5.9169993
0.48066998,5.9169993
0.48067498,5.9169993
0.48068,5.9169993
0.480685,5.9169993
0.48069,5.9169993
0.48069498,5.9169993
0.4807,5.9169993
0.480705,5.9169993
0.48071,5.9169993
0.48071498,5.9169993
0.48071998,5.9169993
0.480725,5.9169993
0.48073,5.9169993
0.48073497,5.9169993
0.48073998,5.9169993
0.480745,5.9169993
0.48075,5.9169993
0.480755,5.9169993
0.48075998,5.9169993
0.48076499,5.9169993
0.48077,5.9169993
0.480775,5.9169993
0.48077998,5.9169993
0.48078498,5.9169993
0.48079,5.9169993
0.480795,5.9169993
0.48079997,5.9169993
0.48080498,5.9169993
0.48081,5.9169993
0.480815,5.9169993
0.48082,5.9169993
0.48082498,5.9169993
0.48082998,5.9169993
0.480835,5.9169993
0.48084,5.9169993
0.48084497,5.9169993
0.48084998,5.9169993
0.480855,5.9169993
0.48086,5.9169993
0.480865,5.9169993
0.48086998,5.9169993
0.480875,5.9169993
0.48088,5.9169993
0.480885,5.9169993
0.48088998,5.9169993
0.48089498,5.9169993
0.4809,5.9169993
0.480905,5.9169993
0.48090997,5.9169993
0.48091498,5.9169993
0.48092,5.9169993
0.480925,5.9169993
0.48093,5.9169993
0.48093498,5.9169993
0.48093998,5.9169993
0.480945,5.9169993
0.48095,5.9169993
0.48095497,5.9169993
0.48095998,5.9169993
0.480965,5.9169993
0.48097,5.9169993
0.480975,5.9169993
0.48097998,5.9169993
0.480985,5.9169993
0.48099,5.9169993
0.480995,5.9169993
0.48099998,5.9169993
0.48100498,5.9169993
0.48101,5.9169993
0.481015,5.9169993
0.48101997,5.9169993
0.48102498,5.9169993
0.48103,5.9169993
0.481035,5.9169993
0.48104,5.9169993
0.48104498,5.9169993
0.48104998,5.9169993
0.481055,5.9169993
0.48106,5.9169993
0.48106498,5.9169993
0.48106998,5.9169993
0.481075,5.9169993
0.48108,5.9169993
0.481085,5.9169993
0.48108998,5.9169993
0.481095,5.9169993
0.4811,5.9169993
0.481105,5.9169993
0.48110998,5.9169993
0.48111498,5.9169993
0.48112,5.9169993
0.481125,5.9169993
0.48112997,5.9169993
0.48113498,5.9169993
0.48114,5.9169993
0.481145,5.9169993
0.48115,5.9169993
0.48115498,5.9169993
0.48115999,5.9169993
0.481165,5.9169993
0.48117,5.9169993
0.48117498,5.9169993
0.48117998,5.9169993
0.481185,5.9169993
0.48119,5.9169993
0.48119497,5.9169993
0.48119998,5.9169993
0.481205,5.9169993
0.48121,5.9169993
0.481215,5.9169993
0.48121998,5.9169993
0.48122498,5.9169993
0.48123,5.9169993
0.481235,5.9169993
0.48123997,5.9169993
0.48124498,5.9169993
0.48125,5.9169993
0.481255,5.9169993
0.48126,5.9169993
0.48126498,5.9169993
0.48127,5.9169993
0.481275,5.9169993
0.48128,5.9169993
0.48128498,5.9169993
0.48128998,5.9169993
0.481295,5.9169993
0.4813,5.9169993
0.48130497,5.9169993
0.48130998,5.9169993
0.481315,5.9169993
0.48132,5.9169993
0.481325,5.9169993
0.48132998,5.9169993
0.48133498,5.9169993
0.48134,5.9169993
0.481345,5.9169993
0.48134997,5.9169993
0.48135498,5.9169993
0.48136,5.9169993
0.481365,5.9169993
0.48137,5.9169993
0.48137498,5.9169993
0.48138,5.9169993
0.481385,5.9169993
0.48139,5.9169993
0.48139498,5.9169993
0.48139998,5.9169993
0.481405,5.9169993
0.48141,5.9169993
0.48141497,5.9169993
0.48141998,5.9169993
0.481425,5.9169993
0.48143,5.9169993
0.481435,5.9169993
0.48143998,5.9169993
0.48144498,5.9169993
0.48145,5.9169993
0.481455,5.9169993
0.48145998,5.9169993
0.48146498,5.9169993
0.48147,5.9169993
0.481475,5.9169993
0.48148,5.9169993
0.48148498,5.9169993
0.48149,5.9169993
0.481495,5.9169993
0.4815,5.9169993
0.48150498,5.9169993
0.48150998,5.9169993
0.481515,5.9169993
0.48152,5.9169993
0.48152497,5.9169993
0.48152998,5.9169993
0.481535,5.9169993
0.48154,5.9169993
0.481545,5.9169993
0.48154998,5.9169993
0.48155499,5.9169993
0.48156,5.9169993
0.481565,5.9169993
0.48156998,5.9169993
0.48157498,5.9169993
0.48158,5.9169993
0.481585,5.9169993
0.48158997,5.9169993
0.48159498,5.9169993
0.4816,5.9169993
0.481605,5.9169993
0.48161,5.9169993
0.48161498,5.9169993
0.48161998,5.9169993
0.481625,5.9169993
0.48163,5.9169993
0.48163497,5.9169993
0.48163998,5.9169993
0.481645,5.9169993
0.48165,5.9169993
0.481655,5.9169993
0.48165998,5.9169993
0.481665,5.9169993
0.48167,5.9169993
0.481675,5.9169993
0.48167998,5.9169993
0.48168498,5.9169993
0.48169,5.9169993
0.481695,5.9169993
0.48169997,5.9169993
0.48170498,5.9169993
0.48171,5.9169993
0.481715,5.9169993
0.48172,5.9169993
0.48172498,5.9169993
0.48172998,5.9169993
0.481735,5.9169993
0.48174,5.9169993
0.48174497,5.9169993
0.48174998,5.9169993
0.481755,5.9169993
0.48176,5.9169993
0.481765,5.9169993
0.48176998,5.9169993
0.481775,5.9169993
0.48178,5.9169993
0.481785,5.9169993
0.48178998,5.9169993
0.48179498,5.9169993
0.4818,5.9169993
0.481805,5.9169993
0.48180997,5.9169993
0.48181498,5.9169993
0.48182,5.9169993
0.481825,5.9169993
0.48183,5.9169993
0.48183498,5.9169993
0.48183998,5.9169993
0.481845,5.9169993
0.48185,5.9169993
0.48185498,5.9169993
0.48185998,5.9169993
0.481865,5.9169993
0.48187,5.9169993
0.481875,5.9169993
0.48187998,5.9169993
0.481885,5.9169993
0.48189,5.9169993
0.481895,5.9169993
0.48189998,5.9169993
0.48190498,5.9169993
0.48191,5.9169993
0.481915,5.9169993
0.48191997,5.9169993
0.48192498,5.9169993
0.48193,5.9169993
0.481935,5.9169993
0.48194,5.9169993
0.48194498,5.9169993
0.48194999,5.9169993
0.481955,5.9169993
0.48196,5.9169993
0.48196498,5.9169993
0.48196998,5.9169993
0.481975,5.9169993
0.48198,5.9169993
0.48198497,5.9169993
0.48198998,5.9169993
0.481995,5.9169993
0.482,5.9169993
0.482005,5.9169993
0.48200998,5.9169993
0.48201498,5.9169993
0.48202,5.9169993
0.482025,5.9169993
0.48202997,5.9169993
0.48203498,5.9169993
0.48204,5.9169993
0.482045,5.9169993
0.48205,5.9169993
0.48205498,5.9169993
0.48206,5.9169993
0.482065,5.9169993
0.48207,5.9169993
0.48207498,5.9169993
0.48207998,5.9169993
0.482085,5.9169993
0.48209,5.9169993
0.48209497,5.9169993
0.48209998,5.9169993
0.482105,5.9169993
0.48211,5.9169993
0.482115,5.9169993
0.48211998,5.9169993
0.48212498,5.9169993
0.48213,5.9169993
0.482135,5.9169993
0.48213997,5.9169993
0.48214498,5.9169993
0.48215,5.9169993
0.482155,5.9169993
0.48216,5.9169993
0.48216498,5.9169993
0.48217,5.9169993
0.482175,5.9169993
0.48218,5.9169993
0.48218498,5.9169993
0.48218998,5.9169993
0.482195,5.9169993
0.4822,5.9169993
0.48220497,5.9169993
0.48220998,5.9169993
0.482215,5.9169993
0.48222,5.9169993
0.482225,5.9169993
0.48222998,5.9169993
0.48223498,5.9169993
0.48224,5.9169993
0.482245,5.9169993
0.48224998,5.9169993
0.48225498,5.9169993
0.48226,5.9169993
0.482265,5.9169993
0.48227,5.9169993
0.48227498,5.9169993
0.48228,5.9169993
0.482285,5.9169993
0.48229,5.9169993
0.48229498,5.9169993
0.48229998,5.9169993
0.482305,5.9169993
0.48231,5.9169993
0.48231497,5.9169993
0.48231998,5.9169993
0.482325,5.9169993
0.48233,5.9169993
0.482335,5.9169993
0.48233998,5.9169993
0.48234499,5.9169993
0.48235,5.9169993
0.482355,5.9169993
0.48235998,5.9169993
0.48236498,5.9169993
0.48237,5.9169993
0.482375,5.9169993
0.48237997,5.9169993
0.48238498,5.9169993
0.48239,5.9169993
0.482395,5.9169993
0.4824,5.9169993
0.48240498,5.9169993
0.48240998,5.9169993
0.482415,5.9169993
0.48242,5.9169993
0.48242497,5.9169993
0.48242998,5.9169993
0.482435,5.9169993
0.48244,5.9169993
0.482445,5.9169993
0.48244998,5.9169993
0.482455,5.9169993
0.48246,5.9169993
0.482465,5.9169993
0.48246998,5.9169993
0.48247498,5.9169993
0.48248,5.9169993
0.482485,5.9169993
0.48248997,5.9169993
0.48249498,5.9169993
0.4825,5.9169993
0.482505,5.9169993
0.48251,5.9169993
0.48251498,5.9169993
0.48251998,5.9169993
0.482525,5.9169993
0.48253,5.9169993
0.48253497,5.9169993
0.48253998,5.9169993
0.482545,5.9169993
0.48255,5.9169993
0.482555,5.9169993
0.48255998,5.9169993
0.482565,5.9169993
0.48257,5.9169993
0.482575,5.9169993
0.48257998,5.9169993
0.48258498,5.9169993
0.48259,5.9169993
0.482595,5.9169993
0.48259997,5.9169993
0.48260498,5.9169993
0.48261,5.9169993
0.482615,5.9169993
0.48262,5.9169993
0.48262498,5.9169993
0.48262998,5.9169993
0.482635,5.9169993
0.48264,5.9169993
0.48264498,5.9169993
0.48264998,5.9169993
0.482655,5.9169993
0.48266,5.9169993
0.482665,5.9169993
0.48266998,5.9169993
0.482675,5.9169993
0.48268,5.9169993
0.482685,5.9169993
0.48268998,5.9169993
0.48269498,5.9169993
0.4827,5.9169993
0.482705,5.9169993
0.48270997,5.9169993
0.48271498,5.9169993
0.48272,5.9169993
0.482725,5.9169993
0.48273,5.9169993
0.48273498,5.9169993
0.48273998,5.9169993
0.482745,5.9169993
0.48275,5.9169993
0.48275498,5.9169993
0.48275998,5.9169993
0.482765,5.9169993
0.48277,5.9169993
0.48277497,5.9169993
0.48277998,5.9169993
0.482785,5.9169993
0.48279,5.9169993
0.482795,5.9169993
0.48279998,5.9169993
0.48280498,5.9169993
0.48281,5.9169993
0.482815,5.9169993
0.48281997,5.9169993
0.48282498,5.9169993
0.48283,5.9169993
0.482835,5.9169993
0.48284,5.9169993
0.48284498,5.9169993
0.48285,5.9169993
0.482855,5.9169993
0.48286,5.9169993
0.48286498,5.9169993
0.48286998,5.9169993
0.482875,5.9169993
0.48288,5.9169993
0.48288497,5.9169993
0.48288998,5.9169993
0.482895,5.9169993
0.4829,5.9169993
0.482905,5.9169993
0.48290998,5.9169993
0.48291498,5.9169993
0.48292,5.9169993
0.482925,5.9169993
0.48292997,5.9169993
0.48293498,5.9169993
0.48294,5.9169993
0.482945,5.9169993
0.48295,5.9169993
0.48295498,5.9169993
0.48296,5.9169993
0.482965,5.9169993
0.48297,5.9169993
0.48297498,5.9169993
0.48297998,5.9169993
0.482985,5.9169993
0.48299,5.9169993
0.48299497,5.9169993
0.48299998,5.9169993
0.483005,5.9169993
0.48301,5.9169993
0.483015,5.9169993
0.48301998,5.9169993
0.48302498,5.9169993
0.48303,5.9169993
0.483035,5.9169993
0.48303998,5.9169993
0.48304498,5.9169993
0.48305,5.9169993
0.483055,5.9169993
0.48306,5.9169993
0.48306498,5.9169993
0.48307,5.9169993
0.483075,5.9169993
0.48308,5.9169993
0.48308498,5.9169993
0.48308998,5.9169993
0.483095,5.9169993
0.4831,5.9169993
0.48310497,5.9169993
0.48310998,5.9169993
0.483115,5.9169993
0.48312,5.9169993
0.483125,5.9169993
0.48312998,5.9169993
0.48313498,5.9169993
0.48314,5.9169993
0.483145,5.9169993
0.48314998,5.9169993
0.48315498,5.9169993
0.48316,5.9169993
0.483165,5.9169993
0.48316997,5.9169993
0.48317498,5.9169993
0.48318,5.9169993
0.483185,5.9169993
0.48319,5.9169993
0.48319498,5.9169993
0.48319998,5.9169993
0.483205,5.9169993
0.48321,5.9169993
0.48321497,5.9169993
0.48321998,5.9169993
0.483225,5.9169993
0.48323,5.9169993
0.483235,5.9169993
0.48323998,5.9169993
0.483245,5.9169993
0.48325,5.9169993
0.483255,5.9169993
0.48325998,5.9169993
0.48326498,5.9169993
0.48327,5.9169993
0.483275,5.9169993
0.48327997,5.9169993
0.48328498,5.9169993
0.48329,5.9169993
0.483295,5.9169993
0.4833,5.9169993
0.48330498,5.9169993
0.48330998,5.9169993
0.483315,5.9169993
0.48332,5.9169993
0.48332497,5.9169993
0.48332998,5.9169993
0.483335,5.9169993
0.48334,5.9169993
0.483345,5.9169993
0.48334998,5.9169993
0.483355,5.9169993
0.48336,5.9169993
0.483365,5.9169993
0.48336998,5.9169993
0.48337498,5.9169993
0.48338,5.9169993
0.483385,5.9169993
0.48338997,5.9169993
0.48339498,5.9169993
0.4834,5.9169993
0.483405,5.9169993
0.48341,5.9169993
0.48341498,5.9169993
0.48341998,5.9169993
0.483425,5.9169993
0.48343,5.9169993
0.48343498,5.9169993
0.48343998,5.9169993
0.483445,5.9169993
0.48345,5.9169993
0.483455,5.9169993
0.48345998,5.9169993
0.483465,5.9169993
0.48347,5.9169993
0.483475,5.9169993
0.48347998,5.9169993
0.48348498,5.9169993
0.48349,5.9169993
0.483495,5.9169993
0.48349997,5.9169993
0.48350498,5.9169993
0.48351,5.9169993
0.483515,5.9169993
0.48352,5.9169993
0.48352498,5.9169993
0.48352998,5.9169993
0.483535,5.9169993
0.48354,5.9169993
0.48354498,5.9169993
0.48354998,5.9169993
0.483555,5.9169993
0.48356,5.9169993
0.483565,5.9169993
0.48356998,5.9169993
0.483575,5.9169993
0.48358,5.9169993
0.483585,5.9169993
0.48358998,5.9169993
0.48359498,5.9169993
0.4836,5.9169993
0.483605,5.9169993
0.48360997,5.9169993
0.48361498,5.9169993
0.48362,5.9169993
0.483625,5.9169993
0.48363,5.9169993
0.48363498,5.9169993
0.48364,5.9169993
0.483645,5.9169993
0.48365,5.9169993
0.48365498,5.9169993
0.48365998,5.9169993
0.483665,5.9169993
0.48367,5.9169993
0.48367497,5.9169993
0.48367998,5.9169993
0.483685,5.9169993
0.48369,5.9169993
0.483695,5.9169993
0.48369998,5.9169993
0.48370498,5.9169993
0.48371,5.9169993
0.483715,5.9169993
0.48371997,5.9169993
0.48372498,5.9169993
0.48373,5.9169993
0.483735,5.9169993
0.48374,5.9169993
0.48374498,5.9169993
0.48375,5.9169993
0.483755,5.9169993
0.48376,5.9169993
0.48376498,5.9169993
0.48376998,5.9169993
0.483775,5.9169993
0.48378,5.9169993
0.48378497,5.9169993
0.48378998,5.9169993
0.483795,5.9169993
0.4838,5.9169993
0.483805,5.9169993
0.48380998,5.9169993
0.48381498,5.9169993
0.48382,5.9169993
0.483825,5.9169993
0.48382998,5.9169993
0.48383498,5.9169993
0.48384,5.9169993
0.483845,5.9169993
0.48385,5.9169993
0.48385498,5.9169993
0.48386,5.9169993
0.483865,5.9169993
0.48387,5.9169993
0.48387498,5.9169993
0.48387998,5.9169993
0.483885,5.9169993
0.48389,5.9169993
0.48389497,5.9169993
0.48389998,5.9169993
0.483905,5.9169993
0.48391,5.9169993
0.483915,5.9169993
0.48391998,5.9169993
0.48392498,5.9169993
0.48393,5.9169993
0.483935,5.9169993
0.48393998,5.9169993
0.48394498,5.9169993
0.48395,5.9169993
0.483955,5.9169993
0.48396,5.9169993
0.48396498,5.9169993
0.48397,5.9169993
0.483975,5.9169993
0.48398,5.9169993
0.48398498,5.9169993
0.48398998,5.9169993
0.483995,5.9169993
0.484,5.9169993
0.48400497,5.9169993
0.48400998,5.9169993
0.484015,5.9169993
0.48402,5.9169993
0.484025,5.9169993
0.48402998,5.9169993
0.484035,5.9169993
0.48404,5.9169993
0.484045,5.9169993
0.48404998,5.9169993
0.48405498,5.9169993
0.48406,5.9169993
0.484065,5.9169993
0.48406997,5.9169993
0.48407498,5.9169993
0.48408,5.9169993
0.484085,5.9169993
0.48409,5.9169993
0.48409498,5.9169993
0.48409998,5.9169993
0.484105,5.9169993
0.48411,5.9169993
0.48411497,5.9169993
0.48411998,5.9169993
0.484125,5.9169993
0.48413,5.9169993
0.484135,5.9169993
0.48413998,5.9169993
0.484145,5.9169993
0.48415,5.9169993
0.484155,5.9169993
0.48415998,5.9169993
0.48416498,5.9169993
0.48417,5.9169993
0.484175,5.9169993
0.48417997,5.9169993
0.48418498,5.9169993
0.48419,5.9169993
0.484195,5.9169993
0.4842,5.9169993
0.48420498,5.9169993
0.48420998,5.9169993
0.484215,5.9169993
0.48422,5.9169993
0.48422498,5.9169993
0.48422998,5.9169993
0.484235,5.9169993
0.48424,5.9169993
0.484245,5.9169993
0.48424998,5.9169993
0.484255,5.9169993
0.48426,5.9169993
0.484265,5.9169993
0.48426998,5.9169993
0.48427498,5.9169993
0.48428,5.9169993
0.484285,5.9169993
0.48428997,5.9169993
0.48429498,5.9169993
0.4843,5.9169993
0.484305,5.9169993
0.48431,5.9169993
0.48431498,5.9169993
0.48431998,5.9169993
0.484325,5.9169993
0.48433,5.9169993
0.48433498,5.9169993
0.48433998,5.9169993
0.484345,5.9169993
0.48435,5.9169993
0.484355,5.9169993
0.48435998,5.9169993
0.484365,5.9169993
0.48437,5.9169993
0.484375,5.9169993
0.48437998,5.9169993
0.48438498,5.9169993
0.48439,5.9169993
0.484395,5.9169993
0.48439997,5.9169993
0.48440498,5.9169993
0.48441,5.9169993
0.484415,5.9169993
0.48442,5.9169993
0.48442498,5.9169993
0.48443,5.9169993
0.484435,5.9169993
0.48444,5.9169993
0.48444498,5.9169993
0.48444998,5.9169993
0.484455,5.9169993
0.48446,5.9169993
0.48446497,5.9169993
0.48446998,5.9169993
0.484475,5.9169993
0.48448,5.9169993
0.484485,5.9169993
0.48448998,5.9169993
0.48449498,5.9169993
0.4845,5.9169993
0.484505,5.9169993
0.48450997,5.9169993
0.48451498,5.9169993
0.48452,5.9169993
0.484525,5.9169993
0.48453,5.9169993
0.48453498,5.9169993
0.48454,5.9169993
0.484545,5.9169993
0.48455,5.9169993
0.48455498,5.9169993
0.48455998,5.9169993
0.484565,5.9169993
0.48457,5.9169993
0.48457497,5.9169993
0.48457998,5.9169993
0.484585,5.9169993
0.48459,5.9169993
0.484595,5.9169993
0.48459998,5.9169993
0.48460498,5.9169993
0.48461,5.9169993
0.484615,5.9169993
0.48461998,5.9169993
0.48462498,5.9169993
0.48463,5.9169993
0.484635,5.9169993
0.48464,5.9169993
0.48464498,5.9169993
0.48465,5.9169993
0.484655,5.9169993
0.48466,5.9169993
0.48466498,5.9169993
0.48466998,5.9169993
0.484675,5.9169993
0.48468,5.9169993
0.48468497,5.9169993
0.48468998,5.9169993
0.484695,5.9169993
0.4847,5.9169993
0.484705,5.9169993
0.48470998,5.9169993
0.48471498,5.9169993
0.48472,5.9169993
0.484725,5.9169993
0.48472998,5.9169993
0.48473498,5.9169993
0.48474,5.9169993
0.484745,5.9169993
0.48475,5.9169993
0.48475498,5.9169993
0.48476,5.9169993
0.484765,5.9169993
0.48477,5.9169993
0.48477498,5.9169993
0.48477998,5.9169993
0.484785,5.9169993
0.48479,5.9169993
0.48479497,5.9169993
0.48479998,5.9169993
0.484805,5.9169993
0.48481,5.9169993
0.484815,5.9169993
0.48481998,5.9169993
0.484825,5.9169993
0.48483,5.9169993
0.484835,5.9169993
0.48483998,5.9169993
0.48484498,5.9169993
0.48485,5.9169993
0.484855,5.9169993
0.48485997,5.9169993
0.48486498,5.9169993
0.48487,5.9169993
0.484875,5.9169993
0.48488,5.9169993
0.48488498,5.9169993
0.48488998,5.9169993
0.484895,5.9169993
0.4849,5.9169993
0.48490497,5.9169993
0.48490998,5.9169993
0.484915,5.9169993
0.48492,5.9169993
0.484925,5.9169993
0.48492998,5.9169993
0.484935,5.9169993
0.48494,5.9169993
0.484945,5.9169993
0.48494998,5.9169993
0.48495498,5.9169993
0.48496,5.9169993
0.484965,5.9169993
0.48496997,5.9169993
0.48497498,5.9169993
0.48498,5.9169993
0.484985,5.9169993
0.48499,5.9169993
0.48499498,5.9169993
0.48499998,5.9169993
0.485005,5.9169993
0.48501,5.9169993
0.48501498,5.9169993
0.48501998,5.9169993
0.485025,5.9169993
0.48503,5.9169993
0.485035,5.9169993
0.48503998,5.9169993
0.485045,5.9169993
0.48505,5.9169993
0.485055,5.9169993
0.48505998,5.9169993
0.48506498,5.9169993
0.48507,5.9169993
0.485075,5.9169993
0.48507997,5.9169993
0.48508498,5.9169993
0.48509,5.9169993
0.485095,5.9169993
0.4851,5.9169993
0.48510498,5.9169993
0.48510998,5.9169993
0.485115,5.9169993
0.48512,5.9169993
0.48512498,5.9169993
0.48512998,5.9169993
0.485135,5.9169993
0.48514,5.9169993
0.485145,5.9169993
0.48514998,5.9169993
0.485155,5.9169993
0.48516,5.9169993
0.485165,5.9169993
0.48516998,5.9169993
0.48517498,5.9169993
0.48518,5.9169993
0.485185,5.9169993
0.48518997,5.9169993
0.48519498,5.9169993
0.4852,5.9169993
0.485205,5.9169993
0.48521,5.9169993
0.48521498,5.9169993
0.48522,5.9169993
0.485225,5.9169993
0.48523,5.9169993
0.48523498,5.9169993
0.48523998,5.9169993
0.485245,5.9169993
0.48525,5.9169993
0.48525497,5.9169993
0.48525998,5.9169993
0.485265,5.9169993
0.48527,5.9169993
0.485275,5.9169993
0.48527998,5.9169993
0.48528498,5.9169993
0.48529,5.9169993
0.485295,5.9169993
0.48529997,5.9169993
0.48530498,5.9169993
0.48531,5.9169993
0.485315,5.9169993
0.48532,5.9169993
0.48532498,5.9169993
0.48533,5.9169993
0.485335,5.9169993
0.48534,5.9169993
0.48534498,5.9169993
0.48534998,5.9169993
0.485355,5.9169993
0.48536,5.9169993
0.48536497,5.9169993
0.48536998,5.9169993
0.485375,5.9169993
0.48538,5.9169993
0.485385,5.9169993
0.48538998,5.9169993
0.48539498,5.9169993
0.4854,5.9169993
0.485405,5.9169993
0.48540998,5.9169993
0.48541498,5.9169993
0.48542,5.9169993
0.485425,5.9169993
0.48543,5.9169993
0.48543498,5.9169993
0.48544,5.9169993
0.485445,5.9169993
0.48545,5.9169993
0.48545498,5.9169993
0.48545998,5.9169993
0.485465,5.9169993
0.48547,5.9169993
0.48547497,5.9169993
0.48547998,5.9169993
0.485485,5.9169993
0.48549,5.9169993
0.485495,5.9169993
0.48549998,5.9169993
0.48550498,5.9169993
0.48551,5.9169993
0.485515,5.9169993
0.48551998,5.9169993
0.48552498,5.9169993
0.48553,5.9169993
0.485535,5.9169993
0.48554,5.9169993
0.48554498,5.9169993
0.48555,5.9169993
0.485555,5.9169993
0.48556,5.9169993
0.48556498,5.9169993
0.48556998,5.9169993
0.485575,5.9169993
0.48558,5.9169993
0.48558497,5.9169993
0.48558998,5.9169993
0.485595,5.9169993
0.4856,5.9169993
0.485605,5.9169993
0.48560998,5.9169993
0.485615,5.9169993
0.48562,5.9169993
0.485625,5.9169993
0.48562998,5.9169993
0.48563498,5.9169993
0.48564,5.9169993
0.485645,5.9169993
0.48564997,5.9169993
0.48565498,5.9169993
0.48566,5.9169993
0.485665,5.9169993
0.48567,5.9169993
0.48567498,5.9169993
0.48567998,5.9169993
0.485685,5.9169993
0.48569,5.9169993
0.48569497,5.9169993
0.48569998,5.9169993
0.485705,5.9169993
0.48571,5.9169993
0.485715,5.9169993
0.48571998,5.9169993
0.485725,5.9169993
0.48573,5.9169993
0.485735,5.9169993
0.48573998,5.9169993
0.48574498,5.9169993
0.48575,5.9169993
0.485755,5.9169993
0.48575997,5.9169993
0.48576498,5.9169993
0.48577,5.9169993
0.485775,5.9169993
0.48578,5.9169993
0.48578498,5.9169993
0.48578998,5.9169993
0.485795,5.9169993
0.4858,5.9169993
0.48580498,5.9169993
0.48580998,5.9169993
0.485815,5.9169993
0.48582,5.9169993
0.485825,5.9169993
0.48582998,5.9169993
0.485835,5.9169993
0.48584,5.9169993
0.485845,5.9169993
0.48584998,5.9169993
0.48585498,5.9169993
0.48586,5.9169993
0.485865,5.9169993
0.48586997,5.9169993
0.48587498,5.9169993
0.48588,5.9169993
0.485885,5.9169993
0.48589,5.9169993
0.48589498,5.9169993
0.48589998,5.9169993
0.485905,5.9169993
0.48591,5.9169993
0.48591498,5.9169993
0.48591998,5.9169993
0.485925,5.9169993
0.48593,5.9169993
0.485935,5.9169993
0.48593998,5.9169993
0.485945,5.9169993
0.48595,5.9169993
0.485955,5.9169993
0.48595998,5.9169993
0.48596498,5.9169993
0.48597,5.9169993
0.485975,5.9169993
0.48597997,5.9169993
0.48598498,5.9169993
0.48599,5.9169993
0.485995,5.9169993
0.486,5.9169993
0.48600498,5.9169993
0.48601,5.9169993
0.486015,5.9169993
0.48602,5.9169993
0.48602498,5.9169993
0.48602998,5.9169993
0.486035,5.9169993
0.48604,5.9169993
0.48604497,5.9169993
0.48604998,5.9169993
0.486055,5.9169993
0.48606,5.9169993
0.486065,5.9169993
0.48606998,5.9169993
0.48607498,5.9169993
0.48608,5.9169993
0.486085,5.9169993
0.48608997,5.9169993
0.48609498,5.9169993
0.4861,5.9169993
0.486105,5.9169993
0.48611,5.9169993
0.48611498,5.9169993
0.48612,5.9169993
0.486125,5.9169993
0.48613,5.9169993
0.48613498,5.9169993
0.48613998,5.9169993
0.486145,5.9169993
0.48615,5.9169993
0.48615497,5.9169993
0.48615998,5.9169993
0.486165,5.9169993
0.48617,5.9169993
0.486175,5.9169993
0.48617998,5.9169993
0.48618498,5.9169993
0.48619,5.9169993
0.486195,5.9169993
0.48619998,5.9169993
0.48620498,5.9169993
0.48621,5.9169993
0.486215,5.9169993
0.48622,5.9169993
0.48622498,5.9169993
0.48623,5.9169993
0.486235,5.9169993
0.48624,5.9169993
0.48624498,5.9169993
0.48624998,5.9169993
0.486255,5.9169993
0.48626,5.9169993
0.48626497,5.9169993
0.48626998,5.9169993
0.486275,5.9169993
0.48628,5.9169993
0.486285,5.9169993
0.48628998,5.9169993
0.48629498,5.9169993
0.4863,5.9169993
0.486305,5.9169993
0.48630998,5.9169993
0.48631498,5.9169993
0.48632,5.9169993
0.486325,5.9169993
0.48633,5.9169993
0.48633498,5.9169993
0.48634,5.9169993
0.486345,5.9169993
0.48635,5.9169993
0.48635498,5.9169993
0.48635998,5.9169993
0.486365,5.9169993
0.48637,5.9169993
0.48637497,5.9169993
0.48637998,5.9169993
0.486385,5.9169993
0.48639,5.9169993
0.486395,5.9169993
0.48639998,5.9169993
0.486405,5.9169993
0.48641,5.9169993
0.486415,5.9169993
0.48641998,5.9169993
0.48642498,5.9169993
0.48643,5.9169993
0.486435,5.9169993
0.48643997,5.9169993
0.48644498,5.9169993
0.48645,5.9169993
0.486455,5.9169993
0.48646,5.9169993
0.48646498,5.9169993
0.48646998,5.9169993
0.486475,5.9169993
0.48648,5.9169993
0.48648497,5.9169993
0.48648998,5.9169993
0.486495,5.9169993
0.4865,5.9169993
0.486505,5.9169993
0.48650998,5.9169993
0.486515,5.9169993
0.48652,5.9169993
0.486525,5.9169993
0.48652998,5.9169993
0.48653498,5.9169993
0.48654,5.9169993
0.486545,5.9169993
0.48654997,5.9169993
0.48655498,5.9169993
0.48656,5.9169993
0.486565,5.9169993
0.48657,5.9169993
0.48657498,5.9169993
0.48657998,5.9169993
0.486585,5.9169993
0.48659,5.9169993
0.48659497,5.9169993
0.48659998,5.9169993
0.486605,5.9169993
0.48661,5.9169993
0.486615,5.9169993
0.48661998,5.9169993
0.486625,5.9169993
0.48663,5.9169993
0.486635,5.9169993
0.48663998,5.9169993
0.48664498,5.9169993
0.48665,5.9169993
0.486655,5.9169993
0.48665997,5.9169993
0.48666498,5.9169993
0.48667,5.9169993
0.486675,5.9169993
0.48668,5.9169993
0.48668498,5.9169993
0.48668998,5.9169993
0.486695,5.9169993
0.4867,5.9169993
0.48670498,5.9169993
0.48670998,5.9169993
0.486715,5.9169993
0.48672,5.9169993
0.486725,5.9169993
0.48672998,5.9169993
0.486735,5.9169993
0.48674,5.9169993
0.486745,5.9169993
0.48674998,5.9169993
0.48675498,5.9169993
0.48676,5.9169993
0.486765,5.9169993
0.48676997,5.9169993
0.48677498,5.9169993
0.48678,5.9169993
0.486785,5.9169993
0.48679,5.9169993
0.48679498,5.9169993
0.4868,5.9169993
0.486805,5.9169993
0.48681,5.9169993
0.48681498,5.9169993
0.48681998,5.9169993
0.486825,5.9169993
0.48683,5.9169993
0.48683497,5.9169993
0.48683998,5.9169993
0.486845,5.9169993
0.48685,5.9169993
0.486855,5.9169993
0.48685998,5.9169993
0.48686498,5.9169993
0.48687,5.9169993
0.486875,5.9169993
0.48687997,5.9169993
0.48688498,5.9169993
0.48689,5.9169993
0.486895,5.9169993
0.4869,5.9169993
0.48690498,5.9169993
0.48691,5.9169993
0.486915,5.9169993
0.48692,5.9169993
0.48692498,5.9169993
0.48692998,5.9169993
0.486935,5.9169993
0.48694,5.9169993
0.48694497,5.9169993
0.48694998,5.9169993
0.486955,5.9169993
0.48696,5.9169993
0.486965,5.9169993
0.48696998,5.9169993
0.48697498,5.9169993
0.48698,5.9169993
0.486985,5.9169993
0.48698997,5.9169993
0.48699498,5.9169993
0.487,5.9169993
0.487005,5.9169993
0.48701,5.9169993
0.48701498,5.9169993
0.48702,5.9169993
0.487025,5.9169993
0.48703,5.9169993
0.48703498,5.9169993
0.48703998,5.9169993
0.487045,5.9169993
0.48705,5.9169993
0.48705497,5.9169993
0.48705998,5.9169993
0.487065,5.9169993
0.48707,5.9169993
0.487075,5.9169993
0.48707998,5.9169993
0.48708498,5.9169993
0.48709,5.9169993
0.487095,5.9169993
0.48709998,5.9169993
0.48710498,5.9169993
0.48711,5.9169993
0.487115,5.9169993
0.48712,5.9169993
0.48712498,5.9169993
0.48713,5.9169993
0.487135,5.9169993
0.48714,5.9169993
0.48714498,5.9169993
0.48714998,5.9169993
0.487155,5.9169993
0.48716,5.9169993
0.48716497,5.9169993
0.48716998,5.9169993
0.487175,5.9169993
0.48718,5.9169993
0.487185,5.9169993
0.48718998,5.9169993
0.487195,5.9169993
0.4872,5.9169993
0.487205,5.9169993
0.48720998,5.9169993
0.48721498,5.9169993
0.48722,5.9169993
0.487225,5.9169993
0.48722997,5.9169993
0.48723498,5.9169993
0.48724,5.9169993
0.487245,5.9169993
0.48725,5.9169993
0.48725498,5.9169993
0.48725998,5.9169993
0.487265,5.9169993
0.48727,5.9169993
0.48727497,5.9169993
0.48727998,5.9169993
0.487285,5.9169993
0.48729,5.9169993
0.487295,5.9169993
0.48729998,5.9169993
0.487305,5.9169993
0.48731,5.9169993
0.487315,5.9169993
0.48731998,5.9169993
0.48732498,5.9169993
0.48733,5.9169993
0.487335,5.9169993
0.48733997,5.9169993
0.48734498,5.9169993
0.48735,5.9169993
0.487355,5.9169993
0.48736,5.9169993
0.48736498,5.9169993
0.48736998,5.9169993
0.487375,5.9169993
0.48738,5.9169993
0.48738497,5.9169993
0.48738998,5.9169993
0.487395,5.9169993
0.4874,5.9169993
0.487405,5.9169993
0.48740998,5.9169993
0.487415,5.9169993
0.48742,5.9169993
0.487425,5.9169993
0.48742998,5.9169993
0.48743498,5.9169993
0.48744,5.9169993
0.487445,5.9169993
0.48744997,5.9169993
0.48745498,5.9169993
0.48746,5.9169993
0.487465,5.9169993
0.48747,5.9169993
0.48747498,5.9169993
0.48747998,5.9169993
0.487485,5.9169993
0.48749,5.9169993
0.48749498,5.9169993
0.48749998,5.9169993
0.487505,5.9169993
0.48751,5.9169993
0.487515,5.9169993
0.48751998,5.9169993
0.487525,5.9169993
0.48753,5.9169993
0.487535,5.9169993
0.48753998,5.9169993
0.48754498,5.9169993
0.48755,5.9169993
0.487555,5.9169993
0.48755997,5.9169993
0.48756498,5.9169993
0.48757,5.9169993
0.487575,5.9169993
0.48758,5.9169993
0.48758498,5.9169993
0.48759,5.9169993
0.487595,5.9169993
0.4876,5.9169993
0.48760498,5.9169993
0.48760998,5.9169993
0.487615,5.9169993
0.48762,5.9169993
0.48762497,5.9169993
0.48762998,5.9169993
0.487635,5.9169993
0.48764,5.9169993
0.487645,5.9169993
0.48764998,5.9169993
0.48765498,5.9169993
0.48766,5.9169993
0.487665,5.9169993
0.48766997,5.9169993
0.48767498,5.9169993
0.48768,5.9169993
0.487685,5.9169993
0.48769,5.9169993
0.48769498,5.9169993
0.4877,5.9169993
0.487705,5.9169993
0.48771,5.9169993
0.48771498,5.9169993
0.48771998,5.9169993
0.487725,5.9169993
0.48773,5.9169993
0.48773497,5.9169993
0.48773998,5.9169993
0.487745,5.9169993
0.48775,5.9169993
0.487755,5.9169993
0.48775998,5.9169993
0.48776498,5.9169993
0.48777,5.9169993
0.487775,5.9169993
0.48777997,5.9169993
0.48778498,5.9169993
0.48779,5.9169993
0.487795,5.9169993
0.4878,5.9169993
0.48780498,5.9169993
0.48781,5.9169993
0.487815,5.9169993
0.48782,5.9169993
0.48782498,5.9169993
0.48782998,5.9169993
0.487835,5.9169993
0.48784,5.9169993
0.48784497,5.9169993
0.48784998,5.9169993
0.487855,5.9169993
0.48786,5.9169993
0.487865,5.9169993
0.48786998,5.9169993
0.48787498,5.9169993
0.48788,5.9169993
0.487885,5.9169993
0.48788998,5.9169993
0.48789498,5.9169993
0.4879,5.9169993
0.487905,5.9169993
0.48791,5.9169993
0.48791498,5.9169993
0.48792,5.9169993
0.487925,5.9169993
0.48793,5.9169993
0.48793498,5.9169993
0.48793998,5.9169993
0.487945,5.9169993
0.48795,5.9169993
0.48795497,5.9169993
0.48795998,5.9169993
0.487965,5.9169993
0.48797,5.9169993
0.487975,5.9169993
0.48797998,5.9169993
0.487985,5.9169993
0.48799,5.9169993
0.487995,5.9169993
0.48799998,5.9169993
0.48800498,5.9169993
0.48801,5.9169993
0.488015,5.9169993
0.48801997,5.9169993
0.48802498,5.9169993
0.48803,5.9169993
0.488035,5.9169993
0.48804,5.9169993
0.48804498,5.9169993
0.48804998,5.9169993
0.488055,5.9169993
0.48806,5.9169993
0.48806497,5.9169993
0.48806998,5.9169993
0.488075,5.9169993
0.48808,5.9169993
0.488085,5.9169993
0.48808998,5.9169993
0.488095,5.9169993
0.4881,5.9169993
0.488105,5.9169993
0.48810998,5.9169993
0.48811498,5.9169993
0.48812,5.9169993
0.488125,5.9169993
0.48812997,5.9169993
0.48813498,5.9169993
0.48814,5.9169993
0.488145,5.9169993
0.48815,5.9169993
0.48815498,5.9169993
0.48815998,5.9169993
0.488165,5.9169993
0.48817,5.9169993
0.48817497,5.9169993
0.48817998,5.9169993
0.488185,5.9169993
0.48819,5.9169993
0.488195,5.9169993
0.48819998,5.9169993
0.488205,5.9169993
0.48821,5.9169993
0.488215,5.9169993
0.48821998,5.9169993
0.48822498,5.9169993
0.48823,5.9169993
0.488235,5.9169993
0.48823997,5.9169993
0.48824498,5.9169993
0.48825,5.9169993
0.488255,5.9169993
0.48826,5.9169993
0.48826498,5.9169993
0.48826998,5.9169993
0.488275,5.9169993
0.48828,5.9169993
0.48828498,5.9169993
0.48828998,5.9169993
0.488295,5.9169993
0.4883,5.9169993
0.488305,5.9169993
0.48830998,5.9169993
0.488315,5.9169993
0.48832,5.9169993
0.488325,5.9169993
0.48832998,5.9169993
0.48833498,5.9169993
0.48834,5.9169993
0.488345,5.9169993
0.48834997,5.9169993
0.48835498,5.9169993
0.48836,5.9169993
0.488365,5.9169993
0.48837,5.9169993
0.48837498,5.9169993
0.48837999,5.9169993
0.488385,5.9169993
0.48839,5.9169993
0.48839498,5.9169993
0.48839998,5.9169993
0.488405,5.9169993
0.48841,5.9169993
0.48841497,5.9169993
0.48841998,5.9169993
0.488425,5.9169993
0.48843,5.9169993
0.488435,5.9169993
0.48843998,5.9169993
0.48844498,5.9169993
0.48845,5.9169993
0.488455,5.9169993
0.48845997,5.9169993
0.48846498,5.9169993
0.48847,5.9169993
0.488475,5.9169993
0.48848,5.9169993
0.48848498,5.9169993
0.48849,5.9169993
0.488495,5.9169993
0.4885,5.9169993
0.48850498,5.9169993
0.48850998,5.9169993
0.488515,5.9169993
0.48852,5.9169993
0.48852497,5.9169993
0.48852998,5.9169993
0.488535,5.9169993
0.48854,5.9169993
0.488545,5.9169993
0.48854998,5.9169993
0.48855498,5.9169993
0.48856,5.9169993
0.488565,5.9169993
0.48856997,5.9169993
0.48857498,5.9169993
0.48858,5.9169993
0.488585,5.9169993
0.48859,5.9169993
0.48859498,5.9169993
0.4886,5.9169993
0.488605,5.9169993
0.48861,5.9169993
0.48861498,5.9169993
0.48861998,5.9169993
0.488625,5.9169993
0.48863,5.9169993
0.48863497,5.9169993
0.48863998,5.9169993
0.488645,5.9169993
0.48865,5.9169993
0.488655,5.9169993
0.48865998,5.9169993
0.48866498,5.9169993
0.48867,5.9169993
0.488675,5.9169993
0.48867998,5.9169993
0.48868498,5.9169993
0.48869,5.9169993
0.488695,5.9169993
0.4887,5.9169993
0.48870498,5.9169993
0.48871,5.9169993
0.488715,5.9169993
0.48872,5.9169993
0.48872498,5.9169993
0.48872998,5.9169993
0.488735,5.9169993
0.48874,5.9169993
0.48874497,5.9169993
0.48874998,5.9169993
0.488755,5.9169993
0.48876,5.9169993
0.488765,5.9169993
0.48876998,5.9169993
0.48877499,5.9169993
0.48878,5.9169993
0.488785,5.9169993
0.48878998,5.9169993
0.48879498,5.9169993
0.4888,5.9169993
0.488805,5.9169993
0.48880997,5.9169993
0.48881498,5.9169993
0.48882,5.9169993
0.488825,5.9169993
0.48883,5.9169993
0.48883498,5.9169993
0.48883998,5.9169993
0.488845,5.9169993
0.48885,5.9169993
0.48885497,5.9169993
0.48885998,5.9169993
0.488865,5.9169993
0.48887,5.9169993
0.488875,5.9169993
0.48887998,5.9169993
0.488885,5.9169993
0.48889,5.9169993
0.488895,5.9169993
0.48889998,5.9169993
0.48890498,5.9169993
0.48891,5.9169993
0.488915,5.9169993
0.48891997,5.9169993
0.48892498,5.9169993
0.48893,5.9169993
0.488935,5.9169993
0.48894,5.9169993
0.48894498,5.9169993
0.48894998,5.9169993
0.488955,5.9169993
0.48896,5.9169993
0.48896497,5.9169993
0.48896998,5.9169993
0.488975,5.9169993
0.48898,5.9169993
0.488985,5.9169993
0.48898998,5.9169993
0.488995,5.9169993
0.489,5.9169993
0.489005,5.9169993
0.48900998,5.9169993
0.48901498,5.9169993
0.48902,5.9169993
0.489025,5.9169993
0.48902997,5.9169993
0.48903498,5.9169993
0.48904,5.9169993
0.489045,5.9169993
0.48905,5.9169993
0.48905498,5.9169993
0.48905998,5.9169993
0.489065,5.9169993
0.48907,5.9169993
0.48907498,5.9169993
0.48907998,5.9169993
0.489085,5.9169993
0.48909,5.9169993
0.489095,5.9169993
0.48909998,5.9169993
0.489105,5.9169993
0.48911,5.9169993
0.489115,5.9169993
0.48911998,5.9169993
0.48912498,5.9169993
0.48913,5.9169993
0.489135,5.9169993
0.48913997,5.9169993
0.48914498,5.9169993
0.48915,5.9169993
0.489155,5.9169993
0.48916,5.9169993
0.48916498,5.9169993
0.48916999,5.9169993
0.489175,5.9169993
0.48918,5.9169993
0.48918498,5.9169993
0.48918998,5.9169993
0.489195,5.9169993
0.4892,5.9169993
0.48920497,5.9169993
0.48920998,5.9169993
0.489215,5.9169993
0.48922,5.9169993
0.489225,5.9169993
0.48922998,5.9169993
0.48923498,5.9169993
0.48924,5.9169993
0.489245,5.9169993
0.48924997,5.9169993
0.48925498,5.9169993
0.48926,5.9169993
0.489265,5.9169993
0.48927,5.9169993
0.48927498,5.9169993
0.48928,5.9169993
0.489285,5.9169993
0.48929,5.9169993
0.48929498,5.9169993
0.48929998,5.9169993
0.489305,5.9169993
0.48931,5.9169993
0.48931497,5.9169993
0.48931998,5.9169993
0.489325,5.9169993
0.48933,5.9169993
0.489335,5.9169993
0.48933998,5.9169993
0.48934498,5.9169993
0.48935,5.9169993
0.489355,5.9169993
0.48935997,5.9169993
0.48936498,5.9169993
0.48937,5.9169993
0.489375,5.9169993
0.48938,5.9169993
0.48938498,5.9169993
0.48939,5.9169993
0.489395,5.9169993
0.4894,5.9169993
0.48940498,5.9169993
0.48940998,5.9169993
0.489415,5.9169993
0.48942,5.9169993
0.48942497,5.9169993
0.48942998,5.9169993
0.489435,5.9169993
0.48944,5.9169993
0.489445,5.9169993
0.48944998,5.9169993
0.48945498,5.9169993
0.48946,5.9169993
0.489465,5.9169993
0.48946998,5.9169993
0.48947498,5.9169993
0.48948,5.9169993
0.489485,5.9169993
0.48949,5.9169993
0.48949498,5.9169993
0.4895,5.9169993
0.489505,5.9169993
0.48951,5.9169993
0.48951498,5.9169993
0.48951998,5.9169993
0.489525,5.9169993
0.48953,5.9169993
0.48953497,5.9169993
0.48953998,5.9169993
0.489545,5.9169993
0.48955,5.9169993
0.489555,5.9169993
0.48955998,5.9169993
0.48956499,5.9169993
0.48957,5.9169993
0.489575,5.9169993
0.48957998,5.9169993
0.48958498,5.9169993
0.48959,5.9169993
0.489595,5.9169993
0.48959997,5.9169993
0.48960498,5.9169993
0.48961,5.9169993
0.489615,5.9169993
0.48962,5.9169993
0.48962498,5.9169993
0.48962998,5.9169993
0.489635,5.9169993
0.48964,5.9169993
0.48964497,5.9169993
0.48964998,5.9169993
0.489655,5.9169993
0.48966,5.9169993
0.489665,5.9169993
0.48966998,5.9169993
0.489675,5.9169993
0.48968,5.9169993
0.489685,5.9169993
0.48968998,5.9169993
0.48969498,5.9169993
0.4897,5.9169993
0.489705,5.9169993
0.48970997,5.9169993
0.48971498,5.9169993
0.48972,5.9169993
0.489725,5.9169993
0.48973,5.9169993
0.48973498,5.9169993
0.48973998,5.9169993
0.489745,5.9169993
0.48975,5.9169993
0.48975497,5.9169993
0.48975998,5.9169993
0.489765,5.9169993
0.48977,5.9169993
0.489775,5.9169993
0.48977998,5.9169993
0.489785,5.9169993
0.48979,5.9169993
0.489795,5.9169993
0.48979998,5.9169993
0.48980498,5.9169993
0.48981,5.9169993
0.489815,5.9169993
0.48981997,5.9169993
0.48982498,5.9169993
0.48983,5.9169993
0.489835,5.9169993
0.48984,5.9169993
0.48984498,5.9169993
0.48984998,5.9169993
0.489855,5.9169993
0.48986,5.9169993
0.48986498,5.9169993
0.48986998,5.9169993
0.489875,5.9169993
0.48988,5.9169993
0.489885,5.9169993
0.48988998,5.9169993
0.489895,5.9169993
0.4899,5.9169993
0.489905,5.9169993
0.48990998,5.9169993
0.48991498,5.9169993
0.48992,5.9169993
0.489925,5.9169993
0.48992997,5.9169993
0.48993498,5.9169993
0.48994,5.9169993
0.489945,5.9169993
0.48995,5.9169993
0.48995498,5.9169993
0.48995999,5.9169993
0.489965,5.9169993
0.48997,5.9169993
0.48997498,5.9169993
0.48997998,5.9169993
0.489985,5.9169993
0.48999,5.9169993
0.48999497,5.9169993
0.48999998,5.9169993
0.490005,5.9169993
0.49001,5.9169993
0.490015,5.9169993
0.49001998,5.9169993
0.49002498,5.9169993
0.49003,5.9169993
0.490035,5.9169993
0.49003997,5.9169993
0.49004498,5.9169993
0.49005,5.9169993
0.490055,5.9169993
0.49006,5.9169993
0.49006498,5.9169993
0.49007,5.9169993
0.490075,5.9169993
0.49008,5.9169993
0.49008498,5.9169993
0.49008998,5.9169993
0.490095,5.9169993
0.4901,5.9169993
0.49010497,5.9169993
0.49010998,5.9169993
0.490115,5.9169993
0.49012,5.9169993
0.490125,5.9169993
0.49012998,5.9169993
0.49013498,5.9169993
0.49014,5.9169993
0.490145,5.9169993
0.49014997,5.9169993
0.49015498,5.9169993
0.49016,5.9169993
0.490165,5.9169993
0.49017,5.9169993
0.49017498,5.9169993
0.49018,5.9169993
0.490185,5.9169993
0.49019,5.9169993
0.49019498,5.9169993
0.49019998,5.9169993
0.490205,5.9169993
0.49021,5.9169993
0.49021497,5.9169993
0.49021998,5.9169993
0.490225,5.9169993
0.49023,5.9169993
0.490235,5.9169993
0.49023998,5.9169993
0.49024498,5.9169993
0.49025,5.9169993
0.490255,5.9169993
0.49025998,5.9169993
0.49026498,5.9169993
0.49027,5.9169993
0.490275,5.9169993
0.49028,5.9169993
0.49028498,5.9169993
0.49029,5.9169993
0.490295,5.9169993
0.4903,5.9169993
0.49030498,5.9169993
0.49030998,5.9169993
0.490315,5.9169993
0.49032,5.9169993
0.49032497,5.9169993
0.49032998,5.9169993
0.490335,5.9169993
0.49034,5.9169993
0.490345,5.9169993
0.49034998,5.9169993
0.49035498,5.9169993
0.49036,5.9169993
0.490365,5.9169993
0.49036998,5.9169993
0.49037498,5.9169993
0.49038,5.9169993
0.490385,5.9169993
0.49038997,5.9169993
0.49039498,5.9169993
0.4904,5.9169993
0.490405,5.9169993
0.49041,5.9169993
0.49041498,5.9169993
0.49041998,5.9169993
0.490425,5.9169993
0.49043,5.9169993
0.49043497,5.9169993
0.49043998,5.9169993
0.490445,5.9169993
0.49045,5.9169993
0.490455,5.9169993
0.49045998,5.9169993
0.490465,5.9169993
0.49047,5.9169993
0.490475,5.9169993
0.49047998,5.9169993
0.49048498,5.9169993
0.49049,5.9169993
0.490495,5.9169993
0.49049997,5.9169993
0.49050498,5.9169993
0.49051,5.9169993
0.490515,5.9169993
0.49052,5.9169993
0.49052498,5.9169993
0.49052998,5.9169993
0.490535,5.9169993
0.49054,5.9169993
0.49054497,5.9169993
0.49054998,5.9169993
0.490555,5.9169993
0.49056,5.9169993
0.490565,5.9169993
0.49056998,5.9169993
0.490575,5.9169993
0.49058,5.9169993
0.490585,5.9169993
0.49058998,5.9169993
0.49059498,5.9169993
0.4906,5.9169993
0.490605,5.9169993
0.49060997,5.9169993
0.49061498,5.9169993
0.49062,5.9169993
0.490625,5.9169993
0.49063,5.9169993
0.49063498,5.9169993
0.49063998,5.9169993
0.490645,5.9169993
0.49065,5.9169993
0.49065498,5.9169993
0.49065998,5.9169993
0.490665,5.9169993
0.49067,5.9169993
0.490675,5.9169993
0.49067998,5.9169993
0.490685,5.9169993
0.49069,5.9169993
0.490695,5.9169993
0.49069998,5.9169993
0.49070498,5.9169993
0.49071,5.9169993
0.490715,5.9169993
0.49071997,5.9169993
0.49072498,5.9169993
0.49073,5.9169993
0.490735,5.9169993
0.49074,5.9169993
0.49074498,5.9169993
0.49074998,5.9169993
0.490755,5.9169993
0.49076,5.9169993
0.49076498,5.9169993
0.49076998,5.9169993
0.490775,5.9169993
0.49078,5.9169993
0.49078497,5.9169993
0.49078998,5.9169993
0.490795,5.9169993
0.4908,5.9169993
0.490805,5.9169993
0.49080998,5.9169993
0.49081498,5.9169993
0.49082,5.9169993
0.490825,5.9169993
0.49082997,5.9169993
0.49083498,5.9169993
0.49084,5.9169993
0.490845,5.9169993
0.49085,5.9169993
0.49085498,5.9169993
0.49086,5.9169993
0.490865,5.9169993
0.49087,5.9169993
0.49087498,5.9169993
0.49087998,5.9169993
0.490885,5.9169993
0.49089,5.9169993
0.49089497,5.9169993
0.49089998,5.9169993
0.490905,5.9169993
0.49091,5.9169993
0.490915,5.9169993
0.49091998,5.9169993
0.49092498,5.9169993
0.49093,5.9169993
0.490935,5.9169993
0.49093997,5.9169993
0.49094498,5.9169993
0.49095,5.9169993
0.490955,5.9169993
0.49096,5.9169993
0.49096498,5.9169993
0.49097,5.9169993
0.490975,5.9169993
0.49098,5.9169993
0.49098498,5.9169993
0.49098998,5.9169993
0.490995,5.9169993
0.491,5.9169993
0.49100497,5.9169993
0.49100998,5.9169993
0.491015,5.9169993
0.49102,5.9169993
0.491025,5.9169993
0.49102998,5.9169993
0.49103498,5.9169993
0.49104,5.9169993
0.491045,5.9169993
0.49104998,5.9169993
0.49105498,5.9169993
0.49106,5.9169993
0.491065,5.9169993
0.49107,5.9169993
0.49107498,5.9169993
0.49108,5.9169993
0.491085,5.9169993
0.49109,5.9169993
0.49109498,5.9169993
0.49109998,5.9169993
0.491105,5.9169993
0.49111,5.9169993
0.49111497,5.9169993
0.49111998,5.9169993
0.491125,5.9169993
0.49113,5.9169993
0.491135,5.9169993
0.49113998,5.9169993
0.49114498,5.9169993
0.49115,5.9169993
0.491155,5.9169993
0.49115998,5.9169993
0.49116498,5.9169993
0.49117,5.9169993
0.491175,5.9169993
0.49117997,5.9169993
0.49118498,5.9169993
0.49119,5.9169993
0.491195,5.9169993
0.4912,5.9169993
0.49120498,5.9169993
0.49120998,5.9169993
0.491215,5.9169993
0.49122,5.9169993
0.49122497,5.9169993
0.49122998,5.9169993
0.491235,5.9169993
0.49124,5.9169993
0.491245,5.9169993
0.49124998,5.9169993
0.491255,5.9169993
0.49126,5.9169993
0.491265,5.9169993
0.49126998,5.9169993
0.49127498,5.9169993
0.49128,5.9169993
0.491285,5.9169993
0.49128997,5.9169993
0.49129498,5.9169993
0.4913,5.9169993
0.491305,5.9169993
0.49131,5.9169993
0.49131498,5.9169993
0.49131998,5.9169993
0.491325,5.9169993
0.49133,5.9169993
0.49133497,5.9169993
0.49133998,5.9169993
0.491345,5.9169993
0.49135,5.9169993
0.491355,5.9169993
0.49135998,5.9169993
0.491365,5.9169993
0.49137,5.9169993
0.491375,5.9169993
0.49137998,5.9169993
0.49138498,5.9169993
0.49139,5.9169993
0.491395,5.9169993
0.49139997,5.9169993
0.49140498,5.9169993
0.49141,5.9169993
0.491415,5.9169993
0.49142,5.9169993
0.49142498,5.9169993
0.49142998,5.9169993
0.491435,5.9169993
0.49144,5.9169993
0.49144498,5.9169993
0.49144998,5.9169993
0.491455,5.9169993
0.49146,5.9169993
0.491465,5.9169993
0.49146998,5.9169993
0.491475,5.9169993
0.49148,5.9169993
0.491485,5.9169993
0.49148998,5.9169993
0.49149498,5.9169993
0.4915,5.9169993
0.491505,5.9169993
0.49150997,5.9169993
0.49151498,5.9169993
0.49152,5.9169993
0.491525,5.9169993
0.49153,5.9169993
0.49153498,5.9169993
0.49153998,5.9169993
0.491545,5.9169993
0.49155,5.9169993
0.49155498,5.9169993
0.49155998,5.9169993
0.491565,5.9169993
0.49157,5.9169993
0.49157497,5.9169993
0.49157998,5.9169993
0.491585,5.9169993
0.49159,5.9169993
0.491595,5.9169993
0.49159998,5.9169993
0.49160498,5.9169993
0.49161,5.9169993
0.491615,5.9169993
0.49161997,5.9169993
0.49162498,5.9169993
0.49163,5.9169993
0.491635,5.9169993
0.49164,5.9169993
0.49164498,5.9169993
0.49165,5.9169993
0.491655,5.9169993
0.49166,5.9169993
0.49166498,5.9169993
0.49166998,5.9169993
0.491675,5.9169993
0.49168,5.9169993
0.49168497,5.9169993
0.49168998,5.9169993
0.491695,5.9169993
0.4917,5.9169993
0.491705,5.9169993
0.49170998,5.9169993
0.49171498,5.9169993
0.49172,5.9169993
0.491725,5.9169993
0.49172997,5.9169993
0.49173498,5.9169993
0.49174,5.9169993
0.491745,5.9169993
0.49175,5.9169993
0.49175498,5.9169993
0.49176,5.9169993
0.491765,5.9169993
0.49177,5.9169993
0.49177498,5.9169993
0.49177998,5.9169993
0.491785,5.9169993
0.49179,5.9169993
0.49179497,5.9169993
0.49179998,5.9169993
0.491805,5.9169993
0.49181,5.9169993
0.491815,5.9169993
0.49181998,5.9169993
0.49182498,5.9169993
0.49183,5.9169993
0.491835,5.9169993
0.49183998,5.9169993
0.49184498,5.9169993
0.49185,5.9169993
0.491855,5.9169993
0.49186,5.9169993
0.49186498,5.9169993
0.49187,5.9169993
0.491875,5.9169993
0.49188,5.9169993
0.49188498,5.9169993
0.49188998,5.9169993
0.491895,5.9169993
0.4919,5.9169993
0.49190497,5.9169993
0.49190998,5.9169993
0.491915,5.9169993
0.49192,5.9169993
0.491925,5.9169993
0.49192998,5.9169993
0.49193498,5.9169993
0.49194,5.9169993
0.491945,5.9169993
0.49194998,5.9169993
0.49195498,5.9169993
0.49196,5.9169993
0.491965,5.9169993
0.49196997,5.9169993
0.49197498,5.9169993
0.49198,5.9169993
0.491985,5.9169993
0.49199,5.9169993
0.49199498,5.9169993
0.49199998,5.9169993
0.492005,5.9169993
0.49201,5.9169993
0.49201497,5.9169993
0.49201998,5.9169993
0.492025,5.9169993
0.49203,5.9169993
0.492035,5.9169993
0.49203998,5.9169993
0.492045,5.9169993
0.49205,5.9169993
0.492055,5.9169993
0.49205998,5.9169993
0.49206498,5.9169993
0.49207,5.9169993
0.492075,5.9169993
0.49207997,5.9169993
0.49208498,5.9169993
0.49209,5.9169993
0.492095,5.9169993
0.4921,5.9169993
0.49210498,5.9169993
0.49210998,5.9169993
0.492115,5.9169993
0.49212,5.9169993
0.49212497,5.9169993
0.49212998,5.9169993
0.492135,5.9169993
0.49214,5.9169993
0.492145,5.9169993
0.49214998,5.9169993
0.492155,5.9169993
0.49216,5.9169993
0.492165,5.9169993
0.49216998,5.9169993
0.49217498,5.9169993
0.49218,5.9169993
0.492185,5.9169993
0.49218997,5.9169993
0.49219498,5.9169993
0.4922,5.9169993
0.492205,5.9169993
0.49221,5.9169993
0.49221498,5.9169993
0.49221998,5.9169993
0.492225,5.9169993
0.49223,5.9169993
0.49223498,5.9169993
0.49223998,5.9169993
0.492245,5.9169993
0.49225,5.9169993
0.492255,5.9169993
0.49225998,5.9169993
0.492265,5.9169993
0.49227,5.9169993
0.492275,5.9169993
0.49227998,5.9169993
0.49228498,5.9169993
0.49229,5.9169993
0.492295,5.9169993
0.49229997,5.9169993
0.49230498,5.9169993
0.49231,5.9169993
0.492315,5.9169993
0.49232,5.9169993
0.49232498,5.9169993
0.49232998,5.9169993
0.492335,5.9169993
0.49234,5.9169993
0.49234498,5.9169993
0.49234998,5.9169993
0.492355,5.9169993
0.49236,5.9169993
0.49236497,5.9169993
0.49236998,5.9169993
0.492375,5.9169993
0.49238,5.9169993
0.492385,5.9169993
0.49238998,5.9169993
0.49239498,5.9169993
0.4924,5.9169993
0.492405,5.9169993
0.49240997,5.9169993
0.49241498,5.9169993
0.49242,5.9169993
0.492425,5.9169993
0.49243,5.9169993
0.49243498,5.9169993
0.49244,5.9169993
0.492445,5.9169993
0.49245,5.9169993
0.49245498,5.9169993
0.49245998,5.9169993
0.492465,5.9169993
0.49247,5.9169993
0.49247497,5.9169993
0.49247998,5.9169993
0.492485,5.9169993
0.49249,5.9169993
0.492495,5.9169993
0.49249998,5.9169993
0.49250498,5.9169993
0.49251,5.9169993
0.492515,5.9169993
0.49251997,5.9169993
0.49252498,5.9169993
0.49253,5.9169993
0.492535,5.9169993
0.49254,5.9169993
0.49254498,5.9169993
0.49255,5.9169993
0.492555,5.9169993
0.49256,5.9169993
0.49256498,5.9169993
0.49256998,5.9169993
0.492575,5.9169993
0.49258,5.9169993
0.49258497,5.9169993
0.49258998,5.9169993
0.492595,5.9169993
0.4926,5.9169993
0.492605,5.9169993
0.49260998,5.9169993
0.49261498,5.9169993
0.49262,5.9169993
0.492625,5.9169993
0.49262998,5.9169993
0.49263498,5.9169993
0.49264,5.9169993
0.492645,5.9169993
0.49265,5.9169993
0.49265498,5.9169993
0.49266,5.9169993
0.492665,5.9169993
0.49267,5.9169993
0.49267498,5.9169993
0.49267998,5.9169993
0.492685,5.9169993
0.49269,5.9169993
0.49269497,5.9169993
0.49269998,5.9169993
0.492705,5.9169993
0.49271,5.9169993
0.492715,5.9169993
0.49271998,5.9169993
0.49272498,5.9169993
0.49273,5.9169993
0.492735,5.9169993
0.49273998,5.9169993
0.49274498,5.9169993
0.49275,5.9169993
0.492755,5.9169993
0.49275997,5.9169993
0.49276498,5.9169993
0.49277,5.9169993
0.492775,5.9169993
0.49278,5.9169993
0.49278498,5.9169993
0.49278998,5.9169993
0.492795,5.9169993
0.4928,5.9169993
0.49280497,5.9169993
0.49280998,5.9169993
0.492815,5.9169993
0.49282,5.9169993
0.492825,5.9169993
0.49282998,5.9169993
0.492835,5.9169993
0.49284,5.9169993
0.492845,5.9169993
0.49284998,5.9169993
0.49285498,5.9169993
0.49286,5.9169993
0.492865,5.9169993
0.49286997,5.9169993
0.49287498,5.9169993
0.49288,5.9169993
0.492885,5.9169993
0.49289,5.9169993
0.49289498,5.9169993
0.49289998,5.9169993
0.492905,5.9169993
0.49291,5.9169993
0.49291497,5.9169993
0.49291998,5.9169993
0.492925,5.9169993
0.49293,5.9169993
0.492935,5.9169993
0.49293998,5.9169993
0.492945,5.9169993
0.49295,5.9169993
0.492955,5.9169993
0.49295998,5.9169993
0.49296498,5.9169993
0.49297,5.9169993
0.492975,5.9169993
0.49297997,5.9169993
0.49298498,5.9169993
0.49299,5.9169993
0.492995,5.9169993
0.493,5.9169993
0.49300498,5.9169993
0.49300998,5.9169993
0.493015,5.9169993
0.49302,5.9169993
0.49302498,5.9169993
0.49302998,5.9169993
0.493035,5.9169993
0.49304,5.9169993
0.493045,5.9169993
0.49304998,5.9169993
0.493055,5.9169993
0.49306,5.9169993
0.493065,5.9169993
0.49306998,5.9169993
0.49307498,5.9169993
0.49308,5.9169993
0.493085,5.9169993
0.49308997,5.9169993
0.49309498,5.9169993
0.4931,5.9169993
0.493105,5.9169993
0.49311,5.9169993
0.49311498,5.9169993
0.49311998,5.9169993
0.493125,5.9169993
0.49313,5.9169993
0.49313498,5.9169993
0.49313998,5.9169993
0.493145,5.9169993
0.49315,5.9169993
0.49315497,5.9169993
0.49315998,5.9169993
0.493165,5.9169993
0.49317,5.9169993
0.493175,5.9169993
0.49317998,5.9169993
0.49318498,5.9169993
0.49319,5.9169993
0.493195,5.9169993
0.49319997,5.9169993
0.49320498,5.9169993
0.49321,5.9169993
0.493215,5.9169993
0.49322,5.9169993
0.49322498,5.9169993
0.49323,5.9169993
0.493235,5.9169993
0.49324,5.9169993
0.49324498,5.9169993
0.49324998,5.9169993
0.493255,5.9169993
0.49326,5.9169993
0.49326497,5.9169993
0.49326998,5.9169993
0.493275,5.9169993
0.49328,5.9169993
0.493285,5.9169993
0.49328998,5.9169993
0.49329498,5.9169993
0.4933,5.9169993
0.493305,5.9169993
0.49330997,5.9169993
0.49331498,5.9169993
0.49332,5.9169993
0.493325,5.9169993
0.49333,5.9169993
0.49333498,5.9169993
0.49334,5.9169993
0.493345,5.9169993
0.49335,5.9169993
0.49335498,5.9169993
0.49335998,5.9169993
0.493365,5.9169993
0.49337,5.9169993
0.49337497,5.9169993
0.49337998,5.9169993
0.493385,5.9169993
0.49339,5.9169993
0.493395,5.9169993
0.49339998,5.9169993
0.49340498,5.9169993
0.49341,5.9169993
0.493415,5.9169993
0.49341998,5.9169993
0.49342498,5.9169993
0.49343,5.9169993
0.493435,5.9169993
0.49344,5.9169993
0.49344498,5.9169993
0.49345,5.9169993
0.493455,5.9169993
0.49346,5.9169993
0.49346498,5.9169993
0.49346998,5.9169993
0.493475,5.9169993
0.49348,5.9169993
0.49348497,5.9169993
0.49348998,5.9169993
0.493495,5.9169993
0.4935,5.9169993
0.493505,5.9169993
0.49350998,5.9169993
0.49351498,5.9169993
0.49352,5.9169993
0.493525,5.9169993
0.49352998,5.9169993
0.49353498,5.9169993
0.49354,5.9169993
0.493545,5.9169993
0.49354997,5.9169993
0.49355498,5.9169993
0.49356,5.9169993
0.493565,5.9169993
0.49357,5.9169993
0.49357498,5.9169993
0.49357998,5.9169993
0.493585,5.9169993
0.49359,5.9169993
0.49359497,5.9169993
0.49359998,5.9169993
0.493605,5.9169993
0.49361,5.9169993
0.493615,5.9169993
0.49361998,5.9169993
0.493625,5.9169993
0.49363,5.9169993
0.493635,5.9169993
0.49363998,5.9169993
0.49364498,5.9169993
0.49365,5.9169993
0.493655,5.9169993
0.49365997,5.9169993
0.49366498,5.9169993
0.49367,5.9169993
0.493675,5.9169993
0.49368,5.9169993
0.49368498,5.9169993
0.49368998,5.9169993
0.493695,5.9169993
0.4937,5.9169993
0.49370497,5.9169993
0.49370998,5.9169993
0.493715,5.9169993
0.49372,5.9169993
0.493725,5.9169993
0.49372998,5.9169993
0.493735,5.9169993
0.49374,5.9169993
0.493745,5.9169993
0.49374998,5.9169993
0.49375498,5.9169993
0.49376,5.9169993
0.493765,5.9169993
0.49376997,5.9169993
0.49377498,5.9169993
0.49378,5.9169993
0.493785,5.9169993
0.49379,5.9169993
0.49379498,5.9169993
0.49379998,5.9169993
0.493805,5.9169993
0.49381,5.9169993
0.49381498,5.9169993
0.49381998,5.9169993
0.493825,5.9169993
0.49383,5.9169993
0.493835,5.9169993
0.49383998,5.9169993
0.493845,5.9169993
0.49385,5.9169993
0.493855,5.9169993
0.49385998,5.9169993
0.49386498,5.9169993
0.49387,5.9169993
0.493875,5.9169993
0.49387997,5.9169993
0.49388498,5.9169993
0.49389,5.9169993
0.493895,5.9169993
0.4939,5.9169993
0.49390498,5.9169993
0.49390998,5.9169993
0.493915,5.9169993
0.49392,5.9169993
0.49392498,5.9169993
0.49392998,5.9169993
0.493935,5.9169993
0.49394,5.9169993
0.49394497,5.9169993
0.49394998,5.9169993
0.493955,5.9169993
0.49396,5.9169993
0.493965,5.9169993
0.49396998,5.9169993
0.49397498,5.9169993
0.49398,5.9169993
0.493985,5.9169993
0.49398997,5.9169993
0.49399498,5.9169993
0.494,5.9169993
0.494005,5.9169993
0.49401,5.9169993
0.49401498,5.9169993
0.49402,5.9169993
0.494025,5.9169993
0.49403,5.9169993
0.49403498,5.9169993
0.49403998,5.9169993
0.494045,5.9169993
0.49405,5.9169993
0.49405497,5.9169993
0.49405998,5.9169993
0.494065,5.9169993
0.49407,5.9169993
0.494075,5.9169993
0.49407998,5.9169993
0.49408498,5.9169993
0.49409,5.9169993
0.494095,5.9169993
0.49409997,5.9169993
0.49410498,5.9169993
0.49411,5.9169993
0.494115,5.9169993
0.49412,5.9169993
0.49412498,5.9169993
0.49413,5.9169993
0.494135,5.9169993
0.49414,5.9169993
0.49414498,5.9169993
0.49414998,5.9169993
0.494155,5.9169993
0.49416,5.9169993
0.49416497,5.9169993
0.49416998,5.9169993
0.494175,5.9169993
0.49418,5.9169993
0.494185,5.9169993
0.49418998,5.9169993
0.49419498,5.9169993
0.4942,5.9169993
0.494205,5.9169993
0.49420998,5.9169993
0.49421498,5.9169993
0.49422,5.9169993
0.494225,5.9169993
0.49423,5.9169993
0.49423498,5.9169993
0.49424,5.9169993
0.494245,5.9169993
0.49425,5.9169993
0.49425498,5.9169993
0.49425998,5.9169993
0.494265,5.9169993
0.49427,5.9169993
0.49427497,5.9169993
0.49427998,5.9169993
0.494285,5.9169993
0.49429,5.9169993
0.494295,5.9169993
0.49429998,5.9169993
0.49430498,5.9169993
0.49431,5.9169993
0.494315,5.9169993
0.49431998,5.9169993
0.49432498,5.9169993
0.49433,5.9169993
0.494335,5.9169993
0.49433997,5.9169993
0.49434498,5.9169993
0.49435,5.9169993
0.494355,5.9169993
0.49436,5.9169993
0.49436498,5.9169993
0.49436998,5.9169993
0.494375,5.9169993
0.49438,5.9169993
0.49438497,5.9169993
0.49438998,5.9169993
0.494395,5.9169993
0.4944,5.9169993
0.494405,5.9169993
0.49440998,5.9169993
0.494415,5.9169993
0.49442,5.9169993
0.494425,5.9169993
0.49442998,5.9169993
0.49443498,5.9169993
0.49444,5.9169993
0.494445,5.9169993
0.49444997,5.9169993
0.49445498,5.9169993
0.49446,5.9169993
0.494465,5.9169993
0.49447,5.9169993
0.49447498,5.9169993
0.49447998,5.9169993
0.494485,5.9169993
0.49449,5.9169993
0.49449497,5.9169993
0.49449998,5.9169993
0.494505,5.9169993
0.49451,5.9169993
0.494515,5.9169993
0.49451998,5.9169993
0.494525,5.9169993
0.49453,5.9169993
0.494535,5.9169993
0.49453998,5.9169993
0.49454498,5.9169993
0.49455,5.9169993
0.494555,5.9169993
0.49455997,5.9169993
0.49456498,5.9169993
0.49457,5.9169993
0.494575,5.9169993
0.49458,5.9169993
0.49458498,5.9169993
0.49458998,5.9169993
0.494595,5.9169993
0.4946,5.9169993
0.49460497,5.9169993
0.49460998,5.9169993
0.494615,5.9169993
0.49462,5.9169993
0.494625,5.9169993
0.49462998,5.9169993
0.494635,5.9169993
0.49464,5.9169993
0.494645,5.9169993
0.49464998,5.9169993
0.49465498,5.9169993
0.49466,5.9169993
0.494665,5.9169993
0.49466997,5.9169993
0.49467498,5.9169993
0.49468,5.9169993
0.494685,5.9169993
0.49469,5.9169993
0.49469498,5.9169993
0.49469998,5.9169993
0.494705,5.9169993
0.49471,5.9169993
0.49471498,5.9169993
0.49471998,5.9169993
0.494725,5.9169993
0.49473,5.9169993
0.49473497,5.9169993
0.49473998,5.9169993
0.494745,5.9169993
0.49475,5.9169993
0.494755,5.9169993
0.49475998,5.9169993
0.49476498,5.9169993
0.49477,5.9169993
0.494775,5.9169993
0.49477997,5.9169993
0.49478498,5.9169993
0.49479,5.9169993
0.494795,5.9169993
0.4948,5.9169993
0.49480498,5.9169993
0.49481,5.9169993
0.494815,5.9169993
0.49482,5.9169993
0.49482498,5.9169993
0.49482998,5.9169993
0.494835,5.9169993
0.49484,5.9169993
0.49484497,5.9169993
0.49484998,5.9169993
0.494855,5.9169993
0.49486,5.9169993
0.494865,5.9169993
0.49486998,5.9169993
0.49487498,5.9169993
0.49488,5.9169993
0.494885,5.9169993
0.49488997,5.9169993
0.49489498,5.9169993
0.4949,5.9169993
0.494905,5.9169993
0.49491,5.9169993
0.49491498,5.9169993
0.49492,5.9169993
0.494925,5.9169993
0.49493,5.9169993
0.49493498,5.9169993
0.49493998,5.9169993
0.494945,5.9169993
0.49495,5.9169993
0.49495497,5.9169993
0.49495998,5.9169993
0.494965,5.9169993
0.49497,5.9169993
0.494975,5.9169993
0.49497998,5.9169993
0.49498498,5.9169993
0.49499,5.9169993
0.494995,5.9169993
0.49499997,5.9169993
0.49500498,5.9169993
0.49501,5.9169993
0.495015,5.9169993
0.49502,5.9169993
0.49502498,5.9169993
0.49503,5.9169993
0.495035,5.9169993
0.49504,5.9169993
0.49504498,5.9169993
0.49504998,5.9169993
0.495055,5.9169993
0.49506,5.9169993
0.49506497,5.9169993
0.49506998,5.9169993
0.495075,5.9169993
0.49508,5.9169993
0.495085,5.9169993
0.49508998,5.9169993
0.49509498,5.9169993
0.4951,5.9169993
0.495105,5.9169993
0.49510998,5.9169993
0.49511498,5.9169993
0.49512,5.9169993
0.495125,5.9169993
0.49512997,5.9169993
0.49513498,5.9169993
0.49514,5.9169993
0.495145,5.9169993
0.49515,5.9169993
0.49515498,5.9169993
0.49515998,5.9169993
0.495165,5.9169993
0.49517,5.9169993
0.49517497,5.9169993
0.49517998,5.9169993
0.495185,5.9169993
0.49519,5.9169993
0.495195,5.9169993
0.49519998,5.9169993
0.495205,5.9169993
0.49521,5.9169993
0.495215,5.9169993
0.49521998,5.9169993
0.49522498,5.9169993
0.49523,5.9169993
0.495235,5.9169993
0.49523997,5.9169993
0.49524498,5.9169993
0.49525,5.9169993
0.495255,5.9169993
0.49526,5.9169993
0.49526498,5.9169993
0.49526998,5.9169993
0.495275,5.9169993
0.49528,5.9169993
0.49528497,5.9169993
0.49528998,5.9169993
0.495295,5.9169993
0.4953,5.9169993
0.495305,5.9169993
0.49530998,5.9169993
0.495315,5.9169993
0.49532,5.9169993
0.495325,5.9169993
0.49532998,5.9169993
0.49533498,5.9169993
0.49534,5.9169993
0.495345,5.9169993
0.49534997,5.9169993
0.49535498,5.9169993
0.49536,5.9169993
0.495365,5.9169993
0.49537,5.9169993
0.49537498,5.9169993
0.49537998,5.9169993
0.495385,5.9169993
0.49539,5.9169993
0.49539497,5.9169993
0.49539998,5.9169993
0.495405,5.9169993
0.49541,5.9169993
0.495415,5.9169993
0.49541998,5.9169993
0.495425,5.9169993
0.49543,5.9169993
0.495435,5.9169993
0.49543998,5.9169993
0.49544498,5.9169993
0.49545,5.9169993
0.495455,5.9169993
0.49545997,5.9169993
0.49546498,5.9169993
0.49547,5.9169993
0.495475,5.9169993
0.49548,5.9169993
0.49548498,5.9169993
0.49548998,5.9169993
0.495495,5.9169993
0.4955,5.9169993
0.49550498,5.9169993
0.49550998,5.9169993
0.495515,5.9169993
0.49552,5.9169993
0.49552497,5.9169993
0.49552998,5.9169993
0.495535,5.9169993
0.49554,5.9169993
0.495545,5.9169993
0.49554998,5.9169993
0.49555498,5.9169993
0.49556,5.9169993
0.495565,5.9169993
0.49556997,5.9169993
0.49557498,5.9169993
0.49558,5.9169993
0.495585,5.9169993
0.49559,5.9169993
0.49559498,5.9169993
0.4956,5.9169993
0.495605,5.9169993
0.49561,5.9169993
0.49561498,5.9169993
0.49561998,5.9169993
0.495625,5.9169993
0.49563,5.9169993
0.49563497,5.9169993
0.49563998,5.9169993
0.495645,5.9169993
0.49565,5.9169993
0.495655,5.9169993
0.49565998,5.9169993
0.49566498,5.9169993
0.49567,5.9169993
0.495675,5.9169993
0.49567997,5.9169993
0.49568498,5.9169993
0.49569,5.9169993
0.495695,5.9169993
0.4957,5.9169993
0.49570498,5.9169993
0.49571,5.9169993
0.495715,5.9169993
0.49572,5.9169993
0.49572498,5.9169993
0.49572998,5.9169993
0.495735,5.9169993
0.49574,5.9169993
0.49574497,5.9169993
0.49574998,5.9169993
0.495755,5.9169993
0.49576,5.9169993
0.495765,5.9169993
0.49576998,5.9169993
0.49577498,5.9169993
0.49578,5.9169993
0.495785,5.9169993
0.49578997,5.9169993
0.49579498,5.9169993
0.4958,5.9169993
0.495805,5.9169993
0.49581,5.9169993
0.49581498,5.9169993
0.49582,5.9169993
0.495825,5.9169993
0.49583,5.9169993
0.49583498,5.9169993
0.49583998,5.9169993
0.495845,5.9169993
0.49585,5.9169993
0.49585497,5.9169993
0.49585998,5.9169993
0.495865,5.9169993
0.49587,5.9169993
0.495875,5.9169993
0.49587998,5.9169993
0.49588498,5.9169993
0.49589,5.9169993
0.495895,5.9169993
0.49589998,5.9169993
0.49590498,5.9169993
0.49591,5.9169993
0.495915,5.9169993
0.49591997,5.9169993
0.49592498,5.9169993
0.49593,5.9169993
0.495935,5.9169993
0.49594,5.9169993
0.49594498,5.9169993
0.49594998,5.9169993
0.495955,5.9169993
0.49596,5.9169993
0.49596497,5.9169993
0.49596998,5.9169993
0.495975,5.9169993
0.49598,5.9169993
0.495985,5.9169993
0.49598998,5.9169993
0.495995,5.9169993
0.496,5.9169993
0.496005,5.9169993
0.49600998,5.9169993
0.49601498,5.9169993
0.49602,5.9169993
0.496025,5.9169993
0.49602997,5.9169993
0.49603498,5.9169993
0.49604,5.9169993
0.496045,5.9169993
0.49605,5.9169993
0.49605498,5.9169993
0.49605998,5.9169993
0.496065,5.9169993
0.49607,5.9169993
0.49607497,5.9169993
0.49607998,5.9169993
0.496085,5.9169993
0.49609,5.9169993
0.496095,5.9169993
0.49609998,5.9169993
0.496105,5.9169993
0.49611,5.9169993
0.496115,5.9169993
0.49611998,5.9169993
0.49612498,5.9169993
0.49613,5.9169993
0.496135,5.9169993
0.49613997,5.9169993
0.49614498,5.9169993
0.49615,5.9169993
0.496155,5.9169993
0.49616,5.9169993
0.49616498,5.9169993
0.49616998,5.9169993
0.496175,5.9169993
0.49618,5.9169993
0.49618497,5.9169993
0.49618998,5.9169993
0.496195,5.9169993
0.4962,5.9169993
0.496205,5.9169993
0.49620998,5.9169993
0.496215,5.9169993
0.49622,5.9169993
0.496225,5.9169993
0.49622998,5.9169993
0.49623498,5.9169993
0.49624,5.9169993
0.496245,5.9169993
0.49624997,5.9169993
0.49625498,5.9169993
0.49626,5.9169993
0.496265,5.9169993
0.49627,5.9169993
0.49627498,5.9169993
0.49627998,5.9169993
0.496285,5.9169993
0.49629,5.9169993
0.49629498,5.9169993
0.49629998,5.9169993
0.496305,5.9169993
0.49631,5.9169993
0.49631497,5.9169993
0.49631998,5.9169993
0.496325,5.9169993
0.49633,5.9169993
0.496335,5.9169993
0.49633998,5.9169993
0.49634498,5.9169993
0.49635,5.9169993
0.496355,5.9169993
0.49635997,5.9169993
0.49636498,5.9169993
0.49637,5.9169993
0.496375,5.9169993
0.49638,5.9169993
0.49638498,5.9169993
0.49638999,5.9169993
0.496395,5.9169993
0.4964,5.9169993
0.49640498,5.9169993
0.49640998,5.9169993
0.496415,5.9169993
0.49642,5.9169993
0.49642497,5.9169993
0.49642998,5.9169993
0.496435,5.9169993
0.49644,5.9169993
0.496445,5.9169993
0.49644998,5.9169993
0.49645498,5.9169993
0.49646,5.9169993
0.496465,5.9169993
0.49646997,5.9169993
0.49647498,5.9169993
0.49648,5.9169993
0.496485,5.9169993
0.49649,5.9169993
0.49649498,5.9169993
0.4965,5.9169993
0.496505,5.9169993
0.49651,5.9169993
0.49651498,5.9169993
0.49651998,5.9169993
0.496525,5.9169993
0.49653,5.9169993
0.49653497,5.9169993
0.49653998,5.9169993
0.496545,5.9169993
0.49655,5.9169993
0.496555,5.9169993
0.49655998,5.9169993
0.49656498,5.9169993
0.49657,5.9169993
0.496575,5.9169993
0.49657997,5.9169993
0.49658498,5.9169993
0.49659,5.9169993
0.496595,5.9169993
0.4966,5.9169993
0.49660498,5.9169993
0.49661,5.9169993
0.496615,5.9169993
0.49662,5.9169993
0.49662498,5.9169993
0.49662998,5.9169993
0.496635,5.9169993
0.49664,5.9169993
0.49664497,5.9169993
0.49664998,5.9169993
0.496655,5.9169993
0.49666,5.9169993
0.496665,5.9169993
0.49666998,5.9169993
0.49667498,5.9169993
0.49668,5.9169993
0.496685,5.9169993
0.49668998,5.9169993
0.49669498,5.9169993
0.4967,5.9169993
0.496705,5.9169993
0.49670997,5.9169993
0.49671498,5.9169993
0.49672,5.9169993
0.496725,5.9169993
0.49673,5.9169993
0.49673498,5.9169993
0.49673998,5.9169993
0.496745,5.9169993
0.49675,5.9169993
0.49675497,5.9169993
0.49675998,5.9169993
0.496765,5.9169993
0.49677,5.9169993
0.496775,5.9169993
0.49677998,5.9169993
0.49678499,5.9169993
0.49679,5.9169993
0.496795,5.9169993
0.49679998,5.9169993
0.49680498,5.9169993
0.49681,5.9169993
0.496815,5.9169993
0.49681997,5.9169993
0.49682498,5.9169993
0.49683,5.9169993
0.496835,5.9169993
0.49684,5.9169993
0.49684498,5.9169993
0.49684998,5.9169993
0.496855,5.9169993
0.49686,5.9169993
0.49686497,5.9169993
0.49686998,5.9169993
0.496875,5.9169993
0.49688,5.9169993
0.496885,5.9169993
0.49688998,5.9169993
0.496895,5.9169993
0.4969,5.9169993
0.496905,5.9169993
0.49690998,5.9169993
0.49691498,5.9169993
0.49692,5.9169993
0.496925,5.9169993
0.49692997,5.9169993
0.49693498,5.9169993
0.49694,5.9169993
0.496945,5.9169993
0.49695,5.9169993
0.49695498,5.9169993
0.49695998,5.9169993
0.496965,5.9169993
0.49697,5.9169993
0.49697497,5.9169993
0.49697998,5.9169993
0.496985,5.9169993
0.49699,5.9169993
0.496995,5.9169993
0.49699998,5.9169993
0.497005,5.9169993
0.49701,5.9169993
0.497015,5.9169993
0.49701998,5.9169993
0.49702498,5.9169993
0.49703,5.9169993
0.497035,5.9169993
0.49703997,5.9169993
0.49704498,5.9169993
0.49705,5.9169993
0.497055,5.9169993
0.49706,5.9169993
0.49706498,5.9169993
0.49706998,5.9169993
0.497075,5.9169993
0.49708,5.9169993
0.49708498,5.9169993
0.49708998,5.9169993
0.497095,5.9169993
0.4971,5.9169993
0.49710497,5.9169993
0.49710998,5.9169993
0.497115,5.9169993
0.49712,5.9169993
0.497125,5.9169993
0.49712998,5.9169993
0.49713498,5.9169993
0.49714,5.9169993
0.497145,5.9169993
0.49714997,5.9169993
0.49715498,5.9169993
0.49716,5.9169993
0.497165,5.9169993
0.49717,5.9169993
0.49717498,5.9169993
0.49717999,5.9169993
0.497185,5.9169993
0.49719,5.9169993
0.49719498,5.9169993
0.49719998,5.9169993
0.497205,5.9169993
0.49721,5.9169993
0.49721497,5.9169993
0.49721998,5.9169993
0.497225,5.9169993
0.49723,5.9169993
0.497235,5.9169993
0.49723998,5.9169993
0.49724498,5.9169993
0.49725,5.9169993
0.497255,5.9169993
0.49725997,5.9169993
0.49726498,5.9169993
0.49727,5.9169993
0.497275,5.9169993
0.49728,5.9169993
0.49728498,5.9169993
0.49729,5.9169993
0.497295,5.9169993
0.4973,5.9169993
0.49730498,5.9169993
0.49730998,5.9169993
0.497315,5.9169993
0.49732,5.9169993
0.49732497,5.9169993
0.49732998,5.9169993
0.497335,5.9169993
0.49734,5.9169993
0.497345,5.9169993
0.49734998,5.9169993
0.49735498,5.9169993
0.49736,5.9169993
0.497365,5.9169993
0.49736997,5.9169993
0.49737498,5.9169993
0.49738,5.9169993
0.497385,5.9169993
0.49739,5.9169993
0.49739498,5.9169993
0.4974,5.9169993
0.497405,5.9169993
0.49741,5.9169993
0.49741498,5.9169993
0.49741998,5.9169993
0.497425,5.9169993
0.49743,5.9169993
0.49743497,5.9169993
0.49743998,5.9169993
0.497445,5.9169993
0.49745,5.9169993
0.497455,5.9169993
0.49745998,5.9169993
0.49746498,5.9169993
0.49747,5.9169993
0.497475,5.9169993
0.49747998,5.9169993
0.49748498,5.9169993
0.49749,5.9169993
0.497495,5.9169993
0.49749997,5.9169993
0.49750498,5.9169993
0.49751,5.9169993
0.497515,5.9169993
0.49752,5.9169993
0.49752498,5.9169993
0.49752998,5.9169993
0.497535,5.9169993
0.49754,5.9169993
0.49754497,5.9169993
0.49754998,5.9169993
0.497555,5.9169993
0.49756,5.9169993
0.497565,5.9169993
0.49756998,5.9169993
0.49757499,5.9169993
0.49758,5.9169993
0.497585,5.9169993
0.49758998,5.9169993
0.49759498,5.9169993
0.4976,5.9169993
0.497605,5.9169993
0.49760997,5.9169993
0.49761498,5.9169993
0.49762,5.9169993
0.497625,5.9169993
0.49763,5.9169993
0.49763498,5.9169993
0.49763998,5.9169993
0.497645,5.9169993
0.49765,5.9169993
0.49765497,5.9169993
0.49765998,5.9169993
0.497665,5.9169993
0.49767,5.9169993
0.497675,5.9169993
0.49767998,5.9169993
0.497685,5.9169993
0.49769,5.9169993
0.497695,5.9169993
0.49769998,5.9169993
0.49770498,5.9169993
0.49771,5.9169993
0.497715,5.9169993
0.49771997,5.9169993
0.49772498,5.9169993
0.49773,5.9169993
0.497735,5.9169993
0.49774,5.9169993
0.49774498,5.9169993
0.49774998,5.9169993
0.497755,5.9169993
0.49776,5.9169993
0.49776497,5.9169993
0.49776998,5.9169993
0.497775,5.9169993
0.49778,5.9169993
0.497785,5.9169993
0.49778998,5.9169993
0.497795,5.9169993
0.4978,5.9169993
0.497805,5.9169993
0.49780998,5.9169993
0.49781498,5.9169993
0.49782,5.9169993
0.497825,5.9169993
0.49782997,5.9169993
0.49783498,5.9169993
0.49784,5.9169993
0.497845,5.9169993
0.49785,5.9169993
0.49785498,5.9169993
0.49785998,5.9169993
0.497865,5.9169993
0.49787,5.9169993
0.49787498,5.9169993
0.49787998,5.9169993
0.497885,5.9169993
0.49789,5.9169993
0.49789497,5.9169993
0.49789998,5.9169993
0.497905,5.9169993
0.49791,5.9169993
0.497915,5.9169993
0.49791998,5.9169993
0.49792498,5.9169993
0.49793,5.9169993
0.497935,5.9169993
0.49793997,5.9169993
0.49794498,5.9169993
0.49795,5.9169993
0.497955,5.9169993
0.49796,5.9169993
0.49796498,5.9169993
0.49796999,5.9169993
0.497975,5.9169993
0.49798,5.9169993
0.49798498,5.9169993
0.49798998,5.9169993
0.497995,5.9169993
0.498,5.9169993
0.49800497,5.9169993
0.49800998,5.9169993
0.498015,5.9169993
0.49802,5.9169993
0.498025,5.9169993
0.49802998,5.9169993
0.49803498,5.9169993
0.49804,5.9169993
0.498045,5.9169993
0.49804997,5.9169993
0.49805498,5.9169993
0.49806,5.9169993
0.498065,5.9169993
0.49807,5.9169993
0.49807498,5.9169993
0.49808,5.9169993
0.498085,5.9169993
0.49809,5.9169993
0.49809498,5.9169993
0.49809998,5.9169993
0.498105,5.9169993
0.49811,5.9169993
0.49811497,5.9169993
0.49811998,5.9169993
0.498125,5.9169993
0.49813,5.9169993
0.498135,5.9169993
0.49813998,5.9169993
0.49814498,5.9169993
0.49815,5.9169993
0.498155,5.9169993
0.49815997,5.9169993
0.49816498,5.9169993
0.49817,5.9169993
0.498175,5.9169993
0.49818,5.9169993
0.49818498,5.9169993
0.49819,5.9169993
0.498195,5.9169993
0.4982,5.9169993
0.49820498,5.9169993
0.49820998,5.9169993
0.498215,5.9169993
0.49822,5.9169993
0.49822497,5.9169993
0.49822998,5.9169993
0.498235,5.9169993
0.49824,5.9169993
0.498245,5.9169993
0.49824998,5.9169993
0.49825498,5.9169993
0.49826,5.9169993
0.498265,5.9169993
0.49826998,5.9169993
0.49827498,5.9169993
0.49828,5.9169993
0.498285,5.9169993
0.49828997,5.9169993
0.49829498,5.9169993
0.4983,5.9169993
0.498305,5.9169993
0.49831,5.9169993
0.49831498,5.9169993
0.49831998,5.9169993
0.498325,5.9169993
0.49833,5.9169993
0.49833497,5.9169993
0.49833998,5.9169993
0.498345,5.9169993
0.49835,5.9169993
0.498355,5.9169993
0.49835998,5.9169993
0.49836498,5.9169993
0.49837,5.9169993
0.498375,5.9169993
0.49837998,5.9169993
0.49838498,5.9169993
0.49839,5.9169993
0.498395,5.9169993
0.49839997,5.9169993
0.49840498,5.9169993
0.49841,5.9169993
0.498415,5.9169993
0.49842,5.9169993
0.49842498,5.9169993
0.49842998,5.9169993
0.498435,5.9169993
0.49844,5.9169993
0.49844497,5.9169993
0.49844998,5.9169993
0.498455,5.9169993
0.49846,5.9169993
0.498465,5.9169993
0.49846998,5.9169993
0.498475,5.9169993
0.49848,5.9169993
0.498485,5.9169993
0.49848998,5.9169993
0.49849498,5.9169993
0.4985,5.9169993
0.498505,5.9169993
0.49850997,5.9169993
0.49851498,5.9169993
0.49852,5.9169993
0.498525,5.9169993
0.49853,5.9169993
0.49853498,5.9169993
0.49853998,5.9169993
0.498545,5.9169993
0.49855,5.9169993
0.49855497,5.9169993
0.49855998,5.9169993
0.498565,5.9169993
0.49857,5.9169993
0.498575,5.9169993
0.49857998,5.9169993
0.498585,5.9169993
0.49859,5.9169993
0.498595,5.9169993
0.49859998,5.9169993
0.49860498,5.9169993
0.49861,5.9169993
0.498615,5.9169993
0.49861997,5.9169993
0.49862498,5.9169993
0.49863,5.9169993
0.498635,5.9169993
0.49864,5.9169993
0.49864498,5.9169993
0.49864998,5.9169993
0.498655,5.9169993
0.49866,5.9169993
0.49866498,5.9169993
0.49866998,5.9169993
0.498675,5.9169993
0.49868,5.9169993
0.49868497,5.9169993
0.49868998,5.9169993
0.498695,5.9169993
0.4987,5.9169993
0.498705,5.9169993
0.49870998,5.9169993
0.49871498,5.9169993
0.49872,5.9169993
0.498725,5.9169993
0.49872997,5.9169993
0.49873498,5.9169993
0.49874,5.9169993
0.498745,5.9169993
0.49875,5.9169993
0.49875498,5.9169993
0.49875998,5.9169993
0.498765,5.9169993
0.49877,5.9169993
0.49877498,5.9169993
0.49877998,5.9169993
0.498785,5.9169993
0.49879,5.9169993
0.49879497,5.9169993
0.49879998,5.9169993
0.498805,5.9169993
0.49881,5.9169993
0.498815,5.9169993
0.49881998,5.9169993
0.49882498,5.9169993
0.49883,5.9169993
0.498835,5.9169993
0.49883997,5.9169993
0.49884498,5.9169993
0.49885,5.9169993
0.498855,5.9169993
0.49886,5.9169993
0.49886498,5.9169993
0.49887,5.9169993
0.498875,5.9169993
0.49888,5.9169993
0.49888498,5.9169993
0.49888998,5.9169993
0.498895,5.9169993
0.4989,5.9169993
0.49890497,5.9169993
0.49890998,5.9169993
0.498915,5.9169993
0.49892,5.9169993
0.498925,5.9169993
0.49892998,5.9169993
0.49893498,5.9169993
0.49894,5.9169993
0.498945,5.9169993
0.49894997,5.9169993
0.49895498,5.9169993
0.49896,5.9169993
0.498965,5.9169993
0.49897,5.9169993
0.49897498,5.9169993
0.49898,5.9169993
0.498985,5.9169993
0.49899,5.9169993
0.49899498,5.9169993
0.49899998,5.9169993
0.499005,5.9169993
0.49901,5.9169993
0.49901497,5.9169993
0.49901998,5.9169993
0.499025,5.9169993
0.49903,5.9169993
0.499035,5.9169993
0.49903998,5.9169993
0.49904498,5.9169993
0.49905,5.9169993
0.499055,5.9169993
0.49905998,5.9169993
0.49906498,5.9169993
0.49907,5.9169993
0.499075,5.9169993
0.49907997,5.9169993
0.49908498,5.9169993
0.49909,5.9169993
0.499095,5.9169993
0.4991,5.9169993
0.49910498,5.9169993
0.49910998,5.9169993
0.499115,5.9169993
0.49912,5.9169993
0.49912497,5.9169993
0.49912998,5.9169993
0.499135,5.9169993
0.49914,5.9169993
0.499145,5.9169993
0.49914998,5.9169993
0.49915498,5.9169993
0.49916,5.9169993
0.499165,5.9169993
0.49916998,5.9169993
0.49917498,5.9169993
0.49918,5.9169993
0.499185,5.9169993
0.49918997,5.9169993
0.49919498,5.9169993
0.4992,5.9169993
0.499205,5.9169993
0.49921,5.9169993
0.49921498,5.9169993
0.49921998,5.9169993
0.499225,5.9169993
0.49923,5.9169993
0.49923497,5.9169993
0.49923998,5.9169993
0.499245,5.9169993
0.49925,5.9169993
0.499255,5.9169993
0.49925998,5.9169993
0.499265,5.9169993
0.49927,5.9169993
0.499275,5.9169993
0.49927998,5.9169993
0.49928498,5.9169993
0.49929,5.9169993
0.499295,5.9169993
0.49929997,5.9169993
0.49930498,5.9169993
0.49931,5.9169993
0.499315,5.9169993
0.49932,5.9169993
0.49932498,5.9169993
0.49932998,5.9169993
0.499335,5.9169993
0.49934,5.9169993
0.49934497,5.9169993
0.49934998,5.9169993
0.499355,5.9169993
0.49936,5.9169993
0.499365,5.9169993
0.49936998,5.9169993
0.499375,5.9169993
0.49938,5.9169993
0.499385,5.9169993
0.49938998,5.9169993
0.49939498,5.9169993
0.4994,5.9169993
0.499405,5.9169993
0.49940997,5.9169993
0.49941498,5.9169993
0.49942,5.9169993
0.499425,5.9169993
0.49943,5.9169993
0.49943498,5.9169993
0.49943998,5.9169993
0.499445,5.9169993
0.49945,5.9169993
0.49945498,5.9169993
0.49945998,5.9169993
0.499465,5.9169993
0.49947,5.9169993
0.49947497,5.9169993
0.49947998,5.9169993
0.499485,5.9169993
0.49949,5.9169993
0.499495,5.9169993
0.49949998,5.9169993
0.49950498,5.9169993
0.49951,5.9169993
0.499515,5.9169993
0.49951997,5.9169993
0.49952498,5.9169993
0.49953,5.9169993
0.499535,5.9169993
0.49954,5.9169993
0.49954498,5.9169993
0.49954998,5.9169993
0.499555,5.9169993
0.49956,5.9169993
0.49956498,5.9169993
0.49956998,5.9169993
0.499575,5.9169993
0.49958,5.9169993
0.49958497,5.9169993
0.49958998,5.9169993
0.499595,5.9169993
0.4996,5.9169993
0.499605,5.9169993
0.49960998,5.9169993
0.49961498,5.9169993
0.49962,5.9169993
0.499625,5.9169993
0.49962997,5.9169993
0.49963498,5.9169993
0.49964,5.9169993
0.499645,5.9169993
0.49965,5.9169993
0.49965498,5.9169993
0.49966,5.9169993
0.499665,5.9169993
0.49967,5.9169993
0.49967498,5.9169993
0.49967998,5.9169993
0.499685,5.9169993
0.49969,5.9169993
0.49969497,5.9169993
0.49969998,5.9169993
0.499705,5.9169993
0.49971,5.9169993
0.499715,5.9169993
0.49971998,5.9169993
0.49972498,5.9169993
0.49973,5.9169993
0.499735,5.9169993
0.49973997,5.9169993
0.49974498,5.9169993
0.49975,5.9169993
0.499755,5.9169993
0.49976,5.9169993
0.49976498,5.9169993
0.49977,5.9169993
0.499775,5.9169993
0.49978,5.9169993
0.49978498,5.9169993
0.49978998,5.9169993
0.499795,5.9169993
0.4998,5.9169993
0.49980497,5.9169993
0.49980998,5.9169993
0.499815,5.9169993
0.49982,5.9169993
0.499825,5.9169993
0.49982998,5.9169993
0.49983498,5.9169993
0.49984,5.9169993
0.499845,5.9169993
0.49984998,5.9169993
0.49985498,5.9169993
0.49986,5.9169993
0.499865,5.9169993
0.49987,5.9169993
0.49987498,5.9169993
0.49988,5.9169993
0.499885,5.9169993
0.49989,5.9169993
0.49989498,5.9169993
0.49989998,5.9169993
0.499905,5.9169993
0.49991,5.9169993
0.49991497,5.9169993
0.49991998,5.9169993
0.499925,5.9169993
0.49993,5.9169993
0.499935,5.9169993
0.49993998,5.9169993
0.49994498,5.9169993
0.49995,5.9169993
0.499955,5.9169993
0.49995998,5.9169993
0.49996498,5.9169993
0.49997,5.9169993
0.499975,5.9169993
0.49997997,5.9169993
0.49998498,5.9169993
0.49999,5.9169993
0.499995,5.9169993
